Gulf of Mexico/GOMECC-4/1db/rb2103_1061.cnv
* Sea-Bird SBE 9 Data File:
* FileName = C:\Users\scs.user.rb\CTD\GOMECC4\data\rb2103_1061.hex
* Software Version Seasave V 7.26.7.107
* Temperature SN = 4799
* Conductivity SN = 3860
* Number of Bytes Per Scan = 41
* Number of Voltage Words = 4
* Number of Scans Averaged by the Deck Unit = 1
* NMEA Latitude = 26 00.02 N
* NMEA Longitude = 088 00.00 W
* NMEA UTC (Time) = Oct 13 2021  21:11:53
* NMEA baud rate = 4800
# nquan = 28
# nvalues = 1423                        
# units = specified
# name 0 = scan: Scan Count
# name 1 = timeS: Time, Elapsed [seconds]
# name 2 = depSM: Depth [salt water, m]
# name 3 = prDM: Pressure, Digiquartz [db]
# name 4 = t090C: Temperature [ITS-90, deg C]
# name 5 = t190C: Temperature, 2 [ITS-90, deg C]
# name 6 = c0S/m: Conductivity [S/m]
# name 7 = c1S/m: Conductivity, 2 [S/m]
# name 8 = sbeox0V: Oxygen raw, SBE 43 [V]
# name 9 = sbeox1V: Oxygen raw, SBE 43, 2 [V]
# name 10 = altM: Altimeter [m]
# name 11 = latitude: Latitude [deg]
# name 12 = longitude: Longitude [deg]
# name 13 = sbox0dV/dT: Oxygen, SBE 43 [dov/dt]
# name 14 = sbox1dV/dT: Oxygen, SBE 43, 2 [dov/dt]
# name 15 = sbeox0ML/L: Oxygen, SBE 43 [ml/l], WS = 5
# name 16 = sbeox1ML/L: Oxygen, SBE 43, 2 [ml/l], WS = 5
# name 17 = potemp090C: Potential Temperature [ITS-90, deg C]
# name 18 = potemp190C: Potential Temperature, 2 [ITS-90, deg C]
# name 19 = sal00: Salinity, Practical [PSU]
# name 20 = sal11: Salinity, Practical, 2 [PSU]
# name 21 = sigma-é00: Density [sigma-theta, kg/m^3]
# name 22 = sigma-é11: Density, 2 [sigma-theta, kg/m^3]
# name 23 = avgsvCM: Average Sound Velocity [Chen-Millero, m/s], minP = 20, minS = 20
# name 24 = sbox0Mm/Kg: Oxygen, SBE 43 [umol/kg], WS = 5
# name 25 = sbox1Mm/Kg: Oxygen, SBE 43, 2 [umol/kg], WS = 5
# name 26 = nbin: number of scans per bin
# name 27 = flag: flag
# span 0 =      10771,     247079       
# span 1 =    448.739,  10294.928       
# span 2 =      0.993,   3015.255       
# span 3 =      1.000,   3057.000       
# span 4 =     4.2991,    30.2009       
# span 5 =     4.3000,    30.2009       
# span 6 =   3.354731,   6.102674       
# span 7 =   3.354687,   6.102775       
# span 8 =     1.5775,     3.2291       
# span 9 =     1.2752,     2.7314       
# span 10 =      10.62,     106.20      
# span 11 =   25.60159,   26.51751      
# span 12 =  -89.74020,  -86.64218      
# span 13 =   -0.01005,    0.00988      
# span 14 =   -0.00961,    0.00973      
# span 15 =     2.4762,     4.7134      
# span 16 =     2.4841,     4.7114      
# span 17 =     4.0794,    30.2004      
# span 18 =     4.0804,    30.2004      
# span 19 =    34.9033,    37.0130      
# span 20 =    34.9020,    37.0136      
# span 21 =    22.4729,    27.7598      
# span 22 =    22.4747,    27.7586      
# span 23 =       0.00,    1559.53      
# span 24 =    107.667,    204.817      
# span 25 =    108.008,    204.729      
# span 26 =         30,         74      
# span 27 = 0.0000e+00, 0.0000e+00      
# interval = decibars: 1                
# start_time = Oct 13 2021 21:11:53 [NMEA time, header]
# bad_flag = -9.990e-29
*END*
[from data line 1140]
     195117   8129.847    539.753    544.000    12.5691    12.5847   4.138947   4.140871     1.7176     1.4029     100.00   26.00208  -88.00341    0.00059    0.00000     2.6662     2.6705    12.4945    12.5101    35.5779    35.5817    26.9418    26.9417    1506.31    115.949    116.135         30 0.0000e+00
     195242   8135.027    534.799    539.000    12.7017    12.7239   4.154010   4.156292     1.7160     1.4015     100.00   26.00105  -87.99995   -0.00044   -0.00047     2.6517     2.6561    12.6273    12.6494    35.5996    35.6005    26.9323    26.9286    1506.26    115.318    115.513         30 0.0000e+00
     196155   8173.072    501.105    505.000    13.6022    13.6257   4.256241   4.258923     1.8161     1.4946     100.00   26.00156  -88.00159    0.00097    0.00045     2.8438     2.8539    13.5293    13.5527    35.7414    35.7452    26.8590    26.8571    1506.28    123.683    124.121         38 0.0000e+00
     196208   8175.276    500.114    504.000    13.5874    13.6004   4.254300   4.255868     1.8165     1.4951      92.24   26.00132  -88.00078    0.00004    0.00007     2.8456     2.8568    13.5148    13.5277    35.7376    35.7404    26.8591    26.8586    1506.27    123.762    124.246         60 0.0000e+00
     196292   8178.796    499.123    503.000    13.5728    13.5774   4.252721   4.252859     1.8163     1.4958      98.76   26.00133  -88.00078    0.00005    0.00029     2.8457     2.8598    13.5003    13.5049    35.7368    35.7338    26.8615    26.8582    1506.27    123.766    124.378         37 0.0000e+00
     196392   8182.974    498.131    502.000    13.6062    13.6199   4.256531   4.258172     1.8167     1.4960      94.62   26.00134  -88.00078   -0.00016   -0.00002     2.8443     2.8572    13.5338    13.5475    35.7419    35.7446    26.8585    26.8577    1506.27    123.703    124.266         51 0.0000e+00
     196493   8187.166    497.140    501.000    13.6443    13.6705   4.260680   4.263931     1.8172     1.4951      99.93   26.00134  -88.00078    0.00022    0.00007     2.8426     2.8510    13.5719    13.5980    35.7459    35.7520    26.8537    26.8530    1506.27    123.633    123.998         44 0.0000e+00
     197711   8237.934    496.149    500.000    13.7924    13.7926   4.278015   4.278212     1.8164     1.4939     100.00   26.00136  -88.00080    0.00014   -0.00022     2.8303     2.8391    13.7196    13.7199    35.7697    35.7702    26.8412    26.8416    1506.27    123.097    123.482         36 0.0000e+00
     198014   8250.529    495.158    499.000    13.8194    13.8148   4.281111   4.280794     1.8160     1.4932      96.91   26.00136  -88.00080   -0.00005   -0.00061     2.8272     2.8356    13.7466    13.7421    35.7760    35.7754    26.8405    26.8409    1506.27    122.962    123.329         33 0.0000e+00
     198113   8254.673    494.167    498.000    13.8234    13.8203   4.281631   4.281146     1.8157     1.4933      99.77   26.00136  -88.00080   -0.00011   -0.00004     2.8256     2.8353    13.7508    13.7478    35.7770    35.7752    26.8404    26.8396    1506.27    122.891    123.313         33 0.0000e+00
     198155   8256.432    493.176    497.000    13.8449    13.8411   4.283972   4.283560     1.8163     1.4942      81.72   26.00136  -88.00080    0.00010    0.00017     2.8254     2.8361    13.7724    13.7686    35.7793    35.7789    26.8377    26.8381    1506.27    122.886    123.351         38 0.0000e+00
     198203   8258.422    492.185    496.000    13.8708    13.8697   4.286993   4.287047     1.8159     1.4938     102.08   26.00136  -88.00080    0.00022    0.00033     2.8223     2.8327    13.7984    13.7973    35.7839    35.7854    26.8357    26.8371    1506.27    122.751    123.201         46 0.0000e+00
     198318   8263.190    488.220    492.000    14.0337    14.0504   4.306009   4.307856     1.8122     1.4898      99.95   26.00183  -88.00238   -0.00092   -0.00079     2.8005     2.8086    13.9612    13.9779    35.8120    35.8137    26.8232    26.8209    1506.30    121.805    122.156         31 0.0000e+00
     198821   8284.168    469.388    473.000    14.5063    14.5156   4.360553   4.361295     1.8795     1.5528     100.00   26.00184  -88.00238    0.00276    0.00228     2.9336     2.9471    14.4352    14.4444    35.8880    35.8863    26.7805    26.7772    1506.30    127.597    128.187         32 0.0000e+00
     198939   8289.090    464.431    468.000    14.6796    14.6922   4.380616   4.381810     1.8947     1.5653      84.97   26.00016  -87.99669    0.00328    0.00230     2.9585     2.9681    14.6086    14.6212    35.9143    35.9137    26.7631    26.7599    1506.20    128.681    129.099         30 0.0000e+00
     199062   8294.222    460.467    464.000    14.7838    14.7890   4.393010   4.393479     1.9025     1.5725     100.00   26.00255  -88.00472    0.00198    0.00172     2.9693     2.9799    14.7131    14.7183    35.9346    35.9342    26.7562    26.7547    1506.34    129.155    129.615         30 0.0000e+00
     199367   8306.932    448.571    452.000    15.1537    15.1729   4.436248   4.438323     1.9297     1.5973      54.10   26.00112  -87.99987    0.00159    0.00141     3.0074     3.0179    15.0837    15.1028    35.9940    35.9952    26.7201    26.7168    1506.25    130.816    131.271         30 0.0000e+00
     199500   8312.471    443.614    447.000    15.3242    15.3440   4.456311   4.458494     1.9417     1.6079      76.24   26.00098  -87.99941    0.00217    0.00185     3.0236     3.0336    15.2545    15.2742    36.0219    36.0236    26.7035    26.7004    1506.25    131.521    131.955         30 0.0000e+00
     200375   8348.911    410.896    414.000    16.3232    16.3394   4.574719   4.576623     2.0282     1.6863     100.00   26.00188  -88.00232    0.00330    0.00296     3.1525     3.1636    16.2558    16.2719    36.1876    36.1898    26.6023    26.6002    1506.30    137.143    137.627         30 0.0000e+00
     200628   8359.443    401.973    405.000    16.4768    16.4907   4.593254   4.594383     2.0449     1.7009     100.00   26.00272  -88.00520    0.00157    0.00136     3.1781     3.1884    16.4105    16.4243    36.2166    36.2168    26.5885    26.5854    1506.34    138.259    138.708         36 0.0000e+00
     200665   8361.006    400.981    404.000    16.4623    16.4851   4.591108   4.593769     2.0465     1.7028     100.00   26.00144  -88.00086    0.00140    0.00143     3.1826     3.1933    16.3962    16.4189    36.2111    36.2137    26.5875    26.5842    1506.27    138.452    138.921         47 0.0000e+00
     200741   8364.149    399.990    403.000    16.4521    16.4605   4.589767   4.590714     2.0465     1.7043      94.25   26.00144  -88.00086    0.00010    0.00065     3.1829     3.1985    16.3861    16.3945    36.2084    36.2092    26.5878    26.5864    1506.27    138.466    139.147         43 0.0000e+00
     200830   8367.867    398.998    402.000    16.4480    16.4479   4.589385   4.589003     2.0458     1.7020     100.84   26.00144  -88.00086   -0.00033   -0.00077     3.1811     3.1929    16.3822    16.3821    36.2091    36.2058    26.5893    26.5867    1506.27    138.387    138.903         38 0.0000e+00
     200934   8372.223    398.007    401.000    16.5471    16.5071   4.601245   4.596509     2.0508     1.7089     100.00   26.00146  -88.00086    0.00105    0.00180     3.1857     3.2066    16.4812    16.4413    36.2247    36.2191    26.5780    26.5830    1506.27    138.588    139.497         61 0.0000e+00
     202704   8445.977    396.023    399.000    16.7201    16.7088   4.621622   4.620491     2.0749     1.7289      99.98   25.99755  -87.98739   -0.00015    0.00034     3.2303     3.2445    16.6541    16.6428    36.2481    36.2475    26.5547    26.5570    1506.04    140.533    141.150         54 0.0000e+00
     202810   8450.375    395.032    398.000    16.7320    16.7293   4.623481   4.623148     2.0754     1.7302     100.00   26.00154  -88.00088    0.00006    0.00035     3.2302     3.2459    16.6661    16.6634    36.2550    36.2545    26.5576    26.5579    1506.27    140.527    141.212         57 0.0000e+00
     202868   8452.798    394.040    397.000    16.7460    16.7599   4.625193   4.626526     2.0764     1.7311     100.00   26.00156  -88.00090    0.00026    0.00012     3.2310     3.2458    16.6802    16.6941    36.2563    36.2570    26.5553    26.5525    1506.27    140.566    141.207         52 0.0000e+00
     202911   8454.584    393.049    396.000    16.7805    16.7874   4.628853   4.629986     2.0784     1.7326      93.49   26.00156  -88.00090    0.00072    0.00074     3.2336     3.2474    16.7148    16.7217    36.2619    36.2630    26.5514    26.5506    1506.27    140.677    141.278         37 0.0000e+00
     202945   8455.990    392.057    395.000    16.8148    16.8160   4.633142   4.633388     2.0810     1.7353      94.35   26.00156  -88.00090    0.00122    0.00111     3.2364     3.2521    16.7492    16.7504    36.2665    36.2675    26.5467    26.5472    1506.27    140.801    141.484         32 0.0000e+00
     202983   8457.581    391.066    394.000    16.8442    16.8516   4.636681   4.637530     2.0843     1.7367      99.85   26.00156  -88.00090    0.00184    0.00141     3.2419     3.2528    16.7786    16.7861    36.2714    36.2722    26.5435    26.5423    1506.27    141.038    141.516         45 0.0000e+00
     203109   8462.849    386.107    389.000    16.9770    16.9779   4.652448   4.652586     2.0941     1.7437      99.99   25.99982  -87.99500    0.00203    0.00183     3.2535     3.2604    16.9120    16.9129    36.2912    36.2916    26.5267    26.5268    1506.17    141.545    141.846         31 0.0000e+00
     203227   8467.732    382.141    385.000    17.0742    17.0894   4.664331   4.665961     2.0924     1.7427      98.50   26.00157  -88.00093   -0.00034   -0.00033     3.2408     3.2486    17.0096    17.0247    36.3100    36.3106    26.5180    26.5147    1506.27    140.995    141.336         32 0.0000e+00
     203364   8473.449    377.182    380.000    17.3151    17.3299   4.693362   4.695148     2.1010     1.7497      95.05   26.00270  -88.00470    0.00253    0.00155     3.2420     3.2485    17.2508    17.2655    36.3491    36.3514    26.4899    26.4881    1506.34    141.050    141.332         33 0.0000e+00
     203486   8478.539    372.224    375.000    17.4797    17.4982   4.713074   4.715200     2.1191     1.7696      88.07   26.00208  -88.00262    0.00414    0.00393     3.2707     3.2861    17.4158    17.4342    36.3744    36.3762    26.4691    26.4661    1506.30    142.301    142.975         31 0.0000e+00
     203617   8484.004    367.265    370.000    17.5974    17.6102   4.727057   4.728806     2.1358     1.7833      95.72   26.00198  -88.00226    0.00353    0.00308     3.2992     3.3114    17.5340    17.5468    36.3919    36.3956    26.4537    26.4534    1506.29    143.544    144.078         31 0.0000e+00
     203729   8488.654    363.299    366.000    17.7089    17.7174   4.740896   4.741735     2.1572     1.8046     100.01   26.00358  -88.00770    0.00459    0.00496     3.3391     3.3565    17.6459    17.6544    36.4141    36.4137    26.4434    26.4410    1506.39    145.284    146.041         31 0.0000e+00
     203745   8489.318    362.307    365.000    17.6849    17.6948   4.737902   4.738994     2.1614     1.8084      79.19   26.00158  -88.00092    0.00567    0.00502     3.3508     3.3677    17.6244    17.6331    36.4072    36.4082    26.4432    26.4417    1506.27    145.790    146.525         31 0.0000e+00
     203868   8494.441    357.348    360.000    17.7848    17.7967   4.749692   4.750851     2.1755     1.8193      93.94   26.00110  -87.99923    0.00289    0.00243     3.3738     3.3860    17.7226    17.7345    36.4233    36.4227    26.4314    26.4279    1506.24    146.795    147.327         30 0.0000e+00
     204000   8499.950    352.389    355.000    17.9763    17.9954   4.772843   4.774820     2.1916     1.8353     100.00   26.00151  -88.00062    0.00386    0.00360     3.3948     3.4114    17.9142    17.9336    36.4539    36.4535    26.4074    26.4023    1506.26    147.711    148.432         30 0.0000e+00
     204344   8514.312    339.495    342.000    18.2065    18.2153   4.800263   4.801167     2.2193     1.8572     100.00   26.00251  -88.00393    0.00206    0.00078     3.4362     3.4450    18.1465    18.1553    36.4887    36.4886    26.3764    26.3741    1506.32    149.517    149.901         30 0.0000e+00
     204464   8519.305    334.536    337.000    18.3579    18.3753   4.818406   4.820309     2.2314     1.8682     100.00   26.00147  -88.00042    0.00274    0.00217     3.4508     3.4594    18.2985    18.3158    36.5100    36.5112    26.3544    26.3510    1506.26    150.157    150.530         32 0.0000e+00
     204592   8524.606    329.576    332.000    18.5299    18.5501   4.839314   4.841598     2.2426     1.8790     100.00   26.00125  -87.99965    0.00243    0.00191     3.4607     3.4720    18.4700    18.4912    36.5381    36.5388    26.3326    26.3278    1506.25    150.591    151.081         30 0.0000e+00
     204957   8539.844    315.689    318.000    18.9278    18.9279   4.887002   4.887059     2.2736     1.9037      80.52   26.00199  -88.00211    0.00196    0.00072     3.4962     3.5007    18.8705    18.8706    36.5940    36.5945    26.2735    26.2738    1506.29    152.145    152.340         30 0.0000e+00
     205102   8545.862    310.729    313.000    19.1125    19.1266   4.909350   4.911162     2.2825     1.9107     100.01   26.00369  -88.00789    0.00197    0.00162     3.5004     3.5021    19.0557    19.0699    36.6217    36.6244    26.2472    26.2456    1506.39    152.329    152.404         30 0.0000e+00
     205117   8546.502    309.737    312.000    19.1207    19.1546   4.910651   4.914337     2.2836     1.9152      62.34   26.00166  -88.00094    0.00163    0.00178     3.5019     3.5107    19.0642    19.0979    36.6247    36.6258    26.2470    26.2392    1506.27    152.393    152.777         31 0.0000e+00
     205218   8550.725    305.769    308.000    19.2232    19.2296   4.922338   4.922668     2.2876     1.9155      69.89   25.99924  -87.99275    0.00105   -0.00068     3.5016     3.5049    19.1672    19.1735    36.6327    36.6341    26.2262    26.2256    1506.13    152.383    152.526         54 0.0000e+00
     205315   8554.733    304.777    307.000    19.1895    19.1790   4.918254   4.917354     2.2854     1.9153      95.83   26.00166  -88.00094   -0.00051   -0.00051     3.4989     3.5070    19.1337    19.1232    36.6297    36.6315    26.2329    26.2369    1506.27    152.265    152.619         58 0.0000e+00
     206148   8589.468    299.817    302.000    19.3660    19.3855   4.938346   4.940752     2.2859     1.9167      99.97   25.99263  -87.97032    0.00035    0.00046     3.4850     3.4947    19.3107    19.3302    36.6400    36.6427    26.1937    26.1907    1505.75    151.668    152.087         39 0.0000e+00
     206874   8619.689    297.833    300.000    19.4284    19.4463   4.947390   4.949516     2.2891     1.9201      95.25   26.00726  -88.01970   -0.00011    0.00001     3.4866     3.4978    19.3734    19.3913    36.6684    36.6701    26.2009    26.1975    1506.59    151.737    152.227         34 0.0000e+00
     208724   8696.788    295.849    298.000    19.4723    19.4670   4.951784   4.951262     2.2898     1.9199      99.99   26.00046  -87.99650    0.00013    0.00051     3.4840     3.4948    19.4176    19.4123    36.6643    36.6643    26.1854    26.1868    1506.19    151.624    152.094         33 0.0000e+00
