Gulf of Mexico/GOMECC-4/1db/rb2103_0041.cnv
* Sea-Bird SBE 9 Data File:
* FileName = C:\Users\scs.user.rb\CTD\GOMECC4\data\rb2103_004.hex
* Software Version Seasave V 7.26.7.107
* Temperature SN = 4799
* Conductivity SN = 3860
* Number of Bytes Per Scan = 41
* Number of Voltage Words = 4
* Number of Scans Averaged by the Deck Unit = 1
* NMEA Latitude = 26 59.65 N
* NMEA Longitude = 079 51.52 W
* NMEA UTC (Time) = Sep 14 2021  23:37:43
* NMEA baud rate = 4800
# nquan = 28
# nvalues = 232                         
# units = specified
# name 0 = scan: Scan Count
# name 1 = timeS: Time, Elapsed [seconds]
# name 2 = depSM: Depth [salt water, m]
# name 3 = prDM: Pressure, Digiquartz [db]
# name 4 = t090C: Temperature [ITS-90, deg C]
# name 5 = t190C: Temperature, 2 [ITS-90, deg C]
# name 6 = c0S/m: Conductivity [S/m]
# name 7 = c1S/m: Conductivity, 2 [S/m]
# name 8 = sbeox0V: Oxygen raw, SBE 43 [V]
# name 9 = sbeox1V: Oxygen raw, SBE 43, 2 [V]
# name 10 = altM: Altimeter [m]
# name 11 = latitude: Latitude [deg]
# name 12 = longitude: Longitude [deg]
# name 13 = sbox0dV/dT: Oxygen, SBE 43 [dov/dt]
# name 14 = sbox1dV/dT: Oxygen, SBE 43, 2 [dov/dt]
# name 15 = sbeox0ML/L: Oxygen, SBE 43 [ml/l], WS = 5
# name 16 = sbeox1ML/L: Oxygen, SBE 43, 2 [ml/l], WS = 5
# name 17 = potemp090C: Potential Temperature [ITS-90, deg C]
# name 18 = potemp190C: Potential Temperature, 2 [ITS-90, deg C]
# name 19 = sal00: Salinity, Practical [PSU]
# name 20 = sal11: Salinity, Practical, 2 [PSU]
# name 21 = sigma-é00: Density [sigma-theta, kg/m^3]
# name 22 = sigma-é11: Density, 2 [sigma-theta, kg/m^3]
# name 23 = avgsvCM: Average Sound Velocity [Chen-Millero, m/s], minP = 20, minS = 20
# name 24 = sbox0Mm/Kg: Oxygen, SBE 43 [umol/kg], WS = 5
# name 25 = sbox1Mm/Kg: Oxygen, SBE 43, 2 [umol/kg], WS = 5
# name 26 = nbin: number of scans per bin
# name 27 = flag: flag
# span 0 =      19211,      72026       
# span 1 =    800.413,   3001.023       
# span 2 =      3.974,    270.034       
# span 3 =      4.000,    272.000       
# span 4 =    10.0184,    29.6529       
# span 5 =    10.0205,    29.6537       
# span 6 =   3.846621,   5.913788       
# span 7 =   3.846807,   5.914034       
# span 8 =     1.7098,     3.1802       
# span 9 =     1.4115,     2.7124       
# span 10 =      11.49,     100.91      
# span 11 =   26.94061,   27.07985      
# span 12 =  -80.04653,  -79.65939      
# span 13 =   -0.02750,    0.02347      
# span 14 =   -0.02665,    0.02048      
# span 15 =     2.7191,     4.5533      
# span 16 =     2.7618,     4.5777      
# span 17 =     9.9866,    29.6475      
# span 18 =     9.9887,    29.6483      
# span 19 =    35.1016,    36.5273      
# span 20 =    35.1035,    36.5303      
# span 21 =    22.0067,    27.1493      
# span 22 =    22.0075,    27.1484      
# span 23 =       0.00,    1545.97      
# span 24 =    118.225,    198.614      
# span 25 =    120.083,    199.677      
# span 26 =         30,         71      
# span 27 = 0.0000e+00, 0.0000e+00      
# interval = decibars: 1                
# start_time = Sep 14 2021 23:37:43 [NMEA time, header]
# bad_flag = -9.990e-29
*END*
      19211    800.413      3.974      4.000    29.3691    29.3733   5.790107   5.790914     3.1380     2.6713     100.16   26.99743  -79.85858   -0.00050    0.00085     4.3477     4.3627    29.3681    29.3723    35.1474    35.1497    22.0512    22.0514       0.00    189.977    190.634         48 0.0000e+00
      19287    803.577      4.967      5.000    29.3672    29.3682   5.789574   5.790050     3.1397     2.6719      99.22   26.99745  -79.85858    0.00101    0.00029     4.3503     4.3647    29.3660    29.3670    35.1462    35.1478    22.0510    22.0519       0.00    190.091    190.724         65 0.0000e+00
      19350    806.198      5.960      6.000    29.3663    29.3641   5.789947   5.789707     3.1383     2.6763     100.02   26.99747  -79.85858   -0.00003    0.00141     4.3486     4.3743    29.3649    29.3626    35.1483    35.1482    22.0530    22.0536       0.00    190.019    191.142         57 0.0000e+00
      22093    920.481      6.954      7.000    29.3691    29.3701   5.792122   5.792306     3.1426     2.6736      98.22   26.99833  -79.85858    0.00011   -0.00032     4.3564     4.3687    29.3674    29.3684    35.1608    35.1613    22.0614    22.0615       0.00    190.359    190.894         52 0.0000e+00
      22827    951.078      7.947      8.000    29.3662    29.3677   5.791776   5.792315     3.1437     2.6741      96.14   26.99856  -79.85856    0.00003   -0.00015     4.3591     4.3703    29.3642    29.3658    35.1602    35.1628    22.0621    22.0635       0.00    190.474    190.964         55 0.0000e+00
      22866    952.702      8.941      9.000    29.3641    29.3647   5.791231   5.791322     3.1418     2.6735      99.51   26.99857  -79.85856   -0.00049   -0.00026     4.3565     4.3701    29.3619    29.3625    35.1576    35.1580    22.0609    22.0610       0.00    190.361    190.955         55 0.0000e+00
      22923    955.078      9.934     10.000    29.3620    29.3630   5.792599   5.792982     3.1411     2.6715      83.72   26.99859  -79.85856   -0.00064   -0.00004     4.3555     4.3663    29.3596    29.3606    35.1684    35.1703    22.0698    22.0709       0.00    190.317    190.790         54 0.0000e+00
      22972    957.132     10.927     11.000    29.3628    29.3631   5.793106   5.793184     3.1406     2.6718      99.90   26.99860  -79.85856   -0.00025   -0.00096     4.3551     4.3674    29.3601    29.3604    35.1710    35.1713    22.0716    22.0717       0.00    190.300    190.837         48 0.0000e+00
      23025    959.341     11.921     12.000    29.3646    29.3651   5.795055   5.795113     3.1428     2.6751     100.00   26.99862  -79.85856    0.00059    0.00116     4.3592     4.3741    29.3617    29.3622    35.1827    35.1827    22.0798    22.0797       0.00    190.476    191.129         60 0.0000e+00
      23083    961.741     12.914     13.000    29.3670    29.3656   5.797026   5.795919     3.1447     2.6717      64.59   26.99864  -79.85856    0.00066   -0.00050     4.3627     4.3676    29.3638    29.3625    35.1908    35.1876    22.0852    22.0832       0.00    190.626    190.845         51 0.0000e+00
      23132    963.799     13.908     14.000    29.4258    29.4235   5.815431   5.815726     3.1449     2.6768      99.44   26.99865  -79.85857    0.00057   -0.00017     4.3569     4.3720    29.4224    29.4201    35.2766    35.2797    22.1298    22.1326       0.00    190.369    191.027         51 0.0000e+00
      23187    966.065     14.901     15.000    29.4586    29.4589   5.826024   5.826314     3.1478     2.6779     100.00   26.99867  -79.85856    0.00075    0.00233     4.3591     4.3711    29.4549    29.4552    35.3247    35.3265    22.1549    22.1561       0.00    190.460    190.981         57 0.0000e+00
      23242    968.371     15.894     16.000    29.4609    29.4620   5.826791   5.827141     3.1477     2.6775     100.00   26.99869  -79.85856    0.00041   -0.00033     4.3591     4.3705    29.4570    29.4581    35.3280    35.3296    22.1567    22.1575       0.00    190.456    190.955         51 0.0000e+00
      23292    970.478     16.888     17.000    29.4658    29.4645   5.828438   5.828265     3.1497     2.6702     100.00   26.99870  -79.85856    0.00057   -0.00273     4.3628     4.3562    29.4616    29.4603    35.3354    35.3365    22.1607    22.1620       0.00    190.620    190.330         53 0.0000e+00
      23343    972.590     17.881     18.000    29.5074    29.5057   5.838158   5.838142     3.1503     2.6793      92.09   26.99872  -79.85856    0.00058    0.00214     4.3603     4.3710    29.5030    29.5013    35.3709    35.3721    22.1734    22.1748       0.00    190.505    190.972         48 0.0000e+00
      23397    974.854     18.874     19.000    29.6168    29.5989   5.885330   5.877939     3.1539     2.6873      95.72   26.99873  -79.85856    0.00082    0.00269     4.3534     4.3740    29.6121    29.5943    35.6113    35.5683    22.3167    22.2918       0.00    190.181    191.084         61 0.0000e+00
      23456    977.300     19.867     20.000    29.6484    29.6481   5.902383   5.902099     3.1644     2.6916      98.19   26.99875  -79.85856    0.00383    0.00372     4.3676     4.3781    29.6435    29.6432    35.7049    35.7033    22.3763    22.3752     753.35    190.789    191.246         54 0.0000e+00
      23506    979.365     20.861     21.000    29.6503    29.6510   5.903718   5.904046     3.1645     2.6926      99.99   26.99877  -79.85856    0.00194    0.00040     4.3681     4.3803    29.6451    29.6459    35.7123    35.7140    22.3814    22.3824    1542.16    190.809    191.341         47 0.0000e+00
      23557    981.516     21.854     22.000    29.6529    29.6537   5.906091   5.906292     3.1643     2.6892     100.00   26.99878  -79.85856   -0.00007   -0.00060     4.3677     4.3735    29.6475    29.6483    35.7263    35.7271    22.3910    22.3913    1545.95    190.790    191.041         58 0.0000e+00
      23617    984.018     22.848     23.000    29.6482    29.6505   5.908159   5.908307     3.1660     2.6898     100.00   26.99880  -79.85856    0.00063   -0.00083     4.3712     4.3750    29.6425    29.6448    35.7436    35.7429    22.4057    22.4044    1545.96    190.938    191.104         58 0.0000e+00
      23669    986.147     23.841     24.000    29.6372    29.6391   5.908420   5.908804     3.1665     2.6924     100.00   26.99881  -79.85855    0.00025    0.00163     4.3732     4.3812    29.6313    29.6332    35.7533    35.7544    22.4168    22.4170    1545.96    191.027    191.374         47 0.0000e+00
      23721    988.327     24.834     25.000    29.6218    29.6250   5.908063   5.908488     3.1675     2.6914     100.00   26.99883  -79.85856    0.00047   -0.00058     4.3765     4.3806    29.6156    29.6189    35.7620    35.7625    22.4287    22.4279    1545.97    191.169    191.344         60 0.0000e+00
      23780    990.803     25.827     26.000    29.5769    29.5842   5.906674   5.907223     3.1667     2.6991     100.00   26.99884  -79.85854    0.00006    0.00304     4.3784     4.3988    29.5705    29.5778    35.7856    35.7839    22.4617    22.4580    1545.97    191.245    192.136         54 0.0000e+00
      23830    992.878     26.821     27.000    29.5455    29.5478   5.907201   5.907519     3.1709     2.6994     100.00   26.99886  -79.85854    0.00042    0.00092     4.3881     4.4020    29.5392    29.5412    35.8120    35.8127    22.4921    22.4920    1545.97    191.662    192.267         49 0.0000e+00
      23885    995.148     27.814     28.000    29.5019    29.5070   5.906287   5.906842     3.1754     2.7045      91.94   26.99888  -79.85854    0.00239    0.00175     4.3996     4.4148    29.4950    29.5001    35.8382    35.8382    22.5268    22.5251    1545.97    192.157    192.822         58 0.0000e+00
      23940    997.451     28.807     29.000    29.4754    29.4796   5.905400   5.905856     3.1742     2.7106      82.83   26.99890  -79.85853    0.00047    0.00224     4.3996     4.4292    29.4683    29.4725    35.8516    35.8516    22.5459    22.5444    1545.96    192.155    193.446         51 0.0000e+00
      23990    999.534     29.800     30.000    29.4567    29.4584   5.905946   5.906148     3.1746     2.7086      99.30   26.99891  -79.85854   -0.00043    0.00077     4.4018     4.4269    29.4494    29.4511    35.8690    35.8691    22.5653    22.5648    1545.96    192.246    193.343         55 0.0000e+00
      24050   1002.038     30.794     31.000    29.4522    29.4537   5.907376   5.907620     3.1792     2.7120     100.00   26.99893  -79.85852    0.00127   -0.00010     4.4107     4.4342    29.4446    29.4461    35.8819    35.8825    22.5766    22.5766    1545.96    192.634    193.660         58 0.0000e+00
      24104   1004.285     31.787     32.000    29.4481    29.4501   5.907851   5.908209     3.1802     2.7104     100.00   26.99895  -79.85852    0.00158    0.00115     4.4133     4.4316    29.4403    29.4422    35.8879    35.8889    22.5826    22.5827    1545.96    192.743    193.546         54 0.0000e+00
      24159   1006.580     32.781     33.000    29.4324    29.4346   5.907652   5.907993     3.1783     2.7119     100.00   26.99896  -79.85852   -0.00091   -0.00084     4.4113     4.4361    29.4244    29.4265    35.8980    35.8987    22.5956    22.5953    1545.96    192.653    193.739         53 0.0000e+00
      24210   1008.725     33.774     34.000    29.4180    29.4201   5.907778   5.908209     3.1788     2.7124     100.00   26.99898  -79.85853   -0.00005    0.00122     4.4135     4.4384    29.4096    29.4118    35.9094    35.9106    22.6091    22.6093    1545.96    192.751    193.836         54 0.0000e+00
      24271   1011.245     34.767     35.000    29.4093    29.4113   5.908112   5.908287     3.1796     2.7054     100.00   26.99899  -79.85854    0.00058   -0.00192     4.4183     4.4270    29.4008    29.4028    35.9171    35.9168    22.6179    22.6170    1545.96    192.956    193.335         62 0.0000e+00
      24325   1013.503     35.760     36.000    29.3322    29.3395   5.910027   5.910104     3.1766     2.7008      83.92   26.99900  -79.85854   -0.00130   -0.00288     4.4157     4.4198    29.3234    29.3307    35.9915    35.9857    22.6999    22.6931    1545.95    192.827    193.008         50 0.0000e+00
      24382   1015.863     36.754     37.000    29.3092    29.3133   5.913788   5.914034     3.1784     2.7050      90.19   26.99902  -79.85854    0.00017    0.00071     4.4198     4.4301    29.3002    29.3043    36.0312    36.0299    22.7376    22.7352    1545.95    192.999    193.450         62 0.0000e+00
      24438   1018.211     37.747     38.000    29.2835    29.2871   5.912869   5.913407     3.1799     2.7055     100.19   26.99904  -79.85854    0.00086    0.00060     4.4247     4.4331    29.2742    29.2778    36.0441    36.0451    22.7560    22.7555    1545.95    193.211    193.577         49 0.0000e+00
      24488   1020.307     38.740     39.000    29.2728    29.2745   5.911963   5.912445     3.1772     2.7070     100.00   26.99905  -79.85854   -0.00059    0.00067     4.4212     4.4374    29.2633    29.2650    36.0456    36.0476    22.7608    22.7618    1545.94    193.057    193.764         57 0.0000e+00
      24550   1022.879     39.733     40.000    29.2681    29.2704   5.911700   5.912157     3.1777     2.7070     100.00   26.99908  -79.85854   -0.00021   -0.00024     4.4229     4.4384    29.2583    29.2606    36.0471    36.0485    22.7636    22.7639    1545.94    193.131    193.806         60 0.0000e+00
      24604   1025.144     40.726     41.000    29.2091    29.2193   5.909161   5.909810     3.1748     2.7055      96.06   26.99908  -79.85854   -0.00044    0.00057     4.4203     4.4378    29.1990    29.2093    36.0688    36.0669    22.7999    22.7950    1545.94    193.011    193.774         53 0.0000e+00
      24660   1027.477     41.720     42.000    29.1721    29.1760   5.906073   5.906613     3.1726     2.7043      89.45   26.99911  -79.85854   -0.00147   -0.00145     4.4215     4.4398    29.1619    29.1658    36.0801    36.0808    22.8209    22.8202    1545.93    193.059    193.859         56 0.0000e+00
      24712   1029.621     42.713     43.000    29.1615    29.1631   5.905776   5.906141     3.1731     2.7032      99.88   26.99912  -79.85853   -0.00004   -0.00077     4.4236     4.4392    29.1510    29.1527    36.0856    36.0869    22.8287    22.8292    1545.93    193.147    193.830         50 0.0000e+00
      24769   1032.016     43.706     44.000    29.1091    29.1252   5.901692   5.903154     3.1716     2.7025      74.34   26.99914  -79.85852   -0.00027   -0.00004     4.4254     4.4406    29.0984    29.1145    36.0967    36.0953    22.8548    22.8483    1545.92    193.221    193.887         64 0.0000e+00
      24826   1034.372     44.699     45.000    29.0236    29.0270   5.892004   5.892536     3.1664     2.7011     100.91   26.99916  -79.85852   -0.00189   -0.00108     4.4223     4.4470    29.0126    29.0160    36.0941    36.0951    22.8816    22.8812    1545.91    193.082    194.162         45 0.0000e+00
      24872   1036.283     45.692     46.000    29.0149    29.0170   5.890621   5.891154     3.1675     2.6993     100.00   26.99917  -79.85852   -0.00086   -0.00046     4.4263     4.4433    29.0037    29.0058    36.0908    36.0927    22.8821    22.8828    1545.90    193.254    194.000         56 0.0000e+00
      24935   1038.937     46.686     47.000    28.9653    28.9788   5.883292   5.884322     3.1674     2.7008     100.00   26.99919  -79.85852    0.00024    0.00046     4.4310     4.4511    28.9535    28.9676    36.0776    36.0794    22.8890    22.8881    1545.89    193.459    194.339         62 0.0000e+00
      24989   1041.158     47.679     48.000    28.9507    28.9516   5.882438   5.882717     3.1667     2.7028     100.00   26.99920  -79.85852   -0.00029    0.00065     4.4311     4.4565    28.9391    28.9399    36.0821    36.0835    22.8973    22.8980    1545.88    193.465    194.574         50 0.0000e+00
      25043   1043.430     48.672     49.000    28.9453    28.9482   5.882880   5.883460     3.1674     2.7025      89.27   26.99922  -79.85852    0.00030    0.00014     4.4333     4.4566    28.9334    28.9363    36.0890    36.0908    22.9043    22.9048    1545.87    193.556    194.576         59 0.0000e+00
      25102   1045.871     49.665     50.000    28.9344    28.9373   5.883199   5.883447     3.1652     2.6997      95.00   26.99924  -79.85852   -0.00073   -0.00043     4.4303     4.4521    28.9223    28.9252    36.0992    36.0987    22.9157    22.9144    1545.86    193.425    194.377         55 0.0000e+00
      25149   1047.817     50.658     51.000    28.8459    28.8570   5.876390   5.877539     3.1657     2.6969     100.18   26.99925  -79.85852   -0.00061   -0.00220     4.4382     4.4524    28.8336    28.8447    36.1187    36.1183    22.9601    22.9560    1545.85    193.760    194.384         37 0.0000e+00
      25184   1049.290     51.652     52.000    28.7819    28.7870   5.867933   5.868468     3.1660     2.7003      95.94   26.99926  -79.85852    0.00034    0.00014     4.4446     4.4654    28.7694    28.7745    36.1083    36.1081    22.9737    22.9718    1545.83    194.039    194.944         37 0.0000e+00
      25224   1050.943     52.645     53.000    28.7000    28.7037   5.859651   5.860163     3.1638     2.6977      59.68   26.99927  -79.85852   -0.00014    0.00042     4.4474     4.4664    28.6872    28.6909    36.1126    36.1127    23.0044    23.0032    1545.82    194.153    194.984         43 0.0000e+00
      25265   1052.646     53.638     54.000    28.6464    28.6516   5.855361   5.856016     3.1642     2.6961     100.52   26.99928  -79.85852   -0.00087   -0.00121     4.4526     4.4671    28.6334    28.6386    36.1232    36.1238    23.0302    23.0289    1545.81    194.376    195.011         37 0.0000e+00
