Gulf of Mexico/GOMECC-4/1db/rb2103_0751.ros
* Sea-Bird SBE 9 Data File:
* FileName = C:\Users\scs.user.rb\CTD\GOMECC4\data\rb2103_0751.hex
* Software Version Seasave V 7.26.7.107
* Temperature SN = 4799
* Conductivity SN = 3860
* Number of Bytes Per Scan = 41
* Number of Voltage Words = 4
* Number of Scans Averaged by the Deck Unit = 1
* NMEA Latitude = 22 16.49 N
* NMEA Longitude = 097 43.15 W
* NMEA UTC (Time) = Oct 05 2021  22:28:17
* NMEA baud rate = 4800
# nquan = 17
# nvalues = 399                                   
# units = specified
# name 0 = scan: Scan Count
# name 1 = timeS: Time, Elapsed [seconds]
# name 2 = depSM: Depth [salt water, m]
# name 3 = prDM: Pressure, Digiquartz [db]
# name 4 = t090C: Temperature [ITS-90, deg C]
# name 5 = t190C: Temperature, 2 [ITS-90, deg C]
# name 6 = c0S/m: Conductivity [S/m]
# name 7 = c1S/m: Conductivity, 2 [S/m]
# name 8 = sbeox0V: Oxygen raw, SBE 43 [V]
# name 9 = sbeox1V: Oxygen raw, SBE 43, 2 [V]
# name 10 = altM: Altimeter [m]
# name 11 = latitude: Latitude [deg]
# name 12 = longitude: Longitude [deg]
# name 13 = sbox0dV/dT: Oxygen, SBE 43 [dov/dt]
# name 14 = sbox1dV/dT: Oxygen, SBE 43, 2 [dov/dt]
# name 15 = nbf: Bottles Fired
# name 16 = flag:  0.000e+00
# interval = seconds: 0.0416667
# start_time = Oct 05 2021 22:28:17 [NMEA time, header]
# bad_flag = -9.990e-29
*END*
[from data line 171]
      22049    918.667      9.946     10.009    29.2742    29.2714   5.828403   5.826834     3.1441     2.6557      17.34   22.27500  -97.71972   -0.00022    0.00095          2  0.000e+00
      22050    918.708      9.994     10.057    29.2739    29.2716   5.828308   5.826859     3.1441     2.6557      17.34   22.27500  -97.71972   -0.00022    0.00092          2  0.000e+00
      22051    918.750      9.946     10.009    29.2739    29.2718   5.828293   5.826979     3.1441     2.6569      17.34   22.27500  -97.71972   -0.00021    0.00090          2  0.000e+00
      22052    918.792      9.946     10.009    29.2737    29.2720   5.828395   5.827155     3.1441     2.6569      17.34   22.27500  -97.71972   -0.00021    0.00087          2  0.000e+00
      22053    918.833      9.946     10.009    29.2737    29.2720   5.828364   5.827379     3.1441     2.6569      17.34   22.27500  -97.71972   -0.00020    0.00084          2  0.000e+00
      22054    918.875      9.994     10.057    29.2737    29.2727   5.828403   5.827692     3.1441     2.6569      17.36   22.27500  -97.71972   -0.00020    0.00082          2  0.000e+00
      22055    918.917      9.892      9.955    29.2737    29.2731   5.828427   5.827924     3.1441     2.6581      17.34   22.27500  -97.71972   -0.00020    0.00080          2  0.000e+00
      22056    918.958      9.946     10.009    29.2739    29.2735   5.828467   5.828077     3.1453     2.6581      17.36   22.27500  -97.71972   -0.00016    0.00078          2  0.000e+00
      22057    919.000      9.946     10.009    29.2742    29.2738   5.828443   5.828149     3.1441     2.6581      17.41   22.27500  -97.71972   -0.00014    0.00075          2  0.000e+00
      22058    919.042      9.892      9.955    29.2746    29.2740   5.828506   5.828229     3.1441     2.6581      17.44   22.27500  -97.71972   -0.00012    0.00073          2  0.000e+00
      22059    919.083      9.946     10.009    29.2744    29.2740   5.828522   5.828253     3.1453     2.6581      17.44   22.27500  -97.71972   -0.00009    0.00070          2  0.000e+00
      22060    919.125      9.892      9.955    29.2742    29.2742   5.828522   5.828253     3.1453     2.6581      17.44   22.27500  -97.71972   -0.00006    0.00067          2  0.000e+00
      22061    919.167      9.946     10.009    29.2742    29.2742   5.828490   5.828397     3.1453     2.6581      17.44   22.27500  -97.71972   -0.00002    0.00064          2  0.000e+00
      22062    919.208      9.892      9.955    29.2744    29.2747   5.828443   5.828445     3.1441     2.6569      17.44   22.27500  -97.71972   -0.00001    0.00060          2  0.000e+00
      22063    919.250      9.892      9.955    29.2742    29.2753   5.828459   5.828405     3.1453     2.6569      17.44   22.27500  -97.71972    0.00004    0.00054          2  0.000e+00
      22064    919.292      9.845      9.907    29.2742    29.2757   5.828474   5.828469     3.1441     2.6569      17.44   22.27500  -97.71972    0.00008    0.00049          2  0.000e+00
      22065    919.333      9.892      9.955    29.2744    29.2755   5.828482   5.828566     3.1453     2.6569      17.44   22.27500  -97.71972    0.00013    0.00044          2  0.000e+00
      22066    919.375      9.892      9.955    29.2740    29.2757   5.828482   5.828518     3.1441     2.6569      17.44   22.27500  -97.71972    0.00016    0.00038          2  0.000e+00
      22067    919.417      9.845      9.907    29.2742    29.2757   5.828482   5.828566     3.1453     2.6569      17.44   22.27500  -97.71972    0.00021    0.00033          2  0.000e+00
      22068    919.458      9.845      9.907    29.2742    29.2755   5.828474   5.828590     3.1453     2.6569      17.44   22.27500  -97.71972    0.00026    0.00027          2  0.000e+00
      22069    919.500      9.845      9.907    29.2742    29.2755   5.828443   5.828622     3.1441     2.6569      17.44   22.27500  -97.71972    0.00029    0.00023          2  0.000e+00
      22070    919.542      9.845      9.907    29.2742    29.2755   5.828395   5.828670     3.1453     2.6569      17.44   22.27500  -97.71972    0.00034    0.00019          2  0.000e+00
      22071    919.583      9.845      9.907    29.2740    29.2757   5.828348   5.828646     3.1441     2.6569      17.44   22.27500  -97.71972    0.00037    0.00014          2  0.000e+00
      22072    919.625      9.845      9.907    29.2740    29.2759   5.828261   5.828710     3.1453     2.6581      17.44   22.27500  -97.71972    0.00042    0.00012          2  0.000e+00
      22073    919.667      9.845      9.907    29.2740    29.2757   5.828166   5.828766     3.1453     2.6581      17.44   22.27500  -97.71972    0.00047    0.00009          2  0.000e+00
      22074    919.708      9.845      9.907    29.2742    29.2757   5.828071   5.828782     3.1453     2.6581      17.44   22.27500  -97.71972    0.00052    0.00006          2  0.000e+00
      22075    919.750      9.797      9.859    29.2740    29.2757   5.828008   5.828782     3.1453     2.6581      17.44   22.27500  -97.71972    0.00056    0.00003          2  0.000e+00
      22076    919.792      9.797      9.859    29.2739    29.2755   5.827889   5.828782     3.1453     2.6581      17.44   22.27500  -97.71972    0.00061   -0.00001          2  0.000e+00
      22077    919.833      9.845      9.907    29.2739    29.2759   5.827858   5.828814     3.1453     2.6581      17.44   22.27500  -97.71972    0.00066   -0.00002          2  0.000e+00
      22078    919.875      9.797      9.859    29.2737    29.2761   5.827818   5.828790     3.1453     2.6581      17.44   22.27500  -97.71972    0.00070   -0.00004          2  0.000e+00
      22079    919.917      9.797      9.859    29.2737    29.2757   5.827771   5.828782     3.1453     2.6581      17.44   22.27500  -97.71972    0.00075   -0.00006          2  0.000e+00
      22080    919.958      9.743      9.805    29.2737    29.2757   5.827834   5.828782     3.1453     2.6581      17.44   22.27500  -97.71972    0.00080   -0.00006          2  0.000e+00
      22081    920.000      9.797      9.859    29.2737    29.2755   5.827858   5.828710     3.1453     2.6581      17.44   22.27500  -97.71972    0.00084   -0.00006          2  0.000e+00
      22082    920.042      9.797      9.859    29.2735    29.2753   5.827929   5.828646     3.1453     2.6581      17.48   22.27500  -97.71972    0.00091   -0.00007          2  0.000e+00
      22083    920.083      9.743      9.805    29.2733    29.2753   5.827984   5.828638     3.1465     2.6581      17.48   22.27500  -97.71972    0.00097   -0.00007          2  0.000e+00
      22084    920.125      9.797      9.859    29.2735    29.2755   5.828071   5.828638     3.1465     2.6581      17.51   22.27500  -97.71972    0.00103   -0.00006          2  0.000e+00
      22085    920.167      9.743      9.805    29.2737    29.2756   5.828126   5.828710     3.1453     2.6569      17.48   22.27500  -97.71972    0.00107   -0.00004          2  0.000e+00
      22086    920.208      9.797      9.859    29.2733    29.2757   5.828142   5.828734     3.1453     2.6569      17.51   22.27500  -97.71972    0.00110   -0.00003          2  0.000e+00
      22087    920.250      9.743      9.805    29.2737    29.2757   5.828142   5.828766     3.1453     2.6569      17.51   22.27500  -97.71972    0.00112   -0.00002          2  0.000e+00
      22088    920.292      9.743      9.805    29.2733    29.2761   5.827960   5.828814     3.1465     2.6569      17.48   22.27500  -97.71972    0.00117    0.00002          2  0.000e+00
      22089    920.333      9.797      9.859    29.2730    29.2762   5.827794   5.828862     3.1453     2.6569      17.48   22.27500  -97.71972    0.00119    0.00005          2  0.000e+00
      22090    920.375      9.743      9.805    29.2726    29.2761   5.827723   5.828838     3.1453     2.6569      17.51   22.27500  -97.71972    0.00121    0.00008          2  0.000e+00
      22091    920.417      9.743      9.805    29.2726    29.2764   5.827573   5.828830     3.1465     2.6569      17.51   22.27500  -97.71972    0.00125    0.00012          2  0.000e+00
      22092    920.458      9.743      9.805    29.2724    29.2762   5.827383   5.828862     3.1465     2.6569      17.51   22.27500  -97.71972    0.00129    0.00015          2  0.000e+00
      22093    920.500      9.743      9.805    29.2717    29.2762   5.827114   5.828806     3.1465     2.6569      17.51   22.27500  -97.71972    0.00133    0.00019          2  0.000e+00
      22094    920.542      9.743      9.805    29.2711    29.2759   5.826901   5.828782     3.1453     2.6557      17.51   22.27500  -97.71972    0.00134    0.00021          2  0.000e+00
      22095    920.583      9.743      9.805    29.2704    29.2761   5.826561   5.828710     3.1465     2.6557      17.51   22.27500  -97.71972    0.00138    0.00023          2  0.000e+00
      22096    920.625      9.743      9.805    29.2700    29.2761   5.826403   5.828646     3.1453     2.6569      17.51   22.27500  -97.71972    0.00140    0.00026          2  0.000e+00
      22097    920.667      9.797      9.859    29.2696    29.2755   5.826308   5.828638     3.1453     2.6569      17.51   22.27500  -97.71972    0.00141    0.00030          2  0.000e+00
      22098    920.708      9.743      9.805    29.2696    29.2757   5.826245   5.828566     3.1453     2.6569      17.51   22.27500  -97.71972    0.00143    0.00032          2  0.000e+00
      22099    920.750      9.743      9.805    29.2698    29.2752   5.826340   5.828541     3.1453     2.6569      17.51   22.27500  -97.71972    0.00143    0.00035          2  0.000e+00
      22100    920.792      9.743      9.805    29.2700    29.2751   5.826450   5.828397     3.1441     2.6569      17.51   22.27500  -97.71972    0.00140    0.00037          2  0.000e+00
      22101    920.833      9.743      9.805    29.2700    29.2749   5.826545   5.828349     3.1453     2.6569      17.51   22.27500  -97.71972    0.00140    0.00039          2  0.000e+00
      22102    920.875      9.797      9.859    29.2702    29.2747   5.826387   5.828349     3.1441     2.6569      17.51   22.27500  -97.71972    0.00138    0.00040          2  0.000e+00
      22103    920.917      9.797      9.859    29.2692    29.2747   5.826189   5.828309     3.1441     2.6569      17.51   22.27500  -97.71972    0.00133    0.00040          2  0.000e+00
      22104    920.958      9.743      9.805    29.2694    29.2746   5.826142   5.828333     3.1441     2.6581      17.51   22.27500  -97.71972    0.00131    0.00043          2  0.000e+00
      22105    921.000      9.797      9.859    29.2700    29.2749   5.826245   5.828453     3.1441     2.6581      17.53   22.27500  -97.71972    0.00127    0.00045          2  0.000e+00
      22106    921.042      9.797      9.859    29.2696    29.2749   5.826063   5.828381     3.1441     2.6581      17.53   22.27500  -97.71972    0.00122    0.00047          2  0.000e+00
      22107    921.083      9.743      9.805    29.2690    29.2747   5.825699   5.828205     3.1441     2.6581      17.51   22.27500  -97.71972    0.00118    0.00048          2  0.000e+00
      22108    921.125      9.845      9.907    29.2680    29.2746   5.825430   5.828093     3.1441     2.6581      17.53   22.27500  -97.71972    0.00113    0.00048          2  0.000e+00
      22109    921.167      9.797      9.859    29.2678    29.2744   5.825407   5.827996     3.1453     2.6581      17.53   22.27500  -97.71972    0.00110    0.00048          2  0.000e+00
      22110    921.208      9.791      9.853    29.2674    29.2733   5.825391   5.827468     3.1441     2.6593      17.53   22.27500  -97.71972    0.00105    0.00050          2  0.000e+00
      22111    921.250      9.797      9.859    29.2676    29.2705   5.825336   5.826249     3.1453     2.6593      17.53   22.27500  -97.71972    0.00102    0.00052          2  0.000e+00
      22112    921.292      9.845      9.907    29.2676    29.2692   5.825399   5.825440     3.1441     2.6593      17.53   22.27500  -97.71972    0.00098    0.00054          2  0.000e+00
      22113    921.333      9.845      9.907    29.2676    29.2688   5.825351   5.825328     3.1441     2.6593      17.51   22.27500  -97.71972    0.00095    0.00054          2  0.000e+00
      22114    921.375      9.845      9.907    29.2678    29.2688   5.825359   5.825304     3.1441     2.6593      17.53   22.27500  -97.71972    0.00091    0.00055          2  0.000e+00
      22115    921.417      9.845      9.907    29.2674    29.2685   5.825233   5.825296     3.1441     2.6593      17.53   22.27500  -97.71972    0.00088    0.00057          2  0.000e+00
      22116    921.458      9.797      9.859    29.2676    29.2688   5.825225   5.825512     3.1441     2.6593      17.53   22.27500  -97.71972    0.00084    0.00058          2  0.000e+00
      22117    921.500      9.892      9.955    29.2676    29.2702   5.825122   5.825873     3.1429     2.6593      17.53   22.27500  -97.71972    0.00079    0.00059          2  0.000e+00
      22118    921.542      9.892      9.955    29.2674    29.2697   5.825051   5.825745     3.1429     2.6593      17.53   22.27500  -97.71972    0.00073    0.00060          2  0.000e+00
      22119    921.583      9.845      9.907    29.2672    29.2690   5.824782   5.825456     3.1429     2.6593      17.53   22.27500  -97.71972    0.00068    0.00061          2  0.000e+00
      22120    921.625      9.892      9.955    29.2665    29.2690   5.824450   5.825424     3.1429     2.6593      17.53   22.27500  -97.71972    0.00062    0.00062          2  0.000e+00
      22121    921.667      9.892      9.955    29.2665    29.2705   5.824332   5.825977     3.1441     2.6593      17.53   22.27500  -97.71972    0.00058    0.00063          2  0.000e+00
      22122    921.708      9.892      9.955    29.2663    29.2738   5.824395   5.826915     3.1429     2.6581      17.53   22.27500  -97.71972    0.00053    0.00062          2  0.000e+00
      22123    921.750      9.946     10.009    29.2667    29.2734   5.824632   5.827091     3.1429     2.6581      17.53   22.27500  -97.71972    0.00047    0.00060          2  0.000e+00
      22124    921.792      9.946     10.009    29.2670    29.2710   5.824956   5.826666     3.1429     2.6581      17.53   22.27500  -97.71972    0.00041    0.00061          2  0.000e+00
      22125    921.833      9.892      9.955    29.2674    29.2705   5.825146   5.826217     3.1429     2.6581      17.53   22.27500  -97.71972    0.00035    0.00061          2  0.000e+00
      22126    921.875      9.946     10.009    29.2668    29.2703   5.824924   5.825817     3.1429     2.6569      17.53   22.27500  -97.71972    0.00029    0.00058          2  0.000e+00
      22127    921.917      9.946     10.009    29.2669    29.2692   5.824592   5.825472     3.1429     2.6557      17.51   22.27500  -97.71972    0.00024    0.00055          2  0.000e+00
      22128    921.958      9.994     10.057    29.2663    29.2690   5.824759   5.825216     3.1429     2.6557      17.51   22.27500  -97.71972    0.00020    0.00052          2  0.000e+00
      22129    922.000      9.946     10.009    29.2680    29.2685   5.826031   5.825160     3.1441     2.6545      17.44   22.27500  -97.71972    0.00017    0.00048          2  0.000e+00
      22130    922.042      9.994     10.057    29.2715    29.2682   5.827644   5.825120     3.1429     2.6545      17.41   22.27500  -97.71972    0.00011    0.00043          2  0.000e+00
      22131    922.083      9.994     10.057    29.2757    29.2677   5.829091   5.825039     3.1429     2.6532      17.39   22.27500  -97.71972    0.00005    0.00037          2  0.000e+00
      22132    922.125      9.994     10.057    29.2761    29.2677   5.829368   5.824943     3.1429     2.6520      17.41   22.27500  -97.71972    0.00001    0.00029          2  0.000e+00
