Gulf of Mexico/GOMECC-4/1db/rb2103_0411.cnv
* Sea-Bird SBE 9 Data File:
* FileName = C:\Users\scs.user.rb\CTD\GOMECC4\data\rb2103_0411.hex
* Software Version Seasave V 7.26.7.107
* Temperature SN = 4799
* Conductivity SN = 3860
* Number of Bytes Per Scan = 41
* Number of Voltage Words = 4
* Number of Scans Averaged by the Deck Unit = 1
* NMEA Latitude = 28 04.43 N
* NMEA Longitude = 089 59.85 W
* NMEA UTC (Time) = Sep 26 2021  02:13:04
* NMEA baud rate = 4800
# nquan = 28
# nvalues = 390                         
# units = specified
# name 0 = scan: Scan Count
# name 1 = timeS: Time, Elapsed [seconds]
# name 2 = depSM: Depth [salt water, m]
# name 3 = prDM: Pressure, Digiquartz [db]
# name 4 = t090C: Temperature [ITS-90, deg C]
# name 5 = t190C: Temperature, 2 [ITS-90, deg C]
# name 6 = c0S/m: Conductivity [S/m]
# name 7 = c1S/m: Conductivity, 2 [S/m]
# name 8 = sbeox0V: Oxygen raw, SBE 43 [V]
# name 9 = sbeox1V: Oxygen raw, SBE 43, 2 [V]
# name 10 = altM: Altimeter [m]
# name 11 = latitude: Latitude [deg]
# name 12 = longitude: Longitude [deg]
# name 13 = sbox0dV/dT: Oxygen, SBE 43 [dov/dt]
# name 14 = sbox1dV/dT: Oxygen, SBE 43, 2 [dov/dt]
# name 15 = sbeox0ML/L: Oxygen, SBE 43 [ml/l], WS = 5
# name 16 = sbeox1ML/L: Oxygen, SBE 43, 2 [ml/l], WS = 5
# name 17 = potemp090C: Potential Temperature [ITS-90, deg C]
# name 18 = potemp190C: Potential Temperature, 2 [ITS-90, deg C]
# name 19 = sal00: Salinity, Practical [PSU]
# name 20 = sal11: Salinity, Practical, 2 [PSU]
# name 21 = sigma-é00: Density [sigma-theta, kg/m^3]
# name 22 = sigma-é11: Density, 2 [sigma-theta, kg/m^3]
# name 23 = avgsvCM: Average Sound Velocity [Chen-Millero, m/s], minP = 20, minS = 20
# name 24 = sbox0Mm/Kg: Oxygen, SBE 43 [umol/kg], WS = 5
# name 25 = sbox1Mm/Kg: Oxygen, SBE 43, 2 [umol/kg], WS = 5
# name 26 = nbin: number of scans per bin
# name 27 = flag: flag
# span 0 =      23335,     483164       
# span 1 =    972.231,  20130.961       
# span 2 =      1.986,    430.659       
# span 3 =      2.000,    434.000       
# span 4 =     9.3125,   506.8462       
# span 5 =     9.3183,   427.1431       
# span 6 =   3.775126, 120.219041       
# span 7 =   3.775126, 120.224591       
# span 8 =     1.6299,    64.3249       
# span 9 =     1.3327,    54.7029       
# span 10 =       8.80,    1404.48      
# span 11 =   27.83403,  577.52128      
# span 12 =-1850.99411,  -89.20989      
# span 13 =   -0.02328,    0.01772      
# span 14 =   -0.02225,    0.01812      
# span 15 =     2.5531,    77.6510      
# span 16 =     2.5837,    81.8663      
# span 17 =     9.2636,   506.8251      
# span 18 =     9.2694,   427.1251      
# span 19 =    35.1099,   642.7000      
# span 20 =    35.1090,   541.6318      
# span 21 =    22.9261,   410.5139      
# span 22 =    22.9400,   345.9548      
# span 23 =       0.00,    1564.86      
# span 24 =    111.025,   3389.601      
# span 25 =    112.357,   3573.596      
# span 26 =         30,         73      
# span 27 = 0.0000e+00, 0.0000e+00      
# interval = decibars: 1                
# start_time = Sep 26 2021 02:13:04 [NMEA time, header]
# bad_flag = -9.990e-29
*END*
[from data line 156]
      30315   1263.103    177.731    179.000    18.1043    18.1058   4.782853   4.783063     2.3724     2.0086      74.25   28.08002  -89.99762    0.00305    0.00127     3.7195     3.7570    18.0731    18.0746    36.4928    36.4932    26.3977    26.3977    1530.87    161.842    163.473         38 0.0000e+00
      30351   1264.568    178.724    180.000    18.0929    18.0952   4.781393   4.781688     2.3677     2.0061     100.45   28.08002  -89.99762   -0.00048   -0.00157     3.7103     3.7522    18.0616    18.0639    36.4900    36.4905    26.3985    26.3982    1530.82    161.439    163.265         33 0.0000e+00
      30384   1265.942    179.716    181.000    18.0529    18.0550   4.776480   4.776729     2.3629     2.0031     100.00   28.08002  -89.99762   -0.00272   -0.00205     3.7032     3.7485    18.0214    18.0236    36.4832    36.4835    26.4033    26.4029    1530.76    161.130    163.100         35 0.0000e+00
      30419   1267.416    180.709    182.000    17.9174    17.9252   4.759834   4.760558     2.3556     1.9943     100.00   28.08002  -89.99762   -0.00381   -0.00302     3.6933     3.7298    17.8859    17.8937    36.4608    36.4600    26.4198    26.4172    1530.71    160.697    162.287         35 0.0000e+00
      30454   1268.877    181.701    183.000    17.8844    17.8865   4.755706   4.756009     2.3421     1.9772      54.99   28.08002  -89.99763   -0.00581   -0.00673     3.6704     3.6980    17.8528    17.8549    36.4544    36.4551    26.4231    26.4231    1530.65    159.699    160.899         35 0.0000e+00
      30488   1270.301    182.694    184.000    17.8362    17.8400   4.749701   4.750113     2.3281     1.9633      92.84   28.08002  -89.99764   -0.00866   -0.01036     3.6436     3.6678    17.8045    17.8083    36.4454    36.4455    26.4281    26.4273    1530.59    158.535    159.585         34 0.0000e+00
      30523   1271.748    183.686    185.000    17.7629    17.7658   4.740707   4.741031     2.3161     1.9535      99.99   28.08004  -89.99764   -0.00942   -0.00941     3.6221     3.6491    17.7311    17.7340    36.4330    36.4332    26.4367    26.4362    1530.54    157.594    158.772         35 0.0000e+00
      30557   1273.179    184.679    186.000    17.7234    17.7253   4.735844   4.736063     2.3043     1.9424     100.00   28.08004  -89.99764   -0.00851   -0.00737     3.5988     3.6250    17.6915    17.6934    36.4260    36.4262    26.4411    26.4408    1530.48    156.583    157.724         33 0.0000e+00
      30591   1274.564    185.671    187.000    17.6896    17.6907   4.731781   4.731905     2.2946     1.9342     100.00   28.08004  -89.99764   -0.00802   -0.00719     3.5797     3.6075    17.6575    17.6587    36.4208    36.4209    26.4455    26.4453    1530.42    155.751    156.959         35 0.0000e+00
      30628   1276.107    186.664    188.000    17.6763    17.6781   4.730179   4.730419     2.2869     1.9301     100.00   28.08004  -89.99764   -0.00667   -0.00536     3.5637     3.5988    17.6441    17.6459    36.4185    36.4189    26.4470    26.4469    1530.36    155.055    156.580         38 0.0000e+00
      30663   1277.592    187.656    189.000    17.6634    17.6649   4.728660   4.728864     2.2805     1.9255     100.00   28.08004  -89.99766   -0.00506   -0.00316     3.5505     3.5887    17.6311    17.6326    36.4165    36.4169    26.4487    26.4486    1530.30    154.481    156.141         32 0.0000e+00
      30695   1278.908    188.648    190.000    17.6485    17.6500   4.726871   4.727066     2.2762     1.9221     100.00   28.08004  -89.99766   -0.00418   -0.00275     3.5423     3.5817    17.6160    17.6175    36.4140    36.4143    26.4505    26.4504    1530.24    154.124    155.838         33 0.0000e+00
      30730   1280.369    189.641    191.000    17.5986    17.6031   4.720755   4.721306     2.2715     1.9170      95.54   28.08004  -89.99766   -0.00345   -0.00300     3.5359     3.5730    17.5660    17.5705    36.4054    36.4061    26.4562    26.4556    1530.19    153.843    155.457         36 0.0000e+00
      30764   1281.807    190.633    192.000    17.5597    17.5613   4.715997   4.716190     2.2659     1.9113      91.16   28.08004  -89.99766   -0.00340   -0.00341     3.5266     3.5620    17.5270    17.5286    36.3987    36.3989    26.4606    26.4603    1530.13    153.436    154.980         34 0.0000e+00
      30799   1283.265    191.626    193.000    17.5169    17.5200   4.710874   4.711238     2.2590     1.9040      99.84   28.08006  -89.99766   -0.00399   -0.00419     3.5145     3.5474    17.4840    17.4872    36.3922    36.3926    26.4661    26.4657    1530.07    152.909    154.343         37 0.0000e+00
      30836   1284.786    192.618    194.000    17.4637    17.4686   4.704340   4.704880     2.2523     1.8974     100.00   28.08006  -89.99766   -0.00452   -0.00467     3.5036     3.5352    17.4308    17.4357    36.3828    36.3832    26.4719    26.4710    1530.01    152.437    153.809         34 0.0000e+00
      30868   1286.139    193.611    195.000    17.3839    17.3871   4.694766   4.695162     2.2451     1.8928      99.88   28.08006  -89.99766   -0.00473   -0.00429     3.4936     3.5298    17.3509    17.3541    36.3710    36.3715    26.4823    26.4819    1529.96    152.000    153.575         31 0.0000e+00
      30900   1287.472    194.603    196.000    17.3730    17.3747   4.693462   4.693666     2.2383     1.8875     100.00   28.08006  -89.99766   -0.00502   -0.00384     3.4794     3.5178    17.3398    17.3416    36.3690    36.3692    26.4834    26.4832    1529.90    151.382    153.052         34 0.0000e+00
      30935   1288.927    195.595    197.000    17.3678    17.3685   4.692871   4.692956     2.2333     1.8811     100.00   28.08006  -89.99766   -0.00475   -0.00427     3.4688     3.5027    17.3345    17.3351    36.3681    36.3683    26.4841    26.4840    1529.84    150.919    152.395         37 0.0000e+00
      30974   1290.529    196.588    198.000    17.3647    17.3653   4.692473   4.692596     2.2296     1.8782     100.00   28.08006  -89.99767   -0.00329   -0.00334     3.4613     3.4962    17.3312    17.3319    36.3676    36.3678    26.4844    26.4845    1529.78    150.593    152.110         38 0.0000e+00
      31010   1292.051    197.580    199.000    17.3382    17.3356   4.689765   4.689454     2.2275     1.8766     100.00   28.08006  -89.99768   -0.00213   -0.00160     3.4580     3.4940    17.3045    17.3020    36.3624    36.3616    26.4870    26.4869    1529.73    150.451    152.016         34 0.0000e+00
      31068   1294.439    199.565    201.000    17.2291    17.2318   4.675691   4.675995     2.2178     1.8686      99.99   28.07738  -89.98910   -0.00289   -0.00236     3.4455     3.4829    17.1953    17.1980    36.3405    36.3408    26.4963    26.4959    1529.47    149.905    151.531         30 0.0000e+00
      31105   1296.013    200.557    202.000    17.2218    17.2229   4.675104   4.675251     2.2132     1.8625     100.00   28.08006  -89.99768   -0.00369   -0.00354     3.4359     3.4687    17.1879    17.1890    36.3426    36.3429    26.5000    26.5000    1529.56    149.484    150.914         43 0.0000e+00
      31150   1297.887    201.550    203.000    17.2095    17.2112   4.673667   4.673877     2.2098     1.8584     100.00   28.08006  -89.99768   -0.00284   -0.00343     3.4294     3.4597    17.1754    17.1771    36.3408    36.3411    26.5016    26.5015    1529.51    149.202    150.519         40 0.0000e+00
      31235   1301.418    204.527    206.000    17.0940    17.0984   4.659192   4.659685     2.2001     1.8503      99.98   28.07381  -89.97757   -0.00237   -0.00201     3.4171     3.4487    17.0595    17.0639    36.3149    36.3153    26.5091    26.5084    1529.00    148.668    150.042         37 0.0000e+00
      31285   1303.492    205.519    207.000    17.0398    17.0427   4.653199   4.653552     2.1950     1.8477     100.00   28.08008  -89.99768   -0.00293   -0.00189     3.4096     3.4461    17.0053    17.0082    36.3131    36.3136    26.5213    26.5210    1529.29    148.338    149.929         46 0.0000e+00
      31322   1305.050    206.511    208.000    16.9956    16.9985   4.647888   4.648212     2.1911     1.8440     100.00   28.08008  -89.99768   -0.00295   -0.00199     3.4043     3.4406    16.9610    16.9638    36.3060    36.3063    26.5265    26.5260    1529.23    148.109    149.687         30 0.0000e+00
      31376   1307.286    208.496    210.000    16.8973    16.8995   4.635881   4.636119     2.1861     1.8400      99.99   28.07593  -89.98441   -0.00214   -0.00181     3.4009     3.4385    16.8624    16.8647    36.2870    36.2870    26.5351    26.5346    1528.89    147.959    149.592         34 0.0000e+00
      31422   1309.197    209.488    211.000    16.8740    16.8757   4.633478   4.633696     2.1823     1.8366      94.00   28.08008  -89.99770   -0.00208   -0.00176     3.3941     3.4318    16.8390    16.8407    36.2881    36.2885    26.5419    26.5418    1529.06    147.663    149.300         49 0.0000e+00
      31464   1310.965    210.481    212.000    16.8574    16.8603   4.631485   4.631825     2.1794     1.8332      89.66   28.08008  -89.99770   -0.00214   -0.00206     3.3891     3.4249    16.8223    16.8252    36.2851    36.2855    26.5436    26.5432    1529.01    147.443    148.999         32 0.0000e+00
      31552   1314.639    213.458    215.000    16.6880    16.6906   4.610719   4.611044     2.1679     1.8228      99.99   28.07682  -89.98724   -0.00302   -0.00271     3.3764     3.4116    16.6526    16.6553    36.2530    36.2535    26.5590    26.5587    1528.66    146.887    148.421         45 0.0000e+00
      31601   1316.665    214.450    216.000    16.6310    16.6349   4.604267   4.604722     2.1632     1.8178      98.44   28.08009  -89.99770   -0.00263   -0.00285     3.3700     3.4034    16.5955    16.5995    36.2485    36.2489    26.5693    26.5687    1528.78    146.609    148.063         41 0.0000e+00
      31659   1319.091    216.434    218.000    16.5808    16.5838   4.597697   4.598009     2.1558     1.8135      99.99   28.07717  -89.98830   -0.00281   -0.00172     3.3572     3.3969    16.5451    16.5481    36.2339    36.2340    26.5697    26.5691    1528.51    146.053    147.778         30 0.0000e+00
      31694   1320.552    217.427    219.000    16.5406    16.5430   4.593295   4.593523     2.1504     1.8075     100.00   28.08010  -89.99770   -0.00314   -0.00246     3.3480     3.3849    16.5048    16.5072    36.2321    36.2319    26.5781    26.5774    1528.62    145.650    147.256         34 0.0000e+00
      31979   1332.437    228.342    230.000    16.1981    16.2000   4.552897   4.553075     2.1253     1.7846     100.00   28.08098  -90.00054   -0.00225   -0.00244     3.3189     3.3551    16.1611    16.1629    36.1801    36.1800    26.6186    26.6181    1528.05    144.380    145.953         30 0.0000e+00
      32103   1337.570    233.303    235.000    16.0490    16.0502   4.534966   4.535095     2.1103     1.7716     100.00   28.08028  -89.99825   -0.00307   -0.00280     3.2964     3.3341    16.0114    16.0125    36.1535    36.1536    26.6327    26.6325    1527.74    143.400    145.037         30 0.0000e+00
      33306   1387.693    279.932    282.000    14.6184    14.6235   4.365447   4.365997     1.9271     1.6037      99.99   28.07821  -89.99144   -0.00505   -0.00436     2.9743     3.0074    14.5760    14.5810    35.9071    35.9069    26.7645    26.7633    1525.26    129.369    130.810         31 0.0000e+00
      33459   1394.083    285.884    288.000    14.3951    14.3966   4.339394   4.339572     1.9088     1.5875     100.00   28.07935  -89.99513   -0.00233   -0.00153     2.9466     2.9812    14.3522    14.3538    35.8709    35.8711    26.7851    26.7849    1525.02    128.163    129.667         31 0.0000e+00
      33491   1395.431    286.876    289.000    14.3689    14.3717   4.336460   4.336719     1.9068     1.5863      88.71   28.08020  -89.99784   -0.00196   -0.00107     2.9437     2.9797    14.3260    14.3287    35.8677    35.8676    26.7884    26.7876    1525.01    128.037    129.601         31 0.0000e+00
      33616   1400.605    291.835    294.000    14.2040    14.2057   4.317377   4.317560     1.8977     1.5781      70.42   28.08065  -89.99923   -0.00172   -0.00158     2.9342     2.9704    14.1606    14.1624    35.8416    35.8417    26.8037    26.8033    1524.78    127.622    129.194         31 0.0000e+00
      33843   1410.094    300.762    303.000    13.8556    13.8598   4.276640   4.277054     1.8810     1.5613     100.00   28.07921  -89.99456   -0.00223   -0.00221     2.9195     2.9508    13.8116    13.8159    35.7810    35.7809    26.8306    26.8297    1524.24    126.978    128.339         30 0.0000e+00
      33996   1416.469    306.714    309.000    13.6856    13.6943   4.256934   4.257879     1.8720     1.5558      99.99   28.07882  -89.99326   -0.00113   -0.00075     2.9108     2.9490    13.6412    13.6498    35.7523    35.7526    26.8441    26.8425    1523.92    126.597    128.260         31 0.0000e+00
      34029   1417.831    307.706    310.000    13.5847    13.5882   4.245456   4.245758     1.8697     1.5532     100.00   28.08026  -89.99788   -0.00137   -0.00125     2.9123     2.9491    13.5403    13.5438    35.7379    35.7375    26.8541    26.8530    1523.95    126.661    128.265         30 0.0000e+00
      34355   1431.419    320.599    323.000    13.1162    13.1226   4.191810   4.192390     1.8415     1.5260      99.99   28.07829  -89.99150   -0.00236   -0.00191     2.8772     2.9096    13.0710    13.0774    35.6623    35.6618    26.8917    26.8900    1523.17    125.130    126.540         30 0.0000e+00
      34390   1432.866    321.591    324.000    13.0506    13.0518   4.184730   4.184813     1.8320     1.5166     100.00   28.08028  -89.99789   -0.00454   -0.00427     2.8574     2.8881    13.0054    13.0067    35.6566    35.6562    26.9007    26.9001    1523.22    124.270    125.605         33 0.0000e+00
      34515   1438.084    326.550    329.000    12.9405    12.9433   4.172411   4.172680     1.7993     1.4862     100.01   28.08193  -90.00313   -0.00588   -0.00533     2.7826     2.8117    12.8949    12.8977    35.6408    35.6407    26.9109    26.9103    1523.05    121.014    122.279         37 0.0000e+00
      34635   1443.077    331.509    334.000    12.7619    12.7633   4.151783   4.151891     1.7836     1.4715      95.47   28.07735  -89.98838   -0.00309   -0.00324     2.7556     2.7838    12.7160    12.7174    35.6079    35.6076    26.9209    26.9204    1522.54    119.840    121.066         34 0.0000e+00
      34975   1457.239    344.401    347.000    12.0957    12.1059   4.077546   4.078543     1.7121     1.4047      97.73   28.08015  -89.99725   -0.00731   -0.00676     2.6163     2.6392    12.0496    12.0599    35.5153    35.5153    26.9800    26.9779    1522.01    113.774    114.771         31 0.0000e+00
      35129   1463.674    350.351    353.000    11.8070    11.8008   4.045842   4.044899     1.6911     1.3889      91.54   28.08133  -90.00096   -0.00283   -0.00216     2.5808     2.6144    11.7609    11.7548    35.4777    35.4743    27.0060    27.0045    1521.74    112.228    113.688         31 0.0000e+00
      35533   1480.517    366.217    369.000    10.9857    10.9946   3.954478   3.955305     1.6751     1.3754      75.67   28.08115  -90.00023   -0.00046   -0.00049     2.5956     2.6306    10.9397    10.9486    35.3523    35.3519    27.0610    27.0591    1520.85    112.863    114.387         30 0.0000e+00
      35958   1498.199    383.073    386.000    10.0679    10.0649   3.854474   3.854068     1.6492     1.3520      58.88   28.08071  -89.99859   -0.00104   -0.00058     2.5899     2.6259    10.0224    10.0194    35.2218    35.2205    27.1214    27.1209    1519.78    112.611    114.175         32 0.0000e+00
