Gulf of Mexico/GOMECC-4/1db/rb2103_1041.ros
* Sea-Bird SBE 9 Data File:
* FileName = C:\Users\scs.user.rb\CTD\GOMECC4\data\rb2103_1041.hex
* Software Version Seasave V 7.26.7.107
* Temperature SN = 4799
* Conductivity SN = 3860
* Number of Bytes Per Scan = 41
* Number of Voltage Words = 4
* Number of Scans Averaged by the Deck Unit = 1
* NMEA Latitude = 24 59.65 N
* NMEA Longitude = 087 59.43 W
* NMEA UTC (Time) = Oct 13 2021  08:39:27
* NMEA baud rate = 4800
# nquan = 17
# nvalues = 3192                                  
# units = specified
# name 0 = scan: Scan Count
# name 1 = timeS: Time, Elapsed [seconds]
# name 2 = depSM: Depth [salt water, m]
# name 3 = prDM: Pressure, Digiquartz [db]
# name 4 = t090C: Temperature [ITS-90, deg C]
# name 5 = t190C: Temperature, 2 [ITS-90, deg C]
# name 6 = c0S/m: Conductivity [S/m]
# name 7 = c1S/m: Conductivity, 2 [S/m]
# name 8 = sbeox0V: Oxygen raw, SBE 43 [V]
# name 9 = sbeox1V: Oxygen raw, SBE 43, 2 [V]
# name 10 = altM: Altimeter [m]
# name 11 = latitude: Latitude [deg]
# name 12 = longitude: Longitude [deg]
# name 13 = sbox0dV/dT: Oxygen, SBE 43 [dov/dt]
# name 14 = sbox1dV/dT: Oxygen, SBE 43, 2 [dov/dt]
# name 15 = nbf: Bottles Fired
# name 16 = flag:  0.000e+00
# interval = seconds: 0.0416667
# start_time = Oct 13 2021 08:39:27 [NMEA time, header]
# bad_flag = -9.990e-29
*END*
[from data line 2213]
     211564   8815.125    168.464    169.624    22.9705    22.9657   5.360725   5.360294     2.4457     2.0488      38.80   25.01406  -88.00274   -0.00032   -0.00148         17  0.000e+00
     211565   8815.167    168.505    169.665    22.9708    22.9673   5.360687   5.360372     2.4457     2.0501      38.80   25.01406  -88.00274   -0.00031   -0.00147         17  0.000e+00
     211566   8815.208    168.518    169.679    22.9705    22.9679   5.360664   5.360488     2.4457     2.0488      38.80   25.01406  -88.00274   -0.00031   -0.00148         17  0.000e+00
     211567   8815.250    168.505    169.665    22.9706    22.9679   5.360695   5.360480     2.4469     2.0488      38.80   25.01406  -88.00274   -0.00030   -0.00148         17  0.000e+00
     211568   8815.292    168.505    169.666    22.9702    22.9675   5.360618   5.360402     2.4457     2.0501      58.51   25.01406  -88.00274   -0.00031   -0.00147         17  0.000e+00
     211569   8815.333    168.519    169.679    22.9702    22.9666   5.360573   5.360364     2.4457     2.0488      92.99   25.01406  -88.00274   -0.00031   -0.00147         17  0.000e+00
     211570   8815.375    168.559    169.720    22.9686    22.9659   5.360450   5.360310     2.4457     2.0501     100.00   25.01406  -88.00274   -0.00031   -0.00146         17  0.000e+00
     211571   8815.417    168.519    169.679    22.9680    22.9661   5.360435   5.360294     2.4457     2.0501     100.00   25.01406  -88.00274   -0.00031   -0.00146         17  0.000e+00
     211572   8815.458    168.559    169.720    22.9678    22.9666   5.360405   5.360341     2.4469     2.0501     100.00   25.01406  -88.00274   -0.00029   -0.00144         17  0.000e+00
     211573   8815.500    168.559    169.720    22.9677    22.9672   5.360344   5.360410     2.4469     2.0501     100.00   25.01406  -88.00274   -0.00027   -0.00142         17  0.000e+00
     211574   8815.542    168.519    169.679    22.9668    22.9670   5.360344   5.360395     2.4469     2.0501      99.98   25.01406  -88.00274   -0.00027   -0.00139         17  0.000e+00
     211575   8815.583    168.560    169.721    22.9674    22.9663   5.360397   5.360325     2.4469     2.0501     100.00   25.01406  -88.00274   -0.00025   -0.00137         17  0.000e+00
     211576   8815.625    168.519    169.680    22.9680    22.9661   5.360397   5.360333     2.4469     2.0488     100.00   25.01406  -88.00274   -0.00023   -0.00136         17  0.000e+00
     211577   8815.667    168.560    169.721    22.9663    22.9656   5.360290   5.360271     2.4469     2.0501     100.00   25.01406  -88.00274   -0.00021   -0.00134         17  0.000e+00
     211578   8815.708    168.560    169.721    22.9659    22.9643   5.360237   5.360124     2.4469     2.0501     100.00   25.01406  -88.00274   -0.00019   -0.00131         17  0.000e+00
     211579   8815.750    168.567    169.728    22.9657    22.9634   5.360191   5.360078     2.4469     2.0501     100.00   25.01406  -88.00274   -0.00017   -0.00128         17  0.000e+00
     211580   8815.792    168.607    169.769    22.9651    22.9623   5.360153   5.359939     2.4469     2.0501     100.00   25.01408  -88.00274   -0.00017   -0.00125         17  0.000e+00
     211581   8815.833    168.567    169.728    22.9647    22.9613   5.360130   5.359900     2.4469     2.0501     100.00   25.01408  -88.00274   -0.00015   -0.00122         17  0.000e+00
     211582   8815.875    168.607    169.769    22.9645    22.9609   5.360061   5.359830     2.4457     2.0513     100.00   25.01408  -88.00274   -0.00015   -0.00118         17  0.000e+00
     211583   8815.917    168.607    169.769    22.9630    22.9604   5.359985   5.359768     2.4469     2.0501     100.00   25.01408  -88.00274   -0.00013   -0.00117         17  0.000e+00
     211584   8815.958    168.567    169.728    22.9616    22.9597   5.359924   5.359768     2.4469     2.0501     100.00   25.01408  -88.00274   -0.00012   -0.00115         17  0.000e+00
     211585   8816.000    168.608    169.769    22.9633    22.9588   5.359955   5.359699     2.4469     2.0513     100.00   25.01408  -88.00274   -0.00010   -0.00112         17  0.000e+00
     211586   8816.042    168.614    169.776    22.9639    22.9584   5.359985   5.359575     2.4469     2.0513     100.00   25.01408  -88.00274   -0.00008   -0.00108         17  0.000e+00
     211587   8816.083    168.608    169.769    22.9630    22.9577   5.359993   5.359521     2.4457     2.0513     100.00   25.01408  -88.00274   -0.00008   -0.00104         17  0.000e+00
     211588   8816.125    168.608    169.769    22.9640    22.9569   5.360008   5.359428     2.4469     2.0513     100.00   25.01408  -88.00274   -0.00007   -0.00100         17  0.000e+00
     211589   8816.167    168.614    169.776    22.9648    22.9563   5.360061   5.359374     2.4469     2.0513     100.00   25.01408  -88.00274   -0.00005   -0.00096         17  0.000e+00
     211590   8816.208    168.662    169.824    22.9648    22.9559   5.360130   5.359343     2.4457     2.0513     100.00   25.01408  -88.00274   -0.00007   -0.00093         17  0.000e+00
     211591   8816.250    168.669    169.831    22.9646    22.9555   5.360130   5.359250     2.4457     2.0513     100.00   25.01408  -88.00274   -0.00009   -0.00090         17  0.000e+00
     211592   8816.292    168.608    169.769    22.9645    22.9554   5.360061   5.359328     2.4457     2.0513     100.00   25.01408  -88.00274   -0.00009   -0.00086         17  0.000e+00
     211593   8816.333    168.662    169.824    22.9646    22.9561   5.360054   5.359366     2.4457     2.0513     100.00   25.01408  -88.00274   -0.00010   -0.00084         17  0.000e+00
     211594   8816.375    168.669    169.831    22.9641    22.9564   5.360039   5.359366     2.4457     2.0513     100.00   25.01408  -88.00274   -0.00012   -0.00082         17  0.000e+00
     211595   8816.417    168.662    169.824    22.9629    22.9549   5.359916   5.359227     2.4457     2.0513     100.00   25.01408  -88.00274   -0.00013   -0.00079         17  0.000e+00
     211596   8816.458    168.662    169.824    22.9624    22.9532   5.359901   5.359065     2.4457     2.0513     100.00   25.01408  -88.00274   -0.00015   -0.00077         17  0.000e+00
     211597   8816.500    168.669    169.831    22.9627    22.9518   5.359871   5.358941     2.4457     2.0525     100.00   25.01408  -88.00274   -0.00015   -0.00072         17  0.000e+00
     211598   8816.542    168.662    169.824    22.9611    22.9511   5.359772   5.358879     2.4457     2.0513     100.00   25.01408  -88.00274   -0.00014   -0.00070         17  0.000e+00
     211599   8816.583    168.717    169.879    22.9594    22.9506   5.359634   5.358817     2.4469     2.0513     100.00   25.01408  -88.00274   -0.00012   -0.00067         17  0.000e+00
     211600   8816.625    168.663    169.824    22.9586    22.9504   5.359436   5.358787     2.4457     2.0513     100.00   25.01408  -88.00274   -0.00014   -0.00065         17  0.000e+00
     211601   8816.667    168.663    169.824    22.9577    22.9500   5.359375   5.358748     2.4457     2.0525     100.00   25.01408  -88.00274   -0.00014   -0.00061         17  0.000e+00
     211602   8816.708    168.717    169.879    22.9576    22.9496   5.359337   5.358686     2.4457     2.0525     100.00   25.01408  -88.00274   -0.00013   -0.00056         17  0.000e+00
     211603   8816.750    168.663    169.824    22.9579    22.9493   5.359443   5.358686     2.4457     2.0525     100.00   25.01408  -88.00274   -0.00013   -0.00052         17  0.000e+00
     211604   8816.792    168.717    169.879    22.9573    22.9495   5.359398   5.358663     2.4457     2.0525     100.00   25.01408  -88.00274   -0.00013   -0.00048         17  0.000e+00
     211605   8816.833    168.710    169.872    22.9574    22.9492   5.359382   5.358632     2.4469     2.0525     100.00   25.01408  -88.00274   -0.00011   -0.00043         17  0.000e+00
     211606   8816.875    168.710    169.872    22.9579    22.9489   5.359436   5.358647     2.4469     2.0525     100.00   25.01408  -88.00274   -0.00008   -0.00039         17  0.000e+00
     211607   8816.917    168.717    169.879    22.9587    22.9489   5.359489   5.358655     2.4457     2.0537     100.00   25.01408  -88.00274   -0.00008   -0.00033         17  0.000e+00
     211608   8816.958    168.663    169.825    22.9589    22.9484   5.359581   5.358616     2.4457     2.0537     100.00   25.01408  -88.00274   -0.00008   -0.00027         17  0.000e+00
     211609   8817.000    168.765    169.927    22.9599    22.9482   5.359657   5.358616     2.4457     2.0537     100.00   25.01408  -88.00274   -0.00007   -0.00021         17  0.000e+00
     211610   8817.042    168.710    169.873    22.9612    22.9482   5.359749   5.358578     2.4457     2.0537     100.00   25.01408  -88.00274   -0.00007   -0.00015         17  0.000e+00
     211611   8817.083    168.663    169.825    22.9627    22.9480   5.359817   5.358593     2.4457     2.0537     100.00   25.01408  -88.00274   -0.00006   -0.00009         17  0.000e+00
     215501   8979.167    124.212    125.054    25.9210    25.9239   5.640010   5.640408     2.6923     2.2674     100.00   25.01480  -88.00304   -0.00004   -0.00017         18  0.000e+00
     215502   8979.208    124.686    125.532    25.9208    25.9239   5.640041   5.640376     2.6923     2.2674     100.00   25.01480  -88.00304   -0.00006   -0.00020         18  0.000e+00
     215503   8979.250    124.659    125.504    25.9211    25.9233   5.640088   5.640329     2.6923     2.2674     100.00   25.01480  -88.00304   -0.00007   -0.00022         18  0.000e+00
     215504   8979.292    124.585    125.429    25.9211    25.9231   5.640033   5.640392     2.6923     2.2674     100.00   25.01480  -88.00304   -0.00007   -0.00023         18  0.000e+00
     215505   8979.333    124.564    125.409    25.9213    25.9235   5.640111   5.640376     2.6911     2.2662     100.00   25.01480  -88.00304   -0.00009   -0.00026         18  0.000e+00
     215506   8979.375    124.585    125.429    25.9213    25.9237   5.640111   5.640463     2.6911     2.2662     100.00   25.01480  -88.00304   -0.00012   -0.00029         18  0.000e+00
     215507   8979.417    124.612    125.457    25.9217    25.9239   5.640142   5.640432     2.6923     2.2662     100.00   25.01480  -88.00304   -0.00010   -0.00032         18  0.000e+00
     215508   8979.458    124.585    125.429    25.9217    25.9237   5.640111   5.640448     2.6911     2.2662     100.00   25.01480  -88.00304   -0.00012   -0.00035         18  0.000e+00
     215509   8979.500    124.564    125.409    25.9221    25.9237   5.640103   5.640424     2.6911     2.2662     100.00   25.01480  -88.00304   -0.00014   -0.00038         18  0.000e+00
     215510   8979.542    124.585    125.429    25.9215    25.9241   5.640103   5.640313     2.6923     2.2662     100.00   25.01480  -88.00304   -0.00015   -0.00040         18  0.000e+00
     215511   8979.583    124.612    125.457    25.9219    25.9239   5.640142   5.640369     2.6911     2.2662     100.00   25.01480  -88.00304   -0.00017   -0.00041         18  0.000e+00
     215512   8979.625    124.564    125.409    25.9217    25.9239   5.640111   5.640408     2.6911     2.2662     100.00   25.01480  -88.00304   -0.00019   -0.00042         18  0.000e+00
     215513   8979.667    124.585    125.429    25.9219    25.9237   5.640103   5.640416     2.6911     2.2662     100.00   25.01480  -88.00304   -0.00021   -0.00045         18  0.000e+00
     215514   8979.708    124.612    125.457    25.9216    25.9235   5.640142   5.640345     2.6911     2.2662     100.00   25.01480  -88.00304   -0.00021   -0.00046         18  0.000e+00
     215515   8979.750    124.585    125.429    25.9215    25.9235   5.640111   5.640392     2.6911     2.2662     100.00   25.01480  -88.00304   -0.00023   -0.00047         18  0.000e+00
     215516   8979.792    124.612    125.457    25.9217    25.9233   5.640064   5.640376     2.6911     2.2662     100.00   25.01482  -88.00306   -0.00025   -0.00049         18  0.000e+00
     215517   8979.833    124.639    125.484    25.9217    25.9235   5.640057   5.640353     2.6923     2.2662     100.00   25.01482  -88.00306   -0.00025   -0.00050         18  0.000e+00
     215518   8979.875    124.612    125.457    25.9217    25.9237   5.640057   5.640361     2.6923     2.2662     100.00   25.01482  -88.00306   -0.00025   -0.00052         18  0.000e+00
     215519   8979.917    124.585    125.429    25.9217    25.9237   5.640057   5.640400     2.6923     2.2662     100.00   25.01482  -88.00306   -0.00025   -0.00055         18  0.000e+00
     215520   8979.958    124.564    125.409    25.9213    25.9237   5.640096   5.640416     2.6923     2.2662     100.00   25.01482  -88.00306   -0.00025   -0.00055         18  0.000e+00
     215521   8980.000    124.659    125.504    25.9212    25.9235   5.640064   5.640416     2.6923     2.2662     100.00   25.01482  -88.00306   -0.00025   -0.00057         18  0.000e+00
     215522   8980.042    124.585    125.429    25.9215    25.9235   5.640057   5.640400     2.6923     2.2662     100.00   25.01482  -88.00306   -0.00025   -0.00059         18  0.000e+00
     215523   8980.083    124.612    125.457    25.9215    25.9235   5.640057   5.640376     2.6923     2.2662     100.00   25.01482  -88.00306   -0.00027   -0.00060         18  0.000e+00
     215524   8980.125    124.639    125.484    25.9213    25.9235   5.640057   5.640369     2.6923     2.2662     100.00   25.01482  -88.00306   -0.00027   -0.00060         18  0.000e+00
     215525   8980.167    124.612    125.457    25.9213    25.9237   5.640057   5.640369     2.6923     2.2662     100.00   25.01482  -88.00306   -0.00027   -0.00060         18  0.000e+00
     215526   8980.208    124.585    125.429    25.9213    25.9237   5.640057   5.640400     2.6923     2.2662     100.00   25.01482  -88.00306   -0.00027   -0.00061         18  0.000e+00
     215527   8980.250    124.659    125.504    25.9213    25.9237   5.640057   5.640376     2.6935     2.2662     100.00   25.01482  -88.00306   -0.00026   -0.00061         18  0.000e+00
     215528   8980.292    124.585    125.429    25.9210    25.9237   5.640088   5.640353     2.6923     2.2662     100.00   25.01482  -88.00306   -0.00026   -0.00061         18  0.000e+00
     215529   8980.333    124.612    125.457    25.9215    25.9235   5.640064   5.640400     2.6923     2.2662      64.96   25.01482  -88.00306   -0.00026   -0.00061         18  0.000e+00
     215530   8980.375    124.639    125.484    25.9211    25.9239   5.640025   5.640416     2.6935     2.2662      35.24   25.01482  -88.00306   -0.00024   -0.00061         18  0.000e+00
     215531   8980.417    124.612    125.457    25.9213    25.9239   5.640010   5.640416     2.6935     2.2662      29.94   25.01482  -88.00306   -0.00023   -0.00060         18  0.000e+00
     215532   8980.458    124.612    125.457    25.9215    25.9239   5.640041   5.640416     2.6935     2.2662      31.72   25.01482  -88.00306   -0.00021   -0.00060         18  0.000e+00
     215533   8980.500    124.639    125.484    25.9213    25.9239   5.640057   5.640400     2.6935     2.2674      32.89   25.01482  -88.00306   -0.00020   -0.00058         18  0.000e+00
     215534   8980.542    124.612    125.457    25.9215    25.9241   5.640057   5.640408     2.6935     2.2674      33.06   25.01482  -88.00306   -0.00018   -0.00056         18  0.000e+00
     215535   8980.583    124.639    125.484    25.9212    25.9239   5.640088   5.640416     2.6935     2.2674      32.99   25.01482  -88.00306   -0.00017   -0.00054         18  0.000e+00
     215536   8980.625    124.659    125.505    25.9210    25.9241   5.640103   5.640376     2.6935     2.2674      32.92   25.01482  -88.00306   -0.00015   -0.00050         18  0.000e+00
