Gulf of Mexico/GOMECC-4/1db/rb2103_0971.cnv
* Sea-Bird SBE 9 Data File:
* FileName = C:\Users\scs.user.rb\CTD\GOMECC4\data\rb2103_0971.hex
* Software Version Seasave V 7.26.7.107
* Temperature SN = 4799
* Conductivity SN = 3860
* Number of Bytes Per Scan = 41
* Number of Voltage Words = 4
* Number of Scans Averaged by the Deck Unit = 1
* NMEA Latitude = 22 58.24 N
* NMEA Longitude = 090 29.95 W
* NMEA UTC (Time) = Oct 11 2021  11:24:34
* NMEA baud rate = 4800
# nquan = 28
# nvalues = 378                         
# units = specified
# name 0 = scan: Scan Count
# name 1 = timeS: Time, Elapsed [seconds]
# name 2 = depSM: Depth [salt water, m]
# name 3 = prDM: Pressure, Digiquartz [db]
# name 4 = t090C: Temperature [ITS-90, deg C]
# name 5 = t190C: Temperature, 2 [ITS-90, deg C]
# name 6 = c0S/m: Conductivity [S/m]
# name 7 = c1S/m: Conductivity, 2 [S/m]
# name 8 = sbeox0V: Oxygen raw, SBE 43 [V]
# name 9 = sbeox1V: Oxygen raw, SBE 43, 2 [V]
# name 10 = altM: Altimeter [m]
# name 11 = latitude: Latitude [deg]
# name 12 = longitude: Longitude [deg]
# name 13 = sbox0dV/dT: Oxygen, SBE 43 [dov/dt]
# name 14 = sbox1dV/dT: Oxygen, SBE 43, 2 [dov/dt]
# name 15 = sbeox0ML/L: Oxygen, SBE 43 [ml/l], WS = 5
# name 16 = sbeox1ML/L: Oxygen, SBE 43, 2 [ml/l], WS = 5
# name 17 = potemp090C: Potential Temperature [ITS-90, deg C]
# name 18 = potemp190C: Potential Temperature, 2 [ITS-90, deg C]
# name 19 = sal00: Salinity, Practical [PSU]
# name 20 = sal11: Salinity, Practical, 2 [PSU]
# name 21 = sigma-é00: Density [sigma-theta, kg/m^3]
# name 22 = sigma-é11: Density, 2 [sigma-theta, kg/m^3]
# name 23 = avgsvCM: Average Sound Velocity [Chen-Millero, m/s], minP = 20, minS = 20
# name 24 = sbox0Mm/Kg: Oxygen, SBE 43 [umol/kg], WS = 5
# name 25 = sbox1Mm/Kg: Oxygen, SBE 43, 2 [umol/kg], WS = 5
# name 26 = nbin: number of scans per bin
# name 27 = flag: flag
# span 0 =      10013,      96171       
# span 1 =    417.172,   4007.087       
# span 2 =      1.987,    956.703       
# span 3 =      2.000,    965.000       
# span 4 =     5.4044,    29.6045       
# span 5 =     5.4058,    29.6050       
# span 6 =   3.418986,   5.977187       
# span 7 =   3.419085,   5.977574       
# span 8 =     1.5729,     3.1817       
# span 9 =     1.2755,     2.6965       
# span 10 =      10.44,     100.85      
# span 11 =   22.93249,   23.01417      
# span 12 =  -90.66408,  -90.34216      
# span 13 =   -0.03952,    0.03655      
# span 14 =   -0.03770,    0.03660      
# span 15 =     2.4251,     4.6490      
# span 16 =     2.4414,     4.6517      
# span 17 =     5.3206,    29.6035      
# span 18 =     5.3220,    29.6040      
# span 19 =    34.9142,    36.5412      
# span 20 =    34.9139,    36.5416      
# span 21 =    22.7651,    27.5801      
# span 22 =    22.7486,    27.5796      
# span 23 =       0.00,    1546.31      
# span 24 =    105.442,    202.691      
# span 25 =    106.151,    202.812      
# span 26 =         30,         73      
# span 27 = 0.0000e+00, 0.0000e+00      
# interval = decibars: 1                
# start_time = Oct 11 2021 11:24:34 [NMEA time, header]
# bad_flag = -9.990e-29
*END*
[from data line 208]
      35162   1465.049    898.337    906.000     5.6490     5.6495   3.438036   3.438053     1.7625     1.4542      69.42   22.97219  -90.50060    0.00060    0.00025     3.4922     3.5176     5.5691     5.5695    34.9208    34.9205    27.5443    27.5440    1502.16    151.780    152.885         38 0.0000e+00
      35196   1466.474    899.326    907.000     5.6465     5.6471   3.437719   3.437742     1.7630     1.4543      68.53   22.97174  -90.49884    0.00051    0.00007     3.4939     3.5189     5.5665     5.5671    34.9204    34.9200    27.5442    27.5439    1502.11    151.855    152.941         32 0.0000e+00
      35229   1467.818    900.316    908.000     5.6374     5.6386   3.437081   3.437143     1.7632     1.4543      67.55   22.97174  -90.49884    0.00035    0.00003     3.4967     3.5199     5.5573     5.5586    34.9204    34.9200    27.5455    27.5450    1502.10    151.975    152.985         33 0.0000e+00
      35263   1469.244    901.305    909.000     5.6343     5.6348   3.436809   3.436816     1.7637     1.4553      66.46   22.97174  -90.49884    0.00026    0.00020     3.4990     3.5242     5.5542     5.5546    34.9205    34.9201    27.5459    27.5455    1502.08    152.075    153.173         35 0.0000e+00
      35297   1470.648    902.294    910.000     5.6337     5.6340   3.436799   3.436800     1.7643     1.4554      65.53   22.97174  -90.49884    0.00034    0.00039     3.5016     3.5253     5.5535     5.5538    34.9205    34.9202    27.5460    27.5457    1502.07    152.190    153.219         32 0.0000e+00
      35329   1472.006    903.284    911.000     5.6324     5.6324   3.436731   3.436701     1.7650     1.4554      64.44   22.97174  -90.49884    0.00043    0.00024     3.5045     3.5258     5.5521     5.5521    34.9206    34.9202    27.5462    27.5459    1502.05    152.316    153.241         33 0.0000e+00
      35362   1473.370    904.273    912.000     5.6231     5.6239   3.435954   3.435987     1.7654     1.4561      63.51   22.97174  -90.49884    0.00044    0.00012     3.5071     3.5295     5.5428     5.5436    34.9209    34.9204    27.5476    27.5471    1502.04    152.428    153.400         33 0.0000e+00
      35395   1474.757    905.263    913.000     5.6129     5.6144   3.435073   3.435158     1.7656     1.4567      62.57   22.97174  -90.49884    0.00027    0.00033     3.5091     3.5331     5.5325     5.5340    34.9210    34.9205    27.5489    27.5484    1502.02    152.516    153.559         34 0.0000e+00
      35430   1476.206    906.252    914.000     5.6086     5.6092   3.434728   3.434757     1.7661     1.4573      61.45   22.97174  -90.49884    0.00016    0.00043     3.5117     3.5364     5.5282     5.5288    34.9210    34.9207    27.5495    27.5492    1502.00    152.630    153.703         35 0.0000e+00
      35465   1477.673    907.242    915.000     5.6024     5.6035   3.434237   3.434292     1.7670     1.4579      60.48   22.97174  -90.49884    0.00043    0.00044     3.5156     3.5394     5.5219     5.5230    34.9212    34.9208    27.5504    27.5499    1501.99    152.799    153.830         34 0.0000e+00
      35497   1479.008    908.231    916.000     5.5904     5.5911   3.433240   3.433272     1.7678     1.4587      59.51   22.97174  -90.49884    0.00060    0.00046     3.5203     3.5443     5.5099     5.5106    34.9213    34.9209    27.5520    27.5516    1501.98    153.001    154.042         31 0.0000e+00
      35529   1480.334    909.220    917.000     5.5849     5.5855   3.432757   3.432774     1.7685     1.4601      58.48   22.97174  -90.49882    0.00055    0.00066     3.5234     3.5503     5.5044     5.5050    34.9215    34.9211    27.5528    27.5524    1501.96    153.133    154.304         33 0.0000e+00
      35562   1481.704    910.209    918.000     5.5815     5.5820   3.432495   3.432504     1.7694     1.4614      57.56   22.97174  -90.49882    0.00060    0.00098     3.5274     3.5558     5.5009     5.5014    34.9215    34.9211    27.5532    27.5529    1501.95    153.309    154.542         32 0.0000e+00
      35595   1483.066    911.199    919.000     5.5788     5.5793   3.432299   3.432309     1.7705     1.4623      56.41   22.97175  -90.49882    0.00067    0.00088     3.5316     3.5598     5.4981     5.4986    34.9216    34.9212    27.5537    27.5533    1501.93    153.490    154.717         35 0.0000e+00
      35631   1484.577    912.188    920.000     5.5750     5.5753   3.432011   3.432002     1.7714     1.4630      55.45   22.97176  -90.49882    0.00071    0.00062     3.5357     3.5630     5.4943     5.4946    34.9218    34.9213    27.5543    27.5539    1501.91    153.669    154.858         36 0.0000e+00
      35664   1485.941    913.178    921.000     5.5715     5.5720   3.431752   3.431755     1.7725     1.4635      54.53   22.97176  -90.49882    0.00068    0.00051     3.5400     3.5657     5.4907     5.4912    34.9219    34.9215    27.5548    27.5544    1501.90    153.857    154.975         30 0.0000e+00
      35695   1487.246    914.167    922.000     5.5684     5.5687   3.431517   3.431500     1.7731     1.4638      53.50   22.97176  -90.49882    0.00065    0.00031     3.5428     3.5675     5.4875     5.4878    34.9220    34.9215    27.5553    27.5548    1501.88    153.978    155.051         34 0.0000e+00
      35731   1488.736    915.156    923.000     5.5672     5.5677   3.431450   3.431465     1.7738     1.4643      52.48   22.97176  -90.49882    0.00057    0.00027     3.5456     3.5701     5.4862     5.4868    34.9220    34.9216    27.5554    27.5550    1501.87    154.100    155.163         35 0.0000e+00
      35763   1490.090    916.145    924.000     5.5661     5.5665   3.431403   3.431403     1.7740     1.4651      51.46   22.97176  -90.49882    0.00040    0.00044     3.5470     3.5734     5.4850     5.4854    34.9221    34.9217    27.5556    27.5553    1501.85    154.163    155.307         31 0.0000e+00
      35795   1491.404    917.135    925.000     5.5657     5.5662   3.431416   3.431419     1.7743     1.4653      50.60   22.97176  -90.49882    0.00027    0.00042     3.5484     3.5748     5.4846     5.4850    34.9221    34.9217    27.5557    27.5553    1501.84    154.221    155.367         34 0.0000e+00
      35830   1492.874    918.124    926.000     5.5646     5.5652   3.431356   3.431380     1.7743     1.4657      49.45   22.97176  -90.49882    0.00013    0.00030     3.5491     3.5765     5.4834     5.4839    34.9221    34.9218    27.5558    27.5555    1501.83    154.250    155.445         35 0.0000e+00
      35863   1494.268    919.113    927.000     5.5633     5.5638   3.431292   3.431292     1.7747     1.4661      48.48   22.97176  -90.49880    0.00013    0.00023     3.5510     3.5786     5.4820     5.4825    34.9222    34.9217    27.5561    27.5556    1501.81    154.333    155.532         32 0.0000e+00
      35896   1495.641    920.102    928.000     5.5601     5.5605   3.431052   3.431050     1.7747     1.4660      47.55   22.97176  -90.49880    0.00015    0.00018     3.5515     3.5788     5.4787     5.4791    34.9223    34.9218    27.5565    27.5561    1501.80    154.356    155.541         34 0.0000e+00
      35931   1497.078    921.092    929.000     5.5524     5.5558   3.430413   3.430671     1.7750     1.4659      46.43   22.97176  -90.49880    0.00014    0.00001     3.5539     3.5797     5.4710     5.4743    34.9225    34.9220    27.5576    27.5568    1501.78    154.461    155.581         34 0.0000e+00
      35964   1498.478    922.081    930.000     5.5490     5.5506   3.430149   3.430236     1.7753     1.4661      45.51   22.97178  -90.49880    0.00018   -0.00002     3.5558     3.5815     5.4675     5.4691    34.9225    34.9219    27.5581    27.5574    1501.77    154.543    155.662         33 0.0000e+00
      35997   1499.817    923.071    931.000     5.5341     5.5333   3.428819   3.428791     1.7754     1.4664      44.55   22.97178  -90.49880    0.00017    0.00014     3.5578     3.5844     5.4526     5.4518    34.9229    34.9223    27.5602    27.5598    1501.75    154.628    155.785         32 0.0000e+00
      36031   1501.237    924.060    932.000     5.5264     5.5272   3.428217   3.428250     1.7760     1.4668      43.48   22.97178  -90.49880    0.00016    0.00017     3.5613     3.5870     5.4449     5.4457    34.9229    34.9224    27.5612    27.5607    1501.74    154.784    155.900         37 0.0000e+00
      36067   1502.749    925.049    933.000     5.5198     5.5202   3.427676   3.427672     1.7770     1.4681      42.58   22.97178  -90.49880    0.00043    0.00044     3.5658     3.5929     5.4382     5.4386    34.9231    34.9226    27.5621    27.5617    1501.72    154.975    156.156         34 0.0000e+00
      36099   1504.093    926.038    934.000     5.5119     5.5121   3.427013   3.426989     1.7779     1.4691      41.49   22.97178  -90.49880    0.00065    0.00075     3.5700     3.5979     5.4302     5.4305    34.9232    34.9227    27.5632    27.5628    1501.71    155.161    156.372         31 0.0000e+00
      36131   1505.412    927.028    935.000     5.5094     5.5097   3.426836   3.426836     1.7787     1.4700      40.59   22.97178  -90.49880    0.00062    0.00074     3.5735     3.6021     5.4277     5.4280    34.9233    34.9229    27.5636    27.5632    1501.69    155.310    156.554         33 0.0000e+00
      36164   1506.788    928.017    936.000     5.5052     5.5058   3.426506   3.426516     1.7798     1.4711      39.62   22.97178  -90.49880    0.00067    0.00075     3.5779     3.6067     5.4234     5.4240    34.9234    34.9229    27.5642    27.5637    1501.68    155.501    156.756         33 0.0000e+00
      36198   1508.192    929.006    937.000     5.5007     5.5018   3.426165   3.426215     1.7806     1.4715      38.49   22.97178  -90.49880    0.00070    0.00064     3.5816     3.6090     5.4189     5.4200    34.9236    34.9231    27.5649    27.5644    1501.66    155.662    156.856         34 0.0000e+00
      36232   1509.616    929.995    938.000     5.4991     5.4993   3.426062   3.426045     1.7815     1.4724      37.60   22.97178  -90.49882    0.00068    0.00048     3.5852     3.6131     5.4172     5.4174    34.9237    34.9232    27.5651    27.5648    1501.65    155.822    157.034         34 0.0000e+00
      36264   1510.952    930.984    939.000     5.4980     5.4983   3.426006   3.425999     1.7818     1.4726      36.57   22.97178  -90.49882    0.00052    0.00044     3.5871     3.6143     5.4160     5.4163    34.9237    34.9233    27.5653    27.5649    1501.63    155.900    157.086         31 0.0000e+00
      36297   1512.326    931.974    940.000     5.4956     5.4960   3.425856   3.425844     1.7826     1.4728      35.58   22.97178  -90.49882    0.00042    0.00027     3.5902     3.6160     5.4135     5.4140    34.9239    34.9233    27.5657    27.5652    1501.62    156.036    157.160         35 0.0000e+00
      36331   1513.769    932.963    941.000     5.4905     5.4912   3.425443   3.425465     1.7828     1.4732      34.62   22.97178  -90.49882    0.00035    0.00018     3.5920     3.6182     5.4084     5.4091    34.9239    34.9235    27.5664    27.5660    1501.61    156.115    157.254         33 0.0000e+00
      36364   1515.110    933.953    942.000     5.4854     5.4856   3.425023   3.425007     1.7832     1.4735      33.56   22.97178  -90.49882    0.00027    0.00024     3.5943     3.6203     5.4032     5.4034    34.9240    34.9236    27.5671    27.5668    1501.59    156.217    157.344         32 0.0000e+00
      36396   1516.470    934.941    943.000     5.4781     5.4781   3.424417   3.424370     1.7835     1.4737      32.62   22.97178  -90.49882    0.00024    0.00026     3.5965     3.6225     5.3959     5.3959    34.9241    34.9236    27.5681    27.5677    1501.58    156.309    157.439         34 0.0000e+00
      36431   1517.916    935.931    944.000     5.4722     5.4728   3.423920   3.423940     1.7841     1.4742      31.61   22.97178  -90.49882    0.00029    0.00018     3.5995     3.6250     5.3899     5.3905    34.9241    34.9237    27.5688    27.5684    1501.56    156.440    157.548         34 0.0000e+00
      36464   1519.279    936.920    945.000     5.4660     5.4669   3.423414   3.423459     1.7847     1.4750      30.65   22.97178  -90.49882    0.00036    0.00034     3.6027     3.6290     5.3836     5.3846    34.9243    34.9238    27.5697    27.5692    1501.55    156.581    157.722         32 0.0000e+00
      36497   1520.677    937.909    946.000     5.4608     5.4617   3.423005   3.423032     1.7854     1.4761      29.71   22.97179  -90.49881    0.00047    0.00059     3.6059     3.6340     5.3784     5.3793    34.9244    34.9239    27.5704    27.5699    1501.53    156.719    157.940         35 0.0000e+00
      36532   1522.109    938.898    947.000     5.4532     5.4538   3.422373   3.422382     1.7862     1.4763      28.64   22.97180  -90.49881    0.00054    0.00053     3.6100     3.6362     5.3708     5.3714    34.9246    34.9241    27.5715    27.5710    1501.51    156.895    158.034         33 0.0000e+00
      36562   1523.378    939.888    948.000     5.4477     5.4473   3.421923   3.421849     1.7872     1.4772      27.73   22.97180  -90.49882    0.00059    0.00048     3.6145     3.6405     5.3652     5.3648    34.9247    34.9243    27.5722    27.5720    1501.50    157.090    158.220         30 0.0000e+00
      36594   1524.726    940.877    949.000     5.4317     5.4317   3.420553   3.420493     1.7876     1.4775      26.75   22.97180  -90.49881    0.00062    0.00041     3.6178     3.6438     5.3492     5.3492    34.9251    34.9246    27.5745    27.5741    1501.49    157.236    158.364         35 0.0000e+00
      36632   1526.274    941.866    950.000     5.4253     5.4257   3.420028   3.420028     1.7889     1.4789      25.62   22.97180  -90.49880    0.00051    0.00053     3.6233     3.6500     5.3428     5.3432    34.9252    34.9248    27.5753    27.5750    1501.47    157.475    158.635         37 0.0000e+00
      36665   1527.677    942.855    951.000     5.4251     5.4255   3.420059   3.420063     1.7903     1.4804      24.83   22.97180  -90.49881    0.00076    0.00084     3.6284     3.6560     5.3425     5.3429    34.9254    34.9249    27.5755    27.5751    1501.46    157.697    158.894         31 0.0000e+00
      36695   1528.927    943.844    952.000     5.4246     5.4247   3.420053   3.420030     1.7916     1.4815      23.78   22.97180  -90.49881    0.00103    0.00101     3.6334     3.6604     5.3419     5.3420    34.9253    34.9249    27.5756    27.5752    1501.45    157.913    159.088         30 0.0000e+00
      36728   1530.304    944.834    953.000     5.4240     5.4244   3.420058   3.420050     1.7924     1.4820      22.74   22.97180  -90.49880    0.00091    0.00077     3.6368     3.6626     5.3412     5.3416    34.9254    34.9250    27.5757    27.5753    1501.43    158.062    159.184         37 0.0000e+00
      36765   1531.844    945.823    954.000     5.4240     5.4244   3.420105   3.420104     1.7930     1.4823      21.76   22.97180  -90.49880    0.00062    0.00042     3.6392     3.6644     5.3411     5.3415    34.9255    34.9251    27.5758    27.5754    1501.42    158.164    159.260         35 0.0000e+00
      36798   1533.221    946.812    955.000     5.4238     5.4241   3.420133   3.420130     1.7935     1.4827      20.76   22.97180  -90.49882    0.00038    0.00025     3.6412     3.6664     5.3409     5.3412    34.9255    34.9252    27.5758    27.5755    1501.40    158.253    159.345         32 0.0000e+00
