Gulf of Mexico/GOMECC-4/1db/rb2103_0021.ros
* Sea-Bird SBE 9 Data File:
* FileName = C:\Users\scs.user.rb\CTD\GOMECC4\data\rb1203_002.hex
* Software Version Seasave V 7.26.7.107
* Temperature SN = 4799
* Conductivity SN = 3860
* Number of Bytes Per Scan = 41
* Number of Voltage Words = 4
* Number of Scans Averaged by the Deck Unit = 1
* NMEA Latitude = 27 00.26 N
* NMEA Longitude = 079 40.70 W
* NMEA UTC (Time) = Sep 14 2021  18:19:26
* NMEA baud rate = 4800
# nquan = 17
# nvalues = 2394                                  
# units = specified
# name 0 = scan: Scan Count
# name 1 = timeS: Time, Elapsed [seconds]
# name 2 = depSM: Depth [salt water, m]
# name 3 = prDM: Pressure, Digiquartz [db]
# name 4 = t090C: Temperature [ITS-90, deg C]
# name 5 = t190C: Temperature, 2 [ITS-90, deg C]
# name 6 = c0S/m: Conductivity [S/m]
# name 7 = c1S/m: Conductivity, 2 [S/m]
# name 8 = sbeox0V: Oxygen raw, SBE 43 [V]
# name 9 = sbeox1V: Oxygen raw, SBE 43, 2 [V]
# name 10 = altM: Altimeter [m]
# name 11 = latitude: Latitude [deg]
# name 12 = longitude: Longitude [deg]
# name 13 = sbox0dV/dT: Oxygen, SBE 43 [dov/dt]
# name 14 = sbox1dV/dT: Oxygen, SBE 43, 2 [dov/dt]
# name 15 = nbf: Bottles Fired
# name 16 = flag:  0.000e+00
# interval = seconds: 0.0416667
# start_time = Sep 14 2021 18:19:26 [NMEA time, header]
# bad_flag = -9.990e-29
*END*
[from data line 86]
      50512   2104.625    532.901    537.125     7.3065     7.3618   3.575730   3.580681     1.6667     1.3724       6.50   27.00412  -79.68338    0.00027    0.00010          1  0.000e+00
      50513   2104.667    533.129    537.355     7.2907     7.3630   3.574546   3.580720     1.6679     1.3736       6.50   27.00412  -79.68338    0.00031    0.00013          1  0.000e+00
      50514   2104.708    533.015    537.240     7.2821     7.3628   3.573459   3.580727     1.6679     1.3736       6.50   27.00412  -79.68338    0.00032    0.00016          1  0.000e+00
      50515   2104.750    533.076    537.301     7.2804     7.3630   3.573110   3.580825     1.6679     1.3736       6.50   27.00412  -79.68338    0.00033    0.00017          1  0.000e+00
      50516   2104.792    533.015    537.240     7.2816     7.3666   3.573220   3.580976     1.6679     1.3736       6.50   27.00414  -79.68338    0.00035    0.00020          1  0.000e+00
      50517   2104.833    533.015    537.240     7.2854     7.3671   3.573608   3.581022     1.6679     1.3736       6.50   27.00414  -79.68338    0.00037    0.00021          1  0.000e+00
      50518   2104.875    533.129    537.355     7.2900     7.3643   3.574035   3.581088     1.6679     1.3736       6.50   27.00414  -79.68338    0.00039    0.00022          1  0.000e+00
      50519   2104.917    533.015    537.240     7.2937     7.3591   3.574352   3.581114     1.6679     1.3736       6.50   27.00414  -79.68338    0.00042    0.00024          1  0.000e+00
      50520   2104.958    533.076    537.301     7.2937     7.3570   3.574365   3.581088     1.6679     1.3736       6.50   27.00414  -79.68338    0.00042    0.00025          1  0.000e+00
      50521   2105.000    533.015    537.240     7.2864     7.3602   3.573899   3.581055     1.6679     1.3736       6.50   27.00414  -79.68338    0.00042    0.00026          1  0.000e+00
      50522   2105.042    533.015    537.240     7.2779     7.3639   3.573226   3.581048     1.6679     1.3736       6.50   27.00414  -79.68338    0.00043    0.00027          1  0.000e+00
      50523   2105.083    533.076    537.301     7.2741     7.3648   3.572683   3.581029     1.6679     1.3736       6.50   27.00414  -79.68338    0.00045    0.00028          1  0.000e+00
      50524   2105.125    533.015    537.240     7.2717     7.3635   3.572424   3.580924     1.6691     1.3736       6.50   27.00414  -79.68338    0.00048    0.00028          1  0.000e+00
      50525   2105.167    533.076    537.301     7.2704     7.3596   3.572230   3.580524     1.6679     1.3736       6.50   27.00414  -79.68338    0.00050    0.00029          1  0.000e+00
      50526   2105.208    533.015    537.240     7.2702     7.3492   3.572185   3.580045     1.6691     1.3736       6.50   27.00414  -79.68338    0.00052    0.00030          1  0.000e+00
      50527   2105.250    533.076    537.301     7.2707     7.3422   3.572282   3.579540     1.6679     1.3736       6.50   27.00414  -79.68338    0.00054    0.00031          1  0.000e+00
      50528   2105.292    533.076    537.301     7.2699     7.3382   3.572256   3.579173     1.6679     1.3736       6.50   27.00414  -79.68338    0.00055    0.00032          1  0.000e+00
      50529   2105.333    533.015    537.240     7.2720     7.3375   3.572366   3.578877     1.6679     1.3736       6.50   27.00414  -79.68338    0.00057    0.00032          1  0.000e+00
      50530   2105.375    533.076    537.301     7.2749     7.3378   3.572599   3.578759     1.6679     1.3724       6.50   27.00414  -79.68338    0.00057    0.00031          1  0.000e+00
      50531   2105.417    533.015    537.240     7.2755     7.3370   3.572663   3.578648     1.6679     1.3736       6.50   27.00414  -79.68338    0.00056    0.00032          1  0.000e+00
      50532   2105.458    533.015    537.240     7.2744     7.3354   3.572612   3.578543     1.6679     1.3736       6.50   27.00414  -79.68338    0.00054    0.00033          1  0.000e+00
      50533   2105.500    533.076    537.301     7.2718     7.3360   3.572456   3.578497     1.6679     1.3736       6.50   27.00414  -79.68338    0.00056    0.00033          1  0.000e+00
      50534   2105.542    533.076    537.301     7.2686     7.3357   3.572211   3.578392     1.6679     1.3736       6.50   27.00414  -79.68338    0.00057    0.00034          1  0.000e+00
      50535   2105.583    533.015    537.240     7.2665     7.3341   3.572030   3.578215     1.6679     1.3736       6.50   27.00414  -79.68338    0.00058    0.00034          1  0.000e+00
      50536   2105.625    533.076    537.301     7.2689     7.3326   3.572010   3.578117     1.6679     1.3736       6.50   27.00414  -79.68338    0.00060    0.00035          1  0.000e+00
      50537   2105.667    533.076    537.301     7.2738     7.3313   3.572275   3.578005     1.6679     1.3736       6.50   27.00414  -79.68338    0.00061    0.00035          1  0.000e+00
      50538   2105.708    533.015    537.240     7.2749     7.3321   3.572540   3.577979     1.6679     1.3736       6.50   27.00414  -79.68338    0.00062    0.00036          1  0.000e+00
      50539   2105.750    533.129    537.355     7.2760     7.3317   3.572696   3.577927     1.6679     1.3736       6.50   27.00414  -79.68338    0.00063    0.00036          1  0.000e+00
      50540   2105.792    533.015    537.240     7.2774     7.3307   3.572922   3.577887     1.6679     1.3736       6.47   27.00414  -79.68338    0.00064    0.00037          1  0.000e+00
      50541   2105.833    533.076    537.301     7.2784     7.3289   3.572935   3.577828     1.6679     1.3736       6.50   27.00414  -79.68338    0.00065    0.00037          1  0.000e+00
      50542   2105.875    533.076    537.301     7.2764     7.3245   3.572747   3.577671     1.6691     1.3724       6.50   27.00414  -79.68338    0.00066    0.00035          1  0.000e+00
      50543   2105.917    533.015    537.240     7.2751     7.3212   3.572618   3.577382     1.6679     1.3736       6.50   27.00414  -79.68338    0.00065    0.00036          1  0.000e+00
      50544   2105.958    533.076    537.301     7.2759     7.3216   3.572696   3.577186     1.6679     1.3736       6.50   27.00414  -79.68338    0.00066    0.00036          1  0.000e+00
      50545   2106.000    533.076    537.301     7.2800     7.3229   3.572961   3.577094     1.6679     1.3736       6.50   27.00414  -79.68338    0.00067    0.00038          1  0.000e+00
      50546   2106.042    533.076    537.301     7.2822     7.3256   3.573259   3.577199     1.6679     1.3736       6.50   27.00414  -79.68338    0.00066    0.00038          1  0.000e+00
      50547   2106.083    533.076    537.301     7.2861     7.3255   3.573575   3.577238     1.6691     1.3736       6.50   27.00414  -79.68338    0.00067    0.00038          1  0.000e+00
      50548   2106.125    533.076    537.301     7.2903     7.3244   3.573918   3.577291     1.6679     1.3736       6.47   27.00414  -79.68338    0.00064    0.00039          1  0.000e+00
      50549   2106.167    533.076    537.302     7.2930     7.3241   3.574177   3.577284     1.6679     1.3736       6.47   27.00414  -79.68338    0.00063    0.00039          1  0.000e+00
      50550   2106.208    533.076    537.302     7.2937     7.3245   3.574281   3.576891     1.6691     1.3736       6.47   27.00414  -79.68338    0.00065    0.00039          1  0.000e+00
      50551   2106.250    533.076    537.302     7.2927     7.3158   3.574242   3.575815     1.6679     1.3736       6.47   27.00414  -79.68338    0.00065    0.00039          1  0.000e+00
      50552   2106.292    533.076    537.302     7.2904     7.3040   3.574087   3.575127     1.6691     1.3736       6.47   27.00414  -79.68338    0.00067    0.00039          1  0.000e+00
      50553   2106.333    533.076    537.302     7.2874     7.2998   3.573776   3.575029     1.6679     1.3736       6.47   27.00414  -79.68338    0.00066    0.00039          1  0.000e+00
      50554   2106.375    533.130    537.355     7.2853     7.2977   3.573640   3.574977     1.6679     1.3736       6.47   27.00414  -79.68338    0.00064    0.00039          1  0.000e+00
      50555   2106.417    533.076    537.302     7.2887     7.3000   3.573841   3.575062     1.6679     1.3736       6.47   27.00414  -79.68338    0.00062    0.00039          1  0.000e+00
      50556   2106.458    533.076    537.302     7.2924     7.3029   3.574151   3.575265     1.6691     1.3736       6.47   27.00414  -79.68338    0.00062    0.00039          1  0.000e+00
      50557   2106.500    533.076    537.302     7.2959     7.3067   3.574546   3.575383     1.6679     1.3736       6.47   27.00414  -79.68338    0.00061    0.00038          1  0.000e+00
      50558   2106.542    533.130    537.355     7.3016     7.3063   3.574947   3.575416     1.6679     1.3736       6.47   27.00414  -79.68338    0.00061    0.00038          1  0.000e+00
      50909   2121.167    533.588    537.818     7.2954     7.3159   3.574520   3.576373     1.6703     1.3748       5.86   27.00428  -79.68344    0.00002   -0.00012          2  0.000e+00
      50910   2121.208    533.527    537.756     7.2950     7.3156   3.574475   3.576327     1.6703     1.3761       5.86   27.00428  -79.68344    0.00001   -0.00012          2  0.000e+00
      50911   2121.250    533.641    537.871     7.2942     7.3154   3.574436   3.576334     1.6703     1.3761       5.86   27.00428  -79.68344    0.00001   -0.00011          2  0.000e+00
      50912   2121.292    533.588    537.818     7.2943     7.3148   3.574378   3.576301     1.6703     1.3761       5.86   27.00428  -79.68344    0.00001   -0.00011          2  0.000e+00
      50913   2121.333    533.588    537.818     7.2943     7.3145   3.574365   3.576307     1.6703     1.3761       5.86   27.00428  -79.68344    0.00002   -0.00010          2  0.000e+00
      50914   2121.375    533.588    537.818     7.2939     7.3146   3.574371   3.576307     1.6703     1.3761       5.86   27.00428  -79.68344    0.00000   -0.00010          2  0.000e+00
      50915   2121.417    533.588    537.818     7.2940     7.3147   3.574365   3.576307     1.6703     1.3761       5.86   27.00428  -79.68344    0.00001   -0.00009          2  0.000e+00
      50916   2121.458    533.588    537.818     7.2943     7.3151   3.574410   3.576268     1.6691     1.3761       5.86   27.00428  -79.68344   -0.00001   -0.00009          2  0.000e+00
      50917   2121.500    533.588    537.818     7.2953     7.3149   3.574475   3.576294     1.6703     1.3748       5.86   27.00428  -79.68344   -0.00001   -0.00010          2  0.000e+00
      50918   2121.542    533.588    537.818     7.2959     7.3151   3.574565   3.576307     1.6703     1.3748       5.86   27.00428  -79.68344   -0.00000   -0.00011          2  0.000e+00
      50919   2121.583    533.588    537.818     7.2975     7.3148   3.574695   3.576288     1.6691     1.3761       5.86   27.00428  -79.68344   -0.00002   -0.00010          2  0.000e+00
      50920   2121.625    533.588    537.818     7.2977     7.3150   3.574714   3.576307     1.6703     1.3748       5.89   27.00428  -79.68344   -0.00001   -0.00011          2  0.000e+00
      50921   2121.667    533.527    537.756     7.2981     7.3148   3.574734   3.576334     1.6691     1.3761       5.89   27.00428  -79.68344   -0.00003   -0.00009          2  0.000e+00
      50922   2121.708    533.588    537.818     7.2979     7.3149   3.574766   3.576321     1.6703     1.3761       5.86   27.00428  -79.68344   -0.00002   -0.00008          2  0.000e+00
      50923   2121.750    533.588    537.818     7.2979     7.3150   3.574753   3.576334     1.6691     1.3761       5.86   27.00428  -79.68344   -0.00004   -0.00008          2  0.000e+00
      50924   2121.792    533.588    537.818     7.2982     7.3149   3.574792   3.576340     1.6691     1.3761       5.86   27.00430  -79.68344   -0.00005   -0.00007          2  0.000e+00
      50925   2121.833    533.527    537.756     7.2986     7.3151   3.574818   3.576320     1.6691     1.3748       5.86   27.00430  -79.68344   -0.00006   -0.00008          2  0.000e+00
      50926   2121.875    533.588    537.818     7.2989     7.3151   3.574811   3.576360     1.6691     1.3748       5.86   27.00430  -79.68344   -0.00008   -0.00009          2  0.000e+00
      50927   2121.917    533.588    537.818     7.3000     7.3148   3.574882   3.576380     1.6703     1.3748       5.86   27.00430  -79.68344   -0.00007   -0.00010          2  0.000e+00
      50928   2121.958    533.588    537.818     7.3003     7.3150   3.574954   3.576321     1.6703     1.3761       5.86   27.00430  -79.68344   -0.00006   -0.00009          2  0.000e+00
      50929   2122.000    533.527    537.756     7.3006     7.3149   3.574973   3.576307     1.6691     1.3761       5.86   27.00430  -79.68344   -0.00008   -0.00009          2  0.000e+00
      50930   2122.042    533.588    537.818     7.3001     7.3148   3.574973   3.576314     1.6691     1.3748       5.86   27.00430  -79.68344   -0.00009   -0.00010          2  0.000e+00
      50931   2122.083    533.588    537.818     7.3003     7.3148   3.574954   3.576334     1.6703     1.3761       5.86   27.00430  -79.68344   -0.00010   -0.00009          2  0.000e+00
      50932   2122.125    533.527    537.756     7.3014     7.3148   3.575064   3.576340     1.6703     1.3761       5.86   27.00430  -79.68344   -0.00009   -0.00008          2  0.000e+00
      50933   2122.167    533.588    537.818     7.3026     7.3148   3.575122   3.576321     1.6703     1.3761       5.86   27.00430  -79.68344   -0.00009   -0.00007          2  0.000e+00
      50934   2122.208    533.527    537.756     7.3027     7.3146   3.575206   3.576334     1.6691     1.3748       5.86   27.00430  -79.68344   -0.00012   -0.00008          2  0.000e+00
      50935   2122.250    533.588    537.818     7.3035     7.3145   3.575251   3.576340     1.6703     1.3748       5.86   27.00430  -79.68344   -0.00013   -0.00009          2  0.000e+00
      50936   2122.292    533.527    537.756     7.3041     7.3145   3.575290   3.576320     1.6691     1.3761       5.86   27.00430  -79.68344   -0.00014   -0.00008          2  0.000e+00
      50937   2122.333    533.527    537.756     7.3042     7.3146   3.575297   3.576334     1.6703     1.3761       5.86   27.00430  -79.68344   -0.00015   -0.00007          2  0.000e+00
      50938   2122.375    533.641    537.872     7.3042     7.3151   3.575316   3.576321     1.6703     1.3761       5.86   27.00430  -79.68344   -0.00015   -0.00006          2  0.000e+00
      50939   2122.417    533.474    537.703     7.3039     7.3154   3.575303   3.576314     1.6691     1.3761       5.86   27.00430  -79.68344   -0.00016   -0.00005          2  0.000e+00
      50940   2122.458    533.588    537.818     7.3039     7.3153   3.575271   3.576294     1.6691     1.3748       5.86   27.00430  -79.68344   -0.00017   -0.00006          2  0.000e+00
      50941   2122.500    533.527    537.756     7.3037     7.3151   3.575271   3.576301     1.6691     1.3748       5.86   27.00430  -79.68344   -0.00018   -0.00007          2  0.000e+00
      50942   2122.542    533.527    537.756     7.3031     7.3149   3.575264   3.576268     1.6703     1.3748       5.86   27.00430  -79.68344   -0.00018   -0.00008          2  0.000e+00
      50943   2122.583    533.641    537.872     7.3029     7.3149   3.575187   3.576275     1.6703     1.3748       5.86   27.00430  -79.68344   -0.00017   -0.00009          2  0.000e+00
      50944   2122.625    533.474    537.703     7.3019     7.3151   3.575167   3.576301     1.6691     1.3748       5.86   27.00430  -79.68344   -0.00018   -0.00009          2  0.000e+00
      50945   2122.667    533.588    537.818     7.3011     7.3149   3.575044   3.576288     1.6691     1.3748       5.86   27.00430  -79.68344   -0.00019   -0.00012          2  0.000e+00
