Gulf of Mexico/GOMECC-4/1db/rb2103_1381.ros
* Sea-Bird SBE 9 Data File:
* FileName = C:\Users\scs.user.rb\CTD\GOMECC4\data\rb2103_1381.hex
* Software Version Seasave V 7.26.7.107
* Temperature SN = 4799
* Conductivity SN = 3860
* Number of Bytes Per Scan = 41
* Number of Voltage Words = 4
* Number of Scans Averaged by the Deck Unit = 1
* NMEA Latitude = 25 52.44 N
* NMEA Longitude = 084 23.57 W
* NMEA UTC (Time) = Oct 20 2021  08:17:47
* NMEA baud rate = 4800
# nquan = 17
# nvalues = 1463                                  
# units = specified
# name 0 = scan: Scan Count
# name 1 = timeS: Time, Elapsed [seconds]
# name 2 = depSM: Depth [salt water, m]
# name 3 = prDM: Pressure, Digiquartz [db]
# name 4 = t090C: Temperature [ITS-90, deg C]
# name 5 = t190C: Temperature, 2 [ITS-90, deg C]
# name 6 = c0S/m: Conductivity [S/m]
# name 7 = c1S/m: Conductivity, 2 [S/m]
# name 8 = sbeox0V: Oxygen raw, SBE 43 [V]
# name 9 = sbeox1V: Oxygen raw, SBE 43, 2 [V]
# name 10 = altM: Altimeter [m]
# name 11 = latitude: Latitude [deg]
# name 12 = longitude: Longitude [deg]
# name 13 = sbox0dV/dT: Oxygen, SBE 43 [dov/dt]
# name 14 = sbox1dV/dT: Oxygen, SBE 43, 2 [dov/dt]
# name 15 = nbf: Bottles Fired
# name 16 = flag:  0.000e+00
# interval = seconds: 0.0416667
# start_time = Oct 20 2021 08:17:47 [NMEA time, header]
# bad_flag = -9.990e-29
*END*
[from data line 1277]
      46111   1921.250     10.101     10.167    28.5297    28.5313   5.734043   5.734175     3.1392     2.6471     100.00   25.87458  -84.39280    0.00041   -0.00122         10  0.000e+00
      46112   1921.292     10.046     10.112    28.5299    28.5314   5.734012   5.734136     3.1392     2.6471     100.00   25.87458  -84.39280    0.00046   -0.00120         10  0.000e+00
      46113   1921.333     10.046     10.112    28.5299    28.5312   5.734004   5.734199     3.1380     2.6459     100.00   25.87458  -84.39280    0.00050   -0.00118         10  0.000e+00
      46114   1921.375     10.101     10.167    28.5297    28.5313   5.734028   5.734199     3.1392     2.6471     100.00   25.87458  -84.39280    0.00053   -0.00115         10  0.000e+00
      46115   1921.417     10.046     10.112    28.5297    28.5312   5.734012   5.734175     3.1392     2.6471     100.00   25.87458  -84.39280    0.00057   -0.00112         10  0.000e+00
      46116   1921.458     10.101     10.167    28.5298    28.5315   5.734004   5.734136     3.1392     2.6471     100.00   25.87458  -84.39280    0.00061   -0.00109         10  0.000e+00
      46117   1921.500     10.046     10.112    28.5295    28.5313   5.734035   5.734159     3.1380     2.6471     100.00   25.87458  -84.39280    0.00062   -0.00106         10  0.000e+00
      46118   1921.542     10.101     10.167    28.5295    28.5314   5.734004   5.734207     3.1392     2.6471     100.00   25.87458  -84.39280    0.00064   -0.00102         10  0.000e+00
      46119   1921.583     10.046     10.112    28.5299    28.5313   5.734035   5.734112     3.1392     2.6471     100.00   25.87458  -84.39280    0.00068   -0.00098         10  0.000e+00
      46120   1921.625     10.101     10.167    28.5299    28.5312   5.734051   5.734183     3.1392     2.6471     100.00   25.87458  -84.39280    0.00069   -0.00095         10  0.000e+00
      46121   1921.667     10.101     10.167    28.5299    28.5314   5.734043   5.734183     3.1392     2.6471     100.00   25.87458  -84.39280    0.00071   -0.00091         10  0.000e+00
      46122   1921.708     10.101     10.167    28.5299    28.5312   5.734043   5.734175     3.1380     2.6471     100.00   25.87458  -84.39280    0.00071   -0.00087         10  0.000e+00
      46123   1921.750     10.046     10.112    28.5299    28.5312   5.734012   5.734183     3.1380     2.6484     100.00   25.87458  -84.39280    0.00070   -0.00083         10  0.000e+00
      46124   1921.792     10.101     10.167    28.5299    28.5314   5.734035   5.734144     3.1392     2.6484     100.00   25.87458  -84.39280    0.00072   -0.00079         10  0.000e+00
      46125   1921.833     10.101     10.167    28.5301    28.5312   5.734075   5.734159     3.1392     2.6484     100.00   25.87458  -84.39280    0.00073   -0.00075         10  0.000e+00
      46126   1921.875     10.101     10.167    28.5301    28.5312   5.734020   5.734175     3.1392     2.6471     100.00   25.87458  -84.39280    0.00074   -0.00073         10  0.000e+00
      46127   1921.917     10.101     10.167    28.5299    28.5310   5.734004   5.734136     3.1392     2.6484     100.00   25.87458  -84.39280    0.00076   -0.00068         10  0.000e+00
      46128   1921.958     10.101     10.167    28.5303    28.5313   5.734075   5.734199     3.1392     2.6484     100.00   25.87458  -84.39280    0.00077   -0.00066         10  0.000e+00
      46129   1922.000     10.101     10.167    28.5301    28.5312   5.734051   5.734151     3.1380     2.6484     100.00   25.87458  -84.39280    0.00076   -0.00063         10  0.000e+00
      46130   1922.042     10.148     10.215    28.5303    28.5313   5.734083   5.734199     3.1380     2.6484     100.00   25.87458  -84.39280    0.00075   -0.00061         10  0.000e+00
      46131   1922.083     10.101     10.167    28.5301    28.5313   5.734028   5.734183     3.1380     2.6484     100.00   25.87458  -84.39280    0.00075   -0.00059         10  0.000e+00
      46132   1922.125     10.101     10.167    28.5303    28.5312   5.734035   5.734175     3.1380     2.6484     100.00   25.87458  -84.39280    0.00074   -0.00056         10  0.000e+00
      46133   1922.167     10.148     10.215    28.5301    28.5312   5.734004   5.734223     3.1380     2.6484     100.00   25.87458  -84.39280    0.00073   -0.00054         10  0.000e+00
      46134   1922.208     10.101     10.167    28.5303    28.5312   5.734035   5.734191     3.1380     2.6484     100.00   25.87458  -84.39280    0.00072   -0.00051         10  0.000e+00
      46135   1922.250     10.101     10.167    28.5299    28.5312   5.734012   5.734207     3.1380     2.6484     100.00   25.87458  -84.39280    0.00070   -0.00049         10  0.000e+00
      46136   1922.292     10.148     10.215    28.5301    28.5312   5.734004   5.734183     3.1380     2.6484     100.00   25.87458  -84.39280    0.00069   -0.00047         10  0.000e+00
      46137   1922.333     10.148     10.215    28.5301    28.5313   5.734028   5.734175     3.1380     2.6484     100.00   25.87458  -84.39280    0.00068   -0.00044         10  0.000e+00
      46138   1922.375     10.101     10.167    28.5301    28.5312   5.734012   5.734136     3.1380     2.6484     100.00   25.87458  -84.39280    0.00065   -0.00040         10  0.000e+00
      46139   1922.417     10.148     10.215    28.5301    28.5312   5.734004   5.734199     3.1380     2.6484     100.00   25.87458  -84.39280    0.00064   -0.00036         10  0.000e+00
      46140   1922.458     10.148     10.215    28.5299    28.5317   5.733996   5.734223     3.1380     2.6496     100.00   25.87458  -84.39280    0.00063   -0.00030         10  0.000e+00
      46141   1922.500     10.148     10.215    28.5303    28.5312   5.734035   5.734223     3.1368     2.6496     100.00   25.87458  -84.39280    0.00060   -0.00024         10  0.000e+00
      46142   1922.542     10.101     10.167    28.5301    28.5313   5.734012   5.734263     3.1368     2.6496     100.00   25.87458  -84.39280    0.00059   -0.00018         10  0.000e+00
      46143   1922.583     10.195     10.262    28.5303    28.5313   5.734004   5.734231     3.1368     2.6496     100.00   25.87458  -84.39280    0.00056   -0.00012         10  0.000e+00
      46144   1922.625     10.148     10.215    28.5299    28.5314   5.734028   5.734295     3.1368     2.6496     100.00   25.87458  -84.39280    0.00053   -0.00006         10  0.000e+00
      46145   1922.667     10.148     10.215    28.5299    28.5313   5.734012   5.734207     3.1368     2.6508     100.00   25.87458  -84.39280    0.00050    0.00000         10  0.000e+00
      46146   1922.708     10.148     10.215    28.5303    28.5313   5.734035   5.734207     3.1368     2.6508     100.00   25.87458  -84.39280    0.00047    0.00006         10  0.000e+00
      46147   1922.750     10.148     10.215    28.5303    28.5312   5.734012   5.734223     3.1368     2.6508     100.00   25.87458  -84.39280    0.00045    0.00012         10  0.000e+00
      46148   1922.792     10.148     10.215    28.5301    28.5313   5.734028   5.734223     3.1355     2.6508     100.00   25.87458  -84.39280    0.00040    0.00018         10  0.000e+00
      46149   1922.833     10.195     10.262    28.5299    28.5313   5.734043   5.734223     3.1368     2.6520     100.00   25.87458  -84.39280    0.00037    0.00025         10  0.000e+00
      46150   1922.875     10.195     10.262    28.5301    28.5314   5.734083   5.734223     3.1355     2.6508     100.00   25.87458  -84.39280    0.00033    0.00031         10  0.000e+00
      46151   1922.917     10.148     10.215    28.5301    28.5313   5.734059   5.734223     3.1355     2.6520     100.00   25.87458  -84.39280    0.00028    0.00036         10  0.000e+00
      46152   1922.958     10.195     10.262    28.5299    28.5315   5.734043   5.734231     3.1368     2.6520     100.00   25.87458  -84.39280    0.00025    0.00044         10  0.000e+00
      46153   1923.000     10.195     10.262    28.5299    28.5314   5.734043   5.734263     3.1355     2.6520     100.00   25.87458  -84.39280    0.00021    0.00051         10  0.000e+00
      46154   1923.042     10.148     10.215    28.5301    28.5313   5.734051   5.734199     3.1355     2.6520     100.00   25.87458  -84.39280    0.00016    0.00057         10  0.000e+00
      46155   1923.083     10.195     10.262    28.5299    28.5313   5.734043   5.734175     3.1368     2.6520     100.00   25.87458  -84.39280    0.00014    0.00064         10  0.000e+00
      46156   1923.125     10.195     10.262    28.5299    28.5312   5.734012   5.734175     3.1355     2.6520     100.00   25.87458  -84.39280    0.00008    0.00071         10  0.000e+00
      46157   1923.167     10.195     10.262    28.5303    28.5312   5.734035   5.734136     3.1355     2.6520     100.00   25.87458  -84.39280    0.00003    0.00078         10  0.000e+00
      46158   1923.208     10.195     10.262    28.5299    28.5312   5.734051   5.734160     3.1355     2.6520     100.00   25.87458  -84.39280   -0.00001    0.00084         10  0.000e+00
      46159   1923.250     10.195     10.262    28.5301    28.5314   5.734043   5.734207     3.1355     2.6532     100.00   25.87458  -84.39280   -0.00006    0.00092         10  0.000e+00
      46160   1923.292     10.195     10.262    28.5299    28.5312   5.734012   5.734183     3.1368     2.6520     100.00   25.87458  -84.39280   -0.00008    0.00100         10  0.000e+00
      46161   1923.333     10.195     10.262    28.5301    28.5313   5.734035   5.734223     3.1368     2.6532     100.00   25.87458  -84.39280   -0.00011    0.00108         10  0.000e+00
      46162   1923.375     10.250     10.317    28.5301    28.5312   5.734051   5.734191     3.1368     2.6532     100.00   25.87458  -84.39280   -0.00013    0.00116         10  0.000e+00
      46163   1923.417     10.195     10.262    28.5299    28.5312   5.734043   5.734207     3.1355     2.6532     100.00   25.87458  -84.39280   -0.00018    0.00125         10  0.000e+00
      47953   1998.000      3.131      3.151    28.5298    28.5304   5.733443   5.733606     3.1355     2.6520     100.00   25.87466  -84.39280   -0.00123   -0.00055         11  0.000e+00
      47954   1998.042      3.625      3.649    28.5294    28.5308   5.733466   5.733710     3.1355     2.6532     100.00   25.87466  -84.39280   -0.00124   -0.00054         11  0.000e+00
      47955   1998.083      3.429      3.451    28.5297    28.5328   5.733482   5.734100     3.1355     2.6532     100.00   25.87466  -84.39280   -0.00125   -0.00052         11  0.000e+00
      47956   1998.125      3.578      3.601    28.5303    28.5356   5.733647   5.734315     3.1355     2.6520     100.00   25.87466  -84.39280   -0.00126   -0.00053         11  0.000e+00
      47957   1998.167      3.530      3.553    28.5330    28.5375   5.733992   5.734426     3.1343     2.6520     100.00   25.87466  -84.39280   -0.00127   -0.00051         11  0.000e+00
      47958   1998.208      3.524      3.547    28.5352    28.5376   5.734197   5.734355     3.1355     2.6532     100.00   25.87466  -84.39280   -0.00127   -0.00050         11  0.000e+00
      47959   1998.250      3.530      3.553    28.5360    28.5361   5.734165   5.734275     3.1343     2.6532     100.00   25.87466  -84.39280   -0.00130   -0.00046         11  0.000e+00
      47960   1998.292      3.578      3.601    28.5354    28.5364   5.734134   5.734363     3.1355     2.6532     100.00   25.87466  -84.39280   -0.00131   -0.00043         11  0.000e+00
      47961   1998.333      3.578      3.601    28.5352    28.5382   5.734102   5.734578     3.1355     2.6532     100.00   25.87466  -84.39280   -0.00130   -0.00040         11  0.000e+00
      47962   1998.375      3.578      3.601    28.5354    28.5398   5.734126   5.734745     3.1355     2.6532     100.00   25.87466  -84.39280   -0.00129   -0.00037         11  0.000e+00
      47963   1998.417      3.578      3.601    28.5352    28.5404   5.734102   5.734745     3.1355     2.6532     100.00   25.87466  -84.39280   -0.00127   -0.00034         11  0.000e+00
      47964   1998.458      3.578      3.601    28.5358    28.5406   5.734118   5.734769     3.1355     2.6532     100.00   25.87466  -84.39280   -0.00126   -0.00030         11  0.000e+00
      47965   1998.500      3.625      3.649    28.5356    28.5411   5.734134   5.734785     3.1355     2.6532     100.00   25.87466  -84.39280   -0.00125   -0.00027         11  0.000e+00
      47966   1998.542      3.524      3.547    28.5356    28.5412   5.734102   5.734745     3.1355     2.6532     100.00   25.87466  -84.39280   -0.00123   -0.00024         11  0.000e+00
      47967   1998.583      3.679      3.703    28.5360    28.5409   5.734157   5.734777     3.1355     2.6545     100.00   25.87466  -84.39280   -0.00122   -0.00019         11  0.000e+00
      47968   1998.625      3.578      3.601    28.5360    28.5413   5.734181   5.734713     3.1355     2.6545     100.00   25.87466  -84.39280   -0.00119   -0.00016         11  0.000e+00
      47969   1998.667      3.625      3.649    28.5363    28.5413   5.734259   5.734761     3.1355     2.6545     100.00   25.87466  -84.39280   -0.00115   -0.00013         11  0.000e+00
      47970   1998.708      3.625      3.649    28.5369    28.5404   5.734212   5.734673     3.1355     2.6545     100.00   25.87466  -84.39280   -0.00112   -0.00010         11  0.000e+00
      47971   1998.750      3.625      3.649    28.5365    28.5394   5.734212   5.734601     3.1368     2.6545     100.00   25.87466  -84.39280   -0.00106   -0.00007         11  0.000e+00
      47972   1998.792      3.578      3.601    28.5365    28.5393   5.734197   5.734625     3.1368     2.6545     100.00   25.87468  -84.39280   -0.00101   -0.00006         11  0.000e+00
      47973   1998.833      3.625      3.649    28.5367    28.5392   5.734220   5.734601     3.1368     2.6545     100.00   25.87468  -84.39280   -0.00094   -0.00005         11  0.000e+00
      47974   1998.875      3.625      3.649    28.5367    28.5393   5.734165   5.734594     3.1368     2.6545     100.00   25.87468  -84.39280   -0.00088   -0.00004         11  0.000e+00
      47975   1998.917      3.571      3.595    28.5365    28.5391   5.734095   5.734593     3.1368     2.6545     100.00   25.87468  -84.39280   -0.00082   -0.00003         11  0.000e+00
      47976   1998.958      3.625      3.649    28.5363    28.5393   5.734157   5.734601     3.1368     2.6545     100.00   25.87468  -84.39280   -0.00076   -0.00003         11  0.000e+00
      47977   1999.000      3.578      3.601    28.5363    28.5391   5.734189   5.734593     3.1380     2.6557     100.00   25.87468  -84.39280   -0.00069   -0.00000         11  0.000e+00
      47978   1999.042      3.625      3.649    28.5363    28.5389   5.734181   5.734594     3.1380     2.6557     100.00   25.87468  -84.39280   -0.00061    0.00002         11  0.000e+00
      47979   1999.083      3.578      3.602    28.5363    28.5389   5.734181   5.734625     3.1380     2.6557     100.00   25.87468  -84.39280   -0.00054    0.00006         11  0.000e+00
      47980   1999.125      3.578      3.602    28.5369    28.5392   5.734220   5.734641     3.1380     2.6557     100.00   25.87468  -84.39280   -0.00046    0.00009         11  0.000e+00
      47981   1999.167      3.531      3.554    28.5369    28.5394   5.734267   5.734673     3.1380     2.6569     100.00   25.87468  -84.39280   -0.00038    0.00015         11  0.000e+00
      47982   1999.208      3.578      3.602    28.5371    28.5398   5.734236   5.734721     3.1392     2.6569     100.00   25.87468  -84.39280   -0.00029    0.00020         11  0.000e+00
      47983   1999.250      3.477      3.499    28.5371    28.5404   5.734228   5.734737     3.1380     2.6569     100.00   25.87468  -84.39280   -0.00021    0.00025         11  0.000e+00
