Gulf of Mexico/GOMECC-4/1db/rb2103_1201.ros
* Sea-Bird SBE 9 Data File:
* FileName = C:\Users\scs.user.rb\CTD\GOMECC4\data\rb2103_1201.hex
* Software Version Seasave V 7.26.7.107
* Temperature SN = 4799
* Conductivity SN = 3860
* Number of Bytes Per Scan = 41
* Number of Voltage Words = 4
* Number of Scans Averaged by the Deck Unit = 1
* NMEA Latitude = 21 40.66 N
* NMEA Longitude = 085 53.83 W
* NMEA UTC (Time) = Oct 16 2021  08:41:52
* NMEA baud rate = 4800
# nquan = 17
# nvalues = 2793                                  
# units = specified
# name 0 = scan: Scan Count
# name 1 = timeS: Time, Elapsed [seconds]
# name 2 = depSM: Depth [salt water, m]
# name 3 = prDM: Pressure, Digiquartz [db]
# name 4 = t090C: Temperature [ITS-90, deg C]
# name 5 = t190C: Temperature, 2 [ITS-90, deg C]
# name 6 = c0S/m: Conductivity [S/m]
# name 7 = c1S/m: Conductivity, 2 [S/m]
# name 8 = sbeox0V: Oxygen raw, SBE 43 [V]
# name 9 = sbeox1V: Oxygen raw, SBE 43, 2 [V]
# name 10 = altM: Altimeter [m]
# name 11 = latitude: Latitude [deg]
# name 12 = longitude: Longitude [deg]
# name 13 = sbox0dV/dT: Oxygen, SBE 43 [dov/dt]
# name 14 = sbox1dV/dT: Oxygen, SBE 43, 2 [dov/dt]
# name 15 = nbf: Bottles Fired
# name 16 = flag:  0.000e+00
# interval = seconds: 0.0416667
# start_time = Oct 16 2021 08:41:52 [NMEA time, header]
# bad_flag = -9.990e-29
*END*
[from data line 2469]
     148259   6177.417     24.750     24.906    30.0677    30.0692   6.027361   6.027694     3.1600     2.6618     100.00   21.68886  -85.89982    0.00055    0.00110         19  0.000e+00
     148260   6177.458     24.804     24.961    30.0677    30.0697   6.027377   6.027669     3.1600     2.6618     100.00   21.68886  -85.89982    0.00053    0.00108         19  0.000e+00
     148261   6177.500     24.750     24.906    30.0677    30.0700   6.027329   6.027694     3.1600     2.6618     100.00   21.68886  -85.89982    0.00050    0.00105         19  0.000e+00
     148262   6177.542     24.804     24.961    30.0678    30.0697   6.027345   6.027710     3.1600     2.6630     100.00   21.68886  -85.89982    0.00046    0.00104         19  0.000e+00
     148263   6177.583     24.845     25.002    30.0676    30.0700   6.027361   6.027743     3.1600     2.6630     100.00   21.68886  -85.89982    0.00043    0.00103         19  0.000e+00
     148264   6177.625     24.750     24.906    30.0677    30.0700   6.027337   6.027718     3.1600     2.6618     100.00   21.68886  -85.89982    0.00038    0.00100         19  0.000e+00
     148265   6177.667     24.804     24.961    30.0676    30.0698   6.027353   6.027710     3.1600     2.6642     100.00   21.68886  -85.89982    0.00033    0.00099         19  0.000e+00
     148266   6177.708     24.804     24.961    30.0677    30.0700   6.027361   6.027669     3.1600     2.6630     100.00   21.68886  -85.89982    0.00029    0.00096         19  0.000e+00
     148267   6177.750     24.798     24.954    30.0678    30.0698   6.027337   6.027694     3.1600     2.6642     100.00   21.68886  -85.89982    0.00026    0.00093         19  0.000e+00
     148268   6177.792     24.804     24.961    30.0677    30.0697   6.027353   6.027710     3.1600     2.6630     100.00   21.68886  -85.89982    0.00021    0.00088         19  0.000e+00
     148269   6177.833     24.852     25.009    30.0676    30.0700   6.027361   6.027669     3.1600     2.6642     100.00   21.68886  -85.89982    0.00016    0.00083         19  0.000e+00
     148270   6177.875     24.750     24.906    30.0677    30.0698   6.027321   6.027694     3.1600     2.6642     100.00   21.68886  -85.89982    0.00013    0.00078         19  0.000e+00
     148271   6177.917     24.852     25.009    30.0676    30.0698   6.027289   6.027710     3.1600     2.6630     100.00   21.68886  -85.89982    0.00011    0.00070         19  0.000e+00
     148272   6177.958     24.798     24.954    30.0678    30.0698   6.027337   6.027637     3.1587     2.6642     100.00   21.68886  -85.89982    0.00006    0.00063         19  0.000e+00
     148273   6178.000     24.804     24.961    30.0677    30.0700   6.027361   6.027718     3.1600     2.6642     100.00   21.68886  -85.89982    0.00003    0.00055         19  0.000e+00
     148274   6178.042     24.804     24.961    30.0677    30.0698   6.027361   6.027718     3.1600     2.6630     100.00   21.68886  -85.89982    0.00001    0.00046         19  0.000e+00
     148275   6178.083     24.804     24.961    30.0677    30.0696   6.027377   6.027710     3.1600     2.6642     100.00   21.68886  -85.89982   -0.00002    0.00038         19  0.000e+00
     148276   6178.125     24.845     25.002    30.0677    30.0700   6.027361   6.027686     3.1600     2.6654     100.00   21.68886  -85.89982   -0.00003    0.00032         19  0.000e+00
     148277   6178.167     24.804     24.961    30.0676    30.0700   6.027361   6.027702     3.1600     2.6654     100.00   21.68886  -85.89982   -0.00007    0.00025         19  0.000e+00
     148278   6178.208     24.852     25.009    30.0678    30.0698   6.027337   6.027783     3.1600     2.6654     100.00   21.68886  -85.89982   -0.00008    0.00020         19  0.000e+00
     148279   6178.250     24.804     24.961    30.0677    30.0700   6.027385   6.027734     3.1587     2.6654     100.00   21.68886  -85.89982   -0.00012    0.00016         19  0.000e+00
     148280   6178.292     24.845     25.002    30.0676    30.0698   6.027409   6.027743     3.1600     2.6679     100.00   21.68886  -85.89982   -0.00015    0.00016         19  0.000e+00
     148281   6178.333     24.804     24.961    30.0676    30.0702   6.027369   6.027718     3.1587     2.6667     100.00   21.68886  -85.89982   -0.00018    0.00014         19  0.000e+00
     148282   6178.375     24.804     24.961    30.0676    30.0698   6.027337   6.027783     3.1587     2.6654     100.00   21.68886  -85.89982   -0.00022    0.00011         19  0.000e+00
     148283   6178.417     24.804     24.961    30.0676    30.0700   6.027353   6.027767     3.1587     2.6667     100.00   21.68886  -85.89982   -0.00025    0.00010         19  0.000e+00
     148284   6178.458     24.845     25.002    30.0677    30.0698   6.027361   6.027686     3.1587     2.6667     100.00   21.68886  -85.89982   -0.00028    0.00011         19  0.000e+00
     148285   6178.500     24.804     24.961    30.0676    30.0700   6.027337   6.027694     3.1575     2.6654     100.00   21.68886  -85.89982   -0.00033    0.00010         19  0.000e+00
     148286   6178.542     24.804     24.961    30.0677    30.0698   6.027353   6.027710     3.1587     2.6654     100.00   21.68886  -85.89982   -0.00036    0.00011         19  0.000e+00
     148287   6178.583     24.852     25.008    30.0676    30.0698   6.027321   6.027669     3.1600     2.6679     100.00   21.68886  -85.89982   -0.00037    0.00015         19  0.000e+00
     148288   6178.625     24.804     24.961    30.0676    30.0697   6.027345   6.027661     3.1587     2.6654     100.00   21.68886  -85.89982   -0.00042    0.00019         19  0.000e+00
     148289   6178.667     24.797     24.954    30.0677    30.0697   6.027337   6.027694     3.1587     2.6654     100.00   21.68886  -85.89982   -0.00045    0.00022         19  0.000e+00
     148290   6178.708     24.804     24.961    30.0676    30.0697   6.027385   6.027669     3.1587     2.6654     100.00   21.68886  -85.89982   -0.00048    0.00026         19  0.000e+00
     148291   6178.750     24.852     25.008    30.0676    30.0698   6.027369   6.027661     3.1587     2.6654     100.00   21.68886  -85.89982   -0.00051    0.00030         19  0.000e+00
     148292   6178.792     24.804     24.961    30.0674    30.0697   6.027377   6.027694     3.1587     2.6654     100.00   21.68886  -85.89982   -0.00056    0.00034         19  0.000e+00
     148293   6178.833     24.797     24.954    30.0676    30.0697   6.027401   6.027637     3.1587     2.6654     100.00   21.68886  -85.89982   -0.00059    0.00038         19  0.000e+00
     148294   6178.875     24.804     24.961    30.0674    30.0694   6.027369   6.027645     3.1600     2.6654     100.00   21.68886  -85.89982   -0.00060    0.00042         19  0.000e+00
     148295   6178.917     24.804     24.961    30.0676    30.0696   6.027321   6.027621     3.1587     2.6654     100.00   21.68886  -85.89982   -0.00063    0.00042         19  0.000e+00
     148296   6178.958     24.804     24.961    30.0676    30.0697   6.027329   6.027645     3.1575     2.6667     100.00   21.68886  -85.89982   -0.00068    0.00046         19  0.000e+00
     148297   6179.000     24.797     24.954    30.0674    30.0694   6.027353   6.027661     3.1587     2.6667     100.00   21.68886  -85.89982   -0.00071    0.00052         19  0.000e+00
     148298   6179.042     24.804     24.961    30.0676    30.0694   6.027321   6.027694     3.1575     2.6654     100.00   21.68886  -85.89982   -0.00075    0.00052         19  0.000e+00
     148299   6179.083     24.804     24.961    30.0676    30.0694   6.027345   6.027686     3.1587     2.6654     100.00   21.68886  -85.89982   -0.00078    0.00052         19  0.000e+00
     148300   6179.125     24.804     24.961    30.0674    30.0693   6.027377   6.027629     3.1587     2.6654     100.00   21.68886  -85.89982   -0.00081    0.00050         19  0.000e+00
     148301   6179.167     24.797     24.954    30.0676    30.0691   6.027401   6.027612     3.1587     2.6654     100.00   21.68886  -85.89982   -0.00083    0.00048         19  0.000e+00
     148302   6179.208     24.804     24.961    30.0674    30.0691   6.027369   6.027612     3.1587     2.6654     100.00   21.68886  -85.89982   -0.00086    0.00046         19  0.000e+00
     148303   6179.250     24.750     24.906    30.0676    30.0692   6.027377   6.027645     3.1587     2.6654     100.00   21.68886  -85.89982   -0.00089    0.00044         19  0.000e+00
     148304   6179.292     24.804     24.961    30.0676    30.0691   6.027361   6.027621     3.1587     2.6654     100.00   21.68886  -85.89982   -0.00091    0.00040         19  0.000e+00
     148305   6179.333     24.750     24.906    30.0676    30.0689   6.027393   6.027645     3.1575     2.6679     100.00   21.68886  -85.89982   -0.00094    0.00040         19  0.000e+00
     148306   6179.375     24.797     24.954    30.0674    30.0691   6.027369   6.027661     3.1575     2.6654     100.00   21.68886  -85.89982   -0.00096    0.00036         19  0.000e+00
     148307   6179.417     24.804     24.961    30.0676    30.0691   6.027337   6.027661     3.1587     2.6654     100.00   21.68886  -85.89982   -0.00096    0.00031         19  0.000e+00
     148308   6179.458     24.750     24.906    30.0674    30.0691   6.027353   6.027620     3.1587     2.6654     100.00   21.68886  -85.89982   -0.00097    0.00027         19  0.000e+00
     148309   6179.500     24.804     24.961    30.0676    30.0689   6.027321   6.027612     3.1575     2.6679     100.00   21.68886  -85.89982   -0.00099    0.00025         19  0.000e+00
     148310   6179.542     24.750     24.906    30.0676    30.0691   6.027361   6.027686     3.1587     2.6667     100.00   21.68886  -85.89982   -0.00098    0.00024         19  0.000e+00
     148311   6179.583     24.804     24.960    30.0674    30.0691   6.027361   6.027637     3.1575     2.6654     100.00   21.68886  -85.89982   -0.00099    0.00021         19  0.000e+00
     148312   6179.625     24.750     24.906    30.0674    30.0693   6.027321   6.027612     3.1575     2.6654     100.00   21.68888  -85.89982   -0.00101    0.00019         19  0.000e+00
     148313   6179.667     24.804     24.960    30.0677    30.0691   6.027313   6.027612     3.1575     2.6654     100.00   21.68888  -85.89982   -0.00101    0.00017         19  0.000e+00
     148314   6179.708     24.750     24.906    30.0674    30.0691   6.027329   6.027572     3.1587     2.6679     100.00   21.68888  -85.89982   -0.00101    0.00019         19  0.000e+00
     148315   6179.750     24.750     24.906    30.0678    30.0691   6.027353   6.027596     3.1575     2.6667     100.00   21.68888  -85.89982   -0.00103    0.00021         19  0.000e+00
     148316   6179.792     24.702     24.858    30.0674    30.0689   6.027361   6.027572     3.1575     2.6654     100.00   21.68888  -85.89982   -0.00102    0.00017         19  0.000e+00
     150293   6262.167     14.924     15.018    30.0668    30.0693   6.026834   6.027298     3.1636     2.6691     100.00   21.68914  -85.89984    0.00072   -0.00009         20  0.000e+00
     150294   6262.208     14.775     14.868    30.0666    30.0691   6.026818   6.027273     3.1636     2.6691     100.00   21.68914  -85.89984    0.00073   -0.00006         20  0.000e+00
     150295   6262.250     14.924     15.018    30.0669    30.0694   6.026810   6.027265     3.1624     2.6691     100.00   21.68914  -85.89984    0.00072   -0.00003         20  0.000e+00
     150296   6262.292     14.924     15.018    30.0668    30.0693   6.026641   6.027298     3.1624     2.6691     100.00   21.68914  -85.89984    0.00071    0.00000         20  0.000e+00
     150297   6262.333     14.876     14.970    30.0668    30.0693   6.026681   6.027273     3.1624     2.6691     100.00   21.68914  -85.89984    0.00070    0.00003         20  0.000e+00
     150298   6262.375     14.924     15.018    30.0666    30.0692   6.026786   6.027298     3.1624     2.6679     100.00   21.68914  -85.89984    0.00069    0.00007         20  0.000e+00
     150299   6262.417     14.876     14.970    30.0668    30.0691   6.026842   6.027314     3.1624     2.6679     100.00   21.68914  -85.89984    0.00068    0.00008         20  0.000e+00
     150300   6262.458     14.876     14.970    30.0668    30.0689   6.026802   6.027273     3.1624     2.6691     100.00   21.68914  -85.89984    0.00065    0.00011         20  0.000e+00
     150301   6262.500     14.876     14.970    30.0669    30.0691   6.026802   6.027265     3.1624     2.6679     100.00   21.68914  -85.89984    0.00062    0.00013         20  0.000e+00
     150302   6262.542     14.876     14.970    30.0666    30.0689   6.026842   6.027265     3.1624     2.6679     100.00   21.68914  -85.89984    0.00059    0.00014         20  0.000e+00
     150303   6262.583     14.876     14.970    30.0668    30.0691   6.026802   6.027265     3.1624     2.6679     100.00   21.68914  -85.89984    0.00056    0.00016         20  0.000e+00
     150304   6262.625     14.876     14.970    30.0668    30.0691   6.026802   6.027224     3.1624     2.6691     100.00   21.68916  -85.89984    0.00053    0.00018         20  0.000e+00
     150305   6262.667     14.829     14.922    30.0666    30.0689   6.026842   6.027249     3.1624     2.6679     100.00   21.68916  -85.89984    0.00050    0.00017         20  0.000e+00
     150306   6262.708     14.876     14.970    30.0669    30.0689   6.026818   6.027224     3.1624     2.6679     100.00   21.68916  -85.89984    0.00047    0.00017         20  0.000e+00
     150307   6262.750     14.876     14.970    30.0666    30.0691   6.026866   6.027289     3.1624     2.6679     100.00   21.68916  -85.89984    0.00044    0.00017         20  0.000e+00
     150308   6262.792     14.876     14.970    30.0668    30.0687   6.026866   6.027200     3.1624     2.6679     100.00   21.68916  -85.89984    0.00041    0.00017         20  0.000e+00
     150309   6262.833     14.829     14.922    30.0670    30.0689   6.026818   6.027241     3.1624     2.6679     100.00   21.68916  -85.89984    0.00038    0.00015         20  0.000e+00
     150310   6262.875     14.876     14.970    30.0668    30.0689   6.026810   6.027265     3.1624     2.6679     100.00   21.68916  -85.89984    0.00035    0.00015         20  0.000e+00
     150311   6262.917     14.829     14.922    30.0669    30.0689   6.026834   6.027192     3.1624     2.6667     100.00   21.68916  -85.89984    0.00032    0.00011         20  0.000e+00
     150312   6262.958     14.829     14.922    30.0668    30.0685   6.026850   6.027241     3.1624     2.6679      99.90   21.68916  -85.89984    0.00028    0.00011         20  0.000e+00
     150313   6263.000     14.876     14.970    30.0666    30.0687   6.026858   6.027265     3.1612     2.6667      99.41   21.68916  -85.89984    0.00023    0.00007         20  0.000e+00
     150314   6263.042     14.829     14.922    30.0668    30.0687   6.026842   6.027265     3.1624     2.6679      99.24   21.68916  -85.89984    0.00020    0.00007         20  0.000e+00
     150315   6263.083     14.829     14.922    30.0668    30.0687   6.026850   6.027224     3.1612     2.6667      99.24   21.68916  -85.89984    0.00015    0.00005         20  0.000e+00
     150316   6263.125     14.876     14.970    30.0668    30.0687   6.026818   6.027216     3.1624     2.6654      99.24   21.68916  -85.89984    0.00012    0.00001         20  0.000e+00
     150317   6263.167     14.829     14.922    30.0669    30.0685   6.026842   6.027216     3.1612     2.6654      99.27   21.68916  -85.89984    0.00007   -0.00002         20  0.000e+00
     150318   6263.208     14.829     14.922    30.0668    30.0689   6.026842   6.027233     3.1612     2.6679      99.27   21.68916  -85.89984    0.00002   -0.00002         20  0.000e+00
