Gulf of Mexico/GOMECC-4/1db/rb2103_0691.cnv
* Sea-Bird SBE 9 Data File:
* FileName = C:\Users\scs.user.rb\CTD\GOMECC4\data\rb2103_0691.hex
* Software Version Seasave V 7.26.7.107
* Temperature SN = 4799
* Conductivity SN = 3860
* Number of Bytes Per Scan = 41
* Number of Voltage Words = 4
* Number of Scans Averaged by the Deck Unit = 1
* NMEA Latitude = 26 03.53 N
* NMEA Longitude = 095 07.24 W
* NMEA UTC (Time) = Oct 03 2021  11:22:54
* NMEA baud rate = 4800
# nquan = 28
# nvalues = 743                         
# units = specified
# name 0 = scan: Scan Count
# name 1 = timeS: Time, Elapsed [seconds]
# name 2 = depSM: Depth [salt water, m]
# name 3 = prDM: Pressure, Digiquartz [db]
# name 4 = t090C: Temperature [ITS-90, deg C]
# name 5 = t190C: Temperature, 2 [ITS-90, deg C]
# name 6 = c0S/m: Conductivity [S/m]
# name 7 = c1S/m: Conductivity, 2 [S/m]
# name 8 = sbeox0V: Oxygen raw, SBE 43 [V]
# name 9 = sbeox1V: Oxygen raw, SBE 43, 2 [V]
# name 10 = altM: Altimeter [m]
# name 11 = latitude: Latitude [deg]
# name 12 = longitude: Longitude [deg]
# name 13 = sbox0dV/dT: Oxygen, SBE 43 [dov/dt]
# name 14 = sbox1dV/dT: Oxygen, SBE 43, 2 [dov/dt]
# name 15 = sbeox0ML/L: Oxygen, SBE 43 [ml/l], WS = 5
# name 16 = sbeox1ML/L: Oxygen, SBE 43, 2 [ml/l], WS = 5
# name 17 = potemp090C: Potential Temperature [ITS-90, deg C]
# name 18 = potemp190C: Potential Temperature, 2 [ITS-90, deg C]
# name 19 = sal00: Salinity, Practical [PSU]
# name 20 = sal11: Salinity, Practical, 2 [PSU]
# name 21 = sigma-é00: Density [sigma-theta, kg/m^3]
# name 22 = sigma-é11: Density, 2 [sigma-theta, kg/m^3]
# name 23 = avgsvCM: Average Sound Velocity [Chen-Millero, m/s], minP = 20, minS = 20
# name 24 = sbox0Mm/Kg: Oxygen, SBE 43 [umol/kg], WS = 5
# name 25 = sbox1Mm/Kg: Oxygen, SBE 43, 2 [umol/kg], WS = 5
# name 26 = nbin: number of scans per bin
# name 27 = flag: flag
# span 0 =       5895,     154871       
# span 1 =    245.587,   6452.927       
# span 2 =      1.987,   1937.179       
# span 3 =      2.000,   1959.000       
# span 4 =     4.3110,    30.0000       
# span 5 =     4.3114,    30.0010       
# span 6 =   3.352080,   6.067061       
# span 7 =   3.352039,   6.066899       
# span 8 =     1.5699,     3.3754       
# span 9 =     1.2732,     2.8885       
# span 10 =      10.02,     102.45      
# span 11 =   25.97330,   26.57033      
# span 12 =  -96.98970,  -94.80807      
# span 13 =   -0.02674,    0.04224      
# span 14 =   -0.02648,    0.03911      
# span 15 =     2.4108,     5.0590      
# span 16 =     2.4272,     5.0692      
# span 17 =     4.1430,    29.9963      
# span 18 =     4.1438,    29.9973      
# span 19 =    34.9059,    36.9144      
# span 20 =    34.9053,    36.9125      
# span 21 =    22.5600,    27.7505      
# span 22 =    22.5594,    27.7495      
# span 23 =       0.00,    1547.43      
# span 24 =    104.830,    220.629      
# span 25 =    105.542,    221.083      
# span 26 =         30,         74      
# span 27 = 0.0000e+00, 0.0000e+00      
# interval = decibars: 1                
# start_time = Oct 03 2021 11:22:54 [NMEA time, header]
# bad_flag = -9.990e-29
*END*
[from data line 725]
     143554   5981.376     38.743     39.000    29.4459    29.4463   5.959683   5.959746     3.1298     2.6517     100.29   26.05852  -95.12066   -0.00029   -0.00055     4.3181     4.3102    29.4363    29.4367    36.2432    36.2434    22.8507    22.8507    1498.54    188.540    188.193         56 0.0000e+00
     143628   5984.450     37.749     38.000    29.4456    29.4455   5.959567   5.959597     3.1306     2.6531      71.09   26.05852  -95.12066    0.00004    0.00090     4.3189     4.3125    29.4363    29.4362    36.2430    36.2433    22.8505    22.8508    1498.54    188.574    188.294         57 0.0000e+00
     143692   5987.129     36.756     37.000    29.4460    29.4474   5.959466   5.959676     3.1300     2.6515     100.00   26.05852  -95.12066    0.00001   -0.00061     4.3175     4.3087    29.4369    29.4383    36.2422    36.2427    22.8498    22.8496    1498.54    188.510    188.128         57 0.0000e+00
     143764   5990.137     35.763     36.000    29.4463    29.4469   5.959420   5.959573     3.1321     2.6516     100.00   26.05852  -95.12066    0.00004    0.00029     4.3207     4.3083    29.4374    29.4381    36.2421    36.2426    22.8495    22.8497    1498.54    188.651    188.112         60 0.0000e+00
     143824   5992.637     34.769     35.000    29.4458    29.4465   5.959306   5.959428     3.1345     2.6511     100.00   26.05852  -95.12066    0.00134   -0.00029     4.3245     4.3068    29.4372    29.4379    36.2419    36.2422    22.8495    22.8495    1498.54    188.816    188.046         61 0.0000e+00
     143903   5995.919     33.776     34.000    29.4456    29.4463   5.959221   5.959389     3.1333     2.6535      88.52   26.05852  -95.12066   -0.00010    0.00088     4.3218     4.3111    29.4372    29.4380    36.2418    36.2424    22.8494    22.8495    1498.54    188.698    188.232         44 0.0000e+00
     143980   5999.107     32.783     33.000    29.4424    29.4422   5.958541   5.958488     3.1334     2.6519      92.89   26.05852  -95.12066   -0.00002   -0.00082     4.3217     4.3077    29.4343    29.4341    36.2398    36.2396    22.8489    22.8488    1498.54    188.697    188.085         39 0.0000e+00
     147011   6125.424     22.849     23.000    29.3982    29.3977   5.948224   5.947552     3.1313     2.6515      99.87   26.02439  -94.99656    0.00023    0.00080     4.3152     4.3040    29.3925    29.3921    36.1824    36.1781    22.8126    22.8095    1496.59    188.413    187.925         48 0.0000e+00
     149355   6223.079     19.869     20.000    29.5471    29.5514   5.977118   5.977636     3.1492     2.6641     100.37   26.16452  -95.50828   -0.00064   -0.00103     4.3398     4.3227    29.5422    29.5465    36.3637    36.3641    22.9282    22.9270    1504.65    189.489    188.743         33 0.0000e+00
     152695   6362.230     14.902     15.000    30.0000    30.0010   6.067061   6.066899     3.1974     2.7089     101.96   26.57033  -96.98970   -0.00070   -0.00029     4.4039     4.3950    29.9963    29.9973    36.9144    36.9125    23.2752    23.2735    1527.99    192.290    191.901         33 0.0000e+00
     151113   6296.345      9.935     10.000    29.3372    29.3286   5.912191   5.910542     3.1293     2.6476      69.23   26.08659  -95.22400    0.00078    0.00020     4.3176     4.3029    29.3348    29.3261    36.0261    36.0161    22.7281    22.7235    1500.17    188.542    187.900         35 0.0000e+00
     151620   6317.454      8.941      9.000    29.2482    29.2416   5.886548   5.885030     3.1214     2.6407      87.58   26.05828  -95.12064   -0.00020   -0.00008     4.3108     4.2956    29.2459    29.2394    35.8981    35.8925    22.6559    22.6539    1498.54    188.257    187.592         57 0.0000e+00
     151679   6319.899      7.948      8.000    29.2395    29.2375   5.884015   5.883726     3.1213     2.6399      99.80   26.05828  -95.12064   -0.00016   -0.00054     4.3111     4.2941    29.2376    29.2355    35.8873    35.8869    22.6506    22.6510    1498.54    188.268    187.526         50 0.0000e+00
     151738   6322.364      6.954      7.000    29.2398    29.2390   5.883850   5.883747     3.1214     2.6452     100.00   26.05828  -95.12064    0.00008    0.00165     4.3107     4.3039    29.2381    29.2373    35.8863    35.8862    22.6497    22.6499    1498.54    188.252    187.955         67 0.0000e+00
     154470   6436.208      4.967      5.000    29.7211    29.7234   5.980426   5.980571     3.1718     2.6717      93.00   26.48777  -96.68842    0.00021    0.00015     4.3788     4.3448    29.7199    29.7222    36.4761    36.4754    23.0218    23.0205    1523.24    191.226    189.743         50 0.0000e+00
     152154   6339.695      3.974      4.000    29.2387    29.2390   5.883299   5.883268     3.1211     2.6390      99.17   26.05828  -95.12064    0.00028    0.00021     4.3087     4.2902    29.2377    29.2380    35.8842    35.8838    22.6483    22.6479    1498.54    188.164    187.355         48 0.0000e+00
     153118   6379.892      2.980      3.000    29.2363    29.2355   5.882897   5.882812     3.1217     2.6428     100.00   26.05827  -95.12064   -0.00010   -0.00014     4.3095     4.2974    29.2356    29.2348    35.8835    35.8835    22.6484    22.6487    1498.54    188.198    187.670         50 0.0000e+00
     154871   6452.927      1.987      2.000    29.2330    29.2311   5.882283   5.882182     3.1222     2.6461     100.00   26.05826  -95.12064   -0.00006   -0.00009     4.3102     4.3038    29.2325    29.2306    35.8821    35.8828    22.6484    22.6496    1498.54    188.232    187.951         37 0.0000e+00
