Gulf of Mexico/GOMECC-4/1db/rb2103_0781.ros
* Sea-Bird SBE 9 Data File:
* FileName = C:\Users\scs.user.rb\CTD\GOMECC4\data\rb2103_0781.hex
* Software Version Seasave V 7.26.7.107
* Temperature SN = 4799
* Conductivity SN = 3860
* Number of Bytes Per Scan = 41
* Number of Voltage Words = 4
* Number of Scans Averaged by the Deck Unit = 1
* NMEA Latitude = 22 16.52 N
* NMEA Longitude = 097 27.17 W
* NMEA UTC (Time) = Oct 06 2021  03:00:19
* NMEA baud rate = 4800
# nquan = 17
# nvalues = 931                                   
# units = specified
# name 0 = scan: Scan Count
# name 1 = timeS: Time, Elapsed [seconds]
# name 2 = depSM: Depth [salt water, m]
# name 3 = prDM: Pressure, Digiquartz [db]
# name 4 = t090C: Temperature [ITS-90, deg C]
# name 5 = t190C: Temperature, 2 [ITS-90, deg C]
# name 6 = c0S/m: Conductivity [S/m]
# name 7 = c1S/m: Conductivity, 2 [S/m]
# name 8 = sbeox0V: Oxygen raw, SBE 43 [V]
# name 9 = sbeox1V: Oxygen raw, SBE 43, 2 [V]
# name 10 = altM: Altimeter [m]
# name 11 = latitude: Latitude [deg]
# name 12 = longitude: Longitude [deg]
# name 13 = sbox0dV/dT: Oxygen, SBE 43 [dov/dt]
# name 14 = sbox1dV/dT: Oxygen, SBE 43, 2 [dov/dt]
# name 15 = nbf: Bottles Fired
# name 16 = flag:  0.000e+00
# interval = seconds: 0.0416667
# start_time = Oct 06 2021 03:00:19 [NMEA time, header]
# bad_flag = -9.990e-29
*END*
[from data line 681]
      30094   1253.875     15.178     15.274    29.5615    29.5628   5.971958   5.972265     3.1477     2.6654      55.95   22.27550  -97.45380    0.00115    0.00045          6  0.000e+00
      30095   1253.917     15.225     15.322    29.5616    29.5630   5.971918   5.972240     3.1477     2.6654      55.95   22.27550  -97.45380    0.00112    0.00050          6  0.000e+00
      30096   1253.958     15.178     15.274    29.5619    29.5628   5.971942   5.972265     3.1477     2.6654      55.95   22.27550  -97.45380    0.00109    0.00054          6  0.000e+00
      30097   1254.000     15.225     15.322    29.5615    29.5628   5.971990   5.972240     3.1477     2.6654      55.95   22.27550  -97.45380    0.00105    0.00057          6  0.000e+00
      30098   1254.042     15.225     15.322    29.5615    29.5630   5.971966   5.972265     3.1477     2.6654      55.97   22.27550  -97.45380    0.00100    0.00064          6  0.000e+00
      30099   1254.083     15.178     15.274    29.5617    29.5630   5.971934   5.972240     3.1490     2.6654      55.95   22.27550  -97.45380    0.00098    0.00069          6  0.000e+00
      30100   1254.125     15.225     15.322    29.5615    29.5630   5.971950   5.972265     3.1490     2.6654      55.97   22.27550  -97.45380    0.00096    0.00073          6  0.000e+00
      30101   1254.167     15.225     15.322    29.5615    29.5630   5.971958   5.972281     3.1490     2.6654      55.95   22.27550  -97.45380    0.00094    0.00076          6  0.000e+00
      30102   1254.208     15.225     15.322    29.5617    29.5630   5.971958   5.972281     3.1490     2.6654      55.95   22.27550  -97.45380    0.00094    0.00080          6  0.000e+00
      30103   1254.250     15.225     15.322    29.5615    29.5628   5.971958   5.972240     3.1490     2.6630      55.95   22.27550  -97.45380    0.00090    0.00083          6  0.000e+00
      30104   1254.292     15.225     15.322    29.5617    29.5632   5.971958   5.972265     3.1490     2.6642      55.97   22.27550  -97.45380    0.00088    0.00085          6  0.000e+00
      30105   1254.333     15.225     15.322    29.5616    29.5628   5.972006   5.972216     3.1490     2.6654      55.95   22.27550  -97.45380    0.00083    0.00087          6  0.000e+00
      30106   1254.375     15.225     15.322    29.5617    29.5632   5.971974   5.972224     3.1502     2.6630      55.95   22.27550  -97.45380    0.00082    0.00085          6  0.000e+00
      30107   1254.417     15.225     15.322    29.5617    29.5628   5.971958   5.972265     3.1490     2.6630      55.97   22.27550  -97.45380    0.00081    0.00089          6  0.000e+00
      30108   1254.458     15.225     15.322    29.5615    29.5630   5.971918   5.972281     3.1490     2.6630      55.95   22.27550  -97.45380    0.00080    0.00091          6  0.000e+00
      30109   1254.500     15.225     15.322    29.5617    29.5630   5.971942   5.972281     3.1502     2.6630      55.97   22.27550  -97.45380    0.00081    0.00091          6  0.000e+00
      30110   1254.542     15.280     15.376    29.5615    29.5630   5.971918   5.972240     3.1502     2.6642      55.95   22.27550  -97.45380    0.00081    0.00094          6  0.000e+00
      30111   1254.583     15.225     15.322    29.5617    29.5628   5.971982   5.972192     3.1502     2.6630      55.95   22.27550  -97.45380    0.00082    0.00092          6  0.000e+00
      30112   1254.625     15.225     15.322    29.5617    29.5626   5.971942   5.972216     3.1490     2.6642      55.95   22.27550  -97.45380    0.00080    0.00091          6  0.000e+00
      30113   1254.667     15.280     15.376    29.5615    29.5627   5.971910   5.972192     3.1490     2.6642      56.02   22.27550  -97.45380    0.00079    0.00092          6  0.000e+00
      30114   1254.708     15.225     15.322    29.5615    29.5624   5.971910   5.972184     3.1490     2.6618      56.07   22.27550  -97.45380    0.00077    0.00089          6  0.000e+00
      30115   1254.750     15.280     15.376    29.5614    29.5621   5.971942   5.972216     3.1490     2.6642      56.07   22.27550  -97.45380    0.00077    0.00088          6  0.000e+00
      30116   1254.792     15.225     15.322    29.5617    29.5619   5.971918   5.972159     3.1490     2.6654      56.07   22.27550  -97.45380    0.00076    0.00088          6  0.000e+00
      30117   1254.833     15.273     15.369    29.5617    29.5617   5.971982   5.972135     3.1490     2.6642      56.07   22.27550  -97.45380    0.00074    0.00087          6  0.000e+00
      30118   1254.875     15.280     15.376    29.5615    29.5621   5.971942   5.972168     3.1477     2.6630      56.07   22.27550  -97.45380    0.00070    0.00084          6  0.000e+00
      30119   1254.917     15.225     15.322    29.5617    29.5621   5.971950   5.972184     3.1477     2.6642      56.07   22.27550  -97.45380    0.00067    0.00082          6  0.000e+00
      30120   1254.958     15.280     15.376    29.5617    29.5621   5.971958   5.972192     3.1490     2.6654      56.07   22.27550  -97.45380    0.00065    0.00081          6  0.000e+00
      30121   1255.000     15.280     15.376    29.5615    29.5623   5.971990   5.972151     3.1477     2.6642      56.07   22.27550  -97.45380    0.00061    0.00078          6  0.000e+00
      30122   1255.042     15.225     15.322    29.5617    29.5623   5.971934   5.972167     3.1477     2.6630      56.07   22.27550  -97.45380    0.00057    0.00072          6  0.000e+00
      30123   1255.083     15.327     15.424    29.5619    29.5625   5.971942   5.972184     3.1490     2.6642      56.07   22.27550  -97.45380    0.00055    0.00069          6  0.000e+00
      30124   1255.125     15.225     15.322    29.5614    29.5624   5.971958   5.972184     3.1490     2.6654      56.07   22.27550  -97.45380    0.00053    0.00067          6  0.000e+00
      30125   1255.167     15.280     15.376    29.5617    29.5621   5.971974   5.972216     3.1490     2.6654      56.07   22.27550  -97.45380    0.00051    0.00066          6  0.000e+00
      30126   1255.208     15.280     15.376    29.5619    29.5623   5.971958   5.972232     3.1477     2.6654      56.07   22.27550  -97.45380    0.00047    0.00064          6  0.000e+00
      30127   1255.250     15.273     15.369    29.5615    29.5623   5.971918   5.972232     3.1477     2.6654      56.07   22.27550  -97.45380    0.00043    0.00062          6  0.000e+00
      30128   1255.292     15.280     15.376    29.5617    29.5625   5.971982   5.972192     3.1477     2.6654      56.07   22.27550  -97.45380    0.00037    0.00060          6  0.000e+00
      30129   1255.333     15.280     15.376    29.5617    29.5623   5.971966   5.972216     3.1465     2.6667      56.07   22.27550  -97.45380    0.00030    0.00057          6  0.000e+00
      30130   1255.375     15.280     15.376    29.5617    29.5621   5.971958   5.972192     3.1465     2.6679      56.07   22.27550  -97.45380    0.00022    0.00057          6  0.000e+00
      30131   1255.417     15.280     15.376    29.5617    29.5621   5.971934   5.972184     3.1477     2.6654      56.07   22.27550  -97.45380    0.00016    0.00052          6  0.000e+00
      30132   1255.458     15.225     15.322    29.5617    29.5623   5.972022   5.972184     3.1465     2.6654      56.07   22.27550  -97.45380    0.00010    0.00048          6  0.000e+00
      30133   1255.500     15.280     15.376    29.5619    29.5621   5.971982   5.972216     3.1477     2.6654      56.07   22.27550  -97.45380    0.00006    0.00043          6  0.000e+00
      30134   1255.542     15.280     15.376    29.5616    29.5624   5.971990   5.972168     3.1477     2.6654      56.07   22.27550  -97.45380    0.00001    0.00040          6  0.000e+00
      30135   1255.583     15.280     15.376    29.5617    29.5623   5.971934   5.972208     3.1477     2.6654      56.07   22.27550  -97.45380   -0.00003    0.00037          6  0.000e+00
      30136   1255.625     15.280     15.376    29.5617    29.5625   5.971910   5.972192     3.1477     2.6654      56.07   22.27550  -97.45380   -0.00007    0.00033          6  0.000e+00
      30137   1255.667     15.273     15.369    29.5617    29.5623   5.971982   5.972216     3.1477     2.6679      56.17   22.27550  -97.45380   -0.00012    0.00034          6  0.000e+00
      30138   1255.708     15.225     15.322    29.5617    29.5625   5.971870   5.972192     3.1477     2.6667      56.21   22.27550  -97.45380   -0.00018    0.00032          6  0.000e+00
      30139   1255.750     15.280     15.376    29.5615    29.5624   5.971926   5.972184     3.1477     2.6654      56.24   22.27550  -97.45380   -0.00022    0.00028          6  0.000e+00
      30140   1255.792     15.280     15.376    29.5615    29.5623   5.971958   5.972184     3.1490     2.6654      56.21   22.27550  -97.45380   -0.00025    0.00024          6  0.000e+00
      30141   1255.833     15.225     15.322    29.5615    29.5625   5.971918   5.972184     3.1490     2.6654      56.21   22.27550  -97.45380   -0.00028    0.00020          6  0.000e+00
      30142   1255.875     15.273     15.369    29.5615    29.5619   5.971910   5.972143     3.1490     2.6654      56.21   22.27550  -97.45380   -0.00031    0.00016          6  0.000e+00
      30143   1255.917     15.225     15.322    29.5614    29.5619   5.971910   5.972135     3.1490     2.6654      56.21   22.27550  -97.45380   -0.00032    0.00012          6  0.000e+00
      30144   1255.958     15.280     15.376    29.5612    29.5617   5.971886   5.972135     3.1490     2.6654      56.21   22.27550  -97.45380   -0.00034    0.00010          6  0.000e+00
      30145   1256.000     15.225     15.322    29.5615    29.5615   5.971934   5.972167     3.1490     2.6654      56.24   22.27550  -97.45380   -0.00035    0.00007          6  0.000e+00
      30146   1256.042     15.225     15.322    29.5614    29.5617   5.971918   5.972111     3.1490     2.6654      56.24   22.27550  -97.45380   -0.00036    0.00005          6  0.000e+00
      30147   1256.083     15.225     15.322    29.5615    29.5617   5.971910   5.972119     3.1490     2.6654      56.24   22.27550  -97.45380   -0.00038    0.00002          6  0.000e+00
      30148   1256.125     15.225     15.322    29.5615    29.5619   5.971942   5.972135     3.1490     2.6654      56.21   22.27550  -97.45380   -0.00039   -0.00000          6  0.000e+00
      30149   1256.167     15.225     15.322    29.5615    29.5615   5.971886   5.972143     3.1490     2.6630      56.21   22.27550  -97.45380   -0.00039   -0.00005          6  0.000e+00
      30150   1256.208     15.225     15.322    29.5614    29.5621   5.971862   5.972103     3.1490     2.6630      56.24   22.27550  -97.45380   -0.00039   -0.00008          6  0.000e+00
      30151   1256.250     15.225     15.322    29.5614    29.5619   5.971950   5.972119     3.1490     2.6642      56.21   22.27550  -97.45380   -0.00038   -0.00012          6  0.000e+00
      30152   1256.292     15.171     15.267    29.5614    29.5621   5.971958   5.972167     3.1490     2.6654      56.21   22.27550  -97.45380   -0.00038   -0.00013          6  0.000e+00
      30153   1256.333     15.225     15.322    29.5612    29.5621   5.971918   5.972216     3.1490     2.6630      56.21   22.27550  -97.45380   -0.00038   -0.00016          6  0.000e+00
      30154   1256.375     15.131     15.226    29.5612    29.5623   5.971870   5.972192     3.1502     2.6630      56.21   22.27550  -97.45380   -0.00036   -0.00018          6  0.000e+00
      30155   1256.417     15.225     15.322    29.5610    29.5623   5.971894   5.972184     3.1490     2.6642      56.21   22.27550  -97.45380   -0.00035   -0.00019          6  0.000e+00
      30156   1256.458     15.178     15.274    29.5610    29.5623   5.971870   5.972184     3.1502     2.6630      56.21   22.27550  -97.45380   -0.00033   -0.00022          6  0.000e+00
      30157   1256.500     15.131     15.226    29.5614    29.5624   5.971910   5.972184     3.1502     2.6642      56.21   22.27550  -97.45380   -0.00029   -0.00022          6  0.000e+00
      30158   1256.542     15.225     15.322    29.5612    29.5623   5.971878   5.972184     3.1502     2.6630      56.21   22.27550  -97.45380   -0.00027   -0.00026          6  0.000e+00
      30159   1256.583     15.131     15.226    29.5612    29.5623   5.971814   5.972216     3.1502     2.6642      56.21   22.27550  -97.45380   -0.00026   -0.00027          6  0.000e+00
      30160   1256.625     15.131     15.226    29.5612    29.5624   5.971846   5.972232     3.1502     2.6654      56.24   22.27550  -97.45380   -0.00022   -0.00026          6  0.000e+00
      30161   1256.667     15.178     15.274    29.5614    29.5623   5.971894   5.972159     3.1502     2.6630      56.21   22.27550  -97.45380   -0.00018   -0.00030          6  0.000e+00
      30162   1256.708     15.131     15.226    29.5614    29.5624   5.971870   5.972208     3.1502     2.6630      56.19   22.27550  -97.45380   -0.00014   -0.00032          6  0.000e+00
      30163   1256.750     15.124     15.220    29.5612    29.5624   5.971862   5.972167     3.1502     2.6654      56.19   22.27550  -97.45380   -0.00011   -0.00031          6  0.000e+00
      30164   1256.792     15.077     15.172    29.5612    29.5627   5.971838   5.972208     3.1502     2.6654      56.19   22.27550  -97.45380   -0.00007   -0.00030          6  0.000e+00
      30165   1256.833     15.131     15.226    29.5614    29.5626   5.971886   5.972232     3.1502     2.6654      56.19   22.27550  -97.45380   -0.00003   -0.00028          6  0.000e+00
      30166   1256.875     15.131     15.226    29.5615    29.5627   5.971870   5.972232     3.1502     2.6654      56.19   22.27550  -97.45380    0.00000   -0.00027          6  0.000e+00
      30167   1256.917     15.077     15.172    29.5612    29.5628   5.971862   5.972232     3.1490     2.6654      56.19   22.27550  -97.45380    0.00002   -0.00026          6  0.000e+00
      30168   1256.958     15.077     15.172    29.5614    29.5630   5.971934   5.972232     3.1490     2.6654      56.19   22.27550  -97.45380    0.00004   -0.00025          6  0.000e+00
      30169   1257.000     15.077     15.172    29.5614    29.5627   5.971886   5.972232     3.1490     2.6654      56.21   22.27550  -97.45380    0.00006   -0.00023          6  0.000e+00
      30170   1257.042     15.077     15.172    29.5612    29.5628   5.971838   5.972192     3.1490     2.6654      56.21   22.27550  -97.45380    0.00008   -0.00022          6  0.000e+00
      30171   1257.083     15.029     15.124    29.5614    29.5628   5.971854   5.972216     3.1490     2.6654      56.19   22.27550  -97.45380    0.00010   -0.00021          6  0.000e+00
      30172   1257.125     15.077     15.172    29.5612    29.5626   5.971862   5.972232     3.1477     2.6654      56.19   22.27550  -97.45380    0.00009   -0.00020          6  0.000e+00
      30173   1257.167     15.029     15.124    29.5612    29.5624   5.971894   5.972192     3.1477     2.6654      56.19   22.27550  -97.45380    0.00009   -0.00018          6  0.000e+00
      30174   1257.208     15.029     15.124    29.5612    29.5617   5.971870   5.972111     3.1477     2.6630      56.21   22.27550  -97.45380    0.00010   -0.00021          6  0.000e+00
      30175   1257.250     15.029     15.124    29.5615    29.5611   5.971862   5.972119     3.1477     2.6630      56.19   22.27550  -97.45380    0.00011   -0.00023          6  0.000e+00
      30176   1257.292     15.029     15.124    29.5610    29.5608   5.971862   5.972054     3.1477     2.6618      56.21   22.27550  -97.45380    0.00009   -0.00026          6  0.000e+00
      30177   1257.333     14.982     15.076    29.5608    29.5606   5.971838   5.972046     3.1490     2.6630      56.19   22.27550  -97.45380    0.00010   -0.00025          6  0.000e+00
