Gulf of Mexico/GOMECC-4/1db/rb2103_1251.ros
* Sea-Bird SBE 9 Data File:
* FileName = C:\Users\scs.user.rb\CTD\GOMECC4\data\rb2103_1251.hex
* Software Version Seasave V 7.26.7.107
* Temperature SN = 4799
* Conductivity SN = 3860
* Number of Bytes Per Scan = 41
* Number of Voltage Words = 4
* Number of Scans Averaged by the Deck Unit = 1
* NMEA Latitude = 26 35.79 N
* NMEA Longitude = 082 41.74 W
* NMEA UTC (Time) = Oct 19 2021  05:19:27
* NMEA baud rate = 4800
# nquan = 17
# nvalues = 266                                   
# units = specified
# name 0 = scan: Scan Count
# name 1 = timeS: Time, Elapsed [seconds]
# name 2 = depSM: Depth [salt water, m]
# name 3 = prDM: Pressure, Digiquartz [db]
# name 4 = t090C: Temperature [ITS-90, deg C]
# name 5 = t190C: Temperature, 2 [ITS-90, deg C]
# name 6 = c0S/m: Conductivity [S/m]
# name 7 = c1S/m: Conductivity, 2 [S/m]
# name 8 = sbeox0V: Oxygen raw, SBE 43 [V]
# name 9 = sbeox1V: Oxygen raw, SBE 43, 2 [V]
# name 10 = altM: Altimeter [m]
# name 11 = latitude: Latitude [deg]
# name 12 = longitude: Longitude [deg]
# name 13 = sbox0dV/dT: Oxygen, SBE 43 [dov/dt]
# name 14 = sbox1dV/dT: Oxygen, SBE 43, 2 [dov/dt]
# name 15 = nbf: Bottles Fired
# name 16 = flag:  0.000e+00
# interval = seconds: 0.0416667
# start_time = Oct 19 2021 05:19:27 [NMEA time, header]
# bad_flag = -9.990e-29
*END*
      10273    428.000     21.739     21.884    28.8679    28.8694   5.875979   5.876268     3.0830     2.6020       4.13   26.59764  -82.69584   -0.00059   -0.00055          1  0.000e+00
      10274    428.042     21.794     21.938    28.8674    28.8698   5.875955   5.876268     3.0830     2.6020       4.13   26.59764  -82.69584   -0.00056   -0.00050          1  0.000e+00
      10275    428.083     22.328     22.477    28.8673    28.8688   5.875956   5.876300     3.0818     2.6032       4.13   26.59764  -82.69584   -0.00055   -0.00042          1  0.000e+00
      10276    428.125     21.943     22.088    28.8675    28.8693   5.875955   5.876316     3.0830     2.6020       4.13   26.59764  -82.69584   -0.00053   -0.00034          1  0.000e+00
      10277    428.167     22.139     22.286    28.8671    28.8692   5.875932   5.876276     3.0818     2.6020       4.15   26.59764  -82.69584   -0.00052   -0.00029          1  0.000e+00
      10278    428.208     22.078     22.225    28.8671    28.8690   5.875908   5.876300     3.0818     2.6020       4.15   26.59764  -82.69584   -0.00051   -0.00023          1  0.000e+00
      10279    428.250     22.091     22.238    28.8671    28.8692   5.875908   5.876388     3.0830     2.6020       4.13   26.59764  -82.69584   -0.00049   -0.00017          1  0.000e+00
      10280    428.292     22.091     22.238    28.8668    28.8694   5.875837   5.876372     3.0818     2.6020       4.13   26.59764  -82.69584   -0.00048   -0.00012          1  0.000e+00
      10281    428.333     22.078     22.225    28.8671    28.8696   5.875916   5.876396     3.0818     2.6020       4.15   26.59764  -82.69584   -0.00047   -0.00006          1  0.000e+00
      10282    428.375     22.091     22.238    28.8673    28.8698   5.875932   5.876445     3.0818     2.6020       4.13   26.59764  -82.69584   -0.00045   -0.00000          1  0.000e+00
      10283    428.417     22.091     22.238    28.8672    28.8700   5.875948   5.876533     3.0818     2.6007       4.13   26.59764  -82.69584   -0.00044    0.00002          1  0.000e+00
      10284    428.458     22.132     22.279    28.8666    28.8701   5.875805   5.876557     3.0818     2.6007       4.15   26.59764  -82.69584   -0.00043    0.00004          1  0.000e+00
      10285    428.500     22.091     22.238    28.8664    28.8701   5.875829   5.876517     3.0818     2.6007       4.13   26.59764  -82.69584   -0.00042    0.00006          1  0.000e+00
      10286    428.542     22.139     22.286    28.8671    28.8700   5.875892   5.876509     3.0818     2.6007       4.15   26.59764  -82.69584   -0.00040    0.00010          1  0.000e+00
      10287    428.583     22.078     22.225    28.8671    28.8698   5.875956   5.876509     3.0830     2.6007       4.13   26.59764  -82.69584   -0.00037    0.00011          1  0.000e+00
      10288    428.625     22.091     22.238    28.8670    28.8698   5.875852   5.876469     3.0818     2.6007       4.13   26.59764  -82.69584   -0.00035    0.00013          1  0.000e+00
      10289    428.667     22.139     22.286    28.8664    28.8698   5.875733   5.876388     3.0830     2.6007       4.13   26.59764  -82.69584   -0.00032    0.00017          1  0.000e+00
      10290    428.708     22.078     22.225    28.8664    28.8694   5.875821   5.876364     3.0818     2.6007       4.15   26.59764  -82.69584   -0.00031    0.00021          1  0.000e+00
      10291    428.750     22.139     22.286    28.8667    28.8695   5.875932   5.876364     3.0818     2.6007       4.10   26.59764  -82.69584   -0.00029    0.00024          1  0.000e+00
      10292    428.792     22.139     22.286    28.8671    28.8692   5.875789   5.876252     3.0818     2.6007       4.05   26.59764  -82.69584   -0.00027    0.00028          1  0.000e+00
      10293    428.833     22.132     22.279    28.8660    28.8686   5.875464   5.876252     3.0818     2.6007       4.03   26.59764  -82.69584   -0.00027    0.00032          1  0.000e+00
      10294    428.875     22.091     22.238    28.8636    28.8683   5.875011   5.876155     3.0818     2.5995       4.00   26.59764  -82.69584   -0.00025    0.00034          1  0.000e+00
      10295    428.917     22.139     22.286    28.8629    28.8683   5.874853   5.876123     3.0818     2.5995       4.03   26.59764  -82.69584   -0.00023    0.00037          1  0.000e+00
      10296    428.958     22.132     22.279    28.8630    28.8684   5.874916   5.876123     3.0806     2.5995       4.03   26.59764  -82.69584   -0.00023    0.00041          1  0.000e+00
      10297    429.000     22.139     22.286    28.8627    28.8686   5.874829   5.876195     3.0818     2.5995       4.03   26.59764  -82.69584   -0.00023    0.00045          1  0.000e+00
      10298    429.042     22.139     22.286    28.8623    28.8686   5.874702   5.876252     3.0818     2.5983       4.03   26.59764  -82.69584   -0.00022    0.00047          1  0.000e+00
      10299    429.083     22.132     22.279    28.8618    28.8688   5.874654   5.876228     3.0818     2.5983       4.03   26.59764  -82.69584   -0.00022    0.00048          1  0.000e+00
      10300    429.125     22.139     22.286    28.8615    28.8690   5.874654   5.876220     3.0818     2.5983       4.03   26.59764  -82.69584   -0.00021    0.00048          1  0.000e+00
      10301    429.167     22.139     22.286    28.8612    28.8691   5.874726   5.876292     3.0818     2.5983       4.03   26.59764  -82.69584   -0.00021    0.00049          1  0.000e+00
      10302    429.208     22.132     22.279    28.8614    28.8692   5.874750   5.876316     3.0806     2.5983       4.03   26.59764  -82.69584   -0.00022    0.00050          1  0.000e+00
      10303    429.250     22.139     22.286    28.8612    28.8690   5.874781   5.876244     3.0818     2.5983       4.03   26.59764  -82.69584   -0.00022    0.00051          1  0.000e+00
      10304    429.292     22.139     22.286    28.8615    28.8688   5.874845   5.876292     3.0818     2.5983       4.03   26.59764  -82.69584   -0.00021    0.00051          1  0.000e+00
      10305    429.333     22.132     22.279    28.8622    28.8689   5.874845   5.876276     3.0818     2.5983       4.03   26.59764  -82.69584   -0.00020    0.00051          1  0.000e+00
      10306    429.375     22.139     22.286    28.8622    28.8692   5.874845   5.876340     3.0818     2.5983       4.03   26.59764  -82.69584   -0.00020    0.00050          1  0.000e+00
      10307    429.417     22.139     22.286    28.8623    28.8686   5.874805   5.876252     3.0818     2.5983       4.03   26.59764  -82.69584   -0.00017    0.00049          1  0.000e+00
      10308    429.458     22.132     22.279    28.8617    28.8681   5.874615   5.876179     3.0818     2.5983       4.03   26.59764  -82.69584   -0.00016    0.00048          1  0.000e+00
      10309    429.500     22.139     22.286    28.8594    28.8670   5.874226   5.876027     3.0818     2.5983       4.03   26.59764  -82.69584   -0.00016    0.00048          1  0.000e+00
      10310    429.542     22.139     22.286    28.8579    28.8662   5.873924   5.875866     3.0818     2.5995       4.03   26.59764  -82.69584   -0.00015    0.00047          1  0.000e+00
      10311    429.583     22.132     22.279    28.8565    28.8663   5.873734   5.875834     3.0818     2.5995       4.03   26.59764  -82.69584   -0.00014    0.00048          1  0.000e+00
      10312    429.625     22.139     22.286    28.8558    28.8666   5.873575   5.875834     3.0806     2.5995       4.03   26.59764  -82.69584   -0.00015    0.00049          1  0.000e+00
      10313    429.667     22.139     22.286    28.8554    28.8668   5.873544   5.875906     3.0818     2.5995       4.00   26.59764  -82.69584   -0.00014    0.00050          1  0.000e+00
      10314    429.708     22.132     22.279    28.8550    28.8670   5.873583   5.875890     3.0818     2.6007       4.03   26.59764  -82.69584   -0.00014    0.00053          1  0.000e+00
      10315    429.750     22.139     22.286    28.8549    28.8672   5.873552   5.875914     3.0818     2.6007       4.03   26.59764  -82.69584   -0.00013    0.00056          1  0.000e+00
      10316    429.792     22.139     22.286    28.8552    28.8667   5.873544   5.875858     3.0818     2.6007       4.03   26.59764  -82.69584   -0.00014    0.00058          1  0.000e+00
      10317    429.833     22.132     22.279    28.8548    28.8666   5.873496   5.875721     3.0818     2.6020       4.00   26.59764  -82.69584   -0.00013    0.00063          1  0.000e+00
      10318    429.875     22.139     22.286    28.8547    28.8659   5.873488   5.875576     3.0818     2.6020       4.00   26.59764  -82.69584   -0.00012    0.00067          1  0.000e+00
      10319    429.917     22.139     22.286    28.8541    28.8651   5.873456   5.875431     3.0818     2.6020       4.00   26.59764  -82.69584   -0.00011    0.00071          1  0.000e+00
      10320    429.958     22.078     22.225    28.8541    28.8642   5.873480   5.875287     3.0818     2.6020       4.00   26.59764  -82.69584   -0.00011    0.00076          1  0.000e+00
      10321    430.000     22.139     22.286    28.8539    28.8630   5.873496   5.875029     3.0818     2.6020       4.00   26.59764  -82.69584   -0.00010    0.00080          1  0.000e+00
      10322    430.042     22.139     22.286    28.8540    28.8618   5.873496   5.874820     3.0818     2.6020       4.00   26.59764  -82.69584   -0.00011    0.00084          1  0.000e+00
      10323    430.083     22.078     22.225    28.8539    28.8616   5.873496   5.874804     3.0830     2.6020       4.00   26.59764  -82.69584   -0.00008    0.00088          1  0.000e+00
      10324    430.125     22.139     22.286    28.8539    28.8614   5.873425   5.874820     3.0830     2.6020       4.00   26.59764  -82.69584   -0.00006    0.00092          1  0.000e+00
      10325    430.167     22.139     22.286    28.8541    28.8609   5.873425   5.874788     3.0818     2.6020       4.00   26.59764  -82.69584   -0.00005    0.00096          1  0.000e+00
      10326    430.208     22.078     22.225    28.8543    28.8609   5.873480   5.874740     3.0818     2.6020       4.00   26.59764  -82.69584   -0.00006    0.00098          1  0.000e+00
      10327    430.250     22.091     22.238    28.8545    28.8608   5.873456   5.874764     3.0818     2.6020       4.00   26.59764  -82.69584   -0.00006    0.00100          1  0.000e+00
      10328    430.292     22.139     22.286    28.8545    28.8612   5.873448   5.874876     3.0830     2.6032       4.00   26.59764  -82.69584   -0.00005    0.00103          1  0.000e+00
      10329    430.333     22.091     22.238    28.8545    28.8611   5.873520   5.874876     3.0818     2.6032       4.00   26.59764  -82.69584   -0.00006    0.00107          1  0.000e+00
      10330    430.375     22.132     22.279    28.8547    28.8620   5.873544   5.874868     3.0830     2.6032       4.00   26.59764  -82.69584   -0.00005    0.00108          1  0.000e+00
      10331    430.417     22.091     22.238    28.8550    28.8614   5.873615   5.874941     3.0818     2.6032       4.00   26.59764  -82.69584   -0.00005    0.00109          1  0.000e+00
      10332    430.458     22.037     22.184    28.8556    28.8616   5.873734   5.874925     3.0830     2.6044       4.00   26.59764  -82.69584   -0.00004    0.00112          1  0.000e+00
      10333    430.500     22.078     22.225    28.8553    28.8621   5.873742   5.874917     3.0818     2.6044       4.00   26.59764  -82.69584   -0.00005    0.00115          1  0.000e+00
      10334    430.542     22.091     22.238    28.8557    28.8625   5.873742   5.874989     3.0830     2.6044       4.00   26.59764  -82.69584   -0.00004    0.00117          1  0.000e+00
      10335    430.583     22.091     22.238    28.8568    28.8625   5.873774   5.874973     3.0830     2.6044       4.00   26.59764  -82.69584   -0.00003    0.00120          1  0.000e+00
      10336    430.625     22.078     22.225    28.8572    28.8627   5.873790   5.874997     3.0830     2.6044       4.00   26.59764  -82.69584   -0.00002    0.00122          1  0.000e+00
      10337    430.667     22.091     22.238    28.8571    28.8627   5.873861   5.875013     3.0830     2.6044       4.00   26.59764  -82.69584   -0.00001    0.00124          1  0.000e+00
      10338    430.708     22.037     22.184    28.8574    28.8627   5.873901   5.875045     3.0842     2.6044       4.00   26.59764  -82.69584    0.00002    0.00125          1  0.000e+00
      10339    430.750     22.078     22.225    28.8572    28.8626   5.873924   5.874997     3.0830     2.6044       4.05   26.59764  -82.69584    0.00003    0.00127          1  0.000e+00
      10340    430.792     22.037     22.184    28.8572    28.8629   5.873893   5.875110     3.0830     2.6044       4.15   26.59764  -82.69584    0.00004    0.00126          1  0.000e+00
      10341    430.833     22.091     22.238    28.8569    28.8631   5.873917   5.875118     3.0830     2.6044       4.18   26.59764  -82.69584    0.00004    0.00125          1  0.000e+00
      10342    430.875     22.030     22.177    28.8572    28.8635   5.873964   5.875254     3.0842     2.6044       4.18   26.59764  -82.69584    0.00007    0.00126          1  0.000e+00
      10343    430.917     22.037     22.184    28.8576    28.8636   5.874012   5.875303     3.0830     2.6044       4.18   26.59764  -82.69584    0.00008    0.00126          1  0.000e+00
      10344    430.958     22.037     22.184    28.8577    28.8639   5.874131   5.875262     3.0842     2.6044       4.18   26.59764  -82.69584    0.00012    0.00127          1  0.000e+00
      10345    431.000     22.030     22.177    28.8585    28.8633   5.874226   5.875182     3.0830     2.6044       4.15   26.59764  -82.69584    0.00012    0.00127          1  0.000e+00
      10346    431.042     22.037     22.184    28.8591    28.8631   5.874369   5.875190     3.0842     2.6044       4.15   26.59764  -82.69584    0.00015    0.00127          1  0.000e+00
      10347    431.083     22.037     22.184    28.8598    28.8629   5.874559   5.875206     3.0842     2.6044       4.18   26.59764  -82.69584    0.00017    0.00126          1  0.000e+00
      10348    431.125     22.030     22.177    28.8608    28.8629   5.874781   5.875206     3.0842     2.6044       4.18   26.59764  -82.69584    0.00019    0.00126          1  0.000e+00
      10349    431.167     21.990     22.136    28.8618    28.8629   5.874876   5.875134     3.0842     2.6044       4.15   26.59764  -82.69584    0.00021    0.00125          1  0.000e+00
      10350    431.208     22.037     22.184    28.8616    28.8632   5.874273   5.875110     3.0855     2.6056       4.15   26.59764  -82.69584    0.00025    0.00126          1  0.000e+00
      10351    431.250     22.030     22.177    28.8618    28.8633   5.871322   5.875182     3.0855     2.6056       4.18   26.59764  -82.69584    0.00029    0.00126          1  0.000e+00
      10352    431.292     21.990     22.136    28.8615    28.8635   5.873686   5.875206     3.0855     2.6056       4.18   26.59764  -82.69584    0.00032    0.00126          1  0.000e+00
      10353    431.333     22.037     22.184    28.8612    28.8635   5.874750   5.875206     3.0855     2.6056       4.15   26.59764  -82.69584    0.00037    0.00126          1  0.000e+00
      10354    431.375     21.983     22.129    28.8607    28.8635   5.874607   5.875279     3.0867     2.6056       4.18   26.59764  -82.69584    0.00044    0.00128          1  0.000e+00
      10355    431.417     22.037     22.184    28.8600    28.8636   5.874519   5.875303     3.0867     2.6068       4.15   26.59764  -82.69584    0.00049    0.00131          1  0.000e+00
      10356    431.458     21.990     22.136    28.8604    28.8647   5.874440   5.875447     3.0867     2.6068       4.18   26.59764  -82.69584    0.00056    0.00134          1  0.000e+00
      10357    431.500     22.030     22.177    28.8607    28.8651   5.874337   5.875423     3.0867     2.6068       4.15   26.59764  -82.69584    0.00063    0.00137          1  0.000e+00
