Gulf of Mexico/GOMECC-4/1db/rb2103_0811.cnv
* Sea-Bird SBE 9 Data File:
* FileName = C:\Users\scs.user.rb\CTD\GOMECC4\data\rb2103_0811.hex
* Software Version Seasave V 7.26.7.107
* Temperature SN = 4799
* Conductivity SN = 3860
* Number of Bytes Per Scan = 41
* Number of Voltage Words = 4
* Number of Scans Averaged by the Deck Unit = 1
* NMEA Latitude = 22 16.45 N
* NMEA Longitude = 096 10.82 W
* NMEA UTC (Time) = Oct 06 2021  16:12:43
* NMEA baud rate = 4800
# nquan = 28
# nvalues = 1448                        
# units = specified
# name 0 = scan: Scan Count
# name 1 = timeS: Time, Elapsed [seconds]
# name 2 = depSM: Depth [salt water, m]
# name 3 = prDM: Pressure, Digiquartz [db]
# name 4 = t090C: Temperature [ITS-90, deg C]
# name 5 = t190C: Temperature, 2 [ITS-90, deg C]
# name 6 = c0S/m: Conductivity [S/m]
# name 7 = c1S/m: Conductivity, 2 [S/m]
# name 8 = sbeox0V: Oxygen raw, SBE 43 [V]
# name 9 = sbeox1V: Oxygen raw, SBE 43, 2 [V]
# name 10 = altM: Altimeter [m]
# name 11 = latitude: Latitude [deg]
# name 12 = longitude: Longitude [deg]
# name 13 = sbox0dV/dT: Oxygen, SBE 43 [dov/dt]
# name 14 = sbox1dV/dT: Oxygen, SBE 43, 2 [dov/dt]
# name 15 = sbeox0ML/L: Oxygen, SBE 43 [ml/l], WS = 5
# name 16 = sbeox1ML/L: Oxygen, SBE 43, 2 [ml/l], WS = 5
# name 17 = potemp090C: Potential Temperature [ITS-90, deg C]
# name 18 = potemp190C: Potential Temperature, 2 [ITS-90, deg C]
# name 19 = sal00: Salinity, Practical [PSU]
# name 20 = sal11: Salinity, Practical, 2 [PSU]
# name 21 = sigma-é00: Density [sigma-theta, kg/m^3]
# name 22 = sigma-é11: Density, 2 [sigma-theta, kg/m^3]
# name 23 = avgsvCM: Average Sound Velocity [Chen-Millero, m/s], minP = 20, minS = 20
# name 24 = sbox0Mm/Kg: Oxygen, SBE 43 [umol/kg], WS = 5
# name 25 = sbox1Mm/Kg: Oxygen, SBE 43, 2 [umol/kg], WS = 5
# name 26 = nbin: number of scans per bin
# name 27 = flag: flag
# span 0 =      15518,     253550       
# span 1 =    646.553,  10563.884       
# span 2 =      2.981,   2560.992       
# span 3 =      3.000,   2593.000       
# span 4 =     4.2617,   481.7605       
# span 5 =     4.2626,   481.7891       
# span 6 =   3.340664,  96.979588       
# span 7 =   3.340750,  96.985561       
# span 8 =     1.5775,    51.7323       
# span 9 =     1.2798,    43.7472       
# span 10 =       9.92,    1646.03      
# span 11 =   22.11091,  366.65698      
# span 12 =-1583.23974,  -95.47581      
# span 13 =   -0.03625,    0.04935      
# span 14 =   -0.03329,    0.04464      
# span 15 =     2.4070,    71.5253      
# span 16 =     2.4228,    71.1907      
# span 17 =     4.0821,   481.7403      
# span 18 =     4.0830,   481.7689      
# span 19 =    34.9109,   591.2672      
# span 20 =    34.9097,   591.2864      
# span 21 =    22.5004,   373.0927      
# span 22 =    22.5005,   373.0976      
# span 23 =       0.00,    1589.30      
# span 24 =    104.661,   3123.517      
# span 25 =    105.350,   3108.923      
# span 26 =         30,         73      
# span 27 = 0.0000e+00, 0.0000e+00      
# interval = decibars: 1                
# start_time = Oct 06 2021 16:12:43 [NMEA time, header]
# bad_flag = -9.990e-29
*END*
[from data line 570]
      58001   2416.665   1427.061   1441.000     4.2936     4.2939   3.342558   3.342523     1.9659     1.6433     100.00   22.27386  -96.18099    0.00002    0.00004     4.6462     4.6775     4.1755     4.1759    34.9686    34.9678    27.7426    27.7420    1495.57    201.897    203.257         30 0.0000e+00
      58089   2420.343   1431.008   1445.000     4.2895     4.2899   3.342314   3.342275     1.9660     1.6422      92.10   22.27335  -96.17890   -0.00002   -0.00034     4.6491     4.6758     4.1711     4.1715    34.9680    34.9671    27.7426    27.7419    1495.53    202.024    203.184         30 0.0000e+00
      58125   2421.839   1431.995   1446.000     4.2894     4.2899   3.342417   3.342389     1.9660     1.6424     100.39   22.27385  -96.18100    0.00008   -0.00007     4.6498     4.6774     4.1710     4.1714    34.9688    34.9680    27.7433    27.7426    1495.56    202.054    203.254         36 0.0000e+00
      58915   2454.747   1461.601   1476.000     4.2795     4.2798   3.342843   3.342817     1.9654     1.6425     100.00   22.27402  -96.18169   -0.00002   -0.00012     4.6670     4.6971     4.1583     4.1587    34.9696    34.9689    27.7453    27.7447    1495.49    202.800    204.109         32 0.0000e+00
      59066   2461.051   1467.522   1482.000     4.2787     4.2791   3.342959   3.342921     1.9645     1.6410     100.00   22.27338  -96.17893   -0.00016   -0.00019     4.6675     4.6952     4.1570     4.1574    34.9688    34.9680    27.7448    27.7441    1495.44    202.823    204.026         30 0.0000e+00
      59102   2462.533   1468.509   1483.000     4.2786     4.2789   3.343053   3.343017     1.9644     1.6411     100.00   22.27386  -96.18100   -0.00011   -0.00005     4.6675     4.6958     4.1568     4.1572    34.9696    34.9688    27.7454    27.7447    1495.47    202.821    204.054         36 0.0000e+00
      59228   2467.800   1473.442   1488.000     4.2783     4.2786   3.343249   3.343208     1.9637     1.6410      96.99   22.27394  -96.18133   -0.00001    0.00002     4.6681     4.6988     4.1560     4.1564    34.9697    34.9688    27.7456    27.7449    1495.47    202.851    204.184         33 0.0000e+00
      59411   2475.403   1480.349   1495.000     4.2755     4.2761   3.343259   3.343228     1.9632     1.6397     100.00   22.27355  -96.17965   -0.00002   -0.00005     4.6710     4.6981     4.1527     4.1532    34.9693    34.9683    27.7456    27.7448    1495.42    202.974    204.155         30 0.0000e+00
      59443   2476.758   1481.336   1496.000     4.2754     4.2758   3.343330   3.343297     1.9633     1.6399     100.00   22.27386  -96.18100   -0.00001    0.00003     4.6717     4.6993     4.1525     4.1529    34.9697    34.9689    27.7460    27.7453    1495.44    203.005    204.207         31 0.0000e+00
      59651   2485.397   1489.229   1504.000     4.2737     4.2741   3.343480   3.343437     1.9630     1.6397      98.44   22.27348  -96.17942   -0.00001    0.00001     4.6758     4.7039     4.1500     4.1504    34.9694    34.9685    27.7460    27.7453    1495.40    203.182    204.406         36 0.0000e+00
      59780   2490.812   1494.162   1509.000     4.2737     4.2742   3.343696   3.343655     1.9622     1.6398     100.00   22.27347  -96.17936   -0.00013 -1.536e-10     4.6760     4.7071     4.1496     4.1501    34.9694    34.9685    27.7461    27.7453    1495.39    203.192    204.543         34 0.0000e+00
      59814   2492.217   1495.149   1510.000     4.2739     4.2743   3.343787   3.343758     1.9623     1.6394     100.00   22.27384  -96.18098   -0.00003   -0.00004     4.6766     4.7060     4.1497     4.1500    34.9699    34.9692    27.7464    27.7458    1495.41    203.221    204.495         30 0.0000e+00
      59940   2497.459   1500.082   1515.000     4.2727     4.2729   3.343869   3.343832     1.9619     1.6381     100.00   22.27366  -96.18021   -0.00005   -0.00018     4.6785     4.7039     4.1480     4.1482    34.9697    34.9690    27.7465    27.7459    1495.39    203.302    204.405         30 0.0000e+00
      59971   2498.736   1501.069   1516.000     4.2725     4.2729   3.343926   3.343893     1.9619     1.6380      68.86   22.27384  -96.18098    0.00001   -0.00020     4.6792     4.7041     4.1478     4.1481    34.9700    34.9692    27.7467    27.7461    1495.40    203.330    204.413         30 0.0000e+00
      60102   2504.208   1506.002   1521.000     4.2706     4.2710   3.343998   3.343962     1.9608     1.6386     100.00   22.27403  -96.18178   -0.00019    0.00012     4.6780     4.7101     4.1454     4.1458    34.9704    34.9696    27.7473    27.7466    1495.41    203.278    204.672         30 0.0000e+00
      60231   2509.600   1510.935   1526.000     4.2696     4.2701   3.344093   3.344062     1.9607     1.6385      97.53   22.27381  -96.18084    0.00009    0.00004     4.6810     4.7129     4.1440     4.1444    34.9701    34.9693    27.7472    27.7466    1495.39    203.407    204.794         30 0.0000e+00
      60600   2524.939   1524.746   1540.000     4.2692     4.2696   3.344612   3.344572     1.9595     1.6366     100.00   22.27348  -96.17945   -0.00005   -0.00017     4.6851     4.7136     4.1422     4.1426    34.9698    34.9689    27.7472    27.7464    1495.34    203.586    204.828         30 0.0000e+00
      60732   2530.439   1529.678   1545.000     4.2684     4.2687   3.344778   3.344741     1.9586     1.6363     100.00   22.27367  -96.18023   -0.00017   -0.00001     4.6846     4.7154     4.1409     4.1413    34.9702    34.9694    27.7476    27.7469    1495.35    203.568    204.905         31 0.0000e+00
      60763   2531.756   1530.665   1546.000     4.2685     4.2688   3.344851   3.344813     1.9586     1.6361     100.00   22.27384  -96.18098   -0.00011   -0.00003     4.6853     4.7153     4.1409     4.1413    34.9705    34.9697    27.7478    27.7472    1495.36    203.594    204.902         30 0.0000e+00
      60892   2537.142   1535.597   1551.000     4.2673     4.2676   3.344950   3.344913     1.9581     1.6355     100.00   22.27381  -96.18083   -0.00008   -0.00004     4.6865     4.7162     4.1393     4.1397    34.9704    34.9696    27.7480    27.7473    1495.35    203.648    204.940         38 0.0000e+00
      61017   2542.330   1540.529   1556.000     4.2675     4.2680   3.345165   3.345134     1.9576     1.6349     100.00   22.27363  -96.18007   -0.00004   -0.00014     4.6878     4.7166     4.1391     4.1395    34.9702    34.9695    27.7479    27.7472    1495.33    203.705    204.957         30 0.0000e+00
      61050   2543.713   1541.516   1557.000     4.2677     4.2681   3.345250   3.345213     1.9576     1.6349     100.00   22.27384  -96.18098   -0.00004   -0.00002     4.6882     4.7171     4.1392     4.1396    34.9706    34.9697    27.7481    27.7474    1495.34    203.724    204.979         35 0.0000e+00
      61209   2550.348   1547.434   1563.000     4.2683     4.2687   3.345555   3.345524     1.9564     1.6337     100.00   22.27396  -96.18152   -0.00010   -0.00020     4.6872     4.7159     4.1391     4.1396    34.9707    34.9698    27.7482    27.7475    1495.35    203.681    204.928         43 0.0000e+00
      61339   2555.769   1552.366   1568.000     4.2677     4.2683   3.345680   3.345659     1.9559     1.6333     100.00   22.27366  -96.18013   -0.00007   -0.00006     4.6886     4.7175     4.1381     4.1387    34.9703    34.9694    27.7480    27.7472    1495.32    203.739    204.994         41 0.0000e+00
      61466   2561.031   1557.297   1573.000     4.2665     4.2668   3.345727   3.345686     1.9547     1.6324     100.00   22.27320  -96.17822   -0.00018   -0.00021     4.6874     4.7168     4.1364     4.1367    34.9697    34.9689    27.7477    27.7470    1495.28    203.685    204.966         36 0.0000e+00
      61504   2562.612   1558.284   1574.000     4.2663     4.2667   3.345845   3.345806     1.9547     1.6322     100.00   22.27384  -96.18098   -0.00007   -0.00009     4.6879     4.7167     4.1362     4.1366    34.9708    34.9699    27.7486    27.7478    1495.32    203.711    204.963         33 0.0000e+00
      61631   2567.906   1563.215   1579.000     4.2665     4.2670   3.346099   3.346067     1.9541     1.6319     100.00   22.27411  -96.18212   -0.00013   -0.00005     4.6887     4.7187     4.1359     4.1364    34.9711    34.9702    27.7489    27.7481    1495.34    203.745    205.047         35 0.0000e+00
      61734   2572.199   1567.161   1583.000     4.2664     4.2667   3.346189   3.346150     1.9537     1.6313      85.27   22.27357  -96.17981   -0.00013   -0.00012     4.6894     4.7185     4.1354     4.1358    34.9703    34.9695    27.7483    27.7476    1495.29    203.774    205.040         30 0.0000e+00
      61867   2577.753   1572.092   1588.000     4.2663     4.2667   3.346430   3.346401     1.9533     1.6311     100.00   22.27389  -96.18109   -0.00002   -0.00006     4.6912     4.7206     4.1349     4.1353    34.9708    34.9700    27.7488    27.7481    1495.31    203.853    205.131         37 0.0000e+00
      61992   2582.953   1577.023   1593.000     4.2660     4.2664   3.346580   3.346544     1.9525     1.6299     100.00   22.27363  -96.17999   -0.00022   -0.00030     4.6911     4.7191     4.1341     4.1345    34.9705    34.9697    27.7486    27.7479    1495.29    203.849    205.067         30 0.0000e+00
      62025   2584.351   1578.010   1594.000     4.2658     4.2663   3.346636   3.346602     1.9524     1.6299      99.78   22.27386  -96.18096   -0.00010   -0.00024     4.6913     4.7195     4.1338     4.1343    34.9708    34.9700    27.7489    27.7482    1495.30    203.859    205.081         36 0.0000e+00
      62148   2589.452   1582.941   1599.000     4.2657     4.2662   3.346711   3.346674     1.9515     1.6296     100.00   22.27291  -96.17685   -0.00022   -0.00004     4.6911     4.7214     4.1332     4.1337    34.9694    34.9685    27.7478    27.7470    1495.24    203.849    205.166         34 0.0000e+00
      62191   2591.231   1583.927   1600.000     4.2659     4.2663   3.346893   3.346863     1.9514     1.6294     100.00   22.27386  -96.18096   -0.00018   -0.00009     4.6912     4.7211     4.1333     4.1338    34.9709    34.9700    27.7489    27.7482    1495.30    203.850    205.152         38 0.0000e+00
      62281   2595.005   1587.872   1604.000     4.2653     4.2658   3.346921   3.346898     1.9511     1.6288     100.00   22.27319  -96.17807   -0.00013   -0.00019     4.6925     4.7211     4.1324     4.1328    34.9698    34.9691    27.7482    27.7476    1495.26    203.907    205.151         33 0.0000e+00
      62320   2596.632   1588.858   1605.000     4.2654     4.2658   3.347053   3.347028     1.9508     1.6286     100.00   22.27386  -96.18096   -0.00006   -0.00005     4.6920     4.7209     4.1324     4.1328    34.9709    34.9701    27.7491    27.7484    1495.30    203.885    205.145         36 0.0000e+00
      62413   2600.507   1592.803   1609.000     4.2641     4.2645   3.347033   3.346992     1.9506     1.6280     100.00   22.27321  -96.17813   -0.00010   -0.00014     4.6939     4.7213     4.1307     4.1311    34.9700    34.9691    27.7485    27.7478    1495.25    203.968    205.162         33 0.0000e+00
      62449   2602.019   1593.789   1610.000     4.2642     4.2646   3.347171   3.347133     1.9504     1.6285     100.00   22.27386  -96.18096    0.00002   -0.00004     4.6937     4.7237     4.1307     4.1311    34.9711    34.9702    27.7494    27.7487    1495.29    203.962    205.266         33 0.0000e+00
      62633   2609.650   1600.692   1617.000     4.2648     4.2653   3.347527   3.347486     1.9497     1.6269      99.92   22.27390  -96.18113   -0.00010   -0.00020     4.6951     4.7212     4.1306     4.1311    34.9712    34.9702    27.7495    27.7487    1495.29    204.021    205.158         32 0.0000e+00
      62755   2614.768   1605.623   1622.000     4.2650     4.2656   3.347672   3.347635     1.9487     1.6264     100.00   22.27330  -96.17854   -0.00012   -0.00007     4.6943     4.7222     4.1304     4.1309    34.9702    34.9692    27.7487    27.7479    1495.25    203.986    205.201         31 0.0000e+00
      62791   2616.240   1606.609   1623.000     4.2652     4.2657   3.347801   3.347772     1.9487     1.6263     100.00   22.27386  -96.18096   -0.00004   -0.00002     4.6950     4.7226     4.1305     4.1310    34.9710    34.9702    27.7494    27.7487    1495.29    204.017    205.215         36 0.0000e+00
      62913   2621.340   1611.539   1628.000     4.2642     4.2647   3.347863   3.347827     1.9481     1.6252     100.00   22.27340  -96.17891   -0.00014   -0.00026     4.6959     4.7214     4.1290     4.1295    34.9704    34.9695    27.7491    27.7483    1495.25    204.055    205.165         30 0.0000e+00
      62948   2622.803   1612.525   1629.000     4.2644     4.2648   3.347978   3.347940     1.9480     1.6252     100.00   22.27388  -96.18096   -0.00017   -0.00014     4.6961     4.7219     4.1291     4.1295    34.9711    34.9702    27.7496    27.7489    1495.28    204.066    205.187         35 0.0000e+00
      63526   2646.886   1634.218   1651.000     4.2648     4.2652   3.348977   3.348936     1.9450     1.6218     100.00   22.27415  -96.18211   -0.00006   -0.00010     4.6978     4.7211     4.1274     4.1278    34.9718    34.9708    27.7503    27.7495    1495.30    204.141    205.153         32 0.0000e+00
      63631   2651.248   1638.162   1655.000     4.2641     4.2645   3.349032   3.349003     1.9442     1.6215     100.00   22.27386  -96.18085   -0.00018   -0.00009     4.6975     4.7225     4.1263     4.1268    34.9712    34.9704    27.7500    27.7493    1495.28    204.124    205.214         31 0.0000e+00
      63734   2655.539   1642.106   1659.000     4.2641     4.2645   3.349179   3.349141     1.9438     1.6207     100.00   22.27368  -96.18008   -0.00006   -0.00027     4.6984     4.7217     4.1259     4.1264    34.9710    34.9701    27.7499    27.7491    1495.27    204.165    205.176         32 0.0000e+00
      63766   2656.869   1643.092   1660.000     4.2641     4.2646   3.349251   3.349220     1.9437     1.6207      91.49   22.27388  -96.18094   -0.00004   -0.00009     4.6986     4.7221     4.1259     4.1263    34.9713    34.9705    27.7501    27.7494    1495.28    204.172    205.195         30 0.0000e+00
      63922   2663.387   1649.008   1666.000     4.2645     4.2650   3.349550   3.349517     1.9430     1.6201     100.00   22.27396  -96.18134   -0.00006   -0.00016     4.6996     4.7231     4.1257     4.1261    34.9715    34.9707    27.7503    27.7496    1495.29    204.216    205.237         31 0.0000e+00
      64078   2669.895   1654.923   1672.000     4.2640     4.2645   3.349724   3.349683     1.9413     1.6193      72.13   22.27368  -96.18014   -0.00029   -0.00003     4.6967     4.7238     4.1246     4.1251    34.9712    34.9702    27.7501    27.7493    1495.27    204.090    205.268         33 0.0000e+00
      64208   2675.303   1659.852   1677.000     4.2641     4.2646   3.349923   3.349890     1.9412     1.6190     100.00   22.27360  -96.17982   -0.00007   -0.00005     4.6991     4.7253     4.1242     4.1247    34.9710    34.9701    27.7501    27.7492    1495.26    204.197    205.333         33 0.0000e+00
      64242   2676.704   1660.838   1678.000     4.2642     4.2647   3.350008   3.349973     1.9407     1.6190     100.00   22.27386  -96.18092   -0.00012   -0.00002     4.6979     4.7258     4.1242     4.1247    34.9714    34.9705    27.7504    27.7496    1495.28    204.142    205.357         31 0.0000e+00
      64344   2680.949   1664.781   1682.000     4.2640     4.2644   3.350143   3.350101     1.9402     1.6183      80.38   22.27378  -96.18057   -0.00015   -0.00017     4.6986     4.7255     4.1237     4.1241    34.9712    34.9703    27.7503    27.7495    1495.27    204.173    205.342         31 0.0000e+00
