Gulf of Mexico/GOMECC-4/1db/rb2103_1171.ros
* Sea-Bird SBE 9 Data File:
* FileName = C:\Users\scs.user.rb\CTD\GOMECC4\data\rb2103_1171.hex
* Software Version Seasave V 7.26.7.107
* Temperature SN = 4799
* Conductivity SN = 3860
* Number of Bytes Per Scan = 41
* Number of Voltage Words = 4
* Number of Scans Averaged by the Deck Unit = 1
* NMEA Latitude = 21 35.45 N
* NMEA Longitude = 086 30.17 W
* NMEA UTC (Time) = Oct 15 2021  23:00:47
* NMEA baud rate = 4800
# nquan = 17
# nvalues = 1596                                  
# units = specified
# name 0 = scan: Scan Count
# name 1 = timeS: Time, Elapsed [seconds]
# name 2 = depSM: Depth [salt water, m]
# name 3 = prDM: Pressure, Digiquartz [db]
# name 4 = t090C: Temperature [ITS-90, deg C]
# name 5 = t190C: Temperature, 2 [ITS-90, deg C]
# name 6 = c0S/m: Conductivity [S/m]
# name 7 = c1S/m: Conductivity, 2 [S/m]
# name 8 = sbeox0V: Oxygen raw, SBE 43 [V]
# name 9 = sbeox1V: Oxygen raw, SBE 43, 2 [V]
# name 10 = altM: Altimeter [m]
# name 11 = latitude: Latitude [deg]
# name 12 = longitude: Longitude [deg]
# name 13 = sbox0dV/dT: Oxygen, SBE 43 [dov/dt]
# name 14 = sbox1dV/dT: Oxygen, SBE 43, 2 [dov/dt]
# name 15 = nbf: Bottles Fired
# name 16 = flag:  0.000e+00
# interval = seconds: 0.0416667
# start_time = Oct 15 2021 23:00:47 [NMEA time, header]
# bad_flag = -9.990e-29
*END*
[from data line 1447]
      32301   1345.833      3.264      3.284    29.9191    29.9213   6.003817   6.004315     3.1832     2.6850      56.92   21.59340  -86.50340   -0.00082    0.00138         11  0.000e+00
      32302   1345.875      3.216      3.236    29.9196    29.9207   6.003833   6.004177     3.1832     2.6850      56.95   21.59340  -86.50340   -0.00082    0.00127         11  0.000e+00
      32303   1345.917      3.264      3.284    29.9198    29.9207   6.003793   6.004128     3.1832     2.6838      56.92   21.59340  -86.50340   -0.00081    0.00115         11  0.000e+00
      32304   1345.958      3.264      3.284    29.9196    29.9205   6.003809   6.004128     3.1832     2.6838      56.92   21.59340  -86.50340   -0.00078    0.00103         11  0.000e+00
      32305   1346.000      3.264      3.284    29.9195    29.9205   6.003793   6.004128     3.1832     2.6825      56.92   21.59340  -86.50340   -0.00076    0.00089         11  0.000e+00
      32306   1346.042      3.264      3.284    29.9194    29.9211   6.003785   6.004169     3.1832     2.6825      56.92   21.59340  -86.50340   -0.00073    0.00075         11  0.000e+00
      32307   1346.083      3.311      3.332    29.9193    29.9213   6.003817   6.004250     3.1844     2.6813      56.92   21.59340  -86.50340   -0.00069    0.00061         11  0.000e+00
      32308   1346.125      3.216      3.236    29.9192    29.9213   6.003833   6.004201     3.1844     2.6813      56.92   21.59340  -86.50340   -0.00064    0.00048         11  0.000e+00
      32309   1346.167      3.311      3.332    29.9197    29.9213   6.003857   6.004177     3.1844     2.6813      56.92   21.59340  -86.50340   -0.00060    0.00034         11  0.000e+00
      32310   1346.208      3.311      3.332    29.9192    29.9211   6.003801   6.004218     3.1844     2.6813      56.92   21.59340  -86.50340   -0.00055    0.00022         11  0.000e+00
      32311   1346.250      3.264      3.284    29.9191    29.9209   6.003785   6.004185     3.1844     2.6813      56.92   21.59340  -86.50340   -0.00051    0.00009         11  0.000e+00
      32312   1346.292      3.311      3.332    29.9192    29.9209   6.003817   6.004177     3.1844     2.6813      56.92   21.59340  -86.50340   -0.00046   -0.00002         11  0.000e+00
      32313   1346.333      3.264      3.284    29.9191    29.9209   6.003793   6.004112     3.1844     2.6813      56.92   21.59340  -86.50340   -0.00041   -0.00011         11  0.000e+00
      32314   1346.375      3.311      3.332    29.9193    29.9209   6.003777   6.004112     3.1844     2.6813      56.87   21.59340  -86.50340   -0.00037   -0.00020         11  0.000e+00
      32315   1346.417      3.311      3.332    29.9188    29.9207   6.003705   6.004096     3.1844     2.6813      56.80   21.59340  -86.50340   -0.00032   -0.00028         11  0.000e+00
      32316   1346.458      3.311      3.332    29.9187    29.9204   6.003688   6.004039     3.1832     2.6825      56.80   21.59340  -86.50340   -0.00031   -0.00035         11  0.000e+00
      32554   1356.375      3.069      3.088    29.9149    29.9177   6.003448   6.003974     3.1844     2.6838      56.80   21.59342  -86.50340    0.00022   -0.00049         12  0.000e+00
      32555   1356.417      3.217      3.238    29.9152    29.9181   6.003400   6.003982     3.1832     2.6825      56.83   21.59342  -86.50340    0.00021   -0.00055         12  0.000e+00
      32556   1356.458      3.069      3.088    29.9151    29.9180   6.003464   6.003982     3.1844     2.6825      56.83   21.59342  -86.50340    0.00021   -0.00061         12  0.000e+00
      32557   1356.500      3.116      3.135    29.9152    29.9180   6.003488   6.004015     3.1844     2.6825      56.83   21.59342  -86.50340    0.00022   -0.00066         12  0.000e+00
      32558   1356.542      3.069      3.088    29.9153    29.9185   6.003480   6.004031     3.1844     2.6825      56.83   21.59342  -86.50340    0.00023   -0.00072         12  0.000e+00
      32559   1356.583      3.069      3.088    29.9156    29.9187   6.003408   6.004063     3.1844     2.6825      56.83   21.59342  -86.50340    0.00023   -0.00077         12  0.000e+00
      32560   1356.625      3.069      3.088    29.9157    29.9189   6.003392   6.004007     3.1856     2.6825      56.83   21.59342  -86.50340    0.00024   -0.00082         12  0.000e+00
      32561   1356.667      3.069      3.088    29.9156    29.9183   6.003464   6.004015     3.1856     2.6825      56.80   21.59342  -86.50340    0.00026   -0.00087         12  0.000e+00
      32562   1356.708      3.069      3.088    29.9155    29.9172   6.003416   6.003885     3.1856     2.6825      56.83   21.59342  -86.50340    0.00028   -0.00092         12  0.000e+00
      32563   1356.750      3.116      3.135    29.9156    29.9160   6.003456   6.003771     3.1868     2.6825      56.83   21.59342  -86.50340    0.00032   -0.00097         12  0.000e+00
      32564   1356.792      3.014      3.033    29.9157    29.9146   6.003480   6.003552     3.1868     2.6838      56.83   21.59342  -86.50340    0.00034   -0.00100         12  0.000e+00
      32565   1356.833      3.069      3.088    29.9156    29.9125   6.003448   6.003390     3.1856     2.6825      56.83   21.59342  -86.50340    0.00036   -0.00105         12  0.000e+00
      32566   1356.875      3.069      3.088    29.9159    29.9114   6.003512   6.003268     3.1868     2.6838      56.83   21.59342  -86.50340    0.00040   -0.00107         12  0.000e+00
      32567   1356.917      3.014      3.033    29.9156    29.9112   6.003496   6.003292     3.1856     2.6838      56.83   21.59342  -86.50340    0.00042   -0.00110         12  0.000e+00
      32568   1356.958      3.069      3.088    29.9157    29.9114   6.003440   6.003438     3.1856     2.6838      56.80   21.59342  -86.50340    0.00042   -0.00112         12  0.000e+00
      32569   1357.000      3.014      3.033    29.9160    29.9123   6.003400   6.003495     3.1856     2.6850      56.83   21.59342  -86.50340    0.00043   -0.00113         12  0.000e+00
      32570   1357.042      3.069      3.088    29.9157    29.9131   6.003424   6.003536     3.1856     2.6850      56.80   21.59342  -86.50340    0.00045   -0.00113         12  0.000e+00
      32571   1357.083      3.015      3.033    29.9156    29.9140   6.003472   6.003576     3.1856     2.6862      56.80   21.59342  -86.50340    0.00045   -0.00112         12  0.000e+00
      32572   1357.125      3.069      3.088    29.9155    29.9146   6.003448   6.003633     3.1856     2.6862      56.83   21.59342  -86.50340    0.00047   -0.00111         12  0.000e+00
      32573   1357.167      3.015      3.033    29.9154    29.9150   6.003392   6.003674     3.1856     2.6862      56.83   21.59342  -86.50340    0.00048   -0.00108         12  0.000e+00
      32574   1357.208      3.015      3.033    29.9153    29.9151   6.003424   6.003617     3.1856     2.6874      56.83   21.59342  -86.50340    0.00050   -0.00103         12  0.000e+00
      32575   1357.250      3.015      3.033    29.9152    29.9155   6.003400   6.003625     3.1856     2.6874      56.83   21.59342  -86.50340    0.00050   -0.00098         12  0.000e+00
      32576   1357.292      2.913      2.931    29.9151    29.9153   6.003392   6.003641     3.1856     2.6874      56.80   21.59342  -86.50340    0.00049   -0.00093         12  0.000e+00
      32577   1357.333      3.163      3.183    29.9149    29.9155   6.003352   6.003714     3.1856     2.6874      56.83   21.59342  -86.50340    0.00049   -0.00088         12  0.000e+00
      32578   1357.375      2.967      2.986    29.9149    29.9159   6.003368   6.003706     3.1856     2.6886      56.87   21.59342  -86.50340    0.00049   -0.00081         12  0.000e+00
      32579   1357.417      3.069      3.088    29.9150    29.9164   6.003384   6.003698     3.1856     2.6886      56.92   21.59342  -86.50340    0.00048   -0.00074         12  0.000e+00
      32580   1357.458      2.967      2.986    29.9149    29.9166   6.003392   6.003690     3.1856     2.6886      56.95   21.59342  -86.50340    0.00047   -0.00067         12  0.000e+00
      32581   1357.500      3.069      3.088    29.9150    29.9166   6.003392   6.003731     3.1844     2.6886      56.95   21.59342  -86.50340    0.00045   -0.00060         12  0.000e+00
      32582   1357.542      3.015      3.033    29.9149    29.9168   6.003352   6.003771     3.1856     2.6886      56.95   21.59342  -86.50340    0.00044   -0.00054         12  0.000e+00
      32583   1357.583      3.015      3.033    29.9152    29.9168   6.003408   6.003787     3.1856     2.6886      56.95   21.59342  -86.50340    0.00044   -0.00047         12  0.000e+00
      32584   1357.625      3.015      3.033    29.9153    29.9166   6.003432   6.003747     3.1856     2.6899      56.95   21.59342  -86.50340    0.00043   -0.00038         12  0.000e+00
      32585   1357.667      3.015      3.033    29.9154    29.9168   6.003472   6.003739     3.1856     2.6899      56.92   21.59342  -86.50340    0.00042   -0.00030         12  0.000e+00
      32586   1357.708      3.015      3.033    29.9155    29.9163   6.003448   6.003779     3.1856     2.6899      56.92   21.59342  -86.50340    0.00041   -0.00019         12  0.000e+00
      32587   1357.750      3.015      3.033    29.9152    29.9166   6.003440   6.003747     3.1856     2.6899      56.95   21.59342  -86.50340    0.00040   -0.00011         12  0.000e+00
      32588   1357.792      3.015      3.033    29.9149    29.9155   6.003432   6.003706     3.1856     2.6899      56.92   21.59342  -86.50340    0.00039   -0.00002         12  0.000e+00
      32589   1357.833      3.062      3.081    29.9152    29.9151   6.003400   6.003617     3.1856     2.6899      56.95   21.59342  -86.50340    0.00037    0.00006         12  0.000e+00
      32590   1357.875      3.015      3.033    29.9151    29.9148   6.003392   6.003593     3.1856     2.6899      56.95   21.59342  -86.50340    0.00038    0.00014         12  0.000e+00
      32591   1357.917      3.015      3.033    29.9152    29.9142   6.003392   6.003511     3.1856     2.6899      56.95   21.59342  -86.50340    0.00038    0.00023         12  0.000e+00
      32592   1357.958      3.069      3.088    29.9151    29.9139   6.003416   6.003463     3.1856     2.6886      56.95   21.59342  -86.50340    0.00039    0.00029         12  0.000e+00
      32593   1358.000      3.069      3.088    29.9152    29.9135   6.003400   6.003438     3.1856     2.6899      56.95   21.59342  -86.50340    0.00037    0.00038         12  0.000e+00
      32594   1358.042      3.015      3.033    29.9153    29.9131   6.003424   6.003446     3.1856     2.6886      56.95   21.59342  -86.50340    0.00036    0.00044         12  0.000e+00
      32595   1358.083      3.069      3.088    29.9150    29.9133   6.003400   6.003414     3.1856     2.6886      56.95   21.59342  -86.50340    0.00036    0.00049         12  0.000e+00
      32596   1358.125      3.069      3.088    29.9151    29.9133   6.003424   6.003430     3.1856     2.6886      56.95   21.59342  -86.50340    0.00035    0.00054         12  0.000e+00
      32597   1358.167      3.069      3.088    29.9152    29.9116   6.003464   6.003300     3.1868     2.6886      56.95   21.59342  -86.50340    0.00035    0.00057         12  0.000e+00
      32598   1358.208      3.069      3.088    29.9151    29.9109   6.003408   6.003138     3.1856     2.6886      56.95   21.59342  -86.50340    0.00033    0.00059         12  0.000e+00
      32599   1358.250      3.069      3.088    29.9152    29.9114   6.003464   6.003219     3.1868     2.6874      56.95   21.59342  -86.50340    0.00035    0.00060         12  0.000e+00
      32600   1358.292      3.069      3.088    29.9153    29.9118   6.003448   6.003284     3.1856     2.6874      56.95   21.59342  -86.50340    0.00033    0.00061         12  0.000e+00
      32601   1358.333      3.116      3.136    29.9150    29.9107   6.003400   6.003227     3.1868     2.6862      56.95   21.59342  -86.50340    0.00033    0.00061         12  0.000e+00
      32602   1358.375      3.062      3.081    29.9153    29.9110   6.003384   6.003195     3.1868     2.6874      56.92   21.59342  -86.50340    0.00032    0.00060         12  0.000e+00
      32603   1358.417      3.069      3.088    29.9152    29.9116   6.003424   6.003317     3.1856     2.6862      56.90   21.59342  -86.50340    0.00030    0.00057         12  0.000e+00
      32604   1358.458      3.116      3.136    29.9153    29.9122   6.003472   6.003430     3.1856     2.6862      56.92   21.59342  -86.50340    0.00030    0.00055         12  0.000e+00
      32605   1358.500      3.116      3.136    29.9154    29.9120   6.003448   6.003365     3.1856     2.6862      56.90   21.59342  -86.50340    0.00029    0.00052         12  0.000e+00
      32606   1358.542      3.116      3.136    29.9153    29.9121   6.003472   6.003390     3.1856     2.6874      56.90   21.59342  -86.50340    0.00029    0.00053         12  0.000e+00
      32607   1358.583      3.116      3.136    29.9154    29.9129   6.003480   6.003390     3.1856     2.6874      56.90   21.59342  -86.50340    0.00028    0.00052         12  0.000e+00
      32608   1358.625      3.069      3.088    29.9155    29.9127   6.003448   6.003398     3.1856     2.6874      56.90   21.59342  -86.50340    0.00028    0.00051         12  0.000e+00
      32609   1358.667      3.069      3.088    29.9152    29.9133   6.003472   6.003430     3.1856     2.6874      56.90   21.59342  -86.50340    0.00029    0.00051         12  0.000e+00
      32610   1358.708      3.164      3.183    29.9155    29.9133   6.003448   6.003447     3.1856     2.6874      56.90   21.59342  -86.50340    0.00028    0.00050         12  0.000e+00
      32611   1358.750      3.069      3.088    29.9154    29.9136   6.003472   6.003479     3.1856     2.6874      56.90   21.59342  -86.50340    0.00028    0.00051         12  0.000e+00
      32612   1358.792      3.116      3.136    29.9155    29.9135   6.003512   6.003536     3.1856     2.6874      56.90   21.59342  -86.50340    0.00027    0.00051         12  0.000e+00
      32613   1358.833      3.116      3.136    29.9154    29.9140   6.003496   6.003585     3.1856     2.6874      56.90   21.59342  -86.50340    0.00026    0.00050         12  0.000e+00
      32614   1358.875      3.116      3.136    29.9155    29.9146   6.003448   6.003625     3.1856     2.6874      56.90   21.59342  -86.50340    0.00026    0.00048         12  0.000e+00
      32615   1358.917      3.109      3.129    29.9154    29.9153   6.003440   6.003714     3.1868     2.6862      56.90   21.59342  -86.50340    0.00028    0.00045         12  0.000e+00
      32616   1358.958      3.164      3.183    29.9155    29.9161   6.003400   6.003812     3.1868     2.6862      56.90   21.59342  -86.50340    0.00029    0.00044         12  0.000e+00
      32617   1359.000      3.116      3.136    29.9145    29.9168   6.003272   6.003877     3.1856     2.6862      56.90   21.59342  -86.50340    0.00030    0.00042         12  0.000e+00
      32618   1359.042      3.116      3.136    29.9142    29.9172   6.003168   6.003958     3.1868     2.6850      56.90   21.59342  -86.50340    0.00033    0.00039         12  0.000e+00
      32619   1359.083      3.164      3.183    29.9128    29.9180   6.003104   6.004023     3.1856     2.6850      56.90   21.59342  -86.50340    0.00034    0.00036         12  0.000e+00
      32620   1359.125      3.069      3.088    29.9110    29.9185   6.003024   6.004039     3.1868     2.6850      56.90   21.59342  -86.50340    0.00036    0.00033         12  0.000e+00
      32621   1359.167      3.164      3.183    29.9107    29.9189   6.002960   6.004031     3.1868     2.6838      56.90   21.59342  -86.50340    0.00039    0.00028         12  0.000e+00
