Gulf of Mexico/GOMECC-4/1db/rb2103_0982.ros
* Sea-Bird SBE 9 Data File:
* FileName = C:\Users\scs.user.rb\CTD\GOMECC4\data\rb2103_0982.hex
* Software Version Seasave V 7.26.7.107
* Temperature SN = 4799
* Conductivity SN = 3860
* Number of Bytes Per Scan = 41
* Number of Voltage Words = 4
* Number of Scans Averaged by the Deck Unit = 1
* NMEA Latitude = 23 11.00 N
* NMEA Longitude = 090 38.50 W
* NMEA UTC (Time) = Oct 11 2021  16:51:30
* NMEA baud rate = 4800
# nquan = 17
# nvalues = 3192                                  
# units = specified
# name 0 = scan: Scan Count
# name 1 = timeS: Time, Elapsed [seconds]
# name 2 = depSM: Depth [salt water, m]
# name 3 = prDM: Pressure, Digiquartz [db]
# name 4 = t090C: Temperature [ITS-90, deg C]
# name 5 = t190C: Temperature, 2 [ITS-90, deg C]
# name 6 = c0S/m: Conductivity [S/m]
# name 7 = c1S/m: Conductivity, 2 [S/m]
# name 8 = sbeox0V: Oxygen raw, SBE 43 [V]
# name 9 = sbeox1V: Oxygen raw, SBE 43, 2 [V]
# name 10 = altM: Altimeter [m]
# name 11 = latitude: Latitude [deg]
# name 12 = longitude: Longitude [deg]
# name 13 = sbox0dV/dT: Oxygen, SBE 43 [dov/dt]
# name 14 = sbox1dV/dT: Oxygen, SBE 43, 2 [dov/dt]
# name 15 = nbf: Bottles Fired
# name 16 = flag:  0.000e+00
# interval = seconds: 0.0416667
# start_time = Oct 11 2021 16:51:30 [NMEA time, header]
# bad_flag = -9.990e-29
*END*
[from data line 1788]
     213659   8902.417    520.930    524.901     8.4846     8.4813   3.693564   3.693156     1.5690     1.2711     100.00   23.18424  -90.64134   -0.00003   -0.00002         14  0.000e+00
     213660   8902.458    520.978    524.950     8.4839     8.4801   3.693578   3.693137     1.5690     1.2711     100.00   23.18424  -90.64134   -0.00004   -0.00002         14  0.000e+00
     213661   8902.500    520.930    524.901     8.4852     8.4792   3.693643   3.693157     1.5702     1.2711     100.00   23.18424  -90.64134   -0.00003   -0.00002         14  0.000e+00
     213662   8902.542    520.930    524.901     8.4855     8.4799   3.693702   3.693150     1.5690     1.2711     100.00   23.18424  -90.64134   -0.00002   -0.00002         14  0.000e+00
     213663   8902.583    520.930    524.902     8.4857     8.4831   3.693787   3.693230     1.5690     1.2711     100.00   23.18424  -90.64134   -0.00003   -0.00002         14  0.000e+00
     213664   8902.625    520.930    524.902     8.4859     8.4842   3.693761   3.693342     1.5690     1.2711     100.00   23.18424  -90.64134   -0.00002   -0.00002         14  0.000e+00
     213665   8902.667    520.978    524.950     8.4860     8.4830   3.693768   3.693389     1.5690     1.2711     100.00   23.18424  -90.64134   -0.00002   -0.00002         14  0.000e+00
     213666   8902.708    520.930    524.902     8.4862     8.4829   3.693800   3.693415     1.5690     1.2711     100.00   23.18424  -90.64134   -0.00002   -0.00002         14  0.000e+00
     213667   8902.750    520.978    524.950     8.4859     8.4832   3.693774   3.693362     1.5690     1.2711     100.00   23.18424  -90.64134   -0.00002   -0.00002         14  0.000e+00
     213668   8902.792    520.978    524.950     8.4857     8.4842   3.693748   3.693329     1.5702     1.2711     100.00   23.18424  -90.64134   -0.00001   -0.00002         14  0.000e+00
     213669   8902.833    520.931    524.902     8.4858     8.4847   3.693748   3.693309     1.5690     1.2711     100.00   23.18424  -90.64134   -0.00001   -0.00002         14  0.000e+00
     213670   8902.875    520.978    524.950     8.4857     8.4845   3.693794   3.693269     1.5702     1.2711     100.00   23.18424  -90.64134   -0.00001   -0.00003         14  0.000e+00
     213671   8902.917    520.978    524.950     8.4859     8.4839   3.693787   3.693322     1.5690     1.2711     100.00   23.18424  -90.64134   -0.00002   -0.00003         14  0.000e+00
     213672   8902.958    520.978    524.950     8.4854     8.4837   3.693800   3.693356     1.5690     1.2711     100.00   23.18424  -90.64134   -0.00002   -0.00003         14  0.000e+00
     213673   8903.000    520.978    524.950     8.4856     8.4837   3.693813   3.693336     1.5690     1.2723     100.00   23.18424  -90.64134   -0.00003   -0.00001         14  0.000e+00
     213674   8903.042    520.931    524.902     8.4860     8.4841   3.693774   3.693389     1.5702     1.2711     100.00   23.18424  -90.64134   -0.00003   -0.00001         14  0.000e+00
     213675   8903.083    521.033    525.006     8.4864     8.4839   3.693800   3.693422     1.5702     1.2711     100.00   23.18424  -90.64134   -0.00002   -0.00001         14  0.000e+00
     213676   8903.125    520.972    524.944     8.4866     8.4841   3.693833   3.693462     1.5690     1.2711     100.00   23.18424  -90.64134   -0.00003   -0.00001         14  0.000e+00
     213677   8903.167    520.979    524.951     8.4868     8.4842   3.693866   3.693515     1.5690     1.2711     100.00   23.18424  -90.64134   -0.00004   -0.00001         14  0.000e+00
     213678   8903.208    521.033    525.006     8.4869     8.4844   3.693853   3.693528     1.5690     1.2711     100.00   23.18424  -90.64134   -0.00005   -0.00002         14  0.000e+00
     213679   8903.250    520.979    524.951     8.4871     8.4832   3.693866   3.693488     1.5690     1.2711     100.00   23.18424  -90.64134   -0.00004   -0.00002         14  0.000e+00
     213680   8903.292    520.979    524.951     8.4869     8.4832   3.693879   3.693415     1.5690     1.2711     100.00   23.18424  -90.64134   -0.00005   -0.00002         14  0.000e+00
     213681   8903.333    520.979    524.951     8.4868     8.4822   3.693866   3.693402     1.5690     1.2711     100.00   23.18424  -90.64134   -0.00006   -0.00002         14  0.000e+00
     213682   8903.375    520.979    524.951     8.4869     8.4814   3.693872   3.693369     1.5690     1.2711     100.00   23.18424  -90.64134   -0.00007   -0.00002         14  0.000e+00
     213683   8903.417    521.034    525.006     8.4869     8.4809   3.693879   3.693362     1.5690     1.2711     100.00   23.18424  -90.64134   -0.00008   -0.00000         14  0.000e+00
     213684   8903.458    521.034    525.006     8.4871     8.4811   3.693879   3.693396     1.5690     1.2711     100.00   23.18424  -90.64134   -0.00009   -0.00000         14  0.000e+00
     213685   8903.500    520.979    524.951     8.4868     8.4817   3.693827   3.693422     1.5690     1.2711     100.00   23.18424  -90.64134   -0.00010   -0.00000         14  0.000e+00
     213686   8903.542    520.979    524.951     8.4867     8.4826   3.693833   3.693435     1.5690     1.2711     100.00   23.18424  -90.64134   -0.00009    0.00001         14  0.000e+00
     213687   8903.583    521.034    525.006     8.4869     8.4832   3.693859   3.693455     1.5690     1.2711     100.00   23.18424  -90.64134   -0.00008    0.00001         14  0.000e+00
     213688   8903.625    520.979    524.951     8.4872     8.4820   3.693846   3.693495     1.5690     1.2711     100.00   23.18424  -90.64134   -0.00007    0.00001         14  0.000e+00
     213689   8903.667    521.034    525.006     8.4871     8.4808   3.693846   3.693495     1.5690     1.2723     100.00   23.18424  -90.64134   -0.00006    0.00003         14  0.000e+00
     213690   8903.708    520.980    524.951     8.4869     8.4798   3.693846   3.693469     1.5690     1.2711     100.00   23.18424  -90.64134   -0.00005    0.00003         14  0.000e+00
     213691   8903.750    521.034    525.006     8.4871     8.4793   3.693820   3.693469     1.5690     1.2711     100.00   23.18424  -90.64134   -0.00004    0.00003         14  0.000e+00
     213692   8903.792    520.980    524.951     8.4871     8.4792   3.693833   3.693489     1.5690     1.2723     100.00   23.18424  -90.64134   -0.00005    0.00004         14  0.000e+00
     213693   8903.833    521.034    525.007     8.4868     8.4806   3.693820   3.693502     1.5702     1.2711     100.00   23.18424  -90.64134   -0.00004    0.00004         14  0.000e+00
     213694   8903.875    520.980    524.952     8.4869     8.4826   3.693853   3.693495     1.5690     1.2711     100.00   23.18424  -90.64134   -0.00005    0.00004         14  0.000e+00
     213695   8903.917    520.980    524.952     8.4869     8.4834   3.693872   3.693442     1.5690     1.2711     100.00   23.18424  -90.64134   -0.00005    0.00004         14  0.000e+00
     213696   8903.958    521.034    525.007     8.4866     8.4834   3.693800   3.693435     1.5690     1.2723     100.00   23.18424  -90.64134   -0.00006    0.00006         14  0.000e+00
     213697   8904.000    520.973    524.945     8.4865     8.4834   3.693853   3.693482     1.5690     1.2723     100.00   23.18424  -90.64134   -0.00007    0.00007         14  0.000e+00
     213698   8904.042    521.035    525.007     8.4867     8.4832   3.693827   3.693429     1.5702     1.2723     100.00   23.18424  -90.64134   -0.00006    0.00009         14  0.000e+00
     213699   8904.083    520.980    524.952     8.4866     8.4831   3.693813   3.693449     1.5690     1.2723     100.00   23.18424  -90.64134   -0.00007    0.00010         14  0.000e+00
     213700   8904.125    520.980    524.952     8.4867     8.4832   3.693800   3.693482     1.5690     1.2723     100.00   23.18424  -90.64134   -0.00006    0.00012         14  0.000e+00
     213701   8904.167    521.035    525.007     8.4865     8.4832   3.693833   3.693475     1.5690     1.2711     100.00   23.18424  -90.64134   -0.00005    0.00012         14  0.000e+00
     213702   8904.208    520.933    524.904     8.4866     8.4832   3.693820   3.693462     1.5690     1.2711     100.00   23.18424  -90.64134   -0.00004    0.00011         14  0.000e+00
     213703   8904.250    520.980    524.952     8.4866     8.4836   3.693813   3.693469     1.5690     1.2711     100.00   23.18424  -90.64134   -0.00003    0.00011         14  0.000e+00
     213704   8904.292    520.980    524.952     8.4864     8.4837   3.693813   3.693435     1.5690     1.2723     100.00   23.18424  -90.64134   -0.00003    0.00013         14  0.000e+00
     213705   8904.333    520.980    524.952     8.4868     8.4830   3.693813   3.693475     1.5690     1.2723     100.00   23.18424  -90.64134   -0.00004    0.00014         14  0.000e+00
     213706   8904.375    520.980    524.952     8.4867     8.4829   3.693813   3.693455     1.5690     1.2723     100.00   23.18424  -90.64134   -0.00005    0.00015         14  0.000e+00
     213707   8904.417    520.981    524.952     8.4866     8.4832   3.693800   3.693382     1.5690     1.2723     100.00   23.18424  -90.64134   -0.00005    0.00017         14  0.000e+00
     213708   8904.458    520.981    524.952     8.4867     8.4837   3.693807   3.693342     1.5690     1.2723     100.00   23.18424  -90.64134   -0.00006    0.00018         14  0.000e+00
     213709   8904.500    520.933    524.904     8.4865     8.4837   3.693813   3.693329     1.5690     1.2723     100.00   23.18424  -90.64134   -0.00007    0.00019         14  0.000e+00
     213710   8904.542    520.981    524.953     8.4866     8.4832   3.693813   3.693289     1.5690     1.2711     100.00   23.18424  -90.64134   -0.00007    0.00019         14  0.000e+00
     213711   8904.583    520.933    524.904     8.4862     8.4824   3.693761   3.693236     1.5702     1.2711     100.00   23.18424  -90.64134   -0.00006    0.00018         14  0.000e+00
     213712   8904.625    520.933    524.905     8.4859     8.4814   3.693794   3.693230     1.5690     1.2711     100.00   23.18424  -90.64134   -0.00007    0.00018         14  0.000e+00
     213713   8904.667    520.981    524.953     8.4858     8.4806   3.693787   3.693190     1.5690     1.2723     100.00   23.18424  -90.64134   -0.00008    0.00019         14  0.000e+00
     213714   8904.708    520.933    524.905     8.4857     8.4806   3.693768   3.693170     1.5690     1.2723     100.00   23.18424  -90.64134   -0.00007    0.00020         14  0.000e+00
     213715   8904.750    520.933    524.905     8.4860     8.4809   3.693728   3.693170     1.5690     1.2711     100.00   23.18424  -90.64134   -0.00007    0.00020         14  0.000e+00
     213716   8904.792    520.933    524.905     8.4859     8.4813   3.693663   3.693170     1.5690     1.2711     100.00   23.18424  -90.64134   -0.00008    0.00019         14  0.000e+00
     213717   8904.833    520.886    524.857     8.4860     8.4808   3.693650   3.693190     1.5690     1.2723     100.00   23.18424  -90.64134   -0.00009    0.00020         14  0.000e+00
     213718   8904.875    520.974    524.946     8.4859     8.4809   3.693571   3.693137     1.5690     1.2723     100.00   23.18424  -90.64134   -0.00008    0.00022         14  0.000e+00
     213719   8904.917    520.886    524.857     8.4851     8.4806   3.693492   3.693130     1.5690     1.2723     100.00   23.18424  -90.64134   -0.00008    0.00023         14  0.000e+00
     213720   8904.958    520.934    524.905     8.4831     8.4807   3.693453   3.693117     1.5690     1.2723     100.00   23.18424  -90.64134   -0.00009    0.00024         14  0.000e+00
     213721   8905.000    520.886    524.857     8.4842     8.4810   3.693440   3.693077     1.5702     1.2723     100.00   23.18424  -90.64134   -0.00008    0.00025         14  0.000e+00
     213722   8905.042    520.934    524.905     8.4842     8.4806   3.693440   3.693030     1.5690     1.2723     100.00   23.18424  -90.64134   -0.00008    0.00026         14  0.000e+00
     213723   8905.083    520.886    524.857     8.4830     8.4802   3.693466   3.692957     1.5690     1.2711     100.00   23.18424  -90.64134   -0.00007    0.00025         14  0.000e+00
     213724   8905.125    520.886    524.857     8.4830     8.4796   3.693525   3.692911     1.5690     1.2723     100.00   23.18424  -90.64134   -0.00006    0.00026         14  0.000e+00
     213725   8905.167    520.886    524.857     8.4831     8.4791   3.693597   3.692884     1.5690     1.2723     100.00   23.18424  -90.64134   -0.00005    0.00027         14  0.000e+00
     213726   8905.208    520.934    524.905     8.4836     8.4786   3.693558   3.692871     1.5690     1.2711     100.00   23.18424  -90.64134   -0.00006    0.00026         14  0.000e+00
     213727   8905.250    520.832    524.802     8.4839     8.4778   3.693564   3.692851     1.5690     1.2711     100.00   23.18424  -90.64134   -0.00004    0.00025         14  0.000e+00
     213728   8905.292    520.886    524.857     8.4828     8.4771   3.693525   3.692811     1.5690     1.2711     100.00   23.18424  -90.64134   -0.00005    0.00024         14  0.000e+00
     213729   8905.333    520.886    524.857     8.4822     8.4760   3.693460   3.692765     1.5690     1.2711     100.00   23.18424  -90.64134   -0.00005    0.00023         14  0.000e+00
     213730   8905.375    520.886    524.857     8.4809     8.4751   3.693348   3.692765     1.5690     1.2723     100.00   23.18424  -90.64134   -0.00006    0.00024         14  0.000e+00
     213731   8905.417    520.887    524.858     8.4802     8.4747   3.693315   3.692745     1.5690     1.2723     100.00   23.18424  -90.64134   -0.00006    0.00025         14  0.000e+00
     213732   8905.458    520.887    524.858     8.4804     8.4748   3.693263   3.692771     1.5690     1.2723     100.00   23.18424  -90.64134   -0.00007    0.00026         14  0.000e+00
     217844   9076.792    422.394    425.512     9.8896     9.9072   3.837588   3.839341     1.5836     1.2845      78.41   23.18420  -90.64132   -0.00003   -0.00005         15  0.000e+00
     217845   9076.833    422.244    425.361     9.8876     9.9073   3.837714   3.839415     1.5836     1.2845      95.85   23.18420  -90.64132   -0.00004   -0.00004         15  0.000e+00
     217846   9076.875    422.339    425.457     9.8868     9.9071   3.837754   3.839415     1.5836     1.2845     100.00   23.18420  -90.64132   -0.00004   -0.00003         15  0.000e+00
     217847   9076.917    422.244    425.361     9.8866     9.9070   3.837767   3.839456     1.5836     1.2845     100.00   23.18420  -90.64132   -0.00005   -0.00003         15  0.000e+00
     217848   9076.958    422.346    425.464     9.8861     9.9074   3.837781   3.839442     1.5836     1.2833     100.00   23.18420  -90.64132   -0.00004   -0.00004         15  0.000e+00
     217849   9077.000    422.237    425.355     9.8866     9.9072   3.837867   3.839388     1.5836     1.2833      99.98   23.18420  -90.64132   -0.00005   -0.00005         15  0.000e+00
     217850   9077.042    422.346    425.464     9.8869     9.9070   3.837787   3.839348     1.5836     1.2845     100.00   23.18420  -90.64132   -0.00006   -0.00004         15  0.000e+00
     217851   9077.083    422.299    425.416     9.8865     9.9066   3.837767   3.839361     1.5836     1.2845     100.00   23.18420  -90.64132   -0.00006   -0.00004         15  0.000e+00
     217852   9077.125    422.285    425.403     9.8868     9.9061   3.837807   3.839348     1.5836     1.2845     100.00   23.18420  -90.64132   -0.00005   -0.00003         15  0.000e+00
     217853   9077.167    422.347    425.465     9.8861     9.9058   3.837794   3.839341     1.5836     1.2845     100.00   23.18420  -90.64132   -0.00004   -0.00002         15  0.000e+00
