Gulf of Mexico/GOMECC-4/1db/rb2103_0851.cnv
* Sea-Bird SBE 9 Data File:
* FileName = C:\Users\scs.user.rb\CTD\GOMECC4\data\rb2103_0851.hex
* Software Version Seasave V 7.26.7.107
* Temperature SN = 4799
* Conductivity SN = 3860
* Number of Bytes Per Scan = 41
* Number of Voltage Words = 4
* Number of Scans Averaged by the Deck Unit = 1
* NMEA Latitude = 20 36.04 N
* NMEA Longitude = 094 17.37 W
* NMEA UTC (Time) = Oct 07 2021  22:53:37
* NMEA baud rate = 4800
# nquan = 28
# nvalues = 648                         
# units = specified
# name 0 = scan: Scan Count
# name 1 = timeS: Time, Elapsed [seconds]
# name 2 = depSM: Depth [salt water, m]
# name 3 = prDM: Pressure, Digiquartz [db]
# name 4 = t090C: Temperature [ITS-90, deg C]
# name 5 = t190C: Temperature, 2 [ITS-90, deg C]
# name 6 = c0S/m: Conductivity [S/m]
# name 7 = c1S/m: Conductivity, 2 [S/m]
# name 8 = sbeox0V: Oxygen raw, SBE 43 [V]
# name 9 = sbeox1V: Oxygen raw, SBE 43, 2 [V]
# name 10 = altM: Altimeter [m]
# name 11 = latitude: Latitude [deg]
# name 12 = longitude: Longitude [deg]
# name 13 = sbox0dV/dT: Oxygen, SBE 43 [dov/dt]
# name 14 = sbox1dV/dT: Oxygen, SBE 43, 2 [dov/dt]
# name 15 = sbeox0ML/L: Oxygen, SBE 43 [ml/l], WS = 5
# name 16 = sbeox1ML/L: Oxygen, SBE 43, 2 [ml/l], WS = 5
# name 17 = potemp090C: Potential Temperature [ITS-90, deg C]
# name 18 = potemp190C: Potential Temperature, 2 [ITS-90, deg C]
# name 19 = sal00: Salinity, Practical [PSU]
# name 20 = sal11: Salinity, Practical, 2 [PSU]
# name 21 = sigma-é00: Density [sigma-theta, kg/m^3]
# name 22 = sigma-é11: Density, 2 [sigma-theta, kg/m^3]
# name 23 = avgsvCM: Average Sound Velocity [Chen-Millero, m/s], minP = 20, minS = 20
# name 24 = sbox0Mm/Kg: Oxygen, SBE 43 [umol/kg], WS = 5
# name 25 = sbox1Mm/Kg: Oxygen, SBE 43, 2 [umol/kg], WS = 5
# name 26 = nbin: number of scans per bin
# name 27 = flag: flag
# span 0 =      14634,     160673       
# span 1 =    609.707,   6694.685       
# span 2 =      0.994,   1863.038       
# span 3 =      1.000,   1883.000       
# span 4 =     4.2605,    31.5653       
# span 5 =     4.2611,    29.4144       
# span 6 =   3.342030,   5.988170       
# span 7 =   3.341986,   5.987266       
# span 8 =     1.5727,     3.3151       
# span 9 =     1.2749,     2.8294       
# span 10 =      11.18,     106.54      
# span 11 =   20.55327,   20.62894      
# span 12 =  -94.42086,  -94.07455      
# span 13 =   -0.03694,    0.02719      
# span 14 =   -0.03597,    0.02323      
# span 15 =     2.3954,     4.8947      
# span 16 =     2.4123,     4.8920      
# span 17 =     4.1018,    31.5631      
# span 18 =     4.1025,    29.4070      
# span 19 =    34.9133,    39.1364      
# span 20 =    34.9116,    36.5231      
# span 21 =    23.0047,    27.7540      
# span 22 =    23.0048,    27.7529      
# span 23 =       0.00,    1548.93      
# span 24 =    104.154,    213.506      
# span 25 =    104.890,    213.393      
# span 26 =         30,         73      
# span 27 = 0.0000e+00, 0.0000e+00      
# interval = decibars: 1                
# start_time = Oct 07 2021 22:53:37 [NMEA time, header]
# bad_flag = -9.990e-29
*END*
[from data line 52]
      18707    779.413     55.648     56.000    25.8531    25.8498   5.580755   5.580842     3.2423     2.7578      74.98   20.60084  -94.28956   -0.01629   -0.01626     4.8254     4.8078    25.8406    25.8374    36.3319    36.3352    24.0885    24.0919    1545.17    210.435    209.666         35 0.0000e+00
      18743    780.926     56.642     57.000    25.6906    25.6855   5.563230   5.563071     3.2198     2.7465     100.28   20.60084  -94.28956   -0.01477   -0.01103     4.7971     4.7978    25.6780    25.6728    36.3321    36.3351    24.1393    24.1431    1545.05    209.187    209.220         36 0.0000e+00
      18776    782.309     57.636     58.000    25.4198    25.4135   5.533232   5.533063     3.2000     2.7274     100.00   20.60084  -94.28956   -0.01459   -0.00988     4.7832     4.7800    25.4071    25.4007    36.3266    36.3304    24.2191    24.2239    1544.93    208.567    208.427         31 0.0000e+00
      18806    783.556     58.629     59.000    25.1390    25.1289   5.501457   5.501213     3.1834     2.7145     100.00   20.60084  -94.28956   -0.01425   -0.01176     4.7762     4.7763    25.1222    25.1161    36.3186    36.3221    24.3007    24.3054    1544.80    208.245    208.247         30 0.0000e+00
      18837    784.848     59.623     60.000    24.9183    24.9143   5.478005   5.478015     3.1746     2.7102      79.71   20.60084  -94.28956   -0.01218   -0.00982     4.7791     4.7853    24.9051    24.9012    36.3179    36.3212    24.3666    24.3703    1544.67    208.359    208.628         33 0.0000e+00
      18872    786.285     60.616     61.000    24.7900    24.7872   5.463716   5.463809     3.1676     2.7053      71.83   20.60084  -94.28956   -0.00823   -0.00509     4.7775     4.7860    24.7768    24.7740    36.3141    36.3170    24.4028    24.4059    1544.53    208.279    208.649         35 0.0000e+00
      18906    787.720     61.610     62.000    24.5731    24.5690   5.440596   5.440641     3.1615     2.6977     100.23   20.60084  -94.28956   -0.00473   -0.00351     4.7846     4.7873    24.5598    24.5556    36.3140    36.3175    24.4685    24.4724    1544.40    208.575    208.694         33 0.0000e+00
      18938    789.047     62.603     63.000    24.4362    24.4302   5.426238   5.426007     3.1430     2.6770     100.00   20.60084  -94.28956   -0.00637   -0.00709     4.7615     4.7551    24.4227    24.4167    36.3179    36.3210    24.5129    24.5170    1544.25    207.559    207.282         32 0.0000e+00
      18970    790.377     63.597     64.000    24.3244    24.3230   5.414418   5.414686     3.1230     2.6591     100.00   20.60084  -94.28956   -0.01165   -0.01286     4.7324     4.7255    24.3107    24.3093    36.3191    36.3222    24.5474    24.5502    1544.11    206.285    205.985         31 0.0000e+00
      19001    791.658     64.590     65.000    24.1868    24.1835   5.399779   5.399860     3.1043     2.6502      99.81   20.60084  -94.28956   -0.01478   -0.01277     4.7080     4.7175    24.1730    24.1697    36.3198    36.3231    24.5893    24.5928    1543.97    205.212    205.627         31 0.0000e+00
      19034    793.031     65.584     66.000    24.1368    24.1355   5.394653   5.394867     3.0907     2.6359     100.00   20.60084  -94.28956   -0.01376   -0.00985     4.6859     4.6913    24.1228    24.1214    36.3213    36.3240    24.6055    24.6079    1543.84    204.248    204.483         36 0.0000e+00
      19071    794.578     66.577     67.000    24.0575    24.0583   5.386272   5.386709     3.0793     2.6286     100.00   20.60084  -94.28956   -0.01006   -0.00791     4.6709     4.6823    24.0433    24.0441    36.3220    36.3247    24.6296    24.6315    1543.70    203.588    204.082         35 0.0000e+00
      19104    795.939     67.571     68.000    23.8237    23.8019   5.360748   5.358790     3.0704     2.6210     100.00   20.60084  -94.28957   -0.00717   -0.00551     4.6724     4.6843    23.8094    23.7876    36.3182    36.3211    24.6963    24.7050    1543.56    203.642    204.156         31 0.0000e+00
      19134    797.221     68.565     69.000    23.4402    23.4330   5.320434   5.320144     3.0479     2.6028      90.19   20.60084  -94.28958   -0.00903   -0.00706     4.6631     4.6776    23.4259    23.4187    36.3236    36.3273    24.8136    24.8185    1543.41    203.210    203.840         32 0.0000e+00
      19167    798.571     69.558     70.000    23.0261    23.0190   5.276185   5.275986     3.0191     2.5732      96.51   20.60084  -94.28958   -0.01520   -0.01328     4.6417     4.6463    23.0117    23.0047    36.3233    36.3276    24.9342    24.9395    1543.26    202.255    202.455         32 0.0000e+00
      19200    799.951     70.552     71.000    22.8248    22.8246   5.255455   5.255866     2.9863     2.5384      99.98   20.60084  -94.28958   -0.02118   -0.02111     4.5933     4.5850    22.8103    22.8101    36.3288    36.3321    24.9967    24.9993    1543.10    200.134    199.773         35 0.0000e+00
      19234    801.387     71.545     72.000    22.6863    22.6829   5.241099   5.241176     2.9561     2.5109     100.00   20.60084  -94.28958   -0.02263   -0.02325     4.5444     4.5353    22.6717    22.6683    36.3316    36.3350    25.0388    25.0423    1542.93    197.996    197.599         34 0.0000e+00
      19268    802.795     72.539     73.000    22.5628    22.5619   5.228615   5.228940     2.9283     2.4898      90.14   20.60084  -94.28958   -0.02128   -0.01926     4.4988     4.4981    22.5481    22.5471    36.3365    36.3398    25.0779    25.0807    1542.77    196.001    195.970         33 0.0000e+00
      19300    804.123     73.532     74.000    22.4960    22.4923   5.222329   5.222381     2.9044     2.4708      74.61   20.60084  -94.28958   -0.01966   -0.01569     4.4612     4.4673    22.4850    22.4775    36.3395    36.3427    25.0983    25.1017    1542.62    194.359    194.624         31 0.0000e+00
      19331    805.419     74.526     75.000    22.1947    22.1883   5.189887   5.189709     2.8779     2.4449      99.64   20.60084  -94.28958   -0.01882   -0.01544     4.4281     4.4277    22.1797    22.1733    36.3392    36.3431    25.1849    25.1897    1542.44    192.900    192.883         32 0.0000e+00
      19364    806.808     75.519     76.000    22.0389    22.0378   5.174345   5.174622     2.8394     2.4072     100.00   20.60084  -94.28958   -0.02143   -0.02027     4.3622     4.3547    22.0238    22.0227    36.3469    36.3500    25.2350    25.2377    1542.28    190.021    189.694         34 0.0000e+00
      19397    808.174     76.513     77.000    21.9546    21.9514   5.165412   5.165725     2.8061     2.3789     100.00   20.60084  -94.28958   -0.02552   -0.02428     4.3043     4.3001    21.9393    21.9362    36.3467    36.3497    25.2586    25.2611    1542.11    187.496    187.310         32 0.0000e+00
      19429    809.513     77.506     78.000    21.7370    21.7323   5.143124   5.143038     2.7748     2.3511     100.00   20.60084  -94.28958   -0.02493   -0.02222     4.2548     4.2517    21.7216    21.7169    36.3527    36.3560    25.3243    25.3281    1541.94    185.325    185.190         32 0.0000e+00
      19462    810.882     78.500     79.000    21.6064    21.6032   5.130172   5.130214     2.7308     2.3069     100.00   20.60084  -94.28958   -0.02530   -0.02301     4.1744     4.1609    21.5909    21.5877    36.3594    36.3625    25.3659    25.3691    1541.78    181.819    181.227         32 0.0000e+00
      19493    812.148     79.493     80.000    21.5299    21.5262   5.122937   5.122907     2.6893     2.2691     100.00   20.60084  -94.28958   -0.02974   -0.02842     4.1041     4.0900    21.5143    21.5106    36.3661    36.3690    25.3924    25.3956    1541.61    178.752    178.136         30 0.0000e+00
      19523    813.431     80.486     81.000    21.4168    21.4206   5.111595   5.113117     2.6498     2.2369     100.00   20.60084  -94.28958   -0.03243   -0.02996     4.0126     4.0083    21.4010    21.4048    36.3708    36.3735    25.4274    25.4284    1541.45    174.758    174.572         31 0.0000e+00
      19555    814.760     81.480     82.000    21.3910    21.3903   5.109292   5.109535     2.6163     2.2102      79.12   20.60084  -94.28958   -0.03029   -0.02545     3.9542     3.9562    21.3751    21.3743    36.3739    36.3765    25.4369    25.4391    1541.28    172.212    172.300         33 0.0000e+00
      19589    816.184     82.473     83.000    21.3479    21.3438   5.105189   5.105062     2.5934     2.1895      51.78   20.60084  -94.28958   -0.02487   -0.01986     3.9113     3.9128    21.3325    21.3276    36.3772    36.3797    25.4512    25.4545    1541.12    170.341    170.409         35 0.0000e+00
      19623    817.572     83.467     84.000    21.2184    21.2148   5.092339   5.092344     2.5706     2.1668     100.33   20.60084  -94.28958   -0.01773   -0.01581     3.8724     3.8696    21.2021    21.1985    36.3837    36.3869    25.4922    25.4956    1540.96    168.643    168.519         32 0.0000e+00
      19654    818.885     84.461     85.000    21.0662    21.0647   5.077363   5.077582     2.5339     2.1313     100.00   20.60084  -94.28958   -0.01854   -0.01798     3.8070     3.7984    21.0498    21.0483    36.3924    36.3955    25.5408    25.5434    1540.80    165.788    165.413         32 0.0000e+00
      19685    820.186     85.454     86.000    21.0231    21.0230   5.073219   5.073518     2.4947     2.0953      99.65   20.60084  -94.28958   -0.02471   -0.02456     3.7284     3.7188    21.0065    21.0065    36.3954    36.3979    25.5549    25.5568    1540.64    162.359    161.941         30 0.0000e+00
      19717    821.496     86.447     87.000    20.9982    20.9977   5.070835   5.071069     2.4675     2.0746     100.00   20.60084  -94.28958   -0.02776   -0.02509     3.6734     3.6729    20.9814    20.9810    36.3971    36.3994    25.5630    25.5649    1540.48    159.964    159.942         33 0.0000e+00
      19750    822.883     87.441     88.000    20.9534    20.9530   5.066519   5.066743     2.4484     2.0586     100.00   20.60084  -94.28958   -0.02150   -0.01776     3.6367     3.6394    20.9365    20.9361    36.4001    36.4022    25.5776    25.5794    1540.33    158.366    158.481         33 0.0000e+00
      19783    824.258     88.434     89.000    20.9323    20.9315   5.064422   5.064594     2.4325     2.0432     100.00   20.60084  -94.28960   -0.01476   -0.01234     3.6102     3.6105    20.9152    20.9144    36.4009    36.4030    25.5840    25.5859    1540.18    157.207    157.222         33 0.0000e+00
      19816    825.620     89.428     90.000    20.8487    20.8486   5.056019   5.056235     2.4153     2.0282     100.00   20.60084  -94.28960   -0.01216   -0.01108     3.5744     3.5760    20.8315    20.8313    36.4039    36.4058    25.6092    25.6107    1540.03    155.645    155.714         32 0.0000e+00
      19847    826.902     90.421     91.000    20.8048    20.8025   5.051508   5.051526     2.4001     2.0160     100.00   20.60084  -94.28960   -0.01214   -0.01081     3.5465     3.5518    20.7874    20.7851    36.4046    36.4067    25.6217    25.6240    1539.88    154.431    154.658         30 0.0000e+00
      19877    828.169     91.414     92.000    20.6820    20.6805   5.039806   5.039920     2.3817     1.9987     100.00   20.60084  -94.28960   -0.01253   -0.01067     3.5162     3.5195    20.6644    20.6630    36.4145    36.4167    25.6627    25.6648    1539.74    153.103    153.247         32 0.0000e+00
      19911    829.570     92.408     93.000    20.6256    20.6252   5.034646   5.034845     2.3471     1.9635     100.00   20.60084  -94.28960   -0.01614   -0.01527     3.4473     3.4418    20.6079    20.6075    36.4206    36.4226    25.6827    25.6843    1539.59    150.103    149.862         35 0.0000e+00
      19946    831.039     93.401     94.000    20.5223    20.5170   5.025156   5.024917     2.3169     1.9369     100.00   20.60084  -94.28960   -0.02130   -0.02030     3.3901     3.3864    20.5045    20.4992    36.4317    36.4343    25.7191    25.7225    1539.45    147.604    147.445         34 0.0000e+00
      19978    832.381     94.395     95.000    20.3035    20.2984   5.002972   5.002775     2.2766     1.8967     100.00   20.60084  -94.28960   -0.02389   -0.02275     3.3191     3.3062    20.2856    20.2805    36.4386    36.4414    25.7833    25.7868    1539.31    144.506    143.944         31 0.0000e+00
      20009    833.675     95.388     96.000    20.0832    20.0846   4.982334   4.982620     2.2258     1.8472     100.00   20.60084  -94.28960   -0.02997   -0.02919     3.2144     3.1970    20.0652    20.0667    36.4502    36.4524    25.8511    25.8523    1539.18    139.935    139.179         32 0.0000e+00
      20041    835.007     96.381     97.000    20.0239    20.0244   4.977515   4.977879     2.1744     1.7986     100.00   20.60084  -94.28960   -0.03694   -0.03597     3.1183     3.0921    20.0058    20.0063    36.4706    36.4732    25.8825    25.8843    1539.01    135.749    134.609         32 0.0000e+00
      20075    836.407     97.375     98.000    20.0254    20.0258   4.981354   4.981633     2.1330     1.7632     100.00   20.60084  -94.28960   -0.03674   -0.03442     3.0295     3.0086    20.0071    20.0075    36.5007    36.5026    25.9051    25.9064    1538.86    131.879    130.972         35 0.0000e+00
      20110    837.861     98.368     99.000    19.9880    19.9875   4.978371   4.978527     2.0938     1.7288      92.07   20.60084  -94.28960   -0.03034   -0.02657     2.9479     2.9300    19.9696    19.9690    36.5082    36.5099    25.9208    25.9222    1538.72    128.326    127.545         34 0.0000e+00
      20143    839.240     99.362    100.000    19.9151    19.9138   4.969881   4.969969     2.0639     1.7062      86.96   20.60084  -94.28960   -0.02615   -0.02201     2.8881     2.8809    19.8965    19.8953    36.5011    36.5029    25.9348    25.9365    1538.57    125.722    125.410         32 0.0000e+00
      20203    841.746    101.348    102.000    19.7202    19.7202   4.950664   4.950897     2.0284     1.6773      99.99   20.59973  -94.28451   -0.01627   -0.01286     2.8231     2.8231    19.7014    19.7014    36.5104    36.5124    25.9933    25.9948    1538.21    122.884    122.887         33 0.0000e+00
      20238    843.229    102.342    103.000    19.6652    19.6635   4.944941   4.944979     2.0031     1.6536     100.00   20.60084  -94.28960   -0.01540   -0.01416     2.7720     2.7705    19.6462    19.6446    36.5113    36.5130    26.0086    26.0104    1538.15    120.661    120.593         36 0.0000e+00
      20272    844.646    103.335    104.000    19.6017    19.6006   4.938928   4.939038     1.9942     1.6503      56.10   20.60084  -94.28960   -0.01424   -0.01197     2.7564     2.7662    19.5826    19.5816    36.5164    36.5182    26.0293    26.0309    1538.01    119.979    120.404         32 0.0000e+00
      20305    846.012    104.328    105.000    19.5544    19.5541   4.934611   4.934784     1.9919     1.6496      99.71   20.60084  -94.28960   -0.00508   -0.00296     2.7543     2.7672    19.5351    19.5349    36.5215    36.5231    26.0456    26.0469    1537.88    119.886    120.448         34 0.0000e+00
      20338    847.385    105.322    106.000    19.5234    19.5236   4.931222   4.931429     1.9913     1.6476     100.00   20.60084  -94.28960   -0.00214   -0.00087     2.7552     2.7644    19.5040    19.5042    36.5200    36.5215    26.0526    26.0537    1537.74    119.923    120.323         31 0.0000e+00
      20369    848.652    106.315    107.000    19.4598    19.4572   4.923416   4.923296     1.9868     1.6431     100.00   20.60084  -94.28960   -0.00127   -0.00149     2.7494     2.7577    19.4402    19.4377    36.5103    36.5115    26.0618    26.0635    1537.61    119.668    120.031         31 0.0000e+00
