Gulf of Mexico/GOMECC-4/1db/rb2103_1082.ros
* Sea-Bird SBE 9 Data File:
* FileName = C:\Users\scs.user.rb\CTD\GOMECC4\data\rb2103_1081.hex
* Software Version Seasave V 7.26.7.107
* Temperature SN = 4799
* Conductivity SN = 3860
* Number of Bytes Per Scan = 41
* Number of Voltage Words = 4
* Number of Scans Averaged by the Deck Unit = 1
* NMEA Latitude = 22 55.36 N
* NMEA Longitude = 086 22.48 W
* NMEA UTC (Time) = Oct 14 2021  21:53:13
* NMEA baud rate = 4800
# nquan = 17
# nvalues = 2261                                  
# units = specified
# name 0 = scan: Scan Count
# name 1 = timeS: Time, Elapsed [seconds]
# name 2 = depSM: Depth [salt water, m]
# name 3 = prDM: Pressure, Digiquartz [db]
# name 4 = t090C: Temperature [ITS-90, deg C]
# name 5 = t190C: Temperature, 2 [ITS-90, deg C]
# name 6 = c0S/m: Conductivity [S/m]
# name 7 = c1S/m: Conductivity, 2 [S/m]
# name 8 = sbeox0V: Oxygen raw, SBE 43 [V]
# name 9 = sbeox1V: Oxygen raw, SBE 43, 2 [V]
# name 10 = altM: Altimeter [m]
# name 11 = latitude: Latitude [deg]
# name 12 = longitude: Longitude [deg]
# name 13 = sbox0dV/dT: Oxygen, SBE 43 [dov/dt]
# name 14 = sbox1dV/dT: Oxygen, SBE 43, 2 [dov/dt]
# name 15 = nbf: Bottles Fired
# name 16 = flag:  0.000e+00
# interval = seconds: 0.0416667
# start_time = Oct 14 2021 21:53:13 [NMEA time, header]
# bad_flag = -9.990e-29
*END*
[from data line 596]
     104129   4338.667    472.274    475.810    12.9384    12.9389   4.177501   4.177682     1.8107     1.4921     100.00   22.93102  -86.37748    0.00001    0.00026          5  0.000e+00
     104130   4338.708    472.342    475.879    12.9381    12.9390   4.177446   4.177627     1.8107     1.4921     100.00   22.93102  -86.37748    0.00001    0.00027          5  0.000e+00
     104131   4338.750    472.274    475.811    12.9376    12.9391   4.177474   4.177634     1.8107     1.4908     100.00   22.93102  -86.37748    0.00002    0.00027          5  0.000e+00
     104132   4338.792    472.329    475.866    12.9377    12.9390   4.177433   4.177627     1.8107     1.4921     100.00   22.93102  -86.37748    0.00002    0.00027          5  0.000e+00
     104133   4338.833    472.274    475.811    12.9374    12.9389   4.177439   4.177641     1.8107     1.4921     100.00   22.93102  -86.37748    0.00003    0.00028          5  0.000e+00
     104134   4338.875    472.329    475.866    12.9375    12.9387   4.177426   4.177585     1.8107     1.4921     100.00   22.93102  -86.37748    0.00003    0.00029          5  0.000e+00
     104135   4338.917    472.275    475.811    12.9374    12.9388   4.177419   4.177599     1.8107     1.4921     100.00   22.93102  -86.37748    0.00004    0.00030          5  0.000e+00
     104136   4338.958    472.329    475.866    12.9376    12.9388   4.177384   4.177689     1.8095     1.4908     100.00   22.93102  -86.37748    0.00002    0.00029          5  0.000e+00
     104137   4339.000    472.241    475.777    12.9376    12.9391   4.177405   4.177662     1.8107     1.4921     100.00   22.93102  -86.37748    0.00003    0.00030          5  0.000e+00
     104138   4339.042    472.329    475.866    12.9379    12.9395   4.177426   4.177731     1.8107     1.4921     100.00   22.93102  -86.37748    0.00003    0.00031          5  0.000e+00
     104139   4339.083    472.275    475.811    12.9377    12.9400   4.177419   4.177752     1.8107     1.4908     100.00   22.93102  -86.37748    0.00004    0.00030          5  0.000e+00
     104140   4339.125    472.275    475.811    12.9376    12.9398   4.177384   4.177724     1.8107     1.4921     100.00   22.93102  -86.37748    0.00004    0.00031          5  0.000e+00
     104141   4339.167    472.275    475.811    12.9374    12.9399   4.177405   4.177766     1.8107     1.4921     100.00   22.93102  -86.37748    0.00005    0.00030          5  0.000e+00
     104142   4339.208    472.275    475.811    12.9373    12.9399   4.177384   4.177759     1.8107     1.4921     100.00   22.93102  -86.37748    0.00005    0.00030          5  0.000e+00
     104143   4339.250    472.330    475.866    12.9374    12.9402   4.177350   4.177808     1.8107     1.4921     100.00   22.93102  -86.37748    0.00006    0.00031          5  0.000e+00
     104144   4339.292    472.227    475.763    12.9376    12.9403   4.177398   4.177808     1.8107     1.4921     100.00   22.93102  -86.37748    0.00006    0.00031          5  0.000e+00
     104145   4339.333    472.296    475.832    12.9381    12.9407   4.177453   4.177871     1.8107     1.4921     100.00   22.93102  -86.37748    0.00005    0.00032          5  0.000e+00
     104146   4339.375    472.275    475.812    12.9381    12.9410   4.177453   4.177920     1.8107     1.4921     100.00   22.93102  -86.37748    0.00006    0.00032          5  0.000e+00
     104147   4339.417    472.228    475.763    12.9378    12.9419   4.177501   4.178017     1.8107     1.4921     100.00   22.93102  -86.37748    0.00004    0.00031          5  0.000e+00
     104148   4339.458    472.275    475.812    12.9379    12.9419   4.177522   4.177982     1.8107     1.4921     100.00   22.93102  -86.37748    0.00003    0.00032          5  0.000e+00
     104149   4339.500    472.275    475.812    12.9382    12.9419   4.177550   4.177941     1.8107     1.4908     100.00   22.93102  -86.37748    0.00002    0.00028          5  0.000e+00
     104150   4339.542    472.276    475.812    12.9388    12.9419   4.177563   4.177968     1.8107     1.4921     100.00   22.93102  -86.37748    0.00002    0.00029          5  0.000e+00
     104151   4339.583    472.228    475.764    12.9387    12.9422   4.177529   4.178003     1.8107     1.4921     100.00   22.93102  -86.37748    0.00002    0.00029          5  0.000e+00
     104152   4339.625    472.228    475.764    12.9389    12.9418   4.177550   4.177975     1.8107     1.4921     100.00   22.93102  -86.37748    0.00003    0.00029          5  0.000e+00
     104153   4339.667    472.242    475.778    12.9389    12.9420   4.177598   4.177941     1.8107     1.4921     100.00   22.93102  -86.37748    0.00003    0.00030          5  0.000e+00
     104154   4339.708    472.276    475.812    12.9391    12.9419   4.177598   4.177954     1.8107     1.4921     100.00   22.93102  -86.37748    0.00003    0.00030          5  0.000e+00
     104155   4339.750    472.228    475.764    12.9391    12.9420   4.177618   4.177927     1.8107     1.4921     100.00   22.93102  -86.37748    0.00004    0.00030          5  0.000e+00
     104156   4339.792    472.228    475.764    12.9391    12.9419   4.177632   4.177982     1.8107     1.4921     100.00   22.93102  -86.37750    0.00002    0.00030          5  0.000e+00
     104157   4339.833    472.228    475.764    12.9395    12.9414   4.177632   4.177948     1.8107     1.4921     100.00   22.93102  -86.37750    0.00003    0.00030          5  0.000e+00
     104158   4339.875    472.228    475.764    12.9396    12.9414   4.177653   4.177934     1.8107     1.4908     100.00   22.93102  -86.37750    0.00003    0.00028          5  0.000e+00
     104159   4339.917    472.228    475.764    12.9397    12.9415   4.177722   4.177954     1.8107     1.4921     100.00   22.93102  -86.37750    0.00003    0.00029          5  0.000e+00
     104160   4339.958    472.181    475.716    12.9402    12.9414   4.177763   4.177913     1.8107     1.4921     100.00   22.93102  -86.37750    0.00003    0.00029          5  0.000e+00
     104161   4340.000    472.242    475.778    12.9409    12.9409   4.177818   4.177906     1.8107     1.4921     100.00   22.93102  -86.37750    0.00004    0.00029          5  0.000e+00
     104162   4340.042    472.229    475.765    12.9411    12.9404   4.177845   4.177871     1.8107     1.4921     100.00   22.93102  -86.37750    0.00004    0.00028          5  0.000e+00
     104163   4340.083    472.181    475.716    12.9412    12.9407   4.177818   4.177913     1.8107     1.4908     100.00   22.93102  -86.37750    0.00003    0.00027          5  0.000e+00
     104164   4340.125    472.229    475.765    12.9412    12.9406   4.177839   4.177906     1.8107     1.4921     100.00   22.93102  -86.37750    0.00003    0.00027          5  0.000e+00
     104165   4340.167    472.181    475.717    12.9412    12.9409   4.177852   4.177920     1.8107     1.4921     100.00   22.93102  -86.37750    0.00003    0.00026          5  0.000e+00
     104166   4340.208    472.181    475.717    12.9412    12.9408   4.177818   4.177878     1.8107     1.4908     100.00   22.93102  -86.37750    0.00004    0.00025          5  0.000e+00
     104167   4340.250    472.229    475.765    12.9410    12.9407   4.177839   4.177871     1.8107     1.4908     100.00   22.93102  -86.37750    0.00004    0.00023          5  0.000e+00
     104168   4340.292    472.181    475.717    12.9409    12.9408   4.177818   4.177892     1.8107     1.4921     100.00   22.93102  -86.37750    0.00004    0.00022          5  0.000e+00
     104169   4340.333    472.195    475.731    12.9404    12.9409   4.177790   4.177920     1.8107     1.4908     100.00   22.93102  -86.37750    0.00004    0.00022          5  0.000e+00
     104170   4340.375    472.181    475.717    12.9405    12.9410   4.177804   4.177878     1.8107     1.4908     100.00   22.93102  -86.37750    0.00003    0.00020          5  0.000e+00
     104171   4340.417    472.127    475.662    12.9399    12.9409   4.177811   4.177885     1.8107     1.4908     100.00   22.93102  -86.37750    0.00003    0.00020          5  0.000e+00
     104172   4340.458    472.182    475.717    12.9406    12.9411   4.177839   4.177899     1.8095     1.4908     100.00   22.93102  -86.37750    0.00002    0.00018          5  0.000e+00
     104173   4340.500    472.182    475.717    12.9409    12.9409   4.177790   4.177878     1.8107     1.4921     100.00   22.93102  -86.37750    0.00002    0.00018          5  0.000e+00
     104174   4340.542    472.127    475.662    12.9402    12.9406   4.177797   4.177864     1.8107     1.4908     100.00   22.93102  -86.37750    0.00002    0.00016          5  0.000e+00
     104175   4340.583    472.182    475.717    12.9402    12.9403   4.177784   4.177885     1.8107     1.4908     100.00   22.93102  -86.37750    0.00002    0.00014          5  0.000e+00
     104176   4340.625    472.127    475.662    12.9399    12.9408   4.177777   4.177871     1.8095     1.4908     100.00   22.93102  -86.37750   -0.00001    0.00014          5  0.000e+00
     104177   4340.667    472.148    475.683    12.9398    12.9409   4.177784   4.177913     1.8107     1.4908     100.00   22.93102  -86.37750   -0.00000    0.00013          5  0.000e+00
     104178   4340.708    472.182    475.717    12.9397    12.9408   4.177777   4.177892     1.8107     1.4908     100.00   22.93102  -86.37750   -0.00000    0.00011          5  0.000e+00
     104179   4340.750    472.128    475.663    12.9399    12.9410   4.177749   4.177864     1.8107     1.4908     100.00   22.93102  -86.37750 7.0337e-07    0.00009          5  0.000e+00
     104180   4340.792    472.128    475.663    12.9401    12.9408   4.177742   4.177836     1.8095     1.4908     100.00   22.93102  -86.37750   -0.00001    0.00007          5  0.000e+00
     104181   4340.833    472.128    475.663    12.9403    12.9410   4.177790   4.177878     1.8107     1.4908     100.00   22.93102  -86.37750   -0.00003    0.00005          5  0.000e+00
     104182   4340.875    472.128    475.663    12.9406    12.9408   4.177811   4.177843     1.8107     1.4908     100.00   22.93102  -86.37750   -0.00003    0.00003          5  0.000e+00
     104183   4340.917    472.128    475.663    12.9404    12.9409   4.177784   4.177850     1.8107     1.4908     100.00   22.93102  -86.37750   -0.00002    0.00003          5  0.000e+00
     104184   4340.958    472.128    475.663    12.9407    12.9408   4.177832   4.177899     1.8107     1.4908     100.00   22.93102  -86.37750   -0.00002    0.00001          5  0.000e+00
     104185   4341.000    472.148    475.684    12.9406    12.9403   4.177832   4.177871     1.8107     1.4921     100.00   22.93102  -86.37750   -0.00002    0.00001          5  0.000e+00
     104186   4341.042    472.128    475.663    12.9407    12.9403   4.177811   4.177864     1.8107     1.4908     100.00   22.93102  -86.37750   -0.00001    0.00001          5  0.000e+00
     104187   4341.083    472.128    475.663    12.9407    12.9402   4.177839   4.177836     1.8095     1.4908     100.00   22.93102  -86.37750   -0.00003    0.00001          5  0.000e+00
     104188   4341.125    472.128    475.663    12.9407    12.9401   4.177790   4.177829     1.8107     1.4921     100.00   22.93102  -86.37750   -0.00003    0.00001          5  0.000e+00
     104189   4341.167    472.128    475.663    12.9407    12.9400   4.177797   4.177829     1.8107     1.4921     100.00   22.93102  -86.37750   -0.00002    0.00001          5  0.000e+00
     104190   4341.208    472.128    475.663    12.9407    12.9399   4.177839   4.177808     1.8107     1.4908     100.00   22.93102  -86.37750   -0.00002   -0.00001          5  0.000e+00
     104191   4341.250    472.128    475.663    12.9405    12.9400   4.177852   4.177822     1.8107     1.4908     100.00   22.93102  -86.37750   -0.00002   -0.00003          5  0.000e+00
     104192   4341.292    472.128    475.663    12.9407    12.9399   4.177818   4.177850     1.8107     1.4908     100.00   22.93102  -86.37750   -0.00001   -0.00005          5  0.000e+00
     104193   4341.333    472.094    475.629    12.9407    12.9400   4.177894   4.177864     1.8107     1.4908     100.00   22.93102  -86.37750   -0.00001   -0.00007          5  0.000e+00
     104194   4341.375    472.129    475.664    12.9410    12.9403   4.177880   4.177864     1.8095     1.4908     100.00   22.93102  -86.37750   -0.00002   -0.00008          5  0.000e+00
     104195   4341.417    472.129    475.664    12.9409    12.9400   4.177907   4.177864     1.8107     1.4908     100.00   22.93102  -86.37750   -0.00002   -0.00010          5  0.000e+00
     104196   4341.458    472.129    475.664    12.9409    12.9403   4.177894   4.177899     1.8107     1.4908     100.00   22.93102  -86.37750   -0.00002   -0.00012          5  0.000e+00
     104197   4341.500    472.129    475.664    12.9407    12.9402   4.177907   4.177871     1.8107     1.4921     100.00   22.93102  -86.37750   -0.00001   -0.00012          5  0.000e+00
     108568   4523.625    372.574    375.273    16.5962    16.5969   4.606584   4.606792     2.1074     1.7595     100.00   22.93162  -86.37786   -0.00032   -0.00009          6  0.000e+00
     108569   4523.667    372.527    375.225    16.5959    16.5969   4.606570   4.606792     2.1074     1.7607     100.00   22.93162  -86.37786   -0.00033   -0.00009          6  0.000e+00
     108570   4523.708    372.575    375.273    16.5959    16.5970   4.606591   4.606792     2.1074     1.7607     100.00   22.93162  -86.37786   -0.00034   -0.00008          6  0.000e+00
     108571   4523.750    372.588    375.287    16.5961    16.5970   4.606577   4.606792     2.1074     1.7607     100.00   22.93162  -86.37786   -0.00033   -0.00008          6  0.000e+00
     108572   4523.792    372.575    375.274    16.5962    16.5972   4.606598   4.606814     2.1074     1.7607     100.00   22.93162  -86.37786   -0.00032   -0.00007          6  0.000e+00
     108573   4523.833    372.527    375.226    16.5961    16.5970   4.606670   4.606799     2.1062     1.7607     100.00   22.93162  -86.37786   -0.00035   -0.00007          6  0.000e+00
     108574   4523.875    372.486    375.185    16.5962    16.5971   4.606627   4.606792     2.1074     1.7607     100.00   22.93162  -86.37786   -0.00034   -0.00007          6  0.000e+00
     108575   4523.917    372.623    375.322    16.5962    16.5970   4.606598   4.606814     2.1074     1.7607     100.00   22.93162  -86.37786   -0.00033   -0.00006          6  0.000e+00
     108576   4523.958    372.527    375.226    16.5962    16.5970   4.606606   4.606799     2.1074     1.7607     100.00   22.93162  -86.37786   -0.00034   -0.00006          6  0.000e+00
     108577   4524.000    372.575    375.274    16.5962    16.5968   4.606613   4.606792     2.1074     1.7607     100.00   22.93162  -86.37786   -0.00034   -0.00005          6  0.000e+00
     108578   4524.042    372.541    375.240    16.5959    16.5969   4.606577   4.606763     2.1074     1.7607     100.00   22.93162  -86.37786   -0.00033   -0.00005          6  0.000e+00
     108579   4524.083    372.528    375.226    16.5959    16.5967   4.606627   4.606756     2.1074     1.7607     100.00   22.93162  -86.37786   -0.00032   -0.00005          6  0.000e+00
     108580   4524.125    372.528    375.226    16.5959    16.5968   4.606606   4.606777     2.1074     1.7607     100.00   22.93162  -86.37786   -0.00031   -0.00004          6  0.000e+00
     108581   4524.167    372.528    375.226    16.5961    16.5967   4.606606   4.606763     2.1074     1.7607     100.00   22.93162  -86.37786   -0.00030   -0.00004          6  0.000e+00
     108582   4524.208    372.541    375.240    16.5964    16.5969   4.606613   4.606756     2.1074     1.7607     100.00   22.93162  -86.37786   -0.00029   -0.00003          6  0.000e+00
