Gulf of Mexico/GOMECC-4/1db/rb2103_0351.ros
* Sea-Bird SBE 9 Data File:
* FileName = C:\Users\scs.user.rb\CTD\GOMECC4\data\rb2103_0351.hex
* Software Version Seasave V 7.26.7.107
* Temperature SN = 4799
* Conductivity SN = 3860
* Number of Bytes Per Scan = 41
* Number of Voltage Words = 4
* Number of Scans Averaged by the Deck Unit = 1
* NMEA Latitude = 28 42.06 N
* NMEA Longitude = 087 45.57 W
* NMEA UTC (Time) = Sep 24 2021  11:26:03
* NMEA baud rate = 4800
# nquan = 17
# nvalues = 3192                                  
# units = specified
# name 0 = scan: Scan Count
# name 1 = timeS: Time, Elapsed [seconds]
# name 2 = depSM: Depth [salt water, m]
# name 3 = prDM: Pressure, Digiquartz [db]
# name 4 = t090C: Temperature [ITS-90, deg C]
# name 5 = t190C: Temperature, 2 [ITS-90, deg C]
# name 6 = c0S/m: Conductivity [S/m]
# name 7 = c1S/m: Conductivity, 2 [S/m]
# name 8 = sbeox0V: Oxygen raw, SBE 43 [V]
# name 9 = sbeox1V: Oxygen raw, SBE 43, 2 [V]
# name 10 = altM: Altimeter [m]
# name 11 = latitude: Latitude [deg]
# name 12 = longitude: Longitude [deg]
# name 13 = sbox0dV/dT: Oxygen, SBE 43 [dov/dt]
# name 14 = sbox1dV/dT: Oxygen, SBE 43, 2 [dov/dt]
# name 15 = nbf: Bottles Fired
# name 16 = flag:  0.000e+00
# interval = seconds: 0.0416667
# start_time = Sep 24 2021 11:26:03 [NMEA time, header]
# bad_flag = -9.990e-29
*END*
[from data line 2639]
     160469   6686.167     40.051     40.325    26.6609    26.7161   5.632553   5.637210     2.8291     2.4005     100.00   28.70204  -87.76100    0.00085   -0.00640         20  0.000e+00
     160470   6686.208     40.028     40.302    26.6611    26.7148   5.632545   5.637155     2.8278     2.4017     100.00   28.70204  -87.76100    0.00084   -0.00641         20  0.000e+00
     160471   6686.250     40.028     40.302    26.6606    26.7087   5.632459   5.637258     2.8278     2.4017     100.00   28.70204  -87.76100    0.00083   -0.00641         20  0.000e+00
     160472   6686.292     40.028     40.302    26.6584    26.7098   5.632319   5.637392     2.8278     2.4017     100.00   28.70204  -87.76100    0.00082   -0.00638         20  0.000e+00
     160473   6686.333     40.081     40.355    26.6586    26.7121   5.632132   5.637495     2.8278     2.4029     100.00   28.70204  -87.76100    0.00080   -0.00633         20  0.000e+00
     160474   6686.375     39.975     40.249    26.6584    26.7104   5.631882   5.637487     2.8291     2.4029     100.00   28.70204  -87.76100    0.00081   -0.00627         20  0.000e+00
     160475   6686.417     40.028     40.302    26.6595    26.7073   5.631781   5.637440     2.8291     2.4029     100.00   28.70204  -87.76100    0.00081   -0.00618         20  0.000e+00
     160476   6686.458     40.028     40.302    26.6604    26.7096   5.631805   5.637708     2.8303     2.4042     100.00   28.70204  -87.76100    0.00083   -0.00607         20  0.000e+00
     160477   6686.500     40.028     40.302    26.6567    26.7144   5.631820   5.637945     2.8303     2.4042     100.00   28.70204  -87.76100    0.00084   -0.00594         20  0.000e+00
     160478   6686.542     40.028     40.302    26.6575    26.7168   5.631851   5.637953     2.8303     2.4054     100.00   28.70204  -87.76100    0.00086   -0.00577         20  0.000e+00
     160479   6686.583     40.028     40.302    26.6593    26.7184   5.631968   5.637834     2.8303     2.4054     100.00   28.70204  -87.76100    0.00087   -0.00559         20  0.000e+00
     160480   6686.625     39.975     40.249    26.6616    26.7201   5.631991   5.637487     2.8303     2.4066     100.00   28.70204  -87.76100    0.00088   -0.00538         20  0.000e+00
     160481   6686.667     40.028     40.302    26.6625    26.7214   5.631999   5.636855     2.8303     2.4078     100.00   28.70204  -87.76100    0.00089   -0.00515         20  0.000e+00
     160482   6686.708     39.975     40.249    26.6615    26.7194   5.631968   5.635954     2.8315     2.4078     100.00   28.70204  -87.76100    0.00091   -0.00491         20  0.000e+00
     160483   6686.750     40.028     40.302    26.6589    26.7159   5.631921   5.635116     2.8315     2.4090     100.00   28.70204  -87.76100    0.00094   -0.00464         20  0.000e+00
     160484   6686.792     39.975     40.249    26.6571    26.7054   5.631945   5.634303     2.8327     2.4090     100.00   28.70204  -87.76100    0.00099   -0.00436         20  0.000e+00
     160485   6686.833     40.051     40.325    26.6575    26.6956   5.631921   5.633426     2.8327     2.4103     100.00   28.70204  -87.76100    0.00103   -0.00406         20  0.000e+00
     160486   6686.875     39.975     40.249    26.6582    26.6840   5.631773   5.632518     2.8339     2.4103     100.00   28.70204  -87.76100    0.00110   -0.00376         20  0.000e+00
     160487   6686.917     39.975     40.249    26.6580    26.6784   5.631750   5.631586     2.8352     2.4103     100.00   28.70204  -87.76100    0.00118   -0.00344         20  0.000e+00
     160488   6686.958     39.975     40.249    26.6579    26.6771   5.631836   5.630694     2.8339     2.4115     100.00   28.70204  -87.76100    0.00122   -0.00310         20  0.000e+00
     160489   6687.000     40.028     40.302    26.6584    26.6732   5.631968   5.630094     2.8339     2.4127     100.00   28.70204  -87.76100    0.00127   -0.00274         20  0.000e+00
     164036   6834.792     24.998     25.168    29.8255    29.8197   5.926812   5.926124     3.0867     2.6105     100.00   28.70208  -87.76100    0.00023    0.00050         21  0.000e+00
     164037   6834.833     24.794     24.963    29.8265    29.8198   5.927170   5.926059     3.0867     2.6105      95.26   28.70208  -87.76100    0.00019    0.00041         21  0.000e+00
     164038   6834.875     24.718     24.887    29.8272    29.8197   5.927465   5.925979     3.0867     2.6105      89.60   28.70208  -87.76100    0.00013    0.00032         21  0.000e+00
     164039   6834.917     24.824     24.993    29.8278    29.8203   5.927624   5.925954     3.0867     2.6093      88.21   28.70208  -87.76100    0.00009    0.00021         21  0.000e+00
     164040   6834.958     24.884     25.054    29.8283    29.8194   5.927704   5.925882     3.0867     2.6093      88.45   28.70208  -87.76100    0.00004    0.00010         21  0.000e+00
     164041   6835.000     24.794     24.963    29.8285    29.8193   5.927863   5.925890     3.0867     2.6093      88.74   28.70208  -87.76100    0.00002   -0.00001         21  0.000e+00
     164042   6835.042     24.884     25.054    29.8285    29.8181   5.927879   5.925906     3.0867     2.6093      88.79   28.70208  -87.76100   -0.00001   -0.00012         21  0.000e+00
     164043   6835.083     24.824     24.993    29.8287    29.8171   5.927887   5.925793     3.0867     2.6093      88.79   28.70208  -87.76100   -0.00004   -0.00021         21  0.000e+00
     164044   6835.125     24.824     24.993    29.8289    29.8159   5.927983   5.925761     3.0867     2.6093      88.77   28.70208  -87.76100   -0.00007   -0.00030         21  0.000e+00
     164045   6835.167     24.794     24.963    29.8288    29.8147   5.928014   5.925648     3.0855     2.6081      88.77   28.70208  -87.76100   -0.00011   -0.00041         21  0.000e+00
     164046   6835.208     24.824     24.993    29.8291    29.8147   5.928046   5.925648     3.0842     2.6081      88.77   28.70208  -87.76100   -0.00017   -0.00051         21  0.000e+00
     164047   6835.250     24.884     25.054    29.8291    29.8183   5.928046   5.926027     3.0855     2.6093      88.77   28.70208  -87.76100   -0.00021   -0.00060         21  0.000e+00
     164048   6835.292     24.824     24.993    29.8289    29.8188   5.927871   5.926366     3.0842     2.6081      88.77   28.70208  -87.76100   -0.00027   -0.00069         21  0.000e+00
     164049   6835.333     24.794     24.963    29.8289    29.8192   5.927704   5.926826     3.0855     2.6093      88.77   28.70208  -87.76100   -0.00032   -0.00076         21  0.000e+00
     164050   6835.375     24.885     25.054    29.8289    29.8229   5.927704   5.927359     3.0855     2.6093      88.77   28.70208  -87.76100   -0.00036   -0.00083         21  0.000e+00
     164051   6835.417     24.824     24.993    29.8285    29.8253   5.927815   5.927642     3.0855     2.6105      88.77   28.70208  -87.76100   -0.00040   -0.00088         21  0.000e+00
     164052   6835.458     24.741     24.909    29.8289    29.8252   5.927863   5.927617     3.0842     2.6105      88.77   28.70208  -87.76100   -0.00046   -0.00093         21  0.000e+00
     164053   6835.500     24.885     25.054    29.8287    29.8266   5.927871   5.927585     3.0842     2.6105      88.77   28.70208  -87.76100   -0.00051   -0.00098         21  0.000e+00
     164054   6835.542     24.885     25.054    29.8289    29.8263   5.927887   5.927512     3.0855     2.6117      88.77   28.70208  -87.76100   -0.00055   -0.00101         21  0.000e+00
     164055   6835.583     24.824     24.993    29.8293    29.8244   5.927943   5.927311     3.0855     2.6117      88.77   28.70208  -87.76100   -0.00058   -0.00106         21  0.000e+00
     164056   6835.625     24.854     25.024    29.8294    29.8229   5.928110   5.927028     3.0855     2.6117      88.77   28.70208  -87.76100   -0.00060   -0.00109         21  0.000e+00
     164057   6835.667     24.824     24.993    29.8296    29.8228   5.928261   5.926891     3.0855     2.6129      88.77   28.70208  -87.76100   -0.00062   -0.00111         21  0.000e+00
     164058   6835.708     24.885     25.054    29.8298    29.8246   5.928357   5.927117     3.0855     2.6129      88.77   28.70208  -87.76100   -0.00064   -0.00113         21  0.000e+00
     164059   6835.750     24.885     25.054    29.8300    29.8265   5.928357   5.927238     3.0842     2.6129      88.77   28.70208  -87.76100   -0.00067   -0.00114         21  0.000e+00
     164060   6835.792     24.854     25.024    29.8300    29.8255   5.928389   5.927181     3.0842     2.6129      88.77   28.70208  -87.76100   -0.00069   -0.00116         21  0.000e+00
     164061   6835.833     24.824     24.993    29.8303    29.8255   5.928405   5.927044     3.0842     2.6129      94.21   28.70208  -87.76100   -0.00072   -0.00117         21  0.000e+00
     164062   6835.875     24.885     25.054    29.8302    29.8258   5.928421   5.927012     3.0842     2.6129      99.46   28.70208  -87.76100   -0.00074   -0.00119         21  0.000e+00
     164063   6835.917     24.824     24.993    29.8302    29.8262   5.928405   5.927084     3.0842     2.6129     100.00   28.70208  -87.76100   -0.00075   -0.00119         21  0.000e+00
     164064   6835.958     24.854     25.024    29.8302    29.8261   5.928437   5.927214     3.0842     2.6129     100.00   28.70208  -87.76100   -0.00076   -0.00119         21  0.000e+00
     164065   6836.000     24.885     25.054    29.8303    29.8264   5.928453   5.927432     3.0842     2.6129     100.00   28.70208  -87.76100   -0.00079   -0.00119         21  0.000e+00
     164066   6836.042     24.824     24.993    29.8302    29.8270   5.928397   5.927528     3.0830     2.6117     100.00   28.70208  -87.76100   -0.00084   -0.00121         21  0.000e+00
     164067   6836.083     24.885     25.054    29.8302    29.8269   5.928397   5.927504     3.0830     2.6117     100.00   28.70208  -87.76100   -0.00088   -0.00121         21  0.000e+00
     164068   6836.125     24.854     25.024    29.8303    29.8268   5.928437   5.927424     3.0842     2.6117     100.00   28.70208  -87.76100   -0.00090   -0.00121         21  0.000e+00
     164069   6836.167     24.885     25.054    29.8302    29.8272   5.928413   5.927399     3.0842     2.6117     100.00   28.70208  -87.76100   -0.00093   -0.00120         21  0.000e+00
     164070   6836.208     24.824     24.993    29.8302    29.8267   5.928453   5.927327     3.0842     2.6117     100.00   28.70208  -87.76100   -0.00093   -0.00120         21  0.000e+00
     164071   6836.250     24.885     25.054    29.8303    29.8268   5.928381   5.927335     3.0842     2.6117     100.00   28.70208  -87.76100   -0.00095   -0.00118         21  0.000e+00
     164072   6836.292     24.854     25.024    29.8302    29.8267   5.928421   5.927238     3.0830     2.6117     100.00   28.70208  -87.76100   -0.00099   -0.00116         21  0.000e+00
     164073   6836.333     24.885     25.054    29.8302    29.8264   5.928397   5.927165     3.0830     2.6117     100.00   28.70208  -87.76100   -0.00103   -0.00113         21  0.000e+00
     164074   6836.375     24.824     24.993    29.8302    29.8257   5.928397   5.927157     3.0830     2.6117     100.00   28.70208  -87.76100   -0.00106   -0.00111         21  0.000e+00
     164075   6836.417     24.854     25.024    29.8303    29.8256   5.928405   5.927157     3.0842     2.6117     100.00   28.70208  -87.76100   -0.00108   -0.00108         21  0.000e+00
     164076   6836.458     24.937     25.107    29.8298    29.8255   5.928357   5.927189     3.0842     2.6117     100.00   28.70208  -87.76100   -0.00109   -0.00105         21  0.000e+00
     164077   6836.500     24.824     24.993    29.8298    29.8256   5.928301   5.927165     3.0842     2.6105     100.00   28.70208  -87.76100   -0.00110   -0.00104         21  0.000e+00
     164078   6836.542     24.885     25.054    29.8298    29.8251   5.928333   5.927085     3.0855     2.6105     100.00   28.70208  -87.76100   -0.00112   -0.00103         21  0.000e+00
     164079   6836.583     24.854     25.024    29.8302    29.8247   5.928309   5.927020     3.0842     2.6117     100.00   28.70208  -87.76100   -0.00115   -0.00100         21  0.000e+00
     164080   6836.625     24.885     25.054    29.8303    29.8243   5.928301   5.926939     3.0855     2.6105     100.00   28.70208  -87.76100   -0.00114   -0.00099         21  0.000e+00
     164081   6836.667     24.885     25.054    29.8298    29.8238   5.928253   5.927020     3.0855     2.6117     100.00   28.70208  -87.76100   -0.00113   -0.00095         21  0.000e+00
     164082   6836.708     24.824     24.993    29.8299    29.8240   5.928285   5.927093     3.0855     2.6105     100.00   28.70208  -87.76100   -0.00113   -0.00094         21  0.000e+00
     164083   6836.750     24.854     25.024    29.8303    29.8241   5.928301   5.927068     3.0855     2.6105     100.00   28.70208  -87.76100   -0.00112   -0.00092         21  0.000e+00
     164084   6836.792     24.885     25.054    29.8302    29.8238   5.928261   5.927020     3.0867     2.6105     100.00   28.70208  -87.76100   -0.00107   -0.00090         21  0.000e+00
     164085   6836.833     24.885     25.054    29.8300    29.8237   5.928238   5.926899     3.0855     2.6105     100.00   28.70208  -87.76100   -0.00106   -0.00088         21  0.000e+00
     164086   6836.875     24.824     24.993    29.8303    29.8238   5.928245   5.926939     3.0842     2.6105      84.00   28.70208  -87.76100   -0.00107   -0.00085         21  0.000e+00
     164087   6836.917     24.907     25.077    29.8305    29.8257   5.928253   5.927254     3.0842     2.6105      68.01   28.70208  -87.76100   -0.00108   -0.00083         21  0.000e+00
     164088   6836.958     24.824     24.993    29.8303    29.8284   5.928253   5.927674     3.0842     2.6105      64.47   28.70208  -87.76100   -0.00108   -0.00081         21  0.000e+00
     164089   6837.000     24.885     25.054    29.8302    29.8292   5.928238   5.927892     3.0842     2.6105      65.35   28.70208  -87.76100   -0.00109   -0.00078         21  0.000e+00
     164090   6837.042     24.885     25.054    29.8305    29.8293   5.928214   5.927932     3.0842     2.6117      66.11   28.70208  -87.76100   -0.00109   -0.00075         21  0.000e+00
     164091   6837.083     24.794     24.963    29.8299    29.8286   5.928134   5.927779     3.0842     2.6105      66.25   28.70208  -87.76100   -0.00107   -0.00072         21  0.000e+00
     164092   6837.125     24.885     25.054    29.8303    29.8275   5.928094   5.927585     3.0830     2.6105      66.20   28.70208  -87.76100   -0.00111   -0.00071         21  0.000e+00
     164093   6837.167     24.824     24.993    29.8300    29.8267   5.928070   5.927472     3.0830     2.6105      66.18   28.70208  -87.76100   -0.00114   -0.00070         21  0.000e+00
     164094   6837.208     24.854     25.024    29.8303    29.8259   5.928022   5.927262     3.0830     2.6105      66.18   28.70208  -87.76100   -0.00118   -0.00068         21  0.000e+00
     164095   6837.250     24.885     25.054    29.8302    29.8257   5.928046   5.927165     3.0830     2.6105      66.18   28.70208  -87.76100   -0.00121   -0.00067         21  0.000e+00
     164096   6837.292     24.824     24.993    29.8303    29.8256   5.927935   5.927157     3.0830     2.6105      66.18   28.70208  -87.76100   -0.00124   -0.00065         21  0.000e+00
     164097   6837.333     24.824     24.993    29.8296    29.8255   5.927831   5.927157     3.0830     2.6105      66.15   28.70208  -87.76100   -0.00126   -0.00063         21  0.000e+00
     164098   6837.375     24.854     25.024    29.8291    29.8254   5.927672   5.927084     3.0842     2.6105      66.15   28.70208  -87.76100   -0.00127   -0.00063         21  0.000e+00
