Gulf of Mexico/GOMECC-4/1db/rb2103_1091.ros
* Sea-Bird SBE 9 Data File:
* FileName = C:\Users\scs.user.rb\CTD\GOMECC4\data\rb2103_1091.hex
* Software Version Seasave V 7.26.7.107
* Temperature SN = 4799
* Conductivity SN = 3860
* Number of Bytes Per Scan = 41
* Number of Voltage Words = 4
* Number of Scans Averaged by the Deck Unit = 1
* NMEA Latitude = 22 44.06 N
* NMEA Longitude = 086 29.42 W
* NMEA UTC (Time) = Oct 15 2021  01:38:41
* NMEA baud rate = 4800
# nquan = 17
# nvalues = 2926                                  
# units = specified
# name 0 = scan: Scan Count
# name 1 = timeS: Time, Elapsed [seconds]
# name 2 = depSM: Depth [salt water, m]
# name 3 = prDM: Pressure, Digiquartz [db]
# name 4 = t090C: Temperature [ITS-90, deg C]
# name 5 = t190C: Temperature, 2 [ITS-90, deg C]
# name 6 = c0S/m: Conductivity [S/m]
# name 7 = c1S/m: Conductivity, 2 [S/m]
# name 8 = sbeox0V: Oxygen raw, SBE 43 [V]
# name 9 = sbeox1V: Oxygen raw, SBE 43, 2 [V]
# name 10 = altM: Altimeter [m]
# name 11 = latitude: Latitude [deg]
# name 12 = longitude: Longitude [deg]
# name 13 = sbox0dV/dT: Oxygen, SBE 43 [dov/dt]
# name 14 = sbox1dV/dT: Oxygen, SBE 43, 2 [dov/dt]
# name 15 = nbf: Bottles Fired
# name 16 = flag:  0.000e+00
# interval = seconds: 0.0416667
# start_time = Oct 15 2021 01:38:41 [NMEA time, header]
# bad_flag = -9.990e-29
*END*
[from data line 1532]
      72984   3040.958     74.481     74.965    27.2018    27.2051   5.746171   5.746802     2.9194     2.4640     100.00   22.75468  -86.50204   -0.00040   -0.00056         12  0.000e+00
      72985   3041.000     74.535     75.020    27.1992    27.2060   5.745888   5.746889     2.9182     2.4640     100.00   22.75468  -86.50204   -0.00037   -0.00052         12  0.000e+00
      72986   3041.042     74.434     74.917    27.1967    27.2057   5.745605   5.746842     2.9182     2.4640     100.00   22.75468  -86.50204   -0.00035   -0.00048         12  0.000e+00
      72987   3041.083     74.583     75.068    27.1935    27.2049   5.745464   5.746690     2.9194     2.4640     100.00   22.75468  -86.50204   -0.00030   -0.00043         12  0.000e+00
      72988   3041.125     74.434     74.918    27.1925    27.2044   5.745511   5.746698     2.9194     2.4640     100.00   22.75468  -86.50204   -0.00027   -0.00039         12  0.000e+00
      72989   3041.167     74.529     75.013    27.1929    27.2060   5.745605   5.746866     2.9182     2.4640     100.00   22.75468  -86.50204   -0.00024   -0.00033         12  0.000e+00
      72990   3041.208     74.535     75.020    27.1942    27.2071   5.745731   5.746921     2.9194     2.4640     100.00   22.75468  -86.50204   -0.00021   -0.00029         12  0.000e+00
      72991   3041.250     74.481     74.965    27.1963    27.2077   5.745880   5.746985     2.9194     2.4640     100.00   22.75468  -86.50204   -0.00017   -0.00024         12  0.000e+00
      72992   3041.292     74.583     75.068    27.1986    27.2084   5.746163   5.747009     2.9194     2.4640     100.00   22.75468  -86.50204   -0.00013   -0.00022         12  0.000e+00
      72993   3041.333     74.535     75.020    27.2001    27.2086   5.746250   5.747089     2.9194     2.4640     100.00   22.75468  -86.50204   -0.00009   -0.00019         12  0.000e+00
      72994   3041.375     74.529     75.013    27.2009    27.2091   5.746281   5.747176     2.9206     2.4652     100.00   22.75468  -86.50204   -0.00005   -0.00014         12  0.000e+00
      72995   3041.417     74.583     75.068    27.2024    27.2098   5.746328   5.747136     2.9194     2.4652     100.00   22.75468  -86.50204   -0.00002   -0.00010         12  0.000e+00
      72996   3041.458     74.529     75.013    27.2027    27.2102   5.746375   5.747216     2.9194     2.4652     100.00   22.75468  -86.50204    0.00002   -0.00005         12  0.000e+00
      72997   3041.500     74.536     75.020    27.2031    27.2108   5.746320   5.747208     2.9206     2.4652     100.00   22.75468  -86.50204    0.00006   -0.00002         12  0.000e+00
      72998   3041.542     74.583     75.068    27.2021    27.2110   5.746226   5.747208     2.9206     2.4652     100.00   22.75468  -86.50204    0.00011    0.00001         12  0.000e+00
      72999   3041.583     74.583     75.068    27.2004    27.2104   5.746163   5.747168     2.9206     2.4652     100.00   22.75468  -86.50204    0.00018    0.00003         12  0.000e+00
      73000   3041.625     74.536     75.020    27.2011    27.2093   5.746257   5.747112     2.9219     2.4652     100.00   22.75468  -86.50204    0.00024    0.00006         12  0.000e+00
      73001   3041.667     74.631     75.116    27.2021    27.2087   5.746368   5.747009     2.9219     2.4652     100.00   22.75468  -86.50204    0.00032    0.00009         12  0.000e+00
      73002   3041.708     74.583     75.068    27.2028    27.2082   5.746422   5.747001     2.9206     2.4652     100.00   22.75468  -86.50204    0.00039    0.00012         12  0.000e+00
      73003   3041.750     74.583     75.068    27.2027    27.2089   5.746509   5.747017     2.9206     2.4652     100.00   22.75468  -86.50204    0.00045    0.00015         12  0.000e+00
      73004   3041.792     74.631     75.116    27.2038    27.2086   5.746533   5.747009     2.9206     2.4652     100.00   22.75468  -86.50204    0.00050    0.00018         12  0.000e+00
      73005   3041.833     74.583     75.068    27.2043    27.2087   5.746533   5.746969     2.9206     2.4652     100.00   22.75468  -86.50204    0.00056    0.00019         12  0.000e+00
      73006   3041.875     74.583     75.068    27.2040    27.2084   5.746533   5.746937     2.9206     2.4652     100.00   22.75468  -86.50204    0.00063    0.00022         12  0.000e+00
      73007   3041.917     74.631     75.116    27.2033    27.2084   5.746493   5.746953     2.9219     2.4652     100.00   22.75468  -86.50204    0.00069    0.00023         12  0.000e+00
      73008   3041.958     74.631     75.116    27.2014    27.2082   5.746415   5.746921     2.9206     2.4652     100.00   22.75468  -86.50204    0.00076    0.00024         12  0.000e+00
      73009   3042.000     74.631     75.116    27.2011    27.2078   5.746462   5.746850     2.9219     2.4652     100.00   22.75468  -86.50204    0.00084    0.00025         12  0.000e+00
      73010   3042.042     74.631     75.116    27.2030    27.2066   5.746588   5.746746     2.9219     2.4652     100.00   22.75468  -86.50204    0.00090    0.00026         12  0.000e+00
      73011   3042.083     74.631     75.116    27.2048    27.2053   5.746698   5.746619     2.9219     2.4652     100.00   22.75468  -86.50204    0.00096    0.00027         12  0.000e+00
      73012   3042.125     74.631     75.116    27.2059    27.2042   5.746682   5.746491     2.9206     2.4652     100.00   22.75468  -86.50204    0.00100    0.00028         12  0.000e+00
      73013   3042.167     74.678     75.164    27.2068    27.2027   5.746674   5.746483     2.9219     2.4652     100.00   22.75468  -86.50204    0.00105    0.00029         12  0.000e+00
      73014   3042.208     74.631     75.116    27.2066    27.2016   5.746603   5.746427     2.9206     2.4640     100.00   22.75468  -86.50204    0.00107    0.00028         12  0.000e+00
      73015   3042.250     74.679     75.164    27.2054    27.2012   5.746540   5.746364     2.9206     2.4640     100.00   22.75468  -86.50204    0.00110    0.00025         12  0.000e+00
      73016   3042.292     74.631     75.116    27.2048    27.2018   5.746533   5.746523     2.9219     2.4640     100.00   22.75468  -86.50204    0.00112    0.00022         12  0.000e+00
      73017   3042.333     74.685     75.171    27.2057    27.2045   5.746564   5.746666     2.9219     2.4628     100.00   22.75468  -86.50204    0.00116    0.00020         12  0.000e+00
      73018   3042.375     74.733     75.219    27.2072    27.2060   5.746753   5.746858     2.9206     2.4628     100.00   22.75468  -86.50204    0.00116    0.00015         12  0.000e+00
      73019   3042.417     74.631     75.116    27.2086    27.2071   5.746886   5.746913     2.9206     2.4628     100.00   22.75468  -86.50204    0.00116    0.00011         12  0.000e+00
      73020   3042.458     74.733     75.219    27.2085    27.2069   5.746839   5.746850     2.9206     2.4628     100.00   22.75468  -86.50204    0.00118    0.00008         12  0.000e+00
      73021   3042.500     74.686     75.171    27.2066    27.2038   5.746525   5.746682     2.9206     2.4628     100.00   22.75468  -86.50204    0.00118    0.00005         12  0.000e+00
      73022   3042.542     74.686     75.171    27.2043    27.2024   5.746328   5.746523     2.9206     2.4628     100.00   22.75468  -86.50204    0.00118    0.00003         12  0.000e+00
      73023   3042.583     74.679     75.164    27.1998    27.2024   5.746045   5.746499     2.9194     2.4628     100.00   22.75468  -86.50204    0.00118 8.7920e-07         12  0.000e+00
      73024   3042.625     74.733     75.219    27.1979    27.2022   5.745778   5.746531     2.9194     2.4628     100.00   22.75468  -86.50204    0.00116   -0.00002         12  0.000e+00
      73025   3042.667     74.679     75.164    27.1971    27.2022   5.745723   5.746539     2.9194     2.4640     100.00   22.75468  -86.50204    0.00114   -0.00003         12  0.000e+00
      73026   3042.708     74.733     75.219    27.1969    27.2027   5.745755   5.746547     2.9194     2.4640     100.00   22.75468  -86.50204    0.00112   -0.00004         12  0.000e+00
      73027   3042.750     74.632     75.117    27.1969    27.2029   5.745770   5.746611     2.9194     2.4640     100.00   22.75468  -86.50204    0.00110   -0.00005         12  0.000e+00
      73028   3042.792     74.781     75.267    27.1955    27.2020   5.745629   5.746539     2.9194     2.4640     100.00   22.75470  -86.50204    0.00106   -0.00006         12  0.000e+00
      73029   3042.833     74.781     75.267    27.1916    27.2013   5.745370   5.746491     2.9194     2.4652     100.00   22.75470  -86.50204    0.00103   -0.00005         12  0.000e+00
      73030   3042.875     74.679     75.165    27.1919    27.2007   5.745440   5.746451     2.9194     2.4652     100.00   22.75470  -86.50204    0.00101   -0.00002         12  0.000e+00
      73031   3042.917     74.733     75.219    27.1944    27.2005   5.745668   5.746420     2.9182     2.4652     100.00   22.75470  -86.50204    0.00097    0.00001         12  0.000e+00
      73032   3042.958     74.733     75.219    27.1923    27.2007   5.745472   5.746396     2.9194     2.4664     100.00   22.75470  -86.50204    0.00094    0.00005         12  0.000e+00
      73033   3043.000     74.733     75.219    27.1874    27.2000   5.745220   5.746324     2.9182     2.4652     100.00   22.75470  -86.50204    0.00090    0.00006         12  0.000e+00
      73034   3043.042     74.733     75.219    27.1874    27.1992   5.745157   5.746276     2.9194     2.4664     100.00   22.75470  -86.50204    0.00087    0.00009         12  0.000e+00
      73035   3043.083     74.781     75.267    27.1905    27.1994   5.745370   5.746220     2.9194     2.4664     100.00   22.75470  -86.50204    0.00084    0.00011         12  0.000e+00
      73036   3043.125     74.734     75.219    27.1918    27.1980   5.745511   5.746133     2.9194     2.4664     100.00   22.75470  -86.50204    0.00082    0.00014         12  0.000e+00
      73037   3043.167     74.734     75.219    27.1918    27.1956   5.745432   5.745982     2.9182     2.4664     100.00   22.75470  -86.50204    0.00079    0.00016         12  0.000e+00
      73038   3043.208     74.781     75.267    27.1916    27.1937   5.745495   5.745854     2.9194     2.4664     100.00   22.75470  -86.50204    0.00076    0.00018         12  0.000e+00
      73039   3043.250     74.734     75.220    27.1925    27.1923   5.745535   5.745719     2.9194     2.4676     100.00   22.75470  -86.50204    0.00073    0.00022         12  0.000e+00
      73040   3043.292     74.734     75.220    27.1918    27.1919   5.745425   5.745631     2.9194     2.4676     100.00   22.75470  -86.50204    0.00072    0.00026         12  0.000e+00
      73041   3043.333     74.734     75.220    27.1910    27.1910   5.745322   5.745591     2.9194     2.4676     100.00   22.75470  -86.50204    0.00069    0.00030         12  0.000e+00
      73042   3043.375     74.781     75.267    27.1913    27.1905   5.745401   5.745520     2.9194     2.4676     100.00   22.75470  -86.50204    0.00066    0.00034         12  0.000e+00
      73043   3043.417     74.781     75.268    27.1938    27.1899   5.745653   5.745440     2.9194     2.4676     100.00   22.75470  -86.50204    0.00062    0.00037         12  0.000e+00
      73044   3043.458     74.734     75.220    27.1956    27.1885   5.745755   5.745336     2.9194     2.4689     100.00   22.75470  -86.50204    0.00059    0.00043         12  0.000e+00
      73045   3043.500     74.781     75.268    27.1966    27.1871   5.745810   5.745241     2.9194     2.4676     100.00   22.75470  -86.50204    0.00056    0.00046         12  0.000e+00
      73046   3043.542     74.781     75.268    27.1972    27.1857   5.745818   5.745121     2.9206     2.4676     100.00   22.75470  -86.50204    0.00056    0.00049         12  0.000e+00
      73047   3043.583     74.734     75.220    27.1975    27.1853   5.745928   5.745185     2.9206     2.4676     100.00   22.75470  -86.50204    0.00054    0.00052         12  0.000e+00
      73254   3052.208     74.442     74.926    27.1831    27.2095   5.744757   5.747128     2.9170     2.4652     100.00   22.75478  -86.50210   -0.00120   -0.00221         13  0.000e+00
      73255   3052.250     74.591     75.076    27.1845    27.2079   5.744851   5.747033     2.9170     2.4652     100.00   22.75478  -86.50210   -0.00122   -0.00218         13  0.000e+00
      73256   3052.292     74.639     75.124    27.1844    27.2071   5.744843   5.746937     2.9170     2.4664     100.00   22.75478  -86.50210   -0.00124   -0.00213         13  0.000e+00
      73257   3052.333     74.544     75.028    27.1841    27.2064   5.744788   5.746889     2.9182     2.4664     100.00   22.75478  -86.50210   -0.00124   -0.00208         13  0.000e+00
      73258   3052.375     74.537     75.022    27.1832    27.2062   5.744709   5.746866     2.9170     2.4664     100.00   22.75478  -86.50210   -0.00125   -0.00203         13  0.000e+00
      73259   3052.417     74.591     75.076    27.1831    27.2071   5.744827   5.746802     2.9170     2.4664     100.00   22.75478  -86.50210   -0.00127   -0.00198         13  0.000e+00
      73260   3052.458     74.544     75.028    27.1867    27.2036   5.744945   5.746635     2.9182     2.4664     100.00   22.75478  -86.50210   -0.00126   -0.00191         13  0.000e+00
      73261   3052.500     74.537     75.022    27.1878    27.1991   5.745071   5.746292     2.9170     2.4664     100.00   22.75478  -86.50210   -0.00128   -0.00185         13  0.000e+00
      73262   3052.542     74.591     75.076    27.1885    27.1959   5.745079   5.746037     2.9170     2.4664     100.00   22.75478  -86.50210   -0.00129   -0.00178         13  0.000e+00
      73263   3052.583     74.537     75.022    27.1881    27.1948   5.745063   5.745902     2.9170     2.4664     100.00   22.75478  -86.50210   -0.00129   -0.00171         13  0.000e+00
      73264   3052.625     74.591     75.076    27.1898    27.1946   5.745173   5.745950     2.9170     2.4676     100.00   22.75478  -86.50210   -0.00130   -0.00162         13  0.000e+00
      73265   3052.667     74.537     75.022    27.1900    27.1954   5.745275   5.745950     2.9170     2.4664     100.00   22.75478  -86.50210   -0.00132   -0.00156         13  0.000e+00
      73266   3052.708     74.544     75.029    27.1909    27.1956   5.745440   5.745965     2.9170     2.4676     100.00   22.75478  -86.50210   -0.00133   -0.00147         13  0.000e+00
      73267   3052.750     74.639     75.124    27.1940    27.1955   5.745700   5.745902     2.9170     2.4676     100.00   22.75478  -86.50210   -0.00133   -0.00138         13  0.000e+00
      73268   3052.792     74.537     75.022    27.1961    27.1943   5.745770   5.745750     2.9170     2.4676     100.00   22.75478  -86.50210   -0.00133   -0.00130         13  0.000e+00
      73269   3052.833     74.591     75.076    27.1955    27.1928   5.745700   5.745687     2.9170     2.4676     100.00   22.75478  -86.50210   -0.00134   -0.00121         13  0.000e+00
      73270   3052.875     74.537     75.022    27.1933    27.1921   5.745503   5.745687     2.9170     2.4676     100.00   22.75478  -86.50210   -0.00134   -0.00112         13  0.000e+00
      73271   3052.917     74.591     75.076    27.1927    27.1919   5.745542   5.745735     2.9170     2.4676     100.00   22.75478  -86.50210   -0.00135   -0.00102         13  0.000e+00
      73272   3052.958     74.591     75.076    27.1944    27.1922   5.745652   5.745735     2.9170     2.4676     100.00   22.75478  -86.50210   -0.00136   -0.00092         13  0.000e+00
      73273   3053.000     74.592     75.076    27.1933    27.1939   5.745566   5.745950     2.9182     2.4689     100.00   22.75478  -86.50210   -0.00136   -0.00081         13  0.000e+00
      73274   3053.042     74.544     75.029    27.1901    27.1952   5.745322   5.746029     2.9170     2.4689     100.00   22.75478  -86.50210   -0.00137   -0.00071         13  0.000e+00
