Gulf of Mexico/GOMECC-4/1db/rb2103_0811.ros
* Sea-Bird SBE 9 Data File:
* FileName = C:\Users\scs.user.rb\CTD\GOMECC4\data\rb2103_0811.hex
* Software Version Seasave V 7.26.7.107
* Temperature SN = 4799
* Conductivity SN = 3860
* Number of Bytes Per Scan = 41
* Number of Voltage Words = 4
* Number of Scans Averaged by the Deck Unit = 1
* NMEA Latitude = 22 16.45 N
* NMEA Longitude = 096 10.82 W
* NMEA UTC (Time) = Oct 06 2021  16:12:43
* NMEA baud rate = 4800
# nquan = 17
# nvalues = 2926                                  
# units = specified
# name 0 = scan: Scan Count
# name 1 = timeS: Time, Elapsed [seconds]
# name 2 = depSM: Depth [salt water, m]
# name 3 = prDM: Pressure, Digiquartz [db]
# name 4 = t090C: Temperature [ITS-90, deg C]
# name 5 = t190C: Temperature, 2 [ITS-90, deg C]
# name 6 = c0S/m: Conductivity [S/m]
# name 7 = c1S/m: Conductivity, 2 [S/m]
# name 8 = sbeox0V: Oxygen raw, SBE 43 [V]
# name 9 = sbeox1V: Oxygen raw, SBE 43, 2 [V]
# name 10 = altM: Altimeter [m]
# name 11 = latitude: Latitude [deg]
# name 12 = longitude: Longitude [deg]
# name 13 = sbox0dV/dT: Oxygen, SBE 43 [dov/dt]
# name 14 = sbox1dV/dT: Oxygen, SBE 43, 2 [dov/dt]
# name 15 = nbf: Bottles Fired
# name 16 = flag:  0.000e+00
# interval = seconds: 0.0416667
# start_time = Oct 06 2021 16:12:43 [NMEA time, header]
# bad_flag = -9.990e-29
*END*
[from data line 171]
     100755   4198.083   2273.730   2300.582     4.2866     4.2875   3.377344   3.377284     1.8413     1.5238     100.00   22.27424  -96.18004    0.00002    0.00009          2  0.000e+00
     100756   4198.125   2273.765   2300.618     4.2865     4.2878   3.377312   3.377278     1.8425     1.5226     100.00   22.27424  -96.18004    0.00004    0.00006          2  0.000e+00
     100757   4198.167   2273.786   2300.639     4.2865     4.2877   3.377300   3.377297     1.8413     1.5238     100.00   22.27424  -96.18004    0.00004    0.00007          2  0.000e+00
     100758   4198.208   2273.766   2300.618     4.2865     4.2875   3.377338   3.377297     1.8413     1.5238     100.00   22.27424  -96.18004    0.00004    0.00007          2  0.000e+00
     100759   4198.250   2273.836   2300.689     4.2865     4.2875   3.377331   3.377278     1.8413     1.5238     100.00   22.27424  -96.18004    0.00004    0.00008          2  0.000e+00
     100760   4198.292   2273.766   2300.618     4.2864     4.2877   3.377306   3.377252     1.8413     1.5226     100.00   22.27424  -96.18004    0.00004    0.00007          2  0.000e+00
     100761   4198.333   2273.836   2300.689     4.2866     4.2875   3.377293   3.377316     1.8413     1.5238     100.00   22.27424  -96.18004    0.00002    0.00007          2  0.000e+00
     100762   4198.375   2273.815   2300.668     4.2864     4.2875   3.377293   3.377323     1.8413     1.5238     100.00   22.27424  -96.18004    0.00003    0.00008          2  0.000e+00
     100763   4198.417   2273.836   2300.690     4.2866     4.2875   3.377300   3.377284     1.8413     1.5238     100.00   22.27424  -96.18004    0.00003    0.00007          2  0.000e+00
     100764   4198.458   2273.815   2300.668     4.2866     4.2875   3.377338   3.377297     1.8413     1.5238     100.00   22.27424  -96.18004    0.00003    0.00005          2  0.000e+00
     100765   4198.500   2273.836   2300.690     4.2865     4.2875   3.377331   3.377297     1.8413     1.5238     100.00   22.27424  -96.18004    0.00003    0.00006          2  0.000e+00
     100766   4198.542   2273.815   2300.669     4.2866     4.2878   3.377306   3.377278     1.8425     1.5238     100.00   22.27424  -96.18004    0.00004    0.00006          2  0.000e+00
     100767   4198.583   2273.836   2300.690     4.2865     4.2877   3.377300   3.377297     1.8413     1.5238     100.00   22.27424  -96.18004    0.00004    0.00005          2  0.000e+00
     100768   4198.625   2273.816   2300.669     4.2865     4.2877   3.377319   3.377297     1.8413     1.5238     100.00   22.27424  -96.18004    0.00004    0.00006          2  0.000e+00
     100769   4198.667   2273.837   2300.690     4.2865     4.2877   3.377300   3.377278     1.8413     1.5238     100.00   22.27424  -96.18004    0.00004    0.00006          2  0.000e+00
     100770   4198.708   2273.767   2300.619     4.2865     4.2877   3.377312   3.377297     1.8413     1.5238     100.00   22.27424  -96.18004    0.00004    0.00005          2  0.000e+00
     100771   4198.750   2273.837   2300.690     4.2868     4.2877   3.377325   3.377297     1.8413     1.5238     100.00   22.27424  -96.18004    0.00004    0.00005          2  0.000e+00
     100772   4198.792   2273.816   2300.669     4.2869     4.2878   3.377306   3.377303     1.8413     1.5238     100.00   22.27424  -96.18004    0.00004    0.00004          2  0.000e+00
     100773   4198.833   2273.788   2300.641     4.2866     4.2878   3.377319   3.377310     1.8413     1.5238     100.00   22.27424  -96.18004    0.00004    0.00002          2  0.000e+00
     100774   4198.875   2273.767   2300.620     4.2868     4.2877   3.377325   3.377316     1.8413     1.5238     100.00   22.27424  -96.18004    0.00004    0.00003          2  0.000e+00
     100775   4198.917   2273.788   2300.641     4.2865     4.2878   3.377344   3.377284     1.8413     1.5238     100.00   22.27424  -96.18004    0.00004    0.00001          2  0.000e+00
     100776   4198.958   2273.767   2300.620     4.2868     4.2878   3.377331   3.377323     1.8413     1.5238     100.00   22.27424  -96.18004    0.00004    0.00002          2  0.000e+00
     100777   4199.000   2273.733   2300.584     4.2869     4.2877   3.377306   3.377290     1.8400     1.5238     100.00   22.27424  -96.18004    0.00003    0.00002          2  0.000e+00
     100778   4199.042   2273.768   2300.620     4.2866     4.2878   3.377300   3.377290     1.8413     1.5238     100.00   22.27424  -96.18004    0.00003    0.00002          2  0.000e+00
     100779   4199.083   2273.684   2300.535     4.2870     4.2878   3.377338   3.377278     1.8413     1.5238     100.00   22.27424  -96.18004    0.00003    0.00003          2  0.000e+00
     100780   4199.125   2273.712   2300.563     4.2867     4.2878   3.377331   3.377348     1.8413     1.5238     100.00   22.27424  -96.18004    0.00003    0.00003          2  0.000e+00
     100781   4199.167   2273.684   2300.535     4.2868     4.2878   3.377344   3.377316     1.8413     1.5238     100.00   22.27424  -96.18004    0.00003    0.00003          2  0.000e+00
     100782   4199.208   2273.656   2300.507     4.2869     4.2880   3.377312   3.377329     1.8413     1.5238     100.00   22.27424  -96.18004    0.00003    0.00004          2  0.000e+00
     100783   4199.250   2273.628   2300.478     4.2868     4.2878   3.377319   3.377316     1.8413     1.5238     100.00   22.27424  -96.18004    0.00003    0.00004          2  0.000e+00
     100784   4199.292   2273.656   2300.507     4.2868     4.2880   3.377344   3.377297     1.8413     1.5238     100.00   22.27424  -96.18004    0.00003    0.00004          2  0.000e+00
     100785   4199.333   2273.629   2300.479     4.2869     4.2878   3.377331   3.377303     1.8413     1.5238     100.00   22.27424  -96.18004    0.00003    0.00004          2  0.000e+00
     100786   4199.375   2273.552   2300.400     4.2870     4.2880   3.377306   3.377355     1.8413     1.5238     100.00   22.27424  -96.18004    0.00003    0.00005          2  0.000e+00
     100787   4199.417   2273.573   2300.422     4.2869     4.2880   3.377338   3.377316     1.8413     1.5238     100.00   22.27424  -96.18004    0.00003    0.00003          2  0.000e+00
     100788   4199.458   2273.552   2300.401     4.2870     4.2878   3.377331   3.377303     1.8413     1.5238     100.00   22.27424  -96.18004    0.00003    0.00002          2  0.000e+00
     100789   4199.500   2273.524   2300.372     4.2870     4.2878   3.377306   3.377284     1.8413     1.5238     100.00   22.27424  -96.18004    0.00003    0.00002          2  0.000e+00
     100790   4199.542   2273.503   2300.351     4.2867     4.2880   3.377293   3.377310     1.8400     1.5238     100.00   22.27424  -96.18004    0.00001    0.00002          2  0.000e+00
     100791   4199.583   2273.468   2300.315     4.2871     4.2878   3.377337   3.377284     1.8413     1.5238     100.00   22.27424  -96.18004    0.00001    0.00003          2  0.000e+00
     100792   4199.625   2273.447   2300.294     4.2872     4.2880   3.377356   3.377297     1.8413     1.5238     100.00   22.27424  -96.18004    0.00002    0.00003          2  0.000e+00
     100793   4199.667   2273.468   2300.316     4.2871     4.2880   3.377312   3.377310     1.8413     1.5238     100.00   22.27424  -96.18004    0.00002    0.00001          2  0.000e+00
     100794   4199.708   2273.392   2300.238     4.2873     4.2880   3.377363   3.377316     1.8413     1.5238     100.00   22.27424  -96.18004    0.00002    0.00002          2  0.000e+00
     100795   4199.750   2273.420   2300.266     4.2872     4.2880   3.377363   3.377310     1.8413     1.5238     100.00   22.27424  -96.18004    0.00002    0.00002          2  0.000e+00
     100796   4199.792   2273.343   2300.188     4.2870     4.2878   3.377356   3.377329     1.8413     1.5238     100.00   22.27424  -96.18004    0.00002    0.00002          2  0.000e+00
     100797   4199.833   2273.364   2300.209     4.2870     4.2878   3.377331   3.377322     1.8413     1.5238     100.00   22.27424  -96.18004 8.7921e-07    0.00002          2  0.000e+00
     100798   4199.875   2273.259   2300.103     4.2871     4.2878   3.377325   3.377284     1.8413     1.5238     100.00   22.27424  -96.18004   -0.00002    0.00002          2  0.000e+00
     100799   4199.917   2273.343   2300.188     4.2871     4.2878   3.377325   3.377322     1.8413     1.5238     100.00   22.27424  -96.18004   -0.00002    0.00001          2  0.000e+00
     100800   4199.958   2273.308   2300.153     4.2870     4.2878   3.377325   3.377322     1.8413     1.5238     100.00   22.27424  -96.18004   -0.00002    0.00001          2  0.000e+00
     100801   4200.000   2273.287   2300.132     4.2871     4.2877   3.377325   3.377310     1.8413     1.5238     100.00   22.27424  -96.18004   -0.00002    0.00001          2  0.000e+00
     100802   4200.042   2273.148   2299.989     4.2870     4.2878   3.377344   3.377310     1.8413     1.5238     100.00   22.27424  -96.18004   -0.00002    0.00001          2  0.000e+00
     100803   4200.083   2273.239   2300.082     4.2871     4.2878   3.377331   3.377297     1.8413     1.5238     100.00   22.27424  -96.18004   -0.00002    0.00001          2  0.000e+00
     100804   4200.125   2273.204   2300.046     4.2870     4.2878   3.377325   3.377277     1.8413     1.5238     100.00   22.27424  -96.18004   -0.00002    0.00002          2  0.000e+00
     100805   4200.167   2273.127   2299.968     4.2869     4.2878   3.377299   3.377297     1.8413     1.5238     100.00   22.27424  -96.18004   -0.00002    0.00002          2  0.000e+00
     100806   4200.208   2273.148   2299.990     4.2871     4.2878   3.377312   3.377310     1.8413     1.5238     100.00   22.27424  -96.18004   -0.00002    0.00002          2  0.000e+00
     100807   4200.250   2273.078   2299.919     4.2869     4.2878   3.377306   3.377297     1.8413     1.5238     100.00   22.27424  -96.18004   -0.00002    0.00002          2  0.000e+00
     100808   4200.292   2273.148   2299.990     4.2870     4.2880   3.377299   3.377303     1.8413     1.5238     100.00   22.27424  -96.18004   -0.00002    0.00002          2  0.000e+00
     100809   4200.333   2273.022   2299.862     4.2868     4.2877   3.377299   3.377309     1.8413     1.5238     100.00   22.27424  -96.18004   -0.00002    0.00003          2  0.000e+00
     100810   4200.375   2273.044   2299.883     4.2869     4.2878   3.377318   3.377271     1.8413     1.5238     100.00   22.27424  -96.18004   -0.00002    0.00003          2  0.000e+00
     100811   4200.417   2273.023   2299.862     4.2868     4.2878   3.377306   3.377271     1.8413     1.5238     100.00   22.27424  -96.18004   -0.00002    0.00003          2  0.000e+00
     100812   4200.458   2273.044   2299.884     4.2870     4.2877   3.377293   3.377277     1.8413     1.5238     100.00   22.27424  -96.18004   -0.00002    0.00003          2  0.000e+00
     100813   4200.500   2272.967   2299.805     4.2868     4.2880   3.377274   3.377265     1.8413     1.5238     100.00   22.27424  -96.18004   -0.00002    0.00003          2  0.000e+00
     100814   4200.542   2272.939   2299.777     4.2870     4.2878   3.377287   3.377271     1.8413     1.5238     100.00   22.27424  -96.18004   -0.00002    0.00003          2  0.000e+00
     100815   4200.583   2272.967   2299.806     4.2867     4.2877   3.377318   3.377277     1.8413     1.5238     100.00   22.27424  -96.18004   -0.00002    0.00004          2  0.000e+00
     100816   4200.625   2272.939   2299.777     4.2870     4.2875   3.377306   3.377265     1.8413     1.5238     100.00   22.27424  -96.18004   -0.00002    0.00004          2  0.000e+00
     100817   4200.667   2272.918   2299.756     4.2869     4.2878   3.377299   3.377245     1.8413     1.5238     100.00   22.27424  -96.18004   -0.00002    0.00004          2  0.000e+00
     100818   4200.708   2272.883   2299.721     4.2868     4.2875   3.377274   3.377290     1.8413     1.5238     100.00   22.27424  -96.18004   -0.00002    0.00004          2  0.000e+00
     100819   4200.750   2272.863   2299.699     4.2866     4.2875   3.377287   3.377271     1.8413     1.5238     100.00   22.27424  -96.18004   -0.00002    0.00004          2  0.000e+00
     100820   4200.792   2272.835   2299.671     4.2867     4.2877   3.377293   3.377271     1.8413     1.5238     100.00   22.27424  -96.18004   -0.00002    0.00003          2  0.000e+00
     100821   4200.833   2272.863   2299.700     4.2868     4.2878   3.377299   3.377277     1.8413     1.5238     100.00   22.27424  -96.18004   -0.00002    0.00003          2  0.000e+00
     100822   4200.875   2272.835   2299.671     4.2867     4.2878   3.377318   3.377297     1.8413     1.5238     100.00   22.27424  -96.18004   -0.00002    0.00003          2  0.000e+00
     100823   4200.917   2272.779   2299.614     4.2868     4.2877   3.377280   3.377271     1.8413     1.5238     100.00   22.27424  -96.18004   -0.00002    0.00003          2  0.000e+00
     100824   4200.958   2272.814   2299.650     4.2865     4.2878   3.377268   3.377245     1.8425     1.5238     100.00   22.27424  -96.18004 8.7921e-07    0.00003          2  0.000e+00
     100825   4201.000   2272.835   2299.672     4.2865     4.2877   3.377287   3.377245     1.8425     1.5238     100.00   22.27424  -96.18004    0.00002    0.00003          2  0.000e+00
     100826   4201.042   2272.758   2299.593     4.2868     4.2877   3.377293   3.377258     1.8425     1.5238     100.00   22.27424  -96.18004    0.00003    0.00004          2  0.000e+00
     100827   4201.083   2272.731   2299.565     4.2865     4.2875   3.377293   3.377271     1.8413     1.5238     100.00   22.27424  -96.18004    0.00003    0.00004          2  0.000e+00
     100828   4201.125   2272.815   2299.651     4.2866     4.2877   3.377274   3.377322     1.8413     1.5238      99.78   22.27424  -96.18004    0.00003    0.00004          2  0.000e+00
     100829   4201.167   2272.731   2299.565     4.2865     4.2877   3.377287   3.377284     1.8413     1.5238      99.07   22.27424  -96.18004    0.00003    0.00004          2  0.000e+00
     100830   4201.208   2272.703   2299.537     4.2867     4.2878   3.377299   3.377271     1.8400     1.5238      98.83   22.27424  -96.18004    0.00001    0.00004          2  0.000e+00
     100831   4201.250   2272.780   2299.615     4.2865     4.2878   3.377274   3.377232     1.8413     1.5238      98.83   22.27424  -96.18004    0.00001    0.00004          2  0.000e+00
     100832   4201.292   2272.703   2299.537     4.2864     4.2877   3.377268   3.377252     1.8413     1.5238      98.88   22.27424  -96.18004    0.00001    0.00004          2  0.000e+00
     100833   4201.333   2272.731   2299.566     4.2866     4.2877   3.377268   3.377245     1.8413     1.5238      98.88   22.27424  -96.18004    0.00001    0.00005          2  0.000e+00
     100834   4201.375   2272.703   2299.537     4.2863     4.2877   3.377261   3.377264     1.8413     1.5238      98.88   22.27424  -96.18004    0.00001    0.00005          2  0.000e+00
     100835   4201.417   2272.731   2299.566     4.2865     4.2877   3.377261   3.377264     1.8413     1.5238      98.88   22.27424  -96.18004    0.00001    0.00005          2  0.000e+00
     100836   4201.458   2272.703   2299.538     4.2866     4.2877   3.377268   3.377245     1.8413     1.5238      98.88   22.27424  -96.18004    0.00001    0.00005          2  0.000e+00
     100837   4201.500   2272.732   2299.566     4.2865     4.2877   3.377268   3.377245     1.8413     1.5238      98.88   22.27424  -96.18004    0.00001    0.00005          2  0.000e+00
     100838   4201.542   2272.704   2299.538     4.2865     4.2875   3.377287   3.377290     1.8413     1.5238      98.88   22.27424  -96.18004    0.00001    0.00005          2  0.000e+00
