Gulf of Mexico/GOMECC-4/1db/rb2103_0901.ros
* Sea-Bird SBE 9 Data File:
* FileName = C:\Users\scs.user.rb\CTD\GOMECC4\data\rb2103_0901.hex
* Software Version Seasave V 7.26.7.107
* Temperature SN = 4799
* Conductivity SN = 3860
* Number of Bytes Per Scan = 41
* Number of Voltage Words = 4
* Number of Scans Averaged by the Deck Unit = 1
* NMEA Latitude = 22 00.00 N
* NMEA Longitude = 092 55.04 W
* NMEA UTC (Time) = Oct 09 2021  18:18:51
* NMEA baud rate = 4800
# nquan = 17
# nvalues = 3192                                  
# units = specified
# name 0 = scan: Scan Count
# name 1 = timeS: Time, Elapsed [seconds]
# name 2 = depSM: Depth [salt water, m]
# name 3 = prDM: Pressure, Digiquartz [db]
# name 4 = t090C: Temperature [ITS-90, deg C]
# name 5 = t190C: Temperature, 2 [ITS-90, deg C]
# name 6 = c0S/m: Conductivity [S/m]
# name 7 = c1S/m: Conductivity, 2 [S/m]
# name 8 = sbeox0V: Oxygen raw, SBE 43 [V]
# name 9 = sbeox1V: Oxygen raw, SBE 43, 2 [V]
# name 10 = altM: Altimeter [m]
# name 11 = latitude: Latitude [deg]
# name 12 = longitude: Longitude [deg]
# name 13 = sbox0dV/dT: Oxygen, SBE 43 [dov/dt]
# name 14 = sbox1dV/dT: Oxygen, SBE 43, 2 [dov/dt]
# name 15 = nbf: Bottles Fired
# name 16 = flag:  0.000e+00
# interval = seconds: 0.0416667
# start_time = Oct 09 2021 18:18:51 [NMEA time, header]
# bad_flag = -9.990e-29
*END*
[from data line 2894]
     234432   9767.958     25.041     25.199    29.6675    29.6685   5.990249   5.990408     3.1514     2.6654     100.00   22.00298  -92.91506    0.00089   -0.00058         22  0.000e+00
     234433   9768.000     25.041     25.199    29.6676    29.6685   5.990249   5.990457     3.1502     2.6654     100.00   22.00298  -92.91506    0.00088   -0.00062         22  0.000e+00
     234434   9768.042     24.993     25.152    29.6675    29.6686   5.990249   5.990408     3.1514     2.6654     100.00   22.00298  -92.91506    0.00088   -0.00067         22  0.000e+00
     234435   9768.083     25.041     25.199    29.6674    29.6683   5.990177   5.990392     3.1514     2.6654     100.00   22.00298  -92.91506    0.00088   -0.00069         22  0.000e+00
     234436   9768.125     24.993     25.152    29.6672    29.6685   5.990193   5.990384     3.1514     2.6654     100.00   22.00298  -92.91506    0.00088   -0.00070         22  0.000e+00
     234437   9768.167     25.041     25.199    29.6672    29.6685   5.990201   5.990384     3.1502     2.6654     100.00   22.00298  -92.91506    0.00086   -0.00074         22  0.000e+00
     234438   9768.208     24.892     25.049    29.6676    29.6683   5.990241   5.990343     3.1514     2.6654     100.00   22.00298  -92.91506    0.00084   -0.00079         22  0.000e+00
     234439   9768.250     25.088     25.247    29.6677    29.6685   5.990249   5.990384     3.1502     2.6667     100.00   22.00298  -92.91506    0.00082   -0.00081         22  0.000e+00
     234440   9768.292     25.041     25.199    29.6675    29.6681   5.990289   5.990351     3.1514     2.6679     100.00   22.00298  -92.91506    0.00081   -0.00080         22  0.000e+00
     234441   9768.333     24.993     25.151    29.6676    29.6677   5.990337   5.990294     3.1514     2.6654     100.00   22.00298  -92.91506    0.00079   -0.00079         22  0.000e+00
     234442   9768.375     25.041     25.199    29.6677    29.6677   5.990305   5.990294     3.1514     2.6667     100.00   22.00298  -92.91506    0.00077   -0.00077         22  0.000e+00
     234443   9768.417     24.993     25.151    29.6676    29.6671   5.990265   5.990254     3.1514     2.6679     100.00   22.00298  -92.91506    0.00075   -0.00076         22  0.000e+00
     234444   9768.458     24.986     25.145    29.6677    29.6671   5.990249   5.990270     3.1514     2.6667     100.00   22.00298  -92.91506    0.00072   -0.00076         22  0.000e+00
     234445   9768.500     25.041     25.199    29.6674    29.6666   5.990217   5.990221     3.1514     2.6679     100.00   22.00298  -92.91506    0.00070   -0.00071         22  0.000e+00
     234446   9768.542     24.993     25.151    29.6676    29.6666   5.990273   5.990262     3.1502     2.6667     100.00   22.00298  -92.91506    0.00066   -0.00070         22  0.000e+00
     234447   9768.583     24.993     25.151    29.6675    29.6668   5.990265   5.990246     3.1514     2.6679     100.00   22.00298  -92.91506    0.00062   -0.00066         22  0.000e+00
     234448   9768.625     24.993     25.151    29.6674    29.6670   5.990209   5.990270     3.1514     2.6667     100.00   22.00298  -92.91506    0.00058   -0.00063         22  0.000e+00
     234449   9768.667     24.993     25.151    29.6678    29.6668   5.990273   5.990262     3.1514     2.6679     100.00   22.00298  -92.91506    0.00054   -0.00060         22  0.000e+00
     234450   9768.708     24.986     25.145    29.6677    29.6666   5.990297   5.990238     3.1514     2.6667     100.00   22.00298  -92.91506    0.00051   -0.00057         22  0.000e+00
     234451   9768.750     24.993     25.151    29.6679    29.6666   5.990337   5.990270     3.1514     2.6679     100.00   22.00298  -92.91506    0.00046   -0.00056         22  0.000e+00
     234452   9768.792     24.993     25.151    29.6679    29.6668   5.990345   5.990294     3.1514     2.6667     100.00   22.00300  -92.91506    0.00044   -0.00052         22  0.000e+00
     234453   9768.833     24.993     25.151    29.6681    29.6664   5.990313   5.990213     3.1514     2.6667     100.00   22.00300  -92.91506    0.00041   -0.00051         22  0.000e+00
     234454   9768.875     24.993     25.151    29.6679    29.6670   5.990329   5.990262     3.1514     2.6667     100.00   22.00300  -92.91506    0.00036   -0.00048         22  0.000e+00
     234455   9768.917     24.993     25.151    29.6681    29.6671   5.990385   5.990319     3.1514     2.6667     100.00   22.00300  -92.91506    0.00033   -0.00045         22  0.000e+00
     234456   9768.958     24.986     25.145    29.6681    29.6670   5.990353   5.990311     3.1514     2.6679     100.00   22.00300  -92.91506    0.00030   -0.00040         22  0.000e+00
     234457   9769.000     24.993     25.151    29.6679    29.6675   5.990345   5.990327     3.1514     2.6679     100.00   22.00300  -92.91506    0.00027   -0.00035         22  0.000e+00
     234458   9769.042     24.993     25.151    29.6679    29.6674   5.990353   5.990294     3.1526     2.6679     100.00   22.00300  -92.91506    0.00025   -0.00030         22  0.000e+00
     234459   9769.083     24.993     25.151    29.6679    29.6671   5.990345   5.990294     3.1514     2.6679     100.00   22.00300  -92.91506    0.00023   -0.00023         22  0.000e+00
     234460   9769.125     24.993     25.151    29.6679    29.6675   5.990313   5.990286     3.1526     2.6679     100.00   22.00300  -92.91506    0.00022   -0.00016         22  0.000e+00
     234461   9769.167     24.993     25.151    29.6679    29.6673   5.990297   5.990246     3.1514     2.6679     100.00   22.00300  -92.91506    0.00020   -0.00010         22  0.000e+00
     234462   9769.208     24.986     25.145    29.6679    29.6671   5.990297   5.990246     3.1526     2.6679     100.00   22.00300  -92.91506    0.00018   -0.00003         22  0.000e+00
     234463   9769.250     24.993     25.151    29.6679    29.6671   5.990369   5.990238     3.1526     2.6679     100.00   22.00300  -92.91506    0.00018    0.00004         22  0.000e+00
     236508   9854.458     14.834     14.928    29.6899    29.6915   5.992403   5.992665     3.1575     2.6716     100.00   22.00302  -92.91502   -0.00126    0.00020         23  0.000e+00
     236509   9854.500     14.787     14.880    29.6899    29.6917   5.992435   5.992640     3.1575     2.6716     100.00   22.00302  -92.91502   -0.00123    0.00018         23  0.000e+00
     236510   9854.542     14.733     14.826    29.6898    29.6917   5.992411   5.992705     3.1575     2.6703     100.00   22.00302  -92.91502   -0.00121    0.00016         23  0.000e+00
     236511   9854.583     14.733     14.826    29.6902    29.6915   5.992435   5.992689     3.1575     2.6703     100.00   22.00302  -92.91502   -0.00118    0.00013         23  0.000e+00
     236512   9854.625     14.834     14.928    29.6903    29.6915   5.992523   5.992681     3.1575     2.6703     100.00   22.00302  -92.91502   -0.00115    0.00011         23  0.000e+00
     236513   9854.667     14.787     14.880    29.6906    29.6921   5.992579   5.992713     3.1563     2.6703     100.00   22.00302  -92.91502   -0.00111    0.00010         23  0.000e+00
     236514   9854.708     14.787     14.880    29.6909    29.6921   5.992627   5.992689     3.1563     2.6691     100.00   22.00302  -92.91502   -0.00110    0.00007         23  0.000e+00
     236515   9854.750     14.787     14.880    29.6906    29.6922   5.992643   5.992713     3.1575     2.6691     100.00   22.00302  -92.91502   -0.00105    0.00004         23  0.000e+00
     236516   9854.792     14.787     14.880    29.6909    29.6919   5.992643   5.992689     3.1575     2.6691     100.00   22.00302  -92.91502   -0.00100   -0.00000         23  0.000e+00
     236517   9854.833     14.787     14.880    29.6910    29.6919   5.992603   5.992681     3.1563     2.6691     100.00   22.00302  -92.91502   -0.00096   -0.00003         23  0.000e+00
     236518   9854.875     14.834     14.928    29.6907    29.6919   5.992627   5.992681     3.1563     2.6691     100.00   22.00302  -92.91502   -0.00092   -0.00006         23  0.000e+00
     236519   9854.917     14.733     14.826    29.6908    29.6919   5.992571   5.992681     3.1563     2.6691     100.00   22.00302  -92.91502   -0.00088   -0.00009         23  0.000e+00
     236520   9854.958     14.882     14.976    29.6909    29.6917   5.992579   5.992713     3.1563     2.6691     100.00   22.00302  -92.91502   -0.00084   -0.00012         23  0.000e+00
     236521   9855.000     14.787     14.880    29.6910    29.6919   5.992595   5.992729     3.1563     2.6691     100.00   22.00302  -92.91502   -0.00080   -0.00014         23  0.000e+00
     236522   9855.042     14.834     14.928    29.6907    29.6921   5.992627   5.992689     3.1563     2.6679     100.00   22.00302  -92.91502   -0.00078   -0.00019         23  0.000e+00
     236523   9855.083     14.787     14.880    29.6908    29.6919   5.992603   5.992640     3.1563     2.6691     100.00   22.00302  -92.91502   -0.00073   -0.00020         23  0.000e+00
     236524   9855.125     14.834     14.928    29.6907    29.6919   5.992555   5.992705     3.1551     2.6691     100.00   22.00302  -92.91502   -0.00072   -0.00022         23  0.000e+00
     236525   9855.167     14.787     14.880    29.6910    29.6921   5.992579   5.992729     3.1563     2.6691     100.00   22.00302  -92.91502   -0.00069   -0.00025         23  0.000e+00
     236526   9855.208     14.787     14.880    29.6911    29.6921   5.992627   5.992762     3.1563     2.6691     100.00   22.00302  -92.91502   -0.00066   -0.00027         23  0.000e+00
     236527   9855.250     14.882     14.976    29.6912    29.6921   5.992603   5.992705     3.1551     2.6691     100.00   22.00302  -92.91502   -0.00065   -0.00029         23  0.000e+00
     236528   9855.292     14.787     14.880    29.6914    29.6919   5.992699   5.992681     3.1563     2.6691     100.00   22.00302  -92.91502   -0.00062   -0.00032         23  0.000e+00
     236529   9855.333     14.834     14.928    29.6917    29.6921   5.992699   5.992713     3.1551     2.6691     100.00   22.00302  -92.91502   -0.00062   -0.00036         23  0.000e+00
     236530   9855.375     14.834     14.928    29.6914    29.6921   5.992691   5.992689     3.1551     2.6691     100.00   22.00302  -92.91502   -0.00062   -0.00038         23  0.000e+00
     236531   9855.417     14.787     14.880    29.6915    29.6919   5.992691   5.992640     3.1563     2.6691     100.00   22.00302  -92.91502   -0.00060   -0.00041         23  0.000e+00
     236532   9855.458     14.834     14.928    29.6916    29.6921   5.992651   5.992705     3.1551     2.6703     100.00   22.00302  -92.91502   -0.00060   -0.00041         23  0.000e+00
     236533   9855.500     14.834     14.928    29.6912    29.6921   5.992675   5.992729     3.1551     2.6703     100.00   22.00302  -92.91502   -0.00058   -0.00042         23  0.000e+00
     236534   9855.542     14.780     14.873    29.6914    29.6917   5.992651   5.992616     3.1551     2.6703     100.00   22.00302  -92.91502   -0.00058   -0.00042         23  0.000e+00
     236535   9855.583     14.834     14.928    29.6913    29.6917   5.992643   5.992656     3.1551     2.6703     100.00   22.00302  -92.91502   -0.00057   -0.00043         23  0.000e+00
     236536   9855.625     14.834     14.928    29.6912    29.6919   5.992603   5.992681     3.1563     2.6716     100.00   22.00302  -92.91502   -0.00057   -0.00042         23  0.000e+00
     236537   9855.667     14.834     14.928    29.6914    29.6919   5.992667   5.992681     3.1551     2.6716     100.00   22.00302  -92.91502   -0.00056   -0.00039         23  0.000e+00
     236538   9855.708     14.787     14.880    29.6912    29.6915   5.992691   5.992640     3.1563     2.6716     100.00   22.00302  -92.91502   -0.00054   -0.00036         23  0.000e+00
     236539   9855.750     14.834     14.928    29.6912    29.6917   5.992691   5.992632     3.1563     2.6716     100.00   22.00302  -92.91502   -0.00051   -0.00033         23  0.000e+00
     236540   9855.792     14.787     14.880    29.6915    29.6915   5.992651   5.992665     3.1563     2.6728     100.00   22.00302  -92.91502   -0.00048   -0.00028         23  0.000e+00
     236541   9855.833     14.834     14.928    29.6914    29.6917   5.992643   5.992640     3.1563     2.6728     100.00   22.00302  -92.91502   -0.00046   -0.00024         23  0.000e+00
     236542   9855.875     14.787     14.880    29.6915    29.6915   5.992715   5.992632     3.1563     2.6728     100.00   22.00302  -92.91502   -0.00043   -0.00019         23  0.000e+00
     236543   9855.917     14.834     14.928    29.6914    29.6915   5.992771   5.992632     3.1563     2.6728     100.00   22.00302  -92.91502   -0.00042   -0.00015         23  0.000e+00
     236544   9855.958     14.787     14.880    29.6915    29.6915   5.992747   5.992632     3.1563     2.6728     100.00   22.00302  -92.91502   -0.00041   -0.00010         23  0.000e+00
     236545   9856.000     14.787     14.880    29.6916    29.6913   5.992739   5.992592     3.1563     2.6728     100.00   22.00302  -92.91502   -0.00038   -0.00006         23  0.000e+00
     236546   9856.042     14.834     14.928    29.6919    29.6915   5.992779   5.992616     3.1575     2.6740     100.00   22.00302  -92.91502   -0.00033    0.00001         23  0.000e+00
     236547   9856.083     14.787     14.880    29.6922    29.6915   5.992867   5.992632     3.1575     2.6728     100.00   22.00302  -92.91502   -0.00029    0.00005         23  0.000e+00
     236548   9856.125     14.828     14.921    29.6925    29.6913   5.992963   5.992632     3.1575     2.6740     100.00   22.00302  -92.91502   -0.00026    0.00011         23  0.000e+00
     236549   9856.167     14.787     14.880    29.6929    29.6913   5.992947   5.992592     3.1575     2.6740     100.00   22.00302  -92.91502   -0.00021    0.00017         23  0.000e+00
     236550   9856.208     14.787     14.880    29.6930    29.6913   5.992971   5.992583     3.1575     2.6728     100.00   22.00302  -92.91502   -0.00016    0.00021         23  0.000e+00
     236551   9856.250     14.787     14.880    29.6935    29.6911   5.993019   5.992616     3.1575     2.6728     100.00   22.00302  -92.91502   -0.00011    0.00025         23  0.000e+00
     236552   9856.292     14.787     14.880    29.6935    29.6911   5.993067   5.992592     3.1575     2.6728     100.00   22.00302  -92.91502   -0.00008    0.00030         23  0.000e+00
     236553   9856.333     14.787     14.880    29.6936    29.6911   5.993083   5.992583     3.1587     2.6728     100.00   22.00302  -92.91502   -0.00003    0.00034         23  0.000e+00
     236554   9856.375     14.787     14.880    29.6932    29.6907   5.993011   5.992616     3.1587     2.6728     100.00   22.00302  -92.91502    0.00003    0.00038         23  0.000e+00
     236555   9856.417     14.733     14.826    29.6931    29.6911   5.992947   5.992632     3.1587     2.6716     100.00   22.00302  -92.91502    0.00010    0.00040         23  0.000e+00
     236556   9856.458     14.787     14.880    29.6932    29.6909   5.992939   5.992592     3.1587     2.6716     100.00   22.00302  -92.91502    0.00015    0.00042         23  0.000e+00
     236557   9856.500     14.733     14.826    29.6923    29.6911   5.992819   5.992543     3.1587     2.6716     100.00   22.00302  -92.91502    0.00019    0.00045         23  0.000e+00
     236558   9856.542     14.787     14.880    29.6921    29.6909   5.992747   5.992567     3.1587     2.6716     100.00   22.00302  -92.91502    0.00024    0.00047         23  0.000e+00
     236559   9856.583     14.733     14.826    29.6914    29.6909   5.992699   5.992583     3.1587     2.6703     100.00   22.00302  -92.91502    0.00029    0.00046         23  0.000e+00
