Gulf of Mexico/GOMECC-4/1db/rb2103_1101.ros
* Sea-Bird SBE 9 Data File:
* FileName = C:\Users\scs.user.rb\CTD\GOMECC4\data\rb2103_1101.hex
* Software Version Seasave V 7.26.7.107
* Temperature SN = 4799
* Conductivity SN = 3860
* Number of Bytes Per Scan = 41
* Number of Voltage Words = 4
* Number of Scans Averaged by the Deck Unit = 1
* NMEA Latitude = 22 32.38 N
* NMEA Longitude = 086 36.68 W
* NMEA UTC (Time) = Oct 15 2021  05:55:57
* NMEA baud rate = 4800
# nquan = 17
# nvalues = 1862                                  
# units = specified
# name 0 = scan: Scan Count
# name 1 = timeS: Time, Elapsed [seconds]
# name 2 = depSM: Depth [salt water, m]
# name 3 = prDM: Pressure, Digiquartz [db]
# name 4 = t090C: Temperature [ITS-90, deg C]
# name 5 = t190C: Temperature, 2 [ITS-90, deg C]
# name 6 = c0S/m: Conductivity [S/m]
# name 7 = c1S/m: Conductivity, 2 [S/m]
# name 8 = sbeox0V: Oxygen raw, SBE 43 [V]
# name 9 = sbeox1V: Oxygen raw, SBE 43, 2 [V]
# name 10 = altM: Altimeter [m]
# name 11 = latitude: Latitude [deg]
# name 12 = longitude: Longitude [deg]
# name 13 = sbox0dV/dT: Oxygen, SBE 43 [dov/dt]
# name 14 = sbox1dV/dT: Oxygen, SBE 43, 2 [dov/dt]
# name 15 = nbf: Bottles Fired
# name 16 = flag:  0.000e+00
# interval = seconds: 0.0416667
# start_time = Oct 15 2021 05:55:57 [NMEA time, header]
# bad_flag = -9.990e-29
*END*
[from data line 1362]
      55756   2323.125     29.828     30.018    28.6750    28.6845   5.878781   5.879759     3.1074     2.6276     100.00   22.56004  -86.62018   -0.00087    0.00112         11  0.000e+00
      55757   2323.167     29.842     30.032    28.6763    28.6855   5.878805   5.879815     3.1074     2.6276     100.00   22.56004  -86.62018   -0.00090    0.00114         11  0.000e+00
      55758   2323.208     29.781     29.971    28.6767    28.6866   5.878948   5.879880     3.1074     2.6276     100.00   22.56004  -86.62018   -0.00093    0.00116         11  0.000e+00
      55759   2323.250     29.842     30.032    28.6770    28.6873   5.878884   5.879952     3.1087     2.6276     100.00   22.56004  -86.62018   -0.00095    0.00116         11  0.000e+00
      55760   2323.292     29.781     29.971    28.6770    28.6890   5.878781   5.880008     3.1087     2.6276     100.00   22.56004  -86.62018   -0.00097    0.00116         11  0.000e+00
      55761   2323.333     29.842     30.032    28.6771    28.6914   5.878757   5.880129     3.1074     2.6264     100.00   22.56004  -86.62018   -0.00098    0.00114         11  0.000e+00
      55762   2323.375     29.828     30.019    28.6752    28.6927   5.878575   5.880274     3.1087     2.6276     100.00   22.56004  -86.62018   -0.00098    0.00112         11  0.000e+00
      55763   2323.417     29.795     29.985    28.6715    28.6927   5.878257   5.880346     3.1087     2.6276     100.00   22.56004  -86.62018   -0.00098    0.00110         11  0.000e+00
      55764   2323.458     29.828     30.019    28.6675    28.6921   5.877995   5.880322     3.1087     2.6264     100.00   22.56004  -86.62018   -0.00097    0.00106         11  0.000e+00
      55765   2323.500     29.828     30.019    28.6655    28.6905   5.877940   5.880274     3.1087     2.6264     100.00   22.56004  -86.62018   -0.00097    0.00101         11  0.000e+00
      55766   2323.542     29.795     29.985    28.6669    28.6884   5.878186   5.880121     3.1087     2.6264     100.00   22.56004  -86.62018   -0.00095    0.00097         11  0.000e+00
      55767   2323.583     29.829     30.019    28.6695    28.6861   5.878273   5.880033     3.1087     2.6264     100.00   22.56004  -86.62018   -0.00095    0.00091         11  0.000e+00
      55768   2323.625     29.795     29.985    28.6697    28.6855   5.878233   5.879984     3.1087     2.6264     100.00   22.56004  -86.62018   -0.00095    0.00086         11  0.000e+00
      55769   2323.667     29.829     30.019    28.6708    28.6866   5.878376   5.880049     3.1099     2.6276     100.00   22.56004  -86.62018   -0.00091    0.00082         11  0.000e+00
      55770   2323.708     29.795     29.985    28.6719    28.6903   5.878559   5.880218     3.1099     2.6276     100.00   22.56004  -86.62018   -0.00087    0.00077         11  0.000e+00
      55771   2323.750     29.829     30.019    28.6730    28.6934   5.878535   5.880370     3.1099     2.6276     100.00   22.56004  -86.62018   -0.00083    0.00073         11  0.000e+00
      55772   2323.792     29.795     29.985    28.6726    28.6936   5.878440   5.880483     3.1099     2.6276     100.00   22.56006  -86.62020   -0.00078    0.00069         11  0.000e+00
      55773   2323.833     29.829     30.019    28.6714    28.6905   5.878384   5.880177     3.1099     2.6276     100.00   22.56006  -86.62020   -0.00074    0.00064         11  0.000e+00
      55774   2323.875     29.795     29.985    28.6689    28.6853   5.878329   5.879558     3.1099     2.6276     100.00   22.56006  -86.62020   -0.00070    0.00060         11  0.000e+00
      55775   2323.917     29.829     30.019    28.6693    28.6794   5.878392   5.879027     3.1099     2.6276     100.00   22.56006  -86.62020   -0.00065    0.00055         11  0.000e+00
      55776   2323.958     29.842     30.033    28.6686    28.6742   5.878345   5.878657     3.1099     2.6288     100.00   22.56006  -86.62020   -0.00061    0.00052         11  0.000e+00
      55777   2324.000     29.781     29.971    28.6697    28.6729   5.878360   5.878609     3.1099     2.6288     100.00   22.56006  -86.62020   -0.00057    0.00049         11  0.000e+00
      55778   2324.042     29.842     30.033    28.6712    28.6736   5.878440   5.878697     3.1111     2.6288     100.00   22.56006  -86.62020   -0.00050    0.00045         11  0.000e+00
      55779   2324.083     29.782     29.971    28.6715    28.6758   5.878464   5.878826     3.1111     2.6288     100.00   22.56006  -86.62020   -0.00042    0.00042         11  0.000e+00
      55780   2324.125     29.795     29.985    28.6734    28.6788   5.878567   5.879043     3.1111     2.6288     100.00   22.56006  -86.62020   -0.00035    0.00038         11  0.000e+00
      55781   2324.167     29.829     30.019    28.6758    28.6803   5.878749   5.879212     3.1111     2.6288     100.00   22.56006  -86.62020   -0.00029    0.00036         11  0.000e+00
      55782   2324.208     29.795     29.985    28.6769    28.6785   5.878876   5.879107     3.1111     2.6288     100.00   22.56006  -86.62020   -0.00022    0.00034         11  0.000e+00
      55783   2324.250     29.829     30.019    28.6772    28.6773   5.878900   5.878914     3.1111     2.6288     100.00   22.56006  -86.62020   -0.00015    0.00032         11  0.000e+00
      55784   2324.292     29.795     29.985    28.6759    28.6758   5.878829   5.878826     3.1111     2.6288     100.00   22.56006  -86.62020   -0.00008    0.00030         11  0.000e+00
      55785   2324.333     29.829     30.019    28.6765    28.6735   5.878908   5.878746     3.1111     2.6288     100.00   22.56006  -86.62020   -0.00002    0.00027         11  0.000e+00
      55786   2324.375     29.782     29.972    28.6769    28.6703   5.878916   5.878504     3.1099     2.6288     100.00   22.56006  -86.62020    0.00004    0.00027         11  0.000e+00
      55787   2324.417     29.843     30.033    28.6774    28.6675   5.878900   5.878327     3.1099     2.6276     100.00   22.56006  -86.62020    0.00009    0.00024         11  0.000e+00
      55788   2324.458     29.782     29.972    28.6774    28.6662   5.878860   5.878223     3.1111     2.6276     100.00   22.56006  -86.62020    0.00015    0.00021         11  0.000e+00
      55789   2324.500     29.843     30.033    28.6772    28.6651   5.878852   5.878126     3.1099     2.6276     100.00   22.56006  -86.62020    0.00018    0.00019         11  0.000e+00
      55790   2324.542     29.829     30.020    28.6765    28.6705   5.878924   5.878351     3.1099     2.6276     100.00   22.56006  -86.62020    0.00024    0.00016         11  0.000e+00
      55791   2324.583     29.795     29.985    28.6769    28.6764   5.878765   5.878609     3.1099     2.6276     100.00   22.56006  -86.62020    0.00030    0.00013         11  0.000e+00
      55792   2324.625     29.829     30.020    28.6732    28.6805   5.878416   5.878794     3.1099     2.6264     100.00   22.56006  -86.62020    0.00035    0.00009         11  0.000e+00
      55793   2324.667     29.843     30.033    28.6704    28.6823   5.878210   5.878930     3.1099     2.6264     100.00   22.56006  -86.62020    0.00039    0.00005         11  0.000e+00
      55794   2324.708     29.782     29.972    28.6706    28.6808   5.878249   5.878963     3.1099     2.6252     100.00   22.56006  -86.62020    0.00045   -0.00002         11  0.000e+00
      55795   2324.750     29.843     30.033    28.6710    28.6800   5.878273   5.879035     3.1111     2.6252     100.00   22.56006  -86.62020    0.00052   -0.00008         11  0.000e+00
      55796   2324.792     29.829     30.020    28.6695    28.6775   5.878091   5.879019     3.1111     2.6252     100.00   22.56006  -86.62020    0.00060   -0.00014         11  0.000e+00
      55797   2324.833     29.796     29.986    28.6675    28.6723   5.877845   5.878754     3.1099     2.6252     100.00   22.56006  -86.62020    0.00064   -0.00020         11  0.000e+00
      55798   2324.875     29.829     30.020    28.6657    28.6686   5.877765   5.878561     3.1099     2.6252     100.00   22.56006  -86.62020    0.00068   -0.00024         11  0.000e+00
      55799   2324.917     29.843     30.033    28.6673    28.6673   5.877964   5.878601     3.1099     2.6252     100.00   22.56006  -86.62020    0.00073   -0.00029         11  0.000e+00
      55800   2324.958     29.830     30.020    28.6723    28.6691   5.878352   5.878802     3.1111     2.6252     100.00   22.56006  -86.62020    0.00079   -0.00033         11  0.000e+00
      55801   2325.000     29.796     29.986    28.6732    28.6719   5.878646   5.878971     3.1099     2.6252     100.00   22.56006  -86.62020    0.00083   -0.00037         11  0.000e+00
      55802   2325.042     29.877     30.068    28.6702    28.6731   5.878416   5.878939     3.1111     2.6252     100.00   22.56006  -86.62020    0.00089   -0.00041         11  0.000e+00
      55803   2325.083     29.843     30.034    28.6701    28.6708   5.878249   5.878585     3.1099     2.6252     100.00   22.56006  -86.62020    0.00093   -0.00045         11  0.000e+00
      55804   2325.125     29.782     29.972    28.6724    28.6680   5.878400   5.878158     3.1111     2.6252     100.00   22.56006  -86.62020    0.00098   -0.00049         11  0.000e+00
      55805   2325.167     29.843     30.034    28.6752    28.6656   5.878749   5.877869     3.1099     2.6252     100.00   22.56006  -86.62020    0.00102   -0.00051         11  0.000e+00
      55806   2325.208     29.830     30.020    28.6789    28.6640   5.879138   5.877917     3.1099     2.6252     100.00   22.56006  -86.62020    0.00104   -0.00053         11  0.000e+00
      55807   2325.250     29.877     30.068    28.6820    28.6679   5.879344   5.878247     3.1099     2.6252     100.00   22.56006  -86.62020    0.00108   -0.00054         11  0.000e+00
      55808   2325.292     29.843     30.034    28.6831    28.6667   5.879416   5.878158     3.1099     2.6264     100.00   22.56006  -86.62020    0.00110   -0.00054         11  0.000e+00
      55809   2325.333     29.830     30.020    28.6835    28.6631   5.879463   5.877845     3.1099     2.6264     100.00   22.56006  -86.62020    0.00112   -0.00054         11  0.000e+00
      55810   2325.375     29.843     30.034    28.6838    28.6621   5.879551   5.877724     3.1099     2.6264     100.00   22.56006  -86.62020    0.00112   -0.00054         11  0.000e+00
      55811   2325.417     29.830     30.020    28.6844    28.6616   5.879535   5.877676     3.1111     2.6264     100.00   22.56006  -86.62020    0.00114   -0.00054         11  0.000e+00
      55812   2325.458     29.843     30.034    28.6846    28.6597   5.879598   5.877628     3.1111     2.6264     100.00   22.56006  -86.62020    0.00116   -0.00054         11  0.000e+00
      55813   2325.500     29.877     30.068    28.6847    28.6570   5.879583   5.877145     3.1111     2.6264     100.00   22.56006  -86.62020    0.00118   -0.00053         11  0.000e+00
      55814   2325.542     29.843     30.034    28.6851    28.6527   5.879614   5.876767     3.1111     2.6264     100.00   22.56006  -86.62020    0.00119   -0.00053         11  0.000e+00
      55815   2325.583     29.877     30.068    28.6846    28.6485   5.879551   5.876453     3.1123     2.6276     100.00   22.56006  -86.62020    0.00122   -0.00050         11  0.000e+00
      55816   2325.625     29.796     29.986    28.6847    28.6479   5.879559   5.876518     3.1111     2.6264     100.00   22.56006  -86.62020    0.00124   -0.00052         11  0.000e+00
      55817   2325.667     29.932     30.122    28.6844    28.6511   5.879575   5.876952     3.1111     2.6276     100.00   22.56006  -86.62020    0.00125   -0.00051         11  0.000e+00
      55818   2325.708     29.844     30.034    28.6844    28.6562   5.879575   5.877410     3.1111     2.6276     100.00   22.56006  -86.62020    0.00126   -0.00051         11  0.000e+00
      55819   2325.750     29.877     30.068    28.6844    28.6632   5.879575   5.877957     3.1111     2.6276     100.00   22.56006  -86.62020    0.00127   -0.00050         11  0.000e+00
      55820   2325.792     29.844     30.034    28.6844    28.6701   5.879535   5.878601     3.1111     2.6276     100.00   22.56008  -86.62020    0.00128   -0.00049         11  0.000e+00
      55821   2325.833     29.877     30.068    28.6842    28.6745   5.879567   5.879059     3.1111     2.6288     100.00   22.56008  -86.62020    0.00129   -0.00049         11  0.000e+00
      55822   2325.875     29.844     30.034    28.6840    28.6790   5.879535   5.879421     3.1111     2.6276     100.00   22.56008  -86.62020    0.00129   -0.00050         11  0.000e+00
      55823   2325.917     29.830     30.020    28.6838    28.6816   5.879527   5.879638     3.1111     2.6276     100.00   22.56008  -86.62020    0.00130   -0.00050         11  0.000e+00
      55824   2325.958     29.898     30.089    28.6841    28.6837   5.879527   5.879791     3.1111     2.6276     100.00   22.56008  -86.62020    0.00131   -0.00051         11  0.000e+00
      55825   2326.000     29.878     30.068    28.6844    28.6845   5.879567   5.879864     3.1111     2.6288     100.00   22.56008  -86.62020    0.00131   -0.00051         11  0.000e+00
      55826   2326.042     29.796     29.986    28.6849    28.6855   5.879678   5.880057     3.1123     2.6288     100.00   22.56008  -86.62020    0.00131   -0.00050         11  0.000e+00
      55827   2326.083     29.979     30.170    28.6867    28.6876   5.879860   5.880153     3.1111     2.6288     100.00   22.56008  -86.62020    0.00129   -0.00048         11  0.000e+00
      55828   2326.125     29.878     30.068    28.6881    28.6892   5.879868   5.880242     3.1111     2.6288     100.00   22.56008  -86.62020    0.00128   -0.00046         11  0.000e+00
      55829   2326.167     29.844     30.034    28.6867    28.6899   5.879686   5.880266     3.1111     2.6276     100.00   22.56008  -86.62020    0.00126   -0.00046         11  0.000e+00
      55830   2326.208     29.830     30.021    28.6849    28.6906   5.879582   5.880266     3.1111     2.6276     100.00   22.56008  -86.62020    0.00124   -0.00046         11  0.000e+00
      55831   2326.250     29.945     30.136    28.6846    28.6903   5.879535   5.880266     3.1111     2.6288     100.00   22.56008  -86.62020    0.00121   -0.00044         11  0.000e+00
      55832   2326.292     29.830     30.021    28.6840    28.6901   5.879567   5.880266     3.1111     2.6288     100.00   22.56008  -86.62020    0.00119   -0.00042         11  0.000e+00
      55833   2326.333     29.898     30.089    28.6838    28.6901   5.879575   5.880266     3.1111     2.6288     100.00   22.56008  -86.62020    0.00116   -0.00038         11  0.000e+00
      55834   2326.375     29.878     30.068    28.6847    28.6907   5.879678   5.880298     3.1123     2.6288     100.00   22.56008  -86.62020    0.00115   -0.00036         11  0.000e+00
      55835   2326.417     29.844     30.034    28.6864    28.6912   5.879821   5.880282     3.1123     2.6288     100.00   22.56008  -86.62020    0.00114   -0.00033         11  0.000e+00
      55836   2326.458     29.878     30.069    28.6886    28.6912   5.880003   5.880338     3.1123     2.6276     100.00   22.56008  -86.62020    0.00115   -0.00031         11  0.000e+00
      55837   2326.500     29.844     30.034    28.6904    28.6903   5.880233   5.880250     3.1111     2.6276     100.00   22.56008  -86.62020    0.00113   -0.00029         11  0.000e+00
      55838   2326.542     29.878     30.069    28.6908    28.6892   5.880225   5.880145     3.1111     2.6276     100.00   22.56008  -86.62020    0.00112   -0.00027         11  0.000e+00
      55839   2326.583     29.898     30.089    28.6867    28.6882   5.879765   5.880081     3.1123     2.6276     100.00   22.56008  -86.62020    0.00110   -0.00025         11  0.000e+00
