Gulf of Mexico/GOMECC-4/1db/rb2103_0641.ros
* Sea-Bird SBE 9 Data File:
* FileName = C:\Users\scs.user.rb\CTD\GOMECC4\data\rb2103_0641.hex
* Software Version Seasave V 7.26.7.107
* Temperature SN = 4799
* Conductivity SN = 3860
* Number of Bytes Per Scan = 41
* Number of Voltage Words = 4
* Number of Scans Averaged by the Deck Unit = 1
* NMEA Latitude = 26 03.63 N
* NMEA Longitude = 096 34.10 W
* NMEA UTC (Time) = Oct 02 2021  05:28:55
* NMEA baud rate = 4800
# nquan = 17
# nvalues = 798                                   
# units = specified
# name 0 = scan: Scan Count
# name 1 = timeS: Time, Elapsed [seconds]
# name 2 = depSM: Depth [salt water, m]
# name 3 = prDM: Pressure, Digiquartz [db]
# name 4 = t090C: Temperature [ITS-90, deg C]
# name 5 = t190C: Temperature, 2 [ITS-90, deg C]
# name 6 = c0S/m: Conductivity [S/m]
# name 7 = c1S/m: Conductivity, 2 [S/m]
# name 8 = sbeox0V: Oxygen raw, SBE 43 [V]
# name 9 = sbeox1V: Oxygen raw, SBE 43, 2 [V]
# name 10 = altM: Altimeter [m]
# name 11 = latitude: Latitude [deg]
# name 12 = longitude: Longitude [deg]
# name 13 = sbox0dV/dT: Oxygen, SBE 43 [dov/dt]
# name 14 = sbox1dV/dT: Oxygen, SBE 43, 2 [dov/dt]
# name 15 = nbf: Bottles Fired
# name 16 = flag:  0.000e+00
# interval = seconds: 0.0416667
# start_time = Oct 02 2021 05:28:55 [NMEA time, header]
# bad_flag = -9.990e-29
*END*
[from data line 86]
      18850    785.375     52.908     53.261    23.9073    23.9187   5.361458   5.362569     3.0574     2.6081       5.08   26.06096  -96.56840    0.00030   -0.00059          1  0.000e+00
      18851    785.417     52.827     53.179    23.9099    23.9298   5.361725   5.363319     3.0586     2.6081       5.08   26.06096  -96.56840    0.00025   -0.00076          1  0.000e+00
      18852    785.458     52.806     53.159    23.9155    23.9365   5.362328   5.363977     3.0586     2.6068       5.08   26.06096  -96.56840    0.00019   -0.00094          1  0.000e+00
      18853    785.500     52.806     53.159    23.9254    23.9371   5.363175   5.364132     3.0574     2.6068       5.08   26.06096  -96.56840    0.00011   -0.00112          1  0.000e+00
      18854    785.542     52.860     53.213    23.9321    23.9329   5.363862   5.363869     3.0574     2.6081       5.08   26.06096  -96.56840    0.00004   -0.00128          1  0.000e+00
      18855    785.583     52.759     53.111    23.9353    23.9268   5.364220   5.363544     3.0574     2.6068       5.08   26.06096  -96.56840   -0.00002   -0.00144          1  0.000e+00
      18856    785.625     52.806     53.159    23.9366    23.9220   5.364427   5.363304     3.0574     2.6081       5.08   26.06096  -96.56840   -0.00008   -0.00158          1  0.000e+00
      18857    785.667     52.759     53.111    23.9393    23.9182   5.364633   5.363142     3.0574     2.6068       5.08   26.06096  -96.56840   -0.00014   -0.00174          1  0.000e+00
      18858    785.708     52.806     53.159    23.9400    23.9171   5.364724   5.363010     3.0574     2.6081       5.08   26.06096  -96.56840   -0.00020   -0.00187          1  0.000e+00
      18859    785.750     52.759     53.111    23.9405    23.9187   5.364800   5.363180     3.0574     2.6081       5.08   26.06096  -96.56840   -0.00026   -0.00199          1  0.000e+00
      18860    785.792     52.759     53.111    23.9426    23.9250   5.364984   5.363544     3.0574     2.6081       5.08   26.06098  -96.56840   -0.00030   -0.00211          1  0.000e+00
      18861    785.833     52.759     53.111    23.9429    23.9284   5.364945   5.363807     3.0574     2.6081       5.08   26.06098  -96.56840   -0.00035   -0.00223          1  0.000e+00
      18862    785.875     52.711     53.063    23.9431    23.9287   5.364945   5.363729     3.0574     2.6081       5.08   26.06098  -96.56840   -0.00041   -0.00235          1  0.000e+00
      18863    785.917     52.759     53.111    23.9439    23.9279   5.364923   5.363722     3.0574     2.6081       5.08   26.06098  -96.56840   -0.00047   -0.00245          1  0.000e+00
      18864    785.958     52.725     53.077    23.9429    23.9283   5.365007   5.363737     3.0586     2.6081       5.08   26.06098  -96.56840   -0.00049   -0.00255          1  0.000e+00
      18865    786.000     52.759     53.111    23.9408    23.9291   5.364877   5.363869     3.0574     2.6093       5.08   26.06098  -96.56840   -0.00055   -0.00263          1  0.000e+00
      18866    786.042     52.711     53.063    23.9394    23.9340   5.364755   5.364077     3.0574     2.6093       5.08   26.06098  -96.56840   -0.00059   -0.00269          1  0.000e+00
      18867    786.083     52.711     53.063    23.9377    23.9382   5.364732   5.364000     3.0586     2.6093       5.08   26.06098  -96.56840   -0.00062   -0.00275          1  0.000e+00
      18868    786.125     52.711     53.063    23.9368    23.9380   5.364801   5.364395     3.0574     2.6093       5.10   26.06098  -96.56840   -0.00066   -0.00281          1  0.000e+00
      18869    786.167     52.711     53.063    23.9353    23.9367   5.364724   5.364565     3.0574     2.6093       5.23   26.06098  -96.56840   -0.00070   -0.00287          1  0.000e+00
      18870    786.208     52.711     53.063    23.9323    23.9356   5.364556   5.364603     3.0586     2.6105       5.27   26.06098  -96.56840   -0.00072   -0.00289          1  0.000e+00
      18871    786.250     52.711     53.063    23.9332    23.9340   5.364541   5.364588     3.0574     2.6105       5.27   26.06098  -96.56840   -0.00076   -0.00291          1  0.000e+00
      18872    786.292     52.711     53.063    23.9319    23.9330   5.364518   5.364542     3.0586     2.6117       5.27   26.06098  -96.56840   -0.00078   -0.00291          1  0.000e+00
      18873    786.333     52.711     53.063    23.9346    23.9320   5.364510   5.364464     3.0586     2.6117       5.27   26.06098  -96.56840   -0.00080   -0.00289          1  0.000e+00
      18874    786.375     52.657     53.009    23.9353    23.9320   5.364541   5.364472     3.0586     2.6129       5.27   26.06098  -96.56840   -0.00082   -0.00285          1  0.000e+00
      18875    786.417     52.711     53.063    23.9348    23.9325   5.364686   5.364526     3.0586     2.6129       5.25   26.06098  -96.56840   -0.00085   -0.00282          1  0.000e+00
      18876    786.458     52.657     53.009    23.9348    23.9351   5.364663   5.364603     3.0586     2.6129       5.25   26.06098  -96.56840   -0.00087   -0.00278          1  0.000e+00
      18877    786.500     52.725     53.077    23.9352    23.9380   5.364541   5.364650     3.0586     2.6129       5.25   26.06098  -96.56840   -0.00089   -0.00274          1  0.000e+00
      18878    786.542     52.657     53.009    23.9348    23.9386   5.364373   5.364596     3.0598     2.6129       5.27   26.06098  -96.56840   -0.00088   -0.00268          1  0.000e+00
      18879    786.583     52.711     53.063    23.9335    23.9373   5.364167   5.364542     3.0598     2.6129       5.27   26.06098  -96.56840   -0.00086   -0.00262          1  0.000e+00
      18880    786.625     52.711     53.063    23.9298    23.9349   5.363946   5.364402     3.0598     2.6129       5.27   26.06098  -96.56840   -0.00085   -0.00256          1  0.000e+00
      18881    786.667     52.657     53.008    23.9277    23.9329   5.363755   5.364294     3.0598     2.6142       5.27   26.06098  -96.56840   -0.00084   -0.00247          1  0.000e+00
      18882    786.708     52.711     53.063    23.9252    23.9290   5.363610   5.364232     3.0598     2.6142       5.27   26.06098  -96.56840   -0.00082   -0.00239          1  0.000e+00
      18883    786.750     52.711     53.063    23.9219    23.9250   5.363473   5.364085     3.0598     2.6142       5.27   26.06098  -96.56840   -0.00081   -0.00231          1  0.000e+00
      18884    786.792     52.711     53.063    23.9212    23.9255   5.363442   5.364078     3.0598     2.6142       5.25   26.06096  -96.56840   -0.00080   -0.00223          1  0.000e+00
      18885    786.833     52.711     53.063    23.9229    23.9255   5.363511   5.364163     3.0598     2.6142       5.27   26.06096  -96.56840   -0.00078   -0.00214          1  0.000e+00
      18886    786.875     52.711     53.063    23.9260    23.9241   5.363602   5.364139     3.0611     2.6142       5.27   26.06096  -96.56840   -0.00073   -0.00206          1  0.000e+00
      18887    786.917     52.711     53.063    23.9289    23.9241   5.363686   5.364170     3.0598     2.6142       5.27   26.06096  -96.56840   -0.00072   -0.00197          1  0.000e+00
      18888    786.958     52.711     53.063    23.9293    23.9250   5.363740   5.364139     3.0611     2.6142       5.25   26.06096  -96.56840   -0.00067   -0.00188          1  0.000e+00
      18889    787.000     52.711     53.063    23.9259    23.9260   5.363618   5.364132     3.0611     2.6154       5.27   26.06096  -96.56840   -0.00062   -0.00177          1  0.000e+00
      18890    787.042     52.758     53.111    23.9222    23.9268   5.363541   5.364232     3.0598     2.6154       5.25   26.06096  -96.56840   -0.00059   -0.00167          1  0.000e+00
      18891    787.083     52.677     53.029    23.9214    23.9272   5.363495   5.364271     3.0598     2.6154       5.27   26.06096  -96.56840   -0.00058   -0.00156          1  0.000e+00
      18892    787.125     52.758     53.111    23.9221    23.9281   5.363419   5.364201     3.0611     2.6142       5.27   26.06096  -96.56840   -0.00053   -0.00147          1  0.000e+00
      18893    787.167     52.758     53.110    23.9225    23.9302   5.363160   5.364279     3.0611     2.6154       5.25   26.06096  -96.56840   -0.00048   -0.00136          1  0.000e+00
      18894    787.208     52.758     53.110    23.9205    23.9315   5.362847   5.364279     3.0611     2.6154       5.27   26.06096  -96.56840   -0.00043   -0.00125          1  0.000e+00
      18895    787.250     52.711     53.063    23.9190    23.9313   5.362709   5.364062     3.0611     2.6154       5.27   26.06096  -96.56840   -0.00038   -0.00114          1  0.000e+00
      18896    787.292     52.758     53.110    23.9175    23.9284   5.362717   5.363729     3.0611     2.6154       5.27   26.06096  -96.56840   -0.00033   -0.00102          1  0.000e+00
      21437    893.167     39.495     39.757    27.2672    27.2395   5.699528   5.697318     3.3077     2.8278      18.34   26.06108  -96.56840   -0.00205   -0.00034          2  0.000e+00
      21438    893.208     39.244     39.505    27.2685    27.2435   5.699481   5.697596     3.3089     2.8291      18.34   26.06108  -96.56840   -0.00200   -0.00033          2  0.000e+00
      21439    893.250     39.312     39.573    27.2679    27.2457   5.699473   5.698517     3.3089     2.8278      18.34   26.06108  -96.56840   -0.00193   -0.00034          2  0.000e+00
      21440    893.292     39.346     39.608    27.2693    27.2558   5.699708   5.700350     3.3077     2.8278      18.34   26.06108  -96.56840   -0.00189   -0.00033          2  0.000e+00
      21441    893.333     39.346     39.608    27.2721    27.2699   5.699998   5.701890     3.3089     2.8278      18.34   26.06108  -96.56840   -0.00182   -0.00032          2  0.000e+00
      21442    893.375     39.393     39.655    27.2751    27.2859   5.700186   5.703042     3.3077     2.8278      18.34   26.06108  -96.56840   -0.00177   -0.00031          2  0.000e+00
      21443    893.417     39.366     39.628    27.2753    27.3005   5.700210   5.703550     3.3089     2.8278      18.34   26.06108  -96.56840   -0.00169   -0.00028          2  0.000e+00
      21444    893.458     39.346     39.608    27.2755    27.3040   5.700186   5.703700     3.3077     2.8278      18.34   26.06108  -96.56840   -0.00164   -0.00025          2  0.000e+00
      21445    893.500     39.346     39.608    27.2763    27.3076   5.700202   5.703581     3.3077     2.8278      18.34   26.06108  -96.56840   -0.00156   -0.00020          2  0.000e+00
      21446    893.542     39.346     39.607    27.2790    27.3061   5.700186   5.703152     3.3089     2.8278      18.34   26.06108  -96.56840   -0.00147   -0.00015          2  0.000e+00
      21447    893.583     39.366     39.628    27.2795    27.3027   5.700162   5.702668     3.3077     2.8278      18.34   26.06108  -96.56840   -0.00139   -0.00008          2  0.000e+00
      21448    893.625     39.346     39.607    27.2792    27.2992   5.700162   5.702382     3.3077     2.8278      18.34   26.06108  -96.56840   -0.00131   -0.00003          2  0.000e+00
      21449    893.667     39.292     39.553    27.2788    27.2965   5.700178   5.702351     3.3077     2.8278      18.34   26.06108  -96.56840   -0.00123    0.00005          2  0.000e+00
      21450    893.708     39.346     39.607    27.2788    27.2980   5.700272   5.702295     3.3077     2.8278      18.34   26.06108  -96.56840   -0.00116    0.00010          2  0.000e+00
      21451    893.750     39.312     39.573    27.2782    27.2987   5.700491   5.702200     3.3077     2.8291      18.34   26.06108  -96.56840   -0.00107    0.00018          2  0.000e+00
      21452    893.792     39.346     39.607    27.2798    27.2956   5.700750   5.702216     3.3077     2.8291      18.34   26.06108  -96.56840   -0.00100    0.00027          2  0.000e+00
      21453    893.833     39.292     39.553    27.2821    27.2917   5.700977   5.702112     3.3089     2.8291      18.34   26.06108  -96.56840   -0.00091    0.00035          2  0.000e+00
      21454    893.875     39.346     39.607    27.2830    27.2899   5.701048   5.702128     3.3077     2.8291      18.34   26.06108  -96.56840   -0.00084    0.00043          2  0.000e+00
      21455    893.917     39.265     39.526    27.2810    27.2923   5.701055   5.702073     3.3077     2.8291      18.34   26.06108  -96.56840   -0.00076    0.00051          2  0.000e+00
      21456    893.958     39.346     39.607    27.2822    27.2941   5.701001   5.701898     3.3077     2.8291      18.34   26.06108  -96.56840   -0.00068    0.00059          2  0.000e+00
      21457    894.000     39.292     39.553    27.2834    27.2928   5.700961   5.701819     3.3077     2.8291      18.36   26.06108  -96.56840   -0.00060    0.00066          2  0.000e+00
      21458    894.042     39.292     39.553    27.2846    27.2928   5.700977   5.701834     3.3077     2.8291      18.34   26.06108  -96.56840   -0.00052    0.00072          2  0.000e+00
      21459    894.083     39.312     39.573    27.2846    27.2940   5.701071   5.701961     3.3077     2.8291      18.34   26.06108  -96.56840   -0.00044    0.00079          2  0.000e+00
      21460    894.125     39.292     39.553    27.2846    27.2952   5.701008   5.702200     3.3077     2.8291      18.36   26.06108  -96.56840   -0.00037    0.00084          2  0.000e+00
      21461    894.167     39.292     39.553    27.2840    27.2958   5.700820   5.702382     3.3089     2.8291      18.39   26.06108  -96.56840   -0.00028    0.00088          2  0.000e+00
      21462    894.208     39.244     39.505    27.2819    27.2959   5.700554   5.702414     3.3089     2.8291      18.44   26.06108  -96.56840   -0.00020    0.00092          2  0.000e+00
      21463    894.250     39.217     39.478    27.2810    27.2971   5.700256   5.702414     3.3077     2.8291      18.44   26.06108  -96.56840   -0.00013    0.00095          2  0.000e+00
      21464    894.292     39.393     39.655    27.2793    27.2976   5.699849   5.702247     3.3089     2.8291      18.41   26.06108  -96.56840   -0.00004    0.00098          2  0.000e+00
      21465    894.333     39.244     39.505    27.2800    27.2965   5.699473   5.702104     3.3077     2.8291      18.41   26.06108  -96.56840    0.00002    0.00099          2  0.000e+00
      21466    894.375     39.292     39.553    27.2797    27.2952   5.699301   5.702128     3.3077     2.8291      18.41   26.06108  -96.56840    0.00007    0.00101          2  0.000e+00
      21467    894.417     39.244     39.505    27.2757    27.2930   5.698894   5.702200     3.3077     2.8303      18.44   26.06108  -96.56840    0.00013    0.00104          2  0.000e+00
      21468    894.458     39.265     39.526    27.2690    27.2936   5.698510   5.702200     3.3077     2.8303      18.41   26.06108  -96.56840    0.00019    0.00105          2  0.000e+00
      21469    894.500     39.292     39.553    27.2663    27.2938   5.698338   5.702390     3.3089     2.8303      18.41   26.06108  -96.56840    0.00025    0.00106          2  0.000e+00
      21470    894.542     39.244     39.505    27.2617    27.2945   5.698220   5.702501     3.3077     2.8303      18.41   26.06108  -96.56840    0.00031    0.00107          2  0.000e+00
      21471    894.583     39.292     39.553    27.2579    27.2950   5.698205   5.702573     3.3077     2.8303      18.41   26.06108  -96.56840    0.00035    0.00106          2  0.000e+00
      21472    894.625     39.265     39.526    27.2573    27.2969   5.698448   5.702644     3.3089     2.8303      18.41   26.06108  -96.56840    0.00041    0.00105          2  0.000e+00
      21473    894.667     39.244     39.505    27.2577    27.2974   5.698322   5.702755     3.3089     2.8315      18.41   26.06108  -96.56840    0.00048    0.00106          2  0.000e+00
