Gulf of Mexico/GOMECC-4/1db/rb2103_1171.ros
* Sea-Bird SBE 9 Data File:
* FileName = C:\Users\scs.user.rb\CTD\GOMECC4\data\rb2103_1171.hex
* Software Version Seasave V 7.26.7.107
* Temperature SN = 4799
* Conductivity SN = 3860
* Number of Bytes Per Scan = 41
* Number of Voltage Words = 4
* Number of Scans Averaged by the Deck Unit = 1
* NMEA Latitude = 21 35.45 N
* NMEA Longitude = 086 30.17 W
* NMEA UTC (Time) = Oct 15 2021  23:00:47
* NMEA baud rate = 4800
# nquan = 17
# nvalues = 1596                                  
# units = specified
# name 0 = scan: Scan Count
# name 1 = timeS: Time, Elapsed [seconds]
# name 2 = depSM: Depth [salt water, m]
# name 3 = prDM: Pressure, Digiquartz [db]
# name 4 = t090C: Temperature [ITS-90, deg C]
# name 5 = t190C: Temperature, 2 [ITS-90, deg C]
# name 6 = c0S/m: Conductivity [S/m]
# name 7 = c1S/m: Conductivity, 2 [S/m]
# name 8 = sbeox0V: Oxygen raw, SBE 43 [V]
# name 9 = sbeox1V: Oxygen raw, SBE 43, 2 [V]
# name 10 = altM: Altimeter [m]
# name 11 = latitude: Latitude [deg]
# name 12 = longitude: Longitude [deg]
# name 13 = sbox0dV/dT: Oxygen, SBE 43 [dov/dt]
# name 14 = sbox1dV/dT: Oxygen, SBE 43, 2 [dov/dt]
# name 15 = nbf: Bottles Fired
# name 16 = flag:  0.000e+00
# interval = seconds: 0.0416667
# start_time = Oct 15 2021 23:00:47 [NMEA time, header]
# bad_flag = -9.990e-29
*END*
[from data line 766]
      23302    970.875     29.946     30.135    28.1321    28.1229   5.822143   5.821307     2.9829     2.5153      30.74   21.59270  -86.50338    0.00060    0.00016          6  0.000e+00
      23303    970.917     29.993     30.183    28.1346    28.1244   5.822309   5.821435     2.9829     2.5165      30.77   21.59270  -86.50338    0.00058    0.00021          6  0.000e+00
      23304    970.958     30.014     30.203    28.1369    28.1277   5.822451   5.821611     2.9817     2.5165      30.77   21.59270  -86.50338    0.00056    0.00027          6  0.000e+00
      23305    971.000     29.946     30.135    28.1397    28.1302   5.822712   5.821803     2.9817     2.5165      30.77   21.59270  -86.50338    0.00053    0.00033          6  0.000e+00
      23306    971.042     30.014     30.203    28.1400    28.1308   5.822783   5.821859     2.9817     2.5165      30.77   21.59270  -86.50338    0.00051    0.00041          6  0.000e+00
      23307    971.083     29.993     30.183    28.1369    28.1304   5.822665   5.821819     2.9817     2.5165      30.74   21.59270  -86.50338    0.00048    0.00046          6  0.000e+00
      23308    971.125     30.014     30.203    28.1391    28.1306   5.822775   5.821875     2.9817     2.5177      30.77   21.59270  -86.50338    0.00046    0.00056          6  0.000e+00
      23309    971.167     29.993     30.183    28.1422    28.1321   5.822831   5.821931     2.9829     2.5177      30.74   21.59270  -86.50338    0.00046    0.00065          6  0.000e+00
      23310    971.208     29.993     30.183    28.1422    28.1321   5.822933   5.821979     2.9829     2.5177      30.74   21.59270  -86.50338    0.00046    0.00074          6  0.000e+00
      23311    971.250     29.959     30.149    28.1431    28.1321   5.822973   5.821995     2.9829     2.5177      30.77   21.59270  -86.50338    0.00044    0.00084          6  0.000e+00
      23312    971.292     30.047     30.237    28.1442    28.1315   5.822973   5.821923     2.9817     2.5177      30.74   21.59270  -86.50338    0.00041    0.00093          6  0.000e+00
      23313    971.333     29.959     30.149    28.1446    28.1304   5.823004   5.821899     2.9817     2.5189      30.74   21.59270  -86.50338    0.00039    0.00102          6  0.000e+00
      23314    971.375     30.047     30.237    28.1446    28.1301   5.823052   5.821931     2.9817     2.5189      30.72   21.59270  -86.50338    0.00037    0.00111          6  0.000e+00
      23315    971.417     30.014     30.203    28.1446    28.1299   5.823044   5.821883     2.9829     2.5189      30.70   21.59270  -86.50338    0.00036    0.00121          6  0.000e+00
      23316    971.458     29.993     30.183    28.1439    28.1295   5.823020   5.821851     2.9817     2.5201      30.70   21.59270  -86.50338    0.00034    0.00131          6  0.000e+00
      23317    971.500     29.993     30.183    28.1431    28.1288   5.822949   5.821811     2.9829     2.5201      30.67   21.59270  -86.50338    0.00034    0.00140          6  0.000e+00
      23318    971.542     30.014     30.203    28.1419    28.1284   5.822815   5.821803     2.9817     2.5189      30.70   21.59270  -86.50338    0.00031    0.00147          6  0.000e+00
      23319    971.583     30.047     30.237    28.1419    28.1291   5.822783   5.821835     2.9817     2.5189      30.70   21.59270  -86.50338    0.00029    0.00154          6  0.000e+00
      23320    971.625     30.014     30.203    28.1393    28.1295   5.822522   5.821851     2.9817     2.5201      30.70   21.59270  -86.50338    0.00029    0.00161          6  0.000e+00
      23321    971.667     30.047     30.237    28.1336    28.1295   5.822119   5.821883     2.9829     2.5189      30.70   21.59270  -86.50338    0.00028    0.00166          6  0.000e+00
      23322    971.708     30.014     30.203    28.1294    28.1304   5.821653   5.821931     2.9829     2.5189      30.70   21.59270  -86.50338    0.00029    0.00171          6  0.000e+00
      23323    971.750     30.047     30.237    28.1266    28.1312   5.821313   5.822051     2.9829     2.5189      30.70   21.59270  -86.50338    0.00031    0.00175          6  0.000e+00
      23324    971.792     29.993     30.183    28.1245    28.1315   5.821211   5.822051     2.9829     2.5189      30.70   21.59272  -86.50338    0.00032    0.00180          6  0.000e+00
      23325    971.833     30.061     30.251    28.1224    28.1323   5.821092   5.822164     2.9829     2.5189      30.70   21.59272  -86.50338    0.00031    0.00184          6  0.000e+00
      23326    971.875     29.993     30.183    28.1203    28.1338   5.821021   5.822260     2.9829     2.5177      30.70   21.59272  -86.50338    0.00031    0.00187          6  0.000e+00
      23327    971.917     30.061     30.251    28.1191    28.1358   5.820989   5.822420     2.9829     2.5177      30.70   21.59272  -86.50338    0.00030    0.00187          6  0.000e+00
      23328    971.958     30.047     30.237    28.1190    28.1371   5.820895   5.822572     2.9829     2.5165      30.70   21.59272  -86.50338    0.00029    0.00186          6  0.000e+00
      23329    972.000     30.061     30.251    28.1182    28.1393   5.820831   5.822684     2.9841     2.5165      30.70   21.59272  -86.50338    0.00030    0.00186          6  0.000e+00
      23330    972.042     29.993     30.183    28.1168    28.1391   5.820784   5.822708     2.9829     2.5165      30.70   21.59272  -86.50338    0.00030    0.00185          6  0.000e+00
      23331    972.083     30.095     30.285    28.1160    28.1367   5.820808   5.822636     2.9841     2.5165      30.70   21.59272  -86.50338    0.00031    0.00183          6  0.000e+00
      23332    972.125     30.014     30.203    28.1162    28.1359   5.820855   5.822612     2.9841     2.5165      30.70   21.59272  -86.50338    0.00031    0.00181          6  0.000e+00
      23333    972.167     30.047     30.237    28.1165    28.1354   5.820831   5.822500     2.9841     2.5165      30.70   21.59272  -86.50338    0.00032    0.00180          6  0.000e+00
      23547    981.083     29.600     29.787    28.1284    28.1245   5.821890   5.821539     2.9853     2.5116      30.82   21.59274  -86.50338   -0.00041   -0.00001          7  0.000e+00
      23548    981.125     30.108     30.298    28.1286    28.1227   5.821874   5.821523     2.9853     2.5104      30.82   21.59274  -86.50338   -0.00034   -0.00003          7  0.000e+00
      23549    981.167     30.095     30.285    28.1294    28.1229   5.821874   5.821523     2.9841     2.5104      30.82   21.59274  -86.50338   -0.00031   -0.00007          7  0.000e+00
      23550    981.208     29.912     30.101    28.1307    28.1227   5.821945   5.821547     2.9841     2.5104      30.82   21.59274  -86.50338   -0.00028   -0.00010          7  0.000e+00
      23551    981.250     30.047     30.237    28.1305    28.1236   5.821930   5.821635     2.9841     2.5116      30.82   21.59274  -86.50338   -0.00025   -0.00012          7  0.000e+00
      23552    981.292     29.946     30.135    28.1283    28.1242   5.821811   5.821659     2.9853     2.5104      30.82   21.59274  -86.50338   -0.00020   -0.00016          7  0.000e+00
      23553    981.333     29.959     30.148    28.1265    28.1244   5.821708   5.821659     2.9853     2.5104      30.82   21.59274  -86.50338   -0.00015   -0.00021          7  0.000e+00
      23554    981.375     30.047     30.237    28.1255    28.1245   5.821566   5.821667     2.9841     2.5116      30.77   21.59274  -86.50338   -0.00011   -0.00022          7  0.000e+00
      23555    981.417     29.912     30.101    28.1245    28.1249   5.821495   5.821699     2.9853     2.5116      30.72   21.59274  -86.50338   -0.00005   -0.00026          7  0.000e+00
      23556    981.458     30.047     30.237    28.1235    28.1249   5.821416   5.821667     2.9841     2.5116      30.72   21.59274  -86.50338   -0.00001   -0.00029          7  0.000e+00
      23557    981.500     29.959     30.148    28.1227    28.1251   5.821392   5.821731     2.9853     2.5116      30.72   21.59274  -86.50338    0.00006   -0.00032          7  0.000e+00
      23558    981.542     29.993     30.182    28.1237    28.1253   5.821392   5.821715     2.9853     2.5116      30.72   21.59274  -86.50338    0.00011   -0.00036          7  0.000e+00
      23559    981.583     29.946     30.135    28.1253    28.1257   5.821582   5.821707     2.9853     2.5128      30.72   21.59274  -86.50338    0.00016   -0.00038          7  0.000e+00
      23560    981.625     30.013     30.203    28.1274    28.1258   5.821748   5.821739     2.9853     2.5116      30.72   21.59274  -86.50338    0.00021   -0.00043          7  0.000e+00
      23561    981.667     29.993     30.182    28.1286    28.1262   5.821851   5.821787     2.9853     2.5116      30.72   21.59274  -86.50338    0.00026   -0.00046          7  0.000e+00
      23562    981.708     29.959     30.148    28.1294    28.1268   5.821945   5.821835     2.9866     2.5128      30.72   21.59274  -86.50338    0.00033   -0.00050          7  0.000e+00
      23563    981.750     29.993     30.182    28.1290    28.1273   5.821787   5.821971     2.9866     2.5128      30.72   21.59274  -86.50338    0.00040   -0.00053          7  0.000e+00
      23564    981.792     29.959     30.148    28.1258    28.1277   5.821582   5.821963     2.9853     2.5128      30.72   21.59274  -86.50338    0.00045   -0.00057          7  0.000e+00
      23565    981.833     29.993     30.182    28.1233    28.1282   5.821495   5.821947     2.9853     2.5128      30.72   21.59274  -86.50338    0.00049   -0.00060          7  0.000e+00
      23566    981.875     29.993     30.182    28.1227    28.1290   5.821416   5.822019     2.9853     2.5128      30.72   21.59274  -86.50338    0.00054   -0.00064          7  0.000e+00
      23567    981.917     29.959     30.148    28.1224    28.1297   5.821392   5.822043     2.9853     2.5128      30.74   21.59274  -86.50338    0.00057   -0.00068          7  0.000e+00
      23568    981.958     29.993     30.182    28.1249    28.1291   5.821535   5.822003     2.9853     2.5128      30.72   21.59274  -86.50338    0.00060   -0.00070          7  0.000e+00
      23569    982.000     30.013     30.203    28.1268    28.1282   5.821764   5.822027     2.9853     2.5128      30.72   21.59274  -86.50338    0.00063   -0.00072          7  0.000e+00
      23570    982.042     29.993     30.182    28.1273    28.1278   5.821930   5.822003     2.9866     2.5128      30.72   21.59274  -86.50338    0.00068   -0.00075          7  0.000e+00
      23571    982.083     30.013     30.203    28.1286    28.1281   5.821930   5.821995     2.9853     2.5128      30.72   21.59274  -86.50338    0.00073   -0.00077          7  0.000e+00
      23572    982.125     29.993     30.182    28.1296    28.1284   5.821969   5.821971     2.9841     2.5128      30.72   21.59274  -86.50338    0.00075   -0.00079          7  0.000e+00
      23573    982.167     29.993     30.182    28.1296    28.1282   5.821938   5.821947     2.9853     2.5128      30.72   21.59274  -86.50338    0.00078   -0.00080          7  0.000e+00
      23574    982.208     30.013     30.203    28.1298    28.1282   5.821953   5.821907     2.9841     2.5128      30.72   21.59274  -86.50338    0.00079   -0.00080          7  0.000e+00
      23575    982.250     29.993     30.182    28.1303    28.1273   5.821930   5.821859     2.9841     2.5128      30.72   21.59274  -86.50338    0.00080   -0.00081          7  0.000e+00
      23576    982.292     29.959     30.148    28.1280    28.1262   5.821740   5.821739     2.9841     2.5128      30.72   21.59274  -86.50338    0.00082   -0.00079          7  0.000e+00
      23577    982.333     29.993     30.182    28.1261    28.1253   5.821535   5.821667     2.9841     2.5128      30.72   21.59274  -86.50338    0.00083   -0.00078          7  0.000e+00
      23578    982.375     30.061     30.251    28.1236    28.1245   5.821416   5.821587     2.9841     2.5128      30.70   21.59274  -86.50338    0.00084   -0.00077          7  0.000e+00
      23579    982.417     29.993     30.182    28.1229    28.1251   5.821424   5.821595     2.9829     2.5140      30.70   21.59274  -86.50338    0.00084   -0.00074          7  0.000e+00
      23580    982.458     29.993     30.182    28.1229    28.1249   5.821297   5.821571     2.9841     2.5128      30.70   21.59274  -86.50338    0.00085   -0.00071          7  0.000e+00
      23581    982.500     30.061     30.251    28.1215    28.1247   5.821139   5.821643     2.9841     2.5140      30.70   21.59274  -86.50338    0.00087   -0.00067          7  0.000e+00
      23582    982.542     29.993     30.182    28.1209    28.1257   5.821037   5.821803     2.9841     2.5140      30.70   21.59274  -86.50338    0.00086   -0.00062          7  0.000e+00
      23583    982.583     30.013     30.203    28.1191    28.1269   5.820942   5.821995     2.9841     2.5140      30.70   21.59274  -86.50338    0.00086   -0.00058          7  0.000e+00
      23584    982.625     29.993     30.182    28.1188    28.1281   5.820879   5.822076     2.9841     2.5140      30.70   21.59274  -86.50338    0.00085   -0.00052          7  0.000e+00
      23585    982.667     30.061     30.251    28.1189    28.1278   5.820942   5.822052     2.9841     2.5153      30.70   21.59274  -86.50338    0.00085   -0.00046          7  0.000e+00
      23586    982.708     29.993     30.182    28.1195    28.1269   5.821053   5.821971     2.9841     2.5153      30.70   21.59274  -86.50338    0.00084   -0.00039          7  0.000e+00
      23587    982.750     29.959     30.148    28.1211    28.1264   5.821171   5.821803     2.9841     2.5153      30.70   21.59274  -86.50338    0.00084   -0.00032          7  0.000e+00
      23588    982.792     30.095     30.285    28.1189    28.1258   5.821021   5.821715     2.9841     2.5153      30.70   21.59274  -86.50338    0.00083   -0.00025          7  0.000e+00
      23589    982.833     30.047     30.237    28.1170    28.1253   5.820895   5.821635     2.9829     2.5153      30.70   21.59274  -86.50338    0.00079   -0.00020          7  0.000e+00
      23590    982.875     30.061     30.251    28.1178    28.1245   5.820902   5.821611     2.9829     2.5153      30.70   21.59274  -86.50338    0.00075   -0.00015          7  0.000e+00
      23591    982.917     30.047     30.237    28.1172    28.1249   5.820918   5.821731     2.9841     2.5165      30.70   21.59274  -86.50338    0.00072   -0.00009          7  0.000e+00
      23592    982.958     30.061     30.251    28.1167    28.1245   5.820879   5.821755     2.9829     2.5153      30.70   21.59274  -86.50338    0.00068   -0.00004          7  0.000e+00
      23593    983.000     29.993     30.182    28.1171    28.1225   5.820974   5.821643     2.9829     2.5153      30.70   21.59274  -86.50338    0.00064    0.00001          7  0.000e+00
      23594    983.042     30.013     30.203    28.1207    28.1221   5.821187   5.821539     2.9829     2.5165      30.70   21.59274  -86.50338    0.00059    0.00009          7  0.000e+00
      23595    983.083     30.095     30.285    28.1217    28.1231   5.821321   5.821659     2.9817     2.5153      30.70   21.59274  -86.50338    0.00053    0.00014          7  0.000e+00
      23596    983.125     30.095     30.285    28.1222    28.1257   5.821416   5.821955     2.9829     2.5153      30.70   21.59274  -86.50338    0.00047    0.00019          7  0.000e+00
      23597    983.167     30.061     30.251    28.1226    28.1278   5.821471   5.822076     2.9817     2.5153      30.70   21.59274  -86.50338    0.00041    0.00024          7  0.000e+00
      23598    983.208     30.047     30.237    28.1232    28.1279   5.821448   5.821763     2.9829     2.5153      30.70   21.59274  -86.50338    0.00036    0.00028          7  0.000e+00
      23599    983.250     30.108     30.298    28.1228    28.1258   5.821329   5.821443     2.9817     2.5153      30.70   21.59274  -86.50338    0.00030    0.00033          7  0.000e+00
