Gulf of Mexico/GOMECC-4/1db/rb2103_0281.ros
* Sea-Bird SBE 9 Data File:
* FileName = C:\Users\scs.user.rb\CTD\GOMECC4\data\rb2103_0281.hex
* Software Version Seasave V 7.26.7.107
* Temperature SN = 4799
* Conductivity SN = 3860
* Number of Bytes Per Scan = 41
* Number of Voltage Words = 4
* Number of Scans Averaged by the Deck Unit = 1
* NMEA Latitude = 27 59.98 N
* NMEA Longitude = 086 37.19 W
* NMEA UTC (Time) = Sep 21 2021  18:09:14
* NMEA baud rate = 4800
# nquan = 17
# nvalues = 3192                                  
# units = specified
# name 0 = scan: Scan Count
# name 1 = timeS: Time, Elapsed [seconds]
# name 2 = depSM: Depth [salt water, m]
# name 3 = prDM: Pressure, Digiquartz [db]
# name 4 = t090C: Temperature [ITS-90, deg C]
# name 5 = t190C: Temperature, 2 [ITS-90, deg C]
# name 6 = c0S/m: Conductivity [S/m]
# name 7 = c1S/m: Conductivity, 2 [S/m]
# name 8 = sbeox0V: Oxygen raw, SBE 43 [V]
# name 9 = sbeox1V: Oxygen raw, SBE 43, 2 [V]
# name 10 = altM: Altimeter [m]
# name 11 = latitude: Latitude [deg]
# name 12 = longitude: Longitude [deg]
# name 13 = sbox0dV/dT: Oxygen, SBE 43 [dov/dt]
# name 14 = sbox1dV/dT: Oxygen, SBE 43, 2 [dov/dt]
# name 15 = nbf: Bottles Fired
# name 16 = flag:  0.000e+00
# interval = seconds: 0.0416667
# start_time = Sep 21 2021 18:09:14 [NMEA time, header]
# bad_flag = -9.990e-29
*END*
[from data line 1022]
     148378   6182.375   1484.945   1500.268     4.3287     4.3295   3.348054   3.347987     1.9389     1.6190     100.00   27.99868  -86.62070    0.00004   -0.00006          8  0.000e+00
     148379   6182.417   1484.830   1500.151     4.3289     4.3294   3.348054   3.347987     1.9389     1.6190     100.00   27.99868  -86.62070    0.00003   -0.00008          8  0.000e+00
     148380   6182.458   1484.884   1500.206     4.3287     4.3296   3.348029   3.347987     1.9389     1.6190     100.00   27.99868  -86.62070    0.00004   -0.00009          8  0.000e+00
     148381   6182.500   1484.945   1500.268     4.3288     4.3296   3.348066   3.348006     1.9389     1.6203     100.00   27.99868  -86.62070    0.00003   -0.00008          8  0.000e+00
     148382   6182.542   1484.884   1500.206     4.3286     4.3295   3.348085   3.347993     1.9402     1.6203     100.00   27.99868  -86.62070    0.00005   -0.00008          8  0.000e+00
     148383   6182.583   1484.830   1500.151     4.3286     4.3294   3.348060   3.348006     1.9389     1.6190     100.00   27.99868  -86.62070    0.00005   -0.00009          8  0.000e+00
     148384   6182.625   1484.945   1500.268     4.3289     4.3294   3.348073   3.347993     1.9389     1.6203     100.00   27.99868  -86.62070    0.00005   -0.00008          8  0.000e+00
     148385   6182.667   1484.884   1500.206     4.3289     4.3296   3.348085   3.348006     1.9389     1.6190     100.00   27.99868  -86.62070    0.00006   -0.00010          8  0.000e+00
     148386   6182.708   1484.884   1500.206     4.3287     4.3294   3.348060   3.348019     1.9389     1.6203     100.00   27.99868  -86.62070    0.00005   -0.00009          8  0.000e+00
     148387   6182.750   1484.884   1500.206     4.3290     4.3294   3.348073   3.348019     1.9389     1.6203     100.00   27.99868  -86.62070    0.00005   -0.00008          8  0.000e+00
     148388   6182.792   1484.869   1500.190     4.3289     4.3293   3.348085   3.347993     1.9389     1.6203     100.00   27.99868  -86.62070    0.00004   -0.00008          8  0.000e+00
     148389   6182.833   1484.884   1500.206     4.3288     4.3294   3.348060   3.348006     1.9389     1.6203     100.00   27.99868  -86.62070    0.00003   -0.00009          8  0.000e+00
     148390   6182.875   1484.884   1500.206     4.3287     4.3294   3.348054   3.348019     1.9402     1.6203     100.00   27.99868  -86.62070    0.00004   -0.00008          8  0.000e+00
     148391   6182.917   1484.884   1500.206     4.3287     4.3298   3.348073   3.347993     1.9402     1.6203     100.00   27.99868  -86.62070    0.00005   -0.00009          8  0.000e+00
     148392   6182.958   1484.884   1500.206     4.3286     4.3294   3.348060   3.347987     1.9389     1.6203     100.00   27.99868  -86.62070    0.00004   -0.00009          8  0.000e+00
     148393   6183.000   1484.884   1500.206     4.3286     4.3296   3.348054   3.348006     1.9402     1.6203     100.00   27.99868  -86.62070    0.00005   -0.00010          8  0.000e+00
     148394   6183.042   1484.884   1500.206     4.3287     4.3294   3.348073   3.347993     1.9389     1.6203     100.00   27.99868  -86.62070    0.00004   -0.00009          8  0.000e+00
     148395   6183.083   1484.884   1500.206     4.3287     4.3294   3.348060   3.347987     1.9402     1.6203     100.00   27.99868  -86.62070    0.00004   -0.00009          8  0.000e+00
     148396   6183.125   1484.884   1500.206     4.3286     4.3298   3.348054   3.348006     1.9389     1.6203     100.00   27.99868  -86.62070    0.00003   -0.00008          8  0.000e+00
     148397   6183.167   1484.830   1500.152     4.3287     4.3294   3.348054   3.347974     1.9402     1.6203     100.00   27.99868  -86.62070    0.00004   -0.00008          8  0.000e+00
     148398   6183.208   1484.884   1500.206     4.3287     4.3298   3.348054   3.348000     1.9402     1.6203     100.00   27.99868  -86.62070    0.00005   -0.00007          8  0.000e+00
     148399   6183.250   1484.923   1500.245     4.3289     4.3294   3.348054   3.348000     1.9402     1.6203     100.00   27.99868  -86.62070    0.00006   -0.00009          8  0.000e+00
     148400   6183.292   1484.884   1500.206     4.3288     4.3296   3.348092   3.348012     1.9402     1.6203     100.00   27.99868  -86.62070    0.00008   -0.00008          8  0.000e+00
     148401   6183.333   1484.831   1500.152     4.3289     4.3297   3.348092   3.347974     1.9402     1.6203     100.00   27.99868  -86.62070    0.00009   -0.00008          8  0.000e+00
     148402   6183.375   1484.885   1500.206     4.3287     4.3293   3.348104   3.347980     1.9389     1.6190     100.00   27.99868  -86.62070    0.00008   -0.00009          8  0.000e+00
     148403   6183.417   1484.885   1500.206     4.3289     4.3294   3.348111   3.348032     1.9389     1.6203     100.00   27.99868  -86.62070    0.00006   -0.00008          8  0.000e+00
     148404   6183.458   1484.885   1500.207     4.3285     4.3294   3.348092   3.348025     1.9389     1.6203     100.00   27.99868  -86.62070    0.00005   -0.00008          8  0.000e+00
     148405   6183.500   1484.885   1500.207     4.3284     4.3295   3.348085   3.348019     1.9389     1.6203     100.00   27.99868  -86.62070    0.00004   -0.00007          8  0.000e+00
     148406   6183.542   1484.885   1500.207     4.3287     4.3293   3.348060   3.348019     1.9389     1.6203     100.00   27.99868  -86.62070    0.00003   -0.00007          8  0.000e+00
     148407   6183.583   1484.885   1500.207     4.3286     4.3293   3.348073   3.347993     1.9389     1.6203     100.00   27.99868  -86.62070    0.00002   -0.00006          8  0.000e+00
     148408   6183.625   1484.885   1500.207     4.3286     4.3293   3.348060   3.347968     1.9389     1.6203     100.00   27.99868  -86.62070    0.00003   -0.00006          8  0.000e+00
     148409   6183.667   1484.885   1500.207     4.3287     4.3294   3.348073   3.347980     1.9389     1.6203     100.00   27.99868  -86.62070    0.00002   -0.00005          8  0.000e+00
     148410   6183.708   1484.885   1500.207     4.3283     4.3293   3.348085   3.347987     1.9389     1.6203     100.00   27.99868  -86.62070    0.00000   -0.00005          8  0.000e+00
     148411   6183.750   1484.869   1500.191     4.3286     4.3291   3.348060   3.348006     1.9389     1.6203     100.00   27.99868  -86.62070   -0.00001   -0.00004          8  0.000e+00
     148412   6183.792   1484.947   1500.269     4.3286     4.3292   3.348073   3.347993     1.9389     1.6203     100.00   27.99868  -86.62070   -0.00002   -0.00004          8  0.000e+00
     148413   6183.833   1484.885   1500.207     4.3286     4.3293   3.348035   3.347987     1.9402     1.6203     100.00   27.99868  -86.62070   -0.00001   -0.00003          8  0.000e+00
     148414   6183.875   1484.831   1500.152     4.3286     4.3291   3.348022   3.347968     1.9402     1.6203     100.00   27.99868  -86.62070   -0.00000   -0.00003          8  0.000e+00
     148415   6183.917   1484.947   1500.269     4.3286     4.3293   3.348041   3.348000     1.9402     1.6203     100.00   27.99868  -86.62070    0.00002   -0.00002          8  0.000e+00
     148416   6183.958   1484.885   1500.207     4.3286     4.3294   3.348054   3.347993     1.9389     1.6190     100.00   27.99868  -86.62070    0.00002   -0.00003          8  0.000e+00
     148417   6184.000   1484.885   1500.207     4.3286     4.3294   3.348054   3.347987     1.9402     1.6203     100.00   27.99868  -86.62070    0.00005   -0.00003          8  0.000e+00
     148418   6184.042   1484.947   1500.270     4.3286     4.3291   3.348054   3.347987     1.9402     1.6203     100.00   27.99868  -86.62070    0.00006   -0.00002          8  0.000e+00
     148419   6184.083   1484.885   1500.207     4.3286     4.3291   3.348054   3.348012     1.9402     1.6203     100.00   27.99868  -86.62070    0.00006   -0.00002          8  0.000e+00
     156574   6523.875   1286.959   1299.621     4.4313     4.4338   3.348361   3.348458     1.9426     1.6239     100.00   27.99874  -86.62064   -0.00002   -0.00002          9  0.000e+00
     156575   6523.917   1287.497   1300.166     4.4313     4.4340   3.348355   3.348484     1.9426     1.6239     100.00   27.99874  -86.62064   -0.00001   -0.00002          9  0.000e+00
     156576   6523.958   1287.305   1299.971     4.4318     4.4338   3.348373   3.348503     1.9426     1.6227     100.00   27.99874  -86.62064    0.00001   -0.00003          9  0.000e+00
     156577   6524.000   1287.305   1299.971     4.4315     4.4340   3.348386   3.348503     1.9426     1.6239     100.00   27.99874  -86.62064    0.00002   -0.00003          9  0.000e+00
     156578   6524.042   1287.320   1299.987     4.4310     4.4342   3.348361   3.348503     1.9426     1.6239     100.00   27.99874  -86.62064    0.00002   -0.00003          9  0.000e+00
     156579   6524.083   1287.366   1300.034     4.4312     4.4340   3.348329   3.348522     1.9414     1.6239     100.00   27.99874  -86.62064    0.00001   -0.00003          9  0.000e+00
     156580   6524.125   1287.305   1299.972     4.4309     4.4340   3.348342   3.348510     1.9426     1.6239     100.00   27.99874  -86.62064    0.00001   -0.00002          9  0.000e+00
     156581   6524.167   1287.367   1300.034     4.4309     4.4340   3.348329   3.348452     1.9414     1.6239     100.00   27.99874  -86.62064    0.00000   -0.00002          9  0.000e+00
     156582   6524.208   1287.267   1299.933     4.4310     4.4345   3.348342   3.348510     1.9426     1.6239     100.00   27.99874  -86.62064    0.00001   -0.00002          9  0.000e+00
     156583   6524.250   1287.305   1299.972     4.4310     4.4340   3.348354   3.348484     1.9438     1.6239     100.00   27.99874  -86.62064    0.00003   -0.00001          9  0.000e+00
     156584   6524.292   1287.367   1300.034     4.4310     4.4340   3.348373   3.348490     1.9426     1.6239     100.00   27.99874  -86.62064    0.00004   -0.00001          9  0.000e+00
     156585   6524.333   1287.252   1299.917     4.4312     4.4340   3.348386   3.348452     1.9426     1.6239     100.00   27.99874  -86.62064    0.00004   -0.00001          9  0.000e+00
     156586   6524.375   1287.382   1300.050     4.4310     4.4340   3.348361   3.348458     1.9426     1.6239     100.00   27.99874  -86.62064    0.00005   -0.00001          9  0.000e+00
     156587   6524.417   1287.252   1299.917     4.4310     4.4337   3.348392   3.348471     1.9426     1.6239     100.00   27.99874  -86.62064    0.00005   -0.00000          9  0.000e+00
     156588   6524.458   1287.367   1300.034     4.4310     4.4338   3.348411   3.348471     1.9426     1.6239     100.00   27.99874  -86.62064    0.00006 6.1804e-12          9  0.000e+00
     156589   6524.500   1287.267   1299.933     4.4318     4.4337   3.348411   3.348446     1.9426     1.6239     100.00   27.99874  -86.62064    0.00007    0.00000          9  0.000e+00
     156590   6524.542   1287.306   1299.972     4.4326     4.4335   3.348411   3.348458     1.9426     1.6239     100.00   27.99874  -86.62064    0.00005    0.00001          9  0.000e+00
     156591   6524.583   1287.367   1300.034     4.4331     4.4337   3.348411   3.348446     1.9426     1.6239     100.00   27.99874  -86.62064    0.00006    0.00001          9  0.000e+00
     156592   6524.625   1287.306   1299.972     4.4332     4.4337   3.348436   3.348458     1.9426     1.6239     100.00   27.99874  -86.62064    0.00005    0.00001          9  0.000e+00
     156593   6524.667   1287.267   1299.933     4.4332     4.4335   3.348418   3.348446     1.9426     1.6239     100.00   27.99874  -86.62064    0.00005    0.00001          9  0.000e+00
     156594   6524.708   1287.306   1299.972     4.4336     4.4334   3.348455   3.348439     1.9426     1.6239     100.00   27.99874  -86.62064    0.00004    0.00002          9  0.000e+00
     156595   6524.750   1287.306   1299.972     4.4337     4.4332   3.348424   3.348439     1.9426     1.6239     100.00   27.99874  -86.62064    0.00004    0.00002          9  0.000e+00
     156596   6524.792   1287.306   1299.972     4.4334     4.4334   3.348455   3.348414     1.9426     1.6227     100.00   27.99874  -86.62064    0.00005    0.00001          9  0.000e+00
     156597   6524.833   1287.321   1299.988     4.4334     4.4337   3.348449   3.348426     1.9414     1.6227     100.00   27.99874  -86.62064    0.00003   -0.00001          9  0.000e+00
     156598   6524.875   1287.306   1299.972     4.4332     4.4335   3.348418   3.348458     1.9426     1.6239     100.00   27.99874  -86.62064    0.00004   -0.00001          9  0.000e+00
     156599   6524.917   1287.252   1299.918     4.4331     4.4338   3.348455   3.348446     1.9426     1.6239     100.00   27.99874  -86.62064    0.00004   -0.00000          9  0.000e+00
     156600   6524.958   1287.321   1299.988     4.4331     4.4335   3.348424   3.348458     1.9426     1.6227     100.00   27.99874  -86.62064    0.00003   -0.00002          9  0.000e+00
     156601   6525.000   1287.252   1299.918     4.4326     4.4334   3.348436   3.348420     1.9426     1.6227     100.00   27.99874  -86.62064    0.00004   -0.00003          9  0.000e+00
     156602   6525.042   1287.306   1299.972     4.4323     4.4335   3.348443   3.348452     1.9426     1.6227     100.00   27.99874  -86.62064    0.00004   -0.00004          9  0.000e+00
     156603   6525.083   1287.306   1299.972     4.4324     4.4334   3.348443   3.348420     1.9426     1.6227     100.00   27.99874  -86.62064    0.00005   -0.00006          9  0.000e+00
     156604   6525.125   1287.321   1299.988     4.4324     4.4338   3.348424   3.348414     1.9426     1.6227     100.00   27.99874  -86.62064    0.00005   -0.00007          9  0.000e+00
     156605   6525.167   1287.252   1299.918     4.4325     4.4335   3.348392   3.348407     1.9426     1.6239     100.00   27.99874  -86.62064    0.00005   -0.00008          9  0.000e+00
     156606   6525.208   1287.306   1299.973     4.4326     4.4335   3.348405   3.348452     1.9426     1.6239     100.00   27.99874  -86.62064    0.00006   -0.00008          9  0.000e+00
     156607   6525.250   1287.268   1299.934     4.4320     4.4334   3.348392   3.348446     1.9426     1.6239     100.00   27.99874  -86.62064    0.00006   -0.00007          9  0.000e+00
     156608   6525.292   1287.306   1299.973     4.4315     4.4332   3.348386   3.348439     1.9426     1.6239     100.00   27.99874  -86.62064    0.00007   -0.00007          9  0.000e+00
     156609   6525.333   1287.306   1299.973     4.4315     4.4334   3.348386   3.348439     1.9426     1.6227     100.00   27.99874  -86.62064    0.00007   -0.00008          9  0.000e+00
     156610   6525.375   1287.253   1299.918     4.4315     4.4334   3.348386   3.348439     1.9426     1.6239     100.00   27.99874  -86.62064    0.00008   -0.00007          9  0.000e+00
     156611   6525.417   1287.322   1299.988     4.4313     4.4334   3.348386   3.348439     1.9426     1.6227     100.00   27.99874  -86.62064    0.00006   -0.00009          9  0.000e+00
     156612   6525.458   1287.253   1299.918     4.4316     4.4334   3.348361   3.348439     1.9426     1.6227     100.00   27.99874  -86.62064    0.00005   -0.00010          9  0.000e+00
     156613   6525.500   1287.253   1299.918     4.4321     4.4334   3.348373   3.348414     1.9426     1.6239     100.00   27.99874  -86.62064    0.00005   -0.00009          9  0.000e+00
     156614   6525.542   1287.306   1299.973     4.4323     4.4334   3.348405   3.348452     1.9426     1.6239     100.00   27.99874  -86.62064    0.00006   -0.00008          9  0.000e+00
     156615   6525.583   1287.268   1299.934     4.4321     4.4334   3.348392   3.348446     1.9426     1.6239     100.00   27.99874  -86.62064    0.00004   -0.00008          9  0.000e+00
