Gulf of Mexico/GOMECC-4/1db/rb2103_0641.ros
* Sea-Bird SBE 9 Data File:
* FileName = C:\Users\scs.user.rb\CTD\GOMECC4\data\rb2103_0641.hex
* Software Version Seasave V 7.26.7.107
* Temperature SN = 4799
* Conductivity SN = 3860
* Number of Bytes Per Scan = 41
* Number of Voltage Words = 4
* Number of Scans Averaged by the Deck Unit = 1
* NMEA Latitude = 26 03.63 N
* NMEA Longitude = 096 34.10 W
* NMEA UTC (Time) = Oct 02 2021  05:28:55
* NMEA baud rate = 4800
# nquan = 17
# nvalues = 798                                   
# units = specified
# name 0 = scan: Scan Count
# name 1 = timeS: Time, Elapsed [seconds]
# name 2 = depSM: Depth [salt water, m]
# name 3 = prDM: Pressure, Digiquartz [db]
# name 4 = t090C: Temperature [ITS-90, deg C]
# name 5 = t190C: Temperature, 2 [ITS-90, deg C]
# name 6 = c0S/m: Conductivity [S/m]
# name 7 = c1S/m: Conductivity, 2 [S/m]
# name 8 = sbeox0V: Oxygen raw, SBE 43 [V]
# name 9 = sbeox1V: Oxygen raw, SBE 43, 2 [V]
# name 10 = altM: Altimeter [m]
# name 11 = latitude: Latitude [deg]
# name 12 = longitude: Longitude [deg]
# name 13 = sbox0dV/dT: Oxygen, SBE 43 [dov/dt]
# name 14 = sbox1dV/dT: Oxygen, SBE 43, 2 [dov/dt]
# name 15 = nbf: Bottles Fired
# name 16 = flag:  0.000e+00
# interval = seconds: 0.0416667
# start_time = Oct 02 2021 05:28:55 [NMEA time, header]
# bad_flag = -9.990e-29
*END*
[from data line 341]
      23802    991.708     29.387     29.582    29.1755    29.1891   5.836635   5.838240     3.1026     2.6325      27.94   26.06116  -96.56836   -0.00089   -0.00063          3  0.000e+00
      23803    991.750     29.421     29.616    29.1777    29.1894   5.836627   5.838304     3.1026     2.6337      27.96   26.06116  -96.56836   -0.00089   -0.00060          3  0.000e+00
      23804    991.792     29.374     29.568    29.1774    29.1899   5.836603   5.838272     3.1026     2.6337      27.94   26.06116  -96.56836   -0.00091   -0.00059          3  0.000e+00
      23805    991.833     29.387     29.582    29.1731    29.1899   5.836366   5.838280     3.1026     2.6337      27.94   26.06116  -96.56836   -0.00092   -0.00058          3  0.000e+00
      23806    991.875     29.421     29.616    29.1700    29.1902   5.836184   5.838329     3.1038     2.6337      27.94   26.06116  -96.56836   -0.00092   -0.00057          3  0.000e+00
      23807    991.917     29.387     29.582    29.1724    29.1904   5.836129   5.838320     3.1026     2.6337      27.94   26.06116  -96.56836   -0.00093   -0.00056          3  0.000e+00
      23808    991.958     29.374     29.568    29.1709    29.1912   5.836105   5.838272     3.1038     2.6337      27.94   26.06116  -96.56836   -0.00093   -0.00055          3  0.000e+00
      23809    992.000     29.387     29.582    29.1685    29.1915   5.836034   5.838280     3.1038     2.6337      27.94   26.06116  -96.56836   -0.00092   -0.00053          3  0.000e+00
      23810    992.042     29.421     29.616    29.1684    29.1921   5.836057   5.838224     3.1026     2.6337      27.94   26.06116  -96.56836   -0.00094   -0.00050          3  0.000e+00
      23811    992.083     29.333     29.527    29.1728    29.1924   5.836200   5.838328     3.1038     2.6337      27.96   26.06116  -96.56836   -0.00093   -0.00047          3  0.000e+00
      23812    992.125     29.421     29.616    29.1732    29.1930   5.836152   5.838385     3.1038     2.6325      27.96   26.06116  -96.56836   -0.00094   -0.00046          3  0.000e+00
      23813    992.167     29.387     29.582    29.1694    29.1945   5.836002   5.838425     3.1038     2.6325      28.06   26.06116  -96.56836   -0.00095   -0.00046          3  0.000e+00
      23814    992.208     29.421     29.616    29.1674    29.1965   5.835994   5.838513     3.1050     2.6325      28.08   26.06116  -96.56836   -0.00094   -0.00045          3  0.000e+00
      23815    992.250     29.387     29.582    29.1674    29.1980   5.836057   5.838609     3.1038     2.6325      28.08   26.06116  -96.56836   -0.00095   -0.00042          3  0.000e+00
      23816    992.292     29.374     29.568    29.1687    29.1998   5.836271   5.838681     3.1038     2.6325      28.08   26.06116  -96.56836   -0.00096   -0.00039          3  0.000e+00
      23817    992.333     29.435     29.630    29.1728    29.2021   5.836587   5.838721     3.1050     2.6325      28.08   26.06116  -96.56836   -0.00095   -0.00036          3  0.000e+00
      23818    992.375     29.421     29.616    29.1770    29.2030   5.836864   5.838729     3.1050     2.6313      28.08   26.06116  -96.56836   -0.00094   -0.00035          3  0.000e+00
      23819    992.417     29.387     29.582    29.1774    29.2045   5.836991   5.838906     3.1050     2.6313      28.08   26.06116  -96.56836   -0.00093   -0.00033          3  0.000e+00
      23820    992.458     29.468     29.664    29.1772    29.2056   5.836872   5.838946     3.1050     2.6313      28.08   26.06116  -96.56836   -0.00092   -0.00032          3  0.000e+00
      23821    992.500     29.435     29.630    29.1767    29.2065   5.836746   5.839066     3.1050     2.6300      28.08   26.06116  -96.56836   -0.00091   -0.00032          3  0.000e+00
      23822    992.542     29.421     29.616    29.1787    29.2069   5.836793   5.839146     3.1050     2.6300      28.08   26.06116  -96.56836   -0.00091   -0.00032          3  0.000e+00
      23823    992.583     29.435     29.630    29.1807    29.2071   5.836825   5.839162     3.1062     2.6300      28.08   26.06116  -96.56836   -0.00088   -0.00032          3  0.000e+00
      23824    992.625     29.421     29.616    29.1840    29.2071   5.837141   5.839170     3.1062     2.6288      28.08   26.06116  -96.56836   -0.00084   -0.00034          3  0.000e+00
      23825    992.667     29.482     29.677    29.1888    29.2073   5.837545   5.839130     3.1050     2.6288      28.08   26.06116  -96.56836   -0.00083   -0.00037          3  0.000e+00
      23826    992.708     29.468     29.664    29.1912    29.2071   5.837782   5.839187     3.1062     2.6288      28.08   26.06116  -96.56836   -0.00080   -0.00038          3  0.000e+00
      23827    992.750     29.482     29.677    29.1927    29.2074   5.837932   5.839315     3.1050     2.6288      28.08   26.06116  -96.56836   -0.00078   -0.00039          3  0.000e+00
      23828    992.792     29.468     29.664    29.1923    29.2078   5.837901   5.839467     3.1062     2.6288      28.08   26.06116  -96.56836   -0.00073   -0.00040          3  0.000e+00
      23829    992.833     29.536     29.732    29.1932    29.2080   5.837837   5.839604     3.1062     2.6288      28.08   26.06116  -96.56836   -0.00069   -0.00040          3  0.000e+00
      23830    992.875     29.468     29.664    29.1964    29.2087   5.838011   5.839780     3.1062     2.6288      28.08   26.06116  -96.56836   -0.00064   -0.00043          3  0.000e+00
      23831    992.917     29.536     29.732    29.2002    29.2093   5.838241   5.839901     3.1062     2.6288      28.08   26.06116  -96.56836   -0.00062   -0.00045          3  0.000e+00
      23832    992.958     29.523     29.718    29.2026    29.2094   5.838407   5.839973     3.1074     2.6288      28.08   26.06116  -96.56836   -0.00056   -0.00047          3  0.000e+00
      23833    993.000     29.536     29.732    29.2041    29.2093   5.838518   5.840013     3.1062     2.6288      28.08   26.06116  -96.56836   -0.00052   -0.00048          3  0.000e+00
      23834    993.042     29.570     29.766    29.2047    29.2093   5.838621   5.840021     3.1074     2.6288      28.08   26.06116  -96.56836   -0.00045   -0.00050          3  0.000e+00
      23835    993.083     29.523     29.718    29.2054    29.2095   5.838755   5.840021     3.1074     2.6288      28.08   26.06116  -96.56836   -0.00039   -0.00052          3  0.000e+00
      23836    993.125     29.584     29.779    29.2059    29.2094   5.838929   5.840101     3.1074     2.6288      28.06   26.06116  -96.56836   -0.00034   -0.00053          3  0.000e+00
      23837    993.167     29.617     29.813    29.2065    29.2093   5.839048   5.840013     3.1062     2.6288      27.89   26.06116  -96.56836   -0.00029   -0.00054          3  0.000e+00
      23838    993.208     29.584     29.779    29.2067    29.2093   5.839103   5.840005     3.1074     2.6288      27.79   26.06116  -96.56836   -0.00023   -0.00055          3  0.000e+00
      23839    993.250     29.617     29.813    29.2068    29.2093   5.839222   5.839981     3.1074     2.6288      27.79   26.06116  -96.56836   -0.00018   -0.00058          3  0.000e+00
      23840    993.292     29.584     29.779    29.2067    29.2093   5.839119   5.839949     3.1074     2.6300      27.79   26.06116  -96.56836   -0.00012   -0.00059          3  0.000e+00
      23841    993.333     29.617     29.813    29.2069    29.2090   5.839285   5.839852     3.1074     2.6300      27.79   26.06116  -96.56836   -0.00006   -0.00060          3  0.000e+00
      23842    993.375     29.685     29.882    29.2071    29.2089   5.839396   5.839860     3.1074     2.6300      27.79   26.06116  -96.56836   -0.00002   -0.00061          3  0.000e+00
      23843    993.417     29.617     29.813    29.2075    29.2093   5.839444   5.839925     3.1074     2.6313      27.79   26.06116  -96.56836    0.00004   -0.00060          3  0.000e+00
      23844    993.458     29.732     29.929    29.2072    29.2093   5.839420   5.839965     3.1074     2.6313      27.79   26.06116  -96.56836    0.00010   -0.00059          3  0.000e+00
      23845    993.500     29.665     29.861    29.2071    29.2091   5.839293   5.839973     3.1074     2.6313      27.79   26.06116  -96.56836    0.00015   -0.00058          3  0.000e+00
      23846    993.542     29.685     29.882    29.2062    29.2093   5.839088   5.840005     3.1074     2.6325      27.79   26.06116  -96.56836    0.00021   -0.00055          3  0.000e+00
      23847    993.583     29.719     29.916    29.2056    29.2097   5.838913   5.840141     3.1074     2.6313      27.79   26.06116  -96.56836    0.00026   -0.00054          3  0.000e+00
      23848    993.625     29.685     29.882    29.2058    29.2098   5.839024   5.840205     3.1062     2.6325      27.79   26.06116  -96.56836    0.00030   -0.00051          3  0.000e+00
      23849    993.667     29.766     29.963    29.2070    29.2101   5.839396   5.840246     3.1074     2.6325      27.79   26.06116  -96.56836    0.00036   -0.00048          3  0.000e+00
      23850    993.708     29.732     29.929    29.2078    29.2101   5.839681   5.840262     3.1074     2.6325      27.79   26.06116  -96.56836    0.00041   -0.00045          3  0.000e+00
      23851    993.750     29.766     29.963    29.2084    29.2101   5.839816   5.840238     3.1062     2.6325      27.79   26.06116  -96.56836    0.00045   -0.00042          3  0.000e+00
      23852    993.792     29.780     29.977    29.2087    29.2098   5.839911   5.840213     3.1062     2.6325      27.79   26.06116  -96.56836    0.00049   -0.00039          3  0.000e+00
      23853    993.833     29.766     29.963    29.2088    29.2101   5.839966   5.840246     3.1062     2.6325      27.79   26.06116  -96.56836    0.00054   -0.00036          3  0.000e+00
      23854    993.875     29.834     30.032    29.2087    29.2099   5.839982   5.840222     3.1062     2.6325      27.79   26.06116  -96.56836    0.00060   -0.00035          3  0.000e+00
      23855    993.917     29.766     29.963    29.2091    29.2101   5.839982   5.840286     3.1062     2.6325      27.79   26.06116  -96.56836    0.00064   -0.00034          3  0.000e+00
      23856    993.958     29.834     30.032    29.2090    29.2101   5.839982   5.840270     3.1050     2.6337      27.79   26.06116  -96.56836    0.00066   -0.00031          3  0.000e+00
      23857    994.000     29.814     30.011    29.2087    29.2102   5.839942   5.840366     3.1050     2.6337      27.79   26.06116  -96.56836    0.00068   -0.00028          3  0.000e+00
      23858    994.042     29.868     30.066    29.2089    29.2110   5.839863   5.840663     3.1062     2.6337      27.79   26.06116  -96.56836    0.00072   -0.00024          3  0.000e+00
      23859    994.083     29.834     30.032    29.2088    29.2113   5.839871   5.840775     3.1050     2.6337      27.79   26.06116  -96.56836    0.00075   -0.00021          3  0.000e+00
      25972   1082.125     19.638     19.768    29.1157    29.1166   5.816650   5.816780     3.1050     2.6276      37.56   26.06126  -96.56836   -0.00025    0.00075          4  0.000e+00
      25973   1082.167     19.591     19.720    29.1159    29.1170   5.816571   5.816852     3.1038     2.6288      37.51   26.06126  -96.56836   -0.00030    0.00071          4  0.000e+00
      25974   1082.208     19.645     19.774    29.1153    29.1174   5.816524   5.817021     3.1038     2.6288      37.46   26.06126  -96.56836   -0.00035    0.00066          4  0.000e+00
      25975   1082.250     19.638     19.768    29.1151    29.1175   5.816358   5.817069     3.1038     2.6288      37.46   26.06126  -96.56836   -0.00038    0.00061          4  0.000e+00
      25976   1082.292     19.591     19.720    29.1151    29.1172   5.816342   5.816997     3.1038     2.6288      37.46   26.06126  -96.56836   -0.00040    0.00057          4  0.000e+00
      25977   1082.333     19.692     19.822    29.1146    29.1173   5.816318   5.817077     3.1038     2.6300      37.46   26.06126  -96.56836   -0.00043    0.00053          4  0.000e+00
      25978   1082.375     19.645     19.774    29.1148    29.1181   5.816342   5.817181     3.1038     2.6300      37.46   26.06126  -96.56836   -0.00044    0.00050          4  0.000e+00
      25979   1082.417     19.638     19.768    29.1150    29.1189   5.816318   5.817349     3.1038     2.6300      37.46   26.06126  -96.56836   -0.00047    0.00047          4  0.000e+00
      25980   1082.458     19.645     19.774    29.1147    29.1194   5.816342   5.817469     3.1038     2.6300      37.46   26.06126  -96.56836   -0.00048    0.00044          4  0.000e+00
      25981   1082.500     19.692     19.822    29.1150    29.1201   5.816358   5.817565     3.1050     2.6300      37.46   26.06126  -96.56836   -0.00049    0.00039          4  0.000e+00
      25982   1082.542     19.685     19.815    29.1148    29.1201   5.816389   5.817621     3.1038     2.6300      37.46   26.06126  -96.56836   -0.00050    0.00035          4  0.000e+00
      25983   1082.583     19.645     19.774    29.1148    29.1207   5.816366   5.817741     3.1038     2.6313      37.46   26.06126  -96.56836   -0.00052    0.00034          4  0.000e+00
      25984   1082.625     19.645     19.774    29.1144    29.1203   5.816358   5.817637     3.1038     2.6300      37.46   26.06126  -96.56836   -0.00054    0.00030          4  0.000e+00
      25985   1082.667     19.740     19.870    29.1148    29.1194   5.816429   5.817477     3.1038     2.6313      37.46   26.06126  -96.56836   -0.00057    0.00028          4  0.000e+00
      25986   1082.708     19.638     19.768    29.1151    29.1192   5.816555   5.817333     3.1038     2.6313      37.46   26.06126  -96.56836   -0.00060    0.00026          4  0.000e+00
      25987   1082.750     19.692     19.822    29.1159    29.1189   5.816595   5.817261     3.1038     2.6313      37.46   26.06126  -96.56836   -0.00061    0.00024          4  0.000e+00
      25988   1082.792     19.740     19.870    29.1156    29.1189   5.816634   5.817213     3.1038     2.6300      37.46   26.06126  -96.56836   -0.00064    0.00021          4  0.000e+00
      25989   1082.833     19.685     19.815    29.1151    29.1181   5.816571   5.817061     3.1038     2.6313      37.46   26.06126  -96.56836   -0.00065    0.00019          4  0.000e+00
      25990   1082.875     19.692     19.822    29.1151    29.1179   5.816508   5.817021     3.1038     2.6300      37.46   26.06126  -96.56836   -0.00065    0.00015          4  0.000e+00
      25991   1082.917     19.740     19.870    29.1150    29.1170   5.816611   5.816949     3.1038     2.6300      37.46   26.06126  -96.56836   -0.00068    0.00013          4  0.000e+00
      25992   1082.958     19.692     19.822    29.1151    29.1168   5.816571   5.816957     3.1038     2.6300      37.46   26.06126  -96.56836   -0.00069    0.00008          4  0.000e+00
      25993   1083.000     19.733     19.863    29.1151    29.1170   5.816579   5.817005     3.1026     2.6300      37.46   26.06126  -96.56836   -0.00072    0.00004          4  0.000e+00
      25994   1083.042     19.740     19.870    29.1159    29.1172   5.816634   5.817021     3.1038     2.6300      37.46   26.06126  -96.56836   -0.00071   -0.00000          4  0.000e+00
      25995   1083.083     19.740     19.870    29.1157    29.1168   5.816650   5.817021     3.1026     2.6300      37.46   26.06126  -96.56836   -0.00073   -0.00005          4  0.000e+00
      25996   1083.125     19.645     19.774    29.1155    29.1166   5.816603   5.816909     3.1038     2.6300      37.46   26.06126  -96.56836   -0.00074   -0.00009          4  0.000e+00
      25997   1083.167     19.834     19.965    29.1156    29.1164   5.816555   5.816837     3.1026     2.6300      37.41   26.06126  -96.56836   -0.00076   -0.00014          4  0.000e+00
