Gulf of Mexico/GOMECC-4/1db/rb2103_1161.ros
* Sea-Bird SBE 9 Data File:
* FileName = C:\Users\scs.user.rb\CTD\GOMECC4\data\rb2103_1161.hex
* Software Version Seasave V 7.26.7.107
* Temperature SN = 4799
* Conductivity SN = 3860
* Number of Bytes Per Scan = 41
* Number of Voltage Words = 4
* Number of Scans Averaged by the Deck Unit = 1
* NMEA Latitude = 21 33.08 N
* NMEA Longitude = 086 44.94 W
* NMEA UTC (Time) = Oct 15 2021  20:41:49
* NMEA baud rate = 4800
# nquan = 17
# nvalues = 266                                   
# units = specified
# name 0 = scan: Scan Count
# name 1 = timeS: Time, Elapsed [seconds]
# name 2 = depSM: Depth [salt water, m]
# name 3 = prDM: Pressure, Digiquartz [db]
# name 4 = t090C: Temperature [ITS-90, deg C]
# name 5 = t190C: Temperature, 2 [ITS-90, deg C]
# name 6 = c0S/m: Conductivity [S/m]
# name 7 = c1S/m: Conductivity, 2 [S/m]
# name 8 = sbeox0V: Oxygen raw, SBE 43 [V]
# name 9 = sbeox1V: Oxygen raw, SBE 43, 2 [V]
# name 10 = altM: Altimeter [m]
# name 11 = latitude: Latitude [deg]
# name 12 = longitude: Longitude [deg]
# name 13 = sbox0dV/dT: Oxygen, SBE 43 [dov/dt]
# name 14 = sbox1dV/dT: Oxygen, SBE 43, 2 [dov/dt]
# name 15 = nbf: Bottles Fired
# name 16 = flag:  0.000e+00
# interval = seconds: 0.0416667
# start_time = Oct 15 2021 20:41:49 [NMEA time, header]
# bad_flag = -9.990e-29
*END*
      22348    931.125     17.197     17.305    26.0810    26.0658   5.609363   5.608282     2.6300     2.2063       7.08   21.55016  -86.74906   -0.00112   -0.00006          1  0.000e+00
      22349    931.167     16.859     16.965    26.0811    26.0653   5.609441   5.608250     2.6300     2.2051       7.08   21.55016  -86.74906   -0.00117   -0.00012          1  0.000e+00
      22350    931.208     17.055     17.162    26.0824    26.0663   5.609589   5.608179     2.6300     2.2063       7.08   21.55016  -86.74906   -0.00122   -0.00016          1  0.000e+00
      22351    931.250     16.859     16.964    26.0829    26.0662   5.609667   5.608085     2.6300     2.2063       7.08   21.55016  -86.74906   -0.00127   -0.00020          1  0.000e+00
      22352    931.292     17.048     17.155    26.0835    26.0654   5.609768   5.608061     2.6300     2.2063       7.08   21.55016  -86.74906   -0.00132   -0.00024          1  0.000e+00
      22353    931.333     16.953     17.060    26.0848    26.0646   5.609775   5.607990     2.6300     2.2063       7.08   21.55016  -86.74906   -0.00137   -0.00028          1  0.000e+00
      22354    931.375     16.953     17.060    26.0853    26.0635   5.609845   5.607935     2.6300     2.2063       7.08   21.55016  -86.74906   -0.00141   -0.00032          1  0.000e+00
      22355    931.417     16.953     17.060    26.0854    26.0632   5.609884   5.608030     2.6300     2.2063       7.08   21.55016  -86.74906   -0.00146   -0.00036          1  0.000e+00
      22356    931.458     16.947     17.053    26.0857    26.0646   5.609869   5.608132     2.6300     2.2063       7.08   21.55016  -86.74906   -0.00150   -0.00040          1  0.000e+00
      22357    931.500     16.953     17.060    26.0855    26.0665   5.609830   5.608227     2.6300     2.2063       7.08   21.55016  -86.74906   -0.00154   -0.00044          1  0.000e+00
      22358    931.542     17.007     17.114    26.0843    26.0679   5.609768   5.608345     2.6300     2.2063       7.08   21.55016  -86.74906   -0.00158   -0.00048          1  0.000e+00
      22359    931.583     16.953     17.060    26.0840    26.0690   5.609698   5.608353     2.6300     2.2063       7.08   21.55016  -86.74906   -0.00162   -0.00052          1  0.000e+00
      22360    931.625     16.946     17.053    26.0841    26.0694   5.609643   5.608368     2.6300     2.2063       7.08   21.55016  -86.74906   -0.00165   -0.00055          1  0.000e+00
      22361    931.667     16.906     17.012    26.0840    26.0695   5.609635   5.608455     2.6288     2.2063       7.08   21.55016  -86.74906   -0.00171   -0.00059          1  0.000e+00
      22362    931.708     17.007     17.114    26.0839    26.0700   5.609651   5.608550     2.6288     2.2063       7.08   21.55016  -86.74906   -0.00174   -0.00063          1  0.000e+00
      22363    931.750     16.953     17.060    26.0835    26.0711   5.609604   5.608605     2.6288     2.2063       7.08   21.55016  -86.74906   -0.00179   -0.00067          1  0.000e+00
      22364    931.792     16.946     17.053    26.0811    26.0721   5.609519   5.608621     2.6288     2.2063       7.08   21.55016  -86.74906   -0.00184   -0.00071          1  0.000e+00
      22365    931.833     16.953     17.060    26.0801    26.0725   5.609441   5.608723     2.6288     2.2051       7.06   21.55016  -86.74906   -0.00188   -0.00077          1  0.000e+00
      22366    931.875     16.953     17.060    26.0808    26.0726   5.609402   5.608786     2.6288     2.2051       7.08   21.55016  -86.74906   -0.00193   -0.00083          1  0.000e+00
      22367    931.917     16.946     17.053    26.0816    26.0732   5.609363   5.608873     2.6288     2.2051       7.08   21.55016  -86.74906   -0.00195   -0.00088          1  0.000e+00
      22368    931.958     16.953     17.060    26.0815    26.0735   5.609340   5.608960     2.6276     2.2051       7.08   21.55016  -86.74906   -0.00199   -0.00094          1  0.000e+00
      22369    932.000     16.953     17.060    26.0818    26.0737   5.609317   5.608881     2.6276     2.2051       7.08   21.55016  -86.74906   -0.00205   -0.00099          1  0.000e+00
      22370    932.042     16.906     17.012    26.0829    26.0731   5.609480   5.608810     2.6276     2.2039       7.08   21.55016  -86.74906   -0.00208   -0.00105          1  0.000e+00
      22371    932.083     16.946     17.053    26.0829    26.0723   5.609488   5.608763     2.6276     2.2051       7.08   21.55016  -86.74906   -0.00211   -0.00108          1  0.000e+00
      22372    932.125     16.906     17.012    26.0819    26.0719   5.609519   5.608755     2.6276     2.2039       7.08   21.55016  -86.74906   -0.00214   -0.00114          1  0.000e+00
      22373    932.167     17.007     17.114    26.0820    26.0720   5.609612   5.608581     2.6276     2.2039       7.08   21.55016  -86.74906   -0.00219   -0.00119          1  0.000e+00
      22374    932.208     16.906     17.012    26.0820    26.0713   5.609752   5.608558     2.6276     2.2039       7.08   21.55016  -86.74906   -0.00223   -0.00124          1  0.000e+00
      22375    932.250     16.899     17.005    26.0814    26.0705   5.609846   5.608431     2.6264     2.2039       7.08   21.55016  -86.74906   -0.00229   -0.00129          1  0.000e+00
      22376    932.292     16.953     17.060    26.0813    26.0702   5.609939   5.608384     2.6264     2.2039       7.08   21.55016  -86.74906   -0.00235   -0.00134          1  0.000e+00
      22377    932.333     16.906     17.012    26.0820    26.0699   5.609908   5.608416     2.6276     2.2027       7.11   21.55016  -86.74906   -0.00238   -0.00140          1  0.000e+00
      22378    932.375     16.953     17.060    26.0833    26.0694   5.610040   5.608400     2.6264     2.2027       7.08   21.55016  -86.74906   -0.00242   -0.00145          1  0.000e+00
      22379    932.417     16.899     17.005    26.0838    26.0692   5.610094   5.608384     2.6264     2.2027       7.08   21.55016  -86.74906   -0.00247   -0.00149          1  0.000e+00
      22380    932.458     16.906     17.012    26.0839    26.0694   5.610118   5.608455     2.6264     2.2027       7.08   21.55016  -86.74906   -0.00249   -0.00154          1  0.000e+00
      22381    932.500     16.953     17.060    26.0858    26.0695   5.610242   5.608550     2.6264     2.2027       7.08   21.55016  -86.74906   -0.00254   -0.00158          1  0.000e+00
      22382    932.542     16.906     17.012    26.0879    26.0706   5.610312   5.608739     2.6276     2.2027       7.13   21.55016  -86.74906   -0.00254   -0.00161          1  0.000e+00
      22383    932.583     16.946     17.053    26.0887    26.0720   5.610421   5.608802     2.6276     2.2027       7.16   21.55016  -86.74906   -0.00255   -0.00165          1  0.000e+00
      22384    932.625     16.858     16.964    26.0899    26.0728   5.610600   5.608873     2.6276     2.2027       7.16   21.55016  -86.74906   -0.00255   -0.00167          1  0.000e+00
      22385    932.667     16.906     17.012    26.0902    26.0741   5.610616   5.608960     2.6276     2.2027       7.16   21.55016  -86.74906   -0.00255   -0.00169          1  0.000e+00
      22386    932.708     16.899     17.005    26.0882    26.0755   5.610584   5.609054     2.6276     2.2027       7.16   21.55016  -86.74906   -0.00254   -0.00172          1  0.000e+00
      22387    932.750     16.906     17.012    26.0866    26.0760   5.610460   5.609149     2.6264     2.2027       7.16   21.55016  -86.74906   -0.00255   -0.00173          1  0.000e+00
      22388    932.792     16.906     17.012    26.0860    26.0771   5.610351   5.609204     2.6276     2.2027       7.16   21.55016  -86.74906   -0.00254   -0.00174          1  0.000e+00
      22389    932.833     16.906     17.012    26.0861    26.0780   5.610359   5.609251     2.6276     2.2027       7.16   21.55016  -86.74906   -0.00253   -0.00174          1  0.000e+00
      22390    932.875     16.851     16.957    26.0877    26.0780   5.610429   5.609330     2.6276     2.2027       7.16   21.55016  -86.74906   -0.00252   -0.00175          1  0.000e+00
      22391    932.917     16.906     17.012    26.0912    26.0782   5.610569   5.609385     2.6276     2.2027       7.16   21.55016  -86.74906   -0.00250   -0.00175          1  0.000e+00
      22392    932.958     16.906     17.012    26.0912    26.0788   5.610709   5.609401     2.6276     2.2027       7.16   21.55016  -86.74906   -0.00248   -0.00175          1  0.000e+00
      22393    933.000     16.858     16.964    26.0907    26.0795   5.610794   5.609433     2.6276     2.2027       7.16   21.55016  -86.74906   -0.00246   -0.00175          1  0.000e+00
      22394    933.042     16.851     16.957    26.0917    26.0797   5.610826   5.609519     2.6276     2.2027       7.16   21.55016  -86.74906   -0.00244   -0.00175          1  0.000e+00
      22395    933.083     16.906     17.012    26.0922    26.0799   5.610935   5.609504     2.6288     2.2027       7.16   21.55016  -86.74906   -0.00239   -0.00174          1  0.000e+00
      22396    933.125     16.858     16.964    26.0948    26.0804   5.611028   5.609456     2.6288     2.2027       7.16   21.55016  -86.74906   -0.00235   -0.00174          1  0.000e+00
      22397    933.167     16.858     16.964    26.0947    26.0805   5.611168   5.609448     2.6288     2.2027       7.16   21.55016  -86.74906   -0.00230   -0.00173          1  0.000e+00
      22398    933.208     16.899     17.005    26.0922    26.0802   5.611277   5.609480     2.6288     2.2039       7.16   21.55016  -86.74906   -0.00225   -0.00170          1  0.000e+00
      22399    933.250     16.858     16.964    26.0915    26.0795   5.611370   5.609456     2.6288     2.2039       7.16   21.55016  -86.74906   -0.00219   -0.00167          1  0.000e+00
      22400    933.292     16.858     16.964    26.0938    26.0791   5.611518   5.609377     2.6288     2.2027       7.16   21.55016  -86.74906   -0.00214   -0.00167          1  0.000e+00
      22401    933.333     16.858     16.964    26.0975    26.0790   5.611604   5.609283     2.6288     2.2027       7.16   21.55016  -86.74906   -0.00208   -0.00167          1  0.000e+00
      22402    933.375     16.851     16.957    26.0983    26.0786   5.611689   5.609338     2.6288     2.2039       7.16   21.55016  -86.74906   -0.00204   -0.00164          1  0.000e+00
      22403    933.417     16.858     16.964    26.0985    26.0787   5.611767   5.609322     2.6288     2.2039       7.16   21.55016  -86.74906   -0.00200   -0.00162          1  0.000e+00
      22404    933.458     16.858     16.964    26.1023    26.0791   5.611868   5.609314     2.6288     2.2039       7.16   21.55016  -86.74906   -0.00196   -0.00159          1  0.000e+00
      22405    933.500     16.858     16.964    26.1055    26.0791   5.611899   5.609338     2.6288     2.2039       7.16   21.55016  -86.74906   -0.00191   -0.00157          1  0.000e+00
      22406    933.542     16.851     16.957    26.1086    26.0791   5.611930   5.609385     2.6288     2.2051       7.18   21.55016  -86.74906   -0.00186   -0.00153          1  0.000e+00
      22407    933.583     16.804     16.909    26.1089    26.0786   5.611969   5.609401     2.6288     2.2051       7.20   21.55016  -86.74906   -0.00183   -0.00149          1  0.000e+00
      22408    933.625     16.858     16.964    26.1080    26.0789   5.612055   5.609330     2.6288     2.2051       7.20   21.55016  -86.74906   -0.00180   -0.00144          1  0.000e+00
      22409    933.667     16.858     16.964    26.1073    26.0795   5.612117   5.609409     2.6288     2.2051       7.20   21.55016  -86.74906   -0.00176   -0.00140          1  0.000e+00
      22410    933.708     16.851     16.957    26.1077    26.0802   5.611977   5.609480     2.6288     2.2051       7.20   21.55016  -86.74906   -0.00172   -0.00135          1  0.000e+00
      22411    933.750     16.858     16.964    26.1082    26.0809   5.611938   5.609456     2.6288     2.2051       7.20   21.55016  -86.74906   -0.00169   -0.00131          1  0.000e+00
      22412    933.792     16.858     16.964    26.1071    26.0809   5.611946   5.609480     2.6288     2.2051       7.20   21.55016  -86.74906   -0.00163   -0.00126          1  0.000e+00
      22413    933.833     16.797     16.903    26.1062    26.0806   5.611876   5.609496     2.6288     2.2051       7.20   21.55016  -86.74906   -0.00157   -0.00121          1  0.000e+00
      22414    933.875     16.858     16.964    26.1062    26.0807   5.611876   5.609496     2.6288     2.2051       7.20   21.55016  -86.74906   -0.00153   -0.00116          1  0.000e+00
      22415    933.917     16.804     16.909    26.1070    26.0811   5.611860   5.609496     2.6288     2.2051       7.20   21.55016  -86.74906   -0.00148   -0.00111          1  0.000e+00
      22416    933.958     16.858     16.964    26.1082    26.0806   5.611852   5.609385     2.6288     2.2063       7.20   21.55016  -86.74906   -0.00142   -0.00106          1  0.000e+00
      22417    934.000     16.851     16.957    26.1086    26.0802   5.611813   5.609385     2.6288     2.2051       7.20   21.55016  -86.74906   -0.00137   -0.00102          1  0.000e+00
      22418    934.042     16.858     16.964    26.1082    26.0795   5.611728   5.609330     2.6288     2.2051       7.20   21.55016  -86.74906   -0.00133   -0.00098          1  0.000e+00
      22419    934.083     16.858     16.964    26.1093    26.0793   5.611673   5.609275     2.6276     2.2051       7.20   21.55016  -86.74906   -0.00129   -0.00095          1  0.000e+00
      22420    934.125     16.804     16.909    26.1082    26.0793   5.611627   5.609330     2.6288     2.2051       7.20   21.55016  -86.74906   -0.00124   -0.00091          1  0.000e+00
      22421    934.167     16.851     16.957    26.1071    26.0790   5.611541   5.609354     2.6288     2.2051       7.20   21.55016  -86.74906   -0.00117   -0.00087          1  0.000e+00
      22422    934.208     16.858     16.964    26.1057    26.0784   5.611494   5.609354     2.6276     2.2051       7.20   21.55016  -86.74906   -0.00113   -0.00084          1  0.000e+00
      22423    934.250     16.858     16.964    26.1046    26.0787   5.611518   5.609354     2.6288     2.2051       7.20   21.55016  -86.74906   -0.00108   -0.00080          1  0.000e+00
      22424    934.292     16.858     16.964    26.1037    26.0791   5.611494   5.609354     2.6288     2.2039       7.20   21.55016  -86.74906   -0.00102   -0.00077          1  0.000e+00
      22425    934.333     16.797     16.902    26.1014    26.0795   5.611510   5.609425     2.6276     2.2051       7.20   21.55016  -86.74906   -0.00098   -0.00073          1  0.000e+00
      22426    934.375     16.905     17.011    26.0994    26.0797   5.611456   5.609377     2.6276     2.2051       7.20   21.55016  -86.74906   -0.00093   -0.00069          1  0.000e+00
      22427    934.417     16.804     16.909    26.0999    26.0801   5.611471   5.609385     2.6276     2.2039       7.20   21.55016  -86.74906   -0.00089   -0.00068          1  0.000e+00
      22428    934.458     16.858     16.964    26.1003    26.0805   5.611541   5.609401     2.6276     2.2039       7.20   21.55016  -86.74906   -0.00084   -0.00066          1  0.000e+00
      22429    934.500     16.851     16.957    26.1006    26.0804   5.611502   5.609401     2.6276     2.2051       7.20   21.55016  -86.74906   -0.00079   -0.00062          1  0.000e+00
      22430    934.542     16.858     16.964    26.1005    26.0802   5.611487   5.609370     2.6276     2.2051       7.20   21.55016  -86.74906   -0.00074   -0.00057          1  0.000e+00
      22431    934.583     16.804     16.909    26.1025    26.0800   5.611557   5.609322     2.6276     2.2051       7.20   21.55016  -86.74906   -0.00071   -0.00053          1  0.000e+00
      22432    934.625     16.905     17.011    26.1037    26.0799   5.611603   5.609346     2.6276     2.2039       7.23   21.55016  -86.74906   -0.00067   -0.00050          1  0.000e+00
