Gulf of Mexico/GOMECC-4/1db/rb2103_0691.cnv
* Sea-Bird SBE 9 Data File:
* FileName = C:\Users\scs.user.rb\CTD\GOMECC4\data\rb2103_0691.hex
* Software Version Seasave V 7.26.7.107
* Temperature SN = 4799
* Conductivity SN = 3860
* Number of Bytes Per Scan = 41
* Number of Voltage Words = 4
* Number of Scans Averaged by the Deck Unit = 1
* NMEA Latitude = 26 03.53 N
* NMEA Longitude = 095 07.24 W
* NMEA UTC (Time) = Oct 03 2021  11:22:54
* NMEA baud rate = 4800
# nquan = 28
# nvalues = 743                         
# units = specified
# name 0 = scan: Scan Count
# name 1 = timeS: Time, Elapsed [seconds]
# name 2 = depSM: Depth [salt water, m]
# name 3 = prDM: Pressure, Digiquartz [db]
# name 4 = t090C: Temperature [ITS-90, deg C]
# name 5 = t190C: Temperature, 2 [ITS-90, deg C]
# name 6 = c0S/m: Conductivity [S/m]
# name 7 = c1S/m: Conductivity, 2 [S/m]
# name 8 = sbeox0V: Oxygen raw, SBE 43 [V]
# name 9 = sbeox1V: Oxygen raw, SBE 43, 2 [V]
# name 10 = altM: Altimeter [m]
# name 11 = latitude: Latitude [deg]
# name 12 = longitude: Longitude [deg]
# name 13 = sbox0dV/dT: Oxygen, SBE 43 [dov/dt]
# name 14 = sbox1dV/dT: Oxygen, SBE 43, 2 [dov/dt]
# name 15 = sbeox0ML/L: Oxygen, SBE 43 [ml/l], WS = 5
# name 16 = sbeox1ML/L: Oxygen, SBE 43, 2 [ml/l], WS = 5
# name 17 = potemp090C: Potential Temperature [ITS-90, deg C]
# name 18 = potemp190C: Potential Temperature, 2 [ITS-90, deg C]
# name 19 = sal00: Salinity, Practical [PSU]
# name 20 = sal11: Salinity, Practical, 2 [PSU]
# name 21 = sigma-é00: Density [sigma-theta, kg/m^3]
# name 22 = sigma-é11: Density, 2 [sigma-theta, kg/m^3]
# name 23 = avgsvCM: Average Sound Velocity [Chen-Millero, m/s], minP = 20, minS = 20
# name 24 = sbox0Mm/Kg: Oxygen, SBE 43 [umol/kg], WS = 5
# name 25 = sbox1Mm/Kg: Oxygen, SBE 43, 2 [umol/kg], WS = 5
# name 26 = nbin: number of scans per bin
# name 27 = flag: flag
# span 0 =       5895,     154871       
# span 1 =    245.587,   6452.927       
# span 2 =      1.987,   1937.179       
# span 3 =      2.000,   1959.000       
# span 4 =     4.3110,    30.0000       
# span 5 =     4.3114,    30.0010       
# span 6 =   3.352080,   6.067061       
# span 7 =   3.352039,   6.066899       
# span 8 =     1.5699,     3.3754       
# span 9 =     1.2732,     2.8885       
# span 10 =      10.02,     102.45      
# span 11 =   25.97330,   26.57033      
# span 12 =  -96.98970,  -94.80807      
# span 13 =   -0.02674,    0.04224      
# span 14 =   -0.02648,    0.03911      
# span 15 =     2.4108,     5.0590      
# span 16 =     2.4272,     5.0692      
# span 17 =     4.1430,    29.9963      
# span 18 =     4.1438,    29.9973      
# span 19 =    34.9059,    36.9144      
# span 20 =    34.9053,    36.9125      
# span 21 =    22.5600,    27.7505      
# span 22 =    22.5594,    27.7495      
# span 23 =       0.00,    1547.43      
# span 24 =    104.830,    220.629      
# span 25 =    105.542,    221.083      
# span 26 =         30,         74      
# span 27 = 0.0000e+00, 0.0000e+00      
# interval = decibars: 1                
# start_time = Oct 03 2021 11:22:54 [NMEA time, header]
# bad_flag = -9.990e-29
*END*
[from data line 363]
      59777   2490.686   1912.569   1934.000     4.3164     4.3170   3.365078   3.365040     1.8868     1.5698      34.59   26.05964  -95.12064   -0.00026   -0.00014     4.6349     4.6665     4.1508     4.1514    34.9707    34.9697    27.7470    27.7461    1498.52    201.406    202.779         34 0.0000e+00
      59814   2492.228   1913.553   1935.000     4.3163     4.3170   3.365112   3.365073     1.8866     1.5694      45.60   26.05964  -95.12064   -0.00015   -0.00013     4.6350     4.6656     4.1506     4.1513    34.9707    34.9696    27.7470    27.7461    1498.52    201.412    202.740         38 0.0000e+00
      59850   2493.707   1914.538   1936.000     4.3163     4.3170   3.365145   3.365121     1.8865     1.5693      33.63   26.05964  -95.12064   -0.00007   -0.00015     4.6351     4.6657     4.1505     4.1512    34.9707    34.9697    27.7470    27.7461    1498.52    201.414    202.743         32 0.0000e+00
      59882   2495.043   1915.522   1937.000     4.3164     4.3168   3.365191   3.365147     1.8863     1.5691      31.66   26.05964  -95.12064   -0.00012   -0.00013     4.6350     4.6654     4.1505     4.1509    34.9707    34.9697    27.7470    27.7461    1498.52    201.413    202.731         34 0.0000e+00
      59919   2496.595   1916.507   1938.000     4.3164     4.3169   3.365245   3.365190     1.8863     1.5689      30.57   26.05964  -95.12064   -0.00008   -0.00012     4.6355     4.6652     4.1505     4.1509    34.9708    34.9697    27.7471    27.7462    1498.52    201.434    202.723         40 0.0000e+00
      59957   2498.161   1917.491   1939.000     4.3162     4.3167   3.365263   3.365216     1.8861     1.5688      65.38   26.05964  -95.12064   -0.00002   -0.00011     4.6354     4.6651     4.1501     4.1506    34.9707    34.9697    27.7471    27.7462    1498.52    201.426    202.719         33 0.0000e+00
      60015   2500.586   1919.460   1941.000     4.3161     4.3167   3.365298   3.365248     1.8858     1.5680      27.73   26.05923  -95.11914   -0.00012   -0.00022     4.6355     4.6633     4.1498     4.1504    34.9703    34.9691    27.7467    27.7458    1498.50    201.434    202.639         33 0.0000e+00
      60056   2502.282   1920.444   1942.000     4.3158     4.3164   3.365356   3.365310     1.8856     1.5680      26.63   26.05964  -95.12064   -0.00010   -0.00023     4.6354     4.6635     4.1494     4.1501    34.9709    34.9696    27.7473    27.7462    1498.52    201.427    202.651         46 0.0000e+00
      60095   2503.931   1921.429   1943.000     4.3158     4.3164   3.365400   3.365363     1.8854     1.5678      25.71   26.05964  -95.12064   -0.00017   -0.00012     4.6351     4.6634     4.1493     4.1499    34.9709    34.9698    27.7473    27.7463    1498.52    201.414    202.646         32 0.0000e+00
      60125   2505.164   1922.413   1944.000     4.3159     4.3165   3.365447   3.365405     1.8852     1.5678      24.90   26.05964  -95.12064   -0.00014   -0.00006     4.6350     4.6642     4.1493     4.1499    34.9709    34.9697    27.7473    27.7463    1498.52    201.409    202.680         30 0.0000e+00
      60158   2506.539   1923.398   1945.000     4.3153     4.3161   3.365444   3.365400     1.8852     1.5678      23.85   26.05964  -95.12064   -0.00009   -0.00002     4.6356     4.6646     4.1487     4.1494    34.9709    34.9697    27.7474    27.7463    1498.52    201.437    202.696         36 0.0000e+00
      60193   2508.016   1924.382   1946.000     4.3152     4.3159   3.365469   3.365433     1.8852     1.5677      22.77   26.05964  -95.12064   -0.00005   -0.00002     4.6359     4.6650     4.1485     4.1491    34.9709    34.9698    27.7474    27.7464    1498.52    201.452    202.715         33 0.0000e+00
      60227   2509.403   1925.366   1947.000     4.3149     4.3155   3.365472   3.365439     1.8852     1.5678      21.90   26.05964  -95.12064   -0.00003    0.00000     4.6366     4.6660     4.1480     4.1486    34.9708    34.9698    27.7473    27.7464    1498.53    201.481    202.757         35 0.0000e+00
      60264   2510.969   1926.351   1948.000     4.3148     4.3154   3.365511   3.365476     1.8851     1.5678      20.79   26.05964  -95.12064   -0.00002    0.00000     4.6369     4.6667     4.1479     4.1485    34.9708    34.9698    27.7474    27.7465    1498.53    201.491    202.790         39 0.0000e+00
      60299   2512.431   1927.335   1949.000     4.3141     4.3147   3.365498   3.365465     1.8849     1.5678      19.96   26.05964  -95.12064   -0.00005    0.00001     4.6369     4.6673     4.1471     4.1477    34.9710    34.9699    27.7476    27.7467    1498.53    201.496    202.815         30 0.0000e+00
      60329   2513.651   1928.319   1950.000     4.3122     4.3127   3.365386   3.365319     1.8848     1.5678      18.94   26.05964  -95.12064   -0.00011    0.00001     4.6375     4.6682     4.1451     4.1456    34.9711    34.9699    27.7479    27.7469    1498.53    201.518    202.853         31 0.0000e+00
      60363   2515.071   1929.304   1951.000     4.3111     4.3114   3.365318   3.365245     1.8846     1.5678      17.92   26.05964  -95.12064   -0.00011   -0.00001     4.6372     4.6691     4.1439     4.1442    34.9710    34.9700    27.7480    27.7471    1498.53    201.504    202.893         38 0.0000e+00
      60402   2516.729   1930.288   1952.000     4.3110     4.3115   3.365361   3.365301     1.8846     1.5681      26.79   26.05964  -95.12064   -0.00011    0.00004     4.6378     4.6707     4.1437     4.1442    34.9712    34.9699    27.7481    27.7471    1498.53    201.531    202.961         38 0.0000e+00
      60437   2518.151   1931.272   1953.000     4.3113     4.3119   3.365416   3.365384     1.8850     1.5681      38.54   26.05964  -95.12064    0.00005    0.00012     4.6399     4.6712     4.1439     4.1445    34.9710    34.9701    27.7480    27.7472    1498.53    201.623    202.986         32 0.0000e+00
      60468   2519.462   1932.257   1954.000     4.3121     4.3123   3.365531   3.365452     1.8850     1.5679      15.40   26.05964  -95.12064    0.00015    0.00002     4.6407     4.6712     4.1446     4.1448    34.9711    34.9700    27.7480    27.7471    1498.53    201.659    202.982         32 0.0000e+00
      60845   2535.181   1935.208   1957.000     4.3111     4.3117   3.365698   3.365655     1.8854     1.5680      12.02   26.06085  -95.12507    0.00001    0.00001     4.6437     4.6732     4.1433     4.1439    34.9727    34.9716    27.7494    27.7484    1498.60    201.789    203.069         37 0.0000e+00
      62283   2595.075   1937.179   1959.000     4.3110     4.3118   3.365877   3.365845     1.8853     1.5675      10.02   26.06186  -95.12881    0.00000    0.00002     4.6448     4.6722     4.1430     4.1438    34.9740    34.9729    27.7505    27.7495    1498.67    201.835    203.029         34 0.0000e+00
      63473   2644.653   1915.523   1937.000     4.3167     4.3174   3.365215   3.365180     1.8863     1.5678      30.83   26.05967  -95.12091    0.00001   -0.00003     4.6349     4.6597     4.1508     4.1515    34.9706    34.9695    27.7469    27.7459    1498.54    201.407    202.485         30 0.0000e+00
      64047   2668.575   1892.880   1914.000     4.3181     4.3189   3.364404   3.364379     1.8884     1.5702      53.31   26.05970  -95.12108    0.00012    0.00014     4.6291     4.6558     4.1545     4.1552    34.9705    34.9694    27.7464    27.7455    1498.55    201.156    202.314         30 0.0000e+00
      64169   2673.668   1887.957   1909.000     4.3196     4.3208   3.364351   3.364355     1.8892     1.5711      58.28   26.06000  -95.12217    0.00012    0.00022     4.6293     4.6565     4.1564     4.1576    34.9708    34.9695    27.7464    27.7453    1498.56    201.162    202.347         31 0.0000e+00
      64199   2674.927   1886.972   1908.000     4.3196     4.3210   3.364265   3.364286     1.8892     1.5710      59.35   26.05958  -95.12064    0.00010    0.00014     4.6286     4.6556     4.1566     4.1579    34.9701    34.9690    27.7459    27.7449    1498.54    201.133    202.308         30 0.0000e+00
      64319   2679.930   1882.050   1903.000     4.3204     4.3210   3.364170   3.364129     1.8897     1.5705      64.27   26.05991  -95.12184    0.00009   -0.00011     4.6274     4.6501     4.1578     4.1584    34.9707    34.9695    27.7462    27.7452    1498.56    201.080    202.068         30 0.0000e+00
      64349   2681.180   1881.065   1902.000     4.3203     4.3210   3.364080   3.364049     1.8899     1.5705      65.28   26.05958  -95.12064    0.00007   -0.00025     4.6278     4.6498     4.1578     4.1585    34.9701    34.9690    27.7458    27.7448    1498.54    201.098    202.052         31 0.0000e+00
      65332   2722.128   1842.663   1863.000     4.3199     4.3204   3.362455   3.362413     1.8944     1.5752     100.00   26.05961  -95.12076    0.00029    0.00010     4.6221     4.6463     4.1612     4.1618    34.9701    34.9690    27.7454    27.7444    1498.54    200.851    201.901         31 0.0000e+00
      65454   2727.221   1837.739   1858.000     4.3198     4.3205   3.362269   3.362237     1.8951     1.5764     100.00   26.05990  -95.12180    0.00012    0.00011     4.6217     4.6486     4.1617     4.1623    34.9704    34.9693    27.7455    27.7446    1498.56    200.831    202.002         30 0.0000e+00
      65484   2728.468   1836.754   1857.000     4.3198     4.3205   3.362188   3.362158     1.8950     1.5765     100.00   26.05957  -95.12064    0.00011    0.00012     4.6208     4.6483     4.1617     4.1624    34.9699    34.9688    27.7452    27.7442    1498.54    200.796    201.988         31 0.0000e+00
      67313   2804.662   1828.877   1849.000     4.3201     4.3209   3.361859   3.361843     1.8955     1.5769      94.05   26.05928  -95.11975   -0.00000   -0.00015     4.6179     4.6451     4.1628     4.1636    34.9695    34.9685    27.7447    27.7439    1498.53    200.668    201.849         42 0.0000e+00
      67356   2806.471   1827.891   1848.000     4.3199     4.3206   3.361834   3.361811     1.8958     1.5773      93.37   26.05952  -95.12064    0.00006    0.00013     4.6185     4.6464     4.1628     4.1635    34.9699    34.9689    27.7451    27.7442    1498.54    200.693    201.906         47 0.0000e+00
      67409   2808.687   1826.907   1847.000     4.3199     4.3206   3.361793   3.361765     1.8960     1.5775     100.13   26.05952  -95.12064    0.00013    0.00014     4.6187     4.6465     4.1628     4.1635    34.9699    34.9689    27.7451    27.7442    1498.54    200.704    201.912         54 0.0000e+00
      67459   2810.759   1825.922   1846.000     4.3198     4.3206   3.361739   3.361718     1.8961     1.5776      93.20   26.05952  -95.12064    0.00006    0.00004     4.6184     4.6462     4.1628     4.1636    34.9699    34.9688    27.7450    27.7441    1498.54    200.691    201.896         46 0.0000e+00
      67500   2812.461   1824.937   1845.000     4.3198     4.3205   3.361691   3.361672     1.8961     1.5776      93.56   26.05952  -95.12064    0.00001    0.00004     4.6179     4.6458     4.1630     4.1636    34.9698    34.9688    27.7449    27.7441    1498.54    200.666    201.880         36 0.0000e+00
      67535   2813.896   1823.952   1844.000     4.3197     4.3204   3.361649   3.361622     1.8961     1.5775      99.91   26.05952  -95.12064    0.00002 5.9721e-07     4.6174     4.6447     4.1630     4.1636    34.9698    34.9688    27.7450    27.7441    1498.54    200.645    201.834         35 0.0000e+00
      67570   2815.374   1822.967   1843.000     4.3197     4.3204   3.361606   3.361578     1.8963     1.5777     100.00   26.05952  -95.12064    0.00005   -0.00003     4.6176     4.6448     4.1630     4.1638    34.9699    34.9687    27.7450    27.7440    1498.54    200.656    201.836         34 0.0000e+00
      67926   2830.192   1810.164   1830.000     4.3185     4.3193   3.360983   3.360949     1.8988     1.5798     100.00   26.05955  -95.12080    0.00022   -0.00007     4.6197     4.6464     4.1632     4.1639    34.9700    34.9688    27.7451    27.7440    1498.54    200.745    201.906         30 0.0000e+00
      68085   2836.814   1804.254   1824.000     4.3185     4.3192   3.360710   3.360665     1.8997     1.5803     100.00   26.05932  -95.11998    0.00019    0.00001     4.6198     4.6448     4.1637     4.1644    34.9696    34.9684    27.7447    27.7437    1498.53    200.752    201.835         31 0.0000e+00
      68351   2847.927   1794.405   1814.000     4.3186     4.3194   3.360307   3.360278     1.9009     1.5824     100.00   26.05939  -95.12030    0.00027    0.00032     4.6185     4.6474     4.1648     4.1656    34.9696    34.9685    27.7446    27.7436    1498.53    200.695    201.951         30 0.0000e+00
      68455   2852.257   1790.465   1810.000     4.3193     4.3199   3.360248   3.360209     1.9012     1.5824     100.00   26.05974  -95.12158    0.00006   -0.00001     4.6170     4.6450     4.1659     4.1664    34.9701    34.9691    27.7449    27.7440    1498.55    200.630    201.845         30 0.0000e+00
      68485   2853.508   1789.480   1809.000     4.3194     4.3200   3.360182   3.360147     1.9013     1.5824     100.00   26.05948  -95.12064    0.00005   -0.00002     4.6170     4.6443     4.1661     4.1667    34.9697    34.9687    27.7445    27.7436    1498.54    200.628    201.817         31 0.0000e+00
      69245   2885.146   1759.928   1779.000     4.3217     4.3224   3.359086   3.359058     1.9045     1.5849     100.00   26.05892  -95.11860    0.00013   -0.00003     4.6110     4.6366     4.1713     4.1719    34.9688    34.9677    27.7432    27.7424    1498.51    200.369    201.481         31 0.0000e+00
      69348   2889.461   1758.942   1778.000     4.3218     4.3223   3.359103   3.359067     1.9046     1.5853     100.00   26.05948  -95.12066 -2.581e-07    0.00007     4.6108     4.6378     4.1715     4.1720    34.9694    34.9684    27.7437    27.7429    1498.54    200.360    201.531         48 0.0000e+00
      70163   2923.409   1726.430   1745.000     4.3206     4.3212   3.357641   3.357600     1.9094     1.5901     100.00   26.05937  -95.12038    0.00008    0.00014     4.6101     4.6384     4.1735     4.1741    34.9693    34.9682    27.7434    27.7425    1498.54    200.330    201.557         31 0.0000e+00
      70286   2928.526   1721.504   1740.000     4.3205     4.3210   3.357410   3.357363     1.9100     1.5909      75.63   26.05930  -95.12016    0.00009    0.00013     4.6092     4.6389     4.1739     4.1744    34.9691    34.9680    27.7432    27.7423    1498.53    200.289    201.580         31 0.0000e+00
      70990   2957.885   1693.913   1712.000     4.3190     4.3195   3.356099   3.356049     1.9144     1.5946     100.00   26.05906  -95.11926    0.00009    0.00001     4.6098     4.6378     4.1751     4.1756    34.9688    34.9677    27.7428    27.7419    1498.52    200.316    201.532         33 0.0000e+00
      71082   2961.722   1692.928   1711.000     4.3186     4.3192   3.356070   3.356029     1.9145     1.5946     100.00   26.05944  -95.12066    0.00000    0.00002     4.6096     4.6372     4.1748     4.1754    34.9693    34.9683    27.7433    27.7424    1498.54    200.309    201.505         49 0.0000e+00
      71175   2965.589   1691.942   1710.000     4.3187     4.3193   3.356031   3.355992     1.9146     1.5946      63.53   26.05944  -95.12066    0.00004   -0.00004     4.6094     4.6362     4.1750     4.1756    34.9692    34.9682    27.7432    27.7423    1498.54    200.301    201.463         46 0.0000e+00
      71278   2969.868   1690.957   1709.000     4.3189     4.3195   3.356000   3.355966     1.9147     1.5955     102.45   26.05942  -95.12066    0.00001    0.00024     4.6091     4.6396     4.1753     4.1758    34.9692    34.9682    27.7431    27.7423    1498.54    200.288    201.611         46 0.0000e+00
