Gulf of Mexico/GOMECC-4/1db/rb2103_0221.ros
* Sea-Bird SBE 9 Data File:
* FileName = C:\Users\scs.user.rb\CTD\GOMECC4\data\rb2103_0221.hex
* Software Version Seasave V 7.26.7.107
* Temperature SN = 4799
* Conductivity SN = 3860
* Number of Bytes Per Scan = 41
* Number of Voltage Words = 4
* Number of Scans Averaged by the Deck Unit = 1
* NMEA Latitude = 29 02.28 N
* NMEA Longitude = 085 46.96 W
* NMEA UTC (Time) = Sep 21 2021  00:10:54
* NMEA baud rate = 4800
# nquan = 17
# nvalues = 1330                                  
# units = specified
# name 0 = scan: Scan Count
# name 1 = timeS: Time, Elapsed [seconds]
# name 2 = depSM: Depth [salt water, m]
# name 3 = prDM: Pressure, Digiquartz [db]
# name 4 = t090C: Temperature [ITS-90, deg C]
# name 5 = t190C: Temperature, 2 [ITS-90, deg C]
# name 6 = c0S/m: Conductivity [S/m]
# name 7 = c1S/m: Conductivity, 2 [S/m]
# name 8 = sbeox0V: Oxygen raw, SBE 43 [V]
# name 9 = sbeox1V: Oxygen raw, SBE 43, 2 [V]
# name 10 = altM: Altimeter [m]
# name 11 = latitude: Latitude [deg]
# name 12 = longitude: Longitude [deg]
# name 13 = sbox0dV/dT: Oxygen, SBE 43 [dov/dt]
# name 14 = sbox1dV/dT: Oxygen, SBE 43, 2 [dov/dt]
# name 15 = nbf: Bottles Fired
# name 16 = flag:  0.000e+00
# interval = seconds: 0.0416667
# start_time = Sep 21 2021 00:10:54 [NMEA time, header]
# bad_flag = -9.990e-29
*END*
[from data line 852]
      45938   1914.042     44.976     45.285    26.5944    26.5710   5.620210   5.616309     3.0232     2.5653      46.54   29.03258  -85.78548    0.00265    0.00025          7  0.000e+00
      45939   1914.083     44.908     45.217    26.5962    26.5611   5.620335   5.615338     3.0232     2.5653      46.57   29.03258  -85.78548    0.00268    0.00041          7  0.000e+00
      45940   1914.125     44.968     45.278    26.5976    26.5525   5.620374   5.614329     3.0232     2.5653      46.54   29.03258  -85.78548    0.00271    0.00057          7  0.000e+00
      45941   1914.167     44.923     45.232    26.5969    26.5424   5.620405   5.613304     3.0232     2.5653      47.37   29.03258  -85.78548    0.00273    0.00073          7  0.000e+00
      45942   1914.208     44.908     45.217    26.5962    26.5323   5.620350   5.612878     3.0232     2.5653      78.58   29.03258  -85.78548    0.00276    0.00088          7  0.000e+00
      45943   1914.250     44.968     45.278    26.5964    26.5451   5.620187   5.614992     3.0232     2.5653      99.44   29.03258  -85.78548    0.00276    0.00103          7  0.000e+00
      45944   1914.292     44.968     45.278    26.5951    26.5695   5.620031   5.618328     3.0232     2.5665     100.00   29.03258  -85.78548    0.00276    0.00117          7  0.000e+00
      45945   1914.333     44.923     45.232    26.5911    26.5932   5.619938   5.620861     3.0232     2.5665     100.00   29.03258  -85.78548    0.00276    0.00132          7  0.000e+00
      45946   1914.375     44.908     45.217    26.5915    26.6151   5.619805   5.622557     3.0232     2.5665     100.00   29.03258  -85.78548    0.00275    0.00146          7  0.000e+00
      45947   1914.417     44.968     45.278    26.5937    26.6270   5.619798   5.623599     3.0232     2.5665     100.00   29.03258  -85.78548    0.00275    0.00159          7  0.000e+00
      45948   1914.458     44.976     45.285    26.5948    26.6334   5.619782   5.624341     3.0232     2.5653     100.00   29.03258  -85.78548    0.00274    0.00168          7  0.000e+00
      45949   1914.500     44.908     45.217    26.5958    26.6414   5.619735   5.625059     3.0232     2.5665     100.00   29.03258  -85.78548    0.00272    0.00180          7  0.000e+00
      45950   1914.542     44.968     45.278    26.5960    26.6489   5.619727   5.625699     3.0232     2.5665     100.00   29.03258  -85.78548    0.00271    0.00189          7  0.000e+00
      45951   1914.583     44.968     45.278    26.5964    26.6477   5.619657   5.625501     3.0232     2.5665     100.00   29.03258  -85.78548    0.00269    0.00199          7  0.000e+00
      45952   1914.625     44.923     45.232    26.5940    26.6446   5.619595   5.625107     3.0232     2.5665     100.00   29.03258  -85.78548    0.00266    0.00208          7  0.000e+00
      45953   1914.667     45.021     45.331    26.5886    26.6431   5.619517   5.624878     3.0244     2.5665     100.00   29.03258  -85.78548    0.00266    0.00216          7  0.000e+00
      45954   1914.708     44.908     45.217    26.5902    26.6431   5.619362   5.624696     3.0232     2.5665     100.00   29.03258  -85.78548    0.00263    0.00221          7  0.000e+00
      45955   1914.750     45.021     45.331    26.5924    26.6363   5.619276   5.623638     3.0244     2.5653     100.00   29.03258  -85.78548    0.00262    0.00225          7  0.000e+00
      45956   1914.792     44.923     45.232    26.5929    26.6230   5.619190   5.622226     3.0232     2.5653     100.00   29.03258  -85.78548    0.00258    0.00227          7  0.000e+00
      45957   1914.833     44.968     45.278    26.5920    26.6188   5.619128   5.622044     3.0244     2.5653     100.00   29.03258  -85.78548    0.00256    0.00229          7  0.000e+00
      45958   1914.875     44.968     45.278    26.5907    26.6168   5.619190   5.621792     3.0232     2.5653     100.00   29.03258  -85.78548    0.00254    0.00231          7  0.000e+00
      45959   1914.917     44.976     45.285    26.5915    26.6075   5.619455   5.621058     3.0244     2.5653     100.00   29.03258  -85.78548    0.00253    0.00230          7  0.000e+00
      45960   1914.958     44.968     45.278    26.5953    26.5981   5.619844   5.620159     3.0232     2.5653     100.00   29.03258  -85.78548    0.00251    0.00230          7  0.000e+00
      45961   1915.000     45.021     45.331    26.5998    26.5883   5.620233   5.618683     3.0232     2.5653     100.00   29.03258  -85.78548    0.00248    0.00229          7  0.000e+00
      45962   1915.042     44.908     45.217    26.5964    26.5768   5.620163   5.617397     3.0232     2.5653     100.00   29.03258  -85.78548    0.00245    0.00229          7  0.000e+00
      45963   1915.083     44.976     45.285    26.5885    26.5692   5.619681   5.616537     3.0232     2.5665     100.00   29.03258  -85.78548    0.00241    0.00228          7  0.000e+00
      45964   1915.125     44.968     45.278    26.5897    26.5631   5.619323   5.616088     3.0232     2.5653     100.00   29.03258  -85.78548    0.00237    0.00226          7  0.000e+00
      45965   1915.167     45.021     45.331    26.5948    26.5602   5.619292   5.615796     3.0232     2.5653      99.98   29.03258  -85.78548    0.00233    0.00225          7  0.000e+00
      45966   1915.208     44.976     45.286    26.5967    26.5584   5.619478   5.615851     3.0232     2.5665      59.56   29.03258  -85.78548    0.00231    0.00225          7  0.000e+00
      45967   1915.250     44.968     45.278    26.5976    26.5602   5.619774   5.616538     3.0232     2.5653      27.52   29.03258  -85.78548    0.00228    0.00222          7  0.000e+00
      45968   1915.292     44.968     45.278    26.5991    26.5683   5.619930   5.617232     3.0232     2.5665      21.56   29.03258  -85.78548    0.00225    0.00220          7  0.000e+00
      45969   1915.333     45.021     45.331    26.5987    26.5726   5.620023   5.617208     3.0232     2.5665      23.69   29.03258  -85.78548    0.00222    0.00219          7  0.000e+00
      45970   1915.375     44.976     45.286    26.5998    26.5699   5.620148   5.616806     3.0232     2.5665      25.23   29.03258  -85.78548    0.00219    0.00218          7  0.000e+00
      45971   1915.417     44.968     45.278    26.6015    26.5646   5.620304   5.616490     3.0232     2.5665      25.49   29.03258  -85.78548    0.00216    0.00216          7  0.000e+00
      45972   1915.458     44.968     45.278    26.6042    26.5629   5.620506   5.616403     3.0232     2.5653      25.37   29.03258  -85.78548    0.00212    0.00213          7  0.000e+00
      45973   1915.500     44.976     45.286    26.6061    26.5640   5.620654   5.616553     3.0232     2.5653      25.30   29.03258  -85.78548    0.00210    0.00210          7  0.000e+00
      45974   1915.542     44.968     45.278    26.6078    26.5640   5.620934   5.616679     3.0232     2.5653      25.30   29.03258  -85.78548    0.00208    0.00206          7  0.000e+00
      45975   1915.583     45.021     45.331    26.6103    26.5629   5.621191   5.616703     3.0232     2.5653      25.30   29.03258  -85.78548    0.00205    0.00203          7  0.000e+00
      45976   1915.625     44.968     45.278    26.6156    26.5613   5.621627   5.616545     3.0232     2.5653      25.30   29.03258  -85.78548    0.00202    0.00199          7  0.000e+00
      45977   1915.667     44.976     45.286    26.6210    26.5613   5.622071   5.616474     3.0220     2.5653      25.30   29.03258  -85.78548    0.00198    0.00196          7  0.000e+00
      45978   1915.708     44.968     45.278    26.6237    26.5620   5.622281   5.616466     3.0232     2.5653      25.30   29.03258  -85.78548    0.00195    0.00192          7  0.000e+00
      45979   1915.750     44.968     45.278    26.6226    26.5626   5.622452   5.616451     3.0220     2.5653      25.30   29.03258  -85.78548    0.00190    0.00188          7  0.000e+00
      45980   1915.792     44.968     45.278    26.6201    26.5640   5.622499   5.616569     3.0220     2.5665      25.30   29.03258  -85.78548    0.00185    0.00185          7  0.000e+00
      45981   1915.833     44.976     45.286    26.6158    26.5655   5.622468   5.616743     3.0232     2.5665      25.30   29.03258  -85.78548    0.00182    0.00184          7  0.000e+00
      45982   1915.875     44.968     45.278    26.6120    26.5678   5.622351   5.616979     3.0232     2.5665      25.30   29.03258  -85.78548    0.00178    0.00183          7  0.000e+00
      45983   1915.917     45.021     45.331    26.6129    26.5696   5.622320   5.617200     3.0232     2.5665      25.30   29.03258  -85.78548    0.00174    0.00181          7  0.000e+00
      45984   1915.958     44.923     45.232    26.6122    26.5722   5.622180   5.617460     3.0232     2.5665      25.30   29.03258  -85.78548    0.00170    0.00180          7  0.000e+00
      45985   1916.000     44.968     45.278    26.6120    26.5752   5.621588   5.617768     3.0220     2.5665      25.30   29.03258  -85.78548    0.00164    0.00176          7  0.000e+00
      45986   1916.042     45.021     45.331    26.6052    26.5781   5.620662   5.618257     3.0232     2.5665      25.30   29.03258  -85.78548    0.00158    0.00174          7  0.000e+00
      45987   1916.083     44.968     45.278    26.6045    26.5834   5.620062   5.619583     3.0232     2.5678      25.30   29.03258  -85.78548    0.00152    0.00172          7  0.000e+00
      45988   1916.125     44.923     45.232    26.6100    26.5985   5.620054   5.621405     3.0232     2.5678      25.30   29.03258  -85.78548    0.00146    0.00172          7  0.000e+00
      45989   1916.167     44.968     45.278    26.6185    26.6129   5.620576   5.622668     3.0220     2.5678      26.06   29.03258  -85.78548    0.00139    0.00171          7  0.000e+00
      45990   1916.208     44.968     45.278    26.6184    26.6230   5.621230   5.623946     3.0232     2.5678      68.99   29.03258  -85.78548    0.00134    0.00170          7  0.000e+00
      45991   1916.250     44.976     45.286    26.6094    26.6350   5.621767   5.625004     3.0232     2.5678      98.88   29.03258  -85.78548    0.00129    0.00169          7  0.000e+00
      45992   1916.292     44.968     45.278    26.5958    26.6438   5.621970   5.625557     3.0220     2.5678     100.00   29.03258  -85.78548    0.00120    0.00167          7  0.000e+00
      45993   1916.333     44.908     45.217    26.6005    26.6488   5.621954   5.625738     3.0232     2.5678     100.00   29.03258  -85.78548    0.00114    0.00166          7  0.000e+00
      45994   1916.375     45.021     45.331    26.6070    26.6488   5.621907   5.625549     3.0232     2.5678     100.00   29.03258  -85.78548    0.00108    0.00164          7  0.000e+00
      45995   1916.417     44.923     45.232    26.6085    26.6474   5.621829   5.625343     3.0232     2.5678     100.00   29.03258  -85.78548    0.00102    0.00162          7  0.000e+00
      45996   1916.458     44.968     45.278    26.6056    26.6464   5.621806   5.625296     3.0232     2.5678      99.98   29.03258  -85.78548    0.00096    0.00159          7  0.000e+00
      45997   1916.500     44.968     45.278    26.5991    26.6471   5.621853   5.625399     3.0232     2.5678     100.00   29.03258  -85.78548    0.00090    0.00157          7  0.000e+00
      45998   1916.542     44.908     45.217    26.6024    26.6504   5.621892   5.625722     3.0232     2.5678     100.00   29.03258  -85.78548    0.00084    0.00154          7  0.000e+00
      45999   1916.583     44.976     45.286    26.6096    26.6539   5.622040   5.625943     3.0232     2.5678     100.00   29.03258  -85.78548    0.00077    0.00151          7  0.000e+00
      46000   1916.625     44.968     45.278    26.6138    26.6551   5.622118   5.626022     3.0232     2.5678     100.00   29.03258  -85.78548    0.00070    0.00148          7  0.000e+00
      46001   1916.667     44.908     45.217    26.6167    26.6548   5.622133   5.625722     3.0232     2.5665     100.00   29.03258  -85.78548    0.00065    0.00143          7  0.000e+00
      46002   1916.708     44.923     45.232    26.6189    26.6502   5.622234   5.625091     3.0232     2.5665     100.00   29.03258  -85.78548    0.00058    0.00138          7  0.000e+00
      46003   1916.750     44.969     45.278    26.6198    26.6387   5.622343   5.624372     3.0232     2.5665     100.00   29.03258  -85.78548    0.00052    0.00132          7  0.000e+00
      46004   1916.792     44.908     45.217    26.6207    26.6308   5.622569   5.623836     3.0232     2.5665     100.00   29.03258  -85.78548    0.00047    0.00127          7  0.000e+00
      46005   1916.833     44.969     45.278    26.6221    26.6290   5.622709   5.623694     3.0232     2.5653     100.00   29.03258  -85.78548    0.00041    0.00119          7  0.000e+00
      46006   1916.875     44.923     45.233    26.6239    26.6272   5.622803   5.623607     3.0244     2.5653     100.00   29.03258  -85.78548    0.00037    0.00112          7  0.000e+00
      46007   1916.917     44.969     45.278    26.6248    26.6241   5.622896   5.623481     3.0232     2.5653     100.00   29.03258  -85.78548    0.00032    0.00104          7  0.000e+00
      46008   1916.958     44.908     45.217    26.6248    26.6281   5.622951   5.623654     3.0232     2.5653     100.00   29.03258  -85.78548    0.00030    0.00096          7  0.000e+00
      46009   1917.000     44.923     45.233    26.6246    26.6301   5.622966   5.623796     3.0244     2.5653     100.00   29.03258  -85.78548    0.00027    0.00088          7  0.000e+00
      46010   1917.042     44.908     45.217    26.6247    26.6301   5.623106   5.623852     3.0244     2.5641     100.00   29.03258  -85.78548    0.00026    0.00078          7  0.000e+00
      46011   1917.083     44.969     45.278    26.6266    26.6305   5.623254   5.623962     3.0244     2.5641     100.00   29.03258  -85.78548    0.00024    0.00068          7  0.000e+00
      46012   1917.125     44.855     45.164    26.6279    26.6314   5.623363   5.624073     3.0244     2.5641     100.00   29.03258  -85.78548    0.00023    0.00057          7  0.000e+00
      46013   1917.167     44.976     45.286    26.6281    26.6332   5.623387   5.624199     3.0244     2.5641     100.00   29.03258  -85.78548    0.00023    0.00047          7  0.000e+00
      46014   1917.208     44.908     45.217    26.6283    26.6352   5.623449   5.624373     3.0244     2.5641     100.00   29.03258  -85.78548    0.00022    0.00037          7  0.000e+00
      46015   1917.250     44.908     45.217    26.6284    26.6354   5.623542   5.624554     3.0244     2.5641     100.00   29.03258  -85.78548    0.00022    0.00026          7  0.000e+00
      46016   1917.292     44.908     45.217    26.6286    26.6360   5.623566   5.624672     3.0244     2.5641     100.00   29.03258  -85.78548    0.00022    0.00017          7  0.000e+00
      48523   2021.750     30.375     30.583    28.4906    28.4947   5.610774   5.611320     3.1111     2.6508     100.00   29.03260  -85.78548   -0.00073    0.00085          8  0.000e+00
      48524   2021.792     30.428     30.636    28.4908    28.4947   5.610781   5.611265     3.1111     2.6508     100.00   29.03260  -85.78548   -0.00077    0.00084          8  0.000e+00
      48525   2021.833     30.262     30.469    28.4908    28.4943   5.610781   5.611328     3.1111     2.6508     100.00   29.03260  -85.78548   -0.00080    0.00084          8  0.000e+00
      48526   2021.875     30.262     30.469    28.4906    28.4947   5.610789   5.611281     3.1111     2.6508     100.00   29.03260  -85.78548   -0.00084    0.00082          8  0.000e+00
      48527   2021.917     30.315     30.522    28.4906    28.4942   5.610766   5.611288     3.1111     2.6508     100.00   29.03260  -85.78548   -0.00087    0.00082          8  0.000e+00
