Gulf of Mexico/GOMECC-4/1db/rb2103_1181.ros
* Sea-Bird SBE 9 Data File:
* FileName = C:\Users\scs.user.rb\CTD\GOMECC4\data\rb2103_1181.hex
* Software Version Seasave V 7.26.7.107
* Temperature SN = 4799
* Conductivity SN = 3860
* Number of Bytes Per Scan = 41
* Number of Voltage Words = 4
* Number of Scans Averaged by the Deck Unit = 1
* NMEA Latitude = 21 37.95 N
* NMEA Longitude = 086 14.49 W
* NMEA UTC (Time) = Oct 16 2021  02:01:26
* NMEA baud rate = 4800
# nquan = 17
# nvalues = 2793                                  
# units = specified
# name 0 = scan: Scan Count
# name 1 = timeS: Time, Elapsed [seconds]
# name 2 = depSM: Depth [salt water, m]
# name 3 = prDM: Pressure, Digiquartz [db]
# name 4 = t090C: Temperature [ITS-90, deg C]
# name 5 = t190C: Temperature, 2 [ITS-90, deg C]
# name 6 = c0S/m: Conductivity [S/m]
# name 7 = c1S/m: Conductivity, 2 [S/m]
# name 8 = sbeox0V: Oxygen raw, SBE 43 [V]
# name 9 = sbeox1V: Oxygen raw, SBE 43, 2 [V]
# name 10 = altM: Altimeter [m]
# name 11 = latitude: Latitude [deg]
# name 12 = longitude: Longitude [deg]
# name 13 = sbox0dV/dT: Oxygen, SBE 43 [dov/dt]
# name 14 = sbox1dV/dT: Oxygen, SBE 43, 2 [dov/dt]
# name 15 = nbf: Bottles Fired
# name 16 = flag:  0.000e+00
# interval = seconds: 0.0416667
# start_time = Oct 16 2021 02:01:26 [NMEA time, header]
# bad_flag = -9.990e-29
*END*
[from data line 1958]
     104068   4336.125     64.234     64.645    27.9727    27.9670   5.813505   5.813200     3.0415     2.5629     100.00   21.65164  -86.24644   -0.00047   -0.00108         15  0.000e+00
     104069   4336.167     64.234     64.645    27.9731    27.9664   5.813426   5.813168     3.0403     2.5629     100.00   21.65164  -86.24644   -0.00054   -0.00109         15  0.000e+00
     104070   4336.208     64.193     64.604    27.9729    27.9664   5.813473   5.813152     3.0415     2.5629     100.00   21.65164  -86.24644   -0.00057   -0.00111         15  0.000e+00
     104071   4336.250     64.179     64.590    27.9730    27.9664   5.813497   5.813192     3.0403     2.5629     100.00   21.65164  -86.24644   -0.00062   -0.00113         15  0.000e+00
     104072   4336.292     64.234     64.645    27.9733    27.9663   5.813529   5.813168     3.0415     2.5641     100.00   21.65164  -86.24644   -0.00066   -0.00113         15  0.000e+00
     104073   4336.333     64.193     64.604    27.9733    27.9666   5.813505   5.813088     3.0403     2.5641     100.00   21.65164  -86.24644   -0.00070   -0.00113         15  0.000e+00
     104074   4336.375     64.234     64.645    27.9738    27.9663   5.813529   5.813128     3.0415     2.5641     100.00   21.65164  -86.24644   -0.00074   -0.00113         15  0.000e+00
     104075   4336.417     64.180     64.591    27.9742    27.9664   5.813576   5.813152     3.0403     2.5641     100.00   21.65164  -86.24644   -0.00078   -0.00113         15  0.000e+00
     104076   4336.458     64.193     64.604    27.9738    27.9667   5.813521   5.813192     3.0403     2.5641     100.00   21.65164  -86.24644   -0.00081   -0.00114         15  0.000e+00
     104077   4336.500     64.234     64.645    27.9736    27.9668   5.813529   5.813160     3.0391     2.5653     100.00   21.65164  -86.24644   -0.00086   -0.00114         15  0.000e+00
     104078   4336.542     64.234     64.645    27.9734    27.9661   5.813576   5.813088     3.0403     2.5653     100.00   21.65164  -86.24644   -0.00089   -0.00115         15  0.000e+00
     104079   4336.583     64.234     64.645    27.9736    27.9629   5.813552   5.812928     3.0403     2.5653     100.00   21.65164  -86.24644   -0.00091   -0.00116         15  0.000e+00
     104080   4336.625     64.146     64.557    27.9727    27.9620   5.813505   5.812807     3.0391     2.5653     100.00   21.65164  -86.24644   -0.00096   -0.00118         15  0.000e+00
     104081   4336.667     64.234     64.646    27.9723    27.9620   5.813458   5.812767     3.0403     2.5641     100.00   21.65164  -86.24644   -0.00098   -0.00119         15  0.000e+00
     104082   4336.708     64.234     64.646    27.9722    27.9633   5.813450   5.812920     3.0403     2.5653     100.00   21.65164  -86.24644   -0.00100   -0.00120         15  0.000e+00
     104083   4336.750     64.194     64.605    27.9722    27.9642   5.813450   5.812976     3.0403     2.5653     100.00   21.65164  -86.24644   -0.00102   -0.00122         15  0.000e+00
     104084   4336.792     64.234     64.646    27.9716    27.9642   5.813450   5.812960     3.0403     2.5641     100.00   21.65166  -86.24642   -0.00103   -0.00125         15  0.000e+00
     104085   4336.833     64.180     64.591    27.9709    27.9638   5.813410   5.812895     3.0403     2.5653     100.00   21.65166  -86.24642   -0.00103   -0.00124         15  0.000e+00
     104086   4336.875     64.234     64.646    27.9710    27.9635   5.813402   5.812912     3.0391     2.5641     100.00   21.65166  -86.24642   -0.00106   -0.00127         15  0.000e+00
     104087   4336.917     64.194     64.605    27.9712    27.9629   5.813402   5.812855     3.0391     2.5641     100.00   21.65166  -86.24642   -0.00108   -0.00128         15  0.000e+00
     104088   4336.958     64.234     64.646    27.9722    27.9631   5.813473   5.812888     3.0391     2.5653     100.00   21.65166  -86.24642   -0.00111   -0.00128         15  0.000e+00
     104089   4337.000     64.180     64.591    27.9725    27.9644   5.813497   5.812920     3.0391     2.5641     100.00   21.65166  -86.24642   -0.00112   -0.00129         15  0.000e+00
     104090   4337.042     64.194     64.605    27.9729    27.9638   5.813458   5.812928     3.0403     2.5653     100.00   21.65166  -86.24642   -0.00114   -0.00128         15  0.000e+00
     104091   4337.083     64.235     64.646    27.9727    27.9637   5.813450   5.812912     3.0403     2.5653     100.00   21.65166  -86.24642   -0.00115   -0.00127         15  0.000e+00
     104092   4337.125     64.180     64.591    27.9727    27.9638   5.813450   5.812887     3.0403     2.5653     100.00   21.65166  -86.24642   -0.00115   -0.00126         15  0.000e+00
     104093   4337.167     64.235     64.646    27.9727    27.9637   5.813450   5.812912     3.0391     2.5653     100.00   21.65166  -86.24642   -0.00118   -0.00126         15  0.000e+00
     104094   4337.208     64.194     64.605    27.9720    27.9629   5.813410   5.812912     3.0403     2.5653     100.00   21.65166  -86.24642   -0.00117   -0.00123         15  0.000e+00
     104095   4337.250     64.181     64.592    27.9721    27.9635   5.813402   5.812960     3.0403     2.5653     100.00   21.65166  -86.24642   -0.00116   -0.00120         15  0.000e+00
     104096   4337.292     64.235     64.646    27.9716    27.9638   5.813363   5.812864     3.0403     2.5665     100.00   21.65166  -86.24642   -0.00114   -0.00116         15  0.000e+00
     104097   4337.333     64.248     64.660    27.9714    27.9627   5.813355   5.812832     3.0391     2.5665     100.00   21.65166  -86.24642   -0.00116   -0.00111         15  0.000e+00
     104098   4337.375     64.181     64.592    27.9709    27.9620   5.813315   5.812743     3.0403     2.5665     100.00   21.65166  -86.24642   -0.00115   -0.00106         15  0.000e+00
     104099   4337.417     64.235     64.646    27.9696    27.9622   5.813268   5.812767     3.0403     2.5678     100.00   21.65166  -86.24642   -0.00115   -0.00098         15  0.000e+00
     104100   4337.458     64.147     64.558    27.9688    27.9613   5.813260   5.812711     3.0403     2.5678     100.00   21.65166  -86.24642   -0.00113   -0.00092         15  0.000e+00
     104101   4337.500     64.235     64.646    27.9694    27.9594   5.813221   5.812527     3.0403     2.5665     100.00   21.65166  -86.24642   -0.00111   -0.00085         15  0.000e+00
     104102   4337.542     64.235     64.647    27.9694    27.9572   5.813284   5.812351     3.0403     2.5678     100.00   21.65166  -86.24642   -0.00110   -0.00077         15  0.000e+00
     104103   4337.583     64.181     64.592    27.9696    27.9571   5.813268   5.812335     3.0403     2.5678     100.00   21.65166  -86.24642   -0.00110   -0.00069         15  0.000e+00
     104104   4337.625     64.195     64.606    27.9692    27.9578   5.813221   5.812383     3.0403     2.5678     100.00   21.65166  -86.24642   -0.00109   -0.00060         15  0.000e+00
     106616   4442.292     44.878     45.164    28.3880    28.3745   5.852018   5.850430     3.0830     2.6020     100.00   21.65248  -86.24692   -0.00122    0.00012         16  0.000e+00
     106617   4442.333     45.027     45.314    28.3887    28.3722   5.852010   5.850213     3.0830     2.6032     100.00   21.65248  -86.24692   -0.00117    0.00021         16  0.000e+00
     106618   4442.375     44.851     45.136    28.3889    28.3719   5.852018   5.850117     3.0842     2.6032     100.00   21.65248  -86.24692   -0.00110    0.00028         16  0.000e+00
     106619   4442.417     44.926     45.211    28.3889    28.3715   5.851970   5.850085     3.0830     2.6032     100.00   21.65248  -86.24692   -0.00105    0.00035         16  0.000e+00
     106620   4442.458     44.926     45.211    28.3889    28.3717   5.852073   5.850165     3.0830     2.6032     100.00   21.65248  -86.24692   -0.00100    0.00043         16  0.000e+00
     106621   4442.500     44.878     45.164    28.3895    28.3730   5.852113   5.850318     3.0830     2.6032     100.00   21.65248  -86.24692   -0.00094    0.00050         16  0.000e+00
     106622   4442.542     44.980     45.266    28.3896    28.3734   5.852113   5.850454     3.0830     2.6044     100.00   21.65248  -86.24692   -0.00089    0.00060         16  0.000e+00
     106623   4442.583     44.926     45.211    28.3900    28.3728   5.852136   5.850342     3.0842     2.6044     100.00   21.65248  -86.24692   -0.00082    0.00069         16  0.000e+00
     106624   4442.625     44.899     45.184    28.3902    28.3711   5.852192   5.850197     3.0830     2.6044     100.00   21.65248  -86.24692   -0.00076    0.00076         16  0.000e+00
     106625   4442.667     44.926     45.212    28.3898    28.3737   5.852136   5.850478     3.0842     2.6044     100.00   21.65248  -86.24692   -0.00070    0.00084         16  0.000e+00
     106626   4442.708     44.926     45.212    28.3876    28.3776   5.851883   5.850815     3.0842     2.6044     100.00   21.65248  -86.24692   -0.00063    0.00091         16  0.000e+00
     106627   4442.750     44.879     45.164    28.3858    28.3778   5.851637   5.850799     3.0842     2.6044     100.00   21.65248  -86.24692   -0.00057    0.00099         16  0.000e+00
     106628   4442.792     44.926     45.212    28.3850    28.3737   5.851511   5.850390     3.0842     2.6056     100.00   21.65248  -86.24692   -0.00051    0.00106         16  0.000e+00
     106629   4442.833     44.899     45.184    28.3843    28.3718   5.851479   5.850141     3.0842     2.6044     100.00   21.65248  -86.24692   -0.00045    0.00111         16  0.000e+00
     106630   4442.875     44.926     45.212    28.3843    28.3708   5.851447   5.850053     3.0842     2.6044     100.00   21.65248  -86.24692   -0.00039    0.00115         16  0.000e+00
     106631   4442.917     44.926     45.212    28.3846    28.3704   5.851542   5.850045     3.0842     2.6044     100.00   21.65248  -86.24692   -0.00033    0.00118         16  0.000e+00
     106632   4442.958     44.926     45.212    28.3845    28.3704   5.851535   5.850037     3.0842     2.6044     100.00   21.65248  -86.24692   -0.00029    0.00120         16  0.000e+00
     106633   4443.000     44.926     45.212    28.3846    28.3710   5.851495   5.850157     3.0842     2.6044     100.00   21.65248  -86.24692   -0.00023    0.00121         16  0.000e+00
     106634   4443.042     44.879     45.164    28.3840    28.3719   5.851487   5.850213     3.0842     2.6044     100.00   21.65248  -86.24692   -0.00017    0.00123         16  0.000e+00
     106635   4443.083     44.899     45.185    28.3842    28.3732   5.851519   5.850310     3.0842     2.6044     100.00   21.65248  -86.24692   -0.00013    0.00124         16  0.000e+00
     106636   4443.125     44.926     45.212    28.3843    28.3726   5.851598   5.850246     3.0842     2.6044     100.00   21.65248  -86.24692   -0.00007    0.00125         16  0.000e+00
     106637   4443.167     44.879     45.164    28.3851    28.3721   5.851622   5.850237     3.0842     2.6044     100.00   21.65248  -86.24692   -0.00002    0.00126         16  0.000e+00
     106638   4443.208     44.926     45.212    28.3854    28.3737   5.851701   5.850438     3.0830     2.6044     100.00   21.65248  -86.24692    0.00000    0.00127         16  0.000e+00
     106639   4443.250     44.879     45.164    28.3861    28.3772   5.851788   5.850848     3.0830     2.6044     100.00   21.65248  -86.24692    0.00003    0.00126         16  0.000e+00
     106640   4443.292     44.926     45.212    28.3867    28.3807   5.851812   5.851257     3.0830     2.6044     100.00   21.65248  -86.24692    0.00005    0.00124         16  0.000e+00
     106641   4443.333     44.899     45.185    28.3870    28.3840   5.851851   5.851650     3.0830     2.6044     100.00   21.65248  -86.24692    0.00010    0.00123         16  0.000e+00
     106642   4443.375     44.926     45.212    28.3873    28.3855   5.851938   5.851803     3.0830     2.6044     100.00   21.65248  -86.24692    0.00013    0.00121         16  0.000e+00
     106643   4443.417     44.832     45.117    28.3876    28.3846   5.851930   5.851698     3.0818     2.6044     100.00   21.65248  -86.24692    0.00014    0.00121         16  0.000e+00
     106644   4443.458     44.926     45.212    28.3879    28.3831   5.851954   5.851498     3.0818     2.6032     100.00   21.65248  -86.24692    0.00015    0.00119         16  0.000e+00
     106645   4443.500     44.879     45.164    28.3882    28.3822   5.852041   5.851313     3.0818     2.6044     100.00   21.65248  -86.24692    0.00016    0.00119         16  0.000e+00
     106646   4443.542     44.879     45.164    28.3889    28.3794   5.852018   5.851040     3.0818     2.6044     100.00   21.65248  -86.24692    0.00017    0.00118         16  0.000e+00
     106647   4443.583     44.900     45.185    28.3898    28.3774   5.852152   5.850840     3.0818     2.6032     100.00   21.65248  -86.24692    0.00017    0.00116         16  0.000e+00
     106648   4443.625     44.879     45.165    28.3911    28.3759   5.852311   5.850631     3.0818     2.6032     100.00   21.65248  -86.24692    0.00016    0.00115         16  0.000e+00
     106649   4443.667     44.879     45.165    28.3948    28.3763   5.852414   5.850743     3.0818     2.6032     100.00   21.65248  -86.24692    0.00016    0.00115         16  0.000e+00
     106650   4443.708     44.832     45.117    28.3968    28.3785   5.852620   5.850920     3.0818     2.6032     100.00   21.65248  -86.24692    0.00018    0.00114         16  0.000e+00
     106651   4443.750     44.927     45.212    28.3962    28.3800   5.852715   5.851121     3.0818     2.6032     100.00   21.65248  -86.24692    0.00019    0.00113         16  0.000e+00
     106652   4443.792     44.900     45.185    28.3970    28.3810   5.852873   5.851345     3.0818     2.6032     100.00   21.65250  -86.24694    0.00019    0.00112         16  0.000e+00
     106653   4443.833     44.832     45.117    28.3982    28.3828   5.852960   5.851409     3.0818     2.6032     100.00   21.65250  -86.24694    0.00019    0.00111         16  0.000e+00
     106654   4443.875     44.879     45.165    28.3992    28.3828   5.853079   5.851506     3.0818     2.6032     100.00   21.65250  -86.24694    0.00019    0.00110         16  0.000e+00
     106655   4443.917     44.832     45.117    28.3994    28.3833   5.853150   5.851514     3.0806     2.6032     100.00   21.65250  -86.24694    0.00017    0.00110         16  0.000e+00
     106656   4443.958     44.927     45.212    28.4002    28.3837   5.853230   5.851562     3.0818     2.6020     100.00   21.65250  -86.24694    0.00017    0.00109         16  0.000e+00
     106657   4444.000     44.832     45.117    28.4006    28.3837   5.853253   5.851602     3.0806     2.6020     100.00   21.65250  -86.24694    0.00015    0.00108         16  0.000e+00
     106658   4444.042     44.900     45.185    28.4008    28.3844   5.853261   5.851731     3.0818     2.6032     100.00   21.65250  -86.24694    0.00015    0.00109         16  0.000e+00
     106659   4444.083     44.832     45.117    28.4013    28.3853   5.853293   5.851899     3.0806     2.6020     100.00   21.65250  -86.24694    0.00013    0.00108         16  0.000e+00
     106660   4444.125     44.832     45.117    28.4019    28.3866   5.853340   5.851995     3.0806     2.6020     100.00   21.65250  -86.24694    0.00012    0.00105         16  0.000e+00
     106661   4444.167     44.880     45.165    28.4021    28.3874   5.853317   5.852036     3.0806     2.6020     100.00   21.65250  -86.24694    0.00010    0.00102         16  0.000e+00
     106662   4444.208     44.832     45.117    28.4016    28.3877   5.853340   5.852060     3.0806     2.6020     100.00   21.65250  -86.24694    0.00007    0.00098         16  0.000e+00
