Gulf of Mexico/GOMECC-4/1db/rb2103_1361.cnv
* Sea-Bird SBE 9 Data File:
* FileName = C:\Users\scs.user.rb\CTD\GOMECC4\data\rb2103_1361.hex
* Software Version Seasave V 7.26.7.107
* Temperature SN = 4799
* Conductivity SN = 3860
* Number of Bytes Per Scan = 41
* Number of Voltage Words = 4
* Number of Scans Averaged by the Deck Unit = 1
* NMEA Latitude = 26 07.92 N
* NMEA Longitude = 084 00.17 W
* NMEA UTC (Time) = Oct 20 2021  03:44:28
* NMEA baud rate = 4800
# nquan = 28
# nvalues = 216                         
# units = specified
# name 0 = scan: Scan Count
# name 1 = timeS: Time, Elapsed [seconds]
# name 2 = depSM: Depth [salt water, m]
# name 3 = prDM: Pressure, Digiquartz [db]
# name 4 = t090C: Temperature [ITS-90, deg C]
# name 5 = t190C: Temperature, 2 [ITS-90, deg C]
# name 6 = c0S/m: Conductivity [S/m]
# name 7 = c1S/m: Conductivity, 2 [S/m]
# name 8 = sbeox0V: Oxygen raw, SBE 43 [V]
# name 9 = sbeox1V: Oxygen raw, SBE 43, 2 [V]
# name 10 = altM: Altimeter [m]
# name 11 = latitude: Latitude [deg]
# name 12 = longitude: Longitude [deg]
# name 13 = sbox0dV/dT: Oxygen, SBE 43 [dov/dt]
# name 14 = sbox1dV/dT: Oxygen, SBE 43, 2 [dov/dt]
# name 15 = sbeox0ML/L: Oxygen, SBE 43 [ml/l], WS = 5
# name 16 = sbeox1ML/L: Oxygen, SBE 43, 2 [ml/l], WS = 5
# name 17 = potemp090C: Potential Temperature [ITS-90, deg C]
# name 18 = potemp190C: Potential Temperature, 2 [ITS-90, deg C]
# name 19 = sal00: Salinity, Practical [PSU]
# name 20 = sal11: Salinity, Practical, 2 [PSU]
# name 21 = sigma-é00: Density [sigma-theta, kg/m^3]
# name 22 = sigma-é11: Density, 2 [sigma-theta, kg/m^3]
# name 23 = avgsvCM: Average Sound Velocity [Chen-Millero, m/s], minP = 20, minS = 20
# name 24 = sbox0Mm/Kg: Oxygen, SBE 43 [umol/kg], WS = 5
# name 25 = sbox1Mm/Kg: Oxygen, SBE 43, 2 [umol/kg], WS = 5
# name 26 = nbin: number of scans per bin
# name 27 = flag: flag
# span 0 =      14163,      48742       
# span 1 =    590.093,   2030.859       
# span 2 =      0.994,    127.127       
# span 3 =      1.000,    128.000       
# span 4 =    18.3218,    29.3290       
# span 5 =    18.3235,    29.3305       
# span 6 =   4.796651,   5.918011       
# span 7 =   4.796917,   5.918299       
# span 8 =     2.0336,     3.2655       
# span 9 =     1.6867,     2.7709       
# span 10 =      10.74,     104.40      
# span 11 =   25.97862,   26.85237      
# span 12 =  -86.31878,  -83.50720      
# span 13 =   -0.05348,    0.03487      
# span 14 =   -0.04911,    0.03242      
# span 15 =     2.8950,     4.7958      
# span 16 =     2.8969,     4.7813      
# span 17 =    18.2993,    29.3273      
# span 18 =    18.3011,    29.3288      
# span 19 =    35.3362,    36.5441      
# span 20 =    35.3372,    36.5446      
# span 21 =    22.4996,    26.3388      
# span 22 =    22.5004,    26.3358      
# span 23 =       0.00,    1556.32      
# span 24 =    125.990,    209.195      
# span 25 =    126.074,    208.560      
# span 26 =         30,         72      
# span 27 = 0.0000e+00, 0.0000e+00      
# interval = decibars: 1                
# start_time = Oct 20 2021 03:44:28 [NMEA time, header]
# bad_flag = -9.990e-29
*END*
      14163    590.093      2.980      3.000    28.5284    28.5301   5.757624   5.757953     3.1418     2.6547     100.00   26.13182  -84.00261    0.00044   -0.00010     4.4082     4.3800    28.5277    28.5294    35.5469    35.5479    22.6321    22.6324       0.00    192.512    191.280         55 0.0000e+00
      14907    621.090      3.974      4.000    28.5358    28.5357   5.758414   5.758510     3.1407     2.6558     100.00   26.13184  -84.00260   -0.00069   -0.00011     4.4062     4.3823    28.5348    28.5348    35.5466    35.5473    22.6295    22.6301       0.00    192.426    191.381         35 0.0000e+00
      15112    629.627      4.967      5.000    28.5412    28.5405   5.759015   5.759048     3.1410     2.6562      99.41   26.13184  -84.00260    0.00014    0.00034     4.4069     4.3833    28.5400    28.5393    35.5464    35.5472    22.6277    22.6285       0.00    192.459    191.427         38 0.0000e+00
      15721    654.991      6.954      7.000    29.3290    29.3305   5.918011   5.918299     3.2296     2.7283     101.05   26.85237  -86.31878    0.00118   -0.00062     4.5329     4.5025    29.3273    29.3288    36.5268    36.5276    23.2516    23.2518       0.00    197.962    196.633         32 0.0000e+00
      15396    641.460      7.948      8.000    28.5412    28.5423   5.759091   5.759350     3.1409     2.6567      96.44   26.13184  -84.00260   -0.00051    0.00022     4.4082     4.3857    28.5393    28.5404    35.5461    35.5470    22.6277    22.6280       0.00    192.515    191.531         51 0.0000e+00
      15456    643.976      8.941      9.000    28.5391    28.5403   5.758882   5.759140     3.1413     2.6535      87.77   26.13184  -84.00260   -0.00022   -0.00039     4.4098     4.3798    28.5369    28.5381    35.5459    35.5468    22.6283    22.6286       0.00    192.586    191.275         68 0.0000e+00
      15516    646.479      9.935     10.000    28.5385    28.5395   5.758869   5.759105     3.1402     2.6543      90.18   26.13184  -84.00260   -0.00014    0.00002     4.4083     4.3822    28.5361    28.5371    35.5460    35.5468    22.6286    22.6290       0.00    192.518    191.378         53 0.0000e+00
      15578    649.025     10.928     11.000    28.5381    28.5393   5.758880   5.759131     3.1371     2.6518      77.51   26.13185  -84.00260   -0.00121   -0.00090     4.4033     4.3776    28.5355    28.5367    35.5460    35.5468    22.6289    22.6291       0.00    192.300    191.178         64 0.0000e+00
      15630    651.209     11.922     12.000    28.5410    28.5416   5.759289   5.759444     3.1384     2.6564     100.01   26.13186  -84.00260   -0.00010    0.00097     4.4057     4.3872    28.5382    28.5387    35.5462    35.5470    22.6282    22.6285       0.00    192.405    191.596         45 0.0000e+00
      15682    653.379     12.915     13.000    28.5400    28.5416   5.759245   5.759523     3.1390     2.6552      90.72   26.13186  -84.00259    0.00053    0.00071     4.4076     4.3852    28.5369    28.5384    35.5465    35.5472    22.6288    22.6288       0.00    192.488    191.510         61 0.0000e+00
      15738    655.715     13.908     14.000    28.5390    28.5415   5.759151   5.759519     3.1390     2.6535      74.63   26.13186  -84.00259    0.00001   -0.00092     4.4081     4.3824    28.5357    28.5381    35.5462    35.5471    22.6290    22.6288       0.00    192.509    191.386         47 0.0000e+00
      15785    657.669     14.902     15.000    28.5380    28.5396   5.759068   5.759353     3.1398     2.6556      99.52   26.13186  -84.00259    0.00022    0.00019     4.4102     4.3872    28.5345    28.5361    35.5462    35.5470    22.6293    22.6294       0.00    192.603    191.596         51 0.0000e+00
      15837    659.834     15.895     16.000    28.5377    28.5393   5.759040   5.759363     3.1365     2.6534     100.00   26.13186  -84.00258   -0.00083   -0.00073     4.4048     4.3835    28.5339    28.5355    35.5459    35.5470    22.6293    22.6296       0.00    192.365    191.434         48 0.0000e+00
      15882    661.704     16.889     17.000    28.5378    28.5396   5.759110   5.759427     3.1382     2.6532     100.00   26.13186  -84.00258   -0.00021    0.00032     4.4083     4.3835    28.5337    28.5355    35.5461    35.5469    22.6295    22.6295       0.00    192.520    191.434         46 0.0000e+00
      15936    663.975     17.882     18.000    28.5390    28.5404   5.759278   5.759541     3.1361     2.6527     100.00   26.13186  -84.00258   -0.00031   -0.00025     4.4050     4.3830    28.5347    28.5360    35.5460    35.5468    22.6292    22.6293       0.00    192.376    191.414         62 0.0000e+00
      15993    666.349     18.875     19.000    28.5402    28.5414   5.759428   5.759678     3.1364     2.6489     100.00   26.13186  -84.00258   -0.00040   -0.00077     4.4060     4.3758    28.5356    28.5368    35.5459    35.5467    22.6288    22.6290       0.00    192.419    191.100         50 0.0000e+00
      16044    668.473     19.869     20.000    28.5406    28.5423   5.759514   5.759803     3.1370     2.6491     100.00   26.13186  -84.00258    0.00043   -0.00120     4.4076     4.3766    28.5358    28.5375    35.5459    35.5466    22.6287    22.6287     808.90    192.488    191.133         56 0.0000e+00
      16099    670.769     20.862     21.000    28.5410    28.5424   5.759602   5.759870     3.1367     2.6522     100.00   26.13186  -84.00258   -0.00009    0.00130     4.4076     4.3834    28.5360    28.5374    35.5459    35.5467    22.6286    22.6287    1556.32    192.488    191.431         50 0.0000e+00
      16146    672.713     21.856     22.000    28.5412    28.5430   5.759662   5.759980     3.1375     2.6547     100.00   26.13186  -84.00258    0.00013    0.00118     4.4094     4.3889    28.5359    28.5378    35.5459    35.5467    22.6287    22.6287    1543.42    192.567    191.670         46 0.0000e+00
      16197    674.815     22.849     23.000    28.5417    28.5431   5.759771   5.760041     3.1368     2.6519      97.37   26.13186  -84.00258    0.00001    0.00024     4.4088     4.3838    28.5362    28.5376    35.5459    35.5468    22.6286    22.6288    1543.43    192.538    191.449         54 0.0000e+00
      16251    677.081     23.842     24.000    28.5423    28.5436   5.759860   5.760140     3.1370     2.6511      81.27   26.13186  -84.00258   -0.00008   -0.00175     4.4096     4.3826    28.5365    28.5378    35.5458    35.5468    22.6284    22.6287    1543.43    192.575    191.398         53 0.0000e+00
      16298    679.054     24.836     25.000    28.5423    28.5431   5.759939   5.760153     3.1370     2.6503      93.75   26.13186  -84.00258    0.00005    0.00071     4.4101     4.3816    28.5363    28.5371    35.5461    35.5470    22.6287    22.6290    1543.43    192.597    191.350         44 0.0000e+00
      16349    681.156     25.829     26.000    28.5438    28.5450   5.760124   5.760376     3.1340     2.6493      99.91   26.13186  -84.00258   -0.00073   -0.00105     4.4050     4.3799    28.5376    28.5388    35.5459    35.5468    22.6281    22.6283    1543.44    192.373    191.277         58 0.0000e+00
      16401    683.335     26.822     27.000    28.5441    28.5457   5.760221   5.760511     3.1363     2.6512      63.83   26.13186  -84.00258   -0.00031    0.00088     4.4097     4.3842    28.5376    28.5392    35.5461    35.5469    22.6282    22.6283    1543.44    192.578    191.467         44 0.0000e+00
      16448    685.286     27.816     28.000    28.5439    28.5454   5.760251   5.760529     3.1366     2.6483      94.75   26.13187  -84.00258    0.00081   -0.00052     4.4109     4.3789    28.5372    28.5387    35.5461    35.5469    22.6284    22.6285    1543.44    192.631    191.234         54 0.0000e+00
      16503    687.580     28.809     29.000    28.5442    28.5455   5.760295   5.760584     3.1340     2.6498     100.11   26.13188  -84.00257   -0.00047   -0.00011     4.4065     4.3824    28.5372    28.5386    35.5460    35.5470    22.6283    22.6285    1543.45    192.439    191.388         50 0.0000e+00
      16550    689.526     29.803     30.000    28.5448    28.5459   5.760395   5.760646     3.1309     2.6495     100.00   26.13188  -84.00256   -0.00169    0.00044     4.4014     4.3824    28.5376    28.5387    35.5459    35.5468    22.6281    22.6284    1543.45    192.215    191.385         48 0.0000e+00
      16601    691.680     30.796     31.000    28.5449    28.5463   5.760458   5.760727     3.1328     2.6518     100.00   26.13188  -84.00256   -0.00017    0.00039     4.4054     4.3876    28.5375    28.5389    35.5460    35.5468    22.6282    22.6283    1543.46    192.392    191.613         52 0.0000e+00
      16651    693.760     31.789     32.000    28.5453    28.5467   5.760529   5.760799     3.1332     2.6498     100.00   26.13188  -84.00256    0.00064    0.00002     4.4065     4.3839    28.5376    28.5390    35.5459    35.5467    22.6281    22.6282    1543.46    192.440    191.453         52 0.0000e+00
      16706    696.044     32.783     33.000    28.5453    28.5468   5.760574   5.760845     3.1334     2.6485      98.12   26.13188  -84.00256   -0.00004   -0.00064     4.4075     4.3818    28.5374    28.5389    35.5459    35.5467    22.6281    22.6282    1543.47    192.484    191.360         52 0.0000e+00
      16753    697.980     33.776     34.000    28.5457    28.5472   5.760659   5.760939     3.1318     2.6490      49.83   26.13188  -84.00256   -0.00030   -0.00046     4.4051     4.3834    28.5376    28.5391    35.5459    35.5467    22.6281    22.6282    1543.48    192.380    191.431         46 0.0000e+00
      16807    700.242     34.769     35.000    28.5462    28.5478   5.760774   5.761066     3.1311     2.6469      99.22   26.13188  -84.00256   -0.00051   -0.00013     4.4042     4.3795    28.5378    28.5394    35.5460    35.5469    22.6281    22.6282    1543.48    192.338    191.262         60 0.0000e+00
      16858    702.381     35.763     36.000    28.5463    28.5480   5.760845   5.761150     3.1313     2.6466      84.19   26.13188  -84.00256   -0.00006   -0.00118     4.4051     4.3795    28.5377    28.5394    35.5461    35.5470    22.6282    22.6283    1543.49    192.377    191.262         43 0.0000e+00
      16907    704.418     36.756     37.000    28.5459    28.5475   5.760821   5.761108     3.1319     2.6488      99.12   26.13188  -84.00256    0.00011    0.00100     4.4067     4.3845    28.5371    28.5386    35.5459    35.5468    22.6283    22.6284    1543.49    192.450    191.477         59 0.0000e+00
      16963    706.746     37.749     38.000    28.5462    28.5473   5.760935   5.761172     3.1325     2.6436      98.87   26.13188  -84.00256    0.00044   -0.00121     4.4084     4.3744    28.5371    28.5382    35.5462    35.5470    22.6285    22.6288    1543.50    192.523    191.039         45 0.0000e+00
      17009    708.663     38.742     39.000    28.5458    28.5473   5.760944   5.761216     3.1301     2.6456      97.98   26.13188  -84.00256   -0.00043   -0.00087     4.4045     4.3791    28.5365    28.5380    35.5463    35.5471    22.6287    22.6288    1543.51    192.352    191.243         55 0.0000e+00
      17068    711.133     39.736     40.000    28.5389    28.5399   5.762040   5.762439     3.1314     2.6462      96.93   26.13189  -84.00256   -0.00056    0.00066     4.4076     4.3809    28.5293    28.5303    35.5588    35.5608    22.6405    22.6417    1543.51    192.487    191.321         52 0.0000e+00
      17111    712.917     40.729     41.000    28.4364    28.4492   5.765804   5.766088     3.1327     2.6532      96.03   26.13189  -84.00256    0.00101    0.00159     4.4148     4.4009    28.4406    28.4395    35.6514    35.6456    22.7395    22.7318    1543.52    192.781    192.170         44 0.0000e+00
      17165    715.187     41.722     42.000    27.9007    27.9112   5.755089   5.756132     3.2013     2.7217      95.02   26.13190  -84.00256    0.01534    0.01688     4.5771     4.5717    27.8907    27.9013    35.9931    35.9924    23.1775    23.1736    1543.51    199.783    199.549         61 0.0000e+00
      17219    717.400     42.715     43.000    27.7063    27.7120   5.739379   5.740164     3.2612     2.7709      94.05   26.13190  -84.00256    0.03487    0.03242     4.7033     4.6873    27.6962    27.7019    36.0308    36.0320    23.2694    23.2684    1543.49    205.271    204.576         47 0.0000e+00
      17270    719.522     43.709     44.000    27.0911    27.1096   5.684960   5.687180     3.2587     2.7697      86.38   26.13190  -84.00256    0.01002    0.00733     4.7487     4.7305    27.0810    27.0994    36.1183    36.1199    23.5341    23.5294    1543.45    207.201    206.407         55 0.0000e+00
      17320    721.637     44.702     45.000    26.4713    26.4805   5.628269   5.629322     3.2545     2.7680      92.22   26.13190  -84.00256   -0.00306   -0.00149     4.7934     4.7759    26.4594    26.4703    36.1929    36.1953    23.7889    23.7878    1543.39    209.098    208.334         45 0.0000e+00
      17370    723.721     45.695     46.000    26.3370    26.3427   5.615982   5.616897     3.2501     2.7654      91.14   26.13190  -84.00256   -0.00143   -0.00079     4.7958     4.7813    26.3265    26.3323    36.2096    36.2118    23.8436    23.8434    1543.31    209.195    208.560         59 0.0000e+00
      17426    726.044     46.689     47.000    26.2482    26.2526   5.608278   5.608994     3.2436     2.7598      90.20   26.13190  -84.00256   -0.00331   -0.00228     4.7914     4.7771    26.2376    26.2420    36.2232    36.2249    23.8819    23.8818    1543.23    208.994    208.371         46 0.0000e+00
      17471    727.921     47.682     48.000    26.1625    26.1682   5.600009   5.600968     3.2360     2.7531      89.29   26.13190  -84.00256   -0.00341   -0.00313     4.7860     4.7712    26.1517    26.1574    36.2303    36.2328    23.9142    23.9143    1543.15    208.752    208.105         52 0.0000e+00
      17529    730.323     48.675     49.000    25.3886    25.4043   5.522987   5.524984     3.1993     2.7250      88.25   26.13190  -84.00256   -0.01264   -0.00957     4.7806     4.7717    25.3778    25.3935    36.2787    36.2809    24.1920    24.1888    1543.04    208.460    208.069         54 0.0000e+00
      17575    732.266     49.668     50.000    24.7975    24.8170   5.462218   5.464753     3.1741     2.7009      87.31   26.13190  -84.00256   -0.01246   -0.01035     4.7836     4.7681    24.7867    24.8062    36.3004    36.3036    24.3893    24.3857    1542.92    208.549    207.873         45 0.0000e+00
      17627    734.418     50.662     51.000    24.2873    24.3055   5.408283   5.411214     3.1476     2.6779      86.29   26.13190  -84.00256   -0.01343   -0.01270     4.7719     4.7584    24.2764    24.2946    36.3071    36.3109    24.5486    24.5460    1542.77    208.009    207.419         59 0.0000e+00
      17685    736.823     51.655     52.000    24.1180    24.1170   5.390717   5.390988     3.1258     2.6621      85.39   26.13190  -84.00256   -0.01043   -0.00751     4.7514     4.7422    24.1070    24.1059    36.3115    36.3146    24.6027    24.6054    1542.62    207.103    206.702         47 0.0000e+00
      17729    738.655     52.648     53.000    23.8594    23.8602   5.362418   5.363312     3.1112     2.6491      84.43   26.13190  -84.00256   -0.00794   -0.00646     4.7433     4.7347    23.8483    23.8490    36.3068    36.3101    24.6762    24.6785    1542.45    206.733    206.359         46 0.0000e+00
      17787    741.082     53.641     54.000    23.6858    23.6881   5.344231   5.344811     3.0972     2.6384      83.40   26.13191  -84.00256   -0.00707   -0.00582     4.7318     4.7268    23.6744    23.6768    36.3097    36.3123    24.7299    24.7312    1542.29    206.222    206.005         62 0.0000e+00
