Gulf of Mexico/GOMECC-4/1db/rb2103_0751.ros
* Sea-Bird SBE 9 Data File:
* FileName = C:\Users\scs.user.rb\CTD\GOMECC4\data\rb2103_0751.hex
* Software Version Seasave V 7.26.7.107
* Temperature SN = 4799
* Conductivity SN = 3860
* Number of Bytes Per Scan = 41
* Number of Voltage Words = 4
* Number of Scans Averaged by the Deck Unit = 1
* NMEA Latitude = 22 16.49 N
* NMEA Longitude = 097 43.15 W
* NMEA UTC (Time) = Oct 05 2021  22:28:17
* NMEA baud rate = 4800
# nquan = 17
# nvalues = 399                                   
# units = specified
# name 0 = scan: Scan Count
# name 1 = timeS: Time, Elapsed [seconds]
# name 2 = depSM: Depth [salt water, m]
# name 3 = prDM: Pressure, Digiquartz [db]
# name 4 = t090C: Temperature [ITS-90, deg C]
# name 5 = t190C: Temperature, 2 [ITS-90, deg C]
# name 6 = c0S/m: Conductivity [S/m]
# name 7 = c1S/m: Conductivity, 2 [S/m]
# name 8 = sbeox0V: Oxygen raw, SBE 43 [V]
# name 9 = sbeox1V: Oxygen raw, SBE 43, 2 [V]
# name 10 = altM: Altimeter [m]
# name 11 = latitude: Latitude [deg]
# name 12 = longitude: Longitude [deg]
# name 13 = sbox0dV/dT: Oxygen, SBE 43 [dov/dt]
# name 14 = sbox1dV/dT: Oxygen, SBE 43, 2 [dov/dt]
# name 15 = nbf: Bottles Fired
# name 16 = flag:  0.000e+00
# interval = seconds: 0.0416667
# start_time = Oct 05 2021 22:28:17 [NMEA time, header]
# bad_flag = -9.990e-29
*END*
[from data line 341]
      24745   1031.000      3.896      3.920    29.2731    29.2737   5.824209   5.824259     3.1441     2.6593      23.37   22.27498  -97.71976   -0.00054    0.00075          3  0.000e+00
      24746   1031.042      3.848      3.872    29.2731    29.2734   5.824233   5.824251     3.1441     2.6593      23.39   22.27498  -97.71976   -0.00045    0.00078          3  0.000e+00
      24747   1031.083      3.794      3.818    29.2731    29.2737   5.824154   5.824275     3.1441     2.6593      23.42   22.27498  -97.71976   -0.00037    0.00082          3  0.000e+00
      24748   1031.125      3.794      3.818    29.2731    29.2734   5.824233   5.824259     3.1441     2.6593      23.39   22.27498  -97.71976   -0.00028    0.00086          3  0.000e+00
      24749   1031.167      3.747      3.770    29.2731    29.2737   5.824273   5.824251     3.1453     2.6593      23.39   22.27498  -97.71976   -0.00018    0.00091          3  0.000e+00
      24750   1031.208      3.747      3.770    29.2731    29.2737   5.824273   5.824227     3.1441     2.6593      23.39   22.27498  -97.71976   -0.00009    0.00096          3  0.000e+00
      24751   1031.250      3.747      3.770    29.2730    29.2737   5.824201   5.824275     3.1441     2.6593      23.39   22.27498  -97.71976   -0.00000    0.00101          3  0.000e+00
      24752   1031.292      3.699      3.723    29.2727    29.2737   5.824209   5.824323     3.1441     2.6581      23.39   22.27498  -97.71976    0.00007    0.00104          3  0.000e+00
      24753   1031.333      3.693      3.716    29.2728    29.2738   5.824186   5.824371     3.1441     2.6581      23.39   22.27498  -97.71976    0.00014    0.00108          3  0.000e+00
      24754   1031.375      3.699      3.723    29.2727    29.2738   5.824178   5.824387     3.1441     2.6581      23.39   22.27498  -97.71976    0.00021    0.00109          3  0.000e+00
      24755   1031.417      3.652      3.675    29.2730    29.2738   5.824146   5.824347     3.1453     2.6569      23.39   22.27498  -97.71976    0.00030    0.00111          3  0.000e+00
      24756   1031.458      3.652      3.675    29.2726    29.2738   5.824130   5.824299     3.1453     2.6569      23.42   22.27498  -97.71976    0.00039    0.00111          3  0.000e+00
      24757   1031.500      3.598      3.620    29.2727    29.2737   5.824162   5.824363     3.1453     2.6569      23.39   22.27498  -97.71976    0.00048    0.00111          3  0.000e+00
      24758   1031.542      3.598      3.620    29.2730    29.2737   5.824178   5.824347     3.1453     2.6569      23.39   22.27498  -97.71976    0.00055    0.00111          3  0.000e+00
      24759   1031.583      3.598      3.620    29.2727    29.2737   5.824209   5.824339     3.1453     2.6557      23.39   22.27498  -97.71976    0.00062    0.00109          3  0.000e+00
      24760   1031.625      3.550      3.573    29.2728    29.2738   5.824154   5.824299     3.1453     2.6557      23.39   22.27498  -97.71976    0.00071    0.00107          3  0.000e+00
      24761   1031.667      3.550      3.573    29.2728    29.2737   5.824162   5.824323     3.1453     2.6557      23.39   22.27498  -97.71976    0.00076    0.00103          3  0.000e+00
      24762   1031.708      3.550      3.573    29.2726    29.2738   5.824138   5.824299     3.1453     2.6557      23.39   22.27498  -97.71976    0.00083    0.00100          3  0.000e+00
      24763   1031.750      3.503      3.525    29.2728    29.2737   5.824170   5.824323     3.1453     2.6545      23.39   22.27498  -97.71976    0.00090    0.00094          3  0.000e+00
      24764   1031.792      3.503      3.525    29.2729    29.2738   5.824178   5.824298     3.1441     2.6545      23.39   22.27498  -97.71976    0.00096    0.00089          3  0.000e+00
      24765   1031.833      3.503      3.525    29.2726    29.2737   5.824138   5.824363     3.1441     2.6545      23.39   22.27498  -97.71976    0.00101    0.00084          3  0.000e+00
      24766   1031.875      3.503      3.525    29.2726    29.2738   5.824130   5.824387     3.1441     2.6532      23.42   22.27498  -97.71976    0.00106    0.00077          3  0.000e+00
      24767   1031.917      3.503      3.525    29.2724    29.2738   5.824130   5.824371     3.1441     2.6532      23.39   22.27498  -97.71976    0.00109    0.00070          3  0.000e+00
      24768   1031.958      3.503      3.525    29.2724    29.2737   5.824201   5.824307     3.1441     2.6520      23.39   22.27498  -97.71976    0.00113    0.00061          3  0.000e+00
      24769   1032.000      3.503      3.525    29.2727    29.2737   5.824225   5.824323     3.1441     2.6520      23.49   22.27498  -97.71976    0.00116    0.00053          3  0.000e+00
      24770   1032.042      3.496      3.518    29.2728    29.2737   5.824225   5.824298     3.1441     2.6520      23.54   22.27498  -97.71976    0.00118    0.00045          3  0.000e+00
      24771   1032.083      3.449      3.471    29.2726    29.2737   5.824193   5.824290     3.1441     2.6520      23.57   22.27498  -97.71976    0.00119    0.00036          3  0.000e+00
      24772   1032.125      3.503      3.525    29.2726    29.2733   5.824209   5.824258     3.1429     2.6520      23.57   22.27498  -97.71976    0.00119    0.00028          3  0.000e+00
      24773   1032.167      3.503      3.525    29.2726    29.2734   5.824225   5.824138     3.1429     2.6520      23.57   22.27498  -97.71976    0.00118    0.00020          3  0.000e+00
      24774   1032.208      3.503      3.525    29.2726    29.2734   5.824225   5.824178     3.1429     2.6520      23.57   22.27498  -97.71976    0.00118    0.00012          3  0.000e+00
      24775   1032.250      3.503      3.525    29.2722    29.2733   5.824225   5.824234     3.1429     2.6520      23.57   22.27498  -97.71976    0.00118    0.00004          3  0.000e+00
      24776   1032.292      3.550      3.573    29.2720    29.2733   5.824225   5.824250     3.1429     2.6520      23.54   22.27498  -97.71976    0.00117   -0.00003          3  0.000e+00
      24777   1032.333      3.503      3.525    29.2722    29.2737   5.824186   5.824274     3.1429     2.6520      23.57   22.27498  -97.71976    0.00117   -0.00011          3  0.000e+00
      24778   1032.375      3.550      3.573    29.2718    29.2737   5.824178   5.824291     3.1416     2.6520      23.57   22.27498  -97.71976    0.00114   -0.00018          3  0.000e+00
      24779   1032.417      3.503      3.525    29.2717    29.2737   5.824138   5.824363     3.1416     2.6520      23.57   22.27498  -97.71976    0.00112   -0.00026          3  0.000e+00
      24780   1032.458      3.550      3.573    29.2718    29.2738   5.824201   5.824419     3.1416     2.6520      23.57   22.27498  -97.71976    0.00110   -0.00033          3  0.000e+00
      24781   1032.500      3.598      3.620    29.2720    29.2741   5.824186   5.824435     3.1416     2.6508      23.54   22.27498  -97.71976    0.00108   -0.00042          3  0.000e+00
      24782   1032.542      3.550      3.573    29.2728    29.2742   5.824320   5.824467     3.1416     2.6508      23.57   22.27498  -97.71976    0.00105   -0.00051          3  0.000e+00
      24783   1032.583      3.598      3.620    29.2733    29.2742   5.824328   5.824483     3.1404     2.6508      23.54   22.27498  -97.71976    0.00101   -0.00059          3  0.000e+00
      24784   1032.625      3.550      3.573    29.2733    29.2740   5.824320   5.824411     3.1404     2.6508      23.57   22.27498  -97.71976    0.00097   -0.00068          3  0.000e+00
      24785   1032.667      3.652      3.675    29.2733    29.2740   5.824352   5.824411     3.1404     2.6508      23.57   22.27498  -97.71976    0.00093   -0.00076          3  0.000e+00
      24786   1032.708      3.598      3.620    29.2733    29.2738   5.824336   5.824395     3.1404     2.6508      23.57   22.27498  -97.71976    0.00089   -0.00085          3  0.000e+00
      24787   1032.750      3.645      3.668    29.2733    29.2738   5.824423   5.824347     3.1392     2.6508      23.57   22.27498  -97.71976    0.00084   -0.00093          3  0.000e+00
      24788   1032.792      3.652      3.675    29.2735    29.2738   5.824423   5.824411     3.1392     2.6496      23.57   22.27498  -97.71976    0.00078   -0.00104          3  0.000e+00
      24789   1032.833      3.699      3.723    29.2737    29.2742   5.824447   5.824507     3.1392     2.6508      23.54   22.27498  -97.71976    0.00071   -0.00114          3  0.000e+00
      24790   1032.875      3.652      3.675    29.2740    29.2746   5.824494   5.824563     3.1392     2.6508      23.57   22.27498  -97.71976    0.00064   -0.00123          3  0.000e+00
      24791   1032.917      3.699      3.723    29.2746    29.2744   5.824541   5.824579     3.1392     2.6508      23.54   22.27498  -97.71976    0.00056   -0.00133          3  0.000e+00
      24792   1032.958      3.699      3.723    29.2748    29.2742   5.824589   5.824507     3.1392     2.6508      23.57   22.27498  -97.71976    0.00049   -0.00142          3  0.000e+00
      24793   1033.000      3.747      3.770    29.2748    29.2740   5.824565   5.824515     3.1392     2.6508      23.52   22.27498  -97.71976    0.00040   -0.00151          3  0.000e+00
      24794   1033.042      3.699      3.723    29.2752    29.2744   5.824597   5.824563     3.1392     2.6508      23.54   22.27498  -97.71976    0.00033   -0.00162          3  0.000e+00
      24795   1033.083      3.747      3.770    29.2753    29.2742   5.824636   5.824507     3.1404     2.6508      23.54   22.27498  -97.71976    0.00028   -0.00173          3  0.000e+00
      24796   1033.125      3.747      3.770    29.2753    29.2744   5.824652   5.824587     3.1392     2.6520      23.54   22.27498  -97.71976    0.00021   -0.00182          3  0.000e+00
      24797   1033.167      3.794      3.818    29.2752    29.2745   5.824613   5.824627     3.1404     2.6508      23.54   22.27498  -97.71976    0.00016   -0.00192          3  0.000e+00
      24798   1033.208      3.794      3.818    29.2752    29.2749   5.824605   5.824731     3.1404     2.6520      23.54   22.27498  -97.71976    0.00010   -0.00201          3  0.000e+00
      24799   1033.250      3.794      3.818    29.2753    29.2749   5.824605   5.824771     3.1404     2.6520      23.52   22.27498  -97.71976    0.00003   -0.00210          3  0.000e+00
      24800   1033.292      3.747      3.770    29.2755    29.2751   5.824636   5.824731     3.1416     2.6520      23.54   22.27498  -97.71976   -0.00002   -0.00217          3  0.000e+00
      24801   1033.333      3.848      3.872    29.2753    29.2749   5.824652   5.824755     3.1404     2.6520      23.52   22.27498  -97.71976   -0.00009   -0.00224          3  0.000e+00
      24802   1033.375      3.848      3.872    29.2757    29.2749   5.824652   5.824731     3.1416     2.6520      23.52   22.27498  -97.71976   -0.00015   -0.00231          3  0.000e+00
