Gulf of Mexico/GOMECC-4/1db/rb2103_0691.ros
* Sea-Bird SBE 9 Data File:
* FileName = C:\Users\scs.user.rb\CTD\GOMECC4\data\rb2103_0691.hex
* Software Version Seasave V 7.26.7.107
* Temperature SN = 4799
* Conductivity SN = 3860
* Number of Bytes Per Scan = 41
* Number of Voltage Words = 4
* Number of Scans Averaged by the Deck Unit = 1
* NMEA Latitude = 26 03.53 N
* NMEA Longitude = 095 07.24 W
* NMEA UTC (Time) = Oct 03 2021  11:22:54
* NMEA baud rate = 4800
# nquan = 17
# nvalues = 2926                                  
# units = specified
# name 0 = scan: Scan Count
# name 1 = timeS: Time, Elapsed [seconds]
# name 2 = depSM: Depth [salt water, m]
# name 3 = prDM: Pressure, Digiquartz [db]
# name 4 = t090C: Temperature [ITS-90, deg C]
# name 5 = t190C: Temperature, 2 [ITS-90, deg C]
# name 6 = c0S/m: Conductivity [S/m]
# name 7 = c1S/m: Conductivity, 2 [S/m]
# name 8 = sbeox0V: Oxygen raw, SBE 43 [V]
# name 9 = sbeox1V: Oxygen raw, SBE 43, 2 [V]
# name 10 = altM: Altimeter [m]
# name 11 = latitude: Latitude [deg]
# name 12 = longitude: Longitude [deg]
# name 13 = sbox0dV/dT: Oxygen, SBE 43 [dov/dt]
# name 14 = sbox1dV/dT: Oxygen, SBE 43, 2 [dov/dt]
# name 15 = nbf: Bottles Fired
# name 16 = flag:  0.000e+00
# interval = seconds: 0.0416667
# start_time = Oct 03 2021 11:22:54 [NMEA time, header]
# bad_flag = -9.990e-29
*END*
[from data line 937]
     104464   4352.625    793.039    799.773     6.4273     6.4291   3.503270   3.503443     1.6752     1.3748     100.00   26.05910  -95.12068   -0.00003    0.00005          8  0.000e+00
     104465   4352.667    792.985    799.717     6.4273     6.4287   3.503258   3.503456     1.6752     1.3748     100.00   26.05910  -95.12068   -0.00005    0.00004          8  0.000e+00
     104466   4352.708    793.046    799.780     6.4270     6.4283   3.503232   3.503423     1.6764     1.3748     100.00   26.05910  -95.12068   -0.00006    0.00003          8  0.000e+00
     104467   4352.750    793.039    799.773     6.4267     6.4286   3.503225   3.503410     1.6752     1.3761     100.00   26.05910  -95.12068   -0.00007    0.00004          8  0.000e+00
     104468   4352.792    792.985    799.718     6.4270     6.4298   3.503270   3.503482     1.6752     1.3748     100.00   26.05910  -95.12068   -0.00008    0.00003          8  0.000e+00
     104469   4352.833    793.046    799.780     6.4271     6.4303   3.503290   3.503547     1.6764     1.3748     100.00   26.05910  -95.12068   -0.00007    0.00003          8  0.000e+00
     104470   4352.875    793.040    799.773     6.4275     6.4313   3.503290   3.503566     1.6764     1.3748     100.00   26.05910  -95.12068   -0.00006    0.00002          8  0.000e+00
     104471   4352.917    793.040    799.773     6.4275     6.4319   3.503309   3.503586     1.6752     1.3748     100.00   26.05910  -95.12068   -0.00006    0.00001          8  0.000e+00
     104472   4352.958    792.999    799.732     6.4277     6.4320   3.503277   3.503618     1.6752     1.3748     100.00   26.05910  -95.12068   -0.00007   -0.00000          8  0.000e+00
     104473   4353.000    793.040    799.773     6.4278     6.4321   3.503303   3.503618     1.6752     1.3748     100.00   26.05910  -95.12068   -0.00008   -0.00001          8  0.000e+00
     104474   4353.042    793.088    799.822     6.4275     6.4314   3.503296   3.503579     1.6752     1.3748     100.00   26.05910  -95.12068   -0.00008   -0.00002          8  0.000e+00
     104475   4353.083    793.047    799.780     6.4277     6.4314   3.503270   3.503566     1.6752     1.3748     100.00   26.05910  -95.12068   -0.00009   -0.00003          8  0.000e+00
     104476   4353.125    793.040    799.773     6.4276     6.4308   3.503258   3.503566     1.6764     1.3748     100.00   26.05910  -95.12068   -0.00009   -0.00004          8  0.000e+00
     104477   4353.167    793.088    799.822     6.4273     6.4306   3.503303   3.503495     1.6752     1.3748     100.00   26.05910  -95.12068   -0.00012   -0.00005          8  0.000e+00
     104478   4353.208    793.047    799.780     6.4273     6.4300   3.503303   3.503423     1.6764     1.3748     100.00   26.05910  -95.12068   -0.00010   -0.00005          8  0.000e+00
     104479   4353.250    793.088    799.822     6.4275     6.4282   3.503264   3.503339     1.6764     1.3748     100.00   26.05910  -95.12068   -0.00011   -0.00006          8  0.000e+00
     104480   4353.292    793.088    799.822     6.4270     6.4262   3.503283   3.503170     1.6752     1.3748     100.00   26.05910  -95.12068   -0.00013   -0.00007          8  0.000e+00
     104481   4353.333    793.102    799.836     6.4273     6.4258   3.503315   3.503066     1.6764     1.3748     100.00   26.05910  -95.12068   -0.00012   -0.00008          8  0.000e+00
     104482   4353.375    793.136    799.871     6.4271     6.4253   3.503296   3.502988     1.6764     1.3748     100.00   26.05910  -95.12068   -0.00011   -0.00007          8  0.000e+00
     104483   4353.417    793.088    799.822     6.4270     6.4246   3.503270   3.502988     1.6764     1.3748     100.00   26.05910  -95.12068   -0.00010   -0.00006          8  0.000e+00
     104484   4353.458    793.102    799.836     6.4269     6.4253   3.503258   3.503001     1.6752     1.3748     100.00   26.05910  -95.12068   -0.00010   -0.00007          8  0.000e+00
     104485   4353.500    793.136    799.871     6.4265     6.4259   3.503232   3.503072     1.6752     1.3748     100.00   26.05910  -95.12068   -0.00011   -0.00008          8  0.000e+00
     104486   4353.542    793.136    799.871     6.4264     6.4260   3.503181   3.503118     1.6752     1.3748     100.00   26.05910  -95.12068   -0.00011   -0.00009          8  0.000e+00
     104487   4353.583    793.150    799.885     6.4268     6.4267   3.503206   3.503170     1.6764     1.3748     100.00   26.05910  -95.12068   -0.00010   -0.00009          8  0.000e+00
     104488   4353.625    793.137    799.871     6.4270     6.4269   3.503251   3.503163     1.6764     1.3748     100.00   26.05910  -95.12068   -0.00011   -0.00010          8  0.000e+00
     104489   4353.667    793.191    799.926     6.4268     6.4266   3.503206   3.503170     1.6752     1.3748     100.00   26.05910  -95.12068   -0.00013   -0.00011          8  0.000e+00
     104490   4353.708    793.150    799.885     6.4267     6.4264   3.503238   3.503137     1.6752     1.3748     100.00   26.05910  -95.12068   -0.00013   -0.00012          8  0.000e+00
     104491   4353.750    793.192    799.926     6.4267     6.4265   3.503258   3.503144     1.6764     1.3748     100.00   26.05910  -95.12068   -0.00012   -0.00011          8  0.000e+00
     104492   4353.792    793.192    799.927     6.4268     6.4264   3.503187   3.503157     1.6764     1.3748     100.00   26.05910  -95.12068   -0.00011   -0.00012          8  0.000e+00
     104493   4353.833    793.199    799.934     6.4264     6.4265   3.503258   3.503157     1.6764     1.3748     100.00   26.05910  -95.12068   -0.00010   -0.00011          8  0.000e+00
     104494   4353.875    793.240    799.975     6.4270     6.4265   3.503245   3.503157     1.6764     1.3748     100.00   26.05910  -95.12068   -0.00008   -0.00010          8  0.000e+00
     104495   4353.917    793.192    799.927     6.4272     6.4266   3.503270   3.503157     1.6752     1.3748     100.00   26.05910  -95.12068   -0.00009   -0.00010          8  0.000e+00
     104496   4353.958    793.253    799.989     6.4270     6.4274   3.503264   3.503157     1.6752     1.3748     100.00   26.05910  -95.12068   -0.00009   -0.00011          8  0.000e+00
     104497   4354.000    793.240    799.975     6.4267     6.4268   3.503238   3.503144     1.6752     1.3748     100.00   26.05910  -95.12068   -0.00011   -0.00012          8  0.000e+00
     104498   4354.042    793.240    799.975     6.4260     6.4265   3.503200   3.503105     1.6752     1.3748     100.00   26.05910  -95.12068   -0.00014   -0.00012          8  0.000e+00
     104499   4354.083    793.254    799.989     6.4256     6.4259   3.503155   3.503098     1.6752     1.3748     100.00   26.05910  -95.12068   -0.00016   -0.00013          8  0.000e+00
     104500   4354.125    793.295    800.031     6.4254     6.4260   3.503136   3.503118     1.6764     1.3748     100.00   26.05910  -95.12068   -0.00016   -0.00014          8  0.000e+00
     104501   4354.167    793.240    799.976     6.4257     6.4259   3.503155   3.503105     1.6752     1.3748     100.00   26.05910  -95.12068   -0.00017   -0.00013          8  0.000e+00
     104502   4354.208    793.302    800.038     6.4253     6.4262   3.503123   3.503137     1.6764     1.3748     100.00   26.05910  -95.12068   -0.00017   -0.00013          8  0.000e+00
     104503   4354.250    793.295    800.031     6.4250     6.4263   3.503129   3.503157     1.6764     1.3748     100.00   26.05910  -95.12068   -0.00016   -0.00014          8  0.000e+00
     104504   4354.292    793.343    800.080     6.4249     6.4259   3.503155   3.503111     1.6764     1.3748     100.00   26.05910  -95.12068   -0.00015   -0.00015          8  0.000e+00
     104505   4354.333    793.254    799.990     6.4247     6.4257   3.503149   3.503085     1.6764     1.3748     100.00   26.05910  -95.12068   -0.00013   -0.00014          8  0.000e+00
     104506   4354.375    793.343    800.080     6.4245     6.4251   3.503136   3.503046     1.6752     1.3748     100.00   26.05910  -95.12068   -0.00014   -0.00014          8  0.000e+00
     104507   4354.417    793.343    800.080     6.4254     6.4249   3.503155   3.503053     1.6752     1.3748     100.00   26.05910  -95.12068   -0.00014   -0.00013          8  0.000e+00
     104508   4354.458    793.357    800.094     6.4264     6.4252   3.503213   3.503085     1.6752     1.3748     100.00   26.05910  -95.12068   -0.00014   -0.00014          8  0.000e+00
     104509   4354.500    793.343    800.080     6.4270     6.4251   3.503200   3.503046     1.6764     1.3748     100.00   26.05910  -95.12068   -0.00013   -0.00014          8  0.000e+00
     104510   4354.542    793.343    800.080     6.4275     6.4248   3.503271   3.503007     1.6764     1.3748     100.00   26.05910  -95.12068   -0.00012   -0.00013          8  0.000e+00
     104511   4354.583    793.357    800.094     6.4275     6.4248   3.503238   3.503001     1.6764     1.3748     100.00   26.05910  -95.12068   -0.00010   -0.00014          8  0.000e+00
     104512   4354.625    793.398    800.135     6.4273     6.4249   3.503200   3.503001     1.6764     1.3748     100.00   26.05910  -95.12068   -0.00011   -0.00014          8  0.000e+00
     104513   4354.667    793.344    800.080     6.4273     6.4252   3.503245   3.502988     1.6764     1.3748     100.00   26.05910  -95.12068   -0.00011   -0.00013          8  0.000e+00
     104514   4354.708    793.405    800.143     6.4273     6.4249   3.503258   3.502994     1.6764     1.3748     100.00   26.05910  -95.12068   -0.00010   -0.00014          8  0.000e+00
     104515   4354.750    793.399    800.136     6.4277     6.4246   3.503277   3.503001     1.6752     1.3748     100.00   26.05910  -95.12068   -0.00010   -0.00014          8  0.000e+00
     104516   4354.792    793.399    800.136     6.4273     6.4247   3.503290   3.502975     1.6752     1.3748     100.00   26.05910  -95.12068   -0.00010   -0.00015          8  0.000e+00
     104517   4354.833    793.358    800.094     6.4273     6.4243   3.503264   3.502988     1.6752     1.3748     100.00   26.05910  -95.12068   -0.00011   -0.00013          8  0.000e+00
     104518   4354.875    793.447    800.184     6.4275     6.4242   3.503258   3.503020     1.6752     1.3748     100.00   26.05910  -95.12068   -0.00011   -0.00014          8  0.000e+00
     104519   4354.917    793.399    800.136     6.4275     6.4251   3.503283   3.503053     1.6752     1.3748     100.00   26.05910  -95.12068   -0.00011   -0.00013          8  0.000e+00
     104520   4354.958    793.406    800.143     6.4272     6.4260   3.503264   3.503124     1.6764     1.3748     100.00   26.05910  -95.12068   -0.00010   -0.00013          8  0.000e+00
     104521   4355.000    793.399    800.136     6.4271     6.4268   3.503258   3.503176     1.6752     1.3748     100.00   26.05910  -95.12068   -0.00010   -0.00014          8  0.000e+00
     104522   4355.042    793.447    800.185     6.4270     6.4269   3.503258   3.503189     1.6752     1.3748     100.00   26.05910  -95.12068   -0.00010   -0.00012          8  0.000e+00
     104523   4355.083    793.406    800.143     6.4270     6.4265   3.503258   3.503163     1.6764     1.3748     100.00   26.05910  -95.12068   -0.00009   -0.00011          8  0.000e+00
     104524   4355.125    793.399    800.137     6.4267     6.4264   3.503258   3.503176     1.6752     1.3748     100.00   26.05910  -95.12068   -0.00009   -0.00011          8  0.000e+00
     104525   4355.167    793.447    800.185     6.4265     6.4262   3.503232   3.503163     1.6752     1.3748     100.00   26.05910  -95.12068   -0.00009   -0.00012          8  0.000e+00
     104526   4355.208    793.406    800.144     6.4264     6.4263   3.503200   3.503131     1.6764     1.3748     100.00   26.05910  -95.12068   -0.00007   -0.00010          8  0.000e+00
     104527   4355.250    793.448    800.185     6.4267     6.4262   3.503219   3.503124     1.6752     1.3748     100.00   26.05910  -95.12068   -0.00007   -0.00009          8  0.000e+00
     104528   4355.292    793.400    800.137     6.4265     6.4264   3.503226   3.503163     1.6752     1.3748     100.00   26.05910  -95.12068   -0.00007   -0.00009          8  0.000e+00
     104529   4355.333    793.461    800.199     6.4269     6.4264   3.503226   3.503157     1.6752     1.3748     100.00   26.05910  -95.12068   -0.00007   -0.00009          8  0.000e+00
     104530   4355.375    793.400    800.137     6.4268     6.4260   3.503251   3.503131     1.6752     1.3748     100.00   26.05910  -95.12068   -0.00009   -0.00010          8  0.000e+00
     104531   4355.417    793.400    800.137     6.4269     6.4264   3.503258   3.503196     1.6752     1.3748     100.00   26.05910  -95.12068   -0.00011   -0.00010          8  0.000e+00
     104532   4355.458    793.448    800.186     6.4268     6.4263   3.503213   3.503144     1.6764     1.3748     100.00   26.05910  -95.12068   -0.00011   -0.00010          8  0.000e+00
     104533   4355.500    793.407    800.144     6.4269     6.4264   3.503238   3.503170     1.6752     1.3748     100.00   26.05910  -95.12068   -0.00011   -0.00011          8  0.000e+00
     104534   4355.542    793.400    800.137     6.4268     6.4264   3.503232   3.503118     1.6764     1.3748     100.00   26.05910  -95.12068   -0.00009   -0.00011          8  0.000e+00
     104535   4355.583    793.400    800.137     6.4265     6.4264   3.503226   3.503163     1.6752     1.3748     100.00   26.05910  -95.12068   -0.00009   -0.00011          8  0.000e+00
     104536   4355.625    793.407    800.144     6.4263     6.4262   3.503226   3.503111     1.6764     1.3748     100.00   26.05910  -95.12068   -0.00007   -0.00012          8  0.000e+00
     104537   4355.667    793.400    800.138     6.4265     6.4261   3.503226   3.503111     1.6764     1.3748     100.00   26.05910  -95.12068   -0.00006   -0.00010          8  0.000e+00
     104538   4355.708    793.400    800.138     6.4264     6.4260   3.503181   3.503079     1.6752     1.3748     100.00   26.05910  -95.12068   -0.00006   -0.00009          8  0.000e+00
     104539   4355.750    793.407    800.145     6.4262     6.4256   3.503168   3.503066     1.6752     1.3748     100.00   26.05910  -95.12068   -0.00006   -0.00007          8  0.000e+00
     104540   4355.792    793.401    800.138     6.4262     6.4252   3.503187   3.503014     1.6752     1.3736     100.00   26.05910  -95.12068   -0.00005   -0.00009          8  0.000e+00
     104541   4355.833    793.346    800.083     6.4262     6.4251   3.503193   3.503001     1.6752     1.3748     100.00   26.05910  -95.12068   -0.00005   -0.00009          8  0.000e+00
     104542   4355.875    793.408    800.145     6.4264     6.4245   3.503194   3.503001     1.6752     1.3748     100.00   26.05910  -95.12068   -0.00007   -0.00010          8  0.000e+00
     104543   4355.917    793.346    800.083     6.4263     6.4243   3.503174   3.503001     1.6764     1.3748     100.00   26.05910  -95.12068   -0.00007   -0.00010          8  0.000e+00
     104544   4355.958    793.401    800.138     6.4259     6.4243   3.503206   3.502988     1.6752     1.3736     100.00   26.05910  -95.12068   -0.00008   -0.00012          8  0.000e+00
     104545   4356.000    793.360    800.097     6.4260     6.4248   3.503181   3.502994     1.6752     1.3736     100.00   26.05910  -95.12068   -0.00008   -0.00013          8  0.000e+00
     104546   4356.042    793.346    800.083     6.4258     6.4249   3.503149   3.503001     1.6764     1.3748     100.00   26.05910  -95.12068   -0.00008   -0.00012          8  0.000e+00
     104547   4356.083    793.346    800.083     6.4257     6.4253   3.503136   3.503001     1.6764     1.3748     100.00   26.05910  -95.12068   -0.00006   -0.00012          8  0.000e+00
