Gulf of Mexico/GOMECC-4/1db/rb2103_0291.cnv
* Sea-Bird SBE 9 Data File:
* FileName = C:\Users\scs.user.rb\CTD\GOMECC4\data\rb2103_0291.hex
* Software Version Seasave V 7.26.7.107
* Temperature SN = 4799
* Conductivity SN = 3860
* Number of Bytes Per Scan = 41
* Number of Voltage Words = 4
* Number of Scans Averaged by the Deck Unit = 1
* NMEA Latitude = 27 29.98 N
* NMEA Longitude = 086 48.58 W
* NMEA UTC (Time) = Sep 22 2021  01:30:43
* NMEA baud rate = 4800
# nquan = 28
# nvalues = 537                         
# units = specified
# name 0 = scan: Scan Count
# name 1 = timeS: Time, Elapsed [seconds]
# name 2 = depSM: Depth [salt water, m]
# name 3 = prDM: Pressure, Digiquartz [db]
# name 4 = t090C: Temperature [ITS-90, deg C]
# name 5 = t190C: Temperature, 2 [ITS-90, deg C]
# name 6 = c0S/m: Conductivity [S/m]
# name 7 = c1S/m: Conductivity, 2 [S/m]
# name 8 = sbeox0V: Oxygen raw, SBE 43 [V]
# name 9 = sbeox1V: Oxygen raw, SBE 43, 2 [V]
# name 10 = altM: Altimeter [m]
# name 11 = latitude: Latitude [deg]
# name 12 = longitude: Longitude [deg]
# name 13 = sbox0dV/dT: Oxygen, SBE 43 [dov/dt]
# name 14 = sbox1dV/dT: Oxygen, SBE 43, 2 [dov/dt]
# name 15 = sbeox0ML/L: Oxygen, SBE 43 [ml/l], WS = 5
# name 16 = sbeox1ML/L: Oxygen, SBE 43, 2 [ml/l], WS = 5
# name 17 = potemp090C: Potential Temperature [ITS-90, deg C]
# name 18 = potemp190C: Potential Temperature, 2 [ITS-90, deg C]
# name 19 = sal00: Salinity, Practical [PSU]
# name 20 = sal11: Salinity, Practical, 2 [PSU]
# name 21 = sigma-é00: Density [sigma-theta, kg/m^3]
# name 22 = sigma-é11: Density, 2 [sigma-theta, kg/m^3]
# name 23 = avgsvCM: Average Sound Velocity [Chen-Millero, m/s], minP = 20, minS = 20
# name 24 = sbox0Mm/Kg: Oxygen, SBE 43 [umol/kg], WS = 5
# name 25 = sbox1Mm/Kg: Oxygen, SBE 43, 2 [umol/kg], WS = 5
# name 26 = nbin: number of scans per bin
# name 27 = flag: flag
# span 0 =      17647,     243073       
# span 1 =    735.269,  10128.004       
# span 2 =      1.987,   3026.672       
# span 3 =      2.000,   3069.000       
# span 4 =     4.2825,    30.2906       
# span 5 =     4.2833,    30.2909       
# span 6 =   3.341759,   5.979302       
# span 7 =   3.341691,   5.979569       
# span 8 =     1.6201,     3.2295       
# span 9 =     1.3227,     2.7085       
# span 10 =       9.86,     111.54      
# span 11 =   27.48736,   28.32218      
# span 12 =  -89.42718,  -86.79127      
# span 13 =   -0.03481,    0.03050      
# span 14 =   -0.03100,    0.02909      
# span 15 =     2.5189,     4.6949      
# span 16 =     2.5437,     4.7236      
# span 17 =     4.0806,    30.2848      
# span 18 =     4.0817,    30.2852      
# span 19 =    32.4490,    39.9694      
# span 20 =    32.4470,    36.6030      
# span 21 =    20.3697,    31.0679      
# span 22 =    20.3693,    27.7571      
# span 23 =       0.00,    1552.34      
# span 24 =    109.540,    204.013      
# span 25 =    110.622,    205.257      
# span 26 =         30,         87      
# span 27 = 0.0000e+00, 0.0000e+00      
# interval = decibars: 1                
# start_time = Sep 22 2021 01:30:43 [NMEA time, header]
# bad_flag = -9.990e-29
*END*
[from data line 467]
     222717   9279.851     89.386     90.000    22.5535    22.5531   5.244422   5.244709     2.5899     2.2029     100.00   27.49530  -86.81626    0.02959    0.02909     3.8151     3.8599    22.5353    22.5348    36.4621    36.4647    25.1770    25.1791    1501.00    166.196    168.150         35 0.0000e+00
     222750   9281.221     88.393     89.000    22.6904    22.6766   5.258353   5.257680     2.6227     2.2289     100.00   27.49530  -86.81626    0.03050    0.02646     3.8717     3.9093    22.6723    22.6585    36.4570    36.4633    25.1338    25.1426    1501.00    168.668    170.308         32 0.0000e+00
     222784   9282.631     87.400     88.000    22.8544    22.8776   5.277743   5.280249     2.6488     2.2511     100.00   27.49530  -86.81626    0.02492    0.01987     3.9063     3.9417    22.8317    22.8596    36.4756    36.4696    25.1020    25.0894    1501.00    170.182    171.726         35 0.0000e+00
     222819   9284.088     86.407     87.000    23.5162    23.3385   5.356839   5.340422     2.6731     2.2657     100.00   27.49530  -86.81626    0.01877    0.01454     3.9241     3.9511    23.5043    23.3210    36.5298    36.5270    24.9469    24.9887    1501.00    170.986    172.154         34 0.0000e+00
     222851   9285.416     85.414     86.000    23.5638    23.5765   5.357238   5.357528     2.6977     2.2867     100.00   27.49530  -86.81626    0.01746    0.01269     3.9564     3.9736    23.5458    23.5585    36.4989    36.4906    24.9113    24.9012    1501.00    172.400    173.150         31 0.0000e+00
     222882   9286.717     84.420     85.000    23.6707    23.6940   5.364034   5.365041     2.7271     2.3154     100.00   27.49530  -86.81626    0.01873    0.01465     4.0075     4.0290    23.6529    23.6761    36.4632    36.4517    24.8526    24.8371    1501.00    174.637    175.576         32 0.0000e+00
     222916   9288.132     83.428     84.000    23.7014    23.6975   5.363225   5.361764     2.7628     2.3529     100.00   27.49530  -86.81626    0.02242    0.02244     4.0768     4.1115    23.6837    23.6799    36.4321    36.4241    24.8199    24.8150    1501.00    177.660    179.172         35 0.0000e+00
     222950   9289.546     82.435     83.000    23.7292    23.7392   5.362345   5.362579     2.7974     2.3890     100.00   27.49530  -86.81626    0.02462    0.02532     4.1439     4.1882    23.7118    23.7217    36.4029    36.3964    24.7895    24.7817    1501.00    180.591    182.522         32 0.0000e+00
     222981   9290.843     81.442     82.000    23.7888    23.7846   5.367145   5.366260     2.8317     2.4185     100.00   27.49530  -86.81626    0.02503    0.02492     4.2039     4.2467    23.7690    23.7679    36.3930    36.3936    24.7650    24.7681    1501.00    183.209    185.073         31 0.0000e+00
     223013   9292.178     80.449     81.000    23.8221    23.8605   5.372702   5.376907     2.8559     2.4327      96.19   27.49530  -86.81626    0.02410    0.02126     4.2553     4.2751    23.8064    23.8436    36.4053    36.4045    24.7633    24.7508    1501.00    185.448    186.317         34 0.0000e+00
     223047   9293.581     79.456     80.000    23.9647    23.9943   5.390736   5.393439     2.8626     2.4317      95.11   27.49530  -86.81628    0.01674    0.01104     4.2532     4.2610    23.9478    23.9774    36.4274    36.4238    24.7380    24.7264    1501.00    185.361    185.705         33 0.0000e+00
     223080   9294.963     78.463     79.000    24.1026    24.1134   5.402902   5.403509     2.8616     2.4295     100.02   27.49530  -86.81628    0.00634    0.00099     4.2403     4.2473    24.0859    24.0966    36.4075    36.4033    24.6817    24.6754    1501.00    184.812    185.116         33 0.0000e+00
     223113   9296.340     77.470     78.000    24.2041    24.2100   5.411476   5.411666     2.8812     2.4582     100.00   27.49530  -86.81628    0.00369    0.00342     4.2710     4.3016    24.1875    24.1934    36.3900    36.3867    24.6381    24.6338    1501.00    186.155    187.494         33 0.0000e+00
     223146   9297.707     76.477     77.000    24.3444    24.3403   5.426855   5.426132     2.9065     2.4774     100.00   27.49530  -86.81628    0.01135    0.01338     4.3093     4.3342    24.3279    24.3239    36.3925    36.3903    24.5978    24.5974    1501.00    187.833    188.919         33 0.0000e+00
     223178   9299.045     75.484     76.000    24.4502    24.5319   5.438311   5.445409     2.9264     2.4923      78.29   27.49530  -86.81628    0.01749    0.01638     4.3353     4.3498    24.4339    24.5158    36.3932    36.3981    24.5665    24.5522    1501.00    188.971    189.606         31 0.0000e+00
     223209   9300.335     74.490     75.000    24.9129    24.9018   5.498052   5.495924     2.9399     2.4952     100.03   27.49530  -86.81628    0.01554    0.01110     4.3279     4.3254    24.8966    24.8855    36.4672    36.4602    24.4822    24.4802    1501.00    188.665    188.556         31 0.0000e+00
     223243   9301.744     73.497     74.000    25.1388    25.1252   5.525528   5.522682     2.9286     2.4769     100.00   27.49530  -86.81628    0.00687    0.00029     4.2859     4.2714    25.1226    25.1090    36.4900    36.4798    24.4302    24.4266    1501.00    186.845    186.211         37 0.0000e+00
     226080   9419.971     68.532     69.000    26.0608    26.0620   5.622521   5.622493     2.9791     2.5296      99.54   27.49081  -86.80206   -0.00090   -0.00100     4.3091     4.3126    26.0453    26.0465    36.4679    36.4648    24.1265    24.1236    1500.75    187.909    188.065         34 0.0000e+00
     226151   9422.914     67.539     68.000    26.1380    26.1470   5.632790   5.633354     2.9829     2.5349      99.99   27.49534  -86.81636    0.00009    0.00055     4.3093     4.3169    26.1227    26.1317    36.4826    36.4795    24.1138    24.1087    1501.00    187.922    188.256         33 0.0000e+00
     226187   9424.431     66.546     67.000    26.2273    26.2111   5.643934   5.641651     2.9845     2.5381     100.00   27.49534  -86.81636    0.00151    0.00268     4.3046     4.3191    26.2121    26.1960    36.4921    36.4894    24.0928    24.0959    1501.00    187.720    188.351         37 0.0000e+00
     226222   9425.875     65.553     66.000    26.3966    26.3858   5.663641   5.663713     2.9865     2.5357      21.42   27.49534  -86.81636    0.00126    0.00134     4.2947     4.2994    26.3816    26.3709    36.5027    36.5118    24.0473    24.0576    1501.00    187.299    187.500         31 0.0000e+00
     226377   9432.349     63.567     64.000    26.6713    26.6927   5.696419   5.698417     3.0029     2.5467     100.04   27.50699  -86.85315    0.00421    0.00125     4.3033     4.3001    26.6567    26.6781    36.5305    36.5281    23.9830    23.9744    1501.64    187.687    187.546         32 0.0000e+00
     226317   9429.816     62.574     63.000    26.7021    26.6706   5.698534   5.694535     3.0170     2.5569     100.00   27.49534  -86.81636    0.00705    0.00679     4.3262     4.3215    26.6877    26.6562    36.5149    36.5109    23.9593    23.9663    1501.00    188.688    188.481         38 0.0000e+00
     226356   9431.458     61.581     62.000    26.7404    26.7254   5.701764   5.699988     3.0206     2.5610     100.00   27.49534  -86.81637    0.00716    0.00501     4.3303     4.3259    26.7262    26.7112    36.5083    36.5073    23.9420    23.9460    1501.00    188.867    188.676         41 0.0000e+00
     226395   9433.065     60.588     61.000    26.7645    26.7784   5.703888   5.706453     3.0206     2.5669     100.00   27.49534  -86.81638    0.00295    0.00276     4.3278     4.3333    26.7494    26.7644    36.5057    36.5100    23.9327    23.9311    1501.00    188.764    189.003         36 0.0000e+00
     226429   9434.517     59.595     60.000    26.8273    26.8423   5.710312   5.713044     3.0210     2.5678     100.00   27.49534  -86.81638    0.00021    0.00314     4.3233     4.3303    26.8136    26.8287    36.5064    36.5080    23.9126    23.9084    1501.00    188.568    188.877         34 0.0000e+00
     226463   9435.937     58.601     59.000    26.8701    26.8658   5.714991   5.714784     3.0267     2.5681     100.00   27.49534  -86.81638    0.00127    0.00103     4.3302     4.3290    26.8565    26.8522    36.5024    36.5043    23.8959    23.8987    1501.00    188.871    188.820         34 0.0000e+00
     226500   9437.442     57.608     58.000    26.8936    26.8846   5.717081   5.716136     3.0322     2.5661     100.00   27.49534  -86.81638    0.00323   -0.00087     4.3382     4.3229    26.8803    26.8713    36.4992    36.4998    23.8859    23.8892    1501.00    189.225    188.555         39 0.0000e+00
     226540   9439.116     56.615     57.000    26.9125    26.9137   5.718673   5.718649     3.0330     2.5746     100.00   27.49534  -86.81638    0.00273    0.00084     4.3378     4.3381    26.8994    26.9006    36.4961    36.4950    23.8775    23.8762    1501.00    189.209    189.221         40 0.0000e+00
     226578   9440.693     55.622     56.000    26.9366    26.9405   5.720270   5.720783     3.0353     2.5802     100.00   27.49534  -86.81638    0.00105    0.00452     4.3405     4.3475    26.9237    26.9276    36.4890    36.4896    23.8643    23.8635    1501.00    189.328    189.632         35 0.0000e+00
     226611   9442.076     54.629     55.000    27.0479    27.0313   5.732076   5.729868     3.0447     2.5872     100.00   27.49534  -86.81638    0.00270    0.00481     4.3488     4.3559    27.0408    27.0187    36.4824    36.4816    23.8217    23.8273    1501.00    189.700    190.009         33 0.0000e+00
     226646   9443.552     53.636     54.000    27.1006    27.1057   5.736708   5.736813     3.0456     2.5857      79.74   27.49534  -86.81638    0.00373    0.00285     4.3457     4.3461    27.0883    27.0933    36.4787    36.4755    23.8037    23.7997    1501.00    189.565    189.584         39 0.0000e+00
     226686   9445.194     52.643     53.000    27.1561    27.0956   5.741328   5.736325     3.0503     2.5864      99.23   27.49534  -86.81638    0.00213    0.00030     4.3499     4.3477    27.1438    27.0833    36.4688    36.4804    23.7783    23.8065    1501.00    189.754    189.652         38 0.0000e+00
     226722   9446.719     51.650     52.000    27.2948    27.2678   5.754087   5.752075     3.0558     2.5923      99.99   27.49534  -86.81638    0.00273    0.00111     4.3493     4.3474    27.2827    27.2558    36.4518    36.4585    23.7207    23.7344    1501.00    189.740    189.652         36 0.0000e+00
     226758   9448.214     50.656     51.000    27.5967    27.4883   5.782632   5.771432     3.0702     2.5980     100.00   27.49534  -86.81638    0.00494    0.00309     4.3528     4.3434    27.5847    27.4764    36.4201    36.4248    23.5987    23.6376    1501.00    189.914    189.498         36 0.0000e+00
     226794   9449.724     49.663     50.000    28.0319    27.8513   5.824893   5.808513     3.0990     2.6235      99.58   27.49534  -86.81638    0.01142    0.00763     4.3733     4.3682    28.0201    27.8395    36.3821    36.4025    23.4277    23.5024    1501.00    190.838    190.605         37 0.0000e+00
     226832   9451.310     48.670     49.000    28.2939    28.1537   5.847232   5.834707     3.1258     2.6457     100.00   27.49534  -86.81638    0.01794    0.01458     4.4021     4.3933    28.2822    28.1421    36.3375    36.3576    23.3079    23.3692    1501.00    192.119    191.726         37 0.0000e+00
     228889   9537.012     43.705     44.000    29.1811    29.2004   5.928917   5.930771     3.1565     2.6773     100.13   27.53418  -86.93918   -0.00069   -0.00091     4.3912     4.3844    29.1704    29.1897    36.2548    36.2540    22.9571    22.9500    1503.12    191.716    191.422         61 0.0000e+00
     228624   9525.974     42.711     43.000    29.1569    29.1568   5.921825   5.921911     3.1521     2.6740     100.00   27.49530  -86.81644    0.00015    0.00047     4.3832     4.3784    29.1465    29.1463    36.1999    36.2006    22.9161    22.9166    1501.00    191.370    191.157         51 0.0000e+00
     228682   9528.378     41.718     42.000    29.1805    29.1696   5.923212   5.922827     3.1535     2.6744     100.00   27.49531  -86.81644    0.00034   -0.00034     4.3835     4.3778    29.1686    29.1594    36.1931    36.1975    22.9035    22.9099    1501.00    191.382    191.135         62 0.0000e+00
     228743   9530.900     40.725     41.000    29.2055    29.1853   5.920241   5.922221     3.1546     2.6725     100.00   27.49532  -86.81644    0.00046   -0.00012     4.3842     4.3728    29.1955    29.1753    36.1528    36.1817    22.8642    22.8927    1501.00    191.421    190.918         57 0.0000e+00
     228797   9533.159     39.732     40.000    29.2201    29.2293   5.917703   5.916563     3.1555     2.6703     100.00   27.49532  -86.81646    0.00063   -0.00104     4.3849     4.3665    29.2104    29.2197    36.1246    36.1113    22.8380    22.8250    1501.00    191.457    190.654         53 0.0000e+00
     228852   9535.452     38.738     39.000    29.2235    29.2376   5.908667   5.905743     3.1513     2.6659     100.00   27.49532  -86.81646   -0.00121   -0.00129     4.3786     4.3584    29.2140    29.2281    36.0565    36.0293    22.7857    22.7605    1501.00    191.192    190.313         56 0.0000e+00
     228907   9537.759     37.745     38.000    29.2418    29.2388   5.898635   5.900316     3.1493     2.6698      96.55   27.49532  -86.81646   -0.00087   -0.00022     4.3745     4.3665    29.2326    29.2295    35.9763    35.9913    22.7191    22.7315    1501.00    191.024    190.672         55 0.0000e+00
     228960   9539.953     36.752     37.000    29.2757    29.2733   5.895170   5.893154     3.1469     2.6665      99.99   27.49532  -86.81646   -0.00168    0.00052     4.3684     4.3588    29.2667    29.2643    35.9284    35.9164    22.6717    22.6635    1501.00    190.766    190.350         51 0.0000e+00
     229013   9542.158     35.759     36.000    29.2762    29.2813   5.885453   5.888650     3.1450     2.6594     100.00   27.49532  -86.81646   -0.00035   -0.00285     4.3654     4.3443    29.2669    29.2725    35.8619    35.8797    22.6217    22.6331    1501.00    190.646    189.723         56 0.0000e+00
     229069   9544.516     34.765     35.000    29.2609    29.2731   5.874802   5.885569     3.1440     2.6657      89.24   27.49532  -86.81646   -0.00103    0.00023     4.3663     4.3573    29.2524    29.2646    35.8010    35.8643    22.5808    22.6240    1501.00    190.693    190.291         54 0.0000e+00
     229120   9546.645     33.772     34.000    29.2199    29.2396   5.858526   5.866618     3.1451     2.6666      99.99   27.49532  -86.81646    0.00016    0.00224     4.3743     4.3632    29.2047    29.2313    35.7122    35.7599    22.5302    22.5571    1501.00    191.052    190.562         50 0.0000e+00
     229174   9548.874     32.779     33.000    29.1989    29.1952   5.852923   5.850705     3.1465     2.6673     100.00   27.49532  -86.81646    0.00069   -0.00015     4.3773     4.3695    29.1907    29.1872    35.6962    35.6839    22.5229    22.5148    1501.00    191.182    190.845         59 0.0000e+00
     229232   9551.294     31.786     32.000    29.1980    29.1853   5.851164   5.847136     3.1503     2.6759     100.00   27.49532  -86.81646    0.00134    0.00252     4.3837     4.3874    29.1902    29.1775    35.6852    35.6670    22.5148    22.5054    1501.00    191.467    191.629         53 0.0000e+00
