Gulf of Mexico/GOMECC-4/1db/rb2103_0381.cnv
* Sea-Bird SBE 9 Data File:
* FileName = C:\Users\scs.user.rb\CTD\GOMECC4\data\rb2103_0381.hex
* Software Version Seasave V 7.26.7.107
* Temperature SN = 4799
* Conductivity SN = 3860
* Number of Bytes Per Scan = 41
* Number of Voltage Words = 4
* Number of Scans Averaged by the Deck Unit = 1
* NMEA Latitude = 27 35.06 N
* NMEA Longitude = 089 59.95 W
* NMEA UTC (Time) = Sep 25 2021  13:55:17
* NMEA baud rate = 4800
# nquan = 28
# nvalues = 729                         
# units = specified
# name 0 = scan: Scan Count
# name 1 = timeS: Time, Elapsed [seconds]
# name 2 = depSM: Depth [salt water, m]
# name 3 = prDM: Pressure, Digiquartz [db]
# name 4 = t090C: Temperature [ITS-90, deg C]
# name 5 = t190C: Temperature, 2 [ITS-90, deg C]
# name 6 = c0S/m: Conductivity [S/m]
# name 7 = c1S/m: Conductivity, 2 [S/m]
# name 8 = sbeox0V: Oxygen raw, SBE 43 [V]
# name 9 = sbeox1V: Oxygen raw, SBE 43, 2 [V]
# name 10 = altM: Altimeter [m]
# name 11 = latitude: Latitude [deg]
# name 12 = longitude: Longitude [deg]
# name 13 = sbox0dV/dT: Oxygen, SBE 43 [dov/dt]
# name 14 = sbox1dV/dT: Oxygen, SBE 43, 2 [dov/dt]
# name 15 = sbeox0ML/L: Oxygen, SBE 43 [ml/l], WS = 5
# name 16 = sbeox1ML/L: Oxygen, SBE 43, 2 [ml/l], WS = 5
# name 17 = potemp090C: Potential Temperature [ITS-90, deg C]
# name 18 = potemp190C: Potential Temperature, 2 [ITS-90, deg C]
# name 19 = sal00: Salinity, Practical [PSU]
# name 20 = sal11: Salinity, Practical, 2 [PSU]
# name 21 = sigma-é00: Density [sigma-theta, kg/m^3]
# name 22 = sigma-é11: Density, 2 [sigma-theta, kg/m^3]
# name 23 = avgsvCM: Average Sound Velocity [Chen-Millero, m/s], minP = 20, minS = 20
# name 24 = sbox0Mm/Kg: Oxygen, SBE 43 [umol/kg], WS = 5
# name 25 = sbox1Mm/Kg: Oxygen, SBE 43, 2 [umol/kg], WS = 5
# name 26 = nbin: number of scans per bin
# name 27 = flag: flag
# span 0 =      18314,     517440       
# span 1 =    763.024,  21558.815       
# span 2 =      3.974,   1233.068       
# span 3 =      4.000,   1245.000       
# span 4 =     4.5040,   803.6935       
# span 5 =     4.5041,   803.7078       
# span 6 =   3.352007, 165.024629       
# span 7 =   3.351944, 165.029541       
# span 8 =     1.6094,    78.5906       
# span 9 =     1.3138,    74.7833       
# span 10 =       9.82,    1122.31      
# span 11 =   27.41954,  778.18748      
# span 12 =-2538.87616,  -89.45764      
# span 13 =   -0.03401,    0.02718      
# span 14 =   -0.03407,    0.02519      
# span 15 =     2.5713,   109.7491      
# span 16 =     2.5950,   123.0076      
# span 17 =     4.4022,   803.6529      
# span 18 =     4.4023,   803.6672      
# span 19 =    34.8998,  1021.7318      
# span 20 =    34.8994,  1021.7550      
# span 21 =    23.0105,   653.0711      
# span 22 =    23.0109,   653.0841      
# span 23 =       0.00,    1562.54      
# span 24 =    111.854,   4790.488      
# span 25 =    112.882,   5369.228      
# span 26 =         30,         69      
# span 27 = 0.0000e+00, 0.0000e+00      
# interval = decibars: 1                
# start_time = Sep 25 2021 13:55:17 [NMEA time, header]
# bad_flag = -9.990e-29
*END*
[from data line 104]
      23454    977.188    127.113    128.000    20.6031    20.6025   5.046622   5.046733     2.1973     1.8421     100.00   27.58624  -89.99930   -0.00478   -0.00401     3.1426     3.1716    20.5787    20.5781    36.5247    36.5261    25.7700    25.7712    1537.15    136.823    138.086         34 0.0000e+00
      23487    978.583    128.106    129.000    20.5701    20.5710   5.043500   5.043546     2.1928     1.8383     100.00   27.58626  -89.99930   -0.00410   -0.00301     3.1370     3.1667    20.5456    20.5470    36.5274    36.5286    25.7810    25.7812    1537.07    136.575    137.871         32 0.0000e+00
      23517    979.847    129.099    130.000    20.4775    20.4779   5.035293   5.035456     2.1871     1.8303     100.00   27.58626  -89.99930   -0.00350   -0.00335     3.1260     3.1469    20.4528    20.4532    36.5222    36.5234    25.8021    25.8029    1537.00    136.094    137.004         30 0.0000e+00
      23550    981.196    130.092    131.000    20.4454    20.4461   5.031507   5.031795     2.1747     1.8172     100.00   27.58626  -89.99930   -0.00520   -0.00605     3.1049     3.1233    20.4206    20.4213    36.5359    36.5377    25.8213    25.8224    1536.91    135.177    135.977         36 0.0000e+00
      23589    982.832    131.084    132.000    20.4474    20.4477   5.036705   5.037205     2.1626     1.8082     100.00   27.58628  -89.99930   -0.00814   -0.00832     3.0787     3.1018    20.4224    20.4228    36.5767    36.5805    25.8519    25.8547    1536.83    134.027    135.036         38 0.0000e+00
      23680    986.622    134.063    135.000    20.3006    20.3004   5.028437   5.028601     2.1580     1.8079      99.98   27.58039  -89.98002   -0.00144   -0.00031     3.0777     3.1094    20.2752    20.2749    36.6323    36.6339    25.9331    25.9344    1536.26    133.976    135.357         43 0.0000e+00
      23724    988.473    135.055    136.000    20.3100    20.3107   5.031788   5.032015     2.1688     1.8207     100.00   27.58630  -89.99930    0.00162    0.00301     3.1005     3.1392    20.2844    20.2850    36.6541    36.6553    25.9481    25.9488    1536.52    134.966    136.651         31 0.0000e+00
      23770    990.394    137.041    138.000    20.2109    20.2107   5.020817   5.020935     2.2091     1.8611      99.95   27.57347  -89.95741    0.01306    0.01387     3.1936     3.2408    20.1849    20.1848    36.6434    36.6444    25.9650    25.9658    1535.65    139.017    141.071         36 0.0000e+00
      23823    992.580    138.034    139.000    20.1681    20.1653   5.016997   5.016786     2.2258     1.8723     100.00   27.58632  -89.99930    0.01550    0.01379     3.2326     3.2705    20.1421    20.1392    36.6548    36.6556    25.9868    25.9881    1536.30    140.713    142.362         42 0.0000e+00
      23909    996.180    141.011    142.000    19.8046    19.8044   4.971751   4.971856     2.2139     1.8545      99.97   27.57747  -89.97038   -0.00248   -0.00395     3.2293     3.2485    19.7783    19.7781    36.5932    36.5942    26.0353    26.0361    1535.58    140.559    141.395         43 0.0000e+00
      23961    998.348    142.004    143.000    19.7652    19.7642   4.967713   4.967757     2.1887     1.8262     100.00   27.58634  -89.99928   -0.00776   -0.00991     3.1809     3.1883    19.7387    19.7378    36.5979    36.5991    26.0504    26.0516    1535.99    138.452    138.775         40 0.0000e+00
      24038   1001.556    144.982    146.000    19.6124    19.6112   4.949976   4.949697     2.1430     1.7885      97.95   27.57182  -89.95186   -0.01267   -0.01071     3.0932     3.1091    19.5861    19.5843    36.5777    36.5777    26.0739    26.0742    1534.95    134.631    135.324         47 0.0000e+00
      24097   1003.989    145.975    147.000    19.5791    19.5770   4.947061   4.946971     2.1341     1.7830     100.15   27.58636  -89.99928   -0.00612   -0.00374     3.0788     3.1005    19.5521    19.5500    36.5878    36.5889    26.0918    26.0932    1535.69    134.002    134.946         38 0.0000e+00
      24178   1007.390    148.953    150.000    19.3924    19.3897   4.924463   4.924280     2.0997     1.7514      99.98   27.57709  -89.96899   -0.00933   -0.00877     3.0134     3.0346    19.3651    19.3623    36.5577    36.5586    26.1166    26.1180    1534.93    131.153    132.076         46 0.0000e+00
      24229   1009.492    149.945    151.000    19.2983    19.2958   4.914353   4.914152     2.0912     1.7436     100.00   27.58640  -89.99930   -0.00820   -0.00727     3.0009     3.0217    19.2709    19.2683    36.5597    36.5603    26.1438    26.1449    1535.37    130.606    131.512         34 0.0000e+00
      24279   1011.578    151.931    153.000    19.0742    19.0741   4.886384   4.886507     2.0607     1.7096      99.98   27.58113  -89.98210   -0.00887   -0.00880     2.9487     2.9537    19.0466    19.0465    36.5192    36.5204    26.1703    26.1712    1534.92    128.330    128.548         30 0.0000e+00
      24322   1013.378    152.924    154.000    19.0551    19.0555   4.884767   4.884962     2.0274     1.6848     100.00   27.58640  -89.99930   -0.01616   -0.01575     2.8771     2.8953    19.0273    19.0278    36.5245    36.5257    26.1799    26.1807    1535.14    125.213    126.004         47 0.0000e+00
      24362   1015.025    153.916    155.000    19.0525    19.0523   4.885142   4.885217     2.0203     1.6811     100.00   27.58641  -89.99930   -0.01439   -0.01165     2.8617     2.8866    19.0246    19.0244    36.5295    36.5303    26.1844    26.1851    1535.06    124.541    125.628         30 0.0000e+00
      24409   1016.986    155.902    157.000    18.8262    18.8206   4.856327   4.855987     2.0195     1.6808      99.95   27.57360  -89.95746   -0.00077    0.00115     2.8696     2.8915    18.7981    18.7925    36.4834    36.4830    26.2068    26.2080    1534.21    124.883    125.834         37 0.0000e+00
      24462   1019.216    156.894    158.000    18.7829    18.7824   4.851363   4.851383     1.9882     1.6440     100.00   27.58644  -89.99930   -0.00707   -0.00906     2.8086     2.8142    18.7547    18.7542    36.4815    36.4823    26.2169    26.2177    1534.82    122.228    122.470         42 0.0000e+00
      24546   1022.714    159.872    161.000    18.6984    18.7002   4.842270   4.842570     1.9636     1.6319      98.27   27.57985  -89.97780   -0.00781   -0.00422     2.7596     2.7893    18.6698    18.6716    36.4752    36.4761    26.2331    26.2333    1534.22    120.093    121.385         39 0.0000e+00
      24594   1024.711    160.865    162.000    18.6581    18.6555   4.837872   4.837680     1.9725     1.6394      98.60   27.58645  -89.99930    0.00331    0.00505     2.7822     2.8111    18.6294    18.6269    36.4761    36.4766    26.2448    26.2457    1534.52    121.076    122.331         41 0.0000e+00
      24652   1027.146    162.850    164.000    18.6105    18.6110   4.831170   4.831360     1.9565     1.6218      99.99   27.58310  -89.98833   -0.00249   -0.00330     2.7499     2.7709    18.5814    18.5819    36.4592    36.4604    26.2436    26.2444    1534.17    119.668    120.581         30 0.0000e+00
      24689   1028.670    163.842    165.000    18.6007    18.6008   4.830264   4.830382     1.9439     1.6109      97.07   27.58647  -89.99930   -0.00740   -0.00758     2.7228     2.7452    18.5714    18.5715    36.4613    36.4622    26.2482    26.2488    1534.28    118.491    119.466         38 0.0000e+00
      24725   1030.150    164.835    166.000    18.5894    18.5899   4.828897   4.829066     1.9336     1.6035      87.78   27.58648  -89.99930   -0.00861   -0.00749     2.7008     2.7280    18.5600    18.5605    36.4593    36.4602    26.2496    26.2501    1534.21    117.532    118.716         32 0.0000e+00
      24756   1031.438    165.827    167.000    18.5573    18.5576   4.825641   4.825793     1.9273     1.5978      99.81   27.58648  -89.99928   -0.00704   -0.00544     2.6889     2.7162    18.5277    18.5281    36.4597    36.4607    26.2581    26.2587    1534.13    117.012    118.202         31 0.0000e+00
      24790   1032.893    166.820    168.000    18.5567    18.5573   4.827808   4.827986     1.9359     1.6101     100.00   27.58648  -89.99928   -0.00312   -0.00233     2.7082     2.7462    18.5270    18.5276    36.4783    36.4792    26.2724    26.2730    1534.06    117.850    119.505         39 0.0000e+00
      24829   1034.504    167.813    169.000    18.5605    18.5605   4.829449   4.829553     1.9800     1.6601     100.00   27.58650  -89.99928    0.01097    0.01373     2.8064     2.8684    18.5306    18.5306    36.4884    36.4893    26.2793    26.2799    1533.99    122.122    124.823         35 0.0000e+00
      24917   1038.156    170.790    172.000    18.5601    18.5613   4.829666   4.829924     2.0633     1.7344      99.97   27.57736  -89.96944    0.02107    0.01866     2.9930     3.0507    18.5296    18.5308    36.4855    36.4867    26.2763    26.2769    1533.26    130.246    132.757         51 0.0000e+00
      24969   1040.352    171.783    173.000    18.5703    18.5717   4.832182   4.832485     2.0843     1.7496      60.72   27.58652  -89.99928    0.01341    0.01076     3.0392     3.0876    18.5397    18.5411    36.5014    36.5027    26.2870    26.2876    1533.70    132.255    134.358         32 0.0000e+00
      25053   1043.838    174.760    176.000    18.2804    18.2771   4.797394   4.797098     2.1040     1.7638      99.98   27.58225  -89.98532    0.00646    0.00485     3.1033     3.1420    18.2496    18.2463    36.4598    36.4606    26.3279    26.3293    1533.26    135.038    136.720         51 0.0000e+00
      25099   1045.762    175.753    177.000    18.2164    18.2163   4.790054   4.790122     2.1037     1.7616     100.00   27.58654  -89.99928    0.00082   -0.00035     3.1072     3.1409    18.1855    18.1854    36.4552    36.4559    26.3408    26.3414    1533.43    135.204    136.672         31 0.0000e+00
      25148   1047.805    177.738    179.000    18.1073    18.1075   4.775962   4.776078     2.1106     1.7716      99.97   27.57920  -89.97533    0.00178    0.00281     3.1309     3.1733    18.0761    18.0764    36.4279    36.4287    26.3465    26.3470    1532.87    136.236    138.082         33 0.0000e+00
      25194   1049.692    178.731    180.000    18.0024    18.0009   4.763922   4.763797     2.1016     1.7556     100.00   27.58656  -89.99928    0.00167    0.00122     3.1179     3.1406    17.9712    17.9697    36.4208    36.4211    26.3679    26.3686    1533.22    135.670    136.657         42 0.0000e+00
      25290   1053.717    181.708    183.000    17.8103    17.8103   4.740471   4.740568     2.0590     1.7148      99.99   27.58405  -89.99110   -0.00997   -0.00925     3.0354     3.0528    17.7788    17.7788    36.3883    36.3891    26.3904    26.3911    1532.86    132.076    132.834         42 0.0000e+00
      25331   1055.410    182.701    184.000    17.7393    17.7397   4.732475   4.732606     2.0491     1.7095     100.00   27.58658  -89.99928   -0.00910   -0.00770     3.0178     3.0445    17.7077    17.7081    36.3834    36.3842    26.4045    26.4050    1532.92    131.309    132.469         32 0.0000e+00
      25383   1057.565    184.685    186.000    17.6411    17.6417   4.720368   4.720533     2.0535     1.7152      99.97   27.57958  -89.97644   -0.00069    0.00131     3.0353     3.0655    17.6093    17.6099    36.3630    36.3639    26.4123    26.4128    1532.39    132.066    133.383         33 0.0000e+00
      25427   1059.411    185.678    187.000    17.6253    17.6256   4.719157   4.719264     2.0530     1.7135     100.00   27.58659  -89.99928    0.00126    0.00095     3.0354     3.0627    17.5933    17.5936    36.3692    36.3698    26.4217    26.4221    1532.71    132.073    133.261         43 0.0000e+00
      25467   1061.071    186.670    188.000    17.5907    17.5908   4.714985   4.715057     2.0481     1.7098     100.00   27.58660  -89.99928   -0.00100   -0.00152     3.0268     3.0559    17.5587    17.5588    36.3636    36.3641    26.4259    26.4263    1532.64    131.698    132.963         33 0.0000e+00
      25555   1064.767    189.648    191.000    17.4088    17.4090   4.693250   4.693340     2.0359     1.6995      99.30   27.58275  -89.98664   -0.00340   -0.00292     3.0119     3.0428    17.3765    17.3766    36.3353    36.3360    26.4483    26.4488    1532.20    131.046    132.388         47 0.0000e+00
      25601   1066.679    190.641    192.000    17.3535    17.3528   4.686861   4.686849     2.0349     1.6990     100.04   27.58662  -89.99928   -0.00112   -0.00062     3.0135     3.0454    17.3210    17.3203    36.3307    36.3312    26.4586    26.4592    1532.35    131.115    132.501         33 0.0000e+00
      25652   1068.805    192.625    194.000    17.1817    17.1852   4.665517   4.666013     2.0215     1.6842      89.16   27.58049  -89.97929   -0.00312   -0.00363     2.9949     3.0194    17.1491    17.1526    36.2957    36.2969    26.4728    26.4728    1531.86    130.304    131.367         33 0.0000e+00
      25696   1070.605    193.618    195.000    17.1448    17.1446   4.661849   4.661874     2.0104     1.6744      90.68   27.58664  -89.99928   -0.00679   -0.00687     2.9720     2.9975    17.1122    17.1119    36.2989    36.2993    26.4847    26.4851    1532.13    129.306    130.416         41 0.0000e+00
      25732   1072.115    194.610    196.000    17.0810    17.0823   4.654222   4.654459     2.0109     1.6763     100.07   27.58664  -89.99928   -0.00541   -0.00457     2.9778     3.0064    17.0483    17.0496    36.2892    36.2901    26.4927    26.4931    1532.05    129.555    130.802         32 0.0000e+00
      25763   1073.416    195.603    197.000    17.0206    17.0226   4.647079   4.647405     2.0117     1.6775     100.00   27.58664  -89.99928   -0.00088   -0.00009     2.9839     3.0137    16.9877    16.9898    36.2808    36.2817    26.5007    26.5010    1531.99    129.821    131.116         31 0.0000e+00
      25793   1074.671    196.595    198.000    16.9845    16.9854   4.642864   4.643036     2.0118     1.6761      97.74   27.58666  -89.99928    0.00059    0.00070     2.9867     3.0128    16.9516    16.9524    36.2759    36.2766    26.5057    26.5060    1531.91    129.941    131.075         31 0.0000e+00
      25830   1076.204    197.587    199.000    16.9462    16.9464   4.638330   4.638421     2.0115     1.6764      82.27   27.58666  -89.99928    0.00002   -0.00024     2.9889     3.0165    16.9131    16.9134    36.2703    36.2709    26.5105    26.5109    1531.84    130.037    131.235         42 0.0000e+00
      25869   1077.822    198.580    200.000    16.9032    16.9047   4.633153   4.633400     2.0111     1.6774     100.60   27.58666  -89.99928   -0.00016    0.00012     2.9913     3.0220    16.8701    16.8716    36.2632    36.2640    26.5154    26.5156    1531.77    130.141    131.475         32 0.0000e+00
      25957   1081.481    201.557    203.000    16.8163    16.8144   4.621898   4.621725     2.0015     1.6696      99.97   27.57768  -89.96991   -0.00216   -0.00188     2.9759     3.0089    16.7827    16.7808    36.2380    36.2382    26.5160    26.5165    1531.04    129.469    130.904         53 0.0000e+00
      26012   1083.805    202.550    204.000    16.7152    16.7086   4.610608   4.609859     1.9937     1.6617     100.00   27.58668  -89.99928   -0.00379   -0.00227     2.9640     2.9964    16.6816    16.6750    36.2329    36.2323    26.5369    26.5380    1531.48    128.949    130.360         35 0.0000e+00
      26085   1086.841    205.527    207.000    16.5499    16.5503   4.590853   4.590970     1.9659     1.6334      56.00   27.58743  -90.00166   -0.00724   -0.00810     2.9116     2.9345    16.5161    16.5164    36.2071    36.2078    26.5563    26.5568    1531.29    126.669    127.664         32 0.0000e+00
