Gulf of Mexico/GOMECC-4/1db/rb2103_0081.ros
* Sea-Bird SBE 9 Data File:
* FileName = C:\Users\scs.user.rb\CTD\GOMECC4\data\rb2103_008.hex
* Software Version Seasave V 7.26.7.107
* Temperature SN = 4799
* Conductivity SN = 3860
* Number of Bytes Per Scan = 41
* Number of Voltage Words = 4
* Number of Scans Averaged by the Deck Unit = 1
* NMEA Latitude = 25 29.79 N
* NMEA Longitude = 080 01.43 W
* NMEA UTC (Time) = Sep 15 2021  16:51:51
* NMEA baud rate = 4800
# nquan = 17
# nvalues = 3192                                  
# units = specified
# name 0 = scan: Scan Count
# name 1 = timeS: Time, Elapsed [seconds]
# name 2 = depSM: Depth [salt water, m]
# name 3 = prDM: Pressure, Digiquartz [db]
# name 4 = t090C: Temperature [ITS-90, deg C]
# name 5 = t190C: Temperature, 2 [ITS-90, deg C]
# name 6 = c0S/m: Conductivity [S/m]
# name 7 = c1S/m: Conductivity, 2 [S/m]
# name 8 = sbeox0V: Oxygen raw, SBE 43 [V]
# name 9 = sbeox1V: Oxygen raw, SBE 43, 2 [V]
# name 10 = altM: Altimeter [m]
# name 11 = latitude: Latitude [deg]
# name 12 = longitude: Longitude [deg]
# name 13 = sbox0dV/dT: Oxygen, SBE 43 [dov/dt]
# name 14 = sbox1dV/dT: Oxygen, SBE 43, 2 [dov/dt]
# name 15 = nbf: Bottles Fired
# name 16 = flag:  0.000e+00
# interval = seconds: 0.0416667
# start_time = Sep 15 2021 16:51:51 [NMEA time, header]
# bad_flag = -9.990e-29
*END*
[from data line 2894]
      64781   2699.167     10.447     10.515    29.1934    29.1919   5.589123   5.589266     3.1355     2.6654     100.00   25.51212  -80.01832   -0.00042    0.00042         22  0.000e+00
      64782   2699.208     10.507     10.576    29.1932    29.1917   5.589139   5.589297     3.1355     2.6679     100.00   25.51212  -80.01832   -0.00036    0.00039         22  0.000e+00
      64783   2699.250     10.530     10.599    29.1929    29.1917   5.589116   5.589234     3.1355     2.6679     100.00   25.51212  -80.01832   -0.00031    0.00033         22  0.000e+00
      64784   2699.292     10.447     10.515    29.1925    29.1919   5.589069   5.589281     3.1355     2.6679     100.00   25.51212  -80.01832   -0.00025    0.00028         22  0.000e+00
      64785   2699.333     10.469     10.538    29.1923    29.1919   5.589100   5.589266     3.1355     2.6691     100.00   25.51212  -80.01832   -0.00019    0.00025         22  0.000e+00
      64786   2699.375     10.507     10.576    29.1921    29.1915   5.589108   5.589226     3.1355     2.6679     100.00   25.51212  -80.01832   -0.00015    0.00021         22  0.000e+00
      64787   2699.417     10.530     10.599    29.1918    29.1917   5.589069   5.589242     3.1343     2.6679     100.00   25.51212  -80.01832   -0.00010    0.00016         22  0.000e+00
      64788   2699.458     10.447     10.515    29.1918    29.1917   5.589022   5.589328     3.1355     2.6691     100.00   25.51212  -80.01832   -0.00004    0.00014         22  0.000e+00
      64789   2699.500     10.530     10.599    29.1918    29.1923   5.589053   5.589305     3.1343     2.6691     100.00   25.51212  -80.01832    0.00001    0.00011         22  0.000e+00
      64790   2699.542     10.394     10.462    29.1923    29.1922   5.589092   5.589297     3.1343     2.6703     100.00   25.51212  -80.01832    0.00004    0.00008         22  0.000e+00
      64791   2699.583     10.583     10.652    29.1930    29.1926   5.589178   5.589305     3.1343     2.6691     100.00   25.51212  -80.01832    0.00007    0.00004         22  0.000e+00
      64792   2699.625     10.507     10.576    29.1942    29.1926   5.589271   5.589305     3.1343     2.6703     100.00   25.51212  -80.01832    0.00011    0.00003         22  0.000e+00
      64793   2699.667     10.507     10.576    29.1947    29.1924   5.589325   5.589266     3.1343     2.6691     100.00   25.51212  -80.01832    0.00014   -0.00002         22  0.000e+00
      64794   2699.708     10.470     10.538    29.1952    29.1921   5.589411   5.589289     3.1343     2.6703     100.00   25.51212  -80.01832    0.00017   -0.00004         22  0.000e+00
      64795   2699.750     10.507     10.576    29.1962    29.1921   5.589465   5.589266     3.1343     2.6703     100.00   25.51212  -80.01832    0.00021   -0.00008         22  0.000e+00
      64796   2699.792     10.530     10.599    29.1967    29.1917   5.589551   5.589226     3.1343     2.6703     100.00   25.51214  -80.01832    0.00024   -0.00010         22  0.000e+00
      64797   2699.833     10.447     10.515    29.1964    29.1917   5.589504   5.589195     3.1343     2.6703     100.00   25.51214  -80.01832    0.00026   -0.00012         22  0.000e+00
      64798   2699.875     10.530     10.599    29.1954    29.1917   5.589411   5.589210     3.1343     2.6703     100.00   25.51214  -80.01832    0.00028   -0.00013         22  0.000e+00
      64799   2699.917     10.507     10.576    29.1952    29.1918   5.589418   5.589281     3.1343     2.6703     100.00   25.51214  -80.01832    0.00031   -0.00013         22  0.000e+00
      64800   2699.958     10.470     10.538    29.1956    29.1917   5.589535   5.589234     3.1343     2.6703     100.00   25.51214  -80.01832    0.00035   -0.00012         22  0.000e+00
      64801   2700.000     10.507     10.576    29.1964    29.1917   5.589574   5.589218     3.1343     2.6716     100.00   25.51214  -80.01832    0.00037   -0.00010         22  0.000e+00
      64802   2700.042     10.530     10.599    29.1967    29.1915   5.589675   5.589218     3.1343     2.6703     100.00   25.51214  -80.01832    0.00039   -0.00009         22  0.000e+00
      64803   2700.083     10.507     10.576    29.1976    29.1913   5.589675   5.589242     3.1343     2.6703     100.00   25.51214  -80.01832    0.00041   -0.00007         22  0.000e+00
      64804   2700.125     10.470     10.538    29.1988    29.1917   5.589628   5.589289     3.1355     2.6716     100.00   25.51214  -80.01832    0.00045   -0.00002         22  0.000e+00
      64805   2700.167     10.447     10.515    29.1991    29.1918   5.589783   5.589258     3.1343     2.6703     100.00   25.51214  -80.01832    0.00047 -1.758e-07         22  0.000e+00
      64806   2700.208     10.560     10.629    29.1993    29.1917   5.589846   5.589289     3.1343     2.6703     100.00   25.51214  -80.01832    0.00049    0.00002         22  0.000e+00
      64807   2700.250     10.470     10.538    29.1998    29.1921   5.589915   5.589266     3.1355     2.6703     100.00   25.51214  -80.01832    0.00053    0.00005         22  0.000e+00
      64808   2700.292     10.508     10.576    29.1991    29.1915   5.589869   5.589289     3.1355     2.6703     100.00   25.51214  -80.01832    0.00055    0.00007         22  0.000e+00
      64809   2700.333     10.470     10.538    29.1991    29.1918   5.589877   5.589266     3.1355     2.6691     100.00   25.51214  -80.01832    0.00057    0.00007         22  0.000e+00
      64810   2700.375     10.508     10.576    29.1989    29.1919   5.589892   5.589289     3.1355     2.6691     100.00   25.51214  -80.01832    0.00059    0.00008         22  0.000e+00
      64811   2700.417     10.530     10.599    29.1989    29.1919   5.589783   5.589336     3.1355     2.6691     100.00   25.51214  -80.01832    0.00061    0.00008         22  0.000e+00
      64812   2700.458     10.508     10.576    29.1986    29.1921   5.589853   5.589281     3.1355     2.6691     100.00   25.51214  -80.01832    0.00065    0.00009         22  0.000e+00
      67337   2805.667      5.290      5.325    29.4076    29.3955   5.614354   5.612765     3.1429     2.6764     100.00   25.51274  -80.01814   -0.00016   -0.00082         23  0.000e+00
      67338   2805.708      5.048      5.081    29.4080    29.3901   5.614330   5.612031     3.1429     2.6764     100.00   25.51274  -80.01814   -0.00022   -0.00078         23  0.000e+00
      67339   2805.750      4.958      4.990    29.4082    29.3870   5.614393   5.611747     3.1429     2.6764     100.00   25.51274  -80.01814   -0.00030   -0.00074         23  0.000e+00
      67340   2805.792      5.162      5.195    29.4085    29.3916   5.614455   5.612394     3.1429     2.6764     100.00   25.51276  -80.01814   -0.00036   -0.00070         23  0.000e+00
      67341   2805.833      5.124      5.157    29.4098    29.3981   5.614572   5.613380     3.1429     2.6777     100.00   25.51276  -80.01814   -0.00044   -0.00062         23  0.000e+00
      67342   2805.875      5.124      5.157    29.4115    29.4041   5.614774   5.614113     3.1429     2.6777     100.00   25.51276  -80.01814   -0.00051   -0.00056         23  0.000e+00
      67343   2805.917      5.109      5.142    29.4128    29.4094   5.615147   5.614792     3.1429     2.6777     100.00   25.51276  -80.01814   -0.00057   -0.00050         23  0.000e+00
      67344   2805.958      5.124      5.157    29.4170    29.4149   5.615560   5.615430     3.1429     2.6777     100.00   25.51276  -80.01814   -0.00063   -0.00044         23  0.000e+00
      67345   2806.000      5.109      5.142    29.4198    29.4159   5.615910   5.615533     3.1429     2.6777     100.00   25.51276  -80.01814   -0.00069   -0.00038         23  0.000e+00
      67346   2806.042      5.124      5.157    29.4205    29.4145   5.616066   5.615375     3.1429     2.6777     100.00   25.51276  -80.01814   -0.00076   -0.00033         23  0.000e+00
      67347   2806.083      5.162      5.196    29.4198    29.4138   5.616019   5.615241     3.1429     2.6777     100.00   25.51276  -80.01814   -0.00082   -0.00025         23  0.000e+00
      67348   2806.125      5.124      5.158    29.4199    29.4129   5.615887   5.615028     3.1441     2.6777     100.00   25.51276  -80.01814   -0.00086   -0.00019         23  0.000e+00
      67349   2806.167      5.124      5.158    29.4176    29.4128   5.615607   5.615083     3.1429     2.6777     100.00   25.51276  -80.01814   -0.00093   -0.00013         23  0.000e+00
      67350   2806.208      5.162      5.196    29.4135    29.4149   5.615077   5.615415     3.1441     2.6777     100.00   25.51276  -80.01814   -0.00097   -0.00007         23  0.000e+00
      67351   2806.250      5.177      5.211    29.4104    29.4175   5.614618   5.615691     3.1441     2.6777     100.00   25.51276  -80.01814   -0.00102   -0.00003         23  0.000e+00
      67352   2806.292      5.162      5.196    29.4076    29.4179   5.614159   5.615754     3.1429     2.6777     100.00   25.51276  -80.01814   -0.00108    0.00002         23  0.000e+00
      67353   2806.333      5.124      5.158    29.4035    29.4196   5.613762   5.616014     3.1441     2.6777     100.00   25.51276  -80.01814   -0.00111    0.00006         23  0.000e+00
      67354   2806.375      5.162      5.196    29.4015    29.4227   5.613467   5.616353     3.1441     2.6764     100.00   25.51276  -80.01814   -0.00114    0.00006         23  0.000e+00
      67355   2806.417      5.177      5.211    29.4028    29.4229   5.613506   5.616338     3.1441     2.6764     100.00   25.51276  -80.01814   -0.00116    0.00007         23  0.000e+00
      67356   2806.458      5.124      5.158    29.4037    29.4192   5.613755   5.615872     3.1441     2.6764     100.00   25.51276  -80.01814   -0.00119    0.00006         23  0.000e+00
      67357   2806.500      5.162      5.196    29.4054    29.4156   5.614058   5.615462     3.1453     2.6752     100.00   25.51276  -80.01814   -0.00120    0.00004         23  0.000e+00
      67358   2806.542      5.177      5.211    29.4082    29.4168   5.614416   5.615549     3.1453     2.6752     100.00   25.51276  -80.01814   -0.00121    0.00001         23  0.000e+00
      67359   2806.583      5.162      5.196    29.4106    29.4175   5.614649   5.615699     3.1453     2.6740     100.00   25.51276  -80.01814   -0.00121   -0.00004         23  0.000e+00
      67360   2806.625      5.177      5.211    29.4119    29.4149   5.614797   5.615288     3.1441     2.6740      91.40   25.51276  -80.01814   -0.00122   -0.00009         23  0.000e+00
      67361   2806.667      5.162      5.196    29.4122    29.4125   5.614976   5.615044     3.1453     2.6740      73.43   25.51276  -80.01814   -0.00121   -0.00013         23  0.000e+00
      67362   2806.708      5.238      5.272    29.4131    29.4144   5.615093   5.615367     3.1453     2.6728      67.50   25.51276  -80.01814   -0.00121   -0.00020         23  0.000e+00
      67363   2806.750      5.124      5.158    29.4135    29.4185   5.615116   5.615856     3.1453     2.6728      67.79   25.51276  -80.01814   -0.00120   -0.00027         23  0.000e+00
      67364   2806.792      5.222      5.257    29.4139    29.4205   5.615186   5.616054     3.1453     2.6716      68.67   25.51276  -80.01814   -0.00117   -0.00035         23  0.000e+00
      67365   2806.833      5.177      5.211    29.4145    29.4199   5.615210   5.616054     3.1453     2.6716      68.94   25.51276  -80.01814   -0.00117   -0.00043         23  0.000e+00
      67366   2806.875      5.162      5.196    29.4144    29.4190   5.615280   5.615927     3.1465     2.6716      68.91   25.51276  -80.01814   -0.00112   -0.00049         23  0.000e+00
      67367   2806.917      5.177      5.211    29.4146    29.4187   5.615233   5.615888     3.1465     2.6728      68.86   25.51276  -80.01814   -0.00108   -0.00054         23  0.000e+00
      67368   2806.958      5.162      5.196    29.4146    29.4190   5.615280   5.615904     3.1465     2.6728      68.86   25.51276  -80.01814   -0.00104   -0.00058         23  0.000e+00
      67369   2807.000      5.177      5.211    29.4152    29.4183   5.615334   5.615817     3.1465     2.6728      68.86   25.51276  -80.01814   -0.00100   -0.00063         23  0.000e+00
      67370   2807.042      5.177      5.211    29.4153    29.4181   5.615420   5.615722     3.1465     2.6728      68.86   25.51276  -80.01814   -0.00094   -0.00067         23  0.000e+00
      67371   2807.083      5.162      5.196    29.4157    29.4173   5.615575   5.615651     3.1465     2.6728      68.86   25.51276  -80.01814   -0.00088   -0.00071         23  0.000e+00
      67372   2807.125      5.238      5.272    29.4170    29.4166   5.615832   5.615580     3.1465     2.6740      68.86   25.51276  -80.01814   -0.00082   -0.00072         23  0.000e+00
      67373   2807.167      5.162      5.196    29.4209    29.4166   5.616182   5.615635     3.1465     2.6740      68.86   25.51276  -80.01814   -0.00076   -0.00072         23  0.000e+00
      67374   2807.208      5.177      5.211    29.4240    29.4174   5.616548   5.615635     3.1465     2.6740      68.86   25.51276  -80.01814   -0.00069   -0.00073         23  0.000e+00
      67375   2807.250      5.071      5.105    29.4246    29.4170   5.616712   5.615754     3.1465     2.6752      68.86   25.51276  -80.01814   -0.00063   -0.00072         23  0.000e+00
      67376   2807.292      5.275      5.310    29.4244    29.4203   5.616556   5.616140     3.1465     2.6752      68.86   25.51276  -80.01814   -0.00057   -0.00070         23  0.000e+00
      67377   2807.333      5.177      5.211    29.4244    29.4239   5.616502   5.616550     3.1465     2.6752      68.86   25.51276  -80.01814   -0.00051   -0.00069         23  0.000e+00
      67378   2807.375      5.223      5.257    29.4251    29.4248   5.616603   5.616629     3.1465     2.6752      68.86   25.51276  -80.01814   -0.00045   -0.00066         23  0.000e+00
      67379   2807.417      5.177      5.211    29.4259    29.4237   5.616712   5.616416     3.1465     2.6752      68.86   25.51276  -80.01814   -0.00038   -0.00062         23  0.000e+00
      67380   2807.458      5.162      5.196    29.4261    29.4211   5.616805   5.616125     3.1465     2.6752      68.86   25.51276  -80.01814   -0.00032   -0.00059         23  0.000e+00
      67381   2807.500      5.177      5.211    29.4264    29.4190   5.616898   5.615785     3.1465     2.6764      68.86   25.51276  -80.01814   -0.00026   -0.00054         23  0.000e+00
      67382   2807.542      5.177      5.211    29.4277    29.4170   5.617023   5.615635     3.1477     2.6752      68.86   25.51276  -80.01814   -0.00017   -0.00049         23  0.000e+00
      67383   2807.583      5.223      5.257    29.4277    29.4173   5.617062   5.615699     3.1465     2.6764      76.26   25.51276  -80.01814   -0.00011   -0.00042         23  0.000e+00
      67384   2807.625      5.124      5.158    29.4270    29.4202   5.617062   5.616014     3.1465     2.6764      94.73   25.51276  -80.01814   -0.00005   -0.00034         23  0.000e+00
      67385   2807.667      5.223      5.257    29.4278    29.4218   5.617194   5.616290     3.1465     2.6764     100.00   25.51276  -80.01814    0.00000   -0.00027         23  0.000e+00
      67386   2807.708      5.177      5.211    29.4290    29.4220   5.617272   5.616314     3.1453     2.6764     100.00   25.51276  -80.01814    0.00003   -0.00020         23  0.000e+00
      67387   2807.750      5.162      5.196    29.4296    29.4216   5.617358   5.616282     3.1453     2.6764     100.00   25.51276  -80.01814    0.00008   -0.00013         23  0.000e+00
      67388   2807.792      5.177      5.211    29.4300    29.4203   5.617342   5.616014     3.1453     2.6777     100.00   25.51276  -80.01812    0.00013   -0.00003         23  0.000e+00
