Gulf of Mexico/GOMECC-4/1db/rb2103_0221.ros
* Sea-Bird SBE 9 Data File:
* FileName = C:\Users\scs.user.rb\CTD\GOMECC4\data\rb2103_0221.hex
* Software Version Seasave V 7.26.7.107
* Temperature SN = 4799
* Conductivity SN = 3860
* Number of Bytes Per Scan = 41
* Number of Voltage Words = 4
* Number of Scans Averaged by the Deck Unit = 1
* NMEA Latitude = 29 02.28 N
* NMEA Longitude = 085 46.96 W
* NMEA UTC (Time) = Sep 21 2021  00:10:54
* NMEA baud rate = 4800
# nquan = 17
# nvalues = 1330                                  
# units = specified
# name 0 = scan: Scan Count
# name 1 = timeS: Time, Elapsed [seconds]
# name 2 = depSM: Depth [salt water, m]
# name 3 = prDM: Pressure, Digiquartz [db]
# name 4 = t090C: Temperature [ITS-90, deg C]
# name 5 = t190C: Temperature, 2 [ITS-90, deg C]
# name 6 = c0S/m: Conductivity [S/m]
# name 7 = c1S/m: Conductivity, 2 [S/m]
# name 8 = sbeox0V: Oxygen raw, SBE 43 [V]
# name 9 = sbeox1V: Oxygen raw, SBE 43, 2 [V]
# name 10 = altM: Altimeter [m]
# name 11 = latitude: Latitude [deg]
# name 12 = longitude: Longitude [deg]
# name 13 = sbox0dV/dT: Oxygen, SBE 43 [dov/dt]
# name 14 = sbox1dV/dT: Oxygen, SBE 43, 2 [dov/dt]
# name 15 = nbf: Bottles Fired
# name 16 = flag:  0.000e+00
# interval = seconds: 0.0416667
# start_time = Sep 21 2021 00:10:54 [NMEA time, header]
# bad_flag = -9.990e-29
*END*
[from data line 1192]
      52111   2171.250     10.339     10.409    28.3427    28.3471   5.432284   5.432863     3.1270     2.6618      99.88   29.03258  -85.78548    0.00049    0.00070          9  0.000e+00
      52112   2171.292     10.316     10.386    28.3426    28.3470   5.432277   5.432863     3.1270     2.6618     100.00   29.03258  -85.78548    0.00056    0.00066          9  0.000e+00
      52113   2171.333     10.339     10.409    28.3425    28.3470   5.432346   5.432848     3.1282     2.6618     100.00   29.03258  -85.78548    0.00066    0.00062          9  0.000e+00
      52114   2171.375     10.316     10.386    28.3427    28.3470   5.432369   5.432840     3.1282     2.6618     100.00   29.03258  -85.78548    0.00075    0.00058          9  0.000e+00
      52115   2171.417     10.392     10.462    28.3425    28.3466   5.432400   5.432840     3.1282     2.6618     100.00   29.03258  -85.78548    0.00084    0.00054          9  0.000e+00
      54558   2273.208      3.792      3.817    28.3418    28.3470   5.432151   5.432868     3.1282     2.6618      78.68   29.03256  -85.78548 8.7921e-07   -0.00056         10  0.000e+00
      54559   2273.250      4.199      4.228    28.3416    28.3466   5.432074   5.432782     3.1282     2.6618      97.02   29.03256  -85.78548   -0.00005   -0.00055         10  0.000e+00
      54560   2273.292      4.071      4.099    28.3415    28.3464   5.432082   5.432782     3.1270     2.6618     100.00   29.03256  -85.78548   -0.00011   -0.00053         10  0.000e+00
      54561   2273.333      4.147      4.175    28.3414    28.3459   5.432128   5.432728     3.1270     2.6630     100.00   29.03256  -85.78548   -0.00018   -0.00051         10  0.000e+00
      54562   2273.375      4.086      4.114    28.3418    28.3459   5.432166   5.432798     3.1270     2.6618     100.00   29.03256  -85.78548   -0.00025   -0.00054         10  0.000e+00
      54563   2273.417      4.184      4.213    28.3419    28.3470   5.432151   5.432930     3.1270     2.6630      99.98   29.03256  -85.78548   -0.00031   -0.00052         10  0.000e+00
      54564   2273.458      4.147      4.175    28.3424    28.3488   5.432166   5.433171     3.1270     2.6630     100.00   29.03256  -85.78548   -0.00038   -0.00050         10  0.000e+00
      54565   2273.500      4.131      4.160    28.3425    28.3488   5.432181   5.433210     3.1270     2.6618     100.00   29.03256  -85.78548   -0.00044   -0.00051         10  0.000e+00
      54566   2273.542      4.147      4.175    28.3426    28.3483   5.432212   5.433093     3.1270     2.6630     100.00   29.03256  -85.78548   -0.00052   -0.00049         10  0.000e+00
      54567   2273.583      4.199      4.228    28.3426    28.3487   5.432227   5.433093     3.1270     2.6618     100.00   29.03256  -85.78548   -0.00059   -0.00050         10  0.000e+00
      54568   2273.625      4.131      4.160    28.3429    28.3488   5.432227   5.433202     3.1270     2.6618     100.00   29.03256  -85.78548   -0.00067   -0.00049         10  0.000e+00
      54569   2273.667      4.147      4.175    28.3427    28.3490   5.432227   5.433171     3.1258     2.6630     100.00   29.03256  -85.78548   -0.00075   -0.00048         10  0.000e+00
      54570   2273.708      4.184      4.213    28.3429    28.3488   5.432227   5.433117     3.1270     2.6618     100.00   29.03256  -85.78548   -0.00081   -0.00049         10  0.000e+00
      54571   2273.750      4.147      4.175    28.3431    28.3487   5.432227   5.433132     3.1270     2.6618     100.00   29.03256  -85.78548   -0.00088   -0.00049         10  0.000e+00
      54572   2273.792      4.147      4.175    28.3430    28.3483   5.432243   5.433117     3.1270     2.6618     100.00   29.03256  -85.78548   -0.00094   -0.00050         10  0.000e+00
      54573   2273.833      4.184      4.213    28.3431    28.3483   5.432266   5.433070     3.1270     2.6618     100.00   29.03256  -85.78548   -0.00100   -0.00049         10  0.000e+00
      54574   2273.875      4.147      4.175    28.3434    28.3481   5.432273   5.433062     3.1270     2.6618     100.00   29.03256  -85.78548   -0.00104   -0.00046         10  0.000e+00
      54575   2273.917      4.184      4.213    28.3431    28.3483   5.432235   5.433031     3.1270     2.6606     100.00   29.03256  -85.78548   -0.00110   -0.00048         10  0.000e+00
      54576   2273.958      4.147      4.175    28.3427    28.3479   5.432227   5.433023     3.1270     2.6606     100.00   29.03256  -85.78548   -0.00115   -0.00051         10  0.000e+00
      54577   2274.000      4.200      4.228    28.3421    28.3479   5.432158   5.432984     3.1282     2.6606     100.00   29.03256  -85.78548   -0.00117   -0.00051         10  0.000e+00
      54578   2274.042      4.132      4.160    28.3413    28.3477   5.432074   5.432977     3.1282     2.6606     100.00   29.03256  -85.78548   -0.00120   -0.00054         10  0.000e+00
      54579   2274.083      4.147      4.175    28.3407    28.3479   5.432082   5.433000     3.1282     2.6606     100.00   29.03256  -85.78548   -0.00122   -0.00054         10  0.000e+00
      54580   2274.125      4.132      4.160    28.3405    28.3485   5.432028   5.433016     3.1282     2.6606     100.00   29.03256  -85.78548   -0.00124   -0.00054         10  0.000e+00
      54581   2274.167      4.147      4.175    28.3407    28.3490   5.432036   5.433086     3.1282     2.6606     100.00   29.03256  -85.78548   -0.00125   -0.00058         10  0.000e+00
      54582   2274.208      4.147      4.175    28.3411    28.3490   5.432143   5.433109     3.1294     2.6606     100.00   29.03256  -85.78548   -0.00124   -0.00058         10  0.000e+00
      54583   2274.250      4.132      4.160    28.3415    28.3487   5.432250   5.433070     3.1294     2.6606     100.00   29.03256  -85.78548   -0.00123   -0.00060         10  0.000e+00
      54584   2274.292      4.147      4.175    28.3425    28.3485   5.432373   5.433031     3.1282     2.6606     100.00   29.03256  -85.78548   -0.00123   -0.00062         10  0.000e+00
      54585   2274.333      4.132      4.160    28.3448    28.3481   5.432573   5.432984     3.1282     2.6618     100.00   29.03256  -85.78548   -0.00123   -0.00061         10  0.000e+00
      54586   2274.375      4.086      4.114    28.3457    28.3475   5.432734   5.432938     3.1282     2.6606     100.00   29.03256  -85.78548   -0.00124   -0.00063         10  0.000e+00
      54587   2274.417      4.147      4.175    28.3463    28.3474   5.432834   5.432883     3.1282     2.6618     100.00   29.03256  -85.78548   -0.00124   -0.00065         10  0.000e+00
      54588   2274.458      4.132      4.160    28.3465    28.3471   5.432857   5.432844     3.1282     2.6618     100.00   29.03256  -85.78548   -0.00124   -0.00064         10  0.000e+00
      54589   2274.500      4.086      4.114    28.3466    28.3471   5.432841   5.432868     3.1282     2.6606     100.00   29.03256  -85.78548   -0.00124   -0.00068         10  0.000e+00
      54590   2274.542      4.071      4.099    28.3472    28.3471   5.432818   5.432914     3.1282     2.6618     100.00   29.03256  -85.78548   -0.00124   -0.00069         10  0.000e+00
      54591   2274.583      4.086      4.114    28.3474    28.3475   5.432880   5.432961     3.1282     2.6618     100.00   29.03256  -85.78548   -0.00124   -0.00069         10  0.000e+00
      54592   2274.625      4.147      4.175    28.3476    28.3475   5.432903   5.432938     3.1282     2.6606     100.00   29.03256  -85.78548   -0.00124   -0.00072         10  0.000e+00
      54593   2274.667      4.071      4.099    28.3475    28.3475   5.432903   5.432930     3.1270     2.6618     100.00   29.03256  -85.78548   -0.00124   -0.00074         10  0.000e+00
      54594   2274.708      4.086      4.114    28.3477    28.3475   5.432933   5.432961     3.1270     2.6606     100.00   29.03256  -85.78548   -0.00123   -0.00075         10  0.000e+00
      54595   2274.750      4.071      4.099    28.3470    28.3475   5.432880   5.432930     3.1270     2.6606     100.00   29.03256  -85.78548   -0.00124   -0.00078         10  0.000e+00
      54596   2274.792      4.147      4.175    28.3466    28.3475   5.432826   5.432992     3.1270     2.6606     100.00   29.03256  -85.78548   -0.00126   -0.00078         10  0.000e+00
      54597   2274.833      4.086      4.114    28.3465    28.3475   5.432818   5.432953     3.1270     2.6606     100.00   29.03256  -85.78548   -0.00127   -0.00081         10  0.000e+00
      54598   2274.875      4.071      4.099    28.3466    28.3477   5.432780   5.432961     3.1270     2.6606     100.00   29.03256  -85.78548   -0.00128   -0.00080         10  0.000e+00
      54599   2274.917      4.086      4.114    28.3467    28.3479   5.432734   5.432938     3.1258     2.6606     100.00   29.03256  -85.78548   -0.00130   -0.00081         10  0.000e+00
      54600   2274.958      4.071      4.099    28.3468    28.3483   5.432726   5.433062     3.1270     2.6606     100.00   29.03256  -85.78548   -0.00131   -0.00080         10  0.000e+00
      54601   2275.000      4.147      4.175    28.3465    28.3488   5.432657   5.433109     3.1258     2.6606     100.00   29.03256  -85.78548   -0.00131   -0.00079         10  0.000e+00
      54602   2275.042      4.086      4.114    28.3457    28.3488   5.432596   5.433109     3.1258     2.6606     100.00   29.03256  -85.78548   -0.00132   -0.00082         10  0.000e+00
      54603   2275.083      4.132      4.160    28.3450    28.3490   5.432550   5.433140     3.1258     2.6606     100.00   29.03256  -85.78548   -0.00132   -0.00081         10  0.000e+00
      54604   2275.125      4.086      4.114    28.3442    28.3492   5.432473   5.433148     3.1258     2.6593     100.00   29.03256  -85.78548   -0.00134   -0.00080         10  0.000e+00
      54605   2275.167      4.132      4.160    28.3440    28.3492   5.432419   5.433117     3.1258     2.6606     100.00   29.03256  -85.78548   -0.00134   -0.00078         10  0.000e+00
      54606   2275.208      4.147      4.175    28.3438    28.3492   5.432343   5.433140     3.1245     2.6606     100.00   29.03256  -85.78548   -0.00135   -0.00075         10  0.000e+00
      54607   2275.250      4.086      4.114    28.3435    28.3490   5.432319   5.433085     3.1258     2.6606      90.82   29.03256  -85.78548   -0.00134   -0.00075         10  0.000e+00
      54608   2275.292      4.185      4.213    28.3438    28.3492   5.432366   5.433062     3.1245     2.6593      80.78   29.03256  -85.78548   -0.00136   -0.00077         10  0.000e+00
      54609   2275.333      4.147      4.175    28.3438    28.3492   5.432404   5.433093     3.1245     2.6593      78.41   29.03256  -85.78548   -0.00136   -0.00077         10  0.000e+00
      54610   2275.375      4.071      4.099    28.3440    28.3492   5.432373   5.433109     3.1258     2.6593      78.90   29.03256  -85.78548   -0.00135   -0.00075         10  0.000e+00
      54611   2275.417      4.200      4.228    28.3438    28.3495   5.432366   5.433070     3.1258     2.6593      79.39   29.03256  -85.78548   -0.00134   -0.00075         10  0.000e+00
      54612   2275.458      4.147      4.175    28.3440    28.3495   5.432366   5.433156     3.1258     2.6593      79.49   29.03256  -85.78548   -0.00133   -0.00078         10  0.000e+00
      54613   2275.500      4.185      4.213    28.3440    28.3499   5.432327   5.433264     3.1258     2.6593      79.46   29.03256  -85.78548   -0.00131   -0.00078         10  0.000e+00
      54614   2275.542      4.200      4.228    28.3438    28.3499   5.432350   5.433249     3.1258     2.6593      79.44   29.03256  -85.78548   -0.00129   -0.00079         10  0.000e+00
      54615   2275.583      4.185      4.213    28.3438    28.3501   5.432366   5.433241     3.1258     2.6606      79.44   29.03256  -85.78548   -0.00129   -0.00078         10  0.000e+00
      54616   2275.625      4.200      4.228    28.3437    28.3505   5.432366   5.433311     3.1258     2.6606      79.44   29.03256  -85.78548   -0.00129   -0.00077         10  0.000e+00
      54617   2275.667      4.200      4.228    28.3436    28.3503   5.432396   5.433264     3.1258     2.6606      79.44   29.03256  -85.78548   -0.00128   -0.00078         10  0.000e+00
      54618   2275.708      4.185      4.213    28.3444    28.3492   5.432504   5.433101     3.1258     2.6606      79.44   29.03256  -85.78548   -0.00127   -0.00077         10  0.000e+00
      54619   2275.750      4.200      4.228    28.3447    28.3487   5.432511   5.432992     3.1258     2.6606      79.44   29.03256  -85.78548   -0.00127   -0.00076         10  0.000e+00
      54620   2275.792      4.237      4.266    28.3449    28.3487   5.432565   5.433031     3.1258     2.6606      79.44   29.03256  -85.78548   -0.00126   -0.00075         10  0.000e+00
      54621   2275.833      4.200      4.228    28.3457    28.3488   5.432619   5.433031     3.1258     2.6606      79.44   29.03256  -85.78548   -0.00123   -0.00074         10  0.000e+00
      54622   2275.875      4.253      4.281    28.3468    28.3487   5.432734   5.433047     3.1270     2.6606      79.44   29.03256  -85.78548   -0.00118   -0.00073         10  0.000e+00
      54623   2275.917      4.237      4.266    28.3470    28.3488   5.432803   5.433093     3.1270     2.6606      79.41   29.03256  -85.78548   -0.00113   -0.00072         10  0.000e+00
      54624   2275.958      4.253      4.281    28.3476    28.3488   5.432841   5.433039     3.1270     2.6606      79.44   29.03256  -85.78548   -0.00108   -0.00070         10  0.000e+00
      54625   2276.000      4.237      4.266    28.3474    28.3483   5.432826   5.432953     3.1270     2.6606      79.44   29.03256  -85.78548   -0.00103   -0.00069         10  0.000e+00
      54626   2276.042      4.253      4.281    28.3474    28.3481   5.432864   5.432860     3.1270     2.6606      79.44   29.03256  -85.78548   -0.00098   -0.00067         10  0.000e+00
      54627   2276.083      4.253      4.281    28.3475    28.3477   5.432933   5.432907     3.1270     2.6618      79.44   29.03256  -85.78548   -0.00092   -0.00064         10  0.000e+00
      54628   2276.125      4.238      4.266    28.3476    28.3475   5.432849   5.432883     3.1270     2.6606      79.44   29.03256  -85.78548   -0.00088   -0.00062         10  0.000e+00
      54629   2276.167      4.253      4.281    28.3474    28.3475   5.432780   5.432876     3.1270     2.6606      79.44   29.03256  -85.78548   -0.00085   -0.00061         10  0.000e+00
      54630   2276.208      4.238      4.266    28.3474    28.3471   5.432834   5.432813     3.1270     2.6618      88.33   29.03256  -85.78548   -0.00081   -0.00056         10  0.000e+00
      54631   2276.250      4.313      4.342    28.3474    28.3471   5.432788   5.432860     3.1282     2.6618      98.58   29.03256  -85.78548   -0.00075   -0.00050         10  0.000e+00
      54632   2276.292      4.253      4.281    28.3474    28.3470   5.432772   5.432883     3.1282     2.6618     100.00   29.03256  -85.78548   -0.00069   -0.00048         10  0.000e+00
      54633   2276.333      4.238      4.266    28.3470    28.3474   5.432665   5.432883     3.1282     2.6618     100.00   29.03256  -85.78548   -0.00063   -0.00043         10  0.000e+00
      54634   2276.375      4.253      4.281    28.3467    28.3477   5.432634   5.432914     3.1282     2.6618     100.00   29.03256  -85.78548   -0.00057   -0.00038         10  0.000e+00
      54635   2276.417      4.238      4.266    28.3466    28.3475   5.432634   5.432930     3.1282     2.6618     100.00   29.03256  -85.78548   -0.00052   -0.00034         10  0.000e+00
      54636   2276.458      4.253      4.282    28.3464    28.3477   5.432703   5.432883     3.1282     2.6618     100.00   29.03256  -85.78548   -0.00048   -0.00028         10  0.000e+00
