Gulf of Mexico/GOMECC-4/1db/rb2103_0731.ros
* Sea-Bird SBE 9 Data File:
* FileName = C:\Users\scs.user.rb\CTD\GOMECC4\data\rb2103_0731.hex
* Software Version Seasave V 7.26.7.107
* Temperature SN = 4799
* Conductivity SN = 3860
* Number of Bytes Per Scan = 41
* Number of Voltage Words = 4
* Number of Scans Averaged by the Deck Unit = 1
* NMEA Latitude = 26 03.44 N
* NMEA Longitude = 093 15.71 W
* NMEA UTC (Time) = Oct 04 2021  10:15:47
* NMEA baud rate = 4800
# nquan = 17
# nvalues = 3192                                  
# units = specified
# name 0 = scan: Scan Count
# name 1 = timeS: Time, Elapsed [seconds]
# name 2 = depSM: Depth [salt water, m]
# name 3 = prDM: Pressure, Digiquartz [db]
# name 4 = t090C: Temperature [ITS-90, deg C]
# name 5 = t190C: Temperature, 2 [ITS-90, deg C]
# name 6 = c0S/m: Conductivity [S/m]
# name 7 = c1S/m: Conductivity, 2 [S/m]
# name 8 = sbeox0V: Oxygen raw, SBE 43 [V]
# name 9 = sbeox1V: Oxygen raw, SBE 43, 2 [V]
# name 10 = altM: Altimeter [m]
# name 11 = latitude: Latitude [deg]
# name 12 = longitude: Longitude [deg]
# name 13 = sbox0dV/dT: Oxygen, SBE 43 [dov/dt]
# name 14 = sbox1dV/dT: Oxygen, SBE 43, 2 [dov/dt]
# name 15 = nbf: Bottles Fired
# name 16 = flag:  0.000e+00
# interval = seconds: 0.0416667
# start_time = Oct 04 2021 10:15:47 [NMEA time, header]
# bad_flag = -9.990e-29
*END*
[from data line 171]
     110123   4588.417   2714.937   2750.590     4.3432     4.3443   3.399902   3.399852     1.7717     1.4591     100.00   26.05874  -93.26468   -0.00003   -0.00000          2  0.000e+00
     110124   4588.458   2714.986   2750.640     4.3433     4.3443   3.399896   3.399827     1.7717     1.4591     100.00   26.05874  -93.26468   -0.00004    0.00000          2  0.000e+00
     110125   4588.500   2714.986   2750.640     4.3433     4.3443   3.399877   3.399839     1.7729     1.4591     100.00   26.05874  -93.26468   -0.00003    0.00001          2  0.000e+00
     110126   4588.542   2714.994   2750.647     4.3432     4.3444   3.399890   3.399852     1.7717     1.4591     100.00   26.05874  -93.26468   -0.00003    0.00002          2  0.000e+00
     110127   4588.583   2714.987   2750.640     4.3432     4.3443   3.399845   3.399852     1.7729     1.4591     100.00   26.05874  -93.26468   -0.00001    0.00001          2  0.000e+00
     110128   4588.625   2714.987   2750.640     4.3433     4.3442   3.399858   3.399852     1.7729     1.4579     100.00   26.05874  -93.26468    0.00000   -0.00001          2  0.000e+00
     110129   4588.667   2714.987   2750.640     4.3433     4.3443   3.399909   3.399852     1.7717     1.4579     100.00   26.05874  -93.26468    0.00001   -0.00002          2  0.000e+00
     110130   4588.708   2714.937   2750.590     4.3432     4.3444   3.399851   3.399826     1.7717     1.4579     100.00   26.05874  -93.26468    0.00001   -0.00003          2  0.000e+00
     110131   4588.750   2715.036   2750.690     4.3433     4.3443   3.399832   3.399801     1.7717     1.4579     100.00   26.05874  -93.26468 -8.792e-07   -0.00006          2  0.000e+00
     110132   4588.792   2714.987   2750.640     4.3433     4.3441   3.399858   3.399814     1.7717     1.4591     100.00   26.05872  -93.26468   -0.00001   -0.00005          2  0.000e+00
     110133   4588.833   2714.994   2750.648     4.3430     4.3442   3.399883   3.399839     1.7717     1.4591     100.00   26.05872  -93.26468   -0.00002   -0.00004          2  0.000e+00
     110134   4588.875   2714.987   2750.640     4.3433     4.3443   3.399896   3.399801     1.7717     1.4591     100.00   26.05872  -93.26468   -0.00002   -0.00003          2  0.000e+00
     110135   4588.917   2714.987   2750.640     4.3433     4.3443   3.399877   3.399839     1.7717     1.4591     100.00   26.05872  -93.26468   -0.00001   -0.00003          2  0.000e+00
     110136   4588.958   2714.987   2750.641     4.3432     4.3443   3.399864   3.399801     1.7717     1.4591     100.00   26.05872  -93.26468   -0.00000   -0.00002          2  0.000e+00
     110137   4589.000   2714.994   2750.648     4.3433     4.3442   3.399883   3.399833     1.7717     1.4591     100.00   26.05872  -93.26468   -0.00001   -0.00003          2  0.000e+00
     110138   4589.042   2714.987   2750.641     4.3432     4.3443   3.399877   3.399833     1.7717     1.4591     100.00   26.05872  -93.26468    0.00000   -0.00002          2  0.000e+00
     110139   4589.083   2714.931   2750.583     4.3433     4.3443   3.399839   3.399846     1.7717     1.4591     100.00   26.05872  -93.26468   -0.00000   -0.00002          2  0.000e+00
     110140   4589.125   2714.994   2750.648     4.3432     4.3441   3.399877   3.399852     1.7717     1.4591     100.00   26.05872  -93.26468   -0.00001   -0.00001          2  0.000e+00
     110141   4589.167   2714.987   2750.641     4.3430     4.3444   3.399871   3.399827     1.7717     1.4591     100.00   26.05872  -93.26468   -0.00002   -0.00000          2  0.000e+00
     110142   4589.208   2714.931   2750.583     4.3432     4.3443   3.399864   3.399820     1.7717     1.4579     100.00   26.05872  -93.26468   -0.00002   -0.00002          2  0.000e+00
     110143   4589.250   2714.931   2750.584     4.3433     4.3444   3.399890   3.399820     1.7717     1.4579     100.00   26.05872  -93.26468   -0.00003   -0.00004          2  0.000e+00
     110144   4589.292   2714.995   2750.648     4.3432     4.3446   3.399871   3.399839     1.7729     1.4591     100.00   26.05872  -93.26468   -0.00002   -0.00004          2  0.000e+00
     110145   4589.333   2714.875   2750.526     4.3435     4.3444   3.399864   3.399852     1.7717     1.4579     100.00   26.05872  -93.26468   -0.00002   -0.00005          2  0.000e+00
     110146   4589.375   2714.931   2750.584     4.3433     4.3442   3.399890   3.399833     1.7717     1.4579     100.00   26.05872  -93.26468   -0.00001   -0.00006          2  0.000e+00
     110147   4589.417   2714.938   2750.591     4.3433     4.3443   3.399896   3.399820     1.7717     1.4591     100.00   26.05872  -93.26468   -0.00002   -0.00007          2  0.000e+00
     110148   4589.458   2714.931   2750.584     4.3433     4.3444   3.399870   3.399839     1.7717     1.4591     100.00   26.05872  -93.26468   -0.00003   -0.00008          2  0.000e+00
     110149   4589.500   2714.875   2750.526     4.3432     4.3444   3.399890   3.399826     1.7717     1.4579     100.00   26.05872  -93.26468   -0.00003   -0.00011          2  0.000e+00
     110150   4589.542   2714.889   2750.541     4.3433     4.3444   3.399896   3.399865     1.7717     1.4591     100.00   26.05872  -93.26468   -0.00004   -0.00010          2  0.000e+00
     110151   4589.583   2714.875   2750.527     4.3433     4.3445   3.399896   3.399833     1.7717     1.4591     100.00   26.05872  -93.26468   -0.00005   -0.00009          2  0.000e+00
     110152   4589.625   2714.875   2750.527     4.3432     4.3444   3.399877   3.399839     1.7729     1.4591     100.00   26.05872  -93.26468   -0.00003   -0.00008          2  0.000e+00
     110153   4589.667   2714.826   2750.476     4.3433     4.3447   3.399909   3.399871     1.7717     1.4579     100.00   26.05872  -93.26468   -0.00004   -0.00009          2  0.000e+00
     110154   4589.708   2714.833   2750.484     4.3432     4.3444   3.399877   3.399859     1.7717     1.4579     100.00   26.05872  -93.26468   -0.00005   -0.00010          2  0.000e+00
     110155   4589.750   2714.876   2750.527     4.3433     4.3446   3.399883   3.399852     1.7729     1.4591     100.00   26.05872  -93.26468   -0.00004   -0.00010          2  0.000e+00
     110156   4589.792   2714.826   2750.477     4.3432     4.3445   3.399851   3.399871     1.7729     1.4591     100.00   26.05872  -93.26468   -0.00003   -0.00009          2  0.000e+00
     110157   4589.833   2714.777   2750.426     4.3433     4.3446   3.399877   3.399859     1.7717     1.4591     100.00   26.05872  -93.26468   -0.00003   -0.00008          2  0.000e+00
     110158   4589.875   2714.770   2750.419     4.3435     4.3444   3.399870   3.399897     1.7717     1.4591     100.00   26.05872  -93.26468   -0.00004   -0.00007          2  0.000e+00
     110159   4589.917   2714.770   2750.419     4.3433     4.3446   3.399845   3.399865     1.7717     1.4591     100.00   26.05872  -93.26468   -0.00003   -0.00007          2  0.000e+00
     110160   4589.958   2714.770   2750.419     4.3432     4.3446   3.399858   3.399852     1.7717     1.4591     100.00   26.05872  -93.26468   -0.00002   -0.00006          2  0.000e+00
     110161   4590.000   2714.777   2750.427     4.3435     4.3444   3.399909   3.399871     1.7717     1.4579     100.00   26.05872  -93.26468   -0.00001   -0.00009          2  0.000e+00
     110162   4590.042   2714.714   2750.362     4.3432     4.3447   3.399877   3.399859     1.7717     1.4591     100.00   26.05872  -93.26468    0.00000   -0.00008          2  0.000e+00
     110163   4590.083   2714.770   2750.420     4.3433     4.3446   3.399864   3.399871     1.7717     1.4591     100.00   26.05872  -93.26468   -0.00000   -0.00007          2  0.000e+00
     110164   4590.125   2714.728   2750.377     4.3433     4.3446   3.399889   3.399859     1.7717     1.4591     100.00   26.05872  -93.26468   -0.00001   -0.00006          2  0.000e+00
     110165   4590.167   2714.665   2750.312     4.3435     4.3443   3.399870   3.399852     1.7717     1.4591     100.00   26.05872  -93.26468   -0.00002   -0.00005          2  0.000e+00
     110166   4590.208   2714.714   2750.362     4.3433     4.3446   3.399820   3.399852     1.7717     1.4579     100.00   26.05872  -93.26468   -0.00002   -0.00006          2  0.000e+00
     110167   4590.250   2714.616   2750.262     4.3432     4.3446   3.399896   3.399801     1.7717     1.4591     100.00   26.05872  -93.26468   -0.00001   -0.00006          2  0.000e+00
     110168   4590.292   2714.665   2750.312     4.3432     4.3444   3.399877   3.399833     1.7717     1.4591     100.00   26.05872  -93.26468    0.00000   -0.00005          2  0.000e+00
     110169   4590.333   2714.665   2750.312     4.3432     4.3446   3.399864   3.399852     1.7729     1.4591     100.00   26.05872  -93.26468    0.00001   -0.00004          2  0.000e+00
     110170   4590.375   2714.609   2750.255     4.3432     4.3446   3.399889   3.399852     1.7717     1.4591     100.00   26.05872  -93.26468    0.00001   -0.00003          2  0.000e+00
     110171   4590.417   2714.616   2750.262     4.3432     4.3444   3.399870   3.399871     1.7717     1.4591     100.00   26.05872  -93.26468    0.00000   -0.00002          2  0.000e+00
     110172   4590.458   2714.609   2750.255     4.3432     4.3447   3.399864   3.399833     1.7717     1.4591     100.00   26.05872  -93.26468   -0.00000   -0.00003          2  0.000e+00
     110173   4590.500   2714.609   2750.255     4.3433     4.3446   3.399864   3.399820     1.7717     1.4591     100.00   26.05872  -93.26468   -0.00001   -0.00003          2  0.000e+00
     110174   4590.542   2714.567   2750.212     4.3432     4.3448   3.399839   3.399865     1.7717     1.4591     100.00   26.05872  -93.26468   -0.00001   -0.00002          2  0.000e+00
     110175   4590.583   2714.553   2750.198     4.3432     4.3446   3.399877   3.399833     1.7717     1.4579     100.00   26.05872  -93.26468   -0.00002   -0.00003          2  0.000e+00
     110176   4590.625   2714.553   2750.198     4.3435     4.3446   3.399870   3.399859     1.7729     1.4579     100.00   26.05872  -93.26468    0.00001   -0.00004          2  0.000e+00
     110177   4590.667   2714.511   2750.155     4.3433     4.3447   3.399889   3.399858     1.7717     1.4591     100.00   26.05872  -93.26468    0.00000   -0.00003          2  0.000e+00
     110178   4590.708   2714.553   2750.198     4.3432     4.3444   3.399896   3.399871     1.7717     1.4591     100.00   26.05872  -93.26468   -0.00000   -0.00002          2  0.000e+00
     110179   4590.750   2714.504   2750.148     4.3432     4.3446   3.399845   3.399878     1.7717     1.4591     100.00   26.05872  -93.26468    0.00001   -0.00003          2  0.000e+00
     110180   4590.792   2714.504   2750.148     4.3433     4.3446   3.399813   3.399878     1.7717     1.4591     100.00   26.05872  -93.26466    0.00001   -0.00002          2  0.000e+00
     110181   4590.833   2714.455   2750.098     4.3433     4.3447   3.399870   3.399839     1.7717     1.4579     100.00   26.05872  -93.26466 5.2753e-07   -0.00003          2  0.000e+00
     110182   4590.875   2714.448   2750.091     4.3432     4.3447   3.399845   3.399846     1.7717     1.4579     100.00   26.05872  -93.26466   -0.00000   -0.00004          2  0.000e+00
     110183   4590.917   2714.448   2750.091     4.3432     4.3445   3.399832   3.399826     1.7717     1.4591     100.00   26.05872  -93.26466   -0.00001   -0.00005          2  0.000e+00
     110184   4590.958   2714.455   2750.098     4.3432     4.3447   3.399832   3.399858     1.7717     1.4591     100.00   26.05872  -93.26466   -0.00002   -0.00004          2  0.000e+00
     110185   4591.000   2714.448   2750.091     4.3433     4.3447   3.399858   3.399839     1.7717     1.4591     100.00   26.05872  -93.26466   -0.00002   -0.00003          2  0.000e+00
     110186   4591.042   2714.392   2750.034     4.3432     4.3447   3.399883   3.399846     1.7717     1.4579     100.00   26.05872  -93.26466   -0.00003   -0.00004          2  0.000e+00
     110187   4591.083   2714.455   2750.098     4.3432     4.3449   3.399877   3.399826     1.7717     1.4579     100.00   26.05872  -93.26466   -0.00003   -0.00005          2  0.000e+00
     110188   4591.125   2714.343   2749.983     4.3435     4.3448   3.399839   3.399858     1.7717     1.4591     100.00   26.05872  -93.26466   -0.00005   -0.00004          2  0.000e+00
     110189   4591.167   2714.392   2750.034     4.3433     4.3451   3.399851   3.399858     1.7717     1.4579     100.00   26.05872  -93.26466   -0.00006   -0.00005          2  0.000e+00
     110190   4591.208   2714.392   2750.034     4.3433     4.3451   3.399813   3.399871     1.7729     1.4579     100.00   26.05872  -93.26466   -0.00005   -0.00006          2  0.000e+00
     110191   4591.250   2714.350   2749.991     4.3435     4.3451   3.399826   3.399833     1.7729     1.4591     100.00   26.05872  -93.26466   -0.00004   -0.00005          2  0.000e+00
     110192   4591.292   2714.392   2750.034     4.3433     4.3448   3.399858   3.399884     1.7729     1.4591     100.00   26.05872  -93.26466   -0.00003   -0.00004          2  0.000e+00
     110193   4591.333   2714.343   2749.984     4.3433     4.3449   3.399839   3.399891     1.7729     1.4591     100.00   26.05872  -93.26466   -0.00001   -0.00003          2  0.000e+00
     110194   4591.375   2714.294   2749.934     4.3433     4.3449   3.399832   3.399858     1.7717     1.4591     100.00   26.05872  -93.26466   -0.00000   -0.00002          2  0.000e+00
     110195   4591.417   2714.343   2749.984     4.3435     4.3447   3.399877   3.399852     1.7717     1.4591     100.00   26.05872  -93.26466    0.00001   -0.00001          2  0.000e+00
     110196   4591.458   2714.287   2749.926     4.3433     4.3449   3.399870   3.399852     1.7717     1.4579     100.00   26.05872  -93.26466 7.0337e-07   -0.00001          2  0.000e+00
     110197   4591.500   2714.350   2749.991     4.3432     4.3448   3.399839   3.399833     1.7717     1.4579     100.00   26.05872  -93.26466   -0.00001   -0.00004          2  0.000e+00
     110198   4591.542   2714.343   2749.984     4.3432     4.3451   3.399883   3.399846     1.7717     1.4591     100.00   26.05872  -93.26466   -0.00001   -0.00005          2  0.000e+00
     110199   4591.583   2714.231   2749.869     4.3433     4.3447   3.399870   3.399871     1.7717     1.4579     100.00   26.05872  -93.26466   -0.00002   -0.00006          2  0.000e+00
     110200   4591.625   2714.350   2749.991     4.3433     4.3447   3.399864   3.399833     1.7717     1.4579     100.00   26.05872  -93.26466   -0.00002   -0.00006          2  0.000e+00
     110201   4591.667   2714.287   2749.927     4.3432     4.3447   3.399845   3.399846     1.7729     1.4591     100.00   26.05872  -93.26466   -0.00001   -0.00005          2  0.000e+00
     110202   4591.708   2714.287   2749.927     4.3433     4.3448   3.399832   3.399826     1.7717     1.4591     100.00   26.05872  -93.26466   -0.00000   -0.00006          2  0.000e+00
     110203   4591.750   2714.231   2749.869     4.3432     4.3447   3.399851   3.399820     1.7705     1.4591     100.00   26.05872  -93.26466   -0.00001   -0.00007          2  0.000e+00
     110204   4591.792   2714.294   2749.934     4.3435     4.3446   3.399864   3.399858     1.7717     1.4591     100.00   26.05872  -93.26466   -0.00001   -0.00006          2  0.000e+00
     110205   4591.833   2714.287   2749.927     4.3432     4.3447   3.399845   3.399858     1.7717     1.4591     100.00   26.05872  -93.26466   -0.00002   -0.00005          2  0.000e+00
     110206   4591.875   2714.231   2749.870     4.3432     4.3446   3.399858   3.399852     1.7717     1.4591     100.00   26.05872  -93.26466   -0.00003   -0.00004          2  0.000e+00
