Gulf of Mexico/GOMECC-4/1db/rb2103_0901.ros
* Sea-Bird SBE 9 Data File:
* FileName = C:\Users\scs.user.rb\CTD\GOMECC4\data\rb2103_0901.hex
* Software Version Seasave V 7.26.7.107
* Temperature SN = 4799
* Conductivity SN = 3860
* Number of Bytes Per Scan = 41
* Number of Voltage Words = 4
* Number of Scans Averaged by the Deck Unit = 1
* NMEA Latitude = 22 00.00 N
* NMEA Longitude = 092 55.04 W
* NMEA UTC (Time) = Oct 09 2021  18:18:51
* NMEA baud rate = 4800
# nquan = 17
# nvalues = 3192                                  
# units = specified
# name 0 = scan: Scan Count
# name 1 = timeS: Time, Elapsed [seconds]
# name 2 = depSM: Depth [salt water, m]
# name 3 = prDM: Pressure, Digiquartz [db]
# name 4 = t090C: Temperature [ITS-90, deg C]
# name 5 = t190C: Temperature, 2 [ITS-90, deg C]
# name 6 = c0S/m: Conductivity [S/m]
# name 7 = c1S/m: Conductivity, 2 [S/m]
# name 8 = sbeox0V: Oxygen raw, SBE 43 [V]
# name 9 = sbeox1V: Oxygen raw, SBE 43, 2 [V]
# name 10 = altM: Altimeter [m]
# name 11 = latitude: Latitude [deg]
# name 12 = longitude: Longitude [deg]
# name 13 = sbox0dV/dT: Oxygen, SBE 43 [dov/dt]
# name 14 = sbox1dV/dT: Oxygen, SBE 43, 2 [dov/dt]
# name 15 = nbf: Bottles Fired
# name 16 = flag:  0.000e+00
# interval = seconds: 0.0416667
# start_time = Oct 09 2021 18:18:51 [NMEA time, header]
# bad_flag = -9.990e-29
*END*
[from data line 171]
     113896   4745.625   2862.542   2900.331     4.3479     4.3488   3.405925   3.405889     1.7448     1.4310     100.00   22.00086  -92.91684    0.00003    0.00001          2  0.000e+00
     113897   4745.667   2862.599   2900.389     4.3481     4.3489   3.405925   3.405902     1.7436     1.4310     100.00   22.00086  -92.91684    0.00001   -0.00001          2  0.000e+00
     113898   4745.708   2862.599   2900.389     4.3479     4.3491   3.405944   3.405889     1.7436     1.4310      65.54   22.00086  -92.91684 -8.792e-07   -0.00001          2  0.000e+00
     113899   4745.750   2862.599   2900.389     4.3481     4.3488   3.405932   3.405876     1.7448     1.4310      35.58   22.00086  -92.91684   -0.00001   -0.00001          2  0.000e+00
     113900   4745.792   2862.592   2900.382     4.3481     4.3489   3.405944   3.405921     1.7448     1.4310      30.11   22.00086  -92.91684   -0.00000   -0.00001          2  0.000e+00
     113901   4745.833   2862.543   2900.332     4.3482     4.3489   3.405957   3.405902     1.7448     1.4310      31.89   22.00086  -92.91684    0.00001   -0.00001          2  0.000e+00
     113902   4745.875   2862.599   2900.389     4.3482     4.3489   3.405906   3.405876     1.7448     1.4310      33.09   22.00086  -92.91684    0.00002   -0.00001          2  0.000e+00
     113903   4745.917   2862.599   2900.389     4.3482     4.3489   3.405938   3.405934     1.7448     1.4310      33.26   22.00086  -92.91684    0.00002   -0.00001          2  0.000e+00
     113904   4745.958   2862.600   2900.390     4.3479     4.3487   3.405932   3.405895     1.7448     1.4310      33.16   22.00086  -92.91684    0.00001   -0.00001          2  0.000e+00
     113905   4746.000   2862.600   2900.390     4.3481     4.3489   3.405944   3.405883     1.7436     1.4310      33.11   22.00086  -92.91684   -0.00001   -0.00001          2  0.000e+00
     113906   4746.042   2862.543   2900.332     4.3484     4.3489   3.405957   3.405876     1.7436     1.4310      33.11   22.00086  -92.91684   -0.00002   -0.00000          2  0.000e+00
     113907   4746.083   2862.649   2900.440     4.3481     4.3491   3.405957   3.405876     1.7448     1.4310      33.11   22.00086  -92.91684   -0.00001   -0.00000          2  0.000e+00
     113908   4746.125   2862.600   2900.390     4.3482     4.3490   3.405932   3.405883     1.7448     1.4310      33.11   22.00086  -92.91684   -0.00000   -0.00000          2  0.000e+00
     113909   4746.167   2862.600   2900.390     4.3481     4.3492   3.405925   3.405902     1.7448     1.4310      33.11   22.00086  -92.91684    0.00000   -0.00000          2  0.000e+00
     113910   4746.208   2862.544   2900.333     4.3484     4.3491   3.405944   3.405889     1.7448     1.4310      33.11   22.00086  -92.91684    0.00001   -0.00000          2  0.000e+00
     113911   4746.250   2862.600   2900.390     4.3482     4.3489   3.405932   3.405902     1.7448     1.4310      33.11   22.00086  -92.91684    0.00002   -0.00000          2  0.000e+00
     113912   4746.292   2862.600   2900.390     4.3482     4.3491   3.405925   3.405908     1.7448     1.4310      33.11   22.00086  -92.91684    0.00003 -7.034e-07          2  0.000e+00
     113913   4746.333   2862.601   2900.390     4.3482     4.3490   3.405925   3.405889     1.7436     1.4310      33.11   22.00086  -92.91684    0.00000 2.0601e-12          2  0.000e+00
     113914   4746.375   2862.594   2900.383     4.3482     4.3491   3.405925   3.405902     1.7448     1.4310      33.11   22.00086  -92.91684    0.00001 7.0337e-07          2  0.000e+00
     113915   4746.417   2862.601   2900.391     4.3479     4.3489   3.405944   3.405915     1.7448     1.4310      33.11   22.00086  -92.91684    0.00002    0.00000          2  0.000e+00
     113916   4746.458   2862.601   2900.391     4.3482     4.3489   3.405932   3.405883     1.7436     1.4310      33.11   22.00086  -92.91684    0.00001    0.00000          2  0.000e+00
     113917   4746.500   2862.657   2900.448     4.3484     4.3491   3.405925   3.405895     1.7448     1.4310      33.11   22.00086  -92.91684    0.00002    0.00000          2  0.000e+00
     113918   4746.542   2862.601   2900.391     4.3481     4.3490   3.405944   3.405915     1.7448     1.4310      33.11   22.00086  -92.91684    0.00003    0.00000          2  0.000e+00
     113919   4746.583   2862.601   2900.391     4.3481     4.3491   3.405932   3.405908     1.7448     1.4310      33.11   22.00086  -92.91684    0.00004    0.00000          2  0.000e+00
     113920   4746.625   2862.601   2900.391     4.3479     4.3489   3.405944   3.405889     1.7448     1.4310      33.11   22.00086  -92.91684    0.00003    0.00000          2  0.000e+00
     113921   4746.667   2862.594   2900.384     4.3481     4.3488   3.405932   3.405876     1.7448     1.4310      48.38   22.00086  -92.91684    0.00002    0.00001          2  0.000e+00
     113922   4746.708   2862.601   2900.391     4.3482     4.3491   3.405944   3.405895     1.7448     1.4310      88.91   22.00086  -92.91684    0.00003    0.00001          2  0.000e+00
     113923   4746.750   2862.658   2900.449     4.3482     4.3487   3.405957   3.405889     1.7448     1.4310     100.00   22.00086  -92.91684    0.00003    0.00001          2  0.000e+00
     113924   4746.792   2862.545   2900.334     4.3484     4.3491   3.405932   3.405876     1.7448     1.4322     100.00   22.00086  -92.91684    0.00004    0.00003          2  0.000e+00
     113925   4746.833   2862.658   2900.449     4.3481     4.3488   3.405925   3.405883     1.7448     1.4310     100.00   22.00086  -92.91684    0.00005    0.00003          2  0.000e+00
     113926   4746.875   2862.602   2900.392     4.3482     4.3489   3.405944   3.405876     1.7448     1.4310     100.00   22.00086  -92.91684    0.00006    0.00003          2  0.000e+00
     113927   4746.917   2862.651   2900.442     4.3484     4.3489   3.405932   3.405895     1.7436     1.4310      99.98   22.00086  -92.91684    0.00003    0.00003          2  0.000e+00
     113928   4746.958   2862.546   2900.335     4.3481     4.3488   3.405925   3.405889     1.7448     1.4310     100.00   22.00086  -92.91684    0.00004    0.00003          2  0.000e+00
     113929   4747.000   2862.659   2900.450     4.3481     4.3488   3.405925   3.405902     1.7448     1.4310     100.00   22.00086  -92.91684    0.00005    0.00003          2  0.000e+00
     113930   4747.042   2862.602   2900.392     4.3482     4.3489   3.405944   3.405915     1.7448     1.4310     100.00   22.00086  -92.91684    0.00006    0.00003          2  0.000e+00
     113931   4747.083   2862.602   2900.392     4.3482     4.3489   3.405957   3.405908     1.7448     1.4310     100.00   22.00086  -92.91684    0.00006    0.00003          2  0.000e+00
     113932   4747.125   2862.659   2900.450     4.3482     4.3488   3.405932   3.405889     1.7448     1.4310     100.00   22.00086  -92.91684    0.00007    0.00003          2  0.000e+00
     113933   4747.167   2862.603   2900.393     4.3481     4.3488   3.405963   3.405902     1.7448     1.4310     100.00   22.00086  -92.91684    0.00008    0.00003          2  0.000e+00
     113934   4747.208   2862.596   2900.386     4.3481     4.3489   3.405963   3.405883     1.7436     1.4310     100.00   22.00086  -92.91684    0.00007    0.00003          2  0.000e+00
     113935   4747.250   2862.603   2900.393     4.3484     4.3488   3.405932   3.405908     1.7448     1.4310     100.00   22.00086  -92.91684    0.00006    0.00003          2  0.000e+00
     113936   4747.292   2862.659   2900.451     4.3479     4.3488   3.405944   3.405908     1.7448     1.4310     100.00   22.00086  -92.91684    0.00005    0.00003          2  0.000e+00
     113937   4747.333   2862.603   2900.393     4.3481     4.3488   3.405932   3.405889     1.7448     1.4310     100.00   22.00086  -92.91684    0.00004    0.00003          2  0.000e+00
     113938   4747.375   2862.603   2900.393     4.3482     4.3488   3.405944   3.405902     1.7448     1.4310     100.00   22.00086  -92.91684    0.00005    0.00003          2  0.000e+00
     113939   4747.417   2862.660   2900.451     4.3482     4.3489   3.405976   3.405883     1.7448     1.4310     100.00   22.00086  -92.91684    0.00004    0.00003          2  0.000e+00
     113940   4747.458   2862.603   2900.393     4.3484     4.3489   3.405913   3.405908     1.7448     1.4310     100.00   22.00086  -92.91684    0.00005    0.00003          2  0.000e+00
     113941   4747.500   2862.653   2900.444     4.3482     4.3489   3.405938   3.405908     1.7460     1.4310     100.00   22.00086  -92.91684    0.00007    0.00003          2  0.000e+00
     113942   4747.542   2862.604   2900.394     4.3482     4.3491   3.405906   3.405940     1.7448     1.4310     100.00   22.00086  -92.91684    0.00008    0.00003          2  0.000e+00
     113943   4747.583   2862.604   2900.394     4.3484     4.3490   3.405938   3.405895     1.7436     1.4310     100.00   22.00086  -92.91684    0.00007    0.00003          2  0.000e+00
     113944   4747.625   2862.604   2900.394     4.3482     4.3489   3.405957   3.405895     1.7448     1.4310     100.00   22.00086  -92.91684    0.00006    0.00003          2  0.000e+00
     113945   4747.667   2862.660   2900.452     4.3482     4.3489   3.405976   3.405915     1.7436     1.4310     100.00   22.00086  -92.91684    0.00004    0.00003          2  0.000e+00
     113946   4747.708   2862.604   2900.394     4.3482     4.3491   3.405982   3.405908     1.7448     1.4310     100.00   22.00086  -92.91684    0.00003    0.00003          2  0.000e+00
     113947   4747.750   2862.597   2900.387     4.3481     4.3491   3.405938   3.405915     1.7436     1.4310     100.00   22.00086  -92.91684    0.00001    0.00003          2  0.000e+00
     113948   4747.792   2862.661   2900.452     4.3481     4.3492   3.405925   3.405908     1.7448     1.4310     100.00   22.00086  -92.91684    0.00001    0.00003          2  0.000e+00
     113949   4747.833   2862.604   2900.394     4.3484     4.3492   3.405925   3.405908     1.7448     1.4310     100.00   22.00086  -92.91684    0.00002    0.00003          2  0.000e+00
     113950   4747.875   2862.661   2900.452     4.3481     4.3491   3.405925   3.405889     1.7448     1.4310     100.00   22.00086  -92.91684    0.00003    0.00003          2  0.000e+00
     113951   4747.917   2862.605   2900.395     4.3484     4.3491   3.405925   3.405876     1.7448     1.4310     100.00   22.00086  -92.91684    0.00003    0.00003          2  0.000e+00
     113952   4747.958   2862.661   2900.452     4.3482     4.3491   3.405944   3.405883     1.7436     1.4310     100.00   22.00086  -92.91684    0.00002    0.00003          2  0.000e+00
     113953   4748.000   2862.605   2900.395     4.3484     4.3490   3.405906   3.405902     1.7448     1.4310     100.00   22.00086  -92.91684    0.00001    0.00004          2  0.000e+00
     113954   4748.042   2862.598   2900.388     4.3481     4.3491   3.405957   3.405889     1.7448     1.4310     100.00   22.00086  -92.91684    0.00002    0.00004          2  0.000e+00
     113955   4748.083   2862.661   2900.453     4.3481     4.3491   3.405938   3.405928     1.7448     1.4310     100.00   22.00086  -92.91684    0.00002    0.00004          2  0.000e+00
     113956   4748.125   2862.605   2900.395     4.3482     4.3491   3.405963   3.405915     1.7448     1.4310     100.00   22.00086  -92.91684    0.00003    0.00004          2  0.000e+00
     113957   4748.167   2862.662   2900.453     4.3482     4.3491   3.405938   3.405940     1.7448     1.4310     100.00   22.00086  -92.91684    0.00004    0.00004          2  0.000e+00
     113958   4748.208   2862.605   2900.395     4.3482     4.3488   3.405900   3.405915     1.7436     1.4310     100.00   22.00086  -92.91684    0.00003    0.00004          2  0.000e+00
     113959   4748.250   2862.662   2900.453     4.3481     4.3491   3.405938   3.405889     1.7436     1.4310     100.00   22.00086  -92.91684   -0.00000    0.00004          2  0.000e+00
     113960   4748.292   2862.606   2900.396     4.3481     4.3489   3.405957   3.405857     1.7436     1.4310     100.00   22.00086  -92.91684   -0.00001    0.00004          2  0.000e+00
     113961   4748.333   2862.655   2900.446     4.3481     4.3489   3.405976   3.405915     1.7448     1.4310     100.00   22.00086  -92.91684   -0.00000    0.00004          2  0.000e+00
     113962   4748.375   2862.606   2900.396     4.3481     4.3491   3.405963   3.405921     1.7448     1.4322     100.00   22.00086  -92.91684    0.00000    0.00004          2  0.000e+00
     113963   4748.417   2862.606   2900.396     4.3481     4.3487   3.405932   3.405934     1.7448     1.4310     100.00   22.00086  -92.91684    0.00001    0.00004          2  0.000e+00
     113964   4748.458   2862.662   2900.454     4.3482     4.3491   3.405925   3.405902     1.7448     1.4310     100.00   22.00086  -92.91684    0.00002    0.00004          2  0.000e+00
     113965   4748.500   2862.606   2900.396     4.3482     4.3489   3.405925   3.405902     1.7436     1.4310     100.00   22.00086  -92.91684   -0.00001    0.00002          2  0.000e+00
     113966   4748.542   2862.606   2900.396     4.3485     4.3489   3.405944   3.405908     1.7436     1.4310     100.00   22.00086  -92.91684   -0.00004    0.00002          2  0.000e+00
     113967   4748.583   2862.550   2900.339     4.3484     4.3490   3.405932   3.405915     1.7436     1.4310     100.00   22.00086  -92.91684   -0.00007    0.00002          2  0.000e+00
     113968   4748.625   2862.762   2900.555     4.3481     4.3489   3.405944   3.405908     1.7448     1.4310     100.00   22.00086  -92.91684   -0.00006    0.00002          2  0.000e+00
     113969   4748.667   2862.606   2900.397     4.3482     4.3491   3.405957   3.405889     1.7448     1.4310     100.00   22.00086  -92.91684   -0.00005    0.00002          2  0.000e+00
     113970   4748.708   2862.607   2900.397     4.3482     4.3491   3.405957   3.405928     1.7448     1.4310     100.00   22.00086  -92.91684   -0.00004    0.00002          2  0.000e+00
     113971   4748.750   2862.663   2900.454     4.3482     4.3491   3.405932   3.405915     1.7460     1.4310     100.00   22.00086  -92.91684   -0.00002    0.00002          2  0.000e+00
     113972   4748.792   2862.663   2900.454     4.3481     4.3490   3.405944   3.405915     1.7448     1.4310     100.00   22.00086  -92.91684   -0.00001    0.00001          2  0.000e+00
     113973   4748.833   2862.607   2900.397     4.3482     4.3491   3.405932   3.405934     1.7448     1.4310     100.00   22.00086  -92.91684   -0.00002    0.00001          2  0.000e+00
     113974   4748.875   2862.600   2900.390     4.3482     4.3491   3.405944   3.405921     1.7448     1.4310     100.00   22.00086  -92.91684   -0.00002    0.00001          2  0.000e+00
     113975   4748.917   2862.664   2900.455     4.3482     4.3492   3.405957   3.405908     1.7448     1.4310     100.00   22.00086  -92.91684   -0.00001    0.00001          2  0.000e+00
     113976   4748.958   2862.607   2900.397     4.3484     4.3489   3.405932   3.405928     1.7448     1.4310     100.00   22.00086  -92.91684   -0.00000    0.00001          2  0.000e+00
     113977   4749.000   2862.664   2900.455     4.3481     4.3492   3.405944   3.405902     1.7436     1.4310     100.00   22.00086  -92.91684   -0.00001    0.00001          2  0.000e+00
     113978   4749.042   2862.607   2900.398     4.3484     4.3491   3.405957   3.405902     1.7448     1.4310     100.00   22.00086  -92.91684   -0.00001    0.00001          2  0.000e+00
     113979   4749.083   2862.664   2900.455     4.3484     4.3491   3.405932   3.405915     1.7448     1.4310     100.00   22.00086  -92.91684    0.00000    0.00001          2  0.000e+00
