Gulf of Mexico/GOMECC-4/1db/rb2103_0941.ros
* Sea-Bird SBE 9 Data File:
* FileName = C:\Users\scs.user.rb\CTD\GOMECC4\data\rb2103_0941.hex
* Software Version Seasave V 7.26.7.107
* Temperature SN = 4799
* Conductivity SN = 3860
* Number of Bytes Per Scan = 41
* Number of Voltage Words = 4
* Number of Scans Averaged by the Deck Unit = 1
* NMEA Latitude = 21 42.03 N
* NMEA Longitude = 089 40.01 W
* NMEA UTC (Time) = Oct 10 2021  22:28:41
* NMEA baud rate = 4800
# nquan = 17
# nvalues = 1197                                  
# units = specified
# name 0 = scan: Scan Count
# name 1 = timeS: Time, Elapsed [seconds]
# name 2 = depSM: Depth [salt water, m]
# name 3 = prDM: Pressure, Digiquartz [db]
# name 4 = t090C: Temperature [ITS-90, deg C]
# name 5 = t190C: Temperature, 2 [ITS-90, deg C]
# name 6 = c0S/m: Conductivity [S/m]
# name 7 = c1S/m: Conductivity, 2 [S/m]
# name 8 = sbeox0V: Oxygen raw, SBE 43 [V]
# name 9 = sbeox1V: Oxygen raw, SBE 43, 2 [V]
# name 10 = altM: Altimeter [m]
# name 11 = latitude: Latitude [deg]
# name 12 = longitude: Longitude [deg]
# name 13 = sbox0dV/dT: Oxygen, SBE 43 [dov/dt]
# name 14 = sbox1dV/dT: Oxygen, SBE 43, 2 [dov/dt]
# name 15 = nbf: Bottles Fired
# name 16 = flag:  0.000e+00
# interval = seconds: 0.0416667
# start_time = Oct 10 2021 22:28:41 [NMEA time, header]
# bad_flag = -9.990e-29
*END*
[from data line 596]
      26213   1092.167     10.122     10.185    28.8233    28.8233   5.926918   5.926990     3.1954     2.7131      18.93   21.70052  -89.66702    0.00014   -0.00036          5  0.000e+00
      26214   1092.208     10.169     10.233    28.8235    28.8235   5.926910   5.926982     3.1954     2.7143      18.93   21.70052  -89.66702    0.00014   -0.00035          5  0.000e+00
      26215   1092.250     10.169     10.233    28.8232    28.8231   5.926982   5.926861     3.1954     2.7143      18.93   21.70052  -89.66702    0.00014   -0.00033          5  0.000e+00
      26216   1092.292     10.122     10.185    28.8231    28.8233   5.927030   5.926934     3.1954     2.7143      18.90   21.70052  -89.66702    0.00013   -0.00032          5  0.000e+00
      26217   1092.333     10.169     10.233    28.8227    28.8229   5.927014   5.926974     3.1954     2.7131      18.90   21.70052  -89.66702    0.00013   -0.00032          5  0.000e+00
      26218   1092.375     10.169     10.233    28.8236    28.8231   5.927038   5.926934     3.1954     2.7143      18.93   21.70052  -89.66702    0.00013   -0.00030          5  0.000e+00
      26219   1092.417     10.122     10.185    28.8252    28.8229   5.927085   5.926958     3.1954     2.7143      18.93   21.70052  -89.66702    0.00013   -0.00029          5  0.000e+00
      26220   1092.458     10.169     10.233    28.8260    28.8229   5.927062   5.926829     3.1954     2.7143      18.90   21.70052  -89.66702    0.00014   -0.00027          5  0.000e+00
      26221   1092.500     10.169     10.233    28.8264    28.8229   5.927109   5.926853     3.1954     2.7131      18.85   21.70052  -89.66702    0.00014   -0.00026          5  0.000e+00
      26222   1092.542     10.115     10.178    28.8254    28.8229   5.927070   5.926910     3.1954     2.7143      18.83   21.70052  -89.66702    0.00015   -0.00026          5  0.000e+00
      26223   1092.583     10.216     10.281    28.8247    28.8231   5.927054   5.926926     3.1941     2.7131      18.83   21.70052  -89.66702    0.00017   -0.00028          5  0.000e+00
      26224   1092.625     10.122     10.185    28.8243    28.8227   5.927054   5.926885     3.1954     2.7131      18.83   21.70052  -89.66702    0.00018   -0.00029          5  0.000e+00
      26225   1092.667     10.169     10.233    28.8242    28.8231   5.927006   5.926910     3.1941     2.7131      18.83   21.70052  -89.66702    0.00018   -0.00030          5  0.000e+00
      26226   1092.708     10.169     10.233    28.8242    28.8229   5.927038   5.926886     3.1954     2.7143      18.83   21.70052  -89.66702    0.00020   -0.00030          5  0.000e+00
      26227   1092.750     10.122     10.185    28.8254    28.8229   5.927085   5.926982     3.1954     2.7131      18.85   21.70052  -89.66702    0.00021   -0.00031          5  0.000e+00
      26228   1092.792     10.169     10.233    28.8262    28.8229   5.927133   5.926950     3.1941     2.7131      18.83   21.70054  -89.66702    0.00021   -0.00034          5  0.000e+00
      26229   1092.833     10.169     10.233    28.8269    28.8227   5.927173   5.926926     3.1941     2.7131      18.83   21.70054  -89.66702    0.00021   -0.00037          5  0.000e+00
      26230   1092.875     10.169     10.233    28.8269    28.8227   5.927189   5.926886     3.1941     2.7131      18.83   21.70054  -89.66702    0.00021   -0.00040          5  0.000e+00
      26231   1092.917     10.169     10.233    28.8266    28.8229   5.927157   5.926910     3.1941     2.7118      18.83   21.70054  -89.66702    0.00021   -0.00044          5  0.000e+00
      26232   1092.958     10.169     10.233    28.8267    28.8227   5.927181   5.926958     3.1941     2.7118      18.85   21.70054  -89.66702    0.00021   -0.00049          5  0.000e+00
      26233   1093.000     10.169     10.233    28.8275    28.8227   5.927253   5.926934     3.1941     2.7118      18.83   21.70054  -89.66702    0.00019   -0.00055          5  0.000e+00
      26234   1093.042     10.169     10.233    28.8271    28.8229   5.927253   5.926926     3.1941     2.7118      18.83   21.70054  -89.66702    0.00017   -0.00059          5  0.000e+00
      26235   1093.083     10.169     10.233    28.8267    28.8227   5.927205   5.926926     3.1941     2.7106      18.85   21.70054  -89.66702    0.00015   -0.00067          5  0.000e+00
      26236   1093.125     10.169     10.233    28.8271    28.8227   5.927229   5.926958     3.1941     2.7106      18.83   21.70054  -89.66702    0.00013   -0.00075          5  0.000e+00
      26237   1093.167     10.169     10.233    28.8255    28.8229   5.927229   5.926974     3.1941     2.7106      18.83   21.70054  -89.66702    0.00012   -0.00081          5  0.000e+00
      26238   1093.208     10.115     10.178    28.8249    28.8229   5.927165   5.926974     3.1941     2.7094      18.83   21.70054  -89.66702    0.00010   -0.00088          5  0.000e+00
      26239   1093.250     10.216     10.281    28.8254    28.8227   5.927109   5.926974     3.1941     2.7094      18.83   21.70054  -89.66702    0.00008   -0.00095          5  0.000e+00
      26240   1093.292     10.169     10.233    28.8256    28.8229   5.927101   5.927047     3.1941     2.7094      18.85   21.70054  -89.66702    0.00006   -0.00103          5  0.000e+00
      26241   1093.333     10.169     10.233    28.8252    28.8231   5.927054   5.927071     3.1941     2.7094      18.85   21.70054  -89.66702    0.00004   -0.00110          5  0.000e+00
      26242   1093.375     10.169     10.233    28.8253    28.8231   5.927014   5.927103     3.1941     2.7094      18.85   21.70054  -89.66702    0.00003   -0.00117          5  0.000e+00
      26243   1093.417     10.169     10.233    28.8240    28.8233   5.926966   5.927079     3.1941     2.7094      18.83   21.70054  -89.66702    0.00001   -0.00124          5  0.000e+00
      26244   1093.458     10.169     10.233    28.8243    28.8233   5.926990   5.927071     3.1941     2.7082      18.85   21.70054  -89.66702   -0.00001   -0.00132          5  0.000e+00
      26245   1093.500     10.169     10.233    28.8249    28.8235   5.927038   5.927103     3.1929     2.7082      18.85   21.70054  -89.66702   -0.00006   -0.00140          5  0.000e+00
      26246   1093.542     10.169     10.233    28.8248    28.8233   5.927038   5.927079     3.1929     2.7082      18.85   21.70054  -89.66702   -0.00012   -0.00148          5  0.000e+00
      26247   1093.583     10.169     10.233    28.8242    28.8235   5.926942   5.927071     3.1941     2.7082      18.85   21.70054  -89.66702   -0.00015   -0.00156          5  0.000e+00
      26248   1093.625     10.169     10.233    28.8225    28.8237   5.926942   5.927071     3.1929     2.7070      18.85   21.70054  -89.66702   -0.00021   -0.00166          5  0.000e+00
      26249   1093.667     10.169     10.233    28.8232    28.8237   5.926958   5.927071     3.1929     2.7070      18.85   21.70054  -89.66702   -0.00026   -0.00175          5  0.000e+00
      26250   1093.708     10.169     10.233    28.8236    28.8239   5.927014   5.927103     3.1929     2.7070      18.85   21.70054  -89.66702   -0.00031   -0.00184          5  0.000e+00
      26251   1093.750     10.216     10.281    28.8241    28.8239   5.927014   5.927152     3.1929     2.7070      18.85   21.70054  -89.66702   -0.00037   -0.00193          5  0.000e+00
      26252   1093.792     10.122     10.185    28.8240    28.8240   5.927006   5.927095     3.1929     2.7057      18.85   21.70052  -89.66702   -0.00042   -0.00203          5  0.000e+00
      26253   1093.833     10.169     10.233    28.8245    28.8242   5.927038   5.927144     3.1929     2.7057      18.85   21.70052  -89.66702   -0.00047   -0.00213          5  0.000e+00
      26254   1093.875     10.216     10.281    28.8247    28.8246   5.927109   5.927168     3.1929     2.7057      18.85   21.70052  -89.66702   -0.00053   -0.00223          5  0.000e+00
      26255   1093.917     10.122     10.185    28.8242    28.8246   5.927070   5.927128     3.1929     2.7057      18.85   21.70052  -89.66702   -0.00056   -0.00231          5  0.000e+00
      26256   1093.958     10.216     10.281    28.8238    28.8251   5.926910   5.927225     3.1917     2.7057      18.85   21.70052  -89.66702   -0.00061   -0.00239          5  0.000e+00
      26257   1094.000     10.122     10.185    28.8236    28.8253   5.926862   5.927192     3.1917     2.7057      18.85   21.70052  -89.66702   -0.00067   -0.00246          5  0.000e+00
      26258   1094.042     10.216     10.281    28.8236    28.8255   5.926918   5.927168     3.1941     2.7057      18.85   21.70052  -89.66702   -0.00067   -0.00253          5  0.000e+00
      26259   1094.083     10.122     10.185    28.8235    28.8253   5.926918   5.927200     3.1929     2.7057      18.85   21.70052  -89.66702   -0.00070   -0.00260          5  0.000e+00
      26260   1094.125     10.169     10.233    28.8240    28.8250   5.926942   5.927168     3.1941     2.7057      18.85   21.70052  -89.66702   -0.00071   -0.00266          5  0.000e+00
      26261   1094.167     10.169     10.233    28.8239    28.8248   5.926918   5.927128     3.1929     2.7057      18.85   21.70052  -89.66702   -0.00073   -0.00272          5  0.000e+00
      26262   1094.208     10.169     10.233    28.8238    28.8248   5.926910   5.927152     3.1941     2.7057      18.85   21.70052  -89.66702   -0.00073   -0.00278          5  0.000e+00
      26263   1094.250     10.169     10.233    28.8238    28.8244   5.926894   5.927128     3.1929     2.7057      18.85   21.70052  -89.66702   -0.00074   -0.00284          5  0.000e+00
      26264   1094.292     10.169     10.233    28.8240    28.8246   5.926870   5.927152     3.1941     2.7057      18.85   21.70052  -89.66702   -0.00074   -0.00289          5  0.000e+00
      26265   1094.333     10.169     10.233    28.8236    28.8244   5.926863   5.927168     3.1941     2.7057      18.85   21.70052  -89.66702   -0.00073   -0.00292          5  0.000e+00
      26266   1094.375     10.169     10.233    28.8238    28.8244   5.926894   5.927200     3.1941     2.7057      18.85   21.70052  -89.66702   -0.00071   -0.00295          5  0.000e+00
      26267   1094.417     10.169     10.233    28.8238    28.8244   5.926934   5.927176     3.1941     2.7057      18.85   21.70052  -89.66702   -0.00069   -0.00298          5  0.000e+00
      26268   1094.458     10.169     10.233    28.8239    28.8248   5.926918   5.927241     3.1941     2.7070      18.85   21.70052  -89.66702   -0.00067   -0.00298          5  0.000e+00
      26269   1094.500     10.122     10.185    28.8244    28.8246   5.926910   5.927225     3.1941     2.7070      18.88   21.70052  -89.66702   -0.00064   -0.00299          5  0.000e+00
      26270   1094.542     10.169     10.233    28.8243    28.8248   5.926982   5.927249     3.1954     2.7057      18.90   21.70052  -89.66702   -0.00060   -0.00300          5  0.000e+00
      26271   1094.583     10.169     10.233    28.8242    28.8248   5.926958   5.927225     3.1941     2.7070      18.93   21.70052  -89.66702   -0.00056   -0.00300          5  0.000e+00
      26272   1094.625     10.169     10.233    28.8246    28.8255   5.926918   5.927249     3.1954     2.7070      18.90   21.70052  -89.66702   -0.00051   -0.00301          5  0.000e+00
      26273   1094.667     10.122     10.185    28.8243    28.8251   5.926942   5.927225     3.1966     2.7070      18.90   21.70052  -89.66702   -0.00045   -0.00300          5  0.000e+00
      26274   1094.708     10.169     10.233    28.8247    28.8253   5.926918   5.927216     3.1966     2.7057      18.90   21.70052  -89.66702   -0.00039   -0.00301          5  0.000e+00
      26275   1094.750     10.169     10.233    28.8247    28.8255   5.926966   5.927216     3.1954     2.7057      18.90   21.70052  -89.66702   -0.00035   -0.00301          5  0.000e+00
      26276   1094.792     10.122     10.185    28.8246    28.8257   5.926998   5.927216     3.1966     2.7057      18.90   21.70054  -89.66702   -0.00028   -0.00301          5  0.000e+00
      26277   1094.833     10.216     10.281    28.8243    28.8255   5.926934   5.927249     3.1966     2.7057      18.90   21.70054  -89.66702   -0.00022   -0.00299          5  0.000e+00
      26278   1094.875     10.115     10.178    28.8242    28.8255   5.926982   5.927265     3.1966     2.7057      18.90   21.70054  -89.66702   -0.00016   -0.00298          5  0.000e+00
      26279   1094.917     10.169     10.233    28.8240    28.8255   5.926934   5.927265     3.1966     2.7057      18.90   21.70054  -89.66702   -0.00010   -0.00296          5  0.000e+00
      26280   1094.958     10.122     10.185    28.8241    28.8257   5.926894   5.927265     3.1966     2.7057      18.90   21.70054  -89.66702   -0.00004   -0.00294          5  0.000e+00
      26281   1095.000     10.169     10.233    28.8240    28.8259   5.926870   5.927265     3.1966     2.7057      18.90   21.70054  -89.66702    0.00001   -0.00291          5  0.000e+00
      26507   1104.417     10.169     10.233    28.8182    28.8292   5.926377   5.927685     3.1880     2.7094      18.95   21.70054  -89.66702   -0.00156   -0.00000          6  0.000e+00
      26508   1104.458     10.122     10.185    28.8185    28.8285   5.926377   5.927660     3.1880     2.7094      18.95   21.70054  -89.66702   -0.00153   -0.00003          6  0.000e+00
      26509   1104.500     10.020     10.083    28.8177    28.8290   5.926377   5.927612     3.1880     2.7094      18.95   21.70054  -89.66702   -0.00151   -0.00003          6  0.000e+00
      26510   1104.542     10.115     10.178    28.8180    28.8290   5.926329   5.927564     3.1880     2.7094      18.95   21.70054  -89.66702   -0.00148   -0.00005          6  0.000e+00
      26511   1104.583     10.068     10.131    28.8187    28.8287   5.926241   5.927628     3.1868     2.7094      18.95   21.70054  -89.66702   -0.00147   -0.00008          6  0.000e+00
      26512   1104.625     10.122     10.185    28.8173    28.8283   5.926154   5.927652     3.1880     2.7106      18.95   21.70054  -89.66702   -0.00146   -0.00008          6  0.000e+00
      26513   1104.667     10.122     10.185    28.8163    28.8285   5.926090   5.927612     3.1880     2.7106      18.95   21.70054  -89.66702   -0.00144   -0.00009          6  0.000e+00
      26514   1104.708     10.068     10.131    28.8171    28.8285   5.926074   5.927564     3.1868     2.7106      18.95   21.70054  -89.66702   -0.00145   -0.00010          6  0.000e+00
      26515   1104.750     10.122     10.185    28.8168    28.8281   5.926042   5.927588     3.1880     2.7106      18.95   21.70054  -89.66702   -0.00143   -0.00009          6  0.000e+00
      26516   1104.792     10.122     10.185    28.8166    28.8279   5.925923   5.927564     3.1880     2.7118      18.95   21.70054  -89.66702   -0.00141   -0.00006          6  0.000e+00
      26517   1104.833     10.068     10.131    28.8168    28.8276   5.925923   5.927588     3.1880     2.7118      18.95   21.70054  -89.66702   -0.00139   -0.00003          6  0.000e+00
      26518   1104.875     10.115     10.178    28.8156    28.8277   5.925971   5.927531     3.1880     2.7118      18.95   21.70054  -89.66702   -0.00137   -0.00001          6  0.000e+00
      26519   1104.917     10.068     10.131    28.8142    28.8274   5.926050   5.927507     3.1880     2.7118      18.95   21.70054  -89.66702   -0.00136    0.00002          6  0.000e+00
      26520   1104.958     10.122     10.185    28.8156    28.8274   5.926146   5.927467     3.1880     2.7118      18.95   21.70054  -89.66702   -0.00134    0.00004          6  0.000e+00
      26521   1105.000     10.068     10.131    28.8191    28.8270   5.926209   5.927491     3.1880     2.7118      18.95   21.70054  -89.66702   -0.00135    0.00006          6  0.000e+00
