Gulf of Mexico/GOMECC-4/1db/rb2103_0791.ros
* Sea-Bird SBE 9 Data File:
* FileName = C:\Users\scs.user.rb\CTD\GOMECC4\data\rb2103_0791.hex
* Software Version Seasave V 7.26.7.107
* Temperature SN = 4799
* Conductivity SN = 3860
* Number of Bytes Per Scan = 41
* Number of Voltage Words = 4
* Number of Scans Averaged by the Deck Unit = 1
* NMEA Latitude = 22 16.43 N
* NMEA Longitude = 097 21.67 W
* NMEA UTC (Time) = Oct 06 2021  04:28:40
* NMEA baud rate = 4800
# nquan = 17
# nvalues = 1862                                  
# units = specified
# name 0 = scan: Scan Count
# name 1 = timeS: Time, Elapsed [seconds]
# name 2 = depSM: Depth [salt water, m]
# name 3 = prDM: Pressure, Digiquartz [db]
# name 4 = t090C: Temperature [ITS-90, deg C]
# name 5 = t190C: Temperature, 2 [ITS-90, deg C]
# name 6 = c0S/m: Conductivity [S/m]
# name 7 = c1S/m: Conductivity, 2 [S/m]
# name 8 = sbeox0V: Oxygen raw, SBE 43 [V]
# name 9 = sbeox1V: Oxygen raw, SBE 43, 2 [V]
# name 10 = altM: Altimeter [m]
# name 11 = latitude: Latitude [deg]
# name 12 = longitude: Longitude [deg]
# name 13 = sbox0dV/dT: Oxygen, SBE 43 [dov/dt]
# name 14 = sbox1dV/dT: Oxygen, SBE 43, 2 [dov/dt]
# name 15 = nbf: Bottles Fired
# name 16 = flag:  0.000e+00
# interval = seconds: 0.0416667
# start_time = Oct 06 2021 04:28:40 [NMEA time, header]
# bad_flag = -9.990e-29
*END*
[from data line 766]
      28698   1195.708    109.344    110.060    20.7483    20.7915   5.044831   5.048525     2.2576     1.9060     100.00   22.27408  -97.36188    0.00311    0.00341          6  0.000e+00
      28699   1195.750    109.323    110.040    20.7491    20.7903   5.044801   5.048480     2.2564     1.9060     100.00   22.27408  -97.36188    0.00310    0.00336          6  0.000e+00
      28700   1195.792    109.344    110.060    20.7496    20.7891   5.044794   5.048427     2.2564     1.9060     100.00   22.27408  -97.36188    0.00306    0.00330          6  0.000e+00
      28701   1195.833    109.344    110.061    20.7503    20.7881   5.044824   5.048419     2.2564     1.9060     100.00   22.27408  -97.36188    0.00301    0.00323          6  0.000e+00
      28702   1195.875    109.371    110.088    20.7496    20.7887   5.044839   5.048427     2.2576     1.9060     100.00   22.27408  -97.36188    0.00299    0.00318          6  0.000e+00
      28703   1195.917    109.344    110.061    20.7494    20.7896   5.044905   5.048419     2.2564     1.9072     100.00   22.27408  -97.36188    0.00294    0.00314          6  0.000e+00
      28704   1195.958    109.371    110.088    20.7499    20.7898   5.044920   5.048457     2.2576     1.9072     100.00   22.27408  -97.36188    0.00290    0.00310          6  0.000e+00
      28705   1196.000    109.344    110.061    20.7508    20.7903   5.044958   5.048502     2.2564     1.9072     100.00   22.27408  -97.36188    0.00286    0.00306          6  0.000e+00
      28706   1196.042    109.324    110.040    20.7509    20.7912   5.045024   5.048517     2.2576     1.9072     100.00   22.27408  -97.36188    0.00283    0.00301          6  0.000e+00
      28707   1196.083    109.391    110.108    20.7506    20.7915   5.045024   5.048563     2.2576     1.9072     100.00   22.27408  -97.36188    0.00279    0.00297          6  0.000e+00
      28708   1196.125    109.371    110.088    20.7503    20.7917   5.045017   5.048563     2.2564     1.9072     100.00   22.27408  -97.36188    0.00272    0.00293          6  0.000e+00
      28709   1196.167    109.344    110.061    20.7504    20.7919   5.045002   5.048615     2.2576     1.9072     100.00   22.27408  -97.36188    0.00268    0.00288          6  0.000e+00
      28710   1196.208    109.371    110.088    20.7520    20.7919   5.045047   5.048593     2.2576     1.9072     100.00   22.27408  -97.36188    0.00264    0.00284          6  0.000e+00
      28711   1196.250    109.391    110.109    20.7529    20.7919   5.045047   5.048623     2.2576     1.9072     100.00   22.27408  -97.36188    0.00262    0.00278          6  0.000e+00
      28712   1196.292    109.344    110.061    20.7539    20.7919   5.045151   5.048608     2.2576     1.9060     100.00   22.27408  -97.36188    0.00257    0.00273          6  0.000e+00
      28713   1196.333    109.371    110.088    20.7564    20.7915   5.045210   5.048600     2.2589     1.9072     100.00   22.27408  -97.36188    0.00256    0.00269          6  0.000e+00
      28714   1196.375    109.392    110.109    20.7562    20.7914   5.045277   5.048585     2.2589     1.9072     100.00   22.27408  -97.36188    0.00254    0.00264          6  0.000e+00
      28715   1196.417    109.371    110.088    20.7554    20.7915   5.045367   5.048563     2.2589     1.9072     100.00   22.27408  -97.36188    0.00252    0.00259          6  0.000e+00
      28716   1196.458    109.392    110.109    20.7552    20.7912   5.045352   5.048555     2.2589     1.9072     100.00   22.27408  -97.36188    0.00249    0.00254          6  0.000e+00
      28717   1196.500    109.371    110.088    20.7564    20.7910   5.045344   5.048547     2.2589     1.9072     100.00   22.27408  -97.36188    0.00248    0.00250          6  0.000e+00
      28718   1196.542    109.392    110.109    20.7578    20.7910   5.045478   5.048487     2.2589     1.9072     100.00   22.27408  -97.36188    0.00245    0.00246          6  0.000e+00
      28719   1196.583    109.324    110.041    20.7606    20.7906   5.045575   5.048502     2.2589     1.9072     100.00   22.27408  -97.36188    0.00243    0.00242          6  0.000e+00
      28720   1196.625    109.446    110.163    20.7623    20.7899   5.045731   5.048472     2.2589     1.9072     100.00   22.27408  -97.36188    0.00239    0.00237          6  0.000e+00
      28721   1196.667    109.371    110.088    20.7617    20.7896   5.045701   5.048465     2.2589     1.9072     100.00   22.27408  -97.36188    0.00237    0.00232          6  0.000e+00
      28722   1196.708    109.392    110.109    20.7620    20.7896   5.045813   5.048276     2.2589     1.9072     100.00   22.27408  -97.36188    0.00234    0.00227          6  0.000e+00
      28723   1196.750    109.392    110.109    20.7632    20.7868   5.046043   5.048148     2.2589     1.9072     100.00   22.27408  -97.36188    0.00231    0.00223          6  0.000e+00
      28724   1196.792    109.372    110.089    20.7673    20.7834   5.046296   5.047997     2.2589     1.9072     100.00   22.27408  -97.36188    0.00228    0.00219          6  0.000e+00
      28725   1196.833    109.392    110.109    20.7730    20.7843   5.046490   5.047959     2.2589     1.9072     100.00   22.27408  -97.36188    0.00226    0.00214          6  0.000e+00
      28726   1196.875    109.419    110.136    20.7739    20.7839   5.046624   5.047869     2.2589     1.9072     100.00   22.27408  -97.36188    0.00223    0.00209          6  0.000e+00
      28727   1196.917    109.344    110.061    20.7714    20.7823   5.046624   5.047861     2.2589     1.9072     100.00   22.27408  -97.36188    0.00221    0.00204          6  0.000e+00
      28728   1196.958    109.419    110.136    20.7706    20.7815   5.046646   5.047778     2.2589     1.9072     100.00   22.27408  -97.36188    0.00218    0.00201          6  0.000e+00
      28729   1197.000    109.392    110.109    20.7680    20.7825   5.046624   5.047846     2.2589     1.9072     100.00   22.27408  -97.36188    0.00215    0.00197          6  0.000e+00
      30617   1275.667     89.580     90.163    21.9575    22.0935   5.158091   5.173825     2.7057     2.2918     100.00   22.27408  -97.36188    0.00158   -0.00053          7  0.000e+00
      30618   1275.708     89.485     90.067    21.9587    22.0993   5.158136   5.173847     2.7045     2.2918     100.00   22.27408  -97.36188    0.00157   -0.00054          7  0.000e+00
      30619   1275.750     89.580     90.163    21.9599    22.1038   5.158136   5.173870     2.7045     2.2930     100.00   22.27408  -97.36188    0.00153   -0.00053          7  0.000e+00
      30620   1275.792     89.681     90.265    21.9636    22.1062   5.158204   5.173924     2.7045     2.2918     100.00   22.27408  -97.36188    0.00151   -0.00054          7  0.000e+00
      30621   1275.833     89.580     90.163    21.9655    22.1073   5.158226   5.173893     2.7045     2.2930     100.00   22.27408  -97.36188    0.00149   -0.00053          7  0.000e+00
      30622   1275.875     89.580     90.163    21.9628    22.1056   5.158189   5.173825     2.7045     2.2930     100.00   22.27408  -97.36188    0.00146   -0.00051          7  0.000e+00
      30623   1275.917     89.532     90.115    21.9597    22.1006   5.158129   5.173832     2.7045     2.2930     100.00   22.27408  -97.36188    0.00144   -0.00050          7  0.000e+00
      30624   1275.958     89.634     90.217    21.9586    22.0978   5.158294   5.173809     2.7045     2.2918     100.00   22.27408  -97.36188    0.00141   -0.00050          7  0.000e+00
      30625   1276.000     89.533     90.115    21.9606    22.0963   5.158677   5.173802     2.7045     2.2930     100.00   22.27408  -97.36188    0.00138   -0.00049          7  0.000e+00
      30626   1276.042     89.580     90.163    21.9624    22.0968   5.159075   5.173863     2.7045     2.2918     100.00   22.27408  -97.36188    0.00135   -0.00049          7  0.000e+00
      30627   1276.083     89.533     90.115    21.9622    22.0975   5.159428   5.173924     2.7045     2.2918     100.00   22.27408  -97.36188    0.00132   -0.00049          7  0.000e+00
      30628   1276.125     89.580     90.163    21.9650    22.0996   5.159548   5.173870     2.7045     2.2930     100.00   22.27408  -97.36188    0.00129   -0.00047          7  0.000e+00
      30629   1276.167     89.580     90.163    21.9705    22.1006   5.159360   5.173870     2.7045     2.2930     100.00   22.27408  -97.36188    0.00126   -0.00045          7  0.000e+00
      30630   1276.208     89.533     90.115    21.9735    22.1007   5.159067   5.173924     2.7045     2.2930     100.00   22.27408  -97.36188    0.00122   -0.00043          7  0.000e+00
      30631   1276.250     89.580     90.163    21.9738    22.1027   5.158842   5.173962     2.7045     2.2930     100.00   22.27408  -97.36188    0.00118   -0.00041          7  0.000e+00
      30632   1276.292     89.533     90.115    21.9690    22.1055   5.158812   5.174045     2.7045     2.2930     100.00   22.27408  -97.36188    0.00116   -0.00039          7  0.000e+00
      30633   1276.333     89.580     90.163    21.9686    22.1063   5.159052   5.174091     2.7045     2.2930     100.00   22.27408  -97.36188    0.00114   -0.00037          7  0.000e+00
      30634   1276.375     89.533     90.115    21.9694    22.1043   5.159420   5.174167     2.7045     2.2930     100.00   22.27408  -97.36188    0.00112   -0.00035          7  0.000e+00
      30635   1276.417     89.533     90.115    21.9758    22.1035   5.159871   5.174259     2.7045     2.2930     100.00   22.27408  -97.36188    0.00110   -0.00033          7  0.000e+00
      30636   1276.458     89.533     90.115    21.9788    22.1040   5.160224   5.174175     2.7045     2.2930     100.00   22.27408  -97.36188    0.00107   -0.00030          7  0.000e+00
      30637   1276.500     89.533     90.115    21.9775    22.1053   5.160712   5.173954     2.7045     2.2930     100.00   22.27408  -97.36188    0.00103   -0.00030          7  0.000e+00
      30638   1276.542     89.533     90.116    21.9810    22.1068   5.161147   5.173786     2.7045     2.2930     100.00   22.27408  -97.36188    0.00098   -0.00029          7  0.000e+00
      30639   1276.583     89.533     90.116    21.9837    22.1037   5.161433   5.173825     2.7045     2.2930     100.00   22.27408  -97.36188    0.00096   -0.00028          7  0.000e+00
      30640   1276.625     89.533     90.116    21.9860    22.1031   5.161755   5.174007     2.7033     2.2930     100.00   22.27408  -97.36188    0.00091   -0.00028          7  0.000e+00
      30641   1276.667     89.533     90.116    21.9906    22.1051   5.162041   5.174190     2.7045     2.2930     100.00   22.27408  -97.36188    0.00088   -0.00027          7  0.000e+00
      30642   1276.708     89.533     90.116    21.9937    22.1068   5.162108   5.174266     2.7045     2.2943     100.00   22.27408  -97.36188    0.00085   -0.00024          7  0.000e+00
      30643   1276.750     89.486     90.068    21.9934    22.1058   5.161875   5.174244     2.7033     2.2943     100.00   22.27408  -97.36188    0.00078   -0.00022          7  0.000e+00
      30644   1276.792     89.533     90.116    21.9955    22.1060   5.161417   5.174000     2.7033     2.2930     100.00   22.27408  -97.36188    0.00073   -0.00021          7  0.000e+00
      30645   1276.833     89.486     90.068    21.9947    22.1055   5.160832   5.173741     2.7045     2.2943     100.00   22.27408  -97.36188    0.00070   -0.00018          7  0.000e+00
      30646   1276.875     89.533     90.116    21.9903    22.1026   5.160291   5.173512     2.7045     2.2943     100.00   22.27408  -97.36188    0.00066   -0.00017          7  0.000e+00
      30647   1276.917     89.486     90.068    21.9862    22.1045   5.159968   5.173299     2.7033     2.2943     100.00   22.27408  -97.36188    0.00061   -0.00017          7  0.000e+00
      30648   1276.958     89.486     90.068    21.9810    22.1071   5.159743   5.173207     2.7033     2.2943     100.00   22.27408  -97.36188    0.00055   -0.00016          7  0.000e+00
      30649   1277.000     89.533     90.116    21.9731    22.1064   5.159623   5.173101     2.7033     2.2943     100.00   22.27408  -97.36188    0.00052   -0.00013          7  0.000e+00
      30650   1277.042     89.486     90.068    21.9675    22.0927   5.159608   5.173070     2.7033     2.2943     100.00   22.27408  -97.36188    0.00046   -0.00011          7  0.000e+00
      30651   1277.083     89.486     90.068    21.9710    22.0929   5.159608   5.173192     2.7033     2.2943     100.00   22.27408  -97.36188    0.00040   -0.00010          7  0.000e+00
      30652   1277.125     89.486     90.068    21.9717    22.1012   5.159540   5.173329     2.7021     2.2943     100.00   22.27408  -97.36188    0.00035   -0.00008          7  0.000e+00
      30653   1277.167     89.486     90.068    21.9708    22.1033   5.159751   5.173345     2.7033     2.2943     100.00   22.27408  -97.36188    0.00029   -0.00005          7  0.000e+00
      30654   1277.208     89.486     90.068    21.9728    22.0998   5.160434   5.173162     2.7033     2.2943     100.00   22.27408  -97.36188    0.00025   -0.00004          7  0.000e+00
      30655   1277.250     89.493     90.075    21.9759    22.0942   5.161155   5.172689     2.7033     2.2943     100.00   22.27408  -97.36188    0.00021   -0.00004          7  0.000e+00
      30656   1277.292     89.432     90.014    21.9805    22.0858   5.161816   5.172027     2.7033     2.2943     100.00   22.27408  -97.36188    0.00017   -0.00003          7  0.000e+00
      30657   1277.333     89.486     90.068    21.9881    22.0817   5.162364   5.171699     2.7045     2.2943     100.00   22.27408  -97.36188    0.00015   -0.00003          7  0.000e+00
      30658   1277.375     89.432     90.014    21.9956    22.0808   5.162619   5.171943     2.7045     2.2943     100.00   22.27408  -97.36188    0.00014   -0.00002          7  0.000e+00
      30659   1277.417     89.486     90.068    21.9987    22.0853   5.162792   5.172354     2.7045     2.2943     100.00   22.27408  -97.36188    0.00012   -0.00002          7  0.000e+00
      30660   1277.458     89.432     90.014    21.9979    22.0943   5.162904   5.172689     2.7045     2.2943     100.00   22.27408  -97.36188    0.00009   -0.00001          7  0.000e+00
      30661   1277.500     89.486     90.068    21.9945    22.1008   5.163152   5.172773     2.7045     2.2943     100.00   22.27408  -97.36188    0.00009    0.00001          7  0.000e+00
      30662   1277.542     89.432     90.014    21.9955    22.1026   5.163580   5.172735     2.7045     2.2943     100.00   22.27408  -97.36188    0.00008    0.00003          7  0.000e+00
      30663   1277.583     89.432     90.014    22.0012    22.1040   5.164189   5.172750     2.7045     2.2943     100.00   22.27408  -97.36188    0.00007    0.00006          7  0.000e+00
      30664   1277.625     89.432     90.014    22.0094    22.1022   5.164932   5.172773     2.7033     2.2943     100.00   22.27408  -97.36188    0.00004    0.00008          7  0.000e+00
      30665   1277.667     89.432     90.014    22.0212    22.1006   5.165511   5.172804     2.7045     2.2943     100.00   22.27408  -97.36188    0.00003    0.00008          7  0.000e+00
      30666   1277.708     89.486     90.069    22.0277    22.1022   5.165894   5.172651     2.7045     2.2943     100.00   22.27408  -97.36188    0.00002    0.00010          7  0.000e+00
      30667   1277.750     89.385     89.966    22.0286    22.0961   5.166179   5.172392     2.7045     2.2943     100.00   22.27408  -97.36188    0.00001    0.00013          7  0.000e+00
      30668   1277.792     89.486     90.069    22.0247    22.0934   5.165924   5.172232     2.7045     2.2943     100.00   22.27408  -97.36188    0.00000    0.00015          7  0.000e+00
      30669   1277.833     89.432     90.014    22.0230    22.0926   5.165165   5.172210     2.7045     2.2943     100.00   22.27408  -97.36188   -0.00001    0.00017          7  0.000e+00
