Gulf of Mexico/GOMECC-4/1db/rb2103_1071.ros
* Sea-Bird SBE 9 Data File:
* FileName = C:\Users\scs.user.rb\CTD\GOMECC4\data\rb2103_1071.hex
* Software Version Seasave V 7.26.7.107
* Temperature SN = 4799
* Conductivity SN = 3860
* Number of Bytes Per Scan = 41
* Number of Voltage Words = 4
* Number of Scans Averaged by the Deck Unit = 1
* NMEA Latitude = 23 05.26 N
* NMEA Longitude = 086 16.38 W
* NMEA UTC (Time) = Oct 14 2021  17:43:34
* NMEA baud rate = 4800
# nquan = 17
# nvalues = 3192                                  
# units = specified
# name 0 = scan: Scan Count
# name 1 = timeS: Time, Elapsed [seconds]
# name 2 = depSM: Depth [salt water, m]
# name 3 = prDM: Pressure, Digiquartz [db]
# name 4 = t090C: Temperature [ITS-90, deg C]
# name 5 = t190C: Temperature, 2 [ITS-90, deg C]
# name 6 = c0S/m: Conductivity [S/m]
# name 7 = c1S/m: Conductivity, 2 [S/m]
# name 8 = sbeox0V: Oxygen raw, SBE 43 [V]
# name 9 = sbeox1V: Oxygen raw, SBE 43, 2 [V]
# name 10 = altM: Altimeter [m]
# name 11 = latitude: Latitude [deg]
# name 12 = longitude: Longitude [deg]
# name 13 = sbox0dV/dT: Oxygen, SBE 43 [dov/dt]
# name 14 = sbox1dV/dT: Oxygen, SBE 43, 2 [dov/dt]
# name 15 = nbf: Bottles Fired
# name 16 = flag:  0.000e+00
# interval = seconds: 0.0416667
# start_time = Oct 14 2021 17:43:34 [NMEA time, header]
# bad_flag = -9.990e-29
*END*
[from data line 1532]
     100566   4190.208    199.510    200.872    21.4621    21.4690   5.187698   5.188772     2.3590     1.9780     100.00   23.08784  -86.27294   -0.00009   -0.00025         12  0.000e+00
     100567   4190.250    199.496    200.859    21.4618    21.4695   5.187637   5.188795     2.3602     1.9780     100.00   23.08784  -86.27294   -0.00006   -0.00030         12  0.000e+00
     100568   4190.292    199.510    200.873    21.4619    21.4697   5.187615   5.188894     2.3602     1.9780     100.00   23.08784  -86.27294   -0.00002   -0.00035         12  0.000e+00
     100569   4190.333    199.442    200.804    21.4615    21.4706   5.187517   5.188955     2.3590     1.9780     100.00   23.08784  -86.27294   -0.00002   -0.00039         12  0.000e+00
     100570   4190.375    199.456    200.818    21.4607    21.4715   5.187457   5.188970     2.3602     1.9780     100.00   23.08784  -86.27294    0.00002   -0.00044         12  0.000e+00
     100571   4190.417    199.510    200.873    21.4602    21.4718   5.187276   5.189001     2.3590     1.9792     100.00   23.08784  -86.27294    0.00002   -0.00048         12  0.000e+00
     100572   4190.458    199.442    200.804    21.4571    21.4724   5.187088   5.188978     2.3590     1.9780     100.00   23.08784  -86.27294    0.00004   -0.00051         12  0.000e+00
     100573   4190.500    199.510    200.873    21.4561    21.4725   5.186922   5.188932     2.3602     1.9792     100.00   23.08784  -86.27294    0.00007   -0.00052         12  0.000e+00
     100574   4190.542    199.442    200.805    21.4568    21.4722   5.186907   5.188825     2.3590     1.9792     100.00   23.08784  -86.27294    0.00007   -0.00055         12  0.000e+00
     100575   4190.583    199.456    200.818    21.4573    21.4711   5.186922   5.188764     2.3590     1.9792     100.00   23.08784  -86.27294    0.00009   -0.00058         12  0.000e+00
     100576   4190.625    199.497    200.859    21.4576    21.4702   5.187080   5.188589     2.3602     1.9792     100.00   23.08784  -86.27294    0.00011   -0.00061         12  0.000e+00
     100577   4190.667    199.456    200.818    21.4579    21.4702   5.187171   5.188337     2.3602     1.9792     100.00   23.08784  -86.27294    0.00013   -0.00062         12  0.000e+00
     100578   4190.708    199.497    200.860    21.4573    21.4688   5.187118   5.187979     2.3602     1.9792     100.00   23.08784  -86.27294    0.00015   -0.00063         12  0.000e+00
     100579   4190.750    199.456    200.819    21.4559    21.4637   5.186960   5.187651     2.3602     1.9792     100.00   23.08784  -86.27294    0.00016   -0.00066         12  0.000e+00
     100580   4190.792    199.497    200.860    21.4550    21.4598   5.186855   5.187483     2.3602     1.9792     100.00   23.08784  -86.27294    0.00018   -0.00068         12  0.000e+00
     100581   4190.833    199.456    200.819    21.4551    21.4587   5.186802   5.187353     2.3602     1.9792     100.00   23.08784  -86.27294    0.00020   -0.00069         12  0.000e+00
     100582   4190.875    199.443    200.805    21.4547    21.4570   5.186794   5.187231     2.3590     1.9792     100.00   23.08784  -86.27294    0.00020   -0.00070         12  0.000e+00
     100583   4190.917    199.511    200.874    21.4545    21.4564   5.186727   5.187102     2.3602     1.9805     100.00   23.08784  -86.27294    0.00022   -0.00069         12  0.000e+00
     100584   4190.958    199.457    200.819    21.4543    21.4558   5.186704   5.186934     2.3602     1.9805     100.00   23.08784  -86.27294    0.00023   -0.00068         12  0.000e+00
     100585   4191.000    199.443    200.805    21.4540    21.4546   5.186674   5.186759     2.3602     1.9805     100.00   23.08784  -86.27294    0.00023   -0.00068         12  0.000e+00
     100586   4191.042    199.511    200.874    21.4542    21.4536   5.186757   5.186812     2.3602     1.9805     100.00   23.08784  -86.27294    0.00025   -0.00067         12  0.000e+00
     100587   4191.083    199.443    200.805    21.4562    21.4532   5.186953   5.186911     2.3602     1.9805     100.00   23.08784  -86.27294    0.00024   -0.00066         12  0.000e+00
     100588   4191.125    199.457    200.819    21.4585    21.4539   5.187201   5.187003     2.3602     1.9805     100.00   23.08784  -86.27294    0.00026   -0.00066         12  0.000e+00
     100589   4191.167    199.443    200.806    21.4589    21.4547   5.187299   5.187117     2.3602     1.9805     100.00   23.08784  -86.27294    0.00027   -0.00065         12  0.000e+00
     100590   4191.208    199.511    200.874    21.4593    21.4564   5.187336   5.187506     2.3602     1.9805     100.00   23.08784  -86.27294    0.00028   -0.00064         12  0.000e+00
     100591   4191.250    199.443    200.806    21.4595    21.4608   5.187321   5.187819     2.3602     1.9805     100.00   23.08784  -86.27294    0.00030   -0.00064         12  0.000e+00
     100592   4191.292    199.457    200.819    21.4591    21.4642   5.187284   5.187918     2.3602     1.9805     100.00   23.08784  -86.27294    0.00031   -0.00063         12  0.000e+00
     100593   4191.333    199.498    200.860    21.4587    21.4649   5.187231   5.187933     2.3602     1.9805     100.00   23.08784  -86.27294    0.00032   -0.00062         12  0.000e+00
     100594   4191.375    199.457    200.819    21.4585    21.4651   5.187254   5.187796     2.3602     1.9805     100.00   23.08784  -86.27294    0.00033   -0.00062         12  0.000e+00
     100595   4191.417    199.512    200.874    21.4583    21.4651   5.187238   5.187849     2.3602     1.9805     100.00   23.08784  -86.27294    0.00035   -0.00061         12  0.000e+00
     100596   4191.458    199.498    200.861    21.4582    21.4660   5.187254   5.187918     2.3602     1.9805     100.00   23.08784  -86.27294    0.00036   -0.00059         12  0.000e+00
     100597   4191.500    199.457    200.820    21.4594    21.4657   5.187359   5.187773     2.3602     1.9805     100.00   23.08784  -86.27294    0.00037   -0.00058         12  0.000e+00
     100598   4191.542    199.498    200.861    21.4599    21.4635   5.187464   5.187452     2.3602     1.9805     100.00   23.08784  -86.27294    0.00038   -0.00057         12  0.000e+00
     100599   4191.583    199.457    200.820    21.4603    21.4621   5.187487   5.187239     2.3614     1.9805     100.00   23.08784  -86.27294    0.00041   -0.00057         12  0.000e+00
     100600   4191.625    199.546    200.909    21.4609    21.4582   5.187449   5.186896     2.3602     1.9805     100.00   23.08784  -86.27294    0.00042   -0.00056         12  0.000e+00
     100601   4191.667    199.410    200.772    21.4587    21.4536   5.187238   5.186644     2.3602     1.9805     100.00   23.08784  -86.27294    0.00043   -0.00055         12  0.000e+00
     100602   4191.708    199.546    200.909    21.4554    21.4511   5.186983   5.186591     2.3602     1.9805     100.00   23.08784  -86.27294    0.00044   -0.00054         12  0.000e+00
     100603   4191.750    199.458    200.820    21.4550    21.4515   5.186855   5.186492     2.3602     1.9805     100.00   23.08784  -86.27294    0.00044   -0.00054         12  0.000e+00
     100604   4191.792    199.498    200.861    21.4542    21.4488   5.186674   5.186263     2.3602     1.9805     100.00   23.08784  -86.27294    0.00045   -0.00053         12  0.000e+00
     100605   4191.833    199.512    200.875    21.4519    21.4467   5.186290   5.185973     2.3602     1.9805     100.00   23.08784  -86.27294    0.00046   -0.00052         12  0.000e+00
     100606   4191.875    199.512    200.875    21.4471    21.4447   5.185861   5.185699     2.3602     1.9805     100.00   23.08784  -86.27294    0.00047   -0.00052         12  0.000e+00
     100607   4191.917    199.499    200.861    21.4455    21.4428   5.185591   5.185546     2.3602     1.9805     100.00   23.08784  -86.27294    0.00048   -0.00049         12  0.000e+00
     100608   4191.958    199.512    200.875    21.4445    21.4427   5.185538   5.185607     2.3602     1.9805     100.00   23.08784  -86.27294    0.00048   -0.00047         12  0.000e+00
     100609   4192.000    199.546    200.909    21.4448    21.4435   5.185666   5.185699     2.3602     1.9805     100.00   23.08784  -86.27294    0.00049   -0.00044         12  0.000e+00
     100610   4192.042    199.512    200.875    21.4452    21.4446   5.185741   5.185790     2.3602     1.9805     100.00   23.08784  -86.27294    0.00049   -0.00042         12  0.000e+00
     100611   4192.083    199.499    200.862    21.4448    21.4453   5.185779   5.185882     2.3602     1.9805     100.00   23.08784  -86.27294    0.00050   -0.00039         12  0.000e+00
     100612   4192.125    199.513    200.875    21.4457    21.4465   5.185726   5.185958     2.3602     1.9805     100.00   23.08784  -86.27294    0.00051   -0.00036         12  0.000e+00
     100613   4192.167    199.547    200.910    21.4450    21.4469   5.185711   5.186019     2.3602     1.9792     100.00   23.08784  -86.27294    0.00051   -0.00035         12  0.000e+00
     100614   4192.208    199.513    200.875    21.4474    21.4467   5.186035   5.186026     2.3602     1.9805     100.00   23.08784  -86.27294    0.00052   -0.00033         12  0.000e+00
     100615   4192.250    199.547    200.910    21.4522    21.4472   5.186531   5.186057     2.3614     1.9792     100.00   23.08784  -86.27294    0.00054   -0.00031         12  0.000e+00
     100616   4192.292    199.513    200.876    21.4557    21.4481   5.186892   5.186202     2.3602     1.9792     100.00   23.08784  -86.27294    0.00054   -0.00030         12  0.000e+00
     100617   4192.333    199.560    200.923    21.4572    21.4501   5.187096   5.186431     2.3602     1.9792     100.00   23.08784  -86.27294    0.00054   -0.00029         12  0.000e+00
     100618   4192.375    199.547    200.910    21.4585    21.4517   5.187201   5.186598     2.3614     1.9805     100.00   23.08784  -86.27294    0.00056   -0.00026         12  0.000e+00
     100619   4192.417    199.560    200.924    21.4594    21.4515   5.187449   5.186667     2.3602     1.9805     100.00   23.08784  -86.27294    0.00057   -0.00023         12  0.000e+00
     100620   4192.458    199.499    200.862    21.4605    21.4506   5.187660   5.186644     2.3614     1.9805      86.18   23.08784  -86.27294    0.00059   -0.00020         12  0.000e+00
     100621   4192.500    199.561    200.924    21.4628    21.4504   5.187893   5.186499     2.3602     1.9805      67.25   23.08784  -86.27294    0.00059   -0.00017         12  0.000e+00
     100622   4192.542    199.601    200.965    21.4642    21.4495   5.188021   5.186393     2.3602     1.9792      62.54   23.08784  -86.27294    0.00057   -0.00016         12  0.000e+00
     100623   4192.583    199.513    200.876    21.4630    21.4487   5.187690   5.186270     2.3614     1.9792      63.27   23.08784  -86.27294    0.00057   -0.00014         12  0.000e+00
     100624   4192.625    199.602    200.965    21.4599    21.4483   5.187013   5.186240     2.3602     1.9792      64.05   23.08784  -86.27294    0.00057   -0.00013         12  0.000e+00
     100625   4192.667    199.561    200.924    21.4543    21.4481   5.186343   5.186179     2.3602     1.9805      64.22   23.08784  -86.27294    0.00057   -0.00009         12  0.000e+00
     100626   4192.708    199.602    200.965    21.4509    21.4483   5.186020   5.186187     2.3614     1.9792      64.18   23.08784  -86.27294    0.00058   -0.00007         12  0.000e+00
     100627   4192.750    199.561    200.924    21.4499    21.4485   5.185869   5.186271     2.3602     1.9792      64.15   23.08784  -86.27294    0.00058   -0.00006         12  0.000e+00
     100628   4192.792    199.561    200.924    21.4471    21.4494   5.185741   5.186354     2.3614     1.9792      64.15   23.08784  -86.27294    0.00060   -0.00004         12  0.000e+00
     100629   4192.833    199.649    201.013    21.4468    21.4504   5.185741   5.186400     2.3614     1.9792      64.15   23.08784  -86.27294    0.00061   -0.00002         12  0.000e+00
     105144   4380.958    149.363    150.365    24.1900    24.1800   5.488953   5.488059     2.5409     2.1355     100.00   23.08792  -86.27288   -0.00057    0.00017         13  0.000e+00
     105145   4381.000    149.811    150.816    24.1898    24.1798   5.488914   5.488114     2.5397     2.1355     100.00   23.08792  -86.27288   -0.00062    0.00013         13  0.000e+00
     105146   4381.042    149.410    150.413    24.1900    24.1800   5.488976   5.488137     2.5397     2.1355     100.00   23.08792  -86.27288   -0.00068    0.00009         13  0.000e+00
     105147   4381.083    149.512    150.515    24.1883    24.1802   5.488930   5.488239     2.5409     2.1355     100.00   23.08792  -86.27288   -0.00070    0.00005         13  0.000e+00
     105148   4381.125    149.411    150.413    24.1890    24.1813   5.489007   5.488340     2.5397     2.1355     100.00   23.08792  -86.27288   -0.00075    0.00001         13  0.000e+00
     105149   4381.167    149.512    150.515    24.1916    24.1824   5.489107   5.488466     2.5397     2.1355     100.00   23.08792  -86.27288   -0.00078   -0.00003         13  0.000e+00
     105150   4381.208    149.411    150.413    24.1909    24.1827   5.489061   5.488669     2.5397     2.1355     100.00   23.08792  -86.27288   -0.00082   -0.00006         13  0.000e+00
     105151   4381.250    149.458    150.461    24.1905    24.1836   5.489115   5.488895     2.5397     2.1355     100.00   23.08792  -86.27288   -0.00085   -0.00010         13  0.000e+00
     105152   4381.292    149.458    150.461    24.1906    24.1872   5.489099   5.489028     2.5397     2.1368     100.00   23.08792  -86.27288   -0.00088   -0.00012         13  0.000e+00
     105153   4381.333    149.411    150.413    24.1903    24.1894   5.489091   5.489114     2.5397     2.1368     100.00   23.08792  -86.27288   -0.00093   -0.00015         13  0.000e+00
     105154   4381.375    149.458    150.461    24.1904    24.1894   5.489161   5.489168     2.5397     2.1368     100.00   23.08792  -86.27288   -0.00095   -0.00017         13  0.000e+00
     105155   4381.417    149.411    150.413    24.1916    24.1894   5.489276   5.489184     2.5397     2.1368     100.00   23.08792  -86.27288   -0.00098   -0.00018         13  0.000e+00
     105156   4381.458    149.411    150.413    24.1933    24.1910   5.489415   5.489278     2.5397     2.1368     100.00   23.08792  -86.27288   -0.00101   -0.00019         13  0.000e+00
     105157   4381.500    149.458    150.461    24.1949    24.1922   5.489615   5.489387     2.5397     2.1368     100.00   23.08792  -86.27288   -0.00104   -0.00020         13  0.000e+00
     105158   4381.542    149.363    150.365    24.1976    24.1932   5.489955   5.489504     2.5409     2.1368     100.00   23.08792  -86.27288   -0.00104   -0.00020         13  0.000e+00
     105159   4381.583    149.411    150.413    24.2012    24.1943   5.490278   5.489614     2.5397     2.1368     100.00   23.08792  -86.27288   -0.00108   -0.00021         13  0.000e+00
     105160   4381.625    149.364    150.365    24.2042    24.1953   5.490494   5.489770     2.5409     2.1368     100.00   23.08792  -86.27288   -0.00109   -0.00022         13  0.000e+00
     105161   4381.667    149.411    150.413    24.2062    24.1969   5.490571   5.489918     2.5409     2.1380     100.00   23.08792  -86.27288   -0.00110   -0.00021         13  0.000e+00
     105162   4381.708    149.364    150.365    24.2069    24.1984   5.490748   5.490051     2.5409     2.1380     100.00   23.08792  -86.27288   -0.00110   -0.00020         13  0.000e+00
     105163   4381.750    149.364    150.366    24.2074    24.2014   5.490879   5.490239     2.5409     2.1368     100.00   23.08792  -86.27288   -0.00110   -0.00021         13  0.000e+00
     105164   4381.792    149.364    150.366    24.2096    24.2034   5.490972   5.490442     2.5409     2.1380     100.00   23.08792  -86.27288   -0.00111   -0.00020         13  0.000e+00
