Gulf of Mexico/GOMECC-4/1db/rb2103_0281.ros
* Sea-Bird SBE 9 Data File:
* FileName = C:\Users\scs.user.rb\CTD\GOMECC4\data\rb2103_0281.hex
* Software Version Seasave V 7.26.7.107
* Temperature SN = 4799
* Conductivity SN = 3860
* Number of Bytes Per Scan = 41
* Number of Voltage Words = 4
* Number of Scans Averaged by the Deck Unit = 1
* NMEA Latitude = 27 59.98 N
* NMEA Longitude = 086 37.19 W
* NMEA UTC (Time) = Sep 21 2021  18:09:14
* NMEA baud rate = 4800
# nquan = 17
# nvalues = 3192                                  
# units = specified
# name 0 = scan: Scan Count
# name 1 = timeS: Time, Elapsed [seconds]
# name 2 = depSM: Depth [salt water, m]
# name 3 = prDM: Pressure, Digiquartz [db]
# name 4 = t090C: Temperature [ITS-90, deg C]
# name 5 = t190C: Temperature, 2 [ITS-90, deg C]
# name 6 = c0S/m: Conductivity [S/m]
# name 7 = c1S/m: Conductivity, 2 [S/m]
# name 8 = sbeox0V: Oxygen raw, SBE 43 [V]
# name 9 = sbeox1V: Oxygen raw, SBE 43, 2 [V]
# name 10 = altM: Altimeter [m]
# name 11 = latitude: Latitude [deg]
# name 12 = longitude: Longitude [deg]
# name 13 = sbox0dV/dT: Oxygen, SBE 43 [dov/dt]
# name 14 = sbox1dV/dT: Oxygen, SBE 43, 2 [dov/dt]
# name 15 = nbf: Bottles Fired
# name 16 = flag:  0.000e+00
# interval = seconds: 0.0416667
# start_time = Sep 21 2021 18:09:14 [NMEA time, header]
# bad_flag = -9.990e-29
*END*
[from data line 2554]
     222106   9254.375     74.508     75.020    23.6472    23.6482   5.352151   5.352092     2.8608     2.4310     100.00   27.99860  -86.62070   -0.00081   -0.00050         20  0.000e+00
     222107   9254.417     74.455     74.967    23.6472    23.6478   5.352205   5.352023     2.8608     2.4310     100.00   27.99860  -86.62070   -0.00082   -0.00052         20  0.000e+00
     222108   9254.458     74.455     74.967    23.6480    23.6473   5.352228   5.351907     2.8608     2.4310     100.00   27.99860  -86.62070   -0.00082   -0.00055         20  0.000e+00
     222109   9254.500     74.515     75.028    23.6481    23.6457   5.352258   5.351977     2.8608     2.4322     100.00   27.99860  -86.62070   -0.00082   -0.00056         20  0.000e+00
     222110   9254.542     74.455     74.967    23.6478    23.6484   5.352106   5.352309     2.8608     2.4322     100.00   27.99860  -86.62070   -0.00082   -0.00057         20  0.000e+00
     222111   9254.583     74.455     74.967    23.6472    23.6544   5.351915   5.352672     2.8608     2.4322     100.00   27.99860  -86.62070   -0.00081   -0.00058         20  0.000e+00
     222112   9254.625     74.508     75.020    23.6465    23.6581   5.351709   5.353159     2.8608     2.4322     100.00   27.99860  -86.62070   -0.00081   -0.00059         20  0.000e+00
     222113   9254.667     74.508     75.020    23.6452    23.6654   5.351549   5.353731     2.8608     2.4335     100.00   27.99860  -86.62070   -0.00082   -0.00058         20  0.000e+00
     222114   9254.708     74.455     74.967    23.6440    23.6690   5.351480   5.354179     2.8596     2.4335     100.00   27.99860  -86.62070   -0.00085   -0.00057         20  0.000e+00
     222115   9254.750     74.455     74.967    23.6437    23.6710   5.351473   5.354496     2.8608     2.4335     100.00   27.99860  -86.62070   -0.00084   -0.00057         20  0.000e+00
     222116   9254.792     74.455     74.967    23.6446    23.6726   5.351572   5.354681     2.8608     2.4335     100.00   27.99860  -86.62070   -0.00083   -0.00054         20  0.000e+00
     222117   9254.833     74.508     75.020    23.6458    23.6751   5.351740   5.354813     2.8608     2.4335     100.00   27.99860  -86.62070   -0.00083   -0.00052         20  0.000e+00
     222118   9254.875     74.508     75.020    23.6477    23.6761   5.351945   5.354952     2.8620     2.4335     100.00   27.99860  -86.62070   -0.00078   -0.00051         20  0.000e+00
     222119   9254.917     74.455     74.967    23.6492    23.6726   5.352106   5.354906     2.8620     2.4335     100.00   27.99860  -86.62070   -0.00076   -0.00050         20  0.000e+00
     222120   9254.958     74.455     74.967    23.6496    23.6712   5.352106   5.354890     2.8620     2.4347     100.00   27.99860  -86.62070   -0.00073   -0.00048         20  0.000e+00
     222121   9255.000     74.508     75.020    23.6490    23.6703   5.351961   5.354859     2.8608     2.4335     100.00   27.99860  -86.62070   -0.00072   -0.00047         20  0.000e+00
     222122   9255.042     74.455     74.967    23.6483    23.6705   5.351686   5.354821     2.8608     2.4347     100.00   27.99860  -86.62070   -0.00072   -0.00045         20  0.000e+00
     222123   9255.083     74.515     75.028    23.6475    23.6701   5.351305   5.354813     2.8608     2.4347     100.00   27.99860  -86.62070   -0.00071   -0.00043         20  0.000e+00
     222124   9255.125     74.508     75.020    23.6433    23.6701   5.351114   5.354798     2.8608     2.4347     100.00   27.99860  -86.62070   -0.00070   -0.00039         20  0.000e+00
     222125   9255.167     74.455     74.967    23.6405    23.6697   5.351008   5.354736     2.8620     2.4347     100.00   27.99860  -86.62070   -0.00067   -0.00037         20  0.000e+00
     222126   9255.208     74.508     75.020    23.6391    23.6694   5.351015   5.354682     2.8620     2.4347     100.00   27.99860  -86.62070   -0.00064   -0.00035         20  0.000e+00
     222127   9255.250     74.455     74.967    23.6401    23.6681   5.351122   5.354604     2.8620     2.4347     100.00   27.99860  -86.62070   -0.00061   -0.00033         20  0.000e+00
     222128   9255.292     74.515     75.028    23.6411    23.6665   5.351267   5.354473     2.8620     2.4347     100.00   27.99860  -86.62070   -0.00058   -0.00031         20  0.000e+00
     222129   9255.333     74.455     74.967    23.6407    23.6648   5.351168   5.354380     2.8620     2.4347     100.00   27.99860  -86.62070   -0.00055   -0.00029         20  0.000e+00
     222130   9255.375     74.508     75.020    23.6367    23.6645   5.350680   5.354295     2.8620     2.4347     100.00   27.99860  -86.62070   -0.00052   -0.00028         20  0.000e+00
     222131   9255.417     74.508     75.020    23.6353    23.6651   5.350268   5.354303     2.8608     2.4347     100.00   27.99860  -86.62070   -0.00050   -0.00026         20  0.000e+00
     222132   9255.458     74.508     75.020    23.6351    23.6651   5.350085   5.354249     2.8620     2.4347     100.00   27.99860  -86.62070   -0.00049   -0.00024         20  0.000e+00
     222133   9255.500     74.455     74.967    23.6348    23.6647   5.350192   5.354156     2.8608     2.4335     100.00   27.99860  -86.62070   -0.00049   -0.00025         20  0.000e+00
     222134   9255.542     74.508     75.020    23.6349    23.6637   5.350329   5.354141     2.8620     2.4347     100.00   27.99860  -86.62070   -0.00047   -0.00023         20  0.000e+00
     222135   9255.583     74.508     75.020    23.6355    23.6637   5.350527   5.354171     2.8620     2.4347     100.00   27.99860  -86.62070   -0.00046   -0.00022         20  0.000e+00
     222136   9255.625     74.508     75.020    23.6366    23.6647   5.350718   5.354388     2.8620     2.4335     100.00   27.99860  -86.62070   -0.00042   -0.00020         20  0.000e+00
     222137   9255.667     74.455     74.967    23.6373    23.6696   5.350794   5.354643     2.8620     2.4335     100.00   27.99860  -86.62070   -0.00041   -0.00019         20  0.000e+00
     222138   9255.708     74.508     75.020    23.6375    23.6724   5.350809   5.354983     2.8620     2.4347     100.00   27.99860  -86.62070   -0.00039   -0.00016         20  0.000e+00
     222139   9255.750     74.508     75.020    23.6383    23.6730   5.350909   5.355277     2.8620     2.4347     100.00   27.99860  -86.62070   -0.00038   -0.00013         20  0.000e+00
     222140   9255.792     74.508     75.020    23.6392    23.6742   5.351008   5.355710     2.8620     2.4335     100.00   27.99860  -86.62070   -0.00036   -0.00012         20  0.000e+00
     222141   9255.833     74.508     75.020    23.6387    23.6780   5.350962   5.355980     2.8608     2.4335     100.00   27.99860  -86.62070   -0.00034   -0.00010         20  0.000e+00
     222142   9255.875     74.455     74.967    23.6387    23.6814   5.350969   5.355941     2.8608     2.4335     100.00   27.99860  -86.62070   -0.00035   -0.00009         20  0.000e+00
     222143   9255.917     74.561     75.073    23.6389    23.6793   5.350954   5.355648     2.8620     2.4335     100.00   27.99860  -86.62070   -0.00033   -0.00006         20  0.000e+00
     222144   9255.958     74.508     75.020    23.6392    23.6766   5.351038   5.355192     2.8608     2.4335     100.00   27.99860  -86.62070   -0.00033   -0.00003         20  0.000e+00
     222145   9256.000     74.455     74.967    23.6404    23.6737   5.351206   5.354627     2.8620     2.4335     100.00   27.99860  -86.62070   -0.00029    0.00000         20  0.000e+00
     222146   9256.042     74.561     75.073    23.6417    23.6694   5.351351   5.354195     2.8620     2.4335     100.00   27.99860  -86.62070   -0.00026    0.00004         20  0.000e+00
     222147   9256.083     74.455     74.967    23.6428    23.6669   5.351518   5.353963     2.8620     2.4335     100.00   27.99860  -86.62070   -0.00022    0.00007         20  0.000e+00
     222148   9256.125     74.508     75.020    23.6430    23.6672   5.351465   5.354086     2.8620     2.4335     100.00   27.99860  -86.62070   -0.00019    0.00010         20  0.000e+00
     222149   9256.167     74.508     75.020    23.6435    23.6692   5.351427   5.354148     2.8620     2.4335     100.00   27.99860  -86.62070   -0.00015    0.00013         20  0.000e+00
     222150   9256.208     74.508     75.020    23.6436    23.6656   5.351358   5.354102     2.8620     2.4335     100.00   27.99860  -86.62070   -0.00013    0.00017         20  0.000e+00
     222151   9256.250     74.402     74.913    23.6424    23.6629   5.351305   5.354156     2.8608     2.4335     100.00   27.99860  -86.62070   -0.00011    0.00020         20  0.000e+00
     222152   9256.292     74.621     75.134    23.6433    23.6669   5.351366   5.354388     2.8608     2.4335     100.00   27.99860  -86.62070   -0.00011    0.00023         20  0.000e+00
     222153   9256.333     74.508     75.020    23.6449    23.6698   5.351717   5.354991     2.8608     2.4335     100.00   27.99860  -86.62070   -0.00011    0.00027         20  0.000e+00
     222154   9256.375     74.508     75.020    23.6471    23.6728   5.352029   5.355385     2.8608     2.4335     100.00   27.99860  -86.62070   -0.00009    0.00029         20  0.000e+00
     222155   9256.417     74.508     75.020    23.6473    23.6737   5.352128   5.355509     2.8608     2.4335     100.00   27.99860  -86.62070   -0.00008    0.00030         20  0.000e+00
     222156   9256.458     74.455     74.967    23.6478    23.6762   5.352174   5.355586     2.8620     2.4335      76.75   27.99860  -86.62070   -0.00006    0.00032         20  0.000e+00
     222157   9256.500     74.561     75.073    23.6490    23.6786   5.352151   5.355679     2.8620     2.4347      49.30   27.99860  -86.62070   -0.00002    0.00035         20  0.000e+00
     222158   9256.542     74.508     75.020    23.6488    23.6777   5.352075   5.355686     2.8620     2.4335      42.56   27.99860  -86.62070    0.00002    0.00037         20  0.000e+00
     222159   9256.583     74.508     75.020    23.6490    23.6735   5.352083   5.355292     2.8608     2.4347      43.79   27.99860  -86.62070    0.00004    0.00040         20  0.000e+00
     222160   9256.625     74.508     75.020    23.6504    23.6708   5.352128   5.354728     2.8608     2.4335      45.10   27.99860  -86.62070    0.00006    0.00042         20  0.000e+00
     222161   9256.667     74.515     75.028    23.6503    23.6705   5.352174   5.354450     2.8608     2.4335      45.40   27.99860  -86.62070    0.00009    0.00044         20  0.000e+00
     222162   9256.708     74.508     75.020    23.6488    23.6707   5.352052   5.354210     2.8608     2.4335      45.35   27.99860  -86.62070    0.00009    0.00045         20  0.000e+00
     222163   9256.750     74.561     75.073    23.6471    23.6683   5.351869   5.353800     2.8596     2.4347      45.27   27.99860  -86.62070    0.00008    0.00049         20  0.000e+00
     222164   9256.792     74.508     75.020    23.6461    23.6660   5.351862   5.353460     2.8596     2.4335      45.27   27.99860  -86.62070    0.00007    0.00050         20  0.000e+00
     222165   9256.833     74.508     75.020    23.6463    23.6645   5.351877   5.352950     2.8608     2.4347      45.27   27.99860  -86.62070    0.00008    0.00053         20  0.000e+00
     222166   9256.875     74.515     75.028    23.6465    23.6575   5.351740   5.352340     2.8596     2.4347      45.27   27.99860  -86.62070    0.00007    0.00057         20  0.000e+00
     222167   9256.917     74.508     75.020    23.6455    23.6516   5.351488   5.351984     2.8596     2.4347      45.27   27.99860  -86.62070    0.00007    0.00060         20  0.000e+00
     222168   9256.958     74.508     75.020    23.6446    23.6523   5.351526   5.351953     2.8608     2.4347      45.27   27.99860  -86.62070    0.00008    0.00063         20  0.000e+00
     222169   9257.000     74.508     75.020    23.6452    23.6538   5.351793   5.352332     2.8608     2.4347      45.27   27.99860  -86.62070    0.00009    0.00066         20  0.000e+00
     222170   9257.042     74.568     75.081    23.6462    23.6575   5.351976   5.353290     2.8608     2.4359      45.27   27.99860  -86.62070    0.00010    0.00071         20  0.000e+00
     222171   9257.083     74.508     75.020    23.6474    23.6653   5.352106   5.354396     2.8596     2.4359      45.27   27.99860  -86.62070    0.00009    0.00076         20  0.000e+00
     222172   9257.125     74.508     75.020    23.6487    23.6718   5.352273   5.355176     2.8596     2.4359      45.27   27.99860  -86.62070    0.00007    0.00081         20  0.000e+00
     222173   9257.167     74.508     75.020    23.6497    23.6750   5.352319   5.355563     2.8596     2.4359      45.27   27.99860  -86.62070    0.00006    0.00086         20  0.000e+00
     222174   9257.208     74.508     75.020    23.6472    23.6759   5.352220   5.355748     2.8596     2.4359      45.27   27.99860  -86.62070    0.00004    0.00092         20  0.000e+00
     222175   9257.250     74.515     75.028    23.6474    23.6769   5.352151   5.355880     2.8596     2.4359      45.27   27.99860  -86.62070    0.00004    0.00098         20  0.000e+00
     222176   9257.292     74.508     75.020    23.6501    23.6777   5.352174   5.356003     2.8596     2.4359      45.27   27.99860  -86.62070    0.00004    0.00103         20  0.000e+00
     222177   9257.333     74.561     75.073    23.6503    23.6784   5.352250   5.356081     2.8608     2.4359      45.27   27.99860  -86.62070    0.00003    0.00107         20  0.000e+00
     222178   9257.375     74.508     75.020    23.6507    23.6796   5.352304   5.356197     2.8608     2.4359      45.27   27.99860  -86.62070    0.00005    0.00112         20  0.000e+00
     222179   9257.417     74.508     75.020    23.6517    23.6802   5.352456   5.356367     2.8608     2.4359      69.40   27.99860  -86.62070    0.00005    0.00116         20  0.000e+00
     222180   9257.458     74.515     75.028    23.6528    23.6811   5.352494   5.356560     2.8608     2.4359      96.36   27.99860  -86.62070    0.00004    0.00120         20  0.000e+00
     222181   9257.500     74.508     75.020    23.6526    23.6825   5.352464   5.356753     2.8596     2.4359     100.00   27.99860  -86.62070    0.00004    0.00124         20  0.000e+00
     222182   9257.542     74.508     75.020    23.6510    23.6847   5.352350   5.356908     2.8596     2.4359     100.00   27.99860  -86.62070    0.00002    0.00129         20  0.000e+00
     222183   9257.583     74.561     75.073    23.6489    23.6848   5.352083   5.356970     2.8596     2.4359     100.00   27.99860  -86.62070   -0.00001    0.00131         20  0.000e+00
     222184   9257.625     74.515     75.028    23.6472    23.6848   5.351770   5.357032     2.8608     2.4359     100.00   27.99860  -86.62070   -0.00002    0.00133         20  0.000e+00
     222185   9257.667     74.508     75.020    23.6453    23.6859   5.351457   5.357070     2.8596     2.4359     100.00   27.99860  -86.62070   -0.00003    0.00135         20  0.000e+00
     222186   9257.708     74.508     75.020    23.6433    23.6866   5.351183   5.357109     2.8608     2.4359     100.00   27.99860  -86.62070   -0.00005    0.00135         20  0.000e+00
     222187   9257.750     74.561     75.073    23.6425    23.6870   5.351053   5.357101     2.8608     2.4347     100.00   27.99860  -86.62070   -0.00007    0.00134         20  0.000e+00
     222188   9257.792     74.508     75.020    23.6392    23.6865   5.350870   5.356916     2.8608     2.4347     100.00   27.99860  -86.62070   -0.00007    0.00132         20  0.000e+00
     222189   9257.833     74.515     75.028    23.6366    23.6858   5.350672   5.356753     2.8596     2.4347     100.00   27.99860  -86.62070   -0.00009    0.00130         20  0.000e+00
