Gulf of Mexico/GOMECC-4/1db/rb2103_1051.ros
* Sea-Bird SBE 9 Data File:
* FileName = C:\Users\scs.user.rb\CTD\GOMECC4\data\rb2103_1051.hex
* Software Version Seasave V 7.26.7.107
* Temperature SN = 4799
* Conductivity SN = 3860
* Number of Bytes Per Scan = 41
* Number of Voltage Words = 4
* Number of Scans Averaged by the Deck Unit = 1
* NMEA Latitude = 25 29.58 N
* NMEA Longitude = 087 59.90 W
* NMEA UTC (Time) = Oct 13 2021  14:16:10
* NMEA baud rate = 4800
# nquan = 17
# nvalues = 3192                                  
# units = specified
# name 0 = scan: Scan Count
# name 1 = timeS: Time, Elapsed [seconds]
# name 2 = depSM: Depth [salt water, m]
# name 3 = prDM: Pressure, Digiquartz [db]
# name 4 = t090C: Temperature [ITS-90, deg C]
# name 5 = t190C: Temperature, 2 [ITS-90, deg C]
# name 6 = c0S/m: Conductivity [S/m]
# name 7 = c1S/m: Conductivity, 2 [S/m]
# name 8 = sbeox0V: Oxygen raw, SBE 43 [V]
# name 9 = sbeox1V: Oxygen raw, SBE 43, 2 [V]
# name 10 = altM: Altimeter [m]
# name 11 = latitude: Latitude [deg]
# name 12 = longitude: Longitude [deg]
# name 13 = sbox0dV/dT: Oxygen, SBE 43 [dov/dt]
# name 14 = sbox1dV/dT: Oxygen, SBE 43, 2 [dov/dt]
# name 15 = nbf: Bottles Fired
# name 16 = flag:  0.000e+00
# interval = seconds: 0.0416667
# start_time = Oct 13 2021 14:16:10 [NMEA time, header]
# bad_flag = -9.990e-29
*END*
[from data line 1192]
     169479   7061.583   1040.997   1050.423     5.6246     5.6279   3.441992   3.442196     1.7643     1.4518      97.48   25.50342  -87.99516    0.00002    0.00006          9  0.000e+00
     169480   7061.625   1041.032   1050.457     5.6246     5.6284   3.441966   3.442209     1.7643     1.4518      97.48   25.50342  -87.99516    0.00002    0.00006          9  0.000e+00
     169481   7061.667   1041.053   1050.478     5.6243     5.6284   3.441960   3.442209     1.7643     1.4518      97.48   25.50342  -87.99516    0.00003    0.00004          9  0.000e+00
     169482   7061.708   1041.087   1050.513     5.6249     5.6285   3.442049   3.442229     1.7643     1.4518      97.48   25.50342  -87.99516    0.00002    0.00003          9  0.000e+00
     169483   7061.750   1041.053   1050.478     5.6255     5.6289   3.442081   3.442261     1.7643     1.4518      97.48   25.50342  -87.99516    0.00002    0.00003          9  0.000e+00
     174955   7289.750    917.567    925.599     6.5287     6.5296   3.517511   3.517433     1.6679     1.3614     100.00   25.50370  -87.99504    0.00004   -0.00015         10  0.000e+00
     174956   7289.792    917.560    925.592     6.5285     6.5297   3.517479   3.517440     1.6667     1.3614     100.00   25.50370  -87.99504    0.00003   -0.00016         10  0.000e+00
     174957   7289.833    917.416    925.446     6.5288     6.5298   3.517459   3.517459     1.6654     1.3614     100.00   25.50370  -87.99504    0.00001   -0.00016         10  0.000e+00
     174958   7289.875    917.361    925.391     6.5286     6.5297   3.517459   3.517479     1.6667     1.3614     100.00   25.50370  -87.99504    0.00001   -0.00015         10  0.000e+00
     174959   7289.917    917.416    925.446     6.5288     6.5300   3.517485   3.517485     1.6667     1.3614     100.00   25.50370  -87.99504    0.00000   -0.00015         10  0.000e+00
     174960   7289.958    917.409    925.440     6.5290     6.5300   3.517517   3.517485     1.6667     1.3614     100.00   25.50370  -87.99504   -0.00000   -0.00014         10  0.000e+00
     174961   7290.000    917.361    925.391     6.5290     6.5298   3.517479   3.517466     1.6667     1.3614     100.00   25.50370  -87.99504   -0.00001   -0.00013         10  0.000e+00
     174962   7290.042    917.409    925.440     6.5288     6.5300   3.517511   3.517505     1.6667     1.3614     100.00   25.50370  -87.99504   -0.00001   -0.00011         10  0.000e+00
     174963   7290.083    917.361    925.391     6.5288     6.5301   3.517479   3.517466     1.6667     1.3614     100.00   25.50370  -87.99504   -0.00001   -0.00012         10  0.000e+00
     174964   7290.125    917.362    925.391     6.5290     6.5298   3.517504   3.517453     1.6667     1.3614     100.00   25.50370  -87.99504   -0.00002   -0.00012         10  0.000e+00
     174965   7290.167    917.362    925.391     6.5290     6.5301   3.517504   3.517459     1.6667     1.3614     100.00   25.50370  -87.99504   -0.00002   -0.00011         10  0.000e+00
     174966   7290.208    917.362    925.391     6.5291     6.5298   3.517498   3.517453     1.6667     1.3614     100.00   25.50370  -87.99504   -0.00002   -0.00011         10  0.000e+00
     174967   7290.250    917.362    925.391     6.5290     6.5300   3.517498   3.517524     1.6667     1.3614     100.00   25.50370  -87.99504   -0.00003   -0.00009         10  0.000e+00
     174968   7290.292    917.362    925.391     6.5291     6.5298   3.517492   3.517472     1.6667     1.3614     100.00   25.50370  -87.99504   -0.00003   -0.00010         10  0.000e+00
     174969   7290.333    917.362    925.392     6.5291     6.5301   3.517492   3.517472     1.6667     1.3614     100.00   25.50370  -87.99504   -0.00004   -0.00010         10  0.000e+00
     174970   7290.375    917.362    925.392     6.5290     6.5300   3.517517   3.517466     1.6667     1.3614     100.00   25.50370  -87.99504   -0.00004   -0.00010         10  0.000e+00
     174971   7290.417    917.362    925.392     6.5288     6.5301   3.517498   3.517505     1.6667     1.3614     100.00   25.50370  -87.99504   -0.00003   -0.00011         10  0.000e+00
     174972   7290.458    917.314    925.343     6.5290     6.5301   3.517492   3.517518     1.6667     1.3614     100.00   25.50370  -87.99504   -0.00003   -0.00009         10  0.000e+00
     174973   7290.500    917.362    925.392     6.5291     6.5300   3.517517   3.517492     1.6667     1.3614     100.00   25.50370  -87.99504   -0.00005   -0.00008         10  0.000e+00
     174974   7290.542    917.362    925.392     6.5291     6.5301   3.517479   3.517492     1.6667     1.3614     100.00   25.50370  -87.99504   -0.00006   -0.00006         10  0.000e+00
     174975   7290.583    917.307    925.336     6.5290     6.5300   3.517485   3.517485     1.6667     1.3614     100.00   25.50370  -87.99504   -0.00004   -0.00006         10  0.000e+00
     174976   7290.625    917.362    925.392     6.5291     6.5301   3.517517   3.517485     1.6667     1.3614     100.00   25.50370  -87.99504   -0.00003   -0.00005         10  0.000e+00
     174977   7290.667    917.362    925.392     6.5293     6.5301   3.517504   3.517485     1.6667     1.3614     100.00   25.50370  -87.99504   -0.00003   -0.00005         10  0.000e+00
     174978   7290.708    917.314    925.343     6.5293     6.5300   3.517498   3.517466     1.6667     1.3614     100.00   25.50370  -87.99504   -0.00003   -0.00003         10  0.000e+00
     174979   7290.750    917.259    925.288     6.5291     6.5301   3.517517   3.517479     1.6667     1.3614     100.00   25.50370  -87.99504   -0.00004   -0.00003         10  0.000e+00
     174980   7290.792    917.417    925.448     6.5293     6.5301   3.517524   3.517505     1.6667     1.3614     100.00   25.50370  -87.99504   -0.00004   -0.00003         10  0.000e+00
     174981   7290.833    917.308    925.337     6.5291     6.5301   3.517504   3.517518     1.6667     1.3614     100.00   25.50370  -87.99504   -0.00004   -0.00003         10  0.000e+00
     174982   7290.875    917.362    925.392     6.5291     6.5301   3.517492   3.517492     1.6679     1.3614     100.00   25.50370  -87.99504   -0.00003   -0.00004         10  0.000e+00
     174983   7290.917    917.308    925.337     6.5293     6.5300   3.517517   3.517492     1.6679     1.3614     100.00   25.50370  -87.99504   -0.00001   -0.00004         10  0.000e+00
     174984   7290.958    917.315    925.344     6.5293     6.5300   3.517479   3.517485     1.6667     1.3614     100.00   25.50370  -87.99504   -0.00002   -0.00004         10  0.000e+00
     174985   7291.000    917.363    925.392     6.5291     6.5300   3.517511   3.517459     1.6667     1.3614     100.00   25.50370  -87.99504   -0.00002   -0.00004         10  0.000e+00
     174986   7291.042    917.315    925.344     6.5293     6.5300   3.517524   3.517472     1.6667     1.3614     100.00   25.50370  -87.99504   -0.00003   -0.00004         10  0.000e+00
     174987   7291.083    917.363    925.392     6.5293     6.5301   3.517524   3.517466     1.6667     1.3614     100.00   25.50370  -87.99504   -0.00003   -0.00004         10  0.000e+00
     174988   7291.125    917.315    925.344     6.5298     6.5298   3.517504   3.517505     1.6667     1.3614     100.00   25.50370  -87.99504   -0.00003   -0.00004         10  0.000e+00
     174989   7291.167    917.363    925.392     6.5293     6.5300   3.517517   3.517492     1.6667     1.3602     100.00   25.50370  -87.99504   -0.00004   -0.00006         10  0.000e+00
     174990   7291.208    917.315    925.344     6.5295     6.5303   3.517549   3.517485     1.6667     1.3614     100.00   25.50370  -87.99504   -0.00004   -0.00006         10  0.000e+00
     174991   7291.250    917.363    925.393     6.5295     6.5301   3.517537   3.517518     1.6667     1.3614     100.00   25.50370  -87.99504   -0.00003   -0.00006         10  0.000e+00
     174992   7291.292    917.363    925.393     6.5293     6.5301   3.517530   3.517472     1.6667     1.3614     100.00   25.50370  -87.99504   -0.00001   -0.00006         10  0.000e+00
     174993   7291.333    917.308    925.337     6.5293     6.5301   3.517549   3.517498     1.6679     1.3614     100.00   25.50370  -87.99504 7.0337e-07   -0.00005         10  0.000e+00
     174994   7291.375    917.363    925.393     6.5293     6.5300   3.517537   3.517518     1.6679     1.3614     100.00   25.50370  -87.99504    0.00001   -0.00005         10  0.000e+00
     174995   7291.417    917.363    925.393     6.5293     6.5300   3.517530   3.517518     1.6667     1.3614     100.00   25.50370  -87.99504    0.00001   -0.00005         10  0.000e+00
     174996   7291.458    917.363    925.393     6.5295     6.5301   3.517530   3.517479     1.6667     1.3614     100.00   25.50370  -87.99504    0.00001   -0.00005         10  0.000e+00
     174997   7291.500    917.363    925.393     6.5295     6.5301   3.517524   3.517524     1.6667     1.3614     100.00   25.50370  -87.99504   -0.00001   -0.00005         10  0.000e+00
     174998   7291.542    917.363    925.393     6.5293     6.5300   3.517504   3.517524     1.6667     1.3614     100.00   25.50370  -87.99504   -0.00002   -0.00005         10  0.000e+00
     174999   7291.583    917.308    925.337     6.5293     6.5300   3.517517   3.517466     1.6667     1.3614     100.00   25.50370  -87.99504    0.00001   -0.00005         10  0.000e+00
     175000   7291.625    917.363    925.393     6.5295     6.5301   3.517504   3.517485     1.6667     1.3614     100.00   25.50370  -87.99504    0.00003   -0.00003         10  0.000e+00
     175001   7291.667    917.363    925.393     6.5295     6.5300   3.517537   3.517511     1.6667     1.3614     100.00   25.50370  -87.99504    0.00002   -0.00003         10  0.000e+00
     175002   7291.708    917.418    925.448     6.5291     6.5301   3.517511   3.517518     1.6667     1.3614     100.00   25.50370  -87.99504    0.00002   -0.00003         10  0.000e+00
     175003   7291.750    917.363    925.393     6.5295     6.5301   3.517517   3.517492     1.6667     1.3614     100.00   25.50370  -87.99504    0.00002   -0.00003         10  0.000e+00
     175004   7291.792    917.363    925.393     6.5293     6.5301   3.517524   3.517518     1.6667     1.3614     100.00   25.50370  -87.99504    0.00001   -0.00001         10  0.000e+00
     175005   7291.833    917.363    925.393     6.5293     6.5301   3.517524   3.517518     1.6679     1.3614     100.00   25.50370  -87.99504    0.00003   -0.00001         10  0.000e+00
     175006   7291.875    917.363    925.393     6.5295     6.5301   3.517504   3.517518     1.6667     1.3614     100.00   25.50370  -87.99504    0.00002   -0.00001         10  0.000e+00
     175007   7291.917    917.363    925.393     6.5293     6.5300   3.517498   3.517492     1.6667     1.3614     100.00   25.50370  -87.99504    0.00002   -0.00001         10  0.000e+00
     175008   7291.958    917.418    925.449     6.5296     6.5300   3.517517   3.517505     1.6667     1.3602     100.00   25.50370  -87.99504 -1.758e-07   -0.00003         10  0.000e+00
     175009   7292.000    917.364    925.393     6.5293     6.5303   3.517524   3.517550     1.6667     1.3614     100.00   25.50370  -87.99504   -0.00000   -0.00003         10  0.000e+00
     175010   7292.042    917.364    925.393     6.5295     6.5300   3.517549   3.517524     1.6667     1.3614     100.00   25.50370  -87.99504   -0.00003   -0.00003         10  0.000e+00
     175011   7292.083    917.412    925.442     6.5291     6.5301   3.517511   3.517518     1.6667     1.3614     100.00   25.50370  -87.99504   -0.00003   -0.00003         10  0.000e+00
     175012   7292.125    917.364    925.393     6.5295     6.5301   3.517517   3.517518     1.6667     1.3614     100.00   25.50370  -87.99504   -0.00003   -0.00003         10  0.000e+00
     175013   7292.167    917.412    925.442     6.5293     6.5301   3.517524   3.517498     1.6654     1.3614     100.00   25.50370  -87.99504   -0.00006   -0.00002         10  0.000e+00
     175014   7292.208    917.419    925.449     6.5293     6.5305   3.517530   3.517485     1.6654     1.3614     100.00   25.50370  -87.99504   -0.00006   -0.00002         10  0.000e+00
     175015   7292.250    917.364    925.394     6.5293     6.5303   3.517524   3.517531     1.6667     1.3614     100.00   25.50370  -87.99504   -0.00006   -0.00002         10  0.000e+00
     175016   7292.292    917.419    925.449     6.5291     6.5303   3.517504   3.517498     1.6654     1.3614     100.00   25.50370  -87.99504   -0.00007   -0.00002         10  0.000e+00
     175017   7292.333    917.364    925.394     6.5291     6.5301   3.517498   3.517492     1.6667     1.3614     100.00   25.50370  -87.99504   -0.00007   -0.00002         10  0.000e+00
     175018   7292.375    917.419    925.449     6.5293     6.5301   3.517543   3.517511     1.6667     1.3614     100.00   25.50370  -87.99504   -0.00007   -0.00002         10  0.000e+00
     175019   7292.417    917.412    925.442     6.5291     6.5303   3.517504   3.517518     1.6667     1.3614     100.00   25.50370  -87.99504   -0.00007   -0.00002         10  0.000e+00
     175020   7292.458    917.419    925.449     6.5293     6.5301   3.517492   3.517492     1.6654     1.3614     100.00   25.50370  -87.99504   -0.00009   -0.00002         10  0.000e+00
     175021   7292.500    917.364    925.394     6.5290     6.5301   3.517517   3.517485     1.6667     1.3614     100.00   25.50370  -87.99504   -0.00009   -0.00002         10  0.000e+00
     175022   7292.542    917.419    925.449     6.5291     6.5303   3.517504   3.517518     1.6679     1.3614     100.00   25.50370  -87.99504   -0.00008   -0.00002         10  0.000e+00
     175023   7292.583    917.412    925.442     6.5293     6.5301   3.517517   3.517570     1.6667     1.3614     100.00   25.50370  -87.99504   -0.00008   -0.00002         10  0.000e+00
     175024   7292.625    917.419    925.449     6.5293     6.5301   3.517524   3.517531     1.6654     1.3614     100.00   25.50370  -87.99504   -0.00010   -0.00002         10  0.000e+00
     175025   7292.667    917.364    925.394     6.5290     6.5303   3.517504   3.517537     1.6679     1.3614     100.00   25.50370  -87.99504   -0.00007   -0.00002         10  0.000e+00
     175026   7292.708    917.419    925.450     6.5290     6.5303   3.517517   3.517531     1.6667     1.3614     100.00   25.50370  -87.99504   -0.00005   -0.00002         10  0.000e+00
     175027   7292.750    917.412    925.443     6.5293     6.5303   3.517524   3.517518     1.6667     1.3614     100.00   25.50370  -87.99504   -0.00005   -0.00001         10  0.000e+00
     175028   7292.792    917.419    925.450     6.5293     6.5301   3.517453   3.517518     1.6667     1.3614     100.00   25.50370  -87.99504   -0.00004   -0.00001         10  0.000e+00
     175029   7292.833    917.419    925.450     6.5291     6.5304   3.517504   3.517518     1.6667     1.3614     100.00   25.50370  -87.99504   -0.00004   -0.00001         10  0.000e+00
     175030   7292.875    917.412    925.443     6.5290     6.5301   3.517472   3.517479     1.6667     1.3614     100.00   25.50370  -87.99504   -0.00004   -0.00001         10  0.000e+00
     175031   7292.917    917.364    925.394     6.5291     6.5301   3.517485   3.517524     1.6667     1.3614     100.00   25.50370  -87.99504   -0.00004   -0.00001         10  0.000e+00
     175032   7292.958    917.413    925.443     6.5290     6.5301   3.517498   3.517524     1.6667     1.3614     100.00   25.50370  -87.99504   -0.00004   -0.00001         10  0.000e+00
     175033   7293.000    917.419    925.450     6.5291     6.5301   3.517517   3.517466     1.6667     1.3614     100.00   25.50370  -87.99504   -0.00005   -0.00001         10  0.000e+00
