Gulf of Mexico/GOMECC-4/1db/rb2103_0011.cnv
* Sea-Bird SBE 9 Data File:
* FileName = C:\Users\scs.user.rb\CTD\GOMECC4\data\rb1203_001.hex
* Software Version Seasave V 7.26.7.107
* Temperature SN = 4799
* Conductivity SN = 3860
* Number of Bytes Per Scan = 41
* Number of Voltage Words = 4
* Number of Scans Averaged by the Deck Unit = 1
* NMEA Latitude = 26 59.84 N
* NMEA Longitude = 079 37.07 W
* NMEA UTC (Time) = Sep 14 2021  14:55:20
* NMEA baud rate = 4800
# nquan = 28
# nvalues = 329                         
# units = specified
# name 0 = scan: Scan Count
# name 1 = timeS: Time, Elapsed [seconds]
# name 2 = depSM: Depth [salt water, m]
# name 3 = prDM: Pressure, Digiquartz [db]
# name 4 = t090C: Temperature [ITS-90, deg C]
# name 5 = t190C: Temperature, 2 [ITS-90, deg C]
# name 6 = c0S/m: Conductivity [S/m]
# name 7 = c1S/m: Conductivity, 2 [S/m]
# name 8 = sbeox0V: Oxygen raw, SBE 43 [V]
# name 9 = sbeox1V: Oxygen raw, SBE 43, 2 [V]
# name 10 = altM: Altimeter [m]
# name 11 = latitude: Latitude [deg]
# name 12 = longitude: Longitude [deg]
# name 13 = sbox0dV/dT: Oxygen, SBE 43 [dov/dt]
# name 14 = sbox1dV/dT: Oxygen, SBE 43, 2 [dov/dt]
# name 15 = sbeox0ML/L: Oxygen, SBE 43 [ml/l], WS = 5
# name 16 = sbeox1ML/L: Oxygen, SBE 43, 2 [ml/l], WS = 5
# name 17 = potemp090C: Potential Temperature [ITS-90, deg C]
# name 18 = potemp190C: Potential Temperature, 2 [ITS-90, deg C]
# name 19 = sal00: Salinity, Practical [PSU]
# name 20 = sal11: Salinity, Practical, 2 [PSU]
# name 21 = sigma-é00: Density [sigma-theta, kg/m^3]
# name 22 = sigma-é11: Density, 2 [sigma-theta, kg/m^3]
# name 23 = avgsvCM: Average Sound Velocity [Chen-Millero, m/s], minP = 20, minS = 20
# name 24 = sbox0Mm/Kg: Oxygen, SBE 43 [umol/kg], WS = 5
# name 25 = sbox1Mm/Kg: Oxygen, SBE 43, 2 [umol/kg], WS = 5
# name 26 = nbin: number of scans per bin
# name 27 = flag: flag
# span 0 =      25891,     110923       
# span 1 =   1078.745,   4621.732       
# span 2 =      1.987,    617.974       
# span 3 =      2.000,    623.000       
# span 4 =     7.4703,    29.6723       
# span 5 =     7.4705,    29.6697       
# span 6 =   3.595503,   5.996459       
# span 7 =   3.595390,   5.996522       
# span 8 =     1.6247,     3.2102       
# span 9 =     1.3324,     2.7489       
# span 10 =      14.93,     101.90      
# span 11 =   26.66907,   27.18412      
# span 12 =  -80.14817,  -78.61978      
# span 13 =   -0.05249,    0.16746      
# span 14 =   -0.04657,    0.15850      
# span 15 =     2.6134,     4.5059      
# span 16 =     2.6526,     4.5307      
# span 17 =     7.4080,    29.6664      
# span 18 =     7.4082,    29.6638      
# span 19 =    34.9439,    37.0225      
# span 20 =    34.9440,    37.0264      
# span 21 =    22.5100,    27.3224      
# span 22 =    22.5148,    27.3230      
# span 23 =       0.00,    1546.42      
# span 24 =    113.632,    196.696      
# span 25 =    115.340,    197.786      
# span 26 =         30,         69      
# span 27 = 0.0000e+00, 0.0000e+00      
# interval = decibars: 1                
# start_time = Sep 14 2021 14:55:20 [NMEA time, header]
# bad_flag = -9.990e-29
*END*
      25891   1078.745      4.967      5.000    29.5921    29.5851   5.970532   5.946984     2.4689     2.0733     100.00   26.99370  -79.62046   -0.00988    0.01570     3.1133     3.1423    29.5909    29.5839    36.2175    36.0614    22.7789    22.6642       0.00    135.944    137.224         33 0.0000e+00
      25949   1081.173      5.960      6.000    29.5914    29.5812   5.973168   5.948417     2.6563     2.0848     100.00   26.99370  -79.62046    0.07046    0.00632     3.4473     3.1655    29.5899    29.5797    36.2358    36.0739    22.7930    22.6750       0.00    150.523    138.234         55 0.0000e+00
      26014   1083.890      6.954      7.000    29.5829    29.5742   5.972146   5.959217     2.4882     2.0598     100.00   26.99370  -79.62045   -0.02395   -0.00177     3.1280     3.1111    29.5812    29.5725    36.2362    36.1529    22.7963    22.7368       0.00    136.582    135.850         67 0.0000e+00
      26083   1086.740      7.947      8.000    29.5781    29.5739   5.974860   5.958711     2.4522     1.9925     100.00   26.99370  -79.62044   -0.04174   -0.02170     3.0853     2.9827    29.5762    29.5719    36.2567    36.1527    22.8134    22.7367       0.00    134.715    130.247         62 0.0000e+00
      26139   1089.086      8.941      9.000    29.5757    29.5718   5.977557   5.976356     3.0304     2.5758      95.49   26.99370  -79.62044    0.16746    0.15850     4.1151     4.1351    29.5735    29.5696    36.2768    36.2716    22.8294    22.8268       0.00    179.680    180.554         56 0.0000e+00
      26202   1091.690      9.934     10.000    29.5740    29.5718   5.977604   5.977296     3.1323     2.6515      83.38   26.99370  -79.62044    0.09715    0.09392     4.2973     4.2853    29.5715    29.5693    36.2781    36.2777    22.8311    22.8315       0.00    187.631    187.110         69 0.0000e+00
      26270   1094.537     10.927     11.000    29.5727    29.5717   5.977547   5.977539     3.1416     2.6610      91.53   26.99369  -79.62044    0.00316    0.00176     4.3144     4.3044    29.5700    29.5690    36.2784    36.2791    22.8318    22.8327       0.00    188.380    187.943         61 0.0000e+00
      26329   1096.999     11.921     12.000    29.5722    29.5711   5.977572   5.977673     3.1417     2.6601      98.38   26.99368  -79.62044    0.00015    0.00100     4.3150     4.3032    29.5692    29.5681    36.2787    36.2802    22.8322    22.8338       0.00    188.408    187.892         62 0.0000e+00
      26392   1099.624     12.914     13.000    29.5714    29.5723   5.977573   5.977944     3.1436     2.6565     100.14   26.99368  -79.62044    0.00056   -0.00224     4.3189     4.2966    29.5682    29.5691    36.2790    36.2807    22.8328    22.8338       0.00    188.577    187.601         47 0.0000e+00
      30629   1276.169     13.907     14.000    29.5645    29.5639   5.976714   5.976972     3.1494     2.6637     100.00   26.99406  -79.62057    0.00012   -0.00008     4.3304     4.3119    29.5611    29.5605    36.2780    36.2802    22.8345    22.8364       0.00    189.079    188.270         67 0.0000e+00
      31741   1322.514     14.901     15.000    29.5628    29.5643   5.976539   5.977072     3.1477     2.6646      88.84   26.99418  -79.62060   -0.00061   -0.00021     4.3280     4.3142    29.5591    29.5606    36.2777    36.2803    22.8350    22.8364       0.00    188.974    188.370         68 0.0000e+00
      31807   1325.250     15.894     16.000    29.5681    29.5675   5.977332   5.977615     3.1487     2.6625      97.15   26.99418  -79.62060   -0.00002    0.00040     4.3299     4.3102    29.5642    29.5635    36.2789    36.2811    22.8342    22.8360       0.00    189.054    188.198         62 0.0000e+00
      31870   1327.871     16.887     17.000    29.5659    29.5654   5.977026   5.977310     3.1469     2.6572      76.74   26.99419  -79.62060   -0.00022   -0.00301     4.3273     4.3005    29.5617    29.5612    36.2782    36.2805    22.8345    22.8364       0.00    188.944    187.773         60 0.0000e+00
      31926   1330.221     17.881     18.000    29.5624    29.5621   5.976580   5.976898     3.1502     2.6564      78.85   26.99420  -79.62060    0.00028   -0.00063     4.3341     4.2996    29.5580    29.5577    36.2774    36.2798    22.8351    22.8370       0.00    189.242    187.732         56 0.0000e+00
      31984   1332.639     18.874     19.000    29.5614    29.5612   5.976467   5.976802     3.1491     2.6543      99.94   26.99421  -79.62060    0.00083   -0.00049     4.3327     4.2961    29.5567    29.5565    36.2771    36.2796    22.8353    22.8372       0.00    189.179    187.580         60 0.0000e+00
      32042   1335.037     19.867     20.000    29.5603    29.5601   5.976401   5.976742     3.1440     2.6572     100.00   26.99422  -79.62060   -0.00217    0.00017     4.3243     4.3025    29.5554    29.5551    36.2772    36.2797    22.8359    22.8378     778.43    188.810    187.858         54 0.0000e+00
      32096   1337.295     20.861     21.000    29.5597    29.5597   5.976373   5.976732     3.1466     2.6569     100.00   26.99422  -79.62061   -0.00037    0.00071     4.3295     4.3022    29.5545    29.5545    36.2772    36.2797    22.8361    22.8380    1540.56    189.039    187.847         56 0.0000e+00
      32152   1339.627     21.854     22.000    29.5593    29.5594   5.976378   5.976726     3.1481     2.6529      91.67   26.99423  -79.62062    0.00148   -0.00116     4.3327     4.2949    29.5539    29.5540    36.2773    36.2796    22.8364    22.8381    1546.36    189.179    187.528         53 0.0000e+00
      32202   1341.691     22.847     23.000    29.5590    29.5591   5.976381   5.976747     3.1448     2.6554      99.78   26.99424  -79.62062   -0.00065   -0.00049     4.3272     4.3004    29.5533    29.5534    36.2772    36.2796    22.8366    22.8384    1546.37    188.940    187.767         51 0.0000e+00
      32259   1344.079     23.841     24.000    29.5590    29.5589   5.976413   5.976749     3.1438     2.6532      99.99   26.99424  -79.62062   -0.00108    0.00061     4.3260     4.2966    29.5531    29.5530    36.2771    36.2795    22.8366    22.8384    1546.37    188.885    187.602         59 0.0000e+00
      32309   1346.172     24.834     25.000    29.5588    29.5590   5.976426   5.976791     3.1419     2.6518      99.96   26.99426  -79.62062   -0.00036   -0.00209     4.3232     4.2942    29.5526    29.5529    36.2771    36.2794    22.8367    22.8384    1546.37    188.766    187.498         43 0.0000e+00
      32358   1348.188     25.827     26.000    29.5590    29.5589   5.976485   5.976817     3.1439     2.6541     100.00   26.99426  -79.62062   -0.00019    0.00071     4.3272     4.2993    29.5526    29.5525    36.2770    36.2794    22.8367    22.8385    1546.37    188.937    187.721         57 0.0000e+00
      32419   1350.736     26.821     27.000    29.5585    29.5586   5.976453   5.976813     3.1455     2.6581     100.00   26.99427  -79.62063    0.00117    0.00168     4.3306     4.3080    29.5519    29.5520    36.2769    36.2793    22.8368    22.8386    1546.38    189.088    188.098         58 0.0000e+00
      32469   1352.840     27.814     28.000    29.5577    29.5575   5.976398   5.976746     3.1404     2.6567     100.00   26.99428  -79.62064   -0.00113    0.00031     4.3222     4.3056    29.5508    29.5507    36.2768    36.2793    22.8371    22.8390    1546.38    188.720    187.994         48 0.0000e+00
      32521   1355.002     28.807     29.000    29.5559    29.5553   5.976217   5.976514     3.1417     2.6507     100.00   26.99428  -79.62064   -0.00114   -0.00208     4.3251     4.2945    29.5487    29.5481    36.2767    36.2791    22.8377    22.8398    1546.39    188.847    187.508         56 0.0000e+00
      32576   1357.307     29.801     30.000    29.5526    29.5521   5.975824   5.976127     3.1422     2.6493      91.81   26.99430  -79.62064    0.00095   -0.00156     4.3268     4.2924    29.5452    29.5447    36.2762    36.2786    22.8385    22.8405    1546.39    188.922    187.417         53 0.0000e+00
      32628   1359.448     30.794     31.000    29.5518    29.5520   5.975756   5.976155     3.1419     2.6512      99.88   26.99430  -79.62065   -0.00049    0.00007     4.3268     4.2966    29.5441    29.5444    36.2760    36.2785    22.8388    22.8406    1546.39    188.922    187.603         52 0.0000e+00
      32681   1361.676     31.787     32.000    29.5539    29.5543   5.976120   5.976521     3.1419     2.6517     100.00   26.99432  -79.62066    0.00033    0.00104     4.3272     4.2981    29.5460    29.5464    36.2766    36.2790    22.8386    22.8403    1546.40    188.936    187.667         55 0.0000e+00
      32737   1363.995     32.780     33.000    29.5533    29.5533   5.976089   5.976423     3.1415     2.6516      78.11   26.99432  -79.62066   -0.00037   -0.00075     4.3270     4.2984    29.5452    29.5452    36.2765    36.2788    22.8388    22.8405    1546.40    188.929    187.679         53 0.0000e+00
      32787   1366.085     33.774     34.000    29.5470    29.5455   5.975273   5.975470     3.1428     2.6589      99.40   26.99432  -79.62066    0.00026    0.00238     4.3304     4.3139    29.5386    29.5372    36.2754    36.2779    22.8402    22.8425    1546.41    189.075    188.357         52 0.0000e+00
      32845   1368.520     34.767     35.000    29.5372    29.5327   5.974083   5.973953     3.1428     2.6534     100.00   26.99434  -79.62066    0.00025   -0.00029     4.3315     4.3045    29.5286    29.5241    36.2743    36.2768    22.8427    22.8462    1546.41    189.126    187.947         58 0.0000e+00
      32896   1370.617     35.760     36.000    29.5150    29.5136   5.971536   5.971790     3.1441     2.6575     100.00   26.99434  -79.62066    0.00022   -0.00006     4.3363     4.3146    29.5061    29.5047    36.2733    36.2761    22.8497    22.8522    1546.42    189.331    188.384         47 0.0000e+00
      32945   1372.683     36.753     37.000    29.3855    29.3163   5.956335   5.949655     3.1461     2.6606     100.00   26.99435  -79.62067    0.00109    0.00180     4.3504     4.3353    29.3764    29.3073    36.2664    36.2728    22.8884    22.9165    1546.42    189.941    189.279         53 0.0000e+00
      33002   1375.061     37.747     38.000    29.1338    29.1068   5.928069   5.925756     3.1742     2.6937      92.25   26.99436  -79.62068    0.00664    0.00882     4.4208     4.4172    29.1246    29.0976    36.2620    36.2665    22.9701    22.9826    1546.40    193.001    192.841         60 0.0000e+00
      33059   1377.416     38.740     39.000    29.0487    29.0354   5.919598   5.919018     3.1868     2.6921     100.21   26.99437  -79.62068    0.01059    0.00742     4.4506     4.4195    29.0392    29.0259    36.2678    36.2738    23.0032    23.0122    1546.38    194.292    192.933         50 0.0000e+00
      33107   1379.401     39.733     40.000    28.9906    28.9817   5.914507   5.914267     3.1774     2.6847      91.70   26.99438  -79.62068   -0.00089   -0.00427     4.4384     4.4090    28.9809    28.9720    36.2764    36.2814    23.0292    23.0360    1546.37    193.756    192.471         49 0.0000e+00
      33160   1381.646     40.726     41.000    28.9391    28.9289   5.910020   5.909712     3.1754     2.6890      76.56   26.99438  -79.62068   -0.00271   -0.00010     4.4392     4.4218    28.9291    28.9190    36.2842    36.2898    23.0525    23.0600    1546.35    193.788    193.025         58 0.0000e+00
      33217   1384.012     41.719     42.000    28.9094    28.9020   5.907299   5.907019     3.1750     2.6963      99.71   26.99440  -79.62070   -0.00002    0.00281     4.4412     4.4389    28.8992    28.8918    36.2876    36.2913    23.0650    23.0703    1546.32    193.873    193.772         57 0.0000e+00
      33273   1386.342     42.713     43.000    28.8786    28.8749   5.904207   5.904356     3.1716     2.6982     100.00   26.99440  -79.62070   -0.00133    0.00195     4.4379     4.4452    28.8682    28.8645    36.2895    36.2932    23.0769    23.0808    1546.30    193.726    194.043         52 0.0000e+00
      33324   1388.473     43.706     44.000    28.8357    28.8248   5.900390   5.899864     3.1690     2.6904     100.00   26.99442  -79.62072   -0.00093   -0.00189     4.4367     4.4332    28.8251    28.8142    36.2952    36.2999    23.0955    23.1027    1546.28    193.671    193.514         54 0.0000e+00
      33380   1390.785     44.699     45.000    28.7966    28.7882   5.897579   5.897507     3.1657     2.6820     100.00   26.99442  -79.62072   -0.00186   -0.00403     4.4343     4.4194    28.7857    28.7774    36.3052    36.3111    23.1163    23.1235    1546.25    193.564    192.912         54 0.0000e+00
      33431   1392.933     45.692     46.000    28.7407    28.7274   5.892270   5.891123     3.1608     2.6883      87.30   26.99442  -79.62072   -0.00141   -0.00037     4.4303     4.4375    28.7296    28.7163    36.3106    36.3129    23.1391    23.1452    1546.23    193.381    193.693         51 0.0000e+00
      33485   1395.177     46.686     47.000    28.6513    28.6410   5.880644   5.879860     3.1639     2.6938      97.10   26.99443  -79.62074   -0.00095    0.00318     4.4436     4.4555    28.6400    28.6297    36.2977    36.3002    23.1592    23.1645    1546.20    193.958    194.480         58 0.0000e+00
      33544   1397.634     47.679     48.000    28.5166    28.4861   5.863114   5.859721     3.1686     2.6967     100.01   26.99444  -79.62073    0.00238    0.00101     4.4638     4.4738    28.5051    28.4746    36.2781    36.2777    23.1894    23.1992    1546.17    194.833    195.269         57 0.0000e+00
      33598   1399.860     48.672     49.000    28.4464    28.4390   5.854016   5.853662     3.1788     2.6981     100.00   26.99445  -79.62074    0.00347    0.00139     4.4874     4.4809    28.4358    28.4275    36.2671    36.2695    23.2041    23.2080    1546.14    195.861    195.579         50 0.0000e+00
      33650   1402.060     49.665     50.000    28.4030    28.3944   5.848351   5.847823     3.1834     2.7044     100.00   26.99446  -79.62074    0.00313    0.00155     4.5013     4.4975    28.3911    28.3825    36.2613    36.2641    23.2145    23.2195    1546.10    196.468    196.302         57 0.0000e+00
      33709   1404.507     50.659     51.000    28.3739    28.3670   5.846100   5.845985     3.1843     2.7052      98.74   26.99446  -79.62074    0.00174    0.00194     4.5057     4.5018    28.3617    28.3549    36.2666    36.2716    23.2283    23.2343    1546.07    196.657    196.485         57 0.0000e+00
      33759   1406.594     51.652     52.000    28.3622    28.3622   5.845383   5.845807     3.1786     2.7024      97.67   26.99448  -79.62074   -0.00242   -0.00146     4.4965     4.4967    28.3498    28.3498    36.2712    36.2742    23.2356    23.2379    1546.03    196.256    196.262         42 0.0000e+00
      33798   1408.198     52.645     53.000    28.3621    28.3622   5.845595   5.846039     3.1766     2.7011      99.99   26.99448  -79.62074   -0.00223   -0.00085     4.4935     4.4947    28.3494    28.3496    36.2725    36.2754    23.2367    23.2389    1546.00    196.122    196.173         39 0.0000e+00
      33839   1409.901     53.638     54.000    28.3701    28.3702   5.848668   5.849222     3.1738     2.6972      80.35   26.99448  -79.62075   -0.00143   -0.00118     4.4878     4.4863    28.3572    28.3573    36.2875    36.2913    23.2455    23.2483    1545.97    195.874    195.806         41 0.0000e+00
      33879   1411.566     54.631     55.000    28.3782    28.3801   5.853921   5.854726     3.1663     2.6873      80.62   26.99449  -79.62074   -0.00238   -0.00365     4.4734     4.4653    28.3651    28.3670    36.3178    36.3220    23.2656    23.2681    1545.94    195.238    194.885         39 0.0000e+00
