Gulf of Mexico/GOMECC-4/1db/rb2103_1181.ros
* Sea-Bird SBE 9 Data File:
* FileName = C:\Users\scs.user.rb\CTD\GOMECC4\data\rb2103_1181.hex
* Software Version Seasave V 7.26.7.107
* Temperature SN = 4799
* Conductivity SN = 3860
* Number of Bytes Per Scan = 41
* Number of Voltage Words = 4
* Number of Scans Averaged by the Deck Unit = 1
* NMEA Latitude = 21 37.95 N
* NMEA Longitude = 086 14.49 W
* NMEA UTC (Time) = Oct 16 2021  02:01:26
* NMEA baud rate = 4800
# nquan = 17
# nvalues = 2793                                  
# units = specified
# name 0 = scan: Scan Count
# name 1 = timeS: Time, Elapsed [seconds]
# name 2 = depSM: Depth [salt water, m]
# name 3 = prDM: Pressure, Digiquartz [db]
# name 4 = t090C: Temperature [ITS-90, deg C]
# name 5 = t190C: Temperature, 2 [ITS-90, deg C]
# name 6 = c0S/m: Conductivity [S/m]
# name 7 = c1S/m: Conductivity, 2 [S/m]
# name 8 = sbeox0V: Oxygen raw, SBE 43 [V]
# name 9 = sbeox1V: Oxygen raw, SBE 43, 2 [V]
# name 10 = altM: Altimeter [m]
# name 11 = latitude: Latitude [deg]
# name 12 = longitude: Longitude [deg]
# name 13 = sbox0dV/dT: Oxygen, SBE 43 [dov/dt]
# name 14 = sbox1dV/dT: Oxygen, SBE 43, 2 [dov/dt]
# name 15 = nbf: Bottles Fired
# name 16 = flag:  0.000e+00
# interval = seconds: 0.0416667
# start_time = Oct 16 2021 02:01:26 [NMEA time, header]
# bad_flag = -9.990e-29
*END*
[from data line 171]
      51964   2165.125   1045.195   1054.393     5.1860     5.1879   3.403543   3.403663     1.8486     1.5311       7.72   21.64260  -86.24418 1.7585e-07   -0.00020          2  0.000e+00
      51965   2165.167   1045.243   1054.442     5.1860     5.1879   3.403505   3.403651     1.8486     1.5311       7.72   21.64260  -86.24418    0.00001   -0.00019          2  0.000e+00
      51966   2165.208   1045.195   1054.393     5.1859     5.1880   3.403492   3.403657     1.8498     1.5311       7.72   21.64260  -86.24418    0.00003   -0.00018          2  0.000e+00
      51967   2165.250   1045.182   1054.380     5.1858     5.1881   3.403511   3.403683     1.8486     1.5311       7.72   21.64260  -86.24418    0.00002   -0.00017          2  0.000e+00
      51968   2165.292   1045.195   1054.394     5.1859     5.1877   3.403473   3.403657     1.8486     1.5311       7.72   21.64260  -86.24418    0.00001   -0.00016          2  0.000e+00
      51969   2165.333   1045.243   1054.442     5.1857     5.1878   3.403505   3.403657     1.8498     1.5311       7.72   21.64260  -86.24418    0.00001   -0.00015          2  0.000e+00
      51970   2165.375   1045.195   1054.394     5.1856     5.1877   3.403473   3.403638     1.8486     1.5311       7.72   21.64260  -86.24418    0.00002   -0.00015          2  0.000e+00
      51971   2165.417   1045.244   1054.442     5.1857     5.1874   3.403479   3.403670     1.8486     1.5311       7.72   21.64260  -86.24418    0.00001   -0.00014          2  0.000e+00
      51972   2165.458   1045.237   1054.435     5.1854     5.1869   3.403467   3.403599     1.8498     1.5311       7.72   21.64260  -86.24418    0.00001   -0.00015          2  0.000e+00
      51973   2165.500   1045.244   1054.442     5.1855     5.1870   3.403460   3.403586     1.8498     1.5324       7.72   21.64260  -86.24418    0.00004   -0.00014          2  0.000e+00
      51974   2165.542   1045.244   1054.442     5.1853     5.1867   3.403479   3.403573     1.8486     1.5311       7.74   21.64260  -86.24418    0.00003   -0.00013          2  0.000e+00
      51975   2165.583   1045.244   1054.442     5.1853     5.1870   3.403441   3.403573     1.8486     1.5311       7.69   21.64260  -86.24418    0.00003   -0.00012          2  0.000e+00
      51976   2165.625   1045.285   1054.484     5.1849     5.1866   3.403448   3.403561     1.8486     1.5311       7.72   21.64260  -86.24418    0.00002   -0.00012          2  0.000e+00
      51977   2165.667   1045.244   1054.443     5.1853     5.1863   3.403460   3.403541     1.8498     1.5311       7.72   21.64260  -86.24418    0.00003   -0.00011          2  0.000e+00
      51978   2165.708   1045.244   1054.443     5.1852     5.1861   3.403479   3.403490     1.8498     1.5311       7.72   21.64260  -86.24418    0.00005   -0.00012          2  0.000e+00
      51979   2165.750   1045.299   1054.498     5.1856     5.1861   3.403511   3.403490     1.8498     1.5311       7.72   21.64260  -86.24418    0.00008   -0.00010          2  0.000e+00
      51980   2165.792   1045.285   1054.484     5.1855     5.1861   3.403498   3.403503     1.8486     1.5311       7.72   21.64260  -86.24418    0.00006   -0.00009          2  0.000e+00
      51981   2165.833   1045.244   1054.443     5.1856     5.1865   3.403467   3.403528     1.8498     1.5311       7.74   21.64260  -86.24418    0.00007   -0.00008          2  0.000e+00
      51982   2165.875   1045.347   1054.547     5.1857     5.1863   3.403505   3.403528     1.8498     1.5311       7.72   21.64260  -86.24418    0.00007   -0.00008          2  0.000e+00
      51983   2165.917   1045.244   1054.443     5.1857     5.1861   3.403498   3.403509     1.8498     1.5311       7.67   21.64260  -86.24418    0.00010   -0.00007          2  0.000e+00
      51984   2165.958   1045.299   1054.498     5.1855     5.1863   3.403511   3.403548     1.8498     1.5311       7.59   21.64260  -86.24418    0.00012   -0.00007          2  0.000e+00
      51985   2166.000   1045.285   1054.485     5.1857     5.1864   3.403473   3.403541     1.8498     1.5311       7.57   21.64260  -86.24418    0.00013   -0.00008          2  0.000e+00
      51986   2166.042   1045.347   1054.547     5.1859     5.1863   3.403505   3.403516     1.8498     1.5311       7.57   21.64260  -86.24418    0.00013   -0.00008          2  0.000e+00
      51987   2166.083   1045.299   1054.499     5.1860     5.1864   3.403524   3.403522     1.8486     1.5311       7.57   21.64260  -86.24418    0.00012   -0.00009          2  0.000e+00
      51988   2166.125   1045.299   1054.499     5.1856     5.1861   3.403524   3.403509     1.8498     1.5311       7.57   21.64260  -86.24418    0.00012   -0.00007          2  0.000e+00
      51989   2166.167   1045.389   1054.589     5.1857     5.1861   3.403543   3.403528     1.8498     1.5311       7.57   21.64260  -86.24418    0.00013   -0.00008          2  0.000e+00
      51990   2166.208   1045.299   1054.499     5.1859     5.1860   3.403524   3.403503     1.8498     1.5311       7.57   21.64260  -86.24418    0.00013   -0.00008          2  0.000e+00
      51991   2166.250   1045.299   1054.499     5.1857     5.1863   3.403473   3.403477     1.8498     1.5311       7.57   21.64260  -86.24418    0.00013   -0.00008          2  0.000e+00
      51992   2166.292   1045.348   1054.547     5.1859     5.1858   3.403505   3.403522     1.8486     1.5311       7.57   21.64260  -86.24418    0.00014   -0.00009          2  0.000e+00
      51993   2166.333   1045.341   1054.541     5.1857     5.1859   3.403524   3.403528     1.8486     1.5324       7.57   21.64260  -86.24418    0.00014   -0.00007          2  0.000e+00
      51994   2166.375   1045.348   1054.548     5.1859     5.1857   3.403524   3.403535     1.8498     1.5311       7.57   21.64260  -86.24418    0.00014   -0.00008          2  0.000e+00
      51995   2166.417   1045.348   1054.548     5.1857     5.1859   3.403517   3.403483     1.8498     1.5311       7.57   21.64260  -86.24418    0.00015   -0.00008          2  0.000e+00
      51996   2166.458   1045.348   1054.548     5.1860     5.1861   3.403517   3.403496     1.8498     1.5311       7.57   21.64260  -86.24418    0.00015   -0.00007          2  0.000e+00
      51997   2166.500   1045.348   1054.548     5.1859     5.1864   3.403524   3.403509     1.8486     1.5311       7.57   21.64260  -86.24418    0.00014   -0.00007          2  0.000e+00
      51998   2166.542   1045.389   1054.589     5.1861     5.1863   3.403543   3.403522     1.8486     1.5311       7.57   21.64260  -86.24418    0.00012   -0.00008          2  0.000e+00
      51999   2166.583   1045.348   1054.548     5.1862     5.1863   3.403575   3.403535     1.8498     1.5311       7.57   21.64260  -86.24418    0.00012   -0.00006          2  0.000e+00
      52000   2166.625   1045.348   1054.548     5.1865     5.1865   3.403587   3.403516     1.8486     1.5324       7.57   21.64260  -86.24418    0.00011   -0.00005          2  0.000e+00
      52001   2166.667   1045.348   1054.548     5.1864     5.1863   3.403581   3.403548     1.8498     1.5311       7.57   21.64260  -86.24418    0.00013   -0.00005          2  0.000e+00
      52002   2166.708   1045.389   1054.590     5.1861     5.1865   3.403537   3.403541     1.8486     1.5311       7.57   21.64260  -86.24418    0.00011   -0.00006          2  0.000e+00
      52003   2166.750   1045.348   1054.548     5.1862     5.1866   3.403543   3.403541     1.8498     1.5311       7.57   21.64260  -86.24418    0.00012   -0.00006          2  0.000e+00
      52004   2166.792   1045.348   1054.548     5.1860     5.1863   3.403530   3.403528     1.8498     1.5311       7.57   21.64260  -86.24418    0.00013   -0.00006          2  0.000e+00
      52005   2166.833   1045.348   1054.548     5.1863     5.1864   3.403568   3.403561     1.8498     1.5311       7.57   21.64260  -86.24418    0.00014   -0.00007          2  0.000e+00
      52006   2166.875   1045.286   1054.486     5.1864     5.1863   3.403587   3.403535     1.8498     1.5311       7.57   21.64260  -86.24418    0.00014   -0.00005          2  0.000e+00
      52007   2166.917   1045.451   1054.652     5.1863     5.1866   3.403556   3.403535     1.8498     1.5311       7.55   21.64260  -86.24418    0.00014   -0.00004          2  0.000e+00
      52008   2166.958   1045.403   1054.604     5.1860     5.1866   3.403549   3.403561     1.8498     1.5311       7.47   21.64260  -86.24418    0.00016   -0.00003          2  0.000e+00
      52009   2167.000   1045.348   1054.548     5.1860     5.1865   3.403556   3.403516     1.8498     1.5311       7.42   21.64260  -86.24418    0.00016   -0.00003          2  0.000e+00
      52010   2167.042   1045.348   1054.548     5.1860     5.1864   3.403505   3.403528     1.8486     1.5311       7.42   21.64260  -86.24418    0.00016   -0.00003          2  0.000e+00
      52011   2167.083   1045.342   1054.541     5.1858     5.1863   3.403537   3.403541     1.8498     1.5324       7.45   21.64260  -86.24418    0.00016   -0.00002          2  0.000e+00
      52012   2167.125   1045.348   1054.548     5.1860     5.1866   3.403575   3.403528     1.8498     1.5311       7.42   21.64260  -86.24418    0.00018   -0.00000          2  0.000e+00
      52013   2167.167   1045.348   1054.548     5.1860     5.1863   3.403537   3.403535     1.8498     1.5311       7.45   21.64260  -86.24418    0.00018   -0.00000          2  0.000e+00
      52014   2167.208   1045.349   1054.548     5.1864     5.1864   3.403543   3.403541     1.8498     1.5311       7.45   21.64260  -86.24418    0.00018   -0.00001          2  0.000e+00
      52015   2167.250   1045.342   1054.542     5.1864     5.1861   3.403556   3.403503     1.8498     1.5311       7.42   21.64260  -86.24418    0.00018   -0.00001          2  0.000e+00
      52016   2167.292   1045.349   1054.549     5.1866     5.1863   3.403600   3.403503     1.8498     1.5311       7.45   21.64260  -86.24418    0.00018   -0.00001          2  0.000e+00
      52017   2167.333   1045.349   1054.549     5.1869     5.1861   3.403594   3.403522     1.8486     1.5311       7.45   21.64260  -86.24418    0.00018   -0.00002          2  0.000e+00
      52018   2167.375   1045.349   1054.549     5.1868     5.1864   3.403581   3.403509     1.8486     1.5311       7.45   21.64260  -86.24418    0.00018   -0.00000          2  0.000e+00
      52019   2167.417   1045.349   1054.549     5.1867     5.1861   3.403581   3.403528     1.8498     1.5311       7.42   21.64260  -86.24418    0.00018   -0.00000          2  0.000e+00
      52020   2167.458   1045.287   1054.486     5.1866     5.1863   3.403587   3.403503     1.8486     1.5311       7.42   21.64260  -86.24418    0.00018   -0.00001          2  0.000e+00
      52021   2167.500   1045.349   1054.549     5.1867     5.1863   3.403562   3.403528     1.8486     1.5311       7.45   21.64260  -86.24418    0.00016   -0.00001          2  0.000e+00
      52022   2167.542   1045.349   1054.549     5.1868     5.1864   3.403575   3.403561     1.8498     1.5311       7.45   21.64260  -86.24418    0.00016    0.00001          2  0.000e+00
      52023   2167.583   1045.301   1054.500     5.1867     5.1861   3.403587   3.403535     1.8486     1.5324       7.45   21.64260  -86.24418    0.00016    0.00002          2  0.000e+00
      52024   2167.625   1045.342   1054.542     5.1868     5.1863   3.403556   3.403509     1.8498     1.5324       7.45   21.64260  -86.24418    0.00016    0.00004          2  0.000e+00
      52025   2167.667   1045.301   1054.500     5.1867     5.1863   3.403549   3.403509     1.8486     1.5311       7.45   21.64260  -86.24418    0.00014    0.00003          2  0.000e+00
      52026   2167.708   1045.301   1054.500     5.1864     5.1861   3.403575   3.403522     1.8486     1.5311       7.45   21.64260  -86.24418    0.00012    0.00005          2  0.000e+00
      52027   2167.750   1045.349   1054.549     5.1860     5.1863   3.403562   3.403561     1.8498     1.5311       7.45   21.64260  -86.24418    0.00012    0.00005          2  0.000e+00
      52028   2167.792   1045.287   1054.486     5.1862     5.1864   3.403530   3.403561     1.8498     1.5311       7.42   21.64262  -86.24418    0.00014    0.00004          2  0.000e+00
      52029   2167.833   1045.301   1054.500     5.1866     5.1864   3.403562   3.403586     1.8498     1.5311       7.45   21.64262  -86.24418    0.00014    0.00004          2  0.000e+00
      52030   2167.875   1045.301   1054.500     5.1860     5.1868   3.403562   3.403554     1.8498     1.5311       7.45   21.64262  -86.24418    0.00016    0.00004          2  0.000e+00
      52031   2167.917   1045.301   1054.501     5.1865     5.1866   3.403575   3.403554     1.8498     1.5311       7.45   21.64262  -86.24418    0.00015    0.00004          2  0.000e+00
      52032   2167.958   1045.301   1054.501     5.1866     5.1866   3.403562   3.403541     1.8498     1.5311       7.47   21.64262  -86.24418    0.00017    0.00003          2  0.000e+00
      52033   2168.000   1045.287   1054.487     5.1866     5.1864   3.403556   3.403580     1.8498     1.5324       7.50   21.64262  -86.24418    0.00019    0.00005          2  0.000e+00
      52034   2168.042   1045.301   1054.501     5.1864     5.1865   3.403600   3.403567     1.8498     1.5311       7.50   21.64262  -86.24418    0.00019    0.00005          2  0.000e+00
      52035   2168.083   1045.301   1054.501     5.1862     5.1864   3.403587   3.403541     1.8486     1.5324       7.50   21.64262  -86.24418    0.00017    0.00006          2  0.000e+00
      52036   2168.125   1045.301   1054.501     5.1865     5.1865   3.403606   3.403561     1.8498     1.5324       7.50   21.64262  -86.24418    0.00016    0.00008          2  0.000e+00
      52037   2168.167   1045.240   1054.438     5.1864     5.1866   3.403594   3.403561     1.8498     1.5324       7.50   21.64262  -86.24418    0.00016    0.00009          2  0.000e+00
      52038   2168.208   1045.301   1054.501     5.1865     5.1868   3.403587   3.403567     1.8498     1.5324       7.50   21.64262  -86.24418    0.00016    0.00010          2  0.000e+00
      52039   2168.250   1045.301   1054.501     5.1864     5.1867   3.403606   3.403586     1.8498     1.5311       7.50   21.64262  -86.24418    0.00016    0.00010          2  0.000e+00
      52040   2168.292   1045.247   1054.445     5.1866     5.1866   3.403619   3.403554     1.8498     1.5324       7.50   21.64262  -86.24418    0.00015    0.00011          2  0.000e+00
      52041   2168.333   1045.288   1054.487     5.1867     5.1866   3.403587   3.403561     1.8498     1.5311       7.50   21.64262  -86.24418    0.00015    0.00011          2  0.000e+00
      52042   2168.375   1045.247   1054.445     5.1866     5.1868   3.403581   3.403586     1.8498     1.5324       7.50   21.64262  -86.24418    0.00015    0.00012          2  0.000e+00
      52043   2168.417   1045.247   1054.445     5.1866     5.1869   3.403562   3.403573     1.8498     1.5324       7.50   21.64262  -86.24418    0.00014    0.00013          2  0.000e+00
      52044   2168.458   1045.302   1054.501     5.1865     5.1870   3.403556   3.403593     1.8498     1.5324       7.47   21.64262  -86.24418    0.00014    0.00014          2  0.000e+00
      52045   2168.500   1045.247   1054.445     5.1864     5.1871   3.403575   3.403593     1.8486     1.5311       7.50   21.64262  -86.24418    0.00011    0.00014          2  0.000e+00
      52046   2168.542   1045.288   1054.487     5.1862     5.1870   3.403556   3.403593     1.8498     1.5311       7.50   21.64262  -86.24418    0.00013    0.00013          2  0.000e+00
      52047   2168.583   1045.247   1054.446     5.1858     5.1871   3.403530   3.403580     1.8498     1.5311       7.47   21.64262  -86.24418    0.00014    0.00013          2  0.000e+00
