Gulf of Mexico/GOMECC-4/1db/rb2103_0781.ros
* Sea-Bird SBE 9 Data File:
* FileName = C:\Users\scs.user.rb\CTD\GOMECC4\data\rb2103_0781.hex
* Software Version Seasave V 7.26.7.107
* Temperature SN = 4799
* Conductivity SN = 3860
* Number of Bytes Per Scan = 41
* Number of Voltage Words = 4
* Number of Scans Averaged by the Deck Unit = 1
* NMEA Latitude = 22 16.52 N
* NMEA Longitude = 097 27.17 W
* NMEA UTC (Time) = Oct 06 2021  03:00:19
* NMEA baud rate = 4800
# nquan = 17
# nvalues = 931                                   
# units = specified
# name 0 = scan: Scan Count
# name 1 = timeS: Time, Elapsed [seconds]
# name 2 = depSM: Depth [salt water, m]
# name 3 = prDM: Pressure, Digiquartz [db]
# name 4 = t090C: Temperature [ITS-90, deg C]
# name 5 = t190C: Temperature, 2 [ITS-90, deg C]
# name 6 = c0S/m: Conductivity [S/m]
# name 7 = c1S/m: Conductivity, 2 [S/m]
# name 8 = sbeox0V: Oxygen raw, SBE 43 [V]
# name 9 = sbeox1V: Oxygen raw, SBE 43, 2 [V]
# name 10 = altM: Altimeter [m]
# name 11 = latitude: Latitude [deg]
# name 12 = longitude: Longitude [deg]
# name 13 = sbox0dV/dT: Oxygen, SBE 43 [dov/dt]
# name 14 = sbox1dV/dT: Oxygen, SBE 43, 2 [dov/dt]
# name 15 = nbf: Bottles Fired
# name 16 = flag:  0.000e+00
# interval = seconds: 0.0416667
# start_time = Oct 06 2021 03:00:19 [NMEA time, header]
# bad_flag = -9.990e-29
*END*
[from data line 86]
      17706    737.708     64.614     65.031    23.7512    23.7546   5.348408   5.348832     3.0537     2.6081       7.94   22.27546  -97.45352   -0.00180   -0.00311          1  0.000e+00
      17707    737.750     64.675     65.092    23.7515    23.7544   5.348378   5.348855     3.0537     2.6081       7.94   22.27546  -97.45352   -0.00173   -0.00301          1  0.000e+00
      17708    737.792     64.614     65.031    23.7515    23.7544   5.348431   5.348816     3.0537     2.6081       7.94   22.27546  -97.45352   -0.00165   -0.00291          1  0.000e+00
      17709    737.833     64.614     65.031    23.7512    23.7544   5.348446   5.348809     3.0537     2.6081       7.94   22.27546  -97.45352   -0.00157   -0.00281          1  0.000e+00
      17710    737.875     64.621     65.038    23.7513    23.7546   5.348507   5.348847     3.0537     2.6081       7.94   22.27546  -97.45352   -0.00149   -0.00269          1  0.000e+00
      17711    737.917     64.662     65.079    23.7519    23.7542   5.348530   5.348817     3.0537     2.6081       7.94   22.27546  -97.45352   -0.00143   -0.00256          1  0.000e+00
      17712    737.958     64.614     65.031    23.7519    23.7542   5.348561   5.348809     3.0537     2.6081       7.94   22.27546  -97.45352   -0.00135   -0.00244          1  0.000e+00
      17713    738.000     64.574     64.990    23.7520    23.7546   5.348576   5.348770     3.0537     2.6093       7.94   22.27546  -97.45352   -0.00128   -0.00229          1  0.000e+00
      17714    738.042     64.614     65.031    23.7522    23.7544   5.348523   5.348693     3.0549     2.6093       7.94   22.27546  -97.45352   -0.00120   -0.00215          1  0.000e+00
      17715    738.083     64.574     64.990    23.7518    23.7528   5.348462   5.348577     3.0549     2.6093       7.94   22.27546  -97.45352   -0.00111   -0.00202          1  0.000e+00
      17716    738.125     64.567     64.983    23.7515    23.7523   5.348477   5.348546     3.0549     2.6105       7.94   22.27546  -97.45352   -0.00103   -0.00187          1  0.000e+00
      17717    738.167     64.614     65.031    23.7520    23.7539   5.348515   5.348739     3.0549     2.6093       7.94   22.27546  -97.45352   -0.00094   -0.00173          1  0.000e+00
      17718    738.208     64.574     64.990    23.7518    23.7584   5.348431   5.349133     3.0549     2.6105       7.94   22.27546  -97.45352   -0.00085   -0.00157          1  0.000e+00
      17719    738.250     64.567     64.983    23.7513    23.7616   5.348263   5.349450     3.0562     2.6105       7.94   22.27546  -97.45352   -0.00075   -0.00141          1  0.000e+00
      17720    738.292     64.526     64.942    23.7506    23.7637   5.348248   5.349720     3.0562     2.6105       7.94   22.27546  -97.45352   -0.00064   -0.00127          1  0.000e+00
      17721    738.333     64.567     64.983    23.7507    23.7672   5.348309   5.350153     3.0562     2.6105       7.94   22.27546  -97.45352   -0.00054   -0.00112          1  0.000e+00
      17722    738.375     64.513     64.929    23.7506    23.7706   5.348279   5.350570     3.0562     2.6105       7.94   22.27546  -97.45352   -0.00045   -0.00097          1  0.000e+00
      17723    738.417     64.574     64.990    23.7506    23.7736   5.348362   5.350740     3.0562     2.6105       7.94   22.27546  -97.45352   -0.00034   -0.00084          1  0.000e+00
      17724    738.458     64.513     64.929    23.7510    23.7737   5.348362   5.350825     3.0562     2.6105       7.91   22.27546  -97.45352   -0.00026   -0.00071          1  0.000e+00
      17725    738.500     64.513     64.929    23.7526    23.7740   5.348515   5.350709     3.0562     2.6105       7.94   22.27546  -97.45352   -0.00017   -0.00058          1  0.000e+00
      17726    738.542     64.472     64.888    23.7537    23.7719   5.348675   5.350532     3.0574     2.6117       7.94   22.27546  -97.45352   -0.00008   -0.00045          1  0.000e+00
      17727    738.583     64.513     64.929    23.7535    23.7716   5.348721   5.350493     3.0574     2.6117       7.94   22.27546  -97.45352    0.00003   -0.00031          1  0.000e+00
      17728    738.625     64.526     64.942    23.7533    23.7727   5.348683   5.350493     3.0562     2.6117       7.94   22.27546  -97.45352    0.00011   -0.00018          1  0.000e+00
      17729    738.667     64.465     64.881    23.7527    23.7730   5.348667   5.350524     3.0574     2.6117       8.03   22.27546  -97.45352    0.00022   -0.00006          1  0.000e+00
      17730    738.708     64.465     64.881    23.7531    23.7720   5.348629   5.350539     3.0574     2.6117       8.06   22.27546  -97.45352    0.00031    0.00005          1  0.000e+00
      17731    738.750     64.472     64.888    23.7538    23.7717   5.348850   5.350570     3.0574     2.6117       8.06   22.27546  -97.45352    0.00039    0.00017          1  0.000e+00
      17732    738.792     64.465     64.881    23.7557    23.7743   5.349132   5.350748     3.0574     2.6117       8.06   22.27546  -97.45352    0.00048    0.00029          1  0.000e+00
      17733    738.833     64.465     64.881    23.7576    23.7778   5.349270   5.351235     3.0574     2.6117       8.06   22.27546  -97.45352    0.00056    0.00040          1  0.000e+00
      17734    738.875     64.425     64.840    23.7579    23.7860   5.349201   5.351984     3.0574     2.6117       8.06   22.27546  -97.45352    0.00066    0.00052          1  0.000e+00
      17735    738.917     64.418     64.833    23.7593    23.7948   5.349262   5.352718     3.0574     2.6117       8.06   22.27546  -97.45352    0.00075    0.00064          1  0.000e+00
      17736    738.958     64.472     64.888    23.7613    23.8005   5.349292   5.353221     3.0574     2.6117       8.06   22.27546  -97.45352    0.00083    0.00075          1  0.000e+00
      17737    739.000     64.418     64.833    23.7592    23.8019   5.349117   5.353406     3.0586     2.6129       8.06   22.27546  -97.45352    0.00093    0.00089          1  0.000e+00
      17738    739.042     64.418     64.833    23.7559    23.7982   5.349094   5.353190     3.0574     2.6117       8.06   22.27546  -97.45352    0.00101    0.00098          1  0.000e+00
      17739    739.083     64.425     64.840    23.7612    23.7971   5.349376   5.352974     3.0574     2.6129       8.06   22.27546  -97.45352    0.00109    0.00110          1  0.000e+00
      17740    739.125     64.364     64.778    23.7656    23.7977   5.349536   5.352865     3.0586     2.6117       8.06   22.27546  -97.45352    0.00119    0.00120          1  0.000e+00
      17741    739.167     64.425     64.840    23.7628    23.7984   5.349452   5.352881     3.0586     2.6117       8.06   22.27546  -97.45352    0.00129    0.00129          1  0.000e+00
      17742    739.208     64.418     64.833    23.7618    23.7987   5.349422   5.352919     3.0586     2.6117       8.06   22.27546  -97.45352    0.00138    0.00139          1  0.000e+00
      17743    739.250     64.364     64.778    23.7624    23.7987   5.349422   5.352966     3.0586     2.6117       8.06   22.27546  -97.45352    0.00146    0.00149          1  0.000e+00
      17744    739.292     64.377     64.792    23.7622    23.7996   5.349422   5.352912     3.0586     2.6117       8.06   22.27546  -97.45352    0.00153    0.00156          1  0.000e+00
      17745    739.333     64.364     64.778    23.7623    23.7989   5.349430   5.352788     3.0586     2.6105       8.06   22.27546  -97.45352    0.00161    0.00162          1  0.000e+00
      17746    739.375     64.418     64.833    23.7624    23.7987   5.349460   5.352595     3.0574     2.6105       8.06   22.27546  -97.45352    0.00166    0.00168          1  0.000e+00
      17747    739.417     64.323     64.738    23.7624    23.7993   5.349498   5.352564     3.0586     2.6105       8.06   22.27546  -97.45352    0.00171    0.00174          1  0.000e+00
      17748    739.458     64.364     64.778    23.7627    23.7978   5.349544   5.352649     3.0586     2.6105       8.06   22.27546  -97.45352    0.00178    0.00180          1  0.000e+00
      17749    739.500     64.377     64.792    23.7631    23.7975   5.349620   5.352695     3.0586     2.6105       8.06   22.27546  -97.45352    0.00183    0.00184          1  0.000e+00
      17750    739.542     64.364     64.778    23.7658    23.7985   5.349910   5.352811     3.0586     2.6105       8.06   22.27546  -97.45352    0.00190    0.00188          1  0.000e+00
      17751    739.583     64.364     64.778    23.7722    23.7989   5.350436   5.352811     3.0586     2.6093       8.06   22.27546  -97.45352    0.00195    0.00191          1  0.000e+00
      17752    739.625     64.323     64.738    23.7765    23.7973   5.350809   5.352765     3.0586     2.6093       8.08   22.27546  -97.45352    0.00199    0.00193          1  0.000e+00
      20058    835.708     55.077     55.430    24.7404    24.7385   5.453416   5.453517     3.1783     2.7131      17.68   22.27548  -97.45358    0.00047    0.00064          2  0.000e+00
      20059    835.750     54.535     54.885    24.7372    24.7393   5.453170   5.453525     3.1770     2.7131      17.68   22.27548  -97.45358    0.00047    0.00068          2  0.000e+00
      20060    835.792     54.833     55.185    24.7355    24.7393   5.452978   5.453619     3.1783     2.7131      17.68   22.27548  -97.45358    0.00049    0.00073          2  0.000e+00
      20061    835.833     54.799     55.151    24.7341    24.7391   5.452901   5.453650     3.1783     2.7131      17.68   22.27548  -97.45358    0.00050    0.00076          2  0.000e+00
      20062    835.875     54.833     55.185    24.7336    24.7382   5.452855   5.453541     3.1783     2.7131      17.70   22.27548  -97.45358    0.00052    0.00079          2  0.000e+00
      20063    835.917     54.779     55.130    24.7336    24.7378   5.452870   5.453525     3.1783     2.7131      17.68   22.27548  -97.45358    0.00054    0.00082          2  0.000e+00
      20064    835.958     54.833     55.185    24.7343    24.7373   5.452916   5.453447     3.1783     2.7131      17.70   22.27548  -97.45358    0.00055    0.00084          2  0.000e+00
      20065    836.000     54.779     55.130    24.7348    24.7352   5.453070   5.453354     3.1783     2.7131      17.68   22.27548  -97.45358    0.00057    0.00087          2  0.000e+00
      20066    836.042     54.833     55.185    24.7372    24.7346   5.453277   5.453377     3.1783     2.7131      17.68   22.27548  -97.45358    0.00058    0.00090          2  0.000e+00
      20067    836.083     54.779     55.130    24.7395    24.7352   5.453539   5.453416     3.1795     2.7131      17.68   22.27548  -97.45358    0.00061    0.00093          2  0.000e+00
      20068    836.125     54.799     55.151    24.7407    24.7350   5.453739   5.453486     3.1795     2.7131      17.68   22.27548  -97.45358    0.00064    0.00095          2  0.000e+00
      20069    836.167     54.779     55.130    24.7413    24.7352   5.453785   5.453424     3.1795     2.7131      17.68   22.27548  -97.45358    0.00067    0.00098          2  0.000e+00
      20070    836.208     54.779     55.130    24.7418    24.7355   5.453862   5.453416     3.1795     2.7131      17.68   22.27548  -97.45358    0.00070    0.00101          2  0.000e+00
      20071    836.250     54.833     55.185    24.7418    24.7356   5.453877   5.453354     3.1795     2.7143      17.68   22.27548  -97.45358    0.00073    0.00105          2  0.000e+00
      20072    836.292     54.779     55.130    24.7420    24.7361   5.453915   5.453361     3.1807     2.7143      17.68   22.27548  -97.45358    0.00077    0.00109          2  0.000e+00
      20073    836.333     54.779     55.130    24.7422    24.7361   5.453954   5.453330     3.1807     2.7143      17.68   22.27548  -97.45358    0.00081    0.00113          2  0.000e+00
      20074    836.375     54.731     55.083    24.7420    24.7352   5.453900   5.453252     3.1807     2.7143      17.68   22.27548  -97.45358    0.00085    0.00116          2  0.000e+00
      20075    836.417     54.846     55.198    24.7415    24.7347   5.453815   5.453206     3.1807     2.7143      17.68   22.27548  -97.45358    0.00089    0.00118          2  0.000e+00
      20076    836.458     54.833     55.185    24.7407    24.7348   5.453746   5.453081     3.1807     2.7143      17.68   22.27548  -97.45358    0.00093    0.00120          2  0.000e+00
      20077    836.500     54.779     55.130    24.7407    24.7352   5.453777   5.452949     3.1807     2.7143      17.68   22.27548  -97.45358    0.00097    0.00122          2  0.000e+00
      20078    836.542     54.779     55.130    24.7411    24.7350   5.453885   5.452925     3.1807     2.7143      17.68   22.27548  -97.45358    0.00100    0.00124          2  0.000e+00
      20079    836.583     54.779     55.130    24.7418    24.7328   5.453961   5.452808     3.1819     2.7143      17.70   22.27548  -97.45358    0.00107    0.00124          2  0.000e+00
      20080    836.625     54.779     55.130    24.7424    24.7307   5.454046   5.452715     3.1807     2.7143      17.70   22.27548  -97.45358    0.00110    0.00124          2  0.000e+00
      20081    836.667     54.799     55.151    24.7427    24.7305   5.454123   5.452629     3.1807     2.7155      17.70   22.27548  -97.45358    0.00113    0.00124          2  0.000e+00
      20082    836.708     54.779     55.130    24.7429    24.7300   5.454115   5.452536     3.1819     2.7155      17.70   22.27548  -97.45358    0.00118    0.00125          2  0.000e+00
      20083    836.750     54.779     55.130    24.7431    24.7278   5.454008   5.452473     3.1819     2.7155      17.70   22.27548  -97.45358    0.00122    0.00126          2  0.000e+00
      20084    836.792     54.779     55.130    24.7420    24.7262   5.453900   5.452466     3.1807     2.7155      17.73   22.27548  -97.45358    0.00123    0.00125          2  0.000e+00
      20085    836.833     54.731     55.083    24.7409    24.7235   5.453739   5.452474     3.1819     2.7155      17.73   22.27548  -97.45358    0.00127    0.00124          2  0.000e+00
      20086    836.875     54.779     55.130    24.7396    24.7200   5.453623   5.452435     3.1819     2.7167      17.73   22.27548  -97.45358    0.00131    0.00125          2  0.000e+00
      20087    836.917     54.779     55.130    24.7395    24.7195   5.453539   5.452481     3.1819     2.7167      17.70   22.27548  -97.45358    0.00135    0.00125          2  0.000e+00
      20088    836.958     54.751     55.103    24.7393    24.7211   5.453554   5.452442     3.1819     2.7167      17.70   22.27548  -97.45358    0.00139    0.00125          2  0.000e+00
      20089    837.000     54.779     55.130    24.7391    24.7233   5.453593   5.452388     3.1819     2.7167      17.70   22.27548  -97.45358    0.00142    0.00125          2  0.000e+00
      20090    837.042     54.779     55.130    24.7393    24.7238   5.453577   5.452302     3.1819     2.7167      17.73   22.27548  -97.45358    0.00144    0.00124          2  0.000e+00
      20091    837.083     54.779     55.130    24.7399    24.7229   5.453623   5.452154     3.1819     2.7167      17.70   22.27548  -97.45358    0.00145    0.00123          2  0.000e+00
      20092    837.125     54.731     55.083    24.7400    24.7229   5.453654   5.452076     3.1819     2.7167      17.70   22.27548  -97.45358    0.00146    0.00122          2  0.000e+00
      20093    837.167     54.779     55.130    24.7399    24.7249   5.453593   5.452131     3.1807     2.7167      17.70   22.27548  -97.45358    0.00147    0.00123          2  0.000e+00
      20094    837.208     54.731     55.083    24.7397    24.7258   5.453592   5.452177     3.1819     2.7167      17.73   22.27548  -97.45358    0.00149    0.00123          2  0.000e+00
