Gulf of Mexico/GOMECC-4/1db/rb2103_0051.cnv
* Sea-Bird SBE 9 Data File:
* FileName = C:\Users\scs.user.rb\CTD\GOMECC4\data\rb2103_005.hex
* Software Version Seasave V 7.26.7.107
* Temperature SN = 4799
* Conductivity SN = 3860
* Number of Bytes Per Scan = 41
* Number of Voltage Words = 4
* Number of Scans Averaged by the Deck Unit = 1
* NMEA Latitude = 26 59.47 N
* NMEA Longitude = 079 56.01 W
* NMEA UTC (Time) = Sep 15 2021  02:01:09
* NMEA baud rate = 4800
# nquan = 28
# nvalues = 180                         
# units = specified
# name 0 = scan: Scan Count
# name 1 = timeS: Time, Elapsed [seconds]
# name 2 = depSM: Depth [salt water, m]
# name 3 = prDM: Pressure, Digiquartz [db]
# name 4 = t090C: Temperature [ITS-90, deg C]
# name 5 = t190C: Temperature, 2 [ITS-90, deg C]
# name 6 = c0S/m: Conductivity [S/m]
# name 7 = c1S/m: Conductivity, 2 [S/m]
# name 8 = sbeox0V: Oxygen raw, SBE 43 [V]
# name 9 = sbeox1V: Oxygen raw, SBE 43, 2 [V]
# name 10 = altM: Altimeter [m]
# name 11 = latitude: Latitude [deg]
# name 12 = longitude: Longitude [deg]
# name 13 = sbox0dV/dT: Oxygen, SBE 43 [dov/dt]
# name 14 = sbox1dV/dT: Oxygen, SBE 43, 2 [dov/dt]
# name 15 = sbeox0ML/L: Oxygen, SBE 43 [ml/l], WS = 5
# name 16 = sbeox1ML/L: Oxygen, SBE 43, 2 [ml/l], WS = 5
# name 17 = potemp090C: Potential Temperature [ITS-90, deg C]
# name 18 = potemp190C: Potential Temperature, 2 [ITS-90, deg C]
# name 19 = sal00: Salinity, Practical [PSU]
# name 20 = sal11: Salinity, Practical, 2 [PSU]
# name 21 = sigma-é00: Density [sigma-theta, kg/m^3]
# name 22 = sigma-é11: Density, 2 [sigma-theta, kg/m^3]
# name 23 = avgsvCM: Average Sound Velocity [Chen-Millero, m/s], minP = 20, minS = 20
# name 24 = sbox0Mm/Kg: Oxygen, SBE 43 [umol/kg], WS = 5
# name 25 = sbox1Mm/Kg: Oxygen, SBE 43, 2 [umol/kg], WS = 5
# name 26 = nbin: number of scans per bin
# name 27 = flag: flag
# span 0 =      13667,      53210       
# span 1 =    569.422,   2217.048       
# span 2 =      2.980,    139.032       
# span 3 =      3.000,    140.000       
# span 4 =    13.2692,    29.7057       
# span 5 =    13.3079,    29.7084       
# span 6 =   4.198882,   5.946056       
# span 7 =   4.202462,   5.946156       
# span 8 =     1.8440,     3.1888       
# span 9 =     1.5337,     2.7155       
# span 10 =      11.98,     106.99      
# span 11 =   26.84211,   27.08756      
# span 12 =  -80.19300,  -79.45785      
# span 13 =   -0.03771,    0.01260      
# span 14 =   -0.03371,    0.01303      
# span 15 =     2.8084,     4.5369      
# span 16 =     2.8529,     4.5585      
# span 17 =    13.2496,    29.7049      
# span 18 =    13.2882,    29.7076      
# span 19 =    35.4018,    36.4044      
# span 20 =    35.4031,    36.4363      
# span 21 =    22.1448,    26.8492      
# span 22 =    22.1448,    26.8451      
# span 23 =       0.00,    1556.93      
# span 24 =    122.141,    197.918      
# span 25 =    124.077,    198.861      
# span 26 =         30,         72      
# span 27 = 0.0000e+00, 0.0000e+00      
# interval = decibars: 1                
# start_time = Sep 15 2021 02:01:09 [NMEA time, header]
# bad_flag = -9.990e-29
*END*
[from data line 156]
      32035   1334.729     78.465     79.000    19.4889    19.6186   4.876361   4.888911     2.3839     2.0273      72.98   26.99874  -79.93190    0.00754    0.00529     3.6057     3.6584    19.4745    19.6041    36.1034    36.0955    25.7418    25.7020    1529.17    156.990    159.291         33 0.0000e+00
      32204   1341.777     77.472     78.000    19.8365    20.0941   4.913652   4.942444     2.4295     2.0775      74.01   26.99875  -79.93191    0.00721    0.00622     3.6778     3.7446    19.8221    20.0797    36.1180    36.1274    25.6618    25.6005    1529.17    160.142    163.057         31 0.0000e+00
      32473   1352.980     75.486     76.000    20.2724    20.4471   4.964319   4.984303     2.4648     2.1111      76.20   27.03826  -80.04877    0.00348    0.00414     3.7209     3.7970    20.2582    20.4328    36.1751    36.1885    25.5946    25.5580    1531.41    162.035    165.353         32 0.0000e+00
      32744   1364.306     72.507     73.000    21.3867    21.8103   5.084754   5.126617     2.5560     2.2027      79.11   27.01365  -79.97563    0.01102    0.01303     3.8308     3.9113    21.3728    21.7959    36.1877    36.1795    25.2969    25.1723    1530.01    166.863    170.389         58 0.0000e+00
      32905   1371.012     70.521     71.000    22.3043    22.7307   5.179355   5.227769     2.6311     2.2879      73.67   26.98611  -79.89396    0.01138    0.00496     3.9182     4.0355    22.3061    22.7162    36.1500    36.1885    25.0034    24.9164    1528.45    170.714    175.843         48 0.0000e+00
      34618   1442.371     66.549     67.000    25.2417    25.4452   5.517993   5.544218     2.9673     2.5579      85.74   27.08756  -80.19300    0.00789    0.00834     4.3561     4.4252    25.2271    25.4305    36.4044    36.4363    24.3483    24.3099    1534.17    189.932    192.952         35 0.0000e+00
      34557   1439.819     65.555     66.000    25.3132    25.5016   5.519813   5.542989     2.9768     2.5686      86.37   26.99931  -79.93170    0.00851    0.00897     4.3657     4.4388    25.2987    25.4870    36.3099    36.3308    24.2399    24.1975    1529.17    190.358    193.555         61 0.0000e+00
      34625   1442.663     64.562     65.000    25.4724    25.8275   5.539018   5.576436     3.0049     2.5941      78.38   26.99932  -79.93170    0.01003    0.00896     4.4064     4.4681    25.4581    25.8130    36.3251    36.3177    24.2022    24.0862    1529.17    192.138    194.854         70 0.0000e+00
      34694   1445.548     63.569     64.000    25.8393    26.1815   5.576074   5.611437     3.0295     2.6180      88.89   26.99934  -79.93170    0.00830    0.00866     4.4258     4.4925    25.8158    26.1671    36.3133    36.2934    24.0820    23.9570    1529.17    193.007    195.942         65 0.0000e+00
      34756   1448.112     62.576     63.000    26.1146    26.2792   5.604093   5.620938     3.0605     2.6301      89.92   26.99934  -79.93170    0.01260    0.00614     4.4612     4.5097    26.1004    26.2650    36.2931    36.2858    23.9778    23.9205    1529.17    194.572    196.698         58 0.0000e+00
      34812   1450.460     61.583     62.000    26.2577    26.3734   5.618734   5.631463     3.0717     2.6337      90.75   26.99936  -79.93170    0.00609    0.00225     4.4717     4.5115    26.2470    26.3595    36.2877    36.2890    23.9276    23.8929    1529.17    195.041    196.780         33 0.0000e+00
      37720   1571.639     50.658     51.000    28.1827    28.2599   5.796496   5.805094     3.1625     2.6992     100.09   27.02396  -80.00200    0.00251    0.00183     4.4871     4.5051    28.1706    28.2478    36.0809    36.0813    23.1563    23.1310    1530.52    195.861    196.652         52 0.0000e+00
      37750   1572.864     49.665     50.000    28.2015    28.4353   5.796706   5.824328     3.1559     2.6944     100.00   27.00017  -79.93150   -0.00116    0.00027     4.4722     4.4792    28.1896    28.4233    36.0534    36.0686    23.1247    23.0589    1529.17    195.212    195.532         65 0.0000e+00
      37813   1575.510     48.672     49.000    28.3498    28.5971   5.813910   5.845871     3.1582     2.6938     100.00   27.00020  -79.93150    0.00021   -0.00122     4.4639     4.4695    28.3381    28.5854    36.0612    36.0946    23.0815    23.0241    1529.17    194.860    195.112         60 0.0000e+00
      37875   1578.064     47.679     48.000    28.5225    28.7100   5.835914   5.860704     3.1634     2.6995      99.16   27.00021  -79.93150    0.00174    0.00209     4.4583     4.4672    28.5110    28.6984    36.0837    36.1139    23.0412    23.0016    1529.17    194.625    195.019         66 0.0000e+00
      37941   1580.820     46.686     47.000    28.6912    28.7381   5.858158   5.861756     3.1716     2.6995     100.01   27.00023  -79.93150    0.00276    0.00036     4.4601     4.4649    28.6855    28.7268    36.1064    36.1021    23.0003    22.9833    1529.17    194.709    194.920         63 0.0000e+00
      38001   1583.328     45.692     46.000    28.7018    28.7313   5.857208   5.858191     3.1699     2.6998      95.06   27.00025  -79.93150    0.00072   -0.00012     4.4551     4.4657    28.6907    28.7203    36.0972    36.0807    22.9916    22.9694    1529.17    194.492    194.962         58 0.0000e+00
      38058   1585.707     44.699     45.000    28.7129    28.7384   5.856652   5.856788     3.1713     2.7011      95.41   27.00027  -79.93149   -0.00007    0.00054     4.4564     4.4677    28.7021    28.7275    36.0843    36.0660    22.9781    22.9558    1529.17    194.553    195.050         59 0.0000e+00
      40588   1691.141     36.753     37.000    28.6665    28.6716   5.820711   5.821186     3.1571     2.6886      94.69   26.85885  -79.50987    0.00044   -0.00005     4.4274     4.4397    28.6576    28.6627    35.7814    35.7812    22.7367    22.7348    1521.11    193.308    193.847         31 0.0000e+00
      40937   1705.687     35.760     36.000    28.8339    28.8389   5.851900   5.852581     3.1700     2.7019     101.06   27.00128  -79.93134   -0.00067    0.00135     4.4430     4.4596    28.8252    28.8302    35.9625    35.9634    22.8454    22.8444    1529.17    193.994    194.719         33 0.0000e+00
      42748   1781.127     32.781     33.000    28.8420    28.8782   5.846848   5.851348     3.1735     2.7035     106.99   27.00195  -79.93126    0.00072   -0.00014     4.4479     4.4592    28.8341    28.8702    35.9223    35.9260    22.8123    22.8031    1529.17    194.214    194.710         35 0.0000e+00
      42693   1778.845     30.794     31.000    28.8003    28.8510   5.829887   5.837655     3.1539     2.6918      99.58   26.84211  -79.45785    0.00047   -0.00023     4.4085     4.4274    28.7928    28.8435    35.7349    35.7504    22.6529    22.6476    1520.11    192.496    193.325         46 0.0000e+00
      45689   1903.682     21.854     22.000    29.3106    29.3348   5.899776   5.905143     3.1546     2.6834      99.72   26.92656  -79.70440   -0.00051   -0.00030     4.3682     4.3756    29.3053    29.3294    35.8960    35.9132    22.6185    22.6250    1524.83    190.759    191.081         32 0.0000e+00
      53210   2217.048      2.980      3.000    29.7057    29.7084   5.855914   5.856386     3.1581     2.6856      91.90   27.08591  -80.16791    0.00019   -0.00054     4.3559     4.3663    29.7049    29.7076    35.4018    35.4031    22.1448    22.1448    1533.70    190.332    190.787         30 0.0000e+00
