Gulf of Mexico/GOMECC-4/1db/rb2103_1161.ros
* Sea-Bird SBE 9 Data File:
* FileName = C:\Users\scs.user.rb\CTD\GOMECC4\data\rb2103_1161.hex
* Software Version Seasave V 7.26.7.107
* Temperature SN = 4799
* Conductivity SN = 3860
* Number of Bytes Per Scan = 41
* Number of Voltage Words = 4
* Number of Scans Averaged by the Deck Unit = 1
* NMEA Latitude = 21 33.08 N
* NMEA Longitude = 086 44.94 W
* NMEA UTC (Time) = Oct 15 2021  20:41:49
* NMEA baud rate = 4800
# nquan = 17
# nvalues = 266                                   
# units = specified
# name 0 = scan: Scan Count
# name 1 = timeS: Time, Elapsed [seconds]
# name 2 = depSM: Depth [salt water, m]
# name 3 = prDM: Pressure, Digiquartz [db]
# name 4 = t090C: Temperature [ITS-90, deg C]
# name 5 = t190C: Temperature, 2 [ITS-90, deg C]
# name 6 = c0S/m: Conductivity [S/m]
# name 7 = c1S/m: Conductivity, 2 [S/m]
# name 8 = sbeox0V: Oxygen raw, SBE 43 [V]
# name 9 = sbeox1V: Oxygen raw, SBE 43, 2 [V]
# name 10 = altM: Altimeter [m]
# name 11 = latitude: Latitude [deg]
# name 12 = longitude: Longitude [deg]
# name 13 = sbox0dV/dT: Oxygen, SBE 43 [dov/dt]
# name 14 = sbox1dV/dT: Oxygen, SBE 43, 2 [dov/dt]
# name 15 = nbf: Bottles Fired
# name 16 = flag:  0.000e+00
# interval = seconds: 0.0416667
# start_time = Oct 15 2021 20:41:49 [NMEA time, header]
# bad_flag = -9.990e-29
*END*
[from data line 86]
      22434    934.708     16.858     16.964    26.1053    26.0756   5.611642   5.609046     2.6276     2.2039       7.20   21.55016  -86.74906   -0.00059   -0.00047          1  0.000e+00
      22435    934.750     16.858     16.964    26.1064    26.0741   5.611611   5.608920     2.6276     2.2051       7.20   21.55016  -86.74906   -0.00055   -0.00044          1  0.000e+00
      22436    934.792     16.804     16.909    26.1070    26.0735   5.611650   5.608826     2.6276     2.2039       7.23   21.55016  -86.74906   -0.00053   -0.00043          1  0.000e+00
      22437    934.833     16.898     17.005    26.1044    26.0732   5.611596   5.608802     2.6264     2.2039       7.20   21.55016  -86.74906   -0.00052   -0.00041          1  0.000e+00
      22438    934.875     16.905     17.011    26.1015    26.0733   5.611510   5.608770     2.6276     2.2039       7.20   21.55016  -86.74906   -0.00049   -0.00040          1  0.000e+00
      22439    934.917     16.858     16.964    26.0990    26.0734   5.611370   5.608826     2.6264     2.2039       7.20   21.55016  -86.74906   -0.00048   -0.00038          1  0.000e+00
      22440    934.958     16.851     16.957    26.0972    26.0737   5.611238   5.608849     2.6276     2.2039       7.20   21.55016  -86.74906   -0.00045   -0.00037          1  0.000e+00
      22441    935.000     16.858     16.964    26.0969    26.0744   5.611207   5.608920     2.6264     2.2039       7.20   21.55016  -86.74906   -0.00046   -0.00035          1  0.000e+00
      22442    935.042     16.905     17.011    26.0965    26.0751   5.611160   5.609007     2.6276     2.2039       7.23   21.55016  -86.74906   -0.00045   -0.00033          1  0.000e+00
      22443    935.083     16.858     16.964    26.0976    26.0759   5.611152   5.609062     2.6276     2.2039       7.20   21.55016  -86.74906   -0.00043   -0.00031          1  0.000e+00
      22444    935.125     16.851     16.957    26.0983    26.0760   5.611191   5.609038     2.6276     2.2039       7.23   21.55016  -86.74906   -0.00042   -0.00031          1  0.000e+00
      22445    935.167     16.905     17.011    26.0966    26.0755   5.611191   5.608889     2.6276     2.2039       7.23   21.55016  -86.74906   -0.00040   -0.00031          1  0.000e+00
      22446    935.208     16.905     17.011    26.0969    26.0746   5.611238   5.608810     2.6276     2.2039       7.20   21.55016  -86.74906   -0.00039   -0.00029          1  0.000e+00
      22447    935.250     16.858     16.964    26.0992    26.0749   5.611284   5.608833     2.6276     2.2051       7.23   21.55016  -86.74906   -0.00037   -0.00027          1  0.000e+00
      22448    935.292     16.898     17.004    26.0999    26.0748   5.611300   5.608881     2.6276     2.2039       7.23   21.55016  -86.74906   -0.00035   -0.00025          1  0.000e+00
      22449    935.333     16.858     16.964    26.0994    26.0750   5.611355   5.608928     2.6288     2.2051       7.23   21.55016  -86.74906   -0.00032   -0.00023          1  0.000e+00
      22450    935.375     16.952     17.059    26.0975    26.0749   5.611355   5.608873     2.6288     2.2039       7.23   21.55016  -86.74906   -0.00028   -0.00020          1  0.000e+00
      22451    935.417     16.858     16.964    26.0976    26.0744   5.611417   5.608849     2.6288     2.2051       7.23   21.55016  -86.74906   -0.00024   -0.00017          1  0.000e+00
      22452    935.458     16.898     17.004    26.0969    26.0744   5.611425   5.608810     2.6288     2.2051       7.20   21.55016  -86.74906   -0.00021   -0.00013          1  0.000e+00
      22453    935.500     16.905     17.011    26.0961    26.0734   5.611401   5.608731     2.6288     2.2051       7.23   21.55016  -86.74906   -0.00017   -0.00008          1  0.000e+00
      22454    935.542     16.905     17.011    26.0970    26.0708   5.611323   5.608573     2.6288     2.2039       7.20   21.55016  -86.74906   -0.00013   -0.00006          1  0.000e+00
      22455    935.583     16.905     17.011    26.0981    26.0721   5.611331   5.608629     2.6288     2.2039       7.18   21.55016  -86.74906   -0.00009   -0.00004          1  0.000e+00
      22456    935.625     16.898     17.004    26.0985    26.0731   5.611300   5.608668     2.6300     2.2051       7.20   21.55016  -86.74906   -0.00004    0.00000          1  0.000e+00
      22457    935.667     16.952     17.059    26.0994    26.0717   5.611191   5.608597     2.6288     2.2039       7.18   21.55016  -86.74906 -5.275e-07    0.00003          1  0.000e+00
      22458    935.708     16.905     17.011    26.0994    26.0707   5.611160   5.608502     2.6288     2.2039       7.20   21.55016  -86.74906    0.00004    0.00005          1  0.000e+00
      22459    935.750     16.905     17.011    26.0969    26.0711   5.611004   5.608550     2.6288     2.2039       7.20   21.55016  -86.74906    0.00008    0.00008          1  0.000e+00
      22460    935.792     16.946     17.052    26.0945    26.0713   5.610833   5.608502     2.6288     2.2039       7.20   21.55016  -86.74906    0.00012    0.00011          1  0.000e+00
      22461    935.833     16.905     17.011    26.0932    26.0692   5.610794   5.608439     2.6288     2.2039       7.20   21.55016  -86.74906    0.00014    0.00014          1  0.000e+00
      22462    935.875     16.952     17.059    26.0963    26.0693   5.610841   5.608463     2.6288     2.2039       7.18   21.55016  -86.74906    0.00016    0.00016          1  0.000e+00
      22463    935.917     16.898     17.004    26.0974    26.0718   5.610981   5.608581     2.6288     2.2039       7.18   21.55016  -86.74906    0.00018    0.00019          1  0.000e+00
      22464    935.958     16.952     17.059    26.0967    26.0723   5.611020   5.608550     2.6288     2.2039       7.18   21.55016  -86.74906    0.00020    0.00022          1  0.000e+00
      22465    936.000     16.952     17.059    26.0935    26.0697   5.611020   5.608384     2.6288     2.2027       7.20   21.55016  -86.74906    0.00023    0.00022          1  0.000e+00
      22466    936.042     16.952     17.059    26.0912    26.0674   5.611005   5.608234     2.6288     2.2027       7.20   21.55016  -86.74906    0.00025    0.00022          1  0.000e+00
      22467    936.083     16.898     17.004    26.0922    26.0666   5.610942   5.608093     2.6288     2.2027       7.18   21.55016  -86.74906    0.00027    0.00021          1  0.000e+00
      22468    936.125     16.952     17.059    26.0923    26.0656   5.610616   5.607919     2.6288     2.2027       7.18   21.55016  -86.74906    0.00027    0.00021          1  0.000e+00
      22469    936.167     16.952     17.059    26.0868    26.0635   5.610110   5.607769     2.6288     2.2027       7.20   21.55016  -86.74906    0.00028    0.00021          1  0.000e+00
      22470    936.208     16.952     17.059    26.0792    26.0621   5.609682   5.607706     2.6276     2.2027       7.18   21.55016  -86.74906    0.00026    0.00019          1  0.000e+00
      22471    936.250     17.000     17.106    26.0743    26.0617   5.609410   5.607620     2.6288     2.2027       7.20   21.55016  -86.74906    0.00027    0.00019          1  0.000e+00
      22472    936.292     16.952     17.059    26.0736    26.0619   5.609270   5.607635     2.6288     2.2027       7.20   21.55016  -86.74906    0.00027    0.00017          1  0.000e+00
      22473    936.333     16.952     17.059    26.0750    26.0621   5.609262   5.607580     2.6288     2.2027       7.20   21.55016  -86.74906    0.00027    0.00015          1  0.000e+00
      22474    936.375     16.952     17.059    26.0751    26.0626   5.609231   5.607588     2.6288     2.2027       7.18   21.55016  -86.74906    0.00027    0.00014          1  0.000e+00
      22475    936.417     17.000     17.106    26.0764    26.0621   5.608920   5.607564     2.6288     2.2027       7.18   21.55016  -86.74906    0.00026    0.00012          1  0.000e+00
      22476    936.458     16.952     17.059    26.0761    26.0615   5.608733   5.607557     2.6288     2.2039       7.18   21.55016  -86.74906    0.00024    0.00012          1  0.000e+00
      22477    936.500     16.952     17.059    26.0763    26.0621   5.608780   5.607620     2.6288     2.2039       7.20   21.55016  -86.74906    0.00024    0.00010          1  0.000e+00
      22478    936.542     17.006     17.113    26.0763    26.0624   5.608850   5.607643     2.6288     2.2039       7.13   21.55016  -86.74906    0.00022    0.00009          1  0.000e+00
      22479    936.583     16.945     17.052    26.0766    26.0619   5.608819   5.607604     2.6288     2.2039       7.11   21.55016  -86.74906    0.00021    0.00007          1  0.000e+00
      22480    936.625     17.006     17.113    26.0765    26.0627   5.608904   5.607572     2.6288     2.2039       7.11   21.55016  -86.74906    0.00019    0.00005          1  0.000e+00
      25024   1042.625      3.004      3.022    28.8976    28.8899   5.903023   5.902714     3.0208     2.5348      20.12   21.55012  -86.74914    0.00098   -0.00065          2  0.000e+00
      25025   1042.667      3.552      3.574    28.8978    28.8910   5.902967   5.902762     3.0208     2.5348      20.12   21.55012  -86.74914    0.00101   -0.00076          2  0.000e+00
      25026   1042.708      3.254      3.274    28.8978    28.8909   5.902983   5.902786     3.0208     2.5336      20.12   21.55012  -86.74914    0.00103   -0.00089          2  0.000e+00
      25027   1042.750      3.254      3.274    28.8980    28.8918   5.903071   5.902794     3.0208     2.5348      20.12   21.55012  -86.74914    0.00106   -0.00099          2  0.000e+00
      25028   1042.792      3.254      3.274    28.8980    28.8918   5.903079   5.902826     3.0208     2.5336      20.12   21.55012  -86.74914    0.00108   -0.00113          2  0.000e+00
      25029   1042.833      3.301      3.322    28.8982    28.8920   5.903095   5.902883     3.0208     2.5336      20.12   21.55012  -86.74914    0.00111   -0.00126          2  0.000e+00
      25030   1042.875      3.254      3.274    28.8982    28.8921   5.903102   5.902923     3.0208     2.5336      20.12   21.55012  -86.74914    0.00113   -0.00139          2  0.000e+00
      25031   1042.917      3.356      3.376    28.8980    28.8924   5.903055   5.902980     3.0208     2.5336      20.12   21.55012  -86.74914    0.00115   -0.00152          2  0.000e+00
      25032   1042.958      3.301      3.322    28.8976    28.8929   5.903071   5.902980     3.0208     2.5336      20.12   21.55012  -86.74914    0.00117   -0.00164          2  0.000e+00
      25033   1043.000      3.301      3.322    28.8976    28.8933   5.903015   5.903028     3.0208     2.5336      20.12   21.55012  -86.74914    0.00117   -0.00177          2  0.000e+00
      25034   1043.042      3.301      3.322    28.8971    28.8939   5.902928   5.903100     3.0208     2.5336      20.12   21.55012  -86.74914    0.00118   -0.00189          2  0.000e+00
      25035   1043.083      3.301      3.322    28.8967    28.8951   5.902904   5.903173     3.0208     2.5336      20.12   21.55012  -86.74914    0.00120   -0.00200          2  0.000e+00
      25036   1043.125      3.301      3.322    28.8967    28.8958   5.902959   5.903213     3.0208     2.5336      20.12   21.55012  -86.74914    0.00119   -0.00212          2  0.000e+00
      25037   1043.167      3.355      3.376    28.8965    28.8970   5.902920   5.903520     3.0208     2.5336      20.12   21.55012  -86.74914    0.00119   -0.00223          2  0.000e+00
      25038   1043.208      3.349      3.370    28.8971    28.9007   5.902936   5.903890     3.0208     2.5348      20.12   21.55012  -86.74914    0.00120   -0.00232          2  0.000e+00
      25039   1043.250      3.355      3.376    28.8973    28.9025   5.903023   5.904019     3.0208     2.5348      20.12   21.55012  -86.74914    0.00121   -0.00241          2  0.000e+00
      25040   1043.292      3.355      3.376    28.8977    28.9035   5.902999   5.904011     3.0208     2.5348      20.12   21.55012  -86.74914    0.00121   -0.00249          2  0.000e+00
      25041   1043.333      3.355      3.376    28.8976    28.9055   5.902991   5.904172     3.0208     2.5360      20.12   21.55012  -86.74914    0.00122   -0.00256          2  0.000e+00
      25042   1043.375      3.403      3.424    28.8969    28.9058   5.902999   5.904204     3.0208     2.5360      20.12   21.55012  -86.74914    0.00122   -0.00262          2  0.000e+00
      25043   1043.417      3.355      3.376    28.8967    28.9033   5.902999   5.904003     3.0208     2.5360      20.12   21.55012  -86.74914    0.00122   -0.00268          2  0.000e+00
      25044   1043.458      3.403      3.424    28.8963    28.8986   5.902951   5.903697     3.0208     2.5372      20.12   21.55012  -86.74914    0.00123   -0.00273          2  0.000e+00
      25045   1043.500      3.403      3.424    28.8959    28.8966   5.902912   5.903576     3.0208     2.5372      20.12   21.55012  -86.74914    0.00124   -0.00277          2  0.000e+00
      25046   1043.542      3.450      3.472    28.8956    28.8961   5.902864   5.903463     3.0208     2.5372      20.15   21.55012  -86.74914    0.00126   -0.00281          2  0.000e+00
      25047   1043.583      3.403      3.424    28.8954    28.8951   5.902856   5.903487     3.0208     2.5372      20.17   21.55012  -86.74914    0.00127   -0.00283          2  0.000e+00
      25048   1043.625      3.403      3.424    28.8945    28.8942   5.902800   5.903366     3.0208     2.5385      20.20   21.55012  -86.74914    0.00129   -0.00283          2  0.000e+00
      25049   1043.667      3.450      3.472    28.8938    28.8916   5.902761   5.903181     3.0208     2.5385      20.20   21.55012  -86.74914    0.00130   -0.00282          2  0.000e+00
      25050   1043.708      3.403      3.424    28.8930    28.8916   5.902649   5.903165     3.0220     2.5385      20.17   21.55012  -86.74914    0.00133   -0.00282          2  0.000e+00
      25051   1043.750      3.450      3.472    28.8927    28.8914   5.902578   5.903109     3.0220     2.5385      20.20   21.55012  -86.74914    0.00138   -0.00281          2  0.000e+00
      25052   1043.792      3.504      3.526    28.8912    28.8914   5.902475   5.903117     3.0220     2.5385      20.17   21.55012  -86.74914    0.00140   -0.00281          2  0.000e+00
      25053   1043.833      3.403      3.424    28.8910    28.8922   5.902538   5.903205     3.0220     2.5397      20.17   21.55012  -86.74914    0.00145   -0.00278          2  0.000e+00
      25054   1043.875      3.498      3.519    28.8919    28.8929   5.902570   5.903294     3.0220     2.5397      20.20   21.55012  -86.74914    0.00147   -0.00275          2  0.000e+00
      25055   1043.917      3.450      3.472    28.8914    28.8936   5.902475   5.903326     3.0220     2.5397      20.17   21.55012  -86.74914    0.00151   -0.00271          2  0.000e+00
      25056   1043.958      3.504      3.526    28.8921    28.8942   5.902681   5.903358     3.0220     2.5397      20.17   21.55012  -86.74914    0.00154   -0.00266          2  0.000e+00
      25057   1044.000      3.504      3.526    28.8967    28.8946   5.903119   5.903447     3.0220     2.5397      20.17   21.55012  -86.74914    0.00157   -0.00261          2  0.000e+00
      25058   1044.042      3.504      3.526    28.8980    28.8955   5.903317   5.903568     3.0220     2.5397      20.17   21.55012  -86.74914    0.00159   -0.00255          2  0.000e+00
      25059   1044.083      3.504      3.526    28.8991    28.8966   5.903365   5.903705     3.0220     2.5397      20.17   21.55012  -86.74914    0.00163   -0.00250          2  0.000e+00
      25060   1044.125      3.504      3.526    28.8995    28.8992   5.903452   5.903939     3.0220     2.5397      20.17   21.55012  -86.74914    0.00166   -0.00245          2  0.000e+00
