Gulf of Mexico/GOMECC-4/1db/rb2103_1331.ros
* Sea-Bird SBE 9 Data File:
* FileName = C:\Users\scs.user.rb\CTD\GOMECC4\data\rb2103_1331.hex
* Software Version Seasave V 7.26.7.107
* Temperature SN = 4799
* Conductivity SN = 3860
* Number of Bytes Per Scan = 41
* Number of Voltage Words = 4
* Number of Scans Averaged by the Deck Unit = 1
* NMEA Latitude = 26 31.24 N
* NMEA Longitude = 083 24.57 W
* NMEA UTC (Time) = Oct 19 2021  21:06:28
* NMEA baud rate = 4800
# nquan = 17
# nvalues = 798                                   
# units = specified
# name 0 = scan: Scan Count
# name 1 = timeS: Time, Elapsed [seconds]
# name 2 = depSM: Depth [salt water, m]
# name 3 = prDM: Pressure, Digiquartz [db]
# name 4 = t090C: Temperature [ITS-90, deg C]
# name 5 = t190C: Temperature, 2 [ITS-90, deg C]
# name 6 = c0S/m: Conductivity [S/m]
# name 7 = c1S/m: Conductivity, 2 [S/m]
# name 8 = sbeox0V: Oxygen raw, SBE 43 [V]
# name 9 = sbeox1V: Oxygen raw, SBE 43, 2 [V]
# name 10 = altM: Altimeter [m]
# name 11 = latitude: Latitude [deg]
# name 12 = longitude: Longitude [deg]
# name 13 = sbox0dV/dT: Oxygen, SBE 43 [dov/dt]
# name 14 = sbox1dV/dT: Oxygen, SBE 43, 2 [dov/dt]
# name 15 = nbf: Bottles Fired
# name 16 = flag:  0.000e+00
# interval = seconds: 0.0416667
# start_time = Oct 19 2021 21:06:28 [NMEA time, header]
# bad_flag = -9.990e-29
*END*
      16109    671.167     47.872     48.193    25.8834    25.9255   5.567682   5.572516     2.9621     2.5116       7.42   26.52084  -83.40950   -0.00153   -0.00059          1  0.000e+00
      16110    671.208     48.319     48.643    25.8504    25.9419   5.565147   5.573546     2.9621     2.5116       7.42   26.52084  -83.40950   -0.00150   -0.00047          1  0.000e+00
      16111    671.250     47.920     48.241    25.8640    25.9375   5.566628   5.571383     2.9621     2.5116       7.42   26.52084  -83.40950   -0.00147   -0.00036          1  0.000e+00
      16112    671.292     48.218     48.541    25.8825    25.9106   5.568388   5.568059     2.9634     2.5116       7.42   26.52084  -83.40950   -0.00145   -0.00025          1  0.000e+00
      16113    671.333     48.170     48.493    25.8828    25.8990   5.568396   5.567540     2.9621     2.5116       7.42   26.52084  -83.40950   -0.00141   -0.00013          1  0.000e+00
      16114    671.375     48.170     48.493    25.8863    25.9033   5.569737   5.569096     2.9621     2.5116       7.42   26.52084  -83.40950   -0.00140   -0.00002          1  0.000e+00
      16115    671.417     48.170     48.493    25.9134    25.9191   5.571668   5.571195     2.9634     2.5116       7.42   26.52084  -83.40950   -0.00137    0.00010          1  0.000e+00
      16116    671.458     48.217     48.541    25.9342    25.9364   5.572475   5.572594     2.9646     2.5116       7.42   26.52084  -83.40950   -0.00130    0.00020          1  0.000e+00
      16117    671.500     48.217     48.541    25.9489    25.9428   5.571947   5.572814     2.9621     2.5116       7.42   26.52084  -83.40950   -0.00126    0.00030          1  0.000e+00
      16118    671.542     48.217     48.541    25.9235    25.9215   5.568728   5.571336     2.9621     2.5116       7.42   26.52084  -83.40950   -0.00125    0.00040          1  0.000e+00
      16119    671.583     48.217     48.540    25.8632    25.8963   5.564457   5.570000     2.9634     2.5116       7.40   26.52084  -83.40950   -0.00121    0.00050          1  0.000e+00
      16120    671.625     48.217     48.540    25.8375    25.8679   5.561922   5.568051     2.9634     2.5104       7.35   26.52084  -83.40950   -0.00115    0.00057          1  0.000e+00
      16121    671.667     48.271     48.595    25.8554    25.8370   5.563480   5.564068     2.9634     2.5116       7.33   26.52084  -83.40950   -0.00110    0.00066          1  0.000e+00
      16122    671.708     48.217     48.540    25.8822    25.8132   5.566705   5.561491     2.9634     2.5104       7.33   26.52084  -83.40950   -0.00106    0.00072          1  0.000e+00
      16123    671.750     48.271     48.595    25.9008    25.7986   5.569450   5.560391     2.9634     2.5104       7.33   26.52084  -83.40950   -0.00102    0.00078          1  0.000e+00
      16124    671.792     48.271     48.595    25.9196    25.7864   5.571598   5.559535     2.9634     2.5104       7.33   26.52084  -83.40950   -0.00096    0.00083          1  0.000e+00
      16125    671.833     48.217     48.540    25.9287    25.7775   5.571753   5.558836     2.9634     2.5104       7.33   26.52084  -83.40950   -0.00092    0.00088          1  0.000e+00
      16126    671.875     48.271     48.595    25.9157    25.7805   5.568162   5.557878     2.9634     2.5104       7.33   26.52084  -83.40950   -0.00088    0.00091          1  0.000e+00
      16127    671.917     48.271     48.595    25.8650    25.7817   5.563170   5.556245     2.9634     2.5104       7.33   26.52084  -83.40950   -0.00082    0.00095          1  0.000e+00
      16128    671.958     48.271     48.595    25.8325    25.7842   5.560636   5.555891     2.9634     2.5104       7.33   26.52084  -83.40950   -0.00075    0.00098          1  0.000e+00
      16129    672.000     48.271     48.595    25.8243    25.7884   5.559582   5.556723     2.9621     2.5104       7.33   26.52084  -83.40950   -0.00073    0.00102          1  0.000e+00
      16130    672.042     48.271     48.595    25.8063    25.7937   5.558280   5.557941     2.9621     2.5104       7.33   26.52084  -83.40950   -0.00068    0.00105          1  0.000e+00
      16131    672.083     48.319     48.642    25.7887    25.8026   5.556971   5.557234     2.9634     2.5104       7.33   26.52084  -83.40950   -0.00061    0.00109          1  0.000e+00
      16132    672.125     48.271     48.595    25.7792    25.7980   5.556328   5.553268     2.9621     2.5104       7.33   26.52084  -83.40950   -0.00056    0.00112          1  0.000e+00
      16133    672.167     48.319     48.642    25.7674    25.7577   5.554531   5.548520     2.9621     2.5104       7.33   26.52084  -83.40950   -0.00053    0.00114          1  0.000e+00
      16134    672.208     48.271     48.595    25.7333    25.7133   5.549675   5.544676     2.9634     2.5116       7.33   26.52084  -83.40950   -0.00046    0.00117          1  0.000e+00
      16135    672.250     48.318     48.642    25.6976    25.6605   5.544767   5.542896     2.9621     2.5104       7.33   26.52084  -83.40950   -0.00041    0.00119          1  0.000e+00
      16136    672.292     48.271     48.595    25.6546    25.6810   5.540797   5.545210     2.9621     2.5104       7.33   26.52084  -83.40950   -0.00037    0.00121          1  0.000e+00
      16137    672.333     48.298     48.622    25.6172    25.7262   5.538322   5.550546     2.9621     2.5104       7.33   26.52084  -83.40950   -0.00034    0.00122          1  0.000e+00
      16138    672.375     48.318     48.642    25.5919    25.7660   5.536535   5.555475     2.9621     2.5104       7.33   26.52084  -83.40950   -0.00028    0.00124          1  0.000e+00
      16139    672.417     48.318     48.642    25.5735    25.7790   5.535599   5.556614     2.9621     2.5104       7.33   26.52084  -83.40950   -0.00024    0.00125          1  0.000e+00
      16140    672.458     48.271     48.595    25.5675    25.7697   5.535568   5.556033     2.9621     2.5092       7.33   26.52084  -83.40950   -0.00020    0.00125          1  0.000e+00
      16141    672.500     48.318     48.642    25.5626    25.7824   5.535638   5.557038     2.9621     2.5092       7.33   26.52084  -83.40950   -0.00016    0.00124          1  0.000e+00
      16142    672.542     48.318     48.642    25.5570    25.7852   5.535685   5.558027     2.9621     2.5092       7.33   26.52084  -83.40950   -0.00013    0.00124          1  0.000e+00
      16143    672.583     48.318     48.642    25.5625    25.7560   5.536110   5.558460     2.9621     2.5079       7.30   26.52084  -83.40950   -0.00010    0.00120          1  0.000e+00
      16144    672.625     48.318     48.642    25.5688    25.7537   5.536280   5.559709     2.9621     2.5079       7.23   26.52084  -83.40950   -0.00008    0.00116          1  0.000e+00
      16145    672.667     48.318     48.642    25.5679    25.7766   5.535476   5.561272     2.9621     2.5067       7.18   26.52084  -83.40950   -0.00003    0.00111          1  0.000e+00
      16146    672.708     48.271     48.594    25.5592    25.7854   5.534339   5.562827     2.9621     2.5067       7.18   26.52084  -83.40950   -0.00002    0.00105          1  0.000e+00
      16147    672.750     48.318     48.642    25.5466    25.8030   5.533952   5.563353     2.9621     2.5067       7.18   26.52084  -83.40950    0.00001    0.00100          1  0.000e+00
      16148    672.792     48.318     48.642    25.5322    25.8120   5.534053   5.563219     2.9621     2.5055       7.20   26.52082  -83.40950    0.00004    0.00093          1  0.000e+00
      16149    672.833     48.318     48.642    25.5300    25.8287   5.534471   5.563274     2.9609     2.5055       7.18   26.52082  -83.40950    0.00003    0.00085          1  0.000e+00
      16150    672.875     48.318     48.642    25.5429    25.8345   5.536149   5.563408     2.9609     2.5043       7.18   26.52082  -83.40950    0.00001    0.00075          1  0.000e+00
      16151    672.917     48.271     48.594    25.5680    25.8345   5.538346   5.563023     2.9609     2.5043       7.20   26.52082  -83.40950    0.00001    0.00066          1  0.000e+00
      16152    672.958     48.318     48.642    25.5940    25.8305   5.540620   5.562268     2.9609     2.5031       7.20   26.52082  -83.40950    0.00000    0.00054          1  0.000e+00
      16153    673.000     48.318     48.642    25.6165    25.8230   5.542555   5.561648     2.9597     2.5031       7.20   26.52082  -83.40950   -0.00002    0.00044          1  0.000e+00
      16154    673.042     48.271     48.594    25.6415    25.8185   5.544156   5.561483     2.9597     2.5031       7.20   26.52082  -83.40950   -0.00004    0.00032          1  0.000e+00
      16155    673.083     48.318     48.642    25.6619    25.8197   5.545433   5.561467     2.9597     2.5018       7.20   26.52082  -83.40950   -0.00007    0.00018          1  0.000e+00
      16156    673.125     48.318     48.642    25.6759    25.8267   5.546463   5.561467     2.9585     2.5018       7.18   26.52082  -83.40950   -0.00011    0.00005          1  0.000e+00
      16157    673.167     48.318     48.642    25.6858    25.8212   5.547593   5.561499     2.9585     2.5018       7.20   26.52082  -83.40950   -0.00016   -0.00008          1  0.000e+00
      16158    673.208     48.271     48.594    25.7093    25.8211   5.549234   5.561656     2.9573     2.5006       7.20   26.52082  -83.40950   -0.00022   -0.00023          1  0.000e+00
      16159    673.250     48.318     48.642    25.7228    25.8240   5.551643   5.561774     2.9573     2.5006       7.20   26.52082  -83.40950   -0.00027   -0.00038          1  0.000e+00
      16160    673.292     48.271     48.594    25.7443    25.8228   5.554423   5.562198     2.9573     2.4994       7.20   26.52082  -83.40950   -0.00034   -0.00054          1  0.000e+00
      16161    673.333     48.271     48.594    25.7604    25.8247   5.555895   5.563243     2.9560     2.4982       7.20   26.52082  -83.40950   -0.00042   -0.00072          1  0.000e+00
      16162    673.375     48.271     48.594    25.7699    25.8332   5.556414   5.564256     2.9548     2.4994       7.18   26.52082  -83.40950   -0.00051   -0.00088          1  0.000e+00
      16163    673.417     48.318     48.642    25.7781    25.8430   5.557103   5.565089     2.9548     2.5006       7.20   26.52082  -83.40950   -0.00059   -0.00102          1  0.000e+00
      16164    673.458     48.270     48.594    25.7911    25.8544   5.558110   5.565513     2.9548     2.4994       7.20   26.52082  -83.40950   -0.00068   -0.00117          1  0.000e+00
      16165    673.500     48.216     48.539    25.7963    25.8588   5.558738   5.565662     2.9536     2.4982       7.20   26.52082  -83.40950   -0.00079   -0.00134          1  0.000e+00
      16166    673.542     48.318     48.642    25.8011    25.8577   5.559257   5.566150     2.9524     2.4982       7.20   26.52082  -83.40950   -0.00091   -0.00151          1  0.000e+00
      16167    673.583     48.216     48.539    25.8073    25.8613   5.559621   5.567046     2.9524     2.4969       7.20   26.52082  -83.40950   -0.00102   -0.00169          1  0.000e+00
      16168    673.625     48.270     48.594    25.8147    25.8688   5.559559   5.567556     2.9524     2.4982       7.23   26.52082  -83.40950   -0.00114   -0.00185          1  0.000e+00
      16169    673.667     48.216     48.539    25.8350    25.8757   5.559760   5.567533     2.9512     2.4982       7.25   26.52082  -83.40950   -0.00127   -0.00203          1  0.000e+00
      16170    673.708     48.270     48.594    25.8538    25.8754   5.560085   5.567816     2.9512     2.4994       7.23   26.52082  -83.40950   -0.00140   -0.00217          1  0.000e+00
      16171    673.750     48.270     48.594    25.8432    25.8780   5.560155   5.569128     2.9512     2.4982       7.23   26.52082  -83.40950   -0.00152   -0.00232          1  0.000e+00
      16172    673.792     48.216     48.539    25.8153    25.8928   5.560202   5.570802     2.9499     2.5006       7.23   26.52082  -83.40950   -0.00166   -0.00244          1  0.000e+00
      16173    673.833     48.216     48.539    25.8040    25.9155   5.560939   5.572021     2.9512     2.4994       7.23   26.52082  -83.40950   -0.00178   -0.00259          1  0.000e+00
      16174    673.875     48.270     48.594    25.8406    25.9299   5.562101   5.573003     2.9499     2.4982       7.23   26.52082  -83.40950   -0.00191   -0.00274          1  0.000e+00
      16175    673.917     48.101     48.423    25.8878    25.9413   5.563410   5.573522     2.9499     2.4982       7.25   26.52082  -83.40950   -0.00204   -0.00288          1  0.000e+00
      16176    673.958     48.318     48.641    25.8982    25.9462   5.564604   5.573884     2.9499     2.4982       7.23   26.52082  -83.40950   -0.00216   -0.00303          1  0.000e+00
      16177    674.000     48.216     48.539    25.8962    25.9491   5.565402   5.574426     2.9487     2.4982       7.23   26.52082  -83.40950   -0.00230   -0.00317          1  0.000e+00
      16178    674.042     48.216     48.539    25.8961    25.9615   5.565581   5.575102     2.9487     2.4982       7.23   26.52082  -83.40950   -0.00245   -0.00331          1  0.000e+00
      16179    674.083     48.169     48.491    25.8860    25.9713   5.565302   5.575023     2.9487     2.4982       7.23   26.52082  -83.40950   -0.00258   -0.00345          1  0.000e+00
      16180    674.125     48.216     48.539    25.8652    25.9632   5.564829   5.574253     2.9475     2.4982       7.23   26.52082  -83.40950   -0.00273   -0.00356          1  0.000e+00
      16181    674.167     48.216     48.539    25.8569    25.9479   5.565194   5.573404     2.9487     2.5006       7.23   26.52082  -83.40950   -0.00285   -0.00364          1  0.000e+00
      16182    674.208     48.168     48.491    25.8657    25.9390   5.566457   5.573341     2.9487     2.4994       7.23   26.52082  -83.40950   -0.00299   -0.00374          1  0.000e+00
      16183    674.250     48.168     48.491    25.8919    25.9382   5.567403   5.573734     2.9487     2.4994       7.25   26.52082  -83.40950   -0.00312   -0.00383          1  0.000e+00
      16184    674.292     48.216     48.539    25.9076    25.9395   5.567666   5.573774     2.9487     2.4982       7.23   26.52082  -83.40950   -0.00323   -0.00392          1  0.000e+00
      16185    674.333     48.168     48.491    25.9098    25.9470   5.567379   5.573577     2.9487     2.5006       7.23   26.52082  -83.40950   -0.00336   -0.00397          1  0.000e+00
      16186    674.375     48.168     48.491    25.8944    25.9503   5.567038   5.573176     2.9487     2.4994       7.23   26.52082  -83.40950   -0.00348   -0.00403          1  0.000e+00
      16187    674.417     48.168     48.491    25.8853    25.9480   5.567023   5.572712     2.9487     2.5006       7.23   26.52082  -83.40950   -0.00358   -0.00408          1  0.000e+00
      16188    674.458     48.168     48.491    25.8879    25.9333   5.567186   5.572531     2.9487     2.5006       7.25   26.52082  -83.40950   -0.00368   -0.00410          1  0.000e+00
      16189    674.500     48.168     48.491    25.8937    25.9335   5.567372   5.572445     2.9487     2.5006       7.25   26.52082  -83.40950   -0.00377   -0.00413          1  0.000e+00
      16190    674.542     48.168     48.491    25.8980    25.9484   5.567387   5.572319     2.9499     2.5006       7.23   26.52082  -83.40950   -0.00384   -0.00415          1  0.000e+00
      16191    674.583     48.121     48.443    25.9100    25.9511   5.567162   5.572421     2.9499     2.5006       7.25   26.52082  -83.40950   -0.00391   -0.00416          1  0.000e+00
      16192    674.625     48.168     48.491    25.9058    25.9479   5.567054   5.572570     2.9499     2.5006       7.33   26.52082  -83.40950   -0.00398   -0.00418          1  0.000e+00
      16193    674.667     48.168     48.491    25.8860    25.9503   5.566907   5.572602     2.9499     2.5018       7.35   26.52082  -83.40950   -0.00404   -0.00415          1  0.000e+00
