Gulf of Mexico/GOMECC-4/1db/rb2103_1091.ros
* Sea-Bird SBE 9 Data File:
* FileName = C:\Users\scs.user.rb\CTD\GOMECC4\data\rb2103_1091.hex
* Software Version Seasave V 7.26.7.107
* Temperature SN = 4799
* Conductivity SN = 3860
* Number of Bytes Per Scan = 41
* Number of Voltage Words = 4
* Number of Scans Averaged by the Deck Unit = 1
* NMEA Latitude = 22 44.06 N
* NMEA Longitude = 086 29.42 W
* NMEA UTC (Time) = Oct 15 2021  01:38:41
* NMEA baud rate = 4800
# nquan = 17
# nvalues = 2926                                  
# units = specified
# name 0 = scan: Scan Count
# name 1 = timeS: Time, Elapsed [seconds]
# name 2 = depSM: Depth [salt water, m]
# name 3 = prDM: Pressure, Digiquartz [db]
# name 4 = t090C: Temperature [ITS-90, deg C]
# name 5 = t190C: Temperature, 2 [ITS-90, deg C]
# name 6 = c0S/m: Conductivity [S/m]
# name 7 = c1S/m: Conductivity, 2 [S/m]
# name 8 = sbeox0V: Oxygen raw, SBE 43 [V]
# name 9 = sbeox1V: Oxygen raw, SBE 43, 2 [V]
# name 10 = altM: Altimeter [m]
# name 11 = latitude: Latitude [deg]
# name 12 = longitude: Longitude [deg]
# name 13 = sbox0dV/dT: Oxygen, SBE 43 [dov/dt]
# name 14 = sbox1dV/dT: Oxygen, SBE 43, 2 [dov/dt]
# name 15 = nbf: Bottles Fired
# name 16 = flag:  0.000e+00
# interval = seconds: 0.0416667
# start_time = Oct 15 2021 01:38:41 [NMEA time, header]
# bad_flag = -9.990e-29
*END*
[from data line 426]
      40470   1686.208    572.636    577.057     8.6994     8.7147   3.714977   3.716507     1.6398     1.3370      89.69   22.74598  -86.49730    0.00034    0.00024          4  0.000e+00
      40471   1686.250    572.595    577.016     8.6973     8.7150   3.714800   3.716494     1.6398     1.3370      89.69   22.74598  -86.49730    0.00036    0.00024          4  0.000e+00
      40472   1686.292    572.691    577.113     8.6972     8.7152   3.714826   3.716487     1.6398     1.3370      89.57   22.74598  -86.49730    0.00036    0.00025          4  0.000e+00
      40473   1686.333    572.588    577.009     8.6986     8.7152   3.714879   3.716507     1.6386     1.3370      89.50   22.74598  -86.49730    0.00036    0.00026          4  0.000e+00
      40474   1686.375    572.595    577.016     8.6986     8.7154   3.714938   3.716554     1.6398     1.3370      89.47   22.74598  -86.49730    0.00036    0.00026          4  0.000e+00
      40475   1686.417    572.691    577.113     8.6981     8.7152   3.714898   3.716554     1.6398     1.3370      89.47   22.74598  -86.49730    0.00036    0.00025          4  0.000e+00
      40476   1686.458    572.595    577.016     8.6987     8.7156   3.714938   3.716500     1.6398     1.3370      89.45   22.74598  -86.49730    0.00038    0.00025          4  0.000e+00
      40477   1686.500    572.691    577.113     8.7012     8.7159   3.715155   3.716554     1.6398     1.3370      89.50   22.74598  -86.49730    0.00038    0.00026          4  0.000e+00
      40478   1686.542    572.650    577.071     8.7033     8.7159   3.715319   3.716507     1.6386     1.3370      89.50   22.74598  -86.49730    0.00038    0.00027          4  0.000e+00
      40479   1686.583    572.636    577.058     8.7026     8.7148   3.715299   3.716387     1.6398     1.3370      89.50   22.74598  -86.49730    0.00038    0.00028          4  0.000e+00
      40480   1686.625    572.650    577.071     8.7022     8.7139   3.715260   3.716268     1.6398     1.3370      89.47   22.74598  -86.49730    0.00038    0.00029          4  0.000e+00
      40481   1686.667    572.636    577.058     8.7028     8.7130   3.715299   3.716201     1.6398     1.3370      89.50   22.74598  -86.49730    0.00039    0.00030          4  0.000e+00
      40482   1686.708    572.698    577.120     8.7012     8.7126   3.715168   3.716208     1.6398     1.3370      89.47   22.74598  -86.49730    0.00040    0.00031          4  0.000e+00
      40483   1686.750    572.636    577.058     8.7002     8.7126   3.715023   3.716268     1.6398     1.3370      89.47   22.74598  -86.49730    0.00042    0.00032          4  0.000e+00
      40484   1686.792    572.698    577.120     8.7000     8.7128   3.715063   3.716308     1.6398     1.3370      89.47   22.74598  -86.49730    0.00043    0.00033          4  0.000e+00
      40485   1686.833    572.636    577.058     8.7005     8.7131   3.715109   3.716321     1.6398     1.3370      89.50   22.74598  -86.49730    0.00045    0.00034          4  0.000e+00
      40486   1686.875    572.698    577.120     8.7025     8.7133   3.715319   3.716321     1.6398     1.3370      89.50   22.74598  -86.49730    0.00044    0.00035          4  0.000e+00
      40487   1686.917    572.636    577.058     8.7087     8.7127   3.715903   3.716281     1.6398     1.3370      89.47   22.74598  -86.49730    0.00045    0.00035          4  0.000e+00
      40488   1686.958    572.650    577.071     8.7145     8.7127   3.716298   3.716208     1.6398     1.3370      89.50   22.74598  -86.49730    0.00045    0.00036          4  0.000e+00
      40489   1687.000    572.691    577.113     8.7103     8.7123   3.716094   3.716108     1.6386     1.3370      89.47   22.74598  -86.49730    0.00044    0.00037          4  0.000e+00
      40490   1687.042    572.691    577.113     8.7084     8.7116   3.715930   3.716134     1.6398     1.3370      89.47   22.74598  -86.49730    0.00044    0.00038          4  0.000e+00
      40491   1687.083    572.698    577.120     8.7079     8.7115   3.715864   3.716154     1.6398     1.3370      89.50   22.74598  -86.49730    0.00045    0.00038          4  0.000e+00
      40492   1687.125    572.637    577.058     8.7097     8.7118   3.715943   3.716174     1.6398     1.3370      89.50   22.74598  -86.49730    0.00046    0.00039          4  0.000e+00
      40493   1687.167    572.698    577.120     8.7080     8.7122   3.715825   3.716234     1.6398     1.3370      89.47   22.74598  -86.49730    0.00047    0.00039          4  0.000e+00
      40494   1687.208    572.691    577.113     8.7053     8.7125   3.715575   3.716241     1.6386     1.3370      89.47   22.74598  -86.49730    0.00046    0.00040          4  0.000e+00
      40495   1687.250    572.698    577.120     8.7023     8.7124   3.715365   3.716248     1.6398     1.3370      89.47   22.74598  -86.49730    0.00045    0.00041          4  0.000e+00
      40496   1687.292    572.691    577.113     8.7000     8.7123   3.715115   3.716228     1.6386     1.3370      89.45   22.74598  -86.49730    0.00044    0.00041          4  0.000e+00
      40497   1687.333    572.698    577.120     8.6984     8.7129   3.714925   3.716268     1.6398     1.3370      89.40   22.74598  -86.49730    0.00043    0.00041          4  0.000e+00
      40498   1687.375    572.739    577.161     8.6984     8.7127   3.714964   3.716234     1.6386     1.3370      89.40   22.74598  -86.49730    0.00041    0.00042          4  0.000e+00
      40499   1687.417    572.650    577.071     8.7000     8.7122   3.715010   3.716168     1.6386     1.3370      89.40   22.74598  -86.49730    0.00038    0.00042          4  0.000e+00
      40500   1687.458    572.739    577.161     8.6989     8.7119   3.714964   3.716128     1.6386     1.3370      89.40   22.74598  -86.49730    0.00037    0.00043          4  0.000e+00
      40501   1687.500    572.698    577.120     8.6974     8.7113   3.714853   3.716134     1.6386     1.3370      89.40   22.74598  -86.49730    0.00034    0.00043          4  0.000e+00
      40502   1687.542    572.691    577.113     8.6971     8.7108   3.714741   3.716075     1.6386     1.3370      89.40   22.74598  -86.49730    0.00033    0.00043          4  0.000e+00
      40503   1687.583    572.746    577.168     8.6963     8.7103   3.714695   3.716028     1.6386     1.3370      89.40   22.74598  -86.49730    0.00032    0.00043          4  0.000e+00
      40504   1687.625    572.691    577.113     8.6963     8.7099   3.714708   3.715995     1.6398     1.3370      89.40   22.74598  -86.49730    0.00031    0.00044          4  0.000e+00
      40505   1687.667    572.739    577.161     8.6971     8.7095   3.714793   3.715908     1.6386     1.3370      89.40   22.74598  -86.49730    0.00030    0.00044          4  0.000e+00
      40506   1687.708    572.698    577.120     8.6986     8.7084   3.714892   3.715788     1.6398     1.3370      89.40   22.74598  -86.49730    0.00031    0.00044          4  0.000e+00
      40507   1687.750    572.739    577.161     8.6989     8.7066   3.714918   3.715635     1.6398     1.3370      89.40   22.74598  -86.49730    0.00030    0.00044          4  0.000e+00
      40508   1687.792    572.698    577.120     8.6973     8.7065   3.714866   3.715635     1.6386     1.3370      89.40   22.74600  -86.49730    0.00027    0.00044          4  0.000e+00
      40509   1687.833    572.739    577.161     8.6969     8.7076   3.714826   3.715729     1.6398     1.3370      89.40   22.74600  -86.49730    0.00027    0.00044          4  0.000e+00
      40510   1687.875    572.698    577.120     8.6973     8.7073   3.714767   3.715709     1.6398     1.3370      89.40   22.74600  -86.49730    0.00026    0.00044          4  0.000e+00
      40511   1687.917    572.739    577.161     8.6969     8.7066   3.714754   3.715642     1.6398     1.3370      89.40   22.74600  -86.49730    0.00026    0.00044          4  0.000e+00
      40512   1687.958    572.746    577.168     8.6966     8.7063   3.714728   3.715575     1.6386     1.3370      89.40   22.74600  -86.49730    0.00025    0.00044          4  0.000e+00
      40513   1688.000    572.691    577.113     8.6965     8.7056   3.714741   3.715536     1.6398     1.3370      89.40   22.74600  -86.49730    0.00025    0.00042          4  0.000e+00
      40514   1688.042    572.746    577.168     8.6966     8.7055   3.714754   3.715549     1.6386     1.3370      89.40   22.74600  -86.49730    0.00024    0.00042          4  0.000e+00
      40515   1688.083    572.739    577.161     8.6965     8.7055   3.714774   3.715609     1.6386     1.3370      89.40   22.74600  -86.49730    0.00022    0.00042          4  0.000e+00
      40516   1688.125    572.746    577.168     8.6965     8.7062   3.714761   3.715669     1.6398     1.3370      89.43   22.74600  -86.49730    0.00023    0.00041          4  0.000e+00
      40517   1688.167    572.739    577.161     8.6969     8.7060   3.714754   3.715615     1.6398     1.3370      89.40   22.74600  -86.49730    0.00023    0.00041          4  0.000e+00
      40518   1688.208    572.650    577.072     8.6974     8.7045   3.714774   3.715442     1.6398     1.3370      89.40   22.74600  -86.49730    0.00023    0.00041          4  0.000e+00
      40519   1688.250    572.841    577.265     8.6984     8.7037   3.714859   3.715316     1.6398     1.3370      89.40   22.74600  -86.49730    0.00024    0.00040          4  0.000e+00
      40520   1688.292    572.739    577.161     8.6986     8.7037   3.714885   3.715316     1.6398     1.3370      89.40   22.74600  -86.49730    0.00024    0.00040          4  0.000e+00
      40521   1688.333    572.746    577.168     8.6978     8.7027   3.714859   3.715229     1.6386     1.3370      89.35   22.74600  -86.49730    0.00022    0.00039          4  0.000e+00
      40522   1688.375    572.794    577.216     8.6984     8.7006   3.714925   3.715076     1.6386     1.3370      89.35   22.74600  -86.49730    0.00021    0.00039          4  0.000e+00
      40523   1688.417    572.746    577.168     8.6999     8.6994   3.715004   3.714937     1.6386     1.3370      89.35   22.74600  -86.49730    0.00019    0.00038          4  0.000e+00
      40524   1688.458    572.739    577.161     8.7004     8.6983   3.715043   3.714870     1.6398     1.3370      89.35   22.74600  -86.49730    0.00019    0.00038          4  0.000e+00
      40525   1688.500    572.801    577.223     8.6997     8.6983   3.714977   3.714843     1.6398     1.3370      89.35   22.74600  -86.49730    0.00019    0.00037          4  0.000e+00
      40526   1688.542    572.739    577.161     8.6989     8.6981   3.714905   3.714837     1.6386     1.3370      89.35   22.74600  -86.49730    0.00018    0.00037          4  0.000e+00
      40527   1688.583    572.746    577.168     8.6981     8.6983   3.714892   3.714883     1.6386     1.3370      89.35   22.74600  -86.49730    0.00016    0.00036          4  0.000e+00
      40528   1688.625    572.794    577.216     8.6979     8.6988   3.714813   3.714950     1.6386     1.3370      89.35   22.74600  -86.49730    0.00014    0.00035          4  0.000e+00
      40529   1688.667    572.801    577.223     8.6974     8.6988   3.714787   3.714970     1.6398     1.3370      89.35   22.74600  -86.49730    0.00014    0.00035          4  0.000e+00
      40530   1688.708    572.739    577.161     8.6969     8.6991   3.714787   3.714970     1.6386     1.3370      89.35   22.74600  -86.49730    0.00013    0.00034          4  0.000e+00
      40531   1688.750    572.801    577.223     8.6972     8.6994   3.714787   3.714990     1.6398     1.3370      89.35   22.74600  -86.49730    0.00013    0.00033          4  0.000e+00
      40532   1688.792    572.794    577.216     8.6976     8.6996   3.714787   3.715043     1.6386     1.3370      89.35   22.74600  -86.49730    0.00011    0.00032          4  0.000e+00
      40533   1688.833    572.794    577.216     8.6973     8.6999   3.714761   3.715036     1.6398     1.3370      89.35   22.74600  -86.49730    0.00011    0.00031          4  0.000e+00
      40534   1688.875    572.746    577.168     8.6973     8.7004   3.714774   3.715103     1.6386     1.3370      89.35   22.74600  -86.49730    0.00009    0.00030          4  0.000e+00
      40535   1688.917    572.794    577.216     8.6974     8.7007   3.714761   3.715150     1.6386     1.3370      89.35   22.74600  -86.49730    0.00008    0.00030          4  0.000e+00
      40536   1688.958    572.801    577.223     8.6969     8.7019   3.714754   3.715209     1.6398     1.3370      89.35   22.74600  -86.49730    0.00008    0.00029          4  0.000e+00
      40537   1689.000    572.794    577.216     8.6965     8.7019   3.714728   3.715229     1.6398     1.3370      89.35   22.74600  -86.49730    0.00007    0.00028          4  0.000e+00
      40538   1689.042    572.801    577.223     8.6971     8.7017   3.714741   3.715176     1.6386     1.3370      89.35   22.74600  -86.49730    0.00006    0.00027          4  0.000e+00
      40539   1689.083    572.794    577.216     8.6973     8.7015   3.714754   3.715209     1.6398     1.3370      89.35   22.74600  -86.49730    0.00006    0.00025          4  0.000e+00
      40540   1689.125    572.801    577.223     8.6969     8.7019   3.714754   3.715229     1.6398     1.3370      89.35   22.74600  -86.49730    0.00005    0.00024          4  0.000e+00
      40541   1689.167    572.794    577.216     8.6969     8.7019   3.714728   3.715223     1.6398     1.3370      89.35   22.74600  -86.49730    0.00007    0.00023          4  0.000e+00
      40542   1689.208    572.801    577.223     8.6966     8.7015   3.714695   3.715176     1.6398     1.3370      89.35   22.74600  -86.49730    0.00007    0.00022          4  0.000e+00
      40543   1689.250    572.794    577.216     8.6963     8.7012   3.714688   3.715136     1.6386     1.3370      89.35   22.74600  -86.49730    0.00005    0.00021          4  0.000e+00
      40544   1689.292    572.801    577.223     8.6961     8.7004   3.714662   3.715030     1.6398     1.3370      89.35   22.74600  -86.49730    0.00005    0.00020          4  0.000e+00
      40545   1689.333    572.842    577.265     8.6966     8.7002   3.714701   3.715023     1.6398     1.3370      75.46   22.74600  -86.49730    0.00005    0.00020          4  0.000e+00
      40546   1689.375    572.746    577.168     8.6966     8.6998   3.714721   3.715036     1.6398     1.3370      57.95   22.74600  -86.49730    0.00004    0.00019          4  0.000e+00
      40547   1689.417    572.842    577.265     8.6963     8.7001   3.714669   3.715036     1.6398     1.3370      53.82   22.74600  -86.49730    0.00004    0.00017          4  0.000e+00
      40548   1689.458    572.794    577.217     8.6963     8.7004   3.714655   3.715056     1.6398     1.3370      54.58   22.74600  -86.49730    0.00004    0.00016          4  0.000e+00
      40549   1689.500    572.801    577.223     8.6963     8.7004   3.714675   3.715030     1.6398     1.3370      55.29   22.74600  -86.49730    0.00003    0.00015          4  0.000e+00
      40550   1689.542    572.842    577.265     8.6966     8.7002   3.714662   3.715030     1.6386     1.3358      55.43   22.74600  -86.49730    0.00001    0.00012          4  0.000e+00
      40551   1689.583    572.801    577.223     8.6968     8.6999   3.714701   3.714983     1.6398     1.3358      55.38   22.74600  -86.49730    0.00001    0.00008          4  0.000e+00
      40552   1689.625    572.842    577.265     8.6966     8.6996   3.714721   3.715017     1.6398     1.3358      55.36   22.74600  -86.49730    0.00002    0.00007          4  0.000e+00
      40553   1689.667    572.801    577.223     8.6966     8.6996   3.714721   3.715036     1.6398     1.3358      55.36   22.74600  -86.49730    0.00002    0.00004          4  0.000e+00
