Gulf of Mexico/GOMECC-4/1db/rb2103_0691.ros
* Sea-Bird SBE 9 Data File:
* FileName = C:\Users\scs.user.rb\CTD\GOMECC4\data\rb2103_0691.hex
* Software Version Seasave V 7.26.7.107
* Temperature SN = 4799
* Conductivity SN = 3860
* Number of Bytes Per Scan = 41
* Number of Voltage Words = 4
* Number of Scans Averaged by the Deck Unit = 1
* NMEA Latitude = 26 03.53 N
* NMEA Longitude = 095 07.24 W
* NMEA UTC (Time) = Oct 03 2021  11:22:54
* NMEA baud rate = 4800
# nquan = 17
# nvalues = 2926                                  
# units = specified
# name 0 = scan: Scan Count
# name 1 = timeS: Time, Elapsed [seconds]
# name 2 = depSM: Depth [salt water, m]
# name 3 = prDM: Pressure, Digiquartz [db]
# name 4 = t090C: Temperature [ITS-90, deg C]
# name 5 = t190C: Temperature, 2 [ITS-90, deg C]
# name 6 = c0S/m: Conductivity [S/m]
# name 7 = c1S/m: Conductivity, 2 [S/m]
# name 8 = sbeox0V: Oxygen raw, SBE 43 [V]
# name 9 = sbeox1V: Oxygen raw, SBE 43, 2 [V]
# name 10 = altM: Altimeter [m]
# name 11 = latitude: Latitude [deg]
# name 12 = longitude: Longitude [deg]
# name 13 = sbox0dV/dT: Oxygen, SBE 43 [dov/dt]
# name 14 = sbox1dV/dT: Oxygen, SBE 43, 2 [dov/dt]
# name 15 = nbf: Bottles Fired
# name 16 = flag:  0.000e+00
# interval = seconds: 0.0416667
# start_time = Oct 03 2021 11:22:54 [NMEA time, header]
# bad_flag = -9.990e-29
*END*
[from data line 2043]
     136223   5675.917     89.083     89.686    23.0606    23.0641   5.278322   5.278605     3.0232     2.5824     100.00   26.05864  -95.12068   -0.00035    0.00026         16  0.000e+00
     136224   5675.958     89.036     89.638    23.0612    23.0649   5.278291   5.278628     3.0220     2.5824     100.00   26.05864  -95.12068   -0.00034    0.00023         16  0.000e+00
     136225   5676.000     89.083     89.686    23.0610    23.0646   5.278269   5.278659     3.0232     2.5824     100.00   26.05864  -95.12068   -0.00031    0.00020         16  0.000e+00
     136226   5676.042     89.083     89.686    23.0606    23.0650   5.278208   5.278697     3.0232     2.5824     100.00   26.05864  -95.12068   -0.00027    0.00014         16  0.000e+00
     136227   5676.083     89.036     89.638    23.0597    23.0653   5.278155   5.278682     3.0232     2.5824     100.00   26.05864  -95.12068   -0.00024    0.00009         16  0.000e+00
     136228   5676.125     89.083     89.686    23.0595    23.0647   5.278140   5.278574     3.0232     2.5824     100.00   26.05864  -95.12068   -0.00020    0.00006         16  0.000e+00
     136229   5676.167     89.036     89.638    23.0588    23.0627   5.278109   5.278497     3.0220     2.5824     100.00   26.05864  -95.12068   -0.00018    0.00002         16  0.000e+00
     136230   5676.208     89.036     89.639    23.0590    23.0605   5.278170   5.278328     3.0232     2.5824     100.00   26.05864  -95.12068   -0.00016   -0.00002         16  0.000e+00
     136231   5676.250     89.036     89.639    23.0599    23.0584   5.278185   5.278175     3.0232     2.5812     100.00   26.05864  -95.12068   -0.00014   -0.00007         16  0.000e+00
     136232   5676.292     89.036     89.639    23.0599    23.0567   5.278185   5.278144     3.0232     2.5812     100.00   26.05864  -95.12068   -0.00010   -0.00012         16  0.000e+00
     136233   5676.333     89.036     89.639    23.0597    23.0579   5.278193   5.278113     3.0232     2.5812     100.00   26.05864  -95.12068   -0.00008   -0.00018         16  0.000e+00
     136234   5676.375     89.036     89.639    23.0602    23.0580   5.278246   5.278098     3.0232     2.5812     100.00   26.05864  -95.12068   -0.00006   -0.00023         16  0.000e+00
     136235   5676.417     89.036     89.639    23.0608    23.0570   5.278276   5.277967     3.0232     2.5824     100.00   26.05864  -95.12068   -0.00004   -0.00027         16  0.000e+00
     136236   5676.458     89.036     89.639    23.0608    23.0561   5.278284   5.277821     3.0232     2.5824     100.00   26.05864  -95.12068   -0.00002   -0.00029         16  0.000e+00
     136237   5676.500     89.036     89.639    23.0606    23.0552   5.278307   5.277860     3.0232     2.5812     100.00   26.05864  -95.12068    0.00001   -0.00034         16  0.000e+00
     136238   5676.542     89.036     89.639    23.0610    23.0556   5.278382   5.277883     3.0244     2.5824     100.00   26.05864  -95.12068    0.00003   -0.00038         16  0.000e+00
     136239   5676.583     88.989     89.591    23.0624    23.0558   5.278443   5.277944     3.0232     2.5824     100.00   26.05864  -95.12068    0.00004   -0.00040         16  0.000e+00
     136240   5676.625     89.037     89.639    23.0636    23.0561   5.278511   5.277875     3.0232     2.5824     100.00   26.05864  -95.12068    0.00004   -0.00042         16  0.000e+00
     136241   5676.667     89.037     89.639    23.0641    23.0549   5.278572   5.277767     3.0232     2.5824     100.00   26.05864  -95.12068    0.00005   -0.00043         16  0.000e+00
     136242   5676.708     88.989     89.591    23.0636    23.0538   5.278617   5.277583     3.0232     2.5824     100.00   26.05864  -95.12068    0.00005   -0.00045         16  0.000e+00
     136243   5676.750     89.037     89.639    23.0636    23.0526   5.278625   5.277499     3.0244     2.5824     100.00   26.05864  -95.12068    0.00007   -0.00047         16  0.000e+00
     136244   5676.792     89.037     89.639    23.0641    23.0513   5.278625   5.277414     3.0232     2.5836     100.00   26.05864  -95.12068    0.00009   -0.00046         16  0.000e+00
     136245   5676.833     89.037     89.639    23.0631    23.0508   5.278633   5.277368     3.0244     2.5824     100.00   26.05864  -95.12068    0.00012   -0.00048         16  0.000e+00
     136246   5676.875     89.037     89.639    23.0624    23.0504   5.278519   5.277314     3.0244     2.5836     100.00   26.05864  -95.12068    0.00014   -0.00046         16  0.000e+00
     136247   5676.917     88.989     89.592    23.0617    23.0504   5.278526   5.277307     3.0232     2.5836     100.00   26.05864  -95.12068    0.00014   -0.00045         16  0.000e+00
     136248   5676.958     89.037     89.640    23.0619    23.0506   5.278564   5.277314     3.0232     2.5836     100.00   26.05864  -95.12068    0.00015   -0.00043         16  0.000e+00
     136249   5677.000     89.037     89.640    23.0624    23.0506   5.278648   5.277307     3.0244     2.5836     100.00   26.05864  -95.12068    0.00017   -0.00041         16  0.000e+00
     136250   5677.042     89.084     89.687    23.0627    23.0504   5.278701   5.277284     3.0244     2.5836     100.00   26.05864  -95.12068    0.00019   -0.00040         16  0.000e+00
     136251   5677.083     89.037     89.640    23.0631    23.0502   5.278739   5.277299     3.0244     2.5849     100.00   26.05864  -95.12068    0.00021   -0.00036         16  0.000e+00
     136252   5677.125     89.037     89.640    23.0642    23.0510   5.278754   5.277284     3.0232     2.5849     100.00   26.05864  -95.12068    0.00021   -0.00031         16  0.000e+00
     136253   5677.167     89.037     89.640    23.0652    23.0515   5.278792   5.277399     3.0244     2.5849     100.00   26.05864  -95.12068    0.00023   -0.00026         16  0.000e+00
     136254   5677.208     89.085     89.688    23.0656    23.0535   5.278799   5.277629     3.0244     2.5849     100.00   26.05864  -95.12068    0.00026   -0.00021         16  0.000e+00
     136255   5677.250     89.085     89.688    23.0658    23.0549   5.278799   5.277906     3.0244     2.5849     100.00   26.05864  -95.12068    0.00026   -0.00016         16  0.000e+00
     136256   5677.292     89.037     89.640    23.0659    23.0583   5.278875   5.278198     3.0244     2.5849     100.00   26.05864  -95.12068    0.00028   -0.00011         16  0.000e+00
     136257   5677.333     89.085     89.688    23.0663    23.0615   5.278921   5.278405     3.0244     2.5849     100.00   26.05864  -95.12068    0.00030   -0.00008         16  0.000e+00
     136258   5677.375     89.085     89.688    23.0667    23.0630   5.278905   5.278551     3.0244     2.5849     100.00   26.05864  -95.12068    0.00031   -0.00003         16  0.000e+00
     136259   5677.417     89.038     89.640    23.0670    23.0634   5.278898   5.278582     3.0244     2.5849     100.00   26.05864  -95.12068    0.00031    0.00000         16  0.000e+00
     136260   5677.458     89.139     89.743    23.0667    23.0643   5.278921   5.278613     3.0244     2.5836     100.00   26.05864  -95.12068    0.00033    0.00004         16  0.000e+00
     136261   5677.500     89.085     89.688    23.0668    23.0642   5.278966   5.278659     3.0256     2.5836     100.00   26.05864  -95.12068    0.00035    0.00007         16  0.000e+00
     136262   5677.542     89.085     89.688    23.0665    23.0640   5.278913   5.278697     3.0256     2.5836     100.00   26.05864  -95.12068    0.00036    0.00009         16  0.000e+00
     136263   5677.583     89.187     89.790    23.0659    23.0633   5.278890   5.278643     3.0256     2.5836     100.00   26.05864  -95.12068    0.00038    0.00010         16  0.000e+00
     136264   5677.625     89.085     89.688    23.0658    23.0609   5.278822   5.278559     3.0244     2.5836     100.00   26.05864  -95.12068    0.00039    0.00013         16  0.000e+00
     136265   5677.667     89.140     89.743    23.0658    23.0617   5.278807   5.278505     3.0256     2.5836     100.00   26.05864  -95.12068    0.00042    0.00017         16  0.000e+00
     136266   5677.708     89.140     89.743    23.0656    23.0630   5.278799   5.278567     3.0256     2.5836     100.00   26.05864  -95.12068    0.00045    0.00018         16  0.000e+00
     136267   5677.750     89.187     89.791    23.0656    23.0641   5.278799   5.278613     3.0244     2.5824     100.00   26.05864  -95.12068    0.00047    0.00018         16  0.000e+00
     136268   5677.792     89.140     89.743    23.0658    23.0642   5.278807   5.278659     3.0244     2.5836     100.00   26.05864  -95.12068    0.00048    0.00020         16  0.000e+00
     136269   5677.833     89.187     89.791    23.0654    23.0634   5.278799   5.278436     3.0244     2.5824     100.00   26.05864  -95.12068    0.00049    0.00020         16  0.000e+00
     136270   5677.875     89.187     89.791    23.0659    23.0620   5.278837   5.278298     3.0244     2.5824     100.00   26.05864  -95.12068    0.00048    0.00020         16  0.000e+00
     136271   5677.917     89.187     89.791    23.0659    23.0615   5.278852   5.278344     3.0244     2.5824     100.00   26.05864  -95.12068    0.00047    0.00018         16  0.000e+00
     136272   5677.958     89.187     89.791    23.0661    23.0617   5.278875   5.278428     3.0244     2.5824     100.00   26.05864  -95.12068    0.00048    0.00016         16  0.000e+00
     136273   5678.000     89.235     89.839    23.0663    23.0624   5.278860   5.278482     3.0244     2.5812     100.00   26.05864  -95.12068    0.00049    0.00013         16  0.000e+00
     136274   5678.042     89.187     89.791    23.0659    23.0627   5.278852   5.278528     3.0244     2.5824     100.00   26.05864  -95.12068    0.00048    0.00011         16  0.000e+00
     136275   5678.083     89.242     89.846    23.0659    23.0630   5.278845   5.278567     3.0244     2.5812     100.00   26.05864  -95.12068    0.00049    0.00007         16  0.000e+00
     136276   5678.125     89.235     89.839    23.0658    23.0633   5.278815   5.278651     3.0244     2.5812      99.56   26.05864  -95.12068    0.00050    0.00004         16  0.000e+00
     136277   5678.167     89.289     89.894    23.0656    23.0640   5.278837   5.278736     3.0244     2.5812      56.19   26.05864  -95.12068    0.00051    0.00000         16  0.000e+00
     136278   5678.208     89.235     89.839    23.0656    23.0646   5.278807   5.278820     3.0244     2.5812      27.13   26.05864  -95.12068    0.00052   -0.00003         16  0.000e+00
     136279   5678.250     89.235     89.839    23.0654    23.0650   5.278769   5.278812     3.0244     2.5812      22.95   26.05864  -95.12068    0.00052   -0.00006         16  0.000e+00
     136280   5678.292     89.337     89.942    23.0648    23.0653   5.278762   5.278828     3.0244     2.5812      25.03   26.05864  -95.12068    0.00053   -0.00010         16  0.000e+00
     136281   5678.333     89.289     89.894    23.0648    23.0656   5.278724   5.278882     3.0256     2.5812      26.18   26.05864  -95.12068    0.00055   -0.00013         16  0.000e+00
     136282   5678.375     89.290     89.894    23.0644    23.0650   5.278617   5.278897     3.0244     2.5812      26.30   26.05864  -95.12068    0.00054   -0.00016         16  0.000e+00
     136283   5678.417     89.290     89.894    23.0641    23.0655   5.278519   5.278889     3.0244     2.5812      26.20   26.05864  -95.12068    0.00055   -0.00019         16  0.000e+00
     136284   5678.458     89.337     89.942    23.0638    23.0663   5.278428   5.278958     3.0244     2.5812      26.15   26.05864  -95.12068    0.00055   -0.00023         16  0.000e+00
     136285   5678.500     89.337     89.942    23.0638    23.0664   5.278504   5.279012     3.0256     2.5812      26.15   26.05864  -95.12068    0.00057   -0.00026         16  0.000e+00
     136286   5678.542     89.337     89.942    23.0636    23.0665   5.278542   5.279020     3.0244     2.5812      26.15   26.05864  -95.12068    0.00056   -0.00029         16  0.000e+00
     136287   5678.583     89.337     89.942    23.0633    23.0668   5.278564   5.279020     3.0244     2.5812      26.15   26.05864  -95.12068    0.00056   -0.00032         16  0.000e+00
     136288   5678.625     89.385     89.990    23.0633    23.0671   5.278489   5.279051     3.0256     2.5812      26.15   26.05864  -95.12068    0.00058   -0.00033         16  0.000e+00
     136289   5678.667     89.337     89.942    23.0617    23.0672   5.278458   5.279066     3.0256     2.5812      26.15   26.05864  -95.12068    0.00060   -0.00034         16  0.000e+00
     136290   5678.708     89.392     89.997    23.0612    23.0673   5.278314   5.279097     3.0256     2.5812      26.15   26.05864  -95.12068    0.00060   -0.00035         16  0.000e+00
     136291   5678.750     89.385     89.990    23.0613    23.0674   5.278276   5.279074     3.0244     2.5812      26.15   26.05864  -95.12068    0.00060   -0.00037         16  0.000e+00
     136292   5678.792     89.385     89.990    23.0617    23.0670   5.278216   5.279035     3.0256     2.5812      26.15   26.05864  -95.12068    0.00062   -0.00038         16  0.000e+00
     136293   5678.833     89.385     89.990    23.0617    23.0657   5.278117   5.278820     3.0256     2.5812      26.15   26.05864  -95.12068    0.00063   -0.00038         16  0.000e+00
     136294   5678.875     89.385     89.990    23.0619    23.0640   5.278094   5.278659     3.0256     2.5812      26.15   26.05864  -95.12068    0.00065   -0.00039         16  0.000e+00
     136295   5678.917     89.439     90.045    23.0617    23.0624   5.278125   5.278628     3.0256     2.5812      26.15   26.05864  -95.12068    0.00066   -0.00040         16  0.000e+00
     136296   5678.958     89.385     89.990    23.0606    23.0620   5.278079   5.278521     3.0256     2.5812      26.15   26.05864  -95.12068    0.00068   -0.00041         16  0.000e+00
     136297   5679.000     89.439     90.045    23.0594    23.0617   5.277996   5.278490     3.0256     2.5800      26.15   26.05864  -95.12068    0.00069   -0.00043         16  0.000e+00
     136298   5679.042     89.439     90.045    23.0583    23.0609   5.277928   5.278428     3.0256     2.5800      26.15   26.05864  -95.12068    0.00070   -0.00045         16  0.000e+00
     136299   5679.083     89.440     90.045    23.0578    23.0600   5.277890   5.278305     3.0256     2.5800      26.15   26.05864  -95.12068    0.00071   -0.00048         16  0.000e+00
     136300   5679.125     89.440     90.045    23.0571    23.0589   5.277882   5.278113     3.0256     2.5800      27.06   26.05864  -95.12068    0.00072   -0.00050         16  0.000e+00
     136301   5679.167     89.440     90.045    23.0564    23.0579   5.277837   5.277990     3.0256     2.5800      71.18   26.05864  -95.12068    0.00072   -0.00052         16  0.000e+00
     136302   5679.208     89.440     90.045    23.0562    23.0567   5.277769   5.277967     3.0256     2.5800      99.44   26.05864  -95.12068    0.00071   -0.00053         16  0.000e+00
     136303   5679.250     89.440     90.045    23.0565    23.0565   5.277844   5.277937     3.0256     2.5800     100.00   26.05864  -95.12068    0.00072   -0.00055         16  0.000e+00
     136304   5679.292     89.440     90.045    23.0569    23.0569   5.277875   5.277952     3.0256     2.5800     100.00   26.05864  -95.12068    0.00073   -0.00057         16  0.000e+00
     136305   5679.333     89.440     90.045    23.0572    23.0567   5.277852   5.277967     3.0256     2.5812     100.00   26.05864  -95.12068    0.00073   -0.00057         16  0.000e+00
     136306   5679.375     89.487     90.093    23.0572    23.0570   5.277905   5.278037     3.0256     2.5800      99.98   26.05864  -95.12068    0.00072   -0.00058         16  0.000e+00
