Gulf of Mexico/GOMECC-4/1db/rb2103_1141.ros
* Sea-Bird SBE 9 Data File:
* FileName = C:\Users\scs.user.rb\CTD\GOMECC4\data\rb2103_1141.hex
* Software Version Seasave V 7.26.7.107
* Temperature SN = 4799
* Conductivity SN = 3860
* Number of Bytes Per Scan = 41
* Number of Voltage Words = 4
* Number of Scans Averaged by the Deck Unit = 1
* NMEA Latitude = 22 04.41 N
* NMEA Longitude = 086 54.99 W
* NMEA UTC (Time) = Oct 15 2021  14:20:58
* NMEA baud rate = 4800
# nquan = 17
# nvalues = 532                                   
# units = specified
# name 0 = scan: Scan Count
# name 1 = timeS: Time, Elapsed [seconds]
# name 2 = depSM: Depth [salt water, m]
# name 3 = prDM: Pressure, Digiquartz [db]
# name 4 = t090C: Temperature [ITS-90, deg C]
# name 5 = t190C: Temperature, 2 [ITS-90, deg C]
# name 6 = c0S/m: Conductivity [S/m]
# name 7 = c1S/m: Conductivity, 2 [S/m]
# name 8 = sbeox0V: Oxygen raw, SBE 43 [V]
# name 9 = sbeox1V: Oxygen raw, SBE 43, 2 [V]
# name 10 = altM: Altimeter [m]
# name 11 = latitude: Latitude [deg]
# name 12 = longitude: Longitude [deg]
# name 13 = sbox0dV/dT: Oxygen, SBE 43 [dov/dt]
# name 14 = sbox1dV/dT: Oxygen, SBE 43, 2 [dov/dt]
# name 15 = nbf: Bottles Fired
# name 16 = flag:  0.000e+00
# interval = seconds: 0.0416667
# start_time = Oct 15 2021 14:20:58 [NMEA time, header]
# bad_flag = -9.990e-29
*END*
      17647    735.250     37.584     37.824    22.9739    22.9713   5.299642   5.299406     2.1954     1.8266       5.05   22.07078  -86.91772   -0.00038   -0.00006          1  0.000e+00
      17648    735.292     38.648     38.894    22.9715    22.9708   5.299536   5.299453     2.1954     1.8266       5.08   22.07078  -86.91772   -0.00040   -0.00003          1  0.000e+00
      17649    735.333     38.377     38.621    22.9702    22.9709   5.299338   5.299429     2.1954     1.8266       5.08   22.07078  -86.91772   -0.00043 8.7921e-07          1  0.000e+00
      17650    735.375     38.180     38.423    22.9700    22.9711   5.299247   5.299422     2.1966     1.8266       5.05   22.07078  -86.91772   -0.00044    0.00003          1  0.000e+00
      17651    735.417     38.228     38.471    22.9698    22.9711   5.299240   5.299429     2.1954     1.8266       5.05   22.07078  -86.91772   -0.00045    0.00007          1  0.000e+00
      17652    735.458     38.201     38.444    22.9705    22.9711   5.299202   5.299460     2.1954     1.8266       5.05   22.07078  -86.91772   -0.00048    0.00010          1  0.000e+00
      17653    735.500     38.180     38.423    22.9704    22.9708   5.299194   5.299468     2.1954     1.8266       5.05   22.07078  -86.91772   -0.00049    0.00014          1  0.000e+00
      17654    735.542     38.180     38.423    22.9702    22.9709   5.299209   5.299468     2.1954     1.8266       5.05   22.07078  -86.91772   -0.00050    0.00016          1  0.000e+00
      17655    735.583     38.228     38.471    22.9702    22.9709   5.299262   5.299499     2.1954     1.8266       5.08   22.07078  -86.91772   -0.00052    0.00018          1  0.000e+00
      17656    735.625     38.201     38.444    22.9704    22.9711   5.299308   5.299406     2.1954     1.8266       5.05   22.07078  -86.91772   -0.00055    0.00020          1  0.000e+00
      17657    735.667     38.228     38.471    22.9707    22.9708   5.299323   5.299445     2.1954     1.8266       5.05   22.07078  -86.91772   -0.00058    0.00022          1  0.000e+00
      17658    735.708     38.228     38.471    22.9708    22.9708   5.299323   5.299429     2.1954     1.8266       5.05   22.07078  -86.91772   -0.00060    0.00024          1  0.000e+00
      17659    735.750     38.180     38.423    22.9705    22.9709   5.299255   5.299452     2.1954     1.8266       5.05   22.07078  -86.91772   -0.00061    0.00026          1  0.000e+00
      17660    735.792     38.248     38.492    22.9703    22.9706   5.299270   5.299429     2.1954     1.8266       5.05   22.07078  -86.91772   -0.00062    0.00028          1  0.000e+00
      17661    735.833     38.228     38.471    22.9706    22.9708   5.299308   5.299452     2.1954     1.8278       5.05   22.07078  -86.91772   -0.00064    0.00032          1  0.000e+00
      17662    735.875     38.228     38.471    22.9705    22.9709   5.299293   5.299468     2.1966     1.8266       5.05   22.07078  -86.91772   -0.00063    0.00032          1  0.000e+00
      17663    735.917     38.201     38.444    22.9706    22.9709   5.299308   5.299429     2.1954     1.8266       5.05   22.07078  -86.91772   -0.00064    0.00032          1  0.000e+00
      17664    735.958     38.228     38.471    22.9714    22.9709   5.299369   5.299383     2.1954     1.8278       5.05   22.07078  -86.91772   -0.00064    0.00035          1  0.000e+00
      17665    736.000     38.228     38.471    22.9723    22.9709   5.299437   5.299475     2.1954     1.8278       5.05   22.07078  -86.91772   -0.00065    0.00037          1  0.000e+00
      17666    736.042     38.228     38.471    22.9730    22.9711   5.299422   5.299491     2.1941     1.8278       5.05   22.07078  -86.91772   -0.00067    0.00039          1  0.000e+00
      17667    736.083     38.248     38.492    22.9728    22.9713   5.299445   5.299437     2.1941     1.8266       5.05   22.07078  -86.91772   -0.00070    0.00039          1  0.000e+00
      17668    736.125     38.275     38.519    22.9730    22.9711   5.299422   5.299452     2.1954     1.8278       5.05   22.07078  -86.91772   -0.00071    0.00041          1  0.000e+00
      17669    736.167     38.228     38.471    22.9726    22.9711   5.299483   5.299499     2.1954     1.8278       5.05   22.07078  -86.91772   -0.00071    0.00043          1  0.000e+00
      17670    736.208     38.228     38.471    22.9728    22.9713   5.299505   5.299514     2.1954     1.8266       5.05   22.07078  -86.91772   -0.00071    0.00041          1  0.000e+00
      17671    736.250     38.248     38.492    22.9727    22.9711   5.299467   5.299445     2.1954     1.8266       5.05   22.07078  -86.91772   -0.00071    0.00040          1  0.000e+00
      17672    736.292     38.275     38.519    22.9721    22.9708   5.299490   5.299422     2.1941     1.8266       5.05   22.07078  -86.91772   -0.00072    0.00038          1  0.000e+00
      17673    736.333     38.228     38.471    22.9716    22.9706   5.299437   5.299352     2.1941     1.8266       5.05   22.07078  -86.91772   -0.00074    0.00038          1  0.000e+00
      17674    736.375     38.275     38.519    22.9714    22.9702   5.299391   5.299398     2.1954     1.8266       5.05   22.07078  -86.91772   -0.00074    0.00036          1  0.000e+00
      17675    736.417     38.248     38.492    22.9715    22.9698   5.299308   5.299383     2.1954     1.8266       5.05   22.07078  -86.91772   -0.00073    0.00035          1  0.000e+00
      17676    736.458     38.275     38.519    22.9709    22.9699   5.299308   5.299345     2.1941     1.8266       5.05   22.07078  -86.91772   -0.00074    0.00033          1  0.000e+00
      17677    736.500     38.228     38.471    22.9707    22.9700   5.299255   5.299337     2.1954     1.8266       5.03   22.07078  -86.91772   -0.00074    0.00031          1  0.000e+00
      17678    736.542     38.275     38.519    22.9704    22.9699   5.299270   5.299398     2.1954     1.8266       5.05   22.07078  -86.91772   -0.00073    0.00029          1  0.000e+00
      17679    736.583     38.248     38.492    22.9702    22.9697   5.299179   5.299322     2.1941     1.8266       5.05   22.07078  -86.91772   -0.00074    0.00027          1  0.000e+00
      17680    736.625     38.275     38.519    22.9698    22.9698   5.299110   5.299291     2.1941     1.8266       5.01   22.07078  -86.91772   -0.00075    0.00025          1  0.000e+00
      17681    736.667     38.275     38.519    22.9696    22.9697   5.299171   5.299291     2.1941     1.8266       5.01   22.07078  -86.91772   -0.00076    0.00023          1  0.000e+00
      17682    736.708     38.275     38.519    22.9693    22.9695   5.299156   5.299298     2.1941     1.8254       5.01   22.07078  -86.91772   -0.00079    0.00020          1  0.000e+00
      17683    736.750     38.295     38.539    22.9693    22.9695   5.299148   5.299291     2.1941     1.8266       4.98   22.07078  -86.91772   -0.00079    0.00018          1  0.000e+00
      17684    736.792     38.275     38.519    22.9695    22.9691   5.299164   5.299291     2.1941     1.8254       5.01   22.07078  -86.91772   -0.00080    0.00014          1  0.000e+00
      17685    736.833     38.275     38.519    22.9697    22.9688   5.299255   5.299252     2.1941     1.8266       5.01   22.07078  -86.91772   -0.00080    0.00012          1  0.000e+00
      17686    736.875     38.295     38.539    22.9696    22.9686   5.299247   5.299214     2.1941     1.8254       5.01   22.07078  -86.91772   -0.00081    0.00008          1  0.000e+00
      17687    736.917     38.275     38.519    22.9700    22.9683   5.299240   5.299206     2.1954     1.8266       5.01   22.07078  -86.91772   -0.00079    0.00006          1  0.000e+00
      17688    736.958     38.275     38.519    22.9702    22.9686   5.299300   5.299229     2.1954     1.8266       5.01   22.07078  -86.91772   -0.00076    0.00004          1  0.000e+00
      17689    737.000     38.275     38.519    22.9705    22.9688   5.299323   5.299214     2.1954     1.8266       5.01   22.07078  -86.91772   -0.00074    0.00004          1  0.000e+00
      17690    737.042     38.350     38.594    22.9708    22.9686   5.299293   5.299206     2.1954     1.8266       5.01   22.07078  -86.91772   -0.00072    0.00001          1  0.000e+00
      17691    737.083     38.275     38.519    22.9711    22.9686   5.299308   5.299229     2.1941     1.8266       5.01   22.07078  -86.91772   -0.00072   -0.00001          1  0.000e+00
      17692    737.125     38.275     38.519    22.9714    22.9683   5.299353   5.299175     2.1941     1.8266       4.98   22.07078  -86.91772   -0.00072   -0.00003          1  0.000e+00
      17693    737.167     38.329     38.573    22.9713    22.9677   5.299316   5.299121     2.1954     1.8254       5.01   22.07078  -86.91772   -0.00070   -0.00007          1  0.000e+00
      17694    737.208     38.295     38.539    22.9711    22.9679   5.299346   5.299114     2.1954     1.8266       4.98   22.07078  -86.91772   -0.00068   -0.00009          1  0.000e+00
      17695    737.250     38.275     38.519    22.9711    22.9677   5.299300   5.299145     2.1941     1.8266       4.98   22.07078  -86.91772   -0.00067   -0.00010          1  0.000e+00
      17696    737.292     38.329     38.573    22.9711    22.9675   5.299308   5.299121     2.1954     1.8266       5.01   22.07078  -86.91772   -0.00065   -0.00010          1  0.000e+00
      17697    737.333     38.329     38.573    22.9709    22.9675   5.299323   5.299145     2.1954     1.8266       5.01   22.07078  -86.91772   -0.00063   -0.00011          1  0.000e+00
      17698    737.375     38.295     38.539    22.9709    22.9675   5.299293   5.299191     2.1954     1.8266       5.01   22.07078  -86.91772   -0.00060   -0.00011          1  0.000e+00
      17699    737.417     38.275     38.519    22.9709    22.9677   5.299285   5.299145     2.1954     1.8266       5.01   22.07078  -86.91772   -0.00060   -0.00012          1  0.000e+00
      17700    737.458     38.329     38.573    22.9708    22.9679   5.299308   5.299152     2.1954     1.8266       5.01   22.07078  -86.91772   -0.00057   -0.00012          1  0.000e+00
      17701    737.500     38.329     38.573    22.9709    22.9681   5.299293   5.299191     2.1954     1.8266       5.01   22.07078  -86.91772   -0.00054   -0.00013          1  0.000e+00
      17702    737.542     38.295     38.539    22.9707    22.9683   5.299285   5.299168     2.1954     1.8266       5.01   22.07078  -86.91772   -0.00053   -0.00013          1  0.000e+00
      17703    737.583     38.329     38.573    22.9708    22.9683   5.299293   5.299222     2.1954     1.8266       5.01   22.07078  -86.91772   -0.00051   -0.00014          1  0.000e+00
      17704    737.625     38.329     38.573    22.9705    22.9684   5.299316   5.299175     2.1954     1.8266       4.96   22.07078  -86.91772   -0.00050   -0.00014          1  0.000e+00
      17705    737.667     38.275     38.519    22.9709    22.9683   5.299293   5.299221     2.1954     1.8266       4.96   22.07078  -86.91772   -0.00049   -0.00015          1  0.000e+00
      17706    737.708     38.350     38.594    22.9707    22.9684   5.299308   5.299214     2.1966     1.8266       4.93   22.07078  -86.91772   -0.00046   -0.00015          1  0.000e+00
      17707    737.750     38.275     38.519    22.9709    22.9684   5.299353   5.299206     2.1954     1.8266       4.96   22.07078  -86.91772   -0.00045   -0.00016          1  0.000e+00
      17708    737.792     38.377     38.621    22.9711    22.9683   5.299300   5.299206     2.1954     1.8266       4.93   22.07078  -86.91774   -0.00044   -0.00016          1  0.000e+00
      17709    737.833     38.295     38.539    22.9712    22.9683   5.299308   5.299206     2.1966     1.8266       4.96   22.07078  -86.91774   -0.00041   -0.00016          1  0.000e+00
      17710    737.875     38.275     38.519    22.9715    22.9681   5.299391   5.299168     2.1954     1.8266       4.93   22.07078  -86.91774   -0.00040   -0.00017          1  0.000e+00
      17711    737.917     38.329     38.573    22.9714    22.9681   5.299346   5.299160     2.1954     1.8266       4.96   22.07078  -86.91774   -0.00039   -0.00017          1  0.000e+00
      17712    737.958     38.329     38.573    22.9709    22.9683   5.299353   5.299191     2.1954     1.8266       4.96   22.07078  -86.91774   -0.00037   -0.00018          1  0.000e+00
      17713    738.000     38.295     38.539    22.9709    22.9681   5.299384   5.299229     2.1954     1.8266       4.96   22.07078  -86.91774   -0.00036   -0.00018          1  0.000e+00
      17714    738.042     38.329     38.573    22.9707    22.9683   5.299338   5.299214     2.1966     1.8266       4.96   22.07078  -86.91774   -0.00035   -0.00019          1  0.000e+00
      17715    738.083     38.329     38.573    22.9704    22.9684   5.299293   5.299183     2.1966     1.8266       4.93   22.07078  -86.91774   -0.00032   -0.00019          1  0.000e+00
      17716    738.125     38.329     38.573    22.9705    22.9684   5.299285   5.299222     2.1954     1.8266       4.93   22.07078  -86.91774   -0.00032   -0.00020          1  0.000e+00
      17717    738.167     38.349     38.594    22.9702    22.9684   5.299308   5.299245     2.1966     1.8266       4.93   22.07078  -86.91774   -0.00031   -0.00019          1  0.000e+00
      17718    738.208     38.275     38.519    22.9702    22.9686   5.299293   5.299245     2.1966     1.8266       4.93   22.07078  -86.91774   -0.00028   -0.00017          1  0.000e+00
      17719    738.250     38.329     38.573    22.9703    22.9684   5.299247   5.299245     2.1966     1.8266       4.93   22.07078  -86.91774   -0.00027   -0.00018          1  0.000e+00
      17720    738.292     38.329     38.573    22.9704    22.9689   5.299240   5.299245     2.1966     1.8266       4.93   22.07078  -86.91774   -0.00026   -0.00018          1  0.000e+00
      17721    738.333     38.295     38.539    22.9696    22.9688   5.299202   5.299245     2.1966     1.8266       4.93   22.07078  -86.91774   -0.00023   -0.00017          1  0.000e+00
      17722    738.375     38.329     38.573    22.9691    22.9686   5.299194   5.299214     2.1954     1.8254       4.93   22.07078  -86.91774   -0.00022   -0.00017          1  0.000e+00
      17723    738.417     38.275     38.519    22.9686    22.9689   5.299141   5.299206     2.1954     1.8266       4.96   22.07078  -86.91774   -0.00021   -0.00016          1  0.000e+00
      17724    738.458     38.329     38.573    22.9687    22.9686   5.299171   5.299206     2.1966     1.8266       4.96   22.07078  -86.91774   -0.00018   -0.00014          1  0.000e+00
      17725    738.500     38.295     38.539    22.9693    22.9686   5.299194   5.299206     2.1966     1.8266       4.96   22.07078  -86.91774   -0.00015   -0.00013          1  0.000e+00
      17726    738.542     38.329     38.573    22.9695    22.9684   5.299224   5.299229     2.1966     1.8266       4.93   22.07078  -86.91774   -0.00012   -0.00013          1  0.000e+00
      17727    738.583     38.329     38.573    22.9693    22.9686   5.299240   5.299245     2.1966     1.8254       4.93   22.07078  -86.91774   -0.00009   -0.00015          1  0.000e+00
      17728    738.625     38.275     38.519    22.9692    22.9688   5.299171   5.299245     2.1954     1.8254       4.93   22.07078  -86.91774   -0.00008   -0.00015          1  0.000e+00
      17729    738.667     38.295     38.539    22.9689    22.9689   5.299179   5.299275     2.1954     1.8254       4.93   22.07078  -86.91774   -0.00006   -0.00015          1  0.000e+00
      17730    738.708     38.275     38.519    22.9688    22.9691   5.299156   5.299291     2.1954     1.8254       4.93   22.07078  -86.91774   -0.00005   -0.00015          1  0.000e+00
      17731    738.750     38.329     38.573    22.9682    22.9691   5.299179   5.299322     2.1966     1.8254       4.93   22.07078  -86.91774   -0.00002   -0.00017          1  0.000e+00
