Gulf of Mexico/GOMECC-4/1db/rb2103_0111.ros
* Sea-Bird SBE 9 Data File:
* FileName = C:\Users\scs.user.rb\CTD\GOMECC4\data\rb2103_0111.hex
* Software Version Seasave V 7.26.7.107
* Temperature SN = 4799
* Conductivity SN = 3860
* Number of Bytes Per Scan = 41
* Number of Voltage Words = 4
* Number of Scans Averaged by the Deck Unit = 1
* NMEA Latitude = 26 26.63 N
* NMEA Longitude = 085 20.00 W
* NMEA UTC (Time) = Sep 18 2021  04:11:12
* NMEA baud rate = 4800
# nquan = 17
# nvalues = 3192                                  
# units = specified
# name 0 = scan: Scan Count
# name 1 = timeS: Time, Elapsed [seconds]
# name 2 = depSM: Depth [salt water, m]
# name 3 = prDM: Pressure, Digiquartz [db]
# name 4 = t090C: Temperature [ITS-90, deg C]
# name 5 = t190C: Temperature, 2 [ITS-90, deg C]
# name 6 = c0S/m: Conductivity [S/m]
# name 7 = c1S/m: Conductivity, 2 [S/m]
# name 8 = sbeox0V: Oxygen raw, SBE 43 [V]
# name 9 = sbeox1V: Oxygen raw, SBE 43, 2 [V]
# name 10 = altM: Altimeter [m]
# name 11 = latitude: Latitude [deg]
# name 12 = longitude: Longitude [deg]
# name 13 = sbox0dV/dT: Oxygen, SBE 43 [dov/dt]
# name 14 = sbox1dV/dT: Oxygen, SBE 43, 2 [dov/dt]
# name 15 = nbf: Bottles Fired
# name 16 = flag:  0.000e+00
# interval = seconds: 0.0416667
# start_time = Sep 18 2021 04:11:12 [NMEA time, header]
# bad_flag = -9.990e-29
*END*
[from data line 3149]
     234225   9759.333      4.658      4.689    28.9574    28.9651   5.778348   5.780385     3.1380     2.6752     100.00   26.44354  -85.33180   -0.00094    0.00206         24  0.000e+00
     234226   9759.375      4.703      4.734    28.9566    28.9647   5.778222   5.780337     3.1380     2.6752     100.00   26.44354  -85.33180   -0.00099    0.00208         24  0.000e+00
     234227   9759.417      4.658      4.689    28.9564    28.9647   5.778151   5.780329     3.1380     2.6752     100.00   26.44354  -85.33180   -0.00103    0.00210         24  0.000e+00
     234228   9759.458      4.658      4.689    28.9564    28.9646   5.778103   5.780257     3.1380     2.6752     100.00   26.44354  -85.33180   -0.00108    0.00212         24  0.000e+00
     234229   9759.500      4.658      4.689    28.9563    28.9644   5.778080   5.780193     3.1380     2.6752     100.00   26.44354  -85.33180   -0.00112    0.00214         24  0.000e+00
     234230   9759.542      4.590      4.620    28.9567    28.9636   5.778017   5.780146     3.1380     2.6752     100.00   26.44354  -85.33180   -0.00116    0.00215         24  0.000e+00
     234231   9759.583      4.658      4.689    28.9563    28.9629   5.778032   5.780066     3.1392     2.6764     100.00   26.44354  -85.33180   -0.00117    0.00220         24  0.000e+00
     234232   9759.625      4.718      4.749    28.9564    28.9631   5.778009   5.780010     3.1392     2.6764     100.00   26.44354  -85.33180   -0.00119    0.00225         24  0.000e+00
     234233   9759.667      4.590      4.620    28.9564    28.9632   5.778072   5.779962     3.1380     2.6777     100.00   26.44354  -85.33180   -0.00123    0.00231         24  0.000e+00
     234234   9759.708      4.658      4.689    28.9564    28.9623   5.778095   5.779954     3.1392     2.6777     100.00   26.44354  -85.33180   -0.00125    0.00237         24  0.000e+00
     234235   9759.750      4.658      4.689    28.9564    28.9626   5.778119   5.779882     3.1392     2.6777     100.00   26.44354  -85.33180   -0.00128    0.00243         24  0.000e+00
     234236   9759.792      4.605      4.635    28.9565    28.9631   5.778103   5.779858     3.1404     2.6777     100.00   26.44354  -85.33180   -0.00126    0.00248         24  0.000e+00
     234237   9759.833      4.703      4.734    28.9564    28.9629   5.778056   5.779962     3.1404     2.6789     100.00   26.44354  -85.33180   -0.00126    0.00255         24  0.000e+00
     234238   9759.875      4.605      4.635    28.9566    28.9630   5.778009   5.780098     3.1404     2.6789     100.00   26.44354  -85.33180   -0.00126    0.00262         24  0.000e+00
     234239   9759.917      4.658      4.688    28.9563    28.9625   5.778032   5.780241     3.1404     2.6789     100.00   26.44354  -85.33180   -0.00127    0.00266         24  0.000e+00
     234240   9759.958      4.590      4.620    28.9563    28.9629   5.777938   5.780170     3.1404     2.6789     100.00   26.44354  -85.33180   -0.00125    0.00272         24  0.000e+00
     234241   9760.000      4.658      4.688    28.9562    28.9636   5.777930   5.780241     3.1416     2.6789     100.00   26.44354  -85.33180   -0.00121    0.00278         24  0.000e+00
     234242   9760.042      4.658      4.688    28.9559    28.9646   5.777843   5.780241     3.1416     2.6789     100.00   26.44354  -85.33180   -0.00120    0.00282         24  0.000e+00
     234243   9760.083      4.658      4.688    28.9559    28.9653   5.777772   5.780305     3.1416     2.6789     100.00   26.44354  -85.33180   -0.00118    0.00287         24  0.000e+00
     234244   9760.125      4.650      4.681    28.9559    28.9654   5.777835   5.780257     3.1404     2.6801     100.00   26.44354  -85.33180   -0.00118    0.00294         24  0.000e+00
     234245   9760.167      4.605      4.635    28.9561    28.9651   5.777859   5.780082     3.1404     2.6801     100.00   26.44354  -85.33180   -0.00118    0.00300         24  0.000e+00
     234246   9760.208      4.658      4.688    28.9561    28.9647   5.777883   5.780074     3.1416     2.6801     100.00   26.44354  -85.33180   -0.00116    0.00306         24  0.000e+00
     234247   9760.250      4.658      4.688    28.9567    28.9647   5.777828   5.780090     3.1416     2.6801     100.00   26.44354  -85.33180   -0.00112    0.00312         24  0.000e+00
     234248   9760.292      4.650      4.681    28.9566    28.9646   5.777883   5.780090     3.1429     2.6789     100.00   26.44354  -85.33180   -0.00109    0.00315         24  0.000e+00
     234249   9760.333      4.658      4.688    28.9574    28.9640   5.778080   5.780122     3.1416     2.6789     100.00   26.44354  -85.33180   -0.00107    0.00319         24  0.000e+00
     234250   9760.375      4.718      4.749    28.9578    28.9638   5.778285   5.780034     3.1416     2.6789     100.00   26.44354  -85.33180   -0.00103    0.00322         24  0.000e+00
     234251   9760.417      4.650      4.681    28.9585    28.9629   5.778403   5.780066     3.1416     2.6789     100.00   26.44354  -85.33180   -0.00100    0.00323         24  0.000e+00
     234252   9760.458      4.658      4.688    28.9587    28.9630   5.778481   5.780018     3.1416     2.6789     100.00   26.44354  -85.33180   -0.00096    0.00323         24  0.000e+00
     234253   9760.500      4.718      4.749    28.9581    28.9632   5.778371   5.780098     3.1429     2.6777     100.00   26.44354  -85.33180   -0.00092    0.00324         24  0.000e+00
     234254   9760.542      4.657      4.688    28.9578    28.9629   5.778151   5.780034     3.1416     2.6777     100.00   26.44354  -85.33180   -0.00089    0.00324         24  0.000e+00
     234255   9760.583      4.703      4.734    28.9574    28.9629   5.778056   5.780002     3.1416     2.6777     100.00   26.44354  -85.33180   -0.00085    0.00322         24  0.000e+00
     234256   9760.625      4.718      4.749    28.9576    28.9629   5.778009   5.780034     3.1416     2.6764     100.00   26.44354  -85.33180   -0.00081    0.00318         24  0.000e+00
     234257   9760.667      4.718      4.749    28.9574    28.9634   5.777962   5.780146     3.1416     2.6764     100.00   26.44354  -85.33180   -0.00076    0.00314         24  0.000e+00
     234258   9760.708      4.650      4.681    28.9572    28.9644   5.778009   5.780289     3.1416     2.6752     100.00   26.44354  -85.33180   -0.00072    0.00308         24  0.000e+00
     234259   9760.750      4.771      4.802    28.9572    28.9655   5.777938   5.780473     3.1416     2.6740     100.00   26.44354  -85.33180   -0.00068    0.00300         24  0.000e+00
     234260   9760.792      4.718      4.749    28.9570    28.9662   5.777977   5.780593     3.1416     2.6740     100.00   26.44354  -85.33180   -0.00062    0.00292         24  0.000e+00
     234261   9760.833      4.771      4.802    28.9574    28.9668   5.778032   5.780505     3.1416     2.6740     100.00   26.44354  -85.33180   -0.00056    0.00283         24  0.000e+00
     234262   9760.875      4.703      4.734    28.9574    28.9666   5.778080   5.780401     3.1429     2.6728     100.00   26.44354  -85.33180   -0.00049    0.00273         24  0.000e+00
     234263   9760.917      4.771      4.802    28.9576    28.9653   5.778151   5.780194     3.1429     2.6728     100.00   26.44354  -85.33180   -0.00041    0.00262         24  0.000e+00
     234264   9760.958      4.771      4.802    28.9576    28.9636   5.778040   5.780066     3.1429     2.6716     100.00   26.44354  -85.33180   -0.00034    0.00250         24  0.000e+00
     234265   9761.000      4.763      4.794    28.9568    28.9635   5.777962   5.780186     3.1429     2.6716     100.00   26.44354  -85.33180   -0.00026    0.00238         24  0.000e+00
     234266   9761.042      4.771      4.802    28.9568    28.9645   5.778025   5.780337     3.1429     2.6703     100.00   26.44354  -85.33180   -0.00018    0.00223         24  0.000e+00
     234267   9761.083      4.823      4.855    28.9570    28.9647   5.778119   5.780329     3.1429     2.6703     100.00   26.44354  -85.33180   -0.00010    0.00209         24  0.000e+00
