Gulf of Mexico/GOMECC-4/1db/rb2103_0031.ros
* Sea-Bird SBE 9 Data File:
* FileName = C:\Users\scs.user.rb\CTD\GOMECC4\data\rb2103_003.hex
* Software Version Seasave V 7.26.7.107
* Temperature SN = 4799
* Conductivity SN = 3860
* Number of Bytes Per Scan = 41
* Number of Voltage Words = 4
* Number of Scans Averaged by the Deck Unit = 1
* NMEA Latitude = 26 59.30 N
* NMEA Longitude = 079 46.65 W
* NMEA UTC (Time) = Sep 14 2021  20:49:18
* NMEA baud rate = 4800
# nquan = 17
# nvalues = 2261                                  
# units = specified
# name 0 = scan: Scan Count
# name 1 = timeS: Time, Elapsed [seconds]
# name 2 = depSM: Depth [salt water, m]
# name 3 = prDM: Pressure, Digiquartz [db]
# name 4 = t090C: Temperature [ITS-90, deg C]
# name 5 = t190C: Temperature, 2 [ITS-90, deg C]
# name 6 = c0S/m: Conductivity [S/m]
# name 7 = c1S/m: Conductivity, 2 [S/m]
# name 8 = sbeox0V: Oxygen raw, SBE 43 [V]
# name 9 = sbeox1V: Oxygen raw, SBE 43, 2 [V]
# name 10 = altM: Altimeter [m]
# name 11 = latitude: Latitude [deg]
# name 12 = longitude: Longitude [deg]
# name 13 = sbox0dV/dT: Oxygen, SBE 43 [dov/dt]
# name 14 = sbox1dV/dT: Oxygen, SBE 43, 2 [dov/dt]
# name 15 = nbf: Bottles Fired
# name 16 = flag:  0.000e+00
# interval = seconds: 0.0416667
# start_time = Sep 14 2021 20:49:18 [NMEA time, header]
# bad_flag = -9.990e-29
*END*
[from data line 1958]
      71212   2967.125     10.273     10.341    29.5263    29.5301   5.938180   5.939698     3.1612     2.6886     100.00   27.01460  -79.77888   -0.00030   -0.00098         15  0.000e+00
      71213   2967.167     10.348     10.417    29.5263    29.5297   5.938116   5.939593     3.1612     2.6886     100.00   27.01460  -79.77888   -0.00030   -0.00090         15  0.000e+00
      71214   2967.208     10.273     10.341    29.5265    29.5295   5.938108   5.939561     3.1624     2.6886     100.00   27.01460  -79.77888   -0.00028   -0.00081         15  0.000e+00
      71215   2967.250     10.295     10.364    29.5261    29.5295   5.938108   5.939529     3.1624     2.6886     100.00   27.01460  -79.77888   -0.00025   -0.00070         15  0.000e+00
      71216   2967.292     10.273     10.341    29.5261    29.5291   5.938108   5.939553     3.1624     2.6886     100.00   27.01460  -79.77888   -0.00022   -0.00058         15  0.000e+00
      71217   2967.333     10.295     10.364    29.5259    29.5295   5.938140   5.939601     3.1624     2.6886     100.00   27.01460  -79.77888   -0.00018   -0.00046         15  0.000e+00
      71218   2967.375     10.273     10.341    29.5259    29.5295   5.938156   5.939610     3.1624     2.6886     100.00   27.01460  -79.77888   -0.00015   -0.00033         15  0.000e+00
      71219   2967.417     10.295     10.364    29.5259    29.5295   5.938188   5.939650     3.1624     2.6886     100.00   27.01460  -79.77888   -0.00011   -0.00021         15  0.000e+00
      71220   2967.458     10.326     10.394    29.5258    29.5299   5.938132   5.939844     3.1624     2.6886     100.00   27.01460  -79.77888   -0.00008   -0.00009         15  0.000e+00
      71221   2967.500     10.235     10.303    29.5258    29.5299   5.938180   5.939787     3.1624     2.6886     100.00   27.01460  -79.77888   -0.00004    0.00002         15  0.000e+00
      71222   2967.542     10.273     10.341    29.5257    29.5297   5.938132   5.939537     3.1624     2.6886     100.00   27.01460  -79.77888   -0.00001    0.00015         15  0.000e+00
      71223   2967.583     10.296     10.364    29.5258    29.5297   5.938068   5.939173     3.1612     2.6886     100.00   27.01460  -79.77888    0.00001    0.00025         15  0.000e+00
      71224   2967.625     10.273     10.341    29.5258    29.5293   5.938020   5.938858     3.1612     2.6874     100.00   27.01460  -79.77888    0.00003    0.00034         15  0.000e+00
      71225   2967.667     10.273     10.341    29.5258    29.5293   5.938084   5.938745     3.1624     2.6874     100.00   27.01460  -79.77888    0.00005    0.00042         15  0.000e+00
      71226   2967.708     10.296     10.364    29.5261    29.5293   5.938252   5.938737     3.1624     2.6874     100.00   27.01460  -79.77888    0.00007    0.00049         15  0.000e+00
      71227   2967.750     10.273     10.341    29.5261    29.5291   5.938299   5.938777     3.1612     2.6874     100.00   27.01460  -79.77888    0.00008    0.00056         15  0.000e+00
      71228   2967.792     10.296     10.364    29.5261    29.5291   5.938299   5.938826     3.1624     2.6862     100.00   27.01460  -79.77888    0.00010    0.00062         15  0.000e+00
      71229   2967.833     10.273     10.341    29.5258    29.5293   5.938124   5.938834     3.1624     2.6862     100.00   27.01460  -79.77888    0.00012    0.00065         15  0.000e+00
      71230   2967.875     10.296     10.364    29.5257    29.5290   5.937837   5.938907     3.1624     2.6862     100.00   27.01460  -79.77888    0.00014    0.00071         15  0.000e+00
      71231   2967.917     10.273     10.341    29.5256    29.5290   5.937622   5.939084     3.1612     2.6862     100.00   27.01460  -79.77888    0.00014    0.00076         15  0.000e+00
      71232   2967.958     10.296     10.364    29.5254    29.5291   5.937574   5.939206     3.1624     2.6850     100.00   27.01460  -79.77888    0.00014    0.00080         15  0.000e+00
      71233   2968.000     10.273     10.341    29.5252    29.5293   5.937574   5.939181     3.1624     2.6850     100.00   27.01460  -79.77888    0.00016    0.00084         15  0.000e+00
      71234   2968.042     10.349     10.417    29.5255    29.5297   5.937749   5.939432     3.1624     2.6850     100.00   27.01460  -79.77888    0.00017    0.00088         15  0.000e+00
      71235   2968.083     10.273     10.341    29.5258    29.5299   5.937813   5.939448     3.1624     2.6850     100.00   27.01460  -79.77888    0.00017    0.00092         15  0.000e+00
      71236   2968.125     10.296     10.364    29.5258    29.5297   5.937813   5.939278     3.1624     2.6850     100.00   27.01460  -79.77888    0.00017    0.00096         15  0.000e+00
      71237   2968.167     10.273     10.341    29.5248    29.5299   5.937415   5.939222     3.1624     2.6850     100.00   27.01460  -79.77888    0.00017    0.00102         15  0.000e+00
      71238   2968.208     10.296     10.364    29.5245    29.5297   5.936881   5.939367     3.1624     2.6850     100.00   27.01460  -79.77888    0.00017    0.00109         15  0.000e+00
      71239   2968.250     10.273     10.341    29.5245    29.5297   5.936785   5.939456     3.1636     2.6862     100.00   27.01460  -79.77888    0.00019    0.00115         15  0.000e+00
      71240   2968.292     10.349     10.417    29.5243    29.5299   5.936944   5.939569     3.1636     2.6862     100.00   27.01460  -79.77888    0.00019    0.00123         15  0.000e+00
      71241   2968.333     10.273     10.341    29.5246    29.5304   5.937175   5.939723     3.1636     2.6862     100.00   27.01460  -79.77888    0.00019    0.00129         15  0.000e+00
      71242   2968.375     10.296     10.364    29.5247    29.5302   5.937454   5.939836     3.1636     2.6862     100.00   27.01460  -79.77888    0.00019    0.00134         15  0.000e+00
      71243   2968.417     10.326     10.395    29.5256    29.5304   5.937781   5.939965     3.1636     2.6862     100.00   27.01460  -79.77888    0.00018    0.00138         15  0.000e+00
      71244   2968.458     10.296     10.364    29.5254    29.5303   5.937757   5.939884     3.1636     2.6874     100.00   27.01460  -79.77888    0.00018    0.00143         15  0.000e+00
      71245   2968.500     10.326     10.395    29.5248    29.5299   5.937431   5.939416     3.1636     2.6874     100.00   27.01460  -79.77888    0.00017    0.00147         15  0.000e+00
      71246   2968.542     10.296     10.364    29.5245    29.5293   5.937112   5.939052     3.1636     2.6874     100.00   27.01460  -79.77888    0.00019    0.00150         15  0.000e+00
      71247   2968.583     10.326     10.395    29.5245    29.5295   5.937000   5.938947     3.1648     2.6886     100.00   27.01460  -79.77888    0.00021    0.00152         15  0.000e+00
      71248   2968.625     10.273     10.341    29.5247    29.5293   5.937136   5.939181     3.1648     2.6886     100.00   27.01460  -79.77888    0.00024    0.00154         15  0.000e+00
      71560   2981.625      9.883      9.948    29.5250    29.5301   5.936968   5.939415     3.1648     2.6862     100.00   27.01472  -79.77888    0.00034    0.00099         16  0.000e+00
      71561   2981.667     10.465     10.534    29.5249    29.5299   5.937064   5.939440     3.1648     2.6850     100.00   27.01472  -79.77888    0.00035    0.00093         16  0.000e+00
      71562   2981.708     10.329     10.397    29.5250    29.5299   5.937088   5.939327     3.1648     2.6850     100.00   27.01472  -79.77888    0.00035    0.00087         16  0.000e+00
      71563   2981.750     10.298     10.367    29.5249    29.5297   5.937088   5.939278     3.1648     2.6850     100.00   27.01472  -79.77888    0.00036    0.00078         16  0.000e+00
      71564   2981.792     10.276     10.344    29.5250    29.5299   5.937048   5.939197     3.1648     2.6850     100.00   27.01472  -79.77888    0.00038    0.00072         16  0.000e+00
      71565   2981.833     10.298     10.367    29.5249    29.5297   5.937080   5.939246     3.1648     2.6838     100.00   27.01472  -79.77888    0.00039    0.00062         16  0.000e+00
      71566   2981.875     10.329     10.397    29.5250    29.5297   5.937120   5.939238     3.1661     2.6838     100.00   27.01472  -79.77888    0.00042    0.00052         16  0.000e+00
      71567   2981.917     10.238     10.306    29.5248    29.5297   5.937104   5.939302     3.1648     2.6838     100.00   27.01472  -79.77888    0.00044    0.00041         16  0.000e+00
      71568   2981.958     10.276     10.344    29.5249    29.5299   5.937016   5.939391     3.1648     2.6838     100.00   27.01472  -79.77888    0.00045    0.00031         16  0.000e+00
      71569   2982.000     10.329     10.397    29.5247    29.5301   5.936881   5.939416     3.1648     2.6825     100.00   27.01472  -79.77888    0.00048    0.00018         16  0.000e+00
      71570   2982.042     10.298     10.367    29.5247    29.5299   5.936881   5.939383     3.1661     2.6825     100.00   27.01472  -79.77888    0.00051    0.00006         16  0.000e+00
      71571   2982.083     10.276     10.344    29.5244    29.5301   5.936896   5.939472     3.1661     2.6825     100.00   27.01472  -79.77888    0.00054   -0.00008         16  0.000e+00
      71572   2982.125     10.298     10.367    29.5247    29.5301   5.936896   5.939513     3.1648     2.6825     100.00   27.01472  -79.77888    0.00056   -0.00021         16  0.000e+00
      71573   2982.167     10.276     10.344    29.5245    29.5302   5.936825   5.939521     3.1648     2.6825     100.00   27.01472  -79.77888    0.00059   -0.00033         16  0.000e+00
      71574   2982.208     10.351     10.420    29.5239    29.5303   5.936657   5.939521     3.1648     2.6825     100.00   27.01472  -79.77888    0.00062   -0.00044         16  0.000e+00
      71575   2982.250     10.276     10.344    29.5240    29.5304   5.936641   5.939440     3.1648     2.6813     100.00   27.01472  -79.77888    0.00065   -0.00057         16  0.000e+00
      71576   2982.292     10.351     10.420    29.5241    29.5301   5.936466   5.939311     3.1648     2.6813     100.00   27.01472  -79.77888    0.00066   -0.00070         16  0.000e+00
      71577   2982.333     10.276     10.344    29.5234    29.5299   5.936370   5.939278     3.1648     2.6813     100.00   27.01472  -79.77888    0.00067   -0.00082         16  0.000e+00
      71578   2982.375     10.299     10.367    29.5229    29.5299   5.936139   5.939424     3.1648     2.6801     100.00   27.01472  -79.77888    0.00068   -0.00095         16  0.000e+00
      71579   2982.417     10.329     10.397    29.5234    29.5301   5.936068   5.939464     3.1648     2.6801     100.00   27.01472  -79.77888    0.00069   -0.00108         16  0.000e+00
      71580   2982.458     10.299     10.367    29.5236    29.5303   5.936036   5.939577     3.1648     2.6801     100.00   27.01472  -79.77888    0.00070   -0.00120         16  0.000e+00
      71581   2982.500     10.329     10.397    29.5226    29.5304   5.935733   5.939690     3.1648     2.6801     100.00   27.01472  -79.77888    0.00071   -0.00131         16  0.000e+00
      71582   2982.542     10.299     10.367    29.5222    29.5307   5.935374   5.939707     3.1636     2.6801     100.00   27.01472  -79.77888    0.00070   -0.00140         16  0.000e+00
      71583   2982.583     10.329     10.397    29.5215    29.5303   5.935183   5.939529     3.1648     2.6801     100.00   27.01472  -79.77888    0.00071   -0.00148         16  0.000e+00
      71584   2982.625     10.299     10.367    29.5214    29.5303   5.935000   5.939399     3.1636     2.6801     100.00   27.01472  -79.77888    0.00068   -0.00157         16  0.000e+00
      71585   2982.667     10.389     10.458    29.5211    29.5304   5.934992   5.939335     3.1636     2.6801     100.00   27.01472  -79.77888    0.00066   -0.00163         16  0.000e+00
      71586   2982.708     10.299     10.367    29.5215    29.5303   5.935032   5.939351     3.1636     2.6813     100.00   27.01472  -79.77888    0.00063   -0.00168         16  0.000e+00
      71587   2982.750     10.329     10.397    29.5211    29.5303   5.935159   5.939335     3.1636     2.6813     100.00   27.01472  -79.77888    0.00060   -0.00173         16  0.000e+00
      71588   2982.792     10.352     10.420    29.5215    29.5303   5.935199   5.939399     3.1636     2.6813     100.00   27.01474  -79.77890    0.00057   -0.00177         16  0.000e+00
      71589   2982.833     10.276     10.344    29.5215    29.5302   5.935231   5.939529     3.1636     2.6825     100.00   27.01474  -79.77890    0.00054   -0.00178         16  0.000e+00
      71590   2982.875     10.352     10.420    29.5217    29.5303   5.935279   5.939666     3.1636     2.6813      98.95   27.01474  -79.77890    0.00051   -0.00180         16  0.000e+00
      71591   2982.917     10.329     10.398    29.5219    29.5303   5.935366   5.939561     3.1636     2.6825      68.52   27.01474  -79.77890    0.00048   -0.00181         16  0.000e+00
      71592   2982.958     10.329     10.398    29.5219    29.5301   5.935502   5.939335     3.1624     2.6825      49.04   27.01474  -79.77890    0.00045   -0.00179         16  0.000e+00
      71593   2983.000     10.352     10.420    29.5224    29.5299   5.935613   5.939303     3.1624     2.6825      46.20   27.01474  -79.77890    0.00041   -0.00177         16  0.000e+00
      71594   2983.042     10.329     10.398    29.5224    29.5301   5.935741   5.939319     3.1636     2.6825      47.77   27.01474  -79.77890    0.00040   -0.00176         16  0.000e+00
      71595   2983.083     10.352     10.420    29.5230    29.5301   5.935884   5.939327     3.1624     2.6825      48.69   27.01474  -79.77890    0.00037   -0.00173         16  0.000e+00
      71596   2983.125     10.329     10.398    29.5227    29.5301   5.935884   5.939399     3.1624     2.6813      48.82   27.01474  -79.77890    0.00032   -0.00173         16  0.000e+00
      71597   2983.167     10.352     10.420    29.5226    29.5301   5.935876   5.939416     3.1624     2.6813      48.74   27.01474  -79.77890    0.00029   -0.00172         16  0.000e+00
      71598   2983.208     10.329     10.398    29.5230    29.5303   5.935948   5.939456     3.1624     2.6813      48.69   27.01474  -79.77890    0.00025   -0.00171         16  0.000e+00
      71599   2983.250     10.405     10.474    29.5230    29.5303   5.936012   5.939577     3.1624     2.6813      48.67   27.01474  -79.77890    0.00022   -0.00172         16  0.000e+00
      71600   2983.292     10.329     10.398    29.5233    29.5304   5.936052   5.939618     3.1624     2.6813      48.69   27.01474  -79.77890    0.00019   -0.00173         16  0.000e+00
      71601   2983.333     10.352     10.420    29.5228    29.5306   5.935924   5.939715     3.1624     2.6813      48.69   27.01474  -79.77890    0.00016   -0.00173         16  0.000e+00
      71602   2983.375     10.389     10.458    29.5226    29.5308   5.935805   5.939828     3.1624     2.6813      48.67   27.01474  -79.77890    0.00014   -0.00173         16  0.000e+00
      71603   2983.417     10.299     10.367    29.5224    29.5308   5.935709   5.939860     3.1612     2.6813      48.67   27.01474  -79.77890    0.00007   -0.00175         16  0.000e+00
      71604   2983.458     10.389     10.458    29.5223    29.5307   5.935613   5.939707     3.1624     2.6813      48.69   27.01474  -79.77890    0.00003   -0.00177         16  0.000e+00
      71605   2983.500     10.352     10.420    29.5221    29.5299   5.935510   5.939626     3.1624     2.6825      48.69   27.01474  -79.77890    0.00000   -0.00176         16  0.000e+00
      71606   2983.542     10.389     10.458    29.5215    29.5291   5.935374   5.939618     3.1624     2.6825      48.69   27.01474  -79.77890   -0.00004   -0.00176         16  0.000e+00
