Gulf of Mexico/GOMECC-4/1db/rb2103_0281.ros
* Sea-Bird SBE 9 Data File:
* FileName = C:\Users\scs.user.rb\CTD\GOMECC4\data\rb2103_0281.hex
* Software Version Seasave V 7.26.7.107
* Temperature SN = 4799
* Conductivity SN = 3860
* Number of Bytes Per Scan = 41
* Number of Voltage Words = 4
* Number of Scans Averaged by the Deck Unit = 1
* NMEA Latitude = 27 59.98 N
* NMEA Longitude = 086 37.19 W
* NMEA UTC (Time) = Sep 21 2021  18:09:14
* NMEA baud rate = 4800
# nquan = 17
# nvalues = 3192                                  
# units = specified
# name 0 = scan: Scan Count
# name 1 = timeS: Time, Elapsed [seconds]
# name 2 = depSM: Depth [salt water, m]
# name 3 = prDM: Pressure, Digiquartz [db]
# name 4 = t090C: Temperature [ITS-90, deg C]
# name 5 = t190C: Temperature, 2 [ITS-90, deg C]
# name 6 = c0S/m: Conductivity [S/m]
# name 7 = c1S/m: Conductivity, 2 [S/m]
# name 8 = sbeox0V: Oxygen raw, SBE 43 [V]
# name 9 = sbeox1V: Oxygen raw, SBE 43, 2 [V]
# name 10 = altM: Altimeter [m]
# name 11 = latitude: Latitude [deg]
# name 12 = longitude: Longitude [deg]
# name 13 = sbox0dV/dT: Oxygen, SBE 43 [dov/dt]
# name 14 = sbox1dV/dT: Oxygen, SBE 43, 2 [dov/dt]
# name 15 = nbf: Bottles Fired
# name 16 = flag:  0.000e+00
# interval = seconds: 0.0416667
# start_time = Sep 21 2021 18:09:14 [NMEA time, header]
# bad_flag = -9.990e-29
*END*
[from data line 1618]
     191193   7966.333    546.005    550.391     7.7159     7.7254   3.614984   3.615777     1.6215     1.3248     100.00   27.99874  -86.62060    0.00002    0.00004         13  0.000e+00
     191194   7966.375    546.005    550.391     7.7156     7.7240   3.615023   3.615764     1.6215     1.3260     100.00   27.99874  -86.62060    0.00002    0.00006         13  0.000e+00
     191195   7966.417    546.005    550.391     7.7159     7.7229   3.614991   3.615737     1.6215     1.3248     100.00   27.99874  -86.62060    0.00002    0.00006         13  0.000e+00
     191196   7966.458    545.891    550.276     7.7164     7.7231   3.614952   3.615731     1.6215     1.3248     100.00   27.99874  -86.62060    0.00002    0.00006         13  0.000e+00
     191197   7966.500    546.066    550.453     7.7166     7.7237   3.614919   3.615685     1.6215     1.3248     100.00   27.99874  -86.62060    0.00001    0.00005         13  0.000e+00
     191198   7966.542    545.952    550.338     7.7161     7.7243   3.614958   3.615691     1.6215     1.3248     100.00   27.99874  -86.62060    0.00001    0.00005         13  0.000e+00
     191199   7966.583    545.952    550.338     7.7157     7.7250   3.614978   3.615698     1.6215     1.3248     100.00   27.99874  -86.62060    0.00001    0.00005         13  0.000e+00
     191200   7966.625    546.005    550.392     7.7156     7.7241   3.614952   3.615652     1.6215     1.3248     100.00   27.99874  -86.62060    0.00001    0.00005         13  0.000e+00
     191201   7966.667    545.952    550.338     7.7159     7.7231   3.614991   3.615612     1.6215     1.3248     100.00   27.99874  -86.62060    0.00001    0.00005         13  0.000e+00
     191202   7966.708    546.005    550.392     7.7156     7.7223   3.614958   3.615579     1.6215     1.3248     100.00   27.99874  -86.62060    0.00000    0.00005         13  0.000e+00
     191203   7966.750    545.952    550.338     7.7155     7.7215   3.614991   3.615593     1.6215     1.3248     100.00   27.99874  -86.62060    0.00000    0.00005         13  0.000e+00
     191204   7966.792    546.074    550.461     7.7156     7.7207   3.614984   3.615579     1.6227     1.3260     100.00   27.99874  -86.62060    0.00003    0.00007         13  0.000e+00
     191205   7966.833    545.952    550.338     7.7156     7.7206   3.614952   3.615547     1.6215     1.3248     100.00   27.99874  -86.62060    0.00003    0.00007         13  0.000e+00
     191206   7966.875    546.005    550.392     7.7156     7.7199   3.614945   3.615560     1.6215     1.3260     100.00   27.99874  -86.62060    0.00003    0.00008         13  0.000e+00
     191207   7966.917    546.005    550.392     7.7154     7.7201   3.614945   3.615520     1.6215     1.3248     100.00   27.99874  -86.62060    0.00003    0.00008         13  0.000e+00
     191208   7966.958    545.952    550.338     7.7154     7.7207   3.614965   3.615527     1.6215     1.3260     100.00   27.99874  -86.62060    0.00003    0.00010         13  0.000e+00
     191209   7967.000    546.006    550.392     7.7156     7.7214   3.614978   3.615560     1.6215     1.3248     100.00   27.99874  -86.62060    0.00002    0.00010         13  0.000e+00
     191210   7967.042    545.952    550.338     7.7156     7.7217   3.614978   3.615547     1.6215     1.3248     100.00   27.99874  -86.62060    0.00002    0.00009         13  0.000e+00
     191211   7967.083    546.006    550.392     7.7157     7.7220   3.614952   3.615560     1.6215     1.3248     100.00   27.99874  -86.62060    0.00004    0.00009         13  0.000e+00
     191212   7967.125    545.952    550.338     7.7156     7.7220   3.614965   3.615520     1.6215     1.3248     100.00   27.99874  -86.62060    0.00004    0.00009         13  0.000e+00
     191213   7967.167    546.006    550.392     7.7156     7.7222   3.614978   3.615527     1.6215     1.3248     100.00   27.99874  -86.62060    0.00003    0.00007         13  0.000e+00
     191214   7967.208    546.006    550.392     7.7156     7.7222   3.614978   3.615540     1.6215     1.3260     100.00   27.99874  -86.62060    0.00003    0.00009         13  0.000e+00
     191215   7967.250    545.846    550.231     7.7155     7.7220   3.614952   3.615540     1.6215     1.3248     100.00   27.99874  -86.62060    0.00003    0.00008         13  0.000e+00
     191216   7967.292    546.120    550.507     7.7156     7.7220   3.614965   3.615586     1.6215     1.3260     100.00   27.99874  -86.62060    0.00003    0.00010         13  0.000e+00
     191217   7967.333    546.006    550.392     7.7154     7.7220   3.614978   3.615527     1.6215     1.3248     100.00   27.99874  -86.62060    0.00003    0.00010         13  0.000e+00
     191218   7967.375    545.953    550.338     7.7156     7.7223   3.614978   3.615527     1.6215     1.3248     100.00   27.99874  -86.62060    0.00003    0.00009         13  0.000e+00
     191219   7967.417    546.006    550.392     7.7156     7.7220   3.615023   3.615540     1.6227     1.3248     100.00   27.99874  -86.62060    0.00004    0.00009         13  0.000e+00
     191220   7967.458    546.006    550.392     7.7156     7.7220   3.615043   3.615514     1.6215     1.3248     100.00   27.99874  -86.62060    0.00004    0.00009         13  0.000e+00
     191221   7967.500    545.953    550.338     7.7159     7.7219   3.615088   3.615527     1.6227     1.3260     100.00   27.99874  -86.62060    0.00005    0.00010         13  0.000e+00
     191222   7967.542    546.006    550.392     7.7159     7.7217   3.615153   3.615540     1.6227     1.3248     100.00   27.99874  -86.62060    0.00005    0.00010         13  0.000e+00
     191223   7967.583    546.006    550.392     7.7169     7.7217   3.615218   3.615540     1.6227     1.3248     100.00   27.99874  -86.62060    0.00007    0.00010         13  0.000e+00
     191224   7967.625    545.953    550.339     7.7179     7.7212   3.615237   3.615514     1.6227     1.3248     100.00   27.99874  -86.62060    0.00008    0.00009         13  0.000e+00
     191225   7967.667    546.006    550.392     7.7175     7.7214   3.615238   3.615507     1.6215     1.3260     100.00   27.99874  -86.62060    0.00008    0.00011         13  0.000e+00
     191226   7967.708    546.006    550.392     7.7172     7.7215   3.615212   3.615527     1.6227     1.3248     100.00   27.99874  -86.62060    0.00009    0.00010         13  0.000e+00
     191227   7967.750    545.960    550.346     7.7166     7.7215   3.615153   3.615487     1.6227     1.3248     100.00   27.99874  -86.62060    0.00010    0.00010         13  0.000e+00
     191228   7967.792    546.006    550.392     7.7162     7.7215   3.615186   3.615494     1.6215     1.3248     100.00   27.99874  -86.62060    0.00010    0.00010         13  0.000e+00
     191229   7967.833    546.006    550.392     7.7166     7.7215   3.615153   3.615481     1.6215     1.3248     100.00   27.99874  -86.62060    0.00009    0.00009         13  0.000e+00
     191230   7967.875    545.953    550.339     7.7166     7.7217   3.615212   3.615474     1.6215     1.3248     100.00   27.99874  -86.62060    0.00009    0.00009         13  0.000e+00
     191231   7967.917    546.006    550.393     7.7164     7.7219   3.615212   3.615474     1.6215     1.3248     100.00   27.99874  -86.62060    0.00008    0.00009         13  0.000e+00
     191232   7967.958    545.953    550.339     7.7166     7.7217   3.615250   3.615474     1.6227     1.3248     100.00   27.99874  -86.62060    0.00010    0.00008         13  0.000e+00
     191233   7968.000    546.006    550.393     7.7166     7.7215   3.615290   3.615428     1.6215     1.3260     100.00   27.99874  -86.62060    0.00007    0.00010         13  0.000e+00
     191234   7968.042    546.006    550.393     7.7166     7.7215   3.615322   3.615408     1.6215     1.3248     100.00   27.99874  -86.62060    0.00007    0.00009         13  0.000e+00
     191235   7968.083    546.006    550.393     7.7167     7.7212   3.615335   3.615428     1.6215     1.3248     100.00   27.99874  -86.62060    0.00006    0.00009         13  0.000e+00
     191236   7968.125    545.953    550.339     7.7169     7.7209   3.615400   3.615441     1.6215     1.3248     100.00   27.99874  -86.62060    0.00006    0.00008         13  0.000e+00
     191237   7968.167    546.006    550.393     7.7174     7.7204   3.615426   3.615415     1.6215     1.3248     100.00   27.99874  -86.62060    0.00005    0.00008         13  0.000e+00
     191238   7968.208    546.006    550.393     7.7180     7.7204   3.615445   3.615454     1.6215     1.3248     100.00   27.99874  -86.62060    0.00005    0.00008         13  0.000e+00
     191239   7968.250    545.961    550.347     7.7179     7.7207   3.615458   3.615428     1.6215     1.3248     100.00   27.99874  -86.62060    0.00004    0.00007         13  0.000e+00
     191240   7968.292    546.006    550.393     7.7187     7.7209   3.615432   3.615435     1.6215     1.3248     100.00   27.99874  -86.62060    0.00004    0.00007         13  0.000e+00
     191241   7968.333    546.006    550.393     7.7193     7.7207   3.615471   3.615487     1.6215     1.3248     100.00   27.99874  -86.62060    0.00003    0.00006         13  0.000e+00
     191242   7968.375    545.953    550.339     7.7203     7.7207   3.615465   3.615481     1.6215     1.3248     100.00   27.99874  -86.62060    0.00003    0.00006         13  0.000e+00
     191243   7968.417    546.007    550.393     7.7198     7.7207   3.615432   3.615474     1.6215     1.3248     100.00   27.99874  -86.62060    0.00004    0.00006         13  0.000e+00
     191244   7968.458    546.007    550.393     7.7196     7.7207   3.615426   3.615547     1.6215     1.3248     100.00   27.99874  -86.62060    0.00005    0.00005         13  0.000e+00
     191245   7968.500    546.007    550.393     7.7193     7.7206   3.615400   3.615520     1.6215     1.3248     100.00   27.99874  -86.62060    0.00005    0.00005         13  0.000e+00
     191246   7968.542    545.953    550.339     7.7190     7.7206   3.615374   3.615553     1.6215     1.3248     100.00   27.99874  -86.62060    0.00004    0.00005         13  0.000e+00
     191247   7968.583    546.007    550.393     7.7195     7.7207   3.615387   3.615573     1.6215     1.3248     100.00   27.99874  -86.62060    0.00004    0.00004         13  0.000e+00
     191248   7968.625    545.953    550.339     7.7196     7.7204   3.615413   3.615547     1.6215     1.3248     100.00   27.99874  -86.62060    0.00003    0.00004         13  0.000e+00
     191249   7968.667    546.007    550.393     7.7196     7.7207   3.615445   3.615639     1.6215     1.3248     100.00   27.99874  -86.62060    0.00003    0.00003         13  0.000e+00
     191250   7968.708    546.007    550.393     7.7205     7.7207   3.615432   3.615691     1.6215     1.3260     100.00   27.99874  -86.62060    0.00002    0.00005         13  0.000e+00
     191251   7968.750    545.961    550.347     7.7211     7.7212   3.615445   3.615678     1.6215     1.3248     100.00   27.99874  -86.62060    0.00002    0.00004         13  0.000e+00
     191252   7968.792    546.007    550.393     7.7217     7.7217   3.615478   3.615691     1.6203     1.3248     100.00   27.99872  -86.62060   -0.00000    0.00004         13  0.000e+00
     191253   7968.833    545.954    550.339     7.7214     7.7220   3.615510   3.615718     1.6215     1.3248     100.00   27.99872  -86.62060    0.00001    0.00003         13  0.000e+00
     191254   7968.875    546.007    550.393     7.7209     7.7227   3.615497   3.615757     1.6215     1.3248     100.00   27.99872  -86.62060    0.00001    0.00003         13  0.000e+00
     191255   7968.917    545.954    550.340     7.7205     7.7238   3.615510   3.615790     1.6215     1.3248     100.00   27.99872  -86.62060    0.00000    0.00003         13  0.000e+00
     191256   7968.958    545.954    550.340     7.7205     7.7245   3.615543   3.615797     1.6215     1.3260     100.00   27.99872  -86.62060 -1.758e-07    0.00004         13  0.000e+00
     191257   7969.000    546.007    550.393     7.7205     7.7248   3.615504   3.615797     1.6227     1.3248     100.00   27.99872  -86.62060    0.00001    0.00003         13  0.000e+00
     191258   7969.042    545.954    550.340     7.7203     7.7246   3.615491   3.615843     1.6227     1.3248     100.00   27.99872  -86.62060    0.00003    0.00003         13  0.000e+00
     191259   7969.083    546.007    550.393     7.7205     7.7246   3.615491   3.615863     1.6227     1.3248     100.00   27.99872  -86.62060    0.00004    0.00003         13  0.000e+00
     191260   7969.125    545.954    550.340     7.7205     7.7250   3.615510   3.615863     1.6227     1.3248     100.00   27.99872  -86.62060    0.00005    0.00002         13  0.000e+00
     191261   7969.167    545.954    550.340     7.7211     7.7253   3.615497   3.615909     1.6215     1.3248     100.00   27.99872  -86.62060    0.00005    0.00002         13  0.000e+00
     191262   7969.208    546.015    550.401     7.7209     7.7262   3.615510   3.615902     1.6227     1.3248     100.00   27.99872  -86.62060    0.00008    0.00001         13  0.000e+00
     191263   7969.250    545.893    550.278     7.7208     7.7264   3.615497   3.615915     1.6215     1.3248     100.00   27.99872  -86.62060    0.00007    0.00001         13  0.000e+00
     191264   7969.292    545.954    550.340     7.7208     7.7261   3.615536   3.615902     1.6215     1.3248     100.00   27.99872  -86.62060    0.00007    0.00000         13  0.000e+00
     191265   7969.333    546.007    550.394     7.7209     7.7254   3.615504   3.615915     1.6215     1.3248     100.00   27.99872  -86.62060    0.00006   -0.00000         13  0.000e+00
     191266   7969.375    545.954    550.340     7.7210     7.7253   3.615536   3.615902     1.6215     1.3248     100.00   27.99872  -86.62060    0.00006   -0.00001         13  0.000e+00
     191267   7969.417    545.954    550.340     7.7214     7.7259   3.615556   3.615915     1.6215     1.3248     100.00   27.99872  -86.62060    0.00005   -0.00001         13  0.000e+00
     191268   7969.458    545.954    550.340     7.7214     7.7262   3.615556   3.615948     1.6215     1.3260     100.00   27.99872  -86.62060    0.00004    0.00000         13  0.000e+00
     191269   7969.500    545.954    550.340     7.7216     7.7264   3.615530   3.615961     1.6215     1.3248     100.00   27.99872  -86.62060    0.00004   -0.00000         13  0.000e+00
     191270   7969.542    545.954    550.340     7.7211     7.7267   3.615497   3.615935     1.6215     1.3248     100.00   27.99872  -86.62060    0.00003   -0.00001         13  0.000e+00
     191271   7969.583    545.954    550.340     7.7214     7.7269   3.615491   3.615928     1.6227     1.3248     100.00   27.99872  -86.62060    0.00005   -0.00001         13  0.000e+00
     191272   7969.625    545.954    550.340     7.7216     7.7269   3.615510   3.615928     1.6215     1.3248     100.00   27.99872  -86.62060    0.00004   -0.00002         13  0.000e+00
     191273   7969.667    545.954    550.340     7.7216     7.7267   3.615497   3.615928     1.6215     1.3260     100.00   27.99872  -86.62060    0.00004   -0.00001         13  0.000e+00
     191274   7969.708    545.962    550.348     7.7217     7.7269   3.615491   3.615948     1.6215     1.3248     100.00   27.99872  -86.62060    0.00003   -0.00001         13  0.000e+00
     191275   7969.750    545.954    550.340     7.7221     7.7269   3.615510   3.615935     1.6215     1.3248     100.00   27.99872  -86.62060    0.00002   -0.00002         13  0.000e+00
     191276   7969.792    545.893    550.279     7.7223     7.7267   3.615523   3.615902     1.6215     1.3260     100.00   27.99872  -86.62060    0.00002   -0.00000         13  0.000e+00
