Gulf of Mexico/GOMECC-4/1db/rb2103_1401.cnv
* Sea-Bird SBE 9 Data File:
* FileName = C:\Users\scs.user.rb\CTD\GOMECC4\data\rb2103_1401.hex
* Software Version Seasave V 7.26.7.107
* Temperature SN = 4799
* Conductivity SN = 3860
* Number of Bytes Per Scan = 41
* Number of Voltage Words = 4
* Number of Scans Averaged by the Deck Unit = 1
* NMEA Latitude = 25 39.47 N
* NMEA Longitude = 084 42.92 W
* NMEA UTC (Time) = Oct 20 2021  13:16:01
* NMEA baud rate = 4800
# nquan = 28
# nvalues = 746                         
# units = specified
# name 0 = scan: Scan Count
# name 1 = timeS: Time, Elapsed [seconds]
# name 2 = depSM: Depth [salt water, m]
# name 3 = prDM: Pressure, Digiquartz [db]
# name 4 = t090C: Temperature [ITS-90, deg C]
# name 5 = t190C: Temperature, 2 [ITS-90, deg C]
# name 6 = c0S/m: Conductivity [S/m]
# name 7 = c1S/m: Conductivity, 2 [S/m]
# name 8 = sbeox0V: Oxygen raw, SBE 43 [V]
# name 9 = sbeox1V: Oxygen raw, SBE 43, 2 [V]
# name 10 = altM: Altimeter [m]
# name 11 = latitude: Latitude [deg]
# name 12 = longitude: Longitude [deg]
# name 13 = sbox0dV/dT: Oxygen, SBE 43 [dov/dt]
# name 14 = sbox1dV/dT: Oxygen, SBE 43, 2 [dov/dt]
# name 15 = sbeox0ML/L: Oxygen, SBE 43 [ml/l], WS = 5
# name 16 = sbeox1ML/L: Oxygen, SBE 43, 2 [ml/l], WS = 5
# name 17 = potemp090C: Potential Temperature [ITS-90, deg C]
# name 18 = potemp190C: Potential Temperature, 2 [ITS-90, deg C]
# name 19 = sal00: Salinity, Practical [PSU]
# name 20 = sal11: Salinity, Practical, 2 [PSU]
# name 21 = sigma-é00: Density [sigma-theta, kg/m^3]
# name 22 = sigma-é11: Density, 2 [sigma-theta, kg/m^3]
# name 23 = avgsvCM: Average Sound Velocity [Chen-Millero, m/s], minP = 20, minS = 20
# name 24 = sbox0Mm/Kg: Oxygen, SBE 43 [umol/kg], WS = 5
# name 25 = sbox1Mm/Kg: Oxygen, SBE 43, 2 [umol/kg], WS = 5
# name 26 = nbin: number of scans per bin
# name 27 = flag: flag
# span 0 =       8408,     110323       
# span 1 =    350.276,   4596.765       
# span 2 =      0.993,   1086.036       
# span 3 =      1.000,   1096.000       
# span 4 =     5.1345,    28.2243       
# span 5 =     5.1353,    28.2474       
# span 6 =   3.400071,   5.825729       
# span 7 =   3.400054,   5.826145       
# span 8 =     1.6263,     3.1492       
# span 9 =     1.3233,     2.6684       
# span 10 =      11.57,     103.39      
# span 11 =   25.29043,   25.88889      
# span 12 =  -85.47080,  -83.49434      
# span 13 =   -0.04753,    0.05351      
# span 14 =   -0.04648,    0.05321      
# span 15 =     2.5564,     4.5733      
# span 16 =     2.5633,     4.5646      
# span 17 =     5.0414,    28.2210      
# span 18 =     5.0422,    28.2441      
# span 19 =    34.8998,    36.8307      
# span 20 =    34.8989,    36.8251      
# span 21 =    22.8200,    27.6201      
# span 22 =    22.8194,    27.6193      
# span 23 =       0.00,    1576.57      
# span 24 =    111.179,    199.417      
# span 25 =    111.475,    199.062      
# span 26 =         30,         74      
# span 27 = 0.0000e+00, 0.0000e+00      
# interval = decibars: 1                
# start_time = Oct 20 2021 13:16:01 [NMEA time, header]
# bad_flag = -9.990e-29
*END*
[from data line 518]
      61801   2575.001    656.662    662.000     7.0669     7.0733   3.556532   3.556964     1.6548     1.3493     100.00   25.65878  -84.71560   -0.00043   -0.00029     2.9202     2.9268     7.0026     7.0089    34.9144    34.9127    27.3511    27.3488    1499.93    126.944    127.231         31 0.0000e+00
      61925   2580.150    651.710    657.000     7.1193     7.1203   3.561478   3.561475     1.6534     1.3480     100.01   25.66007  -84.71986   -0.00029   -0.00027     2.9097     2.9170     7.0552     7.0562    34.9183    34.9173    27.3468    27.3459    1500.01    126.487    126.805         34 0.0000e+00
      61956   2581.454    650.720    656.000     7.1173     7.1217   3.561069   3.561353     1.6524     1.3468     100.00   25.65880  -84.71560   -0.00053   -0.00067     2.9063     2.9125     7.0533     7.0577    34.9164    34.9149    27.3456    27.3437    1499.93    126.342    126.611         32 0.0000e+00
      62078   2586.546    645.768    651.000     7.1443     7.1469   3.563565   3.563726     1.6508     1.3458     100.00   25.65967  -84.71848   -0.00031   -0.00027     2.8973     2.9052     7.0807     7.0833    34.9188    34.9179    27.3436    27.3426    1499.98    125.951    126.291         37 0.0000e+00
      62112   2587.961    644.778    650.000     7.1447     7.1447   3.563338   3.563355     1.6501     1.3455     100.00   25.65880  -84.71560   -0.00035   -0.00026     2.8948     2.9039     7.0812     7.0812    34.9176    34.9165    27.3426    27.3417    1499.93    125.841    126.239         32 0.0000e+00
      62231   2592.900    639.826    645.000     7.1543     7.1546   3.564439   3.564408     1.6498     1.3451     100.01   25.66154  -84.72458   -0.00017   -0.00016     2.8911     2.8999     7.0912     7.0916    34.9214    34.9207    27.3443    27.3436    1500.09    125.680    126.063         33 0.0000e+00
      62262   2594.190    638.835    644.000     7.1531     7.1537   3.563983   3.563964     1.6496     1.3446     100.00   25.65882  -84.71560   -0.00005   -0.00012     2.8905     2.8979     7.0902     7.0908    34.9177    34.9169    27.3414    27.3407    1499.93    125.653    125.976         38 0.0000e+00
      62383   2599.242    633.883    639.000     7.2224     7.2218   3.570543   3.570394     1.6498     1.3453     100.00   25.65977  -84.71874    0.00005    0.00016     2.8838     2.8935     7.1597     7.1590    34.9221    34.9211    27.3351    27.3344    1499.99    125.362    125.785         30 0.0000e+00
      62411   2600.417    632.892    638.000     7.2382     7.2425   3.571840   3.572084     1.6487     1.3443     100.00   25.65882  -84.71560   -0.00028   -0.00022     2.8788     2.8882     7.1755     7.1798    34.9207    34.9190    27.3317    27.3298    1499.93    125.148    125.556         30 0.0000e+00
      62593   2607.989    625.959    631.000     7.3709     7.3733   3.584899   3.584999     1.6455     1.3404     100.01   25.66119  -84.72337   -0.00042   -0.00065     2.8562     2.8623     7.3082     7.3106    34.9333    34.9320    27.3229    27.3215    1500.07    124.164    124.433         37 0.0000e+00
      62623   2609.237    624.968    630.000     7.3608     7.3675   3.583485   3.584014     1.6438     1.3387     100.00   25.65884  -84.71560   -0.00081   -0.00092     2.8513     2.8570     7.2983     7.3050    34.9281    34.9272    27.3202    27.3185    1499.93    123.954    124.201         31 0.0000e+00
      63052   2627.109    608.129    613.000     7.5544     7.5552   3.601639   3.601646     1.6377     1.3331      99.99   25.65728  -84.71037   -0.00013   -0.00002     2.8118     2.8183     7.4928     7.4935    34.9388    34.9381    27.3005    27.2999    1499.84    122.237    122.519         36 0.0000e+00
      63181   2632.520    603.176    608.000     7.6072     7.6074   3.607128   3.607069     1.6374     1.3329     100.01   25.66169  -84.72497   -0.00006   -0.00010     2.8049     2.8117     7.5458     7.5461    34.9484    34.9475    27.3006    27.2999    1500.10    121.937    122.233         34 0.0000e+00
      63214   2633.870    602.185    607.000     7.6047     7.6072   3.606503   3.606684     1.6365     1.3323      98.79   25.65886  -84.71562   -0.00024   -0.00029     2.8020     2.8097     7.5435     7.5459    34.9441    34.9436    27.2975    27.2967    1499.93    121.814    122.146         39 0.0000e+00
      63333   2638.834    597.232    602.000     7.6364     7.6374   3.609621   3.609639     1.6359     1.3320      98.80   25.66090  -84.72233   -0.00007   -0.00004     2.7961     2.8043     7.5755     7.5765    34.9488    34.9480    27.2966    27.2958    1500.05    121.555    121.911         33 0.0000e+00
      63364   2640.141    596.241    601.000     7.6331     7.6363   3.609003   3.609190     1.6355     1.3319      88.52   25.65888  -84.71562   -0.00012   -0.00008     2.7949     2.8039     7.5723     7.5755    34.9458    34.9452    27.2946    27.2936    1499.93    121.503    121.895         37 0.0000e+00
      63509   2646.150    590.297    595.000     7.6815     7.6826   3.613432   3.613465     1.6352     1.3317     100.00   25.65791  -84.71241   -0.00009   -0.00003     2.7883     2.7977     7.6212     7.6223    34.9477    34.9469    27.2889    27.2881    1499.87    121.217    121.628         43 0.0000e+00
      63642   2651.691    585.344    590.000     7.7365     7.7383   3.618916   3.618985     1.6351     1.3308      94.55   25.65974  -84.71840    0.00007   -0.00008     2.7819     2.7889     7.6765     7.6783    34.9543    34.9530    27.2861    27.2848    1499.98    120.941    121.246         30 0.0000e+00
      63977   2665.655    572.464    577.000     7.9912     7.9970   3.643709   3.644100     1.6312     1.3268     100.00   25.65859  -84.71461   -0.00064   -0.00023     2.7469     2.7528     7.9315     7.9372    34.9728    34.9712    27.2628    27.2607    1499.91    119.419    119.676         30 0.0000e+00
      64104   2670.957    567.511    572.000     8.0574     8.0560   3.650178   3.649833     1.6288     1.3247      87.22   25.65850  -84.71427   -0.00039   -0.00043     2.7333     2.7397     7.9979     7.9965    34.9785    34.9772    27.2573    27.2565    1499.91    118.828    119.107         33 0.0000e+00
      64258   2677.358    561.566    566.000     8.0943     8.0948   3.653713   3.653660     1.6265     1.3237     100.00   25.65936  -84.71709   -0.00035   -0.00009     2.7216     2.7317     8.0353     8.0358    34.9825    34.9815    27.2549    27.2540    1499.96    118.321    118.760         34 0.0000e+00
      64290   2678.719    560.575    565.000     8.0936     8.0958   3.653537   3.653675     1.6263     1.3241      49.48   25.65892  -84.71564   -0.00029   -0.00003     2.7206     2.7327     8.0346     8.0369    34.9818    34.9810    27.2544    27.2534    1499.93    118.280    118.803         31 0.0000e+00
      64385   2682.665    556.612    561.000     8.1131     8.1131   3.655513   3.655452     1.6270     1.3240     100.01   25.66072  -84.72152    0.00018   -0.00010     2.7197     2.7295     8.0545     8.0546    34.9857    34.9850    27.2545    27.2539    1500.03    118.237    118.665         30 0.0000e+00
      64412   2683.798    555.621    560.000     8.1116     8.1128   3.655141   3.655174     1.6267     1.3237      90.94   25.65894  -84.71564    0.00009   -0.00019     2.7186     2.7284     8.0531     8.0543    34.9833    34.9825    27.2528    27.2520    1499.93    118.194    118.617         32 0.0000e+00
      64923   2705.094    535.803    540.000     8.2903     8.2982   3.672274   3.672882     1.6275     1.3247     100.00   25.65788  -84.71208    0.00022    0.00033     2.7016     2.7116     8.2333     8.2411    34.9977    34.9963    27.2367    27.2344    1499.87    117.455    117.891         31 0.0000e+00
      65050   2710.386    530.848    535.000     8.3395     8.3409   3.677241   3.677238     1.6271     1.3238     100.00   25.65886  -84.71534   -0.00010   -0.00004     2.6950     2.7039     8.2828     8.2842    35.0042    35.0028    27.2343    27.2329    1499.92    117.169    117.556         32 0.0000e+00
      65232   2717.942    523.912    528.000     8.4322     8.4334   3.686546   3.686607     1.6273     1.3233      86.09   25.65961  -84.71774   -0.00012   -0.00033     2.6865     2.6935     8.3759     8.3771    35.0145    35.0139    27.2280    27.2274    1499.97    116.799    117.103         31 0.0000e+00
      65640   2734.968    508.055    512.000     8.6956     8.6978   3.713131   3.713234     1.6278     1.3238      80.70   25.65929  -84.71662   -0.00015   -0.00017     2.6642     2.6717     8.6401     8.6422    35.0423    35.0413    27.2086    27.2075    1499.95    115.831    116.159         30 0.0000e+00
      66103   2754.261    498.144    502.000     8.7728     8.7606   3.719666   3.718433     1.6280     1.3244      99.97   25.65090  -84.68882    0.00016    0.00001     2.6566     2.6662     8.7181     8.7059    35.0393    35.0371    27.1936    27.1938    1499.46    115.504    115.918         30 0.0000e+00
      66645   2776.840    496.162    500.000     8.7965     8.8197   3.724169   3.726236     1.6288     1.3259     100.03   25.66617  -84.73920    0.00012    0.00005     2.6554     2.6655     8.7420     8.7650    35.0633    35.0640    27.2093    27.2062    1500.35    115.451    115.890         36 0.0000e+00
      67712   2821.280    495.171    499.000     8.8523     8.8520   3.728810   3.728844     1.6290     1.3260     100.00   25.65908  -84.71566    0.00004    0.00012     2.6523     2.6638     8.7976     8.7973    35.0591    35.0595    27.1969    27.1973    1499.93    115.314    115.816         42 0.0000e+00
      67744   2822.605    490.215    494.000     8.9218     8.9301   3.735887   3.736695     1.6302     1.3262     100.00   25.65985  -84.71820    0.00032    0.00001     2.6493     2.6574     8.8674     8.8757    35.0670    35.0672    27.1920    27.1908    1499.97    115.185    115.537         30 0.0000e+00
      67948   2831.108    482.285    486.000     9.0107     9.0114   3.744955   3.744983     1.6313     1.3272      79.47   25.65989  -84.71826    0.00007    0.00006     2.6437     2.6522     8.9569     8.9576    35.0781    35.0778    27.1864    27.1860    1499.98    114.944    115.315         30 0.0000e+00
      67976   2832.311    481.294    485.000     9.0136     9.0138   3.745166   3.745102     1.6313     1.3271      74.88   25.65910  -84.71566    0.00008    0.00008     2.6432     2.6517     8.9599     8.9602    35.0778    35.0769    27.1855    27.1848    1499.93    114.921    115.290         32 0.0000e+00
      68103   2837.582    476.338    480.000     9.0735     9.0738   3.751548   3.751473     1.6326     1.3285     100.01   25.66230  -84.72621    0.00030    0.00038     2.6408     2.6503     9.0202     9.0205    35.0885    35.0875    27.1844    27.1836    1500.12    114.820    115.229         32 0.0000e+00
      68130   2838.701    475.347    479.000     9.0737     9.0749   3.751127   3.751269     1.6323     1.3284     100.00   25.65910  -84.71566    0.00027    0.00024     2.6400     2.6496     9.0205     9.0216    35.0838    35.0841    27.1805    27.1806    1499.93    114.783    115.199         36 0.0000e+00
      68306   2846.025    468.408    472.000     9.1558     9.1579   3.759586   3.759672     1.6338     1.3295     100.00   25.65916  -84.71579    0.00002    0.00013     2.6363     2.6452     9.1031     9.1051    35.0946    35.0935    27.1756    27.1744    1499.93    114.621    115.009         30 0.0000e+00
      68457   2852.353    462.460    466.000     9.2379     9.2361   3.767961   3.767664     1.6349     1.3298     100.00   25.65911  -84.71561    0.00038    0.00008     2.6318     2.6387     9.1856     9.1838    35.1040    35.1027    27.1696    27.1688    1499.93    114.426    114.729         34 0.0000e+00
      68584   2857.642    457.504    461.000     9.2621     9.2598   3.770225   3.770249     1.6362     1.3312      93.92   25.65908  -84.71553    0.00039    0.00016     2.6323     2.6400     9.2103     9.2080    35.1061    35.1064    27.1672    27.1678    1499.93    114.448    114.785         30 0.0000e+00
      69125   2880.185    436.685    440.000     9.6845     9.6902   3.814725   3.815197     1.6443     1.3383     100.01   25.66151  -84.72353    0.00060    0.00058     2.6196     2.6266     9.6337     9.6394    35.1636    35.1628    27.1421    27.1406    1500.07    113.902    114.203         35 0.0000e+00
      69155   2881.402    435.694    439.000     9.6753     9.6857   3.813437   3.814557     1.6442     1.3391     100.00   25.65913  -84.71564    0.00046    0.00073     2.6199     2.6289     9.6247     9.6351    35.1592    35.1605    27.1401    27.1394    1499.93    113.914    114.305         34 0.0000e+00
      69275   2886.409    430.737    434.000     9.8648     9.8947   3.833912   3.836916     1.6479     1.3415     100.01   25.66074  -84.72092    0.00096    0.00062     2.6157     2.6210     9.8142     9.8439    35.1875    35.1892    27.1303    27.1266    1500.02    113.734    113.964         34 0.0000e+00
      69305   2887.683    429.745    433.000     9.8729     9.8927   3.834541   3.836142     1.6479     1.3411      98.24   25.65914  -84.71564    0.00056    0.00006     2.6150     2.6199     9.8223     9.8420    35.1861    35.1833    27.1278    27.1222    1499.93    113.701    113.914         34 0.0000e+00
      69483   2895.071    422.805    426.000     9.9966     9.9937   3.847609   3.847393     1.6519     1.3454     100.00   25.65959  -84.71714    0.00041    0.00043     2.6155     2.6240     9.9465     9.9436    35.2028    35.2022    27.1196    27.1196    1499.96    113.727    114.093         30 0.0000e+00
      69628   2901.139    416.856    420.000    10.0811    10.0920   3.856278   3.857465     1.6555     1.3491     100.00   25.65742  -84.70997    0.00071    0.00061     2.6182     2.6269    10.0314    10.0423    35.2117    35.2132    27.1119    27.1112    1499.83    113.843    114.221         37 0.0000e+00
      70039   2918.243    401.983    405.000    10.5527    10.5627   3.907741   3.908387     1.6709     1.3621     100.01   25.66219  -84.72567    0.00102    0.00102     2.6245     2.6306    10.5035    10.5134    35.2847    35.2816    27.0867    27.0825    1500.11    114.120    114.387         37 0.0000e+00
      70198   2924.865    399.999    403.000    10.5921    10.5919   3.911133   3.911025     1.6732     1.3653      99.56   25.65594  -84.70504    0.00025    0.00046     2.6279     2.6381    10.5429    10.5428    35.2803    35.2799    27.0759    27.0757    1499.74    114.267    114.710         51 0.0000e+00
      70317   2929.817    399.008    402.000    10.6262    10.5955   3.915003   3.912023     1.6748     1.3665      89.89   25.65916  -84.71568    0.00040    0.00025     2.6295     2.6405    10.5771    10.5465    35.2876    35.2819    27.0757    27.0767    1499.93    114.336    114.814         48 0.0000e+00
      70449   2935.320    398.017    401.000    10.6496    10.6000   3.917058   3.912676     1.6762     1.3674      95.77   25.65916  -84.71568    0.00020    0.00014     2.6315     2.6428    10.6005    10.5510    35.2898    35.2895    27.0733    27.0818    1499.93    114.423    114.915         32 0.0000e+00
      70681   2944.985    397.025    400.000    10.6712    10.6433   3.919862   3.917067     1.6778     1.3685      99.97   25.65916  -84.71568    0.00036    0.00005     2.6342     2.6431    10.6222    10.5944    35.2945    35.2928    27.0730    27.0767    1499.93    114.544    114.930         49 0.0000e+00
      71471   2977.931    396.033    399.000    10.6926    10.6890   3.922290   3.921904     1.6794     1.3712      89.77   25.65916  -84.71568    0.00007    0.00001     2.6369     2.6478    10.6437    10.6401    35.2983    35.2977    27.0722    27.0724    1499.93    114.659    115.134         33 0.0000e+00
