Gulf of Mexico/GOMECC-4/1db/rb2103_0291.ros
* Sea-Bird SBE 9 Data File:
* FileName = C:\Users\scs.user.rb\CTD\GOMECC4\data\rb2103_0291.hex
* Software Version Seasave V 7.26.7.107
* Temperature SN = 4799
* Conductivity SN = 3860
* Number of Bytes Per Scan = 41
* Number of Voltage Words = 4
* Number of Scans Averaged by the Deck Unit = 1
* NMEA Latitude = 27 29.98 N
* NMEA Longitude = 086 48.58 W
* NMEA UTC (Time) = Sep 22 2021  01:30:43
* NMEA baud rate = 4800
# nquan = 17
# nvalues = 3192                                  
# units = specified
# name 0 = scan: Scan Count
# name 1 = timeS: Time, Elapsed [seconds]
# name 2 = depSM: Depth [salt water, m]
# name 3 = prDM: Pressure, Digiquartz [db]
# name 4 = t090C: Temperature [ITS-90, deg C]
# name 5 = t190C: Temperature, 2 [ITS-90, deg C]
# name 6 = c0S/m: Conductivity [S/m]
# name 7 = c1S/m: Conductivity, 2 [S/m]
# name 8 = sbeox0V: Oxygen raw, SBE 43 [V]
# name 9 = sbeox1V: Oxygen raw, SBE 43, 2 [V]
# name 10 = altM: Altimeter [m]
# name 11 = latitude: Latitude [deg]
# name 12 = longitude: Longitude [deg]
# name 13 = sbox0dV/dT: Oxygen, SBE 43 [dov/dt]
# name 14 = sbox1dV/dT: Oxygen, SBE 43, 2 [dov/dt]
# name 15 = nbf: Bottles Fired
# name 16 = flag:  0.000e+00
# interval = seconds: 0.0416667
# start_time = Sep 22 2021 01:30:43 [NMEA time, header]
# bad_flag = -9.990e-29
*END*
[from data line 171]
     110545   4606.000   2763.082   2799.985     4.3414     4.3422   3.401512   3.401495     1.7692     1.4591     100.00   27.49504  -86.81508    0.00005   -0.00007          2  0.000e+00
     110546   4606.042   2763.067   2799.969     4.3412     4.3422   3.401556   3.401476     1.7692     1.4591     100.00   27.49504  -86.81508    0.00007   -0.00007          2  0.000e+00
     110547   4606.083   2763.082   2799.985     4.3416     4.3422   3.401556   3.401469     1.7680     1.4591     100.00   27.49504  -86.81508    0.00006   -0.00006          2  0.000e+00
     110548   4606.125   2763.082   2799.985     4.3414     4.3422   3.401569   3.401469     1.7692     1.4591     100.00   27.49504  -86.81508    0.00007   -0.00006          2  0.000e+00
     110549   4606.167   2763.020   2799.921     4.3416     4.3422   3.401594   3.401444     1.7680     1.4591     100.00   27.49504  -86.81508    0.00007   -0.00006          2  0.000e+00
     110550   4606.208   2763.067   2799.969     4.3416     4.3419   3.401581   3.401457     1.7680     1.4591     100.00   27.49504  -86.81508    0.00006   -0.00006          2  0.000e+00
     110551   4606.250   2763.083   2799.985     4.3417     4.3422   3.401556   3.401469     1.7680     1.4591     100.00   27.49504  -86.81508    0.00005   -0.00006          2  0.000e+00
     110552   4606.292   2763.020   2799.922     4.3416     4.3422   3.401518   3.401469     1.7692     1.4591     100.00   27.49504  -86.81508    0.00006   -0.00006          2  0.000e+00
     110553   4606.333   2763.083   2799.985     4.3417     4.3424   3.401556   3.401489     1.7680     1.4591     100.00   27.49504  -86.81508    0.00006   -0.00006          2  0.000e+00
     110554   4606.375   2763.004   2799.906     4.3416     4.3422   3.401550   3.401495     1.7680     1.4579     100.00   27.49504  -86.81508    0.00005   -0.00007          2  0.000e+00
     110555   4606.417   2763.020   2799.922     4.3416     4.3425   3.401550   3.401495     1.7680     1.4591     100.00   27.49504  -86.81508    0.00004   -0.00005          2  0.000e+00
     110556   4606.458   2763.020   2799.922     4.3417     4.3428   3.401543   3.401495     1.7680     1.4591     100.00   27.49504  -86.81508    0.00004   -0.00005          2  0.000e+00
     110557   4606.500   2762.958   2799.858     4.3414     4.3426   3.401543   3.401495     1.7680     1.4591     100.00   27.49504  -86.81508    0.00003   -0.00005          2  0.000e+00
     110558   4606.542   2763.020   2799.922     4.3414     4.3427   3.401543   3.401495     1.7680     1.4579     100.00   27.49504  -86.81508    0.00002   -0.00006          2  0.000e+00
     110559   4606.583   2763.005   2799.906     4.3412     4.3424   3.401505   3.401495     1.7680     1.4579     100.00   27.49504  -86.81508    0.00002   -0.00008          2  0.000e+00
     110560   4606.625   2763.020   2799.922     4.3414     4.3427   3.401531   3.401495     1.7692     1.4579     100.00   27.49504  -86.81508    0.00003   -0.00009          2  0.000e+00
     110561   4606.667   2762.958   2799.858     4.3412     4.3427   3.401518   3.401514     1.7680     1.4591     100.00   27.49504  -86.81508    0.00002   -0.00009          2  0.000e+00
     110562   4606.708   2763.020   2799.922     4.3414     4.3428   3.401531   3.401502     1.7692     1.4591     100.00   27.49504  -86.81508    0.00003   -0.00009          2  0.000e+00
     110563   4606.750   2762.942   2799.842     4.3414     4.3428   3.401531   3.401476     1.7680     1.4591     100.00   27.49504  -86.81508    0.00002   -0.00008          2  0.000e+00
     110564   4606.792   2763.021   2799.922     4.3414     4.3427   3.401537   3.401508     1.7680     1.4591     100.00   27.49504  -86.81508    0.00002   -0.00008          2  0.000e+00
     110565   4606.833   2762.958   2799.858     4.3412     4.3425   3.401543   3.401482     1.7680     1.4591     100.00   27.49504  -86.81508    0.00001   -0.00008          2  0.000e+00
     110566   4606.875   2762.958   2799.858     4.3414     4.3426   3.401518   3.401489     1.7680     1.4591     100.00   27.49504  -86.81508    0.00002   -0.00007          2  0.000e+00
     110567   4606.917   2762.943   2799.843     4.3414     4.3427   3.401524   3.401495     1.7680     1.4591     100.00   27.49504  -86.81508    0.00003   -0.00007          2  0.000e+00
     110568   4606.958   2763.021   2799.922     4.3416     4.3424   3.401537   3.401476     1.7680     1.4591     100.00   27.49504  -86.81508    0.00004   -0.00007          2  0.000e+00
     110569   4607.000   2762.958   2799.859     4.3414     4.3424   3.401543   3.401469     1.7680     1.4591     100.00   27.49504  -86.81508    0.00005   -0.00006          2  0.000e+00
     110570   4607.042   2762.904   2799.803     4.3412     4.3421   3.401518   3.401489     1.7680     1.4591     100.00   27.49504  -86.81508    0.00005   -0.00006          2  0.000e+00
     110571   4607.083   2763.005   2799.907     4.3414     4.3424   3.401543   3.401450     1.7680     1.4591     100.00   27.49504  -86.81508    0.00004   -0.00006          2  0.000e+00
     110572   4607.125   2762.904   2799.803     4.3414     4.3424   3.401499   3.401456     1.7680     1.4591     100.00   27.49504  -86.81508    0.00003   -0.00005          2  0.000e+00
     110573   4607.167   2762.958   2799.859     4.3414     4.3421   3.401550   3.401469     1.7692     1.4591     100.00   27.49504  -86.81508    0.00005   -0.00005          2  0.000e+00
     110574   4607.208   2762.958   2799.859     4.3411     4.3422   3.401550   3.401444     1.7692     1.4591     100.00   27.49504  -86.81508    0.00006   -0.00005          2  0.000e+00
     110575   4607.250   2762.959   2799.859     4.3412     4.3422   3.401492   3.401457     1.7680     1.4579     100.00   27.49504  -86.81508    0.00005   -0.00006          2  0.000e+00
     110576   4607.292   2762.943   2799.843     4.3412     4.3422   3.401492   3.401469     1.7692     1.4579     100.00   27.49504  -86.81508    0.00006   -0.00008          2  0.000e+00
     110577   4607.333   2762.959   2799.859     4.3414     4.3422   3.401531   3.401469     1.7692     1.4591     100.00   27.49504  -86.81508    0.00007   -0.00007          2  0.000e+00
     110578   4607.375   2762.959   2799.859     4.3411     4.3421   3.401492   3.401418     1.7680     1.4591     100.00   27.49504  -86.81508    0.00006   -0.00007          2  0.000e+00
     110579   4607.417   2762.959   2799.859     4.3412     4.3421   3.401524   3.401424     1.7692     1.4579     100.00   27.49504  -86.81508    0.00009   -0.00008          2  0.000e+00
     110580   4607.458   2762.943   2799.843     4.3411     4.3421   3.401531   3.401457     1.7692     1.4591     100.00   27.49504  -86.81508    0.00012   -0.00008          2  0.000e+00
     110581   4607.500   2762.959   2799.859     4.3411     4.3421   3.401511   3.401469     1.7680     1.4579     100.00   27.49504  -86.81508    0.00011   -0.00009          2  0.000e+00
     110582   4607.542   2762.959   2799.859     4.3412     4.3421   3.401531   3.401469     1.7680     1.4579     100.00   27.49504  -86.81508    0.00010   -0.00010          2  0.000e+00
     110583   4607.583   2762.959   2799.859     4.3409     4.3422   3.401543   3.401444     1.7680     1.4591     100.00   27.49504  -86.81508    0.00010   -0.00010          2  0.000e+00
     110584   4607.625   2762.943   2799.843     4.3414     4.3422   3.401550   3.401411     1.7680     1.4591     100.00   27.49504  -86.81508    0.00009   -0.00009          2  0.000e+00
     110585   4607.667   2762.959   2799.859     4.3411     4.3422   3.401499   3.401469     1.7680     1.4591     100.00   27.49504  -86.81508    0.00008   -0.00009          2  0.000e+00
     110586   4607.708   2762.959   2799.859     4.3410     4.3422   3.401499   3.401495     1.7680     1.4591     100.00   27.49504  -86.81508    0.00008   -0.00008          2  0.000e+00
     110587   4607.750   2762.959   2799.859     4.3412     4.3424   3.401511   3.401476     1.7680     1.4591     100.00   27.49504  -86.81508    0.00007   -0.00008          2  0.000e+00
     110588   4607.792   2762.943   2799.844     4.3409     4.3422   3.401473   3.401469     1.7680     1.4579     100.00   27.49504  -86.81508    0.00006   -0.00009          2  0.000e+00
     110589   4607.833   2763.022   2799.923     4.3408     4.3424   3.401499   3.401489     1.7680     1.4579     100.00   27.49504  -86.81508    0.00005   -0.00010          2  0.000e+00
     110590   4607.875   2762.904   2799.804     4.3412     4.3424   3.401511   3.401495     1.7680     1.4591     100.00   27.49504  -86.81508    0.00005   -0.00010          2  0.000e+00
     110591   4607.917   2762.959   2799.860     4.3407     4.3425   3.401531   3.401476     1.7680     1.4591     100.00   27.49504  -86.81508    0.00004   -0.00009          2  0.000e+00
     110592   4607.958   2762.959   2799.860     4.3411     4.3426   3.401531   3.401469     1.7680     1.4591     100.00   27.49504  -86.81508    0.00003   -0.00009          2  0.000e+00
     110593   4608.000   2763.006   2799.908     4.3411     4.3425   3.401537   3.401469     1.7680     1.4591     100.00   27.49504  -86.81508    0.00002   -0.00008          2  0.000e+00
     110594   4608.042   2763.022   2799.924     4.3412     4.3424   3.401518   3.401444     1.7680     1.4591     100.00   27.49504  -86.81508    0.00002   -0.00008          2  0.000e+00
     110595   4608.083   2763.022   2799.924     4.3410     4.3424   3.401511   3.401476     1.7680     1.4591     100.00   27.49504  -86.81508    0.00001   -0.00007          2  0.000e+00
     110596   4608.125   2762.959   2799.860     4.3412     4.3424   3.401499   3.401495     1.7680     1.4591     100.00   27.49504  -86.81508    0.00000   -0.00008          2  0.000e+00
     110597   4608.167   2763.006   2799.908     4.3409     4.3424   3.401531   3.401450     1.7680     1.4579     100.00   27.49504  -86.81508   -0.00001   -0.00009          2  0.000e+00
     110598   4608.208   2762.960   2799.860     4.3411     4.3422   3.401518   3.401476     1.7680     1.4591     100.00   27.49504  -86.81508   -0.00001   -0.00009          2  0.000e+00
     110599   4608.250   2763.022   2799.924     4.3409     4.3424   3.401511   3.401476     1.7680     1.4591     100.00   27.49504  -86.81508   -0.00002   -0.00008          2  0.000e+00
     110600   4608.292   2763.022   2799.924     4.3414     4.3421   3.401524   3.401444     1.7680     1.4579     100.00   27.49504  -86.81508   -0.00003   -0.00009          2  0.000e+00
     110601   4608.333   2763.069   2799.972     4.3409     4.3421   3.401512   3.401457     1.7680     1.4591     100.00   27.49504  -86.81508   -0.00004   -0.00009          2  0.000e+00
     110602   4608.375   2763.022   2799.924     4.3411     4.3421   3.401556   3.401444     1.7680     1.4591     100.00   27.49504  -86.81508   -0.00002   -0.00008          2  0.000e+00
     110603   4608.417   2763.022   2799.924     4.3411     4.3421   3.401524   3.401437     1.7680     1.4579     100.00   27.49504  -86.81508   -0.00001   -0.00009          2  0.000e+00
     110604   4608.458   2763.022   2799.924     4.3412     4.3421   3.401543   3.401437     1.7680     1.4591     100.00   27.49504  -86.81508   -0.00002   -0.00009          2  0.000e+00
     110605   4608.500   2763.069   2799.972     4.3411     4.3422   3.401543   3.401457     1.7680     1.4591     100.00   27.49504  -86.81508   -0.00003   -0.00008          2  0.000e+00
     110606   4608.542   2763.023   2799.924     4.3411     4.3421   3.401543   3.401469     1.7680     1.4591     100.00   27.49504  -86.81508   -0.00002   -0.00008          2  0.000e+00
     110607   4608.583   2763.085   2799.988     4.3411     4.3421   3.401518   3.401444     1.7680     1.4591     100.00   27.49504  -86.81508   -0.00002   -0.00007          2  0.000e+00
     110608   4608.625   2763.023   2799.924     4.3409     4.3421   3.401524   3.401457     1.7680     1.4591     100.00   27.49504  -86.81508   -0.00003   -0.00006          2  0.000e+00
     110609   4608.667   2763.085   2799.988     4.3411     4.3422   3.401537   3.401444     1.7680     1.4591     100.00   27.49504  -86.81508   -0.00004   -0.00006          2  0.000e+00
     110610   4608.708   2763.132   2800.036     4.3411     4.3421   3.401518   3.401457     1.7692     1.4591     100.00   27.49504  -86.81508   -0.00002   -0.00005          2  0.000e+00
     110611   4608.750   2763.023   2799.924     4.3411     4.3421   3.401531   3.401444     1.7680     1.4591     100.00   27.49504  -86.81508   -0.00003   -0.00004          2  0.000e+00
     110612   4608.792   2763.148   2800.052     4.3411     4.3419   3.401505   3.401437     1.7680     1.4591     100.00   27.49504  -86.81508   -0.00004   -0.00004          2  0.000e+00
     110613   4608.833   2763.085   2799.988     4.3412     4.3422   3.401531   3.401437     1.7692     1.4579     100.00   27.49504  -86.81508   -0.00003   -0.00005          2  0.000e+00
     110614   4608.875   2763.070   2799.972     4.3411     4.3421   3.401543   3.401437     1.7692     1.4591     100.00   27.49504  -86.81508    0.00000   -0.00004          2  0.000e+00
     110615   4608.917   2763.148   2800.052     4.3411     4.3421   3.401518   3.401457     1.7692     1.4591     100.00   27.49504  -86.81508    0.00001   -0.00003          2  0.000e+00
     110616   4608.958   2763.086   2799.988     4.3409     4.3422   3.401531   3.401444     1.7692     1.4591     100.00   27.49504  -86.81508    0.00002   -0.00003          2  0.000e+00
     110617   4609.000   2763.148   2800.052     4.3410     4.3422   3.401486   3.401457     1.7680     1.4591     100.00   27.49504  -86.81508    0.00003   -0.00002          2  0.000e+00
     110618   4609.042   2763.187   2800.092     4.3411     4.3421   3.401499   3.401469     1.7680     1.4591     100.00   27.49504  -86.81508    0.00002   -0.00001          2  0.000e+00
     110619   4609.083   2763.086   2799.989     4.3411     4.3422   3.401531   3.401444     1.7692     1.4591     100.00   27.49504  -86.81508    0.00003   -0.00001          2  0.000e+00
     110620   4609.125   2763.203   2800.108     4.3408     4.3421   3.401543   3.401457     1.7680     1.4591     100.00   27.49504  -86.81508    0.00003   -0.00000          2  0.000e+00
     110621   4609.167   2763.148   2800.053     4.3411     4.3422   3.401531   3.401469     1.7692     1.4591     100.00   27.49504  -86.81508    0.00004    0.00001          2  0.000e+00
     110622   4609.208   2763.133   2800.037     4.3410     4.3422   3.401512   3.401489     1.7680     1.4591     100.00   27.49504  -86.81508    0.00003    0.00001          2  0.000e+00
     110623   4609.250   2763.148   2800.053     4.3411     4.3422   3.401512   3.401476     1.7692     1.4591     100.00   27.49504  -86.81508    0.00004    0.00002          2  0.000e+00
     110624   4609.292   2763.203   2800.109     4.3411     4.3421   3.401531   3.401489     1.7680     1.4591     100.00   27.49504  -86.81508    0.00003    0.00003          2  0.000e+00
     110625   4609.333   2763.203   2800.109     4.3409     4.3422   3.401505   3.401450     1.7680     1.4591     100.00   27.49504  -86.81508    0.00002    0.00001          2  0.000e+00
     110626   4609.375   2763.203   2800.109     4.3410     4.3422   3.401531   3.401476     1.7680     1.4591     100.00   27.49504  -86.81508    0.00001    0.00002          2  0.000e+00
     110627   4609.417   2763.188   2800.093     4.3411     4.3422   3.401543   3.401495     1.7680     1.4591     100.00   27.49504  -86.81508    0.00000    0.00003          2  0.000e+00
     110628   4609.458   2763.203   2800.109     4.3409     4.3421   3.401543   3.401450     1.7680     1.4591     100.00   27.49504  -86.81508   -0.00000    0.00003          2  0.000e+00
