Gulf of Mexico/GOMECC-4/1db/rb2103_0201.ros
* Sea-Bird SBE 9 Data File:
* FileName = C:\Users\scs.user.rb\CTD\GOMECC4\data\rb2103_0201.hex
* Software Version Seasave V 7.26.7.107
* Temperature SN = 4799
* Conductivity SN = 3860
* Number of Bytes Per Scan = 41
* Number of Voltage Words = 4
* Number of Scans Averaged by the Deck Unit = 1
* NMEA Latitude = 29 22.66 N
* NMEA Longitude = 085 30.54 W
* NMEA UTC (Time) = Sep 20 2021  19:24:08
* NMEA baud rate = 4800
# nquan = 17
# nvalues = 399                                   
# units = specified
# name 0 = scan: Scan Count
# name 1 = timeS: Time, Elapsed [seconds]
# name 2 = depSM: Depth [salt water, m]
# name 3 = prDM: Pressure, Digiquartz [db]
# name 4 = t090C: Temperature [ITS-90, deg C]
# name 5 = t190C: Temperature, 2 [ITS-90, deg C]
# name 6 = c0S/m: Conductivity [S/m]
# name 7 = c1S/m: Conductivity, 2 [S/m]
# name 8 = sbeox0V: Oxygen raw, SBE 43 [V]
# name 9 = sbeox1V: Oxygen raw, SBE 43, 2 [V]
# name 10 = altM: Altimeter [m]
# name 11 = latitude: Latitude [deg]
# name 12 = longitude: Longitude [deg]
# name 13 = sbox0dV/dT: Oxygen, SBE 43 [dov/dt]
# name 14 = sbox1dV/dT: Oxygen, SBE 43, 2 [dov/dt]
# name 15 = nbf: Bottles Fired
# name 16 = flag:  0.000e+00
# interval = seconds: 0.0416667
# start_time = Sep 20 2021 19:24:08 [NMEA time, header]
# bad_flag = -9.990e-29
*END*
[from data line 256]
      15807    658.583     15.281     15.386    28.4959    28.5024   5.507587   5.509537     3.0708     2.6105      18.41   29.37790  -85.50802    0.00154    0.00176          2  0.000e+00
      15808    658.625     15.221     15.325    28.4963    28.5007   5.507564   5.508997     3.0708     2.6105      18.41   29.37790  -85.50802    0.00149    0.00167          2  0.000e+00
      15809    658.667     15.244     15.348    28.4963    28.4991   5.507610   5.508441     3.0696     2.6105      18.41   29.37790  -85.50802    0.00142    0.00159          2  0.000e+00
      15810    658.708     15.281     15.386    28.4963    28.4977   5.507610   5.507964     3.0696     2.6105      18.41   29.37790  -85.50802    0.00134    0.00150          2  0.000e+00
      15811    658.750     15.077     15.181    28.4965    28.4969   5.507656   5.507682     3.0696     2.6093      18.41   29.37790  -85.50802    0.00127    0.00139          2  0.000e+00
      15812    658.792     15.334     15.439    28.4965    28.4964   5.507657   5.507448     3.0684     2.6093      18.41   29.37790  -85.50802    0.00117    0.00129          2  0.000e+00
      15813    658.833     15.281     15.386    28.4965    28.4956   5.507664   5.507260     3.0684     2.6081      18.41   29.37790  -85.50802    0.00108    0.00116          2  0.000e+00
      15814    658.875     15.244     15.348    28.4959    28.4951   5.507695   5.507111     3.0684     2.6081      18.41   29.37790  -85.50802    0.00098    0.00104          2  0.000e+00
      15815    658.917     15.221     15.325    28.4969    28.4948   5.507749   5.506939     3.0684     2.6068      18.41   29.37790  -85.50802    0.00088    0.00090          2  0.000e+00
      15816    658.958     15.221     15.325    28.4972    28.4942   5.508019   5.506728     3.0672     2.6068      18.41   29.37790  -85.50802    0.00076    0.00076          2  0.000e+00
      19199    799.917      3.601      3.626    28.0957    28.0998   5.366527   5.367670     3.1490     2.6838      29.89   29.37794  -85.50768   -0.00073   -0.00198          3  0.000e+00
      19200    799.958      3.699      3.725    28.0958    28.1004   5.366535   5.367724     3.1490     2.6838      29.89   29.37794  -85.50768   -0.00073   -0.00193          3  0.000e+00
      19201    800.000      3.662      3.687    28.0955    28.1010   5.366688   5.367755     3.1490     2.6838      29.87   29.37794  -85.50768   -0.00073   -0.00187          3  0.000e+00
      19202    800.042      3.926      3.953    28.0959    28.1013   5.366894   5.367810     3.1490     2.6838      29.82   29.37794  -85.50768   -0.00072   -0.00182          3  0.000e+00
      19203    800.083      3.714      3.740    28.0967    28.1012   5.366947   5.367748     3.1490     2.6850      29.79   29.37794  -85.50768   -0.00072   -0.00174          3  0.000e+00
      19204    800.125      3.714      3.740    28.0970    28.1010   5.367016   5.367662     3.1490     2.6850      29.79   29.37794  -85.50768   -0.00072   -0.00166          3  0.000e+00
      19205    800.167      3.699      3.725    28.0973    28.1008   5.367107   5.367701     3.1490     2.6850      29.79   29.37794  -85.50768   -0.00071   -0.00159          3  0.000e+00
      19206    800.208      3.775      3.801    28.0980    28.1009   5.367199   5.367663     3.1502     2.6850      29.79   29.37794  -85.50768   -0.00069   -0.00149          3  0.000e+00
      19207    800.250      3.646      3.671    28.0982    28.1006   5.367214   5.367701     3.1490     2.6862      29.79   29.37794  -85.50768   -0.00068   -0.00139          3  0.000e+00
      19208    800.292      3.714      3.740    28.0982    28.1010   5.367283   5.367771     3.1502     2.6862      29.79   29.37794  -85.50768   -0.00065   -0.00127          3  0.000e+00
      19209    800.333      3.714      3.740    28.0984    28.1007   5.367306   5.367802     3.1502     2.6862      29.79   29.37794  -85.50768   -0.00061   -0.00116          3  0.000e+00
      19210    800.375      3.699      3.725    28.0984    28.1010   5.367306   5.367817     3.1502     2.6862      29.79   29.37794  -85.50768   -0.00058   -0.00104          3  0.000e+00
      19211    800.417      3.662      3.687    28.0984    28.1008   5.367375   5.367848     3.1502     2.6874      29.79   29.37794  -85.50768   -0.00055   -0.00090          3  0.000e+00
      19212    800.458      3.699      3.725    28.0986    28.1009   5.367428   5.367802     3.1502     2.6874      29.79   29.37794  -85.50768   -0.00052   -0.00076          3  0.000e+00
      19213    800.500      3.714      3.740    28.0984    28.1008   5.367413   5.367802     3.1514     2.6862      29.79   29.37794  -85.50768   -0.00046   -0.00064          3  0.000e+00
      19214    800.542      3.662      3.687    28.0984    28.1008   5.367459   5.367786     3.1514     2.6862      29.79   29.37794  -85.50768   -0.00039   -0.00052          3  0.000e+00
      19215    800.583      3.699      3.725    28.0984    28.1006   5.367390   5.367763     3.1514     2.6862      29.79   29.37794  -85.50768   -0.00034   -0.00038          3  0.000e+00
      19216    800.625      3.662      3.687    28.0982    28.1005   5.367420   5.367740     3.1514     2.6862      29.79   29.37794  -85.50768   -0.00029   -0.00026          3  0.000e+00
      19217    800.667      3.646      3.671    28.0982    28.1006   5.367443   5.367693     3.1514     2.6862      29.79   29.37794  -85.50768   -0.00024   -0.00013          3  0.000e+00
      19218    800.708      3.662      3.687    28.0982    28.1004   5.367405   5.367724     3.1514     2.6862      29.79   29.37794  -85.50768   -0.00020    0.00001          3  0.000e+00
      19219    800.750      3.662      3.687    28.0977    28.1003   5.367329   5.367655     3.1526     2.6862      29.79   29.37794  -85.50768   -0.00013    0.00014          3  0.000e+00
      19220    800.792      3.646      3.671    28.0978    28.1004   5.367268   5.367678     3.1526     2.6850      29.79   29.37794  -85.50766   -0.00006    0.00025          3  0.000e+00
      19221    800.833      3.662      3.687    28.0977    28.1004   5.367260   5.367678     3.1526     2.6850      29.79   29.37794  -85.50766    0.00001    0.00036          3  0.000e+00
      19222    800.875      3.646      3.671    28.0975    28.1001   5.367237   5.367624     3.1526     2.6838      29.79   29.37794  -85.50766    0.00007    0.00044          3  0.000e+00
      19223    800.917      3.662      3.687    28.0975    28.1001   5.367084   5.367492     3.1526     2.6838      29.79   29.37794  -85.50766    0.00014    0.00052          3  0.000e+00
      19224    800.958      3.662      3.687    28.0970    28.0999   5.367008   5.367461     3.1526     2.6825      29.79   29.37794  -85.50766    0.00021    0.00059          3  0.000e+00
      19225    801.000      3.646      3.671    28.0969    28.0995   5.366993   5.367423     3.1526     2.6825      29.79   29.37794  -85.50766    0.00028    0.00064          3  0.000e+00
      19226    801.042      3.662      3.687    28.0967    28.0994   5.366932   5.367384     3.1526     2.6825      29.79   29.37794  -85.50766    0.00033    0.00067          3  0.000e+00
      19227    801.083      3.662      3.687    28.0973    28.0993   5.366939   5.367237     3.1526     2.6825      29.79   29.37794  -85.50766    0.00038    0.00070          3  0.000e+00
      19228    801.125      3.646      3.671    28.0980    28.0991   5.366924   5.367260     3.1526     2.6825      29.79   29.37794  -85.50766    0.00044    0.00074          3  0.000e+00
      19229    801.167      3.662      3.687    28.0978    28.0992   5.366840   5.367276     3.1526     2.6825      29.79   29.37794  -85.50766    0.00051    0.00077          3  0.000e+00
      19230    801.208      3.646      3.671    28.0977    28.0991   5.366817   5.367353     3.1526     2.6825      29.79   29.37794  -85.50766    0.00058    0.00079          3  0.000e+00
      19231    801.250      3.662      3.687    28.0967    28.0991   5.366718   5.367198     3.1526     2.6825      29.79   29.37794  -85.50766    0.00064    0.00079          3  0.000e+00
      19232    801.292      3.662      3.687    28.0962    28.0992   5.366649   5.367322     3.1526     2.6825      29.79   29.37794  -85.50766    0.00069    0.00079          3  0.000e+00
      19233    801.333      3.646      3.671    28.0959    28.0993   5.366611   5.367368     3.1514     2.6825      29.79   29.37794  -85.50766    0.00072    0.00080          3  0.000e+00
      19234    801.375      3.662      3.687    28.0953    28.0993   5.366596   5.367345     3.1514     2.6838      29.79   29.37794  -85.50766    0.00076    0.00080          3  0.000e+00
      19235    801.417      3.646      3.671    28.0955    28.0990   5.366596   5.367361     3.1514     2.6825      29.79   29.37794  -85.50766    0.00079    0.00078          3  0.000e+00
      19236    801.458      3.662      3.687    28.0955    28.0995   5.366596   5.367345     3.1514     2.6838      29.79   29.37794  -85.50766    0.00082    0.00079          3  0.000e+00
      19237    801.500      3.662      3.687    28.0955    28.0997   5.366565   5.367361     3.1514     2.6838      29.79   29.37794  -85.50766    0.00083    0.00080          3  0.000e+00
      19238    801.542      3.646      3.671    28.0956    28.0993   5.366649   5.367376     3.1514     2.6838      29.79   29.37794  -85.50766    0.00084    0.00081          3  0.000e+00
      19239    801.583      3.662      3.687    28.0957    28.0996   5.366588   5.367368     3.1514     2.6838      29.79   29.37794  -85.50766    0.00086    0.00081          3  0.000e+00
      19240    801.625      3.646      3.671    28.0956    28.0993   5.366581   5.367407     3.1514     2.6838      29.79   29.37794  -85.50766    0.00087    0.00083          3  0.000e+00
      19241    801.667      3.662      3.687    28.0955    28.0997   5.366565   5.367376     3.1514     2.6838      29.79   29.37794  -85.50766    0.00086    0.00083          3  0.000e+00
      19242    801.708      3.662      3.686    28.0952    28.0994   5.366581   5.367407     3.1514     2.6838      29.79   29.37794  -85.50766    0.00086    0.00083          3  0.000e+00
      19243    801.750      3.646      3.671    28.0947    28.0995   5.366558   5.367407     3.1514     2.6838      29.79   29.37794  -85.50766    0.00085    0.00083          3  0.000e+00
      19244    801.792      3.662      3.686    28.0947    28.0995   5.366550   5.367484     3.1514     2.6838      29.79   29.37794  -85.50766    0.00084    0.00083          3  0.000e+00
      19245    801.833      3.586      3.610    28.0948    28.0996   5.366550   5.367430     3.1514     2.6838      29.79   29.37794  -85.50766    0.00084    0.00083          3  0.000e+00
      19246    801.875      3.662      3.687    28.0949    28.0997   5.366520   5.367454     3.1514     2.6838      29.79   29.37794  -85.50766    0.00083    0.00083          3  0.000e+00
      19247    801.917      3.601      3.626    28.0948    28.0997   5.366573   5.367523     3.1526     2.6838      29.79   29.37794  -85.50766    0.00082    0.00081          3  0.000e+00
      19248    801.958      3.699      3.725    28.0949    28.0999   5.366527   5.367523     3.1526     2.6850      29.79   29.37794  -85.50766    0.00080    0.00081          3  0.000e+00
      19249    802.000      3.601      3.626    28.0951    28.1001   5.366443   5.367539     3.1538     2.6850      29.79   29.37794  -85.50766    0.00081    0.00080          3  0.000e+00
      19250    802.042      3.646      3.671    28.0948    28.1003   5.366451   5.367616     3.1538     2.6862      29.79   29.37794  -85.50766    0.00081    0.00081          3  0.000e+00
      19251    802.083      3.601      3.626    28.0944    28.1003   5.366428   5.367631     3.1538     2.6862      29.79   29.37794  -85.50766    0.00081    0.00083          3  0.000e+00
      19252    802.125      3.601      3.626    28.0945    28.1000   5.366420   5.367577     3.1538     2.6874      29.79   29.37794  -85.50766    0.00081    0.00085          3  0.000e+00
      19253    802.167      3.646      3.671    28.0944    28.1001   5.366420   5.367515     3.1538     2.6874      29.79   29.37794  -85.50766    0.00081    0.00088          3  0.000e+00
      19254    802.208      3.548      3.572    28.0944    28.0999   5.366352   5.367438     3.1538     2.6886      29.79   29.37794  -85.50766    0.00080    0.00090          3  0.000e+00
      19255    802.250      3.646      3.671    28.0947    28.0994   5.366428   5.367376     3.1551     2.6886      29.79   29.37794  -85.50766    0.00082    0.00094          3  0.000e+00
      19256    802.292      3.601      3.626    28.0950    28.0991   5.366458   5.367276     3.1551     2.6886      29.79   29.37794  -85.50766    0.00082    0.00098          3  0.000e+00
      19257    802.333      3.601      3.626    28.0947    28.0990   5.366458   5.367268     3.1551     2.6899      29.79   29.37794  -85.50766    0.00083    0.00103          3  0.000e+00
      19258    802.375      3.646      3.671    28.0951    28.0990   5.366489   5.367322     3.1551     2.6899      29.79   29.37794  -85.50766    0.00085    0.00108          3  0.000e+00
      19259    802.417      3.548      3.572    28.0950    28.0988   5.366474   5.367322     3.1551     2.6899      29.79   29.37794  -85.50766    0.00088    0.00113          3  0.000e+00
      19260    802.458      3.646      3.671    28.0951    28.0988   5.366428   5.367368     3.1551     2.6899      29.79   29.37794  -85.50766    0.00089    0.00117          3  0.000e+00
      19261    802.500      3.548      3.572    28.0949    28.0990   5.366489   5.367368     3.1551     2.6899      29.79   29.37794  -85.50766    0.00093    0.00122          3  0.000e+00
      19262    802.542      3.601      3.626    28.0950    28.0989   5.366504   5.367407     3.1551     2.6899      29.79   29.37794  -85.50766    0.00096    0.00126          3  0.000e+00
      19263    802.583      3.586      3.610    28.0949    28.0988   5.366504   5.367446     3.1551     2.6899      29.79   29.37794  -85.50766    0.00100    0.00129          3  0.000e+00
      19264    802.625      3.601      3.626    28.0947    28.0990   5.366466   5.367430     3.1551     2.6899      29.79   29.37794  -85.50766    0.00101    0.00133          3  0.000e+00
      19265    802.667      3.601      3.626    28.0948    28.0990   5.366458   5.367477     3.1551     2.6911      29.79   29.37794  -85.50766    0.00104    0.00138          3  0.000e+00
      19266    802.708      3.586      3.610    28.0947    28.0993   5.366458   5.367477     3.1551     2.6911      29.79   29.37794  -85.50766    0.00107    0.00143          3  0.000e+00
      19267    802.750      3.601      3.626    28.0949    28.0991   5.366489   5.367492     3.1551     2.6911      29.79   29.37794  -85.50766    0.00109    0.00147          3  0.000e+00
      19268    802.792      3.646      3.671    28.0950    28.0994   5.366474   5.367438     3.1551     2.6911      29.79   29.37794  -85.50766    0.00112    0.00151          3  0.000e+00
      19269    802.833      3.601      3.626    28.0947    28.0993   5.366489   5.367446     3.1563     2.6911      29.82   29.37794  -85.50766    0.00116    0.00157          3  0.000e+00
      19270    802.875      3.601      3.626    28.0949    28.0993   5.366474   5.367500     3.1551     2.6899      29.79   29.37794  -85.50766    0.00120    0.00159          3  0.000e+00
      19271    802.917      3.586      3.610    28.0950    28.0992   5.366458   5.367500     3.1551     2.6899      29.79   29.37794  -85.50766    0.00122    0.00162          3  0.000e+00
      19272    802.958      3.601      3.626    28.0947    28.0993   5.366497   5.367577     3.1551     2.6911      29.79   29.37794  -85.50766    0.00124    0.00167          3  0.000e+00
