Gulf of Mexico/GOMECC-4/1db/rb2103_0041.cnv
* Sea-Bird SBE 9 Data File:
* FileName = C:\Users\scs.user.rb\CTD\GOMECC4\data\rb2103_004.hex
* Software Version Seasave V 7.26.7.107
* Temperature SN = 4799
* Conductivity SN = 3860
* Number of Bytes Per Scan = 41
* Number of Voltage Words = 4
* Number of Scans Averaged by the Deck Unit = 1
* NMEA Latitude = 26 59.65 N
* NMEA Longitude = 079 51.52 W
* NMEA UTC (Time) = Sep 14 2021  23:37:43
* NMEA baud rate = 4800
# nquan = 28
# nvalues = 232                         
# units = specified
# name 0 = scan: Scan Count
# name 1 = timeS: Time, Elapsed [seconds]
# name 2 = depSM: Depth [salt water, m]
# name 3 = prDM: Pressure, Digiquartz [db]
# name 4 = t090C: Temperature [ITS-90, deg C]
# name 5 = t190C: Temperature, 2 [ITS-90, deg C]
# name 6 = c0S/m: Conductivity [S/m]
# name 7 = c1S/m: Conductivity, 2 [S/m]
# name 8 = sbeox0V: Oxygen raw, SBE 43 [V]
# name 9 = sbeox1V: Oxygen raw, SBE 43, 2 [V]
# name 10 = altM: Altimeter [m]
# name 11 = latitude: Latitude [deg]
# name 12 = longitude: Longitude [deg]
# name 13 = sbox0dV/dT: Oxygen, SBE 43 [dov/dt]
# name 14 = sbox1dV/dT: Oxygen, SBE 43, 2 [dov/dt]
# name 15 = sbeox0ML/L: Oxygen, SBE 43 [ml/l], WS = 5
# name 16 = sbeox1ML/L: Oxygen, SBE 43, 2 [ml/l], WS = 5
# name 17 = potemp090C: Potential Temperature [ITS-90, deg C]
# name 18 = potemp190C: Potential Temperature, 2 [ITS-90, deg C]
# name 19 = sal00: Salinity, Practical [PSU]
# name 20 = sal11: Salinity, Practical, 2 [PSU]
# name 21 = sigma-é00: Density [sigma-theta, kg/m^3]
# name 22 = sigma-é11: Density, 2 [sigma-theta, kg/m^3]
# name 23 = avgsvCM: Average Sound Velocity [Chen-Millero, m/s], minP = 20, minS = 20
# name 24 = sbox0Mm/Kg: Oxygen, SBE 43 [umol/kg], WS = 5
# name 25 = sbox1Mm/Kg: Oxygen, SBE 43, 2 [umol/kg], WS = 5
# name 26 = nbin: number of scans per bin
# name 27 = flag: flag
# span 0 =      19211,      72026       
# span 1 =    800.413,   3001.023       
# span 2 =      3.974,    270.034       
# span 3 =      4.000,    272.000       
# span 4 =    10.0184,    29.6529       
# span 5 =    10.0205,    29.6537       
# span 6 =   3.846621,   5.913788       
# span 7 =   3.846807,   5.914034       
# span 8 =     1.7098,     3.1802       
# span 9 =     1.4115,     2.7124       
# span 10 =      11.49,     100.91      
# span 11 =   26.94061,   27.07985      
# span 12 =  -80.04653,  -79.65939      
# span 13 =   -0.02750,    0.02347      
# span 14 =   -0.02665,    0.02048      
# span 15 =     2.7191,     4.5533      
# span 16 =     2.7618,     4.5777      
# span 17 =     9.9866,    29.6475      
# span 18 =     9.9887,    29.6483      
# span 19 =    35.1016,    36.5273      
# span 20 =    35.1035,    36.5303      
# span 21 =    22.0067,    27.1493      
# span 22 =    22.0075,    27.1484      
# span 23 =       0.00,    1545.97      
# span 24 =    118.225,    198.614      
# span 25 =    120.083,    199.677      
# span 26 =         30,         71      
# span 27 = 0.0000e+00, 0.0000e+00      
# interval = decibars: 1                
# start_time = Sep 14 2021 23:37:43 [NMEA time, header]
# bad_flag = -9.990e-29
*END*
[from data line 52]
      25334   1055.525     55.624     56.000    28.5717    28.5722   5.850370   5.850710     3.1627     2.6968     100.00   26.99930  -79.85852   -0.00008   -0.00019     4.4563     4.4752    28.5582    28.5588    36.1447    36.1466    23.0714    23.0726    1545.77    194.528    195.355         35 0.0000e+00
      25371   1057.066     56.617     57.000    28.4836    28.5100   5.842527   5.845810     3.1600     2.6994     100.00   26.99931  -79.85852   -0.00099    0.00129     4.4585     4.4862    28.4700    28.4964    36.1568    36.1548    23.1098    23.0975    1545.75    194.619    195.828         39 0.0000e+00
      25411   1058.750     57.611     58.000    28.3549    28.3578   5.829220   5.829655     3.1560     2.6950     100.00   26.99932  -79.85852   -0.00208   -0.00030     4.4620     4.4883    28.3398    28.3439    36.1627    36.1625    23.1574    23.1559    1545.72    194.762    195.910         41 0.0000e+00
      25450   1060.369     58.604     59.000    28.2161    28.2450   5.815039   5.817491     3.1548     2.6962     100.00   26.99934  -79.85852   -0.00160   -0.00103     4.4708     4.4995    28.2021    28.2310    36.1682    36.1633    23.2069    23.1937    1545.70    195.139    196.394         36 0.0000e+00
      25484   1061.797     59.597     60.000    27.9127    27.9203   5.783942   5.784058     3.1494     2.6898     100.00   26.99934  -79.85852   -0.00170   -0.00109     4.4852     4.5113    27.8986    27.9062    36.1819    36.1769    23.3170    23.3108    1545.66    195.746    196.885         33 0.0000e+00
      25517   1063.186     60.590     61.000    27.5498    27.5348   5.747633   5.745580     3.1496     2.6867     100.00   26.99936  -79.85852   -0.00213   -0.00286     4.5145     4.5335    27.5356    27.5205    36.2045    36.2016    23.4523    23.4550    1545.62    196.998    197.826         35 0.0000e+00
      25552   1064.636     61.583     62.000    26.9758    26.9563   5.695729   5.693440     3.1397     2.6816     100.00   26.99936  -79.85851   -0.00253   -0.00285     4.5411     4.5655    26.9616    26.9420    36.2798    36.2787    23.6944    23.6998    1545.56    198.112    199.172         34 0.0000e+00
      25586   1066.054     62.576     63.000    26.6280    26.6192   5.665908   5.664630     3.1316     2.6755     100.00   26.99937  -79.85850   -0.00490   -0.00360     4.5533     4.5777    26.6136    26.6048    36.3373    36.3350    23.8489    23.8499    1545.49    198.614    199.677         34 0.0000e+00
      25620   1067.474     63.569     64.000    26.3959    26.3919   5.644925   5.644231     3.1200     2.6622     100.00   26.99939  -79.85850   -0.00669   -0.00515     4.5501     4.5670    26.3814    26.3774    36.3678    36.3660    23.9456    23.9455    1545.41    198.457    199.191         34 0.0000e+00
      25655   1068.904     64.563     65.000    26.1933    26.1944   5.626766   5.626531     3.1041     2.6509     100.00   26.99940  -79.85850   -0.00841   -0.00815     4.5364     4.5583    26.1787    26.1798    36.3956    36.3930    24.0306    24.0283    1545.32    197.840    198.798         34 0.0000e+00
      25689   1070.351     65.555     66.000    26.0387    26.0361   5.613016   5.612712     3.0852     2.6366     100.00   26.99940  -79.85850   -0.01114   -0.00923     4.5129     4.5403    26.0239    26.0213    36.4176    36.4174    24.0958    24.0965    1545.24    196.804    197.997         36 0.0000e+00
      25726   1071.873     66.549     67.000    25.8716    25.8745   5.598133   5.597893     3.0687     2.6220     100.00   26.99942  -79.85850   -0.01208   -0.00856     4.4950     4.5218    25.8567    25.8596    36.4413    36.4372    24.1660    24.1620    1545.15    196.010    197.177         36 0.0000e+00
      25760   1073.312     67.542     68.000    25.5521    25.5369   5.565541   5.562826     3.0430     2.5969      99.94   26.99942  -79.85850   -0.01295   -0.01177     4.4717     4.4947    25.5370    25.5218    36.4564    36.4485    24.2769    24.2757    1545.06    194.971    195.975         34 0.0000e+00
      25794   1074.718     68.535     69.000    25.2064    25.1865   5.532157   5.523350     3.0131     2.5726      93.67   26.99944  -79.85850   -0.01730   -0.01655     4.4494     4.4750    25.2416    25.1714    36.4460    36.4370    24.3604    24.3752    1544.97    193.984    195.096         33 0.0000e+00
      25826   1076.039     69.528     70.000    24.6215    24.6330   5.465721   5.465093     2.9957     2.5571      99.99   26.99944  -79.85850   -0.01889   -0.01595     4.4530     4.4769    24.6065    24.6178    36.4521    36.4485    24.5589    24.5528    1544.84    194.105    195.145         31 0.0000e+00
      25859   1077.399     70.521     71.000    24.5274    24.5290   5.454371   5.454655     2.9809     2.5437     100.00   26.99946  -79.85850   -0.01494   -0.01294     4.4362     4.4590    24.5122    24.5137    36.4533    36.4541    24.5883    24.5885    1544.71    193.365    194.360         34 0.0000e+00
      25894   1078.861     71.514     72.000    24.4912    24.4897   5.450728   5.450741     2.9718     2.5383     100.00   26.99947  -79.85850   -0.01001   -0.00898     4.4218     4.4510    24.4757    24.4742    36.4549    36.4563    24.6006    24.6021    1544.59    192.735    194.008         36 0.0000e+00
      25930   1080.375     72.507     73.000    24.4601    24.4600   5.447763   5.447901     2.9627     2.5332      71.74   26.99948  -79.85850   -0.00683   -0.00421     4.4068     4.4425    24.4444    24.4443    36.4575    36.4587    24.6120    24.6129    1544.46    192.082    193.637         36 0.0000e+00
      25964   1081.780     73.500     74.000    24.4261    24.4271   5.444569   5.444856     2.9560     2.5302     100.18   26.99949  -79.85849   -0.00584   -0.00337     4.3970     4.4390    24.4103    24.4112    36.4607    36.4621    24.6247    24.6255    1544.35    191.650    193.481         32 0.0000e+00
      25996   1083.140     74.493     75.000    24.4010    24.4014   5.442373   5.442495     2.9506     2.5251     100.00   26.99950  -79.85848   -0.00482   -0.00275     4.3888     4.4303    24.3850    24.3853    36.4643    36.4649    24.6351    24.6354    1544.23    191.292    193.101         33 0.0000e+00
      26029   1084.482     75.486     76.000    24.3301    24.3340   5.435680   5.436054     2.9430     2.5179     100.00   26.99951  -79.85848   -0.00440   -0.00352     4.3799     4.4202    24.3139    24.3178    36.4711    36.4708    24.6616    24.6602    1544.12    190.899    192.653         32 0.0000e+00
      26059   1085.768     76.479     77.000    24.1319    24.1421   5.415009   5.415880     2.9322     2.5054     100.00   26.99952  -79.85848   -0.00570   -0.00593     4.3750     4.4080    24.1155    24.1258    36.4761    36.4744    24.7249    24.7205    1544.00    190.673    192.112         31 0.0000e+00
      26093   1087.185     77.472     78.000    24.0814    24.0815   5.409687   5.409896     2.9211     2.4978     100.00   26.99954  -79.85848   -0.00772   -0.00747     4.3577     4.3965    24.0649    24.0649    36.4767    36.4782    24.7404    24.7416    1543.89    189.915    191.608         37 0.0000e+00
      26131   1088.750     78.466     79.000    23.9710    23.9682   5.397488   5.396855     2.9137     2.4895     100.00   26.99954  -79.85848   -0.00700   -0.00631     4.3525     4.3878    23.9543    23.9515    36.4740    36.4715    24.7714    24.7703    1543.77    189.685    191.220         36 0.0000e+00
      26213   1092.172     81.445     82.000    23.5556    23.5581   5.349943   5.350365     2.8864     2.4691      90.12   26.98992  -79.82993   -0.00749   -0.00593     4.3335     4.3758    23.5385    23.5410    36.4456    36.4480    24.8715    24.8728    1542.86    188.835    190.681         36 0.0000e+00
      26260   1094.131     82.438     83.000    23.5362    23.5361   5.348752   5.348840     2.8831     2.4684     100.03   26.99958  -79.85848   -0.00417   -0.00268     4.3291     4.3767    23.5189    23.5188    36.4575    36.4582    24.8878    24.8884    1543.31    188.643    190.717         39 0.0000e+00
      26295   1095.597     83.431     84.000    23.5039    23.5080   5.345067   5.345552     2.8795     2.4675     100.00   26.99960  -79.85848   -0.00272   -0.00095     4.3251     4.3776    23.4864    23.4904    36.4554    36.4558    24.8958    24.8949    1543.19    188.465    190.755         31 0.0000e+00
      26358   1098.210     85.417     86.000    23.4174    23.4253   5.336551   5.337275     2.8733     2.4627      71.42   27.00324  -79.86920   -0.00238   -0.00118     4.3208     4.3743    23.3995    23.4074    36.4627    36.4617    24.9274    24.9244    1543.17    188.275    190.607         30 0.0000e+00
      26386   1099.381     86.410     87.000    23.2584    23.2791   5.320555   5.322014     2.8658     2.4527      88.89   26.99962  -79.85848   -0.00353   -0.00331     4.3175     4.3629    23.2404    23.2611    36.4686    36.4660    24.9779    24.9699    1542.85    188.122    190.102         34 0.0000e+00
      26422   1100.882     87.403     88.000    23.0913    23.0994   5.303509   5.304134     2.8449     2.4283      99.90   26.99964  -79.85848   -0.00761   -0.00944     4.2904     4.3235    23.0732    23.0813    36.4749    36.4730    25.0314    25.0276    1542.74    186.930    188.372         38 0.0000e+00
      26458   1102.393     88.396     89.000    22.7881    22.8061   5.270949   5.272423     2.8195     2.4031     100.00   26.99964  -79.85848   -0.01304   -0.01433     4.2639     4.2901    22.7700    22.7879    36.4737    36.4703    25.1184    25.1106    1542.62    185.759    186.904         33 0.0000e+00
      26517   1104.818     90.382     91.000    22.6561    22.6560   5.255396   5.255469     2.7790     2.3659     100.00   26.99879  -79.85588   -0.01777   -0.01773     4.1934     4.2192    22.6376    22.6375    36.4614    36.4620    25.1470    25.1475    1542.33    182.682    183.809         30 0.0000e+00
      26550   1106.203     91.375     92.000    22.6768    22.6755   5.259242   5.259248     2.7696     2.3599     100.00   26.99968  -79.85848   -0.01366   -0.01155     4.1727     4.2046    22.6581    22.6568    36.4743    36.4754    25.1510    25.1522    1542.26    181.782    183.172         35 0.0000e+00
      26585   1107.671     92.368     93.000    22.6805    22.6813   5.260537   5.260823     2.7582     2.3537     100.00   26.99969  -79.85848   -0.00831   -0.00519     4.1548     4.1919    22.6616    22.6624    36.4866    36.4865    25.1593    25.1591    1542.15    180.999    182.614         35 0.0000e+00
      26621   1109.155     93.361     94.000    22.4385    22.4447   5.234189   5.235022     2.7361     2.3294     100.00   26.99970  -79.85848   -0.00931   -0.00741     4.1217     4.1537    22.4195    22.4257    36.4767    36.4753    25.2213    25.2184    1542.03    179.545    180.942         35 0.0000e+00
      26654   1110.546     94.354     95.000    22.3566    22.3581   5.224550   5.224822     2.7135     2.3101      91.94   26.99972  -79.85848   -0.01406   -0.01307     4.0849     4.1177    22.3375    22.3389    36.4694    36.4704    25.2391    25.2394    1541.92    177.941    179.369         32 0.0000e+00
      26685   1111.821     95.347     96.000    22.2954    22.3014   5.217390   5.217875     2.7018     2.3009     100.05   26.99972  -79.85848   -0.01480   -0.01375     4.0675     4.1025    22.2761    22.2821    36.4641    36.4629    25.2525    25.2499    1541.80    177.178    178.707         30 0.0000e+00
      26715   1113.101     96.340     97.000    22.1149    22.1281   5.195590   5.199036     2.6918     2.2908     100.00   26.99974  -79.85848   -0.01052   -0.00940     4.0577     4.0908    22.0804    22.1087    36.4562    36.4562    25.3020    25.2940    1541.69    176.743    178.189         33 0.0000e+00
      26750   1114.548     97.333     98.000    21.9801    21.9835   5.183292   5.183732     2.6774     2.2779     100.00   26.99974  -79.85848   -0.00874   -0.00797     4.0414     4.0739    21.9607    21.9640    36.4594    36.4601    25.3383    25.3379    1541.57    176.030    177.443         35 0.0000e+00
      26784   1115.971     98.326     99.000    21.9448    21.9469   5.180324   5.180652     2.6669     2.2674      99.69   26.99975  -79.85848   -0.00890   -0.00851     4.0228     4.0529    21.9251    21.9272    36.4654    36.4662    25.3529    25.3529    1541.45    175.217    176.527         33 0.0000e+00
      26815   1117.260     99.318    100.000    21.9196    21.9234   5.178288   5.178744     2.6571     2.2628     100.00   26.99976  -79.85848   -0.00806   -0.00682     4.0049     4.0446    21.8998    21.9035    36.4701    36.4705    25.3636    25.3629    1541.34    174.436    176.162         30 0.0000e+00
      26846   1118.529    100.312    101.000    21.7938    21.8059   5.166310   5.167333     2.6419     2.2472     100.00   26.99978  -79.85848   -0.00827   -0.00635     3.9833     4.0178    21.7738    21.7859    36.4810    36.4789    25.4073    25.4023    1541.22    173.487    174.990         31 0.0000e+00
      26879   1119.905    101.304    102.000    21.6024    21.6143   5.147066   5.148142     2.6122     2.2126     100.00   26.99978  -79.85847   -0.01177   -0.01095     3.9361     3.9527    21.5824    21.5943    36.4895    36.4879    25.4673    25.4628    1541.10    171.420    172.144         35 0.0000e+00
      26915   1121.403    102.297    103.000    21.4165    21.4229   5.128295   5.128872     2.5642     2.1674     100.00   26.99980  -79.85847   -0.02385   -0.02425     3.8512     3.8637    21.3963    21.4028    36.4970    36.4962    25.5248    25.5223    1540.98    167.715    168.257         35 0.0000e+00
      26948   1122.785    103.290    104.000    21.3575    21.3646   5.122202   5.122859     2.5335     2.1409     100.00   26.99981  -79.85847   -0.02750   -0.02665     3.7914     3.8066    21.3372    21.3443    36.4980    36.4972    25.5419    25.5393    1540.86    165.105    165.770         32 0.0000e+00
      26979   1124.070    104.283    105.000    21.1614    21.1726   5.101237   5.102177     2.5087     2.1223     100.00   26.99982  -79.85846   -0.02436   -0.02157     3.7542     3.7775    21.1410    21.1523    36.4964    36.4944    25.5949    25.5902    1540.74    163.479    164.492         31 0.0000e+00
      27011   1125.437    105.276    106.000    21.0422    21.0473   5.087663   5.088200     2.4815     2.0974     100.00   26.99983  -79.85846   -0.02060   -0.01697     3.7061     3.7289    21.0217    21.0269    36.4885    36.4884    25.6216    25.6202    1540.62    161.381    162.374         34 0.0000e+00
      27044   1126.808    106.269    107.000    20.9786    20.9818   5.080528   5.080930     2.4575     2.0766     100.00   26.99984  -79.85846   -0.01932   -0.01673     3.6607     3.6857    20.9580    20.9612    36.4850    36.4854    25.6364    25.6359    1540.50    159.402    160.490         32 0.0000e+00
      27076   1128.124    107.262    108.000    20.8790    20.8890   5.069682   5.070574     2.4387     2.0622     100.00   26.99986  -79.85846   -0.01746   -0.01497     3.6287     3.6592    20.8583    20.8683    36.4821    36.4808    25.6615    25.6577    1540.37    158.001    159.334         32 0.0000e+00
      27109   1129.483    108.255    109.000    20.7483    20.7511   5.055794   5.056135     2.4180     2.0399     100.00   26.99986  -79.85846   -0.01505   -0.01328     3.5909     3.6129    20.7275    20.7302    36.4795    36.4795    25.6952    25.6944    1540.25    156.351    157.310         33 0.0000e+00
      27141   1130.846    109.248    110.000    20.6283    20.6363   5.042623   5.043287     2.3929     2.0199     100.00   26.99987  -79.85846   -0.01562   -0.01452     3.5501     3.5784    20.6074    20.6153    36.4770    36.4755    25.7258    25.7226    1540.13    154.571    155.803         32 0.0000e+00
