Gulf of Mexico/GOMECC-4/1db/rb2103_0511.ros
* Sea-Bird SBE 9 Data File:
* FileName = C:\Users\scs.user.rb\CTD\GOMECC4\data\rb2103_0511.hex
* Software Version Seasave V 7.26.7.107
* Temperature SN = 4799
* Conductivity SN = 3860
* Number of Bytes Per Scan = 41
* Number of Voltage Words = 4
* Number of Scans Averaged by the Deck Unit = 1
* NMEA Latitude = 27 41.47 N
* NMEA Longitude = 094 13.19 W
* NMEA UTC (Time) = Sep 27 2021  19:13:13
* NMEA baud rate = 4800
# nquan = 17
# nvalues = 1729                                  
# units = specified
# name 0 = scan: Scan Count
# name 1 = timeS: Time, Elapsed [seconds]
# name 2 = depSM: Depth [salt water, m]
# name 3 = prDM: Pressure, Digiquartz [db]
# name 4 = t090C: Temperature [ITS-90, deg C]
# name 5 = t190C: Temperature, 2 [ITS-90, deg C]
# name 6 = c0S/m: Conductivity [S/m]
# name 7 = c1S/m: Conductivity, 2 [S/m]
# name 8 = sbeox0V: Oxygen raw, SBE 43 [V]
# name 9 = sbeox1V: Oxygen raw, SBE 43, 2 [V]
# name 10 = altM: Altimeter [m]
# name 11 = latitude: Latitude [deg]
# name 12 = longitude: Longitude [deg]
# name 13 = sbox0dV/dT: Oxygen, SBE 43 [dov/dt]
# name 14 = sbox1dV/dT: Oxygen, SBE 43, 2 [dov/dt]
# name 15 = nbf: Bottles Fired
# name 16 = flag:  0.000e+00
# interval = seconds: 0.0416667
# start_time = Sep 27 2021 19:13:13 [NMEA time, header]
# bad_flag = -9.990e-29
*END*
[from data line 1192]
      46059   1919.083     39.905     40.175    28.7864    28.7784   5.819433   5.818568     3.1209     2.6422     100.00   27.69156  -94.21998    0.00016   -0.00078          9  0.000e+00
      46060   1919.125     39.905     40.175    28.7868    28.7801   5.819465   5.818760     3.1209     2.6435     100.00   27.69156  -94.21998    0.00014   -0.00079          9  0.000e+00
      46061   1919.167     39.905     40.175    28.7868    28.7817   5.819481   5.818896     3.1209     2.6435     100.00   27.69156  -94.21998    0.00013   -0.00080          9  0.000e+00
      46062   1919.208     39.920     40.190    28.7868    28.7832   5.819481   5.818969     3.1209     2.6435     100.00   27.69156  -94.21998    0.00011   -0.00080          9  0.000e+00
      46063   1919.250     39.905     40.175    28.7869    28.7847   5.819481   5.819273     3.1209     2.6435     100.00   27.69156  -94.21998    0.00009   -0.00082          9  0.000e+00
      47949   1997.833     30.128     30.331    28.8219    28.8233   5.820020   5.820164     3.1258     2.6557     100.00   27.69156  -94.22002    0.00022    0.00028         10  0.000e+00
      47950   1997.875     30.181     30.384    28.8221    28.8227   5.819996   5.820204     3.1258     2.6557      90.43   27.69156  -94.22002    0.00028    0.00038         10  0.000e+00
      47951   1997.917     30.181     30.384    28.8221    28.8231   5.820028   5.820252     3.1258     2.6569      81.10   27.69156  -94.22002    0.00035    0.00050         10  0.000e+00
      47952   1997.958     30.294     30.498    28.8221    28.8231   5.819972   5.820228     3.1258     2.6569      79.10   27.69156  -94.22002    0.00041    0.00061         10  0.000e+00
      47953   1998.000     30.181     30.384    28.8221    28.8231   5.819996   5.820220     3.1245     2.6569      79.61   27.69156  -94.22002    0.00045    0.00075         10  0.000e+00
      47954   1998.042     30.241     30.445    28.8218    28.8229   5.819996   5.820180     3.1245     2.6569      80.05   27.69156  -94.22002    0.00050    0.00086         10  0.000e+00
      47955   1998.083     30.294     30.498    28.8218    28.8229   5.819925   5.820204     3.1258     2.6569      80.15   27.69156  -94.22002    0.00056    0.00100         10  0.000e+00
      47956   1998.125     30.181     30.384    28.8217    28.8227   5.819933   5.820180     3.1258     2.6569      80.12   27.69156  -94.22002    0.00062    0.00113         10  0.000e+00
      47957   1998.167     30.241     30.445    28.8220    28.8227   5.819980   5.820140     3.1258     2.6569      80.10   27.69156  -94.22002    0.00068    0.00127         10  0.000e+00
      47958   1998.208     30.294     30.498    28.8217    28.8229   5.819957   5.820156     3.1245     2.6557      80.10   27.69156  -94.22002    0.00072    0.00137         10  0.000e+00
      47959   1998.250     30.241     30.445    28.8218    28.8226   5.819949   5.820132     3.1258     2.6557      80.10   27.69156  -94.22002    0.00078    0.00147         10  0.000e+00
      47960   1998.292     30.294     30.499    28.8219    28.8227   5.819980   5.820196     3.1258     2.6557      80.10   27.69156  -94.22002    0.00084    0.00157         10  0.000e+00
      47961   1998.333     30.241     30.445    28.8218    28.8227   5.819996   5.820180     3.1245     2.6557      80.10   27.69156  -94.22002    0.00089    0.00165         10  0.000e+00
      47962   1998.375     30.294     30.499    28.8221    28.8227   5.820028   5.820132     3.1245     2.6557      80.10   27.69156  -94.22002    0.00093    0.00174         10  0.000e+00
      47963   1998.417     30.105     30.308    28.8217    28.8226   5.819972   5.820124     3.1245     2.6557      80.10   27.69156  -94.22002    0.00097    0.00182         10  0.000e+00
      47964   1998.458     30.355     30.559    28.8221    28.8226   5.819949   5.820164     3.1245     2.6557      80.10   27.69156  -94.22002    0.00102    0.00189         10  0.000e+00
      47965   1998.500     30.241     30.445    28.8219    28.8227   5.819949   5.820132     3.1245     2.6557      80.10   27.69156  -94.22002    0.00106    0.00194         10  0.000e+00
      47966   1998.542     30.294     30.499    28.8218    28.8229   5.819949   5.820156     3.1258     2.6557      80.10   27.69156  -94.22002    0.00112    0.00198         10  0.000e+00
      47967   1998.583     30.294     30.499    28.8221    28.8227   5.819949   5.820204     3.1245     2.6557      80.10   27.69156  -94.22002    0.00116    0.00201         10  0.000e+00
      47968   1998.625     30.241     30.445    28.8217    28.8226   5.819980   5.820220     3.1245     2.6557      80.10   27.69156  -94.22002    0.00118    0.00202         10  0.000e+00
      47969   1998.667     30.241     30.445    28.8221    28.8231   5.819957   5.820220     3.1245     2.6557      80.10   27.69156  -94.22002    0.00121    0.00203         10  0.000e+00
      47970   1998.708     30.294     30.499    28.8219    28.8229   5.819949   5.820180     3.1245     2.6557      80.10   27.69156  -94.22002    0.00123    0.00204         10  0.000e+00
      47971   1998.750     30.241     30.445    28.8220    28.8229   5.819980   5.820212     3.1245     2.6557      80.10   27.69156  -94.22002    0.00126    0.00202         10  0.000e+00
      47972   1998.792     30.294     30.499    28.8219    28.8229   5.819996   5.820180     3.1245     2.6557      80.10   27.69156  -94.22002    0.00126    0.00201         10  0.000e+00
      47973   1998.833     30.241     30.445    28.8221    28.8231   5.819957   5.820204     3.1245     2.6557      80.10   27.69156  -94.22002    0.00127    0.00198         10  0.000e+00
      47974   1998.875     30.241     30.445    28.8221    28.8229   5.819980   5.820220     3.1245     2.6545      90.77   27.69156  -94.22002    0.00127    0.00192         10  0.000e+00
      47975   1998.917     30.241     30.445    28.8221    28.8231   5.819957   5.820220     3.1245     2.6557      99.41   27.69156  -94.22002    0.00125    0.00189         10  0.000e+00
      47976   1998.958     30.241     30.445    28.8223    28.8229   5.819949   5.820180     3.1245     2.6557     100.00   27.69156  -94.22002    0.00124    0.00185         10  0.000e+00
      47977   1999.000     30.241     30.445    28.8219    28.8229   5.819965   5.820204     3.1245     2.6557     100.00   27.69156  -94.22002    0.00120    0.00181         10  0.000e+00
      47978   1999.042     30.241     30.445    28.8221    28.8229   5.819988   5.820148     3.1245     2.6557     100.00   27.69156  -94.22002    0.00117    0.00176         10  0.000e+00
      47979   1999.083     30.241     30.445    28.8221    28.8227   5.819957   5.820156     3.1245     2.6557     100.00   27.69156  -94.22002    0.00113    0.00172         10  0.000e+00
      47980   1999.125     30.242     30.446    28.8220    28.8227   5.819949   5.820172     3.1245     2.6557     100.00   27.69156  -94.22002    0.00109    0.00167         10  0.000e+00
      47981   1999.167     30.242     30.446    28.8220    28.8226   5.819949   5.820172     3.1245     2.6557     100.00   27.69156  -94.22002    0.00105    0.00162         10  0.000e+00
      47982   1999.208     30.181     30.385    28.8217    28.8227   5.819949   5.820132     3.1245     2.6557     100.00   27.69156  -94.22002    0.00101    0.00157         10  0.000e+00
      47983   1999.250     30.242     30.446    28.8220    28.8227   5.819980   5.820156     3.1245     2.6557     100.00   27.69156  -94.22002    0.00099    0.00151         10  0.000e+00
      47984   1999.292     30.181     30.385    28.8219    28.8227   5.819996   5.820132     3.1258     2.6557     100.00   27.69156  -94.22002    0.00098    0.00146         10  0.000e+00
      47985   1999.333     30.181     30.385    28.8214    28.8224   5.819925   5.820164     3.1258     2.6557     100.00   27.69156  -94.22002    0.00097    0.00142         10  0.000e+00
      47986   1999.375     30.181     30.385    28.8213    28.8226   5.819901   5.820100     3.1245     2.6557     100.00   27.69156  -94.22002    0.00092    0.00137         10  0.000e+00
      47987   1999.417     30.242     30.446    28.8212    28.8226   5.819862   5.820076     3.1258     2.6545     100.00   27.69156  -94.22002    0.00091    0.00131         10  0.000e+00
      47988   1999.458     30.181     30.385    28.8209    28.8224   5.819854   5.820108     3.1258     2.6557     100.00   27.69156  -94.22002    0.00089    0.00127         10  0.000e+00
      47989   1999.500     30.181     30.385    28.8210    28.8224   5.819886   5.820084     3.1258     2.6557     100.00   27.69156  -94.22002    0.00088    0.00124         10  0.000e+00
      47990   1999.542     30.128     30.332    28.8209    28.8226   5.819862   5.820148     3.1258     2.6557     100.00   27.69156  -94.22002    0.00086    0.00121         10  0.000e+00
      47991   1999.583     30.181     30.385    28.8213    28.8224   5.819886   5.820100     3.1258     2.6557     100.00   27.69156  -94.22002    0.00084    0.00117         10  0.000e+00
      47992   1999.625     30.128     30.332    28.8212    28.8226   5.819901   5.820076     3.1245     2.6557     100.00   27.69156  -94.22002    0.00080    0.00114         10  0.000e+00
      47993   1999.667     30.181     30.385    28.8213    28.8227   5.819933   5.820148     3.1258     2.6545     100.00   27.69156  -94.22002    0.00078    0.00110         10  0.000e+00
      47994   1999.708     30.128     30.332    28.8214    28.8227   5.819949   5.820132     3.1258     2.6545     100.00   27.69156  -94.22002    0.00076    0.00107         10  0.000e+00
      47995   1999.750     30.128     30.332    28.8216    28.8229   5.819909   5.820156     3.1245     2.6545     100.00   27.69156  -94.22002    0.00072    0.00103         10  0.000e+00
      47996   1999.792     30.159     30.362    28.8217    28.8227   5.819933   5.820132     3.1245     2.6557     100.00   27.69156  -94.22002    0.00068    0.00101         10  0.000e+00
      47997   1999.833     30.075     30.278    28.8218    28.8229   5.819949   5.820124     3.1245     2.6557     100.00   27.69156  -94.22002    0.00065    0.00099         10  0.000e+00
      47998   1999.875     30.128     30.332    28.8217    28.8231   5.819909   5.820196     3.1245     2.6557     100.00   27.69156  -94.22002    0.00062    0.00097         10  0.000e+00
      47999   1999.917     30.128     30.332    28.8220    28.8229   5.819972   5.820148     3.1245     2.6557     100.00   27.69156  -94.22002    0.00060    0.00095         10  0.000e+00
      48000   1999.958     30.076     30.278    28.8217    28.8229   5.819957   5.820196     3.1245     2.6557     100.00   27.69156  -94.22002    0.00057    0.00093         10  0.000e+00
      48001   2000.000     30.128     30.332    28.8218    28.8231   5.819909   5.820220     3.1245     2.6557     100.00   27.69156  -94.22002    0.00056    0.00090         10  0.000e+00
      48002   2000.042     30.076     30.278    28.8218    28.8231   5.819917   5.820148     3.1245     2.6557     100.00   27.69156  -94.22002    0.00053    0.00087         10  0.000e+00
      48003   2000.083     30.076     30.278    28.8217    28.8233   5.819941   5.820196     3.1245     2.6557     100.00   27.69156  -94.22002    0.00052    0.00085         10  0.000e+00
      48004   2000.125     30.076     30.278    28.8220    28.8233   5.819980   5.820148     3.1245     2.6557     100.00   27.69156  -94.22002    0.00051    0.00082         10  0.000e+00
      48005   2000.167     30.076     30.278    28.8219    28.8233   5.819996   5.820196     3.1245     2.6557     100.00   27.69156  -94.22002    0.00049    0.00079         10  0.000e+00
      48006   2000.208     30.076     30.278    28.8220    28.8235   5.819925   5.820188     3.1245     2.6557     100.00   27.69156  -94.22002    0.00048    0.00076         10  0.000e+00
      48007   2000.250     30.015     30.218    28.8217    28.8233   5.819972   5.820172     3.1245     2.6557     100.00   27.69156  -94.22002    0.00047    0.00073         10  0.000e+00
      48008   2000.292     30.076     30.278    28.8218    28.8233   5.819957   5.820204     3.1258     2.6545     100.00   27.69156  -94.22002    0.00047    0.00068         10  0.000e+00
      48009   2000.333     30.015     30.218    28.8218    28.8231   5.819949   5.820148     3.1258     2.6545     100.00   27.69156  -94.22002    0.00047    0.00063         10  0.000e+00
      48010   2000.375     30.015     30.218    28.8217    28.8231   5.820020   5.820124     3.1258     2.6557     100.00   27.69156  -94.22002    0.00049    0.00060         10  0.000e+00
      48011   2000.417     30.076     30.279    28.8218    28.8233   5.819933   5.820156     3.1258     2.6557     100.00   27.69156  -94.22002    0.00050    0.00056         10  0.000e+00
      48012   2000.458     29.962     30.164    28.8219    28.8229   5.819933   5.820132     3.1258     2.6557     100.00   27.69156  -94.22002    0.00050    0.00051         10  0.000e+00
      48013   2000.500     30.015     30.218    28.8220    28.8226   5.819980   5.819980     3.1258     2.6545     100.00   27.69156  -94.22002    0.00050    0.00045         10  0.000e+00
      48014   2000.542     30.015     30.218    28.8219    28.8207   5.819925   5.819859     3.1258     2.6545     100.00   27.69156  -94.22002    0.00050    0.00040         10  0.000e+00
      48015   2000.583     30.015     30.218    28.8221    28.8189   5.819901   5.819691     3.1258     2.6557     100.00   27.69156  -94.22002    0.00050    0.00036         10  0.000e+00
      48016   2000.625     30.015     30.218    28.8220    28.8181   5.819933   5.819611     3.1258     2.6557     100.00   27.69156  -94.22002    0.00050    0.00034         10  0.000e+00
      48017   2000.667     29.962     30.164    28.8219    28.8181   5.819909   5.819603     3.1258     2.6557     100.00   27.69156  -94.22002    0.00049    0.00030         10  0.000e+00
      48018   2000.708     29.962     30.164    28.8218    28.8183   5.819901   5.819635     3.1258     2.6557     100.00   27.69156  -94.22002    0.00049    0.00027         10  0.000e+00
      48019   2000.750     30.015     30.218    28.8217    28.8179   5.819862   5.819651     3.1258     2.6557     100.00   27.69156  -94.22002    0.00049    0.00025         10  0.000e+00
      48020   2000.792     29.962     30.165    28.8218    28.8179   5.819925   5.819619     3.1258     2.6557     100.00   27.69156  -94.22002    0.00047    0.00022         10  0.000e+00
      48021   2000.833     29.962     30.165    28.8217    28.8183   5.819877   5.819603     3.1258     2.6557     100.00   27.69156  -94.22002    0.00046    0.00020         10  0.000e+00
      48022   2000.875     29.962     30.165    28.8218    28.8176   5.819885   5.819563     3.1258     2.6557     100.00   27.69156  -94.22002    0.00046    0.00019         10  0.000e+00
      48023   2000.917     29.962     30.165    28.8221    28.8187   5.819933   5.819659     3.1258     2.6557     100.00   27.69156  -94.22002    0.00045    0.00018         10  0.000e+00
      48024   2000.958     29.962     30.165    28.8223    28.8192   5.819949   5.819699     3.1258     2.6557     100.00   27.69156  -94.22002    0.00044    0.00017         10  0.000e+00
      48025   2001.000     29.993     30.195    28.8220    28.8194   5.819949   5.819763     3.1258     2.6545     100.00   27.69156  -94.22002    0.00043    0.00015         10  0.000e+00
      48026   2001.042     29.962     30.165    28.8219    28.8205   5.819909   5.819899     3.1258     2.6545     100.00   27.69156  -94.22002    0.00042    0.00012         10  0.000e+00
      48027   2001.083     29.902     30.104    28.8218    28.8211   5.819917   5.819963     3.1258     2.6557     100.00   27.69156  -94.22002    0.00041    0.00011         10  0.000e+00
