Gulf of Mexico/GOMECC-4/1db/rb2103_0681.cnv
* Sea-Bird SBE 9 Data File:
* FileName = C:\Users\scs.user.rb\CTD\GOMECC4\data\rb2103_0681.hex
* Software Version Seasave V 7.26.7.107
* Temperature SN = 4799
* Conductivity SN = 3860
* Number of Bytes Per Scan = 41
* Number of Voltage Words = 4
* Number of Scans Averaged by the Deck Unit = 1
* NMEA Latitude = 26 03.52 N
* NMEA Longitude = 095 32.99 W
* NMEA UTC (Time) = Oct 03 2021  07:00:55
* NMEA baud rate = 4800
# nquan = 28
# nvalues = 462                         
# units = specified
# name 0 = scan: Scan Count
# name 1 = timeS: Time, Elapsed [seconds]
# name 2 = depSM: Depth [salt water, m]
# name 3 = prDM: Pressure, Digiquartz [db]
# name 4 = t090C: Temperature [ITS-90, deg C]
# name 5 = t190C: Temperature, 2 [ITS-90, deg C]
# name 6 = c0S/m: Conductivity [S/m]
# name 7 = c1S/m: Conductivity, 2 [S/m]
# name 8 = sbeox0V: Oxygen raw, SBE 43 [V]
# name 9 = sbeox1V: Oxygen raw, SBE 43, 2 [V]
# name 10 = altM: Altimeter [m]
# name 11 = latitude: Latitude [deg]
# name 12 = longitude: Longitude [deg]
# name 13 = sbox0dV/dT: Oxygen, SBE 43 [dov/dt]
# name 14 = sbox1dV/dT: Oxygen, SBE 43, 2 [dov/dt]
# name 15 = sbeox0ML/L: Oxygen, SBE 43 [ml/l], WS = 5
# name 16 = sbeox1ML/L: Oxygen, SBE 43, 2 [ml/l], WS = 5
# name 17 = potemp090C: Potential Temperature [ITS-90, deg C]
# name 18 = potemp190C: Potential Temperature, 2 [ITS-90, deg C]
# name 19 = sal00: Salinity, Practical [PSU]
# name 20 = sal11: Salinity, Practical, 2 [PSU]
# name 21 = sigma-é00: Density [sigma-theta, kg/m^3]
# name 22 = sigma-é11: Density, 2 [sigma-theta, kg/m^3]
# name 23 = avgsvCM: Average Sound Velocity [Chen-Millero, m/s], minP = 20, minS = 20
# name 24 = sbox0Mm/Kg: Oxygen, SBE 43 [umol/kg], WS = 5
# name 25 = sbox1Mm/Kg: Oxygen, SBE 43, 2 [umol/kg], WS = 5
# name 26 = nbin: number of scans per bin
# name 27 = flag: flag
# span 0 =       7994,     116517       
# span 1 =    333.048,   4854.843       
# span 2 =      0.994,   1362.545       
# span 3 =      1.000,   1376.000       
# span 4 =     4.4284,    29.7754       
# span 5 =     4.4289,    29.7762       
# span 6 =   3.350828,   5.952940       
# span 7 =   3.350789,   5.953215       
# span 8 =     1.5786,     3.3525       
# span 9 =     1.2834,     2.8734       
# span 10 =       9.04,     103.24      
# span 11 =   25.85145,   26.55610      
# span 12 =  -97.36924,  -94.78559      
# span 13 =   -0.02726,    0.02211      
# span 14 =   -0.02569,    0.02184      
# span 15 =     2.4130,     5.0628      
# span 16 =     2.4350,     5.0765      
# span 17 =     4.3159,    29.7732      
# span 18 =     4.3163,    29.7740      
# span 19 =    34.9108,    36.5164      
# span 20 =    34.9102,    36.5174      
# span 21 =    22.2651,    27.7288      
# span 22 =    22.2653,    27.7283      
# span 23 =       0.00,    1559.03      
# span 24 =    104.922,    220.770      
# span 25 =    105.879,    221.364      
# span 26 =         30,         75      
# span 27 = 0.0000e+00, 0.0000e+00      
# interval = decibars: 1                
# start_time = Oct 03 2021 07:00:55 [NMEA time, header]
# bad_flag = -9.990e-29
*END*
[from data line 52]
      10618    442.394     55.628     56.000    24.1706    24.1736   5.395423   5.395983     3.2098     2.7472     100.00   26.05872  -95.54998   -0.00748   -0.00767     4.9134     4.9254    24.1587    24.1617    36.3029    36.3048    24.5808    24.5813    1542.33    214.170    214.690         36 0.0000e+00
      10654    443.874     56.621     57.000    24.1242    24.1270   5.390489   5.391043     3.2027     2.7388     100.00   26.05872  -95.54998   -0.00733   -0.00677     4.9038     4.9117    24.1121    24.1149    36.3030    36.3049    24.5948    24.5953    1542.20    213.748    214.090         36 0.0000e+00
      10691    445.404     57.615     58.000    24.0750    24.0770   5.385030   5.385475     3.1952     2.7332     100.00   26.05872  -95.54998   -0.00568   -0.00542     4.8941     4.9045    24.0627    24.0647    36.3013    36.3031    24.6082    24.6090    1542.06    213.322    213.775         35 0.0000e+00
      10722    446.726     58.608     59.000    24.0451    24.0473   5.381802   5.382228     3.1873     2.7277     100.00   26.05872  -95.54998   -0.00514   -0.00413     4.8817     4.8955    24.0326    24.0348    36.3008    36.3023    24.6169    24.6173    1541.94    212.778    213.381         30 0.0000e+00
      10753    448.004     59.601     60.000    23.9946    23.9978   5.376232   5.376796     3.1785     2.7210      83.15   26.05872  -95.54997   -0.00596   -0.00422     4.8694     4.8858    23.9819    23.9851    36.2993    36.3010    24.6308    24.6311    1541.81    212.242    212.956         33 0.0000e+00
      10791    449.575     60.594     61.000    23.9403    23.9431   5.370255   5.370791     3.1697     2.7147     100.14   26.05872  -95.54997   -0.00627   -0.00452     4.8575     4.8772    23.9274    23.9302    36.2978    36.2996    24.6459    24.6464    1541.68    211.718    212.575         40 0.0000e+00
      10828    451.108     61.587     62.000    23.8529    23.8597   5.360521   5.361451     3.1601     2.7046     100.00   26.05872  -95.54998   -0.00583   -0.00493     4.8472     4.8630    23.8398    23.8466    36.2947    36.2962    24.6695    24.6687    1541.56    211.263    211.951         33 0.0000e+00
      10858    452.379     62.580     63.000    23.7271    23.7303   5.346113   5.346671     3.1453     2.6942     100.00   26.05872  -95.54998   -0.00727   -0.00639     4.8297     4.8519    23.7139    23.7170    36.2872    36.2889    24.7011    24.7015    1541.44    210.495    211.461         30 0.0000e+00
      10890    453.708     63.574     64.000    23.6817    23.6868   5.340388   5.341243     3.1364     2.6876     100.00   26.05872  -95.54996   -0.00907   -0.00708     4.8168     4.8418    23.6683    23.6734    36.2802    36.2825    24.7093    24.7096    1541.32    209.933    211.021         34 0.0000e+00
      10927    455.239     64.567     65.000    23.5466    23.5542   5.323680   5.324803     3.1294     2.6802     100.00   26.05872  -95.54996   -0.00723   -0.00552     4.8161     4.8377    23.5330    23.5407    36.2625    36.2649    24.7358    24.7353    1541.19    209.893    210.839         38 0.0000e+00
      10962    456.716     65.560     66.000    23.3699    23.3762   5.302718   5.303641     3.1220     2.6735     100.00   26.05872  -95.54998   -0.00470   -0.00473     4.8183     4.8389    23.3562    23.3625    36.2462    36.2480    24.7753    24.7749    1541.07    209.982    210.882         33 0.0000e+00
      11053    460.491     68.539     69.000    23.2114    23.2134   5.286659   5.287110     3.1001     2.6519     100.00   26.05822  -95.54815   -0.00525   -0.00501     4.7900     4.8065    23.1971    23.1991    36.2514    36.2533    24.8257    24.8265    1540.67    208.740    209.459         33 0.0000e+00
      11089    461.997     69.533     70.000    23.1715    23.1731   5.283537   5.283796     3.0876     2.6424     100.00   26.05872  -95.54998   -0.00736   -0.00704     4.7688     4.7892    23.1571    23.1587    36.2601    36.2608    24.8440    24.8441    1540.58    207.813    208.699         38 0.0000e+00
      11125    463.497     70.526     71.000    23.0558    23.0652   5.271301   5.272554     3.0695     2.6258     100.00   26.05872  -95.54998   -0.00923   -0.00798     4.7432     4.7619    23.0412    23.0506    36.2605    36.2625    24.8780    24.8768    1540.47    206.691    207.503         34 0.0000e+00
      11158    464.882     71.519     72.000    22.8925    22.8987   5.252430   5.253297     3.0495     2.6093     100.00   26.05872  -95.54998   -0.01207   -0.01034     4.7182     4.7401    22.8778    22.8840    36.2488    36.2504    24.9165    24.9159    1540.34    205.591    206.546         34 0.0000e+00
      11194    466.354     72.512     73.000    22.8317    22.8335   5.246304   5.246521     3.0335     2.5922     100.00   26.05872  -95.54998   -0.01316   -0.01183     4.6970     4.7133    22.8168    22.8186    36.2512    36.2514    24.9359    24.9355    1540.24    204.667    205.376         35 0.0000e+00
      11226    467.722     73.505     74.000    22.7331    22.7379   5.234828   5.235533     3.0167     2.5790     100.00   26.05872  -95.54998   -0.01195   -0.01116     4.6650     4.6854    22.7163    22.7229    36.2446    36.2462    24.9599    24.9597    1540.12    203.263    204.154         31 0.0000e+00
      11258    469.043     74.498     75.000    22.6835    22.6854   5.229977   5.230391     3.0064     2.5710     100.00   26.05872  -95.54998   -0.01095   -0.00947     4.6509     4.6738    22.6683    22.6701    36.2461    36.2478    24.9748    24.9755    1539.98    202.647    203.647         33 0.0000e+00
      11292    470.447     75.492     76.000    22.6658    22.6669   5.229057   5.229320     2.9958     2.5616     100.00   26.05871  -95.54999   -0.00876   -0.00697     4.6314     4.6548    22.6504    22.6515    36.2533    36.2544    24.9854    24.9859    1539.87    201.796    202.817         33 0.0000e+00
      11323    471.755     76.485     77.000    22.6610    22.6623   5.230320   5.230581     2.9815     2.5474     100.00   26.05870  -95.54999   -0.00812   -0.00730     4.6028     4.6235    22.6454    22.6466    36.2668    36.2678    24.9970    24.9975    1539.76    200.547    201.451         31 0.0000e+00
      11381    474.158     78.471     79.000    22.5556    22.5579   5.218206   5.218637     2.9278     2.4952      99.97   26.05134  -95.52301   -0.01797   -0.01815     4.5039     4.5161    22.5396    22.5419    36.2550    36.2565    25.0173    25.0178    1539.10    196.234    196.763         35 0.0000e+00
      11422    475.893     79.464     80.000    22.4912    22.4938   5.211584   5.212043     2.9156     2.4877      89.60   26.05870  -95.55000   -0.01727   -0.01540     4.4847     4.5046    22.4751    22.4776    36.2603    36.2618    25.0410    25.0414    1539.43    195.392    196.259         40 0.0000e+00
      11458    477.366     80.457     81.000    22.4458    22.4489   5.206607   5.207124     2.9083     2.4816      69.41   26.05870  -95.55000   -0.00860   -0.00603     4.4744     4.4953    22.4295    22.4325    36.2588    36.2603    25.0528    25.0531    1539.32    194.944    195.853         30 0.0000e+00
      11513    479.657     82.444     83.000    22.3878    22.3890   5.199756   5.200066     2.8862     2.4631      99.98   26.05361  -95.53135   -0.00760   -0.00667     4.4351     4.4594    22.3711    22.3723    36.2500    36.2514    25.0621    25.0628    1538.81    193.229    194.287         31 0.0000e+00
      11550    481.201     83.436     84.000    22.3819    22.3835   5.199669   5.200037     2.8799     2.4568     100.00   26.05870  -95.55000   -0.00787   -0.00655     4.4233     4.4463    22.3650    22.3666    36.2566    36.2582    25.0696    25.0703    1539.01    192.712    193.715         39 0.0000e+00
      11588    482.773     84.430     85.000    22.3367    22.3403   5.195006   5.195553     2.8723     2.4506     100.00   26.05870  -95.55000   -0.00539   -0.00460     4.4130     4.4368    22.3197    22.3232    36.2575    36.2587    25.0832    25.0830    1538.93    192.261    193.297         35 0.0000e+00
      11620    484.142     85.423     86.000    22.2796    22.2821   5.189292   5.189737     2.8517     2.4272     100.00   26.05870  -95.55000   -0.00701   -0.00724     4.3751     4.3885    22.2624    22.2649    36.2597    36.2611    25.1011    25.1015    1538.81    190.608    191.190         31 0.0000e+00
      11650    485.381     86.416     87.000    22.2274    22.2306   5.183673   5.184167     2.8287     2.4056     100.00   26.05870  -95.55000   -0.01281   -0.01318     4.3328     4.3441    22.2100    22.2132    36.2587    36.2600    25.1152    25.1153    1538.72    188.762    189.257         30 0.0000e+00
      11681    486.673     87.409     88.000    22.1806    22.1818   5.178718   5.179001     2.8096     2.3885     100.00   26.05870  -95.55000   -0.01670   -0.01660     4.2978     4.3097    22.1631    22.1642    36.2584    36.2597    25.1283    25.1289    1538.62    187.237    187.752         33 0.0000e+00
      11716    488.126     88.402     89.000    22.1338    22.1366   5.173834   5.174290     2.7953     2.3776     100.00   26.05870  -95.55000   -0.01425   -0.01220     4.2728     4.2890    22.1160    22.1188    36.2588    36.2600    25.1419    25.1421    1538.53    186.141    186.849         35 0.0000e+00
      11751    489.598     89.395     90.000    22.0794    22.0834   5.167756   5.168358     2.7827     2.3677     100.00   26.05870  -95.55000   -0.01036   -0.00810     4.2519     4.2712    22.0615    22.0655    36.2560    36.2574    25.1552    25.1551    1538.43    185.230    186.071         35 0.0000e+00
      11785    490.988     90.388     91.000    22.0104    22.0137   5.160298   5.160811     2.7723     2.3587     100.00   26.05870  -95.55000   -0.00836   -0.00686     4.2365     4.2566    21.9923    21.9956    36.2544    36.2558    25.1735    25.1736    1538.33    184.555    185.433         32 0.0000e+00
      11816    492.301     91.381     92.000    21.9747    21.9765   5.156558   5.156912     2.7621     2.3501     100.00   26.05870  -95.55000   -0.00784   -0.00641     4.2187     4.2405    21.9564    21.9582    36.2545    36.2558    25.1837    25.1841    1538.24    183.780    184.729         31 0.0000e+00
      11846    493.558     92.374     93.000    21.9546    21.9576   5.154459   5.154938     2.7551     2.3419     100.00   26.05870  -95.55000   -0.00727   -0.00652     4.2065     4.2238    21.9361    21.9391    36.2544    36.2557    25.1893    25.1894    1538.14    183.245    184.001         31 0.0000e+00
      11880    494.951     93.367     94.000    21.8112    21.8190   5.138868   5.139820     2.7481     2.3387      83.69   26.05870  -95.55000   -0.00626   -0.00587     4.2042     4.2276    21.7926    21.8005    36.2507    36.2517    25.2268    25.2254    1538.06    183.140    184.160         36 0.0000e+00
      11916    496.460     94.360     95.000    21.6562    21.6619   5.121794   5.122783     2.7558     2.3507     100.02   26.05870  -95.55000   -0.00236   -0.00015     4.2351     4.2694    21.6353    21.6432    36.2469    36.2480    25.2679    25.2666    1537.96    184.478    185.974         35 0.0000e+00
      11950    497.869     95.353     96.000    21.5374    21.5423   5.109686   5.110344     2.7590     2.3502     100.00   26.05870  -95.55000    0.00311    0.00481     4.2500     4.2761    21.5186    21.5235    36.2482    36.2493    25.3015    25.3009    1537.87    185.122    186.257         32 0.0000e+00
      11981    499.158     96.346     97.000    21.4617    21.4654   5.102125   5.102669     2.7449     2.3330     100.00   26.05870  -95.55000    0.00023   -0.00049     4.2266     4.2424    21.4427    21.4465    36.2514    36.2526    25.3249    25.3248    1537.77    184.100    184.787         31 0.0000e+00
      12013    500.481     97.339     98.000    21.4183    21.4196   5.098076   5.098445     2.7085     2.2970      73.97   26.05870  -95.55000   -0.01298   -0.01561     4.1554     4.1644    21.3992    21.4005    36.2548    36.2562    25.3396    25.3403    1537.67    180.995    181.387         33 0.0000e+00
      12049    501.989     98.332     99.000    21.4144    21.4152   5.098297   5.098523     2.6784     2.2720      95.52   26.05870  -95.55000   -0.02099   -0.02033     4.0930     4.1074    21.3951    21.3959    36.2600    36.2611    25.3447    25.3453    1537.58    178.275    178.902         38 0.0000e+00
      12085    503.503     99.325    100.000    21.4044    21.4055   5.098254   5.098557     2.6569     2.2526     100.07   26.05870  -95.55000   -0.02021   -0.01788     4.0553     4.0694    21.3850    21.3861    36.2677    36.2689    25.3534    25.3540    1537.48    176.631    177.245         34 0.0000e+00
      12116    504.808    100.318    101.000    21.3504    21.3527   5.093928   5.094301     2.6324     2.2298     100.00   26.05870  -95.55000   -0.01629   -0.01445     4.0024     4.0156    21.3307    21.3330    36.2784    36.2795    25.3765    25.3767    1537.39    174.325    174.900         30 0.0000e+00
      12147    506.087    101.311    102.000    21.3155    21.3181   5.089981   5.090432     2.6032     2.2017     100.00   26.05870  -95.55000   -0.01829   -0.01714     3.9443     3.9538    21.2956    21.2983    36.2760    36.2774    25.3844    25.3847    1537.30    171.791    172.204         32 0.0000e+00
      12181    507.481    102.304    103.000    21.2594    21.2633   5.083600   5.084179     2.5805     2.1820     100.00   26.05870  -95.55000   -0.02039   -0.01907     3.9016     3.9128    21.2394    21.2433    36.2720    36.2733    25.3968    25.3968    1537.21    169.930    170.418         35 0.0000e+00
      12215    508.933    103.297    104.000    21.1816    21.1872   5.074643   5.075427     2.5611     2.1636     100.00   26.05870  -95.55000   -0.01643   -0.01510     3.8662     3.8751    21.1614    21.1670    36.2656    36.2672    25.4134    25.4131    1537.12    168.386    168.772         34 0.0000e+00
      12249    510.320    104.290    105.000    21.0748    21.0791   5.062780   5.063389     2.5399     2.1440     100.00   26.05870  -95.55000   -0.01417   -0.01301     3.8312     3.8393    21.0546    21.0588    36.2604    36.2617    25.4388    25.4387    1537.03    166.859    167.210         32 0.0000e+00
      12281    511.675    105.283    106.000    20.9853    20.9900   5.052604   5.053302     2.5147     2.1213     100.00   26.05870  -95.55000   -0.01553   -0.01445     3.7855     3.7934    20.9649    20.9696    36.2540    36.2557    25.4586    25.4586    1536.93    164.864    165.207         33 0.0000e+00
      12316    513.119    106.276    107.000    20.9308    20.9326   5.047810   5.047985     2.4929     2.1035     100.00   26.05870  -95.55000   -0.01724   -0.01527     3.7436     3.7565    20.9103    20.9120    36.2613    36.2612    25.4791    25.4785    1536.85    163.037    163.597         36 0.0000e+00
      12349    514.508    107.269    108.000    20.8867    20.8904   5.047597   5.047990     2.4706     2.0823     100.00   26.05870  -95.55000   -0.01579   -0.01353     3.6995     3.7097    20.8660    20.8696    36.2968    36.2969    25.5182    25.5172    1536.75    161.110    161.552         31 0.0000e+00
      12410    517.027    109.255    110.000    20.8012    20.8027   5.041227   5.041506     2.4103     2.0248      88.71   26.05373  -95.53178   -0.02134   -0.02106     3.5784     3.5823    20.7802    20.7817    36.3149    36.3159    25.5547    25.5550    1536.28    155.831    155.996         37 0.0000e+00
      12450    518.688    110.248    111.000    20.7955    20.7965   5.042128   5.042345     2.3875     2.0061      89.67   26.05870  -95.55000   -0.02001   -0.01806     3.5306     3.5393    20.7743    20.7752    36.3293    36.3302    25.5679    25.5684    1536.49    153.747    154.123         36 0.0000e+00
