Gulf of Mexico/GOMECC-4/1db/rb2103_1311.ros
* Sea-Bird SBE 9 Data File:
* FileName = C:\Users\scs.user.rb\CTD\GOMECC4\data\rb2103_1311.hex
* Software Version Seasave V 7.26.7.107
* Temperature SN = 4799
* Conductivity SN = 3860
* Number of Bytes Per Scan = 41
* Number of Voltage Words = 4
* Number of Scans Averaged by the Deck Unit = 1
* NMEA Latitude = 26 43.76 N
* NMEA Longitude = 083 06.08 W
* NMEA UTC (Time) = Oct 19 2021  16:24:23
* NMEA baud rate = 4800
# nquan = 17
# nvalues = 1064                                  
# units = specified
# name 0 = scan: Scan Count
# name 1 = timeS: Time, Elapsed [seconds]
# name 2 = depSM: Depth [salt water, m]
# name 3 = prDM: Pressure, Digiquartz [db]
# name 4 = t090C: Temperature [ITS-90, deg C]
# name 5 = t190C: Temperature, 2 [ITS-90, deg C]
# name 6 = c0S/m: Conductivity [S/m]
# name 7 = c1S/m: Conductivity, 2 [S/m]
# name 8 = sbeox0V: Oxygen raw, SBE 43 [V]
# name 9 = sbeox1V: Oxygen raw, SBE 43, 2 [V]
# name 10 = altM: Altimeter [m]
# name 11 = latitude: Latitude [deg]
# name 12 = longitude: Longitude [deg]
# name 13 = sbox0dV/dT: Oxygen, SBE 43 [dov/dt]
# name 14 = sbox1dV/dT: Oxygen, SBE 43, 2 [dov/dt]
# name 15 = nbf: Bottles Fired
# name 16 = flag:  0.000e+00
# interval = seconds: 0.0416667
# start_time = Oct 19 2021 16:24:23 [NMEA time, header]
# bad_flag = -9.990e-29
*END*
[from data line 511]
      23427    976.083     24.586     24.750    28.4451    28.4466   5.812471   5.812752     3.0549     2.5812      16.34   26.72966  -83.10012    0.00107    0.00135          4  0.000e+00
      23428    976.125     24.586     24.750    28.4450    28.4468   5.812471   5.812736     3.0549     2.5812      16.31   26.72966  -83.10012    0.00109    0.00135          4  0.000e+00
      23429    976.167     24.572     24.736    28.4451    28.4466   5.812423   5.812744     3.0549     2.5824      16.34   26.72966  -83.10012    0.00111    0.00136          4  0.000e+00
      23430    976.208     24.586     24.750    28.4451    28.4468   5.812447   5.812752     3.0549     2.5824      16.31   26.72966  -83.10012    0.00113    0.00137          4  0.000e+00
      23431    976.250     24.572     24.736    28.4453    28.4468   5.812423   5.812752     3.0537     2.5824      16.31   26.72966  -83.10012    0.00113    0.00138          4  0.000e+00
      23432    976.292     24.586     24.750    28.4451    28.4466   5.812415   5.812776     3.0549     2.5812      16.34   26.72966  -83.10012    0.00113    0.00137          4  0.000e+00
      23433    976.333     24.586     24.750    28.4450    28.4468   5.812455   5.812760     3.0537     2.5812      16.34   26.72966  -83.10012    0.00113    0.00136          4  0.000e+00
      23434    976.375     24.572     24.736    28.4450    28.4466   5.812471   5.812752     3.0537     2.5812      16.34   26.72966  -83.10012    0.00113    0.00135          4  0.000e+00
      23435    976.417     24.586     24.749    28.4453    28.4466   5.812502   5.812776     3.0537     2.5812      16.31   26.72966  -83.10012    0.00113    0.00133          4  0.000e+00
      23436    976.458     24.532     24.695    28.4451    28.4466   5.812479   5.812760     3.0537     2.5812      16.31   26.72966  -83.10012    0.00113    0.00132          4  0.000e+00
      23437    976.500     24.626     24.790    28.4451    28.4466   5.812471   5.812752     3.0537     2.5812      16.31   26.72966  -83.10012    0.00113    0.00129          4  0.000e+00
      23438    976.542     24.586     24.749    28.4453    28.4468   5.812471   5.812752     3.0537     2.5824      16.31   26.72966  -83.10012    0.00112    0.00127          4  0.000e+00
      23439    976.583     24.525     24.688    28.4451    28.4466   5.812423   5.812736     3.0537     2.5812      16.31   26.72966  -83.10012    0.00112    0.00125          4  0.000e+00
      23440    976.625     24.586     24.749    28.4451    28.4466   5.812487   5.812712     3.0537     2.5812      16.31   26.72966  -83.10012    0.00111    0.00122          4  0.000e+00
      23441    976.667     24.586     24.749    28.4451    28.4466   5.812479   5.812736     3.0537     2.5812      16.31   26.72966  -83.10012    0.00111    0.00118          4  0.000e+00
      23442    976.708     24.572     24.736    28.4453    28.4466   5.812471   5.812736     3.0537     2.5824      16.31   26.72966  -83.10012    0.00112    0.00116          4  0.000e+00
      23443    976.750     24.586     24.749    28.4453    28.4468   5.812471   5.812744     3.0537     2.5824      16.31   26.72966  -83.10012    0.00113    0.00113          4  0.000e+00
      23444    976.792     24.531     24.695    28.4455    28.4466   5.812471   5.812752     3.0537     2.5812      16.31   26.72966  -83.10012    0.00112    0.00109          4  0.000e+00
      23445    976.833     24.572     24.736    28.4453    28.4468   5.812471   5.812752     3.0525     2.5812      16.31   26.72966  -83.10012    0.00110    0.00104          4  0.000e+00
      23446    976.875     24.531     24.695    28.4453    28.4466   5.812423   5.812736     3.0537     2.5824      16.31   26.72966  -83.10012    0.00110    0.00101          4  0.000e+00
      23447    976.917     24.572     24.736    28.4455    28.4468   5.812455   5.812784     3.0525     2.5824      16.31   26.72966  -83.10012    0.00110    0.00098          4  0.000e+00
      25714   1071.375     14.932     15.031    28.4497    28.4532   5.812599   5.812883     3.0598     2.5836      25.37   26.72976  -83.10016    0.00033   -0.00051          5  0.000e+00
      25715   1071.417     15.331     15.433    28.4501    28.4518   5.812608   5.812851     3.0598     2.5836      25.35   26.72976  -83.10016    0.00032   -0.00049          5  0.000e+00
      25716   1071.458     15.135     15.235    28.4499    28.4518   5.812536   5.812875     3.0598     2.5836      25.35   26.72976  -83.10016    0.00031   -0.00048          5  0.000e+00
      25717   1071.500     15.081     15.181    28.4499    28.4514   5.812544   5.812843     3.0598     2.5836      25.35   26.72976  -83.10016    0.00030   -0.00046          5  0.000e+00
      25718   1071.542     15.182     15.283    28.4499    28.4513   5.812560   5.812875     3.0598     2.5836      25.35   26.72976  -83.10016    0.00029   -0.00044          5  0.000e+00
      25719   1071.583     15.081     15.181    28.4497    28.4515   5.812560   5.812851     3.0598     2.5836      25.35   26.72976  -83.10016    0.00028   -0.00040          5  0.000e+00
      25720   1071.625     15.182     15.283    28.4497    28.4511   5.812560   5.812827     3.0598     2.5836      25.35   26.72976  -83.10016    0.00027   -0.00036          5  0.000e+00
      25721   1071.667     15.135     15.235    28.4497    28.4512   5.812560   5.812763     3.0598     2.5836      25.35   26.72976  -83.10016    0.00026   -0.00032          5  0.000e+00
      25722   1071.708     15.182     15.283    28.4499    28.4513   5.812552   5.812851     3.0598     2.5836      25.35   26.72976  -83.10016    0.00025   -0.00028          5  0.000e+00
      25723   1071.750     15.182     15.283    28.4499    28.4511   5.812552   5.812819     3.0598     2.5836      25.35   26.72976  -83.10016    0.00026   -0.00024          5  0.000e+00
      25724   1071.792     15.081     15.181    28.4499    28.4510   5.812560   5.812819     3.0598     2.5836      25.35   26.72976  -83.10016    0.00025   -0.00020          5  0.000e+00
      25725   1071.833     15.182     15.283    28.4499    28.4513   5.812521   5.812803     3.0598     2.5836      25.35   26.72976  -83.10016    0.00024   -0.00016          5  0.000e+00
      25726   1071.875     15.135     15.235    28.4497    28.4511   5.812544   5.812755     3.0598     2.5836      25.35   26.72976  -83.10016    0.00023   -0.00011          5  0.000e+00
      25727   1071.917     15.135     15.235    28.4499    28.4515   5.812521   5.812803     3.0598     2.5836      25.35   26.72976  -83.10016    0.00022   -0.00007          5  0.000e+00
      25728   1071.958     15.135     15.235    28.4499    28.4514   5.812544   5.812835     3.0611     2.5836      25.35   26.72976  -83.10016    0.00024   -0.00002          5  0.000e+00
      25729   1072.000     15.182     15.283    28.4501    28.4511   5.812560   5.812803     3.0611     2.5836      25.35   26.72976  -83.10016    0.00025    0.00001          5  0.000e+00
      25730   1072.042     15.135     15.235    28.4497    28.4511   5.812560   5.812827     3.0611     2.5836      25.35   26.72976  -83.10016    0.00026    0.00004          5  0.000e+00
      25731   1072.083     15.128     15.228    28.4497    28.4512   5.812552   5.812795     3.0598     2.5836      25.35   26.72976  -83.10016    0.00024    0.00005          5  0.000e+00
      25732   1072.125     15.134     15.235    28.4497    28.4511   5.812552   5.812787     3.0598     2.5836      25.35   26.72976  -83.10016    0.00023    0.00007          5  0.000e+00
      25733   1072.167     15.182     15.283    28.4495    28.4513   5.812521   5.812755     3.0611     2.5824      25.35   26.72976  -83.10016    0.00024    0.00006          5  0.000e+00
      25734   1072.208     15.080     15.180    28.4497    28.4510   5.812544   5.812771     3.0611     2.5824      25.35   26.72976  -83.10016    0.00025    0.00004          5  0.000e+00
      25735   1072.250     15.182     15.282    28.4495    28.4513   5.812521   5.812827     3.0598     2.5824      25.35   26.72976  -83.10016    0.00024    0.00002          5  0.000e+00
      25736   1072.292     15.134     15.235    28.4495    28.4511   5.812513   5.812843     3.0598     2.5824      25.35   26.72976  -83.10016    0.00022    0.00000          5  0.000e+00
      25737   1072.333     15.134     15.235    28.4497    28.4513   5.812544   5.812843     3.0598     2.5824      25.35   26.72976  -83.10016    0.00021   -0.00001          5  0.000e+00
      25738   1072.375     15.128     15.228    28.4499    28.4512   5.812521   5.812827     3.0611     2.5812      25.35   26.72976  -83.10016    0.00022   -0.00005          5  0.000e+00
      25739   1072.417     15.134     15.235    28.4495    28.4511   5.812536   5.812763     3.0611     2.5812      25.37   26.72976  -83.10016    0.00022   -0.00009          5  0.000e+00
      25740   1072.458     15.134     15.235    28.4499    28.4513   5.812552   5.812779     3.0611     2.5812      25.37   26.72976  -83.10016    0.00023   -0.00012          5  0.000e+00
      25741   1072.500     15.134     15.235    28.4497    28.4510   5.812521   5.812819     3.0611     2.5824      25.37   26.72976  -83.10016    0.00025   -0.00014          5  0.000e+00
      25742   1072.542     15.134     15.235    28.4499    28.4513   5.812513   5.812763     3.0611     2.5812      25.37   26.72976  -83.10016    0.00026   -0.00019          5  0.000e+00
      25743   1072.583     15.134     15.235    28.4495    28.4511   5.812544   5.812819     3.0598     2.5824      25.37   26.72976  -83.10016    0.00024   -0.00022          5  0.000e+00
      25744   1072.625     15.127     15.228    28.4495    28.4513   5.812521   5.812827     3.0598     2.5824      25.37   26.72976  -83.10016    0.00023   -0.00026          5  0.000e+00
      25745   1072.667     15.080     15.180    28.4495    28.4519   5.812544   5.812875     3.0611     2.5824      25.37   26.72976  -83.10016    0.00023   -0.00029          5  0.000e+00
      25746   1072.708     15.134     15.234    28.4497    28.4516   5.812521   5.812891     3.0611     2.5824      25.37   26.72976  -83.10016    0.00024   -0.00032          5  0.000e+00
      25747   1072.750     15.134     15.234    28.4495    28.4520   5.812513   5.812923     3.0611     2.5824      25.37   26.72976  -83.10016    0.00024   -0.00036          5  0.000e+00
      25748   1072.792     15.134     15.234    28.4495    28.4521   5.812465   5.812923     3.0598     2.5836      25.37   26.72978  -83.10018    0.00023   -0.00037          5  0.000e+00
      25749   1072.833     15.080     15.180    28.4495    28.4522   5.812528   5.812931     3.0611     2.5836      25.37   26.72978  -83.10018    0.00023   -0.00039          5  0.000e+00
      25750   1072.875     15.134     15.234    28.4492    28.4522   5.812560   5.812899     3.0611     2.5836      25.37   26.72978  -83.10018    0.00023   -0.00041          5  0.000e+00
      25751   1072.917     15.080     15.180    28.4493    28.4519   5.812521   5.812875     3.0611     2.5836      25.37   26.72978  -83.10018    0.00024   -0.00043          5  0.000e+00
      25752   1072.958     15.134     15.234    28.4493    28.4522   5.812473   5.812923     3.0598     2.5836      25.37   26.72978  -83.10018    0.00022   -0.00044          5  0.000e+00
      25753   1073.000     15.134     15.234    28.4493    28.4522   5.812465   5.812939     3.0598     2.5836      25.37   26.72978  -83.10018    0.00019   -0.00046          5  0.000e+00
      25754   1073.042     15.080     15.180    28.4493    28.4524   5.812536   5.812971     3.0598     2.5836      25.37   26.72978  -83.10018    0.00016   -0.00048          5  0.000e+00
      25755   1073.083     15.080     15.180    28.4493    28.4525   5.812560   5.812971     3.0598     2.5836      25.37   26.72978  -83.10018    0.00014   -0.00050          5  0.000e+00
      25756   1073.125     15.134     15.234    28.4493    28.4526   5.812489   5.812947     3.0598     2.5849      25.37   26.72978  -83.10018    0.00011   -0.00050          5  0.000e+00
      25757   1073.167     15.080     15.180    28.4493    28.4526   5.812489   5.812971     3.0598     2.5849      25.37   26.72978  -83.10018    0.00009   -0.00049          5  0.000e+00
      25758   1073.208     15.127     15.227    28.4493    28.4525   5.812505   5.812939     3.0598     2.5849      25.37   26.72978  -83.10018    0.00007   -0.00047          5  0.000e+00
      25759   1073.250     15.080     15.180    28.4493    28.4526   5.812513   5.812971     3.0598     2.5849      25.37   26.72978  -83.10018    0.00004   -0.00046          5  0.000e+00
      25760   1073.292     15.079     15.180    28.4492    28.4526   5.812513   5.812947     3.0598     2.5849      25.37   26.72978  -83.10018    0.00001   -0.00044          5  0.000e+00
      25761   1073.333     15.079     15.180    28.4493    28.4527   5.812473   5.812939     3.0586     2.5836      25.37   26.72978  -83.10018   -0.00005   -0.00043          5  0.000e+00
      25762   1073.375     15.079     15.180    28.4493    28.4526   5.812497   5.812923     3.0586     2.5849      25.37   26.72978  -83.10018   -0.00010   -0.00040          5  0.000e+00
      25763   1073.417     15.079     15.179    28.4493    28.4526   5.812473   5.812931     3.0598     2.5836      25.40   26.72978  -83.10018   -0.00012   -0.00038          5  0.000e+00
      25764   1073.458     14.985     15.084    28.4493    28.4524   5.812497   5.812939     3.0586     2.5836      25.40   26.72978  -83.10018   -0.00017   -0.00037          5  0.000e+00
      25765   1073.500     15.181     15.282    28.4493    28.4525   5.812544   5.812995     3.0586     2.5836      25.40   26.72978  -83.10018   -0.00022   -0.00035          5  0.000e+00
      25766   1073.542     15.079     15.179    28.4493    28.4524   5.812513   5.812955     3.0586     2.5836      25.40   26.72978  -83.10018   -0.00027   -0.00032          5  0.000e+00
      25767   1073.583     15.079     15.179    28.4495    28.4526   5.812544   5.813011     3.0586     2.5849      25.40   26.72978  -83.10018   -0.00032   -0.00027          5  0.000e+00
      25768   1073.625     15.079     15.179    28.4495    28.4532   5.812521   5.813035     3.0598     2.5849      25.40   26.72978  -83.10018   -0.00034   -0.00021          5  0.000e+00
      25769   1073.667     15.079     15.179    28.4493    28.4533   5.812544   5.813091     3.0598     2.5849      25.40   26.72978  -83.10018   -0.00036   -0.00016          5  0.000e+00
      25770   1073.708     15.079     15.179    28.4497    28.4539   5.812521   5.813155     3.0598     2.5849      25.40   26.72978  -83.10018   -0.00037   -0.00013          5  0.000e+00
      25771   1073.750     15.079     15.179    28.4493    28.4540   5.812513   5.813171     3.0598     2.5849      25.40   26.72978  -83.10018   -0.00041   -0.00009          5  0.000e+00
      25772   1073.792     15.079     15.179    28.4495    28.4540   5.812513   5.813163     3.0598     2.5849      25.40   26.72978  -83.10018   -0.00043   -0.00006          5  0.000e+00
      25773   1073.833     15.032     15.132    28.4492    28.4544   5.812544   5.813163     3.0598     2.5849      25.40   26.72978  -83.10018   -0.00044   -0.00002          5  0.000e+00
      25774   1073.875     15.079     15.179    28.4493    28.4542   5.812521   5.813171     3.0598     2.5849      25.40   26.72978  -83.10018   -0.00046    0.00001          5  0.000e+00
      25775   1073.917     15.079     15.179    28.4493    28.4543   5.812536   5.813203     3.0598     2.5849      25.40   26.72978  -83.10018   -0.00046    0.00005          5  0.000e+00
      25776   1073.958     15.079     15.179    28.4495    28.4544   5.812521   5.813171     3.0611     2.5849      25.40   26.72978  -83.10018   -0.00046    0.00008          5  0.000e+00
