Gulf of Mexico/GOMECC-4/1db/rb2103_1061.cnv
* Sea-Bird SBE 9 Data File:
* FileName = C:\Users\scs.user.rb\CTD\GOMECC4\data\rb2103_1061.hex
* Software Version Seasave V 7.26.7.107
* Temperature SN = 4799
* Conductivity SN = 3860
* Number of Bytes Per Scan = 41
* Number of Voltage Words = 4
* Number of Scans Averaged by the Deck Unit = 1
* NMEA Latitude = 26 00.02 N
* NMEA Longitude = 088 00.00 W
* NMEA UTC (Time) = Oct 13 2021  21:11:53
* NMEA baud rate = 4800
# nquan = 28
# nvalues = 1423                        
# units = specified
# name 0 = scan: Scan Count
# name 1 = timeS: Time, Elapsed [seconds]
# name 2 = depSM: Depth [salt water, m]
# name 3 = prDM: Pressure, Digiquartz [db]
# name 4 = t090C: Temperature [ITS-90, deg C]
# name 5 = t190C: Temperature, 2 [ITS-90, deg C]
# name 6 = c0S/m: Conductivity [S/m]
# name 7 = c1S/m: Conductivity, 2 [S/m]
# name 8 = sbeox0V: Oxygen raw, SBE 43 [V]
# name 9 = sbeox1V: Oxygen raw, SBE 43, 2 [V]
# name 10 = altM: Altimeter [m]
# name 11 = latitude: Latitude [deg]
# name 12 = longitude: Longitude [deg]
# name 13 = sbox0dV/dT: Oxygen, SBE 43 [dov/dt]
# name 14 = sbox1dV/dT: Oxygen, SBE 43, 2 [dov/dt]
# name 15 = sbeox0ML/L: Oxygen, SBE 43 [ml/l], WS = 5
# name 16 = sbeox1ML/L: Oxygen, SBE 43, 2 [ml/l], WS = 5
# name 17 = potemp090C: Potential Temperature [ITS-90, deg C]
# name 18 = potemp190C: Potential Temperature, 2 [ITS-90, deg C]
# name 19 = sal00: Salinity, Practical [PSU]
# name 20 = sal11: Salinity, Practical, 2 [PSU]
# name 21 = sigma-é00: Density [sigma-theta, kg/m^3]
# name 22 = sigma-é11: Density, 2 [sigma-theta, kg/m^3]
# name 23 = avgsvCM: Average Sound Velocity [Chen-Millero, m/s], minP = 20, minS = 20
# name 24 = sbox0Mm/Kg: Oxygen, SBE 43 [umol/kg], WS = 5
# name 25 = sbox1Mm/Kg: Oxygen, SBE 43, 2 [umol/kg], WS = 5
# name 26 = nbin: number of scans per bin
# name 27 = flag: flag
# span 0 =      10771,     247079       
# span 1 =    448.739,  10294.928       
# span 2 =      0.993,   3015.255       
# span 3 =      1.000,   3057.000       
# span 4 =     4.2991,    30.2009       
# span 5 =     4.3000,    30.2009       
# span 6 =   3.354731,   6.102674       
# span 7 =   3.354687,   6.102775       
# span 8 =     1.5775,     3.2291       
# span 9 =     1.2752,     2.7314       
# span 10 =      10.62,     106.20      
# span 11 =   25.60159,   26.51751      
# span 12 =  -89.74020,  -86.64218      
# span 13 =   -0.01005,    0.00988      
# span 14 =   -0.00961,    0.00973      
# span 15 =     2.4762,     4.7134      
# span 16 =     2.4841,     4.7114      
# span 17 =     4.0794,    30.2004      
# span 18 =     4.0804,    30.2004      
# span 19 =    34.9033,    37.0130      
# span 20 =    34.9020,    37.0136      
# span 21 =    22.4729,    27.7598      
# span 22 =    22.4747,    27.7586      
# span 23 =       0.00,    1559.53      
# span 24 =    107.667,    204.817      
# span 25 =    108.008,    204.729      
# span 26 =         30,         74      
# span 27 = 0.0000e+00, 0.0000e+00      
# interval = decibars: 1                
# start_time = Oct 13 2021 21:11:53 [NMEA time, header]
# bad_flag = -9.990e-29
*END*
[from data line 777]
     133780   5574.136   2066.094   2090.000     4.3001     4.3010   3.369976   3.369946     1.8624     1.5400     100.00   26.00085  -88.00046    0.00009    0.00005     4.6333     4.6332     4.1191     4.1200    34.9717    34.9705    27.7512    27.7501    1506.27    201.335    201.333         30 0.0000e+00
     134020   5584.104   2057.240   2081.000     4.2998     4.3005   3.369565   3.369527     1.8638     1.5410     100.00   26.00072  -87.99998    0.00015   -0.00000     4.6333     4.6324     4.1197     4.1204    34.9715    34.9703    27.7510    27.7499    1506.26    201.338    201.297         30 0.0000e+00
     135048   5626.946   2018.869   2042.000     4.2991     4.3000   3.367937   3.367902     1.8692     1.5460     100.00   26.00076  -88.00011    0.00021    0.00003     4.6319     4.6308     4.1229     4.1238    34.9715    34.9702    27.7505    27.7494    1506.26    201.275    201.226         30 0.0000e+00
     135178   5632.358   2013.950   2037.000     4.2992     4.3003   3.367765   3.367740     1.8697     1.5470     100.00   26.00094  -88.00069    0.00004    0.00013     4.6308     4.6321     4.1235     4.1246    34.9717    34.9703    27.7507    27.7494    1506.27    201.227    201.283         30 0.0000e+00
     135494   5645.530   2002.142   2025.000     4.2996     4.3004   3.367310   3.367272     1.8713     1.5482     100.00   26.00096  -88.00077    0.00014    0.00001     4.6301     4.6301     4.1252     4.1260    34.9716    34.9703    27.7504    27.7493    1506.27    201.197    201.196         32 0.0000e+00
     135949   5664.507   1985.413   2008.000     4.2997     4.3008   3.366691   3.366669     1.8733     1.5504     100.00   26.00154  -88.00271    0.00013    0.00024     4.6278     4.6291     4.1270     4.1280    34.9723    34.9709    27.7508    27.7495    1506.31    201.099    201.156         31 0.0000e+00
     136003   5666.752   1984.429   2007.000     4.2994     4.3004   3.366562   3.366540     1.8734     1.5504      95.77   26.00094  -88.00066    0.00006    0.00004     4.6277     4.6287     4.1268     4.1277    34.9715    34.9702    27.7502    27.7491    1506.27    201.091    201.136         43 0.0000e+00
     136066   5669.368   1983.445   2006.000     4.2993     4.3003   3.366513   3.366479     1.8735     1.5507      99.99   26.00093  -88.00066    0.00002    0.00005     4.6274     4.6294     4.1268     4.1278    34.9715    34.9700    27.7501    27.7489    1506.27    201.080    201.168         43 0.0000e+00
     136119   5671.570   1982.461   2005.000     4.2994     4.3004   3.366478   3.366445     1.8734     1.5507     100.00   26.00092  -88.00066   -0.00000    0.00010     4.6263     4.6290     4.1270     4.1280    34.9715    34.9700    27.7501    27.7489    1506.27    201.033    201.147         59 0.0000e+00
     136203   5675.076   1981.476   2004.000     4.2994     4.3003   3.366446   3.366404     1.8735     1.5509     100.00   26.00092  -88.00064    0.00002    0.00003     4.6263     4.6291     4.1271     4.1280    34.9715    34.9701    27.7502    27.7489    1506.27    201.031    201.152         50 0.0000e+00
     136296   5678.947   1980.492   2003.000     4.2996     4.3006   3.366411   3.366379     1.8736     1.5508      80.12   26.00092  -88.00064    0.00002   -0.00001     4.6261     4.6281     4.1273     4.1284    34.9714    34.9700    27.7500    27.7488    1506.27    201.021    201.108         47 0.0000e+00
     136485   5686.828   1978.524   2001.000     4.2996     4.3008   3.366380   3.366372     1.8743     1.5518     100.00   26.00141  -88.00231    0.00005    0.00010     4.6276     4.6312     4.1275     4.1288    34.9721    34.9707    27.7505    27.7493    1506.30    201.087    201.246         42 0.0000e+00
     136953   5706.353   1977.540   2000.000     4.3000     4.3009   3.366319   3.366285     1.8745     1.5519      94.85   26.00092  -88.00064    0.00003    0.00007     4.6277     4.6310     4.1281     4.1289    34.9713    34.9700    27.7499    27.7488    1506.27    201.094    201.239         62 0.0000e+00
     137971   5748.734   1976.556   1999.000     4.3000     4.3011   3.366280   3.366265     1.8746     1.5519      99.78   26.00092  -88.00064    0.00004    0.00003     4.6277     4.6306     4.1282     4.1293    34.9714    34.9700    27.7499    27.7487    1506.27    201.094    201.217         50 0.0000e+00
     138088   5753.625   1975.571   1998.000     4.3000     4.3010   3.366241   3.366215     1.8748     1.5519     100.00   26.00092  -88.00064    0.00010 2.2562e-07     4.6278     4.6297     4.1283     4.1293    34.9713    34.9700    27.7499    27.7487    1506.27    201.098    201.178         52 0.0000e+00
     138154   5756.366   1974.588   1997.000     4.3002     4.3011   3.366206   3.366176     1.8752     1.5519      91.36   26.00092  -88.00064    0.00003   -0.00003     4.6287     4.6293     4.1285     4.1294    34.9713    34.9700    27.7498    27.7487    1506.27    201.137    201.161         43 0.0000e+00
     138193   5757.996   1973.603   1996.000     4.3001     4.3010   3.366163   3.366134     1.8753     1.5519      89.07   26.00092  -88.00064    0.00016    0.00001     4.6286     4.6286     4.1286     4.1294    34.9713    34.9700    27.7498    27.7487    1506.27    201.131    201.131         44 0.0000e+00
     138245   5760.167   1972.619   1995.000     4.3001     4.3010   3.366124   3.366095     1.8753     1.5520     101.08   26.00092  -88.00064    0.00004    0.00001     4.6280     4.6286     4.1287     4.1296    34.9713    34.9700    27.7498    27.7487    1506.27    201.104    201.130         48 0.0000e+00
     138359   5764.910   1968.682   1991.000     4.2999     4.3010   3.365932   3.365913     1.8755     1.5521     100.00   26.00080  -88.00021    0.00004    0.00003     4.6264     4.6266     4.1289     4.1299    34.9711    34.9698    27.7496    27.7485    1506.26    201.037    201.044         30 0.0000e+00
     138964   5790.135   1946.045   1968.000     4.3012     4.3022   3.365115   3.365081     1.8783     1.5544     100.00   26.00087  -88.00045    0.00002   -0.00012     4.6238     4.6224     4.1324     4.1334    34.9711    34.9696    27.7492    27.7479    1506.27    200.924    200.864         36 0.0000e+00
     139231   5801.238   1936.203   1958.000     4.3017     4.3028   3.364823   3.364794     1.8795     1.5560     100.00   26.00152  -88.00264    0.00012    0.00007     4.6223     4.6233     4.1339     4.1350    34.9719    34.9704    27.7497    27.7484    1506.30    200.858    200.903         30 0.0000e+00
     139260   5802.446   1935.218   1957.000     4.3016     4.3025   3.364702   3.364663     1.8792     1.5562     100.00   26.00090  -88.00062    0.00009    0.00014     4.6208     4.6236     4.1339     4.1349    34.9710    34.9696    27.7490    27.7478    1506.27    200.793    200.915         33 0.0000e+00
     139390   5807.887   1930.296   1952.000     4.3016     4.3026   3.364491   3.364466     1.8794     1.5568     100.00   26.00086  -88.00049    0.00001    0.00009     4.6186     4.6233     4.1345     4.1354    34.9709    34.9696    27.7488    27.7477    1506.27    200.696    200.901         32 0.0000e+00
     139759   5823.230   1916.515   1938.000     4.3022     4.3032   3.363955   3.363920     1.8815     1.5585     100.00   26.00070  -87.99999    0.00016    0.00011     4.6185     4.6222     4.1364     4.1374    34.9706    34.9692    27.7484    27.7472    1506.26    200.693    200.853         30 0.0000e+00
     140261   5844.150   1897.810   1919.000     4.3034     4.3044   3.363269   3.363241     1.8834     1.5603     100.00   26.00071  -88.00005   -0.00005   -0.00002     4.6144     4.6182     4.1395     4.1404    34.9703    34.9690    27.7478    27.7467    1506.26    200.516    200.682         30 0.0000e+00
     140367   5848.570   1893.872   1915.000     4.3037     4.3046   3.363175   3.363137     1.8835     1.5604     100.00   26.00110  -88.00134    0.00003    0.00002     4.6121     4.6162     4.1401     4.1410    34.9708    34.9694    27.7482    27.7470    1506.28    200.417    200.595         30 0.0000e+00
     140524   5855.145   1887.965   1909.000     4.3040     4.3050   3.362939   3.362910     1.8846     1.5614      99.99   26.00086  -88.00059    0.00016    0.00023     4.6132     4.6169     4.1410     4.1421    34.9706    34.9691    27.7479    27.7467    1506.27    200.461    200.626         30 0.0000e+00
     140655   5860.575   1883.042   1904.000     4.3041     4.3050   3.362741   3.362701     1.8857     1.5617     100.00   26.00082  -88.00047    0.00023    0.00002     4.6146     4.6153     4.1416     4.1425    34.9706    34.9691    27.7478    27.7466    1506.27    200.523    200.554         31 0.0000e+00
     140948   5872.792   1872.211   1893.000     4.3047     4.3056   3.362358   3.362318     1.8871     1.5631     100.00   26.00093  -88.00092    0.00008    0.00005     4.6132     4.6146     4.1433     4.1443    34.9706    34.9692    27.7477    27.7465    1506.28    200.463    200.524         30 0.0000e+00
     141077   5878.171   1867.289   1888.000     4.3066     4.3076   3.362368   3.362335     1.8877     1.5636     100.00   26.00132  -88.00222    0.00010    0.00002     4.6125     4.6136     4.1457     4.1467    34.9711    34.9697    27.7479    27.7466    1506.30    200.431    200.479         36 0.0000e+00
     141110   5879.535   1866.304   1887.000     4.3064     4.3071   3.362245   3.362197     1.8879     1.5640     100.00   26.00084  -88.00060    0.00009    0.00009     4.6126     4.6146     4.1456     4.1463    34.9704    34.9691    27.7472    27.7461    1506.27    200.438    200.522         31 0.0000e+00
     141208   5883.630   1862.365   1883.000     4.3076     4.3085   3.362161   3.362126     1.8885     1.5642      87.08   26.00059  -87.99974    0.00019    0.00006     4.6124     4.6131     4.1471     4.1481    34.9700    34.9686    27.7468    27.7456    1506.26    200.428    200.458         34 0.0000e+00
     141316   5888.113   1858.427   1879.000     4.3080     4.3091   3.362069   3.362054     1.8885     1.5648     100.00   26.00097  -88.00103   -0.00004    0.00012     4.6099     4.6131     4.1480     4.1490    34.9704    34.9691    27.7471    27.7459    1506.28    200.321    200.460         31 0.0000e+00
     141422   5892.553   1854.488   1875.000     4.3079     4.3090   3.361946   3.361923     1.8891     1.5651     100.00   26.00133  -88.00230    0.00014    0.00001     4.6099     4.6121     4.1483     4.1493    34.9710    34.9696    27.7475    27.7463    1506.30    200.321    200.416         30 0.0000e+00
     141451   5893.742   1853.503   1874.000     4.3079     4.3089   3.361838   3.361803     1.8894     1.5652     100.00   26.00082  -88.00058    0.00015   -0.00000     4.6104     4.6119     4.1483     4.1493    34.9702    34.9688    27.7469    27.7456    1506.27    200.344    200.407         31 0.0000e+00
     141552   5897.953   1849.564   1870.000     4.3083     4.3093   3.361707   3.361680     1.8899     1.5653     100.00   26.00080  -88.00051    0.00016    0.00004     4.6102     4.6100     4.1491     4.1502    34.9701    34.9688    27.7467    27.7455    1506.27    200.333    200.323         31 0.0000e+00
     141687   5903.584   1844.641   1865.000     4.3086     4.3095   3.361535   3.361503     1.8900     1.5660     100.00   26.00092  -88.00090   -0.00003    0.00018     4.6076     4.6098     4.1499     4.1508    34.9702    34.9689    27.7467    27.7455    1506.28    200.221    200.317         30 0.0000e+00
     141791   5907.915   1840.701   1861.000     4.3093     4.3105   3.361493   3.361478     1.8909     1.5666     100.00   26.00136  -88.00242    0.00020    0.00009     4.6083     4.6098     4.1510     4.1522    34.9709    34.9695    27.7471    27.7459    1506.30    200.252    200.317         31 0.0000e+00
     141821   5909.179   1839.717   1860.000     4.3092     4.3101   3.361363   3.361335     1.8909     1.5668     100.00   26.00082  -88.00058    0.00020    0.00008     4.6078     4.6101     4.1510     4.1519    34.9700    34.9687    27.7464    27.7453    1506.27    200.228    200.327         33 0.0000e+00
     142108   5921.146   1828.884   1849.000     4.3109     4.3120   3.361078   3.361050     1.8917     1.5679     100.00   26.00080  -88.00056    0.00005    0.00001     4.6043     4.6081     4.1538     4.1549    34.9700    34.9685    27.7461    27.7448    1506.27    200.075    200.240         30 0.0000e+00
     142479   5936.570   1815.096   1835.000     4.3119     4.3129   3.360572   3.360542     1.8940     1.5691     100.00   26.00072  -88.00036    0.00014    0.00003     4.6046     4.6047     4.1562     4.1571    34.9697    34.9683    27.7456    27.7444    1506.27    200.091    200.093         31 0.0000e+00
     142609   5941.987   1810.171   1830.000     4.3126     4.3137   3.360449   3.360418     1.8941     1.5699     100.00   26.00081  -88.00067    0.00005    0.00022     4.6023     4.6049     4.1574     4.1584    34.9699    34.9684    27.7456    27.7443    1506.27    199.988    200.102         32 0.0000e+00
     142742   5947.545   1805.247   1825.000     4.3131     4.3142   3.360273   3.360240     1.8949     1.5702     100.00   26.00070  -88.00030    0.00018    0.00002     4.6023     4.6031     4.1583     4.1593    34.9697    34.9683    27.7454    27.7441    1506.27    199.990    200.026         30 0.0000e+00
     142873   5953.020   1800.322   1820.000     4.3132     4.3143   3.360075   3.360055     1.8952     1.5711     100.00   26.00078  -88.00055    0.00000    0.00019     4.6002     4.6039     4.1588     4.1600    34.9697    34.9683    27.7454    27.7441    1506.27    199.901    200.059         34 0.0000e+00
     143059   5960.730   1793.427   1813.000     4.3150     4.3160   3.359943   3.359906     1.8959     1.5714     100.00   26.00078  -88.00057    0.00006   -0.00001     4.5986     4.6008     4.1613     4.1624    34.9696    34.9681    27.7450    27.7437    1506.27    199.831    199.926         30 0.0000e+00
     143166   5965.200   1789.487   1809.000     4.3156     4.3167   3.359888   3.359860     1.8963     1.5723     100.00   26.00129  -88.00228    0.00009    0.00025     4.5978     4.6023     4.1623     4.1635    34.9703    34.9687    27.7454    27.7441    1506.30    199.794    199.990         33 0.0000e+00
     143197   5966.483   1788.502   1808.000     4.3153     4.3163   3.359758   3.359725     1.8963     1.5724     100.00   26.00078  -88.00056    0.00007    0.00026     4.5974     4.6020     4.1621     4.1631    34.9695    34.9681    27.7448    27.7436    1506.27    199.778    199.975         32 0.0000e+00
     143290   5970.381   1785.547   1805.000     4.3161     4.3172   3.359777   3.359746     1.8966     1.5724     100.00   26.00135  -88.00249    0.00006    0.00000     4.5965     4.6002     4.1632     4.1643    34.9704    34.9688    27.7454    27.7441    1506.30    199.739    199.901         45 0.0000e+00
     143329   5971.993   1784.562   1804.000     4.3157     4.3169   3.359634   3.359612     1.8966     1.5726     100.00   26.00078  -88.00056    0.00000    0.00002     4.5961     4.6003     4.1630     4.1641    34.9695    34.9680    27.7447    27.7434    1506.27    199.720    199.904         36 0.0000e+00
     143363   5973.410   1783.577   1803.000     4.3164     4.3174   3.359652   3.359611     1.8970     1.5724     100.00   26.00078  -88.00056    0.00010    0.00005     4.5967     4.5991     4.1637     4.1647    34.9695    34.9680    27.7446    27.7433    1506.27    199.747    199.851         36 0.0000e+00
     143409   5975.340   1782.592   1802.000     4.3165     4.3176   3.359622   3.359593     1.8972     1.5722     100.00   26.00078  -88.00056    0.00015   -0.00010     4.5968     4.5976     4.1639     4.1650    34.9695    34.9680    27.7446    27.7433    1506.27    199.753    199.786         55 0.0000e+00
