Gulf of Mexico/GOMECC-4/1db/rb2103_0681.ros
* Sea-Bird SBE 9 Data File:
* FileName = C:\Users\scs.user.rb\CTD\GOMECC4\data\rb2103_0681.hex
* Software Version Seasave V 7.26.7.107
* Temperature SN = 4799
* Conductivity SN = 3860
* Number of Bytes Per Scan = 41
* Number of Voltage Words = 4
* Number of Scans Averaged by the Deck Unit = 1
* NMEA Latitude = 26 03.52 N
* NMEA Longitude = 095 32.99 W
* NMEA UTC (Time) = Oct 03 2021  07:00:55
* NMEA baud rate = 4800
# nquan = 17
# nvalues = 2527                                  
# units = specified
# name 0 = scan: Scan Count
# name 1 = timeS: Time, Elapsed [seconds]
# name 2 = depSM: Depth [salt water, m]
# name 3 = prDM: Pressure, Digiquartz [db]
# name 4 = t090C: Temperature [ITS-90, deg C]
# name 5 = t190C: Temperature, 2 [ITS-90, deg C]
# name 6 = c0S/m: Conductivity [S/m]
# name 7 = c1S/m: Conductivity, 2 [S/m]
# name 8 = sbeox0V: Oxygen raw, SBE 43 [V]
# name 9 = sbeox1V: Oxygen raw, SBE 43, 2 [V]
# name 10 = altM: Altimeter [m]
# name 11 = latitude: Latitude [deg]
# name 12 = longitude: Longitude [deg]
# name 13 = sbox0dV/dT: Oxygen, SBE 43 [dov/dt]
# name 14 = sbox1dV/dT: Oxygen, SBE 43, 2 [dov/dt]
# name 15 = nbf: Bottles Fired
# name 16 = flag:  0.000e+00
# interval = seconds: 0.0416667
# start_time = Oct 03 2021 07:00:55 [NMEA time, header]
# bad_flag = -9.990e-29
*END*
[from data line 1618]
      99421   4142.500     69.432     69.899    23.1669    23.1732   5.281131   5.281867     3.0757     2.6313     100.00   26.05978  -95.54922    0.00020    0.00020         13  0.000e+00
      99422   4142.542     69.392     69.858    23.1665    23.1732   5.281168   5.281928     3.0757     2.6300     100.00   26.05978  -95.54922    0.00021    0.00022         13  0.000e+00
      99423   4142.583     69.432     69.899    23.1656    23.1723   5.281100   5.281821     3.0769     2.6300     100.00   26.05978  -95.54922    0.00023    0.00024         13  0.000e+00
      99424   4142.625     69.378     69.844    23.1661    23.1715   5.281108   5.281736     3.0757     2.6300     100.00   26.05978  -95.54922    0.00024    0.00026         13  0.000e+00
      99425   4142.667     69.439     69.906    23.1667    23.1707   5.281123   5.281690     3.0757     2.6300     100.00   26.05978  -95.54922    0.00024    0.00028         13  0.000e+00
      99426   4142.708     69.432     69.899    23.1665    23.1699   5.281123   5.281590     3.0769     2.6313     100.00   26.05978  -95.54922    0.00027    0.00032         13  0.000e+00
      99427   4142.750     69.331     69.797    23.1658    23.1696   5.281055   5.281521     3.0757     2.6313     100.00   26.05978  -95.54922    0.00027    0.00036         13  0.000e+00
      99428   4142.792     69.487     69.954    23.1653    23.1694   5.280994   5.281536     3.0757     2.6300     100.00   26.05978  -95.54922    0.00028    0.00038         13  0.000e+00
      99429   4142.833     69.433     69.899    23.1651    23.1696   5.281024   5.281590     3.0769     2.6313     100.00   26.05978  -95.54922    0.00030    0.00042         13  0.000e+00
      99430   4142.875     69.439     69.906    23.1649    23.1698   5.281032   5.281559     3.0745     2.6313     100.00   26.05978  -95.54922    0.00028    0.00046         13  0.000e+00
      99431   4142.917     69.433     69.899    23.1654    23.1698   5.281062   5.281621     3.0757     2.6313     100.00   26.05978  -95.54922    0.00029    0.00050         13  0.000e+00
      99432   4142.958     69.433     69.899    23.1660    23.1701   5.281108   5.281644     3.0757     2.6313     100.00   26.05978  -95.54922    0.00029    0.00054         13  0.000e+00
      99433   4143.000     69.440     69.906    23.1667    23.1705   5.281191   5.281644     3.0757     2.6313     100.00   26.05978  -95.54922    0.00029    0.00058         13  0.000e+00
      99434   4143.042     69.433     69.899    23.1670    23.1709   5.281237   5.281705     3.0757     2.6313     100.00   26.05978  -95.54922    0.00029    0.00062         13  0.000e+00
      99435   4143.083     69.487     69.954    23.1676    23.1712   5.281282   5.281767     3.0745     2.6313     100.00   26.05978  -95.54922    0.00028    0.00065         13  0.000e+00
      99436   4143.125     69.433     69.900    23.1681    23.1712   5.281328   5.281736     3.0745     2.6313     100.00   26.05978  -95.54922    0.00028    0.00069         13  0.000e+00
      99437   4143.167     69.480     69.947    23.1686    23.1712   5.281404   5.281729     3.0745     2.6313     100.00   26.05978  -95.54922    0.00027    0.00073         13  0.000e+00
      99438   4143.208     69.440     69.906    23.1691    23.1721   5.281426   5.281798     3.0733     2.6300     100.00   26.05978  -95.54922    0.00023    0.00076         13  0.000e+00
      99439   4143.250     69.481     69.947    23.1693    23.1730   5.281426   5.281944     3.0745     2.6313     100.00   26.05978  -95.54922    0.00024    0.00080         13  0.000e+00
      99440   4143.292     69.433     69.900    23.1697    23.1733   5.281464   5.281921     3.0745     2.6313     100.00   26.05978  -95.54922    0.00022    0.00084         13  0.000e+00
      99441   4143.333     69.542     70.009    23.1697    23.1728   5.281411   5.281867     3.0745     2.6300     100.00   26.05978  -95.54922    0.00021    0.00084         13  0.000e+00
      99442   4143.375     69.481     69.948    23.1695    23.1728   5.281411   5.281828     3.0733     2.6313     100.00   26.05978  -95.54922    0.00018    0.00086         13  0.000e+00
      99443   4143.417     69.488     69.954    23.1697    23.1723   5.281396   5.281782     3.0733     2.6313     100.00   26.05978  -95.54922    0.00014    0.00088         13  0.000e+00
      99444   4143.458     69.481     69.948    23.1693    23.1715   5.281411   5.281736     3.0733     2.6300     100.00   26.05978  -95.54922    0.00011    0.00089         13  0.000e+00
      99445   4143.500     69.481     69.948    23.1693    23.1707   5.281457   5.281636     3.0733     2.6313     100.00   26.05978  -95.54922    0.00010    0.00091         13  0.000e+00
      99446   4143.542     69.542     70.009    23.1688    23.1696   5.281434   5.281598     3.0733     2.6313     100.00   26.05978  -95.54922    0.00007    0.00091         13  0.000e+00
      99447   4143.583     69.528     69.996    23.1691    23.1694   5.281426   5.281529     3.0733     2.6313     100.00   26.05978  -95.54922    0.00004    0.00091         13  0.000e+00
      99448   4143.625     69.488     69.955    23.1690    23.1689   5.281396   5.281513     3.0733     2.6300     100.00   26.05978  -95.54922    0.00003    0.00090         13  0.000e+00
      99449   4143.667     69.528     69.996    23.1688    23.1687   5.281350   5.281475     3.0733     2.6313     100.00   26.05978  -95.54922 -5.275e-07    0.00090         13  0.000e+00
      99450   4143.708     69.529     69.996    23.1686    23.1683   5.281343   5.281467     3.0733     2.6313     100.00   26.05978  -95.54922   -0.00003    0.00088         13  0.000e+00
      99451   4143.750     69.542     70.009    23.1678    23.1681   5.281305   5.281437     3.0733     2.6313     100.00   26.05978  -95.54922   -0.00006    0.00088         13  0.000e+00
      99452   4143.792     69.583     70.050    23.1677    23.1679   5.281297   5.281421     3.0733     2.6313     100.00   26.05978  -95.54922   -0.00007    0.00086         13  0.000e+00
      99453   4143.833     69.529     69.996    23.1688    23.1678   5.281388   5.281390     3.0733     2.6313     100.00   26.05978  -95.54922   -0.00009    0.00084         13  0.000e+00
      99454   4143.875     69.542     70.010    23.1695    23.1676   5.281464   5.281383     3.0733     2.6313     100.00   26.05978  -95.54922   -0.00010    0.00082         13  0.000e+00
      99455   4143.917     69.583     70.051    23.1699    23.1675   5.281502   5.281383     3.0733     2.6300     100.00   26.05978  -95.54922   -0.00013    0.00078         13  0.000e+00
      99456   4143.958     69.542     70.010    23.1700    23.1673   5.281449   5.281344     3.0733     2.6313     100.00   26.05978  -95.54922   -0.00015    0.00076         13  0.000e+00
      99457   4144.000     69.583     70.051    23.1699    23.1671   5.281426   5.281306     3.0733     2.6313     100.00   26.05978  -95.54922   -0.00016    0.00074         13  0.000e+00
      99458   4144.042     69.583     70.051    23.1695    23.1667   5.281457   5.281291     3.0733     2.6313     100.00   26.05978  -95.54922   -0.00019    0.00071         13  0.000e+00
      99459   4144.083     69.590     70.058    23.1697    23.1665   5.281502   5.281291     3.0733     2.6300     100.00   26.05978  -95.54922   -0.00019    0.00067         13  0.000e+00
      99460   4144.125     69.583     70.051    23.1699    23.1664   5.281517   5.281252     3.0733     2.6313     100.00   26.05978  -95.54922   -0.00022    0.00064         13  0.000e+00
      99461   4144.167     69.590     70.058    23.1691    23.1662   5.281419   5.281244     3.0733     2.6313     100.00   26.05978  -95.54922   -0.00024    0.00061         13  0.000e+00
      99462   4144.208     69.631     70.099    23.1679    23.1660   5.281252   5.281244     3.0733     2.6313     100.00   26.05978  -95.54922   -0.00026    0.00059         13  0.000e+00
      99463   4144.250     69.583     70.051    23.1670    23.1662   5.281206   5.281244     3.0733     2.6313     100.00   26.05978  -95.54922   -0.00027    0.00056         13  0.000e+00
      99464   4144.292     69.590     70.058    23.1669    23.1662   5.281237   5.281244     3.0733     2.6313     100.00   26.05978  -95.54922   -0.00029    0.00054         13  0.000e+00
      99465   4144.333     69.631     70.099    23.1669    23.1662   5.281222   5.281275     3.0733     2.6300     100.00   26.05978  -95.54922   -0.00031    0.00049         13  0.000e+00
      99466   4144.375     69.631     70.099    23.1667    23.1660   5.281146   5.281252     3.0720     2.6313     100.00   26.05978  -95.54922   -0.00033    0.00048         13  0.000e+00
      99467   4144.417     69.638     70.106    23.1661    23.1660   5.281123   5.281283     3.0733     2.6313     100.00   26.05978  -95.54922   -0.00035    0.00045         13  0.000e+00
      99468   4144.458     69.631     70.099    23.1661    23.1658   5.281085   5.281252     3.0733     2.6313     100.00   26.05978  -95.54922   -0.00037    0.00043         13  0.000e+00
      99469   4144.500     69.638     70.106    23.1660    23.1660   5.281078   5.281275     3.0733     2.6313     100.00   26.05978  -95.54922   -0.00039    0.00040         13  0.000e+00
      99470   4144.542     69.584     70.051    23.1656    23.1655   5.281078   5.281221     3.0733     2.6325     100.00   26.05978  -95.54922   -0.00041    0.00038         13  0.000e+00
      99471   4144.583     69.679     70.147    23.1654    23.1655   5.281047   5.281168     3.0733     2.6325     100.00   26.05978  -95.54922   -0.00042    0.00036         13  0.000e+00
      99472   4144.625     69.638     70.106    23.1644    23.1651   5.280903   5.281160     3.0733     2.6325     100.00   26.05978  -95.54922   -0.00044    0.00034         13  0.000e+00
      99473   4144.667     69.631     70.099    23.1627    23.1651   5.280759   5.281160     3.0733     2.6325     100.00   26.05978  -95.54922   -0.00046    0.00033         13  0.000e+00
      99474   4144.708     69.638     70.106    23.1614    23.1646   5.280729   5.281091     3.0733     2.6325     100.00   26.05978  -95.54922   -0.00048    0.00033         13  0.000e+00
      99475   4144.750     69.679     70.147    23.1620    23.1646   5.280729   5.281099     3.0733     2.6325     100.00   26.05978  -95.54922   -0.00050    0.00032         13  0.000e+00
      99476   4144.792     69.631     70.099    23.1624    23.1642   5.280729   5.281083     3.0733     2.6325     100.00   26.05978  -95.54922   -0.00051    0.00031         13  0.000e+00
      99477   4144.833     69.638     70.106    23.1622    23.1642   5.280729   5.281075     3.0733     2.6325     100.00   26.05978  -95.54922   -0.00053    0.00030         13  0.000e+00
      99478   4144.875     69.733     70.202    23.1619    23.1639   5.280691   5.281076     3.0733     2.6337     100.00   26.05978  -95.54922   -0.00054    0.00031         13  0.000e+00
      99479   4144.917     69.584     70.052    23.1612    23.1637   5.280615   5.281037     3.0733     2.6337     100.00   26.05978  -95.54922   -0.00056    0.00032         13  0.000e+00
      99480   4144.958     69.693     70.161    23.1617    23.1639   5.280623   5.281060     3.0733     2.6337     100.00   26.05978  -95.54922   -0.00058    0.00034         13  0.000e+00
      99481   4145.000     69.679     70.147    23.1622    23.1639   5.280736   5.281075     3.0733     2.6325     100.00   26.05978  -95.54922   -0.00059    0.00034         13  0.000e+00
      99482   4145.042     69.693     70.161    23.1627    23.1639   5.280774   5.281106     3.0733     2.6337     100.00   26.05978  -95.54922   -0.00060    0.00036         13  0.000e+00
      99483   4145.083     69.632     70.100    23.1626    23.1642   5.280835   5.281083     3.0745     2.6337     100.00   26.05978  -95.54922   -0.00060    0.00038         13  0.000e+00
      99484   4145.125     69.679     70.148    23.1628    23.1642   5.280858   5.281075     3.0733     2.6337     100.00   26.05978  -95.54922   -0.00060    0.00040         13  0.000e+00
      99485   4145.167     69.693     70.161    23.1631    23.1640   5.280888   5.281106     3.0733     2.6325     100.00   26.05978  -95.54922   -0.00061    0.00040         13  0.000e+00
      99486   4145.208     69.679     70.148    23.1631    23.1642   5.280903   5.281083     3.0745     2.6337     100.00   26.05978  -95.54922   -0.00061    0.00042         13  0.000e+00
      99487   4145.250     69.639     70.107    23.1633    23.1642   5.280964   5.281137     3.0745     2.6337     100.00   26.05978  -95.54922   -0.00060    0.00043         13  0.000e+00
      99488   4145.292     69.679     70.148    23.1636    23.1640   5.280956   5.281122     3.0745     2.6325     100.00   26.05978  -95.54922   -0.00060    0.00045         13  0.000e+00
      99489   4145.333     69.632     70.100    23.1640    23.1644   5.280971   5.281083     3.0733     2.6325     100.00   26.05978  -95.54922   -0.00063    0.00046         13  0.000e+00
      99490   4145.375     69.693     70.161    23.1644    23.1642   5.280987   5.281137     3.0745     2.6337     100.00   26.05978  -95.54922   -0.00063    0.00049         13  0.000e+00
      99491   4145.417     69.632     70.100    23.1647    23.1642   5.280987   5.281091     3.0733     2.6325     100.00   26.05978  -95.54922   -0.00064    0.00051         13  0.000e+00
      99492   4145.458     69.693     70.162    23.1647    23.1640   5.281025   5.281075     3.0745     2.6325     100.00   26.05978  -95.54922   -0.00063    0.00052         13  0.000e+00
      99493   4145.500     69.680     70.148    23.1653    23.1642   5.281062   5.281137     3.0733     2.6325     100.00   26.05978  -95.54922   -0.00065    0.00053         13  0.000e+00
      99494   4145.542     69.632     70.100    23.1656    23.1644   5.281078   5.281160     3.0745     2.6325     100.00   26.05978  -95.54922   -0.00064    0.00055         13  0.000e+00
      99495   4145.583     69.639     70.107    23.1658    23.1646   5.281078   5.281160     3.0745     2.6313     100.00   26.05978  -95.54922   -0.00064    0.00054         13  0.000e+00
      99496   4145.625     69.680     70.148    23.1658    23.1649   5.281078   5.281191     3.0745     2.6313     100.00   26.05978  -95.54922   -0.00063    0.00054         13  0.000e+00
      99497   4145.667     69.632     70.100    23.1660    23.1651   5.281078   5.281168     3.0733     2.6313     100.00   26.05978  -95.54922   -0.00064    0.00053         13  0.000e+00
      99498   4145.708     69.639     70.107    23.1664    23.1651   5.281078   5.281229     3.0745     2.6313     100.00   26.05978  -95.54922   -0.00064    0.00053         13  0.000e+00
      99499   4145.750     69.680     70.148    23.1661    23.1653   5.281108   5.281214     3.0745     2.6300     100.00   26.05978  -95.54922   -0.00062    0.00050         13  0.000e+00
      99500   4145.792     69.639     70.107    23.1654    23.1653   5.281085   5.281206     3.0733     2.6300     100.00   26.05978  -95.54922   -0.00063    0.00048         13  0.000e+00
      99501   4145.833     69.633     70.101    23.1653    23.1657   5.281040   5.281237     3.0745     2.6300     100.00   26.05978  -95.54922   -0.00060    0.00046         13  0.000e+00
      99502   4145.875     69.633     70.101    23.1651    23.1657   5.281032   5.281245     3.0745     2.6300     100.00   26.05978  -95.54922   -0.00060    0.00044         13  0.000e+00
      99503   4145.917     69.640     70.108    23.1651    23.1658   5.280994   5.281214     3.0733     2.6288     100.00   26.05978  -95.54922   -0.00059    0.00040         13  0.000e+00
      99504   4145.958     69.633     70.101    23.1651    23.1658   5.281017   5.281275     3.0745     2.6300     100.00   26.05978  -95.54922   -0.00058    0.00038         13  0.000e+00
