Gulf of Mexico/GOMECC-4/1db/rb2103_0531.ros
* Sea-Bird SBE 9 Data File:
* FileName = C:\Users\scs.user.rb\CTD\GOMECC4\data\rb2103_0531.hex
* Software Version Seasave V 7.26.7.107
* Temperature SN = 4799
* Conductivity SN = 3860
* Number of Bytes Per Scan = 41
* Number of Voltage Words = 4
* Number of Scans Averaged by the Deck Unit = 1
* NMEA Latitude = 27 19.96 N
* NMEA Longitude = 095 00.01 W
* NMEA UTC (Time) = Sep 28 2021  09:37:15
* NMEA baud rate = 4800
# nquan = 17
# nvalues = 2793                                  
# units = specified
# name 0 = scan: Scan Count
# name 1 = timeS: Time, Elapsed [seconds]
# name 2 = depSM: Depth [salt water, m]
# name 3 = prDM: Pressure, Digiquartz [db]
# name 4 = t090C: Temperature [ITS-90, deg C]
# name 5 = t190C: Temperature, 2 [ITS-90, deg C]
# name 6 = c0S/m: Conductivity [S/m]
# name 7 = c1S/m: Conductivity, 2 [S/m]
# name 8 = sbeox0V: Oxygen raw, SBE 43 [V]
# name 9 = sbeox1V: Oxygen raw, SBE 43, 2 [V]
# name 10 = altM: Altimeter [m]
# name 11 = latitude: Latitude [deg]
# name 12 = longitude: Longitude [deg]
# name 13 = sbox0dV/dT: Oxygen, SBE 43 [dov/dt]
# name 14 = sbox1dV/dT: Oxygen, SBE 43, 2 [dov/dt]
# name 15 = nbf: Bottles Fired
# name 16 = flag:  0.000e+00
# interval = seconds: 0.0416667
# start_time = Sep 28 2021 09:37:15 [NMEA time, header]
# bad_flag = -9.990e-29
*END*
[from data line 511]
      60718   2529.875    817.947    825.020     6.2331     6.2314   3.486919   3.486617     1.6947     1.3919     100.00   27.33240  -94.99798    0.00012   -0.00018          4  0.000e+00
      60719   2529.917    817.833    824.904     6.2331     6.2317   3.486957   3.486585     1.6935     1.3932     100.00   27.33240  -94.99798    0.00012   -0.00019          4  0.000e+00
      60720   2529.958    817.886    824.958     6.2333     6.2314   3.486951   3.486598     1.6935     1.3932     100.00   27.33240  -94.99798    0.00011   -0.00019          4  0.000e+00
      60721   2530.000    817.833    824.904     6.2333     6.2311   3.486963   3.486604     1.6935     1.3932     100.00   27.33240  -94.99798    0.00011   -0.00018          4  0.000e+00
      60722   2530.042    817.864    824.935     6.2330     6.2313   3.486951   3.486604     1.6947     1.3932     100.00   27.33240  -94.99798    0.00012   -0.00017          4  0.000e+00
      60723   2530.083    817.833    824.904     6.2330     6.2319   3.486944   3.486630     1.6935     1.3932     100.00   27.33240  -94.99798    0.00012   -0.00016          4  0.000e+00
      60724   2530.125    817.833    824.904     6.2328     6.2322   3.486931   3.486662     1.6947     1.3932     100.00   27.33240  -94.99798    0.00013   -0.00015          4  0.000e+00
      60725   2530.167    817.833    824.904     6.2329     6.2321   3.486963   3.486688     1.6935     1.3919     100.00   27.33240  -94.99798    0.00011   -0.00016          4  0.000e+00
      60726   2530.208    817.833    824.904     6.2328     6.2322   3.486951   3.486701     1.6935     1.3919     100.00   27.33240  -94.99798    0.00009   -0.00016          4  0.000e+00
      60727   2530.250    817.772    824.843     6.2331     6.2319   3.486944   3.486675     1.6935     1.3919     100.00   27.33240  -94.99798    0.00008   -0.00017          4  0.000e+00
      60728   2530.292    817.749    824.820     6.2331     6.2317   3.486944   3.486695     1.6935     1.3932      78.95   27.33240  -94.99798    0.00007   -0.00016          4  0.000e+00
      60729   2530.333    817.772    824.843     6.2331     6.2317   3.486963   3.486675     1.6935     1.3932      52.53   27.33240  -94.99798    0.00007   -0.00015          4  0.000e+00
      60730   2530.375    817.772    824.843     6.2331     6.2313   3.486976   3.486649     1.6935     1.3919      45.79   27.33240  -94.99798    0.00006   -0.00015          4  0.000e+00
      60731   2530.417    817.719    824.789     6.2333     6.2310   3.486925   3.486636     1.6935     1.3919      46.89   27.33240  -94.99798    0.00006   -0.00016          4  0.000e+00
      60732   2530.458    817.772    824.843     6.2331     6.2308   3.486931   3.486617     1.6947     1.3932      48.16   27.33240  -94.99798    0.00007   -0.00015          4  0.000e+00
      60733   2530.500    817.719    824.789     6.2333     6.2308   3.486989   3.486604     1.6947     1.3919      48.45   27.33240  -94.99798    0.00008   -0.00015          4  0.000e+00
      60734   2530.542    817.749    824.820     6.2331     6.2306   3.486957   3.486630     1.6935     1.3919      48.40   27.33240  -94.99798    0.00007   -0.00016          4  0.000e+00
      60735   2530.583    817.658    824.727     6.2331     6.2306   3.486944   3.486585     1.6947     1.3932      48.33   27.33240  -94.99798    0.00009   -0.00014          4  0.000e+00
      60736   2530.625    817.719    824.789     6.2331     6.2308   3.486918   3.486552     1.6947     1.3919      48.33   27.33240  -94.99798    0.00010   -0.00015          4  0.000e+00
      60737   2530.667    817.719    824.789     6.2331     6.2306   3.486931   3.486546     1.6947     1.3919      48.33   27.33240  -94.99798    0.00011   -0.00015          4  0.000e+00
      60738   2530.708    817.658    824.727     6.2331     6.2310   3.486944   3.486610     1.6935     1.3932      48.33   27.33240  -94.99798    0.00010   -0.00014          4  0.000e+00
      64799   2699.917    718.917    724.960     6.8784     6.8784   3.542203   3.542045     1.6422     1.3455     100.00   27.33240  -94.99788    0.00003    0.00025          5  0.000e+00
      64800   2699.958    719.093    725.137     6.8784     6.8784   3.542190   3.542019     1.6435     1.3455     100.00   27.33240  -94.99788    0.00005    0.00025          5  0.000e+00
      64801   2700.000    719.032    725.076     6.8786     6.8784   3.542158   3.542058     1.6422     1.3443     100.00   27.33240  -94.99788    0.00005    0.00024          5  0.000e+00
      64802   2700.042    718.940    724.983     6.8784     6.8784   3.542171   3.542025     1.6422     1.3443     100.00   27.33240  -94.99788    0.00005    0.00023          5  0.000e+00
      64803   2700.083    719.032    725.076     6.8784     6.8782   3.542184   3.542012     1.6422     1.3443     100.00   27.33240  -94.99788    0.00005    0.00021          5  0.000e+00
      64804   2700.125    718.979    725.022     6.8783     6.8784   3.542158   3.542012     1.6422     1.3443     100.00   27.33240  -94.99788    0.00005    0.00022          5  0.000e+00
      64805   2700.167    718.994    725.037     6.8781     6.8778   3.542171   3.541986     1.6422     1.3443     100.00   27.33240  -94.99788    0.00005    0.00020          5  0.000e+00
      64806   2700.208    718.979    725.022     6.8783     6.8778   3.542158   3.541980     1.6422     1.3443     100.00   27.33240  -94.99788    0.00005    0.00019          5  0.000e+00
      64807   2700.250    718.979    725.022     6.8783     6.8776   3.542171   3.541999     1.6422     1.3443     100.00   27.33240  -94.99788    0.00005    0.00018          5  0.000e+00
      64808   2700.292    718.979    725.022     6.8781     6.8781   3.542203   3.542012     1.6422     1.3443     100.00   27.33240  -94.99788    0.00005    0.00016          5  0.000e+00
      64809   2700.333    718.994    725.037     6.8781     6.8780   3.542165   3.542012     1.6422     1.3443     100.00   27.33240  -94.99788    0.00005    0.00015          5  0.000e+00
      64810   2700.375    718.979    725.022     6.8783     6.8782   3.542171   3.542012     1.6435     1.3443     100.00   27.33240  -94.99788    0.00006    0.00014          5  0.000e+00
      64811   2700.417    719.032    725.076     6.8781     6.8782   3.542184   3.542032     1.6422     1.3443     100.00   27.33240  -94.99788    0.00006    0.00014          5  0.000e+00
      64812   2700.458    718.979    725.022     6.8781     6.8785   3.542203   3.542019     1.6422     1.3443     100.00   27.33240  -94.99788    0.00006    0.00013          5  0.000e+00
      64813   2700.500    718.994    725.037     6.8784     6.8784   3.542190   3.542058     1.6422     1.3443     100.00   27.33240  -94.99788    0.00006    0.00012          5  0.000e+00
      64814   2700.542    718.979    725.022     6.8783     6.8788   3.542203   3.542052     1.6422     1.3443     100.00   27.33240  -94.99788    0.00006    0.00011          5  0.000e+00
      64815   2700.583    719.032    725.076     6.8783     6.8784   3.542190   3.542065     1.6422     1.3443     100.00   27.33240  -94.99788    0.00004    0.00009          5  0.000e+00
      64816   2700.625    718.994    725.037     6.8781     6.8788   3.542158   3.542078     1.6422     1.3443     100.00   27.33240  -94.99788    0.00004    0.00008          5  0.000e+00
      64817   2700.667    719.032    725.076     6.8783     6.8788   3.542171   3.542052     1.6422     1.3443     100.00   27.33240  -94.99788    0.00002    0.00007          5  0.000e+00
      64818   2700.708    718.979    725.022     6.8784     6.8786   3.542184   3.542065     1.6422     1.3443     100.00   27.33240  -94.99788    0.00002    0.00007          5  0.000e+00
      64819   2700.750    719.093    725.138     6.8787     6.8789   3.542203   3.542052     1.6422     1.3443     100.00   27.33240  -94.99788    0.00002    0.00006          5  0.000e+00
      64820   2700.792    719.055    725.099     6.8786     6.8784   3.542165   3.542091     1.6422     1.3443     100.00   27.33240  -94.99788    0.00002    0.00005          5  0.000e+00
      64821   2700.833    719.033    725.076     6.8784     6.8788   3.542190   3.542110     1.6422     1.3443     100.00   27.33240  -94.99788    0.00002    0.00004          5  0.000e+00
      64822   2700.875    719.094    725.138     6.8784     6.8789   3.542235   3.542110     1.6422     1.3443     100.00   27.33240  -94.99788    0.00002    0.00002          5  0.000e+00
      64823   2700.917    719.055    725.099     6.8784     6.8789   3.542197   3.542110     1.6422     1.3443     100.00   27.33240  -94.99788    0.00002    0.00003          5  0.000e+00
      64824   2700.958    719.094    725.138     6.8784     6.8788   3.542203   3.542110     1.6422     1.3443     100.00   27.33240  -94.99788    0.00002    0.00002          5  0.000e+00
      64825   2701.000    719.094    725.138     6.8786     6.8789   3.542190   3.542110     1.6422     1.3443     100.00   27.33240  -94.99788    0.00002    0.00000          5  0.000e+00
      64826   2701.042    719.094    725.138     6.8786     6.8792   3.542203   3.542130     1.6435     1.3443     100.00   27.33240  -94.99788    0.00003   -0.00001          5  0.000e+00
      64827   2701.083    719.109    725.153     6.8786     6.8789   3.542235   3.542117     1.6435     1.3443     100.00   27.33240  -94.99788    0.00007   -0.00002          5  0.000e+00
      64828   2701.125    719.147    725.192     6.8786     6.8788   3.542242   3.542110     1.6435     1.3443     100.00   27.33240  -94.99788    0.00010   -0.00003          5  0.000e+00
      64829   2701.167    719.147    725.192     6.8789     6.8789   3.542268   3.542130     1.6435     1.3443     100.00   27.33240  -94.99788    0.00012   -0.00004          5  0.000e+00
      64830   2701.208    719.147    725.192     6.8786     6.8791   3.542255   3.542117     1.6422     1.3443     100.00   27.33240  -94.99788    0.00011   -0.00006          5  0.000e+00
      64831   2701.250    719.162    725.207     6.8789     6.8788   3.542268   3.542110     1.6422     1.3443     100.00   27.33240  -94.99788    0.00009   -0.00007          5  0.000e+00
      64832   2701.292    719.147    725.192     6.8787     6.8789   3.542248   3.542130     1.6422     1.3443     100.00   27.33240  -94.99788    0.00009   -0.00008          5  0.000e+00
      64833   2701.333    719.262    725.308     6.8787     6.8790   3.542268   3.542137     1.6422     1.3443     100.00   27.33240  -94.99788    0.00009   -0.00009          5  0.000e+00
      64834   2701.375    719.163    725.208     6.8789     6.8788   3.542255   3.542137     1.6422     1.3443     100.00   27.33240  -94.99788    0.00009   -0.00010          5  0.000e+00
      64835   2701.417    719.262    725.308     6.8787     6.8789   3.542268   3.542091     1.6422     1.3443     100.00   27.33240  -94.99788    0.00009   -0.00012          5  0.000e+00
      64836   2701.458    719.208    725.254     6.8787     6.8791   3.542255   3.542117     1.6422     1.3443     100.00   27.33240  -94.99788    0.00008   -0.00013          5  0.000e+00
      64837   2701.500    719.262    725.308     6.8787     6.8788   3.542248   3.542091     1.6422     1.3443     100.00   27.33240  -94.99788    0.00008   -0.00014          5  0.000e+00
      64838   2701.542    719.277    725.323     6.8784     6.8788   3.542242   3.542117     1.6422     1.3443     100.00   27.33240  -94.99788    0.00008   -0.00015          5  0.000e+00
      64839   2701.583    719.262    725.308     6.8784     6.8789   3.542223   3.542117     1.6422     1.3443     100.00   27.33240  -94.99788    0.00008   -0.00016          5  0.000e+00
      64840   2701.625    719.315    725.362     6.8783     6.8787   3.542216   3.542110     1.6422     1.3443     100.00   27.33240  -94.99788    0.00009   -0.00016          5  0.000e+00
      64841   2701.667    719.262    725.308     6.8783     6.8789   3.542210   3.542150     1.6435     1.3443     100.00   27.33240  -94.99788    0.00011   -0.00015          5  0.000e+00
      64842   2701.708    719.338    725.385     6.8785     6.8791   3.542236   3.542143     1.6422     1.3455     100.00   27.33240  -94.99788    0.00012   -0.00013          5  0.000e+00
      64843   2701.750    719.315    725.362     6.8787     6.8789   3.542268   3.542091     1.6422     1.3443     100.00   27.33240  -94.99788    0.00014   -0.00012          5  0.000e+00
      64844   2701.792    719.376    725.424     6.8786     6.8788   3.542274   3.542117     1.6422     1.3443     100.00   27.33240  -94.99788    0.00012   -0.00013          5  0.000e+00
      64845   2701.833    719.338    725.385     6.8786     6.8784   3.542229   3.542137     1.6422     1.3443     100.00   27.33240  -94.99788    0.00010   -0.00014          5  0.000e+00
      64846   2701.875    719.376    725.424     6.8786     6.8784   3.542236   3.542137     1.6422     1.3443     100.00   27.33240  -94.99788    0.00010   -0.00015          5  0.000e+00
      64847   2701.917    719.376    725.424     6.8784     6.8784   3.542223   3.542091     1.6422     1.3443     100.00   27.33240  -94.99788    0.00008   -0.00016          5  0.000e+00
      64848   2701.958    719.377    725.424     6.8783     6.8780   3.542236   3.541999     1.6422     1.3443     100.00   27.33240  -94.99788    0.00008   -0.00017          5  0.000e+00
      64849   2702.000    719.392    725.439     6.8781     6.8775   3.542216   3.541999     1.6422     1.3443     100.00   27.33240  -94.99788    0.00008   -0.00019          5  0.000e+00
      64850   2702.042    719.430    725.478     6.8783     6.8773   3.542210   3.542032     1.6422     1.3443     100.00   27.33240  -94.99788    0.00007   -0.00018          5  0.000e+00
      64851   2702.083    719.430    725.478     6.8786     6.8776   3.542216   3.541993     1.6422     1.3443     100.00   27.33240  -94.99788    0.00007   -0.00019          5  0.000e+00
      64852   2702.125    719.430    725.478     6.8784     6.8778   3.542210   3.541999     1.6422     1.3443     100.00   27.33240  -94.99788    0.00007   -0.00020          5  0.000e+00
      64853   2702.167    719.453    725.501     6.8781     6.8780   3.542210   3.542058     1.6422     1.3443     100.00   27.33240  -94.99788    0.00007   -0.00021          5  0.000e+00
      64854   2702.208    719.430    725.478     6.8780     6.8778   3.542216   3.542026     1.6422     1.3443     100.00   27.33240  -94.99788    0.00006   -0.00022          5  0.000e+00
      64855   2702.250    719.491    725.539     6.8781     6.8779   3.542210   3.542032     1.6435     1.3443     100.00   27.33240  -94.99788    0.00008   -0.00023          5  0.000e+00
      64856   2702.292    719.392    725.439     6.8781     6.8778   3.542210   3.542019     1.6422     1.3443     100.00   27.33240  -94.99788    0.00007   -0.00024          5  0.000e+00
      64857   2702.333    719.491    725.539     6.8783     6.8780   3.542190   3.542032     1.6435     1.3443     100.00   27.33240  -94.99788    0.00009   -0.00025          5  0.000e+00
      64858   2702.375    719.491    725.540     6.8779     6.8780   3.542203   3.542045     1.6422     1.3443     100.00   27.33240  -94.99788    0.00007   -0.00026          5  0.000e+00
      64859   2702.417    719.491    725.540     6.8779     6.8782   3.542190   3.542091     1.6422     1.3443     100.00   27.33240  -94.99788    0.00007   -0.00027          5  0.000e+00
      64860   2702.458    719.453    725.501     6.8778     6.8782   3.542203   3.542084     1.6422     1.3443     100.00   27.33240  -94.99788    0.00004   -0.00028          5  0.000e+00
      64861   2702.500    719.491    725.540     6.8778     6.8781   3.542190   3.542078     1.6422     1.3443     100.00   27.33240  -94.99788    0.00004   -0.00030          5  0.000e+00
