Gulf of Mexico/GOMECC-4/1db/rb2103_0771.ros
* Sea-Bird SBE 9 Data File:
* FileName = C:\Users\scs.user.rb\CTD\GOMECC4\data\rb2103_0771.hex
* Software Version Seasave V 7.26.7.107
* Temperature SN = 4799
* Conductivity SN = 3860
* Number of Bytes Per Scan = 41
* Number of Voltage Words = 4
* Number of Scans Averaged by the Deck Unit = 1
* NMEA Latitude = 22 16.39 N
* NMEA Longitude = 097 32.73 W
* NMEA UTC (Time) = Oct 06 2021  01:30:55
* NMEA baud rate = 4800
# nquan = 17
# nvalues = 798                                   
# units = specified
# name 0 = scan: Scan Count
# name 1 = timeS: Time, Elapsed [seconds]
# name 2 = depSM: Depth [salt water, m]
# name 3 = prDM: Pressure, Digiquartz [db]
# name 4 = t090C: Temperature [ITS-90, deg C]
# name 5 = t190C: Temperature, 2 [ITS-90, deg C]
# name 6 = c0S/m: Conductivity [S/m]
# name 7 = c1S/m: Conductivity, 2 [S/m]
# name 8 = sbeox0V: Oxygen raw, SBE 43 [V]
# name 9 = sbeox1V: Oxygen raw, SBE 43, 2 [V]
# name 10 = altM: Altimeter [m]
# name 11 = latitude: Latitude [deg]
# name 12 = longitude: Longitude [deg]
# name 13 = sbox0dV/dT: Oxygen, SBE 43 [dov/dt]
# name 14 = sbox1dV/dT: Oxygen, SBE 43, 2 [dov/dt]
# name 15 = nbf: Bottles Fired
# name 16 = flag:  0.000e+00
# interval = seconds: 0.0416667
# start_time = Oct 06 2021 01:30:55 [NMEA time, header]
# bad_flag = -9.990e-29
*END*
[from data line 681]
      35550   1481.208      3.662      3.685    29.5796    29.5814   5.936804   5.937108     3.1526     2.6630      48.11   22.27334  -97.54668    0.00005   -0.00118          6  0.000e+00
      35551   1481.250      3.710      3.733    29.5798    29.5814   5.936828   5.937116     3.1538     2.6642      48.11   22.27334  -97.54668    0.00004   -0.00115          6  0.000e+00
      35552   1481.292      3.662      3.685    29.5798    29.5816   5.936844   5.937205     3.1526     2.6642      48.11   22.27334  -97.54668    0.00002   -0.00112          6  0.000e+00
      35553   1481.333      3.710      3.733    29.5796    29.5814   5.936844   5.937157     3.1526     2.6630      48.11   22.27334  -97.54668    0.00001   -0.00111          6  0.000e+00
      35554   1481.375      3.703      3.726    29.5798    29.5814   5.936844   5.937132     3.1526     2.6642      48.11   22.27334  -97.54668   -0.00002   -0.00108          6  0.000e+00
      35555   1481.417      3.710      3.733    29.5798    29.5816   5.936804   5.937165     3.1526     2.6654      48.11   22.27334  -97.54668   -0.00004   -0.00104          6  0.000e+00
      35556   1481.458      3.662      3.685    29.5796    29.5814   5.936828   5.937148     3.1526     2.6630      48.11   22.27334  -97.54668   -0.00007   -0.00101          6  0.000e+00
      35557   1481.500      3.710      3.733    29.5798    29.5814   5.936844   5.937165     3.1526     2.6630      48.11   22.27334  -97.54668   -0.00009   -0.00100          6  0.000e+00
      35558   1481.542      3.710      3.733    29.5796    29.5814   5.936876   5.937181     3.1526     2.6654      48.11   22.27334  -97.54668   -0.00012   -0.00094          6  0.000e+00
      35559   1481.583      3.710      3.733    29.5798    29.5814   5.936820   5.937181     3.1526     2.6642      48.11   22.27334  -97.54668   -0.00013   -0.00091          6  0.000e+00
      35560   1481.625      3.757      3.781    29.5798    29.5814   5.936868   5.937108     3.1526     2.6630      48.11   22.27334  -97.54668   -0.00016   -0.00091          6  0.000e+00
      35561   1481.667      3.757      3.781    29.5796    29.5814   5.936820   5.937197     3.1526     2.6642      48.11   22.27334  -97.54668   -0.00019   -0.00086          6  0.000e+00
      35562   1481.708      3.757      3.781    29.5798    29.5814   5.936828   5.937189     3.1526     2.6642      48.11   22.27334  -97.54668   -0.00020   -0.00084          6  0.000e+00
      35563   1481.750      3.757      3.781    29.5796    29.5812   5.936844   5.937140     3.1526     2.6630      48.11   22.27334  -97.54668   -0.00021   -0.00081          6  0.000e+00
      35564   1481.792      3.757      3.781    29.5796    29.5814   5.936844   5.937205     3.1514     2.6654      48.11   22.27334  -97.54668   -0.00023   -0.00073          6  0.000e+00
      35565   1481.833      3.859      3.883    29.5798    29.5812   5.936844   5.937197     3.1526     2.6642      48.11   22.27334  -97.54668   -0.00024   -0.00070          6  0.000e+00
      35566   1481.875      3.811      3.835    29.5798    29.5816   5.936844   5.937213     3.1526     2.6630      48.11   22.27334  -97.54668   -0.00025   -0.00070          6  0.000e+00
      35567   1481.917      3.804      3.828    29.5796    29.5812   5.936876   5.937157     3.1526     2.6642      48.11   22.27334  -97.54668   -0.00026   -0.00063          6  0.000e+00
      35568   1481.958      3.859      3.883    29.5798    29.5812   5.936892   5.937132     3.1526     2.6654      48.11   22.27334  -97.54668   -0.00029   -0.00056          6  0.000e+00
      35569   1482.000      3.859      3.883    29.5798    29.5814   5.936852   5.937205     3.1526     2.6654      48.11   22.27334  -97.54668   -0.00032   -0.00048          6  0.000e+00
      35570   1482.042      3.906      3.931    29.5798    29.5814   5.936844   5.937116     3.1526     2.6618      48.06   22.27334  -97.54668   -0.00031   -0.00048          6  0.000e+00
      35571   1482.083      3.906      3.931    29.5798    29.5814   5.936804   5.937189     3.1526     2.6642      48.01   22.27334  -97.54668   -0.00032   -0.00046          6  0.000e+00
      35572   1482.125      3.960      3.985    29.5798    29.5814   5.936868   5.937189     3.1526     2.6654      48.01   22.27334  -97.54668   -0.00033   -0.00038          6  0.000e+00
      35573   1482.167      3.906      3.931    29.5794    29.5816   5.936820   5.937213     3.1526     2.6654      48.01   22.27334  -97.54668   -0.00034   -0.00030          6  0.000e+00
      35574   1482.208      3.960      3.985    29.5800    29.5814   5.936868   5.937197     3.1526     2.6654      48.01   22.27334  -97.54668   -0.00035   -0.00022          6  0.000e+00
      35575   1482.250      4.007      4.033    29.5798    29.5814   5.936892   5.937181     3.1526     2.6654      48.01   22.27334  -97.54668   -0.00036   -0.00014          6  0.000e+00
      35576   1482.292      4.007      4.033    29.5798    29.5812   5.936852   5.937181     3.1526     2.6654      48.01   22.27334  -97.54668   -0.00037   -0.00010          6  0.000e+00
      35577   1482.333      4.007      4.033    29.5798    29.5814   5.936876   5.937181     3.1526     2.6654      48.01   22.27334  -97.54668   -0.00038   -0.00004          6  0.000e+00
      35578   1482.375      4.055      4.080    29.5798    29.5812   5.936820   5.937181     3.1526     2.6654      48.01   22.27334  -97.54668   -0.00039    0.00004          6  0.000e+00
      35579   1482.417      4.109      4.135    29.5796    29.5812   5.936868   5.937181     3.1526     2.6642      48.01   22.27334  -97.54668   -0.00039    0.00008          6  0.000e+00
      35580   1482.458      4.055      4.080    29.5794    29.5814   5.936852   5.937141     3.1526     2.6654      48.01   22.27334  -97.54668   -0.00038    0.00013          6  0.000e+00
      35581   1482.500      4.109      4.135    29.5796    29.5814   5.936844   5.937133     3.1526     2.6654      48.01   22.27334  -97.54668   -0.00039    0.00019          6  0.000e+00
      35582   1482.542      4.156      4.182    29.5794    29.5814   5.936876   5.937165     3.1526     2.6654      48.01   22.27334  -97.54668   -0.00038    0.00023          6  0.000e+00
      35583   1482.583      4.156      4.182    29.5796    29.5814   5.936780   5.937181     3.1514     2.6654      48.01   22.27334  -97.54668   -0.00039    0.00029          6  0.000e+00
      35584   1482.625      4.204      4.230    29.5787    29.5814   5.936748   5.937181     3.1514     2.6654      48.01   22.27334  -97.54668   -0.00040    0.00033          6  0.000e+00
      35585   1482.667      4.204      4.230    29.5783    29.5814   5.936748   5.937213     3.1514     2.6654      48.01   22.27334  -97.54668   -0.00040    0.00037          6  0.000e+00
      35586   1482.708      4.204      4.230    29.5783    29.5814   5.936748   5.937157     3.1514     2.6654      48.01   22.27334  -97.54668   -0.00041    0.00041          6  0.000e+00
      35587   1482.750      4.258      4.285    29.5782    29.5814   5.936749   5.937205     3.1514     2.6642      48.01   22.27334  -97.54668   -0.00042    0.00043          6  0.000e+00
      35588   1482.792      4.258      4.285    29.5782    29.5814   5.936709   5.937157     3.1526     2.6618      48.01   22.27334  -97.54668   -0.00040    0.00041          6  0.000e+00
      35589   1482.833      4.258      4.285    29.5782    29.5816   5.936701   5.937165     3.1514     2.6654      48.01   22.27334  -97.54668   -0.00041    0.00045          6  0.000e+00
      35590   1482.875      4.305      4.332    29.5781    29.5814   5.936701   5.937181     3.1514     2.6654      48.01   22.27334  -97.54668   -0.00041    0.00049          6  0.000e+00
      35591   1482.917      4.305      4.332    29.5779    29.5814   5.936701   5.937141     3.1514     2.6654      48.01   22.27334  -97.54668   -0.00042    0.00052          6  0.000e+00
      35592   1482.958      4.305      4.332    29.5779    29.5812   5.936701   5.937173     3.1514     2.6654      48.01   22.27334  -97.54668   -0.00042    0.00058          6  0.000e+00
      35593   1483.000      4.305      4.332    29.5779    29.5816   5.936701   5.937213     3.1514     2.6642      48.01   22.27334  -97.54668   -0.00042    0.00063          6  0.000e+00
      35594   1483.042      4.353      4.380    29.5779    29.5816   5.936629   5.937189     3.1502     2.6630      48.01   22.27334  -97.54668   -0.00044    0.00063          6  0.000e+00
      35595   1483.083      4.353      4.380    29.5779    29.5814   5.936677   5.937181     3.1514     2.6654      47.99   22.27334  -97.54668   -0.00044    0.00071          6  0.000e+00
      35596   1483.125      4.407      4.434    29.5779    29.5814   5.936701   5.937149     3.1502     2.6654      47.99   22.27334  -97.54668   -0.00046    0.00080          6  0.000e+00
      35597   1483.167      4.353      4.380    29.5779    29.5814   5.936701   5.937165     3.1502     2.6654      47.99   22.27334  -97.54668   -0.00047    0.00087          6  0.000e+00
      35598   1483.208      4.407      4.434    29.5782    29.5816   5.936661   5.937181     3.1502     2.6654      47.99   22.27334  -97.54668   -0.00049    0.00092          6  0.000e+00
      35599   1483.250      4.407      4.434    29.5782    29.5814   5.936685   5.937141     3.1502     2.6654      47.99   22.27334  -97.54668   -0.00050    0.00099          6  0.000e+00
      35600   1483.292      4.407      4.434    29.5782    29.5814   5.936701   5.937173     3.1502     2.6654      47.99   22.27334  -97.54668   -0.00052    0.00108          6  0.000e+00
      35601   1483.333      4.407      4.434    29.5783    29.5812   5.936773   5.937213     3.1502     2.6654      47.99   22.27334  -97.54668   -0.00054    0.00117          6  0.000e+00
      35602   1483.375      4.454      4.482    29.5783    29.5812   5.936757   5.937157     3.1502     2.6654      47.99   22.27334  -97.54668   -0.00056    0.00125          6  0.000e+00
      35603   1483.417      4.407      4.434    29.5787    29.5814   5.936709   5.937165     3.1502     2.6654      47.99   22.27334  -97.54668   -0.00057    0.00132          6  0.000e+00
      35604   1483.458      4.454      4.482    29.5787    29.5814   5.936804   5.937181     3.1502     2.6679      47.99   22.27334  -97.54668   -0.00058    0.00143          6  0.000e+00
      35605   1483.500      4.407      4.434    29.5787    29.5814   5.936733   5.937181     3.1502     2.6654      47.99   22.27334  -97.54668   -0.00058    0.00150          6  0.000e+00
      35606   1483.542      4.454      4.482    29.5789    29.5812   5.936773   5.937214     3.1490     2.6667      47.99   22.27334  -97.54668   -0.00061    0.00159          6  0.000e+00
      35607   1483.583      4.407      4.434    29.5791    29.5814   5.936796   5.937157     3.1502     2.6679      47.99   22.27334  -97.54668   -0.00061    0.00169          6  0.000e+00
      35608   1483.625      4.454      4.482    29.5791    29.5814   5.936828   5.937165     3.1502     2.6654      48.01   22.27334  -97.54668   -0.00062    0.00176          6  0.000e+00
      35609   1483.667      4.407      4.434    29.5789    29.5814   5.936804   5.937181     3.1490     2.6679      47.99   22.27334  -97.54668   -0.00064    0.00183          6  0.000e+00
      35610   1483.708      4.447      4.475    29.5791    29.5812   5.936796   5.937181     3.1490     2.6654      47.99   22.27334  -97.54668   -0.00066    0.00187          6  0.000e+00
      35611   1483.750      4.407      4.434    29.5792    29.5811   5.936796   5.937181     3.1490     2.6679      47.99   22.27334  -97.54668   -0.00068    0.00193          6  0.000e+00
      35612   1483.792      4.407      4.434    29.5794    29.5810   5.936796   5.937141     3.1490     2.6667      48.01   22.27334  -97.54668   -0.00069    0.00198          6  0.000e+00
      35613   1483.833      4.407      4.434    29.5798    29.5809   5.936828   5.937165     3.1490     2.6667      47.99   22.27334  -97.54668   -0.00071    0.00201          6  0.000e+00
      35614   1483.875      4.407      4.434    29.5796    29.5812   5.936844   5.937181     3.1490     2.6667      47.99   22.27334  -97.54668   -0.00072    0.00204          6  0.000e+00
      35615   1483.917      4.407      4.434    29.5798    29.5812   5.936876   5.937181     3.1490     2.6654      47.99   22.27334  -97.54668   -0.00075    0.00205          6  0.000e+00
      35616   1483.958      4.407      4.434    29.5798    29.5812   5.936852   5.937141     3.1490     2.6642      47.99   22.27334  -97.54668   -0.00076    0.00204          6  0.000e+00
      35617   1484.000      4.352      4.380    29.5800    29.5814   5.936844   5.937165     3.1490     2.6654      47.99   22.27334  -97.54668   -0.00079    0.00203          6  0.000e+00
      35618   1484.042      4.407      4.434    29.5798    29.5814   5.936844   5.937149     3.1490     2.6642      47.99   22.27334  -97.54668   -0.00082    0.00201          6  0.000e+00
      35619   1484.083      4.352      4.380    29.5798    29.5816   5.936844   5.937205     3.1490     2.6654      47.99   22.27334  -97.54668   -0.00084    0.00199          6  0.000e+00
      35620   1484.125      4.305      4.332    29.5798    29.5814   5.936804   5.937189     3.1490     2.6654      47.99   22.27334  -97.54668   -0.00087    0.00196          6  0.000e+00
      35621   1484.167      4.352      4.380    29.5798    29.5814   5.936868   5.937213     3.1490     2.6654      48.01   22.27334  -97.54668   -0.00089    0.00193          6  0.000e+00
      35622   1484.208      4.305      4.332    29.5798    29.5816   5.936852   5.937197     3.1502     2.6654      48.01   22.27334  -97.54668   -0.00089    0.00190          6  0.000e+00
      35623   1484.250      4.352      4.380    29.5798    29.5816   5.936876   5.937141     3.1490     2.6630      47.99   22.27334  -97.54668   -0.00092    0.00181          6  0.000e+00
      35624   1484.292      4.258      4.284    29.5800    29.5814   5.936892   5.937165     3.1502     2.6630      47.99   22.27334  -97.54668   -0.00092    0.00173          6  0.000e+00
      35625   1484.333      4.203      4.230    29.5800    29.5816   5.936852   5.937181     3.1490     2.6642      47.99   22.27334  -97.54668   -0.00094    0.00168          6  0.000e+00
      35626   1484.375      4.352      4.380    29.5800    29.5816   5.936844   5.937213     3.1502     2.6630      47.99   22.27334  -97.54668   -0.00094    0.00159          6  0.000e+00
      35627   1484.417      4.258      4.284    29.5800    29.5817   5.936876   5.937197     3.1502     2.6630      47.99   22.27334  -97.54668   -0.00096    0.00149          6  0.000e+00
      35628   1484.458      4.258      4.284    29.5798    29.5818   5.936892   5.937213     3.1502     2.6630      47.96   22.27334  -97.54668   -0.00098    0.00140          6  0.000e+00
      35629   1484.500      4.203      4.230    29.5798    29.5817   5.936820   5.937230     3.1502     2.6618      47.99   22.27334  -97.54668   -0.00098    0.00128          6  0.000e+00
      35630   1484.542      4.203      4.230    29.5796    29.5818   5.936796   5.937189     3.1502     2.6618      48.01   22.27334  -97.54668   -0.00099    0.00117          6  0.000e+00
      35631   1484.583      4.156      4.182    29.5794    29.5816   5.936828   5.937221     3.1502     2.6618      47.99   22.27334  -97.54668   -0.00101    0.00105          6  0.000e+00
      35632   1484.625      4.156      4.182    29.5792    29.5818   5.936804   5.937189     3.1502     2.6618      47.99   22.27334  -97.54668   -0.00101    0.00093          6  0.000e+00
      35633   1484.667      4.156      4.182    29.5792    29.5816   5.936796   5.937181     3.1502     2.6618      47.99   22.27334  -97.54668   -0.00101    0.00081          6  0.000e+00
