Gulf of Mexico/GOMECC-4/1db/rb2103_1161.ros
* Sea-Bird SBE 9 Data File:
* FileName = C:\Users\scs.user.rb\CTD\GOMECC4\data\rb2103_1161.hex
* Software Version Seasave V 7.26.7.107
* Temperature SN = 4799
* Conductivity SN = 3860
* Number of Bytes Per Scan = 41
* Number of Voltage Words = 4
* Number of Scans Averaged by the Deck Unit = 1
* NMEA Latitude = 21 33.08 N
* NMEA Longitude = 086 44.94 W
* NMEA UTC (Time) = Oct 15 2021  20:41:49
* NMEA baud rate = 4800
# nquan = 17
# nvalues = 266                                   
# units = specified
# name 0 = scan: Scan Count
# name 1 = timeS: Time, Elapsed [seconds]
# name 2 = depSM: Depth [salt water, m]
# name 3 = prDM: Pressure, Digiquartz [db]
# name 4 = t090C: Temperature [ITS-90, deg C]
# name 5 = t190C: Temperature, 2 [ITS-90, deg C]
# name 6 = c0S/m: Conductivity [S/m]
# name 7 = c1S/m: Conductivity, 2 [S/m]
# name 8 = sbeox0V: Oxygen raw, SBE 43 [V]
# name 9 = sbeox1V: Oxygen raw, SBE 43, 2 [V]
# name 10 = altM: Altimeter [m]
# name 11 = latitude: Latitude [deg]
# name 12 = longitude: Longitude [deg]
# name 13 = sbox0dV/dT: Oxygen, SBE 43 [dov/dt]
# name 14 = sbox1dV/dT: Oxygen, SBE 43, 2 [dov/dt]
# name 15 = nbf: Bottles Fired
# name 16 = flag:  0.000e+00
# interval = seconds: 0.0416667
# start_time = Oct 15 2021 20:41:49 [NMEA time, header]
# bad_flag = -9.990e-29
*END*
[from data line 171]
      25062   1044.208      3.552      3.574    28.9007    28.9057   5.903540   5.904567     3.0220     2.5409      20.17   21.55012  -86.74914    0.00170   -0.00229          2  0.000e+00
      25063   1044.250      3.504      3.526    28.9009    28.9082   5.903556   5.904833     3.0220     2.5409      20.17   21.55012  -86.74914    0.00171   -0.00221          2  0.000e+00
      25064   1044.292      3.552      3.574    28.9002    28.9072   5.903500   5.904704     3.0220     2.5409      20.17   21.55012  -86.74914    0.00172   -0.00213          2  0.000e+00
      25065   1044.333      3.504      3.526    28.8996    28.9053   5.903444   5.904543     3.0220     2.5409      20.20   21.55012  -86.74914    0.00173   -0.00205          2  0.000e+00
      25066   1044.375      3.552      3.574    28.8985    28.9058   5.903325   5.904495     3.0220     2.5409      20.17   21.55012  -86.74914    0.00174   -0.00197          2  0.000e+00
      25067   1044.417      3.504      3.526    28.8980    28.9062   5.903238   5.904656     3.0208     2.5409      20.20   21.55012  -86.74914    0.00173   -0.00189          2  0.000e+00
      25068   1044.458      3.552      3.574    28.8973    28.9079   5.903198   5.904745     3.0208     2.5409      20.20   21.55012  -86.74914    0.00170   -0.00182          2  0.000e+00
      25069   1044.500      3.504      3.526    28.8963    28.9086   5.903126   5.904809     3.0208     2.5409      20.17   21.55012  -86.74914    0.00167   -0.00175          2  0.000e+00
      25070   1044.542      3.599      3.622    28.8961    28.9070   5.903174   5.904777     3.0208     2.5409      20.17   21.55012  -86.74914    0.00164   -0.00170          2  0.000e+00
      25071   1044.583      3.504      3.526    28.8959    28.9054   5.903174   5.904664     3.0208     2.5409      20.15   21.55012  -86.74914    0.00161   -0.00165          2  0.000e+00
      25072   1044.625      3.552      3.574    28.8953    28.9037   5.903079   5.904543     3.0195     2.5409      20.15   21.55012  -86.74914    0.00156   -0.00159          2  0.000e+00
      25073   1044.667      3.552      3.574    28.8941    28.9024   5.903087   5.904535     3.0208     2.5409      20.15   21.55012  -86.74914    0.00152   -0.00154          2  0.000e+00
      25074   1044.708      3.504      3.526    28.8943    28.9021   5.903103   5.904559     3.0208     2.5409      20.15   21.55012  -86.74914    0.00149   -0.00150          2  0.000e+00
      25075   1044.750      3.504      3.526    28.8945    28.9051   5.903222   5.904785     3.0208     2.5409      20.15   21.55012  -86.74914    0.00145   -0.00146          2  0.000e+00
      25076   1044.792      3.552      3.574    28.8949    28.9065   5.903286   5.904874     3.0208     2.5409      20.12   21.55012  -86.74914    0.00141   -0.00143          2  0.000e+00
      25077   1044.833      3.504      3.526    28.8950    28.9078   5.903254   5.904898     3.0195     2.5409      20.15   21.55012  -86.74914    0.00135   -0.00139          2  0.000e+00
      25078   1044.875      3.552      3.574    28.8956    28.9103   5.903349   5.904882     3.0195     2.5409      20.15   21.55012  -86.74914    0.00129   -0.00135          2  0.000e+00
      25079   1044.917      3.504      3.526    28.8961    28.9110   5.903421   5.904857     3.0195     2.5409      20.15   21.55012  -86.74914    0.00123   -0.00131          2  0.000e+00
      25080   1044.958      3.504      3.526    28.8965    28.9087   5.903532   5.904745     3.0208     2.5409      20.15   21.55012  -86.74914    0.00119   -0.00127          2  0.000e+00
      25081   1045.000      3.504      3.526    28.8961    28.9059   5.903468   5.904616     3.0208     2.5409      20.15   21.55012  -86.74914    0.00114   -0.00123          2  0.000e+00
      25082   1045.042      3.552      3.574    28.8952    28.9038   5.903397   5.904495     3.0208     2.5409      20.15   21.55012  -86.74914    0.00109   -0.00119          2  0.000e+00
      25083   1045.083      3.450      3.472    28.8945    28.9055   5.903389   5.904922     3.0208     2.5409      20.15   21.55012  -86.74914    0.00103   -0.00115          2  0.000e+00
      25084   1045.125      3.552      3.574    28.8949    28.9129   5.903413   5.905631     3.0208     2.5397      20.15   21.55012  -86.74914    0.00098   -0.00113          2  0.000e+00
      25085   1045.167      3.504      3.526    28.8952    28.9189   5.903468   5.906163     3.0208     2.5397      20.15   21.55012  -86.74914    0.00093   -0.00109          2  0.000e+00
      25086   1045.208      3.504      3.526    28.8956    28.9256   5.903445   5.906655     3.0208     2.5397      20.12   21.55012  -86.74914    0.00087   -0.00106          2  0.000e+00
      25087   1045.250      3.498      3.519    28.8956    28.9309   5.903468   5.906929     3.0208     2.5397      20.12   21.55012  -86.74914    0.00082   -0.00102          2  0.000e+00
      25088   1045.292      3.504      3.526    28.8958    28.9359   5.903468   5.907178     3.0208     2.5397      20.15   21.55012  -86.74914    0.00076   -0.00099          2  0.000e+00
      25089   1045.333      3.552      3.574    28.8958    28.9387   5.903445   5.907404     3.0208     2.5397      20.15   21.55012  -86.74914    0.00071   -0.00095          2  0.000e+00
      25090   1045.375      3.504      3.526    28.8959    28.9398   5.903468   5.907461     3.0208     2.5397      20.15   21.55012  -86.74914    0.00065   -0.00090          2  0.000e+00
      25091   1045.417      3.504      3.526    28.8958    28.9390   5.903413   5.907372     3.0208     2.5385      20.12   21.55012  -86.74914    0.00061   -0.00085          2  0.000e+00
      25092   1045.458      3.504      3.526    28.8952    28.9383   5.903373   5.907251     3.0208     2.5385      20.15   21.55012  -86.74914    0.00056   -0.00080          2  0.000e+00
      25093   1045.500      3.504      3.526    28.8949    28.9359   5.903278   5.907170     3.0208     2.5385      20.15   21.55012  -86.74914    0.00052   -0.00075          2  0.000e+00
      25094   1045.542      3.552      3.574    28.8941    28.9337   5.903174   5.907162     3.0208     2.5385      20.15   21.55012  -86.74914    0.00049   -0.00070          2  0.000e+00
      25095   1045.583      3.504      3.526    28.8936    28.9350   5.903071   5.907388     3.0208     2.5385      20.15   21.55012  -86.74914    0.00046   -0.00064          2  0.000e+00
      25096   1045.625      3.504      3.526    28.8938    28.9385   5.903031   5.907662     3.0208     2.5385      20.12   21.55012  -86.74914    0.00044   -0.00059          2  0.000e+00
      25097   1045.667      3.552      3.574    28.8934    28.9422   5.903039   5.907847     3.0208     2.5385      20.12   21.55012  -86.74914    0.00041   -0.00051          2  0.000e+00
      25098   1045.708      3.552      3.574    28.8930    28.9435   5.903007   5.907920     3.0195     2.5385      20.12   21.55012  -86.74914    0.00038   -0.00043          2  0.000e+00
      25099   1045.750      3.504      3.526    28.8923    28.9437   5.902999   5.907960     3.0208     2.5385      20.15   21.55012  -86.74914    0.00036   -0.00035          2  0.000e+00
      25100   1045.792      3.552      3.574    28.8919    28.9429   5.902952   5.907944     3.0195     2.5385      20.12   21.55012  -86.74914    0.00033   -0.00027          2  0.000e+00
      25101   1045.833      3.552      3.574    28.8921    28.9419   5.902944   5.907783     3.0195     2.5385      20.15   21.55012  -86.74914    0.00029   -0.00019          2  0.000e+00
      25102   1045.875      3.552      3.574    28.8919    28.9404   5.902912   5.907565     3.0208     2.5397      20.12   21.55012  -86.74914    0.00027   -0.00008          2  0.000e+00
      25103   1045.917      3.498      3.519    28.8917    28.9378   5.902864   5.907396     3.0195     2.5397      20.15   21.55012  -86.74914    0.00024    0.00002          2  0.000e+00
      25104   1045.958      3.599      3.622    28.8914    28.9381   5.902801   5.907533     3.0195     2.5397      20.15   21.55012  -86.74914    0.00021    0.00013          2  0.000e+00
      25105   1046.000      3.552      3.574    28.8910    28.9391   5.902729   5.907598     3.0195     2.5409      20.15   21.55012  -86.74914    0.00016    0.00026          2  0.000e+00
      25106   1046.042      3.552      3.574    28.8905    28.9390   5.902713   5.907493     3.0183     2.5409      20.15   21.55012  -86.74914    0.00009    0.00039          2  0.000e+00
      25107   1046.083      3.599      3.622    28.8895    28.9376   5.902586   5.907445     3.0195     2.5409      20.12   21.55012  -86.74914    0.00006    0.00051          2  0.000e+00
      25108   1046.125      3.552      3.574    28.8884    28.9368   5.902491   5.907493     3.0195     2.5421      20.15   21.55012  -86.74914    0.00001    0.00064          2  0.000e+00
      25109   1046.167      3.552      3.574    28.8873    28.9382   5.902284   5.907461     3.0195     2.5421      20.15   21.55012  -86.74914   -0.00002    0.00078          2  0.000e+00
      25110   1046.208      3.599      3.622    28.8862    28.9396   5.902157   5.907525     3.0195     2.5421      20.12   21.55012  -86.74914   -0.00007    0.00091          2  0.000e+00
      25111   1046.250      3.599      3.622    28.8857    28.9395   5.902077   5.907590     3.0195     2.5421      20.15   21.55012  -86.74914   -0.00010    0.00102          2  0.000e+00
      25112   1046.292      3.552      3.574    28.8855    28.9383   5.902149   5.907485     3.0195     2.5421      20.15   21.55012  -86.74914   -0.00013    0.00114          2  0.000e+00
      25113   1046.333      3.599      3.622    28.8870    28.9365   5.902395   5.907195     3.0195     2.5421      20.15   21.55012  -86.74914   -0.00016    0.00124          2  0.000e+00
      25114   1046.375      3.599      3.622    28.8891    28.9355   5.902761   5.906977     3.0195     2.5421      20.15   21.55012  -86.74914   -0.00019    0.00133          2  0.000e+00
      25115   1046.417      3.552      3.574    28.8926    28.9341   5.903492   5.906735     3.0195     2.5433      20.15   21.55012  -86.74914   -0.00023    0.00145          2  0.000e+00
      25116   1046.458      3.653      3.676    28.9015    28.9335   5.904335   5.906679     3.0208     2.5421      20.15   21.55012  -86.74914   -0.00024    0.00153          2  0.000e+00
      25117   1046.500      3.552      3.574    28.9127    28.9332   5.905202   5.906638     3.0208     2.5421      20.15   21.55012  -86.74914   -0.00026    0.00161          2  0.000e+00
      25118   1046.542      3.653      3.676    28.9169    28.9318   5.905742   5.906558     3.0208     2.5433      20.15   21.55012  -86.74914   -0.00027    0.00169          2  0.000e+00
      25119   1046.583      3.599      3.622    28.9202    28.9324   5.906068   5.906646     3.0208     2.5421      20.17   21.55012  -86.74914   -0.00027    0.00173          2  0.000e+00
      25120   1046.625      3.545      3.567    28.9237    28.9335   5.906458   5.906783     3.0208     2.5421      20.15   21.55012  -86.74914   -0.00029    0.00177          2  0.000e+00
      25121   1046.667      3.653      3.676    28.9267    28.9346   5.906895   5.906937     3.0208     2.5421      20.17   21.55012  -86.74914   -0.00030    0.00179          2  0.000e+00
      25122   1046.708      3.653      3.676    28.9318    28.9361   5.907261   5.907074     3.0208     2.5421      20.17   21.55012  -86.74914   -0.00030    0.00181          2  0.000e+00
      25123   1046.750      3.599      3.621    28.9351    28.9383   5.907420   5.907299     3.0208     2.5421      20.17   21.55012  -86.74914   -0.00030    0.00182          2  0.000e+00
      25124   1046.792      3.599      3.621    28.9390    28.9405   5.907547   5.907509     3.0208     2.5421      20.15   21.55012  -86.74914   -0.00030    0.00180          2  0.000e+00
      25125   1046.833      3.599      3.621    28.9403    28.9428   5.907515   5.907654     3.0208     2.5421      20.15   21.55012  -86.74914   -0.00030    0.00178          2  0.000e+00
      25126   1046.875      3.599      3.621    28.9412    28.9433   5.907444   5.907799     3.0208     2.5409      20.17   21.55012  -86.74914   -0.00029    0.00172          2  0.000e+00
      25127   1046.917      3.599      3.621    28.9408    28.9472   5.907332   5.907944     3.0208     2.5409      20.15   21.55012  -86.74914   -0.00029    0.00168          2  0.000e+00
      25128   1046.958      3.599      3.621    28.9401    28.9491   5.907332   5.908049     3.0208     2.5409      20.17   21.55012  -86.74914   -0.00029    0.00162          2  0.000e+00
      25129   1047.000      3.599      3.621    28.9417    28.9479   5.907523   5.908001     3.0208     2.5409      20.17   21.55012  -86.74914   -0.00029    0.00156          2  0.000e+00
      25130   1047.042      3.599      3.621    28.9441    28.9469   5.907690   5.907839     3.0208     2.5409      20.17   21.55012  -86.74914   -0.00029    0.00149          2  0.000e+00
      25131   1047.083      3.599      3.621    28.9453    28.9459   5.907802   5.907751     3.0208     2.5409      20.17   21.55012  -86.74914   -0.00029    0.00142          2  0.000e+00
      25132   1047.125      3.599      3.621    28.9458    28.9454   5.907714   5.907743     3.0208     2.5409      20.17   21.55012  -86.74914   -0.00029    0.00135          2  0.000e+00
      25133   1047.167      3.552      3.574    28.9443    28.9446   5.907611   5.907702     3.0208     2.5409      20.17   21.55012  -86.74914   -0.00028    0.00128          2  0.000e+00
      25134   1047.208      3.552      3.574    28.9438    28.9441   5.907476   5.907767     3.0208     2.5409      20.17   21.55012  -86.74914   -0.00028    0.00121          2  0.000e+00
      25135   1047.250      3.599      3.621    28.9434    28.9442   5.907444   5.907759     3.0208     2.5409      20.17   21.55012  -86.74914   -0.00028    0.00113          2  0.000e+00
      25136   1047.292      3.552      3.574    28.9436    28.9424   5.907444   5.907662     3.0208     2.5409      20.17   21.55012  -86.74914   -0.00028    0.00106          2  0.000e+00
      25137   1047.333      3.450      3.472    28.9433    28.9411   5.907404   5.907501     3.0208     2.5409      20.17   21.55012  -86.74914   -0.00028    0.00098          2  0.000e+00
      25138   1047.375      3.599      3.621    28.9414    28.9394   5.907317   5.907420     3.0208     2.5409      20.17   21.55012  -86.74914   -0.00028    0.00091          2  0.000e+00
      25139   1047.417      3.552      3.574    28.9405    28.9387   5.907150   5.907436     3.0208     2.5409      20.17   21.55012  -86.74914   -0.00028    0.00085          2  0.000e+00
      25140   1047.458      3.552      3.574    28.9377    28.9398   5.906959   5.907420     3.0208     2.5397      20.17   21.55012  -86.74914   -0.00027    0.00076          2  0.000e+00
      25141   1047.500      3.504      3.526    28.9344    28.9393   5.906800   5.907364     3.0208     2.5397      20.15   21.55012  -86.74914   -0.00027    0.00069          2  0.000e+00
      25142   1047.542      3.504      3.526    28.9351    28.9389   5.906696   5.907283     3.0208     2.5397      20.20   21.55012  -86.74914   -0.00027    0.00062          2  0.000e+00
      25143   1047.583      3.504      3.526    28.9333    28.9365   5.906482   5.907195     3.0208     2.5397      20.22   21.55012  -86.74914   -0.00027    0.00055          2  0.000e+00
      25144   1047.625      3.504      3.526    28.9289    28.9341   5.906235   5.907009     3.0208     2.5397      20.22   21.55012  -86.74914   -0.00027    0.00050          2  0.000e+00
      25145   1047.667      3.504      3.526    28.9257    28.9302   5.906005   5.906711     3.0208     2.5397      20.22   21.55012  -86.74914   -0.00027    0.00044          2  0.000e+00
