Gulf of Mexico/GOMECC-4/1db/rb2103_1071.ros
* Sea-Bird SBE 9 Data File:
* FileName = C:\Users\scs.user.rb\CTD\GOMECC4\data\rb2103_1071.hex
* Software Version Seasave V 7.26.7.107
* Temperature SN = 4799
* Conductivity SN = 3860
* Number of Bytes Per Scan = 41
* Number of Voltage Words = 4
* Number of Scans Averaged by the Deck Unit = 1
* NMEA Latitude = 23 05.26 N
* NMEA Longitude = 086 16.38 W
* NMEA UTC (Time) = Oct 14 2021  17:43:34
* NMEA baud rate = 4800
# nquan = 17
# nvalues = 3192                                  
# units = specified
# name 0 = scan: Scan Count
# name 1 = timeS: Time, Elapsed [seconds]
# name 2 = depSM: Depth [salt water, m]
# name 3 = prDM: Pressure, Digiquartz [db]
# name 4 = t090C: Temperature [ITS-90, deg C]
# name 5 = t190C: Temperature, 2 [ITS-90, deg C]
# name 6 = c0S/m: Conductivity [S/m]
# name 7 = c1S/m: Conductivity, 2 [S/m]
# name 8 = sbeox0V: Oxygen raw, SBE 43 [V]
# name 9 = sbeox1V: Oxygen raw, SBE 43, 2 [V]
# name 10 = altM: Altimeter [m]
# name 11 = latitude: Latitude [deg]
# name 12 = longitude: Longitude [deg]
# name 13 = sbox0dV/dT: Oxygen, SBE 43 [dov/dt]
# name 14 = sbox1dV/dT: Oxygen, SBE 43, 2 [dov/dt]
# name 15 = nbf: Bottles Fired
# name 16 = flag:  0.000e+00
# interval = seconds: 0.0416667
# start_time = Oct 14 2021 17:43:34 [NMEA time, header]
# bad_flag = -9.990e-29
*END*
[from data line 1873]
     109654   4568.875     99.835    100.492    27.4626    27.4614   5.769214   5.769345     2.9414     2.4908     100.00   23.08802  -86.27286   -0.00071    0.00224         15  0.000e+00
     109655   4568.917     99.882    100.540    27.4653    27.4621   5.769363   5.769417     2.9414     2.4908     100.00   23.08802  -86.27286   -0.00077    0.00221         15  0.000e+00
     109656   4568.958     99.869    100.527    27.4673    27.4639   5.769584   5.769513     2.9414     2.4908     100.00   23.08802  -86.27286   -0.00083    0.00218         15  0.000e+00
     109657   4569.000     99.835    100.493    27.4697    27.4660   5.769678   5.769632     2.9414     2.4908     100.00   23.08802  -86.27286   -0.00089    0.00215         15  0.000e+00
     109658   4569.042     99.835    100.493    27.4722    27.4669   5.769796   5.769664     2.9414     2.4908     100.00   23.08802  -86.27286   -0.00095    0.00211         15  0.000e+00
     109659   4569.083     99.835    100.493    27.4739    27.4663   5.769938   5.769632     2.9426     2.4908     100.00   23.08802  -86.27286   -0.00099    0.00209         15  0.000e+00
     109660   4569.125     99.835    100.493    27.4744    27.4665   5.769977   5.769648     2.9414     2.4908     100.00   23.08802  -86.27286   -0.00104    0.00207         15  0.000e+00
     109661   4569.167     99.835    100.493    27.4746    27.4667   5.769977   5.769696     2.9414     2.4896     100.00   23.08802  -86.27286   -0.00110    0.00202         15  0.000e+00
     109662   4569.208     99.781    100.438    27.4721    27.4678   5.769835   5.769728     2.9414     2.4896     100.00   23.08802  -86.27286   -0.00116    0.00199         15  0.000e+00
     109663   4569.250     99.822    100.479    27.4704    27.4689   5.769820   5.769784     2.9414     2.4896     100.00   23.08802  -86.27286   -0.00120    0.00196         15  0.000e+00
     109664   4569.292     99.781    100.438    27.4733    27.4689   5.769906   5.769840     2.9414     2.4896     100.00   23.08802  -86.27286   -0.00125    0.00193         15  0.000e+00
     109665   4569.333     99.781    100.438    27.4748    27.4700   5.770001   5.769927     2.9414     2.4896     100.00   23.08802  -86.27286   -0.00129    0.00191         15  0.000e+00
     109666   4569.375     99.781    100.438    27.4742    27.4709   5.769953   5.770023     2.9414     2.4896     100.00   23.08802  -86.27286   -0.00133    0.00189         15  0.000e+00
     109667   4569.417     99.781    100.438    27.4721    27.4742   5.769891   5.770151     2.9414     2.4896     100.00   23.08802  -86.27286   -0.00137    0.00187         15  0.000e+00
     109668   4569.458     99.781    100.439    27.4708    27.4765   5.769843   5.770270     2.9414     2.4896     100.00   23.08802  -86.27286   -0.00142    0.00186         15  0.000e+00
     109669   4569.500     99.734    100.391    27.4711    27.4771   5.769765   5.770350     2.9414     2.4896     100.00   23.08802  -86.27286   -0.00145    0.00185         15  0.000e+00
     109670   4569.542     99.768    100.425    27.4711    27.4777   5.769812   5.770374     2.9414     2.4884     100.00   23.08802  -86.27286   -0.00149    0.00184         15  0.000e+00
     109671   4569.583     99.734    100.391    27.4728    27.4777   5.769938   5.770406     2.9414     2.4884     100.00   23.08802  -86.27286   -0.00152    0.00184         15  0.000e+00
     109672   4569.625     99.782    100.439    27.4759    27.4775   5.770150   5.770382     2.9426     2.4884     100.00   23.08802  -86.27286   -0.00152    0.00183         15  0.000e+00
     109673   4569.667     99.687    100.343    27.4789    27.4775   5.770355   5.770334     2.9426     2.4884     100.00   23.08802  -86.27286   -0.00154    0.00182         15  0.000e+00
     109674   4569.708     99.734    100.391    27.4815    27.4782   5.770504   5.770446     2.9414     2.4884     100.00   23.08802  -86.27286   -0.00155    0.00181         15  0.000e+00
     109675   4569.750     99.734    100.391    27.4799    27.4788   5.770473   5.770470     2.9414     2.4884     100.00   23.08802  -86.27286   -0.00157    0.00179         15  0.000e+00
     109676   4569.792     99.687    100.343    27.4786    27.4792   5.770339   5.770470     2.9414     2.4884     100.00   23.08802  -86.27286   -0.00158    0.00176         15  0.000e+00
     109677   4569.833     99.721    100.378    27.4781    27.4794   5.770268   5.770542     2.9426     2.4884     100.00   23.08802  -86.27286   -0.00157    0.00173         15  0.000e+00
     109678   4569.875     99.734    100.391    27.4775    27.4802   5.770190   5.770566     2.9414     2.4872     100.00   23.08802  -86.27286   -0.00158    0.00168         15  0.000e+00
     109679   4569.917     99.633    100.289    27.4773    27.4812   5.770197   5.770669     2.9426     2.4872     100.00   23.08802  -86.27286   -0.00158    0.00163         15  0.000e+00
     109680   4569.958     99.735    100.391    27.4779    27.4816   5.770213   5.770741     2.9426     2.4872     100.00   23.08802  -86.27286   -0.00157    0.00156         15  0.000e+00
     109681   4570.000     99.687    100.344    27.4782    27.4821   5.770284   5.770733     2.9426     2.4872     100.00   23.08802  -86.27286   -0.00154    0.00149         15  0.000e+00
     109682   4570.042     99.687    100.344    27.4793    27.4828   5.770339   5.770781     2.9426     2.4872     100.00   23.08802  -86.27286   -0.00153    0.00142         15  0.000e+00
     109683   4570.083     99.687    100.344    27.4803    27.4825   5.770457   5.770765     2.9426     2.4872     100.00   23.08802  -86.27286   -0.00150    0.00135         15  0.000e+00
     109684   4570.125     99.633    100.289    27.4862    27.4826   5.770851   5.770757     2.9438     2.4872     100.00   23.08802  -86.27286   -0.00145    0.00128         15  0.000e+00
     109685   4570.167     99.674    100.330    27.4922    27.4832   5.771213   5.770789     2.9426     2.4872     100.00   23.08802  -86.27286   -0.00142    0.00120         15  0.000e+00
     109686   4570.208     99.633    100.289    27.4953    27.4834   5.771441   5.770805     2.9438     2.4872     100.00   23.08802  -86.27286   -0.00136    0.00113         15  0.000e+00
     109687   4570.250     99.687    100.344    27.4966    27.4833   5.771520   5.770853     2.9426     2.4872     100.00   23.08802  -86.27286   -0.00132    0.00104         15  0.000e+00
     109688   4570.292     99.633    100.289    27.4977    27.4834   5.771567   5.770853     2.9438     2.4872     100.00   23.08802  -86.27286   -0.00126    0.00096         15  0.000e+00
     109689   4570.333     99.633    100.289    27.4977    27.4847   5.771544   5.770917     2.9438     2.4872     100.00   23.08802  -86.27286   -0.00119    0.00086         15  0.000e+00
     109690   4570.375     99.688    100.344    27.4926    27.4857   5.771244   5.771012     2.9438     2.4872     100.00   23.08802  -86.27286   -0.00111    0.00076         15  0.000e+00
     109691   4570.417     99.586    100.242    27.4873    27.4861   5.771016   5.771108     2.9438     2.4872     100.00   23.08802  -86.27286   -0.00104    0.00066         15  0.000e+00
     109692   4570.458     99.674    100.330    27.4861    27.4867   5.770859   5.771092     2.9438     2.4872     100.00   23.08802  -86.27286   -0.00097    0.00058         15  0.000e+00
     109693   4570.500     99.633    100.290    27.4848    27.4870   5.770827   5.771156     2.9438     2.4860     100.00   23.08802  -86.27286   -0.00090    0.00046         15  0.000e+00
     109694   4570.542     99.634    100.290    27.4851    27.4865   5.770827   5.771124     2.9438     2.4860     100.00   23.08802  -86.27286   -0.00082    0.00036         15  0.000e+00
     109695   4570.583     99.634    100.290    27.4854    27.4859   5.770827   5.771084     2.9438     2.4860     100.00   23.08802  -86.27286   -0.00074    0.00026         15  0.000e+00
     109696   4570.625     99.586    100.242    27.4850    27.4865   5.770827   5.771116     2.9438     2.4860     100.00   23.08802  -86.27286   -0.00067    0.00015         15  0.000e+00
     109697   4570.667     99.688    100.344    27.4851    27.4867   5.770827   5.771164     2.9438     2.4860     100.00   23.08802  -86.27286   -0.00059    0.00007         15  0.000e+00
     109698   4570.708     99.586    100.242    27.4847    27.4861   5.770898   5.771108     2.9438     2.4860     100.00   23.08802  -86.27286   -0.00051   -0.00004         15  0.000e+00
     109699   4570.750     99.620    100.276    27.4866    27.4854   5.771024   5.771044     2.9438     2.4860     100.00   23.08802  -86.27286   -0.00043   -0.00014         15  0.000e+00
     109700   4570.792     99.634    100.290    27.4915    27.4844   5.771418   5.770996     2.9438     2.4860     100.00   23.08802  -86.27286   -0.00037   -0.00023         15  0.000e+00
     109701   4570.833     99.586    100.242    27.4997    27.4835   5.771921   5.770893     2.9438     2.4847     100.00   23.08802  -86.27286   -0.00030   -0.00036         15  0.000e+00
     109702   4570.875     99.634    100.290    27.5028    27.4832   5.772055   5.770893     2.9438     2.4860     100.00   23.08802  -86.27286   -0.00024   -0.00044         15  0.000e+00
     109703   4570.917     99.634    100.290    27.5014    27.4834   5.771984   5.770861     2.9438     2.4847     100.00   23.08802  -86.27286   -0.00017   -0.00055         15  0.000e+00
     109704   4570.958     99.587    100.242    27.5024    27.4832   5.771961   5.770885     2.9438     2.4860     100.00   23.08802  -86.27286   -0.00010   -0.00062         15  0.000e+00
     109705   4571.000     99.634    100.290    27.4995    27.4832   5.771740   5.770861     2.9438     2.4847     100.00   23.08802  -86.27286   -0.00005   -0.00071         15  0.000e+00
     109706   4571.042     99.621    100.277    27.4953    27.4839   5.771425   5.770917     2.9438     2.4860     100.00   23.08802  -86.27286   -0.00000   -0.00078         15  0.000e+00
     109707   4571.083     99.634    100.290    27.4899    27.4847   5.771166   5.771012     2.9438     2.4847     100.00   23.08802  -86.27286    0.00005   -0.00087         15  0.000e+00
     109708   4571.125     99.587    100.243    27.4883    27.4850   5.771040   5.770980     2.9438     2.4860     100.00   23.08802  -86.27286    0.00010   -0.00094         15  0.000e+00
     109709   4571.167     99.634    100.290    27.4873    27.4848   5.770945   5.770981     2.9438     2.4860     100.00   23.08802  -86.27286    0.00015   -0.00100         15  0.000e+00
     109710   4571.208     99.689    100.345    27.4864    27.4850   5.771024   5.771060     2.9438     2.4860     100.00   23.08802  -86.27286    0.00018   -0.00105         15  0.000e+00
     109711   4571.250     99.587    100.243    27.4867    27.4895   5.771063   5.771372     2.9451     2.4860     100.00   23.08802  -86.27286    0.00025   -0.00108         15  0.000e+00
     109712   4571.292     99.634    100.291    27.4870    27.4949   5.771063   5.771747     2.9438     2.4860     100.00   23.08802  -86.27286    0.00028   -0.00112         15  0.000e+00
     109713   4571.333     99.634    100.291    27.4866    27.4973   5.771024   5.771914     2.9451     2.4860     100.00   23.08802  -86.27286    0.00033   -0.00115         15  0.000e+00
     109714   4571.375     99.675    100.332    27.4867    27.4970   5.770977   5.771866     2.9451     2.4860     100.00   23.08802  -86.27286    0.00037   -0.00119         15  0.000e+00
     109715   4571.417     99.635    100.291    27.4864    27.4970   5.770969   5.771842     2.9451     2.4860     100.00   23.08802  -86.27286    0.00040   -0.00120         15  0.000e+00
     109716   4571.458     99.689    100.345    27.4855    27.4953   5.770937   5.771747     2.9463     2.4872     100.00   23.08802  -86.27286    0.00046   -0.00120         15  0.000e+00
     109717   4571.500     99.635    100.291    27.4858    27.4924   5.770882   5.771595     2.9451     2.4872     100.00   23.08802  -86.27286    0.00051   -0.00119         15  0.000e+00
     109718   4571.542     99.689    100.345    27.4855    27.4909   5.770874   5.771451     2.9451     2.4872     100.00   23.08802  -86.27286    0.00054   -0.00118         15  0.000e+00
     109719   4571.583     99.689    100.345    27.4854    27.4893   5.770906   5.771236     2.9451     2.4872     100.00   23.08802  -86.27286    0.00057   -0.00116         15  0.000e+00
     109720   4571.625     99.635    100.291    27.4853    27.4880   5.770851   5.771108     2.9451     2.4884     100.00   23.08802  -86.27286    0.00060   -0.00112         15  0.000e+00
     109721   4571.667     99.723    100.380    27.4851    27.4869   5.770859   5.771044     2.9451     2.4884     100.00   23.08802  -86.27286    0.00063   -0.00107         15  0.000e+00
     109722   4571.708     99.689    100.346    27.4843    27.4863   5.770804   5.770965     2.9463     2.4884     100.00   23.08802  -86.27286    0.00067   -0.00101         15  0.000e+00
     109723   4571.750     99.689    100.346    27.4842    27.4859   5.770741   5.770917     2.9463     2.4884     100.00   23.08802  -86.27286    0.00072   -0.00097         15  0.000e+00
     109724   4571.792     99.737    100.393    27.4839    27.4852   5.770693   5.770901     2.9451     2.4884     100.00   23.08802  -86.27286    0.00074   -0.00092         15  0.000e+00
     109725   4571.833     99.689    100.346    27.4838    27.4845   5.770686   5.770861     2.9463     2.4884     100.00   23.08802  -86.27286    0.00078   -0.00088         15  0.000e+00
     109726   4571.875     99.737    100.394    27.4835    27.4837   5.770686   5.770781     2.9451     2.4884     100.00   23.08802  -86.27286    0.00081   -0.00083         15  0.000e+00
     109727   4571.917     99.689    100.346    27.4831    27.4830   5.770646   5.770717     2.9463     2.4884     100.00   23.08802  -86.27286    0.00087   -0.00080         15  0.000e+00
     109728   4571.958     99.771    100.428    27.4830    27.4822   5.770599   5.770709     2.9463     2.4884     100.00   23.08802  -86.27286    0.00092   -0.00077         15  0.000e+00
     109729   4572.000     99.737    100.394    27.4828    27.4814   5.770623   5.770637     2.9463     2.4884     100.00   23.08802  -86.27286    0.00098   -0.00074         15  0.000e+00
     109730   4572.042     99.737    100.394    27.4822    27.4808   5.770528   5.770558     2.9463     2.4896     100.00   23.08802  -86.27286    0.00104   -0.00069         15  0.000e+00
     109731   4572.083     99.784    100.442    27.4814    27.4804   5.770497   5.770558     2.9463     2.4896     100.00   23.08802  -86.27286    0.00109   -0.00066         15  0.000e+00
     109732   4572.125     99.784    100.442    27.4809    27.4795   5.770386   5.770526     2.9463     2.4896     100.00   23.08802  -86.27286    0.00115   -0.00063         15  0.000e+00
     109733   4572.167     99.784    100.442    27.4808    27.4788   5.770386   5.770478     2.9475     2.4896     100.00   23.08802  -86.27286    0.00120   -0.00060         15  0.000e+00
     109734   4572.208     99.785    100.442    27.4806    27.4780   5.770363   5.770430     2.9475     2.4896     100.00   23.08802  -86.27286    0.00125   -0.00059         15  0.000e+00
     109735   4572.250     99.771    100.428    27.4797    27.4770   5.770284   5.770350     2.9475     2.4896     100.00   23.08802  -86.27286    0.00130   -0.00056         15  0.000e+00
     109736   4572.292     99.839    100.496    27.4784    27.4764   5.770221   5.770231     2.9475     2.4896     100.00   23.08802  -86.27286    0.00135   -0.00053         15  0.000e+00
     109737   4572.333     99.737    100.394    27.4781    27.4737   5.770213   5.770119     2.9475     2.4884     100.00   23.08802  -86.27286    0.00140   -0.00053         15  0.000e+00
