Gulf of Mexico/GOMECC-4/1db/rb2103_0041.ros
* Sea-Bird SBE 9 Data File:
* FileName = C:\Users\scs.user.rb\CTD\GOMECC4\data\rb2103_004.hex
* Software Version Seasave V 7.26.7.107
* Temperature SN = 4799
* Conductivity SN = 3860
* Number of Bytes Per Scan = 41
* Number of Voltage Words = 4
* Number of Scans Averaged by the Deck Unit = 1
* NMEA Latitude = 26 59.65 N
* NMEA Longitude = 079 51.52 W
* NMEA UTC (Time) = Sep 14 2021  23:37:43
* NMEA baud rate = 4800
# nquan = 17
# nvalues = 2261                                  
# units = specified
# name 0 = scan: Scan Count
# name 1 = timeS: Time, Elapsed [seconds]
# name 2 = depSM: Depth [salt water, m]
# name 3 = prDM: Pressure, Digiquartz [db]
# name 4 = t090C: Temperature [ITS-90, deg C]
# name 5 = t190C: Temperature, 2 [ITS-90, deg C]
# name 6 = c0S/m: Conductivity [S/m]
# name 7 = c1S/m: Conductivity, 2 [S/m]
# name 8 = sbeox0V: Oxygen raw, SBE 43 [V]
# name 9 = sbeox1V: Oxygen raw, SBE 43, 2 [V]
# name 10 = altM: Altimeter [m]
# name 11 = latitude: Latitude [deg]
# name 12 = longitude: Longitude [deg]
# name 13 = sbox0dV/dT: Oxygen, SBE 43 [dov/dt]
# name 14 = sbox1dV/dT: Oxygen, SBE 43, 2 [dov/dt]
# name 15 = nbf: Bottles Fired
# name 16 = flag:  0.000e+00
# interval = seconds: 0.0416667
# start_time = Sep 14 2021 23:37:43 [NMEA time, header]
# bad_flag = -9.990e-29
*END*
[from data line 1277]
      55177   2299.000     74.672     75.180    24.3863    24.3772   5.440948   5.440195     2.9414     2.5128     100.00   27.00928  -79.85802    0.00008   -0.00156         10  0.000e+00
      55178   2299.042     74.619     75.126    24.3868    24.3769   5.440947   5.440281     2.9426     2.5128     100.00   27.00928  -79.85802    0.00011   -0.00157         10  0.000e+00
      55179   2299.083     74.619     75.126    24.3867    24.3776   5.441009   5.440304     2.9426     2.5140     100.00   27.00928  -79.85802    0.00014   -0.00156         10  0.000e+00
      55180   2299.125     74.672     75.180    24.3873    24.3783   5.440994   5.440382     2.9426     2.5140     100.00   27.00928  -79.85802    0.00017   -0.00155         10  0.000e+00
      55181   2299.167     74.619     75.126    24.3877    24.3790   5.441017   5.440475     2.9426     2.5128     100.00   27.00928  -79.85802    0.00020   -0.00154         10  0.000e+00
      55182   2299.208     74.672     75.180    24.3874    24.3798   5.441032   5.440499     2.9426     2.5128     100.00   27.00928  -79.85802    0.00023   -0.00153         10  0.000e+00
      55183   2299.250     74.672     75.180    24.3873    24.3798   5.441063   5.440499     2.9426     2.5128     100.00   27.00928  -79.85802    0.00026   -0.00152         10  0.000e+00
      55184   2299.292     74.619     75.126    24.3872    24.3803   5.441040   5.440530     2.9426     2.5116     100.00   27.00928  -79.85802    0.00029   -0.00153         10  0.000e+00
      55185   2299.333     74.672     75.180    24.3873    24.3812   5.441086   5.440639     2.9426     2.5116     100.00   27.00928  -79.85802    0.00031   -0.00153         10  0.000e+00
      55186   2299.375     74.672     75.180    24.3876    24.3816   5.441116   5.440647     2.9426     2.5116     100.00   27.00928  -79.85802    0.00034   -0.00153         10  0.000e+00
      55187   2299.417     74.619     75.126    24.3875    24.3816   5.441124   5.440639     2.9426     2.5116     100.00   27.00928  -79.85802    0.00037   -0.00153         10  0.000e+00
      55188   2299.458     74.619     75.126    24.3873    24.3819   5.441124   5.440732     2.9426     2.5116     100.00   27.00928  -79.85802    0.00040   -0.00153         10  0.000e+00
      55189   2299.500     74.740     75.248    24.3881    24.3825   5.441147   5.440802     2.9426     2.5104     100.00   27.00928  -79.85802    0.00043   -0.00153         10  0.000e+00
      55190   2299.542     74.672     75.180    24.3884    24.3824   5.441162   5.440709     2.9426     2.5104     100.00   27.00928  -79.85802    0.00044   -0.00154         10  0.000e+00
      55191   2299.583     74.672     75.180    24.3881    24.3809   5.441132   5.440538     2.9426     2.5116     100.00   27.00928  -79.85802    0.00045   -0.00154         10  0.000e+00
      55192   2299.625     74.672     75.180    24.3879    24.3792   5.441124   5.440359     2.9426     2.5116     100.00   27.00928  -79.85802    0.00046   -0.00151         10  0.000e+00
      55193   2299.667     74.672     75.180    24.3861    24.3789   5.441009   5.440320     2.9426     2.5116     100.00   27.00928  -79.85802    0.00047   -0.00150         10  0.000e+00
      55194   2299.708     74.619     75.126    24.3847    24.3787   5.440817   5.440281     2.9426     2.5116     100.00   27.00928  -79.85802    0.00048   -0.00147         10  0.000e+00
      55195   2299.750     74.672     75.180    24.3846    24.3781   5.440786   5.440304     2.9426     2.5116     100.00   27.00928  -79.85802    0.00049   -0.00144         10  0.000e+00
      55196   2299.792     74.672     75.180    24.3845    24.3773   5.440832   5.440180     2.9426     2.5128     100.00   27.00928  -79.85802    0.00050   -0.00139         10  0.000e+00
      55197   2299.833     74.672     75.180    24.3840    24.3751   5.440848   5.440040     2.9426     2.5128     100.00   27.00928  -79.85802    0.00051   -0.00134         10  0.000e+00
      55198   2299.875     74.732     75.241    24.3844    24.3731   5.440878   5.439868     2.9426     2.5128     100.00   27.00928  -79.85802    0.00052   -0.00129         10  0.000e+00
      55199   2299.917     74.619     75.126    24.3867    24.3729   5.440994   5.439853     2.9426     2.5128     100.00   27.00928  -79.85802    0.00052   -0.00124         10  0.000e+00
      55200   2299.958     74.732     75.241    24.3873    24.3743   5.441032   5.440008     2.9426     2.5128     100.00   27.00928  -79.85802    0.00051   -0.00118         10  0.000e+00
      55201   2300.000     74.687     75.195    24.3878    24.3758   5.441086   5.440078     2.9426     2.5128     100.00   27.00928  -79.85802    0.00052   -0.00114         10  0.000e+00
      55202   2300.042     74.672     75.180    24.3875    24.3755   5.441047   5.440063     2.9426     2.5140     100.00   27.00928  -79.85802    0.00053   -0.00107         10  0.000e+00
      55203   2300.083     74.732     75.241    24.3872    24.3757   5.440994   5.440055     2.9426     2.5140     100.00   27.00928  -79.85802    0.00053   -0.00099         10  0.000e+00
      55204   2300.125     74.672     75.180    24.3861    24.3740   5.440948   5.439845     2.9426     2.5140     100.00   27.00928  -79.85802    0.00052   -0.00094         10  0.000e+00
      55205   2300.167     74.672     75.180    24.3855    24.3720   5.440940   5.439682     2.9426     2.5140     100.00   27.00928  -79.85802    0.00051   -0.00086         10  0.000e+00
      55206   2300.208     74.732     75.241    24.3854    24.3708   5.440971   5.439510     2.9426     2.5153     100.00   27.00928  -79.85802    0.00051   -0.00078         10  0.000e+00
      55207   2300.250     74.672     75.180    24.3858    24.3686   5.440917   5.439324     2.9426     2.5153     100.00   27.00928  -79.85802    0.00052   -0.00070         10  0.000e+00
      55208   2300.292     74.672     75.180    24.3862    24.3677   5.440924   5.439246     2.9426     2.5140     100.00   27.00928  -79.85802    0.00052   -0.00064         10  0.000e+00
      55209   2300.333     74.672     75.180    24.3863    24.3686   5.440932   5.439308     2.9426     2.5153     100.00   27.00928  -79.85802    0.00052   -0.00056         10  0.000e+00
      55210   2300.375     74.732     75.241    24.3859    24.3696   5.440932   5.439495     2.9426     2.5153     100.00   27.00928  -79.85802    0.00051   -0.00048         10  0.000e+00
      55211   2300.417     74.672     75.180    24.3862    24.3697   5.440940   5.439456     2.9426     2.5153     100.00   27.00928  -79.85802    0.00049   -0.00040         10  0.000e+00
      55212   2300.458     74.732     75.241    24.3859    24.3686   5.440940   5.439316     2.9426     2.5153     100.00   27.00928  -79.85802    0.00048   -0.00032         10  0.000e+00
      55213   2300.500     74.627     75.134    24.3865    24.3661   5.440940   5.439082     2.9426     2.5140     100.00   27.00928  -79.85802    0.00048   -0.00025         10  0.000e+00
      55214   2300.542     74.785     75.294    24.3862    24.3630   5.440940   5.438779     2.9426     2.5140     100.00   27.00928  -79.85802    0.00046   -0.00019         10  0.000e+00
      55215   2300.583     74.732     75.241    24.3859    24.3614   5.440901   5.438662     2.9426     2.5153     100.00   27.00928  -79.85802    0.00046   -0.00013         10  0.000e+00
      55216   2300.625     74.672     75.180    24.3863    24.3623   5.440894   5.438756     2.9426     2.5153     100.00   27.00928  -79.85802    0.00046   -0.00006         10  0.000e+00
      55217   2300.667     74.733     75.241    24.3865    24.3648   5.440963   5.438958     2.9426     2.5153     100.00   27.00928  -79.85802    0.00046    0.00000         10  0.000e+00
      55218   2300.708     74.733     75.241    24.3875    24.3663   5.440978   5.439153     2.9426     2.5153     100.00   27.00928  -79.85802    0.00044    0.00007         10  0.000e+00
      55219   2300.750     74.733     75.241    24.3877    24.3679   5.441047   5.439293     2.9426     2.5153     100.00   27.00928  -79.85802    0.00042    0.00013         10  0.000e+00
      55220   2300.792     74.733     75.241    24.3879    24.3688   5.441040   5.439363     2.9426     2.5153     100.00   27.00930  -79.85802    0.00042    0.00018         10  0.000e+00
      55221   2300.833     74.733     75.241    24.3874    24.3688   5.441032   5.439378     2.9426     2.5153     100.00   27.00930  -79.85802    0.00040    0.00023         10  0.000e+00
      55222   2300.875     74.672     75.180    24.3870    24.3693   5.441032   5.439440     2.9426     2.5153     100.00   27.00930  -79.85802    0.00038    0.00027         10  0.000e+00
      55223   2300.917     74.672     75.180    24.3873    24.3700   5.441032   5.439534     2.9426     2.5153     100.00   27.00930  -79.85802    0.00035    0.00032         10  0.000e+00
      55224   2300.958     74.786     75.294    24.3876    24.3688   5.441063   5.439347     2.9426     2.5153     100.00   27.00930  -79.85802    0.00033    0.00036         10  0.000e+00
      55225   2301.000     74.733     75.241    24.3879    24.3657   5.441109   5.438974     2.9426     2.5153     100.00   27.00930  -79.85802    0.00031    0.00041         10  0.000e+00
      55226   2301.042     74.627     75.134    24.3879    24.3621   5.441078   5.438639     2.9426     2.5153     100.00   27.00930  -79.85802    0.00028    0.00045         10  0.000e+00
      55227   2301.083     74.786     75.294    24.3878    24.3585   5.441070   5.438297     2.9426     2.5153     100.00   27.00930  -79.85802    0.00026    0.00050         10  0.000e+00
      55228   2301.125     74.672     75.180    24.3877    24.3544   5.441109   5.437970     2.9438     2.5153     100.00   27.00930  -79.85802    0.00025    0.00054         10  0.000e+00
      55229   2301.167     74.786     75.294    24.3881    24.3527   5.441086   5.437822     2.9426     2.5153     100.00   27.00930  -79.85802    0.00022    0.00059         10  0.000e+00
      59023   2459.250     50.569     50.910    28.7503    28.7347   5.857243   5.856361     3.1636     2.6960      63.54   27.01064  -79.85782    0.00058    0.00023         11  0.000e+00
      59024   2459.292     50.622     50.963    28.7500    28.7346   5.857267   5.856345     3.1636     2.6972      63.52   27.01064  -79.85782    0.00054    0.00035         11  0.000e+00
      59025   2459.333     50.516     50.856    28.7498    28.7347   5.857283   5.856369     3.1636     2.6960      63.47   27.01064  -79.85782    0.00050    0.00045         11  0.000e+00
      59026   2459.375     50.622     50.963    28.7505    28.7348   5.857251   5.856313     3.1624     2.6960      63.47   27.01064  -79.85782    0.00045    0.00055         11  0.000e+00
      59027   2459.417     50.629     50.971    28.7501    28.7349   5.857267   5.856361     3.1636     2.6960      63.47   27.01064  -79.85782    0.00041    0.00066         11  0.000e+00
      59028   2459.458     50.622     50.963    28.7490    28.7348   5.857212   5.856385     3.1636     2.6960      63.47   27.01064  -79.85782    0.00037    0.00074         11  0.000e+00
      59029   2459.500     50.682     51.024    28.7478    28.7351   5.857077   5.856385     3.1636     2.6960      63.44   27.01064  -79.85782    0.00033    0.00083         11  0.000e+00
      59030   2459.542     50.516     50.857    28.7459    28.7351   5.857006   5.856417     3.1636     2.6960      63.47   27.01064  -79.85782    0.00029    0.00091         11  0.000e+00
      59031   2459.583     50.622     50.963    28.7433    28.7355   5.856855   5.856433     3.1636     2.6960      63.47   27.01064  -79.85782    0.00024    0.00100         11  0.000e+00
      59032   2459.625     50.629     50.971    28.7420    28.7360   5.856728   5.856433     3.1636     2.6960      63.47   27.01064  -79.85782    0.00022    0.00109         11  0.000e+00
      59033   2459.667     50.622     50.963    28.7417    28.7361   5.856665   5.856433     3.1636     2.6960      63.47   27.01064  -79.85782    0.00020    0.00117         11  0.000e+00
      59034   2459.708     50.569     50.910    28.7414    28.7359   5.856657   5.856465     3.1624     2.6960      63.47   27.01064  -79.85782    0.00014    0.00124         11  0.000e+00
      59035   2459.750     50.629     50.971    28.7420    28.7360   5.856617   5.856441     3.1636     2.6960      63.47   27.01064  -79.85782    0.00011    0.00131         11  0.000e+00
      59036   2459.792     50.569     50.910    28.7424    28.7361   5.856681   5.856433     3.1636     2.6947      63.47   27.01066  -79.85782    0.00009    0.00136         11  0.000e+00
      59037   2459.833     50.629     50.971    28.7431    28.7347   5.856736   5.856289     3.1636     2.6947      63.47   27.01066  -79.85782    0.00007    0.00140         11  0.000e+00
      59038   2459.875     50.569     50.910    28.7435    28.7339   5.856752   5.856240     3.1636     2.6947      63.47   27.01066  -79.85782    0.00004    0.00144         11  0.000e+00
      59039   2459.917     50.622     50.963    28.7433    28.7333   5.856752   5.856272     3.1636     2.6947      63.47   27.01066  -79.85782    0.00002    0.00147         11  0.000e+00
      59040   2459.958     50.576     50.918    28.7439    28.7334   5.856784   5.856289     3.1636     2.6947      63.47   27.01066  -79.85782   -0.00000    0.00150         11  0.000e+00
      59041   2460.000     50.622     50.963    28.7435    28.7344   5.856776   5.856321     3.1636     2.6947      76.92   27.01066  -79.85782   -0.00003    0.00153         11  0.000e+00
      59042   2460.042     50.516     50.857    28.7435    28.7356   5.856823   5.856513     3.1636     2.6935      96.41   27.01066  -79.85782   -0.00005    0.00153         11  0.000e+00
      59043   2460.083     50.622     50.963    28.7439    28.7362   5.856776   5.856465     3.1636     2.6947     100.00   27.01066  -79.85782   -0.00009    0.00154         11  0.000e+00
      59044   2460.125     50.622     50.963    28.7441    28.7348   5.856784   5.856361     3.1636     2.6947     100.00   27.01066  -79.85782   -0.00013    0.00155         11  0.000e+00
      59045   2460.167     50.577     50.918    28.7443    28.7338   5.856800   5.856297     3.1636     2.6947     100.00   27.01066  -79.85782   -0.00018    0.00156         11  0.000e+00
      59046   2460.208     50.569     50.910    28.7437    28.7335   5.856697   5.856289     3.1648     2.6947     100.00   27.01066  -79.85782   -0.00020    0.00157         11  0.000e+00
      59047   2460.250     50.577     50.918    28.7432    28.7351   5.856728   5.856433     3.1636     2.6947     100.00   27.01066  -79.85782   -0.00024    0.00156         11  0.000e+00
      59048   2460.292     50.622     50.963    28.7430    28.7359   5.856712   5.856481     3.1648     2.6947     100.00   27.01066  -79.85782   -0.00027    0.00155         11  0.000e+00
      59049   2460.333     50.569     50.910    28.7422    28.7366   5.856665   5.856513     3.1648     2.6960     100.00   27.01066  -79.85782   -0.00030    0.00158         11  0.000e+00
      59050   2460.375     50.577     50.918    28.7422    28.7361   5.856697   5.856385     3.1648     2.6947     100.00   27.01066  -79.85782   -0.00032    0.00157         11  0.000e+00
      59051   2460.417     50.622     50.963    28.7420    28.7335   5.856633   5.856232     3.1636     2.6960     100.00   27.01066  -79.85782   -0.00035    0.00157         11  0.000e+00
      59052   2460.458     50.577     50.918    28.7421    28.7321   5.856641   5.856056     3.1648     2.6960     100.00   27.01066  -79.85782   -0.00036    0.00157         11  0.000e+00
      59053   2460.500     50.569     50.910    28.7424    28.7306   5.856728   5.855959     3.1648     2.6960     100.00   27.01066  -79.85782   -0.00037    0.00158         11  0.000e+00
