Gulf of Mexico/GOMECC-4/1db/rb2103_0351.ros
* Sea-Bird SBE 9 Data File:
* FileName = C:\Users\scs.user.rb\CTD\GOMECC4\data\rb2103_0351.hex
* Software Version Seasave V 7.26.7.107
* Temperature SN = 4799
* Conductivity SN = 3860
* Number of Bytes Per Scan = 41
* Number of Voltage Words = 4
* Number of Scans Averaged by the Deck Unit = 1
* NMEA Latitude = 28 42.06 N
* NMEA Longitude = 087 45.57 W
* NMEA UTC (Time) = Sep 24 2021  11:26:03
* NMEA baud rate = 4800
# nquan = 17
# nvalues = 3192                                  
# units = specified
# name 0 = scan: Scan Count
# name 1 = timeS: Time, Elapsed [seconds]
# name 2 = depSM: Depth [salt water, m]
# name 3 = prDM: Pressure, Digiquartz [db]
# name 4 = t090C: Temperature [ITS-90, deg C]
# name 5 = t190C: Temperature, 2 [ITS-90, deg C]
# name 6 = c0S/m: Conductivity [S/m]
# name 7 = c1S/m: Conductivity, 2 [S/m]
# name 8 = sbeox0V: Oxygen raw, SBE 43 [V]
# name 9 = sbeox1V: Oxygen raw, SBE 43, 2 [V]
# name 10 = altM: Altimeter [m]
# name 11 = latitude: Latitude [deg]
# name 12 = longitude: Longitude [deg]
# name 13 = sbox0dV/dT: Oxygen, SBE 43 [dov/dt]
# name 14 = sbox1dV/dT: Oxygen, SBE 43, 2 [dov/dt]
# name 15 = nbf: Bottles Fired
# name 16 = flag:  0.000e+00
# interval = seconds: 0.0416667
# start_time = Sep 24 2021 11:26:03 [NMEA time, header]
# bad_flag = -9.990e-29
*END*
[from data line 2809]
     166171   6923.750     14.870     14.971    28.3540    28.3363   5.458005   5.454422     3.0891     2.6239     100.00   28.70208  -87.76096    0.00099   -0.00096         22  0.000e+00
     166172   6923.792     14.870     14.971    28.3540    28.3365   5.457997   5.454523     3.0904     2.6252     100.00   28.70208  -87.76096    0.00106   -0.00090         22  0.000e+00
     166173   6923.833     14.893     14.994    28.3534    28.3368   5.457828   5.454554     3.0891     2.6252     100.00   28.70208  -87.76096    0.00114   -0.00083         22  0.000e+00
     166174   6923.875     14.931     15.032    28.3525    28.3368   5.457759   5.454570     3.0891     2.6252     100.00   28.70208  -87.76096    0.00121   -0.00078         22  0.000e+00
     166175   6923.917     14.893     14.994    28.3518    28.3368   5.457598   5.454554     3.0891     2.6252     100.00   28.70208  -87.76096    0.00129   -0.00073         22  0.000e+00
     166176   6923.958     14.817     14.918    28.3514    28.3367   5.457567   5.454515     3.0904     2.6252     100.00   28.70208  -87.76096    0.00136   -0.00067         22  0.000e+00
     166177   6924.000     14.946     15.047    28.3512    28.3368   5.457728   5.454484     3.0904     2.6252     100.00   28.70208  -87.76096    0.00143   -0.00060         22  0.000e+00
     166178   6924.042     14.817     14.918    28.3514    28.3370   5.457744   5.454570     3.0904     2.6252     100.00   28.70208  -87.76096    0.00150   -0.00053         22  0.000e+00
     166179   6924.083     14.893     14.994    28.3514    28.3375   5.457751   5.454601     3.0891     2.6252     100.00   28.70208  -87.76096    0.00155   -0.00047         22  0.000e+00
     166180   6924.125     14.870     14.971    28.3507    28.3380   5.457598   5.454679     3.0904     2.6252     100.00   28.70208  -87.76096    0.00160   -0.00040         22  0.000e+00
     166181   6924.167     14.840     14.941    28.3499    28.3380   5.457398   5.454726     3.0904     2.6239     100.00   28.70208  -87.76096    0.00167   -0.00035         22  0.000e+00
     166182   6924.208     14.870     14.971    28.3494    28.3381   5.457328   5.454804     3.0904     2.6239     100.00   28.70208  -87.76096    0.00173   -0.00029         22  0.000e+00
     166183   6924.250     14.840     14.941    28.3505    28.3387   5.457513   5.454874     3.0904     2.6239     100.00   28.70208  -87.76096    0.00180   -0.00024         22  0.000e+00
     166184   6924.292     14.870     14.971    28.3505    28.3386   5.457590   5.454905     3.0891     2.6239     100.00   28.70208  -87.76096    0.00184   -0.00019         22  0.000e+00
     166185   6924.333     14.840     14.941    28.3509    28.3392   5.457644   5.454913     3.0891     2.6239     100.00   28.70208  -87.76096    0.00189   -0.00014         22  0.000e+00
     166186   6924.375     14.817     14.918    28.3514    28.3392   5.457713   5.454928     3.0904     2.6239     100.00   28.70208  -87.76096    0.00193   -0.00009         22  0.000e+00
     166187   6924.417     14.840     14.941    28.3516    28.3391   5.457782   5.454952     3.0891     2.6239     100.00   28.70208  -87.76096    0.00195   -0.00004         22  0.000e+00
     166188   6924.458     14.870     14.971    28.3519    28.3390   5.457851   5.454889     3.0891     2.6239     100.00   28.70208  -87.76096    0.00197    0.00001         22  0.000e+00
     166189   6924.500     14.840     14.941    28.3520    28.3392   5.457782   5.454921     3.0904     2.6239     100.00   28.70208  -87.76096    0.00201    0.00005         22  0.000e+00
     166190   6924.542     14.817     14.918    28.3516    28.3392   5.457705   5.454952     3.0891     2.6239     100.00   28.70208  -87.76096    0.00203    0.00010         22  0.000e+00
     166191   6924.583     14.780     14.880    28.3509    28.3392   5.457598   5.454960     3.0879     2.6239     100.00   28.70208  -87.76096    0.00203    0.00015         22  0.000e+00
     166192   6924.625     14.817     14.918    28.3510    28.3394   5.457621   5.455006     3.0879     2.6239     100.00   28.70208  -87.76096    0.00203    0.00020         22  0.000e+00
     166193   6924.667     14.840     14.941    28.3520    28.3392   5.457728   5.454936     3.0891     2.6239     100.00   28.70208  -87.76096    0.00204    0.00025         22  0.000e+00
     166194   6924.708     14.817     14.918    28.3518    28.3396   5.457844   5.455014     3.0891     2.6239     100.00   28.70208  -87.76096    0.00205    0.00028         22  0.000e+00
     166195   6924.750     14.765     14.865    28.3516    28.3396   5.457882   5.454998     3.0879     2.6239     100.00   28.70208  -87.76096    0.00205    0.00033         22  0.000e+00
     166196   6924.792     14.840     14.941    28.3516    28.3394   5.457874   5.454999     3.0879     2.6239     100.00   28.70208  -87.76096    0.00204    0.00038         22  0.000e+00
     166197   6924.833     14.765     14.865    28.3522    28.3396   5.457951   5.455037     3.0879     2.6239     100.00   28.70208  -87.76096    0.00203    0.00042         22  0.000e+00
     166198   6924.875     14.780     14.880    28.3527    28.3398   5.458028   5.455030     3.0879     2.6239     100.00   28.70208  -87.76096    0.00203    0.00047         22  0.000e+00
     166199   6924.917     14.818     14.918    28.3520    28.3398   5.457844   5.455139     3.0879     2.6239     100.00   28.70208  -87.76096    0.00200    0.00052         22  0.000e+00
     166200   6924.958     14.780     14.880    28.3508    28.3400   5.457690   5.455185     3.0879     2.6239     100.00   28.70208  -87.76096    0.00197    0.00057         22  0.000e+00
     166201   6925.000     14.765     14.865    28.3505    28.3405   5.457574   5.455201     3.0891     2.6239     100.00   28.70208  -87.76096    0.00197    0.00062         22  0.000e+00
     166202   6925.042     14.780     14.880    28.3501    28.3405   5.457498   5.455256     3.0879     2.6227     100.00   28.70208  -87.76096    0.00194    0.00065         22  0.000e+00
     166203   6925.083     14.704     14.804    28.3494    28.3412   5.457398   5.455279     3.0879     2.6227     100.00   28.70208  -87.76096    0.00193    0.00066         22  0.000e+00
     166204   6925.125     14.780     14.880    28.3490    28.3422   5.457351   5.455287     3.0891     2.6227     100.00   28.70208  -87.76096    0.00191    0.00067         22  0.000e+00
     166205   6925.167     14.765     14.865    28.3496    28.3415   5.457498   5.455248     3.0891     2.6227     100.00   28.70208  -87.76096    0.00189    0.00069         22  0.000e+00
     166206   6925.208     14.727     14.827    28.3500    28.3409   5.457528   5.455209     3.0891     2.6227     100.00   28.70208  -87.76096    0.00187    0.00070         22  0.000e+00
     166207   6925.250     14.765     14.865    28.3501    28.3411   5.457544   5.455154     3.0879     2.6227     100.00   28.70208  -87.76096    0.00183    0.00071         22  0.000e+00
     166208   6925.292     14.780     14.880    28.3501    28.3412   5.457528   5.455139     3.0879     2.6227     100.00   28.70208  -87.76096    0.00179    0.00073         22  0.000e+00
     166209   6925.333     14.704     14.804    28.3501    28.3415   5.457544   5.455115     3.0879     2.6227     100.00   28.70208  -87.76096    0.00175    0.00074         22  0.000e+00
     166210   6925.375     14.780     14.880    28.3503    28.3404   5.457528   5.455069     3.0891     2.6227     100.00   28.70208  -87.76096    0.00172    0.00075         22  0.000e+00
     166211   6925.417     14.704     14.804    28.3499    28.3394   5.457544   5.454983     3.0891     2.6227     100.00   28.70208  -87.76096    0.00168    0.00077         22  0.000e+00
     166212   6925.458     14.727     14.827    28.3503    28.3392   5.457528   5.454975     3.0891     2.6227     100.00   28.70208  -87.76096    0.00165    0.00078         22  0.000e+00
     166213   6925.500     14.704     14.804    28.3501    28.3385   5.457513   5.454928     3.0879     2.6227     100.00   28.70208  -87.76096    0.00160    0.00079         22  0.000e+00
     166214   6925.542     14.727     14.827    28.3503    28.3381   5.457590   5.454882     3.0879     2.6227     100.00   28.70208  -87.76096    0.00157    0.00082         22  0.000e+00
     166215   6925.583     14.651     14.751    28.3505    28.3378   5.457636   5.454819     3.0891     2.6227     100.00   28.70208  -87.76096    0.00153    0.00084         22  0.000e+00
     166216   6925.625     14.780     14.880    28.3501    28.3374   5.457590   5.454749     3.0879     2.6239     100.00   28.70208  -87.76096    0.00148    0.00087         22  0.000e+00
     166217   6925.667     14.704     14.804    28.3492    28.3372   5.457282   5.454734     3.0891     2.6239     100.00   28.70208  -87.76096    0.00144    0.00090         22  0.000e+00
     166218   6925.708     14.727     14.827    28.3483    28.3370   5.456882   5.454710     3.0891     2.6239     100.00   28.70208  -87.76096    0.00140    0.00093         22  0.000e+00
     166219   6925.750     14.765     14.865    28.3463    28.3372   5.456498   5.454757     3.0879     2.6227     100.00   28.70208  -87.76096    0.00136    0.00094         22  0.000e+00
     166220   6925.792     14.704     14.804    28.3438    28.3368   5.456244   5.454741     3.0879     2.6239     100.00   28.70208  -87.76096    0.00130    0.00096         22  0.000e+00
     166221   6925.833     14.727     14.827    28.3430    28.3368   5.456083   5.454780     3.0891     2.6239     100.00   28.70208  -87.76096    0.00126    0.00097         22  0.000e+00
     166222   6925.875     14.651     14.751    28.3429    28.3368   5.456121   5.454819     3.0891     2.6239     100.00   28.70208  -87.76096    0.00121    0.00098         22  0.000e+00
     166223   6925.917     14.727     14.827    28.3447    28.3374   5.456375   5.454827     3.0879     2.6239     100.00   28.70208  -87.76096    0.00115    0.00099         22  0.000e+00
     166224   6925.958     14.704     14.804    28.3455    28.3380   5.456498   5.454944     3.0891     2.6239     100.00   28.70208  -87.76096    0.00110    0.00100         22  0.000e+00
     166225   6926.000     14.666     14.766    28.3463    28.3383   5.456598   5.454959     3.0891     2.6227     100.00   28.70208  -87.76096    0.00107    0.00099         22  0.000e+00
     166226   6926.042     14.765     14.865    28.3468    28.3385   5.456575   5.455061     3.0891     2.6239     100.00   28.70208  -87.76096    0.00103    0.00100         22  0.000e+00
     166227   6926.083     14.727     14.827    28.3468    28.3389   5.456575   5.455076     3.0891     2.6227     100.00   28.70208  -87.76096    0.00098    0.00099         22  0.000e+00
     166228   6926.125     14.704     14.804    28.3470    28.3389   5.456529   5.455092     3.0891     2.6239     100.00   28.70208  -87.76096    0.00094    0.00100         22  0.000e+00
     166229   6926.167     14.666     14.766    28.3465    28.3391   5.456613   5.455123     3.0891     2.6239     100.00   28.70208  -87.76096    0.00089    0.00100         22  0.000e+00
     166230   6926.208     14.704     14.804    28.3460    28.3390   5.456560   5.455115     3.0891     2.6239     100.00   28.70208  -87.76096    0.00085    0.00101         22  0.000e+00
     166231   6926.250     14.727     14.827    28.3455    28.3394   5.456552   5.455162     3.0891     2.6239     100.00   28.70208  -87.76096    0.00081    0.00100         22  0.000e+00
     166232   6926.292     14.704     14.804    28.3452    28.3394   5.456537   5.455185     3.0891     2.6239     100.00   28.70208  -87.76096    0.00076    0.00098         22  0.000e+00
     166233   6926.333     14.727     14.827    28.3448    28.3400   5.456483   5.455162     3.0891     2.6239     100.00   28.70208  -87.76096    0.00072    0.00099         22  0.000e+00
     166234   6926.375     14.704     14.804    28.3447    28.3398   5.456421   5.455248     3.0904     2.6252     100.00   28.70208  -87.76096    0.00069    0.00101         22  0.000e+00
     166235   6926.417     14.727     14.827    28.3453    28.3400   5.456383   5.455240     3.0904     2.6252     100.00   28.70208  -87.76096    0.00066    0.00101         22  0.000e+00
     166236   6926.458     14.765     14.865    28.3452    28.3398   5.456429   5.455178     3.0891     2.6252     100.00   28.70208  -87.76096    0.00061    0.00101         22  0.000e+00
     166237   6926.500     14.727     14.827    28.3455    28.3396   5.456460   5.455139     3.0891     2.6252     100.00   28.70208  -87.76096    0.00058    0.00100         22  0.000e+00
     166238   6926.542     14.704     14.804    28.3456    28.3394   5.456429   5.455108     3.0891     2.6252     100.00   28.70208  -87.76096    0.00053    0.00100         22  0.000e+00
     166239   6926.583     14.727     14.827    28.3451    28.3390   5.456406   5.455076     3.0891     2.6264     100.00   28.70208  -87.76096    0.00047    0.00101         22  0.000e+00
     166240   6926.625     14.765     14.865    28.3451    28.3389   5.456314   5.455053     3.0891     2.6264     100.00   28.70208  -87.76096    0.00044    0.00102         22  0.000e+00
     166241   6926.667     14.727     14.827    28.3450    28.3387   5.456306   5.454983     3.0891     2.6252     100.00   28.70208  -87.76096    0.00040    0.00102         22  0.000e+00
     166242   6926.708     14.765     14.865    28.3449    28.3387   5.456329   5.454936     3.0879     2.6264     100.00   28.70208  -87.76096    0.00036    0.00101         22  0.000e+00
     166243   6926.750     14.727     14.827    28.3449    28.3385   5.456244   5.454983     3.0891     2.6252     100.00   28.70208  -87.76096    0.00032    0.00098         22  0.000e+00
     166244   6926.792     14.765     14.865    28.3442    28.3394   5.456129   5.455006     3.0879     2.6252     100.00   28.70208  -87.76096    0.00026    0.00096         22  0.000e+00
     166245   6926.833     14.666     14.766    28.3441    28.3404   5.456129   5.455084     3.0879     2.6252     100.00   28.70208  -87.76096    0.00022    0.00095         22  0.000e+00
     166246   6926.875     14.870     14.971    28.3437    28.3404   5.456252   5.455131     3.0879     2.6252      92.31   28.70208  -87.76096    0.00016    0.00093         22  0.000e+00
     166247   6926.917     14.765     14.865    28.3440    28.3400   5.456306   5.455170     3.0891     2.6252      84.20   28.70208  -87.76096    0.00014    0.00092         22  0.000e+00
     166248   6926.958     14.780     14.880    28.3429    28.3398   5.456121   5.455201     3.0879     2.6252      82.34   28.70208  -87.76096    0.00010    0.00090         22  0.000e+00
     166249   6927.000     14.765     14.865    28.3418    28.3404   5.455852   5.455224     3.0867     2.6252      82.76   28.70208  -87.76096    0.00004    0.00088         22  0.000e+00
     166250   6927.042     14.840     14.941    28.3416    28.3420   5.455676   5.455263     3.0867     2.6252      83.13   28.70208  -87.76096   -0.00002    0.00085         22  0.000e+00
     166251   6927.083     14.765     14.865    28.3415    28.3416   5.455714   5.455287     3.0879     2.6252      83.22   28.70208  -87.76096   -0.00007    0.00083         22  0.000e+00
     166252   6927.125     14.780     14.880    28.3416    28.3405   5.455660   5.455318     3.0879     2.6252      83.22   28.70208  -87.76096   -0.00009    0.00081         22  0.000e+00
     166253   6927.167     14.817     14.918    28.3407    28.3412   5.455545   5.455458     3.0867     2.6252      83.17   28.70208  -87.76096   -0.00013    0.00078         22  0.000e+00
     166254   6927.208     14.840     14.941    28.3401    28.3422   5.455476   5.455684     3.0867     2.6252      83.17   28.70208  -87.76096   -0.00018    0.00075         22  0.000e+00
