Gulf of Mexico/GOMECC-4/1db/rb2103_1411.cnv
* Sea-Bird SBE 9 Data File:
* FileName = C:\Users\scs.user.rb\CTD\GOMECC4\data\rb2103_1411.hex
* Software Version Seasave V 7.26.7.107
* Temperature SN = 4799
* Conductivity SN = 3860
* Number of Bytes Per Scan = 41
* Number of Voltage Words = 4
* Number of Scans Averaged by the Deck Unit = 1
* NMEA Latitude = 25 34.46 N
* NMEA Longitude = 084 50.56 W
* NMEA UTC (Time) = Oct 20 2021  15:46:56
* NMEA baud rate = 4800
# nquan = 28
# nvalues = 1973                        
# units = specified
# name 0 = scan: Scan Count
# name 1 = timeS: Time, Elapsed [seconds]
# name 2 = depSM: Depth [salt water, m]
# name 3 = prDM: Pressure, Digiquartz [db]
# name 4 = t090C: Temperature [ITS-90, deg C]
# name 5 = t190C: Temperature, 2 [ITS-90, deg C]
# name 6 = c0S/m: Conductivity [S/m]
# name 7 = c1S/m: Conductivity, 2 [S/m]
# name 8 = sbeox0V: Oxygen raw, SBE 43 [V]
# name 9 = sbeox1V: Oxygen raw, SBE 43, 2 [V]
# name 10 = altM: Altimeter [m]
# name 11 = latitude: Latitude [deg]
# name 12 = longitude: Longitude [deg]
# name 13 = sbox0dV/dT: Oxygen, SBE 43 [dov/dt]
# name 14 = sbox1dV/dT: Oxygen, SBE 43, 2 [dov/dt]
# name 15 = sbeox0ML/L: Oxygen, SBE 43 [ml/l], WS = 5
# name 16 = sbeox1ML/L: Oxygen, SBE 43, 2 [ml/l], WS = 5
# name 17 = potemp090C: Potential Temperature [ITS-90, deg C]
# name 18 = potemp190C: Potential Temperature, 2 [ITS-90, deg C]
# name 19 = sal00: Salinity, Practical [PSU]
# name 20 = sal11: Salinity, Practical, 2 [PSU]
# name 21 = sigma-é00: Density [sigma-theta, kg/m^3]
# name 22 = sigma-é11: Density, 2 [sigma-theta, kg/m^3]
# name 23 = avgsvCM: Average Sound Velocity [Chen-Millero, m/s], minP = 20, minS = 20
# name 24 = sbox0Mm/Kg: Oxygen, SBE 43 [umol/kg], WS = 5
# name 25 = sbox1Mm/Kg: Oxygen, SBE 43, 2 [umol/kg], WS = 5
# name 26 = nbin: number of scans per bin
# name 27 = flag: flag
# span 0 =      12045,     264710       
# span 1 =    501.816,  11029.536       
# span 2 =      1.987,   3327.563       
# span 3 =      2.000,   3376.000       
# span 4 =     4.3111,    28.5287       
# span 5 =     4.3120,    28.5438       
# span 6 =   3.349427,   5.850864       
# span 7 =   3.349362,   5.852043       
# span 8 =     1.6093,     3.1811       
# span 9 =     1.3061,     2.6957       
# span 10 =       2.02,     105.32      
# span 11 =   25.51710,   25.67780      
# span 12 =  -85.18789,  -84.65435      
# span 13 =   -0.03559,    0.01915      
# span 14 =   -0.03438,    0.01703      
# span 15 =     2.5148,     4.7052      
# span 16 =     2.5187,     4.7141      
# span 17 =     4.0814,    28.5206      
# span 18 =     4.0828,    28.5356      
# span 19 =    34.9003,    36.7261      
# span 20 =    34.8985,    36.7276      
# span 21 =    22.8855,    27.7599      
# span 22 =    22.8849,    27.7582      
# span 23 =       0.00,    1542.98      
# span 24 =    109.380,    204.460      
# span 25 =    109.548,    204.848      
# span 26 =         30,         70      
# span 27 = 0.0000e+00, 0.0000e+00      
# interval = decibars: 1                
# start_time = Oct 20 2021 15:46:56 [NMEA time, header]
# bad_flag = -9.990e-29
*END*
[from data line 1502]
     177221   7384.152   1480.016   1495.000     4.3551     4.3564   3.350327   3.350290     1.9436     1.6142     100.00   25.57459  -84.84521    0.00009    0.00001     4.5867     4.5837     4.2313     4.2327    34.9685    34.9666    27.7366    27.7349    1503.69    199.313    199.184         32 0.0000e+00
     177360   7389.941   1475.083   1490.000     4.3564     4.3579   3.350279   3.350239     1.9443     1.6143      95.04   25.57494  -84.84635    0.00016    0.00002     4.5861     4.5807     4.2331     4.2346    34.9690    34.9669    27.7368    27.7350    1503.71    199.287    199.055         32 0.0000e+00
     177420   7392.446   1474.097   1489.000     4.3561     4.3576   3.350090   3.350067     1.9442     1.6142     100.17   25.57406  -84.84344    0.00004 -7.211e-07     4.5851     4.5800     4.2329     4.2344    34.9676    34.9657    27.7357    27.7340    1503.66    199.243    199.024         32 0.0000e+00
     177883   7411.731   1457.325   1472.000     4.3592     4.3604   3.349503   3.349446     1.9448     1.6157     100.00   25.57281  -84.83933    0.00001   -0.00001     4.5772     4.5757     4.2376     4.2388    34.9657    34.9637    27.7337    27.7320    1503.59    198.901    198.836         36 0.0000e+00
     178030   7417.875   1452.393   1467.000     4.3615     4.3628   3.349817   3.349772     1.9458     1.6164     100.01   25.57569  -84.84888    0.00017    0.00023     4.5772     4.5752     4.2403     4.2416    34.9695    34.9676    27.7365    27.7348    1503.76    198.899    198.813         34 0.0000e+00
     178172   7423.811   1447.459   1462.000     4.3637     4.3653   3.349578   3.349560     1.9455     1.6161     100.00   25.57385  -84.84280   -0.00006    0.00001     4.5732     4.5708     4.2429     4.2445    34.9667    34.9649    27.7339    27.7323    1503.65    198.727    198.623         37 0.0000e+00
     178312   7429.613   1442.526   1457.000     4.3673     4.3688   3.349749   3.349716     1.9451     1.6159      99.83   25.57457  -84.84520   -0.00005   -0.00008     4.5679     4.5666     4.2470     4.2485    34.9674    34.9655    27.7340    27.7323    1503.69    198.499    198.440         34 0.0000e+00
     178477   7436.498   1436.606   1451.000     4.3684     4.3696   3.349427   3.349362     1.9447     1.6145     100.00   25.57311  -84.84033    0.00001   -0.00011     4.5630     4.5571     4.2486     4.2498    34.9654    34.9634    27.7322    27.7305    1503.60    198.286    198.030         30 0.0000e+00
     178793   7449.678   1425.752   1440.000     4.3757     4.3765   3.349770   3.349674     1.9445     1.6152      97.85   25.57470  -84.84557    0.00004    0.00002     4.5546     4.5527     4.2568     4.2576    34.9672    34.9652    27.7328    27.7312    1503.70    197.918    197.838         36 0.0000e+00
     179105   7462.675   1414.898   1429.000     4.3827     4.3837   3.349700   3.349622     1.9450     1.6154     100.00   25.57282  -84.83933   -0.00001    0.00002     4.5492     4.5460     4.2648     4.2658    34.9643    34.9623    27.7296    27.7280    1503.59    197.686    197.545         34 0.0000e+00
     179389   7474.512   1405.030   1419.000     4.3923     4.3912   3.350158   3.349910     1.9450     1.6148     100.00   25.57341  -84.84131    0.00000   -0.00010     4.5423     4.5368     4.2753     4.2742    34.9645    34.9627    27.7287    27.7274    1503.62    197.386    197.146         35 0.0000e+00
     179531   7480.406   1400.096   1414.000     4.3961     4.3972   3.350336   3.350271     1.9438     1.6142     100.00   25.57402  -84.84336   -0.00024   -0.00012     4.5340     4.5307     4.2795     4.2806    34.9651    34.9632    27.7287    27.7270    1503.66    197.026    196.880         33 0.0000e+00
     179564   7481.790   1399.109   1413.000     4.3966     4.3977   3.350343   3.350266     1.9433     1.6142      69.97   25.57406  -84.84348   -0.00021   -0.00012     4.5318     4.5298     4.2801     4.2811    34.9651    34.9631    27.7286    27.7269    1503.66    196.931    196.845         31 0.0000e+00
     179672   7486.296   1395.162   1409.000     4.3982     4.3997   3.350297   3.350254     1.9429     1.6129     100.00   25.57400  -84.84329    0.00002   -0.00031     4.5278     4.5223     4.2820     4.2835    34.9649    34.9628    27.7282    27.7264    1503.66    196.757    196.519         34 0.0000e+00
     179758   7489.856   1392.201   1406.000     4.3999     4.4012   3.350366   3.350328     1.9427     1.6130     100.00   25.57442  -84.84469   -0.00009   -0.00002     4.5250     4.5205     4.2840     4.2853    34.9653    34.9635    27.7284    27.7268    1503.68    196.636    196.438         31 0.0000e+00
     179788   7491.124   1391.214   1405.000     4.4002     4.4016   3.350296   3.350250     1.9428     1.6129     100.00   25.57406  -84.84348   -0.00001    0.00001     4.5246     4.5196     4.2844     4.2857    34.9647    34.9628    27.7278    27.7261    1503.66    196.618    196.401         33 0.0000e+00
     179986   7499.374   1384.306   1398.000     4.4030     4.4043   3.350262   3.350215     1.9422     1.6129     100.00   25.57427  -84.84418   -0.00010   -0.00000     4.5181     4.5152     4.2878     4.2891    34.9648    34.9629    27.7276    27.7259    1503.67    196.335    196.209         38 0.0000e+00
     180020   7500.804   1383.319   1397.000     4.4030     4.4046   3.350187   3.350173     1.9422     1.6128     100.00   25.57406  -84.84348   -0.00011   -0.00006     4.5176     4.5140     4.2879     4.2895    34.9644    34.9625    27.7272    27.7256    1503.66    196.311    196.158         30 0.0000e+00
     180122   7505.051   1379.371   1393.000     4.4058     4.4070   3.350295   3.350240     1.9419     1.6127      86.59   25.57430  -84.84430   -0.00015   -0.00002     4.5134     4.5112     4.2910     4.2922    34.9647    34.9628    27.7271    27.7255    1503.67    196.132    196.036         46 0.0000e+00
     180216   7508.968   1376.410   1390.000     4.4067     4.4080   3.350317   3.350269     1.9417     1.6124     100.00   25.57501  -84.84665   -0.00008   -0.00013     4.5108     4.5079     4.2922     4.2935    34.9655    34.9636    27.7277    27.7260    1503.72    196.018    195.893         34 0.0000e+00
     180243   7510.098   1375.423   1389.000     4.4065     4.4079   3.350139   3.350092     1.9416     1.6124     100.00   25.57406  -84.84348   -0.00000   -0.00007     4.5101     4.5074     4.2921     4.2934    34.9641    34.9622    27.7265    27.7248    1503.66    195.985    195.872         30 0.0000e+00
     180321   7513.336   1372.462   1386.000     4.4071     4.4086   3.350225   3.350193     1.9416     1.6127     100.01   25.57535  -84.84775   -0.00004    0.00007     4.5082     4.5065     4.2930     4.2945    34.9660    34.9641    27.7279    27.7263    1503.74    195.906    195.831         33 0.0000e+00
     180492   7520.454   1366.540   1380.000     4.4090     4.4108   3.349957   3.349955     1.9416     1.6129      99.96   25.57378  -84.84257    0.00005    0.00001     4.5046     4.5037     4.2954     4.2972    34.9637    34.9619    27.7259    27.7242    1503.64    195.747    195.707         40 0.0000e+00
     180661   7527.490   1360.618   1374.000     4.4108     4.4123   3.349799   3.349768     1.9419     1.6131     100.00   25.57325  -84.84081    0.00001   -0.00005     4.5020     4.5010     4.2977     4.2992    34.9629    34.9610    27.7250    27.7233    1503.61    195.635    195.590         38 0.0000e+00
     181190   7549.522   1341.863   1355.000     4.4277     4.4299   3.350368   3.350405     1.9409     1.6115      84.68   25.57290  -84.83962   -0.00047   -0.00052     4.4852     4.4814     4.3162     4.3184    34.9612    34.9593    27.7216    27.7198    1503.59    194.904    194.742         31 0.0000e+00
     181500   7562.441   1331.005   1344.000     4.4445     4.4462   3.351531   3.351506     1.9373     1.6084      99.11   25.57446  -84.84482   -0.00015    0.00008     4.4631     4.4605     4.3338     4.3356    34.9627    34.9605    27.7209    27.7190    1503.68    193.945    193.833         34 0.0000e+00
     181921   7580.003   1316.197   1329.000     4.4547     4.4561   3.351619   3.351592     1.9348     1.6063      73.86   25.57323  -84.84076    0.00005   -0.00015     4.4441     4.4423     4.3453     4.3467    34.9603    34.9585    27.7177    27.7161    1503.61    193.121    193.043         36 0.0000e+00
     182064   7585.938   1311.261   1324.000     4.4585     4.4598   3.352087   3.352026     1.9360     1.6069      99.06   25.57617  -84.85050    0.00025    0.00029     4.4448     4.4413     4.3496     4.3508    34.9643    34.9623    27.7205    27.7188    1503.78    193.152    193.000         32 0.0000e+00
     182230   7592.891   1305.337   1318.000     4.4646     4.4657   3.352100   3.352031     1.9356     1.6074     100.00   25.57390  -84.84300    0.00001    0.00021     4.4394     4.4393     4.3561     4.3572    34.9610    34.9590    27.7171    27.7154    1503.65    192.918    192.914         48 0.0000e+00
     182349   7597.829   1301.388   1314.000     4.4689     4.4700   3.352403   3.352344     1.9356     1.6068     100.00   25.57495  -84.84648    0.00001   -0.00016     4.4365     4.4340     4.3607     4.3618    34.9620    34.9602    27.7175    27.7159    1503.71    192.790    192.680         33 0.0000e+00
     182487   7603.584   1296.451   1309.000     4.4702     4.4717   3.352322   3.352294     1.9352     1.6064      72.33   25.57512  -84.84704   -0.00006    0.00002     4.4320     4.4291     4.3625     4.3640    34.9622    34.9603    27.7174    27.7157    1503.72    192.595    192.470         34 0.0000e+00
     182847   7618.589   1283.615   1296.000     4.4828     4.4866   3.352403   3.352576     1.9335     1.6045      99.99   25.57121  -84.83408   -0.00030   -0.00033     4.4172     4.4126     4.3761     4.3799    34.9562    34.9542    27.7110    27.7090    1503.49    191.953    191.753         30 0.0000e+00
     182994   7624.715   1278.678   1291.000     4.5030     4.5047   3.354368   3.354352     1.9329     1.6037     100.00   25.57498  -84.84654   -0.00016   -0.00018     4.4092     4.4044     4.3967     4.3983    34.9605    34.9586    27.7122    27.7106    1503.71    191.608    191.395         35 0.0000e+00
     183128   7630.282   1273.741   1286.000     4.5137     4.5156   3.354894   3.354898     1.9301     1.6008     100.00   25.57340  -84.84132   -0.00031   -0.00027     4.3951     4.3885     4.4077     4.4096    34.9578    34.9558    27.7089    27.7071    1503.62    190.991    190.708         40 0.0000e+00
     183243   7635.064   1269.791   1282.000     4.5183     4.5194   3.355147   3.355089     1.9281     1.5990     100.00   25.57379  -84.84259   -0.00044   -0.00039     4.3847     4.3787     4.4126     4.4137    34.9580    34.9561    27.7085    27.7069    1503.64    190.542    190.280         30 0.0000e+00
     183361   7639.981   1265.841   1278.000     4.5227     4.5235   3.355348   3.355261     1.9268     1.5980     100.00   25.57365  -84.84213   -0.00021   -0.00020     4.3774     4.3720     4.4173     4.4181    34.9576    34.9558    27.7077    27.7062    1503.64    190.224    189.988         46 0.0000e+00
     183492   7645.449   1260.903   1273.000     4.5317     4.5328   3.355781   3.355709     1.9258     1.5972      75.53   25.57238  -84.83792   -0.00022   -0.00019     4.3700     4.3652     4.4267     4.4278    34.9557    34.9536    27.7051    27.7034    1503.56    189.901    189.693         33 0.0000e+00
     183632   7651.273   1255.966   1268.000     4.5343     4.5356   3.355947   3.355894     1.9249     1.5972     100.00   25.57379  -84.84260   -0.00013    0.00004     4.3634     4.3619     4.4298     4.4310    34.9574    34.9555    27.7062    27.7045    1503.64    189.615    189.552         46 0.0000e+00
     183673   7652.997   1254.978   1267.000     4.5340     4.5357   3.355901   3.355886     1.9250     1.5971     100.00   25.57406  -84.84350   -0.00011    0.00000     4.3630     4.3609     4.4296     4.4313    34.9576    34.9557    27.7064    27.7046    1503.66    189.600    189.506         32 0.0000e+00
     183803   7658.401   1250.041   1262.000     4.5349     4.5362   3.355797   3.355751     1.9254     1.5975     100.00   25.57436  -84.84450    0.00006    0.00011     4.3617     4.3596     4.4309     4.4322    34.9580    34.9561    27.7065    27.7049    1503.68    189.540    189.451         30 0.0000e+00
     183831   7659.586   1249.053   1261.000     4.5347     4.5361   3.355697   3.355654     1.9255     1.5977     100.00   25.57406  -84.84352    0.00001    0.00009     4.3614     4.3596     4.4308     4.4322    34.9575    34.9555    27.7061    27.7044    1503.66    189.527    189.451         32 0.0000e+00
     183869   7661.148   1248.066   1260.000     4.5346     4.5360   3.355650   3.355618     1.9256     1.5978     100.00   25.57406  -84.84352    0.00004    0.00012     4.3612     4.3596     4.4308     4.4322    34.9576    34.9557    27.7062    27.7046    1503.66    189.523    189.450         42 0.0000e+00
     183994   7666.361   1244.116   1256.000     4.5365     4.5379   3.355606   3.355562     1.9256     1.5982     100.00   25.57375  -84.84247 3.2196e-07    0.00006     4.3587     4.3588     4.4331     4.4345    34.9570    34.9550    27.7055    27.7038    1503.64    189.411    189.417         31 0.0000e+00
     184327   7680.249   1241.153   1253.000     4.5375     4.5386   3.355658   3.355586     1.9258     1.5990      93.41   25.57452  -84.84507   -0.00002   -0.00000     4.3578     4.3600     4.4343     4.4353    34.9581    34.9562    27.7063    27.7046    1503.69    189.375    189.466         41 0.0000e+00
     184507   7687.762   1240.165   1252.000     4.5381     4.5392   3.355606   3.355546     1.9258     1.5983      99.16   25.57406  -84.84354   -0.00006   -0.00020     4.3570     4.3566     4.4350     4.4360    34.9573    34.9555    27.7056    27.7040    1503.66    189.337    189.319         35 0.0000e+00
     184615   7692.268   1239.178   1251.000     4.5382     4.5394   3.355578   3.355524     1.9259     1.5989      97.60   25.57406  -84.84355   -0.00007    0.00004     4.3570     4.3586     4.4352     4.4364    34.9574    34.9555    27.7056    27.7039    1503.66    189.338    189.409         34 0.0000e+00
     185026   7709.362   1238.190   1250.000     4.5393     4.5404   3.355634   3.355571     1.9255     1.5986      99.92   25.57406  -84.84356   -0.00001    0.00007     4.3547     4.3566     4.4363     4.4374    34.9574    34.9555    27.7055    27.7038    1503.66    189.239    189.322         52 0.0000e+00
     186034   7751.370   1237.202   1249.000     4.5421     4.5428   3.355832   3.355729     1.9256     1.5986      99.02   25.57407  -84.84358    0.00006    0.00010     4.3541     4.3556     4.4392     4.4399    34.9573    34.9554    27.7050    27.7035    1503.66    189.214    189.277         52 0.0000e+00
     186334   7763.859   1235.227   1247.000     4.5428     4.5438   3.355712   3.355633     1.9255     1.5990     100.00   25.57329  -84.84096   -0.00001   -0.00002     4.3528     4.3560     4.4401     4.4411    34.9561    34.9541    27.7040    27.7023    1503.61    189.158    189.295         34 0.0000e+00
     186622   7775.892   1227.326   1239.000     4.5543     4.5556   3.356614   3.356564     1.9261     1.5985     100.01   25.57537  -84.84786    0.00004    0.00008     4.3488     4.3480     4.4522     4.4535    34.9586    34.9567    27.7047    27.7030    1503.74    188.983    188.949         51 0.0000e+00
     186660   7777.455   1226.338   1238.000     4.5525     4.5551   3.356263   3.356333     1.9257     1.5984     100.00   25.57408  -84.84358   -0.00021    0.00005     4.3471     4.3471     4.4505     4.4531    34.9568    34.9549    27.7034    27.7016    1503.66    188.907    188.910         36 0.0000e+00
