Gulf of Mexico/GOMECC-4/1db/rb2103_1082.ros
* Sea-Bird SBE 9 Data File:
* FileName = C:\Users\scs.user.rb\CTD\GOMECC4\data\rb2103_1081.hex
* Software Version Seasave V 7.26.7.107
* Temperature SN = 4799
* Conductivity SN = 3860
* Number of Bytes Per Scan = 41
* Number of Voltage Words = 4
* Number of Scans Averaged by the Deck Unit = 1
* NMEA Latitude = 22 55.36 N
* NMEA Longitude = 086 22.48 W
* NMEA UTC (Time) = Oct 14 2021  21:53:13
* NMEA baud rate = 4800
# nquan = 17
# nvalues = 2261                                  
# units = specified
# name 0 = scan: Scan Count
# name 1 = timeS: Time, Elapsed [seconds]
# name 2 = depSM: Depth [salt water, m]
# name 3 = prDM: Pressure, Digiquartz [db]
# name 4 = t090C: Temperature [ITS-90, deg C]
# name 5 = t190C: Temperature, 2 [ITS-90, deg C]
# name 6 = c0S/m: Conductivity [S/m]
# name 7 = c1S/m: Conductivity, 2 [S/m]
# name 8 = sbeox0V: Oxygen raw, SBE 43 [V]
# name 9 = sbeox1V: Oxygen raw, SBE 43, 2 [V]
# name 10 = altM: Altimeter [m]
# name 11 = latitude: Latitude [deg]
# name 12 = longitude: Longitude [deg]
# name 13 = sbox0dV/dT: Oxygen, SBE 43 [dov/dt]
# name 14 = sbox1dV/dT: Oxygen, SBE 43, 2 [dov/dt]
# name 15 = nbf: Bottles Fired
# name 16 = flag:  0.000e+00
# interval = seconds: 0.0416667
# start_time = Oct 14 2021 21:53:13 [NMEA time, header]
# bad_flag = -9.990e-29
*END*
[from data line 1788]
     136559   5689.917     30.116     30.309    29.7974    29.8000   5.999470   5.999885     3.1624     2.6716     100.00   22.93590  -86.38036   -0.00073   -0.00098         14  0.000e+00
     136560   5689.958     30.129     30.322    29.7976    29.8002   5.999494   5.999901     3.1624     2.6716     100.00   22.93590  -86.38036   -0.00075   -0.00097         14  0.000e+00
     136561   5690.000     30.116     30.309    29.7980    29.8000   5.999454   5.999885     3.1612     2.6716     100.00   22.93590  -86.38036   -0.00078   -0.00097         14  0.000e+00
     136562   5690.042     30.129     30.322    29.7976    29.8002   5.999462   5.999901     3.1624     2.6716     100.00   22.93590  -86.38036   -0.00079   -0.00095         14  0.000e+00
     136563   5690.083     30.116     30.309    29.7982    29.8000   5.999518   5.999852     3.1624     2.6716     100.00   22.93590  -86.38036   -0.00080   -0.00092         14  0.000e+00
     136564   5690.125     30.130     30.323    29.7976    29.8002   5.999470   5.999885     3.1624     2.6716     100.00   22.93590  -86.38036   -0.00081   -0.00090         14  0.000e+00
     136565   5690.167     30.116     30.309    29.7978    29.8000   5.999462   5.999885     3.1624     2.6716     100.00   22.93590  -86.38036   -0.00082   -0.00088         14  0.000e+00
     136566   5690.208     30.130     30.323    29.7984    29.8000   5.999486   5.999860     3.1624     2.6716     100.00   22.93590  -86.38036   -0.00081   -0.00086         14  0.000e+00
     136567   5690.250     30.116     30.309    29.7984    29.8002   5.999494   5.999909     3.1624     2.6703     100.00   22.93590  -86.38036   -0.00080   -0.00085         14  0.000e+00
     136568   5690.292     30.130     30.323    29.7982    29.8000   5.999494   5.999909     3.1624     2.6703     100.00   22.93590  -86.38036   -0.00080   -0.00085         14  0.000e+00
     136569   5690.333     30.116     30.309    29.7980    29.8002   5.999470   5.999885     3.1624     2.6703     100.00   22.93590  -86.38036   -0.00079   -0.00084         14  0.000e+00
     136570   5690.375     30.130     30.323    29.7982    29.8002   5.999486   5.999901     3.1624     2.6703     100.00   22.93590  -86.38036   -0.00080   -0.00083         14  0.000e+00
     136571   5690.417     30.069     30.261    29.7982    29.8002   5.999526   5.999925     3.1624     2.6703     100.00   22.93590  -86.38036   -0.00078   -0.00083         14  0.000e+00
     136572   5690.458     30.130     30.323    29.7978    29.8002   5.999486   5.999950     3.1624     2.6703     100.00   22.93590  -86.38036   -0.00077   -0.00080         14  0.000e+00
     136573   5690.500     30.116     30.309    29.7984    29.8004   5.999446   5.999933     3.1624     2.6703     100.00   22.93590  -86.38036   -0.00076   -0.00078         14  0.000e+00
     136574   5690.542     30.130     30.323    29.7976    29.8002   5.999446   5.999909     3.1624     2.6703     100.00   22.93590  -86.38036   -0.00074   -0.00075         14  0.000e+00
     136575   5690.583     30.116     30.309    29.7984    29.8002   5.999518   5.999885     3.1624     2.6703     100.00   22.93590  -86.38036   -0.00073   -0.00072         14  0.000e+00
     136576   5690.625     30.083     30.275    29.7976    29.8000   5.999486   5.999901     3.1624     2.6703     100.00   22.93590  -86.38036   -0.00071   -0.00070         14  0.000e+00
     136577   5690.667     30.116     30.309    29.7982    29.8000   5.999446   5.999885     3.1624     2.6703     100.00   22.93590  -86.38036   -0.00069   -0.00065         14  0.000e+00
     136578   5690.708     30.130     30.323    29.7980    29.8002   5.999518   5.999860     3.1624     2.6703     100.00   22.93590  -86.38036   -0.00068   -0.00060         14  0.000e+00
     136579   5690.750     30.069     30.262    29.7985    29.8000   5.999446   5.999877     3.1624     2.6716     100.00   22.93590  -86.38036   -0.00066   -0.00054         14  0.000e+00
     136580   5690.792     30.083     30.275    29.7980    29.8000   5.999438   5.999860     3.1624     2.6716     100.00   22.93590  -86.38036   -0.00064   -0.00047         14  0.000e+00
     136581   5690.833     30.117     30.309    29.7985    29.8002   5.999406   5.999836     3.1624     2.6716     100.00   22.93590  -86.38036   -0.00062   -0.00041         14  0.000e+00
     136582   5690.875     30.130     30.323    29.7982    29.8000   5.999470   5.999852     3.1612     2.6716     100.00   22.93590  -86.38036   -0.00062   -0.00034         14  0.000e+00
     136583   5690.917     30.069     30.262    29.7974    29.8000   5.999438   5.999877     3.1612     2.6716     100.00   22.93590  -86.38036   -0.00061   -0.00027         14  0.000e+00
     136584   5690.958     30.083     30.275    29.7972    29.8002   5.999366   5.999860     3.1612     2.6716     100.00   22.93590  -86.38036   -0.00061   -0.00022         14  0.000e+00
     136585   5691.000     30.117     30.310    29.7976    29.8000   5.999422   5.999909     3.1612     2.6716     100.00   22.93590  -86.38036   -0.00060   -0.00015         14  0.000e+00
     136586   5691.042     30.083     30.276    29.7982    29.8000   5.999422   5.999860     3.1612     2.6716     100.00   22.93590  -86.38036   -0.00059   -0.00010         14  0.000e+00
     136587   5691.083     30.069     30.262    29.7980    29.8000   5.999398   5.999852     3.1600     2.6716     100.00   22.93590  -86.38036   -0.00060   -0.00005         14  0.000e+00
     136588   5691.125     30.083     30.276    29.7978    29.7999   5.999430   5.999877     3.1612     2.6716     100.00   22.93590  -86.38036   -0.00059    0.00001         14  0.000e+00
     136589   5691.167     30.117     30.310    29.7978    29.8000   5.999446   5.999828     3.1612     2.6716     100.00   22.93590  -86.38036   -0.00058    0.00008         14  0.000e+00
     136590   5691.208     30.029     30.221    29.7982    29.8000   5.999462   5.999828     3.1600     2.6703     100.00   22.93590  -86.38036   -0.00059    0.00013         14  0.000e+00
     136591   5691.250     30.117     30.310    29.7984    29.8000   5.999446   5.999885     3.1600     2.6716     100.00   22.93590  -86.38036   -0.00059    0.00021         14  0.000e+00
     136592   5691.292     30.029     30.221    29.7982    29.8000   5.999478   5.999852     3.1600     2.6703     100.00   22.93590  -86.38036   -0.00058    0.00024         14  0.000e+00
     136593   5691.333     30.117     30.310    29.7982    29.7999   5.999470   5.999852     3.1600     2.6703     100.00   22.93590  -86.38036   -0.00058    0.00030         14  0.000e+00
     136594   5691.375     30.029     30.221    29.7980    29.8000   5.999446   5.999876     3.1600     2.6703     100.00   22.93590  -86.38036   -0.00058    0.00036         14  0.000e+00
     136595   5691.417     30.083     30.276    29.7978    29.7999   5.999446   5.999828     3.1600     2.6703     100.00   22.93590  -86.38036   -0.00058    0.00040         14  0.000e+00
     136596   5691.458     30.070     30.262    29.7980    29.8000   5.999518   5.999860     3.1600     2.6703     100.00   22.93590  -86.38036   -0.00057    0.00044         14  0.000e+00
     136597   5691.500     30.083     30.276    29.7985    29.7999   5.999486   5.999860     3.1600     2.6691     100.00   22.93590  -86.38036   -0.00057    0.00047         14  0.000e+00
     136598   5691.542     30.016     30.208    29.7980    29.8000   5.999486   5.999876     3.1600     2.6691     100.00   22.93590  -86.38036   -0.00058    0.00049         14  0.000e+00
     136599   5691.583     30.029     30.221    29.7984    29.8000   5.999454   5.999901     3.1600     2.6691     100.00   22.93590  -86.38036   -0.00059    0.00050         14  0.000e+00
     136600   5691.625     30.070     30.262    29.7980    29.8000   5.999422   5.999852     3.1600     2.6691     100.00   22.93590  -86.38036   -0.00060    0.00051         14  0.000e+00
     136601   5691.667     30.029     30.221    29.7982    29.8000   5.999510   5.999885     3.1600     2.6691     100.00   22.93590  -86.38036   -0.00061    0.00052         14  0.000e+00
     136602   5691.708     30.070     30.262    29.7984    29.8000   5.999430   5.999885     3.1600     2.6691     100.00   22.93590  -86.38036   -0.00062    0.00054         14  0.000e+00
     136603   5691.750     30.029     30.222    29.7984    29.8000   5.999430   5.999901     3.1612     2.6691     100.00   22.93590  -86.38036   -0.00061    0.00055         14  0.000e+00
     136604   5691.792     30.070     30.262    29.7982    29.8004   5.999422   5.999925     3.1612     2.6691     100.00   22.93590  -86.38036   -0.00059    0.00056         14  0.000e+00
     136605   5691.833     29.982     30.174    29.7976    29.8002   5.999470   5.999876     3.1612     2.6691     100.00   22.93590  -86.38036   -0.00058    0.00057         14  0.000e+00
     136606   5691.875     30.070     30.263    29.7978    29.8004   5.999454   5.999836     3.1612     2.6679     100.00   22.93590  -86.38036   -0.00057    0.00055         14  0.000e+00
     136607   5691.917     30.029     30.222    29.7982    29.8004   5.999462   5.999885     3.1612     2.6679     100.00   22.93590  -86.38036   -0.00056    0.00053         14  0.000e+00
     136608   5691.958     30.016     30.208    29.7976    29.8006   5.999446   5.999885     3.1612     2.6679     100.00   22.93590  -86.38036   -0.00054    0.00051         14  0.000e+00
     136609   5692.000     30.029     30.222    29.7980    29.8004   5.999406   5.999860     3.1624     2.6679     100.00   22.93590  -86.38036   -0.00051    0.00048         14  0.000e+00
     136610   5692.042     30.016     30.208    29.7980    29.8000   5.999398   5.999876     3.1624     2.6679     100.00   22.93590  -86.38036   -0.00049    0.00044         14  0.000e+00
     136611   5692.083     30.029     30.222    29.7985    29.8002   5.999446   5.999901     3.1624     2.6679     100.00   22.93590  -86.38036   -0.00048    0.00039         14  0.000e+00
     136612   5692.125     29.968     30.160    29.7984    29.8002   5.999486   5.999925     3.1624     2.6679     100.00   22.93590  -86.38036   -0.00046    0.00034         14  0.000e+00
     136613   5692.167     30.029     30.222    29.7987    29.8000   5.999454   5.999909     3.1624     2.6679     100.00   22.93590  -86.38036   -0.00045    0.00028         14  0.000e+00
     136614   5692.208     30.016     30.208    29.7985    29.8000   5.999462   5.999885     3.1624     2.6679     100.00   22.93590  -86.38036   -0.00043    0.00023         14  0.000e+00
     136615   5692.250     29.982     30.174    29.7984    29.8000   5.999446   5.999901     3.1624     2.6679     100.00   22.93590  -86.38036   -0.00040    0.00017         14  0.000e+00
     136616   5692.292     30.016     30.208    29.7980    29.8002   5.999406   5.999885     3.1624     2.6679     100.00   22.93590  -86.38036   -0.00037    0.00012         14  0.000e+00
     136617   5692.333     30.029     30.222    29.7976    29.8004   5.999430   5.999933     3.1612     2.6667     100.00   22.93590  -86.38036   -0.00037    0.00005         14  0.000e+00
     136618   5692.375     29.969     30.161    29.7980    29.8006   5.999462   5.999933     3.1624     2.6679     100.00   22.93590  -86.38036   -0.00035   -0.00000         14  0.000e+00
     136619   5692.417     30.030     30.222    29.7974    29.8004   5.999446   5.999909     3.1624     2.6679     100.00   22.93590  -86.38036   -0.00034   -0.00006         14  0.000e+00
     136620   5692.458     29.969     30.161    29.7982    29.8004   5.999406   5.999925     3.1612     2.6679     100.00   22.93590  -86.38036   -0.00034   -0.00013         14  0.000e+00
     136621   5692.500     29.982     30.174    29.7978    29.8002   5.999414   5.999909     3.1612     2.6691     100.00   22.93590  -86.38036   -0.00034   -0.00016         14  0.000e+00
     136622   5692.542     29.969     30.161    29.7987    29.8004   5.999470   5.999925     3.1612     2.6679     100.00   22.93590  -86.38036   -0.00034   -0.00023         14  0.000e+00
     136623   5692.583     29.982     30.174    29.7980    29.8004   5.999454   5.999933     3.1612     2.6691     100.00   22.93590  -86.38036   -0.00034   -0.00027         14  0.000e+00
     136624   5692.625     29.969     30.161    29.7984    29.8004   5.999518   5.999876     3.1612     2.6691     100.00   22.93590  -86.38036   -0.00034   -0.00031         14  0.000e+00
     136625   5692.667     30.030     30.222    29.7985    29.8004   5.999486   5.999909     3.1624     2.6691     100.00   22.93590  -86.38036   -0.00032   -0.00035         14  0.000e+00
     136626   5692.708     29.969     30.161    29.7984    29.8002   5.999486   5.999876     3.1612     2.6691     100.00   22.93590  -86.38036   -0.00034   -0.00038         14  0.000e+00
     136627   5692.750     29.982     30.174    29.7985    29.8004   5.999526   5.999950     3.1612     2.6691     100.00   22.93590  -86.38036   -0.00034   -0.00042         14  0.000e+00
     136628   5692.792     29.969     30.161    29.7982    29.8002   5.999486   5.999925     3.1624     2.6691     100.00   22.93590  -86.38036   -0.00032   -0.00044         14  0.000e+00
     136629   5692.833     29.983     30.175    29.7984    29.8002   5.999446   5.999925     3.1624     2.6703     100.00   22.93590  -86.38036   -0.00030   -0.00045         14  0.000e+00
     136630   5692.875     29.969     30.161    29.7982    29.8004   5.999478   5.999950     3.1612     2.6703     100.00   22.93590  -86.38036   -0.00030   -0.00045         14  0.000e+00
     136631   5692.917     29.983     30.175    29.7984    29.8000   5.999454   5.999933     3.1612     2.6703     100.00   22.93590  -86.38036   -0.00032   -0.00045         14  0.000e+00
     136632   5692.958     29.969     30.161    29.7982    29.8002   5.999462   5.999909     3.1612     2.6703     100.00   22.93590  -86.38036   -0.00033   -0.00046         14  0.000e+00
     139375   5807.250     19.981     20.108    29.8067    29.8080   5.999184   5.999457     3.1624     2.6789     100.00   22.93636  -86.38064   -0.00041    0.00025         15  0.000e+00
     139376   5807.292     19.832     19.958    29.8076    29.8092   5.999152   5.999440     3.1636     2.6789     100.00   22.93636  -86.38064   -0.00044    0.00023         15  0.000e+00
     139377   5807.333     20.075     20.203    29.8072    29.8078   5.999240   5.999392     3.1636     2.6789     100.00   22.93636  -86.38064   -0.00047    0.00021         15  0.000e+00
     139378   5807.375     19.974     20.101    29.8074    29.8082   5.999208   5.999440     3.1636     2.6789     100.00   22.93636  -86.38064   -0.00050    0.00019         15  0.000e+00
     139379   5807.417     19.981     20.108    29.8072    29.8084   5.999192   5.999440     3.1636     2.6777     100.00   22.93636  -86.38064   -0.00054    0.00015         15  0.000e+00
     139380   5807.458     20.075     20.203    29.8069    29.8084   5.999168   5.999416     3.1636     2.6777     100.00   22.93636  -86.38064   -0.00057    0.00011         15  0.000e+00
     139381   5807.500     19.926     20.054    29.8072    29.8083   5.999144   5.999424     3.1636     2.6777     100.00   22.93636  -86.38064   -0.00060    0.00006         15  0.000e+00
     139382   5807.542     20.021     20.149    29.8076    29.8086   5.999176   5.999457     3.1636     2.6777     100.00   22.93636  -86.38064   -0.00062    0.00002         15  0.000e+00
     139383   5807.583     20.028     20.156    29.8072    29.8086   5.999152   5.999400     3.1636     2.6764     100.00   22.93636  -86.38064   -0.00065   -0.00003         15  0.000e+00
     139384   5807.625     19.981     20.108    29.8072    29.8086   5.999192   5.999440     3.1636     2.6764     100.00   22.93636  -86.38064   -0.00070   -0.00009         15  0.000e+00
