Gulf of Mexico/GOMECC-4/1db/rb2103_0791.ros
* Sea-Bird SBE 9 Data File:
* FileName = C:\Users\scs.user.rb\CTD\GOMECC4\data\rb2103_0791.hex
* Software Version Seasave V 7.26.7.107
* Temperature SN = 4799
* Conductivity SN = 3860
* Number of Bytes Per Scan = 41
* Number of Voltage Words = 4
* Number of Scans Averaged by the Deck Unit = 1
* NMEA Latitude = 22 16.43 N
* NMEA Longitude = 097 21.67 W
* NMEA UTC (Time) = Oct 06 2021  04:28:40
* NMEA baud rate = 4800
# nquan = 17
# nvalues = 1862                                  
# units = specified
# name 0 = scan: Scan Count
# name 1 = timeS: Time, Elapsed [seconds]
# name 2 = depSM: Depth [salt water, m]
# name 3 = prDM: Pressure, Digiquartz [db]
# name 4 = t090C: Temperature [ITS-90, deg C]
# name 5 = t190C: Temperature, 2 [ITS-90, deg C]
# name 6 = c0S/m: Conductivity [S/m]
# name 7 = c1S/m: Conductivity, 2 [S/m]
# name 8 = sbeox0V: Oxygen raw, SBE 43 [V]
# name 9 = sbeox1V: Oxygen raw, SBE 43, 2 [V]
# name 10 = altM: Altimeter [m]
# name 11 = latitude: Latitude [deg]
# name 12 = longitude: Longitude [deg]
# name 13 = sbox0dV/dT: Oxygen, SBE 43 [dov/dt]
# name 14 = sbox1dV/dT: Oxygen, SBE 43, 2 [dov/dt]
# name 15 = nbf: Bottles Fired
# name 16 = flag:  0.000e+00
# interval = seconds: 0.0416667
# start_time = Oct 06 2021 04:28:40 [NMEA time, header]
# bad_flag = -9.990e-29
*END*
[from data line 171]
      17107    712.750    238.649    240.289    14.4734    14.4685   4.346649   4.346174     1.7155     1.4042       4.27   22.27406  -97.36176   -0.00006   -0.00014          2  0.000e+00
      17108    712.792    238.629    240.269    14.4735    14.4689   4.346656   4.346188     1.7155     1.4042       4.79   22.27406  -97.36176   -0.00006   -0.00013          2  0.000e+00
      17109    712.833    238.649    240.289    14.4736    14.4690   4.346614   4.346188     1.7155     1.4042       4.76   22.27406  -97.36176   -0.00007   -0.00011          2  0.000e+00
      17110    712.875    238.629    240.269    14.4731    14.4691   4.346565   4.346160     1.7155     1.4042       4.69   22.27406  -97.36176   -0.00007   -0.00010          2  0.000e+00
      17111    712.917    238.676    240.316    14.4738    14.4691   4.346579   4.346153     1.7155     1.4042       4.69   22.27406  -97.36176   -0.00006   -0.00010          2  0.000e+00
      17112    712.958    238.595    240.234    14.4736    14.4691   4.346593   4.346153     1.7155     1.4042       4.69   22.27406  -97.36176   -0.00007   -0.00010          2  0.000e+00
      17113    713.000    238.676    240.316    14.4734    14.4689   4.346565   4.346153     1.7155     1.4042       4.69   22.27406  -97.36176   -0.00007   -0.00010          2  0.000e+00
      17114    713.042    238.595    240.234    14.4736    14.4687   4.346474   4.346139     1.7155     1.4042       4.69   22.27406  -97.36176   -0.00008   -0.00009          2  0.000e+00
      17115    713.083    238.676    240.316    14.4727    14.4687   4.346418   4.346118     1.7155     1.4042       4.69   22.27406  -97.36176   -0.00007   -0.00009          2  0.000e+00
      17116    713.125    238.649    240.289    14.4720    14.4687   4.346376   4.346139     1.7143     1.4042       4.69   22.27406  -97.36176   -0.00009   -0.00007          2  0.000e+00
      17117    713.167    238.629    240.269    14.4712    14.4687   4.346369   4.346153     1.7155     1.4042       4.69   22.27406  -97.36176   -0.00008   -0.00005          2  0.000e+00
      17118    713.208    238.649    240.289    14.4709    14.4687   4.346313   4.346089     1.7155     1.4042       4.69   22.27406  -97.36176   -0.00006   -0.00004          2  0.000e+00
      17119    713.250    238.629    240.269    14.4706    14.4684   4.346215   4.346096     1.7143     1.4042       4.69   22.27406  -97.36176   -0.00008   -0.00004          2  0.000e+00
      17120    713.292    238.629    240.269    14.4697    14.4685   4.346068   4.346082     1.7155     1.4042       4.69   22.27406  -97.36176   -0.00009   -0.00002          2  0.000e+00
      17121    713.333    238.697    240.337    14.4692    14.4684   4.346033   4.346075     1.7155     1.4029       4.69   22.27406  -97.36176   -0.00009   -0.00003          2  0.000e+00
      17122    713.375    238.581    240.221    14.4677    14.4682   4.346061   4.346075     1.7155     1.4042       4.69   22.27406  -97.36176   -0.00009   -0.00003          2  0.000e+00
      17123    713.417    238.649    240.289    14.4674    14.4682   4.346033   4.346047     1.7155     1.4042       4.69   22.27406  -97.36176   -0.00008   -0.00002          2  0.000e+00
      17124    713.458    238.629    240.269    14.4678    14.4684   4.346061   4.346061     1.7155     1.4042       4.69   22.27406  -97.36176   -0.00008   -0.00001          2  0.000e+00
      17125    713.500    238.595    240.234    14.4677    14.4685   4.346040   4.346018     1.7155     1.4042       4.69   22.27406  -97.36176   -0.00009    0.00000          2  0.000e+00
      17126    713.542    238.676    240.316    14.4678    14.4682   4.346089   4.346004     1.7155     1.4042       4.69   22.27406  -97.36176   -0.00007    0.00001          2  0.000e+00
      17127    713.583    238.649    240.289    14.4680    14.4681   4.346110   4.346025     1.7155     1.4042       4.69   22.27406  -97.36176   -0.00007    0.00001          2  0.000e+00
      17128    713.625    238.581    240.221    14.4683    14.4681   4.346131   4.346054     1.7155     1.4042       4.69   22.27406  -97.36176   -0.00008    0.00001          2  0.000e+00
      17129    713.667    238.676    240.316    14.4687    14.4682   4.346082   4.346040     1.7143     1.4042       4.69   22.27406  -97.36176   -0.00010    0.00001          2  0.000e+00
      17130    713.708    238.595    240.234    14.4683    14.4681   4.346040   4.346040     1.7155     1.4042       4.69   22.27406  -97.36176   -0.00010    0.00001          2  0.000e+00
      17131    713.750    238.629    240.269    14.4685    14.4682   4.346033   4.346040     1.7143     1.4042       4.69   22.27406  -97.36176   -0.00012    0.00001          2  0.000e+00
      17132    713.792    238.649    240.289    14.4682    14.4679   4.346005   4.346011     1.7143     1.4042       4.69   22.27406  -97.36176   -0.00014    0.00001          2  0.000e+00
      17133    713.833    238.581    240.221    14.4682    14.4684   4.346082   4.346054     1.7155     1.4042       4.69   22.27406  -97.36176   -0.00014    0.00002          2  0.000e+00
      17134    713.875    238.649    240.289    14.4682    14.4687   4.346075   4.346075     1.7155     1.4042       4.69   22.27406  -97.36176   -0.00014    0.00002          2  0.000e+00
      17135    713.917    238.629    240.269    14.4686    14.4685   4.346124   4.346096     1.7155     1.4042       4.69   22.27406  -97.36176   -0.00014    0.00002          2  0.000e+00
      17136    713.958    238.629    240.269    14.4689    14.4688   4.346145   4.346139     1.7155     1.4042       4.69   22.27406  -97.36176   -0.00015    0.00002          2  0.000e+00
      17137    714.000    238.649    240.289    14.4689    14.4692   4.346145   4.346118     1.7143     1.4042       4.69   22.27406  -97.36176   -0.00016    0.00002          2  0.000e+00
      17138    714.042    238.629    240.269    14.4687    14.4687   4.346117   4.346110     1.7155     1.4042       4.69   22.27406  -97.36176   -0.00015    0.00002          2  0.000e+00
      17139    714.083    238.595    240.234    14.4690    14.4685   4.346194   4.346195     1.7155     1.4042       4.69   22.27406  -97.36176   -0.00015    0.00002          2  0.000e+00
      17140    714.125    238.629    240.269    14.4693    14.4689   4.346159   4.346195     1.7155     1.4042       4.71   22.27406  -97.36176   -0.00015    0.00003          2  0.000e+00
      17141    714.167    238.649    240.289    14.4692    14.4692   4.346117   4.346210     1.7155     1.4042       4.69   22.27406  -97.36176   -0.00015    0.00003          2  0.000e+00
      17142    714.208    238.629    240.269    14.4692    14.4695   4.346166   4.346210     1.7155     1.4042       4.69   22.27406  -97.36176   -0.00015    0.00003          2  0.000e+00
      17143    714.250    238.595    240.234    14.4695    14.4696   4.346187   4.346252     1.7155     1.4042       4.69   22.27406  -97.36176   -0.00015    0.00003          2  0.000e+00
      17144    714.292    238.629    240.269    14.4695    14.4696   4.346187   4.346231     1.7155     1.4054       4.69   22.27406  -97.36176   -0.00015    0.00005          2  0.000e+00
      17145    714.333    238.629    240.269    14.4692    14.4696   4.346068   4.346195     1.7155     1.4042       4.69   22.27406  -97.36176   -0.00016    0.00005          2  0.000e+00
      17146    714.375    238.649    240.289    14.4677    14.4694   4.345914   4.346245     1.7155     1.4054       4.69   22.27406  -97.36176   -0.00016    0.00007          2  0.000e+00
      17147    714.417    238.629    240.269    14.4669    14.4698   4.345774   4.346266     1.7143     1.4042       4.69   22.27406  -97.36176   -0.00018    0.00007          2  0.000e+00
      17148    714.458    238.595    240.234    14.4660    14.4699   4.345676   4.346266     1.7155     1.4042       4.71   22.27406  -97.36176   -0.00018    0.00007          2  0.000e+00
      17149    714.500    238.629    240.269    14.4648    14.4706   4.345662   4.346316     1.7155     1.4042       4.69   22.27406  -97.36176   -0.00016    0.00007          2  0.000e+00
      17150    714.542    238.595    240.234    14.4645    14.4709   4.345635   4.346337     1.7155     1.4042       4.69   22.27406  -97.36176   -0.00016    0.00007          2  0.000e+00
      17151    714.583    238.629    240.269    14.4644    14.4713   4.345649   4.346358     1.7155     1.4042       4.69   22.27406  -97.36176   -0.00016    0.00007          2  0.000e+00
      17152    714.625    238.649    240.289    14.4653    14.4714   4.345704   4.346401     1.7155     1.4042       4.71   22.27406  -97.36176   -0.00016    0.00007          2  0.000e+00
      17153    714.667    238.629    240.269    14.4655    14.4716   4.345704   4.346465     1.7155     1.4042       4.69   22.27406  -97.36176   -0.00016    0.00007          2  0.000e+00
      17154    714.708    238.581    240.221    14.4660    14.4714   4.345697   4.346429     1.7155     1.4042       4.69   22.27406  -97.36176   -0.00014    0.00006          2  0.000e+00
      17155    714.750    238.649    240.289    14.4655    14.4720   4.345697   4.346465     1.7155     1.4042       4.69   22.27406  -97.36176   -0.00014    0.00004          2  0.000e+00
      17156    714.792    238.629    240.269    14.4658    14.4720   4.345725   4.346472     1.7155     1.4042       4.69   22.27406  -97.36176   -0.00014    0.00004          2  0.000e+00
      17157    714.833    238.649    240.289    14.4653    14.4719   4.345642   4.346429     1.7155     1.4054       4.71   22.27406  -97.36176   -0.00013    0.00006          2  0.000e+00
      17158    714.875    238.581    240.221    14.4653    14.4716   4.345648   4.346415     1.7155     1.4042       4.69   22.27406  -97.36176   -0.00013    0.00006          2  0.000e+00
      17159    714.917    238.649    240.289    14.4646    14.4713   4.345662   4.346380     1.7143     1.4042       4.69   22.27406  -97.36176   -0.00014    0.00006          2  0.000e+00
      17160    714.958    238.629    240.269    14.4631    14.4696   4.345495   4.346203     1.7155     1.4054       4.69   22.27406  -97.36176   -0.00014    0.00005          2  0.000e+00
      17161    715.000    238.649    240.289    14.4628    14.4660   4.345404   4.345891     1.7155     1.4054       4.69   22.27406  -97.36176   -0.00014    0.00007          2  0.000e+00
      17162    715.042    238.629    240.269    14.4633    14.4667   4.345362   4.345699     1.7155     1.4054       4.69   22.27406  -97.36176   -0.00014    0.00009          2  0.000e+00
      17163    715.083    238.629    240.269    14.4634    14.4678   4.345418   4.345352     1.7155     1.4042       4.69   22.27406  -97.36176   -0.00014    0.00008          2  0.000e+00
      17164    715.125    238.649    240.289    14.4637    14.4650   4.345523   4.345111     1.7155     1.4042       4.69   22.27406  -97.36176   -0.00012    0.00008          2  0.000e+00
      17165    715.167    238.629    240.269    14.4639    14.4636   4.345572   4.345203     1.7155     1.4042       4.69   22.27406  -97.36176   -0.00010    0.00008          2  0.000e+00
      17166    715.208    238.649    240.289    14.4645    14.4616   4.345586   4.345423     1.7155     1.4042       4.69   22.27406  -97.36176   -0.00010    0.00008          2  0.000e+00
      17167    715.250    238.629    240.269    14.4643    14.4631   4.345614   4.345480     1.7155     1.4054       4.69   22.27406  -97.36176   -0.00010    0.00010          2  0.000e+00
      17168    715.292    238.649    240.289    14.4643    14.4645   4.345558   4.345529     1.7155     1.4042       4.69   22.27406  -97.36176   -0.00010    0.00009          2  0.000e+00
      17169    715.333    238.629    240.269    14.4637    14.4636   4.345544   4.345607     1.7155     1.4042       4.69   22.27406  -97.36176   -0.00010    0.00009          2  0.000e+00
      17170    715.375    238.649    240.289    14.4655    14.4630   4.345635   4.345629     1.7155     1.4054       4.69   22.27406  -97.36176   -0.00009    0.00011          2  0.000e+00
      17171    715.417    238.629    240.269    14.4665    14.4631   4.345683   4.345543     1.7155     1.4042       4.69   22.27406  -97.36176   -0.00009    0.00010          2  0.000e+00
      17172    715.458    238.676    240.316    14.4658    14.4630   4.345669   4.345473     1.7155     1.4042       4.71   22.27406  -97.36176   -0.00009    0.00010          2  0.000e+00
      17173    715.500    238.697    240.337    14.4649    14.4634   4.345621   4.345473     1.7155     1.4042       4.69   22.27406  -97.36176   -0.00009    0.00010          2  0.000e+00
      17174    715.542    238.629    240.269    14.4629    14.4624   4.345481   4.345338     1.7155     1.4054       4.71   22.27406  -97.36176   -0.00009    0.00011          2  0.000e+00
      17175    715.583    238.697    240.337    14.4649    14.4590   4.345579   4.345175     1.7155     1.4054       4.69   22.27406  -97.36176   -0.00009    0.00013          2  0.000e+00
      17176    715.625    238.676    240.316    14.4663    14.4580   4.345760   4.345055     1.7155     1.4042       4.66   22.27406  -97.36176   -0.00009    0.00013          2  0.000e+00
      17177    715.667    238.649    240.289    14.4674    14.4582   4.345809   4.344998     1.7155     1.4054       4.66   22.27406  -97.36176   -0.00007    0.00014          2  0.000e+00
      17178    715.708    238.676    240.316    14.4680    14.4577   4.345641   4.344849     1.7155     1.4054       4.66   22.27406  -97.36176   -0.00005    0.00015          2  0.000e+00
      17179    715.750    238.676    240.316    14.4665    14.4570   4.345236   4.344693     1.7155     1.4042       4.66   22.27406  -97.36176   -0.00003    0.00015          2  0.000e+00
      17180    715.792    238.744    240.385    14.4613    14.4563   4.344851   4.344544     1.7155     1.4042       4.66   22.27406  -97.36178   -0.00003    0.00015          2  0.000e+00
      17181    715.833    238.629    240.269    14.4622    14.4536   4.344816   4.344360     1.7155     1.4054       4.66   22.27406  -97.36178   -0.00002    0.00016          2  0.000e+00
      17182    715.875    238.744    240.385    14.4601    14.4516   4.344558   4.344204     1.7155     1.4042       4.66   22.27406  -97.36178   -0.00002    0.00016          2  0.000e+00
      17183    715.917    238.676    240.316    14.4542    14.4514   4.344348   4.344140     1.7155     1.4042       4.66   22.27406  -97.36178   -0.00002    0.00015          2  0.000e+00
      17184    715.958    238.697    240.337    14.4562    14.4488   4.344753   4.343963     1.7155     1.4054       4.66   22.27406  -97.36178    0.00000    0.00016          2  0.000e+00
      17185    716.000    238.730    240.371    14.4609    14.4510   4.345215   4.344098     1.7155     1.4042       4.66   22.27406  -97.36178    0.00000    0.00016          2  0.000e+00
      17186    716.042    238.744    240.385    14.4634    14.4550   4.345495   4.344530     1.7155     1.4042       4.66   22.27406  -97.36178    0.00001    0.00015          2  0.000e+00
      17187    716.083    238.676    240.316    14.4639    14.4579   4.345551   4.344877     1.7155     1.4042       4.66   22.27406  -97.36178    0.00001    0.00015          2  0.000e+00
      17188    716.125    238.730    240.371    14.4622    14.4609   4.345292   4.345175     1.7155     1.4054       4.66   22.27406  -97.36178    0.00001    0.00016          2  0.000e+00
      17189    716.167    238.744    240.385    14.4601    14.4614   4.345005   4.345338     1.7155     1.4054       4.66   22.27406  -97.36178    0.00002    0.00018          2  0.000e+00
      17190    716.208    238.730    240.371    14.4589    14.4627   4.344383   4.345388     1.7155     1.4042       4.66   22.27406  -97.36178    0.00002    0.00017          2  0.000e+00
