Gulf of Mexico/GOMECC-4/1db/rb2103_1091.ros
* Sea-Bird SBE 9 Data File:
* FileName = C:\Users\scs.user.rb\CTD\GOMECC4\data\rb2103_1091.hex
* Software Version Seasave V 7.26.7.107
* Temperature SN = 4799
* Conductivity SN = 3860
* Number of Bytes Per Scan = 41
* Number of Voltage Words = 4
* Number of Scans Averaged by the Deck Unit = 1
* NMEA Latitude = 22 44.06 N
* NMEA Longitude = 086 29.42 W
* NMEA UTC (Time) = Oct 15 2021  01:38:41
* NMEA baud rate = 4800
# nquan = 17
# nvalues = 2926                                  
# units = specified
# name 0 = scan: Scan Count
# name 1 = timeS: Time, Elapsed [seconds]
# name 2 = depSM: Depth [salt water, m]
# name 3 = prDM: Pressure, Digiquartz [db]
# name 4 = t090C: Temperature [ITS-90, deg C]
# name 5 = t190C: Temperature, 2 [ITS-90, deg C]
# name 6 = c0S/m: Conductivity [S/m]
# name 7 = c1S/m: Conductivity, 2 [S/m]
# name 8 = sbeox0V: Oxygen raw, SBE 43 [V]
# name 9 = sbeox1V: Oxygen raw, SBE 43, 2 [V]
# name 10 = altM: Altimeter [m]
# name 11 = latitude: Latitude [deg]
# name 12 = longitude: Longitude [deg]
# name 13 = sbox0dV/dT: Oxygen, SBE 43 [dov/dt]
# name 14 = sbox1dV/dT: Oxygen, SBE 43, 2 [dov/dt]
# name 15 = nbf: Bottles Fired
# name 16 = flag:  0.000e+00
# interval = seconds: 0.0416667
# start_time = Oct 15 2021 01:38:41 [NMEA time, header]
# bad_flag = -9.990e-29
*END*
[from data line 341]
      35760   1489.958    652.544    657.709     7.7848     7.7843   3.625932   3.625815     1.6520     1.3492       9.72   22.74486  -86.49680   -0.00028   -0.00017          3  0.000e+00
      35761   1490.000    652.496    657.661     7.7847     7.7840   3.625952   3.625828     1.6520     1.3492       9.74   22.74486  -86.49680   -0.00026   -0.00018          3  0.000e+00
      35762   1490.042    652.530    657.696     7.7847     7.7839   3.625932   3.625841     1.6508     1.3492       9.72   22.74486  -86.49680   -0.00027   -0.00017          3  0.000e+00
      35763   1490.083    652.544    657.709     7.7848     7.7837   3.625952   3.625874     1.6508     1.3492       9.72   22.74486  -86.49680   -0.00028   -0.00019          3  0.000e+00
      35764   1490.125    652.530    657.696     7.7848     7.7845   3.625932   3.625920     1.6520     1.3492       9.72   22.74486  -86.49680   -0.00027   -0.00018          3  0.000e+00
      35765   1490.167    652.544    657.709     7.7846     7.7848   3.625952   3.625933     1.6520     1.3492       9.72   22.74486  -86.49680   -0.00025   -0.00017          3  0.000e+00
      35766   1490.208    652.530    657.696     7.7847     7.7845   3.625932   3.625933     1.6520     1.3492       9.72   22.74486  -86.49680   -0.00026   -0.00018          3  0.000e+00
      35767   1490.250    652.496    657.661     7.7845     7.7839   3.625932   3.625861     1.6520     1.3492       9.72   22.74486  -86.49680   -0.00025   -0.00018          3  0.000e+00
      35768   1490.292    652.544    657.709     7.7850     7.7835   3.625952   3.625815     1.6520     1.3480       9.72   22.74486  -86.49680   -0.00023   -0.00021          3  0.000e+00
      35769   1490.333    652.530    657.696     7.7850     7.7839   3.625984   3.625808     1.6520     1.3492       9.72   22.74486  -86.49680   -0.00022   -0.00020          3  0.000e+00
      35770   1490.375    652.544    657.709     7.7848     7.7841   3.625971   3.625848     1.6520     1.3492       9.72   22.74486  -86.49680   -0.00021   -0.00021          3  0.000e+00
      35771   1490.417    652.530    657.696     7.7852     7.7839   3.626004   3.625867     1.6520     1.3492       9.74   22.74486  -86.49680   -0.00019   -0.00022          3  0.000e+00
      35772   1490.458    652.544    657.709     7.7855     7.7839   3.625978   3.625848     1.6508     1.3492       9.72   22.74486  -86.49680   -0.00020   -0.00023          3  0.000e+00
      35773   1490.500    652.530    657.696     7.7855     7.7839   3.626004   3.625815     1.6508     1.3492       9.72   22.74486  -86.49680   -0.00020   -0.00024          3  0.000e+00
      35774   1490.542    652.544    657.709     7.7853     7.7837   3.626004   3.625828     1.6508     1.3492       9.72   22.74486  -86.49680   -0.00020   -0.00023          3  0.000e+00
      35775   1490.583    652.578    657.744     7.7852     7.7836   3.625991   3.625815     1.6520     1.3492       9.72   22.74486  -86.49680   -0.00020   -0.00022          3  0.000e+00
      35776   1490.625    652.496    657.661     7.7851     7.7834   3.625991   3.625815     1.6520     1.3492       9.74   22.74486  -86.49680   -0.00019   -0.00021          3  0.000e+00
      35777   1490.667    652.544    657.709     7.7848     7.7835   3.625965   3.625808     1.6508     1.3492       9.72   22.74486  -86.49680   -0.00020   -0.00022          3  0.000e+00
      35778   1490.708    652.578    657.744     7.7852     7.7834   3.625984   3.625828     1.6508     1.3492       9.72   22.74486  -86.49680   -0.00021   -0.00023          3  0.000e+00
      35779   1490.750    652.544    657.709     7.7850     7.7834   3.625991   3.625815     1.6520     1.3492       9.72   22.74486  -86.49680   -0.00019   -0.00024          3  0.000e+00
      35780   1490.792    652.476    657.640     7.7853     7.7838   3.625991   3.625808     1.6508     1.3492       9.72   22.74488  -86.49682   -0.00019   -0.00023          3  0.000e+00
      35781   1490.833    652.592    657.758     7.7852     7.7837   3.625991   3.625808     1.6520     1.3492       9.72   22.74488  -86.49682   -0.00019   -0.00022          3  0.000e+00
      35782   1490.875    652.530    657.696     7.7853     7.7835   3.625991   3.625828     1.6508     1.3492       9.72   22.74488  -86.49682   -0.00018   -0.00023          3  0.000e+00
      35783   1490.917    652.544    657.709     7.7852     7.7835   3.625997   3.625815     1.6520     1.3492       9.72   22.74488  -86.49682   -0.00018   -0.00024          3  0.000e+00
      35784   1490.958    652.544    657.709     7.7853     7.7835   3.625991   3.625808     1.6520     1.3492       9.72   22.74488  -86.49682   -0.00018   -0.00024          3  0.000e+00
      35785   1491.000    652.530    657.696     7.7853     7.7837   3.626017   3.625828     1.6520     1.3492       9.72   22.74488  -86.49682   -0.00018   -0.00025          3  0.000e+00
      35786   1491.042    652.496    657.661     7.7853     7.7839   3.625997   3.625841     1.6520     1.3492       9.74   22.74488  -86.49682   -0.00018   -0.00024          3  0.000e+00
      35787   1491.083    652.476    657.640     7.7855     7.7842   3.625991   3.625861     1.6520     1.3492       9.72   22.74488  -86.49682   -0.00018   -0.00023          3  0.000e+00
      35788   1491.125    652.592    657.758     7.7853     7.7840   3.626036   3.625848     1.6508     1.3492       9.72   22.74488  -86.49682   -0.00019   -0.00024          3  0.000e+00
      35789   1491.167    652.530    657.696     7.7855     7.7840   3.626010   3.625874     1.6520     1.3492       9.72   22.74488  -86.49682   -0.00019   -0.00023          3  0.000e+00
      35790   1491.208    652.544    657.709     7.7853     7.7839   3.626017   3.625867     1.6520     1.3492       9.72   22.74488  -86.49682   -0.00017   -0.00022          3  0.000e+00
      35791   1491.250    652.530    657.696     7.7853     7.7844   3.626004   3.625887     1.6520     1.3492       9.72   22.74488  -86.49682   -0.00017   -0.00023          3  0.000e+00
      35792   1491.292    652.496    657.661     7.7853     7.7842   3.626017   3.625900     1.6520     1.3492       9.72   22.74488  -86.49682   -0.00015   -0.00021          3  0.000e+00
      35793   1491.333    652.544    657.709     7.7857     7.7844   3.626023   3.625900     1.6508     1.3492       9.74   22.74488  -86.49682   -0.00014   -0.00022          3  0.000e+00
      35794   1491.375    652.476    657.640     7.7858     7.7846   3.626004   3.625920     1.6520     1.3492       9.74   22.74488  -86.49682   -0.00014   -0.00023          3  0.000e+00
      35795   1491.417    652.544    657.709     7.7857     7.7845   3.626017   3.625933     1.6508     1.3492       9.74   22.74488  -86.49682   -0.00015   -0.00023          3  0.000e+00
      35796   1491.458    652.476    657.640     7.7855     7.7848   3.626023   3.625933     1.6508     1.3492       9.74   22.74488  -86.49682   -0.00017   -0.00024          3  0.000e+00
      35797   1491.500    652.544    657.709     7.7858     7.7850   3.626049   3.625953     1.6520     1.3492       9.74   22.74488  -86.49682   -0.00016   -0.00023          3  0.000e+00
      35798   1491.542    652.476    657.640     7.7859     7.7848   3.626082   3.625940     1.6508     1.3492       9.74   22.74488  -86.49682   -0.00016   -0.00022          3  0.000e+00
      35799   1491.583    652.544    657.709     7.7859     7.7846   3.626082   3.625979     1.6508     1.3492       9.74   22.74488  -86.49682   -0.00017   -0.00022          3  0.000e+00
      35800   1491.625    652.496    657.661     7.7858     7.7852   3.626088   3.625920     1.6520     1.3492       9.74   22.74488  -86.49682   -0.00017   -0.00021          3  0.000e+00
      35801   1491.667    652.476    657.640     7.7863     7.7848   3.626108   3.625920     1.6508     1.3492       9.77   22.74488  -86.49682   -0.00018   -0.00020          3  0.000e+00
      35802   1491.708    652.496    657.661     7.7863     7.7848   3.626075   3.625933     1.6520     1.3492       9.74   22.74488  -86.49682   -0.00017   -0.00019          3  0.000e+00
      35803   1491.750    652.476    657.640     7.7863     7.7848   3.626056   3.625914     1.6520     1.3492       9.74   22.74488  -86.49682   -0.00017   -0.00019          3  0.000e+00
      35804   1491.792    652.496    657.661     7.7861     7.7848   3.626056   3.625900     1.6508     1.3492       9.74   22.74490  -86.49682   -0.00018   -0.00019          3  0.000e+00
      35805   1491.833    652.476    657.640     7.7858     7.7850   3.626075   3.625920     1.6508     1.3480       9.74   22.74490  -86.49682   -0.00019   -0.00020          3  0.000e+00
      35806   1491.875    652.496    657.661     7.7859     7.7850   3.626062   3.625953     1.6520     1.3492       9.74   22.74490  -86.49682   -0.00018   -0.00018          3  0.000e+00
      35807   1491.917    652.394    657.558     7.7859     7.7848   3.626062   3.625986     1.6508     1.3492       9.74   22.74490  -86.49682   -0.00019   -0.00017          3  0.000e+00
      35808   1491.958    652.578    657.744     7.7861     7.7851   3.626075   3.625973     1.6508     1.3492       9.74   22.74490  -86.49682   -0.00021   -0.00017          3  0.000e+00
      35809   1492.000    652.441    657.606     7.7864     7.7850   3.626088   3.625940     1.6508     1.3480       9.74   22.74490  -86.49682   -0.00023   -0.00019          3  0.000e+00
      35810   1492.042    652.476    657.640     7.7866     7.7848   3.626082   3.625907     1.6508     1.3492       9.74   22.74490  -86.49682   -0.00024   -0.00018          3  0.000e+00
      35811   1492.083    652.441    657.606     7.7866     7.7848   3.626088   3.625920     1.6508     1.3492       9.74   22.74490  -86.49682   -0.00025   -0.00018          3  0.000e+00
      35812   1492.125    652.476    657.640     7.7866     7.7848   3.626108   3.625861     1.6508     1.3492       9.74   22.74490  -86.49682   -0.00026   -0.00018          3  0.000e+00
      35813   1492.167    652.441    657.606     7.7863     7.7844   3.626121   3.625861     1.6508     1.3492       9.74   22.74490  -86.49682   -0.00027   -0.00017          3  0.000e+00
      35814   1492.208    652.476    657.640     7.7864     7.7845   3.626114   3.625867     1.6508     1.3480       9.74   22.74490  -86.49682   -0.00026   -0.00017          3  0.000e+00
      35815   1492.250    652.496    657.661     7.7863     7.7845   3.626095   3.625887     1.6508     1.3492       9.74   22.74490  -86.49682   -0.00027   -0.00015          3  0.000e+00
      35816   1492.292    652.441    657.606     7.7864     7.7845   3.626082   3.625887     1.6520     1.3492       9.79   22.74490  -86.49682   -0.00026   -0.00014          3  0.000e+00
      35817   1492.333    652.428    657.592     7.7864     7.7848   3.626062   3.625894     1.6508     1.3480       9.84   22.74490  -86.49682   -0.00027   -0.00014          3  0.000e+00
      40443   1685.083    572.438    576.857     8.7110     8.7165   3.716153   3.716660     1.6386     1.3358      89.84   22.74598  -86.49730    0.00030    0.00027          4  0.000e+00
      40444   1685.125    572.595    577.016     8.7108     8.7171   3.716107   3.716680     1.6386     1.3358      89.84   22.74598  -86.49730    0.00030    0.00026          4  0.000e+00
      40445   1685.167    572.588    577.009     8.7124     8.7172   3.716206   3.716680     1.6386     1.3370      89.84   22.74598  -86.49730    0.00030    0.00029          4  0.000e+00
      40446   1685.208    572.547    576.967     8.7134     8.7170   3.716284   3.716627     1.6386     1.3358      89.84   22.74598  -86.49730    0.00029    0.00030          4  0.000e+00
      40447   1685.250    572.540    576.961     8.7134     8.7169   3.716350   3.716660     1.6386     1.3358      89.84   22.74598  -86.49730    0.00028    0.00029          4  0.000e+00
      40448   1685.292    572.547    576.967     8.7139     8.7167   3.716370   3.716667     1.6386     1.3358      89.77   22.74598  -86.49730    0.00028    0.00028          4  0.000e+00
      40449   1685.333    572.588    577.009     8.7141     8.7169   3.716350   3.716674     1.6386     1.3358      89.69   22.74598  -86.49730    0.00027    0.00027          4  0.000e+00
      40450   1685.375    572.547    576.968     8.7145     8.7172   3.716389   3.716680     1.6386     1.3358      89.69   22.74598  -86.49730    0.00027    0.00028          4  0.000e+00
      40451   1685.417    572.588    577.009     8.7147     8.7173   3.716455   3.716654     1.6386     1.3358      89.69   22.74598  -86.49730    0.00026    0.00026          4  0.000e+00
      40452   1685.458    572.547    576.968     8.7150     8.7171   3.716449   3.716594     1.6398     1.3370      89.69   22.74598  -86.49730    0.00027    0.00027          4  0.000e+00
      40453   1685.500    572.540    576.961     8.7154     8.7162   3.716488   3.716560     1.6386     1.3358      89.69   22.74598  -86.49730    0.00026    0.00026          4  0.000e+00
      40454   1685.542    572.595    577.016     8.7154     8.7154   3.716508   3.716514     1.6398     1.3370      89.69   22.74598  -86.49730    0.00027    0.00026          4  0.000e+00
      40455   1685.583    572.588    577.009     8.7158     8.7152   3.716527   3.716461     1.6386     1.3358      89.69   22.74598  -86.49730    0.00028    0.00025          4  0.000e+00
      40456   1685.625    572.595    577.016     8.7158     8.7151   3.716541   3.716454     1.6386     1.3358      89.67   22.74598  -86.49730    0.00029    0.00026          4  0.000e+00
      40457   1685.667    572.588    577.009     8.7162     8.7150   3.716587   3.716427     1.6398     1.3370      89.69   22.74598  -86.49730    0.00031    0.00028          4  0.000e+00
      40458   1685.708    572.540    576.961     8.7157     8.7147   3.716481   3.716467     1.6386     1.3358      89.69   22.74598  -86.49730    0.00032    0.00026          4  0.000e+00
      40459   1685.750    572.595    577.016     8.7098     8.7151   3.716041   3.716487     1.6398     1.3370      89.69   22.74598  -86.49730    0.00033    0.00027          4  0.000e+00
      40460   1685.792    572.588    577.009     8.7070     8.7153   3.715713   3.716534     1.6398     1.3358      89.69   22.74598  -86.49730    0.00036    0.00025          4  0.000e+00
      40461   1685.833    572.595    577.016     8.7097     8.7154   3.715943   3.716560     1.6386     1.3370      89.67   22.74598  -86.49730    0.00035    0.00026          4  0.000e+00
      40462   1685.875    572.588    577.009     8.7085     8.7155   3.715864   3.716574     1.6386     1.3358      89.67   22.74598  -86.49730    0.00033    0.00024          4  0.000e+00
      40463   1685.917    572.595    577.016     8.7033     8.7155   3.715463   3.716580     1.6386     1.3370      89.69   22.74598  -86.49730    0.00032    0.00024          4  0.000e+00
      40464   1685.958    572.588    577.009     8.7009     8.7154   3.715201   3.716534     1.6398     1.3370      89.69   22.74598  -86.49730    0.00035    0.00026          4  0.000e+00
      40465   1686.000    572.595    577.016     8.7017     8.7152   3.715273   3.716494     1.6386     1.3358      89.67   22.74598  -86.49730    0.00034    0.00024          4  0.000e+00
      40466   1686.042    572.636    577.057     8.7033     8.7150   3.715365   3.716507     1.6398     1.3358      89.69   22.74598  -86.49730    0.00034    0.00023          4  0.000e+00
      40467   1686.083    572.595    577.016     8.7023     8.7152   3.715286   3.716500     1.6386     1.3370      89.67   22.74598  -86.49730    0.00033    0.00023          4  0.000e+00
      40468   1686.125    572.636    577.057     8.7004     8.7151   3.715155   3.716487     1.6398     1.3370      89.69   22.74598  -86.49730    0.00033    0.00022          4  0.000e+00
