Gulf of Mexico/GOMECC-4/1db/rb2103_0371.cnv
* Sea-Bird SBE 9 Data File:
* FileName = C:\Users\scs.user.rb\CTD\GOMECC4\data\rb2103_0371.hex
* Software Version Seasave V 7.26.7.107
* Temperature SN = 4799
* Conductivity SN = 3860
* Number of Bytes Per Scan = 41
* Number of Voltage Words = 4
* Number of Scans Averaged by the Deck Unit = 1
* NMEA Latitude = 27 00.07 N
* NMEA Longitude = 089 59.96 W
* NMEA UTC (Time) = Sep 25 2021  07:16:47
* NMEA baud rate = 4800
# nquan = 28
# nvalues = 1279                        
# units = specified
# name 0 = scan: Scan Count
# name 1 = timeS: Time, Elapsed [seconds]
# name 2 = depSM: Depth [salt water, m]
# name 3 = prDM: Pressure, Digiquartz [db]
# name 4 = t090C: Temperature [ITS-90, deg C]
# name 5 = t190C: Temperature, 2 [ITS-90, deg C]
# name 6 = c0S/m: Conductivity [S/m]
# name 7 = c1S/m: Conductivity, 2 [S/m]
# name 8 = sbeox0V: Oxygen raw, SBE 43 [V]
# name 9 = sbeox1V: Oxygen raw, SBE 43, 2 [V]
# name 10 = altM: Altimeter [m]
# name 11 = latitude: Latitude [deg]
# name 12 = longitude: Longitude [deg]
# name 13 = sbox0dV/dT: Oxygen, SBE 43 [dov/dt]
# name 14 = sbox1dV/dT: Oxygen, SBE 43, 2 [dov/dt]
# name 15 = sbeox0ML/L: Oxygen, SBE 43 [ml/l], WS = 5
# name 16 = sbeox1ML/L: Oxygen, SBE 43, 2 [ml/l], WS = 5
# name 17 = potemp090C: Potential Temperature [ITS-90, deg C]
# name 18 = potemp190C: Potential Temperature, 2 [ITS-90, deg C]
# name 19 = sal00: Salinity, Practical [PSU]
# name 20 = sal11: Salinity, Practical, 2 [PSU]
# name 21 = sigma-é00: Density [sigma-theta, kg/m^3]
# name 22 = sigma-é11: Density, 2 [sigma-theta, kg/m^3]
# name 23 = avgsvCM: Average Sound Velocity [Chen-Millero, m/s], minP = 20, minS = 20
# name 24 = sbox0Mm/Kg: Oxygen, SBE 43 [umol/kg], WS = 5
# name 25 = sbox1Mm/Kg: Oxygen, SBE 43, 2 [umol/kg], WS = 5
# name 26 = nbin: number of scans per bin
# name 27 = flag: flag
# span 0 =      23122,     192814       
# span 1 =    963.363,   8033.865       
# span 2 =      1.987,   2375.565       
# span 3 =      2.000,   2405.000       
# span 4 =     4.2721,    29.2290       
# span 5 =     4.2722,    29.2329       
# span 6 =   3.349215,   5.943736       
# span 7 =   3.349130,   5.944230       
# span 8 =     1.5884,     3.1530       
# span 9 =     1.2931,     2.6777       
# span 10 =      10.65,     102.50      
# span 11 =   26.90647,   27.25811      
# span 12 =  -90.72884,  -89.56011      
# span 13 =   -0.01965,    0.02672      
# span 14 =   -0.02024,    0.03204      
# span 15 =     2.5624,     4.7243      
# span 16 =     2.5885,     4.7616      
# span 17 =     4.0826,    29.2258      
# span 18 =     4.0833,    29.2298      
# span 19 =    34.8997,    36.8755      
# span 20 =    34.8990,    36.8767      
# span 21 =    22.8260,    27.7575      
# span 22 =    22.8250,    27.7559      
# span 23 =       0.00,    1546.32      
# span 24 =    111.419,    205.289      
# span 25 =    112.556,    206.909      
# span 26 =         30,         66      
# span 27 = 0.0000e+00, 0.0000e+00      
# interval = decibars: 1                
# start_time = Sep 25 2021 07:16:47 [NMEA time, header]
# bad_flag = -9.990e-29
*END*
[from data line 1243]
     181671   7569.589     42.713     43.000    28.9851    28.9867   5.896513   5.896644     3.1148     2.6442     100.00   27.03153  -89.98177   -0.00003    0.00056     4.3303     4.3321    28.9747    28.9763    36.1551    36.1548    22.9402    22.9394    1501.15    189.054    189.131         47 0.0000e+00
     181724   7571.812     41.719     42.000    28.9842    28.9873   5.896373   5.896639     3.1150     2.6416     100.00   27.03154  -89.98176   -0.00011   -0.00076     4.3301     4.3262    28.9741    28.9771    36.1550    36.1546    22.9403    22.9390    1501.15    189.047    188.876         56 0.0000e+00
     181773   7573.844     40.726     41.000    28.9866    28.9880   5.896483   5.896635     3.1157     2.6458     100.00   27.03156  -89.98175    0.00042    0.00008     4.3307     4.3341    28.9767    28.9781    36.1543    36.1543    22.9389    22.9384    1501.15    189.073    189.221         44 0.0000e+00
     181819   7575.736     39.733     40.000    28.9879    28.9881   5.896565   5.896562     3.1156     2.6473     100.00   27.03157  -89.98174   -0.00002    0.00197     4.3299     4.3367    28.9782    28.9784    36.1541    36.1540    22.9383    22.9381    1501.15    189.037    189.332         47 0.0000e+00
     181870   7577.861     38.740     39.000    28.9871    28.9882   5.896475   5.896544     3.1162     2.6481      88.32   27.03158  -89.98173    0.00003    0.00042     4.3306     4.3376    28.9777    28.9787    36.1544    36.1541    22.9387    22.9381    1501.15    189.066    189.373         54 0.0000e+00
     181917   7579.846     37.746     38.000    28.9898    28.9890   5.896515   5.896525     3.1169     2.6482      99.79   27.03158  -89.98170    0.00084   -0.00002     4.3311     4.3372    28.9806    28.9798    36.1530    36.1536    22.9366    22.9373    1501.15    189.092    189.356         38 0.0000e+00
     181967   7581.909     36.753     37.000    28.9913    28.9916   5.896537   5.896557     3.1174     2.6485     100.00   27.03160  -89.98168    0.00003    0.00022     4.3314     4.3371    28.9823    28.9827    36.1523    36.1522    22.9355    22.9353    1501.15    189.101    189.354         56 0.0000e+00
     182026   7584.369     35.760     36.000    28.9906    28.9928   5.896356   5.896524     3.1185     2.6474     100.00   27.03162  -89.98166    0.00089   -0.00025     4.3329     4.3345    28.9819    28.9841    36.1518    36.1514    22.9353    22.9342    1501.15    189.169    189.239         38 0.0000e+00
     182060   7585.779     34.767     35.000    28.9911    28.9914   5.896297   5.896336     3.1200     2.6479     100.00   27.03163  -89.98166    0.00041   -0.00026     4.3351     4.3350    28.9827    28.9829    36.1514    36.1515    22.9347    22.9347    1501.15    189.264    189.262         41 0.0000e+00
     182120   7588.311     33.774     34.000    28.9913    28.9927   5.896280   5.896514     3.1184     2.6465     100.00   27.03165  -89.98165    0.00022   -0.00041     4.3316     4.3316    28.9830    28.9844    36.1515    36.1520    22.9346    22.9346    1501.15    189.113    189.111         53 0.0000e+00
     182165   7590.163     32.780     33.000    28.9899    28.9910   5.896135   5.896316     3.1193     2.6492     100.00   27.03166  -89.98164   -0.00098    0.00048     4.3329     4.3367    28.9819    28.9830    36.1518    36.1522    22.9352    22.9352    1501.15    189.170    189.333         32 0.0000e+00
     182240   7593.280     31.787     32.000    28.9909    28.9929   5.896306   5.896547     3.1187     2.6460     100.00   27.03169  -89.98162    0.00009   -0.00007     4.3311     4.3296    28.9831    28.9852    36.1525    36.1526    22.9354    22.9348    1501.15    189.091    189.023         32 0.0000e+00
     182397   7599.830     30.794     31.000    28.9932    28.9973   5.896591   5.897206     3.1196     2.6488     100.00   27.03173  -89.98159    0.00022    0.00100     4.3321     4.3343    28.9857    28.9898    36.1530    36.1541    22.9349    22.9344    1501.15    189.135    189.230         37 0.0000e+00
     182704   7612.638     29.801     30.000    28.9931    28.9956   5.896744   5.897037     3.1179     2.6480      94.48   27.03180  -89.98151   -0.00078    0.00025     4.3286     4.3323    28.9859    28.9884    36.1544    36.1546    22.9359    22.9352    1501.15    188.981    189.144         55 0.0000e+00
     183900   7662.474     28.807     29.000    28.9904    28.9923   5.896079   5.896216     3.1207     2.6485     100.32   27.03211  -89.98123   -0.00014   -0.00060     4.3333     4.3330    28.9834    28.9853    36.1522    36.1517    22.9351    22.9341    1501.15    189.185    189.172         47 0.0000e+00
     184087   7670.231     27.814     28.000    28.9882    28.9916   5.895720   5.896114     3.1206     2.6501      93.77   27.03216  -89.98119   -0.00055    0.00009     4.3328     4.3358    28.9814    28.9848    36.1517    36.1519    22.9353    22.9344    1501.15    189.164    189.296         58 0.0000e+00
     184320   7679.947     26.820     27.000    28.9878    28.9914   5.895605   5.896034     3.1209     2.6505      99.63   27.03222  -89.98115   -0.00036   -0.00006     4.3329     4.3361    28.9813    28.9848    36.1515    36.1517    22.9353    22.9343    1501.15    189.171    189.308         49 0.0000e+00
     184578   7690.706     25.827     26.000    28.9898    28.9925   5.895790   5.896063     3.1200     2.6511     100.00   27.03228  -89.98109   -0.00100    0.00014     4.3305     4.3367    28.9835    28.9862    36.1516    36.1514    22.9346    22.9335    1501.15    189.064    189.334         50 0.0000e+00
     184848   7701.968     24.834     25.000    28.9886    28.9922   5.895533   5.895981     3.1213     2.6506      94.34   27.03235  -89.98103   -0.00016    0.00009     4.3324     4.3352    28.9825    28.9861    36.1510    36.1514    22.9344    22.9336    1501.15    189.149    189.271         62 0.0000e+00
     185103   7712.570     23.841     24.000    28.9900    28.9934   5.895643   5.895987     3.1220     2.6508      99.68   27.03242  -89.98096   -0.00006   -0.00001     4.3331     4.3350    28.9842    28.9876    36.1510    36.1508    22.9339    22.9326    1501.15    189.179    189.263         48 0.0000e+00
     185347   7722.767     22.847     23.000    28.9906    28.9935   5.895522   5.895816     3.1234     2.6506      95.46   27.03248  -89.98090    0.00058    0.00038     4.3351     4.3341    28.9850    28.9879    36.1500    36.1498    22.9329    22.9318    1501.15    189.264    189.224         60 0.0000e+00
     185597   7733.164     21.854     22.000    28.9887    28.9911   5.895219   5.895524     3.1233     2.6512      72.54   27.03254  -89.98083   -0.00017   -0.00115     4.3346     4.3349    28.9834    28.9858    36.1496    36.1499    22.9331    22.9326    1501.15    189.241    189.257         46 0.0000e+00
     185702   7737.543     19.868     20.000    28.8495    28.8525   5.866977   5.867311     3.1084     2.6428      99.11   26.90647  -89.56011    0.00074    0.00069     4.3132     4.3220    28.8447    28.8477    35.9793    35.9793    22.8260    22.8250    1494.14    188.309    188.695         45 0.0000e+00
     186768   7781.952     17.881     18.000    28.9071    28.9098   5.878548   5.878910     3.1171     2.6476      99.74   26.95939  -89.73550    0.00028   -0.00053     4.3251     4.3277    28.9027    28.9054    36.0501    36.0506    22.8705    22.8699    1497.06    188.830    188.940         49 0.0000e+00
     187452   7810.438     16.888     17.000    28.9846    28.9865   5.894407   5.894609     3.1244     2.6532     100.00   27.03302  -89.98037    0.00071   -0.00059     4.3343     4.3367    28.9805    28.9824    36.1486    36.1485    22.9333    22.9327    1501.15    189.232    189.333         36 0.0000e+00
     187616   7817.309     15.894     16.000    28.9816    28.9817   5.893983   5.894049     3.1242     2.6517     100.00   27.03306  -89.98032   -0.00040    0.00020     4.3337     4.3337    28.9777    28.9778    36.1483    36.1486    22.9340    22.9343    1501.15    189.204    189.202         43 0.0000e+00
     189723   7905.067     12.914     13.000    29.2290    29.2329   5.943736   5.944230     3.1530     2.6777     100.83   27.25811  -90.72884    0.00039    0.00010     4.3727     4.3751    29.2258    29.2298    36.4501    36.4509    23.1233    23.1225    1513.64    190.908    191.012         31 0.0000e+00
     188523   7855.074      9.934     10.000    28.9387    28.8649   5.869498   5.869860     3.1134     2.6452      98.45   26.91945  -89.60033   -0.00041    0.00059     4.3277     4.3212    28.9363    28.8625    36.0932    35.9984    22.8979    22.8369    1494.82    188.944    188.659         58 0.0000e+00
     189873   7911.339      8.940      9.000    28.9868    28.9903   5.894669   5.895096     3.1280     2.6550      99.87   27.03362  -89.97976    0.00015    0.00053     4.3364     4.3359    28.9846    28.9881    36.1511    36.1515    22.9339    22.9329    1501.15    189.321    189.299         34 0.0000e+00
     190078   7919.869      7.947      8.000    28.9881    28.9902   5.894795   5.895066     3.1272     2.6547     100.00   27.03367  -89.97971   -0.00082   -0.00009     4.3345     4.3347    28.9862    28.9883    36.1513    36.1516    22.9335    22.9330    1501.15    189.238    189.249         50 0.0000e+00
     190209   7925.316      6.954      7.000    28.9865    28.9864   5.894509   5.894447     3.1287     2.6555      92.12   27.03370  -89.97969   -0.00050   -0.00050     4.3366     4.3362    28.9848    28.9847    36.1509    36.1511    22.9336    22.9338    1501.15    189.332    189.311         41 0.0000e+00
     190355   7931.422      5.960      6.000    28.9817    28.9830   5.893896   5.894021     3.1273     2.6541      85.47   27.03373  -89.97964   -0.00050   -0.00097     4.3340     4.3330    28.9802    28.9815    36.1506    36.1508    22.9349    22.9347    1501.15    189.215    189.175         34 0.0000e+00
     190489   7936.981      4.967      5.000    28.9790    28.9836   5.893539   5.894089     3.1296     2.6568      80.19   27.03377  -89.97960    0.00007   -0.00022     4.3379     4.3379    28.9778    28.9824    36.1504    36.1507    22.9356    22.9343    1501.15    189.388    189.387         53 0.0000e+00
     191610   7983.727      3.974      4.000    28.9796    28.9843   5.893435   5.893935     3.1293     2.6574      70.67   27.03402  -89.97933    0.00064    0.00002     4.3368     4.3385    28.9786    28.9833    36.1496    36.1497    22.9347    22.9333    1501.15    189.337    189.415         51 0.0000e+00
     192657   8027.321      2.980      3.000    28.9774    28.9790   5.893045   5.893270     3.1289     2.6593      70.54   27.03428  -89.97906   -0.00027    0.00078     4.3358     4.3423    28.9766    28.9783    36.1488    36.1492    22.9348    22.9345    1501.15    189.295    189.580         43 0.0000e+00
     192814   8033.865      1.987      2.000    28.9626    28.9653   5.891486   5.891830     3.1297     2.6563      84.91   27.03431  -89.97902   -0.00050   -0.00058     4.3378     4.3366    28.9621    28.9648    36.1495    36.1499    22.9402    22.9396    1501.15    189.380    189.331         49 0.0000e+00
