Gulf of Mexico/GOMECC-4/1db/rb2103_0681.cnv
* Sea-Bird SBE 9 Data File:
* FileName = C:\Users\scs.user.rb\CTD\GOMECC4\data\rb2103_0681.hex
* Software Version Seasave V 7.26.7.107
* Temperature SN = 4799
* Conductivity SN = 3860
* Number of Bytes Per Scan = 41
* Number of Voltage Words = 4
* Number of Scans Averaged by the Deck Unit = 1
* NMEA Latitude = 26 03.52 N
* NMEA Longitude = 095 32.99 W
* NMEA UTC (Time) = Oct 03 2021  07:00:55
* NMEA baud rate = 4800
# nquan = 28
# nvalues = 462                         
# units = specified
# name 0 = scan: Scan Count
# name 1 = timeS: Time, Elapsed [seconds]
# name 2 = depSM: Depth [salt water, m]
# name 3 = prDM: Pressure, Digiquartz [db]
# name 4 = t090C: Temperature [ITS-90, deg C]
# name 5 = t190C: Temperature, 2 [ITS-90, deg C]
# name 6 = c0S/m: Conductivity [S/m]
# name 7 = c1S/m: Conductivity, 2 [S/m]
# name 8 = sbeox0V: Oxygen raw, SBE 43 [V]
# name 9 = sbeox1V: Oxygen raw, SBE 43, 2 [V]
# name 10 = altM: Altimeter [m]
# name 11 = latitude: Latitude [deg]
# name 12 = longitude: Longitude [deg]
# name 13 = sbox0dV/dT: Oxygen, SBE 43 [dov/dt]
# name 14 = sbox1dV/dT: Oxygen, SBE 43, 2 [dov/dt]
# name 15 = sbeox0ML/L: Oxygen, SBE 43 [ml/l], WS = 5
# name 16 = sbeox1ML/L: Oxygen, SBE 43, 2 [ml/l], WS = 5
# name 17 = potemp090C: Potential Temperature [ITS-90, deg C]
# name 18 = potemp190C: Potential Temperature, 2 [ITS-90, deg C]
# name 19 = sal00: Salinity, Practical [PSU]
# name 20 = sal11: Salinity, Practical, 2 [PSU]
# name 21 = sigma-é00: Density [sigma-theta, kg/m^3]
# name 22 = sigma-é11: Density, 2 [sigma-theta, kg/m^3]
# name 23 = avgsvCM: Average Sound Velocity [Chen-Millero, m/s], minP = 20, minS = 20
# name 24 = sbox0Mm/Kg: Oxygen, SBE 43 [umol/kg], WS = 5
# name 25 = sbox1Mm/Kg: Oxygen, SBE 43, 2 [umol/kg], WS = 5
# name 26 = nbin: number of scans per bin
# name 27 = flag: flag
# span 0 =       7994,     116517       
# span 1 =    333.048,   4854.843       
# span 2 =      0.994,   1362.545       
# span 3 =      1.000,   1376.000       
# span 4 =     4.4284,    29.7754       
# span 5 =     4.4289,    29.7762       
# span 6 =   3.350828,   5.952940       
# span 7 =   3.350789,   5.953215       
# span 8 =     1.5786,     3.3525       
# span 9 =     1.2834,     2.8734       
# span 10 =       9.04,     103.24      
# span 11 =   25.85145,   26.55610      
# span 12 =  -97.36924,  -94.78559      
# span 13 =   -0.02726,    0.02211      
# span 14 =   -0.02569,    0.02184      
# span 15 =     2.4130,     5.0628      
# span 16 =     2.4350,     5.0765      
# span 17 =     4.3159,    29.7732      
# span 18 =     4.3163,    29.7740      
# span 19 =    34.9108,    36.5164      
# span 20 =    34.9102,    36.5174      
# span 21 =    22.2651,    27.7288      
# span 22 =    22.2653,    27.7283      
# span 23 =       0.00,    1559.03      
# span 24 =    104.922,    220.770      
# span 25 =    105.879,    221.364      
# span 26 =         30,         75      
# span 27 = 0.0000e+00, 0.0000e+00      
# interval = decibars: 1                
# start_time = Oct 03 2021 07:00:55 [NMEA time, header]
# bad_flag = -9.990e-29
*END*
[from data line 208]
      42095   1753.910   1245.059   1257.000     4.5455     4.5460   3.356385   3.356363     1.9291     1.6108      90.51   26.05871  -95.54820    0.00000    0.00004     4.3710     4.4079     4.4418     4.4424    34.9564    34.9556    27.7040    27.7033    1499.15    189.948    191.550         32 0.0000e+00
      42220   1759.128   1249.997   1262.000     4.5413     4.5416   3.356238   3.356196     1.9289     1.6113     100.00   26.05855  -95.54763    0.00000    0.00004     4.3736     4.4131     4.4373     4.4375    34.9563    34.9556    27.7045    27.7039    1499.10    190.058    191.778         31 0.0000e+00
      42253   1760.511   1250.985   1263.000     4.5408     4.5416   3.356294   3.356296     1.9292     1.6105     100.00   26.05912  -95.54972    0.00013   -0.00020     4.3752     4.4106     4.4367     4.4374    34.9571    34.9563    27.7051    27.7044    1499.13    190.127    191.668         31 0.0000e+00
      42375   1765.599   1255.922   1268.000     4.5391     4.5390   3.356357   3.356280     1.9290     1.6105     100.00   26.05904  -95.54942   -0.00002    0.00000     4.3777     4.4137     4.4345     4.4344    34.9571    34.9563    27.7054    27.7048    1499.09    190.238    191.804         30 0.0000e+00
      42838   1784.866   1273.696   1286.000     4.5356     4.5360   3.356839   3.356819     1.9277     1.6094      98.93   26.05931  -95.55035   -0.00003    0.00003     4.3834     4.4199     4.4294     4.4298    34.9576    34.9569    27.7064    27.7058    1498.97    190.485    192.071         30 0.0000e+00
      42964   1790.127   1278.633   1291.000     4.5346     4.5346   3.356916   3.356853     1.9272     1.6098      93.84   26.05887  -95.54872   -0.00006    0.00011     4.3849     4.4244     4.4280     4.4280    34.9570    34.9563    27.7061    27.7055    1498.91    190.549    192.269         30 0.0000e+00
      43619   1817.415   1303.316   1316.000     4.4935     4.4938   3.354339   3.354291     1.9315     1.6130      69.13   26.05793  -95.54525    0.00002    0.00010     4.4198     4.4569     4.3850     4.3852    34.9577    34.9568    27.7113    27.7106    1498.69    192.066    193.677         49 0.0000e+00
      43668   1819.446   1304.304   1317.000     4.4917     4.4923   3.354358   3.354346     1.9316     1.6130      68.11   26.05914  -95.54970 -6.877e-08   -0.00011     4.4210     4.4574     4.3831     4.3837    34.9594    34.9586    27.7128    27.7122    1498.75    192.118    193.698         40 0.0000e+00
      43701   1820.826   1305.291   1318.000     4.4848     4.4853   3.353905   3.353905     1.9317     1.6129      67.11   26.05914  -95.54970    0.00002   -0.00009     4.4228     4.4586     4.3761     4.3766    34.9595    34.9590    27.7138    27.7133    1498.75    192.195    193.750         30 0.0000e+00
      43732   1822.122   1306.278   1319.000     4.4816     4.4823   3.353574   3.353565     1.9316     1.6129      66.07   26.05914  -95.54970 6.0211e-07   -0.00005     4.4233     4.4596     4.3729     4.3736    34.9598    34.9590    27.7143    27.7136    1498.74    192.218    193.794         34 0.0000e+00
      43770   1823.727   1307.266   1320.000     4.4792     4.4797   3.353407   3.353391     1.9320     1.6134      65.09   26.05914  -95.54970    0.00008    0.00007     4.4258     4.4624     4.3704     4.3709    34.9599    34.9592    27.7147    27.7140    1498.74    192.324    193.916         40 0.0000e+00
      43805   1825.186   1308.253   1321.000     4.4790     4.4795   3.353434   3.353404     1.9327     1.6143      63.97   26.05914  -95.54970    0.00029    0.00037     4.4289     4.4663     4.3702     4.3706    34.9599    34.9591    27.7147    27.7140    1498.73    192.461    194.087         30 0.0000e+00
      43867   1827.739   1310.227   1323.000     4.4785     4.4790   3.353430   3.353407     1.9337     1.6152      62.12   26.05869  -95.54804    0.00041    0.00043     4.4338     4.4713     4.3695     4.3700    34.9594    34.9586    27.7144    27.7137    1498.69    192.675    194.305         38 0.0000e+00
      43907   1829.418   1311.214   1324.000     4.4784     4.4788   3.353509   3.353481     1.9340     1.6151      60.98   26.05914  -95.54970    0.00034    0.00021     4.4353     4.4715     4.3692     4.3697    34.9600    34.9592    27.7149    27.7142    1498.71    192.741    194.313         39 0.0000e+00
      43941   1830.847   1312.202   1325.000     4.4744     4.4746   3.353213   3.353168     1.9342     1.6152      59.73   26.05914  -95.54970    0.00014    0.00003     4.4371     4.4731     4.3652     4.3654    34.9602    34.9595    27.7155    27.7149    1498.70    192.816    194.383         31 0.0000e+00
      44003   1833.398   1314.176   1327.000     4.4623     4.4626   3.352184   3.352140     1.9344     1.6154      58.19   26.05858  -95.54766    0.00010    0.00008     4.4407     4.4765     4.3530     4.3533    34.9599    34.9591    27.7166    27.7159    1498.66    192.973    194.530         36 0.0000e+00
      44043   1835.102   1315.164   1328.000     4.4607     4.4617   3.352153   3.352165     1.9350     1.6164      57.05   26.05914  -95.54970    0.00021    0.00026     4.4435     4.4810     4.3514     4.3523    34.9607    34.9599    27.7174    27.7167    1498.69    193.095    194.725         42 0.0000e+00
      44079   1836.597   1316.151   1329.000     4.4604     4.4610   3.352178   3.352155     1.9356     1.6174      56.29   26.05914  -95.54970    0.00036    0.00052     4.4464     4.4856     4.3510     4.3515    34.9608    34.9600    27.7175    27.7168    1498.68    193.223    194.924         30 0.0000e+00
      44137   1838.990   1318.125   1331.000     4.4601     4.4607   3.352189   3.352171     1.9366     1.6179      54.17   26.05870  -95.54807    0.00043    0.00042     4.4512     4.4890     4.3505     4.3510    34.9603    34.9595    27.7171    27.7165    1498.64    193.427    195.072         32 0.0000e+00
      44175   1840.564   1319.112   1332.000     4.4584     4.4593   3.352123   3.352140     1.9367     1.6181      53.02   26.05914  -95.54970    0.00030    0.00019     4.4524     4.4906     4.3487     4.3496    34.9609    34.9601    27.7178    27.7171    1498.66    193.483    195.141         42 0.0000e+00
      44213   1842.162   1320.100   1333.000     4.4575     4.4577   3.352103   3.352053     1.9368     1.6183      52.05   26.05916  -95.54970    0.00013    0.00012     4.4535     4.4921     4.3477     4.3479    34.9610    34.9603    27.7181    27.7175    1498.65    193.529    195.206         34 0.0000e+00
      44246   1843.543   1321.087   1334.000     4.4573     4.4580   3.352121   3.352118     1.9370     1.6189      56.31   26.05916  -95.54970    0.00009    0.00017     4.4546     4.4948     4.3474     4.3481    34.9610    34.9603    27.7181    27.7174    1498.65    193.577    195.322         33 0.0000e+00
      44278   1844.883   1322.074   1335.000     4.4547     4.4556   3.351942   3.351946     1.9372     1.6190      51.10   26.05916  -95.54970    0.00008    0.00026     4.4564     4.4961     4.3448     4.3456    34.9612    34.9603    27.7185    27.7177    1498.64    193.654    195.379         31 0.0000e+00
      44310   1846.197   1323.061   1336.000     4.4515     4.4520   3.351726   3.351726     1.9372     1.6190      49.28   26.05916  -95.54970    0.00012    0.00016     4.4575     4.4974     4.3415     4.3420    34.9612    34.9604    27.7189    27.7182    1498.64    193.704    195.438         33 0.0000e+00
      44345   1847.662   1324.048   1337.000     4.4482     4.4490   3.351464   3.351466     1.9375     1.6190      48.23   26.05916  -95.54970    0.00009    0.00003     4.4595     4.4983     4.3382     4.3389    34.9614    34.9606    27.7194    27.7187    1498.63    193.787    195.478         38 0.0000e+00
      44382   1849.228   1325.035   1338.000     4.4461     4.4467   3.351328   3.351314     1.9377     1.6199      47.26   26.05916  -95.54970    0.00015    0.00016     4.4610     4.5026     4.3360     4.3365    34.9615    34.9608    27.7197    27.7191    1498.62    193.856    195.664         35 0.0000e+00
      44415   1850.590   1326.023   1339.000     4.4460     4.4466   3.351367   3.351348     1.9381     1.6203      46.28   26.05916  -95.54970    0.00020    0.00039     4.4631     4.5048     4.3358     4.3364    34.9615    34.9608    27.7197    27.7191    1498.62    193.948    195.760         31 0.0000e+00
      44447   1851.928   1327.010   1340.000     4.4452     4.4454   3.351337   3.351296     1.9388     1.6204      45.28   26.05916  -95.54970    0.00031    0.00033     4.4662     4.5060     4.3349     4.3351    34.9616    34.9609    27.7199    27.7193    1498.61    194.082    195.811         33 0.0000e+00
      44482   1853.354   1327.997   1341.000     4.4448     4.4451   3.351344   3.351307     1.9388     1.6209      44.32   26.05916  -95.54970    0.00034    0.00016     4.4670     4.5084     4.3344     4.3347    34.9616    34.9609    27.7200    27.7193    1498.61    194.117    195.915         36 0.0000e+00
      44517   1854.822   1328.983   1342.000     4.4448     4.4452   3.351385   3.351368     1.9389     1.6214      43.23   26.05916  -95.54970    0.00013    0.00029     4.4680     4.5110     4.3343     4.3347    34.9616    34.9609    27.7199    27.7194    1498.60    194.157    196.027         34 0.0000e+00
      44550   1856.229   1329.971   1343.000     4.4450     4.4454   3.351454   3.351426     1.9391     1.6210      50.62   26.05916  -95.54970    0.00005    0.00023     4.4693     4.5102     4.3344     4.3348    34.9617    34.9609    27.7200    27.7194    1498.59    194.216    195.991         34 0.0000e+00
      44584   1857.634   1330.958   1344.000     4.4451     4.4455   3.351509   3.351480     1.9392     1.6203      48.61   26.05916  -95.54970    0.00010   -0.00022     4.4700     4.5080     4.3345     4.3349    34.9617    34.9609    27.7200    27.7194    1498.59    194.244    195.899         34 0.0000e+00
      44619   1859.087   1331.946   1345.000     4.4449     4.4454   3.351535   3.351509     1.9391     1.6203      40.27   26.05916  -95.54970    0.00006   -0.00034     4.4703     4.5086     4.3342     4.3346    34.9617    34.9609    27.7201    27.7194    1498.58    194.261    195.924         35 0.0000e+00
      44652   1860.472   1332.933   1346.000     4.4440     4.4446   3.351495   3.351478     1.9390     1.6205      39.32   26.05916  -95.54970   -0.00006   -0.00004     4.4706     4.5101     4.3331     4.3338    34.9618    34.9609    27.7202    27.7195    1498.58    194.273    195.987         32 0.0000e+00
      44684   1861.811   1333.920   1347.000     4.4430     4.4436   3.351456   3.351442     1.9390     1.6204      38.32   26.05916  -95.54970   -0.00006    0.00005     4.4715     4.5102     4.3321     4.3327    34.9619    34.9610    27.7204    27.7197    1498.57    194.309    195.992         33 0.0000e+00
      44720   1863.293   1334.907   1348.000     4.4414     4.4421   3.351354   3.351346     1.9389     1.6204      37.34   26.05916  -95.54970   -0.00002   -0.00002     4.4717     4.5109     4.3304     4.3311    34.9618    34.9611    27.7206    27.7199    1498.56    194.320    196.024         38 0.0000e+00
      44757   1864.821   1335.894   1349.000     4.4405     4.4411   3.351324   3.351305     1.9389     1.6203      36.34   26.05916  -95.54970   -0.00004   -0.00005     4.4725     4.5115     4.3294     4.3300    34.9619    34.9611    27.7207    27.7200    1498.56    194.355    196.050         33 0.0000e+00
      44788   1866.127   1336.881   1350.000     4.4406     4.4409   3.351381   3.351345     1.9389     1.6206      35.47   26.05916  -95.54970   -0.00001    0.00004     4.4731     4.5132     4.3294     4.3298    34.9620    34.9612    27.7208    27.7202    1498.55    194.380    196.122         31 0.0000e+00
      44820   1867.449   1337.868   1351.000     4.4403     4.4407   3.351389   3.351368     1.9391     1.6208      34.44   26.05916  -95.54970    0.00005    0.00016     4.4745     4.5146     4.3291     4.3295    34.9619    34.9612    27.7208    27.7202    1498.54    194.442    196.182         34 0.0000e+00
      44857   1868.985   1338.855   1352.000     4.4396     4.4400   3.351373   3.351343     1.9392     1.6204      33.31   26.05916  -95.54970    0.00007    0.00001     4.4754     4.5135     4.3282     4.3287    34.9620    34.9612    27.7209    27.7202    1498.54    194.479    196.136         38 0.0000e+00
      44893   1870.496   1339.842   1353.000     4.4388     4.4396   3.351341   3.351342     1.9393     1.6203      32.47   26.05916  -95.54970    0.00008   -0.00017     4.4766     4.5139     4.3273     4.3282    34.9620    34.9611    27.7210    27.7202    1498.54    194.532    196.153         34 0.0000e+00
      44925   1871.851   1340.830   1354.000     4.4381     4.4387   3.351332   3.351315     1.9393     1.6202      31.57   26.05916  -95.54970    0.00006   -0.00007     4.4772     4.5143     4.3266     4.3272    34.9621    34.9613    27.7212    27.7205    1498.53    194.559    196.169         32 0.0000e+00
      44957   1873.171   1341.816   1355.000     4.4374     4.4380   3.351319   3.351295     1.9394     1.6200      30.45   26.05916  -95.54970    0.00002   -0.00007     4.4783     4.5140     4.3258     4.3264    34.9621    34.9613    27.7213    27.7206    1498.52    194.607    196.157         32 0.0000e+00
      44991   1874.592   1342.803   1356.000     4.4369     4.4374   3.351309   3.351288     1.9391     1.6194      29.55   26.05916  -95.54970   -0.00002   -0.00022     4.4778     4.5124     4.3252     4.3257    34.9621    34.9614    27.7214    27.7207    1498.52    194.586    196.088         36 0.0000e+00
      45027   1876.102   1343.791   1357.000     4.4367     4.4372   3.351337   3.351311     1.9392     1.6196      28.39   26.05916  -95.54970   -0.00006   -0.00022     4.4789     4.5137     4.3249     4.3254    34.9621    34.9613    27.7214    27.7207    1498.51    194.631    196.145         35 0.0000e+00
      45062   1877.526   1344.778   1358.000     4.4364     4.4372   3.351357   3.351345     1.9392     1.6201      27.50   26.05916  -95.54970   -0.00001    0.00011     4.4792     4.5164     4.3246     4.3253    34.9622    34.9612    27.7215    27.7207    1498.51    194.646    196.261         34 0.0000e+00
      45094   1878.895   1345.765   1359.000     4.4358     4.4365   3.351358   3.351341     1.9393     1.6203      26.56   26.05916  -95.54970    0.00004    0.00026     4.4803     4.5176     4.3239     4.3245    34.9622    34.9614    27.7216    27.7209    1498.50    194.693    196.316         32 0.0000e+00
      45128   1880.288   1346.752   1360.000     4.4309     4.4332   3.351049   3.351096     1.9391     1.6202      25.56   26.05916  -95.54970    0.00000    0.00011     4.4805     4.5184     4.3189     4.3212    34.9625    34.9615    27.7224    27.7213    1498.50    194.703    196.347         35 0.0000e+00
      45164   1881.803   1347.739   1361.000     4.4301     4.4309   3.350932   3.350934     1.9390     1.6202      24.60   26.05917  -95.54970   -0.00009   -0.00001     4.4811     4.5191     4.3180     4.3188    34.9624    34.9616    27.7223    27.7217    1498.49    194.726    196.380         36 0.0000e+00
      45197   1883.179   1348.726   1362.000     4.4291     4.4294   3.350894   3.350855     1.9390     1.6203      23.56   26.05916  -95.54970   -0.00009   -0.00001     4.4820     4.5203     4.3169     4.3172    34.9625    34.9617    27.7226    27.7219    1498.48    194.765    196.431         31 0.0000e+00
