Gulf of Mexico/GOMECC-4/1db/rb2103_0681.cnv
* Sea-Bird SBE 9 Data File:
* FileName = C:\Users\scs.user.rb\CTD\GOMECC4\data\rb2103_0681.hex
* Software Version Seasave V 7.26.7.107
* Temperature SN = 4799
* Conductivity SN = 3860
* Number of Bytes Per Scan = 41
* Number of Voltage Words = 4
* Number of Scans Averaged by the Deck Unit = 1
* NMEA Latitude = 26 03.52 N
* NMEA Longitude = 095 32.99 W
* NMEA UTC (Time) = Oct 03 2021  07:00:55
* NMEA baud rate = 4800
# nquan = 28
# nvalues = 462                         
# units = specified
# name 0 = scan: Scan Count
# name 1 = timeS: Time, Elapsed [seconds]
# name 2 = depSM: Depth [salt water, m]
# name 3 = prDM: Pressure, Digiquartz [db]
# name 4 = t090C: Temperature [ITS-90, deg C]
# name 5 = t190C: Temperature, 2 [ITS-90, deg C]
# name 6 = c0S/m: Conductivity [S/m]
# name 7 = c1S/m: Conductivity, 2 [S/m]
# name 8 = sbeox0V: Oxygen raw, SBE 43 [V]
# name 9 = sbeox1V: Oxygen raw, SBE 43, 2 [V]
# name 10 = altM: Altimeter [m]
# name 11 = latitude: Latitude [deg]
# name 12 = longitude: Longitude [deg]
# name 13 = sbox0dV/dT: Oxygen, SBE 43 [dov/dt]
# name 14 = sbox1dV/dT: Oxygen, SBE 43, 2 [dov/dt]
# name 15 = sbeox0ML/L: Oxygen, SBE 43 [ml/l], WS = 5
# name 16 = sbeox1ML/L: Oxygen, SBE 43, 2 [ml/l], WS = 5
# name 17 = potemp090C: Potential Temperature [ITS-90, deg C]
# name 18 = potemp190C: Potential Temperature, 2 [ITS-90, deg C]
# name 19 = sal00: Salinity, Practical [PSU]
# name 20 = sal11: Salinity, Practical, 2 [PSU]
# name 21 = sigma-é00: Density [sigma-theta, kg/m^3]
# name 22 = sigma-é11: Density, 2 [sigma-theta, kg/m^3]
# name 23 = avgsvCM: Average Sound Velocity [Chen-Millero, m/s], minP = 20, minS = 20
# name 24 = sbox0Mm/Kg: Oxygen, SBE 43 [umol/kg], WS = 5
# name 25 = sbox1Mm/Kg: Oxygen, SBE 43, 2 [umol/kg], WS = 5
# name 26 = nbin: number of scans per bin
# name 27 = flag: flag
# span 0 =       7994,     116517       
# span 1 =    333.048,   4854.843       
# span 2 =      0.994,   1362.545       
# span 3 =      1.000,   1376.000       
# span 4 =     4.4284,    29.7754       
# span 5 =     4.4289,    29.7762       
# span 6 =   3.350828,   5.952940       
# span 7 =   3.350789,   5.953215       
# span 8 =     1.5786,     3.3525       
# span 9 =     1.2834,     2.8734       
# span 10 =       9.04,     103.24      
# span 11 =   25.85145,   26.55610      
# span 12 =  -97.36924,  -94.78559      
# span 13 =   -0.02726,    0.02211      
# span 14 =   -0.02569,    0.02184      
# span 15 =     2.4130,     5.0628      
# span 16 =     2.4350,     5.0765      
# span 17 =     4.3159,    29.7732      
# span 18 =     4.3163,    29.7740      
# span 19 =    34.9108,    36.5164      
# span 20 =    34.9102,    36.5174      
# span 21 =    22.2651,    27.7288      
# span 22 =    22.2653,    27.7283      
# span 23 =       0.00,    1559.03      
# span 24 =    104.922,    220.770      
# span 25 =    105.879,    221.364      
# span 26 =         30,         75      
# span 27 = 0.0000e+00, 0.0000e+00      
# interval = decibars: 1                
# start_time = Oct 03 2021 07:00:55 [NMEA time, header]
# bad_flag = -9.990e-29
*END*
[from data line 363]
      87934   3663.875    202.573    204.000    15.8804    15.9021   4.510780   4.513373     1.8054     1.4865     100.00   26.05966  -95.54930    0.00012    0.00041     2.5735     2.5932    15.8480    15.8696    36.1029    36.1064    26.6314    26.6291    1498.41    111.952    112.808         47 0.0000e+00
      88022   3667.530    201.580    203.000    15.8657    15.9964   4.507685   4.524725     1.8063     1.4901     100.00   26.05966  -95.54929    0.00063    0.00088     2.5756     2.5982    15.8335    15.9639    36.0905    36.1204    26.6252    26.6182    1498.41    112.044    113.025         31 0.0000e+00
      88138   3672.392    200.588    202.000    15.9951    16.0262   4.524381   4.528060     1.8099     1.4913     100.00   26.05966  -95.54928    0.00093    0.00061     2.5767     2.5984    15.9628    15.9939    36.1212    36.1254    26.6191    26.6152    1498.41    112.093    113.037         36 0.0000e+00
      89441   3726.651    197.610    199.000    16.2602    16.2648   4.553791   4.555005     1.8202     1.4989      99.93   26.04943  -95.51171    0.00000    0.00018     2.5850     2.6039    16.2280    16.2326    36.1452    36.1463    26.5751    26.5749    1497.82    112.455    113.280         46 0.0000e+00
      89557   3731.516    196.617    198.000    16.2730    16.2882   4.556815   4.558672     1.8207     1.4999      87.86   26.05968  -95.54928    0.00000    0.00026     2.5850     2.6047    16.2411    16.2562    36.1602    36.1621    26.5846    26.5825    1498.41    112.459    113.312         36 0.0000e+00
      89623   3734.267    195.625    197.000    16.2763    16.2830   4.557328   4.558070     1.8212     1.5005     100.49   26.05966  -95.54928    0.00002    0.00038     2.5858     2.6062    16.2445    16.2512    36.1614    36.1619    26.5847    26.5836    1498.41    112.492    113.379         41 0.0000e+00
      89657   3735.667    194.632    196.000    16.2631    16.2825   4.555877   4.558126     1.8213     1.5006      68.37   26.05966  -95.54928    0.00022    0.00004     2.5864     2.6060    16.2315    16.2508    36.1608    36.1633    26.5873    26.5847    1498.41    112.516    113.371         31 0.0000e+00
      89688   3736.954    193.640    195.000    16.3168    16.3050   4.561640   4.560728     1.8219     1.5012      96.20   26.05966  -95.54928    0.00020    0.00011     2.5838     2.6054    16.2821    16.2739    36.1655    36.1667    26.5790    26.5821    1498.41    112.403    113.345         31 0.0000e+00
      89720   3738.277    192.647    194.000    16.3869    16.3887   4.570272   4.570453     1.8241     1.5026     100.02   26.05966  -95.54928    0.00054    0.00048     2.5853     2.6048    16.3555    16.3572    36.1786    36.1773    26.5720    26.5706    1498.41    112.471    113.321         32 0.0000e+00
      90779   3782.432    152.941    154.000    18.5555    18.5880   4.822606   4.826346     1.8644     1.5403      87.71   26.06875  -95.58245    0.00580    0.00619     2.5444     2.5708    18.5283    18.5607    36.4446    36.4506    26.2474    26.2438    1498.93    110.727    111.875         32 0.0000e+00
      90819   3784.100    151.948    153.000    18.5562    18.6497   4.821838   4.831882     1.8661     1.5468      99.86   26.05970  -95.54928    0.00136    0.00257     2.5489     2.5830    18.5292    18.6225    36.4337    36.4363    26.2377    26.2160    1498.41    110.922    112.408         66 0.0000e+00
      92238   3843.216    147.977    149.000    19.0871    19.0997   4.881118   4.882581     1.9887     1.6490     100.00   26.05906  -95.54690    0.00082    0.00111     2.7893     2.8059    19.0602    19.0728    36.4678    36.4691    26.1280    26.1257    1498.37    121.396    122.119         64 0.0000e+00
      92305   3846.018    146.984    148.000    19.0964    19.1018   4.882268   4.882960     1.9884     1.6506     100.00   26.05972  -95.54930    0.00007    0.00077     2.7877     2.8089    19.0697    19.0751    36.4693    36.4705    26.1267    26.1263    1498.41    121.330    122.253         66 0.0000e+00
      92366   3848.538    145.992    147.000    19.1124    19.1203   4.884101   4.884901     1.9876     1.6500     100.00   26.05972  -95.54930   -0.00014   -0.00001     2.7846     2.8063    19.0859    19.0938    36.4700    36.4708    26.1231    26.1217    1498.41    121.196    122.139         49 0.0000e+00
      92408   3850.280    144.999    146.000    19.1281    19.1199   4.886087   4.885368     1.9831     1.6482     100.00   26.05972  -95.54930   -0.00106   -0.00042     2.7736     2.8016    19.1017    19.0935    36.4743    36.4755    26.1223    26.1254    1498.41    120.713    121.935         37 0.0000e+00
      92442   3851.699    144.006    145.000    19.2163    19.2137   4.896278   4.896211     1.9732     1.6363      77.08   26.05972  -95.54930   -0.00342   -0.00254     2.7464     2.7675    19.1900    19.1874    36.4827    36.4844    26.1059    26.1078    1498.41    119.533    120.452         33 0.0000e+00
      92474   3853.028    143.013    144.000    19.3222    19.3364   4.908876   4.910173     1.9548     1.6086      99.61   26.05972  -95.54930   -0.00750   -0.00937     2.6998     2.6942    19.2960    19.3101    36.4956    36.4940    26.0882    26.0833    1498.41    117.506    117.263         30 0.0000e+00
      92877   3869.826    128.121    129.000    19.9423    19.9436   4.975528   4.976110     1.9042     1.5701     100.00   26.06052  -95.55220    0.00336    0.00292     2.5524     2.5670    19.9184    19.9196    36.5137    36.5174    25.9387    25.9412    1498.46    111.107    111.745         31 0.0000e+00
      93002   3875.031    124.149    125.000    20.0684    20.1225   4.987372   4.992562     1.9505     1.6260      99.99   26.05591  -95.53530    0.00997    0.01213     2.6433     2.6895    20.0463    20.0991    36.4999    36.4968    25.8936    25.8771    1498.19    115.069    117.082         42 0.0000e+00
      93964   3915.144    119.184    120.000    20.3906    20.4250   5.013929   5.017332     2.0853     1.7493      99.96   26.05056  -95.51566    0.00588    0.00365     2.9175     2.9629    20.3679    20.4023    36.4440    36.4383    25.7643    25.7505    1497.88    127.022    128.999         69 0.0000e+00
      94789   3949.503    118.192    119.000    20.4973    20.5136   5.023315   5.024787     2.1507     1.7956     100.00   26.05972  -95.54924    0.00015    0.00177     3.0480     3.0664    20.4748    20.4910    36.4290    36.4271    25.7251    25.7192    1498.41    132.710    133.512         70 0.0000e+00
      94842   3951.723    117.199    118.000    20.5021    20.5131   5.023491   5.024660     2.1503     1.7989     100.00   26.05972  -95.54924    0.00008    0.00197     3.0465     3.0738    20.4797    20.4907    36.4268    36.4268    25.7221    25.7191    1498.41    132.647    133.834         44 0.0000e+00
      94878   3953.203    116.206    117.000    20.5141    20.5181   5.024352   5.025100     2.1524     1.7999     100.00   26.05972  -95.54924    0.00055    0.00107     3.0504     3.0751    20.4919    20.4959    36.4191    36.4230    25.7129    25.7148    1498.41    132.817    133.890         35 0.0000e+00
      94915   3954.735    115.213    116.000    20.5720    20.5548   5.027635   5.026762     2.1680     1.8093     100.00   26.05972  -95.54924    0.00348    0.00205     3.0798     3.0952    20.5500    20.5328    36.4019    36.4096    25.6841    25.6946    1498.41    134.099    134.768         38 0.0000e+00
      94951   3956.250    114.220    115.000    20.5851    20.5721   5.028863   5.028066     2.1836     1.8195      64.84   26.05972  -95.54924    0.00870    0.00538     3.1119     3.1179    20.5633    20.5502    36.4002    36.4050    25.6792    25.6864    1498.41    135.496    135.756         33 0.0000e+00
      94981   3957.519    113.227    114.000    20.6100    20.5992   5.030748   5.030079     2.1940     1.8310      59.19   26.05972  -95.54924    0.01041    0.00740     3.1290     3.1374    20.5883    20.5775    36.3946    36.3984    25.6682    25.6740    1498.41    136.245    136.609         30 0.0000e+00
      95014   3958.856    112.234    113.000    20.6868    20.6829   5.036947   5.036919     2.2097     1.8558      99.42   26.05972  -95.54924    0.00969    0.01023     3.1632     3.1955    20.6653    20.6614    36.3795    36.3827    25.6358    25.6393    1498.41    137.736    139.144         35 0.0000e+00
      95049   3960.341    111.241    112.000    20.7250    20.7292   5.040610   5.041074     2.2308     1.8727     100.00   26.05972  -95.54924    0.01168    0.01412     3.2026     3.2324    20.7036    20.7079    36.3769    36.3771    25.6235    25.6224    1498.41    139.455    140.751         34 0.0000e+00
      95082   3961.696    110.248    111.000    20.7599    20.7595   5.043685   5.043915     2.2452     1.8831     100.00   26.05973  -95.54924    0.01300    0.01301     3.2308     3.2544    20.7387    20.7383    36.3724    36.3746    25.6104    25.6122    1498.41    140.685    141.714         31 0.0000e+00
      95114   3963.040    109.255    110.000    20.7693    20.7744   5.042806   5.043579     2.2649     1.9009      94.38   26.05973  -95.54924    0.01221    0.01000     3.2717     3.2947    20.7483    20.7534    36.3575    36.3595    25.5965    25.5966    1498.41    142.467    143.469         33 0.0000e+00
      95148   3964.469    108.262    109.000    20.7766    20.7810   5.042551   5.043072     2.2951     1.9305     100.04   26.05974  -95.54924    0.01535    0.01407     3.3351     3.3630    20.7558    20.7602    36.3496    36.3500    25.5884    25.5875    1498.41    145.229    146.444         35 0.0000e+00
      95181   3965.854    107.269    108.000    20.8002    20.7926   5.043062   5.042843     2.3190     1.9504     100.00   26.05974  -95.54924    0.01912    0.01769     3.3840     3.4086    20.7796    20.7719    36.3339    36.3387    25.5700    25.5757    1498.41    147.364    148.431         32 0.0000e+00
      95214   3967.192    106.276    107.000    20.8116    20.8071   5.042888   5.043008     2.3380     1.9684     100.00   26.05974  -95.54924    0.01763    0.01568     3.4233     3.4492    20.7911    20.7866    36.3232    36.3282    25.5587    25.5637    1498.41    149.073    150.203         33 0.0000e+00
      95247   3968.602    105.283    106.000    20.8273    20.8164   5.043229   5.043046     2.3543     1.9822      86.24   26.05974  -95.54924    0.01418    0.01293     3.4565     3.4804    20.8071    20.7961    36.3128    36.3207    25.5465    25.5554    1498.41    150.522    151.563         35 0.0000e+00
      95283   3970.083    104.290    105.000    20.8418    20.8321   5.044713   5.043678     2.3692     1.9933      99.02   26.05974  -95.54924    0.01174    0.00977     3.4810     3.5024    20.8217    20.8119    36.3079    36.3114    25.5387    25.5441    1498.41    151.589    152.522         35 0.0000e+00
      95317   3971.498    103.297    104.000    20.9140    20.8870   5.047838   5.046146     2.3855     2.0037     100.01   26.05974  -95.54924    0.01039    0.00763     3.5166     3.5259    20.8940    20.8671    36.2770    36.2862    25.4954    25.5098    1498.41    153.147    153.551         32 0.0000e+00
      95348   3972.784    102.304    103.000    20.9731    20.9597   5.052723   5.051661     2.4101     2.0245     100.00   26.05974  -95.54924    0.01259    0.00913     3.5641     3.5694    20.9533    20.9400    36.2665    36.2692    25.4712    25.4770    1498.41    155.218    155.447         31 0.0000e+00
      95380   3974.134    101.311    102.000    21.0128    21.0279   5.057199   5.057828     2.4348     2.0510      63.17   26.05974  -95.54924    0.01702    0.01459     3.6128     3.6261    20.9931    21.0086    36.2692    36.2656    25.4624    25.4569    1498.41    157.342    157.923         35 0.0000e+00
      95417   3975.651    100.318    101.000    21.0851    21.0612   5.065860   5.061438     2.4548     2.0736     100.68   26.05974  -95.54924    0.01725    0.01794     3.6515     3.6771    21.0734    21.0419    36.2731    36.2640    25.4433    25.4456    1498.41    159.032    160.144         35 0.0000e+00
      95449   3977.014     99.325    100.000    21.1586    21.1276   5.072134   5.069289     2.4737     2.0864     100.00   26.05974  -95.54924    0.01407    0.01453     3.6836     3.7001    21.1392    21.1083    36.2664    36.2697    25.4202    25.4312    1498.41    160.431    161.149         31 0.0000e+00
      95482   3978.359     98.332     99.000    21.1958    21.1959   5.076033   5.076202     2.4925     2.1034     100.00   26.05974  -95.54924    0.01365    0.01128     3.7200     3.7345    21.1766    21.1767    36.2665    36.2678    25.4100    25.4109    1498.41    162.016    162.649         34 0.0000e+00
      95516   3979.808     97.339     98.000    21.2256    21.2223   5.079079   5.078519     2.5091     2.1241     100.00   26.05974  -95.54923    0.01347    0.01235     3.7521     3.7801    21.2066    21.2033    36.2661    36.2668    25.4014    25.4028    1498.41    163.418    164.635         35 0.0000e+00
      95549   3981.154     96.346     97.000    21.2897    21.2704   5.085773   5.083735     2.5230     2.1385     100.00   26.05974  -95.54922    0.01153    0.01324     3.7761     3.8094    21.2708    21.2515    36.2659    36.2659    25.3835    25.3889    1498.41    164.466    165.914         31 0.0000e+00
      95581   3982.518     95.353     96.000    21.3452    21.2753   5.091201   5.084531     2.5455     2.1509     100.00   26.05974  -95.54922    0.01221    0.01122     3.8188     3.8371    21.3265    21.2566    36.2628    36.2685    25.3658    25.3894    1498.41    166.328    167.120         35 0.0000e+00
      95618   3984.052     94.360     95.000    21.3744    21.3484   5.094095   5.091771     2.5802     2.1659     100.00   26.05974  -95.54923    0.01836    0.00916     3.8888     3.8661    21.3559    21.3299    36.2616    36.2650    25.3568    25.3665    1498.41    169.378    168.390         36 0.0000e+00
      95651   3985.437     93.367     94.000    21.4461    21.4178   5.100573   5.098217     2.6067     2.1985     100.00   26.05974  -95.54922    0.02023    0.01272     3.9384     3.9358    21.4277    21.3995    36.2532    36.2582    25.3305    25.3421    1498.41    171.543    171.430         31 0.0000e+00
      95683   3986.746     92.374     93.000    21.5317    21.4982   5.109589   5.106475     2.6417     2.2360     100.00   26.05974  -95.54924    0.02130    0.02128     4.0045     4.0158    21.5135    21.4801    36.2533    36.2567    25.3068    25.3186    1498.41    174.425    174.915         32 0.0000e+00
      95950   3997.877     89.395     90.000    21.9880    21.9739   5.156639   5.153659     2.7367     2.3294      98.62   26.03398  -95.45475    0.00398    0.00169     4.1654     4.1921    21.9773    21.9560    36.2294    36.2191    25.1562    25.1531    1496.93    181.458    182.622         31 0.0000e+00
      97607   4066.898     87.409     88.000    22.0967    22.0938   5.173635   5.173441     2.7657     2.3533      95.91   26.09994  -95.69653    0.00018    0.00092     4.2148     4.2376    22.0792    22.0763    36.3089    36.3110    25.1963    25.1987    1500.72    183.613    184.607         48 0.0000e+00
      97511   4062.922     86.416     87.000    22.0587    22.0842   5.165238   5.168225     2.7626     2.3521      87.23   26.05976  -95.54926    0.00060    0.00097     4.2106     4.2343    22.0414    22.0669    36.2552    36.2567    25.1603    25.1542    1498.41    183.429    184.464         66 0.0000e+00
      97579   4065.759     85.423     86.000    22.0685    22.1049   5.166540   5.170452     2.7632     2.3553     100.79   26.05976  -95.54926   -0.00009    0.00090     4.2103     4.2393    22.0513    22.0878    36.2553    36.2573    25.1575    25.1488    1498.41    183.416    184.684         58 0.0000e+00
