Gulf of Mexico/GOMECC-4/1db/rb2103_1211.cnv
* Sea-Bird SBE 9 Data File:
* FileName = C:\Users\scs.user.rb\CTD\GOMECC4\data\rb2103_1211.hex
* Software Version Seasave V 7.26.7.107
* Temperature SN = 4799
* Conductivity SN = 3860
* Number of Bytes Per Scan = 41
* Number of Voltage Words = 4
* Number of Scans Averaged by the Deck Unit = 1
* NMEA Latitude = 24 24.00 N
* NMEA Longitude = 080 37.48 W
* NMEA UTC (Time) = Oct 17 2021  18:24:48
* NMEA baud rate = 4800
# nquan = 28
# nvalues = 430                         
# units = specified
# name 0 = scan: Scan Count
# name 1 = timeS: Time, Elapsed [seconds]
# name 2 = depSM: Depth [salt water, m]
# name 3 = prDM: Pressure, Digiquartz [db]
# name 4 = t090C: Temperature [ITS-90, deg C]
# name 5 = t190C: Temperature, 2 [ITS-90, deg C]
# name 6 = c0S/m: Conductivity [S/m]
# name 7 = c1S/m: Conductivity, 2 [S/m]
# name 8 = sbeox0V: Oxygen raw, SBE 43 [V]
# name 9 = sbeox1V: Oxygen raw, SBE 43, 2 [V]
# name 10 = altM: Altimeter [m]
# name 11 = latitude: Latitude [deg]
# name 12 = longitude: Longitude [deg]
# name 13 = sbox0dV/dT: Oxygen, SBE 43 [dov/dt]
# name 14 = sbox1dV/dT: Oxygen, SBE 43, 2 [dov/dt]
# name 15 = sbeox0ML/L: Oxygen, SBE 43 [ml/l], WS = 5
# name 16 = sbeox1ML/L: Oxygen, SBE 43, 2 [ml/l], WS = 5
# name 17 = potemp090C: Potential Temperature [ITS-90, deg C]
# name 18 = potemp190C: Potential Temperature, 2 [ITS-90, deg C]
# name 19 = sal00: Salinity, Practical [PSU]
# name 20 = sal11: Salinity, Practical, 2 [PSU]
# name 21 = sigma-é00: Density [sigma-theta, kg/m^3]
# name 22 = sigma-é11: Density, 2 [sigma-theta, kg/m^3]
# name 23 = avgsvCM: Average Sound Velocity [Chen-Millero, m/s], minP = 20, minS = 20
# name 24 = sbox0Mm/Kg: Oxygen, SBE 43 [umol/kg], WS = 5
# name 25 = sbox1Mm/Kg: Oxygen, SBE 43, 2 [umol/kg], WS = 5
# name 26 = nbin: number of scans per bin
# name 27 = flag: flag
# span 0 =      22597,      77438       
# span 1 =    941.498,   3226.540       
# span 2 =      0.994,    357.389       
# span 3 =      1.000,    360.000       
# span 4 =    12.4506,    29.1284       
# span 5 =    12.4499,    29.1803       
# span 6 =   4.118519,   5.928156       
# span 7 =   4.118575,   5.928503       
# span 8 =     1.7887,     3.2070       
# span 9 =     1.4720,     2.7179       
# span 10 =      13.17,     104.51      
# span 11 =   22.55827,   24.51490      
# span 12 =  -80.93901,  -74.46373      
# span 13 =   -0.02051,    0.01349      
# span 14 =   -0.01967,    0.01388      
# span 15 =     2.7984,     4.5442      
# span 16 =     2.8119,     4.5240      
# span 17 =    12.4019,    29.1282      
# span 18 =    12.4012,    29.1800      
# span 19 =    33.4673,    36.9578      
# span 20 =    33.4690,    36.9597      
# span 21 =    21.2116,    26.9575      
# span 22 =    21.2077,    26.9576      
# span 23 =       0.00,    1548.02      
# span 24 =    121.695,    198.342      
# span 25 =    122.286,    197.464      
# span 26 =         30,         79      
# span 27 = 0.0000e+00, 0.0000e+00      
# interval = decibars: 1                
# start_time = Oct 17 2021 18:24:48 [NMEA time, header]
# bad_flag = -9.990e-29
*END*
[from data line 311]
      47410   1975.360    181.750    183.000    19.6644    19.6645   4.971620   4.971825     2.3707     1.9917     100.00   24.40802  -80.60923    0.00160    0.00117     3.5976     3.6038    19.6307    19.6307    36.7036    36.7053    26.1597    26.1610    1527.46    156.572    156.841         32 0.0000e+00
      47469   1977.830    179.765    181.000    19.7089    19.7043   4.977018   4.976447     2.3724     1.9925     100.00   24.40774  -80.60823    0.00105    0.00073     3.5972     3.6022    19.6755    19.6709    36.7100    36.7093    26.1527    26.1534    1527.44    156.554    156.775         30 0.0000e+00
      47499   1979.098    178.772    180.000    19.7316    19.7314   4.979682   4.979881     2.3728     1.9942     100.00   24.40804  -80.60920    0.00049    0.00056     3.5959     3.6039    19.6983    19.6981    36.7127    36.7146    26.1488    26.1503    1527.46    156.502    156.848         30 0.0000e+00
      47530   1980.391    177.779    179.000    19.7570    19.7525   4.982689   4.982278     2.3746     1.9954     100.00   24.40804  -80.60918    0.00048    0.00109     3.5974     3.6047    19.7239    19.7194    36.7158    36.7163    26.1444    26.1460    1527.46    156.568    156.885         31 0.0000e+00
      47561   1981.670    176.786    178.000    19.8181    19.8279   4.989834   4.991144     2.3754     1.9963     100.00   24.40805  -80.60917    0.00089    0.00108     3.5944     3.6013    19.7851    19.7948    36.7219    36.7241    26.1329    26.1320    1527.46    156.436    156.737         30 0.0000e+00
      47591   1982.905    175.794    177.000    19.8889    19.8865   4.998282   4.998310     2.3759     1.9954     100.00   24.40806  -80.60916    0.00087    0.00053     3.5897     3.5943    19.8560    19.8536    36.7302    36.7325    26.1205    26.1228    1527.46    156.235    156.435         30 0.0000e+00
      47620   1984.145    174.801    176.000    19.9386    19.9543   5.004166   5.006305     2.3747     1.9940     100.00   24.40806  -80.60914    0.00024   -0.00038     3.5831     3.5862    19.9058    19.9215    36.7356    36.7396    26.1114    26.1102    1527.46    155.947    156.082         30 0.0000e+00
      47650   1985.387    173.808    175.000    19.9917    19.9891   5.010584   5.010354     2.3725     1.9924     100.00   24.40807  -80.60914   -0.00069   -0.00103     3.5739     3.5794    19.9590    19.9564    36.7426    36.7430    26.1026    26.1035    1527.46    155.552    155.788         30 0.0000e+00
      48169   2006.998    156.930    158.000    20.8013    20.8223   5.107055   5.109775     2.3453     1.9656      79.86   24.42251  -80.65627    0.00015    0.00026     3.4504     3.4533    20.7710    20.7920    36.8413    36.8458    25.9611    25.9590    1528.36    150.199    150.323         35 0.0000e+00
      48221   2009.178    155.937    157.000    20.8508    20.8145   5.110246   5.107076     2.3436     1.9633      97.97   24.40819  -80.60890   -0.00002   -0.00020     3.4436     3.4481    20.8206    20.7844    36.8201    36.8231    25.9294    25.9416    1527.46    149.903    150.097         59 0.0000e+00
      48325   2013.495    153.952    155.000    21.0380    21.0213   5.127778   5.125989     2.3471     1.9664      99.93   24.37127  -80.48676    0.00015    0.00096     3.4371     3.4410    21.0079    20.9914    36.7817    36.7777    25.8435    25.8450    1525.15    149.630    149.797         37 0.0000e+00
      48597   2024.828    151.966    153.000    21.0730    21.0776   5.134957   5.136089     2.3505     1.9719      99.95   24.39638  -80.56942    0.00023    0.00084     3.4418     3.4492    21.0434    21.0480    36.8276    36.8254    25.8726    25.8694    1526.72    149.831    150.156         56 0.0000e+00
      48829   2034.484    149.980    151.000    21.1529    21.1834   5.146149   5.149673     2.3572     1.9774      79.80   24.40833  -80.60864    0.00034    0.00020     3.4494     3.4546    21.1236    21.1540    36.8495    36.8525    25.8687    25.8625    1527.46    150.166    150.392         63 0.0000e+00
      50075   2086.422    148.987    150.000    21.2936    21.2939   5.162587   5.162809     2.3648     1.9813      97.56   24.40861  -80.60810    0.00028   -0.00019     3.4550     3.4560    21.2643    21.2646    36.8606    36.8622    25.8383    25.8394    1527.46    150.413    150.456         39 0.0000e+00
      50313   2096.340    147.994    149.000    21.3283    21.3225   5.166133   5.165839     2.3615     1.9782     100.00   24.40867  -80.60800   -0.00097   -0.00105     3.4451     3.4464    21.2993    21.2934    36.8595    36.8622    25.8277    25.8314    1527.46    149.986    150.041         37 0.0000e+00
      50401   2099.998    147.002    148.000    21.3466    21.3396   5.168119   5.167544     2.3577     1.9755      59.14   24.40868  -80.60796   -0.00110   -0.00090     3.4356     3.4387    21.3176    21.3106    36.8597    36.8613    25.8228    25.8259    1527.46    149.573    149.707         63 0.0000e+00
      50494   2103.892    146.009    147.000    21.3559    21.3534   5.169060   5.168665     2.3535     1.9738      94.59   24.40871  -80.60792   -0.00102   -0.00028     3.4256     3.4337    21.3272    21.3247    36.8600    36.8601    25.8203    25.8212    1527.46    149.138    149.489         42 0.0000e+00
      50554   2106.381    145.016    146.000    21.4006    21.4072   5.173633   5.174510     2.3533     1.9729      96.06   24.40872  -80.60789   -0.00032   -0.00020     3.4221     3.4277    21.3721    21.3786    36.8586    36.8600    25.8069    25.8061    1527.46    148.984    149.230         52 0.0000e+00
      50613   2108.832    144.023    145.000    21.4865    21.4821   5.183039   5.182488     2.3523     1.9695      99.19   24.40873  -80.60787   -0.00006   -0.00098     3.4139     3.4150    21.4580    21.4537    36.8598    36.8600    25.7839    25.7852    1527.46    148.631    148.679         64 0.0000e+00
      50668   2111.114    143.030    144.000    21.4991    21.5008   5.184608   5.184766     2.3496     1.9693      74.26   24.40874  -80.60784   -0.00104   -0.00085     3.4067     3.4128    21.4708    21.4725    36.8628    36.8626    25.7826    25.7820    1527.46    148.321    148.585         44 0.0000e+00
      50708   2112.778    142.037    143.000    21.5940    21.6055   5.194918   5.196127     2.3490     1.9688      99.80   24.40876  -80.60783   -0.00099   -0.00006     3.3991     3.4055    21.5658    21.5773    36.8663    36.8641    25.7588    25.7539    1527.46    147.991    148.270         39 0.0000e+00
      50749   2114.501    141.044    142.000    21.7330    21.7424   5.210838   5.211433     2.3506     1.9686     100.00   24.40877  -80.60781    0.00012   -0.00010     3.3926     3.3953    21.7049    21.7143    36.8726    36.8693    25.7246    25.7195    1527.46    147.715    147.833         44 0.0000e+00
      50795   2116.398    140.051    141.000    21.8605    21.8527   5.224842   5.224733     2.3520     1.9690     100.00   24.40878  -80.60779    0.00084   -0.00023     3.3867     3.3884    21.8325    21.8247    36.8755    36.8812    25.6909    25.6975    1527.46    147.462    147.537         45 0.0000e+00
      50839   2118.233    139.058    140.000    21.9373    21.9458   5.234861   5.235895     2.3536     1.9714     100.00   24.40879  -80.60777    0.00073    0.00086     3.3843     3.3882    21.9094    21.9179    36.8898    36.8908    25.6802    25.6785    1527.46    147.356    147.530         44 0.0000e+00
      50880   2119.970    138.065    139.000    21.9996    22.0226   5.242274   5.244828     2.3553     1.9731     100.00   24.40880  -80.60776    0.00089    0.00121     3.3834     3.3868    21.9719    21.9948    36.8958    36.8965    25.6671    25.6611    1527.46    147.323    147.472         39 0.0000e+00
      50918   2121.538    137.073    138.000    22.1054    22.0894   5.254133   5.252890     2.3586     1.9746     100.00   24.40881  -80.60773    0.00139    0.00092     3.3829     3.3856    22.0778    22.0618    36.9000    36.9037    25.6403    25.6477    1527.46    147.301    147.418         37 0.0000e+00
      50953   2122.998    136.079    137.000    22.1748    22.1769   5.262536   5.262885     2.3611     1.9762     100.00   24.40882  -80.60772    0.00180    0.00088     3.3830     3.3835    22.1473    22.1494    36.9077    36.9086    25.6264    25.6266    1527.46    147.308    147.333         34 0.0000e+00
      50990   2124.533    135.086    136.000    22.2549    22.2596   5.272100   5.272661     2.3647     1.9796     100.00   24.40882  -80.60771    0.00201    0.00142     3.3846     3.3856    22.2275    22.2322    36.9154    36.9158    25.6095    25.6085    1527.46    147.383    147.424         39 0.0000e+00
      51029   2126.164    134.094    135.000    22.2870    22.2750   5.275722   5.274438     2.3662     1.9827     100.00   24.40884  -80.60768    0.00182    0.00215     3.3851     3.3914    22.2599    22.2478    36.9170    36.9171    25.6015    25.6050    1527.46    147.406    147.678         38 0.0000e+00
      51066   2127.697    133.101    134.000    22.3210    22.3134   5.279827   5.279168     2.3685     1.9829     100.00   24.40884  -80.60767    0.00125    0.00141     3.3872     3.3889    22.2940    22.2863    36.9208    36.9221    25.5946    25.5978    1527.46    147.499    147.572         36 0.0000e+00
      51101   2129.170    132.107    133.000    22.3482    22.3430   5.283079   5.282623     2.3709     1.9839     100.00   24.40884  -80.60766    0.00132    0.00043     3.3900     3.3890    22.3214    22.3161    36.9237    36.9246    25.5890    25.5912    1527.46    147.620    147.576         35 0.0000e+00
      51137   2130.669    131.115    132.000    22.3844    22.3721   5.287349   5.285930     2.3722     1.9863     100.00   24.40886  -80.60764    0.00144    0.00089     3.3899     3.3921    22.3577    22.3455    36.9269    36.9262    25.5811    25.5840    1527.46    147.615    147.712         37 0.0000e+00
      51173   2132.173    130.121    131.000    22.4110    22.4069   5.290349   5.289838     2.3739     1.9880     100.00   24.40886  -80.60762    0.00115    0.00135     3.3911     3.3935    22.3845    22.3805    36.9283    36.9277    25.5745    25.5752    1527.46    147.672    147.776         35 0.0000e+00
      51209   2133.674    129.129    130.000    22.4828    22.4584   5.298010   5.295378     2.3767     1.9899      99.95   24.40888  -80.60761    0.00121    0.00121     3.3923     3.3943    22.4565    22.4321    36.9318    36.9289    25.5565    25.5613    1527.46    147.724    147.813         36 0.0000e+00
      51245   2135.185    128.136    129.000    22.5447    22.5415   5.305355   5.305104     2.3804     1.9918      99.88   24.40888  -80.60758    0.00188    0.00121     3.3949     3.3929    22.5186    22.5153    36.9335    36.9342    25.5400    25.5415    1527.46    147.840    147.753         36 0.0000e+00
      51282   2136.705    127.143    128.000    22.6090    22.6074   5.312966   5.312393     2.3838     1.9926     100.00   24.40889  -80.60757    0.00235    0.00107     3.3967     3.3912    22.5829    22.5814    36.9391    36.9359    25.5258    25.5238    1527.46    147.921    147.682         36 0.0000e+00
      51318   2138.212    126.150    127.000    22.7257    22.6944   5.326079   5.322264     2.3870     1.9979     100.00   24.40890  -80.60755    0.00228    0.00173     3.3957     3.3966    22.6998    22.6685    36.9433    36.9399    25.4953    25.5018    1527.46    147.882    147.918         36 0.0000e+00
      51355   2139.765    125.157    126.000    22.8076    22.7978   5.335073   5.333933     2.3892     2.0000      75.82   24.40891  -80.60754    0.00187    0.00227     3.3946     3.3946    22.7818    22.7720    36.9447    36.9441    25.4727    25.4750    1527.46    147.839    147.836         38 0.0000e+00
      51392   2141.303    124.164    125.000    22.8845    22.8694   5.343400   5.341981     2.3934     2.0024     100.18   24.40892  -80.60752    0.00192    0.00160     3.3979     3.3952    22.8589    22.8438    36.9451    36.9468    25.4506    25.4563    1527.46    147.984    147.865         35 0.0000e+00
      51427   2142.761    123.170    124.000    23.0189    23.0278   5.358302   5.358908     2.3989     2.0078     100.00   24.40893  -80.60751    0.00280    0.00199     3.3999     3.3974    22.9934    23.0022    36.9482    36.9455    25.4140    25.4093    1527.46    148.075    147.970         35 0.0000e+00
      51462   2144.216    122.178    123.000    23.2842    23.2563   5.386599   5.382190     2.4100     2.0177     100.00   24.40894  -80.60749    0.00442    0.00412     3.4050     3.4057    23.2587    23.2308    36.9450    36.9343    25.3340    25.3341    1527.46    148.312    148.339         36 0.0000e+00
      51499   2145.759    121.185    122.000    23.4716    23.4192   5.407593   5.400726     2.4321     2.0332     100.00   24.40894  -80.60747    0.00918    0.00727     3.4369     3.4298    23.4462    23.3938    36.9504    36.9414    25.2831    25.2917    1527.46    149.705    149.398         38 0.0000e+00
      51536   2147.304    120.191    121.000    23.5228    23.5108   5.412585   5.410472     2.4529     2.0501     100.00   24.40896  -80.60745    0.01349    0.00990     3.4751     3.4612    23.4975    23.4855    36.9464    36.9402    25.2649    25.2637    1527.46    151.373    150.769         35 0.0000e+00
      51571   2148.754    119.199    120.000    23.5794    23.5732   5.416911   5.416515     2.4675     2.0675     100.00   24.40896  -80.60744    0.01300    0.01119     3.5006     3.4956    23.5543    23.5481    36.9327    36.9349    25.2378    25.2413    1527.46    152.488    152.272         35 0.0000e+00
      51607   2150.238    118.205    119.000    23.6167    23.6139   5.419810   5.419697     2.4793     2.0812     100.00   24.40898  -80.60742    0.01000    0.01111     3.5214     3.5230    23.5918    23.5889    36.9242    36.9257    25.2203    25.2222    1527.46    153.399    153.465         37 0.0000e+00
      51644   2151.803    117.213    118.000    23.6494    23.6540   5.422377   5.422861     2.4887     2.0910      60.88   24.40898  -80.60741    0.00763    0.00887     3.5378     3.5420    23.6247    23.6292    36.9170    36.9169    25.2051    25.2037    1527.46    154.115    154.296         38 0.0000e+00
      51683   2153.400    116.219    117.000    23.6849    23.6958   5.425413   5.427112     2.4955     2.0967     100.10   24.40900  -80.60739    0.00581    0.00563     3.5485     3.5515    23.6549    23.6712    36.9155    36.9150    25.1950    25.1898    1527.46    154.583    154.712         38 0.0000e+00
      51719   2154.901    115.226    116.000    23.7223    23.7323   5.430168   5.431530     2.5015     2.1011     100.00   24.40900  -80.60737    0.00407    0.00366     3.5574     3.5585    23.6980    23.7079    36.9167    36.9188    25.1831    25.1818    1527.46    154.971    155.021         34 0.0000e+00
      51753   2156.315    114.233    115.000    23.7563    23.7644   5.434248   5.435660     2.5048     2.1023     100.00   24.40901  -80.60735    0.00339    0.00258     3.5615     3.5586    23.7321    23.7401    36.9200    36.9241    25.1755    25.1763    1527.46    155.151    155.025         34 0.0000e+00
      51787   2157.733    113.240    114.000    23.8075    23.8294   5.440153   5.443124     2.5057     2.1053     100.00   24.40902  -80.60734    0.00248    0.00153     3.5587     3.5604    23.7793    23.8053    36.9263    36.9259    25.1663    25.1583    1527.46    155.028    155.106         35 0.0000e+00
      51825   2159.319    112.247    113.000    23.9299    23.9339   5.454871   5.455875     2.5132     2.1086     100.00   24.40902  -80.60732    0.00237    0.00192     3.5654     3.5608    23.9059    23.9100    36.9341    36.9384    25.1345    25.1366    1527.46    155.327    155.126         41 0.0000e+00
