Gulf of Mexico/GOMECC-4/1db/rb2103_1271.ros
* Sea-Bird SBE 9 Data File:
* FileName = C:\Users\scs.user.rb\CTD\GOMECC4\data\rb2103_1271.hex
* Software Version Seasave V 7.26.7.107
* Temperature SN = 4799
* Conductivity SN = 3860
* Number of Bytes Per Scan = 41
* Number of Voltage Words = 4
* Number of Scans Averaged by the Deck Unit = 1
* NMEA Latitude = 26 40.12 N
* NMEA Longitude = 082 25.01 W
* NMEA UTC (Time) = Oct 19 2021  02:30:00
* NMEA baud rate = 4800
# nquan = 17
# nvalues = 266                                   
# units = specified
# name 0 = scan: Scan Count
# name 1 = timeS: Time, Elapsed [seconds]
# name 2 = depSM: Depth [salt water, m]
# name 3 = prDM: Pressure, Digiquartz [db]
# name 4 = t090C: Temperature [ITS-90, deg C]
# name 5 = t190C: Temperature, 2 [ITS-90, deg C]
# name 6 = c0S/m: Conductivity [S/m]
# name 7 = c1S/m: Conductivity, 2 [S/m]
# name 8 = sbeox0V: Oxygen raw, SBE 43 [V]
# name 9 = sbeox1V: Oxygen raw, SBE 43, 2 [V]
# name 10 = altM: Altimeter [m]
# name 11 = latitude: Latitude [deg]
# name 12 = longitude: Longitude [deg]
# name 13 = sbox0dV/dT: Oxygen, SBE 43 [dov/dt]
# name 14 = sbox1dV/dT: Oxygen, SBE 43, 2 [dov/dt]
# name 15 = nbf: Bottles Fired
# name 16 = flag:  0.000e+00
# interval = seconds: 0.0416667
# start_time = Oct 19 2021 02:30:00 [NMEA time, header]
# bad_flag = -9.990e-29
*END*
[from data line 171]
      20194    841.375      3.312      3.333    28.6873    28.6881   5.769239   5.769460     2.6032     2.1685      13.43   26.66876  -82.41680    0.00075   -0.00180          2  0.000e+00
      20195    841.417      3.312      3.333    28.6873    28.6881   5.769208   5.769460     2.6032     2.1685      13.43   26.66876  -82.41680    0.00072   -0.00179          2  0.000e+00
      20196    841.458      3.312      3.333    28.6873    28.6878   5.769216   5.769452     2.6032     2.1685      13.43   26.66876  -82.41680    0.00069   -0.00178          2  0.000e+00
      20197    841.500      3.312      3.333    28.6875    28.6878   5.769231   5.769484     2.6032     2.1697      13.43   26.66876  -82.41680    0.00067   -0.00175          2  0.000e+00
      20198    841.542      3.312      3.333    28.6873    28.6879   5.769263   5.769500     2.6032     2.1697      13.43   26.66876  -82.41680    0.00067   -0.00171          2  0.000e+00
      20199    841.583      3.359      3.381    28.6871    28.6881   5.769279   5.769500     2.6032     2.1709      13.43   26.66876  -82.41680    0.00064   -0.00164          2  0.000e+00
      20200    841.625      3.305      3.327    28.6867    28.6877   5.769169   5.769428     2.6032     2.1709      13.43   26.66876  -82.41680    0.00062   -0.00159          2  0.000e+00
      20201    841.667      3.359      3.381    28.6867    28.6877   5.769137   5.769412     2.6032     2.1709      13.43   26.66876  -82.41680    0.00060   -0.00153          2  0.000e+00
      20202    841.708      3.312      3.333    28.6866    28.6877   5.769098   5.769404     2.6032     2.1709      13.43   26.66876  -82.41680    0.00058   -0.00147          2  0.000e+00
      20203    841.750      3.312      3.333    28.6867    28.6876   5.769090   5.769332     2.6032     2.1722      13.43   26.66876  -82.41680    0.00057   -0.00140          2  0.000e+00
      20204    841.792      3.359      3.381    28.6875    28.6873   5.769090   5.769380     2.6032     2.1722      13.41   26.66876  -82.41680    0.00055   -0.00130          2  0.000e+00
      20205    841.833      3.312      3.333    28.6879    28.6871   5.769050   5.769332     2.6032     2.1722      13.41   26.66876  -82.41680    0.00052   -0.00122          2  0.000e+00
      20206    841.875      3.359      3.381    28.6871    28.6868   5.769113   5.769340     2.6032     2.1722      13.38   26.66876  -82.41680    0.00052   -0.00112          2  0.000e+00
      20207    841.917      3.359      3.381    28.6862    28.6869   5.769098   5.769332     2.6032     2.1722      13.36   26.66876  -82.41680    0.00051   -0.00104          2  0.000e+00
      20208    841.958      3.359      3.381    28.6862    28.6872   5.769161   5.769276     2.6044     2.1722      13.36   26.66876  -82.41680    0.00052   -0.00096          2  0.000e+00
      20209    842.000      3.359      3.381    28.6869    28.6867   5.769255   5.769260     2.6044     2.1722      13.36   26.66876  -82.41680    0.00051   -0.00088          2  0.000e+00
      20210    842.042      3.359      3.381    28.6867    28.6867   5.769279   5.769260     2.6032     2.1722      13.36   26.66876  -82.41680    0.00049   -0.00079          2  0.000e+00
      20211    842.083      3.352      3.374    28.6871    28.6868   5.769279   5.769292     2.6032     2.1722      13.36   26.66876  -82.41680    0.00048   -0.00071          2  0.000e+00
      20212    842.125      3.406      3.429    28.6871    28.6867   5.769279   5.769236     2.6044     2.1722      13.36   26.66876  -82.41680    0.00049   -0.00064          2  0.000e+00
      20213    842.167      3.359      3.381    28.6867    28.6869   5.769239   5.769221     2.6044     2.1722      13.36   26.66876  -82.41680    0.00048   -0.00057          2  0.000e+00
      20214    842.208      3.406      3.429    28.6867    28.6868   5.769263   5.769213     2.6044     2.1722      13.36   26.66876  -82.41680    0.00049   -0.00050          2  0.000e+00
      20215    842.250      3.359      3.381    28.6869    28.6869   5.769239   5.769213     2.6044     2.1722      13.36   26.66876  -82.41680    0.00049   -0.00044          2  0.000e+00
      20216    842.292      3.406      3.429    28.6867    28.6867   5.769192   5.769173     2.6044     2.1722      13.36   26.66876  -82.41680    0.00050   -0.00039          2  0.000e+00
      20217    842.333      3.406      3.429    28.6864    28.6868   5.769113   5.769236     2.6044     2.1734      13.38   26.66876  -82.41680    0.00049   -0.00032          2  0.000e+00
      20218    842.375      3.406      3.429    28.6856    28.6871   5.768980   5.769268     2.6044     2.1722      13.38   26.66876  -82.41680    0.00048   -0.00028          2  0.000e+00
      20219    842.417      3.460      3.483    28.6852    28.6868   5.768909   5.769300     2.6044     2.1722      13.36   26.66876  -82.41680    0.00047   -0.00025          2  0.000e+00
      20220    842.458      3.406      3.429    28.6855    28.6871   5.768791   5.769268     2.6032     2.1722      13.38   26.66876  -82.41680    0.00044   -0.00021          2  0.000e+00
      20221    842.500      3.460      3.483    28.6846    28.6869   5.768688   5.769292     2.6032     2.1734      13.38   26.66876  -82.41680    0.00041   -0.00017          2  0.000e+00
      20222    842.542      3.400      3.422    28.6835    28.6868   5.768523   5.769268     2.6032     2.1734      13.38   26.66876  -82.41680    0.00038   -0.00012          2  0.000e+00
      20223    842.583      3.460      3.483    28.6836    28.6869   5.768507   5.769221     2.6032     2.1734      13.36   26.66876  -82.41680    0.00035   -0.00009          2  0.000e+00
      20224    842.625      3.460      3.483    28.6849    28.6867   5.768555   5.769189     2.6032     2.1734      13.36   26.66876  -82.41680    0.00031   -0.00005          2  0.000e+00
      20225    842.667      3.460      3.483    28.6847    28.6866   5.768499   5.769205     2.6032     2.1734      13.36   26.66876  -82.41680    0.00027   -0.00002          2  0.000e+00
      20226    842.708      3.460      3.483    28.6827    28.6869   5.768295   5.769173     2.6032     2.1734      13.38   26.66876  -82.41680    0.00023   -0.00000          2  0.000e+00
      20227    842.750      3.460      3.483    28.6818    28.6866   5.768129   5.769237     2.6032     2.1734      13.38   26.66876  -82.41680    0.00020    0.00003          2  0.000e+00
      20228    842.792      3.460      3.483    28.6816    28.6867   5.768027   5.769221     2.6020     2.1734      13.38   26.66876  -82.41680    0.00015    0.00006          2  0.000e+00
      20229    842.833      3.460      3.483    28.6812    28.6867   5.768035   5.769221     2.6020     2.1734      13.36   26.66876  -82.41680    0.00010    0.00007          2  0.000e+00
      20230    842.875      3.460      3.483    28.6811    28.6870   5.768011   5.769252     2.6032     2.1734      13.31   26.66876  -82.41680    0.00007    0.00008          2  0.000e+00
      20231    842.917      3.460      3.483    28.6814    28.6869   5.768035   5.769260     2.6032     2.1734      13.28   26.66876  -82.41680    0.00003    0.00009          2  0.000e+00
      20232    842.958      3.508      3.531    28.6820    28.6867   5.768122   5.769260     2.6020     2.1734      13.28   26.66876  -82.41680   -0.00002    0.00010          2  0.000e+00
      20233    843.000      3.454      3.476    28.6829    28.6872   5.768216   5.769260     2.6020     2.1734      13.28   26.66876  -82.41680   -0.00007    0.00013          2  0.000e+00
      20234    843.042      3.460      3.483    28.6840    28.6869   5.767972   5.769260     2.6020     2.1734      13.28   26.66876  -82.41680   -0.00010    0.00015          2  0.000e+00
      20235    843.083      3.460      3.483    28.6847    28.6867   5.768224   5.769237     2.6020     2.1734      13.28   26.66876  -82.41680   -0.00016    0.00018          2  0.000e+00
      20236    843.125      3.508      3.531    28.6847    28.6868   5.768405   5.769213     2.6020     2.1734      13.28   26.66876  -82.41680   -0.00021    0.00020          2  0.000e+00
      20237    843.167      3.460      3.483    28.6849    28.6869   5.768499   5.769141     2.6007     2.1734      13.28   26.66876  -82.41680   -0.00028    0.00022          2  0.000e+00
      20238    843.208      3.508      3.531    28.6847    28.6868   5.768555   5.769221     2.6020     2.1722      13.31   26.66876  -82.41680   -0.00031    0.00023          2  0.000e+00
      20239    843.250      3.460      3.483    28.6842    28.6869   5.768499   5.769260     2.6020     2.1722      13.28   26.66876  -82.41680   -0.00036    0.00023          2  0.000e+00
      20240    843.292      3.460      3.483    28.6842    28.6869   5.768547   5.769260     2.6007     2.1722      13.28   26.66876  -82.41680   -0.00043    0.00024          2  0.000e+00
      20241    843.333      3.460      3.483    28.6844    28.6866   5.768499   5.769197     2.6007     2.1709      13.28   26.66876  -82.41680   -0.00048    0.00024          2  0.000e+00
      20242    843.375      3.460      3.483    28.6846    28.6869   5.768649   5.769133     2.6007     2.1709      13.28   26.66876  -82.41680   -0.00052    0.00025          2  0.000e+00
      20243    843.417      3.508      3.531    28.6851    28.6869   5.768641   5.769221     2.6007     2.1709      13.28   26.66876  -82.41680   -0.00057    0.00025          2  0.000e+00
      20244    843.458      3.454      3.476    28.6849    28.6870   5.768618   5.769292     2.6007     2.1709      13.28   26.66876  -82.41680   -0.00062    0.00026          2  0.000e+00
      20245    843.500      3.460      3.483    28.6846    28.6867   5.768649   5.769237     2.6020     2.1697      13.28   26.66876  -82.41680   -0.00065    0.00026          2  0.000e+00
      20246    843.542      3.460      3.483    28.6844    28.6868   5.768665   5.769260     2.6007     2.1709      13.28   26.66876  -82.41680   -0.00068    0.00027          2  0.000e+00
      20247    843.583      3.460      3.483    28.6846    28.6869   5.768625   5.769229     2.6007     2.1697      13.28   26.66876  -82.41680   -0.00072    0.00028          2  0.000e+00
      20248    843.625      3.406      3.429    28.6847    28.6871   5.768688   5.769213     2.6007     2.1697      13.28   26.66876  -82.41680   -0.00077    0.00029          2  0.000e+00
      20249    843.667      3.460      3.483    28.6849    28.6868   5.768712   5.769213     2.6007     2.1697      13.28   26.66876  -82.41680   -0.00081    0.00030          2  0.000e+00
      20250    843.708      3.460      3.483    28.6853    28.6871   5.768783   5.769284     2.6007     2.1685      13.28   26.66876  -82.41680   -0.00086    0.00029          2  0.000e+00
      20251    843.750      3.406      3.429    28.6856    28.6869   5.768806   5.769268     2.6007     2.1685      13.28   26.66876  -82.41680   -0.00090    0.00029          2  0.000e+00
      20252    843.792      3.460      3.483    28.6856    28.6872   5.768806   5.769308     2.6007     2.1685      13.28   26.66876  -82.41680   -0.00092    0.00028          2  0.000e+00
      20253    843.833      3.406      3.429    28.6851    28.6873   5.768806   5.769276     2.6007     2.1697      13.28   26.66876  -82.41680   -0.00096    0.00030          2  0.000e+00
      20254    843.875      3.406      3.429    28.6851    28.6873   5.768838   5.769260     2.6007     2.1685      13.28   26.66876  -82.41680   -0.00100    0.00030          2  0.000e+00
      20255    843.917      3.454      3.476    28.6855    28.6872   5.768854   5.769292     2.6007     2.1685      13.26   26.66876  -82.41680   -0.00104    0.00030          2  0.000e+00
      20256    843.958      3.406      3.429    28.6855    28.6873   5.768885   5.769308     2.6007     2.1685      13.28   26.66876  -82.41680   -0.00106    0.00030          2  0.000e+00
      20257    844.000      3.406      3.429    28.6856    28.6872   5.768932   5.769268     2.6007     2.1685      13.28   26.66876  -82.41680   -0.00108    0.00030          2  0.000e+00
      20258    844.042      3.406      3.429    28.6860    28.6871   5.768909   5.769268     2.6007     2.1673      13.28   26.66876  -82.41680   -0.00110    0.00029          2  0.000e+00
      20259    844.083      3.406      3.429    28.6858    28.6866   5.769003   5.769260     2.6007     2.1685      13.28   26.66876  -82.41680   -0.00112    0.00029          2  0.000e+00
      20260    844.125      3.406      3.429    28.6860    28.6868   5.769043   5.769221     2.6007     2.1685      13.28   26.66876  -82.41680   -0.00114    0.00028          2  0.000e+00
      20261    844.167      3.406      3.429    28.6864    28.6867   5.769113   5.769316     2.6007     2.1685      13.28   26.66876  -82.41680   -0.00115    0.00027          2  0.000e+00
      20262    844.208      3.359      3.381    28.6869    28.6869   5.769137   5.769316     2.6007     2.1685      13.28   26.66876  -82.41680   -0.00117    0.00026          2  0.000e+00
      20263    844.250      3.406      3.429    28.6869    28.6870   5.769208   5.769284     2.5995     2.1685      13.28   26.66876  -82.41680   -0.00120    0.00026          2  0.000e+00
      20264    844.292      3.359      3.381    28.6873    28.6871   5.769263   5.769332     2.5995     2.1697      13.28   26.66876  -82.41680   -0.00123    0.00027          2  0.000e+00
      20265    844.333      3.359      3.381    28.6873    28.6872   5.769350   5.769356     2.6007     2.1697      13.28   26.66876  -82.41680   -0.00124    0.00026          2  0.000e+00
      20266    844.375      3.352      3.374    28.6875    28.6871   5.769232   5.769388     2.6007     2.1697      13.28   26.66876  -82.41680   -0.00125    0.00026          2  0.000e+00
      20267    844.417      3.359      3.381    28.6873    28.6871   5.769255   5.769332     2.6007     2.1697      13.28   26.66876  -82.41680   -0.00126    0.00025          2  0.000e+00
      20268    844.458      3.359      3.381    28.6871    28.6870   5.769208   5.769268     2.5995     2.1709      13.28   26.66876  -82.41680   -0.00128    0.00026          2  0.000e+00
      20269    844.500      3.359      3.381    28.6871    28.6871   5.769216   5.769308     2.5995     2.1709      13.26   26.66876  -82.41680   -0.00129    0.00028          2  0.000e+00
      20270    844.542      3.312      3.333    28.6871    28.6871   5.769192   5.769308     2.5995     2.1709      13.28   26.66876  -82.41680   -0.00131    0.00029          2  0.000e+00
      20271    844.583      3.359      3.381    28.6869    28.6872   5.769184   5.769308     2.5995     2.1709      13.28   26.66876  -82.41680   -0.00131    0.00030          2  0.000e+00
      20272    844.625      3.312      3.333    28.6871    28.6871   5.769184   5.769308     2.5995     2.1709      13.28   26.66876  -82.41680   -0.00131    0.00032          2  0.000e+00
      20273    844.667      3.312      3.333    28.6869    28.6872   5.769145   5.769268     2.5995     2.1709      13.28   26.66876  -82.41680   -0.00131    0.00031          2  0.000e+00
      20274    844.708      3.312      3.333    28.6871    28.6871   5.769169   5.769292     2.5995     2.1709      13.28   26.66876  -82.41680   -0.00131    0.00030          2  0.000e+00
      20275    844.750      3.312      3.333    28.6869    28.6871   5.769216   5.769284     2.6007     2.1709      13.28   26.66876  -82.41680   -0.00129    0.00030          2  0.000e+00
      20276    844.792      3.257      3.279    28.6869    28.6870   5.769161   5.769260     2.6007     2.1709      13.28   26.66876  -82.41680   -0.00126    0.00027          2  0.000e+00
      20277    844.833      3.312      3.333    28.6867    28.6867   5.769137   5.769260     2.6007     2.1722      13.28   26.66876  -82.41680   -0.00124    0.00027          2  0.000e+00
