Gulf of Mexico/GOMECC-4/1db/rb2103_0261.ros
* Sea-Bird SBE 9 Data File:
* FileName = C:\Users\scs.user.rb\CTD\GOMECC4\data\rb2103_0261.hex
* Software Version Seasave V 7.26.7.107
* Temperature SN = 4799
* Conductivity SN = 3860
* Number of Bytes Per Scan = 41
* Number of Voltage Words = 4
* Number of Scans Averaged by the Deck Unit = 1
* NMEA Latitude = 28 20.64 N
* NMEA Longitude = 086 20.48 W
* NMEA UTC (Time) = Sep 21 2021  10:45:37
* NMEA baud rate = 4800
# nquan = 17
# nvalues = 2660                                  
# units = specified
# name 0 = scan: Scan Count
# name 1 = timeS: Time, Elapsed [seconds]
# name 2 = depSM: Depth [salt water, m]
# name 3 = prDM: Pressure, Digiquartz [db]
# name 4 = t090C: Temperature [ITS-90, deg C]
# name 5 = t190C: Temperature, 2 [ITS-90, deg C]
# name 6 = c0S/m: Conductivity [S/m]
# name 7 = c1S/m: Conductivity, 2 [S/m]
# name 8 = sbeox0V: Oxygen raw, SBE 43 [V]
# name 9 = sbeox1V: Oxygen raw, SBE 43, 2 [V]
# name 10 = altM: Altimeter [m]
# name 11 = latitude: Latitude [deg]
# name 12 = longitude: Longitude [deg]
# name 13 = sbox0dV/dT: Oxygen, SBE 43 [dov/dt]
# name 14 = sbox1dV/dT: Oxygen, SBE 43, 2 [dov/dt]
# name 15 = nbf: Bottles Fired
# name 16 = flag:  0.000e+00
# interval = seconds: 0.0416667
# start_time = Sep 21 2021 10:45:37 [NMEA time, header]
# bad_flag = -9.990e-29
*END*
[from data line 2383]
      76014   3167.208     14.890     14.991    28.4607    28.4622   5.447242   5.448165     3.1062     2.6398     100.00   28.34350  -86.34018   -0.00002    0.00073         18  0.000e+00
      76015   3167.250     14.815     14.915    28.4605    28.4624   5.447312   5.448118     3.1062     2.6398     100.00   28.34350  -86.34018    0.00003    0.00075         18  0.000e+00
      76016   3167.292     14.890     14.991    28.4607    28.4621   5.447335   5.447993     3.1062     2.6386     100.00   28.34350  -86.34018    0.00008    0.00078         18  0.000e+00
      76017   3167.333     14.867     14.968    28.4607    28.4624   5.447442   5.447892     3.1074     2.6386     100.00   28.34350  -86.34018    0.00012    0.00078         18  0.000e+00
      76018   3167.375     14.868     14.968    28.4609    28.4622   5.447435   5.447838     3.1074     2.6386     100.00   28.34350  -86.34018    0.00019    0.00079         18  0.000e+00
      76019   3167.417     14.837     14.938    28.4607    28.4622   5.447458   5.447830     3.1074     2.6386     100.00   28.34350  -86.34018    0.00025    0.00079         18  0.000e+00
      76020   3167.458     14.868     14.968    28.4605    28.4618   5.447473   5.447760     3.1074     2.6386     100.00   28.34350  -86.34018    0.00029    0.00080         18  0.000e+00
      76021   3167.500     14.890     14.991    28.4607    28.4622   5.447365   5.447768     3.1074     2.6386     100.00   28.34350  -86.34018    0.00033    0.00081         18  0.000e+00
      76022   3167.542     14.868     14.968    28.4605    28.4619   5.447365   5.447814     3.1074     2.6386     100.00   28.34350  -86.34018    0.00039    0.00080         18  0.000e+00
      76023   3167.583     14.815     14.915    28.4604    28.4620   5.447381   5.447830     3.1074     2.6386     100.00   28.34350  -86.34018    0.00045    0.00079         18  0.000e+00
      76024   3167.625     14.890     14.991    28.4605    28.4622   5.447419   5.447791     3.1074     2.6386     100.00   28.34350  -86.34018    0.00049    0.00079         18  0.000e+00
      79405   3308.500      4.034      4.062    27.8096    27.8111   5.247455   5.247668     3.0940     2.6374     100.00   28.34348  -86.34016   -0.00025    0.00076         19  0.000e+00
      79406   3308.542      4.314      4.343    27.8096    27.8109   5.247501   5.247622     3.0940     2.6374     100.00   28.34348  -86.34016   -0.00028    0.00082         19  0.000e+00
      79407   3308.583      4.246      4.275    27.8096    27.8111   5.247455   5.247614     3.0952     2.6374     100.00   28.34348  -86.34016   -0.00028    0.00090         19  0.000e+00
      79408   3308.625      4.148      4.176    27.8094    27.8111   5.247433   5.247645     3.0940     2.6374     100.00   28.34348  -86.34016   -0.00031    0.00097         19  0.000e+00
      79409   3308.667      4.246      4.275    27.8096    27.8113   5.247433   5.247660     3.0940     2.6374     100.00   28.34348  -86.34016   -0.00034    0.00105         19  0.000e+00
      79410   3308.708      4.201      4.229    27.8094    27.8111   5.247433   5.247660     3.0940     2.6374     100.00   28.34348  -86.34016   -0.00036    0.00112         19  0.000e+00
      79411   3308.750      4.254      4.282    27.8094    27.8111   5.247395   5.247660     3.0940     2.6374     100.00   28.34348  -86.34016   -0.00039    0.00120         19  0.000e+00
      79412   3308.792      4.186      4.214    27.8094    27.8111   5.247387   5.247622     3.0940     2.6374     100.00   28.34348  -86.34016   -0.00041    0.00127         19  0.000e+00
      79413   3308.833      4.254      4.282    27.8094    27.8113   5.247455   5.247676     3.0952     2.6374     100.00   28.34348  -86.34016   -0.00042    0.00134         19  0.000e+00
      79414   3308.875      4.186      4.214    27.8094    27.8117   5.247410   5.247698     3.0952     2.6374     100.00   28.34348  -86.34016   -0.00044    0.00141         19  0.000e+00
      79415   3308.917      4.201      4.229    27.8094    27.8117   5.247387   5.247668     3.0940     2.6374     100.00   28.34348  -86.34016   -0.00047    0.00150         19  0.000e+00
      79416   3308.958      4.201      4.229    27.8094    27.8115   5.247387   5.247660     3.0940     2.6374     100.00   28.34348  -86.34016   -0.00049    0.00159         19  0.000e+00
      79417   3309.000      4.246      4.275    27.8092    27.8111   5.247417   5.247622     3.0940     2.6386     100.00   28.34348  -86.34016   -0.00051    0.00168         19  0.000e+00
      79418   3309.042      4.201      4.229    27.8094    27.8110   5.247395   5.247614     3.0940     2.6374     100.00   28.34348  -86.34016   -0.00054    0.00175         19  0.000e+00
      79419   3309.083      4.201      4.229    27.8092    27.8109   5.247417   5.247645     3.0952     2.6374     100.00   28.34348  -86.34016   -0.00054    0.00182         19  0.000e+00
      79420   3309.125      4.186      4.214    27.8094    27.8111   5.247433   5.247660     3.0952     2.6386     100.00   28.34348  -86.34016   -0.00055    0.00190         19  0.000e+00
      79421   3309.167      4.201      4.229    27.8092    27.8113   5.247364   5.247683     3.0952     2.6386     100.00   28.34348  -86.34016   -0.00057    0.00199         19  0.000e+00
      79422   3309.208      4.186      4.214    27.8094    27.8113   5.247342   5.247668     3.0952     2.6386     100.00   28.34348  -86.34016   -0.00058    0.00207         19  0.000e+00
      79423   3309.250      4.201      4.229    27.8094    27.8113   5.247372   5.247752     3.0952     2.6386     100.00   28.34348  -86.34016   -0.00058    0.00215         19  0.000e+00
      79424   3309.292      4.254      4.282    27.8092    27.8115   5.247387   5.247722     3.0952     2.6386     100.00   28.34348  -86.34016   -0.00059    0.00223         19  0.000e+00
      79425   3309.333      4.072      4.100    27.8092    27.8117   5.247387   5.247698     3.0952     2.6386     100.00   28.34348  -86.34016   -0.00060    0.00231         19  0.000e+00
      79426   3309.375      4.201      4.229    27.8092    27.8115   5.247417   5.247698     3.0952     2.6386     100.00   28.34348  -86.34016   -0.00058    0.00237         19  0.000e+00
      79427   3309.417      4.148      4.176    27.8094    27.8119   5.247395   5.247767     3.0952     2.6374     100.00   28.34348  -86.34016   -0.00057    0.00243         19  0.000e+00
      79428   3309.458      4.186      4.214    27.8092    27.8119   5.247349   5.247752     3.0965     2.6386     100.00   28.34348  -86.34016   -0.00056    0.00249         19  0.000e+00
      79429   3309.500      4.148      4.176    27.8092    27.8117   5.247410   5.247744     3.0965     2.6374     100.00   28.34348  -86.34016   -0.00053    0.00253         19  0.000e+00
      79430   3309.542      4.133      4.161    27.8094    27.8115   5.247433   5.247675     3.0952     2.6374     100.00   28.34348  -86.34016   -0.00054    0.00257         19  0.000e+00
      79431   3309.583      4.148      4.176    27.8092    27.8115   5.247433   5.247721     3.0965     2.6374     100.00   28.34348  -86.34016   -0.00051    0.00259         19  0.000e+00
      79432   3309.625      4.088      4.115    27.8094    27.8113   5.247432   5.247675     3.0952     2.6361     100.00   28.34348  -86.34016   -0.00049    0.00260         19  0.000e+00
      79433   3309.667      4.133      4.161    27.8092    27.8111   5.247433   5.247622     3.0965     2.6361     100.00   28.34348  -86.34016   -0.00046    0.00260         19  0.000e+00
      79434   3309.708      4.088      4.115    27.8094    27.8109   5.247395   5.247514     3.0965     2.6361     100.00   28.34348  -86.34016   -0.00042    0.00260         19  0.000e+00
      79435   3309.750      4.088      4.115    27.8096    27.8111   5.247455   5.247614     3.0965     2.6361     100.00   28.34348  -86.34016   -0.00039    0.00258         19  0.000e+00
      79436   3309.792      4.073      4.100    27.8092    27.8110   5.247440   5.247622     3.0965     2.6361     100.00   28.34348  -86.34016   -0.00036    0.00256         19  0.000e+00
      79437   3309.833      4.088      4.115    27.8094    27.8109   5.247395   5.247614     3.0952     2.6361     100.00   28.34348  -86.34016   -0.00034    0.00253         19  0.000e+00
      79438   3309.875      4.073      4.100    27.8094    27.8111   5.247417   5.247614     3.0952     2.6349     100.00   28.34348  -86.34016   -0.00033    0.00249         19  0.000e+00
      79439   3309.917      4.035      4.062    27.8094    27.8109   5.247432   5.247614     3.0952     2.6349     100.00   28.34348  -86.34016   -0.00030    0.00243         19  0.000e+00
      79440   3309.958      4.088      4.115    27.8094    27.8109   5.247463   5.247614     3.0952     2.6349     100.00   28.34348  -86.34016   -0.00027    0.00237         19  0.000e+00
      79441   3310.000      4.020      4.047    27.8094    27.8111   5.247440   5.247614     3.0965     2.6337     100.00   28.34348  -86.34016   -0.00022    0.00229         19  0.000e+00
      79442   3310.042      4.035      4.062    27.8096    27.8109   5.247364   5.247576     3.0952     2.6337     100.00   28.34348  -86.34016   -0.00018    0.00221         19  0.000e+00
      79443   3310.083      3.975      4.001    27.8096    27.8109   5.247440   5.247599     3.0952     2.6337     100.00   28.34348  -86.34016   -0.00017    0.00213         19  0.000e+00
      79444   3310.125      4.073      4.100    27.8094    27.8110   5.247440   5.247645     3.0952     2.6325     100.00   28.34348  -86.34016   -0.00015    0.00203         19  0.000e+00
      79445   3310.167      3.975      4.001    27.8094    27.8111   5.247432   5.247660     3.0940     2.6325     100.00   28.34348  -86.34016   -0.00015    0.00193         19  0.000e+00
      79446   3310.208      3.967      3.994    27.8096    27.8111   5.247463   5.247622     3.0952     2.6313     100.00   28.34348  -86.34016   -0.00013    0.00181         19  0.000e+00
      79447   3310.250      4.035      4.062    27.8096    27.8111   5.247440   5.247645     3.0952     2.6300     100.00   28.34348  -86.34016   -0.00012    0.00169         19  0.000e+00
      79448   3310.292      3.975      4.001    27.8094    27.8111   5.247432   5.247660     3.0940     2.6300     100.00   28.34348  -86.34016   -0.00012    0.00157         19  0.000e+00
      79449   3310.333      3.967      3.994    27.8094    27.8111   5.247432   5.247698     3.0952     2.6300     100.00   28.34348  -86.34016   -0.00010    0.00143         19  0.000e+00
      79450   3310.375      3.975      4.001    27.8096    27.8113   5.247432   5.247698     3.0940     2.6300     100.00   28.34348  -86.34016   -0.00011    0.00130         19  0.000e+00
      79451   3310.417      3.922      3.948    27.8096    27.8111   5.247463   5.247698     3.0940     2.6300     100.00   28.34348  -86.34016   -0.00013    0.00116         19  0.000e+00
      79452   3310.458      3.967      3.994    27.8097    27.8111   5.247440   5.247629     3.0940     2.6300     100.00   28.34348  -86.34016   -0.00014    0.00102         19  0.000e+00
      79453   3310.500      3.975      4.001    27.8096    27.8111   5.247463   5.247675     3.0940     2.6300     100.00   28.34348  -86.34016   -0.00016    0.00089         19  0.000e+00
      79454   3310.542      3.907      3.933    27.8099    27.8111   5.247478   5.247629     3.0940     2.6300     100.00   28.34348  -86.34016   -0.00017    0.00075         19  0.000e+00
      79455   3310.583      3.975      4.001    27.8096    27.8111   5.247478   5.247675     3.0940     2.6300     100.00   28.34348  -86.34016   -0.00019    0.00061         19  0.000e+00
      79456   3310.625      3.869      3.895    27.8096    27.8111   5.247478   5.247668     3.0940     2.6313     100.00   28.34348  -86.34016   -0.00018    0.00049         19  0.000e+00
      79457   3310.667      3.967      3.994    27.8096    27.8111   5.247478   5.247660     3.0940     2.6313     100.00   28.34348  -86.34016   -0.00020    0.00037         19  0.000e+00
      79458   3310.708      3.869      3.895    27.8094    27.8111   5.247478   5.247622     3.0940     2.6313     100.00   28.34348  -86.34016   -0.00021    0.00024         19  0.000e+00
      79459   3310.750      3.975      4.001    27.8096    27.8113   5.247478   5.247675     3.0940     2.6325     100.00   28.34348  -86.34016   -0.00022    0.00013         19  0.000e+00
      79460   3310.792      3.907      3.933    27.8094    27.8111   5.247478   5.247668     3.0940     2.6325     100.00   28.34348  -86.34016   -0.00022    0.00003         19  0.000e+00
      79461   3310.833      3.922      3.948    27.8097    27.8111   5.247410   5.247660     3.0940     2.6325     100.00   28.34348  -86.34016   -0.00023   -0.00007         19  0.000e+00
      79462   3310.875      3.907      3.933    27.8096    27.8111   5.247417   5.247683     3.0940     2.6325     100.00   28.34348  -86.34016   -0.00022   -0.00018         19  0.000e+00
      79463   3310.917      3.922      3.948    27.8097    27.8113   5.247432   5.247668     3.0940     2.6325     100.00   28.34348  -86.34016   -0.00021   -0.00029         19  0.000e+00
      79464   3310.958      3.922      3.948    27.8097    27.8113   5.247463   5.247660     3.0940     2.6337     100.00   28.34348  -86.34016   -0.00022   -0.00037         19  0.000e+00
      79465   3311.000      3.854      3.880    27.8096    27.8111   5.247508   5.247660     3.0940     2.6337     100.00   28.34348  -86.34016   -0.00023   -0.00046         19  0.000e+00
      79466   3311.042      3.975      4.002    27.8096    27.8111   5.247485   5.247622     3.0940     2.6337     100.00   28.34348  -86.34016   -0.00024   -0.00056         19  0.000e+00
      79467   3311.083      3.922      3.948    27.8097    27.8113   5.247508   5.247675     3.0940     2.6349     100.00   28.34348  -86.34016   -0.00025   -0.00063         19  0.000e+00
      79468   3311.125      3.907      3.933    27.8099    27.8113   5.247455   5.247698     3.0940     2.6337     100.00   28.34348  -86.34016   -0.00026   -0.00072         19  0.000e+00
      79469   3311.167      3.922      3.948    27.8096    27.8111   5.247463   5.247729     3.0940     2.6349     100.00   28.34348  -86.34016   -0.00027   -0.00080         19  0.000e+00
      79470   3311.208      3.907      3.933    27.8097    27.8115   5.247440   5.247744     3.0940     2.6349     100.00   28.34348  -86.34016   -0.00027   -0.00086         19  0.000e+00
      79471   3311.250      3.922      3.948    27.8097    27.8115   5.247463   5.247706     3.0940     2.6349     100.00   28.34348  -86.34016   -0.00028   -0.00092         19  0.000e+00
      79472   3311.292      3.922      3.948    27.8096    27.8115   5.247440   5.247729     3.0952     2.6349     100.00   28.34348  -86.34016   -0.00027   -0.00099         19  0.000e+00
      79473   3311.333      3.967      3.994    27.8097    27.8117   5.247432   5.247744     3.0952     2.6349     100.00   28.34348  -86.34016   -0.00026   -0.00103         19  0.000e+00
      79474   3311.375      3.975      4.002    27.8096    27.8115   5.247432   5.247675     3.0940     2.6349     100.00   28.34348  -86.34016   -0.00027   -0.00108         19  0.000e+00
      79475   3311.417      3.922      3.948    27.8096    27.8117   5.247463   5.247683     3.0940     2.6349     100.00   28.34348  -86.34016   -0.00026   -0.00113         19  0.000e+00
      79476   3311.458      4.020      4.047    27.8096    27.8115   5.247478   5.247698     3.0940     2.6349     100.00   28.34348  -86.34016   -0.00024   -0.00118         19  0.000e+00
      79477   3311.500      3.975      4.002    27.8097    27.8119   5.247440   5.247767     3.0940     2.6337     100.00   28.34348  -86.34016   -0.00023   -0.00124         19  0.000e+00
      79478   3311.542      3.922      3.948    27.8097    27.8122   5.247500   5.247790     3.0940     2.6349     100.00   28.34348  -86.34016   -0.00022   -0.00128         19  0.000e+00
