Gulf of Mexico/GOMECC-4/1db/rb2103_1061.ros
* Sea-Bird SBE 9 Data File:
* FileName = C:\Users\scs.user.rb\CTD\GOMECC4\data\rb2103_1061.hex
* Software Version Seasave V 7.26.7.107
* Temperature SN = 4799
* Conductivity SN = 3860
* Number of Bytes Per Scan = 41
* Number of Voltage Words = 4
* Number of Scans Averaged by the Deck Unit = 1
* NMEA Latitude = 26 00.02 N
* NMEA Longitude = 088 00.00 W
* NMEA UTC (Time) = Oct 13 2021  21:11:53
* NMEA baud rate = 4800
# nquan = 17
# nvalues = 3192                                  
# units = specified
# name 0 = scan: Scan Count
# name 1 = timeS: Time, Elapsed [seconds]
# name 2 = depSM: Depth [salt water, m]
# name 3 = prDM: Pressure, Digiquartz [db]
# name 4 = t090C: Temperature [ITS-90, deg C]
# name 5 = t190C: Temperature, 2 [ITS-90, deg C]
# name 6 = c0S/m: Conductivity [S/m]
# name 7 = c1S/m: Conductivity, 2 [S/m]
# name 8 = sbeox0V: Oxygen raw, SBE 43 [V]
# name 9 = sbeox1V: Oxygen raw, SBE 43, 2 [V]
# name 10 = altM: Altimeter [m]
# name 11 = latitude: Latitude [deg]
# name 12 = longitude: Longitude [deg]
# name 13 = sbox0dV/dT: Oxygen, SBE 43 [dov/dt]
# name 14 = sbox1dV/dT: Oxygen, SBE 43, 2 [dov/dt]
# name 15 = nbf: Bottles Fired
# name 16 = flag:  0.000e+00
# interval = seconds: 0.0416667
# start_time = Oct 13 2021 21:11:53 [NMEA time, header]
# bad_flag = -9.990e-29
*END*
[from data line 86]
      98990   4124.542   3016.340   3058.108     4.3664     4.3677   3.413690   3.413677     1.7436     1.4298       9.96   26.00018  -88.00008   -0.00004   -0.00006          1  0.000e+00
      98991   4124.583   3016.340   3058.108     4.3664     4.3676   3.413671   3.413652     1.7436     1.4298       9.96   26.00018  -88.00008   -0.00006   -0.00006          1  0.000e+00
      98992   4124.625   3016.396   3058.166     4.3664     4.3675   3.413690   3.413658     1.7436     1.4298       9.96   26.00018  -88.00008   -0.00006   -0.00007          1  0.000e+00
      98993   4124.667   3016.396   3058.166     4.3666     4.3676   3.413678   3.413684     1.7448     1.4298       9.87   26.00018  -88.00008   -0.00005   -0.00007          1  0.000e+00
      98994   4124.708   3016.397   3058.166     4.3664     4.3674   3.413671   3.413639     1.7436     1.4298       9.77   26.00018  -88.00008   -0.00007   -0.00006          1  0.000e+00
      98995   4124.750   3016.397   3058.166     4.3666     4.3673   3.413646   3.413652     1.7436     1.4298       9.74   26.00018  -88.00008   -0.00009   -0.00007          1  0.000e+00
      98996   4124.792   3016.446   3058.217     4.3664     4.3677   3.413678   3.413652     1.7448     1.4298       9.77   26.00018  -88.00008   -0.00008   -0.00007          1  0.000e+00
      98997   4124.833   3016.397   3058.166     4.3663     4.3674   3.413697   3.413658     1.7448     1.4298       9.77   26.00018  -88.00008   -0.00006   -0.00007          1  0.000e+00
      98998   4124.875   3016.454   3058.224     4.3666     4.3676   3.413678   3.413639     1.7448     1.4298       9.77   26.00018  -88.00008   -0.00005   -0.00008          1  0.000e+00
      98999   4124.917   3016.447   3058.217     4.3663     4.3675   3.413690   3.413671     1.7448     1.4298       9.77   26.00018  -88.00008   -0.00003   -0.00008          1  0.000e+00
      99000   4124.958   3016.447   3058.217     4.3663     4.3677   3.413678   3.413665     1.7436     1.4298       9.77   26.00018  -88.00008   -0.00003   -0.00009          1  0.000e+00
      99001   4125.000   3016.503   3058.275     4.3666     4.3673   3.413690   3.413652     1.7436     1.4298       9.77   26.00018  -88.00008   -0.00004   -0.00008          1  0.000e+00
      99002   4125.042   3016.511   3058.282     4.3664     4.3674   3.413697   3.413658     1.7436     1.4298       9.77   26.00018  -88.00008   -0.00004   -0.00008          1  0.000e+00
      99003   4125.083   3016.447   3058.217     4.3666     4.3676   3.413697   3.413684     1.7448     1.4310       9.77   26.00018  -88.00008   -0.00002   -0.00005          1  0.000e+00
      99004   4125.125   3016.560   3058.333     4.3666     4.3676   3.413697   3.413684     1.7448     1.4298       9.77   26.00018  -88.00008   -0.00003   -0.00004          1  0.000e+00
      99005   4125.167   3016.504   3058.275     4.3664     4.3676   3.413671   3.413665     1.7436     1.4298       9.77   26.00018  -88.00008   -0.00005   -0.00004          1  0.000e+00
      99006   4125.208   3016.511   3058.283     4.3664     4.3673   3.413684   3.413677     1.7436     1.4298       9.77   26.00018  -88.00008   -0.00007   -0.00005          1  0.000e+00
      99007   4125.250   3016.560   3058.333     4.3666     4.3674   3.413678   3.413684     1.7448     1.4298       9.77   26.00018  -88.00008   -0.00007   -0.00005          1  0.000e+00
      99008   4125.292   3016.504   3058.276     4.3664     4.3676   3.413709   3.413671     1.7448     1.4298       9.77   26.00018  -88.00008   -0.00005   -0.00005          1  0.000e+00
      99009   4125.333   3016.561   3058.333     4.3666     4.3674   3.413684   3.413652     1.7448     1.4298       9.77   26.00018  -88.00008   -0.00004   -0.00006          1  0.000e+00
      99010   4125.375   3016.561   3058.334     4.3666     4.3674   3.413690   3.413677     1.7448     1.4298       9.77   26.00018  -88.00008   -0.00002   -0.00006          1  0.000e+00
      99011   4125.417   3016.561   3058.334     4.3664     4.3676   3.413697   3.413645     1.7448     1.4298       9.77   26.00018  -88.00008   -0.00001   -0.00007          1  0.000e+00
      99012   4125.458   3016.610   3058.384     4.3664     4.3676   3.413697   3.413645     1.7448     1.4298       9.77   26.00018  -88.00008    0.00000   -0.00007          1  0.000e+00
      99013   4125.500   3016.561   3058.334     4.3666     4.3676   3.413697   3.413658     1.7448     1.4298       9.77   26.00018  -88.00008    0.00002   -0.00006          1  0.000e+00
      99014   4125.542   3016.561   3058.334     4.3664     4.3676   3.413697   3.413677     1.7436     1.4298       9.77   26.00018  -88.00008   -0.00000   -0.00004          1  0.000e+00
      99015   4125.583   3016.611   3058.385     4.3663     4.3676   3.413697   3.413645     1.7436     1.4298       9.77   26.00018  -88.00008   -0.00000   -0.00005          1  0.000e+00
      99016   4125.625   3016.561   3058.334     4.3669     4.3676   3.413716   3.413671     1.7448     1.4298       9.77   26.00018  -88.00008    0.00001   -0.00005          1  0.000e+00
      99017   4125.667   3016.611   3058.385     4.3664     4.3677   3.413703   3.413684     1.7436     1.4298       9.67   26.00018  -88.00008    0.00001   -0.00005          1  0.000e+00
      99018   4125.708   3016.611   3058.385     4.3666     4.3674   3.413697   3.413645     1.7436     1.4298       9.55   26.00018  -88.00008    0.00001   -0.00006          1  0.000e+00
      99019   4125.750   3016.611   3058.385     4.3664     4.3676   3.413678   3.413645     1.7448     1.4298       9.50   26.00018  -88.00008    0.00001   -0.00006          1  0.000e+00
      99020   4125.792   3016.562   3058.335     4.3664     4.3676   3.413684   3.413658     1.7436     1.4298       9.52   26.00018  -88.00008   -0.00001   -0.00007          1  0.000e+00
      99021   4125.833   3016.611   3058.385     4.3666     4.3676   3.413716   3.413684     1.7436     1.4298       9.52   26.00018  -88.00008   -0.00002   -0.00007          1  0.000e+00
      99022   4125.875   3016.612   3058.385     4.3663     4.3676   3.413729   3.413684     1.7448     1.4298       9.52   26.00018  -88.00008 -5.275e-07   -0.00007          1  0.000e+00
      99023   4125.917   3016.612   3058.385     4.3666     4.3676   3.413729   3.413665     1.7448     1.4310       9.52   26.00018  -88.00008    0.00002   -0.00004          1  0.000e+00
      99024   4125.958   3016.675   3058.451     4.3666     4.3674   3.413659   3.413652     1.7448     1.4298       9.52   26.00018  -88.00008    0.00001   -0.00004          1  0.000e+00
      99025   4126.000   3016.562   3058.335     4.3666     4.3676   3.413703   3.413658     1.7448     1.4298       9.52   26.00018  -88.00008    0.00001   -0.00005          1  0.000e+00
      99026   4126.042   3016.612   3058.386     4.3664     4.3676   3.413659   3.413665     1.7448     1.4298       9.52   26.00018  -88.00008    0.00003   -0.00003          1  0.000e+00
      99027   4126.083   3016.619   3058.393     4.3663     4.3678   3.413678   3.413652     1.7436     1.4298       9.52   26.00018  -88.00008    0.00002   -0.00002          1  0.000e+00
      99028   4126.125   3016.612   3058.386     4.3666     4.3676   3.413678   3.413658     1.7436     1.4298       9.52   26.00018  -88.00008    0.00002   -0.00002          1  0.000e+00
      99029   4126.167   3016.612   3058.386     4.3666     4.3676   3.413690   3.413677     1.7436     1.4298       9.52   26.00018  -88.00008    0.00000   -0.00002          1  0.000e+00
      99030   4126.208   3016.563   3058.336     4.3664     4.3674   3.413697   3.413665     1.7436     1.4298       9.52   26.00018  -88.00008    0.00000   -0.00001          1  0.000e+00
      99031   4126.250   3016.620   3058.394     4.3664     4.3676   3.413716   3.413684     1.7436     1.4298       9.50   26.00018  -88.00008   -0.00002   -0.00001          1  0.000e+00
      99032   4126.292   3016.613   3058.386     4.3666     4.3676   3.413684   3.413684     1.7436     1.4298       9.52   26.00018  -88.00008   -0.00004   -0.00001          1  0.000e+00
      99033   4126.333   3016.563   3058.336     4.3664     4.3676   3.413671   3.413665     1.7448     1.4298       9.52   26.00018  -88.00008   -0.00004   -0.00002          1  0.000e+00
      99034   4126.375   3016.563   3058.336     4.3666     4.3678   3.413671   3.413652     1.7448     1.4298       9.52   26.00018  -88.00008   -0.00004   -0.00000          1  0.000e+00
      99035   4126.417   3016.620   3058.394     4.3666     4.3677   3.413665   3.413703     1.7448     1.4298       9.50   26.00018  -88.00008   -0.00004   -0.00000          1  0.000e+00
      99036   4126.458   3016.564   3058.336     4.3666     4.3676   3.413709   3.413697     1.7448     1.4298       9.52   26.00018  -88.00008   -0.00005   -0.00001          1  0.000e+00
     107629   4484.500   2763.833   2800.439     4.3380     4.3388   3.401359   3.401367     1.7705     1.4542     100.00   26.00036  -88.00024    0.00005    0.00001          2  0.000e+00
     107630   4484.542   2763.939   2800.547     4.3379     4.3392   3.401378   3.401347     1.7705     1.4530     100.00   26.00036  -88.00024    0.00005   -0.00000          2  0.000e+00
     107631   4484.583   2763.777   2800.382     4.3381     4.3390   3.401328   3.401341     1.7705     1.4542     100.00   26.00036  -88.00024    0.00004   -0.00002          2  0.000e+00
     107632   4484.625   2763.883   2800.490     4.3379     4.3390   3.401347   3.401367     1.7705     1.4542     100.00   26.00036  -88.00024    0.00004   -0.00003          2  0.000e+00
     107633   4484.667   2763.883   2800.490     4.3380     4.3390   3.401359   3.401373     1.7705     1.4542     100.00   26.00036  -88.00024    0.00005   -0.00005          2  0.000e+00
     107634   4484.708   2763.834   2800.440     4.3382     4.3392   3.401359   3.401328     1.7705     1.4542     100.00   26.00036  -88.00024    0.00005   -0.00005          2  0.000e+00
     107635   4484.750   2763.876   2800.483     4.3381     4.3392   3.401391   3.401380     1.7705     1.4530     100.00   26.00036  -88.00024    0.00006   -0.00006          2  0.000e+00
     107636   4484.792   2763.834   2800.440     4.3379     4.3390   3.401347   3.401354     1.7705     1.4542     100.00   26.00036  -88.00024    0.00006   -0.00006          2  0.000e+00
     107637   4484.833   2763.778   2800.383     4.3379     4.3388   3.401372   3.401341     1.7705     1.4530     100.00   26.00036  -88.00024    0.00007   -0.00007          2  0.000e+00
     107638   4484.875   2763.834   2800.440     4.3382     4.3390   3.401340   3.401341     1.7705     1.4530     100.00   26.00036  -88.00024    0.00007   -0.00009          2  0.000e+00
     107639   4484.917   2763.834   2800.440     4.3379     4.3392   3.401359   3.401341     1.7705     1.4542     100.00   26.00036  -88.00024    0.00006   -0.00008          2  0.000e+00
     107640   4484.958   2763.835   2800.440     4.3381     4.3390   3.401359   3.401341     1.7705     1.4542     100.00   26.00036  -88.00024    0.00006   -0.00008          2  0.000e+00
     107641   4485.000   2763.778   2800.383     4.3380     4.3388   3.401334   3.401322     1.7705     1.4530     100.00   26.00036  -88.00024    0.00007   -0.00009          2  0.000e+00
     107642   4485.042   2763.778   2800.383     4.3379     4.3392   3.401372   3.401335     1.7705     1.4542     100.00   26.00036  -88.00024    0.00006   -0.00009          2  0.000e+00
     107643   4485.083   2763.821   2800.426     4.3379     4.3388   3.401353   3.401341     1.7717     1.4542     100.00   26.00036  -88.00024    0.00008   -0.00009          2  0.000e+00
     107644   4485.125   2763.779   2800.383     4.3381     4.3390   3.401378   3.401360     1.7705     1.4542     100.00   26.00036  -88.00024    0.00008   -0.00008          2  0.000e+00
     107645   4485.167   2763.779   2800.383     4.3382     4.3388   3.401366   3.401328     1.7705     1.4542     100.00   26.00036  -88.00024    0.00008   -0.00008          2  0.000e+00
     107646   4485.208   2763.723   2800.326     4.3380     4.3390   3.401359   3.401335     1.7705     1.4542     100.00   26.00036  -88.00024    0.00009   -0.00007          2  0.000e+00
     107647   4485.250   2763.779   2800.384     4.3382     4.3390   3.401321   3.401341     1.7705     1.4542     100.00   26.00036  -88.00024    0.00009   -0.00007          2  0.000e+00
     107648   4485.292   2763.723   2800.326     4.3381     4.3390   3.401347   3.401322     1.7692     1.4542     100.00   26.00036  -88.00024    0.00006   -0.00007          2  0.000e+00
     107649   4485.333   2763.779   2800.384     4.3381     4.3388   3.401378   3.401315     1.7705     1.4542     100.00   26.00036  -88.00024    0.00005   -0.00006          2  0.000e+00
     107650   4485.375   2763.723   2800.326     4.3380     4.3390   3.401340   3.401315     1.7705     1.4542     100.00   26.00036  -88.00024    0.00003   -0.00006          2  0.000e+00
     107651   4485.417   2763.772   2800.377     4.3382     4.3388   3.401334   3.401354     1.7705     1.4542     100.00   26.00036  -88.00024    0.00004   -0.00005          2  0.000e+00
     107652   4485.458   2763.723   2800.327     4.3379     4.3392   3.401328   3.401354     1.7705     1.4542     100.00   26.00036  -88.00024    0.00004   -0.00005          2  0.000e+00
     107653   4485.500   2763.723   2800.327     4.3381     4.3388   3.401372   3.401341     1.7705     1.4530     100.00   26.00036  -88.00024    0.00004   -0.00006          2  0.000e+00
     107654   4485.542   2763.723   2800.327     4.3382     4.3388   3.401340   3.401341     1.7705     1.4542     100.00   26.00036  -88.00024    0.00005   -0.00006          2  0.000e+00
     107655   4485.583   2763.723   2800.327     4.3381     4.3390   3.401359   3.401322     1.7692     1.4530     100.00   26.00036  -88.00024    0.00003   -0.00007          2  0.000e+00
     107656   4485.625   2763.724   2800.327     4.3381     4.3388   3.401359   3.401315     1.7705     1.4542     100.00   26.00036  -88.00024    0.00004   -0.00007          2  0.000e+00
     107657   4485.667   2763.674   2800.277     4.3379     4.3387   3.401359   3.401335     1.7705     1.4542     100.00   26.00036  -88.00024    0.00004   -0.00006          2  0.000e+00
     107658   4485.708   2763.724   2800.327     4.3380     4.3388   3.401334   3.401322     1.7705     1.4542      83.44   26.00036  -88.00024    0.00002   -0.00006          2  0.000e+00
     107659   4485.750   2763.717   2800.320     4.3381     4.3388   3.401334   3.401315     1.7705     1.4542      60.44   26.00036  -88.00024    0.00003   -0.00005          2  0.000e+00
     107660   4485.792   2763.675   2800.277     4.3382     4.3387   3.401353   3.401335     1.7705     1.4530      54.70   26.00036  -88.00024    0.00003   -0.00007          2  0.000e+00
     107661   4485.833   2763.724   2800.328     4.3381     4.3388   3.401359   3.401341     1.7705     1.4542      55.60   26.00036  -88.00024    0.00003   -0.00006          2  0.000e+00
     107662   4485.875   2763.724   2800.328     4.3379     4.3390   3.401359   3.401322     1.7705     1.4542      56.53   26.00036  -88.00024    0.00004   -0.00006          2  0.000e+00
     107663   4485.917   2763.675   2800.278     4.3382     4.3390   3.401366   3.401315     1.7705     1.4542      56.73   26.00036  -88.00024    0.00002   -0.00005          2  0.000e+00
     107664   4485.958   2763.675   2800.278     4.3381     4.3390   3.401359   3.401335     1.7705     1.4542      56.68   26.00036  -88.00024    0.00003   -0.00005          2  0.000e+00
     107665   4486.000   2763.675   2800.278     4.3378     4.3388   3.401334   3.401341     1.7692     1.4542      56.65   26.00036  -88.00024    0.00001   -0.00004          2  0.000e+00
