Gulf of Mexico/GOMECC-4/1db/rb2103_0081.ros
* Sea-Bird SBE 9 Data File:
* FileName = C:\Users\scs.user.rb\CTD\GOMECC4\data\rb2103_008.hex
* Software Version Seasave V 7.26.7.107
* Temperature SN = 4799
* Conductivity SN = 3860
* Number of Bytes Per Scan = 41
* Number of Voltage Words = 4
* Number of Scans Averaged by the Deck Unit = 1
* NMEA Latitude = 25 29.79 N
* NMEA Longitude = 080 01.43 W
* NMEA UTC (Time) = Sep 15 2021  16:51:51
* NMEA baud rate = 4800
# nquan = 17
# nvalues = 3192                                  
# units = specified
# name 0 = scan: Scan Count
# name 1 = timeS: Time, Elapsed [seconds]
# name 2 = depSM: Depth [salt water, m]
# name 3 = prDM: Pressure, Digiquartz [db]
# name 4 = t090C: Temperature [ITS-90, deg C]
# name 5 = t190C: Temperature, 2 [ITS-90, deg C]
# name 6 = c0S/m: Conductivity [S/m]
# name 7 = c1S/m: Conductivity, 2 [S/m]
# name 8 = sbeox0V: Oxygen raw, SBE 43 [V]
# name 9 = sbeox1V: Oxygen raw, SBE 43, 2 [V]
# name 10 = altM: Altimeter [m]
# name 11 = latitude: Latitude [deg]
# name 12 = longitude: Longitude [deg]
# name 13 = sbox0dV/dT: Oxygen, SBE 43 [dov/dt]
# name 14 = sbox1dV/dT: Oxygen, SBE 43, 2 [dov/dt]
# name 15 = nbf: Bottles Fired
# name 16 = flag:  0.000e+00
# interval = seconds: 0.0416667
# start_time = Sep 15 2021 16:51:51 [NMEA time, header]
# bad_flag = -9.990e-29
*END*
[from data line 1277]
      44680   1861.625    118.985    119.794    16.4997    16.4060   4.554745   4.544954     2.1245     1.7827     100.00   25.50704  -80.01966    0.00026    0.00042         10  0.000e+00
      44681   1861.667    119.098    119.908    16.4936    16.4074   4.554025   4.545005     2.1245     1.7827     100.00   25.50704  -80.01966    0.00021    0.00041         10  0.000e+00
      44682   1861.708    118.916    119.725    16.4862    16.4033   4.553298   4.544658     2.1245     1.7827     100.00   25.50704  -80.01966    0.00016    0.00041         10  0.000e+00
      44683   1861.750    119.151    119.961    16.4824    16.3992   4.552799   4.544247     2.1245     1.7827     100.00   25.50704  -80.01966    0.00011    0.00040         10  0.000e+00
      44684   1861.792    119.038    119.847    16.4837    16.4007   4.552821   4.544406     2.1245     1.7827     100.00   25.50704  -80.01966    0.00006    0.00039         10  0.000e+00
      44685   1861.833    118.985    119.794    16.4815    16.4070   4.552735   4.544969     2.1245     1.7827     100.00   25.50704  -80.01966    0.00001    0.00038         10  0.000e+00
      44686   1861.875    119.038    119.847    16.4751    16.4134   4.552557   4.545720     2.1245     1.7827     100.00   25.50704  -80.01966   -0.00004    0.00037         10  0.000e+00
      44687   1861.917    119.038    119.847    16.4701    16.4184   4.552564   4.546239     2.1245     1.7827     100.00   25.50704  -80.01966   -0.00010    0.00036         10  0.000e+00
      44688   1861.958    119.038    119.847    16.4770    16.4225   4.553013   4.546680     2.1245     1.7827     100.00   25.50704  -80.01966   -0.00015    0.00035         10  0.000e+00
      44689   1862.000    118.985    119.794    16.4903    16.4265   4.553612   4.547098     2.1245     1.7827     100.00   25.50704  -80.01966   -0.00019    0.00034         10  0.000e+00
      44690   1862.042    119.038    119.847    16.4953    16.4319   4.554011   4.547430     2.1245     1.7827     100.00   25.50704  -80.01966   -0.00024    0.00032         10  0.000e+00
      44691   1862.083    119.022    119.832    16.4982    16.4357   4.554225   4.547791     2.1245     1.7827     100.00   25.50704  -80.01966   -0.00027    0.00031         10  0.000e+00
      44692   1862.125    119.038    119.847    16.4988    16.4347   4.554396   4.547510     2.1245     1.7827     100.00   25.50704  -80.01966   -0.00031    0.00030         10  0.000e+00
      44693   1862.167    119.038    119.847    16.5002    16.4227   4.554674   4.546153     2.1258     1.7827     100.00   25.50704  -80.01966   -0.00033    0.00029         10  0.000e+00
      44694   1862.208    118.985    119.794    16.5002    16.4086   4.554824   4.544860     2.1245     1.7827     100.00   25.50704  -80.01966   -0.00036    0.00028         10  0.000e+00
      44695   1862.250    119.038    119.847    16.4992    16.4000   4.554831   4.544218     2.1245     1.7827     100.00   25.50704  -80.01966   -0.00040    0.00026         10  0.000e+00
      44696   1862.292    118.985    119.794    16.4985    16.3968   4.554916   4.544175     2.1245     1.7827     100.00   25.50704  -80.01966   -0.00044    0.00027         10  0.000e+00
      44697   1862.333    119.038    119.847    16.4987    16.3994   4.554995   4.544500     2.1258     1.7827     100.00   25.50704  -80.01966   -0.00046    0.00027         10  0.000e+00
      44698   1862.375    119.038    119.847    16.4990    16.4034   4.555080   4.544846     2.1258     1.7827     100.00   25.50704  -80.01966   -0.00048    0.00028         10  0.000e+00
      44699   1862.417    118.985    119.794    16.5001    16.4124   4.555216   4.545409     2.1245     1.7827     100.00   25.50704  -80.01966   -0.00051    0.00026         10  0.000e+00
      44700   1862.458    119.023    119.832    16.5025    16.4165   4.555358   4.545748     2.1245     1.7827     100.00   25.50704  -80.01966   -0.00053    0.00025         10  0.000e+00
      44701   1862.500    119.038    119.847    16.5055    16.4172   4.555465   4.545871     2.1245     1.7814     100.00   25.50704  -80.01966   -0.00057    0.00022         10  0.000e+00
      44702   1862.542    118.985    119.794    16.5064    16.4179   4.555430   4.545857     2.1245     1.7814     100.00   25.50704  -80.01966   -0.00060    0.00020         10  0.000e+00
      44703   1862.583    118.985    119.794    16.5067    16.4153   4.555308   4.545770     2.1245     1.7814     100.00   25.50704  -80.01966   -0.00062    0.00019         10  0.000e+00
      44704   1862.625    119.038    119.847    16.5057    16.4165   4.555202   4.545965     2.1245     1.7814     100.00   25.50704  -80.01966   -0.00064    0.00016         10  0.000e+00
      44705   1862.667    119.038    119.847    16.5035    16.4134   4.555159   4.545539     2.1245     1.7814     100.00   25.50704  -80.01966   -0.00066    0.00013         10  0.000e+00
      44706   1862.708    118.985    119.794    16.5023    16.4066   4.555202   4.544832     2.1245     1.7814     100.00   25.50704  -80.01966   -0.00068    0.00010         10  0.000e+00
      44707   1862.750    118.985    119.794    16.5030    16.4021   4.555337   4.544413     2.1245     1.7814     100.00   25.50704  -80.01966   -0.00070    0.00006         10  0.000e+00
      44708   1862.792    119.038    119.848    16.5047    16.4005   4.555508   4.544233     2.1258     1.7814     100.00   25.50704  -80.01966   -0.00069    0.00003         10  0.000e+00
      44709   1862.833    118.970    119.779    16.5075    16.4018   4.555565   4.544478     2.1245     1.7814     100.00   25.50704  -80.01966   -0.00071    0.00000         10  0.000e+00
      44710   1862.875    119.038    119.848    16.5069    16.4034   4.555594   4.544593     2.1245     1.7802     100.00   25.50704  -80.01966   -0.00071   -0.00005         10  0.000e+00
      44711   1862.917    118.985    119.794    16.5069    16.4007   4.555565   4.544435     2.1245     1.7802     100.00   25.50704  -80.01966   -0.00073   -0.00009         10  0.000e+00
      44712   1862.958    118.985    119.794    16.5067    16.3984   4.555565   4.544290     2.1245     1.7802     100.00   25.50704  -80.01966   -0.00074   -0.00014         10  0.000e+00
      44713   1863.000    119.038    119.848    16.5074    16.3988   4.555537   4.544211     2.1258     1.7802     100.00   25.50704  -80.01966   -0.00072   -0.00019         10  0.000e+00
      44714   1863.042    119.038    119.848    16.5066    16.4006   4.555487   4.544269     2.1258     1.7814     100.00   25.50704  -80.01966   -0.00070   -0.00022         10  0.000e+00
      44715   1863.083    118.985    119.794    16.5094    16.4005   4.555515   4.544182     2.1245     1.7802     100.00   25.50704  -80.01966   -0.00070   -0.00026         10  0.000e+00
      44716   1863.125    119.038    119.848    16.5093    16.3996   4.555529   4.544088     2.1245     1.7802     100.00   25.50704  -80.01966   -0.00071   -0.00029         10  0.000e+00
      44717   1863.167    118.970    119.779    16.5088    16.4015   4.555601   4.544269     2.1258     1.7802     100.00   25.50704  -80.01966   -0.00069   -0.00034         10  0.000e+00
      44718   1863.208    118.985    119.794    16.5094    16.4042   4.555608   4.544579     2.1258     1.7802     100.00   25.50704  -80.01966   -0.00067   -0.00039         10  0.000e+00
      44719   1863.250    119.038    119.848    16.5086    16.4067   4.555608   4.544875     2.1258     1.7802     100.00   25.50704  -80.01966   -0.00065   -0.00043         10  0.000e+00
      44720   1863.292    118.985    119.794    16.5072    16.4072   4.555537   4.544875     2.1245     1.7790     100.00   25.50704  -80.01966   -0.00064   -0.00047         10  0.000e+00
      44721   1863.333    119.038    119.848    16.5060    16.4079   4.555494   4.545048     2.1245     1.7790     100.00   25.50704  -80.01966   -0.00064   -0.00052         10  0.000e+00
      44722   1863.375    118.985    119.794    16.5072    16.4120   4.555408   4.545460     2.1258     1.7790     100.00   25.50704  -80.01966   -0.00061   -0.00056         10  0.000e+00
      44723   1863.417    118.985    119.794    16.5091    16.4169   4.555423   4.545965     2.1258     1.7790     100.00   25.50704  -80.01966   -0.00059   -0.00060         10  0.000e+00
      44724   1863.458    119.038    119.848    16.5089    16.4212   4.555451   4.546398     2.1258     1.7790     100.00   25.50704  -80.01966   -0.00056   -0.00064         10  0.000e+00
      44725   1863.500    118.985    119.794    16.5079    16.4237   4.555480   4.546564     2.1245     1.7790     100.00   25.50704  -80.01966   -0.00055   -0.00068         10  0.000e+00
      44726   1863.542    118.970    119.779    16.5088    16.4252   4.555594   4.546716     2.1245     1.7778     100.00   25.50704  -80.01966   -0.00055   -0.00075         10  0.000e+00
      44727   1863.583    119.038    119.848    16.5089    16.4243   4.555587   4.546535     2.1258     1.7790     100.00   25.50704  -80.01966   -0.00052   -0.00081         10  0.000e+00
      44728   1863.625    118.985    119.794    16.5079    16.4187   4.555572   4.545950     2.1258     1.7790     100.00   25.50704  -80.01966   -0.00049   -0.00086         10  0.000e+00
      44729   1863.667    118.985    119.795    16.5077    16.4136   4.555529   4.545561     2.1258     1.7790     100.00   25.50704  -80.01966   -0.00047   -0.00090         10  0.000e+00
      44730   1863.708    119.038    119.848    16.5069    16.4133   4.555408   4.545698     2.1245     1.7790     100.00   25.50704  -80.01966   -0.00046   -0.00093         10  0.000e+00
      44731   1863.750    118.985    119.795    16.5052    16.4187   4.555244   4.546095     2.1245     1.7778     100.00   25.50704  -80.01966   -0.00044   -0.00099         10  0.000e+00
      44732   1863.792    118.985    119.795    16.5032    16.4253   4.555095   4.546752     2.1245     1.7778     100.00   25.50706  -80.01966   -0.00043   -0.00103         10  0.000e+00
      48311   2012.917     74.259     74.756    24.7083    24.6992   5.472635   5.472341     2.9927     2.5592     100.00   25.50792  -80.01944   -0.00060   -0.00108         11  0.000e+00
      48312   2012.958     74.818     75.319    24.7083    24.6986   5.472627   5.472272     2.9939     2.5592     100.00   25.50792  -80.01944   -0.00060   -0.00108         11  0.000e+00
      48313   2013.000     74.478     74.976    24.7083    24.6961   5.472658   5.472147     2.9939     2.5592     100.00   25.50792  -80.01944   -0.00060   -0.00106         11  0.000e+00
      48314   2013.042     74.478     74.976    24.7083    24.6954   5.472658   5.472115     2.9939     2.5580     100.00   25.50792  -80.01944   -0.00060   -0.00106         11  0.000e+00
      48315   2013.083     74.539     75.037    24.7081    24.6955   5.472635   5.472147     2.9939     2.5592     100.00   25.50792  -80.01944   -0.00059   -0.00104         11  0.000e+00
      48316   2013.125     74.478     74.977    24.7083    24.6961   5.472658   5.472162     2.9927     2.5580     100.00   25.50792  -80.01944   -0.00061   -0.00103         11  0.000e+00
      48317   2013.167     74.607     75.106    24.7087    24.6962   5.472673   5.472162     2.9927     2.5592     100.00   25.50792  -80.01944   -0.00062   -0.00100         11  0.000e+00
      48318   2013.208     74.478     74.977    24.7085    24.6963   5.472635   5.472162     2.9927     2.5592     100.00   25.50792  -80.01944   -0.00063   -0.00098         11  0.000e+00
      48319   2013.250     74.539     75.038    24.7079    24.6955   5.472650   5.472092     2.9927     2.5592     100.00   25.50792  -80.01944   -0.00065   -0.00095         11  0.000e+00
      48320   2013.292     74.539     75.038    24.7071    24.6946   5.472596   5.472069     2.9939     2.5592     100.00   25.50792  -80.01944   -0.00064   -0.00092         11  0.000e+00
      48321   2013.333     74.539     75.038    24.7069    24.6945   5.472650   5.472069     2.9927     2.5592     100.00   25.50792  -80.01944   -0.00065   -0.00089         11  0.000e+00
      48322   2013.375     74.478     74.977    24.7074    24.6948   5.472604   5.472069     2.9927     2.5592     100.00   25.50792  -80.01944   -0.00066   -0.00087         11  0.000e+00
      48323   2013.417     74.592     75.091    24.7071    24.6956   5.472581   5.472100     2.9927     2.5592     100.00   25.50792  -80.01944   -0.00066   -0.00086         11  0.000e+00
      48324   2013.458     74.539     75.038    24.7071    24.6962   5.472604   5.472115     2.9927     2.5592     100.00   25.50792  -80.01944   -0.00067   -0.00084         11  0.000e+00
      48325   2013.500     74.478     74.977    24.7074    24.6959   5.472589   5.472147     2.9927     2.5592     100.00   25.50792  -80.01944   -0.00067   -0.00082         11  0.000e+00
      48326   2013.542     74.539     75.038    24.7076    24.6952   5.472581   5.472123     2.9915     2.5604     100.00   25.50792  -80.01944   -0.00070   -0.00079         11  0.000e+00
      48327   2013.583     74.539     75.038    24.7079    24.6951   5.472650   5.472076     2.9927     2.5592     100.00   25.50792  -80.01944   -0.00070   -0.00077         11  0.000e+00
      48328   2013.625     74.539     75.038    24.7074    24.6950   5.472635   5.472069     2.9927     2.5592     100.00   25.50792  -80.01944   -0.00070   -0.00075         11  0.000e+00
      48329   2013.667     74.539     75.038    24.7074    24.6942   5.472612   5.472037     2.9939     2.5592     100.00   25.50792  -80.01944   -0.00068   -0.00073         11  0.000e+00
      48330   2013.708     74.494     74.992    24.7074    24.6948   5.472619   5.472030     2.9927     2.5592     100.00   25.50792  -80.01944   -0.00068   -0.00070         11  0.000e+00
      48331   2013.750     74.539     75.038    24.7076    24.6947   5.472627   5.472092     2.9927     2.5592     100.00   25.50792  -80.01944   -0.00068   -0.00068         11  0.000e+00
      48332   2013.792     74.539     75.038    24.7074    24.6957   5.472627   5.472115     2.9927     2.5604     100.00   25.50794  -80.01944   -0.00068   -0.00064         11  0.000e+00
      48333   2013.833     74.592     75.091    24.7071    24.6963   5.472581   5.472186     2.9927     2.5604     100.00   25.50794  -80.01944   -0.00069   -0.00060         11  0.000e+00
      48334   2013.875     74.426     74.924    24.7067    24.6975   5.472612   5.472209     2.9939     2.5592     100.00   25.50794  -80.01944   -0.00069   -0.00059         11  0.000e+00
      48335   2013.917     74.592     75.091    24.7065    24.6974   5.472589   5.472209     2.9927     2.5604     100.00   25.50794  -80.01944   -0.00070   -0.00054         11  0.000e+00
      48336   2013.958     74.478     74.977    24.7063    24.6951   5.472612   5.472069     2.9927     2.5604     100.00   25.50794  -80.01944   -0.00070   -0.00052         11  0.000e+00
      48337   2014.000     74.539     75.038    24.7065    24.6948   5.472589   5.472053     2.9939     2.5604     100.00   25.50794  -80.01944   -0.00067   -0.00049         11  0.000e+00
      48338   2014.042     74.539     75.038    24.7069    24.6945   5.472566   5.472100     2.9927     2.5604     100.00   25.50794  -80.01944   -0.00069   -0.00046         11  0.000e+00
      48339   2014.083     74.479     74.977    24.7069    24.6953   5.472542   5.472115     2.9939     2.5604     100.00   25.50794  -80.01944   -0.00066   -0.00043         11  0.000e+00
      48340   2014.125     74.592     75.091    24.7069    24.6957   5.472635   5.472076     2.9927     2.5604     100.00   25.50794  -80.01944   -0.00065   -0.00040         11  0.000e+00
      48341   2014.167     74.539     75.038    24.7069    24.6957   5.472635   5.472139     2.9927     2.5604     100.00   25.50794  -80.01944   -0.00064   -0.00037         11  0.000e+00
