Gulf of Mexico/GOMECC-4/1db/rb2103_0351.cnv
* Sea-Bird SBE 9 Data File:
* FileName = C:\Users\scs.user.rb\CTD\GOMECC4\data\rb2103_0351.hex
* Software Version Seasave V 7.26.7.107
* Temperature SN = 4799
* Conductivity SN = 3860
* Number of Bytes Per Scan = 41
* Number of Voltage Words = 4
* Number of Scans Averaged by the Deck Unit = 1
* NMEA Latitude = 28 42.06 N
* NMEA Longitude = 087 45.57 W
* NMEA UTC (Time) = Sep 24 2021  11:26:03
* NMEA baud rate = 4800
# nquan = 28
# nvalues = 622                         
# units = specified
# name 0 = scan: Scan Count
# name 1 = timeS: Time, Elapsed [seconds]
# name 2 = depSM: Depth [salt water, m]
# name 3 = prDM: Pressure, Digiquartz [db]
# name 4 = t090C: Temperature [ITS-90, deg C]
# name 5 = t190C: Temperature, 2 [ITS-90, deg C]
# name 6 = c0S/m: Conductivity [S/m]
# name 7 = c1S/m: Conductivity, 2 [S/m]
# name 8 = sbeox0V: Oxygen raw, SBE 43 [V]
# name 9 = sbeox1V: Oxygen raw, SBE 43, 2 [V]
# name 10 = altM: Altimeter [m]
# name 11 = latitude: Latitude [deg]
# name 12 = longitude: Longitude [deg]
# name 13 = sbox0dV/dT: Oxygen, SBE 43 [dov/dt]
# name 14 = sbox1dV/dT: Oxygen, SBE 43, 2 [dov/dt]
# name 15 = sbeox0ML/L: Oxygen, SBE 43 [ml/l], WS = 5
# name 16 = sbeox1ML/L: Oxygen, SBE 43, 2 [ml/l], WS = 5
# name 17 = potemp090C: Potential Temperature [ITS-90, deg C]
# name 18 = potemp190C: Potential Temperature, 2 [ITS-90, deg C]
# name 19 = sal00: Salinity, Practical [PSU]
# name 20 = sal11: Salinity, Practical, 2 [PSU]
# name 21 = sigma-é00: Density [sigma-theta, kg/m^3]
# name 22 = sigma-é11: Density, 2 [sigma-theta, kg/m^3]
# name 23 = avgsvCM: Average Sound Velocity [Chen-Millero, m/s], minP = 20, minS = 20
# name 24 = sbox0Mm/Kg: Oxygen, SBE 43 [umol/kg], WS = 5
# name 25 = sbox1Mm/Kg: Oxygen, SBE 43, 2 [umol/kg], WS = 5
# name 26 = nbin: number of scans per bin
# name 27 = flag: flag
# span 0 =      13875,     171459       
# span 1 =    578.065,   7144.063       
# span 2 =      1.987,   2248.531       
# span 3 =      2.000,   2276.000       
# span 4 =     4.2815,    29.8775       
# span 5 =     4.2823,    29.8795       
# span 6 =   3.345069,   5.960205       
# span 7 =   3.345017,   5.960637       
# span 8 =     1.6114,     3.1418       
# span 9 =     1.3150,     2.6712       
# span 10 =       9.36,     111.20      
# span 11 =   28.44295,   29.18345      
# span 12 =  -89.23285,  -86.96870      
# span 13 =   -0.07293,    0.05004      
# span 14 =   -0.06778,    0.04795      
# span 15 =     2.5579,     4.6986      
# span 16 =     2.5824,     4.7382      
# span 17 =     4.0955,    29.8711      
# span 18 =     4.0965,    29.8728      
# span 19 =    33.5232,    36.5682      
# span 20 =    33.5484,    36.5642      
# span 21 =    21.1751,    27.7552      
# span 22 =    21.1921,    27.7536      
# span 23 =       0.00,    1557.56      
# span 24 =    111.222,    204.175      
# span 25 =    112.285,    205.894      
# span 26 =         30,         70      
# span 27 = 0.0000e+00, 0.0000e+00      
# interval = decibars: 1                
# start_time = Sep 24 2021 11:26:03 [NMEA time, header]
# bad_flag = -9.990e-29
*END*
[from data line 311]
      84225   3509.325   2013.541   2037.000     4.2840     4.2849   3.366360   3.366308     1.8814     1.5654     100.00   28.70072  -87.76000    0.00009    0.00003     4.6801     4.7144     4.1086     4.1094    34.9712    34.9697    27.7519    27.7506    1496.96    203.368    204.858         30 0.0000e+00
      84328   3513.637   2009.606   2033.000     4.2836     4.2845   3.366227   3.366171     1.8824     1.5661     100.00   28.70123  -87.76154    0.00010    0.00017     4.6816     4.7151     4.1086     4.1095    34.9720    34.9703    27.7525    27.7511    1496.98    203.433    204.892         30 0.0000e+00
      84358   3514.889   2008.622   2032.000     4.2836     4.2845   3.366148   3.366092     1.8824     1.5665      98.26   28.70096  -87.76072    0.00024    0.00033     4.6812     4.7163     4.1087     4.1096    34.9715    34.9699    27.7521    27.7507    1496.97    203.417    204.943         31 0.0000e+00
      84731   3530.405   1994.848   2018.000     4.2826     4.2834   3.365506   3.365444     1.8841     1.5679     100.00   28.70104  -87.76094    0.00022   -0.00001     4.6797     4.7141     4.1091     4.1099    34.9717    34.9701    27.7522    27.7508    1496.97    203.350    204.845         30 0.0000e+00
      85141   3547.517   1980.091   2003.000     4.2831     4.2840   3.365102   3.365054     1.8866     1.5703     100.01   28.70263  -87.76577    0.00017    0.00012     4.6801     4.7151     4.1111     4.1120    34.9735    34.9720    27.7534    27.7521    1497.06    203.368    204.891         32 0.0000e+00
      85366   3556.885   1979.106   2002.000     4.2823     4.2833   3.364830   3.364774     1.8864     1.5706      98.83   28.70098  -87.76070    0.00003    0.00005     4.6792     4.7158     4.1104     4.1114    34.9715    34.9699    27.7519    27.7505    1496.97    203.332    204.919         48 0.0000e+00
      85546   3564.359   1978.122   2001.000     4.2826     4.2835   3.364813   3.364753     1.8864     1.5703     100.08   28.70098  -87.76071   -0.00002   -0.00000     4.6785     4.7140     4.1108     4.1117    34.9715    34.9699    27.7519    27.7505    1496.97    203.301    204.842         49 0.0000e+00
      86125   3588.511   1977.139   2000.000     4.2831     4.2839   3.364812   3.364749     1.8865     1.5708      81.70   28.70098  -87.76072   -0.00002    0.00011     4.6783     4.7154     4.1114     4.1122    34.9715    34.9699    27.7518    27.7505    1496.97    203.289    204.902         41 0.0000e+00
      86876   3619.799   1976.154   1999.000     4.2834     4.2844   3.364794   3.364741     1.8869     1.5702     100.53   28.70098  -87.76072    0.00004   -0.00001     4.6792     4.7124     4.1118     4.1128    34.9714    34.9698    27.7517    27.7503    1496.97    203.329    204.775         33 0.0000e+00
      87140   3630.798   1965.331   1988.000     4.2823     4.2833   3.364227   3.364167     1.8887     1.5722     100.00   28.70072  -87.75988    0.00021    0.00021     4.6799     4.7145     4.1118     4.1128    34.9710    34.9694    27.7514    27.7500    1496.96    203.361    204.865         31 0.0000e+00
      87247   3635.232   1961.395   1984.000     4.2823     4.2832   3.364131   3.364067     1.8893     1.5729      67.93   28.70135  -87.76182    0.00012    0.00011     4.6797     4.7148     4.1122     4.1131    34.9719    34.9701    27.7520    27.7506    1496.99    203.351    204.878         30 0.0000e+00
      87277   3636.487   1960.411   1983.000     4.2823     4.2832   3.364041   3.363988     1.8891     1.5729     100.71   28.70100  -87.76074    0.00007    0.00011     4.6783     4.7143     4.1123     4.1132    34.9713    34.9697    27.7515    27.7502    1496.97    203.292    204.856         31 0.0000e+00
      87489   3645.338   1952.539   1975.000     4.2822     4.2831   3.363757   3.363696     1.8903     1.5740     100.00   28.70136  -87.76183    0.00011    0.00006     4.6786     4.7140     4.1130     4.1139    34.9718    34.9702    27.7519    27.7505    1496.99    203.303    204.842         31 0.0000e+00
      87520   3646.623   1951.555   1974.000     4.2822     4.2831   3.363667   3.363607     1.8907     1.5741      95.97   28.70100  -87.76072    0.00012    0.00003     4.6793     4.7138     4.1131     4.1140    34.9713    34.9696    27.7514    27.7500    1496.97    203.336    204.835         32 0.0000e+00
      87624   3650.942   1947.619   1970.000     4.2819     4.2828   3.363508   3.363448     1.8909     1.5744     100.00   28.70120  -87.76133    0.00017    0.00007     4.6777     4.7128     4.1132     4.1141    34.9716    34.9700    27.7517    27.7503    1496.98    203.264    204.789         35 0.0000e+00
      87757   3656.517   1942.698   1965.000     4.2818     4.2826   3.363233   3.363170     1.8918     1.5751     100.00   28.70064  -87.75963    0.00012    0.00005     4.6786     4.7130     4.1136     4.1144    34.9708    34.9692    27.7510    27.7497    1496.95    203.304    204.801         32 0.0000e+00
      87864   3660.962   1938.762   1961.000     4.2819     4.2828   3.363108   3.363055     1.8921     1.5756     100.00   28.70087  -87.76032    0.00018    0.00012     4.6772     4.7125     4.1141     4.1150    34.9711    34.9695    27.7512    27.7499    1496.96    203.245    204.778         30 0.0000e+00
      88295   3678.902   1923.015   1945.000     4.2823     4.2831   3.362495   3.362432     1.8938     1.5775     100.00   28.70105  -87.76091   -0.00001    0.00007     4.6743     4.7112     4.1161     4.1169    34.9712    34.9695    27.7510    27.7496    1496.97    203.118    204.721         32 0.0000e+00
      88400   3683.276   1919.079   1941.000     4.2822     4.2831   3.362342   3.362288     1.8943     1.5784     100.00   28.70120  -87.76136    0.00009    0.00027     4.6737     4.7124     4.1164     4.1173    34.9713    34.9697    27.7511    27.7498    1496.98    203.091    204.775         31 0.0000e+00
      88431   3684.586   1918.094   1940.000     4.2823     4.2832   3.362279   3.362220     1.8945     1.5786     100.00   28.70100  -87.76074    0.00008    0.00023     4.6738     4.7127     4.1166     4.1175    34.9709    34.9693    27.7508    27.7494    1496.97    203.094    204.785         31 0.0000e+00
      88534   3688.880   1914.157   1936.000     4.2823     4.2832   3.362128   3.362072     1.8950     1.5788      97.04   28.70104  -87.76087    0.00011    0.00003     4.6734     4.7111     4.1170     4.1179    34.9711    34.9695    27.7509    27.7495    1496.97    203.077    204.717         33 0.0000e+00
      88668   3694.469   1909.236   1931.000     4.2829     4.2837   3.361962   3.361902     1.8955     1.5790      89.73   28.70094  -87.76049    0.00002    0.00006     4.6722     4.7089     4.1181     4.1189    34.9708    34.9693    27.7506    27.7493    1496.97    203.026    204.623         32 0.0000e+00
      88802   3700.055   1904.315   1926.000     4.2829     4.2838   3.361804   3.361744     1.8967     1.5800     100.00   28.70129  -87.76153    0.00027    0.00015     4.6742     4.7101     4.1186     4.1195    34.9714    34.9697    27.7509    27.7495    1496.98    203.113    204.674         30 0.0000e+00
      88832   3701.297   1903.331   1925.000     4.2830     4.2838   3.361725   3.361671     1.8963     1.5800     100.00   28.70102  -87.76074    0.00010    0.00008     4.6720     4.7096     4.1188     4.1196    34.9708    34.9694    27.7505    27.7492    1496.97    203.018    204.653         31 0.0000e+00
      88937   3705.647   1899.393   1921.000     4.2829     4.2837   3.361580   3.361510     1.8970     1.5805     100.00   28.70119  -87.76127    0.00006    0.00011     4.6722     4.7091     4.1190     4.1198    34.9712    34.9695    27.7507    27.7494    1496.98    203.025    204.632         35 0.0000e+00
      89070   3711.217   1894.472   1916.000     4.2827     4.2836   3.361287   3.361237     1.8976     1.5811     100.00   28.70061  -87.75947    0.00003    0.00025     4.6717     4.7089     4.1193     4.1202    34.9703    34.9688    27.7500    27.7487    1496.95    203.006    204.623         32 0.0000e+00
      89177   3715.665   1890.535   1912.000     4.2825     4.2834   3.361189   3.361134     1.8982     1.5817     100.00   28.70133  -87.76167    0.00018    0.00014     4.6717     4.7089     4.1196     4.1205    34.9712    34.9696    27.7507    27.7494    1496.99    203.003    204.622         31 0.0000e+00
      89208   3716.946   1889.550   1911.000     4.2826     4.2834   3.361119   3.361054     1.8987     1.5820     100.00   28.70103  -87.76074    0.00021    0.00023     4.6732     4.7097     4.1197     4.1206    34.9708    34.9692    27.7504    27.7490    1496.97    203.070    204.656         31 0.0000e+00
      89309   3721.179   1885.613   1907.000     4.2822     4.2831   3.360944   3.360882     1.8992     1.5823     100.00   28.70114  -87.76103    0.00012    0.00007     4.6726     4.7086     4.1197     4.1207    34.9711    34.9694    27.7506    27.7491    1496.98    203.044    204.607         31 0.0000e+00
      89341   3722.483   1884.629   1906.000     4.2822     4.2831   3.360884   3.360831     1.8992     1.5823     100.00   28.70104  -87.76074    0.00019    0.00010     4.6721     4.7078     4.1199     4.1208    34.9708    34.9692    27.7503    27.7490    1496.97    203.020    204.572         31 0.0000e+00
      89446   3726.868   1880.691   1902.000     4.2820     4.2830   3.360699   3.360648     1.8998     1.5826     100.00   28.70100  -87.76057    0.00012    0.00010     4.6718     4.7065     4.1201     4.1210    34.9707    34.9692    27.7503    27.7489    1496.97    203.009    204.517         31 0.0000e+00
      89552   3731.287   1876.754   1898.000     4.2824     4.2832   3.360624   3.360555     1.9000     1.5835      91.40   28.70151  -87.76210    0.00007    0.00034     4.6703     4.7083     4.1208     4.1216    34.9714    34.9698    27.7507    27.7494    1496.99    202.943    204.593         30 0.0000e+00
      89581   3732.521   1875.769   1897.000     4.2824     4.2832   3.360531   3.360473     1.9000     1.5835     100.14   28.70106  -87.76074    0.00004    0.00023     4.6696     4.7076     4.1210     4.1217    34.9707    34.9692    27.7502    27.7489    1496.97    202.914    204.564         31 0.0000e+00
      89684   3736.805   1871.832   1893.000     4.2824     4.2834   3.360434   3.360375     1.9007     1.5838     100.00   28.70164  -87.76251    0.00019    0.00006     4.6698     4.7063     4.1214     4.1223    34.9715    34.9699    27.7508    27.7493    1497.00    202.923    204.509         30 0.0000e+00
      89716   3738.127   1870.847   1892.000     4.2824     4.2833   3.360324   3.360271     1.9011     1.5842     100.00   28.70106  -87.76074    0.00027    0.00013     4.6709     4.7075     4.1214     4.1223    34.9707    34.9692    27.7501    27.7488    1496.97    202.971    204.559         36 0.0000e+00
      89818   3742.365   1866.909   1888.000     4.2822     4.2832   3.360219   3.360158     1.9017     1.5848      98.87   28.70162  -87.76246    0.00017    0.00008     4.6711     4.7077     4.1216     4.1226    34.9716    34.9698    27.7508    27.7493    1497.00    202.979    204.570         31 0.0000e+00
      89850   3743.718   1865.925   1887.000     4.2822     4.2831   3.360103   3.360049     1.9016     1.5847      92.91   28.70106  -87.76074    0.00017   -0.00004     4.6700     4.7066     4.1218     4.1227    34.9707    34.9691    27.7500    27.7487    1496.97    202.932    204.521         35 0.0000e+00
      89951   3747.923   1861.987   1883.000     4.2821     4.2830   3.359958   3.359898     1.9024     1.5850      62.96   28.70127  -87.76137    0.00015    0.00002     4.6705     4.7052     4.1220     4.1229    34.9710    34.9694    27.7503    27.7489    1496.98    202.954    204.459         30 0.0000e+00
      89982   3749.217   1861.002   1882.000     4.2821     4.2830   3.359888   3.359832     1.9025     1.5850      88.10   28.70106  -87.76074    0.00007    0.00003     4.6707     4.7047     4.1221     4.1230    34.9707    34.9691    27.7500    27.7486    1496.97    202.960    204.438         32 0.0000e+00
      90114   3754.721   1856.080   1877.000     4.2819     4.2828   3.359646   3.359587     1.9030     1.5860     100.00   28.70084  -87.76005    0.00012    0.00031     4.6697     4.7061     4.1224     4.1233    34.9704    34.9688    27.7498    27.7484    1496.96    202.916    204.500         31 0.0000e+00
      90221   3759.178   1852.142   1873.000     4.2818     4.2826   3.359508   3.359441     1.9036     1.5863     100.00   28.70115  -87.76101    0.00015    0.00007     4.6694     4.7048     4.1227     4.1235    34.9709    34.9692    27.7501    27.7487    1496.97    202.904    204.445         33 0.0000e+00
      90326   3763.541   1848.204   1869.000     4.2818     4.2826   3.359380   3.359324     1.9043     1.5868     100.00   28.70153  -87.76220    0.00018    0.00008     4.6697     4.7047     4.1231     4.1239    34.9713    34.9697    27.7504    27.7491    1496.99    202.917    204.439         30 0.0000e+00
      90359   3764.909   1847.219   1868.000     4.2817     4.2824   3.359284   3.359219     1.9044     1.5871     100.00   28.70106  -87.76076    0.00013    0.00020     4.6695     4.7053     4.1231     4.1238    34.9707    34.9692    27.7499    27.7486    1496.97    202.911    204.467         36 0.0000e+00
      90462   3769.217   1843.281   1864.000     4.2816     4.2825   3.359158   3.359097     1.9050     1.5875     100.00   28.70145  -87.76194    0.00012    0.00008     4.6696     4.7047     4.1234     4.1243    34.9712    34.9696    27.7503    27.7489    1496.99    202.914    204.437         33 0.0000e+00
      90569   3773.655   1839.343   1860.000     4.2816     4.2825   3.358968   3.358916     1.9055     1.5883     100.00   28.70129  -87.76146    0.00007    0.00021     4.6690     4.7054     4.1238     4.1247    34.9709    34.9693    27.7500    27.7487    1496.98    202.886    204.469         31 0.0000e+00
      90600   3774.955   1838.358   1859.000     4.2816     4.2825   3.358897   3.358838     1.9054     1.5885     100.00   28.70106  -87.76076    0.00004    0.00009     4.6680     4.7056     4.1239     4.1248    34.9705    34.9689    27.7497    27.7483    1496.97    202.845    204.480         31 0.0000e+00
      90703   3779.250   1834.420   1855.000     4.2815     4.2823   3.358695   3.358622     1.9059     1.5886      96.34   28.70074  -87.75978    0.00013    0.00005     4.6675     4.7038     4.1241     4.1250    34.9702    34.9685    27.7494    27.7480    1496.95    202.824    204.399         31 0.0000e+00
      91241   3801.670   1814.727   1835.000     4.2829     4.2837   3.358052   3.357990     1.9087     1.5911      72.72   28.70124  -87.76132    0.00011    0.00017     4.6663     4.7022     4.1275     4.1283    34.9707    34.9692    27.7495    27.7482    1496.98    202.769    204.331         36 0.0000e+00
      91373   3807.170   1809.804   1830.000     4.2832     4.2839   3.357854   3.357794     1.9092     1.5916     100.00   28.70108  -87.76084    0.00016    0.00013     4.6652     4.7009     4.1283     4.1291    34.9705    34.9690    27.7492    27.7479    1496.97    202.723    204.274         35 0.0000e+00
      91480   3811.628   1805.865   1826.000     4.2838     4.2846   3.357766   3.357724     1.9097     1.5922     100.00   28.70139  -87.76178    0.00012    0.00012     4.6646     4.7012     4.1293     4.1301    34.9707    34.9694    27.7493    27.7481    1496.99    202.695    204.285         31 0.0000e+00
      91616   3817.305   1800.942   1821.000     4.2841     4.2849   3.357567   3.357512     1.9100     1.5927     100.00   28.70116  -87.76107    0.00010    0.00013     4.6627     4.7003     4.1301     4.1309    34.9705    34.9689    27.7490    27.7477    1496.98    202.612    204.249         31 0.0000e+00
