Gulf of Mexico/GOMECC-4/1db/rb2103_1031.cnv
* Sea-Bird SBE 9 Data File:
* FileName = C:\Users\scs.user.rb\CTD\GOMECC4\data\rb2103_1031.hex
* Software Version Seasave V 7.26.7.107
* Temperature SN = 4799
* Conductivity SN = 3860
* Number of Bytes Per Scan = 41
* Number of Voltage Words = 4
* Number of Scans Averaged by the Deck Unit = 1
* NMEA Latitude = 24 23.15 N
* NMEA Longitude = 088 00.13 W
* NMEA UTC (Time) = Oct 13 2021  03:19:12
* NMEA baud rate = 4800
# nquan = 28
# nvalues = 353                         
# units = specified
# name 0 = scan: Scan Count
# name 1 = timeS: Time, Elapsed [seconds]
# name 2 = depSM: Depth [salt water, m]
# name 3 = prDM: Pressure, Digiquartz [db]
# name 4 = t090C: Temperature [ITS-90, deg C]
# name 5 = t190C: Temperature, 2 [ITS-90, deg C]
# name 6 = c0S/m: Conductivity [S/m]
# name 7 = c1S/m: Conductivity, 2 [S/m]
# name 8 = sbeox0V: Oxygen raw, SBE 43 [V]
# name 9 = sbeox1V: Oxygen raw, SBE 43, 2 [V]
# name 10 = altM: Altimeter [m]
# name 11 = latitude: Latitude [deg]
# name 12 = longitude: Longitude [deg]
# name 13 = sbox0dV/dT: Oxygen, SBE 43 [dov/dt]
# name 14 = sbox1dV/dT: Oxygen, SBE 43, 2 [dov/dt]
# name 15 = sbeox0ML/L: Oxygen, SBE 43 [ml/l], WS = 5
# name 16 = sbeox1ML/L: Oxygen, SBE 43, 2 [ml/l], WS = 5
# name 17 = potemp090C: Potential Temperature [ITS-90, deg C]
# name 18 = potemp190C: Potential Temperature, 2 [ITS-90, deg C]
# name 19 = sal00: Salinity, Practical [PSU]
# name 20 = sal11: Salinity, Practical, 2 [PSU]
# name 21 = sigma-é00: Density [sigma-theta, kg/m^3]
# name 22 = sigma-é11: Density, 2 [sigma-theta, kg/m^3]
# name 23 = avgsvCM: Average Sound Velocity [Chen-Millero, m/s], minP = 20, minS = 20
# name 24 = sbox0Mm/Kg: Oxygen, SBE 43 [umol/kg], WS = 5
# name 25 = sbox1Mm/Kg: Oxygen, SBE 43, 2 [umol/kg], WS = 5
# name 26 = nbin: number of scans per bin
# name 27 = flag: flag
# span 0 =      22014,     102726       
# span 1 =    917.213,   4280.193       
# span 2 =      0.994,    518.012       
# span 3 =      1.000,    522.000       
# span 4 =     7.8213,    30.2256       
# span 5 =     7.8227,    30.2269       
# span 6 =   3.623567,   6.118056       
# span 7 =   3.623656,   6.118382       
# span 8 =     1.6400,     3.2341       
# span 9 =     1.3386,     2.7360       
# span 10 =      12.12,     103.16      
# span 11 =   24.26381,   25.15568      
# span 12 =  -90.76244,  -87.54659      
# span 13 =   -0.03293,    0.02690      
# span 14 =   -0.03161,    0.02705      
# span 15 =     2.6961,     4.6627      
# span 16 =     2.7122,     4.6740      
# span 17 =     7.7682,    30.2248      
# span 18 =     7.7696,    30.2262      
# span 19 =    34.9448,    37.2990      
# span 20 =    34.9447,    37.3002      
# span 21 =    21.9801,    27.2715      
# span 22 =    22.1119,    27.2710      
# span 23 =       0.00,    1557.88      
# span 24 =    117.227,    203.196      
# span 25 =    117.927,    203.688      
# span 26 =         30,         74      
# span 27 = 0.0000e+00, 0.0000e+00      
# interval = decibars: 1                
# start_time = Oct 13 2021 03:19:12 [NMEA time, header]
# bad_flag = -9.990e-29
*END*
[from data line 259]
      59635   2484.770    188.699    190.000    14.9395    14.9358   4.399704   4.399433     1.9755     1.6395     100.00   24.39196  -88.01162    0.00088    0.00087     3.0355     3.0472    14.9106    14.9068    35.9641    35.9651    26.7353    26.7369    1510.87    132.034    132.544         43 0.0000e+00
      59674   2486.382    187.706    189.000    14.9577    14.9533   4.401907   4.401359     1.9772     1.6414     100.00   24.39198  -88.01162    0.00109    0.00086     3.0378     3.0508    14.9289    14.9245    35.9679    35.9670    26.7343    26.7345    1510.87    132.137    132.703         36 0.0000e+00
      59710   2487.861    186.714    188.000    14.9937    14.9711   4.406218   4.403410     1.9788     1.6435     100.00   24.39198  -88.01162    0.00110    0.00121     3.0397     3.0548    14.9651    14.9425    35.9747    35.9697    26.7315    26.7327    1510.87    132.217    132.873         36 0.0000e+00
      59745   2489.344    185.721    187.000    15.0784    15.0086   4.416055   4.408021     1.9820     1.6439     100.00   24.39198  -88.01164    0.00136    0.00110     3.0406     3.0528    15.0497    14.9801    35.9870    35.9778    26.7222    26.7306    1510.87    132.258    132.790         36 0.0000e+00
      59778   2490.717    184.728    186.000    15.1913    15.1301   4.429501   4.421815     1.9880     1.6456     100.00   24.39198  -88.01164    0.00239    0.00067     3.0467     3.0496    15.1627    15.1015    36.0061    35.9924    26.7119    26.7149    1510.87    132.524    132.653         30 0.0000e+00
      59863   2494.243    181.750    183.000    15.5360    15.4469   4.470373   4.459861     2.0138     1.6719     100.00   24.39151  -88.00995    0.00694    0.00722     3.0833     3.0957    15.5074    15.4184    36.0619    36.0484    26.6774    26.6870    1510.84    134.121    134.658         33 0.0000e+00
      60123   2505.069    171.823    173.000    16.1155    16.1079   4.539030   4.538376     2.0767     1.7307     100.00   24.39125  -88.00902    0.00396    0.00345     3.1876     3.1993    16.0877    16.0801    36.1538    36.1549    26.6152    26.6178    1510.82    138.667    139.178         30 0.0000e+00
      60252   2510.466    166.859    168.000    16.2772    16.2730   4.558294   4.557896     2.0931     1.7450     100.00   24.39148  -88.00981    0.00375    0.00346     3.2123     3.2229    16.2500    16.2459    36.1806    36.1809    26.5981    26.5993    1510.84    139.745    140.204         32 0.0000e+00
      60536   2522.285    155.938    157.000    16.5423    16.5380   4.587934   4.587919     2.1221     1.7707      99.94   24.37637  -87.95526    0.00225    0.00171     3.2570     3.2659    16.5167    16.5124    36.2009    36.2046    26.5496    26.5535    1509.90    141.695    142.082         35 0.0000e+00
      60935   2538.927    153.952    155.000    17.0276    17.0019   4.651543   4.648871     2.1593     1.8089     100.14   24.42598  -88.13425    0.00136    0.00262     3.3060     3.3295    17.0018    16.9761    36.3454    36.3451    26.5507    26.5567    1512.97    143.832    144.854         34 0.0000e+00
      60947   2539.416    152.959    154.000    17.0814    17.0772   4.654569   4.654451     2.1655     1.8125     100.00   24.39208  -88.01188    0.00187    0.00172     3.3167     3.3333    17.0557    17.0515    36.3085    36.3103    26.5057    26.5081    1510.87    144.298    145.021         40 0.0000e+00
      61063   2544.238    151.966    153.000    17.0898    17.1411   4.655472   4.661912     2.1692     1.8159     100.00   24.39208  -88.01189    0.00065    0.00061     3.3241     3.3368    17.0643    17.1155    36.3092    36.3192    26.5041    26.4995    1510.87    144.622    145.176         35 0.0000e+00
      63221   2634.161    148.987    150.000    17.2364    17.2501   4.672059   4.673663     2.1822     1.8263      99.95   24.38037  -87.96932   -0.00006    0.00018     3.3422     3.3542    17.2112    17.2248    36.3179    36.3232    26.4741    26.4750    1510.13    145.411    145.936         33 0.0000e+00
      63689   2653.687    147.995    149.000    17.2577    17.2640   4.675867   4.676704     2.1851     1.8290     100.00   24.39229  -88.01226    0.00012    0.00018     3.3467     3.3595    17.2326    17.2389    36.3378    36.3395    26.4855    26.4852    1510.87    145.607    146.163         46 0.0000e+00
      63814   2658.886    147.002    148.000    17.2583    17.2637   4.675877   4.676812     2.1847     1.8292     100.00   24.39230  -88.01228   -0.00002    0.00008     3.3452     3.3595    17.2335    17.2388    36.3380    36.3398    26.4855    26.4855    1510.87    145.543    146.166         42 0.0000e+00
      63884   2661.792    146.009    147.000    17.2672    17.2658   4.677273   4.676877     2.1849     1.8289     100.00   24.39230  -88.01230    0.00004   -0.00016     3.3450     3.3582    17.2425    17.2411    36.3402    36.3402    26.4850    26.4853    1510.87    145.532    146.108         48 0.0000e+00
      63936   2663.960    145.016    146.000    17.2925    17.2748   4.679983   4.677870     2.1853     1.8280     100.00   24.39230  -88.01230   -0.00009    0.00005     3.3432     3.3550    17.2679    17.2502    36.3436    36.3411    26.4814    26.4838    1510.87    145.455    145.968         51 0.0000e+00
      63982   2665.859    144.023    145.000    17.3092    17.2930   4.681966   4.680395     2.1870     1.8293     100.00   24.39231  -88.01231    0.00075   -0.00045     3.3456     3.3561    17.2847    17.2686    36.3463    36.3443    26.4794    26.4817    1510.87    145.562    146.015         40 0.0000e+00
      64018   2667.357    143.030    144.000    17.3182    17.3170   4.683072   4.682959     2.1880     1.8316     100.00   24.39232  -88.01232    0.00085    0.00095     3.3466     3.3600    17.2939    17.2927    36.3482    36.3483    26.4786    26.4790    1510.87    145.606    146.189         34 0.0000e+00
      64049   2668.652    142.037    143.000    17.3272    17.3279   4.684154   4.684304     2.1887     1.8329      81.12   24.39232  -88.01233    0.00057    0.00153     3.3472     3.3621    17.3031    17.3038    36.3499    36.3506    26.4777    26.4781    1510.87    145.632    146.280         30 0.0000e+00
      64080   2669.972    141.044    142.000    17.3676    17.3468   4.688906   4.686692     2.1901     1.8334      80.02   24.39232  -88.01234    0.00066    0.00085     3.3472     3.3613    17.3436    17.3229    36.3554    36.3539    26.4721    26.4760    1510.87    145.629    146.243         32 0.0000e+00
      64212   2675.438    137.073    138.000    17.6623    17.6524   4.725010   4.723727     2.2035     1.8435      99.68   24.39946  -88.03811    0.00308    0.00244     3.3543     3.3641    17.6388    17.6289    36.4090    36.4068    26.4419    26.4427    1511.31    145.946    146.370         33 0.0000e+00
      64253   2677.169    136.080    137.000    17.5563    17.6425   4.711297   4.721313     2.1992     1.8391     100.03   24.39232  -88.01236    0.00000   -0.00072     3.3522     3.3557    17.5330    17.6195    36.3824    36.3961    26.4466    26.4368    1510.87    145.850    146.004         41 0.0000e+00
      64351   2681.267    135.087    136.000    17.7105    17.8634   4.729523   4.747237     2.1988     1.8393      79.86   24.39234  -88.01238    0.00037    0.00059     3.3397     3.3395    17.6872    17.8404    36.4024    36.4154    26.4241    26.3955    1510.87    145.311    145.306         32 0.0000e+00
      65352   2722.974    130.122    131.000    18.3504    18.3739   4.800303   4.803146     2.2018     1.8426      77.81   24.36268  -87.90524    0.00078   -0.00009     3.3001     3.3108    18.3274    18.3509    36.4269    36.4302    26.2798    26.2765    1509.03    143.604    144.070         37 0.0000e+00
      66153   2756.345    129.129    130.000    18.4185    18.4180   4.811406   4.811411     2.2091     1.8483     103.16   24.39249  -88.01272    0.00044   -0.00008     3.3106     3.3214    18.3956    18.3952    36.4756    36.4763    26.3036    26.3043    1510.87    144.061    144.534         49 0.0000e+00
      66156   2756.476    128.136    129.000    18.4076    18.4193   4.810092   4.811564     2.2065     1.8469     100.00   24.39248  -88.01272   -0.00069   -0.00026     3.3051     3.3176    18.3849    18.3966    36.4747    36.4765    26.3057    26.3041    1510.87    143.824    144.366         52 0.0000e+00
      66202   2758.369    127.143    128.000    18.3991    18.4209   4.809056   4.811707     2.2073     1.8479     100.00   24.39250  -88.01272    0.00012   -0.00022     3.3071     3.3194    18.3766    18.3983    36.4739    36.4771    26.3071    26.3041    1510.87    143.907    144.445         42 0.0000e+00
      66239   2759.929    126.150    127.000    18.5027    18.4497   4.820950   4.814691     2.2097     1.8479     100.00   24.39250  -88.01273    0.00057    0.00039     3.3048     3.3172    18.4803    18.4273    36.4835    36.4773    26.2883    26.2969    1510.87    143.812    144.352         32 0.0000e+00
      66305   2762.676    124.164    125.000    18.9878    18.9295   4.875951   4.869510     2.2250     1.8600     100.01   24.39516  -88.02233    0.00467    0.00256     3.3046     3.3149    18.9653    18.9071    36.5219    36.5191    26.1942    26.2070    1511.03    143.818    144.264         33 0.0000e+00
      66331   2763.740    123.171    124.000    19.2349    19.1356   4.902705   4.889146     2.2318     1.8628     100.00   24.39250  -88.01274    0.00588    0.00452     3.3027     3.3083    19.2124    19.1132    36.5280    36.5017    26.1347    26.1403    1510.87    143.743    143.987         31 0.0000e+00
      66432   2767.941    121.185    122.000    19.9128    19.9191   4.976475   4.976251     2.2493     1.8807     100.03   24.40057  -88.04187    0.00430    0.00451     3.2949     3.3010    19.8901    19.8964    36.5537    36.5462    25.9777    25.9701    1511.37    143.426    143.694         36 0.0000e+00
      68919   2871.567    119.199    120.000    20.8320    20.8360   5.074065   5.074726     2.2838     1.9094      79.34   24.40043  -88.04117    0.00040   -0.00042     3.3081     3.3112    20.8090    20.8130    36.5578    36.5597    25.7338    25.7342    1511.35    144.033    144.169         60 0.0000e+00
      68960   2873.287    118.206    119.000    20.8872    20.8490   5.079020   5.074819     2.2855     1.9122     100.30   24.39273  -88.01336    0.00071    0.00151     3.3077     3.3165    20.8643    20.8264    36.5468    36.5468    25.7091    25.7200    1510.87    144.020    144.399         59 0.0000e+00
      69019   2875.751    117.212    118.000    20.9903    21.0169   5.089808   5.092607     2.2929     1.9167      75.53   24.39274  -88.01338    0.00216    0.00135     3.3162     3.3177    20.9676    20.9945    36.5459    36.5405    25.6803    25.6671    1510.87    144.393    144.459         58 0.0000e+00
      69070   2877.888    116.219    117.000    21.0997    21.0982   5.100660   5.100476     2.3026     1.9273      99.05   24.39274  -88.01339    0.00408    0.00345     3.3298     3.3360    21.0771    21.0756    36.5402    36.5398    25.6458    25.6459    1510.87    144.991    145.261         52 0.0000e+00
      69131   2880.417    115.226    116.000    21.2679    21.2095   5.116371   5.112341     2.3322     1.9492     100.00   24.39274  -88.01340    0.00869    0.00775     3.3804     3.3792    21.2453    21.1870    36.5233    36.5407    25.5866    25.6160    1510.87    147.202    147.145         58 0.0000e+00
      69175   2882.268    114.233    115.000    21.3650    21.3647   5.127972   5.126497     2.3515     1.9668     100.00   24.39274  -88.01342    0.01216    0.00867     3.4122     3.4091    21.3425    21.3424    36.5276    36.5246    25.5630    25.5615    1510.87    148.592    148.457         39 0.0000e+00
      69223   2884.264    113.240    114.000    21.5307    21.5356   5.143288   5.143336     2.3820     2.0059     100.00   24.39276  -88.01343    0.01246    0.01361     3.4706     3.4895    21.5083    21.5133    36.5159    36.5121    25.5080    25.5038    1510.87    151.141    151.966         56 0.0000e+00
      69272   2886.276    112.247    113.000    21.5860    21.5731   5.148042   5.146965     2.4083     2.0212     100.00   24.39276  -88.01344    0.01524    0.01452     3.5175     3.5215    21.5639    21.5509    36.5072    36.5097    25.4860    25.4914    1510.87    153.187    153.360         38 0.0000e+00
      69311   2887.930    111.254    112.000    21.6903    21.6926   5.157221   5.157118     2.4317     2.0465     100.00   24.39276  -88.01344    0.01298    0.01100     3.5615     3.5739    21.6690    21.6705    36.4917    36.4905    25.4448    25.4434    1510.87    155.109    155.649         47 0.0000e+00
      69363   2890.066    110.261    111.000    21.7470    21.7484   5.162312   5.162670     2.4658     2.0795     100.00   24.39276  -88.01345    0.01544    0.01623     3.6249     3.6431    21.7250    21.7264    36.4843    36.4868    25.4235    25.4250    1510.87    157.876    158.665         43 0.0000e+00
      69435   2893.082    108.275    109.000    22.0079    22.0105   5.188467   5.188982     2.5114     2.1222     100.02   24.39681  -88.02800    0.01560    0.01356     3.7012     3.7224    21.9861    21.9888    36.4741    36.4765    25.3427    25.3439    1511.12    161.210    162.132         32 0.0000e+00
      69458   2894.029    107.282    108.000    22.0733    22.0533   5.196609   5.193986     2.5432     2.1452     100.00   24.39278  -88.01347    0.02056    0.01849     3.7617     3.7716    22.0518    22.0318    36.4827    36.4788    25.3303    25.3330    1510.87    163.845    164.278         36 0.0000e+00
      69492   2895.463    106.289    107.000    22.1324    22.1635   5.203276   5.206459     2.5550     2.1535     100.00   24.39278  -88.01348    0.01944    0.01670     3.7808     3.7822    22.1096    22.1422    36.4871    36.4854    25.3173    25.3069    1510.87    164.681    164.743         32 0.0000e+00
      69562   2898.386    104.303    105.000    22.3221    22.3098   5.228290   5.226851     2.5546     2.1470     100.02   24.39674  -88.02776    0.00318    0.00044     3.7651     3.7563    22.3010    22.2887    36.5265    36.5256    25.2936    25.2963    1511.11    164.001    163.618         31 0.0000e+00
      69590   2899.556    103.309    104.000    22.3601    22.3403   5.232491   5.230062     2.5454     2.1408      97.37   24.39279  -88.01350   -0.00236   -0.00306     3.7430     3.7396    22.3392    22.3193    36.5257    36.5233    25.2814    25.2852    1510.87    163.040    162.890         41 0.0000e+00
      73611   3067.091     94.371     95.000    22.9676    22.9710   5.308199   5.308763     2.5385     2.1356     100.06   24.40731  -88.06545    0.00018   -0.00028     3.6806     3.6810    22.9481    22.9515    36.6202    36.6215    25.1804    25.1804    1511.74    160.341    160.356         34 0.0000e+00
      73667   3069.418     93.378     94.000    22.9527    22.9589   5.303691   5.305717     2.5387     2.1352     100.00   24.39323  -88.01465    0.00057    0.00017     3.6820     3.6803    22.9335    22.9396    36.5968    36.6002    25.1646    25.1654    1510.87    160.404    160.326         41 0.0000e+00
      73755   3073.067     92.385     93.000    22.9607    22.9767   5.305730   5.307511     2.5388     2.1375     100.00   24.39324  -88.01466   -0.00005    0.00090     3.6809     3.6836    22.9416    22.9576    36.5991    36.5996    25.1640    25.1597    1510.87    160.356    160.473         48 0.0000e+00
      73824   3075.973     91.392     92.000    22.9975    23.0104   5.309650   5.311060     2.5422     2.1410      94.32   24.39324  -88.01466    0.00070    0.00113     3.6856     3.6889    22.9785    22.9914    36.5993    36.5994    25.1534    25.1497    1510.87    160.559    160.706         40 0.0000e+00
