Gulf of Mexico/GOMECC-4/1db/rb2103_0701.ros
* Sea-Bird SBE 9 Data File:
* FileName = C:\Users\scs.user.rb\CTD\GOMECC4\data\rb2103_0701.hex
* Software Version Seasave V 7.26.7.107
* Temperature SN = 4799
* Conductivity SN = 3860
* Number of Bytes Per Scan = 41
* Number of Voltage Words = 4
* Number of Scans Averaged by the Deck Unit = 1
* NMEA Latitude = 26 03.47 N
* NMEA Longitude = 094 40.25 W
* NMEA UTC (Time) = Oct 03 2021  15:59:31
* NMEA baud rate = 4800
# nquan = 17
# nvalues = 3192                                  
# units = specified
# name 0 = scan: Scan Count
# name 1 = timeS: Time, Elapsed [seconds]
# name 2 = depSM: Depth [salt water, m]
# name 3 = prDM: Pressure, Digiquartz [db]
# name 4 = t090C: Temperature [ITS-90, deg C]
# name 5 = t190C: Temperature, 2 [ITS-90, deg C]
# name 6 = c0S/m: Conductivity [S/m]
# name 7 = c1S/m: Conductivity, 2 [S/m]
# name 8 = sbeox0V: Oxygen raw, SBE 43 [V]
# name 9 = sbeox1V: Oxygen raw, SBE 43, 2 [V]
# name 10 = altM: Altimeter [m]
# name 11 = latitude: Latitude [deg]
# name 12 = longitude: Longitude [deg]
# name 13 = sbox0dV/dT: Oxygen, SBE 43 [dov/dt]
# name 14 = sbox1dV/dT: Oxygen, SBE 43, 2 [dov/dt]
# name 15 = nbf: Bottles Fired
# name 16 = flag:  0.000e+00
# interval = seconds: 0.0416667
# start_time = Oct 03 2021 15:59:31 [NMEA time, header]
# bad_flag = -9.990e-29
*END*
[from data line 3149]
     228356   9514.792      3.013      3.033    29.2711    29.2755   5.918465   5.919044     3.1477     2.6703     100.00   26.06176  -94.66884   -0.00088    0.00092         24  0.000e+00
     228357   9514.833      3.068      3.088    29.2711    29.2759   5.918426   5.919036     3.1490     2.6703     100.00   26.06176  -94.66884   -0.00087    0.00095         24  0.000e+00
     228358   9514.875      3.007      3.026    29.2715    29.2762   5.918489   5.919068     3.1490     2.6703     100.00   26.06176  -94.66884   -0.00086    0.00095         24  0.000e+00
     228359   9514.917      3.067      3.088    29.2715    29.2762   5.918513   5.919084     3.1490     2.6716     100.00   26.06176  -94.66884   -0.00084    0.00097         24  0.000e+00
     228360   9514.958      3.013      3.033    29.2717    29.2768   5.918513   5.919132     3.1490     2.6703     100.00   26.06176  -94.66884   -0.00081    0.00097         24  0.000e+00
     228361   9515.000      3.054      3.074    29.2717    29.2772   5.918489   5.919205     3.1490     2.6703     100.00   26.06176  -94.66884   -0.00080    0.00101         24  0.000e+00
     228362   9515.042      3.013      3.033    29.2717    29.2777   5.918465   5.919262     3.1490     2.6703     100.00   26.06176  -94.66884   -0.00079    0.00102         24  0.000e+00
     228363   9515.083      3.013      3.033    29.2713    29.2783   5.918465   5.919237     3.1502     2.6703     100.00   26.06176  -94.66884   -0.00076    0.00102         24  0.000e+00
     228364   9515.125      3.006      3.026    29.2708    29.2777   5.918346   5.919189     3.1490     2.6703     100.00   26.06176  -94.66884   -0.00075    0.00100         24  0.000e+00
     228365   9515.167      3.013      3.033    29.2700    29.2776   5.918314   5.919213     3.1502     2.6691     100.00   26.06176  -94.66884   -0.00072    0.00097         24  0.000e+00
     228366   9515.208      3.054      3.074    29.2689    29.2766   5.918243   5.919084     3.1502     2.6691     100.00   26.06176  -94.66884   -0.00069    0.00095         24  0.000e+00
     228367   9515.250      3.013      3.033    29.2687    29.2759   5.918179   5.918939     3.1502     2.6691     100.00   26.06176  -94.66884   -0.00064    0.00093         24  0.000e+00
     228368   9515.292      3.013      3.033    29.2683    29.2749   5.918171   5.918890     3.1502     2.6679     100.00   26.06176  -94.66884   -0.00061    0.00088         24  0.000e+00
     228369   9515.333      3.006      3.026    29.2685    29.2744   5.918131   5.918923     3.1502     2.6679     100.00   26.06176  -94.66884   -0.00058    0.00084         24  0.000e+00
     228370   9515.375      3.013      3.033    29.2678    29.2746   5.918083   5.918939     3.1502     2.6679     100.00   26.06176  -94.66884   -0.00055    0.00079         24  0.000e+00
     228371   9515.417      3.013      3.033    29.2671    29.2746   5.918075   5.918899     3.1502     2.6654     100.00   26.06176  -94.66884   -0.00053    0.00071         24  0.000e+00
     228372   9515.458      3.006      3.026    29.2665    29.2738   5.918107   5.918818     3.1502     2.6654     100.00   26.06176  -94.66884   -0.00050    0.00063         24  0.000e+00
     228373   9515.500      3.013      3.033    29.2656    29.2744   5.918155   5.918826     3.1502     2.6654     100.00   26.06176  -94.66884   -0.00045    0.00055         24  0.000e+00
     228374   9515.542      3.013      3.033    29.2656    29.2742   5.918099   5.918818     3.1502     2.6642     100.00   26.06176  -94.66884   -0.00041    0.00045         24  0.000e+00
     228375   9515.583      3.006      3.026    29.2661    29.2733   5.918004   5.918648     3.1514     2.6654     100.00   26.06176  -94.66884   -0.00036    0.00037         24  0.000e+00
     228376   9515.625      3.013      3.033    29.2662    29.2727   5.917940   5.918414     3.1502     2.6654     100.00   26.06176  -94.66884   -0.00032    0.00029         24  0.000e+00
     228377   9515.667      3.013      3.033    29.2655    29.2688   5.917861   5.918318     3.1490     2.6654     100.00   26.06176  -94.66884   -0.00029    0.00021         24  0.000e+00
     228378   9515.708      3.006      3.026    29.2643    29.2685   5.917845   5.918237     3.1502     2.6642     100.00   26.06176  -94.66884   -0.00025    0.00013         24  0.000e+00
     228379   9515.750      2.966      2.985    29.2643    29.2675   5.917837   5.918140     3.1502     2.6630     100.00   26.06176  -94.66884   -0.00022    0.00005         24  0.000e+00
     228380   9515.792      3.054      3.074    29.2656    29.2672   5.917908   5.918164     3.1502     2.6642     100.00   26.06176  -94.66884   -0.00018   -0.00002         24  0.000e+00
     228381   9515.833      3.013      3.033    29.2663    29.2685   5.917964   5.918164     3.1502     2.6654     100.00   26.06176  -94.66884   -0.00013   -0.00010         24  0.000e+00
     228382   9515.875      3.013      3.033    29.2665    29.2680   5.918083   5.918124     3.1502     2.6630     100.00   26.06176  -94.66884   -0.00009   -0.00021         24  0.000e+00
     228383   9515.917      3.006      3.026    29.2671    29.2660   5.918195   5.917930     3.1490     2.6630     100.00   26.06176  -94.66884   -0.00008   -0.00033         24  0.000e+00
     228384   9515.958      3.013      3.033    29.2687    29.2623   5.918250   5.917729     3.1490     2.6654     100.00   26.06176  -94.66884   -0.00005   -0.00040         24  0.000e+00
     228385   9516.000      3.013      3.033    29.2696    29.2634   5.918338   5.917753     3.1490     2.6654     100.00   26.06176  -94.66884   -0.00002   -0.00044         24  0.000e+00
     228386   9516.042      3.006      3.026    29.2702    29.2653   5.918402   5.917850     3.1490     2.6630     100.00   26.06176  -94.66884    0.00000   -0.00053         24  0.000e+00
     228387   9516.083      3.013      3.033    29.2706    29.2653   5.918489   5.917922     3.1490     2.6642     100.00   26.06176  -94.66884    0.00003   -0.00061         24  0.000e+00
     228388   9516.125      3.013      3.033    29.2715    29.2653   5.918513   5.918108     3.1477     2.6654     100.00   26.06176  -94.66884    0.00004   -0.00065         24  0.000e+00
     228389   9516.167      3.006      3.026    29.2717    29.2673   5.918545   5.918269     3.1490     2.6654     100.00   26.06176  -94.66884    0.00007   -0.00068         24  0.000e+00
     228390   9516.208      3.013      3.033    29.2717    29.2696   5.918521   5.918382     3.1477     2.6630     100.00   26.06176  -94.66884    0.00008   -0.00074         24  0.000e+00
     228391   9516.250      3.067      3.087    29.2713    29.2710   5.918545   5.918366     3.1477     2.6642     100.00   26.06176  -94.66884    0.00010   -0.00079         24  0.000e+00
     228392   9516.292      3.006      3.026    29.2715    29.2681   5.918561   5.917987     3.1490     2.6642     100.00   26.06176  -94.66884    0.00013   -0.00084         24  0.000e+00
     228393   9516.333      3.013      3.032    29.2715    29.2581   5.918561   5.917092     3.1477     2.6630      96.90   26.06176  -94.66884    0.00014   -0.00089         24  0.000e+00
     228394   9516.375      3.006      3.026    29.2715    29.2517   5.918593   5.916374     3.1477     2.6642      73.38   26.06176  -94.66884    0.00016   -0.00092         24  0.000e+00
     228395   9516.417      3.067      3.087    29.2713    29.2495   5.918545   5.916051     3.1477     2.6630      62.32   26.06176  -94.66884    0.00017   -0.00097         24  0.000e+00
     228396   9516.458      3.013      3.032    29.2711    29.2482   5.918553   5.915922     3.1490     2.6642      61.59   26.06176  -94.66884    0.00020   -0.00099         24  0.000e+00
     228397   9516.500      3.053      3.073    29.2715    29.2482   5.918633   5.915930     3.1477     2.6630      62.64   26.06176  -94.66884    0.00022   -0.00104         24  0.000e+00
     228398   9516.542      3.067      3.087    29.2724    29.2497   5.918760   5.916027     3.1477     2.6642      63.05   26.06176  -94.66884    0.00024   -0.00106         24  0.000e+00
