Gulf of Mexico/GOMECC-4/1db/rb2103_0851.cnv
* Sea-Bird SBE 9 Data File:
* FileName = C:\Users\scs.user.rb\CTD\GOMECC4\data\rb2103_0851.hex
* Software Version Seasave V 7.26.7.107
* Temperature SN = 4799
* Conductivity SN = 3860
* Number of Bytes Per Scan = 41
* Number of Voltage Words = 4
* Number of Scans Averaged by the Deck Unit = 1
* NMEA Latitude = 20 36.04 N
* NMEA Longitude = 094 17.37 W
* NMEA UTC (Time) = Oct 07 2021  22:53:37
* NMEA baud rate = 4800
# nquan = 28
# nvalues = 648                         
# units = specified
# name 0 = scan: Scan Count
# name 1 = timeS: Time, Elapsed [seconds]
# name 2 = depSM: Depth [salt water, m]
# name 3 = prDM: Pressure, Digiquartz [db]
# name 4 = t090C: Temperature [ITS-90, deg C]
# name 5 = t190C: Temperature, 2 [ITS-90, deg C]
# name 6 = c0S/m: Conductivity [S/m]
# name 7 = c1S/m: Conductivity, 2 [S/m]
# name 8 = sbeox0V: Oxygen raw, SBE 43 [V]
# name 9 = sbeox1V: Oxygen raw, SBE 43, 2 [V]
# name 10 = altM: Altimeter [m]
# name 11 = latitude: Latitude [deg]
# name 12 = longitude: Longitude [deg]
# name 13 = sbox0dV/dT: Oxygen, SBE 43 [dov/dt]
# name 14 = sbox1dV/dT: Oxygen, SBE 43, 2 [dov/dt]
# name 15 = sbeox0ML/L: Oxygen, SBE 43 [ml/l], WS = 5
# name 16 = sbeox1ML/L: Oxygen, SBE 43, 2 [ml/l], WS = 5
# name 17 = potemp090C: Potential Temperature [ITS-90, deg C]
# name 18 = potemp190C: Potential Temperature, 2 [ITS-90, deg C]
# name 19 = sal00: Salinity, Practical [PSU]
# name 20 = sal11: Salinity, Practical, 2 [PSU]
# name 21 = sigma-é00: Density [sigma-theta, kg/m^3]
# name 22 = sigma-é11: Density, 2 [sigma-theta, kg/m^3]
# name 23 = avgsvCM: Average Sound Velocity [Chen-Millero, m/s], minP = 20, minS = 20
# name 24 = sbox0Mm/Kg: Oxygen, SBE 43 [umol/kg], WS = 5
# name 25 = sbox1Mm/Kg: Oxygen, SBE 43, 2 [umol/kg], WS = 5
# name 26 = nbin: number of scans per bin
# name 27 = flag: flag
# span 0 =      14634,     160673       
# span 1 =    609.707,   6694.685       
# span 2 =      0.994,   1863.038       
# span 3 =      1.000,   1883.000       
# span 4 =     4.2605,    31.5653       
# span 5 =     4.2611,    29.4144       
# span 6 =   3.342030,   5.988170       
# span 7 =   3.341986,   5.987266       
# span 8 =     1.5727,     3.3151       
# span 9 =     1.2749,     2.8294       
# span 10 =      11.18,     106.54      
# span 11 =   20.55327,   20.62894      
# span 12 =  -94.42086,  -94.07455      
# span 13 =   -0.03694,    0.02719      
# span 14 =   -0.03597,    0.02323      
# span 15 =     2.3954,     4.8947      
# span 16 =     2.4123,     4.8920      
# span 17 =     4.1018,    31.5631      
# span 18 =     4.1025,    29.4070      
# span 19 =    34.9133,    39.1364      
# span 20 =    34.9116,    36.5231      
# span 21 =    23.0047,    27.7540      
# span 22 =    23.0048,    27.7529      
# span 23 =       0.00,    1548.93      
# span 24 =    104.154,    213.506      
# span 25 =    104.890,    213.393      
# span 26 =         30,         73      
# span 27 = 0.0000e+00, 0.0000e+00      
# interval = decibars: 1                
# start_time = Oct 07 2021 22:53:37 [NMEA time, header]
# bad_flag = -9.990e-29
*END*
[from data line 467]
     133375   5557.239    194.703    196.000    14.7764    14.7734   4.380153   4.379528     1.7407     1.4250     100.00   20.60060  -94.29118    0.00045    0.00018     2.4788     2.4916    14.7455    14.7443    35.9339    35.9308    26.7484    26.7466    1495.81    107.818    108.376         49 0.0000e+00
     133426   5559.362    193.711    195.000    14.8129    14.8084   4.384520   4.383949     1.7420     1.4266     100.00   20.60060  -94.29119    0.00060    0.00039     2.4797     2.4935    14.7834    14.7789    35.9395    35.9384    26.7444    26.7445    1495.81    107.858    108.460         47 0.0000e+00
     133463   5560.913    192.718    194.000    14.8584    14.8462   4.389870   4.388258     1.7434     1.4277      98.41   20.60060  -94.29120    0.00067    0.00070     2.4801     2.4942    14.8290    14.8168    35.9471    35.9435    26.7403    26.7401    1495.81    107.879    108.489         34 0.0000e+00
     133501   5562.498    191.725    193.000    14.9017    14.9115   4.394828   4.395825     1.7454     1.4298      97.77   20.60060  -94.29120    0.00102    0.00095     2.4822     2.4958    14.8724    14.8821    35.9530    35.9532    26.7353    26.7332    1495.81    107.970    108.563         40 0.0000e+00
     133538   5564.054    190.732    192.000    14.9252    14.9419   4.397452   4.399265     1.7478     1.4315     100.05   20.60060  -94.29120    0.00127    0.00121     2.4863     2.4982    14.8960    14.9126    35.9558    35.9571    26.7322    26.7295    1495.81    108.148    108.667         34 0.0000e+00
     133570   5565.380    189.739    191.000    14.9851    14.9913   4.404529   4.405181     1.7501     1.4338     100.00   20.60060  -94.29120    0.00149    0.00125     2.4882     2.5015    14.9559    14.9622    35.9659    35.9661    26.7267    26.7255    1495.81    108.232    108.807         31 0.0000e+00
     133602   5566.717    188.746    190.000    15.0200    15.0435   4.408540   4.411149     1.7526     1.4368      98.98   20.60060  -94.29120    0.00180    0.00169     2.4921     2.5061    14.9909    15.0145    35.9709    35.9732    26.7228    26.7194    1495.81    108.398    109.011         34 0.0000e+00
     133637   5568.183    187.753    189.000    15.0596    15.0753   4.413241   4.414636     1.7556     1.4396      95.17   20.60060  -94.29120    0.00189    0.00205     2.4966     2.5116    15.0307    15.0464    35.9777    35.9760    26.7193    26.7145    1495.81    108.597    109.248         36 0.0000e+00
     133672   5569.605    186.760    188.000    15.0962    15.1101   4.417398   4.418908     1.7589     1.4424     100.00   20.60060  -94.29120    0.00202    0.00198     2.5021     2.5166    15.0674    15.0813    35.9825    35.9834    26.7148    26.7125    1495.81    108.838    109.466         32 0.0000e+00
     133704   5570.954    185.767    187.000    15.1252    15.1374   4.420804   4.422218     1.7611     1.4452     100.00   20.60060  -94.29120    0.00212    0.00202     2.5058     2.5220    15.0965    15.1087    35.9881    35.9891    26.7127    26.7107    1495.81    108.995    109.703         33 0.0000e+00
     133737   5572.320    184.774    186.000    15.1356    15.1440   4.422060   4.422952     1.7632     1.4473     100.00   20.60060  -94.29120    0.00186    0.00184     2.5097     2.5269    15.1071    15.1154    35.9895    35.9900    26.7114    26.7099    1495.81    109.167    109.915         32 0.0000e+00
     133769   5573.670    183.781    185.000    15.1468    15.1505   4.423387   4.423693     1.7648     1.4488      94.55   20.60060  -94.29120    0.00144    0.00168     2.5126     2.5302    15.1184    15.1221    35.9917    35.9912    26.7106    26.7094    1495.81    109.295    110.060         33 0.0000e+00
     133804   5575.112    182.788    184.000    15.1513    15.1559   4.423887   4.424285     1.7664     1.4489     100.03   20.60060  -94.29120    0.00123    0.00084     2.5159     2.5298    15.1231    15.1276    35.9926    35.9920    26.7102    26.7088    1495.81    109.437    110.040         36 0.0000e+00
     133838   5576.558    181.795    183.000    15.1700    15.1769   4.425946   4.426600     1.7676     1.4505     100.00   20.60060  -94.29120    0.00107    0.00052     2.5174     2.5327    15.1419    15.1487    35.9946    35.9942    26.7076    26.7058    1495.81    109.504    110.168         33 0.0000e+00
     133871   5577.910    180.802    182.000    15.2338    15.2393   4.433464   4.433941     1.7695     1.4520      96.99   20.60060  -94.29120    0.00100    0.00095     2.5179     2.5327    15.2058    15.2112    36.0048    36.0041    26.7012    26.6995    1495.81    109.526    110.169         33 0.0000e+00
     133906   5579.368    179.809    181.000    15.2654    15.2780   4.437177   4.438495     1.7719     1.4535      99.99   20.60060  -94.29120    0.00129    0.00106     2.5215     2.5343    15.2375    15.2500    36.0100    36.0104    26.6981    26.6957    1495.81    109.680    110.240         37 0.0000e+00
     133940   5580.804    178.816    180.000    15.2874    15.3068   4.439754   4.441688     1.7737     1.4549     100.00   20.60060  -94.29120    0.00152    0.00103     2.5243     2.5360    15.2596    15.2789    36.0136    36.0135    26.6960    26.6915    1495.81    109.805    110.313         31 0.0000e+00
     133971   5582.092    177.823    179.000    15.3391    15.3441   4.445783   4.446261     1.7752     1.4565     100.00   20.60060  -94.29120    0.00135    0.00103     2.5246     2.5380    15.3113    15.3164    36.0214    36.0211    26.6904    26.6890    1495.81    109.817    110.399         32 0.0000e+00
     134005   5583.514    176.830    178.000    15.3735    15.3928   4.449727   4.451593     1.7772     1.4586      99.94   20.60060  -94.29120    0.00127    0.00130     2.5272     2.5405    15.3458    15.3651    36.0261    36.0253    26.6862    26.6813    1495.81    109.932    110.511         36 0.0000e+00
     134041   5584.995    175.837    177.000    15.4522    15.4615   4.458336   4.459394     1.7792     1.4602      77.10   20.60060  -94.29120    0.00135    0.00131     2.5271     2.5406    15.4246    15.4339    36.0324    36.0334    26.6733    26.6721    1495.81    109.930    110.517         33 0.0000e+00
     134072   5586.290    174.844    176.000    15.5352    15.5430   4.468679   4.469554     1.7818     1.4621      99.98   20.60060  -94.29120    0.00149    0.00126     2.5282     2.5406    15.5077    15.5155    36.0504    36.0512    26.6685    26.6673    1495.81    109.976    110.517         31 0.0000e+00
     134105   5587.669    173.851    175.000    15.5829    15.5931   4.474427   4.475383     1.7836     1.4641     100.00   20.60060  -94.29120    0.00167    0.00136     2.5295     2.5427    15.5555    15.5657    36.0591    36.0583    26.6643    26.6615    1495.81    110.033    110.610         36 0.0000e+00
     134141   5589.148    172.858    174.000    15.6046    15.6408   4.476874   4.480818     1.7850     1.4652     100.00   20.60060  -94.29120    0.00135    0.00124     2.5313     2.5428    15.5773    15.6135    36.0617    36.0642    26.6614    26.6551    1495.81    110.110    110.612         33 0.0000e+00
     134172   5590.453    171.865    173.000    15.6944    15.6979   4.487353   4.487564     1.7872     1.4659     100.00   20.60060  -94.29120    0.00117    0.00082     2.5312     2.5413    15.6672    15.6707    36.0745    36.0732    26.6508    26.6490    1495.81    110.107    110.547         31 0.0000e+00
     134206   5591.868    170.872    172.000    15.7284    15.7478   4.491292   4.493600     1.7893     1.4665     100.00   20.60060  -94.29120    0.00148    0.00059     2.5339     2.5397    15.7013    15.7207    36.0793    36.0824    26.6468    26.6447    1495.81    110.227    110.482         37 0.0000e+00
     134243   5593.403    169.879    171.000    15.7369    15.7565   4.492360   4.494535     1.7899     1.4684     100.00   20.60060  -94.29120    0.00123    0.00068     2.5345     2.5437    15.7099    15.7296    36.0816    36.0832    26.6466    26.6433    1495.81    110.251    110.654         35 0.0000e+00
     134275   5594.769    168.886    170.000    15.7837    15.7958   4.497908   4.499352     1.7913     1.4703      99.96   20.60060  -94.29120    0.00068    0.00104     2.5347     2.5462    15.7568    15.7690    36.0892    36.0911    26.6417    26.6404    1495.81    110.261    110.763         32 0.0000e+00
     134309   5596.159    167.893    169.000    15.8186    15.8306   4.501911   4.502965     1.7934     1.4718     100.00   20.60060  -94.29120    0.00096    0.00137     2.5375     2.5481    15.7918    15.8039    36.0938    36.0932    26.6372    26.6340    1495.81    110.383    110.847         34 0.0000e+00
     134342   5597.530    166.900    168.000    15.8406    15.8474   4.504386   4.505090     1.7953     1.4731     100.00   20.60060  -94.29120    0.00140    0.00115     2.5405     2.5501    15.8140    15.8207    36.0963    36.0964    26.6341    26.6326    1495.81    110.516    110.934         31 0.0000e+00
     134372   5598.807    165.907    167.000    15.8677    15.8792   4.507691   4.508872     1.7968     1.4749     100.00   20.60060  -94.29120    0.00138    0.00106     2.5420     2.5526    15.8412    15.8527    36.1017    36.1017    26.6320    26.6294    1495.81    110.582    111.042         33 0.0000e+00
     134411   5600.397    164.914    166.000    15.8846    15.8954   4.509572   4.510834     1.7979     1.4773     100.00   20.60060  -94.29120    0.00106    0.00131     2.5433     2.5576    15.8582    15.8691    36.1036    36.1050    26.6296    26.6281    1495.81    110.637    111.259         40 0.0000e+00
     134519   5604.910    161.935    163.000    15.9797    15.9991   4.521062   4.523168     1.8032     1.4821     100.01   20.60241  -94.29950    0.00137    0.00114     2.5493     2.5635    15.9538    15.9731    36.1219    36.1232    26.6219    26.6184    1495.94    110.901    111.516         39 0.0000e+00
     134546   5606.054    160.942    162.000    15.9814    16.0006   4.521253   4.522867     1.8044     1.4837      75.05   20.60060  -94.29120    0.00125    0.00122     2.5520     2.5672    15.9556    15.9747    36.1216    36.1186    26.6210    26.6143    1495.81    111.016    111.681         37 0.0000e+00
     134637   5609.821    158.956    160.000    16.1562    16.1681   4.541891   4.543499     1.8102     1.4871     100.02   20.60507  -94.31166    0.00138    0.00103     2.5553     2.5667    16.1303    16.1427    36.1499    36.1517    26.6029    26.6011    1496.13    111.165    111.658         32 0.0000e+00
     134644   5610.139    157.962    159.000    16.1500    16.1542   4.540769   4.541287     1.8124     1.4893     100.00   20.60060  -94.29120    0.00218    0.00141     2.5602     2.5721    16.1245    16.1286    36.1439    36.1447    26.5991    26.5988    1495.81    111.378    111.894         42 0.0000e+00
     134681   5611.678    156.969    158.000    16.1519    16.1772   4.541386   4.542355     1.8146     1.4910     100.00   20.60060  -94.29120    0.00190    0.00149     2.5642     2.5746    16.1265    16.1531    36.1465    36.1398    26.6007    26.5920    1495.81    111.551    112.003         30 0.0000e+00
     134756   5614.812    154.983    156.000    16.3316    16.3541   4.562450   4.565106     1.8202     1.4968     100.00   20.60297  -94.30204    0.00194    0.00189     2.5670     2.5795    16.3063    16.3289    36.1738    36.1768    26.5800    26.5770    1495.98    111.674    112.217         35 0.0000e+00
     134784   5615.971    153.990    155.000    16.3419    16.3638   4.563487   4.565923     1.8226     1.4991     100.00   20.60060  -94.29120    0.00193    0.00185     2.5715     2.5845    16.3167    16.3387    36.1737    36.1752    26.5773    26.5733    1495.81    111.872    112.436         42 0.0000e+00
     134845   5618.517    152.997    154.000    16.3030    16.3133   4.558715   4.559881     1.8231     1.4993      69.46   20.60060  -94.29120    0.00056    0.00045     2.5749     2.5875    16.2781    16.2884    36.1667    36.1678    26.5809    26.5794    1495.81    112.019    112.567         47 0.0000e+00
     134927   5621.926    152.004    153.000    16.2969    16.3228   4.557893   4.560822     1.8231     1.4996      98.79   20.60060  -94.29120    0.00000    0.00011     2.5748     2.5874    16.2735    16.2981    36.1648    36.1679    26.5805    26.5772    1495.81    112.015    112.563         58 0.0000e+00
     135011   5625.413    151.011    152.000    16.3181    16.2606   4.560353   4.553648     1.8234     1.4995     100.00   20.60060  -94.29120    0.00010   -0.00002     2.5740     2.5903    16.2936    16.2360    36.1683    36.1610    26.5786    26.5863    1495.81    111.979    112.687         54 0.0000e+00
     135091   5628.768    150.017    151.000    16.4486    16.4644   4.575603   4.576768     1.8271     1.5026     100.00   20.60060  -94.29120    0.00079    0.00065     2.5751     2.5869    16.4240    16.4399    36.1858    36.1818    26.5615    26.5547    1495.81    112.029    112.540         68 0.0000e+00
     136056   5668.939    149.024    150.000    16.6335    16.6291   4.597484   4.597210     1.8343     1.5085     100.00   20.60060  -94.29123    0.00103    0.00055     2.5810     2.5926    16.6089    16.6045    36.2125    36.2140    26.5385    26.5407    1495.81    112.285    112.791         32 0.0000e+00
     136537   5689.006    148.031    149.000    16.6903    16.6875   4.604202   4.603870     1.8360     1.5090     100.00   20.60060  -94.29124    0.00043   -0.00001     2.5812     2.5904    16.6658    16.6630    36.2208    36.2204    26.5314    26.5317    1495.81    112.298    112.697         40 0.0000e+00
     136688   5695.290    147.038    148.000    16.7218    16.7172   4.607950   4.607172     1.8365     1.5109      97.62   20.60060  -94.29124    0.00024   -0.00002     2.5804     2.5933    16.6975    16.6929    36.2248    36.2230    26.5269    26.5267    1495.81    112.262    112.826         52 0.0000e+00
     136730   5697.038    146.045    147.000    16.7397    16.7415   4.609926   4.610112     1.8363     1.5108     100.05   20.60060  -94.29124   -0.00005    0.00064     2.5786     2.5913    16.7156    16.7173    36.2274    36.2274    26.5247    26.5243    1495.81    112.185    112.736         35 0.0000e+00
     136762   5698.369    145.052    146.000    16.7783    16.7866   4.614188   4.615444     1.8366     1.5095     100.00   20.60060  -94.29124   -0.00002   -0.00020     2.5767     2.5852    16.7543    16.7625    36.2305    36.2341    26.5178    26.5186    1495.81    112.102    112.473         30 0.0000e+00
     136791   5699.600    144.059    145.000    16.8515    16.8563   4.622628   4.624438     1.8385     1.5120      99.85   20.60060  -94.29124    0.00038   -0.00017     2.5770     2.5870    16.8275    16.8323    36.2391    36.2437    26.5070    26.5094    1495.81    112.116    112.553         31 0.0000e+00
     136824   5700.969    143.065    144.000    16.9294    16.9416   4.632190   4.633403     1.8410     1.5141      99.99   20.60060  -94.29124    0.00126    0.00105     2.5778     2.5880    16.9055    16.9177    36.2533    36.2528    26.4993    26.4960    1495.81    112.152    112.595         34 0.0000e+00
     136861   5702.516    142.072    143.000    17.0001    17.0090   4.640798   4.641232     1.8430     1.5153     100.00   20.60060  -94.29124    0.00165    0.00145     2.5781     2.5871    16.9763    16.9852    36.2654    36.2612    26.4917    26.4863    1495.81    112.165    112.558         40 0.0000e+00
