Gulf of Mexico/GOMECC-4/1db/rb2103_0391.cnv
* Sea-Bird SBE 9 Data File:
* FileName = C:\Users\scs.user.rb\CTD\GOMECC4\data\rb2103_0391.hex
* Software Version Seasave V 7.26.7.107
* Temperature SN = 4799
* Conductivity SN = 3860
* Number of Bytes Per Scan = 41
* Number of Voltage Words = 4
* Number of Scans Averaged by the Deck Unit = 1
* NMEA Latitude = 27 44.23 N
* NMEA Longitude = 089 59.91 W
* NMEA UTC (Time) = Sep 25 2021  20:49:51
* NMEA baud rate = 4800
# nquan = 28
# nvalues = 626                         
# units = specified
# name 0 = scan: Scan Count
# name 1 = timeS: Time, Elapsed [seconds]
# name 2 = depSM: Depth [salt water, m]
# name 3 = prDM: Pressure, Digiquartz [db]
# name 4 = t090C: Temperature [ITS-90, deg C]
# name 5 = t190C: Temperature, 2 [ITS-90, deg C]
# name 6 = c0S/m: Conductivity [S/m]
# name 7 = c1S/m: Conductivity, 2 [S/m]
# name 8 = sbeox0V: Oxygen raw, SBE 43 [V]
# name 9 = sbeox1V: Oxygen raw, SBE 43, 2 [V]
# name 10 = altM: Altimeter [m]
# name 11 = latitude: Latitude [deg]
# name 12 = longitude: Longitude [deg]
# name 13 = sbox0dV/dT: Oxygen, SBE 43 [dov/dt]
# name 14 = sbox1dV/dT: Oxygen, SBE 43, 2 [dov/dt]
# name 15 = sbeox0ML/L: Oxygen, SBE 43 [ml/l], WS = 5
# name 16 = sbeox1ML/L: Oxygen, SBE 43, 2 [ml/l], WS = 5
# name 17 = potemp090C: Potential Temperature [ITS-90, deg C]
# name 18 = potemp190C: Potential Temperature, 2 [ITS-90, deg C]
# name 19 = sal00: Salinity, Practical [PSU]
# name 20 = sal11: Salinity, Practical, 2 [PSU]
# name 21 = sigma-é00: Density [sigma-theta, kg/m^3]
# name 22 = sigma-é11: Density, 2 [sigma-theta, kg/m^3]
# name 23 = avgsvCM: Average Sound Velocity [Chen-Millero, m/s], minP = 20, minS = 20
# name 24 = sbox0Mm/Kg: Oxygen, SBE 43 [umol/kg], WS = 5
# name 25 = sbox1Mm/Kg: Oxygen, SBE 43, 2 [umol/kg], WS = 5
# name 26 = nbin: number of scans per bin
# name 27 = flag: flag
# span 0 =       6972,     204711       
# span 1 =    290.479,   8528.424       
# span 2 =      2.980,    941.546       
# span 3 =      3.000,    950.000       
# span 4 =     5.5766,   833.2382       
# span 5 =     5.5767,   833.2580       
# span 6 =   3.433148, 171.458437       
# span 7 =   3.433056, 171.464385       
# span 8 =     1.6131,    91.4584       
# span 9 =     1.3167,    77.7876       
# span 10 =       4.09,    2507.85      
# span 11 =   27.19040,  811.80593      
# span 12 =-2634.04879,  -88.22409      
# span 13 =   -0.03628,    0.03879      
# span 14 =   -0.03551,    0.03946      
# span 15 =     2.5851,   127.7504      
# span 16 =     2.6084,   127.9958      
# span 17 =     5.4931,   833.2033      
# span 18 =     5.4932,   833.2231      
# span 19 =    34.9057,  1062.2220      
# span 20 =    34.9049,  1062.2479      
# span 21 =    22.7553,   679.3897      
# span 22 =    22.7556,   679.4033      
# span 23 =       0.00,    1565.91      
# span 24 =    112.402,   5575.904      
# span 25 =    113.415,   5586.616      
# span 26 =         30,         67      
# span 27 = 0.0000e+00, 0.0000e+00      
# interval = decibars: 1                
# start_time = Sep 25 2021 20:49:51 [NMEA time, header]
# bad_flag = -9.990e-29
*END*
[from data line 156]
      19713    821.324    400.929    404.000    11.4503    11.4497   4.006090   4.005959     1.7249     1.4212     100.00   27.73940  -89.99966   -0.00030   -0.00006     2.7121     2.7484    11.3985    11.3979    35.4041    35.4034    27.0169    27.0165    1518.53    117.934    119.517         31 0.0000e+00
      19831    826.229    405.886    409.000    11.3377    11.3375   3.993776   3.993684     1.7257     1.4203     100.00   27.74013  -90.00198    0.00015   -0.00013     2.7235     2.7551    11.2856    11.2854    35.3879    35.3872    27.0253    27.0248    1518.36    118.429    119.806         37 0.0000e+00
      19954    831.393    410.843    414.000    11.3004    11.3008   3.989885   3.989879     1.7232     1.4190     100.00   27.74074  -90.00391   -0.00046    0.00009     2.7208     2.7553    11.2477    11.2482    35.3830    35.3825    27.0285    27.0281    1518.19    118.315    119.815         36 0.0000e+00
      20069    836.166    415.800    419.000    11.2503    11.2493   3.984191   3.984013     1.7208     1.4161      99.99   27.73668  -89.99067   -0.00039   -0.00053     2.7197     2.7519    11.1971    11.1962    35.3712    35.3704    27.0285    27.0280    1517.77    118.267    119.667         35 0.0000e+00
      20106    837.698    416.791    420.000    11.2243    11.2245   3.981675   3.981651     1.7188     1.4130     100.00   27.73947  -89.99968   -0.00071   -0.00103     2.7162     2.7449    11.1711    11.1713    35.3715    35.3710    27.0336    27.0332    1517.88    118.111    119.360         31 0.0000e+00
      20218    842.367    421.749    425.000    11.0941    11.0943   3.967579   3.967562     1.7020     1.3963     100.00   27.73852  -89.99659   -0.00377   -0.00357     2.6808     2.7055    11.0406    11.0409    35.3537    35.3532    27.0436    27.0432    1517.63    116.574    117.646         30 0.0000e+00
      20249    843.679    422.740    426.000    11.0560    11.0546   3.963439   3.963224     1.6957     1.3906     100.00   27.73949  -89.99970   -0.00437   -0.00408     2.6666     2.6912    11.0025    11.0011    35.3487    35.3479    27.0468    27.0464    1517.65    115.954    117.025         31 0.0000e+00
      20391    849.590    428.688    432.000    10.8606    10.8605   3.941822   3.941763     1.6813     1.3789      99.99   27.73703  -89.99164   -0.00182   -0.00151     2.6420     2.6709    10.8070    10.8069    35.3172    35.3167    27.0575    27.0571    1517.27    114.885    116.141         31 0.0000e+00
      20426    851.032    429.679    433.000    10.8389    10.8387   3.939784   3.939713     1.6783     1.3764     100.00   27.73952  -89.99972   -0.00210   -0.00179     2.6356     2.6653    10.7852    10.7850    35.3178    35.3173    27.0620    27.0617    1517.37    114.604    115.898         33 0.0000e+00
      20515    854.738    433.644    437.000    10.7424    10.7426   3.929079   3.929057     1.6730     1.3726      99.99   27.73713  -89.99190   -0.00145   -0.00099     2.6286     2.6616    10.6885    10.6888    35.3010    35.3005    27.0662    27.0657    1517.08    114.300    115.736         32 0.0000e+00
      20549    856.187    434.635    438.000    10.7224    10.7227   3.927173   3.927157     1.6723     1.3723     100.00   27.73954  -89.99972   -0.00097   -0.00054     2.6284     2.6622    10.6685    10.6687    35.3012    35.3008    27.0700    27.0697    1517.17    114.292    115.762         31 0.0000e+00
      20673    861.344    439.592    443.000    10.6124    10.6128   3.915395   3.915410     1.6694     1.3694     100.01   27.74125  -90.00520   -0.00057   -0.00058     2.6293     2.6624    10.5582    10.5586    35.2869    35.2866    27.0786    27.0783    1517.07    114.328    115.768         31 0.0000e+00
      20797    866.485    444.548    448.000    10.4967    10.4969   3.902758   3.902722     1.6701     1.3703     100.00   27.73978  -90.00031    0.00035    0.00022     2.6404     2.6744    10.4423    10.4425    35.2685    35.2680    27.0847    27.0843    1516.78    114.812    116.287         30 0.0000e+00
      20947    872.765    450.495    454.000    10.3698    10.3697   3.888958   3.888884     1.6706     1.3701      99.99   27.73810  -89.99478   -0.00033   -0.00053     2.6527     2.6841    10.3151    10.3149    35.2486    35.2480    27.0915    27.0910    1516.46    115.343    116.711         38 0.0000e+00
      21067    877.764    455.451    459.000    10.2448    10.2437   3.875350   3.875152     1.6665     1.3665      99.99   27.73614  -89.98838   -0.00089   -0.00068     2.6513     2.6833    10.1898    10.1887    35.2289    35.2280    27.0978    27.0973    1516.15    115.282    116.676         37 0.0000e+00
      21107    879.431    456.442    460.000    10.2300    10.2303   3.874093   3.874078     1.6646     1.3647     100.00   27.73966  -89.99976   -0.00120   -0.00119     2.6470     2.6788    10.1750    10.1753    35.2308    35.2304    27.1020    27.1017    1516.30    115.095    116.481         33 0.0000e+00
      21277    886.508    463.380    467.000    10.1293    10.1290   3.862940   3.862699     1.6566     1.3576      46.49   27.73800  -89.99425   -0.00127   -0.00087     2.6350     2.6666    10.0738    10.0735    35.2142    35.2136    27.1065    27.1061    1515.94    114.575    115.947         32 0.0000e+00
      21315    888.089    464.371    468.000    10.0856    10.0840   3.858659   3.858449     1.6549     1.3560     100.02   27.73971  -89.99976   -0.00133   -0.00079     2.6320     2.6645    10.0301    10.0285    35.2100    35.2094    27.1108    27.1106    1516.00    114.442    115.855         39 0.0000e+00
      21582    899.217    475.274    479.000     9.8251     9.8237   3.830870   3.830648     1.6416     1.3438      99.99   27.73677  -89.99002   -0.00149   -0.00134     2.6162     2.6480     9.7692     9.7678    35.1735    35.1727    27.1267    27.1263    1515.40    113.754    115.135         42 0.0000e+00
      21733    905.500    481.220    485.000     9.7499     9.7503   3.822992   3.822985     1.6374     1.3405      99.99   27.73598  -89.98732   -0.00059   -0.00034     2.6111     2.6447     9.6935     9.6939    35.1630    35.1626    27.1313    27.1309    1515.13    113.530    114.994         35 0.0000e+00
      21778    907.377    482.211    486.000     9.7428     9.7428   3.822629   3.822531     1.6373     1.3394     100.00   27.73983  -89.99978   -0.00037   -0.00061     2.6114     2.6422     9.6864     9.6864    35.1670    35.1663    27.1358    27.1353    1515.30    113.542    114.882         44 0.0000e+00
      21930    913.706    488.157    492.000     9.6562     9.6535   3.814005   3.813707     1.6343     1.3368     100.02   27.74415  -90.01368   -0.00037   -0.00044     2.6102     2.6418     9.5994     9.5967    35.1603    35.1600    27.1454    27.1456    1515.31    113.493    114.864         49 0.0000e+00
      22038    918.229    493.112    497.000     9.5998     9.6005   3.807287   3.807306     1.6324     1.3360      99.98   27.73486  -89.98343   -0.00019    0.00002     2.6108     2.6447     9.5426     9.5433    35.1420    35.1416    27.1402    27.1397    1514.61    113.518    114.992         32 0.0000e+00
      22088    920.292    494.103    498.000     9.5957     9.5955   3.807380   3.807265     1.6323     1.3355     100.00   27.73993  -89.99980   -0.00009   -0.00011     2.6110     2.6438     9.5384     9.5382    35.1477    35.1469    27.1455    27.1449    1514.85    113.525    114.952         43 0.0000e+00
      22202    925.031    499.058    503.000     9.3603     9.3579   3.782246   3.781906     1.6306     1.3348      99.98   27.73838  -89.99468   -0.00041   -0.00015     2.6237     2.6592     9.3033     9.3009    35.1153    35.1141    27.1590    27.1585    1514.59    114.077    115.620         39 0.0000e+00
      22240    926.639    500.049    504.000     9.3261     9.3251   3.778708   3.778551     1.6333     1.3378      78.29   27.73997  -89.99980    0.00035    0.00080     2.6341     2.6707     9.2691     9.2681    35.1118    35.1112    27.1620    27.1617    1514.63    114.527    116.122         33 0.0000e+00
      22356    931.459    505.004    509.000     9.2835     9.2826   3.774330   3.774182     1.6399     1.3434     100.00   27.73877  -89.99582    0.00132    0.00089     2.6577     2.6929     9.2260     9.2252    35.1056    35.1049    27.1641    27.1637    1514.38    115.556    117.084         31 0.0000e+00
      22390    932.889    505.994    510.000     9.2686     9.2686   3.772896   3.772843     1.6401     1.3432      78.50   27.74000  -89.99982    0.00064    0.00021     2.6598     2.6934     9.2111     9.2111    35.1053    35.1047    27.1664    27.1660    1514.41    115.644    117.107         34 0.0000e+00
      22573    940.496    512.931    517.000     9.2280     9.2281   3.769052   3.769001     1.6400     1.3431     100.00   27.74053  -90.00142    0.00000   -0.00038     2.6644     2.6984     9.1698     9.1700    35.1017    35.1011    27.1704    27.1699    1514.18    115.846    117.324         34 0.0000e+00
      22698    945.721    517.886    522.000     9.1474     9.1474   3.760662   3.760606     1.6385     1.3425     100.00   27.73921  -89.99705   -0.00033    0.00000     2.6676     2.7039     9.0890     9.0890    35.0909    35.0903    27.1749    27.1745    1513.92    115.985    117.561         31 0.0000e+00
      22731    947.092    518.876    523.000     9.1342     9.1347   3.759393   3.759385     1.6383     1.3416     100.00   27.74008  -89.99984   -0.00028   -0.00032     2.6681     2.7023     9.0757     9.0762    35.0903    35.0898    27.1767    27.1762    1513.93    116.005    117.490         32 0.0000e+00
      22941    955.821    526.803    531.000     9.0025     9.0023   3.745840   3.745761     1.6331     1.3355     100.00   27.73978  -89.99868   -0.00105   -0.00113     2.6648     2.6948     8.9436     8.9434    35.0744    35.0738    27.1856    27.1851    1513.63    115.860    117.163         31 0.0000e+00
      22972    957.118    527.794    532.000     8.9781     8.9787   3.743368   3.743374     1.6315     1.3337     100.00   27.74014  -89.99986   -0.00101   -0.00134     2.6621     2.6910     8.9192     8.9198    35.0722    35.0716    27.1877    27.1872    1513.62    115.744    116.998         30 0.0000e+00
      23100    962.438    532.748    537.000     8.9119     8.9128   3.736342   3.736365     1.6246     1.3269      99.99   27.73781  -89.99214   -0.00128   -0.00117     2.6483     2.6756     8.8527     8.8536    35.0610    35.0604    27.1895    27.1889    1513.31    115.142    116.329         50 0.0000e+00
      23225    967.650    537.702    542.000     8.8634     8.8642   3.731551   3.731556     1.6202     1.3238      99.99   27.73796  -89.99249   -0.00074   -0.00054     2.6406     2.6706     8.8038     8.8046    35.0562    35.0555    27.1935    27.1929    1513.14    114.805    116.112         34 0.0000e+00
      23264    969.284    538.693    543.000     8.8476     8.8467   3.730147   3.729993     1.6193     1.3238     100.00   27.74024  -89.99986   -0.00068   -0.00025     2.6391     2.6722     8.7880     8.7871    35.0570    35.0563    27.1968    27.1963    1513.23    114.740    116.180         39 0.0000e+00
      23388    974.469    543.647    548.000     8.6860     8.6838   3.713387   3.713113     1.6176     1.3222      99.99   27.73879  -89.99504   -0.00018   -0.00032     2.6471     2.6797     8.6265     8.6243    35.0376    35.0368    27.2070    27.2068    1512.97    115.090    116.506         32 0.0000e+00
      23424    975.943    544.637    549.000     8.6801     8.6819   3.712992   3.713101     1.6171     1.3223     100.00   27.74029  -89.99986   -0.00017   -0.00030     2.6464     2.6805     8.6205     8.6223    35.0389    35.0384    27.2091    27.2084    1513.02    115.058    116.540         36 0.0000e+00
      23580    982.457    550.582    555.000     8.6455     8.6455   3.709484   3.709443     1.6163     1.3210      99.99   27.73855  -89.99404   -0.00002   -0.00003     2.6484     2.6810     8.5854     8.5853    35.0331    35.0327    27.2100    27.2096    1512.71    115.145    116.560         32 0.0000e+00
      23616    983.977    551.572    556.000     8.6436     8.6464   3.709518   3.709753     1.6160     1.3212     100.00   27.74035  -89.99986   -0.00005   -0.00001     2.6481     2.6820     8.5833     8.5861    35.0352    35.0349    27.2120    27.2113    1512.78    115.129    116.605         35 0.0000e+00
      23721    988.318    555.535    560.000     8.6213     8.6213   3.707365   3.707304     1.6158     1.3207     100.00   27.73995  -89.99848    0.00001   -0.00015     2.6502     2.6835     8.5607     8.5608    35.0325    35.0318    27.2134    27.2128    1512.62    115.220    116.671         39 0.0000e+00
      23825    992.649    559.498    564.000     8.5353     8.5353   3.698258   3.698188     1.6144     1.3198      99.99   27.73640  -89.98689   -0.00033   -0.00025     2.6538     2.6880     8.4747     8.4747    35.0188    35.0181    27.2159    27.2154    1512.29    115.379    116.864         43 0.0000e+00
      23868    994.453    560.489    565.000     8.5300     8.5303   3.698135   3.698109     1.6147     1.3199     100.00   27.74042  -89.99986   -0.00005   -0.00004     2.6551     2.6889     8.4693     8.4695    35.0230    35.0225    27.2202    27.2197    1512.47    115.434    116.903         31 0.0000e+00
      23959    998.246    564.451    569.000     8.4953     8.4961   3.694465   3.694485     1.6151     1.3203      99.99   27.73800  -89.99195    0.00012    0.00013     2.6602     2.6939     8.4342     8.4350    35.0163    35.0157    27.2203    27.2197    1512.21    115.654    117.120         35 0.0000e+00
      23999    999.906    565.442    570.000     8.4910     8.4912   3.694321   3.694275     1.6153     1.3202      96.08   27.74045  -89.99986    0.00013    0.00009     2.6614     2.6942     8.4299     8.4301    35.0189    35.0182    27.2231    27.2225    1512.31    115.708    117.132         39 0.0000e+00
      24128   1005.297    570.395    575.000     8.4745     8.4759   3.692730   3.692800     1.6146     1.3199     100.00   27.73947  -89.99658   -0.00007   -0.00025     2.6622     2.6959     8.4129     8.4142    35.0168    35.0162    27.2241    27.2234    1512.09    115.742    117.208         39 0.0000e+00
      24165   1006.819    571.386    576.000     8.4749     8.4764   3.692939   3.693017     1.6146     1.3199      86.30   27.74050  -89.99986   -0.00003    0.00003     2.6622     2.6962     8.4131     8.4146    35.0174    35.0168    27.2245    27.2238    1512.11    115.743    117.220         31 0.0000e+00
      24293   1012.186    576.339    581.000     8.3998     8.3986   3.685203   3.685019     1.6140     1.3188      99.99   27.73878  -89.99417   -0.00016   -0.00008     2.6675     2.6999     8.3378     8.3367    35.0072    35.0064    27.2281    27.2276    1511.86    115.974    117.382         37 0.0000e+00
      24331   1013.769    577.329    582.000     8.3870     8.3875   3.684106   3.684083     1.6140     1.3187      99.28   27.74055  -89.99988   -0.00004    0.00006     2.6689     2.7007     8.3250     8.3255    35.0080    35.0073    27.2307    27.2301    1511.92    116.034    117.416         33 0.0000e+00
      24464   1019.311    582.282    587.000     8.2874     8.2792   3.674306   3.673412     1.6131     1.3185     100.00   27.74226  -90.00528   -0.00015   -0.00007     2.6748     2.7090     8.2252     8.2171    35.0006    34.9992    27.2403    27.2404    1511.85    116.289    117.776         39 0.0000e+00
      24566   1023.536    586.244    591.000     8.2085     8.2084   3.666087   3.666037     1.6137     1.3186      70.84   27.73934  -89.99571    0.00018    0.00010     2.6838     2.7160     8.1462     8.1462    34.9891    34.9886    27.2432    27.2428    1511.56    116.678    118.081         31 0.0000e+00
