Gulf of Mexico/GOMECC-4/1db/rb2103_1291.cnv
* Sea-Bird SBE 9 Data File:
* FileName = C:\Users\scs.user.rb\CTD\GOMECC4\data\rb2103_1291.hex
* Software Version Seasave V 7.26.7.107
* Temperature SN = 4799
* Conductivity SN = 3860
* Number of Bytes Per Scan = 41
* Number of Voltage Words = 4
* Number of Scans Averaged by the Deck Unit = 1
* NMEA Latitude = 26 57.28 N
* NMEA Longitude = 082 45.08 W
* NMEA UTC (Time) = Oct 19 2021  09:01:59
* NMEA baud rate = 4800
# nquan = 28
# nvalues = 23                          
# units = specified
# name 0 = scan: Scan Count
# name 1 = timeS: Time, Elapsed [seconds]
# name 2 = depSM: Depth [salt water, m]
# name 3 = prDM: Pressure, Digiquartz [db]
# name 4 = t090C: Temperature [ITS-90, deg C]
# name 5 = t190C: Temperature, 2 [ITS-90, deg C]
# name 6 = c0S/m: Conductivity [S/m]
# name 7 = c1S/m: Conductivity, 2 [S/m]
# name 8 = sbeox0V: Oxygen raw, SBE 43 [V]
# name 9 = sbeox1V: Oxygen raw, SBE 43, 2 [V]
# name 10 = altM: Altimeter [m]
# name 11 = latitude: Latitude [deg]
# name 12 = longitude: Longitude [deg]
# name 13 = sbox0dV/dT: Oxygen, SBE 43 [dov/dt]
# name 14 = sbox1dV/dT: Oxygen, SBE 43, 2 [dov/dt]
# name 15 = sbeox0ML/L: Oxygen, SBE 43 [ml/l], WS = 5
# name 16 = sbeox1ML/L: Oxygen, SBE 43, 2 [ml/l], WS = 5
# name 17 = potemp090C: Potential Temperature [ITS-90, deg C]
# name 18 = potemp190C: Potential Temperature, 2 [ITS-90, deg C]
# name 19 = sal00: Salinity, Practical [PSU]
# name 20 = sal11: Salinity, Practical, 2 [PSU]
# name 21 = sigma-é00: Density [sigma-theta, kg/m^3]
# name 22 = sigma-é11: Density, 2 [sigma-theta, kg/m^3]
# name 23 = avgsvCM: Average Sound Velocity [Chen-Millero, m/s], minP = 20, minS = 20
# name 24 = sbox0Mm/Kg: Oxygen, SBE 43 [umol/kg], WS = 5
# name 25 = sbox1Mm/Kg: Oxygen, SBE 43, 2 [umol/kg], WS = 5
# name 26 = nbin: number of scans per bin
# name 27 = flag: flag
# span 0 =      12374,      21791       
# span 1 =    515.537,    907.903       
# span 2 =      0.993,     19.868       
# span 3 =      1.000,     20.000       
# span 4 =    28.0890,    29.0572       
# span 5 =    28.0932,    29.0589       
# span 6 =   5.733537,   5.932753       
# span 7 =   5.734099,   5.933068       
# span 8 =     3.0782,     3.1869       
# span 9 =     2.5989,     2.6677       
# span 10 =       5.86,      23.73      
# span 11 =   26.53812,   27.46619      
# span 12 =  -84.32086,  -81.47135      
# span 13 =   -0.00062,    0.00091      
# span 14 =   -0.00141,    0.00186      
# span 15 =     4.3053,     4.4619      
# span 16 =     4.2748,     4.3941      
# span 17 =    28.0866,    29.0533      
# span 18 =    28.0908,    29.0550      
# span 19 =    35.4464,    36.6861      
# span 20 =    35.4471,    36.6870      
# span 21 =    22.6197,    23.4161      
# span 22 =    22.6189,    23.4162      
# span 23 =       0.00,    1560.22      
# span 24 =    187.957,    194.790      
# span 25 =    186.624,    191.830      
# span 26 =         30,         57      
# span 27 = 0.0000e+00, 0.0000e+00      
# interval = decibars: 1                
# start_time = Oct 19 2021 09:01:59 [NMEA time, header]
# bad_flag = -9.990e-29
*END*
      12374    515.537      3.974      4.000    28.5079    28.5108   5.820922   5.821370     3.1294     2.6436      21.47   26.95492  -82.75144    0.00007   -0.00008     4.3767     4.3483    28.5070    28.5098    36.0034    36.0042    22.9822    22.9818       0.00    191.073    189.833         38 0.0000e+00
      12499    520.738      4.967      5.000    28.5106    28.5170   5.821261   5.822072     3.1298     2.6448      20.56   26.95492  -82.75144    0.00015   -0.00039     4.3778     4.3508    28.5094    28.5158    36.0034    36.0042    22.9814    22.9798       0.00    191.119    189.943         49 0.0000e+00
      12578    524.035      5.960      6.000    28.5140    28.5189   5.821651   5.822309     3.1300     2.6419      19.70   26.95492  -82.75144    0.00023   -0.00112     4.3784     4.3454    28.5125    28.5174    36.0033    36.0041    22.9802    22.9793       0.00    191.149    189.708         37 0.0000e+00
      12674    528.053      6.954      7.000    28.5167    28.5191   5.822088   5.822369     3.1308     2.6400      18.56   26.95494  -82.75144    0.00018   -0.00020     4.3800     4.3424    28.5151    28.5174    36.0034    36.0042    22.9795    22.9793       0.00    191.217    189.576         49 0.0000e+00
      12785    532.673      7.947      8.000    28.5165    28.5177   5.822017   5.822280     3.1288     2.6445      17.63   26.95494  -82.75144   -0.00060    0.00186     4.3770     4.3516    28.5146    28.5158    36.0033    36.0042    22.9796    22.9799       0.00    191.085    189.978         30 0.0000e+00
      12894    537.225      8.941      9.000    28.5129    28.5140   5.821662   5.821912     3.1294     2.6411      16.60   26.95494  -82.75144    0.00034   -0.00054     4.3790     4.3456    28.5107    28.5118    36.0032    36.0041    22.9808    22.9811       0.00    191.173    189.713         49 0.0000e+00
      13009    541.987      9.934     10.000    28.5129    28.5141   5.821706   5.821963     3.1282     2.6427      15.65   26.95494  -82.75144    0.00012    0.00097     4.3772     4.3494    28.5105    28.5117    36.0033    36.0041    22.9809    22.9812       0.00    191.094    189.879         45 0.0000e+00
      13120    546.619     10.927     11.000    28.5128    28.5144   5.821740   5.822032     3.1290     2.6423      14.68   26.95496  -82.75144   -0.00010   -0.00020     4.3793     4.3492    28.5102    28.5118    36.0032    36.0041    22.9810    22.9811       0.00    191.184    189.870         49 0.0000e+00
      13228    551.109     11.921     12.000    28.5132    28.5153   5.821842   5.822194     3.1283     2.6406      13.71   26.95496  -82.75144   -0.00003    0.00072     4.3785     4.3460    28.5103    28.5124    36.0034    36.0042    22.9811    22.9810       0.00    191.151    189.734         46 0.0000e+00
      13337    555.671     12.914     13.000    28.5147    28.5160   5.822035   5.822309     3.1289     2.6423      12.78   26.95496  -82.75144    0.00012   -0.00023     4.3799     4.3499    28.5116    28.5129    36.0032    36.0042    22.9805    22.9808       0.00    191.213    189.904         46 0.0000e+00
      13887    578.568     15.894     16.000    29.0572    29.0589   5.932753   5.933068     3.1869     2.6675      10.27   27.46619  -84.32086   -0.00054   -0.00018     4.4619     4.3928    29.0533    29.0550    36.6861    36.6870    23.4161    23.4162       0.00    194.790    191.773         31 0.0000e+00
      13767    573.567     16.888     17.000    28.5170    28.5184   5.822454   5.822744     3.1246     2.6417       8.99   26.95498  -82.75144   -0.00062    0.00106     4.3741     4.3508    28.5130    28.5144    36.0032    36.0042    22.9801    22.9803       0.00    190.960    189.941         51 0.0000e+00
      13981    582.514     19.868     20.000    28.2595    28.2603   5.770518   5.770756     3.0988     2.6186       5.86   26.71600  -82.01777   -0.00007    0.00158     4.3408     4.3148    28.2547    28.2555    35.6845    35.6855    22.7785    22.7789    1244.44    189.505    188.368         36 0.0000e+00
      16428    684.464     18.874     19.000    28.8142    28.8159   5.883752   5.884050     3.1590     2.6677       7.18   27.24086  -83.62887   -0.00011   -0.00034     4.4241     4.3941    28.8097    28.8113    36.3853    36.3861    23.2258    23.2259    1560.22    193.140    191.830         35 0.0000e+00
      16348    681.116     17.881     18.000    28.5120    28.5136   5.821990   5.822299     3.1241     2.6408       7.83   26.95506  -82.75146   -0.00042   -0.00032     4.3740     4.3498    28.5077    28.5093    36.0035    36.0045    22.9820    22.9822    1543.85    190.955    189.898         31 0.0000e+00
      16462    685.856     16.888     17.000    28.5133    28.5149   5.822069   5.822374     3.1267     2.6435       8.82   26.95506  -82.75146    0.00091    0.00055     4.3782     4.3546    28.5093    28.5109    36.0033    36.0043    22.9814    22.9815    1543.85    191.138    190.106         41 0.0000e+00
      16574    690.549     15.894     16.000    28.5136    28.5152   5.822069   5.822375     3.1274     2.6392       9.77   26.95508  -82.75146    0.00013   -0.00141     4.3789     4.3454    28.5097    28.5114    36.0035    36.0043    22.9813    22.9814    1543.85    191.167    189.705         40 0.0000e+00
      17066    711.032      9.934     10.000    28.0890    28.0932   5.733537   5.734099     3.0782     2.5989      15.12   26.53812  -81.47135    0.00015   -0.00056     4.3053     4.2748    28.0866    28.0908    35.4464    35.4471    22.6197    22.6189    1519.97    187.957    186.624         32 0.0000e+00
      19219    800.738      4.967      5.000    28.6092    28.6072   5.839694   5.839605     3.1347     2.6474      20.36   27.03172  -82.98643   -0.00014   -0.00014     4.3816     4.3525    28.6080    28.6061    36.1055    36.1064    23.0407    23.0420    1548.23    191.287    190.017         49 0.0000e+00
      19299    804.097      3.974      4.000    28.5263    28.5252   5.822916   5.822891     3.1289     2.6418      21.13   26.95520  -82.75150    0.00046    0.00043     4.3743     4.3437    28.5253    28.5242    36.0033    36.0040    22.9760    22.9769    1543.85    190.968    189.631         48 0.0000e+00
      20409    850.316      2.980      3.000    28.5117    28.5108   5.821335   5.821383     3.1283     2.6399      21.93   26.95524  -82.75150    0.00018    0.00035     4.3740     4.3404    28.5110    28.5101    36.0036    36.0047    22.9810    22.9821    1543.85    190.952    189.488         57 0.0000e+00
      21707    904.436      1.987      2.000    28.5009    28.5025   5.820157   5.820477     3.1282     2.6396      22.78   26.95530  -82.75150    0.00009   -0.00069     4.3741     4.3397    28.5004    28.5020    36.0040    36.0050    22.9848    22.9850    1543.85    190.957    189.458         43 0.0000e+00
      21791    907.903      0.993      1.000    28.4919    28.4940   5.819217   5.819555     3.1281     2.6421      23.73   26.95530  -82.75150    0.00007    0.00079     4.3740     4.3450    28.4916    28.4938    36.0046    36.0053    22.9881    22.9880    1543.85    190.955    189.685         51 0.0000e+00
