Gulf of Mexico/GOMECC-4/1db/rb2103_0341.ros
* Sea-Bird SBE 9 Data File:
* FileName = C:\Users\scs.user.rb\CTD\GOMECC4\data\rb2103_0341.hex
* Software Version Seasave V 7.26.7.107
* Temperature SN = 4799
* Conductivity SN = 3860
* Number of Bytes Per Scan = 41
* Number of Voltage Words = 4
* Number of Scans Averaged by the Deck Unit = 1
* NMEA Latitude = 29 03.10 N
* NMEA Longitude = 087 31.28 W
* NMEA UTC (Time) = Sep 24 2021  06:51:00
* NMEA baud rate = 4800
# nquan = 17
# nvalues = 2660                                  
# units = specified
# name 0 = scan: Scan Count
# name 1 = timeS: Time, Elapsed [seconds]
# name 2 = depSM: Depth [salt water, m]
# name 3 = prDM: Pressure, Digiquartz [db]
# name 4 = t090C: Temperature [ITS-90, deg C]
# name 5 = t190C: Temperature, 2 [ITS-90, deg C]
# name 6 = c0S/m: Conductivity [S/m]
# name 7 = c1S/m: Conductivity, 2 [S/m]
# name 8 = sbeox0V: Oxygen raw, SBE 43 [V]
# name 9 = sbeox1V: Oxygen raw, SBE 43, 2 [V]
# name 10 = altM: Altimeter [m]
# name 11 = latitude: Latitude [deg]
# name 12 = longitude: Longitude [deg]
# name 13 = sbox0dV/dT: Oxygen, SBE 43 [dov/dt]
# name 14 = sbox1dV/dT: Oxygen, SBE 43, 2 [dov/dt]
# name 15 = nbf: Bottles Fired
# name 16 = flag:  0.000e+00
# interval = seconds: 0.0416667
# start_time = Sep 24 2021 06:51:00 [NMEA time, header]
# bad_flag = -9.990e-29
*END*
[from data line 1277]
     106344   4430.958    218.567    220.165    14.9089    14.9204   4.397279   4.398376     1.8852     1.5641      65.42   29.05234  -87.52182   -0.00004   -0.00021         10  0.000e+00
     106345   4431.000    218.567    220.165    14.9094    14.9199   4.397406   4.398319     1.8852     1.5653      65.42   29.05234  -87.52182   -0.00007   -0.00018         10  0.000e+00
     106346   4431.042    218.567    220.165    14.9113    14.9197   4.397490   4.398362     1.8852     1.5653      65.42   29.05234  -87.52182   -0.00007   -0.00016         10  0.000e+00
     106347   4431.083    218.567    220.166    14.9114    14.9201   4.397511   4.398440     1.8852     1.5653      65.42   29.05234  -87.52182   -0.00008   -0.00014         10  0.000e+00
     106348   4431.125    218.628    220.227    14.9125    14.9207   4.397532   4.398519     1.8852     1.5653      65.42   29.05234  -87.52182   -0.00011   -0.00012         10  0.000e+00
     106349   4431.167    218.514    220.112    14.9114    14.9210   4.397546   4.398625     1.8852     1.5653      65.42   29.05234  -87.52182   -0.00011   -0.00010         10  0.000e+00
     106350   4431.208    218.681    220.280    14.9106    14.9210   4.397427   4.398590     1.8852     1.5653      65.42   29.05234  -87.52182   -0.00012   -0.00007         10  0.000e+00
     106351   4431.250    218.567    220.166    14.9060    14.9204   4.397279   4.398597     1.8852     1.5653      65.42   29.05234  -87.52182   -0.00013   -0.00005         10  0.000e+00
     106352   4431.292    218.628    220.227    14.9055    14.9198   4.397329   4.398554     1.8852     1.5641      65.42   29.05234  -87.52182   -0.00016   -0.00005         10  0.000e+00
     106353   4431.333    218.628    220.227    14.9080    14.9195   4.397350   4.398504     1.8852     1.5641      65.42   29.05234  -87.52182   -0.00017   -0.00004         10  0.000e+00
     106354   4431.375    218.567    220.166    14.9084    14.9192   4.397434   4.398469     1.8852     1.5641      65.42   29.05234  -87.52182   -0.00017   -0.00004         10  0.000e+00
     106355   4431.417    218.628    220.227    14.9079    14.9187   4.397441   4.398433     1.8852     1.5653      65.42   29.05234  -87.52182   -0.00018   -0.00001         10  0.000e+00
     106356   4431.458    218.628    220.227    14.9079    14.9192   4.397490   4.398390     1.8852     1.5641      65.45   29.05234  -87.52182   -0.00017   -0.00001         10  0.000e+00
     106357   4431.500    218.567    220.166    14.9094    14.9189   4.397532   4.398383     1.8852     1.5641      83.96   29.05234  -87.52182   -0.00016   -0.00000         10  0.000e+00
     106358   4431.542    218.628    220.227    14.9114    14.9187   4.397603   4.398355     1.8852     1.5653      98.95   29.05234  -87.52182   -0.00015    0.00002         10  0.000e+00
     106359   4431.583    218.628    220.227    14.9136    14.9187   4.397624   4.398376     1.8840     1.5641     100.00   29.05234  -87.52182   -0.00016    0.00003         10  0.000e+00
     106360   4431.625    218.628    220.227    14.9140    14.9187   4.397588   4.398326     1.8840     1.5641     100.00   29.05234  -87.52182   -0.00018    0.00004         10  0.000e+00
     106361   4431.667    218.567    220.166    14.9116    14.9186   4.397581   4.398312     1.8852     1.5641     100.00   29.05234  -87.52182   -0.00019    0.00004         10  0.000e+00
     106362   4431.708    218.681    220.281    14.9096    14.9183   4.397497   4.398312     1.8852     1.5653      99.98   29.05234  -87.52182   -0.00020    0.00007         10  0.000e+00
     106363   4431.750    218.568    220.166    14.9084    14.9187   4.397469   4.398255     1.8840     1.5641     100.00   29.05234  -87.52182   -0.00022    0.00008         10  0.000e+00
     106364   4431.792    218.628    220.227    14.9080    14.9183   4.397441   4.398262     1.8840     1.5641     100.00   29.05234  -87.52182   -0.00024    0.00008         10  0.000e+00
     106365   4431.833    218.628    220.227    14.9084    14.9185   4.397371   4.398212     1.8840     1.5641     100.00   29.05234  -87.52182   -0.00027    0.00009         10  0.000e+00
     106366   4431.875    218.628    220.227    14.9096    14.9182   4.397441   4.398198     1.8852     1.5641     100.00   29.05234  -87.52182   -0.00027    0.00010         10  0.000e+00
     106367   4431.917    218.568    220.166    14.9111    14.9177   4.397441   4.398255     1.8852     1.5641     100.00   29.05234  -87.52182   -0.00028    0.00011         10  0.000e+00
     106368   4431.958    218.628    220.227    14.9120    14.9175   4.397434   4.398383     1.8852     1.5641     100.00   29.05234  -87.52182   -0.00028    0.00010         10  0.000e+00
     106369   4432.000    218.621    220.220    14.9116    14.9179   4.397434   4.398476     1.8852     1.5641     100.00   29.05234  -87.52182   -0.00027    0.00009         10  0.000e+00
     106370   4432.042    218.628    220.227    14.9085    14.9189   4.397399   4.398583     1.8852     1.5641     100.00   29.05234  -87.52182   -0.00026    0.00008         10  0.000e+00
     106371   4432.083    218.628    220.227    14.9040    14.9190   4.397392   4.398611     1.8852     1.5653     100.00   29.05234  -87.52182   -0.00026    0.00009         10  0.000e+00
     106372   4432.125    218.628    220.227    14.9030    14.9194   4.397307   4.398583     1.8852     1.5641     100.00   29.05234  -87.52182   -0.00027    0.00008         10  0.000e+00
     106373   4432.167    218.629    220.228    14.9042    14.9194   4.397307   4.398576     1.8852     1.5641     100.00   29.05234  -87.52182   -0.00027    0.00008         10  0.000e+00
     106374   4432.208    218.629    220.228    14.9055    14.9202   4.397286   4.398576     1.8852     1.5641     100.00   29.05234  -87.52182   -0.00026    0.00007         10  0.000e+00
     106375   4432.250    218.629    220.228    14.9069    14.9205   4.397251   4.398576     1.8852     1.5641     100.00   29.05234  -87.52182   -0.00024    0.00006         10  0.000e+00
     106376   4432.292    218.568    220.167    14.9079    14.9201   4.397244   4.398576     1.8852     1.5641     100.00   29.05234  -87.52182   -0.00023    0.00005         10  0.000e+00
     106377   4432.333    218.629    220.228    14.9082    14.9199   4.397244   4.398597     1.8852     1.5641     100.00   29.05234  -87.52182   -0.00022    0.00004         10  0.000e+00
     106378   4432.375    218.629    220.228    14.9087    14.9201   4.397216   4.398611     1.8852     1.5653     100.00   29.05234  -87.52182   -0.00020    0.00005         10  0.000e+00
     106379   4432.417    218.629    220.228    14.9086    14.9202   4.397174   4.398640     1.8852     1.5653     100.00   29.05234  -87.52182   -0.00020    0.00006         10  0.000e+00
     106380   4432.458    218.629    220.228    14.9082    14.9204   4.397104   4.398618     1.8852     1.5641     100.00   29.05234  -87.52182   -0.00021    0.00005         10  0.000e+00
     106381   4432.500    218.629    220.228    14.9076    14.9204   4.397146   4.398640     1.8852     1.5653     100.00   29.05234  -87.52182   -0.00019    0.00006         10  0.000e+00
     106382   4432.542    218.629    220.228    14.9074    14.9205   4.397139   4.398675     1.8864     1.5641     100.00   29.05234  -87.52182   -0.00018    0.00005         10  0.000e+00
     106383   4432.583    218.568    220.167    14.9077    14.9207   4.397132   4.398690     1.8864     1.5641     100.00   29.05234  -87.52182   -0.00015    0.00004         10  0.000e+00
     106384   4432.625    218.629    220.228    14.9076    14.9210   4.397068   4.398739     1.8852     1.5641     100.00   29.05234  -87.52182   -0.00013    0.00003         10  0.000e+00
     106385   4432.667    218.629    220.228    14.9070    14.9214   4.397054   4.398789     1.8852     1.5653     100.00   29.05234  -87.52182   -0.00013    0.00003         10  0.000e+00
     106386   4432.708    218.568    220.167    14.9064    14.9226   4.397054   4.398825     1.8852     1.5641     100.00   29.05234  -87.52182   -0.00014    0.00002         10  0.000e+00
     106387   4432.750    218.629    220.228    14.9059    14.9231   4.396970   4.398839     1.8852     1.5641     100.00   29.05234  -87.52182   -0.00014    0.00001         10  0.000e+00
     106388   4432.792    218.568    220.167    14.9055    14.9233   4.396963   4.398860     1.8852     1.5653     100.00   29.05234  -87.52182   -0.00014    0.00002         10  0.000e+00
     106389   4432.833    218.629    220.228    14.9055    14.9231   4.396893   4.398903     1.8852     1.5641     100.00   29.05234  -87.52182   -0.00014    0.00001         10  0.000e+00
     106390   4432.875    218.629    220.228    14.9050    14.9229   4.396837   4.398939     1.8852     1.5653     100.00   29.05234  -87.52182   -0.00015    0.00002         10  0.000e+00
     106391   4432.917    218.516    220.114    14.9047    14.9236   4.396794   4.398953     1.8852     1.5641     100.00   29.05234  -87.52182   -0.00015    0.00001         10  0.000e+00
     106392   4432.958    218.682    220.282    14.9048    14.9234   4.396759   4.398889     1.8852     1.5641     100.00   29.05234  -87.52182   -0.00015   -0.00000         10  0.000e+00
     106393   4433.000    218.629    220.228    14.9050    14.9238   4.396752   4.398875     1.8852     1.5641     100.00   29.05234  -87.52182   -0.00015   -0.00002         10  0.000e+00
     106394   4433.042    218.569    220.167    14.9054    14.9238   4.396689   4.398846     1.8864     1.5641     100.00   29.05234  -87.52182   -0.00014   -0.00003         10  0.000e+00
     106395   4433.083    218.569    220.167    14.9057    14.9238   4.396619   4.398775     1.8852     1.5641     100.00   29.05234  -87.52182   -0.00014   -0.00004         10  0.000e+00
     106396   4433.125    218.629    220.228    14.9055    14.9234   4.396541   4.398732     1.8852     1.5641     100.00   29.05234  -87.52182   -0.00013   -0.00005         10  0.000e+00
     109035   4543.083    169.093    170.309    16.4338    16.4349   4.575936   4.576177     1.9475     1.6178     100.00   29.05226  -87.52178   -0.00036    0.00048         11  0.000e+00
     109036   4543.125    168.707    169.920    16.4336    16.4347   4.575958   4.576177     1.9463     1.6166     100.00   29.05226  -87.52178   -0.00038    0.00042         11  0.000e+00
     109037   4543.167    169.040    170.256    16.4341    16.4350   4.575986   4.576199     1.9463     1.6166     100.00   29.05226  -87.52178   -0.00041    0.00035         11  0.000e+00
     109038   4543.208    169.002    170.218    16.4339    16.4349   4.575972   4.576170     1.9463     1.6178     100.00   29.05226  -87.52178   -0.00044    0.00031         11  0.000e+00
     109039   4543.250    168.927    170.141    16.4339    16.4350   4.575986   4.576134     1.9463     1.6178     100.00   29.05226  -87.52178   -0.00047    0.00026         11  0.000e+00
     109040   4543.292    168.927    170.141    16.4339    16.4350   4.575972   4.576221     1.9463     1.6178     100.00   29.05226  -87.52178   -0.00050    0.00021         11  0.000e+00
     109041   4543.333    168.874    170.088    16.4338    16.4352   4.575986   4.576177     1.9463     1.6178     100.00   29.05226  -87.52178   -0.00051    0.00016         11  0.000e+00
     109042   4543.375    168.987    170.203    16.4339    16.4349   4.575972   4.576170     1.9463     1.6178     100.00   29.05226  -87.52178   -0.00052    0.00011         11  0.000e+00
     109043   4543.417    168.927    170.142    16.4338    16.4348   4.575972   4.576199     1.9475     1.6178     100.00   29.05226  -87.52178   -0.00052    0.00008         11  0.000e+00
     109044   4543.458    168.927    170.142    16.4338    16.4349   4.576051   4.576192     1.9475     1.6178     100.00   29.05226  -87.52178   -0.00051    0.00003         11  0.000e+00
     109045   4543.500    168.927    170.142    16.4339    16.4349   4.575993   4.576119     1.9475     1.6178     100.00   29.05226  -87.52178   -0.00051   -0.00001         11  0.000e+00
     109046   4543.542    168.836    170.050    16.4338    16.4350   4.575965   4.576119     1.9463     1.6178     100.00   29.05226  -87.52178   -0.00053   -0.00004         11  0.000e+00
     109047   4543.583    168.987    170.203    16.4339    16.4348   4.575965   4.576192     1.9475     1.6178     100.00   29.05226  -87.52178   -0.00053   -0.00008         11  0.000e+00
     109048   4543.625    168.927    170.142    16.4338    16.4347   4.575929   4.576141     1.9463     1.6166     100.00   29.05226  -87.52178   -0.00054   -0.00013         11  0.000e+00
     109049   4543.667    168.927    170.142    16.4336    16.4347   4.575951   4.576126     1.9475     1.6178     100.00   29.05226  -87.52178   -0.00053   -0.00018         11  0.000e+00
     109050   4543.708    168.874    170.089    16.4336    16.4350   4.575965   4.576163     1.9463     1.6178     100.00   29.05226  -87.52178   -0.00054   -0.00022         11  0.000e+00
     109051   4543.750    168.874    170.089    16.4336    16.4349   4.575943   4.576134     1.9463     1.6178     100.00   29.05226  -87.52178   -0.00054   -0.00025         11  0.000e+00
     109052   4543.792    168.927    170.142    16.4334    16.4349   4.575922   4.576068     1.9463     1.6178     100.00   29.05226  -87.52178   -0.00055   -0.00029         11  0.000e+00
     109053   4543.833    168.927    170.142    16.4334    16.4346   4.575922   4.576112     1.9463     1.6178     100.00   29.05226  -87.52178   -0.00056   -0.00033         11  0.000e+00
     109054   4543.875    168.874    170.089    16.4332    16.4347   4.575922   4.576148     1.9463     1.6178     100.00   29.05226  -87.52178   -0.00056   -0.00036         11  0.000e+00
     109055   4543.917    168.889    170.104    16.4334    16.4349   4.575922   4.576076     1.9463     1.6178     100.00   29.05226  -87.52178   -0.00057   -0.00040         11  0.000e+00
     109056   4543.958    168.874    170.089    16.4334    16.4348   4.575922   4.576083     1.9463     1.6178     100.00   29.05226  -87.52178   -0.00057   -0.00044         11  0.000e+00
     109057   4544.000    168.927    170.142    16.4338    16.4350   4.575951   4.576119     1.9463     1.6178     100.00   29.05226  -87.52178   -0.00057   -0.00046         11  0.000e+00
     109058   4544.042    168.874    170.089    16.4338    16.4349   4.575965   4.576119     1.9463     1.6178     100.00   29.05226  -87.52178   -0.00058   -0.00048         11  0.000e+00
     109059   4544.083    168.874    170.089    16.4338    16.4348   4.575972   4.576068     1.9463     1.6178     100.00   29.05226  -87.52178   -0.00058   -0.00050         11  0.000e+00
     109060   4544.125    168.874    170.089    16.4338    16.4349   4.575993   4.576112     1.9463     1.6178     100.00   29.05226  -87.52178   -0.00058   -0.00052         11  0.000e+00
     109061   4544.167    168.874    170.089    16.4339    16.4350   4.575936   4.576148     1.9463     1.6178     100.00   29.05226  -87.52178   -0.00058   -0.00054         11  0.000e+00
     109062   4544.208    168.874    170.089    16.4332    16.4345   4.575893   4.576112     1.9463     1.6178     100.00   29.05226  -87.52178   -0.00058   -0.00056         11  0.000e+00
     109063   4544.250    168.875    170.089    16.4334    16.4348   4.575943   4.576119     1.9463     1.6178     100.00   29.05226  -87.52178   -0.00058   -0.00058         11  0.000e+00
     109064   4544.292    168.890    170.104    16.4334    16.4349   4.575929   4.576148     1.9463     1.6190     100.00   29.05226  -87.52178   -0.00058   -0.00057         11  0.000e+00
     109065   4544.333    168.814    170.028    16.4334    16.4349   4.575922   4.576076     1.9463     1.6178     100.00   29.05226  -87.52178   -0.00058   -0.00057         11  0.000e+00
