Gulf of Mexico/GOMECC-4/1db/rb2103_0381.cnv
* Sea-Bird SBE 9 Data File:
* FileName = C:\Users\scs.user.rb\CTD\GOMECC4\data\rb2103_0381.hex
* Software Version Seasave V 7.26.7.107
* Temperature SN = 4799
* Conductivity SN = 3860
* Number of Bytes Per Scan = 41
* Number of Voltage Words = 4
* Number of Scans Averaged by the Deck Unit = 1
* NMEA Latitude = 27 35.06 N
* NMEA Longitude = 089 59.95 W
* NMEA UTC (Time) = Sep 25 2021  13:55:17
* NMEA baud rate = 4800
# nquan = 28
# nvalues = 729                         
# units = specified
# name 0 = scan: Scan Count
# name 1 = timeS: Time, Elapsed [seconds]
# name 2 = depSM: Depth [salt water, m]
# name 3 = prDM: Pressure, Digiquartz [db]
# name 4 = t090C: Temperature [ITS-90, deg C]
# name 5 = t190C: Temperature, 2 [ITS-90, deg C]
# name 6 = c0S/m: Conductivity [S/m]
# name 7 = c1S/m: Conductivity, 2 [S/m]
# name 8 = sbeox0V: Oxygen raw, SBE 43 [V]
# name 9 = sbeox1V: Oxygen raw, SBE 43, 2 [V]
# name 10 = altM: Altimeter [m]
# name 11 = latitude: Latitude [deg]
# name 12 = longitude: Longitude [deg]
# name 13 = sbox0dV/dT: Oxygen, SBE 43 [dov/dt]
# name 14 = sbox1dV/dT: Oxygen, SBE 43, 2 [dov/dt]
# name 15 = sbeox0ML/L: Oxygen, SBE 43 [ml/l], WS = 5
# name 16 = sbeox1ML/L: Oxygen, SBE 43, 2 [ml/l], WS = 5
# name 17 = potemp090C: Potential Temperature [ITS-90, deg C]
# name 18 = potemp190C: Potential Temperature, 2 [ITS-90, deg C]
# name 19 = sal00: Salinity, Practical [PSU]
# name 20 = sal11: Salinity, Practical, 2 [PSU]
# name 21 = sigma-é00: Density [sigma-theta, kg/m^3]
# name 22 = sigma-é11: Density, 2 [sigma-theta, kg/m^3]
# name 23 = avgsvCM: Average Sound Velocity [Chen-Millero, m/s], minP = 20, minS = 20
# name 24 = sbox0Mm/Kg: Oxygen, SBE 43 [umol/kg], WS = 5
# name 25 = sbox1Mm/Kg: Oxygen, SBE 43, 2 [umol/kg], WS = 5
# name 26 = nbin: number of scans per bin
# name 27 = flag: flag
# span 0 =      18314,     517440       
# span 1 =    763.024,  21558.815       
# span 2 =      3.974,   1233.068       
# span 3 =      4.000,   1245.000       
# span 4 =     4.5040,   803.6935       
# span 5 =     4.5041,   803.7078       
# span 6 =   3.352007, 165.024629       
# span 7 =   3.351944, 165.029541       
# span 8 =     1.6094,    78.5906       
# span 9 =     1.3138,    74.7833       
# span 10 =       9.82,    1122.31      
# span 11 =   27.41954,  778.18748      
# span 12 =-2538.87616,  -89.45764      
# span 13 =   -0.03401,    0.02718      
# span 14 =   -0.03407,    0.02519      
# span 15 =     2.5713,   109.7491      
# span 16 =     2.5950,   123.0076      
# span 17 =     4.4022,   803.6529      
# span 18 =     4.4023,   803.6672      
# span 19 =    34.8998,  1021.7318      
# span 20 =    34.8994,  1021.7550      
# span 21 =    23.0105,   653.0711      
# span 22 =    23.0109,   653.0841      
# span 23 =       0.00,    1562.54      
# span 24 =    111.854,   4790.488      
# span 25 =    112.882,   5369.228      
# span 26 =         30,         69      
# span 27 = 0.0000e+00, 0.0000e+00      
# interval = decibars: 1                
# start_time = Sep 25 2021 13:55:17 [NMEA time, header]
# bad_flag = -9.990e-29
*END*
[from data line 208]
      32708   1362.791    462.394    466.000    10.5156    10.5168   3.905039   3.904961     1.6754     1.3758     100.00   27.58766  -89.99919   -0.00001   -0.00045     2.6604     2.6959    10.4588    10.4600    35.2633    35.2634    27.0777    27.0776    1517.44    115.681    117.224         35 0.0000e+00
      32828   1367.809    467.350    471.000    10.4475    10.4482   3.897754   3.897816     1.6775     1.3785     100.01   27.58929  -90.00445    0.00067    0.00057     2.6724     2.7104    10.3903    10.3911    35.2556    35.2555    27.0839    27.0837    1517.34    116.200    117.855         34 0.0000e+00
      33158   1381.558    480.234    484.000    10.1958    10.1999   3.871580   3.871937     1.6578     1.3583     100.00   27.58760  -89.99887   -0.00180   -0.00119     2.6382     2.6694    10.1380    10.1421    35.2275    35.2272    27.1059    27.1049    1516.76    114.713    116.069         30 0.0000e+00
      33341   1389.184    487.172    491.000    10.0200    10.0217   3.852840   3.852974     1.6575     1.3595      80.58   27.58765  -89.99899    0.00006    0.00006     2.6518     2.6873     9.9619     9.9637    35.2041    35.2038    27.1179    27.1174    1516.50    115.301    116.847         32 0.0000e+00
      33465   1394.342    492.127    496.000     9.8514     9.8533   3.834813   3.834958     1.6582     1.3599      75.84   27.58751  -89.99844   -0.00002   -0.00027     2.6669     2.7014     9.7934     9.7953    35.1812    35.1809    27.1288    27.1282    1516.29    115.958    117.458         34 0.0000e+00
      33593   1399.678    497.082    501.000     9.7900     9.7921   3.828289   3.828468     1.6556     1.3575      98.82   27.58675  -89.99592   -0.00056   -0.00024     2.6655     2.6999     9.7316     9.7337    35.1717    35.1715    27.1318    27.1313    1516.07    115.896    117.391         34 0.0000e+00
      33749   1406.168    503.028    507.000     9.6748     9.6743   3.816313   3.816172     1.6517     1.3541      61.48   27.58821  -90.00060   -0.00061   -0.00065     2.6639     2.6994     9.6161     9.6156    35.1583    35.1574    27.1409    27.1402    1515.92    115.827    117.371         32 0.0000e+00
      33873   1411.330    507.982    512.000     9.6321     9.6330   3.811764   3.811808     1.6508     1.3535     100.00   27.58692  -89.99636    0.00002   -0.00009     2.6661     2.7019     9.5730     9.5738    35.1506    35.1503    27.1420    27.1416    1515.67    115.923    117.478         35 0.0000e+00
      33998   1416.531    512.937    517.000     9.6008     9.6018   3.808495   3.808537     1.6493     1.3515      99.99   27.58639  -89.99454   -0.00036   -0.00026     2.6659     2.6997     9.5412     9.5422    35.1452    35.1446    27.1430    27.1424    1515.46    115.911    117.383         30 0.0000e+00
      34510   1437.866    532.754    537.000     9.2489     9.2505   3.772135   3.772217     1.6406     1.3433     100.00   27.58811  -89.99996   -0.00051   -0.00063     2.6715     2.7044     9.1884     9.1899    35.1041    35.1033    27.1692    27.1683    1514.83    116.155    117.582         32 0.0000e+00
      34666   1444.365    538.699    543.000     9.0569     9.0563   3.752174   3.752061     1.6284     1.3308      47.13   27.58932  -90.00381   -0.00254   -0.00297     2.6514     2.6801     8.9964     8.9959    35.0820    35.0813    27.1831    27.1826    1514.68    115.276    116.525         35 0.0000e+00
      34759   1448.263    542.662    547.000     9.0443     9.0446   3.750728   3.750686     1.6228     1.3270      99.99   27.58580  -89.99225   -0.00130   -0.00093     2.6373     2.6703     8.9834     8.9837    35.0768    35.0761    27.1809    27.1803    1514.34    114.665    116.102         31 0.0000e+00
      35039   1459.903    553.560    558.000     8.9131     8.9140   3.737559   3.737587     1.6177     1.3231     100.00   27.58692  -89.99578   -0.00017   -0.00008     2.6352     2.6706     8.8515     8.8524    35.0631    35.0626    27.1914    27.1908    1514.02    114.573    116.111         33 0.0000e+00
      35346   1472.710    565.448    570.000     8.7462     8.7483   3.720774   3.720913     1.6144     1.3198     100.00   27.58807  -89.99930   -0.00032   -0.00014     2.6409     2.6752     8.6839     8.6860    35.0460    35.0454    27.2046    27.2038    1513.67    114.817    116.310         31 0.0000e+00
      35470   1477.894    570.401    575.000     8.6610     8.6618   3.712101   3.712129     1.6130     1.3185     100.00   27.58763  -89.99782   -0.00019   -0.00012     2.6442     2.6788     8.5986     8.5994    35.0363    35.0358    27.2104    27.2099    1513.48    114.961    116.463         35 0.0000e+00
      35620   1484.141    576.345    581.000     8.5639     8.5649   3.702240   3.702325     1.6118     1.3175      99.99   27.58644  -89.99385   -0.00020    0.00008     2.6499     2.6843     8.5012     8.5022    35.0245    35.0238    27.2164    27.2157    1513.21    115.211    116.706         30 0.0000e+00
      35654   1485.553    577.336    582.000     8.5534     8.5544   3.701212   3.701248     1.6125     1.3176      69.16   27.58810  -89.99920    0.00003    0.00003     2.6527     2.6854     8.4906     8.4917    35.0245    35.0239    27.2181    27.2175    1513.27    115.329    116.753         32 0.0000e+00
      35744   1489.298    581.298    586.000     8.5241     8.5255   3.698075   3.698144     1.6140     1.3188      99.99   27.58514  -89.98949    0.00046    0.00042     2.6607     2.6929     8.4610     8.4624    35.0179    35.0174    27.2174    27.2167    1512.98    115.677    117.077         31 0.0000e+00
      35782   1490.890    582.289    587.000     8.5150     8.5164   3.697478   3.697546     1.6141     1.3187     100.00   27.58812  -89.99920    0.00010   -0.00003     2.6618     2.6935     8.4518     8.4532    35.0207    35.0201    27.2211    27.2204    1513.11    115.724    117.104         34 0.0000e+00
      35907   1496.091    587.242    592.000     8.4374     8.4390   3.690014   3.690183     1.6134     1.3188     100.00   27.58905  -90.00218   -0.00016    0.00003     2.6670     2.7006     8.3740     8.3756    35.0137    35.0129    27.2277    27.2268    1513.00    115.951    117.414         31 0.0000e+00
      36032   1501.281    592.195    597.000     8.3317     8.3325   3.679020   3.679049     1.6121     1.3188     100.00   27.58758  -89.99728   -0.00024    0.00005     2.6721     2.7098     8.2682     8.2690    35.0019    35.0014    27.2347    27.2341    1512.75    116.171    117.811         30 0.0000e+00
      36270   1511.226    601.109    606.000     8.2206     8.2217   3.668157   3.668195     1.6116     1.3187     100.00   27.58816  -89.99899   -0.00003    0.00035     2.6815     2.7205     8.1567     8.1577    34.9923    34.9916    27.2441    27.2435    1512.49    116.579    118.273         32 0.0000e+00
      36362   1515.042    605.071    610.000     8.1314     8.1331   3.658712   3.658795     1.6113     1.3181      99.98   27.58406  -89.98555   -0.00006   -0.00023     2.6886     2.7262     8.0674     8.0691    34.9777    34.9769    27.2460    27.2452    1512.13    116.889    118.521         30 0.0000e+00
      36410   1517.042    606.061    611.000     8.0994     8.1044   3.655934   3.656369     1.6125     1.3194     100.00   27.58825  -89.99918    0.00022    0.00034     2.6947     2.7326     8.0355     8.0404    34.9800    34.9797    27.2528    27.2518    1512.33    117.153    118.801         45 0.0000e+00
      36531   1522.097    611.014    616.000     8.0123     8.0141   3.647239   3.647348     1.6171     1.3234     100.00   27.58740  -89.99631    0.00086    0.00080     2.7164     2.7540     7.9482     7.9500    34.9712    34.9706    27.2590    27.2583    1512.12    118.096    119.729         54 0.0000e+00
      36655   1527.266    615.966    621.000     7.9478     7.9475   3.640955   3.640842     1.6185     1.3243      86.91   27.58639  -89.99295    0.00020    0.00008     2.7273     2.7637     7.8835     7.8832    34.9655    34.9647    27.2642    27.2636    1511.90    118.567    120.149         34 0.0000e+00
      36785   1532.656    620.918    626.000     7.8910     7.8917   3.635371   3.635374     1.6173     1.3233      95.18   27.58515  -89.98877   -0.00026   -0.00009     2.7297     2.7661     7.8265     7.8271    34.9597    34.9590    27.2680    27.2674    1511.67    118.670    120.254         35 0.0000e+00
      36830   1534.561    621.908    627.000     7.8850     7.8875   3.635124   3.635312     1.6176     1.3236     100.44   27.58834  -89.99918    0.00005   -0.00003     2.7309     2.7676     7.8204     7.8228    34.9630    34.9625    27.2717    27.2709    1511.82    118.726    120.322         41 0.0000e+00
      36955   1539.740    626.860    632.000     7.7236     7.7252   3.618914   3.619004     1.6189     1.3259     100.00   27.58819  -89.99858    0.00028    0.00057     2.7487     2.7886     7.6592     7.6608    34.9474    34.9468    27.2831    27.2824    1511.65    119.497    121.232         47 0.0000e+00
      37087   1545.260    631.812    637.000     7.6656     7.6677   3.613468   3.613630     1.6249     1.3298     100.00   27.58932  -90.00218    0.00089    0.00056     2.7726     2.8076     7.6010     7.6030    34.9447    34.9441    27.2896    27.2888    1511.55    120.533    122.059         37 0.0000e+00
      37215   1550.581    636.763    642.000     7.6078     7.6091   3.607835   3.607900     1.6271     1.3322     100.00   27.58727  -89.99539    0.00053    0.00055     2.7860     2.8218     7.5429     7.5441    34.9387    34.9381    27.2932    27.2926    1511.28    121.115    122.673         34 0.0000e+00
      37250   1552.034    637.754    643.000     7.5972     7.5986   3.606977   3.607051     1.6275     1.3324     100.00   27.58844  -89.99918    0.00046    0.00034     2.7881     2.8235     7.5322     7.5336    34.9397    34.9391    27.2956    27.2949    1511.31    121.209    122.746         30 0.0000e+00
      37349   1556.150    641.715    647.000     7.5873     7.5881   3.606170   3.606194     1.6277     1.3325     100.00   27.58816  -89.99821    0.00003    0.00009     2.7911     2.8262     7.5219     7.5227    34.9390    34.9384    27.2965    27.2960    1511.17    121.337    122.864         35 0.0000e+00
      37450   1560.362    645.676    651.000     7.5337     7.5350   3.600883   3.600932     1.6269     1.3321      99.99   27.58641  -89.99242   -0.00026   -0.00016     2.7939     2.8303     7.4682     7.4695    34.9333    34.9325    27.2998    27.2990    1510.95    121.461    123.042         30 0.0000e+00
      37486   1561.869    646.666    652.000     7.5227     7.5227   3.600069   3.600002     1.6276     1.3330     100.00   27.58849  -89.99918   -0.00010    0.00003     2.7971     2.8344     7.4572     7.4572    34.9352    34.9345    27.3030    27.3024    1511.03    121.597    123.219         34 0.0000e+00
      37584   1565.961    650.627    656.000     7.5015     7.5025   3.598013   3.598040     1.6292     1.3346      99.91   27.58710  -89.99456    0.00041    0.00039     2.8053     2.8429     7.4356     7.4366    34.9322    34.9315    27.3036    27.3029    1510.84    121.953    123.589         35 0.0000e+00
      37717   1571.489    655.578    661.000     7.4585     7.4592   3.594132   3.594139     1.6301     1.3352     100.00   27.58761  -89.99614    0.00014    0.00019     2.8129     2.8497     7.3923     7.3930    34.9309    34.9302    27.3089    27.3082    1510.71    122.286    123.883         31 0.0000e+00
      37750   1572.880    656.569    662.000     7.4562     7.4568   3.594054   3.594053     1.6301     1.3350      64.15   27.58854  -89.99918    0.00026    0.00015     2.8134     2.8495     7.3899     7.3906    34.9320    34.9313    27.3101    27.3095    1510.73    122.308    123.878         32 0.0000e+00
      37905   1579.340    662.510    668.000     7.3958     7.3949   3.588415   3.588390     1.6288     1.3334     100.00   27.58833  -89.99835   -0.00034   -0.00041     2.8161     2.8508     7.3292     7.3283    34.9284    34.9275    27.3160    27.3154    1510.54    122.424    123.933         34 0.0000e+00
      38037   1584.845    667.461    673.000     7.3419     7.3426   3.583395   3.583391     1.6308     1.3360     100.00   27.58882  -89.99985    0.00050    0.00043     2.8281     2.8655     7.2751     7.2758    34.9256    34.9249    27.3215    27.3209    1510.42    122.946    124.570         39 0.0000e+00
      38171   1590.428    672.412    678.000     7.3055     7.3072   3.580117   3.580206     1.6330     1.3378     100.00   27.58919  -90.00096    0.00021    0.00024     2.8397     2.8761     7.2383     7.2400    34.9242    34.9235    27.3256    27.3248    1510.30    123.448    125.029         42 0.0000e+00
      38304   1595.957    677.363    683.000     7.2221     7.2233   3.572191   3.572241     1.6358     1.3409      99.97   27.58937  -90.00146    0.00065    0.00072     2.8564     2.8948     7.1548     7.1560    34.9193    34.9186    27.3336    27.3329    1510.16    124.174    125.841         45 0.0000e+00
      38440   1601.628    682.313    688.000     7.1706     7.1724   3.567675   3.567784     1.6397     1.3453      92.95   27.59126  -90.00752    0.00073    0.00090     2.8745     2.9152     7.1030     7.1049    34.9197    34.9191    27.3413    27.3405    1510.12    124.960    126.727         46 0.0000e+00
      38564   1606.811    687.263    693.000     7.1443     7.1443   3.565051   3.564993     1.6416     1.3468      93.58   27.58797  -89.99670    0.00038    0.00032     2.8844     2.9244     7.0764     7.0765    34.9147    34.9140    27.3410    27.3404    1509.79    125.389    127.129         38 0.0000e+00
      38602   1608.356    688.253    694.000     7.1405     7.1405   3.564751   3.564719     1.6421     1.3468      87.00   27.58874  -89.99914    0.00038    0.00036     2.8868     2.9254     7.0725     7.0725    34.9156    34.9147    27.3423    27.3415    1509.81    125.495    127.171         31 0.0000e+00
      38694   1612.211    692.213    698.000     7.0899     7.0911   3.559984   3.560011     1.6431     1.3476     100.00   27.58738  -89.99465    0.00026    0.00016     2.8954     2.9332     7.0218     7.0230    34.9116    34.9107    27.3461    27.3453    1509.62    125.866    127.509         33 0.0000e+00
      38731   1613.769    693.203    699.000     7.0803     7.0811   3.559247   3.559253     1.6437     1.3480     100.00   27.58876  -89.99914    0.00048    0.00038     2.8982     2.9357     7.0121     7.0129    34.9129    34.9122    27.3485    27.3479    1509.67    125.990    127.617         35 0.0000e+00
      38823   1617.566    697.164    703.000     6.9989     6.9997   3.551405   3.551396     1.6454     1.3501      98.12   27.58670  -89.99237    0.00035    0.00047     2.9116     2.9508     6.9308     6.9316    34.9077    34.9075    27.3557    27.3554    1509.44    126.569    128.276         30 0.0000e+00
      38864   1619.284    698.154    704.000     6.9963     6.9970   3.551437   3.551421     1.6476     1.3522      65.31   27.58880  -89.99914    0.00075    0.00079     2.9189     2.9586     6.9281     6.9287    34.9096    34.9088    27.3576    27.3569    1509.53    126.885    128.613         42 0.0000e+00
      38994   1624.688    703.104    709.000     6.9657     6.9665   3.548966   3.548977     1.6512     1.3553     100.01   27.59060  -90.00493    0.00055    0.00042     2.9345     2.9732     6.8971     6.8979    34.9113    34.9105    27.3632    27.3626    1509.49    127.564    129.247         49 0.0000e+00
