Gulf of Mexico/GOMECC-4/1db/rb2103_1181.ros
* Sea-Bird SBE 9 Data File:
* FileName = C:\Users\scs.user.rb\CTD\GOMECC4\data\rb2103_1181.hex
* Software Version Seasave V 7.26.7.107
* Temperature SN = 4799
* Conductivity SN = 3860
* Number of Bytes Per Scan = 41
* Number of Voltage Words = 4
* Number of Scans Averaged by the Deck Unit = 1
* NMEA Latitude = 21 37.95 N
* NMEA Longitude = 086 14.49 W
* NMEA UTC (Time) = Oct 16 2021  02:01:26
* NMEA baud rate = 4800
# nquan = 17
# nvalues = 2793                                  
# units = specified
# name 0 = scan: Scan Count
# name 1 = timeS: Time, Elapsed [seconds]
# name 2 = depSM: Depth [salt water, m]
# name 3 = prDM: Pressure, Digiquartz [db]
# name 4 = t090C: Temperature [ITS-90, deg C]
# name 5 = t190C: Temperature, 2 [ITS-90, deg C]
# name 6 = c0S/m: Conductivity [S/m]
# name 7 = c1S/m: Conductivity, 2 [S/m]
# name 8 = sbeox0V: Oxygen raw, SBE 43 [V]
# name 9 = sbeox1V: Oxygen raw, SBE 43, 2 [V]
# name 10 = altM: Altimeter [m]
# name 11 = latitude: Latitude [deg]
# name 12 = longitude: Longitude [deg]
# name 13 = sbox0dV/dT: Oxygen, SBE 43 [dov/dt]
# name 14 = sbox1dV/dT: Oxygen, SBE 43, 2 [dov/dt]
# name 15 = nbf: Bottles Fired
# name 16 = flag:  0.000e+00
# interval = seconds: 0.0416667
# start_time = Oct 16 2021 02:01:26 [NMEA time, header]
# bad_flag = -9.990e-29
*END*
[from data line 596]
      66845   2785.167    711.476    717.159     7.0406     7.0399   3.553741   3.553616     1.6593     1.3553      99.98   21.64388  -86.24382    0.00006    0.00008          5  0.000e+00
      66846   2785.208    711.421    717.104     7.0404     7.0395   3.553721   3.553662     1.6581     1.3553     100.00   21.64388  -86.24382    0.00006    0.00010          5  0.000e+00
      66847   2785.250    711.476    717.159     7.0405     7.0398   3.553734   3.553675     1.6581     1.3541     100.00   21.64388  -86.24382    0.00005    0.00009          5  0.000e+00
      66848   2785.292    711.428    717.111     7.0404     7.0394   3.553741   3.553675     1.6581     1.3553     100.00   21.64388  -86.24382    0.00004    0.00011          5  0.000e+00
      66849   2785.333    711.524    717.208     7.0406     7.0397   3.553747   3.553675     1.6581     1.3553     100.00   21.64388  -86.24382    0.00004    0.00012          5  0.000e+00
      66850   2785.375    711.422    717.104     7.0404     7.0401   3.553715   3.553623     1.6581     1.3553     100.00   21.64388  -86.24382    0.00003    0.00014          5  0.000e+00
      66851   2785.417    711.422    717.105     7.0405     7.0398   3.553734   3.553655     1.6581     1.3553     100.00   21.64388  -86.24382    0.00005    0.00015          5  0.000e+00
      66852   2785.458    711.477    717.160     7.0403     7.0399   3.553696   3.553636     1.6581     1.3553     100.00   21.64388  -86.24382    0.00004    0.00016          5  0.000e+00
      66853   2785.500    711.477    717.160     7.0401     7.0401   3.553702   3.553636     1.6581     1.3553     100.00   21.64388  -86.24382    0.00004    0.00018          5  0.000e+00
      66854   2785.542    711.477    717.160     7.0403     7.0398   3.553689   3.553662     1.6581     1.3553     100.00   21.64388  -86.24382    0.00003    0.00019          5  0.000e+00
      66855   2785.583    711.477    717.160     7.0401     7.0398   3.553702   3.553694     1.6581     1.3553     100.00   21.64388  -86.24382    0.00003    0.00020          5  0.000e+00
      66856   2785.625    711.477    717.160     7.0405     7.0400   3.553708   3.553708     1.6581     1.3553     100.00   21.64388  -86.24382    0.00002    0.00021          5  0.000e+00
      66857   2785.667    711.477    717.160     7.0401     7.0399   3.553715   3.553681     1.6593     1.3541     100.00   21.64388  -86.24382    0.00003    0.00021          5  0.000e+00
      66858   2785.708    711.477    717.160     7.0401     7.0401   3.553683   3.553675     1.6581     1.3553     100.00   21.64388  -86.24382    0.00003    0.00022          5  0.000e+00
      66859   2785.750    711.477    717.160     7.0403     7.0399   3.553657   3.553721     1.6581     1.3553     100.00   21.64388  -86.24382    0.00002    0.00023          5  0.000e+00
      66860   2785.792    711.477    717.160     7.0401     7.0401   3.553696   3.553701     1.6581     1.3541     100.00   21.64388  -86.24382    0.00004    0.00022          5  0.000e+00
      66861   2785.833    711.477    717.160     7.0404     7.0399   3.553708   3.553727     1.6581     1.3553     100.00   21.64388  -86.24382    0.00003    0.00023          5  0.000e+00
      66862   2785.875    711.477    717.161     7.0405     7.0400   3.553708   3.553714     1.6581     1.3553     100.00   21.64388  -86.24382    0.00003    0.00024          5  0.000e+00
      66863   2785.917    711.525    717.209     7.0403     7.0399   3.553760   3.553708     1.6581     1.3541     100.00   21.64388  -86.24382    0.00002    0.00024          5  0.000e+00
      66864   2785.958    711.477    717.161     7.0404     7.0401   3.553702   3.553681     1.6581     1.3553     100.00   21.64388  -86.24382    0.00002    0.00025          5  0.000e+00
      66865   2786.000    711.478    717.161     7.0403     7.0400   3.553728   3.553694     1.6581     1.3541     100.00   21.64388  -86.24382    0.00001    0.00024          5  0.000e+00
      66866   2786.042    711.478    717.161     7.0401     7.0401   3.553721   3.553727     1.6581     1.3553     100.00   21.64388  -86.24382    0.00001    0.00025          5  0.000e+00
      66867   2786.083    711.526    717.209     7.0401     7.0402   3.553683   3.553747     1.6581     1.3541     100.00   21.64388  -86.24382    0.00000    0.00024          5  0.000e+00
      66868   2786.125    711.478    717.161     7.0403     7.0402   3.553728   3.553714     1.6581     1.3541     100.00   21.64388  -86.24382   -0.00000    0.00023          5  0.000e+00
      66869   2786.167    711.526    717.209     7.0403     7.0402   3.553741   3.553708     1.6581     1.3541     100.00   21.64388  -86.24382   -0.00001    0.00022          5  0.000e+00
      66870   2786.208    711.478    717.161     7.0403     7.0401   3.553741   3.553753     1.6581     1.3553     100.00   21.64388  -86.24382   -0.00001    0.00023          5  0.000e+00
      66871   2786.250    711.533    717.216     7.0406     7.0403   3.553721   3.553695     1.6581     1.3553     100.00   21.64388  -86.24382   -0.00002    0.00024          5  0.000e+00
      66872   2786.292    711.478    717.161     7.0404     7.0401   3.553734   3.553721     1.6581     1.3541     100.00   21.64388  -86.24382   -0.00002    0.00023          5  0.000e+00
      66873   2786.333    711.526    717.210     7.0405     7.0404   3.553721   3.553688     1.6593     1.3553     100.00   21.64388  -86.24382   -0.00001    0.00024          5  0.000e+00
      66874   2786.375    711.478    717.161     7.0404     7.0404   3.553734   3.553694     1.6581     1.3553     100.00   21.64388  -86.24382   -0.00002    0.00025          5  0.000e+00
      66875   2786.417    711.526    717.210     7.0404     7.0402   3.553741   3.553714     1.6581     1.3541     100.00   21.64388  -86.24382   -0.00002    0.00024          5  0.000e+00
      66876   2786.458    711.533    717.217     7.0405     7.0402   3.553721   3.553760     1.6581     1.3553     100.00   21.64388  -86.24382   -0.00003    0.00025          5  0.000e+00
      66877   2786.500    711.478    717.162     7.0404     7.0402   3.553760   3.553747     1.6581     1.3553     100.00   21.64388  -86.24382   -0.00003    0.00026          5  0.000e+00
      66878   2786.542    711.574    717.258     7.0403     7.0403   3.553702   3.553714     1.6581     1.3541     100.00   21.64388  -86.24382   -0.00004    0.00025          5  0.000e+00
      66879   2786.583    711.478    717.162     7.0404     7.0402   3.553754   3.553708     1.6581     1.3553     100.00   21.64388  -86.24382   -0.00004    0.00025          5  0.000e+00
      66880   2786.625    711.479    717.162     7.0406     7.0401   3.553728   3.553681     1.6581     1.3541     100.00   21.64388  -86.24382   -0.00005    0.00024          5  0.000e+00
      66881   2786.667    711.574    717.258     7.0401     7.0402   3.553754   3.553721     1.6581     1.3553     100.00   21.64388  -86.24382   -0.00003    0.00025          5  0.000e+00
      66882   2786.708    711.479    717.162     7.0406     7.0402   3.553728   3.553747     1.6581     1.3541     100.00   21.64388  -86.24382   -0.00002    0.00024          5  0.000e+00
      66883   2786.750    711.527    717.210     7.0404     7.0402   3.553734   3.553695     1.6581     1.3553     100.00   21.64388  -86.24382   -0.00003    0.00025          5  0.000e+00
      66884   2786.792    711.527    717.210     7.0406     7.0403   3.553741   3.553721     1.6581     1.3541     100.00   21.64388  -86.24382   -0.00003    0.00023          5  0.000e+00
      66885   2786.833    711.527    717.210     7.0405     7.0404   3.553721   3.553740     1.6593     1.3553     100.00   21.64388  -86.24382   -0.00002    0.00024          5  0.000e+00
      66886   2786.875    711.527    717.210     7.0403     7.0402   3.553734   3.553714     1.6581     1.3553     100.00   21.64388  -86.24382   -0.00001    0.00025          5  0.000e+00
      66887   2786.917    711.527    717.211     7.0403     7.0402   3.553721   3.553727     1.6593     1.3541     100.00   21.64388  -86.24382    0.00001    0.00023          5  0.000e+00
      66888   2786.958    711.534    717.218     7.0403     7.0402   3.553715   3.553740     1.6593     1.3553     100.00   21.64388  -86.24382    0.00002    0.00024          5  0.000e+00
      66889   2787.000    711.575    717.259     7.0403     7.0406   3.553709   3.553721     1.6581     1.3553     100.00   21.64388  -86.24382    0.00001    0.00024          5  0.000e+00
      66890   2787.042    711.527    717.211     7.0404     7.0402   3.553709   3.553760     1.6581     1.3541     100.00   21.64388  -86.24382    0.00001    0.00023          5  0.000e+00
      66891   2787.083    711.527    717.211     7.0405     7.0405   3.553734   3.553773     1.6581     1.3541     100.00   21.64388  -86.24382    0.00000    0.00022          5  0.000e+00
      66892   2787.125    711.575    717.259     7.0404     7.0404   3.553689   3.553695     1.6581     1.3553     100.00   21.64388  -86.24382 -8.792e-07    0.00022          5  0.000e+00
      66893   2787.167    711.527    717.211     7.0403     7.0402   3.553728   3.553747     1.6581     1.3541     100.00   21.64388  -86.24382   -0.00001    0.00021          5  0.000e+00
      66894   2787.208    711.534    717.218     7.0405     7.0405   3.553676   3.553721     1.6581     1.3553     100.00   21.64388  -86.24382   -0.00001    0.00022          5  0.000e+00
      66895   2787.250    711.575    717.260     7.0403     7.0402   3.553715   3.553727     1.6581     1.3553     100.00   21.64388  -86.24382   -0.00002    0.00022          5  0.000e+00
      66896   2787.292    711.528    717.211     7.0401     7.0402   3.553721   3.553740     1.6581     1.3541     100.00   21.64388  -86.24382   -0.00002    0.00021          5  0.000e+00
      66897   2787.333    711.575    717.260     7.0404     7.0407   3.553760   3.553747     1.6593     1.3541     100.00   21.64388  -86.24382   -0.00001    0.00019          5  0.000e+00
      66898   2787.375    711.576    717.260     7.0406     7.0402   3.553721   3.553740     1.6581     1.3541     100.00   21.64388  -86.24382   -0.00002    0.00018          5  0.000e+00
      66899   2787.417    711.528    717.211     7.0403     7.0404   3.553709   3.553714     1.6581     1.3553     100.00   21.64388  -86.24382   -0.00002    0.00018          5  0.000e+00
      66900   2787.458    711.535    717.218     7.0401     7.0402   3.553683   3.553727     1.6581     1.3553     100.00   21.64388  -86.24382   -0.00003    0.00019          5  0.000e+00
      66901   2787.500    711.630    717.315     7.0403     7.0404   3.553676   3.553740     1.6581     1.3553     100.00   21.64388  -86.24382   -0.00003    0.00019          5  0.000e+00
      66902   2787.542    711.576    717.260     7.0401     7.0401   3.553702   3.553740     1.6593     1.3541     100.00   21.64388  -86.24382   -0.00002    0.00019          5  0.000e+00
      66903   2787.583    711.528    717.212     7.0401     7.0402   3.553734   3.553740     1.6581     1.3541     100.00   21.64388  -86.24382   -0.00003    0.00018          5  0.000e+00
      66904   2787.625    711.631    717.315     7.0403     7.0404   3.553696   3.553747     1.6581     1.3541     100.00   21.64388  -86.24382   -0.00001    0.00016          5  0.000e+00
      66905   2787.667    711.432    717.115     7.0401     7.0404   3.553702   3.553714     1.6581     1.3553     100.00   21.64388  -86.24382   -0.00002    0.00018          5  0.000e+00
      66906   2787.708    711.733    717.419     7.0400     7.0402   3.553683   3.553753     1.6593     1.3541     100.00   21.64388  -86.24382   -0.00001    0.00017          5  0.000e+00
      66907   2787.750    711.576    717.260     7.0400     7.0403   3.553676   3.553721     1.6581     1.3553     100.00   21.64388  -86.24382   -0.00001    0.00017          5  0.000e+00
      66908   2787.792    711.576    717.260     7.0401     7.0404   3.553702   3.553727     1.6581     1.3541     100.00   21.64388  -86.24382   -0.00000    0.00016          5  0.000e+00
      66909   2787.833    711.576    717.260     7.0398     7.0401   3.553683   3.553740     1.6581     1.3541     100.00   21.64388  -86.24382   -0.00001    0.00014          5  0.000e+00
      66910   2787.875    711.631    717.316     7.0396     7.0405   3.553676   3.553740     1.6593     1.3553     100.00   21.64388  -86.24382    0.00000    0.00015          5  0.000e+00
      66911   2787.917    711.583    717.267     7.0395     7.0404   3.553638   3.553747     1.6593     1.3541     100.00   21.64388  -86.24382    0.00001    0.00013          5  0.000e+00
      66912   2787.958    711.631    717.316     7.0391     7.0404   3.553612   3.553766     1.6581     1.3541     100.00   21.64388  -86.24382    0.00003    0.00011          5  0.000e+00
      66913   2788.000    711.631    717.316     7.0393     7.0403   3.553618   3.553721     1.6581     1.3541     100.00   21.64388  -86.24382    0.00004    0.00010          5  0.000e+00
      71757   2989.833    611.122    615.854     8.2100     8.2101   3.665479   3.665518     1.6300     1.3272     100.00   21.64426  -86.24374    0.00021    0.00014          6  0.000e+00
      71758   2989.875    611.225    615.957     8.2101     8.2098   3.665505   3.665518     1.6300     1.3272     100.00   21.64426  -86.24374    0.00021    0.00014          6  0.000e+00
      71759   2989.917    611.040    615.771     8.2100     8.2099   3.665525   3.665518     1.6300     1.3272      98.63   21.64426  -86.24374    0.00020    0.00013          6  0.000e+00
      71760   2989.958    611.225    615.958     8.2101     8.2098   3.665532   3.665505     1.6300     1.3272      76.53   21.64426  -86.24374    0.00020    0.00013          6  0.000e+00
      71761   2990.000    611.191    615.923     8.2100     8.2100   3.665518   3.665511     1.6300     1.3272      64.42   21.64426  -86.24374    0.00019    0.00013          6  0.000e+00
      71762   2990.042    611.177    615.909     8.2102     8.2099   3.665479   3.665491     1.6313     1.3284      63.17   21.64426  -86.24374    0.00020    0.00014          6  0.000e+00
      71763   2990.083    611.238    615.972     8.2098     8.2098   3.665505   3.665458     1.6300     1.3284      64.22   21.64426  -86.24374    0.00020    0.00016          6  0.000e+00
      71764   2990.125    611.177    615.910     8.2103     8.2100   3.665499   3.665524     1.6300     1.3284      64.69   21.64426  -86.24374    0.00019    0.00017          6  0.000e+00
      71765   2990.167    611.225    615.958     8.2100     8.2099   3.665512   3.665498     1.6313     1.3284      64.71   21.64426  -86.24374    0.00019    0.00019          6  0.000e+00
      71766   2990.208    611.191    615.923     8.2096     8.2100   3.665479   3.665485     1.6300     1.3284      64.66   21.64426  -86.24374    0.00018    0.00020          6  0.000e+00
      71767   2990.250    611.225    615.958     8.2082     8.2098   3.665329   3.665505     1.6313     1.3284      64.64   21.64426  -86.24374    0.00021    0.00021          6  0.000e+00
      71768   2990.292    611.239    615.972     8.2063     8.2101   3.665126   3.665491     1.6300     1.3272      64.66   21.64426  -86.24374    0.00020    0.00021          6  0.000e+00
      71769   2990.333    611.225    615.958     8.2046     8.2100   3.664976   3.665505     1.6300     1.3284      64.64   21.64426  -86.24374    0.00019    0.00022          6  0.000e+00
      71770   2990.375    611.239    615.972     8.2046     8.2100   3.665002   3.665505     1.6313     1.3284      64.64   21.64426  -86.24374    0.00020    0.00023          6  0.000e+00
      71771   2990.417    611.225    615.958     8.2058     8.2101   3.665035   3.665511     1.6313     1.3284      64.64   21.64426  -86.24374    0.00021    0.00023          6  0.000e+00
