Gulf of Mexico/GOMECC-4/1db/rb2103_1371.ros
* Sea-Bird SBE 9 Data File:
* FileName = C:\Users\scs.user.rb\CTD\GOMECC4\data\rb2103_1371.hex
* Software Version Seasave V 7.26.7.107
* Temperature SN = 4799
* Conductivity SN = 3860
* Number of Bytes Per Scan = 41
* Number of Voltage Words = 4
* Number of Scans Averaged by the Deck Unit = 1
* NMEA Latitude = 26 00.14 N
* NMEA Longitude = 084 11.82 W
* NMEA UTC (Time) = Oct 20 2021  06:05:28
* NMEA baud rate = 4800
# nquan = 17
# nvalues = 1330                                  
# units = specified
# name 0 = scan: Scan Count
# name 1 = timeS: Time, Elapsed [seconds]
# name 2 = depSM: Depth [salt water, m]
# name 3 = prDM: Pressure, Digiquartz [db]
# name 4 = t090C: Temperature [ITS-90, deg C]
# name 5 = t190C: Temperature, 2 [ITS-90, deg C]
# name 6 = c0S/m: Conductivity [S/m]
# name 7 = c1S/m: Conductivity, 2 [S/m]
# name 8 = sbeox0V: Oxygen raw, SBE 43 [V]
# name 9 = sbeox1V: Oxygen raw, SBE 43, 2 [V]
# name 10 = altM: Altimeter [m]
# name 11 = latitude: Latitude [deg]
# name 12 = longitude: Longitude [deg]
# name 13 = sbox0dV/dT: Oxygen, SBE 43 [dov/dt]
# name 14 = sbox1dV/dT: Oxygen, SBE 43, 2 [dov/dt]
# name 15 = nbf: Bottles Fired
# name 16 = flag:  0.000e+00
# interval = seconds: 0.0416667
# start_time = Oct 20 2021 06:05:28 [NMEA time, header]
# bad_flag = -9.990e-29
*END*
[from data line 341]
      20787    866.083     89.379     89.983    19.7613    19.7463   4.955837   4.954682     2.1294     1.7705      83.10   26.00304  -84.19702   -0.00004   -0.00005          3  0.000e+00
      20788    866.125     89.433     90.038    19.7612    19.7467   4.955837   4.954637     2.1294     1.7705      83.08   26.00304  -84.19702   -0.00003   -0.00005          3  0.000e+00
      20789    866.167     89.379     89.983    19.7613    19.7472   4.955815   4.954674     2.1294     1.7705      83.08   26.00304  -84.19702   -0.00003   -0.00006          3  0.000e+00
      20790    866.208     89.379     89.983    19.7610    19.7472   4.955830   4.954697     2.1294     1.7705      83.10   26.00304  -84.19702   -0.00003   -0.00006          3  0.000e+00
      20791    866.250     89.379     89.983    19.7605    19.7474   4.955741   4.954697     2.1294     1.7705      83.10   26.00304  -84.19702   -0.00003   -0.00006          3  0.000e+00
      20792    866.292     89.433     90.038    19.7605    19.7475   4.955749   4.954727     2.1282     1.7705      83.10   26.00304  -84.19702   -0.00004   -0.00007          3  0.000e+00
      20793    866.333     89.379     89.983    19.7603    19.7472   4.955727   4.954734     2.1282     1.7705      83.10   26.00304  -84.19702   -0.00006   -0.00007          3  0.000e+00
      20794    866.375     89.386     89.990    19.7605    19.7468   4.955712   4.954712     2.1294     1.7705      83.10   26.00304  -84.19702   -0.00006   -0.00008          3  0.000e+00
      20795    866.417     89.433     90.038    19.7602    19.7467   4.955712   4.954757     2.1282     1.7705      83.10   26.00304  -84.19702   -0.00007   -0.00007          3  0.000e+00
      20796    866.458     89.379     89.983    19.7605    19.7467   4.955719   4.954742     2.1282     1.7705      83.10   26.00304  -84.19702   -0.00008   -0.00007          3  0.000e+00
      20797    866.500     89.433     90.038    19.7602    19.7470   4.955675   4.954771     2.1282     1.7717      83.10   26.00304  -84.19702   -0.00012   -0.00004          3  0.000e+00
      20798    866.542     89.433     90.038    19.7600    19.7474   4.955645   4.954779     2.1282     1.7705      83.10   26.00304  -84.19702   -0.00013   -0.00003          3  0.000e+00
      20799    866.583     89.379     89.983    19.7605    19.7468   4.955623   4.954742     2.1282     1.7717      83.10   26.00304  -84.19702   -0.00014 8.7921e-07          3  0.000e+00
      20800    866.625     89.433     90.038    19.7603    19.7470   4.955601   4.954712     2.1282     1.7717      83.08   26.00304  -84.19702   -0.00016    0.00003          3  0.000e+00
      20801    866.667     89.433     90.038    19.7603    19.7470   4.955594   4.954727     2.1282     1.7717      83.00   26.00304  -84.19702   -0.00017    0.00006          3  0.000e+00
      20802    866.708     89.433     90.038    19.7596    19.7467   4.955550   4.954734     2.1294     1.7717      82.98   26.00304  -84.19702   -0.00016    0.00009          3  0.000e+00
      20803    866.750     89.433     90.038    19.7592    19.7468   4.955550   4.954712     2.1282     1.7717      82.98   26.00304  -84.19702   -0.00018    0.00011          3  0.000e+00
      20804    866.792     89.480     90.086    19.7590    19.7470   4.955579   4.954727     2.1282     1.7717      82.98   26.00304  -84.19702   -0.00019    0.00014          3  0.000e+00
      20805    866.833     89.433     90.038    19.7588    19.7468   4.955586   4.954704     2.1282     1.7717      82.98   26.00304  -84.19702   -0.00020    0.00017          3  0.000e+00
      20806    866.875     89.433     90.038    19.7587    19.7467   4.955623   4.954697     2.1282     1.7717      82.98   26.00304  -84.19702   -0.00021    0.00020          3  0.000e+00
      20807    866.917     89.433     90.038    19.7595    19.7470   4.955660   4.954757     2.1282     1.7717      82.98   26.00304  -84.19702   -0.00022    0.00022          3  0.000e+00
      20808    866.958     89.433     90.038    19.7609    19.7468   4.955734   4.954712     2.1282     1.7705      82.98   26.00304  -84.19702   -0.00023    0.00023          3  0.000e+00
      20809    867.000     89.480     90.086    19.7617    19.7465   4.955852   4.954727     2.1294     1.7717      82.98   26.00304  -84.19702   -0.00023    0.00026          3  0.000e+00
      20810    867.042     89.433     90.038    19.7619    19.7460   4.955874   4.954734     2.1294     1.7717      82.98   26.00304  -84.19702   -0.00022    0.00028          3  0.000e+00
      20811    867.083     89.480     90.086    19.7622    19.7458   4.955882   4.954704     2.1294     1.7717      82.98   26.00304  -84.19702   -0.00021    0.00031          3  0.000e+00
      20812    867.125     89.480     90.086    19.7617    19.7460   4.955889   4.954727     2.1294     1.7717      82.98   26.00304  -84.19702   -0.00021    0.00033          3  0.000e+00
      20813    867.167     89.480     90.086    19.7618    19.7472   4.955845   4.954734     2.1294     1.7717      82.98   26.00304  -84.19702   -0.00020    0.00036          3  0.000e+00
      20814    867.208     89.480     90.086    19.7621    19.7479   4.955904   4.954764     2.1294     1.7717      82.98   26.00304  -84.19702   -0.00019    0.00038          3  0.000e+00
      20815    867.250     89.440     90.045    19.7627    19.7491   4.955956   4.954779     2.1282     1.7717      82.98   26.00304  -84.19702   -0.00020    0.00041          3  0.000e+00
      20816    867.292     89.528     90.133    19.7626    19.7496   4.955963   4.954846     2.1294     1.7717      82.98   26.00304  -84.19702   -0.00020    0.00043          3  0.000e+00
      20817    867.333     89.480     90.086    19.7624    19.7512   4.955904   4.954921     2.1294     1.7717      82.98   26.00304  -84.19702   -0.00019    0.00046          3  0.000e+00
      20818    867.375     89.480     90.086    19.7625    19.7512   4.955941   4.954973     2.1294     1.7717      82.98   26.00304  -84.19702   -0.00018    0.00048          3  0.000e+00
      20819    867.417     89.480     90.086    19.7623    19.7507   4.955941   4.954929     2.1294     1.7717      82.98   26.00304  -84.19702   -0.00017    0.00050          3  0.000e+00
      20820    867.458     89.480     90.086    19.7620    19.7502   4.955867   4.954966     2.1294     1.7717      82.98   26.00304  -84.19702   -0.00017    0.00052          3  0.000e+00
      20821    867.500     89.528     90.133    19.7616    19.7502   4.955867   4.954951     2.1294     1.7717      82.98   26.00304  -84.19702   -0.00016    0.00055          3  0.000e+00
      20822    867.542     89.480     90.086    19.7618    19.7510   4.955852   4.955011     2.1294     1.7717      82.98   26.00304  -84.19702   -0.00015    0.00057          3  0.000e+00
      20823    867.583     89.528     90.133    19.7619    19.7507   4.955845   4.954996     2.1294     1.7729      82.98   26.00304  -84.19702   -0.00014    0.00061          3  0.000e+00
      20824    867.625     89.528     90.133    19.7617    19.7505   4.955801   4.955011     2.1294     1.7717      82.95   26.00304  -84.19702   -0.00014    0.00063          3  0.000e+00
      20825    867.667     89.480     90.086    19.7618    19.7510   4.955860   4.955003     2.1294     1.7729      82.93   26.00304  -84.19702   -0.00013    0.00066          3  0.000e+00
      20826    867.708     89.528     90.133    19.7616    19.7507   4.955852   4.955048     2.1294     1.7729      82.93   26.00304  -84.19702   -0.00012    0.00070          3  0.000e+00
      20827    867.750     89.480     90.086    19.7616    19.7514   4.955867   4.955003     2.1294     1.7717      82.91   26.00304  -84.19702   -0.00011    0.00072          3  0.000e+00
      20828    867.792     89.528     90.133    19.7617    19.7530   4.955882   4.955056     2.1294     1.7729      82.91   26.00304  -84.19702   -0.00011    0.00076          3  0.000e+00
      20829    867.833     89.528     90.133    19.7619    19.7526   4.955845   4.955071     2.1294     1.7717      82.93   26.00304  -84.19702   -0.00010    0.00077          3  0.000e+00
      20830    867.875     89.528     90.133    19.7620    19.7507   4.955874   4.955033     2.1294     1.7717      82.91   26.00304  -84.19702   -0.00009    0.00079          3  0.000e+00
      20831    867.917     89.528     90.133    19.7617    19.7493   4.955919   4.955026     2.1294     1.7729      82.93   26.00304  -84.19702   -0.00008    0.00082          3  0.000e+00
      20832    867.958     89.528     90.133    19.7620    19.7500   4.955860   4.955026     2.1294     1.7729      82.93   26.00304  -84.19702   -0.00008    0.00086          3  0.000e+00
      20833    868.000     89.582     90.188    19.7617    19.7504   4.955874   4.955026     2.1294     1.7729      82.91   26.00304  -84.19702   -0.00007    0.00089          3  0.000e+00
      20834    868.042     89.480     90.086    19.7622    19.7512   4.955889   4.955003     2.1294     1.7729      82.91   26.00304  -84.19702   -0.00006    0.00091          3  0.000e+00
      20835    868.083     89.528     90.133    19.7619    19.7533   4.955874   4.955078     2.1294     1.7729      82.93   26.00304  -84.19702   -0.00006    0.00092          3  0.000e+00
      20836    868.125     89.487     90.092    19.7619    19.7538   4.955882   4.955168     2.1294     1.7729      82.93   26.00304  -84.19702   -0.00005    0.00095          3  0.000e+00
      20837    868.167     89.629     90.236    19.7620    19.7528   4.955919   4.955131     2.1294     1.7729      82.93   26.00304  -84.19702   -0.00004    0.00096          3  0.000e+00
      20838    868.208     89.528     90.133    19.7619    19.7524   4.955889   4.955138     2.1294     1.7729      82.91   26.00304  -84.19702   -0.00003    0.00097          3  0.000e+00
      20839    868.250     89.528     90.133    19.7616    19.7518   4.955919   4.955175     2.1294     1.7729      82.91   26.00304  -84.19702   -0.00003    0.00098          3  0.000e+00
      20840    868.292     89.582     90.188    19.7619    19.7512   4.955889   4.955131     2.1294     1.7729      82.93   26.00304  -84.19702   -0.00002    0.00099          3  0.000e+00
      20841    868.333     89.528     90.133    19.7616    19.7502   4.955882   4.955138     2.1294     1.7729      82.93   26.00304  -84.19702   -0.00001    0.00100          3  0.000e+00
      20842    868.375     89.528     90.133    19.7619    19.7500   4.955919   4.955116     2.1294     1.7729      82.91   26.00304  -84.19702   -0.00000    0.00100          3  0.000e+00
      20843    868.417     89.582     90.188    19.7617    19.7505   4.955860   4.955048     2.1294     1.7729      82.93   26.00304  -84.19702    0.00000    0.00101          3  0.000e+00
      20844    868.458     89.528     90.133    19.7618    19.7510   4.955874   4.955086     2.1294     1.7729      82.91   26.00304  -84.19702    0.00001    0.00101          3  0.000e+00
      23103    962.583     69.666     70.134    21.6496    21.5671   5.155684   5.150052     2.4664     2.0623     100.00   26.00310  -84.19700   -0.00082   -0.00253          4  0.000e+00
      23104    962.625     69.957     70.427    21.6510    21.5718   5.155782   5.149869     2.4676     2.0623      99.44   26.00310  -84.19700   -0.00084   -0.00245          4  0.000e+00
      23105    962.667     69.666     70.134    21.6533    21.5780   5.155834   5.149360     2.4664     2.0623      86.52   26.00310  -84.19700   -0.00086   -0.00237          4  0.000e+00
      23106    962.708     69.808     70.277    21.6526    21.5746   5.155812   5.148782     2.4664     2.0623      79.12   26.00310  -84.19700   -0.00087   -0.00229          4  0.000e+00
      23107    962.750     69.767     70.236    21.6510    21.5713   5.155834   5.148417     2.4664     2.0623      78.29   26.00310  -84.19700   -0.00089   -0.00220          4  0.000e+00
      23108    962.792     69.761     70.229    21.6533    21.5720   5.155849   5.148348     2.4664     2.0623      78.88   26.00310  -84.19700   -0.00090   -0.00212          4  0.000e+00
      23109    962.833     69.767     70.236    21.6501    21.5703   5.155459   5.148409     2.4676     2.0623      79.17   26.00310  -84.19700   -0.00090   -0.00202          4  0.000e+00
      23110    962.875     69.761     70.229    21.6429    21.5725   5.155039   5.148561     2.4664     2.0623      79.19   26.00310  -84.19700   -0.00092   -0.00193          4  0.000e+00
      23111    962.917     69.612     70.079    21.6424    21.5720   5.155039   5.148622     2.4664     2.0623      79.17   26.00310  -84.19700   -0.00091   -0.00183          4  0.000e+00
      23112    962.958     69.916     70.386    21.6432    21.5706   5.155009   5.147832     2.4664     2.0623      79.15   26.00310  -84.19700   -0.00092   -0.00173          4  0.000e+00
      23113    963.000     69.761     70.229    21.6434    21.5629   5.154401   5.146189     2.4676     2.0623      79.15   26.00310  -84.19700   -0.00090   -0.00163          4  0.000e+00
      23114    963.042     69.815     70.284    21.6338    21.5526   5.153305   5.147277     2.4676     2.0611      79.15   26.00310  -84.19700   -0.00088   -0.00156          4  0.000e+00
      23115    963.083     69.761     70.229    21.6158    21.5464   5.152232   5.147695     2.4664     2.0611      79.17   26.00310  -84.19700   -0.00089   -0.00148          4  0.000e+00
      23116    963.125     69.767     70.236    21.6035    21.5415   5.151362   5.147566     2.4676     2.0611      79.17   26.00310  -84.19700   -0.00086   -0.00141          4  0.000e+00
      23117    963.167     69.862     70.331    21.5964    21.5441   5.150732   5.147649     2.4664     2.0611      79.15   26.00310  -84.19700   -0.00085   -0.00133          4  0.000e+00
      23118    963.208     69.767     70.236    21.5894    21.5566   5.150207   5.147695     2.4664     2.0611      79.17   26.00310  -84.19700   -0.00084   -0.00125          4  0.000e+00
      23119    963.250     69.808     70.277    21.5847    21.5583   5.149952   5.147733     2.4664     2.0611      79.15   26.00310  -84.19700   -0.00083   -0.00118          4  0.000e+00
      23120    963.292     69.815     70.284    21.5834    21.5544   5.149974   5.147870     2.4664     2.0611      79.15   26.00310  -84.19700   -0.00082   -0.00111          4  0.000e+00
      23121    963.333     69.808     70.277    21.5868    21.5587   5.150252   5.148143     2.4664     2.0623      79.17   26.00310  -84.19700   -0.00081   -0.00102          4  0.000e+00
      23122    963.375     69.815     70.284    21.5901    21.5706   5.150469   5.148409     2.4664     2.0611      79.17   26.00310  -84.19700   -0.00078   -0.00095          4  0.000e+00
      23123    963.417     69.761     70.229    21.6039    21.5755   5.150672   5.148493     2.4664     2.0611      79.15   26.00310  -84.19700   -0.00076   -0.00089          4  0.000e+00
      23124    963.458     69.869     70.338    21.6169    21.5717   5.150852   5.148417     2.4664     2.0611      79.17   26.00310  -84.19700   -0.00075   -0.00083          4  0.000e+00
      23125    963.500     69.808     70.277    21.6140    21.5613   5.150897   5.148356     2.4664     2.0623      79.15   26.00310  -84.19700   -0.00073   -0.00075          4  0.000e+00
      23126    963.542     69.815     70.284    21.6047    21.5537   5.150867   5.148410     2.4664     2.0611      79.17   26.00310  -84.19700   -0.00071   -0.00070          4  0.000e+00
      23127    963.583     69.808     70.277    21.5996    21.5493   5.150792   5.148661     2.4664     2.0623      79.15   26.00310  -84.19700   -0.00069   -0.00063          4  0.000e+00
      23128    963.625     69.815     70.284    21.6023    21.5604   5.150837   5.148987     2.4664     2.0611      81.34   26.00310  -84.19700   -0.00067   -0.00058          4  0.000e+00
