Gulf of Mexico/GOMECC-4/1db/rb2103_0041.cnv
* Sea-Bird SBE 9 Data File:
* FileName = C:\Users\scs.user.rb\CTD\GOMECC4\data\rb2103_004.hex
* Software Version Seasave V 7.26.7.107
* Temperature SN = 4799
* Conductivity SN = 3860
* Number of Bytes Per Scan = 41
* Number of Voltage Words = 4
* Number of Scans Averaged by the Deck Unit = 1
* NMEA Latitude = 26 59.65 N
* NMEA Longitude = 079 51.52 W
* NMEA UTC (Time) = Sep 14 2021  23:37:43
* NMEA baud rate = 4800
# nquan = 28
# nvalues = 232                         
# units = specified
# name 0 = scan: Scan Count
# name 1 = timeS: Time, Elapsed [seconds]
# name 2 = depSM: Depth [salt water, m]
# name 3 = prDM: Pressure, Digiquartz [db]
# name 4 = t090C: Temperature [ITS-90, deg C]
# name 5 = t190C: Temperature, 2 [ITS-90, deg C]
# name 6 = c0S/m: Conductivity [S/m]
# name 7 = c1S/m: Conductivity, 2 [S/m]
# name 8 = sbeox0V: Oxygen raw, SBE 43 [V]
# name 9 = sbeox1V: Oxygen raw, SBE 43, 2 [V]
# name 10 = altM: Altimeter [m]
# name 11 = latitude: Latitude [deg]
# name 12 = longitude: Longitude [deg]
# name 13 = sbox0dV/dT: Oxygen, SBE 43 [dov/dt]
# name 14 = sbox1dV/dT: Oxygen, SBE 43, 2 [dov/dt]
# name 15 = sbeox0ML/L: Oxygen, SBE 43 [ml/l], WS = 5
# name 16 = sbeox1ML/L: Oxygen, SBE 43, 2 [ml/l], WS = 5
# name 17 = potemp090C: Potential Temperature [ITS-90, deg C]
# name 18 = potemp190C: Potential Temperature, 2 [ITS-90, deg C]
# name 19 = sal00: Salinity, Practical [PSU]
# name 20 = sal11: Salinity, Practical, 2 [PSU]
# name 21 = sigma-é00: Density [sigma-theta, kg/m^3]
# name 22 = sigma-é11: Density, 2 [sigma-theta, kg/m^3]
# name 23 = avgsvCM: Average Sound Velocity [Chen-Millero, m/s], minP = 20, minS = 20
# name 24 = sbox0Mm/Kg: Oxygen, SBE 43 [umol/kg], WS = 5
# name 25 = sbox1Mm/Kg: Oxygen, SBE 43, 2 [umol/kg], WS = 5
# name 26 = nbin: number of scans per bin
# name 27 = flag: flag
# span 0 =      19211,      72026       
# span 1 =    800.413,   3001.023       
# span 2 =      3.974,    270.034       
# span 3 =      4.000,    272.000       
# span 4 =    10.0184,    29.6529       
# span 5 =    10.0205,    29.6537       
# span 6 =   3.846621,   5.913788       
# span 7 =   3.846807,   5.914034       
# span 8 =     1.7098,     3.1802       
# span 9 =     1.4115,     2.7124       
# span 10 =      11.49,     100.91      
# span 11 =   26.94061,   27.07985      
# span 12 =  -80.04653,  -79.65939      
# span 13 =   -0.02750,    0.02347      
# span 14 =   -0.02665,    0.02048      
# span 15 =     2.7191,     4.5533      
# span 16 =     2.7618,     4.5777      
# span 17 =     9.9866,    29.6475      
# span 18 =     9.9887,    29.6483      
# span 19 =    35.1016,    36.5273      
# span 20 =    35.1035,    36.5303      
# span 21 =    22.0067,    27.1493      
# span 22 =    22.0075,    27.1484      
# span 23 =       0.00,    1545.97      
# span 24 =    118.225,    198.614      
# span 25 =    120.083,    199.677      
# span 26 =         30,         71      
# span 27 = 0.0000e+00, 0.0000e+00      
# interval = decibars: 1                
# start_time = Sep 14 2021 23:37:43 [NMEA time, header]
# bad_flag = -9.990e-29
*END*
[from data line 104]
      27208   1133.614    111.233    112.000    20.4364    20.4450   5.022446   5.023254     2.3422     1.9757     100.00   26.99990  -79.85846   -0.01943   -0.01670     3.4558     3.4881    20.4152    20.4238    36.4752    36.4741    25.7764    25.7733    1539.89    150.460    151.865         34 0.0000e+00
      27240   1134.972    112.226    113.000    20.3917    20.3916   5.019849   5.019846     2.3295     1.9651     100.00   26.99990  -79.85846   -0.01550   -0.01325     3.4325     3.4672    20.3704    20.3703    36.4940    36.4941    25.8028    25.8029    1539.76    149.438    150.951         31 0.0000e+00
      27271   1136.250    113.219    114.000    20.4017    20.4067   5.022699   5.023735     2.3200     1.9578     100.00   26.99992  -79.85846   -0.01052   -0.00850     3.4108     3.4491    20.3788    20.3852    36.5095    36.5124    25.8123    25.8129    1539.64    148.495    150.162         31 0.0000e+00
      27302   1137.522    114.212    115.000    20.3726    20.3786   5.020143   5.020723     2.3128     1.9515     100.00   26.99992  -79.85846   -0.00760   -0.00616     3.3999     3.4379    20.3509    20.3569    36.5141    36.5150    25.8234    25.8225    1539.53    148.016    149.671         30 0.0000e+00
      27332   1138.807    115.205    116.000    20.3178    20.3187   5.014842   5.015027     2.3025     1.9419      79.32   26.99993  -79.85846   -0.00668   -0.00574     3.3806     3.4180    20.2960    20.2969    36.5158    36.5165    25.8394    25.8397    1539.40    147.173    148.805         32 0.0000e+00
      27367   1140.229    116.198    117.000    20.3115    20.3122   5.015619   5.015832     2.2917     1.9315      80.27   26.99994  -79.85846   -0.00729   -0.00675     3.3580     3.3944    20.2894    20.2901    36.5273    36.5284    25.8499    25.8506    1539.29    146.189    147.772         37 0.0000e+00
      27402   1141.725    117.191    118.000    20.2815    20.2871   5.012606   5.013216     2.2794     1.9212     100.22   26.99995  -79.85846   -0.00795   -0.00738     3.3339     3.3721    20.2593    20.2649    36.5266    36.5278    25.8575    25.8570    1539.17    145.139    146.801         33 0.0000e+00
      27434   1143.047    118.184    119.000    20.1131    20.1226   4.991593   4.992387     2.2690     1.9142     100.00   26.99996  -79.85846   -0.00800   -0.00649     3.3238     3.3669    20.0908    20.1004    36.5011    36.4994    25.8831    25.8792    1539.06    144.696    146.571         31 0.0000e+00
      27465   1144.326    119.176    120.000    19.9106    19.9267   4.967420   4.968920     2.2599     1.9044     100.00   26.99998  -79.85846   -0.00775   -0.00625     3.3184     3.3568    19.8883    19.9044    36.4773    36.4757    25.9187    25.9133    1538.94    144.454    146.129         31 0.0000e+00
      27496   1145.628    120.169    121.000    19.5243    19.5552   4.922416   4.925464     2.2476     1.8933     100.00   26.99998  -79.85846   -0.00773   -0.00699     3.3191     3.3542    19.5022    19.5333    36.4402    36.4334    25.9920    25.9774    1538.82    144.476    146.005         31 0.0000e+00
      27528   1146.948    121.162    122.000    19.2728    19.2869   4.891873   4.893153     2.2274     1.8713     100.00   26.99999  -79.85845   -0.01016   -0.01034     3.2921     3.3203    19.2507    19.2648    36.4049    36.4032    26.0307    26.0257    1538.69    143.294    144.525         33 0.0000e+00
      27561   1148.326    122.155    123.000    19.1392    19.1456   4.876271   4.876813     2.2112     1.8567     100.00   27.00000  -79.85844   -0.01310   -0.01313     3.2662     3.2947    19.1171    19.1234    36.3908    36.3898    26.0545    26.0521    1538.56    142.163    143.405         33 0.0000e+00
      27593   1149.657    123.148    124.000    18.9879    18.9998   4.858709   4.859570     2.2007     1.8471     100.00   27.00002  -79.85844   -0.01205   -0.01146     3.2517     3.2797    18.9656    18.9775    36.3757    36.3737    26.0820    26.0774    1538.43    141.530    142.750         31 0.0000e+00
      27623   1150.925    124.140    125.000    18.7566    18.7662   4.829265   4.829962     2.1851     1.8345     100.00   27.00003  -79.85844   -0.01008   -0.00909     3.2368     3.2674    18.7344    18.7440    36.3304    36.3278    26.1065    26.1021    1538.29    140.878    142.212         30 0.0000e+00
      27654   1152.219    125.133    126.000    18.6255    18.6306   4.812688   4.813266     2.1789     1.8318     100.00   27.00004  -79.85844   -0.00901   -0.00714     3.2315     3.2695    18.6032    18.6083    36.3051    36.3056    26.1205    26.1196    1538.15    140.647    142.301         32 0.0000e+00
      27686   1153.539    126.126    127.000    18.4468    18.4522   4.789010   4.789650     2.1752     1.8299     100.00   27.00005  -79.85844   -0.00671   -0.00382     3.2363     3.2772    18.4245    18.4300    36.2612    36.2585    26.1321    26.1276    1538.02    140.853    142.634         31 0.0000e+00
      27719   1154.909    127.119    128.000    18.2410    18.2449   4.762131   4.762260     2.1750     1.8348     100.00   27.00006  -79.85844   -0.00290   -0.00058     3.2507     3.3055    18.2187    18.2226    36.2135    36.2112    26.1474    26.1446    1537.88    141.479    143.860         35 0.0000e+00
      27754   1156.364    128.111    129.000    18.0611    18.0737   4.739928   4.741051     2.1788     1.8380     100.00   27.00006  -79.85844    0.00004    0.00200     3.2724     3.3238    18.0388    18.0513    36.1823    36.1808    26.1683    26.1641    1537.74    142.417    144.656         34 0.0000e+00
      27839   1159.933    131.090    132.000    17.5640    17.5679   4.687275   4.687504     2.1592     1.8132      99.99   26.99708  -79.84950   -0.00444   -0.00581     3.2630     3.2967    17.5416    17.5455    36.1680    36.1667    26.2797    26.2777    1537.12    141.995    143.459         32 0.0000e+00
      27877   1161.500    132.083    133.000    17.3750    17.3873   4.667766   4.668746     2.1355     1.7908     100.00   27.00011  -79.85842   -0.01048   -0.01145     3.2223     3.2530    17.3526    17.3649    36.1682    36.1658    26.3262    26.3214    1537.14    140.215    141.554         37 0.0000e+00
      27912   1162.975    133.076    134.000    17.2331    17.2377   4.651571   4.651940     2.1116     1.7705     100.00   27.00012  -79.85842   -0.01557   -0.01461     3.1780     3.2125    17.2106    17.2152    36.1538    36.1529    26.3496    26.3478    1536.99    138.284    139.786         33 0.0000e+00
      27998   1166.523    136.054    137.000    16.9474    16.9536   4.620257   4.620691     2.0781     1.7429      99.99   26.99827  -79.85286   -0.00948   -0.00774     3.1212     3.1623    16.9247    16.9309    36.1343    36.1325    26.4031    26.4002    1536.44    135.808    137.597         32 0.0000e+00
      28033   1167.995    137.047    138.000    16.8283    16.8318   4.608123   4.608382     2.0672     1.7316      91.43   27.00016  -79.85842   -0.00809   -0.00727     3.1046     3.1422    16.8055    16.8090    36.1352    36.1343    26.4324    26.4309    1536.39    135.080    136.717         35 0.0000e+00
      28068   1169.444    138.040    139.000    16.7692    16.7642   4.602253   4.601608     2.0567     1.7227      96.85   27.00018  -79.85842   -0.00773   -0.00739     3.0845     3.1244    16.7463    16.7413    36.1364    36.1352    26.4474    26.4477    1536.24    134.204    135.942         33 0.0000e+00
      28099   1170.734    139.032    140.000    16.6652    16.6792   4.591117   4.592703     2.0473     1.7150     100.01   27.00018  -79.85842   -0.00742   -0.00665     3.0743     3.1142    16.6423    16.6563    36.1316    36.1330    26.4684    26.4661    1536.11    133.759    135.495         30 0.0000e+00
      28128   1171.972    140.025    141.000    16.4662    16.4646   4.568303   4.568199     2.0375     1.7059     100.00   27.00019  -79.85842   -0.00737   -0.00628     3.0603     3.1012    16.4433    16.4417    36.1091    36.1063    26.4980    26.4962    1535.95    133.147    134.924         30 0.0000e+00
      28158   1173.228    141.018    142.000    16.4313    16.4300   4.564148   4.563925     2.0300     1.6995     100.00   27.00020  -79.85842   -0.00733   -0.00648     3.0462     3.0881    16.4082    16.4070    36.1035    36.1026    26.5019    26.5015    1535.79    132.532    134.352         31 0.0000e+00
      28191   1174.597    142.011    143.000    16.3616    16.3660   4.556040   4.556569     2.0239     1.6956      84.58   27.00022  -79.85842   -0.00621   -0.00516     3.0371     3.0826    16.3385    16.3429    36.0942    36.0948    26.5110    26.5105    1535.64    132.134    134.114         34 0.0000e+00
      28224   1175.969    143.003    144.000    16.2752    16.2765   4.545982   4.545910     2.0189     1.6913     100.12   27.00022  -79.85842   -0.00456   -0.00337     3.0317     3.0780    16.2520    16.2533    36.0826    36.0808    26.5223    26.5206    1535.49    131.898    133.911         31 0.0000e+00
      28309   1179.487    145.981    147.000    15.7509    15.7594   4.483143   4.484091     2.0027     1.6762      98.39   26.99663  -79.84768   -0.00402   -0.00360     3.0273     3.0723    15.7264    15.7362    35.9952    35.9948    26.5759    26.5733    1534.85    131.700    133.657         30 0.0000e+00
      28343   1180.926    146.974    148.000    15.5991    15.6046   4.465762   4.466181     1.9953     1.6702      99.99   27.00026  -79.85842   -0.00500   -0.00468     3.0234     3.0691    15.5759    15.5814    35.9769    35.9757    26.5964    26.5942    1534.88    131.529    133.514         32 0.0000e+00
      28376   1182.288    147.967    149.000    15.4969    15.5025   4.453955   4.454474     1.9891     1.6649     100.00   27.00028  -79.85842   -0.00557   -0.00492     3.0160     3.0625    15.4737    15.4793    35.9632    35.9628    26.6089    26.6074    1534.73    131.202    133.227         33 0.0000e+00
      28408   1183.630    148.959    150.000    15.4194    15.4234   4.444798   4.445191     1.9841     1.6589     100.00   27.00029  -79.85842   -0.00469   -0.00430     3.0096     3.0524    15.3961    15.4001    35.9507    35.9506    26.6168    26.6158    1534.57    130.926    132.786         32 0.0000e+00
      28441   1184.986    149.952    151.000    15.3480    15.3511   4.436515   4.436804     1.9788     1.6548      70.70   27.00030  -79.85842   -0.00399   -0.00399     3.0023     3.0469    15.3246    15.3277    35.9406    35.9403    26.6251    26.6242    1534.42    130.606    132.545         32 0.0000e+00
      28528   1188.609    152.930    154.000    15.0976    15.1030   4.407359   4.407894     1.9667     1.6454     100.00   26.99998  -79.85738   -0.00333   -0.00261     2.9914     3.0397    15.0740    15.0794    35.9033    35.9032    26.6523    26.6510    1533.93    130.128    132.229         31 0.0000e+00
      28560   1189.962    153.923    155.000    15.0427    15.0457   4.401177   4.401463     1.9628     1.6423     100.00   27.00034  -79.85842   -0.00333   -0.00259     2.9863     3.0357    15.0190    15.0220    35.8970    35.8968    26.6596    26.6588    1533.80    129.904    132.055         33 0.0000e+00
      28593   1191.325    154.915    156.000    14.9678    14.9726   4.392504   4.392932     1.9592     1.6386      99.68   27.00034  -79.85842   -0.00300   -0.00247     2.9832     3.0313    14.9441    14.9489    35.8861    35.8856    26.6678    26.6663    1533.64    129.768    131.863         32 0.0000e+00
      28624   1192.627    155.908    157.000    14.8547    14.8592   4.379305   4.379730     1.9548     1.6351     100.00   27.00036  -79.85842   -0.00282   -0.00256     2.9806     3.0297    14.8309    14.8354    35.8688    35.8686    26.6794    26.6782    1533.49    129.654    131.793         30 0.0000e+00
      28654   1193.858    156.901    158.000    14.7906    14.7948   4.372047   4.372413     1.9517     1.6325     100.00   27.00037  -79.85842   -0.00295   -0.00261     2.9776     3.0276    14.7668    14.7710    35.8608    35.8603    26.6873    26.6859    1533.33    129.525    131.698         30 0.0000e+00
      28683   1195.094    157.893    159.000    14.7149    14.7173   4.363726   4.363896     1.9482     1.6297     100.00   27.00038  -79.85842   -0.00295   -0.00236     2.9747     3.0256    14.6910    14.6934    35.8536    35.8529    26.6983    26.6973    1533.19    129.394    131.611         30 0.0000e+00
      28714   1196.370    158.886    160.000    14.6343    14.6377   4.354666   4.354921     1.9435     1.6257     100.00   27.00038  -79.85842   -0.00291   -0.00239     2.9692     3.0206    14.6103    14.6137    35.8442    35.8433    26.7086    26.7072    1533.04    129.155    131.390         31 0.0000e+00
      28746   1197.696    159.879    161.000    14.5577    14.5611   4.346042   4.346361     1.9391     1.6205     100.00   27.00040  -79.85840   -0.00329   -0.00305     2.9641     3.0121    14.5336    14.5371    35.8349    35.8347    26.7181    26.7172    1532.88    128.930    131.019         32 0.0000e+00
      28777   1198.998    160.872    162.000    14.4993    14.5038   4.339521   4.339878     1.9350     1.6155     100.00   27.00041  -79.85840   -0.00343   -0.00368     2.9582     3.0031    14.4752    14.4797    35.8282    35.8274    26.7256    26.7240    1532.73    128.675    130.627         31 0.0000e+00
      28808   1200.272    161.864    163.000    14.3952    14.3969   4.327664   4.327731     1.9299     1.6100     100.00   27.00042  -79.85840   -0.00343   -0.00400     2.9528     2.9952    14.3710    14.3727    35.8143    35.8133    26.7374    26.7363    1532.59    128.440    130.280         31 0.0000e+00
      28841   1201.660    162.857    164.000    14.3459    14.3477   4.322166   4.322309     1.9251     1.6066     100.00   27.00043  -79.85840   -0.00361   -0.00374     2.9454     2.9904    14.3217    14.3234    35.8085    35.8082    26.7436    26.7429    1532.43    128.114    130.073         34 0.0000e+00
      28926   1205.200    165.835    167.000    14.1530    14.1560   4.300510   4.300784     1.9144     1.5969      99.99   26.99700  -79.84816   -0.00281   -0.00254     2.9331     2.9780    14.1285    14.1315    35.7837    35.7834    26.7655    26.7646    1531.79    127.578    129.531         32 0.0000e+00
      28962   1206.718    166.827    168.000    14.0677    14.0722   4.291365   4.291730     1.9089     1.5917     100.00   27.00047  -79.85840   -0.00316   -0.00326     2.9258     2.9698    14.0432    14.0477    35.7783    35.7775    26.7797    26.7781    1531.84    127.257    129.172         34 0.0000e+00
      28995   1208.086    167.820    169.000    14.0074    14.0094   4.284766   4.284958     1.9040     1.5872     100.00   27.00048  -79.85840   -0.00373   -0.00366     2.9180     2.9624    13.9828    13.9849    35.7723    35.7722    26.7879    26.7874    1531.69    126.919    128.848         31 0.0000e+00
      29026   1209.359    168.813    170.000    13.9568    13.9600   4.279287   4.279517     1.8995     1.5840     100.00   27.00050  -79.85840   -0.00377   -0.00332     2.9107     2.9573    13.9321    13.9353    35.7677    35.7669    26.7950    26.7938    1531.54    126.600    128.627         30 0.0000e+00
      29056   1210.614    169.805    171.000    13.8983    13.9002   4.272915   4.273090     1.8956     1.5802     100.00   27.00050  -79.85840   -0.00349   -0.00281     2.9052     2.9513    13.8736    13.8755    35.7621    35.7619    26.8031    26.8025    1531.39    126.361    128.365         31 0.0000e+00
      29088   1211.952    170.798    172.000    13.8657    13.8631   4.269430   4.269108     1.8923     1.5770     100.00   27.00051  -79.85840   -0.00310   -0.00279     2.8995     2.9456    13.8409    13.8383    35.7594    35.7588    26.8078    26.8079    1531.25    126.113    128.115         32 0.0000e+00
