Gulf of Mexico/GOMECC-4/1db/rb2103_0141.ros
* Sea-Bird SBE 9 Data File:
* FileName = C:\Users\scs.user.rb\CTD\GOMECC4\data\rb2103_0141.hex
* Software Version Seasave V 7.26.7.107
* Temperature SN = 4799
* Conductivity SN = 3860
* Number of Bytes Per Scan = 41
* Number of Voltage Words = 4
* Number of Scans Averaged by the Deck Unit = 1
* NMEA Latitude = 27 06.71 N
* NMEA Longitude = 084 20.03 W
* NMEA UTC (Time) = Sep 18 2021  23:46:35
* NMEA baud rate = 4800
# nquan = 17
# nvalues = 1729                                  
# units = specified
# name 0 = scan: Scan Count
# name 1 = timeS: Time, Elapsed [seconds]
# name 2 = depSM: Depth [salt water, m]
# name 3 = prDM: Pressure, Digiquartz [db]
# name 4 = t090C: Temperature [ITS-90, deg C]
# name 5 = t190C: Temperature, 2 [ITS-90, deg C]
# name 6 = c0S/m: Conductivity [S/m]
# name 7 = c1S/m: Conductivity, 2 [S/m]
# name 8 = sbeox0V: Oxygen raw, SBE 43 [V]
# name 9 = sbeox1V: Oxygen raw, SBE 43, 2 [V]
# name 10 = altM: Altimeter [m]
# name 11 = latitude: Latitude [deg]
# name 12 = longitude: Longitude [deg]
# name 13 = sbox0dV/dT: Oxygen, SBE 43 [dov/dt]
# name 14 = sbox1dV/dT: Oxygen, SBE 43, 2 [dov/dt]
# name 15 = nbf: Bottles Fired
# name 16 = flag:  0.000e+00
# interval = seconds: 0.0416667
# start_time = Sep 18 2021 23:46:35 [NMEA time, header]
# bad_flag = -9.990e-29
*END*
[from data line 1447]
      44375   1848.917     10.296     10.365    28.8974    28.9018   5.718144   5.719022     3.1380     2.6679     100.00   27.11222  -84.33210   -0.00006   -0.00091         11  0.000e+00
      44376   1848.958     10.258     10.327    28.8976    28.9016   5.718136   5.718927     3.1380     2.6679     100.00   27.11222  -84.33210   -0.00006   -0.00092         11  0.000e+00
      44377   1849.000     10.296     10.365    28.8976    28.9015   5.718199   5.718768     3.1380     2.6679     100.00   27.11222  -84.33210   -0.00006   -0.00092         11  0.000e+00
      44378   1849.042     10.319     10.388    28.8976    28.9012   5.718223   5.718641     3.1380     2.6679     100.00   27.11222  -84.33210   -0.00007   -0.00092         11  0.000e+00
      44379   1849.083     10.349     10.418    28.8978    28.9010   5.718364   5.718617     3.1380     2.6679     100.00   27.11222  -84.33210   -0.00007   -0.00092         11  0.000e+00
      44380   1849.125     10.319     10.388    28.8982    28.9005   5.718513   5.718649     3.1380     2.6667     100.00   27.11222  -84.33210   -0.00007   -0.00094         11  0.000e+00
      44381   1849.167     10.349     10.418    28.8989    28.9005   5.718654   5.718665     3.1368     2.6679      95.65   27.11222  -84.33210   -0.00009   -0.00094         11  0.000e+00
      44382   1849.208     10.410     10.479    28.9002    28.9005   5.718795   5.718641     3.1380     2.6679      85.59   27.11222  -84.33210   -0.00010   -0.00093         11  0.000e+00
      44383   1849.250     10.372     10.441    28.9013    28.9007   5.718905   5.718585     3.1380     2.6679      82.12   27.11222  -84.33210   -0.00010   -0.00092         11  0.000e+00
      44384   1849.292     10.410     10.479    28.9013    28.9003   5.718889   5.718569     3.1380     2.6679      82.22   27.11222  -84.33210   -0.00012   -0.00091         11  0.000e+00
      44385   1849.333     10.372     10.441    28.9000    28.9005   5.718740   5.718601     3.1380     2.6679      82.74   27.11222  -84.33210   -0.00014   -0.00090         11  0.000e+00
      44386   1849.375     10.462     10.532    28.8989    28.9007   5.718623   5.718665     3.1380     2.6679      82.88   27.11222  -84.33210   -0.00015   -0.00089         11  0.000e+00
      44387   1849.417     10.372     10.441    28.8985    28.9010   5.718599   5.718633     3.1380     2.6679      82.88   27.11222  -84.33210   -0.00015   -0.00088         11  0.000e+00
      44388   1849.458     10.462     10.532    28.8978    28.9015   5.718529   5.718680     3.1368     2.6679      82.86   27.11222  -84.33210   -0.00019   -0.00088         11  0.000e+00
      44389   1849.500     10.485     10.555    28.8983    28.9016   5.718536   5.718673     3.1368     2.6691      82.83   27.11222  -84.33210   -0.00023   -0.00086         11  0.000e+00
      44390   1849.542     10.410     10.479    28.8998    28.9017   5.718623   5.718728     3.1380     2.6691      82.83   27.11222  -84.33210   -0.00025   -0.00085         11  0.000e+00
      47521   1980.000      4.287      4.316    29.0121    29.0256   5.729603   5.731115     3.1416     2.6789     100.00   27.11222  -84.33200   -0.00146    0.00186         12  0.000e+00
      47522   1980.042      4.340      4.369    29.0126    29.0256   5.729634   5.731131     3.1416     2.6789     100.00   27.11222  -84.33200   -0.00146    0.00184         12  0.000e+00
      47523   1980.083      4.098      4.125    29.0128    29.0256   5.729728   5.731115     3.1404     2.6789     100.00   27.11222  -84.33200   -0.00146    0.00182         12  0.000e+00
      47524   1980.125      4.174      4.201    29.0136    29.0254   5.729744   5.731051     3.1404     2.6789     100.00   27.11222  -84.33200   -0.00146    0.00180         12  0.000e+00
      47525   1980.167      4.159      4.186    29.0136    29.0252   5.729705   5.731051     3.1416     2.6789     100.00   27.11222  -84.33200   -0.00143    0.00178         12  0.000e+00
      47526   1980.208      4.227      4.255    29.0128    29.0252   5.729728   5.731059     3.1404     2.6789     100.00   27.11222  -84.33200   -0.00143    0.00173         12  0.000e+00
      47527   1980.250      4.174      4.201    29.0134    29.0254   5.729776   5.731091     3.1416     2.6789     100.00   27.11222  -84.33200   -0.00139    0.00169         12  0.000e+00
      47528   1980.292      4.159      4.186    29.0137    29.0254   5.729721   5.731067     3.1416     2.6789     100.00   27.11222  -84.33200   -0.00134    0.00163         12  0.000e+00
      47529   1980.333      4.113      4.141    29.0141    29.0251   5.729744   5.729038     3.1416     2.6777     100.00   27.11222  -84.33200   -0.00130    0.00158         12  0.000e+00
      47530   1980.375      4.159      4.186    29.0139    29.0245   5.729815   5.728728     3.1416     2.6777     100.00   27.11222  -84.33200   -0.00125    0.00152         12  0.000e+00
      47531   1980.417      4.113      4.141    29.0141    29.0241   5.729768   5.730470     3.1429     2.6777     100.00   27.11222  -84.33200   -0.00119    0.00146         12  0.000e+00
      47532   1980.458      4.113      4.141    29.0145    29.0240   5.729775   5.730971     3.1429     2.6777     100.00   27.11222  -84.33200   -0.00112    0.00140         12  0.000e+00
      47533   1980.500      4.098      4.125    29.0145    29.0240   5.729791   5.730964     3.1429     2.6777     100.00   27.11222  -84.33200   -0.00105    0.00134         12  0.000e+00
      47534   1980.542      4.060      4.087    29.0143    29.0236   5.729799   5.730964     3.1429     2.6764     100.00   27.11222  -84.33200   -0.00098    0.00127         12  0.000e+00
      47535   1980.583      4.098      4.125    29.0146    29.0237   5.729830   5.730964     3.1416     2.6764     100.00   27.11222  -84.33200   -0.00093    0.00121         12  0.000e+00
      47536   1980.625      4.008      4.034    29.0150    29.0237   5.729870   5.730963     3.1429     2.6764     100.00   27.11222  -84.33200   -0.00086    0.00115         12  0.000e+00
      47537   1980.667      4.060      4.087    29.0148    29.0234   5.729846   5.730964     3.1429     2.6752     100.00   27.11222  -84.33200   -0.00079    0.00108         12  0.000e+00
      47538   1980.708      3.992      4.019    29.0134    29.0230   5.729768   5.730924     3.1429     2.6752     100.00   27.11222  -84.33200   -0.00072    0.00101         12  0.000e+00
      47539   1980.750      4.060      4.087    29.0126    29.0228   5.729634   5.730844     3.1429     2.6752     100.00   27.11222  -84.33200   -0.00064    0.00096         12  0.000e+00
      47540   1980.792      3.992      4.019    29.0122    29.0226   5.729611   5.730820     3.1429     2.6752     100.00   27.11222  -84.33200   -0.00057    0.00090         12  0.000e+00
      47541   1980.833      4.008      4.034    29.0119    29.0226   5.729642   5.730820     3.1429     2.6752     100.00   27.11222  -84.33200   -0.00049    0.00086         12  0.000e+00
      47542   1980.875      3.894      3.920    29.0119    29.0225   5.729579   5.730780     3.1441     2.6752     100.00   27.11222  -84.33200   -0.00040    0.00082         12  0.000e+00
      47543   1980.917      4.045      4.072    29.0126    29.0219   5.729658   5.730733     3.1441     2.6752     100.00   27.11222  -84.33200   -0.00030    0.00078         12  0.000e+00
      47544   1980.958      3.947      3.973    29.0124    29.0219   5.729658   5.730757     3.1429     2.6752     100.00   27.11222  -84.33200   -0.00022    0.00075         12  0.000e+00
      47545   1981.000      3.932      3.958    29.0121    29.0221   5.729650   5.730772     3.1441     2.6752     100.00   27.11222  -84.33200   -0.00014    0.00072         12  0.000e+00
      47546   1981.042      3.947      3.973    29.0121    29.0219   5.729587   5.730773     3.1441     2.6752     100.00   27.11222  -84.33200   -0.00006    0.00070         12  0.000e+00
      47547   1981.083      3.834      3.859    29.0124    29.0219   5.729626   5.730733     3.1441     2.6752     100.00   27.11222  -84.33200    0.00003    0.00070         12  0.000e+00
      47548   1981.125      3.932      3.958    29.0132    29.0223   5.729650   5.730828     3.1441     2.6752     100.00   27.11222  -84.33200    0.00012    0.00069         12  0.000e+00
      47549   1981.167      3.894      3.920    29.0126    29.0225   5.729650   5.730828     3.1441     2.6752     100.00   27.11222  -84.33200    0.00020    0.00069         12  0.000e+00
      47550   1981.208      3.879      3.905    29.0126    29.0226   5.729610   5.730852     3.1441     2.6752     100.00   27.11222  -84.33200    0.00028    0.00070         12  0.000e+00
      47551   1981.250      3.834      3.859    29.0124    29.0230   5.729603   5.730828     3.1441     2.6752     100.00   27.11222  -84.33200    0.00036    0.00072         12  0.000e+00
      47552   1981.292      3.834      3.859    29.0124    29.0230   5.729610   5.730804     3.1441     2.6752     100.00   27.11222  -84.33200    0.00042    0.00075         12  0.000e+00
      47553   1981.333      3.879      3.905    29.0128    29.0230   5.729571   5.730884     3.1441     2.6752     100.00   27.11222  -84.33200    0.00049    0.00079         12  0.000e+00
      47554   1981.375      3.781      3.806    29.0126    29.0228   5.729587   5.730844     3.1441     2.6752     100.00   27.11222  -84.33200    0.00055    0.00080         12  0.000e+00
      47555   1981.417      3.819      3.844    29.0126    29.0230   5.729603   5.730820     3.1453     2.6752     100.00   27.11222  -84.33200    0.00063    0.00084         12  0.000e+00
      47556   1981.458      3.781      3.806    29.0128    29.0228   5.729603   5.730820     3.1453     2.6740     100.00   27.11222  -84.33200    0.00070    0.00084         12  0.000e+00
      47557   1981.500      3.834      3.859    29.0128    29.0230   5.729610   5.730852     3.1441     2.6740     100.00   27.11222  -84.33200    0.00074    0.00085         12  0.000e+00
      47558   1981.542      3.766      3.791    29.0128    29.0228   5.729642   5.730868     3.1453     2.6740     100.00   27.11222  -84.33200    0.00081    0.00083         12  0.000e+00
      47559   1981.583      3.728      3.753    29.0128    29.0230   5.729610   5.730828     3.1453     2.6740     100.00   27.11222  -84.33200    0.00087    0.00082         12  0.000e+00
      47560   1981.625      3.819      3.844    29.0126    29.0226   5.729603   5.730780     3.1453     2.6752     100.00   27.11222  -84.33200    0.00091    0.00083         12  0.000e+00
      47561   1981.667      3.781      3.806    29.0124    29.0225   5.729603   5.730772     3.1453     2.6752     100.00   27.11222  -84.33200    0.00095    0.00083         12  0.000e+00
      47562   1981.708      3.728      3.753    29.0130    29.0226   5.729634   5.730772     3.1441     2.6752     100.00   27.11222  -84.33200    0.00096    0.00082         12  0.000e+00
      47563   1981.750      3.766      3.791    29.0134    29.0225   5.729626   5.730876     3.1441     2.6752     100.00   27.11222  -84.33200    0.00097    0.00079         12  0.000e+00
      47564   1981.792      3.781      3.806    29.0136    29.0226   5.729642   5.730804     3.1441     2.6752     100.00   27.11222  -84.33200    0.00097    0.00076         12  0.000e+00
      47565   1981.833      3.728      3.753    29.0139    29.0226   5.729681   5.730772     3.1441     2.6752     100.00   27.11222  -84.33200    0.00097    0.00071         12  0.000e+00
      47566   1981.875      3.766      3.791    29.0136    29.0226   5.729697   5.730772     3.1441     2.6752     100.00   27.11222  -84.33200    0.00097    0.00066         12  0.000e+00
      47567   1981.917      3.781      3.806    29.0137    29.0225   5.729697   5.730844     3.1441     2.6752     100.00   27.11222  -84.33200    0.00098    0.00062         12  0.000e+00
      47568   1981.958      3.766      3.791    29.0132    29.0226   5.729697   5.730828     3.1441     2.6764     100.00   27.11222  -84.33200    0.00098    0.00057         12  0.000e+00
      47569   1982.000      3.728      3.753    29.0137    29.0226   5.729705   5.730852     3.1441     2.6764     100.00   27.11222  -84.33200    0.00097    0.00051         12  0.000e+00
      47570   1982.042      3.781      3.806    29.0139    29.0230   5.729736   5.730828     3.1441     2.6752     100.00   27.11222  -84.33200    0.00097    0.00044         12  0.000e+00
      47571   1982.083      3.766      3.791    29.0139    29.0226   5.729775   5.730820     3.1441     2.6764     100.00   27.11222  -84.33200    0.00097    0.00039         12  0.000e+00
      47572   1982.125      3.834      3.859    29.0137    29.0225   5.729752   5.730820     3.1453     2.6764     100.00   27.11222  -84.33200    0.00100    0.00033         12  0.000e+00
      47573   1982.167      3.713      3.738    29.0134    29.0225   5.729673   5.730748     3.1453     2.6764     100.00   27.11222  -84.33200    0.00103    0.00028         12  0.000e+00
      47574   1982.208      3.834      3.859    29.0130    29.0226   5.729626   5.730828     3.1453     2.6764     100.00   27.11222  -84.33200    0.00106    0.00022         12  0.000e+00
      47575   1982.250      3.834      3.859    29.0128    29.0223   5.729642   5.730828     3.1453     2.6764     100.00   27.11222  -84.33200    0.00109    0.00016         12  0.000e+00
      47576   1982.292      3.819      3.844    29.0132    29.0221   5.729650   5.730780     3.1441     2.6764     100.00   27.11222  -84.33200    0.00111    0.00010         12  0.000e+00
      47577   1982.333      3.834      3.859    29.0130    29.0223   5.729650   5.730844     3.1441     2.6764     100.00   27.11222  -84.33200    0.00112    0.00003         12  0.000e+00
      47578   1982.375      3.819      3.844    29.0136    29.0232   5.729650   5.730868     3.1453     2.6752     100.00   27.11222  -84.33200    0.00115   -0.00005         12  0.000e+00
      47579   1982.417      3.834      3.859    29.0132    29.0236   5.729650   5.730916     3.1441     2.6752     100.00   27.11222  -84.33200    0.00115   -0.00013         12  0.000e+00
      47580   1982.458      3.894      3.920    29.0124    29.0240   5.729626   5.730987     3.1441     2.6752     100.00   27.11222  -84.33200    0.00114   -0.00021         12  0.000e+00
      47581   1982.500      3.879      3.905    29.0124    29.0243   5.729603   5.731011     3.1441     2.6752     100.00   27.11222  -84.33200    0.00115   -0.00028         12  0.000e+00
      47582   1982.542      3.894      3.920    29.0126    29.0245   5.729603   5.731043     3.1453     2.6740     100.00   27.11222  -84.33200    0.00117   -0.00036         12  0.000e+00
      47583   1982.583      3.932      3.958    29.0124    29.0243   5.729634   5.731019     3.1441     2.6740     100.00   27.11222  -84.33200    0.00117   -0.00045         12  0.000e+00
      47584   1982.625      3.947      3.973    29.0124    29.0245   5.729611   5.731011     3.1441     2.6740     100.00   27.11222  -84.33200    0.00118   -0.00052         12  0.000e+00
      47585   1982.667      3.947      3.973    29.0124    29.0243   5.729603   5.731043     3.1453     2.6740     100.00   27.11222  -84.33200    0.00118   -0.00059         12  0.000e+00
      47586   1982.708      3.993      4.019    29.0128    29.0245   5.729681   5.731059     3.1441     2.6740     100.00   27.11222  -84.33200    0.00118   -0.00065         12  0.000e+00
      47587   1982.750      3.947      3.973    29.0124    29.0241   5.729665   5.731019     3.1453     2.6740     100.00   27.11222  -84.33200    0.00120   -0.00072         12  0.000e+00
      47588   1982.792      4.045      4.072    29.0124    29.0243   5.729611   5.730971     3.1441     2.6740     100.00   27.11222  -84.33200    0.00119   -0.00077         12  0.000e+00
