Gulf of Mexico/GOMECC-4/1db/rb2103_1411.cnv
* Sea-Bird SBE 9 Data File:
* FileName = C:\Users\scs.user.rb\CTD\GOMECC4\data\rb2103_1411.hex
* Software Version Seasave V 7.26.7.107
* Temperature SN = 4799
* Conductivity SN = 3860
* Number of Bytes Per Scan = 41
* Number of Voltage Words = 4
* Number of Scans Averaged by the Deck Unit = 1
* NMEA Latitude = 25 34.46 N
* NMEA Longitude = 084 50.56 W
* NMEA UTC (Time) = Oct 20 2021  15:46:56
* NMEA baud rate = 4800
# nquan = 28
# nvalues = 1973                        
# units = specified
# name 0 = scan: Scan Count
# name 1 = timeS: Time, Elapsed [seconds]
# name 2 = depSM: Depth [salt water, m]
# name 3 = prDM: Pressure, Digiquartz [db]
# name 4 = t090C: Temperature [ITS-90, deg C]
# name 5 = t190C: Temperature, 2 [ITS-90, deg C]
# name 6 = c0S/m: Conductivity [S/m]
# name 7 = c1S/m: Conductivity, 2 [S/m]
# name 8 = sbeox0V: Oxygen raw, SBE 43 [V]
# name 9 = sbeox1V: Oxygen raw, SBE 43, 2 [V]
# name 10 = altM: Altimeter [m]
# name 11 = latitude: Latitude [deg]
# name 12 = longitude: Longitude [deg]
# name 13 = sbox0dV/dT: Oxygen, SBE 43 [dov/dt]
# name 14 = sbox1dV/dT: Oxygen, SBE 43, 2 [dov/dt]
# name 15 = sbeox0ML/L: Oxygen, SBE 43 [ml/l], WS = 5
# name 16 = sbeox1ML/L: Oxygen, SBE 43, 2 [ml/l], WS = 5
# name 17 = potemp090C: Potential Temperature [ITS-90, deg C]
# name 18 = potemp190C: Potential Temperature, 2 [ITS-90, deg C]
# name 19 = sal00: Salinity, Practical [PSU]
# name 20 = sal11: Salinity, Practical, 2 [PSU]
# name 21 = sigma-é00: Density [sigma-theta, kg/m^3]
# name 22 = sigma-é11: Density, 2 [sigma-theta, kg/m^3]
# name 23 = avgsvCM: Average Sound Velocity [Chen-Millero, m/s], minP = 20, minS = 20
# name 24 = sbox0Mm/Kg: Oxygen, SBE 43 [umol/kg], WS = 5
# name 25 = sbox1Mm/Kg: Oxygen, SBE 43, 2 [umol/kg], WS = 5
# name 26 = nbin: number of scans per bin
# name 27 = flag: flag
# span 0 =      12045,     264710       
# span 1 =    501.816,  11029.536       
# span 2 =      1.987,   3327.563       
# span 3 =      2.000,   3376.000       
# span 4 =     4.3111,    28.5287       
# span 5 =     4.3120,    28.5438       
# span 6 =   3.349427,   5.850864       
# span 7 =   3.349362,   5.852043       
# span 8 =     1.6093,     3.1811       
# span 9 =     1.3061,     2.6957       
# span 10 =       2.02,     105.32      
# span 11 =   25.51710,   25.67780      
# span 12 =  -85.18789,  -84.65435      
# span 13 =   -0.03559,    0.01915      
# span 14 =   -0.03438,    0.01703      
# span 15 =     2.5148,     4.7052      
# span 16 =     2.5187,     4.7141      
# span 17 =     4.0814,    28.5206      
# span 18 =     4.0828,    28.5356      
# span 19 =    34.9003,    36.7261      
# span 20 =    34.8985,    36.7276      
# span 21 =    22.8855,    27.7599      
# span 22 =    22.8849,    27.7582      
# span 23 =       0.00,    1542.98      
# span 24 =    109.380,    204.460      
# span 25 =    109.548,    204.848      
# span 26 =         30,         70      
# span 27 = 0.0000e+00, 0.0000e+00      
# interval = decibars: 1                
# start_time = Oct 20 2021 15:46:56 [NMEA time, header]
# bad_flag = -9.990e-29
*END*
[from data line 52]
      15455    643.922     64.569     65.000    24.9529    24.9564   5.522805   5.523318     2.8376     2.3967     100.00   25.57378  -84.84238   -0.00594   -0.00425     4.1156     4.1032    24.9386    24.9422    36.6232    36.6242    24.5874    24.5870    1541.77    179.392    178.853         40 0.0000e+00
      15498    645.700     65.562     66.000    24.9051    24.9132   5.520010   5.520774     2.8463     2.4069     100.00   25.57378  -84.84238    0.00009   -0.00015     4.1363     4.1283    24.8907    24.8988    36.6408    36.6399    24.6153    24.6121    1541.70    180.291    179.941         41 0.0000e+00
      15536    647.303     66.556     67.000    24.7595    24.7817   5.507037   5.509410     2.8586     2.4201     100.00   25.57378  -84.84238    0.00537    0.00626     4.1712     4.1661    24.7450    24.7671    36.6617    36.6615    24.6755    24.6686    1541.63    181.801    181.579         37 0.0000e+00
      15570    648.706     67.549     68.000    24.5961    24.5973   5.489454   5.489817     2.8523     2.4108     100.00   25.57378  -84.84238    0.00504    0.00496     4.1720     4.1596    24.5814    24.5826    36.6626    36.6643    24.7258    24.7268    1541.55    181.825    181.284         30 0.0000e+00
      15643    651.736     70.528     71.000    24.2213    24.2287   5.446146   5.447199     2.7103     2.2765      99.87   25.53966  -84.72918   -0.03559   -0.03438     3.9219     3.8947    24.2061    24.2135    36.6208    36.6228    24.8016    24.8008    1539.25    170.909    169.721         46 0.0000e+00
      15719    654.917     71.522     72.000    24.0819    24.0949   5.433588   5.435211     2.6723     2.2509     100.00   25.57378  -84.84239   -0.03020   -0.02352     3.8582     3.8494    24.0666    24.0796    36.6600    36.6617    24.8788    24.8762    1541.24    168.124    167.740         48 0.0000e+00
      15842    660.039     75.494     76.000    23.6580    23.6603   5.388914   5.389400     2.6445     2.2277      90.04   25.57551  -84.84817   -0.00559   -0.00486     3.8349     3.8292    23.6420    23.6443    36.6685    36.6703    25.0117    25.0125    1540.98    167.086    166.838         45 0.0000e+00
      15969    665.330     79.467     80.000    22.8624    22.8785   5.292528   5.294980     2.5833     2.1770     100.00   25.57284  -84.83930   -0.01364   -0.01185     3.7723     3.7727    22.8460    22.8621    36.5824    36.5881    25.1788    25.1784    1540.43    164.334    164.350         36 0.0000e+00
      16006    666.870     80.460     81.000    22.6034    22.6211   5.257767   5.260558     2.5902     2.1872     100.00   25.57376  -84.84240   -0.00205    0.00172     3.8071     3.8144    22.5870    22.6047    36.5279    36.5349    25.2121    25.2124    1540.38    165.845    166.163         40 0.0000e+00
      16058    669.028     81.453     82.000    22.2646    22.2859   5.213035   5.215991     2.6030     2.1969     100.00   25.57376  -84.84240    0.00549    0.00554     3.8592     3.8610    22.2482    22.2694    36.4605    36.4660    25.2578    25.2559    1540.27    168.106    168.185         53 0.0000e+00
      16169    673.667     85.425     86.000    21.5667    21.5861   5.133649   5.134269     2.5550     2.1562      99.97   25.56606  -84.81684   -0.01171   -0.00947     3.8140     3.8197    21.5498    21.5694    36.4142    36.4045    25.4179    25.4057    1539.27    166.110    166.361         35 0.0000e+00
      16362    681.723     90.391     91.000    21.3736    21.4086   5.119986   5.122133     2.4259     2.0438      99.75   25.58844  -84.89111   -0.02181   -0.02107     3.5703     3.5764    21.3558    21.3909    36.4596    36.4665    25.5093    25.5052    1540.03    155.485    155.751         33 0.0000e+00
      16473    686.343     94.364     95.000    21.2888    21.2886   5.128544   5.128525     2.3527     1.9702      89.09   25.57256  -84.83841   -0.01352   -0.01805     3.4117     3.4125    21.2703    21.2701    36.6102    36.6102    25.6457    25.6457    1538.59    148.557    148.592         33 0.0000e+00
      16541    689.160     95.357     96.000    21.3244    21.3210   5.138390   5.137817     2.3329     1.9554     100.48   25.57376  -84.84240   -0.00893   -0.00713     3.3674     3.3761    21.3057    21.3023    36.6591    36.6574    25.6734    25.6729    1538.55    146.626    147.004         37 0.0000e+00
      16618    692.395     98.336     99.000    21.1022    21.1049   5.115687   5.116121     2.3141     1.9390      99.98   25.56834  -84.82443   -0.00516   -0.00434     3.3433     3.3520    21.0831    21.0858    36.6666    36.6679    25.7402    25.7404    1537.92    145.566    145.942         35 0.0000e+00
      16661    694.176     99.329    100.000    21.0325    21.0372   5.108738   5.109479     2.3053     1.9296     100.00   25.57376  -84.84240   -0.00614   -0.00605     3.3300     3.3354    21.0132    21.0179    36.6691    36.6711    25.7616    25.7618    1538.14    144.982    145.216         44 0.0000e+00
      16703    695.919    100.322    101.000    20.9979    20.9996   5.105105   5.105470     2.2990     1.9229     100.00   25.57376  -84.84240   -0.00504   -0.00533     3.3194     3.3226    20.9784    20.9801    36.6692    36.6707    25.7712    25.7719    1538.04    144.521    144.660         36 0.0000e+00
      16775    698.897    103.301    104.000    20.9552    20.9570   5.098169   5.098554     2.2903     1.9170      99.91   25.55016  -84.76409   -0.00176   -0.00112     3.3053     3.3126    20.9351    20.9370    36.6363    36.6375    25.7547    25.7551    1536.30    143.906    144.223         45 0.0000e+00
      16838    701.524    104.294    105.000    20.9075    20.9142   5.095760   5.096585     2.2879     1.9149     100.00   25.57376  -84.84240   -0.00192   -0.00147     3.3034     3.3107    20.8873    20.8940    36.6700    36.6709    25.7968    25.7957    1537.64    143.821    144.136         42 0.0000e+00
      16892    703.792    106.280    107.000    20.7898    20.7957   5.089499   5.090083     2.2810     1.9080      99.97   25.56618  -84.81724   -0.00246   -0.00246     3.2960     3.3016    20.7693    20.7751    36.7148    36.7155    25.8621    25.8610    1537.00    143.488    143.730         31 0.0000e+00
      16934    705.530    107.273    108.000    20.7084    20.7121   5.081638   5.082217     2.2783     1.9057     100.00   25.57376  -84.84240   -0.00235   -0.00227     3.2962     3.3018    20.6878    20.6915    36.7261    36.7276    25.8939    25.8941    1537.35    143.493    143.735         43 0.0000e+00
      16973    707.161    108.266    109.000    20.5993    20.6037   5.068117   5.068806     2.2737     1.9022     100.00   25.57376  -84.84240   -0.00250   -0.00189     3.2941     3.3008    20.5785    20.5829    36.7101    36.7119    25.9114    25.9116    1537.26    143.399    143.692         31 0.0000e+00
      17075    711.428    111.245    112.000    20.4597    20.4630   5.053304   5.053799     2.2643     1.8926     100.03   25.58394  -84.87617   -0.00272   -0.00287     3.2845     3.2885    20.4385    20.4418    36.7143    36.7155    25.9539    25.9539    1537.59    142.974    143.149         58 0.0000e+00
      17159    714.896    114.224    115.000    20.2293    20.2320   5.026745   5.027201     2.2533     1.8829      88.41   25.56630  -84.81766   -0.00228   -0.00187     3.2774     3.2809    20.2077    20.2103    36.6867    36.6882    25.9926    25.9929    1536.24    142.659    142.812         30 0.0000e+00
      17200    716.613    115.217    116.000    20.1619    20.1669   5.019660   5.020424     2.2495     1.8789      99.60   25.57376  -84.84240   -0.00314   -0.00331     3.2740     3.2759    20.1402    20.1452    36.6906    36.6925    26.0146    26.0147    1536.59    142.511    142.593         45 0.0000e+00
      17245    718.503    116.210    117.000    20.0630    20.0697   5.007454   5.008449     2.2435     1.8745     100.00   25.57376  -84.84240   -0.00293   -0.00269     3.2682     3.2722    20.0411    20.0478    36.6760    36.6784    26.0299    26.0299    1536.50    142.257    142.427         38 0.0000e+00
      17343    722.577    119.189    120.000    19.9166    19.9195   4.990144   4.990525     2.1945     1.8284     100.00   25.57502  -84.84657   -0.01318   -0.01268     3.1736     3.1740    19.8943    19.8972    36.6590    36.6601    26.0560    26.0561    1536.29    138.135    138.153         57 0.0000e+00
      17463    727.596    123.160    124.000    19.9047    19.9063   4.990211   4.990476     2.2207     1.8604      99.96   25.56393  -84.80979    0.00701    0.00755     3.2322     3.2516    19.8816    19.8832    36.6643    36.6651    26.0621    26.0623    1535.26    140.681    141.526         53 0.0000e+00
      17519    729.896    124.153    125.000    19.8841    19.8864   4.989230   4.989613     2.2410     1.8784     100.00   25.57376  -84.84239    0.00952    0.00876     3.2775     3.2959    19.8609    19.8631    36.6788    36.6800    26.0799    26.0802    1535.77    142.651    143.453         39 0.0000e+00
      17628    734.468    128.125    129.000    19.4526    19.4552   4.935233   4.935635     2.2020     1.8335      99.95   25.56176  -84.80257   -0.01206   -0.01367     3.2238     3.2179    19.4290    19.4316    36.6036    36.6056    26.1353    26.1362    1534.69    140.307    140.051         44 0.0000e+00
      17683    736.737    129.118    130.000    19.4289    19.4315   4.933200   4.933630     2.1879     1.8225     100.00   25.57376  -84.84238   -0.01420   -0.01314     3.1951     3.1937    19.4051    19.4078    36.6104    36.6116    26.1475    26.1478    1535.33    139.058    138.998         44 0.0000e+00
      17719    738.237    130.111    131.000    19.3879    19.3905   4.928414   4.928822     2.1834     1.8205     100.00   25.57376  -84.84238   -0.00555   -0.00375     3.1884     3.1919    19.3640    19.3666    36.6060    36.6071    26.1549    26.1551    1535.24    138.762    138.918         32 0.0000e+00
      17750    739.548    131.104    132.000    19.3189    19.3247   4.920117   4.920956     2.1803     1.8185     100.00   25.57376  -84.84238   -0.00328   -0.00174     3.1866     3.1916    19.2949    19.3007    36.5970    36.5989    26.1661    26.1660    1535.15    138.683    138.903         30 0.0000e+00
      17834    743.026    134.082    135.000    19.0415    19.0439   4.886282   4.886707     2.1745     1.8135      99.03   25.56267  -84.80560   -0.00101   -0.00072     3.1934     3.1985    19.0172    19.0196    36.5510    36.5525    26.2014    26.2020    1534.21    138.975    139.195         47 0.0000e+00
      17895    745.566    135.075    136.000    19.0021    19.0058   4.882958   4.883533     2.1702     1.8109     100.09   25.57376  -84.84238   -0.00265   -0.00228     3.1871     3.1955    18.9790    18.9817    36.5616    36.5631    26.2207    26.2209    1534.79    138.699    139.065         33 0.0000e+00
      17962    748.356    138.054    139.000    18.8554    18.8564   4.863417   4.863656     2.1553     1.7961      89.76   25.55601  -84.78351   -0.00370   -0.00375     3.1654     3.1697    18.8305    18.8315    36.5180    36.5191    26.2234    26.2240    1533.45    137.752    137.941         49 0.0000e+00
      18022    750.891    139.047    140.000    18.8562    18.8585   4.865530   4.865896     2.1519     1.7942      99.62   25.57375  -84.84238   -0.00413   -0.00338     3.1578     3.1654    18.8312    18.8334    36.5432    36.5443    26.2446    26.2449    1534.44    137.420    137.752         41 0.0000e+00
      18055    752.231    140.040    141.000    18.8294    18.8310   4.862394   4.862690     2.1515     1.7949     100.00   25.57376  -84.84238   -0.00202   -0.00114     3.1591     3.1693    18.8042    18.8058    36.5400    36.5411    26.2491    26.2495    1534.35    137.477    137.919         30 0.0000e+00
      18086    753.521    141.033    142.000    18.7692    18.7734   4.854967   4.855639     2.1502     1.7946     100.00   25.57376  -84.84238   -0.00086   -0.00004     3.1615     3.1740    18.7439    18.7481    36.5302    36.5321    26.2570    26.2574    1534.27    137.580    138.123         32 0.0000e+00
      18119    754.899    142.025    143.000    18.5409    18.5450   4.826860   4.827366     2.1381     1.7777      99.21   25.57376  -84.84238   -0.00240   -0.00222     3.1496     3.1467    18.5156    18.5199    36.4938    36.4955    26.2872    26.2878    1534.18    137.059    136.931         33 0.0000e+00
      18204    758.473    145.004    146.000    18.4336    18.4347   4.815147   4.815410     2.1156     1.7634      99.95   25.56158  -84.80203   -0.00659   -0.00514     3.1076     3.1193    18.4079    18.4090    36.4825    36.4834    26.3044    26.3048    1533.17    135.226    135.738         43 0.0000e+00
      18263    760.903    145.997    147.000    18.4274    18.4290   4.816322   4.816602     2.1575     1.8076      63.44   25.57374  -84.84238    0.01116    0.01386     3.2015     3.2279    18.4016    18.4032    36.5033    36.5043    26.3233    26.3237    1533.82    139.312    140.459         50 0.0000e+00
      18378    765.703    149.968    151.000    18.2467    18.2490   4.793981   4.794376     2.1920     1.8322      99.97   25.56730  -84.82100    0.00479    0.00290     3.2926     3.3014    18.2203    18.2226    36.4689    36.4702    26.3419    26.3423    1533.08    143.271    143.656         50 0.0000e+00
      18429    767.831    150.961    152.000    18.1787    18.1808   4.786192   4.786577     2.1871     1.8270     100.00   25.57374  -84.84238   -0.00033   -0.00168     3.2868     3.2937    18.1522    18.1543    36.4654    36.4669    26.3570    26.3576    1533.39    143.019    143.321         39 0.0000e+00
      18518    771.537    153.939    155.000    18.0577    18.0573   4.770445   4.770469     2.1572     1.8002      99.99   25.57011  -84.83035   -0.00799   -0.00780     3.2299     3.2373    18.0308    18.0304    36.4355    36.4361    26.3640    26.3645    1532.92    140.541    140.865         36 0.0000e+00
      18555    773.086    154.932    156.000    18.0153    18.0129   4.765643   4.765463     2.1563     1.7992     100.00   25.57374  -84.84238   -0.00573   -0.00470     3.2307     3.2381    17.9883    17.9859    36.4333    36.4340    26.3733    26.3744    1533.05    140.577    140.899         32 0.0000e+00
      18617    775.653    156.917    158.000    17.8725    17.8747   4.747699   4.748069     2.1511     1.7966      99.96   25.56433  -84.81116   -0.00121   -0.00039     3.2298     3.2416    17.8453    17.8475    36.4015    36.4027    26.3833    26.3837    1532.31    140.536    141.046         50 0.0000e+00
      18669    777.833    157.910    159.000    17.8157    17.8207   4.741894   4.742615     2.1470     1.7924      93.35   25.57374  -84.84238   -0.00251   -0.00204     3.2248     3.2351    17.7883    17.7934    36.4061    36.4078    26.4020    26.4021    1532.79    140.316    140.764         34 0.0000e+00
      18757    781.497    160.888    162.000    17.6198    17.6217   4.718177   4.718512     2.1300     1.7739      99.99   25.57226  -84.83746   -0.00428   -0.00474     3.2011     3.2035    17.5922    17.5941    36.3748    36.3760    26.4261    26.4266    1532.45    139.281    139.384         49 0.0000e+00
      18800    783.287    161.881    163.000    17.5809    17.5825   4.713617   4.713909     2.1190     1.7634     100.00   25.57374  -84.84238   -0.00598   -0.00651     3.1791     3.1803    17.5531    17.5548    36.3703    36.3714    26.4324    26.4328    1532.46    138.321    138.372         32 0.0000e+00
      18829    784.519    162.874    164.000    17.5596    17.5610   4.711172   4.711428     2.1081     1.7531     100.00   25.57374  -84.84237   -0.00682   -0.00665     3.1562     3.1565    17.5317    17.5331    36.3678    36.3687    26.4357    26.4361    1532.37    137.324    137.340         31 0.0000e+00
