Gulf of Mexico/GOMECC-4/1db/rb2103_0111.ros
* Sea-Bird SBE 9 Data File:
* FileName = C:\Users\scs.user.rb\CTD\GOMECC4\data\rb2103_0111.hex
* Software Version Seasave V 7.26.7.107
* Temperature SN = 4799
* Conductivity SN = 3860
* Number of Bytes Per Scan = 41
* Number of Voltage Words = 4
* Number of Scans Averaged by the Deck Unit = 1
* NMEA Latitude = 26 26.63 N
* NMEA Longitude = 085 20.00 W
* NMEA UTC (Time) = Sep 18 2021  04:11:12
* NMEA baud rate = 4800
# nquan = 17
# nvalues = 3192                                  
# units = specified
# name 0 = scan: Scan Count
# name 1 = timeS: Time, Elapsed [seconds]
# name 2 = depSM: Depth [salt water, m]
# name 3 = prDM: Pressure, Digiquartz [db]
# name 4 = t090C: Temperature [ITS-90, deg C]
# name 5 = t190C: Temperature, 2 [ITS-90, deg C]
# name 6 = c0S/m: Conductivity [S/m]
# name 7 = c1S/m: Conductivity, 2 [S/m]
# name 8 = sbeox0V: Oxygen raw, SBE 43 [V]
# name 9 = sbeox1V: Oxygen raw, SBE 43, 2 [V]
# name 10 = altM: Altimeter [m]
# name 11 = latitude: Latitude [deg]
# name 12 = longitude: Longitude [deg]
# name 13 = sbox0dV/dT: Oxygen, SBE 43 [dov/dt]
# name 14 = sbox1dV/dT: Oxygen, SBE 43, 2 [dov/dt]
# name 15 = nbf: Bottles Fired
# name 16 = flag:  0.000e+00
# interval = seconds: 0.0416667
# start_time = Sep 18 2021 04:11:12 [NMEA time, header]
# bad_flag = -9.990e-29
*END*
[from data line 937]
     161366   6723.542   1482.623   1497.739     4.3427     4.3432   3.349157   3.349104     1.9292     1.6129     100.00   26.44364  -85.33202   -0.00009    0.00012          8  0.000e+00
     161367   6723.583   1482.647   1497.762     4.3427     4.3433   3.349151   3.349092     1.9292     1.6129     100.00   26.44364  -85.33202   -0.00009    0.00013          8  0.000e+00
     161368   6723.625   1482.647   1497.762     4.3428     4.3433   3.349170   3.349085     1.9292     1.6129     100.00   26.44364  -85.33202   -0.00011    0.00012          8  0.000e+00
     161369   6723.667   1482.585   1497.700     4.3425     4.3433   3.349157   3.349085     1.9292     1.6129     100.00   26.44364  -85.33202   -0.00011    0.00011          8  0.000e+00
     161370   6723.708   1482.585   1497.700     4.3426     4.3432   3.349170   3.349060     1.9304     1.6129     100.00   26.44364  -85.33202   -0.00010    0.00010          8  0.000e+00
     161371   6723.750   1482.585   1497.700     4.3427     4.3432   3.349157   3.349092     1.9304     1.6129     100.00   26.44364  -85.33202   -0.00010    0.00010          8  0.000e+00
     161372   6723.792   1482.585   1497.700     4.3427     4.3432   3.349151   3.349092     1.9292     1.6129     100.00   26.44364  -85.33202   -0.00012    0.00011          8  0.000e+00
     161373   6723.833   1482.562   1497.676     4.3428     4.3430   3.349151   3.349085     1.9292     1.6129     100.00   26.44364  -85.33202   -0.00014    0.00012          8  0.000e+00
     161374   6723.875   1482.585   1497.700     4.3426     4.3432   3.349151   3.349085     1.9292     1.6129     100.00   26.44364  -85.33202   -0.00016    0.00013          8  0.000e+00
     161375   6723.917   1482.470   1497.583     4.3425     4.3432   3.349151   3.349060     1.9292     1.6129     100.00   26.44364  -85.33202   -0.00014    0.00013          8  0.000e+00
     161376   6723.958   1482.524   1497.637     4.3425     4.3432   3.349170   3.349092     1.9292     1.6129     100.00   26.44364  -85.33202   -0.00014    0.00014          8  0.000e+00
     161377   6724.000   1482.524   1497.638     4.3427     4.3432   3.349157   3.349111     1.9292     1.6117     100.00   26.44364  -85.33202   -0.00014    0.00011          8  0.000e+00
     161378   6724.042   1482.524   1497.638     4.3427     4.3433   3.349151   3.349092     1.9304     1.6129     100.00   26.44364  -85.33202   -0.00012    0.00010          8  0.000e+00
     161379   6724.083   1482.447   1497.560     4.3426     4.3433   3.349151   3.349085     1.9292     1.6129     100.00   26.44364  -85.33202   -0.00012    0.00011          8  0.000e+00
     161380   6724.125   1482.470   1497.583     4.3428     4.3432   3.349195   3.349060     1.9292     1.6129     100.00   26.44364  -85.33202   -0.00012    0.00012          8  0.000e+00
     161381   6724.167   1482.470   1497.583     4.3427     4.3432   3.349163   3.349092     1.9304     1.6129     100.00   26.44364  -85.33202   -0.00010    0.00012          8  0.000e+00
     161382   6724.208   1482.470   1497.583     4.3427     4.3435   3.349170   3.349092     1.9304     1.6129     100.00   26.44364  -85.33202   -0.00009    0.00013          8  0.000e+00
     161383   6724.250   1482.408   1497.521     4.3429     4.3433   3.349182   3.349085     1.9292     1.6129     100.00   26.44364  -85.33202   -0.00009    0.00014          8  0.000e+00
     161384   6724.292   1482.409   1497.521     4.3427     4.3434   3.349132   3.349124     1.9304     1.6129     100.00   26.44364  -85.33202   -0.00007    0.00014          8  0.000e+00
     161385   6724.333   1482.409   1497.521     4.3428     4.3433   3.349182   3.349072     1.9292     1.6129     100.00   26.44364  -85.33202   -0.00009    0.00015          8  0.000e+00
     161386   6724.375   1482.393   1497.505     4.3427     4.3432   3.349163   3.349092     1.9292     1.6129     100.00   26.44364  -85.33202   -0.00008    0.00016          8  0.000e+00
     161387   6724.417   1482.409   1497.521     4.3425     4.3433   3.349170   3.349111     1.9304     1.6129     100.00   26.44364  -85.33202   -0.00008    0.00017          8  0.000e+00
     161388   6724.458   1482.355   1497.466     4.3428     4.3433   3.349132   3.349040     1.9304     1.6129     100.00   26.44364  -85.33202   -0.00006    0.00017          8  0.000e+00
     161389   6724.500   1482.355   1497.466     4.3427     4.3432   3.349138   3.349085     1.9304     1.6129     100.00   26.44364  -85.33202   -0.00004    0.00016          8  0.000e+00
     161390   6724.542   1482.355   1497.466     4.3428     4.3433   3.349151   3.349092     1.9304     1.6129     100.00   26.44364  -85.33202   -0.00004    0.00015          8  0.000e+00
     161391   6724.583   1482.293   1497.404     4.3428     4.3433   3.349151   3.349104     1.9292     1.6129     100.00   26.44364  -85.33202   -0.00006    0.00016          8  0.000e+00
     161392   6724.625   1482.332   1497.443     4.3426     4.3432   3.349188   3.349092     1.9292     1.6129     100.00   26.44364  -85.33202   -0.00007    0.00016          8  0.000e+00
     161393   6724.667   1482.293   1497.404     4.3427     4.3432   3.349163   3.349085     1.9292     1.6129     100.00   26.44364  -85.33202   -0.00009    0.00017          8  0.000e+00
     161394   6724.708   1482.293   1497.404     4.3428     4.3433   3.349170   3.349104     1.9292     1.6129     100.00   26.44364  -85.33202   -0.00010    0.00016          8  0.000e+00
     161395   6724.750   1482.240   1497.349     4.3427     4.3433   3.349157   3.349092     1.9292     1.6129     100.00   26.44364  -85.33202   -0.00010    0.00015          8  0.000e+00
     161396   6724.792   1482.293   1497.404     4.3427     4.3433   3.349151   3.349085     1.9292     1.6129     100.00   26.44364  -85.33202   -0.00010    0.00015          8  0.000e+00
     161397   6724.833   1482.240   1497.349     4.3428     4.3433   3.349169   3.349060     1.9292     1.6129     100.00   26.44364  -85.33202   -0.00010    0.00016          8  0.000e+00
     161398   6724.875   1482.270   1497.381     4.3430     4.3435   3.349132   3.349072     1.9304     1.6129     100.00   26.44364  -85.33202   -0.00008    0.00016          8  0.000e+00
     161399   6724.917   1482.240   1497.350     4.3428     4.3433   3.349163   3.349085     1.9304     1.6129     100.00   26.44364  -85.33202   -0.00006    0.00015          8  0.000e+00
     161400   6724.958   1482.178   1497.287     4.3427     4.3433   3.349157   3.349085     1.9304     1.6129     100.00   26.44364  -85.33202   -0.00004    0.00014          8  0.000e+00
     161401   6725.000   1482.240   1497.350     4.3428     4.3433   3.349151   3.349085     1.9304     1.6129     100.00   26.44364  -85.33202   -0.00002    0.00014          8  0.000e+00
     161402   6725.042   1482.178   1497.287     4.3428     4.3435   3.349169   3.349104     1.9304     1.6129     100.00   26.44364  -85.33202    0.00000    0.00013          8  0.000e+00
     161403   6725.083   1482.178   1497.287     4.3428     4.3435   3.349132   3.349091     1.9304     1.6129     100.00   26.44364  -85.33202    0.00002    0.00012          8  0.000e+00
     161404   6725.125   1482.217   1497.326     4.3427     4.3433   3.349182   3.349085     1.9304     1.6129     100.00   26.44364  -85.33202    0.00003    0.00010          8  0.000e+00
     161405   6725.167   1482.178   1497.287     4.3428     4.3435   3.349138   3.349060     1.9304     1.6129     100.00   26.44364  -85.33202    0.00003    0.00011          8  0.000e+00
     161406   6725.208   1482.178   1497.287     4.3426     4.3435   3.349119   3.349072     1.9304     1.6129     100.00   26.44364  -85.33202    0.00005    0.00011          8  0.000e+00
     161407   6725.250   1482.117   1497.225     4.3430     4.3435   3.349163   3.349085     1.9292     1.6129     100.00   26.44364  -85.33202    0.00003    0.00010          8  0.000e+00
     161408   6725.292   1482.178   1497.287     4.3430     4.3435   3.349182   3.349104     1.9292     1.6129     100.00   26.44364  -85.33202    0.00002    0.00008          8  0.000e+00
     161409   6725.333   1482.117   1497.225     4.3427     4.3433   3.349182   3.349040     1.9304     1.6129     100.00   26.44364  -85.33202    0.00002    0.00009          8  0.000e+00
     161410   6725.375   1482.117   1497.225     4.3428     4.3433   3.349182   3.349066     1.9304     1.6129     100.00   26.44364  -85.33202    0.00004    0.00009          8  0.000e+00
     161411   6725.417   1482.155   1497.264     4.3427     4.3434   3.349182   3.349085     1.9292     1.6129     100.00   26.44364  -85.33202    0.00002    0.00008          8  0.000e+00
     161412   6725.458   1482.117   1497.225     4.3428     4.3433   3.349157   3.349085     1.9292     1.6129     100.00   26.44364  -85.33202    0.00001    0.00006          8  0.000e+00
     161413   6725.500   1482.117   1497.225     4.3428     4.3435   3.349151   3.349060     1.9292     1.6129     100.00   26.44364  -85.33202   -0.00001    0.00005          8  0.000e+00
     161414   6725.542   1482.117   1497.225     4.3427     4.3435   3.349151   3.349091     1.9292     1.6129     100.00   26.44364  -85.33202   -0.00002    0.00005          8  0.000e+00
     161415   6725.583   1482.117   1497.225     4.3426     4.3435   3.349151   3.349111     1.9292     1.6129     100.00   26.44364  -85.33202   -0.00004    0.00005          8  0.000e+00
     161416   6725.625   1482.117   1497.225     4.3430     4.3435   3.349151   3.349111     1.9292     1.6129     100.00   26.44364  -85.33202   -0.00004    0.00005          8  0.000e+00
     161417   6725.667   1482.102   1497.210     4.3423     4.3435   3.349151   3.349117     1.9292     1.6129     100.00   26.44364  -85.33202   -0.00004    0.00005          8  0.000e+00
     161418   6725.708   1482.117   1497.225     4.3428     4.3432   3.349195   3.349111     1.9292     1.6129     100.00   26.44364  -85.33202   -0.00001    0.00006          8  0.000e+00
     161419   6725.750   1482.117   1497.225     4.3426     4.3433   3.349163   3.349091     1.9304     1.6129     100.00   26.44364  -85.33202    0.00001    0.00006          8  0.000e+00
     161420   6725.792   1482.117   1497.225     4.3427     4.3432   3.349125   3.349085     1.9292     1.6129     100.00   26.44364  -85.33202    0.00001    0.00006          8  0.000e+00
     161421   6725.833   1482.117   1497.226     4.3427     4.3436   3.349138   3.349060     1.9304     1.6129     100.00   26.44364  -85.33202    0.00001    0.00006          8  0.000e+00
     161422   6725.875   1482.063   1497.171     4.3427     4.3433   3.349169   3.349053     1.9304     1.6129     100.00   26.44364  -85.33202    0.00003    0.00006          8  0.000e+00
     161423   6725.917   1482.156   1497.265     4.3425     4.3432   3.349132   3.349072     1.9304     1.6129     100.00   26.44364  -85.33202    0.00005    0.00007          8  0.000e+00
     161424   6725.958   1482.117   1497.226     4.3425     4.3432   3.349138   3.349085     1.9304     1.6129     100.00   26.44364  -85.33202    0.00007    0.00007          8  0.000e+00
     161425   6726.000   1482.117   1497.226     4.3427     4.3434   3.349151   3.349060     1.9304     1.6129     100.00   26.44364  -85.33202    0.00008    0.00007          8  0.000e+00
     161426   6726.042   1482.117   1497.226     4.3427     4.3435   3.349151   3.349072     1.9304     1.6129     100.00   26.44364  -85.33202    0.00008    0.00007          8  0.000e+00
     161427   6726.083   1482.118   1497.226     4.3428     4.3433   3.349100   3.349060     1.9304     1.6129     100.00   26.44364  -85.33202    0.00010    0.00007          8  0.000e+00
     161428   6726.125   1482.118   1497.226     4.3426     4.3435   3.349132   3.349072     1.9292     1.6129     100.00   26.44364  -85.33202    0.00010    0.00008          8  0.000e+00
     161429   6726.167   1482.156   1497.265     4.3427     4.3432   3.349151   3.349104     1.9304     1.6129     100.00   26.44364  -85.33202    0.00011    0.00008          8  0.000e+00
     161430   6726.208   1482.179   1497.288     4.3428     4.3435   3.349151   3.349091     1.9292     1.6129     100.00   26.44364  -85.33202    0.00009    0.00006          8  0.000e+00
     161431   6726.250   1482.118   1497.226     4.3427     4.3433   3.349151   3.349060     1.9292     1.6129     100.00   26.44364  -85.33202    0.00008    0.00007          8  0.000e+00
     161432   6726.292   1482.118   1497.226     4.3423     4.3432   3.349151   3.349072     1.9292     1.6129     100.00   26.44364  -85.33202    0.00006    0.00007          8  0.000e+00
     161433   6726.333   1482.241   1497.351     4.3425     4.3432   3.349125   3.349085     1.9292     1.6129     100.00   26.44364  -85.33202    0.00005    0.00007          8  0.000e+00
     161434   6726.375   1482.179   1497.288     4.3427     4.3430   3.349163   3.349060     1.9304     1.6129     100.00   26.44364  -85.33202    0.00007    0.00005          8  0.000e+00
     161435   6726.417   1482.156   1497.265     4.3423     4.3433   3.349157   3.349091     1.9292     1.6129     100.00   26.44364  -85.33202    0.00005    0.00005          8  0.000e+00
     161436   6726.458   1482.179   1497.289     4.3423     4.3432   3.349151   3.349091     1.9292     1.6129     100.00   26.44364  -85.33202    0.00003    0.00004          8  0.000e+00
     161437   6726.500   1482.241   1497.351     4.3425     4.3432   3.349151   3.349085     1.9292     1.6129      82.91   26.44364  -85.33202    0.00002    0.00002          8  0.000e+00
     161438   6726.542   1482.241   1497.351     4.3427     4.3432   3.349169   3.349085     1.9292     1.6129      42.86   26.44364  -85.33202    0.00002    0.00000          8  0.000e+00
     161439   6726.583   1482.241   1497.351     4.3427     4.3433   3.349157   3.349060     1.9292     1.6129      28.99   26.44364  -85.33202    0.00001    0.00000          8  0.000e+00
     161440   6726.625   1482.241   1497.351     4.3425     4.3430   3.349151   3.349072     1.9292     1.6129      29.38   26.44364  -85.33202    0.00001    0.00000          8  0.000e+00
     161441   6726.667   1482.157   1497.265     4.3425     4.3432   3.349169   3.349060     1.9304     1.6129      31.31   26.44364  -85.33202    0.00003    0.00001          8  0.000e+00
     161442   6726.708   1482.357   1497.468     4.3426     4.3433   3.349182   3.349053     1.9304     1.6129      31.97   26.44364  -85.33202    0.00003    0.00001          8  0.000e+00
     161443   6726.750   1482.241   1497.351     4.3425     4.3430   3.349157   3.349053     1.9304     1.6129      31.92   26.44364  -85.33202    0.00005    0.00001          8  0.000e+00
     161444   6726.792   1482.295   1497.406     4.3425     4.3432   3.349151   3.349072     1.9304     1.6129      31.84   26.44364  -85.33202    0.00006    0.00001          8  0.000e+00
     161445   6726.833   1482.357   1497.468     4.3425     4.3432   3.349151   3.349104     1.9304     1.6129      31.79   26.44364  -85.33202    0.00006    0.00001          8  0.000e+00
     161446   6726.875   1482.295   1497.406     4.3425     4.3430   3.349151   3.349066     1.9304     1.6129      31.79   26.44364  -85.33202    0.00008    0.00001          8  0.000e+00
     161447   6726.917   1482.357   1497.468     4.3425     4.3430   3.349151   3.349072     1.9292     1.6129      31.79   26.44364  -85.33202    0.00008    0.00001          8  0.000e+00
     161448   6726.958   1482.334   1497.445     4.3425     4.3430   3.349170   3.349085     1.9304     1.6129      31.82   26.44364  -85.33202    0.00008    0.00001          8  0.000e+00
     161449   6727.000   1482.357   1497.469     4.3422     4.3430   3.349182   3.349104     1.9292     1.6129      31.82   26.44364  -85.33202    0.00007    0.00001          8  0.000e+00
