Gulf of Mexico/GOMECC-4/1db/rb2103_0691.ros
* Sea-Bird SBE 9 Data File:
* FileName = C:\Users\scs.user.rb\CTD\GOMECC4\data\rb2103_0691.hex
* Software Version Seasave V 7.26.7.107
* Temperature SN = 4799
* Conductivity SN = 3860
* Number of Bytes Per Scan = 41
* Number of Voltage Words = 4
* Number of Scans Averaged by the Deck Unit = 1
* NMEA Latitude = 26 03.53 N
* NMEA Longitude = 095 07.24 W
* NMEA UTC (Time) = Oct 03 2021  11:22:54
* NMEA baud rate = 4800
# nquan = 17
# nvalues = 2926                                  
# units = specified
# name 0 = scan: Scan Count
# name 1 = timeS: Time, Elapsed [seconds]
# name 2 = depSM: Depth [salt water, m]
# name 3 = prDM: Pressure, Digiquartz [db]
# name 4 = t090C: Temperature [ITS-90, deg C]
# name 5 = t190C: Temperature, 2 [ITS-90, deg C]
# name 6 = c0S/m: Conductivity [S/m]
# name 7 = c1S/m: Conductivity, 2 [S/m]
# name 8 = sbeox0V: Oxygen raw, SBE 43 [V]
# name 9 = sbeox1V: Oxygen raw, SBE 43, 2 [V]
# name 10 = altM: Altimeter [m]
# name 11 = latitude: Latitude [deg]
# name 12 = longitude: Longitude [deg]
# name 13 = sbox0dV/dT: Oxygen, SBE 43 [dov/dt]
# name 14 = sbox1dV/dT: Oxygen, SBE 43, 2 [dov/dt]
# name 15 = nbf: Bottles Fired
# name 16 = flag:  0.000e+00
# interval = seconds: 0.0416667
# start_time = Oct 03 2021 11:22:54 [NMEA time, header]
# bad_flag = -9.990e-29
*END*
[from data line 1958]
     132509   5521.167    149.056    150.086    19.8209    19.8207   4.968934   4.968941     2.0366     1.6899      96.34   26.05866  -95.12066   -0.00023   -0.00028         15  0.000e+00
     132510   5521.208    149.062    150.093    19.8206    19.8205   4.968926   4.968964     2.0366     1.6911      75.51   26.05866  -95.12066   -0.00021   -0.00024         15  0.000e+00
     132511   5521.250    149.056    150.086    19.8210    19.8207   4.968926   4.968964     2.0366     1.6899      66.42   26.05866  -95.12066   -0.00018   -0.00022         15  0.000e+00
     132512   5521.292    149.056    150.086    19.8209    19.8203   4.968926   4.968986     2.0354     1.6899      66.01   26.05866  -95.12066   -0.00018   -0.00021         15  0.000e+00
     132513   5521.333    149.056    150.086    19.8209    19.8205   4.968949   4.968934     2.0354     1.6899      66.94   26.05866  -95.12066   -0.00017   -0.00019         15  0.000e+00
     132514   5521.375    149.008    150.039    19.8208    19.8203   4.968926   4.968979     2.0366     1.6899      67.28   26.05866  -95.12066   -0.00015   -0.00017         15  0.000e+00
     132515   5521.417    149.063    150.093    19.8209    19.8208   4.968949   4.968934     2.0366     1.6899      67.28   26.05866  -95.12066   -0.00013   -0.00015         15  0.000e+00
     132516   5521.458    149.056    150.087    19.8209    19.8205   4.968934   4.968919     2.0366     1.6899      67.23   26.05866  -95.12066   -0.00010   -0.00014         15  0.000e+00
     132517   5521.500    149.056    150.087    19.8208    19.8207   4.968949   4.968949     2.0366     1.6911      67.23   26.05866  -95.12066   -0.00008   -0.00010         15  0.000e+00
     132518   5521.542    149.056    150.087    19.8211    19.8207   4.968934   4.968964     2.0366     1.6911      67.23   26.05866  -95.12066   -0.00006   -0.00008         15  0.000e+00
     132519   5521.583    149.009    150.039    19.8210    19.8205   4.968926   4.968964     2.0366     1.6899      67.23   26.05866  -95.12066   -0.00003   -0.00007         15  0.000e+00
     132520   5521.625    149.056    150.087    19.8207    19.8207   4.968985   4.968986     2.0366     1.6899      67.23   26.05866  -95.12066    0.00001   -0.00006         15  0.000e+00
     132521   5521.667    149.056    150.087    19.8211    19.8207   4.968941   4.969001     2.0366     1.6899      67.23   26.05866  -95.12066    0.00003   -0.00006         15  0.000e+00
     132522   5521.708    149.056    150.087    19.8211    19.8207   4.968949   4.968971     2.0366     1.6911      67.23   26.05866  -95.12066    0.00006   -0.00004         15  0.000e+00
     132523   5521.750    149.009    150.039    19.8212    19.8207   4.968993   4.968971     2.0366     1.6911      67.23   26.05866  -95.12066    0.00008   -0.00001         15  0.000e+00
     132524   5521.792    149.056    150.087    19.8209    19.8208   4.968971   4.968964     2.0366     1.6899      67.23   26.05866  -95.12066    0.00010   -0.00001         15  0.000e+00
     132525   5521.833    149.009    150.039    19.8211    19.8208   4.968934   4.968964     2.0366     1.6911      67.23   26.05866  -95.12066    0.00013    0.00001         15  0.000e+00
     132526   5521.875    149.056    150.087    19.8212    19.8208   4.968949   4.969024     2.0366     1.6911      67.23   26.05866  -95.12066    0.00015    0.00004         15  0.000e+00
     132527   5521.917    149.009    150.039    19.8212    19.8207   4.968993   4.969009     2.0366     1.6911      67.23   26.05866  -95.12066    0.00018    0.00006         15  0.000e+00
     132528   5521.958    149.057    150.087    19.8213    19.8212   4.968971   4.969001     2.0366     1.6911      67.23   26.05866  -95.12066    0.00020    0.00008         15  0.000e+00
     132529   5522.000    149.009    150.040    19.8212    19.8210   4.968993   4.969061     2.0366     1.6911      67.23   26.05866  -95.12066    0.00022    0.00010         15  0.000e+00
     132530   5522.042    149.057    150.087    19.8214    19.8212   4.969008   4.969016     2.0366     1.6911      67.23   26.05866  -95.12066    0.00025    0.00012         15  0.000e+00
     132531   5522.083    149.009    150.040    19.8213    19.8210   4.969037   4.969001     2.0366     1.6911      67.23   26.05866  -95.12066    0.00027    0.00014         15  0.000e+00
     132532   5522.125    149.009    150.040    19.8216    19.8212   4.969052   4.969001     2.0366     1.6911      69.18   26.05866  -95.12066    0.00030    0.00016         15  0.000e+00
     132533   5522.167    149.057    150.088    19.8214    19.8210   4.969074   4.969031     2.0366     1.6911      89.96   26.05866  -95.12066    0.00032    0.00018         15  0.000e+00
     132534   5522.208    149.009    150.040    19.8215    19.8212   4.969022   4.969009     2.0366     1.6911     100.00   26.05866  -95.12066    0.00033    0.00020         15  0.000e+00
     132535   5522.250    149.009    150.040    19.8218    19.8212   4.969008   4.969031     2.0366     1.6911     100.00   26.05866  -95.12066    0.00035    0.00022         15  0.000e+00
     132536   5522.292    149.010    150.040    19.8214    19.8210   4.969037   4.969046     2.0366     1.6911     100.00   26.05866  -95.12066    0.00036    0.00024         15  0.000e+00
     132537   5522.333    149.010    150.040    19.8218    19.8214   4.969052   4.969068     2.0366     1.6911     100.00   26.05866  -95.12066    0.00038    0.00026         15  0.000e+00
     132538   5522.375    149.057    150.088    19.8219    19.8214   4.969052   4.969053     2.0366     1.6911     100.00   26.05866  -95.12066    0.00040    0.00027         15  0.000e+00
     132539   5522.417    149.010    150.040    19.8219    19.8214   4.969052   4.969046     2.0366     1.6911     100.00   26.05866  -95.12066    0.00041    0.00029         15  0.000e+00
     132540   5522.458    149.010    150.040    19.8220    19.8214   4.969052   4.969046     2.0366     1.6923     100.00   26.05866  -95.12066    0.00041    0.00032         15  0.000e+00
     132541   5522.500    149.010    150.040    19.8223    19.8214   4.969074   4.969046     2.0366     1.6911     100.00   26.05866  -95.12066    0.00042    0.00034         15  0.000e+00
     132542   5522.542    149.010    150.040    19.8223    19.8215   4.969089   4.969068     2.0366     1.6911     100.00   26.05866  -95.12066    0.00042    0.00036         15  0.000e+00
     132543   5522.583    149.010    150.040    19.8222    19.8217   4.969118   4.969083     2.0366     1.6923     100.00   26.05866  -95.12066    0.00043    0.00039         15  0.000e+00
     132544   5522.625    149.010    150.040    19.8223    19.8215   4.969096   4.969053     2.0366     1.6923     100.00   26.05866  -95.12066    0.00043    0.00042         15  0.000e+00
     132545   5522.667    149.010    150.040    19.8223    19.8215   4.969118   4.969106     2.0366     1.6911     100.00   26.05866  -95.12066    0.00043    0.00044         15  0.000e+00
     136175   5673.917     89.284     89.888    23.0658    23.0636   5.278815   5.278705     3.0232     2.5824     100.00   26.05864  -95.12068   -0.00052    0.00004         16  0.000e+00
     136176   5673.958     89.480     90.086    23.0658    23.0617   5.278800   5.278613     3.0232     2.5824     100.00   26.05864  -95.12068   -0.00055    0.00006         16  0.000e+00
     136177   5674.000     89.433     90.038    23.0656    23.0613   5.278799   5.278582     3.0232     2.5824     100.00   26.05864  -95.12068   -0.00057    0.00007         16  0.000e+00
     136178   5674.042     89.385     89.991    23.0658    23.0615   5.278837   5.278521     3.0232     2.5824     100.00   26.05864  -95.12068   -0.00058    0.00007         16  0.000e+00
     136179   5674.083     89.284     89.888    23.0659    23.0618   5.278807   5.278490     3.0232     2.5824     100.00   26.05864  -95.12068   -0.00059    0.00008         16  0.000e+00
     136180   5674.125     89.331     89.936    23.0659    23.0623   5.278769   5.278490     3.0232     2.5824     100.00   26.05864  -95.12068   -0.00061    0.00009         16  0.000e+00
     136181   5674.167     89.379     89.984    23.0656    23.0625   5.278762   5.278528     3.0232     2.5824     100.00   26.05864  -95.12068   -0.00062    0.00009         16  0.000e+00
     136182   5674.208     89.332     89.936    23.0654    23.0624   5.278693   5.278474     3.0220     2.5824     100.00   26.05864  -95.12068   -0.00065    0.00010         16  0.000e+00
     136183   5674.250     89.332     89.936    23.0652    23.0613   5.278671   5.278421     3.0232     2.5824     100.00   26.05864  -95.12068   -0.00065    0.00011         16  0.000e+00
     136184   5674.292     89.332     89.936    23.0650    23.0608   5.278678   5.278367     3.0232     2.5824     100.00   26.05864  -95.12068   -0.00066    0.00011         16  0.000e+00
     136185   5674.333     89.284     89.889    23.0650    23.0607   5.278671   5.278359     3.0232     2.5824     100.00   26.05864  -95.12068   -0.00067    0.00012         16  0.000e+00
     136186   5674.375     89.332     89.936    23.0652    23.0604   5.278671   5.278398     3.0220     2.5824     100.00   26.05864  -95.12068   -0.00069    0.00013         16  0.000e+00
     136187   5674.417     89.332     89.936    23.0649    23.0600   5.278678   5.278367     3.0232     2.5824     100.00   26.05864  -95.12068   -0.00070    0.00014         16  0.000e+00
     136188   5674.458     89.284     89.889    23.0648    23.0601   5.278671   5.278298     3.0232     2.5836     100.00   26.05864  -95.12068   -0.00070    0.00017         16  0.000e+00
     136189   5674.500     89.332     89.937    23.0650    23.0598   5.278671   5.278244     3.0232     2.5836     100.00   26.05864  -95.12068   -0.00070    0.00019         16  0.000e+00
     136190   5674.542     89.332     89.937    23.0650    23.0599   5.278640   5.278229     3.0220     2.5836     100.00   26.05864  -95.12068   -0.00073    0.00022         16  0.000e+00
     136191   5674.583     89.285     89.889    23.0650    23.0593   5.278655   5.278098     3.0232     2.5836     100.00   26.05864  -95.12068   -0.00073    0.00024         16  0.000e+00
     136192   5674.625     89.285     89.889    23.0651    23.0589   5.278671   5.277990     3.0232     2.5836     100.00   26.05864  -95.12068   -0.00073    0.00027         16  0.000e+00
     136193   5674.667     89.332     89.937    23.0652    23.0581   5.278633   5.277898     3.0232     2.5836     100.00   26.05864  -95.12068   -0.00073    0.00030         16  0.000e+00
     136194   5674.708     89.285     89.889    23.0652    23.0576   5.278693   5.277883     3.0232     2.5836     100.00   26.05864  -95.12068   -0.00074    0.00032         16  0.000e+00
     136195   5674.750     89.285     89.889    23.0656    23.0563   5.278686   5.277814     3.0232     2.5836     100.00   26.05864  -95.12068   -0.00074    0.00035         16  0.000e+00
     136196   5674.792     89.285     89.889    23.0654    23.0561   5.278671   5.277760     3.0232     2.5836     100.00   26.05864  -95.12068   -0.00074    0.00038         16  0.000e+00
     136197   5674.833     89.231     89.835    23.0656    23.0556   5.278671   5.277775     3.0232     2.5836     100.00   26.05864  -95.12068   -0.00074    0.00040         16  0.000e+00
     136198   5674.875     89.285     89.889    23.0658    23.0551   5.278701   5.277698     3.0232     2.5836     100.00   26.05864  -95.12068   -0.00074    0.00043         16  0.000e+00
     136199   5674.917     89.285     89.889    23.0661    23.0547   5.278739   5.277760     3.0232     2.5836     100.00   26.05864  -95.12068   -0.00074    0.00046         16  0.000e+00
     136200   5674.958     89.231     89.835    23.0663    23.0565   5.278754   5.277890     3.0232     2.5836     100.00   26.05864  -95.12068   -0.00074    0.00048         16  0.000e+00
     136201   5675.000     89.231     89.835    23.0665    23.0587   5.278792   5.278090     3.0220     2.5836     100.00   26.05864  -95.12068   -0.00076    0.00049         16  0.000e+00
     136202   5675.042     89.231     89.835    23.0661    23.0608   5.278761   5.278244     3.0220     2.5836     100.00   26.05864  -95.12068   -0.00078    0.00050         16  0.000e+00
     136203   5675.083     89.238     89.842    23.0659    23.0606   5.278754   5.278205     3.0232     2.5836     100.00   26.05864  -95.12068   -0.00078    0.00052         16  0.000e+00
     136204   5675.125     89.231     89.835    23.0658    23.0592   5.278724   5.278121     3.0232     2.5836     100.00   26.05864  -95.12068   -0.00077    0.00055         16  0.000e+00
     136205   5675.167     89.184     89.787    23.0650    23.0574   5.278739   5.278029     3.0232     2.5836     100.00   26.05864  -95.12068   -0.00077    0.00056         16  0.000e+00
     136206   5675.208     89.231     89.835    23.0651    23.0564   5.278724   5.277983     3.0220     2.5836     100.00   26.05864  -95.12068   -0.00077    0.00057         16  0.000e+00
     136207   5675.250     89.184     89.787    23.0650    23.0559   5.278686   5.277906     3.0232     2.5836     100.00   26.05864  -95.12068   -0.00076    0.00057         16  0.000e+00
     136208   5675.292     89.238     89.842    23.0650    23.0562   5.278671   5.277814     3.0232     2.5836     100.00   26.05864  -95.12068   -0.00076    0.00058         16  0.000e+00
     136209   5675.333     89.136     89.740    23.0648    23.0570   5.278602   5.277890     3.0232     2.5836     100.00   26.05864  -95.12068   -0.00074    0.00059         16  0.000e+00
     136210   5675.375     89.184     89.788    23.0647    23.0589   5.278549   5.278090     3.0232     2.5836     100.00   26.05864  -95.12068   -0.00072    0.00059         16  0.000e+00
     136211   5675.417     89.184     89.788    23.0636    23.0609   5.278496   5.278244     3.0232     2.5824     100.00   26.05864  -95.12068   -0.00069    0.00058         16  0.000e+00
     136212   5675.458     89.137     89.740    23.0627    23.0624   5.278489   5.278374     3.0232     2.5824     100.00   26.05864  -95.12068   -0.00067    0.00057         16  0.000e+00
     136213   5675.500     89.184     89.788    23.0624    23.0637   5.278526   5.278467     3.0232     2.5824     100.00   26.05864  -95.12068   -0.00064    0.00056         16  0.000e+00
     136214   5675.542     89.137     89.740    23.0627    23.0643   5.278496   5.278559     3.0232     2.5836     100.00   26.05864  -95.12068   -0.00062    0.00055         16  0.000e+00
     136215   5675.583     89.137     89.740    23.0633    23.0639   5.278526   5.278543     3.0232     2.5824     100.00   26.05864  -95.12068   -0.00059    0.00052         16  0.000e+00
     136216   5675.625     89.137     89.740    23.0633    23.0631   5.278542   5.278505     3.0232     2.5824     100.00   26.05864  -95.12068   -0.00056    0.00049         16  0.000e+00
     136217   5675.667     89.137     89.740    23.0633    23.0631   5.278534   5.278528     3.0232     2.5824     100.00   26.05864  -95.12068   -0.00054    0.00045         16  0.000e+00
     136218   5675.708     89.137     89.740    23.0626    23.0630   5.278504   5.278567     3.0232     2.5824     100.00   26.05864  -95.12068   -0.00051    0.00042         16  0.000e+00
     136219   5675.750     89.083     89.686    23.0620    23.0627   5.278496   5.278482     3.0232     2.5824     100.00   26.05864  -95.12068   -0.00048    0.00039         16  0.000e+00
     136220   5675.792     89.083     89.686    23.0620    23.0621   5.278458   5.278420     3.0232     2.5824     100.00   26.05864  -95.12068   -0.00045    0.00036         16  0.000e+00
     136221   5675.833     89.137     89.740    23.0622    23.0625   5.278451   5.278436     3.0232     2.5824     100.00   26.05864  -95.12068   -0.00042    0.00033         16  0.000e+00
