Gulf of Mexico/GOMECC-4/1db/rb2103_0261.ros
* Sea-Bird SBE 9 Data File:
* FileName = C:\Users\scs.user.rb\CTD\GOMECC4\data\rb2103_0261.hex
* Software Version Seasave V 7.26.7.107
* Temperature SN = 4799
* Conductivity SN = 3860
* Number of Bytes Per Scan = 41
* Number of Voltage Words = 4
* Number of Scans Averaged by the Deck Unit = 1
* NMEA Latitude = 28 20.64 N
* NMEA Longitude = 086 20.48 W
* NMEA UTC (Time) = Sep 21 2021  10:45:37
* NMEA baud rate = 4800
# nquan = 17
# nvalues = 2660                                  
# units = specified
# name 0 = scan: Scan Count
# name 1 = timeS: Time, Elapsed [seconds]
# name 2 = depSM: Depth [salt water, m]
# name 3 = prDM: Pressure, Digiquartz [db]
# name 4 = t090C: Temperature [ITS-90, deg C]
# name 5 = t190C: Temperature, 2 [ITS-90, deg C]
# name 6 = c0S/m: Conductivity [S/m]
# name 7 = c1S/m: Conductivity, 2 [S/m]
# name 8 = sbeox0V: Oxygen raw, SBE 43 [V]
# name 9 = sbeox1V: Oxygen raw, SBE 43, 2 [V]
# name 10 = altM: Altimeter [m]
# name 11 = latitude: Latitude [deg]
# name 12 = longitude: Longitude [deg]
# name 13 = sbox0dV/dT: Oxygen, SBE 43 [dov/dt]
# name 14 = sbox1dV/dT: Oxygen, SBE 43, 2 [dov/dt]
# name 15 = nbf: Bottles Fired
# name 16 = flag:  0.000e+00
# interval = seconds: 0.0416667
# start_time = Sep 21 2021 10:45:37 [NMEA time, header]
# bad_flag = -9.990e-29
*END*
[from data line 1703]
      65579   2732.417     94.415     95.072    20.6605    20.6283   5.057113   5.054276     2.2723     1.9060     100.00   28.34356  -86.34028   -0.00012    0.00013         13  0.000e+00
      65580   2732.458     94.453     95.110    20.6610    20.6246   5.057113   5.054147     2.2735     1.9048     100.00   28.34356  -86.34028   -0.00012    0.00010         13  0.000e+00
      65581   2732.500     94.415     95.072    20.6617    20.6313   5.057038   5.054162     2.2735     1.9060     100.00   28.34356  -86.34028   -0.00013    0.00006         13  0.000e+00
      65582   2732.542     94.415     95.072    20.6626    20.6449   5.057016   5.054328     2.2735     1.9048     100.00   28.34356  -86.34028   -0.00012    0.00002         13  0.000e+00
      65583   2732.583     94.415     95.072    20.6633    20.6543   5.056986   5.054313     2.2723     1.9060     100.00   28.34356  -86.34028   -0.00012   -0.00001         13  0.000e+00
      65584   2732.625     94.393     95.049    20.6615    20.6566   5.056912   5.054162     2.2723     1.9060     100.00   28.34356  -86.34028   -0.00013   -0.00003         13  0.000e+00
      65585   2732.667     94.415     95.072    20.6601    20.6491   5.056860   5.054124     2.2723     1.9060     100.00   28.34356  -86.34028   -0.00013   -0.00004         13  0.000e+00
      65586   2732.708     94.416     95.072    20.6607    20.6379   5.056882   5.054155     2.2723     1.9060     100.00   28.34356  -86.34028   -0.00014   -0.00005         13  0.000e+00
      65587   2732.750     94.453     95.110    20.6636    20.6338   5.056897   5.054328     2.2735     1.9060     100.00   28.34356  -86.34028   -0.00015   -0.00008         13  0.000e+00
      65588   2732.792     94.476     95.133    20.6654    20.6318   5.056919   5.054479     2.2735     1.9060     100.00   28.34356  -86.34028   -0.00014   -0.00010         13  0.000e+00
      65589   2732.833     94.363     95.019    20.6649    20.6327   5.056934   5.054570     2.2735     1.9060     100.00   28.34356  -86.34028   -0.00013   -0.00011         13  0.000e+00
      65590   2732.875     94.506     95.164    20.6645    20.6367   5.056964   5.054653     2.2735     1.9072     100.00   28.34356  -86.34028   -0.00012   -0.00010         13  0.000e+00
      65591   2732.917     94.416     95.072    20.6643    20.6394   5.056979   5.054705     2.2723     1.9060     100.00   28.34356  -86.34028   -0.00012   -0.00011         13  0.000e+00
      65592   2732.958     94.416     95.072    20.6638    20.6398   5.056949   5.054743     2.2735     1.9060     100.00   28.34356  -86.34028   -0.00011   -0.00012         13  0.000e+00
      65593   2733.000     94.453     95.110    20.6636    20.6417   5.056942   5.054766     2.2735     1.9072     100.00   28.34356  -86.34028   -0.00010   -0.00011         13  0.000e+00
      65594   2733.042     94.476     95.133    20.6629    20.6390   5.056964   5.054856     2.2735     1.9072     100.00   28.34356  -86.34028   -0.00009   -0.00009         13  0.000e+00
      65595   2733.083     94.363     95.019    20.6631    20.6410   5.056971   5.055015     2.2723     1.9072     100.00   28.34356  -86.34028   -0.00010   -0.00008         13  0.000e+00
      65596   2733.125     94.507     95.164    20.6633    20.6451   5.056949   5.055060     2.2723     1.9072     100.00   28.34356  -86.34028   -0.00011   -0.00007         13  0.000e+00
      65597   2733.167     94.416     95.072    20.6631    20.6479   5.056904   5.055022     2.2723     1.9072     100.00   28.34356  -86.34028   -0.00012   -0.00006         13  0.000e+00
      65598   2733.208     94.416     95.072    20.6636    20.6476   5.056956   5.054977     2.2723     1.9072     100.00   28.34356  -86.34028   -0.00013   -0.00006         13  0.000e+00
      65599   2733.250     94.454     95.110    20.6640    20.6452   5.056979   5.054947     2.2723     1.9072     100.00   28.34356  -86.34028   -0.00014   -0.00005         13  0.000e+00
      65600   2733.292     94.476     95.133    20.6638    20.6442   5.056912   5.054992     2.2723     1.9072     100.00   28.34356  -86.34028   -0.00015   -0.00005         13  0.000e+00
      65601   2733.333     94.476     95.133    20.6628    20.6453   5.056830   5.054977     2.2723     1.9072     100.00   28.34356  -86.34028   -0.00016   -0.00004         13  0.000e+00
      65602   2733.375     94.454     95.111    20.6615    20.6410   5.056867   5.054879     2.2723     1.9072     100.00   28.34356  -86.34028   -0.00015   -0.00003         13  0.000e+00
      65603   2733.417     94.416     95.072    20.6619    20.6377   5.056830   5.054781     2.2723     1.9072     100.00   28.34356  -86.34028   -0.00014   -0.00003         13  0.000e+00
      65604   2733.458     94.476     95.133    20.6624    20.6352   5.056778   5.054758     2.2723     1.9072     100.00   28.34356  -86.34028   -0.00013   -0.00002         13  0.000e+00
      68249   2843.667     69.479     69.958    22.6382    22.6713   5.244211   5.247474     2.7509     2.3407     100.00   28.34354  -86.34026    0.00212   -0.00099         14  0.000e+00
      68250   2843.708     69.479     69.958    22.6361    22.6722   5.244053   5.247474     2.7509     2.3419     100.00   28.34354  -86.34026    0.00220   -0.00096         14  0.000e+00
      68251   2843.750     69.366     69.844    22.6351    22.6727   5.243849   5.247474     2.7509     2.3419     100.00   28.34354  -86.34026    0.00226   -0.00093         14  0.000e+00
      68252   2843.792     69.487     69.966    22.6351    22.6729   5.243697   5.247536     2.7509     2.3419     100.00   28.34354  -86.34026    0.00232   -0.00090         14  0.000e+00
      68253   2843.833     69.479     69.958    22.6345    22.6732   5.243667   5.247589     2.7509     2.3419     100.00   28.34354  -86.34026    0.00238   -0.00087         14  0.000e+00
      68254   2843.875     69.419     69.897    22.6340    22.6736   5.243629   5.247635     2.7509     2.3419     100.00   28.34354  -86.34026    0.00244   -0.00084         14  0.000e+00
      68255   2843.917     69.479     69.958    22.6336    22.6736   5.243644   5.247581     2.7509     2.3431     100.00   28.34354  -86.34026    0.00250   -0.00079         14  0.000e+00
      68256   2843.958     69.426     69.905    22.6336    22.6734   5.243758   5.247589     2.7497     2.3419     100.00   28.34354  -86.34026    0.00254   -0.00076         14  0.000e+00
      68257   2844.000     69.419     69.897    22.6363    22.6738   5.243924   5.247666     2.7509     2.3431     100.00   28.34354  -86.34026    0.00257   -0.00071         14  0.000e+00
      68258   2844.042     69.479     69.958    22.6395    22.6745   5.244098   5.247719     2.7509     2.3431     100.00   28.34354  -86.34026    0.00261   -0.00066         14  0.000e+00
      68259   2844.083     69.419     69.897    22.6408    22.6746   5.244242   5.247796     2.7509     2.3431     100.00   28.34354  -86.34026    0.00264   -0.00062         14  0.000e+00
      68260   2844.125     69.419     69.897    22.6425    22.6750   5.244340   5.247819     2.7509     2.3431     100.00   28.34354  -86.34026    0.00267   -0.00057         14  0.000e+00
      68261   2844.167     69.427     69.905    22.6441    22.6754   5.244325   5.247888     2.7509     2.3431     100.00   28.34354  -86.34026    0.00270   -0.00052         14  0.000e+00
      68262   2844.208     69.479     69.958    22.6446    22.6754   5.244347   5.247842     2.7509     2.3431     100.00   28.34354  -86.34026    0.00272   -0.00048         14  0.000e+00
      68263   2844.250     69.419     69.897    22.6443    22.6754   5.244294   5.247850     2.7509     2.3443     100.00   28.34354  -86.34026    0.00273   -0.00041         14  0.000e+00
      68264   2844.292     69.419     69.897    22.6429    22.6754   5.244242   5.247865     2.7509     2.3443     100.00   28.34354  -86.34026    0.00273   -0.00035         14  0.000e+00
      68265   2844.333     69.480     69.958    22.6427    22.6749   5.244234   5.247796     2.7509     2.3443     100.00   28.34354  -86.34026    0.00273   -0.00027         14  0.000e+00
      68266   2844.375     69.427     69.905    22.6434    22.6752   5.244196   5.247781     2.7509     2.3443     100.00   28.34354  -86.34026    0.00273   -0.00021         14  0.000e+00
      68267   2844.417     69.419     69.898    22.6427    22.6755   5.244151   5.247873     2.7509     2.3431     100.00   28.34354  -86.34026    0.00274   -0.00017         14  0.000e+00
      68268   2844.458     69.480     69.958    22.6427    22.6768   5.244174   5.247934     2.7497     2.3443     100.00   28.34354  -86.34026    0.00272   -0.00011         14  0.000e+00
      68269   2844.500     69.419     69.898    22.6432    22.6775   5.244219   5.247980     2.7509     2.3443     100.00   28.34354  -86.34026    0.00271   -0.00005         14  0.000e+00
      68270   2844.542     69.480     69.959    22.6434    22.6775   5.244196   5.247995     2.7509     2.3431     100.00   28.34354  -86.34026    0.00270   -0.00001         14  0.000e+00
      68271   2844.583     69.427     69.905    22.6421    22.6779   5.244151   5.247995     2.7509     2.3443     100.00   28.34354  -86.34026    0.00268    0.00005         14  0.000e+00
      68272   2844.625     69.419     69.898    22.6414    22.6775   5.244106   5.247957     2.7509     2.3431     100.00   28.34354  -86.34026    0.00267    0.00009         14  0.000e+00
      68273   2844.667     69.480     69.959    22.6409    22.6773   5.244000   5.247880     2.7509     2.3431     100.00   28.34354  -86.34026    0.00265    0.00013         14  0.000e+00
      68274   2844.708     69.419     69.898    22.6404    22.6765   5.244000   5.247827     2.7509     2.3431     100.00   28.34354  -86.34026    0.00263    0.00017         14  0.000e+00
      68275   2844.750     69.427     69.905    22.6400    22.6763   5.243977   5.247850     2.7497     2.3431     100.00   28.34354  -86.34026    0.00259    0.00021         14  0.000e+00
      68276   2844.792     69.480     69.959    22.6404    22.6757   5.243932   5.247796     2.7497     2.3431     100.00   28.34354  -86.34026    0.00255    0.00025         14  0.000e+00
      68277   2844.833     69.480     69.959    22.6400    22.6755   5.243954   5.247804     2.7509     2.3431     100.00   28.34354  -86.34026    0.00252    0.00029         14  0.000e+00
      68278   2844.875     69.419     69.898    22.6404    22.6755   5.244037   5.247850     2.7509     2.3419     100.00   28.34354  -86.34026    0.00249    0.00033         14  0.000e+00
      68279   2844.917     69.480     69.959    22.6395    22.6763   5.244181   5.247865     2.7509     2.3419     100.00   28.34354  -86.34026    0.00246    0.00035         14  0.000e+00
      68280   2844.958     69.427     69.905    22.6388    22.6766   5.244295   5.247896     2.7497     2.3419     100.00   28.34354  -86.34026    0.00238    0.00039         14  0.000e+00
      68281   2845.000     69.419     69.898    22.6392    22.6770   5.244385   5.247934     2.7497     2.3419     100.00   28.34354  -86.34026    0.00233    0.00043         14  0.000e+00
      68282   2845.042     69.480     69.959    22.6412    22.6766   5.244468   5.247949     2.7497     2.3419     100.00   28.34354  -86.34026    0.00227    0.00046         14  0.000e+00
      68283   2845.083     69.480     69.959    22.6441    22.6763   5.244718   5.247980     2.7509     2.3419     100.00   28.34354  -86.34026    0.00223    0.00050         14  0.000e+00
      68284   2845.125     69.480     69.959    22.6473    22.6762   5.244930   5.247957     2.7509     2.3419     100.00   28.34354  -86.34026    0.00219    0.00054         14  0.000e+00
      68285   2845.167     69.427     69.906    22.6510    22.6761   5.245066   5.247957     2.7509     2.3419     100.00   28.34354  -86.34026    0.00216    0.00059         14  0.000e+00
      68286   2845.208     69.480     69.959    22.6517    22.6763   5.245232   5.248018     2.7497     2.3419     100.00   28.34354  -86.34026    0.00209    0.00063         14  0.000e+00
      68287   2845.250     69.480     69.959    22.6551    22.6766   5.245308   5.247972     2.7497     2.3419     100.00   28.34354  -86.34026    0.00202    0.00067         14  0.000e+00
      68288   2845.292     69.420     69.898    22.6579    22.6763   5.245391   5.247949     2.7509     2.3419     100.00   28.34354  -86.34026    0.00197    0.00071         14  0.000e+00
      68289   2845.333     69.427     69.906    22.6566    22.6761   5.245504   5.247949     2.7497     2.3431     100.00   28.34354  -86.34026    0.00190    0.00077         14  0.000e+00
      68290   2845.375     69.533     70.012    22.6549    22.6757   5.245633   5.247919     2.7509     2.3431     100.00   28.34354  -86.34026    0.00186    0.00083         14  0.000e+00
      68291   2845.417     69.420     69.898    22.6546    22.6761   5.245738   5.247972     2.7509     2.3419     100.00   28.34354  -86.34026    0.00183    0.00087         14  0.000e+00
      68292   2845.458     69.533     70.012    22.6577    22.6766   5.245829   5.248087     2.7497     2.3431     100.00   28.34354  -86.34026    0.00177    0.00093         14  0.000e+00
      68293   2845.500     69.420     69.898    22.6626    22.6775   5.245814   5.248195     2.7509     2.3431     100.00   28.34354  -86.34026    0.00171    0.00099         14  0.000e+00
      68294   2845.542     69.488     69.967    22.6650    22.6780   5.245935   5.248149     2.7509     2.3431     100.00   28.34354  -86.34026    0.00166    0.00103         14  0.000e+00
      68295   2845.583     69.480     69.959    22.6659    22.6782   5.245980   5.248156     2.7509     2.3431     100.00   28.34354  -86.34026    0.00161    0.00107         14  0.000e+00
      68296   2845.625     69.480     69.959    22.6638    22.6789   5.245950   5.248172     2.7509     2.3431     100.00   28.34354  -86.34026    0.00156    0.00112         14  0.000e+00
      68297   2845.667     69.480     69.959    22.6604    22.6789   5.245897   5.248133     2.7497     2.3431     100.00   28.34354  -86.34026    0.00151    0.00116         14  0.000e+00
      68298   2845.708     69.480     69.959    22.6590    22.6788   5.245754   5.248156     2.7497     2.3443     100.00   28.34354  -86.34026    0.00143    0.00121         14  0.000e+00
      68299   2845.750     69.488     69.967    22.6579    22.6779   5.245580   5.248103     2.7497     2.3443     100.00   28.34354  -86.34026    0.00136    0.00125         14  0.000e+00
      68300   2845.792     69.480     69.959    22.6570    22.6775   5.245572   5.248110     2.7497     2.3443     100.00   28.34354  -86.34028    0.00128    0.00129         14  0.000e+00
      68301   2845.833     69.480     69.959    22.6547    22.6775   5.245519   5.248026     2.7509     2.3443     100.00   28.34354  -86.34028    0.00124    0.00133         14  0.000e+00
      68302   2845.875     69.533     70.013    22.6551    22.6766   5.245497   5.247957     2.7497     2.3443     100.00   28.34354  -86.34028    0.00118    0.00137         14  0.000e+00
      68303   2845.917     69.480     69.959    22.6556    22.6757   5.245497   5.247880     2.7497     2.3443     100.00   28.34354  -86.34028    0.00111    0.00140         14  0.000e+00
      68304   2845.958     69.488     69.967    22.6563    22.6755   5.245428   5.247865     2.7497     2.3443     100.00   28.34354  -86.34028    0.00103    0.00144         14  0.000e+00
      68305   2846.000     69.480     69.959    22.6572    22.6759   5.245376   5.247957     2.7497     2.3443     100.00   28.34354  -86.34028    0.00095    0.00147         14  0.000e+00
      68306   2846.042     69.533     70.013    22.6565    22.6755   5.245300   5.247926     2.7509     2.3455     100.00   28.34354  -86.34028    0.00090    0.00152         14  0.000e+00
