Gulf of Mexico/GOMECC-4/1db/rb2103_0811.cnv
* Sea-Bird SBE 9 Data File:
* FileName = C:\Users\scs.user.rb\CTD\GOMECC4\data\rb2103_0811.hex
* Software Version Seasave V 7.26.7.107
* Temperature SN = 4799
* Conductivity SN = 3860
* Number of Bytes Per Scan = 41
* Number of Voltage Words = 4
* Number of Scans Averaged by the Deck Unit = 1
* NMEA Latitude = 22 16.45 N
* NMEA Longitude = 096 10.82 W
* NMEA UTC (Time) = Oct 06 2021  16:12:43
* NMEA baud rate = 4800
# nquan = 28
# nvalues = 1448                        
# units = specified
# name 0 = scan: Scan Count
# name 1 = timeS: Time, Elapsed [seconds]
# name 2 = depSM: Depth [salt water, m]
# name 3 = prDM: Pressure, Digiquartz [db]
# name 4 = t090C: Temperature [ITS-90, deg C]
# name 5 = t190C: Temperature, 2 [ITS-90, deg C]
# name 6 = c0S/m: Conductivity [S/m]
# name 7 = c1S/m: Conductivity, 2 [S/m]
# name 8 = sbeox0V: Oxygen raw, SBE 43 [V]
# name 9 = sbeox1V: Oxygen raw, SBE 43, 2 [V]
# name 10 = altM: Altimeter [m]
# name 11 = latitude: Latitude [deg]
# name 12 = longitude: Longitude [deg]
# name 13 = sbox0dV/dT: Oxygen, SBE 43 [dov/dt]
# name 14 = sbox1dV/dT: Oxygen, SBE 43, 2 [dov/dt]
# name 15 = sbeox0ML/L: Oxygen, SBE 43 [ml/l], WS = 5
# name 16 = sbeox1ML/L: Oxygen, SBE 43, 2 [ml/l], WS = 5
# name 17 = potemp090C: Potential Temperature [ITS-90, deg C]
# name 18 = potemp190C: Potential Temperature, 2 [ITS-90, deg C]
# name 19 = sal00: Salinity, Practical [PSU]
# name 20 = sal11: Salinity, Practical, 2 [PSU]
# name 21 = sigma-é00: Density [sigma-theta, kg/m^3]
# name 22 = sigma-é11: Density, 2 [sigma-theta, kg/m^3]
# name 23 = avgsvCM: Average Sound Velocity [Chen-Millero, m/s], minP = 20, minS = 20
# name 24 = sbox0Mm/Kg: Oxygen, SBE 43 [umol/kg], WS = 5
# name 25 = sbox1Mm/Kg: Oxygen, SBE 43, 2 [umol/kg], WS = 5
# name 26 = nbin: number of scans per bin
# name 27 = flag: flag
# span 0 =      15518,     253550       
# span 1 =    646.553,  10563.884       
# span 2 =      2.981,   2560.992       
# span 3 =      3.000,   2593.000       
# span 4 =     4.2617,   481.7605       
# span 5 =     4.2626,   481.7891       
# span 6 =   3.340664,  96.979588       
# span 7 =   3.340750,  96.985561       
# span 8 =     1.5775,    51.7323       
# span 9 =     1.2798,    43.7472       
# span 10 =       9.92,    1646.03      
# span 11 =   22.11091,  366.65698      
# span 12 =-1583.23974,  -95.47581      
# span 13 =   -0.03625,    0.04935      
# span 14 =   -0.03329,    0.04464      
# span 15 =     2.4070,    71.5253      
# span 16 =     2.4228,    71.1907      
# span 17 =     4.0821,   481.7403      
# span 18 =     4.0830,   481.7689      
# span 19 =    34.9109,   591.2672      
# span 20 =    34.9097,   591.2864      
# span 21 =    22.5004,   373.0927      
# span 22 =    22.5005,   373.0976      
# span 23 =       0.00,    1589.30      
# span 24 =    104.661,   3123.517      
# span 25 =    105.350,   3108.923      
# span 26 =         30,         73      
# span 27 = 0.0000e+00, 0.0000e+00      
# interval = decibars: 1                
# start_time = Oct 06 2021 16:12:43 [NMEA time, header]
# bad_flag = -9.990e-29
*END*
[from data line 1036]
     133624   5567.618   1370.797   1384.000     4.3052     4.3056   3.341129   3.341093     1.9612     1.6361     100.00   22.27421  -96.17985   -0.00000    0.00000     4.5926     4.6125     4.1922     4.1926    34.9676    34.9668    27.7401    27.7394    1498.04    199.569    200.435         41 0.0000e+00
     133756   5573.143   1365.861   1379.000     4.3077     4.3082   3.341281   3.341248     1.9616     1.6362     100.00   22.27531  -96.18459    0.00009 3.1755e-13     4.5906     4.6094     4.1952     4.1957    34.9693    34.9684    27.7411    27.7403    1498.11    199.482    200.300         39 0.0000e+00
     133789   5574.482   1364.874   1378.000     4.3074     4.3079   3.341072   3.341020     1.9615     1.6362     100.00   22.27424  -96.17996   -0.00008    0.00002     4.5899     4.6090     4.1951     4.1955    34.9675    34.9665    27.7397    27.7388    1498.04    199.451    200.282         33 0.0000e+00
     133885   5578.482   1360.925   1374.000     4.3102     4.3108   3.341242   3.341199     1.9621     1.6361     100.00   22.27492  -96.18289    0.00016   -0.00001     4.5894     4.6060     4.1982     4.1988    34.9686    34.9675    27.7402    27.7393    1498.09    199.431    200.152         30 0.0000e+00
     133911   5579.601   1359.938   1373.000     4.3102     4.3109   3.341093   3.341066     1.9620     1.6365     100.00   22.27424  -96.17997    0.00015    0.00008     4.5886     4.6070     4.1982     4.1990    34.9673    34.9662    27.7392    27.7383    1498.04    199.396    200.194         31 0.0000e+00
     134123   5588.421   1352.039   1365.000     4.3121     4.3126   3.340977   3.340936     1.9621     1.6362     100.00   22.27467  -96.18184   -0.00003    0.00002     4.5839     4.6007     4.2009     4.2013    34.9679    34.9670    27.7394    27.7386    1498.07    199.193    199.920         34 0.0000e+00
     134458   5602.361   1339.204   1352.000     4.3191     4.3200   3.340980   3.340953     1.9634     1.6374     100.00   22.27427  -96.18008    0.00004    0.00001     4.5801     4.5969     4.2090     4.2098    34.9670    34.9658    27.7378    27.7367    1498.04    199.027    199.758         30 0.0000e+00
     134586   5607.728   1334.267   1347.000     4.3221     4.3225   3.340953   3.340905     1.9627     1.6373     100.00   22.27374  -96.17780   -0.00021   -0.00002     4.5740     4.5930     4.2124     4.2128    34.9660    34.9650    27.7366    27.7357    1498.01    198.761    199.588         30 0.0000e+00
     134689   5611.982   1330.317   1343.000     4.3230     4.3236   3.340946   3.340910     1.9628     1.6370      88.37   22.27442  -96.18073    0.00003   -0.00018     4.5719     4.5892     4.2136     4.2142    34.9670    34.9660    27.7373    27.7364    1498.05    198.672    199.424         30 0.0000e+00
     134718   5613.227   1329.330   1342.000     4.3230     4.3236   3.340883   3.340843     1.9628     1.6374     100.17   22.27424  -96.17996   -0.00003    0.00002     4.5712     4.5902     4.2138     4.2143    34.9667    34.9656    27.7370    27.7361    1498.04    198.640    199.466         31 0.0000e+00
     135052   5627.126   1316.493   1329.000     4.3298     4.3307   3.340939   3.340928     1.9635     1.6379     100.00   22.27449  -96.18102    0.00006    0.00009     4.5653     4.5838     4.2217     4.2226    34.9667    34.9655    27.7362    27.7352    1498.06    198.384    199.188         30 0.0000e+00
     135208   5633.607   1310.569   1323.000     4.3338     4.3344   3.340987   3.340951     1.9631     1.6374     100.00   22.27417  -96.17965   -0.00013   -0.00018     4.5596     4.5778     4.2261     4.2268    34.9660    34.9649    27.7351    27.7342    1498.04    198.139    198.927         31 0.0000e+00
     135521   5646.665   1298.718   1311.000     4.3384     4.3386   3.340895   3.340840     1.9629     1.6375     100.00   22.27440  -96.18064   -0.00002    0.00003     4.5513     4.5703     4.2318     4.2320    34.9660    34.9651    27.7345    27.7338    1498.05    197.776    198.601         37 0.0000e+00
     135741   5655.824   1293.781   1306.000     4.3434     4.3451   3.341210   3.341265     1.9618     1.6366     100.00   22.27519  -96.18403   -0.00027   -0.00027     4.5435     4.5631     4.2372     4.2389    34.9669    34.9657    27.7347    27.7335    1498.10    197.435    198.287         39 0.0000e+00
     135833   5659.648   1292.793   1305.000     4.3389     4.3409   3.340664   3.340750     1.9618     1.6363     100.00   22.27424  -96.17994   -0.00006   -0.00011     4.5436     4.5618     4.2328     4.2348    34.9658    34.9646    27.7342    27.7331    1498.04    197.442    198.234         51 0.0000e+00
     135936   5663.965   1291.805   1304.000     4.3396     4.3419   3.340686   3.340765     1.9627     1.6373     100.00   22.27424  -96.17994    0.00019    0.00019     4.5463     4.5652     4.2336     4.2359    34.9657    34.9643    27.7341    27.7328    1498.04    197.560    198.379         44 0.0000e+00
     136020   5667.460   1290.818   1303.000     4.3422     4.3431   3.340869   3.340829     1.9629     1.6374      99.96   22.27424  -96.17994    0.00004    0.00000     4.5461     4.5646     4.2363     4.2372    34.9657    34.9643    27.7338    27.7326    1498.04    197.551    198.353         46 0.0000e+00
     136208   5675.283   1288.842   1301.000     4.3439     4.3445   3.340824   3.340780     1.9624     1.6368      98.22   22.27344  -96.17650   -0.00004   -0.00010     4.5431     4.5610     4.2382     4.2388    34.9642    34.9631    27.7324    27.7315    1497.99    197.417    198.197         45 0.0000e+00
     136774   5698.895   1287.855   1300.000     4.3461     4.3464   3.341066   3.341015     1.9617     1.6371      93.17   22.27423  -96.17996   -0.00003   -0.00001     4.5396     4.5611     4.2404     4.2407    34.9654    34.9644    27.7331    27.7323    1498.04    197.269    198.202         43 0.0000e+00
     137760   5739.971   1286.867   1299.000     4.3487     4.3490   3.341251   3.341197     1.9610     1.6363      78.49   22.27422  -96.18000    0.00002   -0.00013     4.5362     4.5571     4.2431     4.2434    34.9652    34.9643    27.7327    27.7319    1498.04    197.118    198.029         42 0.0000e+00
     137832   5742.945   1285.880   1298.000     4.3485     4.3489   3.341189   3.341133     1.9617     1.6367      99.51   22.27422  -96.18000    0.00017    0.00013     4.5378     4.5581     4.2430     4.2434    34.9652    34.9642    27.7327    27.7319    1498.04    197.191    198.073         42 0.0000e+00
     137870   5744.559   1284.892   1297.000     4.3483     4.3488   3.341121   3.341084     1.9618     1.6372     100.00   22.27422  -96.18000    0.00013    0.00010     4.5380     4.5594     4.2428     4.2434    34.9652    34.9642    27.7327    27.7319    1498.04    197.196    198.129         31 0.0000e+00
     137904   5745.949   1283.904   1296.000     4.3488     4.3495   3.341119   3.341100     1.9621     1.6371     100.00   22.27421  -96.18000    0.00016    0.00018     4.5381     4.5587     4.2435     4.2442    34.9651    34.9641    27.7326    27.7317    1498.04    197.205    198.096         38 0.0000e+00
     137943   5747.584   1282.917   1295.000     4.3499     4.3503   3.341160   3.341132     1.9624     1.6365     100.00   22.27421  -96.18000    0.00017   -0.00010     4.5386     4.5555     4.2446     4.2451    34.9650    34.9641    27.7323    27.7316    1498.04    197.226    197.957         36 0.0000e+00
     138053   5752.172   1278.966   1291.000     4.3581     4.3588   3.341789   3.341773     1.9628     1.6375      80.20   22.27479  -96.18253    0.00010    0.00011     4.5364     4.5558     4.2531     4.2538    34.9657    34.9648    27.7320    27.7312    1498.08    197.131    197.972         34 0.0000e+00
     138085   5753.482   1277.979   1290.000     4.3586     4.3594   3.341709   3.341697     1.9624     1.6374     100.92   22.27421  -96.18000   -0.00006    0.00000     4.5344     4.5548     4.2537     4.2545    34.9647    34.9637    27.7311    27.7302    1498.04    197.044    197.928         33 0.0000e+00
     138187   5757.751   1274.028   1286.000     4.3615     4.3620   3.341911   3.341867     1.9620     1.6362     100.00   22.27501  -96.18351   -0.00010   -0.00030     4.5304     4.5474     4.2570     4.2575    34.9660    34.9650    27.7318    27.7310    1498.09    196.868    197.607         31 0.0000e+00
     138213   5758.854   1273.040   1285.000     4.3614     4.3619   3.341738   3.341704     1.9617     1.6361     100.00   22.27421  -96.18000   -0.00017   -0.00032     4.5285     4.5463     4.2570     4.2575    34.9645    34.9636    27.7307    27.7299    1498.04    196.787    197.561         30 0.0000e+00
     138398   5766.523   1266.127   1278.000     4.3655     4.3660   3.341855   3.341812     1.9613     1.6361     100.00   22.27469  -96.18212   -0.00012    0.00003     4.5226     4.5420     4.2616     4.2621    34.9651    34.9641    27.7307    27.7298    1498.07    196.528    197.371         30 0.0000e+00
     138425   5767.677   1265.139   1277.000     4.3655     4.3662   3.341755   3.341715     1.9611     1.6360     100.00   22.27421  -96.18000   -0.00011    0.00006     4.5214     4.5409     4.2618     4.2624    34.9644    34.9632    27.7300    27.7291    1498.04    196.478    197.326         31 0.0000e+00
     138548   5772.777   1260.200   1272.000     4.3696     4.3696   3.341840   3.341765     1.9610     1.6361     100.00   22.27382  -96.17837   -0.00000    0.00008     4.5175     4.5378     4.2662     4.2662    34.9636    34.9627    27.7289    27.7282    1498.01    196.308    197.190         39 0.0000e+00
     138694   5778.857   1254.274   1266.000     4.3709     4.3713   3.341699   3.341655     1.9607     1.6361     100.00   22.27381  -96.17834   -0.00000    0.00001     4.5128     4.5340     4.2681     4.2685    34.9635    34.9626    27.7287    27.7279    1498.01    196.105    197.027         41 0.0000e+00
     138840   5784.974   1248.347   1260.000     4.3757     4.3761   3.341818   3.341775     1.9611     1.6363     100.00   22.27354  -96.17717    0.00012    0.00006     4.5100     4.5307     4.2734     4.2738    34.9628    34.9618    27.7275    27.7267    1498.00    195.980    196.884         34 0.0000e+00
     139339   5805.765   1228.590   1240.000     4.3869     4.3874   3.342049   3.342009     1.9610     1.6352      96.03   22.27450  -96.18131    0.00003    0.00005     4.4967     4.5131     4.2863     4.2868    34.9637    34.9627    27.7269    27.7260    1498.06    195.405    196.118         30 0.0000e+00
     139464   5810.942   1223.651   1235.000     4.3929     4.3930   3.342419   3.342351     1.9610     1.6361     100.00   22.27494  -96.18320 -8.930e-07    0.00016     4.4928     4.5129     4.2927     4.2928    34.9642    34.9633    27.7266    27.7258    1498.09    195.235    196.109         35 0.0000e+00
     139494   5812.221   1222.663   1234.000     4.3924     4.3928   3.342231   3.342200     1.9610     1.6357     100.00   22.27420  -96.18002   -0.00004   -0.00004     4.4922     4.5111     4.2923     4.2927    34.9630    34.9620    27.7257    27.7248    1498.04    195.211    196.030         31 0.0000e+00
     139606   5816.855   1217.723   1229.000     4.3996     4.4003   3.342533   3.342501     1.9605     1.6354     100.00   22.27332  -96.17625   -0.00008    0.00004     4.4869     4.5061     4.2999     4.3005    34.9614    34.9604    27.7235    27.7226    1497.98    194.979    195.812         39 0.0000e+00
     139731   5822.069   1212.784   1224.000     4.4045     4.4050   3.342841   3.342807     1.9599     1.6342     100.00   22.27414  -96.17979   -0.00011   -0.00025     4.4812     4.4980     4.3051     4.3056    34.9624    34.9615    27.7238    27.7230    1498.04    194.732    195.460         33 0.0000e+00
     140276   5844.799   1191.048   1202.000     4.4327     4.4338   3.344285   3.344295     1.9562     1.6312     100.00   22.27383  -96.17846   -0.00034   -0.00024     4.4514     4.4696     4.3351     4.3362    34.9606    34.9596    27.7191    27.7181    1498.02    193.438    194.229         40 0.0000e+00
     140420   5850.800   1185.119   1196.000     4.4374     4.4378   3.344440   3.344393     1.9557     1.6310     100.00   22.27389  -96.17882   -0.00007   -0.00001     4.4454     4.4649     4.3402     4.3407    34.9605    34.9595    27.7184    27.7176    1498.02    193.178    194.023         35 0.0000e+00
     140622   5859.216   1177.215   1188.000     4.4448     4.4454   3.344845   3.344811     1.9551     1.6309     100.00   22.27469  -96.18224   -0.00003   -0.00008     4.4378     4.4591     4.3483     4.3490    34.9614    34.9604    27.7183    27.7174    1498.07    192.846    193.771         33 0.0000e+00
     140653   5860.511   1176.226   1187.000     4.4450     4.4453   3.344729   3.344691     1.9549     1.6305      44.62   22.27418  -96.18006   -0.00007   -0.00011     4.4365     4.4569     4.3486     4.3489    34.9604    34.9596    27.7174    27.7168    1498.04    192.793    193.679         31 0.0000e+00
     140769   5865.327   1171.286   1182.000     4.4517     4.4536   3.345146   3.345225     1.9549     1.6301     100.00   22.27447  -96.18133   -0.00002   -0.00005     4.4326     4.4512     4.3557     4.3576    34.9607    34.9596    27.7169    27.7158    1498.06    192.622    193.429         31 0.0000e+00
     140991   5874.565   1162.392   1173.000     4.4652     4.4655   3.345834   3.345788     1.9530     1.6285     100.00   22.27387  -96.17875   -0.00019   -0.00003     4.4191     4.4386     4.3699     4.3702    34.9590    34.9580    27.7140    27.7132    1498.02    192.033    192.882         32 0.0000e+00
     141490   5895.369   1142.627   1153.000     4.5129     4.5133   3.349226   3.349180     1.9460     1.6206     100.00   22.27494  -96.18338   -0.00053   -0.00051     4.3767     4.3905     4.4189     4.4193    34.9586    34.9576    27.7083    27.7075    1498.09    190.191    190.792         35 0.0000e+00
     141519   5896.599   1141.639   1152.000     4.5119     4.5133   3.348965   3.349029     1.9450     1.6193     100.00   22.27418  -96.18008   -0.00066   -0.00054     4.3728     4.3851     4.4181     4.4194    34.9572    34.9563    27.7073    27.7064    1498.04    190.022    190.557         30 0.0000e+00
     141633   5901.354   1136.697   1147.000     4.5147     4.5152   3.349041   3.349001     1.9438     1.6194     100.00   22.27441  -96.18109   -0.00026    0.00006     4.3652     4.3820     4.4213     4.4218    34.9575    34.9565    27.7072    27.7063    1498.06    189.695    190.425         35 0.0000e+00
     142153   5923.006   1115.942   1126.000     4.5444     4.5466   3.350644   3.350750     1.9419     1.6175     100.00   22.27395  -96.17917   -0.00031   -0.00039     4.3429     4.3591     4.4526     4.4548    34.9554    34.9544    27.7021    27.7010    1498.03    188.727    189.430         30 0.0000e+00
     142276   5928.136   1111.000   1121.000     4.5547     4.5551   3.351332   3.351285     1.9400     1.6160      88.18   22.27397  -96.17926   -0.00036   -0.00011     4.3323     4.3497     4.4633     4.4637    34.9551    34.9542    27.7007    27.6999    1498.03    188.266    189.021         34 0.0000e+00
     142574   5940.524   1099.138   1109.000     4.5833     4.5835   3.353377   3.353314     1.9348     1.6106     100.00   22.27464  -96.18217   -0.00057   -0.00040     4.3033     4.3187     4.4927     4.4930    34.9550    34.9540    27.6974    27.6965    1498.07    187.006    187.674         30 0.0000e+00
     142722   5946.691   1096.173   1106.000     4.5830     4.5836   3.353271   3.353240     1.9328     1.6104     100.00   22.27510  -96.18414   -0.00032   -0.00007     4.2949     4.3159     4.4927     4.4932    34.9556    34.9547    27.6978    27.6970    1498.10    186.639    187.555         46 0.0000e+00
