Gulf of Mexico/GOMECC-4/1db/rb2103_0801.cnv
* Sea-Bird SBE 9 Data File:
* FileName = C:\Users\scs.user.rb\CTD\GOMECC4\data\rb2103_0801.hex
* Software Version Seasave V 7.26.7.107
* Temperature SN = 4799
* Conductivity SN = 3860
* Number of Bytes Per Scan = 41
* Number of Voltage Words = 4
* Number of Scans Averaged by the Deck Unit = 1
* NMEA Latitude = 22 16.43 N
* NMEA Longitude = 096 46.23 W
* NMEA UTC (Time) = Oct 06 2021  09:45:19
* NMEA baud rate = 4800
# nquan = 28
# nvalues = 914                         
# units = specified
# name 0 = scan: Scan Count
# name 1 = timeS: Time, Elapsed [seconds]
# name 2 = depSM: Depth [salt water, m]
# name 3 = prDM: Pressure, Digiquartz [db]
# name 4 = t090C: Temperature [ITS-90, deg C]
# name 5 = t190C: Temperature, 2 [ITS-90, deg C]
# name 6 = c0S/m: Conductivity [S/m]
# name 7 = c1S/m: Conductivity, 2 [S/m]
# name 8 = sbeox0V: Oxygen raw, SBE 43 [V]
# name 9 = sbeox1V: Oxygen raw, SBE 43, 2 [V]
# name 10 = altM: Altimeter [m]
# name 11 = latitude: Latitude [deg]
# name 12 = longitude: Longitude [deg]
# name 13 = sbox0dV/dT: Oxygen, SBE 43 [dov/dt]
# name 14 = sbox1dV/dT: Oxygen, SBE 43, 2 [dov/dt]
# name 15 = sbeox0ML/L: Oxygen, SBE 43 [ml/l], WS = 5
# name 16 = sbeox1ML/L: Oxygen, SBE 43, 2 [ml/l], WS = 5
# name 17 = potemp090C: Potential Temperature [ITS-90, deg C]
# name 18 = potemp190C: Potential Temperature, 2 [ITS-90, deg C]
# name 19 = sal00: Salinity, Practical [PSU]
# name 20 = sal11: Salinity, Practical, 2 [PSU]
# name 21 = sigma-é00: Density [sigma-theta, kg/m^3]
# name 22 = sigma-é11: Density, 2 [sigma-theta, kg/m^3]
# name 23 = avgsvCM: Average Sound Velocity [Chen-Millero, m/s], minP = 20, minS = 20
# name 24 = sbox0Mm/Kg: Oxygen, SBE 43 [umol/kg], WS = 5
# name 25 = sbox1Mm/Kg: Oxygen, SBE 43, 2 [umol/kg], WS = 5
# name 26 = nbin: number of scans per bin
# name 27 = flag: flag
# span 0 =       8237,     155916       
# span 1 =    343.165,   6496.443       
# span 2 =      0.994,   2014.466       
# span 3 =      1.000,   2037.000       
# span 4 =     4.2662,    29.5762       
# span 5 =     4.2667,    29.6147       
# span 6 =   3.341237,   5.975889       
# span 7 =   3.341201,   5.976338       
# span 8 =     1.5711,     3.2217       
# span 9 =     1.2735,     2.7516       
# span 10 =       9.74,     102.03      
# span 11 =   22.23052,   22.52182      
# span 12 =  -97.84783,  -96.58208      
# span 13 =   -0.06339,    0.06281      
# span 14 =   -0.05978,    0.06544      
# span 15 =     2.3908,     4.8936      
# span 16 =     2.4069,     4.8955      
# span 17 =     4.1052,    29.5728      
# span 18 =     4.1058,    29.6113      
# span 19 =    34.9051,    36.4870      
# span 20 =    34.9045,    36.4877      
# span 21 =    22.7046,    27.7539      
# span 22 =    22.7048,    27.7529      
# span 23 =       0.00,    1545.61      
# span 24 =    103.967,    213.334      
# span 25 =    104.670,    213.415      
# span 26 =         30,         71      
# span 27 = 0.0000e+00, 0.0000e+00      
# interval = decibars: 1                
# start_time = Oct 06 2021 09:45:19 [NMEA time, header]
# bad_flag = -9.990e-29
*END*
[from data line 518]
      92933   3872.178   1184.131   1195.000     4.4386     4.4390   3.344523   3.344493     1.9586     1.6349     100.00   22.27394  -96.77086    0.00029    0.00013     4.4552     4.4794     4.3416     4.3419    34.9607    34.9599    27.7184    27.7178    1496.63    193.602    194.654         30 0.0000e+00
      93035   3876.398   1180.179   1191.000     4.4415     4.4416   3.344700   3.344635     1.9590     1.6356      87.78   22.27455  -96.77351    0.00006    0.00019     4.4541     4.4793     4.3448     4.3449    34.9618    34.9608    27.7190    27.7182    1496.67    193.554    194.650         31 0.0000e+00
      93064   3877.614   1179.191   1190.000     4.4418     4.4420   3.344581   3.344536     1.9590     1.6352     100.29   22.27394  -96.77086    0.00009    0.00012     4.4534     4.4771     4.3452     4.3454    34.9605    34.9597    27.7179    27.7173    1496.63    193.526    194.554         31 0.0000e+00
      93434   3893.033   1165.357   1176.000     4.4641     4.4652   3.345951   3.345969     1.9573     1.6336      92.47   22.27413  -96.77167   -0.00034   -0.00020     4.4364     4.4599     4.3686     4.3696    34.9600    34.9591    27.7150    27.7141    1496.64    192.787    193.808         33 0.0000e+00
      93594   3899.714   1159.427   1170.000     4.4683     4.4691   3.346020   3.346026     1.9555     1.6322     100.00   22.27397  -96.77099   -0.00017   -0.00009     4.4260     4.4505     4.3733     4.3740    34.9594    34.9587    27.7139    27.7133    1496.63    192.333    193.402         33 0.0000e+00
      93753   3906.326   1153.498   1164.000     4.4704     4.4708   3.345999   3.345964     1.9558     1.6323      90.95   22.27437  -96.77276    0.00015    0.00013     4.4233     4.4475     4.3759     4.3763    34.9600    34.9592    27.7141    27.7135    1496.66    192.216    193.269         33 0.0000e+00
      93783   3907.602   1152.510   1163.000     4.4707     4.4711   3.345918   3.345888     1.9560     1.6325     100.12   22.27394  -96.77088    0.00015    0.00024     4.4233     4.4474     4.3763     4.3766    34.9592    34.9584    27.7134    27.7128    1496.63    192.219    193.265         31 0.0000e+00
      93968   3915.278   1145.592   1156.000     4.4726     4.4731   3.345802   3.345781     1.9560     1.6326     100.00   22.27410  -96.77158   -0.00000    0.00000     4.4191     4.4437     4.3787     4.3793    34.9594    34.9586    27.7134    27.7127    1496.64    192.036    193.104         33 0.0000e+00
      94125   3921.849   1139.662   1150.000     4.4856     4.4875   3.346657   3.346784     1.9560     1.6316     100.00   22.27403  -96.77127   -0.00004   -0.00038     4.4140     4.4345     4.3922     4.3941    34.9587    34.9582    27.7113    27.7107    1496.64    191.813    192.706         41 0.0000e+00
      94282   3928.390   1133.732   1144.000     4.5101     4.5118   3.348580   3.348635     1.9538     1.6295     100.00   22.27426  -96.77229   -0.00030   -0.00042     4.3997     4.4199     4.4170     4.4187    34.9584    34.9573    27.7084    27.7073    1496.65    191.191    192.070         35 0.0000e+00
      94316   3929.776   1132.744   1143.000     4.5101     4.5127   3.348485   3.348612     1.9527     1.6284      41.17   22.27394  -96.77088   -0.00059   -0.00081     4.3952     4.4150     4.4172     4.4197    34.9577    34.9565    27.7078    27.7066    1496.63    190.998    191.858         32 0.0000e+00
      94470   3936.206   1126.814   1137.000     4.5358     4.5370   3.350490   3.350510     1.9491     1.6249      99.02   22.27440  -96.77288   -0.00063   -0.00052     4.3758     4.3951     4.4432     4.4443    34.9572    34.9562    27.7045    27.7036    1496.66    190.155    190.994         35 0.0000e+00
      94502   3937.539   1125.826   1136.000     4.5375     4.5422   3.350505   3.350804     1.9479     1.6235     100.03   22.27394  -96.77088   -0.00081   -0.00083     4.3709     4.3884     4.4449     4.4496    34.9561    34.9547    27.7035    27.7018    1496.63    189.941    190.705         31 0.0000e+00
      94658   3944.030   1119.895   1130.000     4.5849     4.5875   3.354414   3.354541     1.9425     1.6167     100.00   22.27423  -96.77213   -0.00122   -0.00144     4.3422     4.3534     4.4925     4.4950    34.9549    34.9537    27.6973    27.6960    1496.65    188.698    189.184         34 0.0000e+00
      94815   3950.598   1113.965   1124.000     4.6059     4.6082   3.355934   3.355979     1.9352     1.6112     100.00   22.27367  -96.76970   -0.00095   -0.00058     4.3104     4.3263     4.5138     4.5160    34.9536    34.9518    27.6939    27.6922    1496.61    187.317    188.004         30 0.0000e+00
      94976   3957.272   1108.034   1118.000     4.6286     4.6294   3.357688   3.357683     1.9303     1.6071     100.00   22.27430  -96.77244   -0.00065   -0.00060     4.2869     4.3046     4.5368     4.5377    34.9532    34.9523    27.6910    27.6902    1496.65    186.295    187.065         31 0.0000e+00
      95006   3958.545   1107.046   1117.000     4.6293     4.6300   3.357650   3.357641     1.9293     1.6065     100.00   22.27394  -96.77088   -0.00081   -0.00074     4.2828     4.3018     4.5376     4.5383    34.9525    34.9517    27.6904    27.6896    1496.63    186.117    186.944         33 0.0000e+00
      95135   3963.932   1102.103   1112.000     4.6326     4.6332   3.357763   3.357738     1.9268     1.6043     100.00   22.27426  -96.77227   -0.00038   -0.00042     4.2708     4.2902     4.5413     4.5419    34.9529    34.9520    27.6903    27.6895    1496.65    185.595    186.437         31 0.0000e+00
      95165   3965.153   1101.115   1111.000     4.6329     4.6332   3.357687   3.357641     1.9265     1.6044     100.00   22.27394  -96.77088   -0.00034   -0.00030     4.2693     4.2900     4.5418     4.5420    34.9522    34.9514    27.6896    27.6890    1496.63    185.529    186.430         30 0.0000e+00
      95321   3971.684   1095.184   1105.000     4.6371     4.6374   3.357836   3.357791     1.9259     1.6044      80.69   22.27415  -96.77181   -0.00010   -0.00002     4.2631     4.2862     4.5465     4.5468    34.9525    34.9516    27.6894    27.6886    1496.64    185.261    186.265         32 0.0000e+00
      95352   3972.967   1094.196   1104.000     4.6372     4.6383   3.357765   3.357780     1.9256     1.6044      99.00   22.27394  -96.77090   -0.00007   -0.00002     4.2617     4.2855     4.5467     4.5477    34.9521    34.9511    27.6890    27.6881    1496.63    185.201    186.235         30 0.0000e+00
      95537   3980.650   1087.276   1097.000     4.6545     4.6562   3.359004   3.359065     1.9258     1.6038     100.00   22.27420  -96.77202    0.00001   -0.00012     4.2564     4.2771     4.5644     4.5661    34.9518    34.9508    27.6868    27.6859    1496.65    184.968    185.870         32 0.0000e+00
      95567   3981.924   1086.288   1096.000     4.6550     4.6582   3.358974   3.359150     1.9249     1.6032     100.00   22.27394  -96.77090   -0.00019   -0.00036     4.2525     4.2741     4.5650     4.5682    34.9515    34.9502    27.6865    27.6851    1496.63    184.800    185.740         30 0.0000e+00
      95723   3988.416   1080.356   1090.000     4.6793     4.6814   3.360835   3.360909     1.9222     1.6003     100.00   22.27394  -96.77089   -0.00055   -0.00059     4.2370     4.2569     4.5896     4.5918    34.9506    34.9493    27.6831    27.6818    1496.63    184.129    184.991         33 0.0000e+00
      95881   3995.017   1074.424   1084.000     4.7001     4.7028   3.362360   3.362498     1.9186     1.5969     100.00   22.27380  -96.77030   -0.00054   -0.00067     4.2185     4.2380     4.6108     4.6135    34.9496    34.9483    27.6799    27.6786    1496.62    183.323    184.172         33 0.0000e+00
      96311   4012.903   1058.606   1068.000     4.7450     4.7455   3.365587   3.365551     1.9098     1.5886      99.04   22.27398  -96.77108   -0.00012   -0.00031     4.1735     4.1929     4.6568     4.6573    34.9481    34.9472    27.6735    27.6727    1496.63    181.369    182.214         30 0.0000e+00
      96418   4017.387   1054.651   1064.000     4.7628     4.7650   3.366978   3.367111     1.9085     1.5874     100.00   22.27424  -96.77221   -0.00028   -0.00027     4.1649     4.1838     4.6748     4.6770    34.9476    34.9468    27.6711    27.6702    1496.65    180.995    181.818         33 0.0000e+00
      96547   4022.762   1049.708   1059.000     4.7876     4.7856   3.368954   3.368721     1.9059     1.5846     100.00   22.27447  -96.77319   -0.00044   -0.00048     4.1502     4.1681     4.6999     4.6979    34.9471    34.9464    27.6679    27.6676    1496.67    180.356    181.138         31 0.0000e+00
      96580   4024.106   1048.719   1058.000     4.7858     4.7853   3.368680   3.368586     1.9045     1.5832     100.00   22.27394  -96.77090   -0.00064   -0.00061     4.1448     4.1623     4.6981     4.6977    34.9463    34.9457    27.6674    27.6670    1496.63    180.125    180.885         37 0.0000e+00
      96710   4029.540   1043.776   1053.000     4.8229     4.8236   3.371827   3.371835     1.9004     1.5789     100.00   22.27497  -96.77536   -0.00065   -0.00088     4.1235     4.1389     4.7354     4.7361    34.9465    34.9459    27.6634    27.6628    1496.70    179.199    179.867         36 0.0000e+00
      96742   4030.872   1042.787   1052.000     4.8207     4.8226   3.371463   3.371576     1.8983     1.5768      97.85   22.27394  -96.77090   -0.00116   -0.00144     4.1160     4.1307     4.7334     4.7352    34.9450    34.9443    27.6624    27.6617    1496.63    178.873    179.512         34 0.0000e+00
      97110   4046.218   1028.944   1038.000     4.8675     4.8675   3.374955   3.374886     1.8903     1.5704     100.00   22.27422  -96.77213   -0.00045   -0.00053     4.0753     4.0938     4.7811     4.7811    34.9435    34.9427    27.6558    27.6552    1496.65    177.103    177.908         31 0.0000e+00
      97141   4047.519   1027.955   1037.000     4.8675     4.8681   3.374874   3.374846     1.8893     1.5699     100.00   22.27394  -96.77090   -0.00049   -0.00055     4.0713     4.0915     4.7811     4.7817    34.9431    34.9422    27.6555    27.6546    1496.63    176.931    177.809         31 0.0000e+00
      97270   4052.872   1023.011   1032.000     4.8762     4.8767   3.375496   3.375471     1.8871     1.5671     100.00   22.27461  -96.77383   -0.00035   -0.00055     4.0600     4.0772     4.7903     4.7907    34.9437    34.9429    27.6549    27.6542    1496.68    176.440    177.186         33 0.0000e+00
      97302   4054.197   1022.022   1031.000     4.8741     4.8751   3.375175   3.375207     1.8862     1.5665     100.00   22.27394  -96.77092   -0.00042   -0.00052     4.0567     4.0746     4.7882     4.7892    34.9427    34.9420    27.6543    27.6536    1496.63    176.295    177.077         34 0.0000e+00
      97455   4060.598   1016.089   1025.000     4.8792     4.8797   3.375338   3.375329     1.8851     1.5669      99.95   22.27379  -96.77027   -0.00009    0.00003     4.0489     4.0723     4.7938     4.7943    34.9422    34.9416    27.6533    27.6527    1496.62    175.958    176.973         39 0.0000e+00
      97613   4067.183   1010.155   1019.000     4.8976     4.9034   3.376713   3.377167     1.8853     1.5666      90.62   22.27426  -96.77230    0.00015    0.00003     4.0444     4.0653     4.8127     4.8184    34.9421    34.9411    27.6510    27.6496    1496.65    175.764    176.672         31 0.0000e+00
      97646   4068.539   1009.166   1018.000     4.8943     4.8995   3.376355   3.376752     1.8848     1.5656      86.22   22.27394  -96.77092   -0.00007   -0.00021     4.0425     4.0616     4.8094     4.8146    34.9417    34.9409    27.6511    27.6499    1496.63    175.678    176.511         36 0.0000e+00
      97801   4075.001   1003.233   1012.000     4.9405     4.9420   3.380107   3.380180     1.8809     1.5605     100.00   22.27360  -96.76945   -0.00078   -0.00114     4.0208     4.0347     4.8558     4.8573    34.9399    34.9391    27.6443    27.6436    1496.61    174.740    175.342         32 0.0000e+00
      97961   4081.652    997.299   1006.000     4.9492     4.9502   3.380672   3.380685     1.8757     1.5579     100.00   22.27408  -96.77155   -0.00059   -0.00015     3.9985     4.0207     4.8650     4.8660    34.9403    34.9394    27.6437    27.6428    1496.64    173.770    174.736         31 0.0000e+00
      98556   4106.446    992.354   1001.000     4.9541     4.9561   3.381309   3.381438     1.8733     1.5565     100.01   22.27746  -96.78622   -0.00010    0.00010     3.9869     4.0120     4.8704     4.8723    34.9453    34.9447    27.6470    27.6463    1496.87    173.264    174.356         33 0.0000e+00
      99231   4134.584    991.365   1000.000     4.9572     4.9589   3.381081   3.381170     1.8722     1.5557     100.00   22.27393  -96.77093   -0.00001    0.00004     3.9826     4.0086     4.8735     4.8752    34.9396    34.9389    27.6421    27.6414    1496.63    173.077    174.210         44 0.0000e+00
     100440   4184.949    987.409    996.000     4.9606     4.9617   3.381329   3.381361     1.8722     1.5556     100.00   22.27476  -96.77454    0.00007    0.00008     3.9799     4.0057     4.8773     4.8783    34.9410    34.9403    27.6428    27.6421    1496.69    172.963    174.084         41 0.0000e+00
     100474   4186.363    986.420    995.000     4.9609     4.9621   3.381182   3.381233     1.8723     1.5556     100.00   22.27392  -96.77090    0.00006    0.00013     3.9798     4.0051     4.8777     4.8788    34.9394    34.9388    27.6415    27.6409    1496.63    172.957    174.058         30 0.0000e+00
     100597   4191.513    981.475    990.000     4.9768     4.9785   3.382330   3.382427     1.8726     1.5545     100.00   22.27366  -96.76975    0.00007   -0.00023     3.9766     3.9965     4.8939     4.8956    34.9386    34.9379    27.6389    27.6382    1496.61    172.821    173.682         30 0.0000e+00
     100629   4192.824    980.486    989.000     4.9773     4.9802   3.382354   3.382559     1.8722     1.5541     100.00   22.27392  -96.77090   -0.00022   -0.00043     3.9745     3.9943     4.8944     4.8973    34.9389    34.9382    27.6391    27.6382    1496.63    172.725    173.586         30 0.0000e+00
     100762   4198.368    975.540    984.000     5.0059     5.0106   3.384725   3.384951     1.8706     1.5514     100.00   22.27421  -96.77217   -0.00022   -0.00042     3.9632     3.9784     4.9233     4.9280    34.9389    34.9366    27.6358    27.6335    1496.65    172.235    172.899         34 0.0000e+00
     100794   4199.691    974.551    983.000     5.0100     5.0194   3.384923   3.385682     1.8693     1.5506     100.00   22.27392  -96.77090   -0.00061   -0.00079     3.9580     3.9745     4.9275     4.9368    34.9373    34.9355    27.6340    27.6315    1496.63    172.010    172.727         30 0.0000e+00
     100923   4205.065    969.606    978.000     5.0353     5.0373   3.387017   3.387105     1.8652     1.5459      92.97   22.27416  -96.77191   -0.00082   -0.00092     3.9385     3.9521     4.9530     4.9550    34.9377    34.9367    27.6314    27.6303    1496.65    171.162    171.754         30 0.0000e+00
     100954   4206.362    968.617    977.000     5.0368     5.0399   3.387022   3.387261     1.8636     1.5453      79.96   22.27392  -96.77090   -0.00102   -0.00078     3.9322     3.9491     4.9546     4.9577    34.9367    34.9363    27.6304    27.6297    1496.63    170.889    171.623         34 0.0000e+00
     101085   4211.848    963.671    972.000     5.0539     5.0545   3.388491   3.388469     1.8608     1.5438     100.00   22.27499  -96.77552   -0.00040   -0.00021     3.9181     3.9390     4.9721     4.9726    34.9383    34.9375    27.6297    27.6290    1496.70    170.277    171.189         32 0.0000e+00
