Gulf of Mexico/GOMECC-4/1db/rb2103_0531.cnv
* Sea-Bird SBE 9 Data File:
* FileName = C:\Users\scs.user.rb\CTD\GOMECC4\data\rb2103_0531.hex
* Software Version Seasave V 7.26.7.107
* Temperature SN = 4799
* Conductivity SN = 3860
* Number of Bytes Per Scan = 41
* Number of Voltage Words = 4
* Number of Scans Averaged by the Deck Unit = 1
* NMEA Latitude = 27 19.96 N
* NMEA Longitude = 095 00.01 W
* NMEA UTC (Time) = Sep 28 2021  09:37:15
* NMEA baud rate = 4800
# nquan = 28
# nvalues = 547                         
# units = specified
# name 0 = scan: Scan Count
# name 1 = timeS: Time, Elapsed [seconds]
# name 2 = depSM: Depth [salt water, m]
# name 3 = prDM: Pressure, Digiquartz [db]
# name 4 = t090C: Temperature [ITS-90, deg C]
# name 5 = t190C: Temperature, 2 [ITS-90, deg C]
# name 6 = c0S/m: Conductivity [S/m]
# name 7 = c1S/m: Conductivity, 2 [S/m]
# name 8 = sbeox0V: Oxygen raw, SBE 43 [V]
# name 9 = sbeox1V: Oxygen raw, SBE 43, 2 [V]
# name 10 = altM: Altimeter [m]
# name 11 = latitude: Latitude [deg]
# name 12 = longitude: Longitude [deg]
# name 13 = sbox0dV/dT: Oxygen, SBE 43 [dov/dt]
# name 14 = sbox1dV/dT: Oxygen, SBE 43, 2 [dov/dt]
# name 15 = sbeox0ML/L: Oxygen, SBE 43 [ml/l], WS = 5
# name 16 = sbeox1ML/L: Oxygen, SBE 43, 2 [ml/l], WS = 5
# name 17 = potemp090C: Potential Temperature [ITS-90, deg C]
# name 18 = potemp190C: Potential Temperature, 2 [ITS-90, deg C]
# name 19 = sal00: Salinity, Practical [PSU]
# name 20 = sal11: Salinity, Practical, 2 [PSU]
# name 21 = sigma-é00: Density [sigma-theta, kg/m^3]
# name 22 = sigma-é11: Density, 2 [sigma-theta, kg/m^3]
# name 23 = avgsvCM: Average Sound Velocity [Chen-Millero, m/s], minP = 20, minS = 20
# name 24 = sbox0Mm/Kg: Oxygen, SBE 43 [umol/kg], WS = 5
# name 25 = sbox1Mm/Kg: Oxygen, SBE 43, 2 [umol/kg], WS = 5
# name 26 = nbin: number of scans per bin
# name 27 = flag: flag
# span 0 =      12725,     204286       
# span 1 =    530.163,   8511.248       
# span 2 =      1.987,   1098.748       
# span 3 =      2.000,   1109.000       
# span 4 =     4.6670,   277.3591       
# span 5 =     4.6674,   463.5125       
# span 6 =   3.360456,  93.491392       
# span 7 =   3.360281,  93.497565       
# span 8 =     1.5863,    39.8447       
# span 9 =     1.2905,    42.3640       
# span 10 =      10.32,    1454.59      
# span 11 =   26.71391,  433.54736      
# span 12 =-1506.87161,  -92.84898      
# span 13 =   -0.04120,    0.05006      
# span 14 =   -0.03911,    0.05091      
# span 15 =     2.4381,    41.2798      
# span 16 =     2.4632,    69.0484      
# span 17 =     4.5757,   277.3476      
# span 18 =     4.5761,   463.4928      
# span 19 =    34.9092,   341.4786      
# span 20 =    34.9075,   570.6071      
# span 21 =    22.4272,   215.6892      
# span 22 =    22.2067,   360.3985      
# span 23 =       0.00,    1552.52      
# span 24 =    106.021,   1802.601      
# span 25 =    107.114,   3015.198      
# span 26 =         30,         71      
# span 27 = 0.0000e+00, 0.0000e+00      
# interval = decibars: 1                
# start_time = Sep 28 2021 09:37:15 [NMEA time, header]
# bad_flag = -9.990e-29
*END*
[from data line 156]
      19493    812.152    172.779    174.000    18.1886    18.1887   4.780966   4.780949     1.8608     1.5368      99.98   27.32741  -94.98136   -0.00098   -0.00057     2.5631     2.5881    18.1582    18.1583    36.4005    36.4009    26.3052    26.3054    1532.99    111.532    112.621         30 0.0000e+00
      19533    813.830    173.771    175.000    18.1613    18.1617   4.778354   4.778419     1.8592     1.5360     100.00   27.33282  -95.00015   -0.00072   -0.00055     2.5611     2.5881    18.1308    18.1312    36.4050    36.4051    26.3161    26.3160    1533.22    111.447    112.622         44 0.0000e+00
      19573    815.490    174.764    176.000    18.1240    18.1240   4.773907   4.773944     1.8568     1.5346     100.00   27.33282  -95.00014   -0.00129   -0.00068     2.5580     2.5871    18.0934    18.0933    36.3997    36.4000    26.3213    26.3216    1533.15    111.311    112.575         31 0.0000e+00
      19622    817.523    176.749    178.000    17.9540    17.9543   4.754008   4.754065     1.8549     1.5319      99.96   27.32315  -94.96652   -0.00103   -0.00107     2.5649     2.5912    17.9233    17.9235    36.3791    36.3793    26.3478    26.3479    1532.46    111.607    112.750         32 0.0000e+00
      19668    819.469    177.741    179.000    17.9229    17.9227   4.750583   4.750574     1.8559     1.5329     100.00   27.33282  -95.00014   -0.00014   -0.00046     2.5679     2.5943    17.8920    17.8918    36.3775    36.3775    26.3544    26.3545    1532.93    111.740    112.885         46 0.0000e+00
      19757    823.157    180.719    182.000    17.7343    17.7344   4.727897   4.727940     1.8512     1.5281      99.97   27.32420  -94.97018   -0.00097   -0.00104     2.5688     2.5932    17.7031    17.7032    36.3455    36.3458    26.3756    26.3758    1532.23    111.774    112.837         39 0.0000e+00
      19804    825.139    181.711    183.000    17.7093    17.7093   4.725782   4.725789     1.8481     1.5258     100.00   27.33282  -95.00014   -0.00201   -0.00215     2.5632     2.5890    17.6779    17.6780    36.3529    36.3529    26.3884    26.3884    1532.64    111.530    112.654         39 0.0000e+00
      19893    828.843    184.689    186.000    17.5055    17.5060   4.701401   4.701477     1.8360     1.5134      99.98   27.32765  -94.98217   -0.00293   -0.00333     2.5478     2.5696    17.4739    17.4743    36.3209    36.3211    26.4133    26.4134    1532.13    110.856    111.805         43 0.0000e+00
      19937    830.673    185.682    187.000    17.4861    17.4864   4.699562   4.699602     1.8298     1.5065     100.00   27.33282  -95.00014   -0.00406   -0.00420     2.5350     2.5538    17.4543    17.4547    36.3240    36.3241    26.4210    26.4210    1532.35    110.299    111.117         34 0.0000e+00
      19991    832.917    187.667    189.000    17.4175    17.4174   4.691073   4.691074     1.8243     1.5035      96.77   27.32874  -94.98594   -0.00274   -0.00220     2.5269     2.5503    17.3855    17.3854    36.3093    36.3094    26.4261    26.4262    1531.98    109.947    110.965         33 0.0000e+00
      20032    834.634    188.659    190.000    17.3534    17.3527   4.683922   4.683872     1.8208     1.5004      96.71   27.33282  -95.00013   -0.00228   -0.00150     2.5225     2.5464    17.3213    17.3206    36.3059    36.3061    26.4395    26.4398    1532.13    109.754    110.792         42 0.0000e+00
      20069    836.146    189.652    191.000    17.3083    17.3083   4.678780   4.678779     1.8187     1.4992     100.05   27.33282  -95.00012   -0.00212   -0.00154     2.5205     2.5460    17.2761    17.2761    36.3012    36.3012    26.4469    26.4469    1532.06    109.663    110.775         31 0.0000e+00
      20126    838.562    191.637    193.000    17.1952    17.1954   4.665252   4.665276     1.8153     1.4962      97.85   27.32873  -94.98591   -0.00109   -0.00089     2.5196     2.5452    17.1628    17.1630    36.2829    36.2829    26.4599    26.4599    1531.69    109.625    110.738         34 0.0000e+00
      20165    840.179    192.629    194.000    17.1657    17.1654   4.662093   4.662063     1.8135     1.4947      88.19   27.33282  -95.00012   -0.00140   -0.00111     2.5172     2.5433    17.1331    17.1329    36.2827    36.2826    26.4672    26.4673    1531.84    109.521    110.654         37 0.0000e+00
      20199    841.603    193.622    195.000    17.1079    17.1088   4.655317   4.655441     1.8121     1.4937     100.16   27.33282  -95.00012   -0.00141   -0.00104     2.5175     2.5442    17.0753    17.0762    36.2750    36.2754    26.4753    26.4753    1531.78    109.529    110.692         31 0.0000e+00
      20230    842.863    194.614    196.000    17.0581    17.0589   4.649445   4.649552     1.8108     1.4910     100.00   27.33282  -95.00012   -0.00112   -0.00117     2.5175     2.5400    17.0254    17.0261    36.2681    36.2683    26.4819    26.4819    1531.70    109.530    110.510         31 0.0000e+00
      20262    844.209    195.607    197.000    17.0341    17.0348   4.646668   4.646742     1.8098     1.4905      76.11   27.33282  -95.00012   -0.00086   -0.00133     2.5167     2.5404    17.0013    17.0019    36.2649    36.2650    26.4853    26.4852    1531.63    109.498    110.525         34 0.0000e+00
      20298    845.717    196.599    198.000    17.0160    17.0169   4.644582   4.644678     1.8092     1.4901      90.60   27.33282  -95.00011   -0.00073   -0.00066     2.5168     2.5406    16.9830    16.9839    36.2626    36.2626    26.4879    26.4877    1531.56    109.499    110.537         36 0.0000e+00
      20332    847.128    197.591    199.000    16.9955    16.9965   4.642161   4.642264     1.8087     1.4891     100.17   27.33282  -95.00010   -0.00045   -0.00036     2.5170     2.5394    16.9624    16.9634    36.2594    36.2594    26.4904    26.4902    1531.49    109.510    110.482         32 0.0000e+00
      20363    848.421    198.584    200.000    16.9568    16.9574   4.637573   4.637640     1.8072     1.4887     100.00   27.33282  -95.00010   -0.00050   -0.00059     2.5160     2.5408    16.9236    16.9242    36.2537    36.2537    26.4953    26.4952    1531.42    109.464    110.543         31 0.0000e+00
      20395    849.767    199.576    201.000    16.9155    16.9160   4.632792   4.632843     1.8063     1.4883      88.88   27.33282  -95.00010   -0.00086   -0.00042     2.5165     2.5423    16.8821    16.8826    36.2486    36.2486    26.5013    26.5011    1531.35    109.484    110.608         34 0.0000e+00
      20430    851.220    200.569    202.000    16.8783    16.8785   4.628541   4.628563     1.8061     1.4880      66.39   27.33282  -95.00010   -0.00067   -0.00029     2.5182     2.5438    16.8448    16.8451    36.2444    36.2443    26.5070    26.5069    1531.28    109.561    110.674         36 0.0000e+00
      20464    852.643    201.561    203.000    16.8483    16.8491   4.625103   4.625203     1.8059     1.4890     100.43   27.33282  -95.00010   -0.00026    0.00005     2.5199     2.5482    16.8147    16.8155    36.2408    36.2409    26.5114    26.5113    1531.21    109.630    110.864         31 0.0000e+00
      20495    853.922    202.554    204.000    16.8276    16.8296   4.622737   4.622957     1.8050     1.4884     100.00   27.33282  -95.00010   -0.00020    0.00020     2.5197     2.5480    16.7939    16.7959    36.2384    36.2385    26.5145    26.5140    1531.14    109.623    110.855         32 0.0000e+00
      20529    855.331    203.546    205.000    16.7614    16.7599   4.614862   4.614659     1.8035     1.4868     100.00   27.33282  -95.00010   -0.00061   -0.00026     2.5197     2.5476    16.7276    16.7261    36.2283    36.2279    26.5225    26.5225    1531.07    109.620    110.838         36 0.0000e+00
      20564    856.791    204.538    206.000    16.7312    16.7318   4.611281   4.611318     1.8017     1.4847     100.00   27.33282  -95.00010   -0.00105   -0.00116     2.5175     2.5445    16.6973    16.6978    36.2237    36.2235    26.5261    26.5259    1531.00    109.524    110.703         32 0.0000e+00
      20595    858.083    205.531    207.000    16.7164    16.7174   4.609470   4.609433     1.8006     1.4847     100.00   27.33282  -95.00010   -0.00112   -0.00109     2.5164     2.5455    16.6823    16.6833    36.2208    36.2209    26.5275    26.5273    1530.94    109.481    110.745         31 0.0000e+00
      20629    859.493    206.523    208.000    16.6653    16.6657   4.603517   4.603551     1.7997     1.4834     100.00   27.33282  -95.00008   -0.00095   -0.00057     2.5171     2.5454    16.6311    16.6315    36.2140    36.2139    26.5344    26.5342    1530.86    109.508    110.738         37 0.0000e+00
      20666    861.032    207.515    209.000    16.6495    16.6502   4.601749   4.601797     1.7985     1.4822     100.00   27.33282  -95.00008   -0.00070   -0.00070     2.5154     2.5434    16.6152    16.6159    36.2123    36.2121    26.5368    26.5365    1530.79    109.434    110.651         34 0.0000e+00
      20723    863.404    209.500    211.000    16.5855    16.5859   4.593889   4.593929     1.7967     1.4790      99.99   27.32913  -94.98724   -0.00063   -0.00105     2.5155     2.5393    16.5509    16.5513    36.1985    36.1985    26.5410    26.5409    1530.44    109.439    110.474         32 0.0000e+00
      20762    865.042    210.493    212.000    16.5299    16.5309   4.587727   4.587823     1.7951     1.4792     100.00   27.33282  -95.00008   -0.00089   -0.00090     2.5150     2.5430    16.4953    16.4963    36.1953    36.1952    26.5520    26.5517    1530.59    109.415    110.631         40 0.0000e+00
      20798    866.543    211.485    213.000    16.5114    16.5126   4.585614   4.585716     1.7940     1.4778     100.00   27.33282  -95.00008   -0.00104   -0.00042     2.5139     2.5408    16.4766    16.4779    36.1930    36.1927    26.5546    26.5542    1530.52    109.367    110.537         31 0.0000e+00
      20857    868.990    213.470    215.000    16.4637    16.4685   4.579641   4.580240     1.7929     1.4760      99.99   27.33055  -94.99219   -0.00043   -0.00090     2.5147     2.5391    16.4287    16.4335    36.1816    36.1825    26.5569    26.5565    1530.26    109.399    110.461         36 0.0000e+00
      20894    870.562    214.462    216.000    16.4244    16.4279   4.575340   4.575674     1.7919     1.4754     100.00   27.33282  -95.00006   -0.00052   -0.00058     2.5147     2.5400    16.3893    16.3928    36.1793    36.1793    26.5646    26.5638    1530.32    109.400    110.500         35 0.0000e+00
      20929    871.989    215.455    217.000    16.3703    16.3710   4.568886   4.568952     1.7903     1.4737     100.00   27.33282  -95.00006   -0.00080   -0.00060     2.5144     2.5391    16.3350    16.3358    36.1709    36.1708    26.5709    26.5706    1530.25    109.385    110.459         35 0.0000e+00
      20963    873.417    216.447    218.000    16.3110    16.3116   4.561982   4.562064     1.7893     1.4717      80.25   27.33282  -95.00006   -0.00089   -0.00108     2.5154     2.5373    16.2757    16.2763    36.1629    36.1631    26.5786    26.5786    1530.18    109.430    110.381         33 0.0000e+00
      21022    875.864    218.432    220.000    16.2569    16.2591   4.555505   4.555713     1.7864     1.4710      99.99   27.32988  -94.98984   -0.00099   -0.00079     2.5124     2.5391    16.2213    16.2235    36.1525    36.1524    26.5830    26.5824    1529.89    109.297    110.460         33 0.0000e+00
      21063    877.571    219.424    221.000    16.2267    16.2290   4.552208   4.552461     1.7850     1.4695     100.00   27.33282  -95.00005   -0.00099   -0.00026     2.5110     2.5371    16.1910    16.1934    36.1513    36.1514    26.5894    26.5889    1529.98    109.235    110.372         43 0.0000e+00
      21150    881.194    222.401    224.000    16.1396    16.1412   4.541009   4.541189     1.7819     1.4679      99.98   27.32332  -94.96700   -0.00059   -0.00016     2.5098     2.5387    16.1036    16.1052    36.1258    36.1259    26.5892    26.5889    1529.25    109.185    110.441         43 0.0000e+00
      21200    883.302    223.393    225.000    16.1039    16.1044   4.537733   4.537764     1.7804     1.4663     100.00   27.33282  -95.00004   -0.00095   -0.00062     2.5083     2.5366    16.0678    16.0683    36.1322    36.1320    26.6032    26.6030    1529.72    109.119    110.350         36 0.0000e+00
      21411    892.069    232.324    234.000    15.8648    15.8663   4.509903   4.510067     1.7742     1.4584     100.01   27.33495  -95.00742   -0.00063   -0.00094     2.5098     2.5318    15.8277    15.8291    36.0979    36.0980    26.6324    26.6321    1529.26    109.182    110.138         31 0.0000e+00
      21528    896.961    237.285    239.000    15.6621    15.6628   4.486154   4.486212     1.7683     1.4551     100.00   27.33290  -95.00029   -0.00108   -0.00058     2.5087     2.5360    15.6245    15.6251    36.0665    36.0665    26.6544    26.6542    1528.83    109.131    110.317         31 0.0000e+00
      21856    910.630    250.184    252.000    15.2095    15.2112   4.433378   4.433536     1.7534     1.4418     100.00   27.33297  -95.00057   -0.00101   -0.00090     2.5026     2.5297    15.1706    15.1723    35.9978    35.9977    26.7037    26.7032    1528.03    108.859    110.039         33 0.0000e+00
      21981    915.830    255.145    257.000    15.0287    15.0290   4.412043   4.412038     1.7513     1.4412      98.91   27.33147  -94.99535   -0.00032    0.00024     2.5092     2.5397    14.9894    14.9897    35.9668    35.9665    26.7200    26.7197    1527.64    109.146    110.469         33 0.0000e+00
      22108    921.145    260.106    262.000    14.9009    14.9027   4.397304   4.397475     1.7457     1.4342     100.00   27.33215  -94.99771   -0.00115   -0.00178     2.5046     2.5298    14.8611    14.8629    35.9478    35.9477    26.7337    26.7332    1527.38    108.944    110.038         31 0.0000e+00
      22236    926.468    265.066    267.000    14.7103    14.7111   4.375348   4.375409     1.7378     1.4276      76.28   27.33310  -95.00101   -0.00121   -0.00106     2.4978     2.5241    14.6700    14.6708    35.9204    35.9201    26.7545    26.7541    1527.13    108.643    109.790         31 0.0000e+00
      23635    984.767    319.626    322.000    13.1775    13.1784   4.199904   4.199944     1.6775     1.3738     100.00   27.33266  -94.99954   -0.00084   -0.00066     2.4522     2.4801    13.1324    13.1332    35.6827    35.6823    26.8952    26.8946    1524.02    106.648    107.860         30 0.0000e+00
      23792    991.292    325.577    328.000    13.0495    13.0506   4.185647   4.185687     1.6729     1.3701     100.01   27.33450  -95.00596   -0.00081   -0.00061     2.4497     2.4787    13.0037    13.0048    35.6652    35.6645    26.9078    26.9071    1523.80    106.538    107.801         32 0.0000e+00
      23890    995.380    329.544    332.000    12.9856    12.9863   4.178081   4.178096     1.6727     1.3688      97.77   27.33119  -94.99443    0.00005   -0.00018     2.4541     2.4808    12.9394    12.9402    35.6501    35.6495    26.9089    26.9083    1523.41    106.730    107.887         32 0.0000e+00
      24021   1000.844    334.503    337.000    12.8918    12.8927   4.167709   4.167721     1.6729     1.3700     100.00   27.33248  -94.99891    0.00006    0.00009     2.4617     2.4905    12.8452    12.8461    35.6376    35.6369    26.9183    26.9176    1523.22    107.060    108.309         30 0.0000e+00
      24946   1039.369    370.204    373.000    11.9862    11.9868   4.065955   4.065918     1.6712     1.3698     100.00   27.33204  -94.99735    0.00013    0.00027     2.5234     2.5546    11.9370    11.9375    35.4948    35.4939    26.9856    26.9849    1521.40    109.735    111.090         30 0.0000e+00
