Gulf of Mexico/GOMECC-4/1db/rb2103_1171.ros
* Sea-Bird SBE 9 Data File:
* FileName = C:\Users\scs.user.rb\CTD\GOMECC4\data\rb2103_1171.hex
* Software Version Seasave V 7.26.7.107
* Temperature SN = 4799
* Conductivity SN = 3860
* Number of Bytes Per Scan = 41
* Number of Voltage Words = 4
* Number of Scans Averaged by the Deck Unit = 1
* NMEA Latitude = 21 35.45 N
* NMEA Longitude = 086 30.17 W
* NMEA UTC (Time) = Oct 15 2021  23:00:47
* NMEA baud rate = 4800
# nquan = 17
# nvalues = 1596                                  
# units = specified
# name 0 = scan: Scan Count
# name 1 = timeS: Time, Elapsed [seconds]
# name 2 = depSM: Depth [salt water, m]
# name 3 = prDM: Pressure, Digiquartz [db]
# name 4 = t090C: Temperature [ITS-90, deg C]
# name 5 = t190C: Temperature, 2 [ITS-90, deg C]
# name 6 = c0S/m: Conductivity [S/m]
# name 7 = c1S/m: Conductivity, 2 [S/m]
# name 8 = sbeox0V: Oxygen raw, SBE 43 [V]
# name 9 = sbeox1V: Oxygen raw, SBE 43, 2 [V]
# name 10 = altM: Altimeter [m]
# name 11 = latitude: Latitude [deg]
# name 12 = longitude: Longitude [deg]
# name 13 = sbox0dV/dT: Oxygen, SBE 43 [dov/dt]
# name 14 = sbox1dV/dT: Oxygen, SBE 43, 2 [dov/dt]
# name 15 = nbf: Bottles Fired
# name 16 = flag:  0.000e+00
# interval = seconds: 0.0416667
# start_time = Oct 15 2021 23:00:47 [NMEA time, header]
# bad_flag = -9.990e-29
*END*
[from data line 426]
      20396    849.792     40.136     40.391    22.3289    22.3006   5.232073   5.228632     2.5006     2.0965      20.93   21.59242  -86.50334    0.00047   -0.00057          4  0.000e+00
      20397    849.833     40.184     40.438    22.3276    22.3009   5.232050   5.228609     2.5006     2.0952      20.93   21.59242  -86.50334    0.00049   -0.00059          4  0.000e+00
      20398    849.875     40.136     40.391    22.3275    22.3004   5.232148   5.228586     2.5006     2.0952      20.93   21.59242  -86.50334    0.00048   -0.00061          4  0.000e+00
      20399    849.917     40.183     40.438    22.3296    22.2997   5.232307   5.228632     2.5006     2.0952      20.93   21.59242  -86.50334    0.00049   -0.00063          4  0.000e+00
      20400    849.958     40.156     40.411    22.3326    22.3006   5.232450   5.228862     2.5031     2.0952      20.93   21.59242  -86.50334    0.00050   -0.00067          4  0.000e+00
      20401    850.000     40.136     40.391    22.3316    22.3035   5.232352   5.229214     2.5006     2.0952      20.93   21.59242  -86.50334    0.00048   -0.00070          4  0.000e+00
      20402    850.042     40.136     40.391    22.3294    22.3070   5.232179   5.229267     2.4994     2.0952      20.93   21.59242  -86.50334    0.00045   -0.00073          4  0.000e+00
      20403    850.083     40.136     40.391    22.3275    22.3079   5.232065   5.229244     2.5006     2.0952      20.93   21.59242  -86.50334    0.00046   -0.00076          4  0.000e+00
      20404    850.125     40.136     40.391    22.3289    22.3072   5.232020   5.229191     2.5006     2.0952      20.93   21.59242  -86.50334    0.00043   -0.00079          4  0.000e+00
      20405    850.167     40.204     40.459    22.3287    22.3063   5.231967   5.229091     2.4994     2.0952      20.93   21.59242  -86.50334    0.00039   -0.00082          4  0.000e+00
      20406    850.208     40.136     40.391    22.3260    22.3056   5.231929   5.228954     2.5006     2.0952      20.93   21.59242  -86.50334    0.00038   -0.00085          4  0.000e+00
      20407    850.250     40.136     40.391    22.3254    22.3047   5.231824   5.228869     2.5006     2.0952      20.93   21.59242  -86.50334    0.00035   -0.00088          4  0.000e+00
      20408    850.292     40.136     40.390    22.3268    22.3047   5.231688   5.228900     2.5006     2.0952      20.93   21.59242  -86.50334    0.00032   -0.00090          4  0.000e+00
      20409    850.333     40.136     40.390    22.3268    22.3040   5.231590   5.228808     2.5006     2.0952      20.93   21.59242  -86.50334    0.00033   -0.00093          4  0.000e+00
      20410    850.375     40.136     40.390    22.3254    22.3030   5.231438   5.228732     2.5006     2.0952      20.93   21.59242  -86.50334    0.00032   -0.00095          4  0.000e+00
      20411    850.417     40.156     40.411    22.3257    22.3026   5.231099   5.228632     2.5006     2.0952      20.93   21.59242  -86.50334    0.00029   -0.00097          4  0.000e+00
      20412    850.458     40.082     40.336    22.3268    22.3027   5.230706   5.228655     2.5006     2.0952      20.93   21.59242  -86.50334    0.00028   -0.00099          4  0.000e+00
      20413    850.500     40.136     40.390    22.3242    22.3023   5.230479   5.228655     2.4994     2.0952      20.95   21.59242  -86.50334    0.00025   -0.00101          4  0.000e+00
      20414    850.542     40.136     40.390    22.3210    22.3027   5.230366   5.228670     2.5006     2.0952      20.93   21.59242  -86.50334    0.00021   -0.00103          4  0.000e+00
      20415    850.583     40.136     40.390    22.3153    22.3029   5.230351   5.228556     2.4994     2.0952      20.93   21.59242  -86.50334    0.00018   -0.00105          4  0.000e+00
      20416    850.625     40.109     40.363    22.3139    22.3025   5.230245   5.228609     2.4994     2.0952      20.93   21.59242  -86.50334    0.00015   -0.00107          4  0.000e+00
      20417    850.667     40.082     40.336    22.3127    22.3031   5.229890   5.228762     2.4982     2.0952      20.93   21.59242  -86.50334    0.00010   -0.00109          4  0.000e+00
      20418    850.708     40.136     40.390    22.3112    22.3029   5.229543   5.228915     2.4994     2.0952      20.93   21.59242  -86.50334    0.00006   -0.00110          4  0.000e+00
      20419    850.750     40.136     40.390    22.3114    22.3043   5.229573   5.229038     2.4994     2.0952      20.93   21.59242  -86.50334    0.00003   -0.00112          4  0.000e+00
      20420    850.792     40.082     40.336    22.3095    22.3056   5.229838   5.229145     2.5006     2.0965      20.93   21.59242  -86.50334    0.00003   -0.00111          4  0.000e+00
      20421    850.833     40.109     40.363    22.3079    22.3054   5.230140   5.229191     2.4982     2.0965      20.93   21.59242  -86.50334   -0.00000   -0.00111          4  0.000e+00
      20422    850.875     40.082     40.336    22.3100    22.3054   5.230351   5.229206     2.4982     2.0965      20.93   21.59242  -86.50334   -0.00005   -0.00110          4  0.000e+00
      20423    850.917     40.082     40.336    22.3105    22.3063   5.230585   5.229145     2.4994     2.0977      20.93   21.59242  -86.50334   -0.00010   -0.00108          4  0.000e+00
      20424    850.958     40.082     40.336    22.3123    22.3061   5.230691   5.229114     2.5006     2.0965      20.93   21.59242  -86.50334   -0.00011   -0.00107          4  0.000e+00
      20425    851.000     40.136     40.390    22.3132    22.3052   5.230638   5.229091     2.5006     2.0977      20.93   21.59242  -86.50334   -0.00010   -0.00106          4  0.000e+00
      20426    851.042     40.034     40.288    22.3121    22.3047   5.230404   5.229130     2.4982     2.0977      20.93   21.59242  -86.50334   -0.00013   -0.00106          4  0.000e+00
      20427    851.083     40.109     40.363    22.3135    22.3065   5.230283   5.229198     2.4994     2.0977      20.93   21.59242  -86.50334   -0.00015   -0.00105          4  0.000e+00
      20428    851.125     40.082     40.336    22.3148    22.3070   5.230298   5.229298     2.5006     2.0977      20.93   21.59242  -86.50334   -0.00014   -0.00104          4  0.000e+00
      20429    851.167     40.034     40.288    22.3130    22.3072   5.230336   5.229336     2.4994     2.0977      20.93   21.59242  -86.50334   -0.00015   -0.00104          4  0.000e+00
      20430    851.208     40.082     40.336    22.3139    22.3072   5.230381   5.229275     2.4982     2.0977      20.93   21.59242  -86.50334   -0.00018   -0.00101          4  0.000e+00
      20431    851.250     40.034     40.288    22.3164    22.3077   5.230487   5.229306     2.4994     2.0977      20.93   21.59242  -86.50334   -0.00021   -0.00099          4  0.000e+00
      20432    851.292     40.109     40.363    22.3164    22.3081   5.230623   5.229374     2.5006     2.0977      20.93   21.59242  -86.50334   -0.00024   -0.00096          4  0.000e+00
      20433    851.333     40.034     40.288    22.3134    22.3086   5.230850   5.229535     2.4982     2.0989      20.93   21.59242  -86.50334   -0.00029   -0.00092          4  0.000e+00
      20434    851.375     40.034     40.288    22.3146    22.3111   5.231008   5.229696     2.4982     2.0989      20.98   21.59242  -86.50334   -0.00033   -0.00087          4  0.000e+00
      20435    851.417     40.034     40.288    22.3188    22.3116   5.231114   5.229658     2.4994     2.0989      21.00   21.59242  -86.50334   -0.00036   -0.00085          4  0.000e+00
      20436    851.458     40.034     40.288    22.3204    22.3098   5.231227   5.229512     2.4994     2.0989      21.00   21.59242  -86.50334   -0.00039   -0.00081          4  0.000e+00
      20437    851.500     40.054     40.308    22.3210    22.3090   5.231355   5.229443     2.4982     2.0989      21.00   21.59242  -86.50334   -0.00040   -0.00076          4  0.000e+00
      20438    851.542     40.034     40.288    22.3222    22.3077   5.231461   5.229321     2.4994     2.0989      21.00   21.59242  -86.50334   -0.00039   -0.00072          4  0.000e+00
      20439    851.583     40.034     40.288    22.3229    22.3077   5.231454   5.229359     2.4982     2.0989      21.00   21.59242  -86.50334   -0.00042   -0.00068          4  0.000e+00
      20440    851.625     40.034     40.288    22.3227    22.3084   5.231370   5.229436     2.4994     2.0989      21.00   21.59242  -86.50334   -0.00044   -0.00063          4  0.000e+00
      20441    851.667     39.987     40.240    22.3235    22.3091   5.231348   5.229596     2.4994     2.0989      21.03   21.59242  -86.50334   -0.00045   -0.00059          4  0.000e+00
      20442    851.708     40.007     40.261    22.3227    22.3093   5.231378   5.229811     2.4982     2.1001      21.00   21.59242  -86.50334   -0.00050   -0.00053          4  0.000e+00
      20443    851.750     40.034     40.288    22.3231    22.3113   5.231461   5.230017     2.4994     2.1001      21.00   21.59242  -86.50334   -0.00050   -0.00047          4  0.000e+00
      20444    851.792     39.987     40.240    22.3237    22.3127   5.231484   5.230048     2.4982     2.0989      21.00   21.59244  -86.50334   -0.00053   -0.00041          4  0.000e+00
      20445    851.833     39.987     40.240    22.3255    22.3132   5.231484   5.230193     2.4982     2.0989      21.00   21.59244  -86.50334   -0.00055   -0.00035          4  0.000e+00
      20446    851.875     40.034     40.288    22.3245    22.3136   5.231386   5.230354     2.4994     2.1001      21.00   21.59244  -86.50334   -0.00057   -0.00029          4  0.000e+00
      20447    851.917     39.987     40.240    22.3238    22.3141   5.231318   5.230454     2.4982     2.1001      21.00   21.59244  -86.50334   -0.00058   -0.00023          4  0.000e+00
      20448    851.958     40.007     40.261    22.3228    22.3147   5.231204   5.230568     2.4994     2.1001      21.00   21.59244  -86.50334   -0.00057   -0.00015          4  0.000e+00
      20449    852.000     39.987     40.240    22.3238    22.3176   5.231106   5.230829     2.4982     2.1001      21.00   21.59244  -86.50334   -0.00059   -0.00009          4  0.000e+00
      20450    852.042     39.987     40.240    22.3243    22.3227   5.231121   5.231004     2.4994     2.1001      20.98   21.59244  -86.50334   -0.00059   -0.00002          4  0.000e+00
      20451    852.083     39.987     40.240    22.3242    22.3243   5.231068   5.231234     2.4982     2.1001      21.00   21.59244  -86.50334   -0.00061    0.00006          4  0.000e+00
      20452    852.125     39.987     40.240    22.3222    22.3244   5.231015   5.231494     2.4982     2.1001      21.00   21.59244  -86.50334   -0.00060    0.00014          4  0.000e+00
      20453    852.167     39.960     40.213    22.3210    22.3243   5.230902   5.231617     2.4994     2.1001      21.00   21.59244  -86.50334   -0.00060    0.00020          4  0.000e+00
      20454    852.208     40.034     40.288    22.3213    22.3237   5.230842   5.231548     2.4982     2.1001      21.00   21.59244  -86.50334   -0.00062    0.00027          4  0.000e+00
      20455    852.250     39.932     40.186    22.3217    22.3236   5.230864   5.231510     2.4994     2.1001      21.00   21.59244  -86.50334   -0.00063    0.00033          4  0.000e+00
      20456    852.292     39.987     40.240    22.3208    22.3230   5.230766   5.231487     2.4982     2.1001      21.00   21.59244  -86.50334   -0.00065    0.00039          4  0.000e+00
      20457    852.333     39.932     40.186    22.3208    22.3225   5.230676   5.231441     2.4994     2.1001      21.00   21.59244  -86.50334   -0.00065    0.00045          4  0.000e+00
      20458    852.375     40.007     40.261    22.3172    22.3226   5.230623   5.231426     2.4994     2.1001      21.07   21.59244  -86.50334   -0.00065    0.00051          4  0.000e+00
      20459    852.417     39.885     40.138    22.3111    22.3230   5.230540   5.231494     2.4982     2.0989      21.10   21.59244  -86.50334   -0.00066    0.00055          4  0.000e+00
      20460    852.458     40.034     40.288    22.3116    22.3230   5.230585   5.231517     2.4994     2.1001      21.10   21.59244  -86.50334   -0.00066    0.00061          4  0.000e+00
      20461    852.500     39.932     40.186    22.3120    22.3220   5.230578   5.231479     2.4982     2.0989      21.10   21.59244  -86.50334   -0.00066    0.00064          4  0.000e+00
      20462    852.542     39.987     40.240    22.3109    22.3205   5.230593   5.231441     2.4982     2.0989      21.10   21.59244  -86.50334   -0.00067    0.00068          4  0.000e+00
      20463    852.583     39.959     40.213    22.3128    22.3206   5.230540   5.231456     2.4982     2.0989      21.10   21.59244  -86.50334   -0.00069    0.00072          4  0.000e+00
      20464    852.625     39.987     40.240    22.3132    22.3214   5.230517   5.231471     2.4994     2.0989      21.10   21.59244  -86.50334   -0.00068    0.00076          4  0.000e+00
      20465    852.667     39.932     40.186    22.3130    22.3223   5.230555   5.231441     2.4982     2.0989      21.10   21.59244  -86.50334   -0.00069    0.00079          4  0.000e+00
      20466    852.708     39.987     40.240    22.3184    22.3232   5.230600   5.231387     2.4994     2.0989      21.10   21.59244  -86.50334   -0.00069    0.00083          4  0.000e+00
      20467    852.750     39.932     40.186    22.3234    22.3235   5.230638   5.231318     2.4982     2.0977      21.10   21.59244  -86.50334   -0.00070    0.00083          4  0.000e+00
      20468    852.792     39.932     40.186    22.3268    22.3229   5.230653   5.231303     2.4982     2.0977      21.10   21.59244  -86.50334   -0.00071    0.00083          4  0.000e+00
      20469    852.833     39.959     40.213    22.3268    22.3226   5.230721   5.231226     2.4982     2.0977      21.10   21.59244  -86.50334   -0.00072    0.00084          4  0.000e+00
      20470    852.875     39.932     40.186    22.3245    22.3230   5.230736   5.231181     2.4982     2.0977      21.10   21.59244  -86.50334   -0.00073    0.00086          4  0.000e+00
      20471    852.917     39.986     40.240    22.3206    22.3231   5.230736   5.231066     2.4994     2.0977      21.10   21.59244  -86.50334   -0.00070    0.00086          4  0.000e+00
      20472    852.958     39.932     40.186    22.3160    22.3221   5.230638   5.230943     2.4982     2.0977      21.10   21.59244  -86.50334   -0.00069    0.00087          4  0.000e+00
      20473    853.000     39.932     40.186    22.3150    22.3218   5.230578   5.230913     2.4994     2.0977      21.10   21.59244  -86.50334   -0.00068    0.00087          4  0.000e+00
      20474    853.042     40.007     40.260    22.3144    22.3216   5.230570   5.230798     2.4982     2.0977      21.10   21.59244  -86.50334   -0.00068    0.00088          4  0.000e+00
      20475    853.083     39.932     40.185    22.3146    22.3209   5.230593   5.230805     2.4994     2.0977      21.10   21.59244  -86.50334   -0.00067    0.00088          4  0.000e+00
      20476    853.125     39.932     40.185    22.3128    22.3191   5.230676   5.230545     2.4982     2.0977      21.10   21.59244  -86.50334   -0.00068    0.00089          4  0.000e+00
      20477    853.167     39.932     40.185    22.3127    22.3145   5.230766   5.230369     2.4982     2.0977      21.10   21.59244  -86.50334   -0.00068    0.00089          4  0.000e+00
      20478    853.208     39.932     40.185    22.3144    22.3128   5.230744   5.230308     2.4982     2.0989      21.10   21.59244  -86.50334   -0.00068    0.00091          4  0.000e+00
      20479    853.250     40.007     40.260    22.3172    22.3145   5.230774   5.230255     2.4982     2.0989      21.10   21.59244  -86.50334   -0.00069    0.00094          4  0.000e+00
