Gulf of Mexico/GOMECC-4/1db/rb2103_0821.cnv
* Sea-Bird SBE 9 Data File:
* FileName = C:\Users\scs.user.rb\CTD\GOMECC4\data\rb2103_0821.hex
* Software Version Seasave V 7.26.7.107
* Temperature SN = 4799
* Conductivity SN = 3860
* Number of Bytes Per Scan = 41
* Number of Voltage Words = 4
* Number of Scans Averaged by the Deck Unit = 1
* NMEA Latitude = 22 16.54 N
* NMEA Longitude = 095 35.27 W
* NMEA UTC (Time) = Oct 06 2021  22:50:02
* NMEA baud rate = 4800
# nquan = 28
# nvalues = 976                         
# units = specified
# name 0 = scan: Scan Count
# name 1 = timeS: Time, Elapsed [seconds]
# name 2 = depSM: Depth [salt water, m]
# name 3 = prDM: Pressure, Digiquartz [db]
# name 4 = t090C: Temperature [ITS-90, deg C]
# name 5 = t190C: Temperature, 2 [ITS-90, deg C]
# name 6 = c0S/m: Conductivity [S/m]
# name 7 = c1S/m: Conductivity, 2 [S/m]
# name 8 = sbeox0V: Oxygen raw, SBE 43 [V]
# name 9 = sbeox1V: Oxygen raw, SBE 43, 2 [V]
# name 10 = altM: Altimeter [m]
# name 11 = latitude: Latitude [deg]
# name 12 = longitude: Longitude [deg]
# name 13 = sbox0dV/dT: Oxygen, SBE 43 [dov/dt]
# name 14 = sbox1dV/dT: Oxygen, SBE 43, 2 [dov/dt]
# name 15 = sbeox0ML/L: Oxygen, SBE 43 [ml/l], WS = 5
# name 16 = sbeox1ML/L: Oxygen, SBE 43, 2 [ml/l], WS = 5
# name 17 = potemp090C: Potential Temperature [ITS-90, deg C]
# name 18 = potemp190C: Potential Temperature, 2 [ITS-90, deg C]
# name 19 = sal00: Salinity, Practical [PSU]
# name 20 = sal11: Salinity, Practical, 2 [PSU]
# name 21 = sigma-é00: Density [sigma-theta, kg/m^3]
# name 22 = sigma-é11: Density, 2 [sigma-theta, kg/m^3]
# name 23 = avgsvCM: Average Sound Velocity [Chen-Millero, m/s], minP = 20, minS = 20
# name 24 = sbox0Mm/Kg: Oxygen, SBE 43 [umol/kg], WS = 5
# name 25 = sbox1Mm/Kg: Oxygen, SBE 43, 2 [umol/kg], WS = 5
# name 26 = nbin: number of scans per bin
# name 27 = flag: flag
# span 0 =      12221,     231714       
# span 1 =    509.163,   9654.688       
# span 2 =      0.994,   2979.777       
# span 3 =      1.000,   3020.000       
# span 4 =     4.2756,    29.7622       
# span 5 =     4.2762,    29.7662       
# span 6 =   3.345702,   6.014704       
# span 7 =   3.345683,   6.015252       
# span 8 =     1.5624,     3.3934       
# span 9 =     1.2651,     2.9061       
# span 10 =      10.94,     101.89      
# span 11 =   21.52081,   22.46482      
# span 12 =  -96.40962,  -92.35855      
# span 13 =   -0.06147,    0.04151      
# span 14 =   -0.05287,    0.04061      
# span 15 =     2.3637,     5.1246      
# span 16 =     2.3761,     5.1430      
# span 17 =     4.0784,    29.7580      
# span 18 =     4.0794,    29.7620      
# span 19 =    34.9132,    36.5390      
# span 20 =    34.9121,    36.5398      
# span 21 =    22.0451,    27.7583      
# span 22 =    22.0448,    27.7571      
# span 23 =       0.00,    1562.33      
# span 24 =    102.780,    223.469      
# span 25 =    103.321,    224.273      
# span 26 =         30,         74      
# span 27 = 0.0000e+00, 0.0000e+00      
# interval = decibars: 1                
# start_time = Oct 06 2021 22:50:02 [NMEA time, header]
# bad_flag = -9.990e-29
*END*
[from data line 674]
     161450   6727.024   1141.639   1152.000     4.7091     4.7106   3.366031   3.366038     1.8936     1.5737     100.00   22.27466  -95.59074   -0.00008    0.00017     4.1661     4.1853     4.6136     4.6151    34.9490    34.9475    27.6791    27.6778    1501.31    181.048    181.883         59 0.0000e+00
     161522   6730.059   1140.651   1151.000     4.7084     4.7095   3.365944   3.365895     1.8939     1.5731      98.86   22.27466  -95.59074    0.00010   -0.00006     4.1668     4.1830     4.6130     4.6141    34.9492    34.9475    27.6793    27.6779    1501.31    181.075    181.780         72 0.0000e+00
     161808   6741.947   1139.662   1150.000     4.7184     4.7198   3.366773   3.367023     1.8937     1.5732     100.04   22.27466  -95.59074    0.00011    0.00006     4.1639     4.1814     4.6229     4.6244    34.9487    34.9472    27.6778    27.6764    1501.31    180.951    181.712         52 0.0000e+00
     163299   6804.080   1138.674   1149.000     4.7417     4.7368   3.368733   3.368176     1.8887     1.5701     100.00   22.27464  -95.59076   -0.00003   -0.00003     4.1431     4.1672     4.6461     4.6413    34.9478    34.9463    27.6745    27.6738    1501.31    180.050    181.095         49 0.0000e+00
     163453   6810.492   1137.686   1148.000     4.7454     4.7402   3.369007   3.368410     1.8879     1.5698     100.00   22.27464  -95.59076   -0.00026   -0.00010     4.1393     4.1648     4.6499     4.6448    34.9476    34.9461    27.6739    27.6733    1501.31    179.884    180.993         55 0.0000e+00
     163500   6812.449   1136.697   1147.000     4.7534     4.7532   3.369656   3.369496     1.8880     1.5693      87.00   22.27464  -95.59076   -0.00002   -0.00013     4.1384     4.1608     4.6579     4.6577    34.9472    34.9456    27.6727    27.6715    1501.31    179.845    180.819         49 0.0000e+00
     163552   6814.643   1135.709   1146.000     4.7584     4.7592   3.370048   3.369996     1.8876     1.5682      81.43   22.27464  -95.59076   -0.00005   -0.00037     4.1358     4.1557     4.6630     4.6638    34.9471    34.9456    27.6720    27.6708    1501.31    179.730    180.597         51 0.0000e+00
     163595   6816.412   1134.720   1145.000     4.7583     4.7608   3.370026   3.370125     1.8868     1.5668     100.60   22.27464  -95.59076   -0.00028   -0.00065     4.1328     4.1495     4.6630     4.6655    34.9475    34.9458    27.6724    27.6707    1501.31    179.600    180.325         34 0.0000e+00
     163627   6817.734   1133.732   1144.000     4.7637     4.7656   3.370410   3.370470     1.8866     1.5659     100.00   22.27464  -95.59076   -0.00036   -0.00076     4.1303     4.1446     4.6684     4.6703    34.9470    34.9455    27.6713    27.6700    1501.31    179.491    180.116         33 0.0000e+00
     163666   6819.371   1132.744   1143.000     4.7675     4.7694   3.370729   3.370767     1.8863     1.5654     100.00   22.27464  -95.59076   -0.00023   -0.00056     4.1283     4.1421     4.6723     4.6742    34.9469    34.9453    27.6708    27.6694    1501.31    179.407    180.007         43 0.0000e+00
     163780   6824.140   1128.791   1139.000     4.7755     4.7769   3.371280   3.371266     1.8845     1.5641     100.00   22.27489  -95.59185   -0.00032   -0.00037     4.1191     4.1340     4.6806     4.6819    34.9470    34.9454    27.6700    27.6685    1501.33    179.008    179.656         30 0.0000e+00
     163810   6825.363   1127.802   1138.000     4.7759     4.7773   3.371244   3.371223     1.8842     1.5641      57.23   22.27464  -95.59076   -0.00029   -0.00035     4.1174     4.1334     4.6811     4.6825    34.9466    34.9449    27.6696    27.6681    1501.31    178.931    179.629         32 0.0000e+00
     163939   6830.770   1122.861   1133.000     4.7812     4.7823   3.371509   3.371473     1.8833     1.5629     100.00   22.27484  -95.59165   -0.00009   -0.00016     4.1110     4.1256     4.6868     4.6879    34.9466    34.9450    27.6690    27.6676    1501.32    178.655    179.289         33 0.0000e+00
     164222   6842.549   1111.988   1122.000     4.7940     4.7957   3.372067   3.372052     1.8817     1.5617     100.00   22.27433  -95.58943   -0.00014   -0.00011     4.0979     4.1137     4.7005     4.7021    34.9451    34.9432    27.6662    27.6645    1501.29    178.084    178.772         30 0.0000e+00
     164330   6847.055   1108.034   1118.000     4.8037     4.8049   3.372907   3.372873     1.8816     1.5616     100.00   22.27555  -95.59476   -0.00007   -0.00003     4.0943     4.1099     4.7105     4.7116    34.9468    34.9452    27.6664    27.6650    1501.37    177.927    178.605         34 0.0000e+00
     164358   6848.208   1107.046   1117.000     4.8034     4.8048   3.372710   3.372693     1.8809     1.5604     100.00   22.27462  -95.59080   -0.00019   -0.00025     4.0915     4.1051     4.7102     4.7117    34.9453    34.9436    27.6653    27.6637    1501.31    177.809    178.396         31 0.0000e+00
     164455   6852.271   1103.093   1113.000     4.8124     4.8135   3.373420   3.373371     1.8801     1.5600     100.00   22.27530  -95.59370   -0.00018   -0.00014     4.0855     4.1004     4.7196     4.7207    34.9461    34.9444    27.6648    27.6634    1501.36    177.547    178.193         32 0.0000e+00
     164483   6853.434   1102.104   1112.000     4.8121     4.8135   3.373239   3.373233     1.8797     1.5596     100.00   22.27462  -95.59080   -0.00020   -0.00016     4.0834     4.0983     4.7194     4.7207    34.9448    34.9433    27.6638    27.6625    1501.31    177.456    178.104         31 0.0000e+00
     164941   6872.498   1084.310   1094.000     4.8783     4.8803   3.378116   3.378218     1.8705     1.5506     100.00   22.27441  -95.58993   -0.00055   -0.00039     4.0343     4.0472     4.7867     4.7886    34.9423    34.9401    27.6542    27.6522    1501.30    175.323    175.882         30 0.0000e+00
     165150   6881.213   1076.402   1086.000     4.8970     4.8987   3.379506   3.379534     1.8668     1.5481     100.00   22.27470  -95.59118   -0.00044   -0.00030     4.0151     4.0312     4.8059     4.8076    34.9416    34.9402    27.6514    27.6501    1501.32    174.489    175.188         30 0.0000e+00
     165301   6887.506   1070.470   1080.000     4.9054     4.9070   3.379957   3.379956     1.8648     1.5458      95.46   22.27437  -95.58975   -0.00026   -0.00035     4.0039     4.0186     4.8148     4.8164    34.9409    34.9393    27.6499    27.6484    1501.29    174.004    174.640         35 0.0000e+00
     165688   6903.629   1055.640   1065.000     4.9247     4.9265   3.381015   3.381034     1.8628     1.5446      93.15   22.27448  -95.59032    0.00001    0.00011     3.9869     4.0039     4.8353     4.8372    34.9405    34.9388    27.6472    27.6456    1501.30    173.264    174.006         31 0.0000e+00
     165945   6914.331   1045.753   1055.000     4.9417     4.9427   3.382078   3.382052     1.8610     1.5433     100.00   22.27466  -95.59112   -0.00013   -0.00001     3.9738     3.9920     4.8531     4.8541    34.9400    34.9386    27.6448    27.6435    1501.31    172.696    173.485         30 0.0000e+00
     166072   6919.633   1040.809   1050.000     4.9451     4.9456   3.382118   3.382036     1.8608     1.5423     100.00   22.27429  -95.58953    0.00002   -0.00009     3.9701     3.9854     4.8569     4.8574    34.9394    34.9379    27.6438    27.6426    1501.29    172.535    173.201         34 0.0000e+00
     166202   6925.054   1035.865   1045.000     4.9663     4.9668   3.383791   3.383722     1.8605     1.5420     100.00   22.27457  -95.59075   -0.00007   -0.00023     3.9642     3.9794     4.8784     4.8790    34.9392    34.9377    27.6412    27.6400    1501.31    172.278    172.938         34 0.0000e+00
     166330   6930.383   1030.921   1040.000     4.9756     4.9781   3.384353   3.384437     1.8575     1.5397      96.45   22.27436  -95.58981   -0.00051   -0.00040     3.9501     3.9669     4.8881     4.8906    34.9384    34.9367    27.6394    27.6378    1501.29    171.668    172.396         31 0.0000e+00
     166977   6957.325   1006.199   1015.000     5.1671     5.1700   3.400161   3.400264     1.8337     1.5138     100.00   22.27502  -95.59276   -0.00198   -0.00214     3.8344     3.8365     5.0804     5.0833    34.9335    34.9317    27.6132    27.6115    1501.34    166.645    166.736         30 0.0000e+00
     167101   6962.512   1001.255   1010.000     5.1953     5.1950   3.402362   3.402025     1.8259     1.5079     100.00   22.27482  -95.59190   -0.00129   -0.00097     3.8021     3.8096     5.1089     5.1086    34.9320    34.9304    27.6086    27.6074    1501.33    165.239    165.565         30 0.0000e+00
     167481   6978.319    986.420    995.000     5.2460     5.2470   3.406104   3.406054     1.8139     1.4982     100.00   22.27440  -95.59014   -0.00048   -0.00032     3.7484     3.7609     5.1606     5.1616    34.9296    34.9279    27.6006    27.5992    1501.30    162.906    163.451         31 0.0000e+00
     168220   7009.121    957.736    966.000     5.3540     5.3554   3.414378   3.414373     1.7977     1.4835     100.00   22.27457  -95.59086   -0.00062   -0.00049     3.6678     3.6816     5.2705     5.2719    34.9267    34.9251    27.5852    27.5838    1501.31    159.406    160.005         31 0.0000e+00
     168347   7014.432    952.790    961.000     5.3652     5.3680   3.415140   3.415235     1.7967     1.4822     100.00   22.27450  -95.59056   -0.00017   -0.00024     3.6609     3.6729     5.2821     5.2849    34.9263    34.9244    27.5835    27.5817    1501.30    159.108    159.630         31 0.0000e+00
     168499   7020.770    947.844    956.000     5.3825     5.3847   3.416567   3.416640     1.7946     1.4808      86.25   22.27527  -95.59387   -0.00042   -0.00032     3.6497     3.6637     5.2997     5.3019    34.9272    34.9257    27.5821    27.5807    1501.36    158.621    159.231         36 0.0000e+00
     168551   7022.918    946.855    955.000     5.3806     5.3826   3.416244   3.416317     1.7934     1.4797      99.77   22.27458  -95.59092   -0.00053   -0.00042     3.6455     3.6593     5.2979     5.3000    34.9259    34.9246    27.5813    27.5800    1501.31    158.437    159.040         35 0.0000e+00
     168638   7026.538    945.866    954.000     5.3836     5.3819   3.416469   3.416023     1.7928     1.4797     100.00   22.27458  -95.59092   -0.00023   -0.00014     3.6427     3.6589     5.3010     5.2994    34.9258    34.9242    27.5809    27.5798    1501.31    158.316    159.022         48 0.0000e+00
     168725   7030.168    944.877    953.000     5.3837     5.3866   3.416432   3.416567     1.7927     1.4801      99.94   22.27456  -95.59092   -0.00009    0.00015     3.6416     3.6598     5.3012     5.3041    34.9258    34.9244    27.5808    27.5794    1501.31    158.270    159.059         46 0.0000e+00
     168815   7033.918    943.887    952.000     5.3859     5.3875   3.416584   3.416600     1.7922     1.4797      99.98   22.27456  -95.59092   -0.00011   -0.00008     3.6394     3.6576     5.3035     5.3051    34.9257    34.9243    27.5805    27.5792    1501.31    158.173    158.962         47 0.0000e+00
     168922   7038.371    942.898    951.000     5.3861     5.3865   3.416550   3.416471     1.7914     1.4793      99.79   22.27456  -95.59093   -0.00022   -0.00018     3.6362     3.6557     5.3038     5.3042    34.9257    34.9243    27.5805    27.5793    1501.31    158.032    158.882         45 0.0000e+00
     170068   7086.137    941.909    950.000     5.4034     5.4044   3.418028   3.417976     1.7895     1.4776     100.00   22.27456  -95.59096   -0.00000    0.00005     3.6274     3.6474     5.3211     5.3220    34.9251    34.9235    27.5779    27.5765    1501.31    157.653    158.521         54 0.0000e+00
     171279   7136.577    940.920    949.000     5.4160     5.4175   3.419109   3.419144     1.7873     1.4757     100.00   22.27456  -95.59098   -0.00006   -0.00012     3.6184     3.6385     5.3336     5.3352    34.9249    34.9237    27.5762    27.5751    1501.31    157.262    158.133         43 0.0000e+00
     171281   7136.662    939.930    948.000     5.4169     5.4213   3.419153   3.419423     1.7874     1.4753     100.00   22.27456  -95.59096   -0.00003   -0.00012     3.6183     3.6363     5.3346     5.3390    34.9250    34.9235    27.5762    27.5745    1501.31    157.256    158.040         43 0.0000e+00
     171340   7139.131    938.941    947.000     5.4196     5.4204   3.419345   3.419332     1.7876     1.4754      91.05   22.27456  -95.59096    0.00005   -0.00001     3.6182     3.6360     5.3374     5.3382    34.9248    34.9239    27.5757    27.5748    1501.31    157.251    158.026         39 0.0000e+00
     171380   7140.799    937.952    946.000     5.4284     5.4404   3.420330   3.420990     1.7877     1.4752      98.37   22.27456  -95.59096    0.00004   -0.00004     3.6166     3.6331     5.3462     5.3582    34.9235    34.9226    27.5736    27.5714    1501.31    157.185    157.898         39 0.0000e+00
     171414   7142.203    936.963    945.000     5.4419     5.4455   3.421138   3.421496     1.7876     1.4748     100.02   22.27456  -95.59096    0.00002   -0.00014     3.6148     3.6306     5.3597     5.3633    34.9246    34.9235    27.5728    27.5716    1501.31    157.103    157.793         30 0.0000e+00
     171445   7143.488    935.974    944.000     5.4524     5.4572   3.422130   3.422438     1.7874     1.4739     100.00   22.27456  -95.59096   -0.00003   -0.00034     3.6126     3.6254     5.3702     5.3750    34.9242    34.9227    27.5712    27.5694    1501.31    157.012    157.568         32 0.0000e+00
     171476   7144.783    934.984    943.000     5.4606     5.4641   3.422782   3.423036     1.7869     1.4728     100.00   22.27456  -95.59096   -0.00018   -0.00058     3.6096     3.6205     5.3785     5.3819    34.9236    34.9229    27.5698    27.5688    1501.31    156.880    157.353         30 0.0000e+00
     171536   7147.288    933.005    941.000     5.4713     5.4747   3.423735   3.423924     1.7851     1.4712     100.00   22.27487  -95.59230   -0.00061   -0.00071     3.6017     3.6127     5.3893     5.3927    34.9242    34.9227    27.5690    27.5674    1501.33    156.536    157.014         30 0.0000e+00
     171595   7149.748    931.027    939.000     5.4760     5.4780   3.424064   3.424119     1.7829     1.4695     100.00   22.27488  -95.59233   -0.00095   -0.00075     3.5928     3.6049     5.3942     5.3961    34.9243    34.9229    27.5684    27.5671    1501.33    156.148    156.675         30 0.0000e+00
     171623   7150.906    930.038    938.000     5.4775     5.4794   3.424117   3.424149     1.7819     1.4688     100.00   22.27456  -95.59096   -0.00087   -0.00071     3.5887     3.6018     5.3958     5.3976    34.9238    34.9222    27.5678    27.5664    1501.31    155.971    156.541         30 0.0000e+00
     171816   7158.941    923.113    931.000     5.4855     5.4867   3.424514   3.424499     1.7794     1.4675     100.00   22.27470  -95.59157   -0.00029   -0.00005     3.5763     3.5933     5.4043     5.4056    34.9236    34.9221    27.5666    27.5653    1501.32    155.433    156.170         30 0.0000e+00
     171846   7160.221    922.123    930.000     5.4858     5.4871   3.424481   3.424470     1.7793     1.4675     100.00   22.27456  -95.59096   -0.00022    0.00001     3.5754     3.5928     5.4048     5.4060    34.9233    34.9219    27.5663    27.5651    1501.31    155.393    156.149         31 0.0000e+00
