Gulf of Mexico/GOMECC-4/1db/rb2103_0261.ros
* Sea-Bird SBE 9 Data File:
* FileName = C:\Users\scs.user.rb\CTD\GOMECC4\data\rb2103_0261.hex
* Software Version Seasave V 7.26.7.107
* Temperature SN = 4799
* Conductivity SN = 3860
* Number of Bytes Per Scan = 41
* Number of Voltage Words = 4
* Number of Scans Averaged by the Deck Unit = 1
* NMEA Latitude = 28 20.64 N
* NMEA Longitude = 086 20.48 W
* NMEA UTC (Time) = Sep 21 2021  10:45:37
* NMEA baud rate = 4800
# nquan = 17
# nvalues = 2660                                  
# units = specified
# name 0 = scan: Scan Count
# name 1 = timeS: Time, Elapsed [seconds]
# name 2 = depSM: Depth [salt water, m]
# name 3 = prDM: Pressure, Digiquartz [db]
# name 4 = t090C: Temperature [ITS-90, deg C]
# name 5 = t190C: Temperature, 2 [ITS-90, deg C]
# name 6 = c0S/m: Conductivity [S/m]
# name 7 = c1S/m: Conductivity, 2 [S/m]
# name 8 = sbeox0V: Oxygen raw, SBE 43 [V]
# name 9 = sbeox1V: Oxygen raw, SBE 43, 2 [V]
# name 10 = altM: Altimeter [m]
# name 11 = latitude: Latitude [deg]
# name 12 = longitude: Longitude [deg]
# name 13 = sbox0dV/dT: Oxygen, SBE 43 [dov/dt]
# name 14 = sbox1dV/dT: Oxygen, SBE 43, 2 [dov/dt]
# name 15 = nbf: Bottles Fired
# name 16 = flag:  0.000e+00
# interval = seconds: 0.0416667
# start_time = Sep 21 2021 10:45:37 [NMEA time, header]
# bad_flag = -9.990e-29
*END*
[from data line 937]
      51452   2143.792    307.732    310.033    11.9212    11.9196   4.055335   4.055173     1.7082     1.4042     100.00   28.34364  -86.34042   -0.00008   -0.00018          8  0.000e+00
      51453   2143.833    307.785    310.087    11.9208    11.9198   4.055301   4.055159     1.7082     1.4042     100.00   28.34364  -86.34042   -0.00007   -0.00019          8  0.000e+00
      51454   2143.875    307.785    310.087    11.9207    11.9193   4.055294   4.055173     1.7094     1.4042     100.00   28.34364  -86.34042   -0.00006   -0.00020          8  0.000e+00
      51455   2143.917    307.785    310.087    11.9207    11.9196   4.055294   4.055173     1.7070     1.4042     100.00   28.34364  -86.34042   -0.00007   -0.00021          8  0.000e+00
      51456   2143.958    307.740    310.041    11.9208    11.9196   4.055294   4.055152     1.7070     1.4054     100.00   28.34364  -86.34042   -0.00010   -0.00020          8  0.000e+00
      51457   2144.000    307.785    310.087    11.9205    11.9196   4.055315   4.055173     1.7082     1.4042     100.00   28.34364  -86.34042   -0.00010   -0.00022          8  0.000e+00
      51458   2144.042    307.785    310.087    11.9207    11.9196   4.055247   4.055173     1.7082     1.4054     100.00   28.34364  -86.34042   -0.00010   -0.00021          8  0.000e+00
      51459   2144.083    307.732    310.033    11.9202    11.9198   4.055226   4.055180     1.7082     1.4042     100.00   28.34364  -86.34042   -0.00010   -0.00022          8  0.000e+00
      51460   2144.125    307.785    310.087    11.9200    11.9198   4.055192   4.055207     1.7082     1.4042     100.00   28.34364  -86.34042   -0.00010   -0.00023          8  0.000e+00
      51461   2144.167    307.786    310.087    11.9197    11.9196   4.055158   4.055193     1.7082     1.4042     100.00   28.34364  -86.34042   -0.00008   -0.00023          8  0.000e+00
      51462   2144.208    307.786    310.087    11.9197    11.9196   4.055172   4.055145     1.7082     1.4042     100.00   28.34364  -86.34042   -0.00006   -0.00024          8  0.000e+00
      51463   2144.250    307.732    310.033    11.9203    11.9191   4.055213   4.055118     1.7070     1.4042     100.00   28.34364  -86.34042   -0.00007   -0.00026          8  0.000e+00
      51464   2144.292    307.786    310.087    11.9193    11.9192   4.055192   4.055118     1.7070     1.4042     100.00   28.34364  -86.34042   -0.00009   -0.00027          8  0.000e+00
      51465   2144.333    307.786    310.087    11.9194    11.9194   4.055213   4.055097     1.7070     1.4054     100.00   28.34364  -86.34042   -0.00012   -0.00026          8  0.000e+00
      51466   2144.375    307.786    310.087    11.9193    11.9193   4.055192   4.055138     1.7070     1.4042     100.00   28.34364  -86.34042   -0.00013   -0.00026          8  0.000e+00
      51467   2144.417    307.733    310.033    11.9190    11.9192   4.055131   4.055124     1.7082     1.4042     100.00   28.34364  -86.34042   -0.00013   -0.00027          8  0.000e+00
      51468   2144.458    307.786    310.087    11.9189    11.9191   4.055118   4.055131     1.7082     1.4042     100.00   28.34364  -86.34042   -0.00013   -0.00027          8  0.000e+00
      51469   2144.500    307.793    310.095    11.9185    11.9191   4.055090   4.055118     1.7082     1.4042     100.00   28.34364  -86.34042   -0.00012   -0.00028          8  0.000e+00
      51470   2144.542    307.786    310.087    11.9189    11.9189   4.055104   4.055118     1.7082     1.4042     100.00   28.34364  -86.34042   -0.00012   -0.00028          8  0.000e+00
      51471   2144.583    307.733    310.034    11.9187    11.9187   4.055036   4.055056     1.7070     1.4042     100.00   28.34364  -86.34042   -0.00013   -0.00028          8  0.000e+00
      51472   2144.625    307.786    310.087    11.9182    11.9182   4.054982   4.055000     1.7082     1.4042     100.00   28.34364  -86.34042   -0.00013   -0.00029          8  0.000e+00
      51473   2144.667    307.733    310.034    11.9182    11.9179   4.054975   4.055000     1.7082     1.4054     100.00   28.34364  -86.34042   -0.00013   -0.00027          8  0.000e+00
      51474   2144.708    307.786    310.087    11.9180    11.9178   4.054948   4.054980     1.7082     1.4042     100.00   28.34364  -86.34042   -0.00014   -0.00028          8  0.000e+00
      51475   2144.750    307.786    310.087    11.9173    11.9176   4.054941   4.054959     1.7082     1.4042     100.00   28.34364  -86.34042   -0.00014   -0.00028          8  0.000e+00
      51476   2144.792    307.786    310.087    11.9172    11.9176   4.054900   4.054994     1.7082     1.4042     100.00   28.34364  -86.34042   -0.00013   -0.00028          8  0.000e+00
      51477   2144.833    307.733    310.034    11.9165    11.9179   4.054846   4.054980     1.7082     1.4054     100.00   28.34364  -86.34042   -0.00011   -0.00026          8  0.000e+00
      51478   2144.875    307.786    310.087    11.9168    11.9179   4.054886   4.054973     1.7082     1.4042     100.00   28.34364  -86.34042   -0.00011   -0.00027          8  0.000e+00
      51479   2144.917    307.733    310.034    11.9167    11.9178   4.054880   4.054987     1.7082     1.4042     100.00   28.34364  -86.34042   -0.00010   -0.00027          8  0.000e+00
      51480   2144.958    307.786    310.087    11.9169    11.9179   4.054920   4.054973     1.7070     1.4042     100.00   28.34364  -86.34042   -0.00012   -0.00027          8  0.000e+00
      51481   2145.000    307.740    310.041    11.9168    11.9179   4.054961   4.054973     1.7082     1.4042     100.00   28.34364  -86.34042   -0.00011   -0.00029          8  0.000e+00
      51482   2145.042    307.786    310.087    11.9173    11.9179   4.054975   4.054959     1.7082     1.4042     100.00   28.34364  -86.34042   -0.00011   -0.00029          8  0.000e+00
      51483   2145.083    307.733    310.034    11.9175    11.9181   4.055056   4.054938     1.7082     1.4042     100.00   28.34364  -86.34042   -0.00010   -0.00029          8  0.000e+00
      51484   2145.125    307.733    310.034    11.9184    11.9179   4.055158   4.054959     1.7082     1.4042     100.00   28.34364  -86.34042   -0.00010   -0.00029          8  0.000e+00
      51485   2145.167    307.786    310.087    11.9190    11.9178   4.055186   4.054945     1.7082     1.4042     100.00   28.34364  -86.34042   -0.00010   -0.00029          8  0.000e+00
      51486   2145.208    307.786    310.087    11.9193    11.9181   4.055213   4.055000     1.7082     1.4042     100.00   28.34364  -86.34042   -0.00009   -0.00029          8  0.000e+00
      51487   2145.250    307.733    310.034    11.9197    11.9179   4.055247   4.055007     1.7082     1.4042     100.00   28.34364  -86.34042   -0.00007   -0.00029          8  0.000e+00
      51488   2145.292    307.733    310.034    11.9198    11.9174   4.055233   4.055028     1.7082     1.4042     100.00   28.34364  -86.34042   -0.00007   -0.00029          8  0.000e+00
      51489   2145.333    307.786    310.087    11.9203    11.9178   4.055226   4.055000     1.7082     1.4054     100.00   28.34364  -86.34042   -0.00006   -0.00027          8  0.000e+00
      51490   2145.375    307.733    310.034    11.9202    11.9186   4.055247   4.054973     1.7082     1.4042     100.00   28.34364  -86.34042   -0.00006   -0.00027          8  0.000e+00
      51491   2145.417    307.733    310.034    11.9205    11.9189   4.055260   4.055056     1.7082     1.4042     100.00   28.34364  -86.34042   -0.00005   -0.00026          8  0.000e+00
      51492   2145.458    307.733    310.034    11.9203    11.9191   4.055199   4.055083     1.7070     1.4042     100.00   28.34364  -86.34042   -0.00006   -0.00026          8  0.000e+00
      51493   2145.500    307.741    310.042    11.9203    11.9189   4.055267   4.055042     1.7082     1.4042     100.00   28.34364  -86.34042   -0.00006   -0.00026          8  0.000e+00
      51494   2145.542    307.786    310.088    11.9206    11.9186   4.055294   4.055035     1.7082     1.4042     100.00   28.34364  -86.34042   -0.00005   -0.00027          8  0.000e+00
      51495   2145.583    307.733    310.034    11.9207    11.9186   4.055294   4.055014     1.7082     1.4042     100.00   28.34364  -86.34042   -0.00005   -0.00027          8  0.000e+00
      51496   2145.625    307.733    310.034    11.9207    11.9181   4.055315   4.055021     1.7082     1.4042     100.00   28.34364  -86.34042   -0.00003   -0.00027          8  0.000e+00
      51497   2145.667    307.733    310.034    11.9208    11.9182   4.055328   4.055035     1.7082     1.4042     100.00   28.34364  -86.34042   -0.00002   -0.00026          8  0.000e+00
      51498   2145.708    307.733    310.034    11.9205    11.9182   4.055301   4.055069     1.7082     1.4042     100.00   28.34364  -86.34042   -0.00002   -0.00028          8  0.000e+00
      51499   2145.750    307.733    310.034    11.9208    11.9186   4.055342   4.055062     1.7082     1.4042     100.00   28.34364  -86.34042   -0.00001   -0.00027          8  0.000e+00
      51500   2145.792    307.733    310.034    11.9208    11.9191   4.055308   4.055076     1.7082     1.4042     100.00   28.34364  -86.34042   -0.00001   -0.00027          8  0.000e+00
      51501   2145.833    307.733    310.034    11.9210    11.9189   4.055342   4.055104     1.7082     1.4042     100.00   28.34364  -86.34042 -8.792e-07   -0.00026          8  0.000e+00
      51502   2145.875    307.733    310.034    11.9208    11.9194   4.055322   4.055138     1.7082     1.4042     100.00   28.34364  -86.34042    0.00000   -0.00026          8  0.000e+00
      51503   2145.917    307.733    310.034    11.9208    11.9200   4.055294   4.055193     1.7082     1.4042     100.00   28.34364  -86.34042    0.00001   -0.00025          8  0.000e+00
      51504   2145.958    307.673    309.973    11.9207    11.9201   4.055315   4.055186     1.7082     1.4042     100.00   28.34364  -86.34042    0.00001   -0.00025          8  0.000e+00
      51505   2146.000    307.733    310.034    11.9210    11.9201   4.055301   4.055207     1.7082     1.4054     100.00   28.34364  -86.34042    0.00002   -0.00022          8  0.000e+00
      51506   2146.042    307.741    310.042    11.9208    11.9199   4.055315   4.055207     1.7082     1.4042     100.00   28.34364  -86.34042    0.00003   -0.00022          8  0.000e+00
      51507   2146.083    307.673    309.973    11.9206    11.9198   4.055301   4.055214     1.7082     1.4042     100.00   28.34364  -86.34042    0.00001   -0.00021          8  0.000e+00
      51508   2146.125    307.733    310.034    11.9200    11.9199   4.055267   4.055193     1.7082     1.4042     100.00   28.34364  -86.34042    0.00002   -0.00022          8  0.000e+00
      51509   2146.167    307.733    310.034    11.9200    11.9198   4.055281   4.055159     1.7082     1.4042     100.00   28.34364  -86.34042    0.00002   -0.00022          8  0.000e+00
      51510   2146.208    307.733    310.034    11.9198    11.9196   4.055267   4.055193     1.7082     1.4042     100.00   28.34364  -86.34042    0.00003   -0.00023          8  0.000e+00
      51511   2146.250    307.673    309.973    11.9198    11.9200   4.055233   4.055186     1.7082     1.4042     100.00   28.34364  -86.34042    0.00003   -0.00024          8  0.000e+00
      51512   2146.292    307.734    310.034    11.9198    11.9199   4.055226   4.055186     1.7082     1.4042     100.00   28.34364  -86.34042    0.00004   -0.00025          8  0.000e+00
      51513   2146.333    307.734    310.034    11.9200    11.9198   4.055226   4.055200     1.7082     1.4042     100.00   28.34364  -86.34042    0.00004   -0.00024          8  0.000e+00
      51514   2146.375    307.673    309.973    11.9200    11.9198   4.055247   4.055214     1.7082     1.4042     100.00   28.34364  -86.34042    0.00005   -0.00023          8  0.000e+00
      51515   2146.417    307.734    310.034    11.9207    11.9201   4.055281   4.055166     1.7082     1.4042     100.00   28.34364  -86.34042    0.00005   -0.00022          8  0.000e+00
      51516   2146.458    307.673    309.973    11.9207    11.9198   4.055294   4.055193     1.7082     1.4042     100.00   28.34364  -86.34042    0.00006   -0.00022          8  0.000e+00
      51517   2146.500    307.734    310.035    11.9202    11.9199   4.055294   4.055214     1.7082     1.4054     100.00   28.34364  -86.34042    0.00006   -0.00019          8  0.000e+00
      51518   2146.542    307.681    309.981    11.9203    11.9201   4.055294   4.055221     1.7082     1.4042     100.00   28.34364  -86.34042    0.00007   -0.00020          8  0.000e+00
      51519   2146.583    307.734    310.035    11.9205    11.9203   4.055294   4.055269     1.7082     1.4042     100.00   28.34364  -86.34042    0.00007   -0.00019          8  0.000e+00
      51520   2146.625    307.734    310.035    11.9205    11.9206   4.055294   4.055249     1.7082     1.4042     100.00   28.34364  -86.34042    0.00008   -0.00018          8  0.000e+00
      51521   2146.667    307.673    309.973    11.9204    11.9201   4.055294   4.055221     1.7082     1.4054     100.00   28.34364  -86.34042    0.00008   -0.00016          8  0.000e+00
      51522   2146.708    307.734    310.035    11.9197    11.9204   4.055294   4.055221     1.7082     1.4054     100.00   28.34364  -86.34042    0.00007   -0.00015          8  0.000e+00
      51523   2146.750    307.673    309.973    11.9193    11.9203   4.055294   4.055235     1.7082     1.4054     100.00   28.34364  -86.34042    0.00007   -0.00012          8  0.000e+00
      51524   2146.792    307.734    310.035    11.9198    11.9204   4.055315   4.055221     1.7082     1.4042     100.00   28.34364  -86.34042    0.00006   -0.00011          8  0.000e+00
      51525   2146.833    307.673    309.974    11.9203    11.9203   4.055301   4.055221     1.7082     1.4042     100.00   28.34364  -86.34042    0.00006   -0.00012          8  0.000e+00
      51526   2146.875    307.734    310.035    11.9208    11.9204   4.055315   4.055221     1.7082     1.4042     100.00   28.34364  -86.34042    0.00007   -0.00011          8  0.000e+00
      51527   2146.917    307.734    310.035    11.9208    11.9203   4.055301   4.055207     1.7082     1.4054     100.00   28.34364  -86.34042    0.00007   -0.00008          8  0.000e+00
      51528   2146.958    307.673    309.974    11.9207    11.9206   4.055315   4.055242     1.7082     1.4054     100.00   28.34364  -86.34042    0.00008   -0.00006          8  0.000e+00
      51529   2147.000    307.734    310.035    11.9207    11.9203   4.055274   4.055276     1.7094     1.4054     100.00   28.34364  -86.34042    0.00010   -0.00003          8  0.000e+00
      51530   2147.042    307.681    309.981    11.9205    11.9204   4.055267   4.055248     1.7082     1.4042     100.00   28.34364  -86.34042    0.00010   -0.00002          8  0.000e+00
      51531   2147.083    307.673    309.974    11.9205    11.9204   4.055288   4.055276     1.7082     1.4054     100.00   28.34364  -86.34042    0.00011   -0.00001          8  0.000e+00
      51532   2147.125    307.734    310.035    11.9203    11.9204   4.055294   4.055235     1.7082     1.4042     100.00   28.34364  -86.34042    0.00011 -1.545e-12          8  0.000e+00
      51533   2147.167    307.734    310.035    11.9205    11.9208   4.055267   4.055283     1.7082     1.4042     100.00   28.34364  -86.34042    0.00011   -0.00001          8  0.000e+00
      51534   2147.208    307.673    309.974    11.9201    11.9208   4.055260   4.055242     1.7082     1.4042     100.00   28.34364  -86.34042    0.00012   -0.00002          8  0.000e+00
      51535   2147.250    307.734    310.035    11.9200    11.9206   4.055260   4.055269     1.7082     1.4054     100.00   28.34364  -86.34042    0.00012   -0.00001          8  0.000e+00
