Gulf of Mexico/GOMECC-4/1db/rb2103_0411.ros
* Sea-Bird SBE 9 Data File:
* FileName = C:\Users\scs.user.rb\CTD\GOMECC4\data\rb2103_0411.hex
* Software Version Seasave V 7.26.7.107
* Temperature SN = 4799
* Conductivity SN = 3860
* Number of Bytes Per Scan = 41
* Number of Voltage Words = 4
* Number of Scans Averaged by the Deck Unit = 1
* NMEA Latitude = 28 04.43 N
* NMEA Longitude = 089 59.85 W
* NMEA UTC (Time) = Sep 26 2021  02:13:04
* NMEA baud rate = 4800
# nquan = 17
# nvalues = 1862                                  
# units = specified
# name 0 = scan: Scan Count
# name 1 = timeS: Time, Elapsed [seconds]
# name 2 = depSM: Depth [salt water, m]
# name 3 = prDM: Pressure, Digiquartz [db]
# name 4 = t090C: Temperature [ITS-90, deg C]
# name 5 = t190C: Temperature, 2 [ITS-90, deg C]
# name 6 = c0S/m: Conductivity [S/m]
# name 7 = c1S/m: Conductivity, 2 [S/m]
# name 8 = sbeox0V: Oxygen raw, SBE 43 [V]
# name 9 = sbeox1V: Oxygen raw, SBE 43, 2 [V]
# name 10 = altM: Altimeter [m]
# name 11 = latitude: Latitude [deg]
# name 12 = longitude: Longitude [deg]
# name 13 = sbox0dV/dT: Oxygen, SBE 43 [dov/dt]
# name 14 = sbox1dV/dT: Oxygen, SBE 43, 2 [dov/dt]
# name 15 = nbf: Bottles Fired
# name 16 = flag:  0.000e+00
# interval = seconds: 0.0416667
# start_time = Sep 26 2021 02:13:04 [NMEA time, header]
# bad_flag = -9.990e-29
*END*
[from data line 1107]
      64601   2691.667     60.279     60.692    24.1412    24.1411   5.457627   5.457770     2.5751     2.1722     100.00   28.08238  -89.99910    0.00013   -0.00075          9  0.000e+00
      64602   2691.708     60.279     60.692    24.1412    24.1411   5.457619   5.457770     2.5751     2.1722     100.00   28.08238  -89.99910    0.00014   -0.00083          9  0.000e+00
      64603   2691.750     60.279     60.692    24.1413    24.1412   5.457612   5.457770     2.5751     2.1722     100.00   28.08238  -89.99910    0.00014   -0.00091          9  0.000e+00
      64604   2691.792     60.226     60.639    24.1412    24.1411   5.457558   5.457770     2.5751     2.1722     100.00   28.08238  -89.99910    0.00013   -0.00099          9  0.000e+00
      64605   2691.833     60.279     60.692    24.1410    24.1412   5.457588   5.457700     2.5751     2.1722     100.00   28.08238  -89.99910    0.00012   -0.00107          9  0.000e+00
      64606   2691.875     60.226     60.639    24.1410    24.1414   5.457519   5.457777     2.5751     2.1722     100.00   28.08238  -89.99910    0.00013   -0.00115          9  0.000e+00
      64607   2691.917     60.279     60.692    24.1407    24.1415   5.457581   5.457785     2.5763     2.1722     100.00   28.08238  -89.99910    0.00016   -0.00122          9  0.000e+00
      64608   2691.958     60.279     60.692    24.1408    24.1412   5.457588   5.457770     2.5751     2.1722     100.00   28.08238  -89.99910    0.00016   -0.00128          9  0.000e+00
      64609   2692.000     60.226     60.639    24.1406    24.1412   5.457535   5.457770     2.5763     2.1722     100.00   28.08238  -89.99910    0.00017   -0.00133          9  0.000e+00
      64610   2692.042     60.219     60.631    24.1406    24.1414   5.457535   5.457801     2.5751     2.1709     100.00   28.08238  -89.99910    0.00017   -0.00140          9  0.000e+00
      64611   2692.083     60.226     60.639    24.1404    24.1416   5.457558   5.457746     2.5751     2.1722     100.00   28.08238  -89.99910    0.00018   -0.00145          9  0.000e+00
      64612   2692.125     60.279     60.692    24.1404    24.1417   5.457473   5.457723     2.5763     2.1722     100.00   28.08238  -89.99910    0.00020   -0.00150          9  0.000e+00
      64613   2692.167     60.166     60.578    24.1401    24.1414   5.457496   5.457754     2.5763     2.1722     100.00   28.08238  -89.99910    0.00023   -0.00155          9  0.000e+00
      64614   2692.208     60.279     60.692    24.1400    24.1416   5.457450   5.457770     2.5763     2.1722     100.00   28.08238  -89.99910    0.00023   -0.00159          9  0.000e+00
      64615   2692.250     60.226     60.639    24.1397    24.1416   5.457473   5.457700     2.5751     2.1722     100.00   28.08238  -89.99910    0.00022   -0.00164          9  0.000e+00
      64616   2692.292     60.166     60.578    24.1399    24.1412   5.457442   5.457746     2.5763     2.1722     100.00   28.08238  -89.99910    0.00024   -0.00168          9  0.000e+00
      64617   2692.333     60.279     60.692    24.1395    24.1413   5.457442   5.457676     2.5751     2.1734     100.00   28.08238  -89.99910    0.00024   -0.00170          9  0.000e+00
      64618   2692.375     60.166     60.578    24.1395    24.1409   5.457396   5.457668     2.5763     2.1734     100.00   28.08238  -89.99910    0.00025   -0.00172          9  0.000e+00
      64619   2692.417     60.219     60.631    24.1392    24.1409   5.457358   5.457645     2.5763     2.1734     100.00   28.08238  -89.99910    0.00025   -0.00174          9  0.000e+00
      64620   2692.458     60.166     60.578    24.1392    24.1409   5.457335   5.457637     2.5751     2.1734     100.00   28.08238  -89.99910    0.00024   -0.00176          9  0.000e+00
      64621   2692.500     60.226     60.639    24.1384    24.1409   5.457281   5.457668     2.5763     2.1734     100.00   28.08238  -89.99910    0.00024   -0.00178          9  0.000e+00
      64622   2692.542     60.166     60.578    24.1380    24.1408   5.457242   5.457583     2.5763     2.1734     100.00   28.08238  -89.99910    0.00024   -0.00179          9  0.000e+00
      64623   2692.583     60.166     60.578    24.1378    24.1407   5.457227   5.457544     2.5763     2.1734     100.00   28.08238  -89.99910    0.00024   -0.00181          9  0.000e+00
      64624   2692.625     60.166     60.578    24.1374    24.1409   5.457204   5.457637     2.5763     2.1746     100.00   28.08238  -89.99910    0.00024   -0.00180          9  0.000e+00
      64625   2692.667     60.166     60.578    24.1373    24.1407   5.457181   5.457684     2.5763     2.1746     100.00   28.08238  -89.99910    0.00024   -0.00180          9  0.000e+00
      64626   2692.708     60.226     60.639    24.1374    24.1407   5.457127   5.457645     2.5763     2.1746     100.00   28.08238  -89.99910    0.00025   -0.00179          9  0.000e+00
      64627   2692.750     60.113     60.525    24.1374    24.1408   5.457089   5.457637     2.5763     2.1746     100.00   28.08238  -89.99910    0.00027   -0.00178          9  0.000e+00
      64628   2692.792     60.166     60.578    24.1369    24.1411   5.457066   5.457700     2.5763     2.1746     100.00   28.08238  -89.99910    0.00028   -0.00177          9  0.000e+00
      64629   2692.833     60.113     60.525    24.1364    24.1414   5.457027   5.457754     2.5763     2.1746     100.00   28.08238  -89.99910    0.00030   -0.00176          9  0.000e+00
      64630   2692.875     60.113     60.525    24.1358    24.1418   5.456966   5.457707     2.5763     2.1746     100.00   28.08238  -89.99910    0.00031   -0.00175          9  0.000e+00
      64631   2692.917     60.166     60.578    24.1356    24.1416   5.456996   5.457676     2.5763     2.1746     100.00   28.08238  -89.99910    0.00031   -0.00174          9  0.000e+00
      64632   2692.958     60.166     60.578    24.1351    24.1415   5.456966   5.457715     2.5763     2.1746     100.00   28.08238  -89.99910    0.00032   -0.00173          9  0.000e+00
      64633   2693.000     60.053     60.464    24.1347    24.1414   5.456927   5.457723     2.5763     2.1746     100.00   28.08238  -89.99910    0.00034   -0.00171          9  0.000e+00
      64634   2693.042     60.113     60.525    24.1345    24.1414   5.456943   5.457723     2.5763     2.1746     100.00   28.08238  -89.99910    0.00033   -0.00170          9  0.000e+00
      64635   2693.083     60.113     60.525    24.1349    24.1416   5.456896   5.457723     2.5763     2.1746     100.00   28.08238  -89.99910    0.00034   -0.00168          9  0.000e+00
      64636   2693.125     60.113     60.525    24.1352    24.1414   5.456966   5.457723     2.5751     2.1746     100.00   28.08238  -89.99910    0.00034   -0.00166          9  0.000e+00
      64637   2693.167     60.113     60.525    24.1354    24.1417   5.456973   5.457723     2.5763     2.1734     100.00   28.08238  -89.99910    0.00035   -0.00166          9  0.000e+00
      64638   2693.208     60.053     60.464    24.1354    24.1416   5.456950   5.457699     2.5763     2.1734     100.00   28.08238  -89.99910    0.00036   -0.00166          9  0.000e+00
      64639   2693.250     60.053     60.464    24.1356    24.1416   5.456966   5.457676     2.5763     2.1734     100.00   28.08238  -89.99910    0.00037   -0.00167          9  0.000e+00
      64640   2693.292     60.113     60.525    24.1357    24.1414   5.456973   5.457684     2.5763     2.1734     100.00   28.08238  -89.99910    0.00038   -0.00167          9  0.000e+00
      64641   2693.333     60.053     60.464    24.1361    24.1414   5.457019   5.457614     2.5751     2.1746     100.00   28.08238  -89.99910    0.00038   -0.00165          9  0.000e+00
      64642   2693.375     60.053     60.464    24.1358    24.1414   5.456989   5.457684     2.5751     2.1734     100.00   28.08238  -89.99910    0.00037   -0.00164          9  0.000e+00
      64643   2693.417     60.053     60.464    24.1358    24.1413   5.456950   5.457699     2.5751     2.1734     100.00   28.08238  -89.99910    0.00036   -0.00163          9  0.000e+00
      64644   2693.458     60.053     60.464    24.1357    24.1414   5.456996   5.457715     2.5763     2.1734     100.00   28.08238  -89.99910    0.00037   -0.00162          9  0.000e+00
      64645   2693.500     60.053     60.464    24.1358    24.1411   5.456966   5.457699     2.5763     2.1734     100.00   28.08238  -89.99910    0.00036   -0.00161          9  0.000e+00
      64646   2693.542     60.053     60.464    24.1352    24.1412   5.456896   5.457645     2.5763     2.1734     100.00   28.08238  -89.99910    0.00037   -0.00159          9  0.000e+00
      64647   2693.583     60.053     60.464    24.1347    24.1412   5.456896   5.457660     2.5763     2.1734     100.00   28.08238  -89.99910    0.00038   -0.00158          9  0.000e+00
      64648   2693.625     59.939     60.350    24.1343    24.1413   5.456881   5.457684     2.5763     2.1734     100.00   28.08238  -89.99910    0.00039   -0.00156          9  0.000e+00
      64649   2693.667     60.113     60.525    24.1345    24.1416   5.456896   5.457676     2.5763     2.1734     100.00   28.08238  -89.99910    0.00038   -0.00155          9  0.000e+00
      64650   2693.708     60.000     60.411    24.1349    24.1412   5.456881   5.457684     2.5775     2.1734     100.00   28.08238  -89.99910    0.00039   -0.00153          9  0.000e+00
      64651   2693.750     60.000     60.411    24.1352    24.1414   5.456896   5.457676     2.5763     2.1734     100.00   28.08238  -89.99910    0.00040   -0.00151          9  0.000e+00
      64652   2693.792     60.053     60.464    24.1352    24.1414   5.456881   5.457676     2.5763     2.1734     100.00   28.08238  -89.99910    0.00040   -0.00149          9  0.000e+00
      64653   2693.833     60.000     60.411    24.1352    24.1415   5.456912   5.457715     2.5763     2.1734     100.00   28.08238  -89.99910    0.00041   -0.00146          9  0.000e+00
      64654   2693.875     60.000     60.411    24.1347    24.1416   5.456904   5.457684     2.5763     2.1734     100.00   28.08238  -89.99910    0.00041   -0.00144          9  0.000e+00
      64655   2693.917     60.000     60.411    24.1344    24.1414   5.456919   5.457715     2.5763     2.1734     100.00   28.08238  -89.99910    0.00042   -0.00141          9  0.000e+00
      64656   2693.958     60.000     60.411    24.1345    24.1414   5.456881   5.457684     2.5763     2.1734     100.00   28.08238  -89.99910    0.00042   -0.00139          9  0.000e+00
      64657   2694.000     60.000     60.411    24.1347    24.1418   5.456873   5.457707     2.5763     2.1734     100.00   28.08238  -89.99910    0.00043   -0.00136          9  0.000e+00
      64658   2694.042     60.053     60.464    24.1349    24.1417   5.456927   5.457699     2.5763     2.1734     100.00   28.08238  -89.99910    0.00043   -0.00133          9  0.000e+00
      64659   2694.083     59.947     60.358    24.1351    24.1416   5.456927   5.457715     2.5763     2.1734     100.00   28.08238  -89.99910    0.00045   -0.00128          9  0.000e+00
      64660   2694.125     60.000     60.411    24.1349    24.1416   5.456943   5.457653     2.5763     2.1746     100.00   28.08238  -89.99910    0.00044   -0.00123          9  0.000e+00
      64661   2694.167     60.000     60.411    24.1351    24.1414   5.456927   5.457676     2.5763     2.1746     100.00   28.08238  -89.99910    0.00044   -0.00118          9  0.000e+00
      64662   2694.208     60.000     60.411    24.1352    24.1416   5.456943   5.457715     2.5763     2.1746     100.00   28.08238  -89.99910    0.00044   -0.00112          9  0.000e+00
      64663   2694.250     60.000     60.411    24.1349    24.1415   5.456896   5.457699     2.5763     2.1746     100.00   28.08238  -89.99910    0.00045   -0.00107          9  0.000e+00
      64664   2694.292     60.000     60.411    24.1351    24.1414   5.456896   5.457645     2.5763     2.1746     100.00   28.08238  -89.99910    0.00045   -0.00102          9  0.000e+00
      64665   2694.333     60.000     60.411    24.1351    24.1414   5.456919   5.457660     2.5763     2.1746     100.00   28.08238  -89.99910    0.00045   -0.00094          9  0.000e+00
      64666   2694.375     60.000     60.411    24.1347    24.1414   5.456927   5.457684     2.5763     2.1746     100.00   28.08238  -89.99910    0.00045   -0.00089          9  0.000e+00
      64667   2694.417     59.947     60.358    24.1349    24.1418   5.456881   5.457746     2.5763     2.1758     100.00   28.08238  -89.99910    0.00045   -0.00081          9  0.000e+00
      64668   2694.458     60.000     60.411    24.1351    24.1426   5.456943   5.457770     2.5763     2.1758     100.00   28.08238  -89.99910    0.00045   -0.00073          9  0.000e+00
      64669   2694.500     60.000     60.411    24.1349    24.1436   5.456950   5.457871     2.5763     2.1758     100.00   28.08238  -89.99910    0.00045   -0.00066          9  0.000e+00
      64670   2694.542     60.000     60.411    24.1351    24.1445   5.456966   5.457902     2.5763     2.1758     100.00   28.08238  -89.99910    0.00045   -0.00058          9  0.000e+00
      64671   2694.583     60.000     60.411    24.1347    24.1448   5.456919   5.457910     2.5763     2.1758     100.00   28.08238  -89.99910    0.00045   -0.00050          9  0.000e+00
      64672   2694.625     60.000     60.411    24.1347    24.1452   5.456919   5.457941     2.5763     2.1758     100.00   28.08238  -89.99910    0.00045   -0.00042          9  0.000e+00
      64673   2694.667     60.000     60.411    24.1344    24.1456   5.456904   5.457988     2.5763     2.1758     100.00   28.08238  -89.99910    0.00045   -0.00034          9  0.000e+00
      64674   2694.708     59.947     60.358    24.1344    24.1457   5.456881   5.457995     2.5763     2.1770     100.00   28.08238  -89.99910    0.00045   -0.00024          9  0.000e+00
      64675   2694.750     60.053     60.464    24.1340    24.1448   5.456866   5.457925     2.5775     2.1758     100.00   28.08238  -89.99910    0.00045   -0.00016          9  0.000e+00
      64676   2694.792     60.000     60.411    24.1342    24.1439   5.456873   5.457910     2.5763     2.1770     100.00   28.08238  -89.99910    0.00044   -0.00006          9  0.000e+00
      64677   2694.833     59.887     60.297    24.1338    24.1432   5.456843   5.457871     2.5763     2.1770     100.00   28.08238  -89.99910    0.00044    0.00004          9  0.000e+00
      64678   2694.875     60.114     60.525    24.1337    24.1429   5.456858   5.457793     2.5763     2.1770     100.00   28.08238  -89.99910    0.00044    0.00014          9  0.000e+00
      64679   2694.917     60.000     60.411    24.1338    24.1429   5.456812   5.457801     2.5763     2.1770     100.00   28.08238  -89.99910    0.00043    0.00022          9  0.000e+00
      64680   2694.958     60.053     60.464    24.1336    24.1425   5.456843   5.457777     2.5763     2.1758     100.00   28.08238  -89.99910    0.00041    0.00028          9  0.000e+00
      64681   2695.000     60.000     60.411    24.1338    24.1429   5.456843   5.457770     2.5763     2.1758     100.00   28.08238  -89.99910    0.00041    0.00035          9  0.000e+00
      64682   2695.042     60.000     60.411    24.1344    24.1429   5.456858   5.457801     2.5763     2.1758     100.00   28.08238  -89.99910    0.00040    0.00041          9  0.000e+00
      64683   2695.083     60.053     60.465    24.1340    24.1428   5.456812   5.457816     2.5763     2.1758     100.00   28.08238  -89.99910    0.00039    0.00048          9  0.000e+00
      64684   2695.125     60.000     60.411    24.1336    24.1425   5.456773   5.457746     2.5763     2.1758     100.00   28.08238  -89.99910    0.00039    0.00053          9  0.000e+00
