Gulf of Mexico/GOMECC-4/1db/rb2103_1381.ros
* Sea-Bird SBE 9 Data File:
* FileName = C:\Users\scs.user.rb\CTD\GOMECC4\data\rb2103_1381.hex
* Software Version Seasave V 7.26.7.107
* Temperature SN = 4799
* Conductivity SN = 3860
* Number of Bytes Per Scan = 41
* Number of Voltage Words = 4
* Number of Scans Averaged by the Deck Unit = 1
* NMEA Latitude = 25 52.44 N
* NMEA Longitude = 084 23.57 W
* NMEA UTC (Time) = Oct 20 2021  08:17:47
* NMEA baud rate = 4800
# nquan = 17
# nvalues = 1463                                  
# units = specified
# name 0 = scan: Scan Count
# name 1 = timeS: Time, Elapsed [seconds]
# name 2 = depSM: Depth [salt water, m]
# name 3 = prDM: Pressure, Digiquartz [db]
# name 4 = t090C: Temperature [ITS-90, deg C]
# name 5 = t190C: Temperature, 2 [ITS-90, deg C]
# name 6 = c0S/m: Conductivity [S/m]
# name 7 = c1S/m: Conductivity, 2 [S/m]
# name 8 = sbeox0V: Oxygen raw, SBE 43 [V]
# name 9 = sbeox1V: Oxygen raw, SBE 43, 2 [V]
# name 10 = altM: Altimeter [m]
# name 11 = latitude: Latitude [deg]
# name 12 = longitude: Longitude [deg]
# name 13 = sbox0dV/dT: Oxygen, SBE 43 [dov/dt]
# name 14 = sbox1dV/dT: Oxygen, SBE 43, 2 [dov/dt]
# name 15 = nbf: Bottles Fired
# name 16 = flag:  0.000e+00
# interval = seconds: 0.0416667
# start_time = Oct 20 2021 08:17:47 [NMEA time, header]
# bad_flag = -9.990e-29
*END*
[from data line 426]
      31938   1330.708     79.561     80.097    20.3589    20.3848   5.018036   5.020895     2.1770     1.8156     100.00   25.87448  -84.39282   -0.00032    0.00032          4  0.000e+00
      31939   1330.750     79.514     80.049    20.3589    20.3851   5.018059   5.020941     2.1770     1.8156     100.00   25.87448  -84.39282   -0.00032    0.00033          4  0.000e+00
      31940   1330.792     79.466     80.001    20.3590    20.3851   5.018103   5.020888     2.1770     1.8144     100.00   25.87448  -84.39282   -0.00031    0.00031          4  0.000e+00
      31941   1330.833     79.514     80.049    20.3599    20.3848   5.018148   5.020903     2.1770     1.8156     100.00   25.87448  -84.39282   -0.00030    0.00031          4  0.000e+00
      31942   1330.875     79.514     80.049    20.3622    20.3847   5.018222   5.020880     2.1770     1.8156     100.00   25.87448  -84.39282   -0.00031    0.00030          4  0.000e+00
      31943   1330.917     79.561     80.097    20.3645    20.3845   5.018304   5.020873     2.1770     1.8156     100.00   25.87448  -84.39282   -0.00030    0.00030          4  0.000e+00
      31944   1330.958     79.514     80.049    20.3652    20.3844   5.018452   5.020895     2.1770     1.8144     100.00   25.87448  -84.39282   -0.00031    0.00028          4  0.000e+00
      31945   1331.000     79.514     80.049    20.3641    20.3840   5.018556   5.020820     2.1770     1.8144     100.00   25.87448  -84.39282   -0.00032    0.00025          4  0.000e+00
      31946   1331.042     79.514     80.049    20.3631    20.3838   5.018608   5.020790     2.1770     1.8156     100.00   25.87448  -84.39282   -0.00031    0.00025          4  0.000e+00
      31947   1331.083     79.514     80.049    20.3645    20.3837   5.018623   5.020820     2.1770     1.8144     100.00   25.87448  -84.39282   -0.00030    0.00023          4  0.000e+00
      31948   1331.125     79.514     80.049    20.3694    20.3836   5.018868   5.020798     2.1770     1.8156     100.00   25.87448  -84.39282   -0.00029    0.00022          4  0.000e+00
      31949   1331.167     79.514     80.049    20.3728    20.3837   5.019112   5.020820     2.1770     1.8156     100.00   25.87448  -84.39282   -0.00028    0.00022          4  0.000e+00
      31950   1331.208     79.514     80.049    20.3751    20.3836   5.019328   5.020798     2.1770     1.8144     100.00   25.87448  -84.39282   -0.00029    0.00019          4  0.000e+00
      31951   1331.250     79.514     80.049    20.3765    20.3835   5.019469   5.020722     2.1770     1.8144     100.00   25.87448  -84.39282   -0.00028    0.00017          4  0.000e+00
      31952   1331.292     79.514     80.049    20.3779    20.3833   5.019691   5.020767     2.1770     1.8144     100.00   25.87448  -84.39282   -0.00029    0.00015          4  0.000e+00
      31953   1331.333     79.514     80.049    20.3788    20.3832   5.019788   5.020783     2.1770     1.8144     100.00   25.87448  -84.39282   -0.00028    0.00012          4  0.000e+00
      31954   1331.375     79.514     80.049    20.3793    20.3833   5.019832   5.020722     2.1770     1.8144     100.00   25.87448  -84.39282   -0.00027    0.00010          4  0.000e+00
      31955   1331.417     79.514     80.049    20.3791    20.3830   5.019870   5.020707     2.1770     1.8156     100.00   25.87448  -84.39282   -0.00026    0.00010          4  0.000e+00
      31956   1331.458     79.514     80.049    20.3793    20.3833   5.019884   5.020767     2.1758     1.8144     100.00   25.87448  -84.39282   -0.00026    0.00007          4  0.000e+00
      31957   1331.500     79.467     80.001    20.3793    20.3831   5.019884   5.020722     2.1770     1.8156     100.00   25.87448  -84.39282   -0.00025    0.00007          4  0.000e+00
      31958   1331.542     79.561     80.097    20.3791    20.3834   5.020011   5.020798     2.1770     1.8144     100.00   25.87448  -84.39282   -0.00024    0.00004          4  0.000e+00
      31959   1331.583     79.514     80.049    20.3799    20.3838   5.020055   5.020895     2.1770     1.8156     100.00   25.87448  -84.39282   -0.00022    0.00003          4  0.000e+00
      31960   1331.625     79.561     80.097    20.3798    20.3850   5.020055   5.020941     2.1770     1.8156     100.00   25.87448  -84.39282   -0.00021    0.00003          4  0.000e+00
      31961   1331.667     79.514     80.049    20.3800    20.3851   5.020114   5.020956     2.1770     1.8144     100.00   25.87448  -84.39282   -0.00022   -0.00001          4  0.000e+00
      31962   1331.708     79.514     80.049    20.3811    20.3848   5.020263   5.020956     2.1770     1.8156     100.00   25.87448  -84.39282   -0.00020   -0.00002          4  0.000e+00
      31963   1331.750     79.514     80.049    20.3826    20.3844   5.020434   5.020888     2.1770     1.8144     100.00   25.87448  -84.39282   -0.00019   -0.00005          4  0.000e+00
      31964   1331.792     79.514     80.049    20.3835    20.3844   5.020500   5.020865     2.1770     1.8144     100.00   25.87448  -84.39282   -0.00019   -0.00007          4  0.000e+00
      31965   1331.833     79.514     80.049    20.3838    20.3846   5.020582   5.020903     2.1770     1.8156     100.00   25.87448  -84.39282   -0.00018   -0.00008          4  0.000e+00
      31966   1331.875     79.514     80.049    20.3842    20.3847   5.020567   5.020941     2.1770     1.8144     100.00   25.87448  -84.39282   -0.00018   -0.00011          4  0.000e+00
      31967   1331.917     79.514     80.049    20.3840    20.3848   5.020604   5.020925     2.1770     1.8144     100.00   25.87448  -84.39282   -0.00017   -0.00013          4  0.000e+00
      31968   1331.958     79.514     80.049    20.3836    20.3847   5.020575   5.020978     2.1770     1.8156     100.00   25.87448  -84.39282   -0.00017   -0.00014          4  0.000e+00
      31969   1332.000     79.514     80.049    20.3831    20.3853   5.020523   5.021001     2.1770     1.8144     100.00   25.87448  -84.39282   -0.00015   -0.00017          4  0.000e+00
      31970   1332.042     79.562     80.097    20.3828    20.3859   5.020515   5.021031     2.1770     1.8144     100.00   25.87448  -84.39282   -0.00016   -0.00019          4  0.000e+00
      31971   1332.083     79.467     80.002    20.3833    20.3862   5.020545   5.021106     2.1770     1.8156     100.00   25.87448  -84.39282   -0.00014   -0.00020          4  0.000e+00
      31972   1332.125     79.562     80.097    20.3830    20.3866   5.020560   5.021151     2.1783     1.8144     100.00   25.87448  -84.39282   -0.00011   -0.00023          4  0.000e+00
      31973   1332.167     79.514     80.049    20.3831    20.3872   5.020560   5.021196     2.1770     1.8144     100.00   25.87448  -84.39282   -0.00009   -0.00025          4  0.000e+00
      31974   1332.208     79.514     80.049    20.3830    20.3875   5.020523   5.021144     2.1783     1.8144     100.00   25.87448  -84.39282   -0.00008   -0.00026          4  0.000e+00
      31975   1332.250     79.514     80.049    20.3830    20.3874   5.020515   5.021151     2.1770     1.8144     100.00   25.87448  -84.39282   -0.00008   -0.00029          4  0.000e+00
      31976   1332.292     79.562     80.097    20.3828    20.3872   5.020515   5.021136     2.1770     1.8144     100.00   25.87448  -84.39282   -0.00006   -0.00030          4  0.000e+00
      31977   1332.333     79.514     80.049    20.3828    20.3869   5.020486   5.021129     2.1783     1.8144     100.00   25.87448  -84.39282   -0.00005   -0.00032          4  0.000e+00
      31978   1332.375     79.514     80.049    20.3825    20.3865   5.020500   5.021031     2.1770     1.8156     100.00   25.87448  -84.39282   -0.00003   -0.00031          4  0.000e+00
      31979   1332.417     79.562     80.097    20.3826    20.3859   5.020515   5.020963     2.1783     1.8156     100.00   25.87448  -84.39282   -0.00002   -0.00030          4  0.000e+00
      31980   1332.458     79.514     80.049    20.3821    20.3853   5.020448   5.020986     2.1783     1.8156     100.00   25.87448  -84.39282 -5.275e-07   -0.00029          4  0.000e+00
      31981   1332.500     79.562     80.097    20.3809    20.3859   5.020367   5.021053     2.1770     1.8144     100.00   25.87448  -84.39282    0.00001   -0.00030          4  0.000e+00
      31982   1332.542     79.514     80.049    20.3809    20.3860   5.020315   5.021016     2.1783     1.8156     100.00   25.87448  -84.39282    0.00003   -0.00029          4  0.000e+00
      31983   1332.583     79.514     80.049    20.3807    20.3851   5.020307   5.020933     2.1770     1.8144     100.00   25.87448  -84.39282    0.00005   -0.00028          4  0.000e+00
      31984   1332.625     79.514     80.049    20.3805    20.3843   5.020367   5.020850     2.1770     1.8156     100.00   25.87448  -84.39282    0.00006   -0.00027          4  0.000e+00
      31985   1332.667     79.562     80.097    20.3809    20.3835   5.020374   5.020798     2.1783     1.8144     100.00   25.87448  -84.39282    0.00008   -0.00026          4  0.000e+00
      31986   1332.708     79.514     80.050    20.3813    20.3834   5.020382   5.020790     2.1770     1.8156     100.00   25.87448  -84.39282    0.00009   -0.00023          4  0.000e+00
      31987   1332.750     79.562     80.097    20.3814    20.3833   5.020389   5.020790     2.1770     1.8156     100.00   25.87448  -84.39282    0.00011   -0.00022          4  0.000e+00
      31988   1332.792     79.562     80.097    20.3812    20.3834   5.020389   5.020790     2.1770     1.8156     100.00   25.87448  -84.39282    0.00011   -0.00019          4  0.000e+00
      31989   1332.833     79.514     80.050    20.3811    20.3837   5.020389   5.020880     2.1783     1.8168     100.00   25.87448  -84.39282    0.00012   -0.00014          4  0.000e+00
      31990   1332.875     79.562     80.097    20.3812    20.3842   5.020389   5.020880     2.1783     1.8156     100.00   25.87448  -84.39282    0.00014   -0.00015          4  0.000e+00
      31991   1332.917     79.514     80.050    20.3814    20.3848   5.020359   5.020963     2.1783     1.8156     100.00   25.87448  -84.39282    0.00015   -0.00012          4  0.000e+00
      31992   1332.958     79.562     80.097    20.3812    20.3853   5.020352   5.021061     2.1783     1.8168     100.00   25.87448  -84.39282    0.00017   -0.00007          4  0.000e+00
      31993   1333.000     79.562     80.097    20.3811    20.3857   5.020352   5.021053     2.1783     1.8144     100.00   25.87448  -84.39282    0.00018   -0.00010          4  0.000e+00
      31994   1333.042     79.514     80.050    20.3811    20.3858   5.020352   5.021068     2.1783     1.8168     100.00   25.87448  -84.39282    0.00020   -0.00007          4  0.000e+00
      31995   1333.083     79.562     80.097    20.3811    20.3863   5.020441   5.021083     2.1783     1.8156     100.00   25.87448  -84.39282    0.00021   -0.00004          4  0.000e+00
      31996   1333.125     79.562     80.097    20.3811    20.3860   5.020411   5.021053     2.1783     1.8156     100.00   25.87448  -84.39282    0.00023   -0.00004          4  0.000e+00
      31997   1333.167     79.562     80.097    20.3811    20.3860   5.020359   5.021106     2.1783     1.8168     100.00   25.87448  -84.39282    0.00024    0.00000          4  0.000e+00
      31998   1333.208     79.562     80.097    20.3812    20.3852   5.020374   5.020993     2.1783     1.8156     100.00   25.87448  -84.39282    0.00025    0.00002          4  0.000e+00
      31999   1333.250     79.562     80.097    20.3811    20.3851   5.020419   5.021023     2.1783     1.8156     100.00   25.87448  -84.39282    0.00026    0.00003          4  0.000e+00
      32000   1333.292     79.514     80.050    20.3811    20.3852   5.020397   5.021001     2.1783     1.8168     100.00   25.87448  -84.39282    0.00028    0.00006          4  0.000e+00
      32001   1333.333     79.562     80.097    20.3811    20.3846   5.020389   5.020963     2.1783     1.8144     100.00   25.87448  -84.39282    0.00029    0.00005          4  0.000e+00
      32002   1333.375     79.562     80.097    20.3812    20.3842   5.020389   5.020888     2.1770     1.8156     100.00   25.87448  -84.39282    0.00028    0.00008          4  0.000e+00
      32003   1333.417     79.562     80.097    20.3811    20.3836   5.020389   5.020843     2.1783     1.8168     100.00   25.87448  -84.39282    0.00029    0.00011          4  0.000e+00
      32004   1333.458     79.616     80.152    20.3811    20.3833   5.020404   5.020798     2.1783     1.8156     100.00   25.87448  -84.39282    0.00030    0.00012          4  0.000e+00
      32005   1333.500     79.515     80.050    20.3811    20.3832   5.020330   5.020790     2.1783     1.8156     100.00   25.87448  -84.39282    0.00031    0.00011          4  0.000e+00
      32006   1333.542     79.616     80.152    20.3811    20.3830   5.020337   5.020752     2.1783     1.8168     100.00   25.87448  -84.39282    0.00033    0.00014          4  0.000e+00
      32007   1333.583     79.562     80.097    20.3809    20.3829   5.020411   5.020745     2.1783     1.8168     100.00   25.87448  -84.39282    0.00034    0.00017          4  0.000e+00
      32008   1333.625     79.562     80.097    20.3809    20.3826   5.020367   5.020715     2.1783     1.8168     100.00   25.87448  -84.39282    0.00034    0.00018          4  0.000e+00
      32009   1333.667     79.616     80.152    20.3803    20.3826   5.020374   5.020700     2.1783     1.8156     100.00   25.87448  -84.39282    0.00035    0.00019          4  0.000e+00
      32010   1333.708     79.562     80.098    20.3809    20.3822   5.020419   5.020700     2.1783     1.8156     100.00   25.87448  -84.39282    0.00036    0.00018          4  0.000e+00
      32011   1333.750     79.562     80.098    20.3823    20.3821   5.020523   5.020670     2.1783     1.8168     100.00   25.87448  -84.39282    0.00037    0.00019          4  0.000e+00
      32012   1333.792     79.562     80.098    20.3832    20.3820   5.020590   5.020662     2.1783     1.8168     100.00   25.87448  -84.39282    0.00038    0.00022          4  0.000e+00
      32013   1333.833     79.616     80.152    20.3837    20.3819   5.020627   5.020662     2.1783     1.8168     100.00   25.87448  -84.39282    0.00039    0.00023          4  0.000e+00
      32014   1333.875     79.562     80.098    20.3838    20.3816   5.020708   5.020632     2.1783     1.8168     100.00   25.87448  -84.39282    0.00040    0.00025          4  0.000e+00
      32015   1333.917     79.616     80.152    20.3840    20.3815   5.020664   5.020647     2.1795     1.8168     100.00   25.87448  -84.39282    0.00042    0.00028          4  0.000e+00
      32016   1333.958     79.562     80.098    20.3838    20.3814   5.020708   5.020594     2.1783     1.8156     100.00   25.87448  -84.39282    0.00043    0.00027          4  0.000e+00
      32017   1334.000     79.616     80.152    20.3840    20.3815   5.020760   5.020610     2.1783     1.8156     100.00   25.87448  -84.39282    0.00041    0.00026          4  0.000e+00
      32018   1334.042     79.562     80.098    20.3840    20.3814   5.020738   5.020587     2.1795     1.8156     100.00   25.87448  -84.39282    0.00042    0.00026          4  0.000e+00
      32019   1334.083     79.616     80.152    20.3838    20.3812   5.020693   5.020572     2.1783     1.8168     100.00   25.87448  -84.39282    0.00042    0.00027          4  0.000e+00
      32020   1334.125     79.562     80.098    20.3840    20.3811   5.020716   5.020572     2.1783     1.8168     100.00   25.87448  -84.39282    0.00043    0.00027          4  0.000e+00
      32021   1334.167     79.616     80.152    20.3839    20.3812   5.020679   5.020610     2.1783     1.8168     100.00   25.87448  -84.39282    0.00043    0.00030          4  0.000e+00
