Gulf of Mexico/GOMECC-4/1db/rb2103_0591.ros
* Sea-Bird SBE 9 Data File:
* FileName = C:\Users\scs.user.rb\CTD\GOMECC4\data\rb2103_0591.hex
* Software Version Seasave V 7.26.7.107
* Temperature SN = 4799
* Conductivity SN = 3860
* Number of Bytes Per Scan = 41
* Number of Voltage Words = 4
* Number of Scans Averaged by the Deck Unit = 1
* NMEA Latitude = 28 41.01 N
* NMEA Longitude = 095 00.01 W
* NMEA UTC (Time) = Sep 29 2021  11:35:17
* NMEA baud rate = 4800
# nquan = 17
# nvalues = 798                                   
# units = specified
# name 0 = scan: Scan Count
# name 1 = timeS: Time, Elapsed [seconds]
# name 2 = depSM: Depth [salt water, m]
# name 3 = prDM: Pressure, Digiquartz [db]
# name 4 = t090C: Temperature [ITS-90, deg C]
# name 5 = t190C: Temperature, 2 [ITS-90, deg C]
# name 6 = c0S/m: Conductivity [S/m]
# name 7 = c1S/m: Conductivity, 2 [S/m]
# name 8 = sbeox0V: Oxygen raw, SBE 43 [V]
# name 9 = sbeox1V: Oxygen raw, SBE 43, 2 [V]
# name 10 = altM: Altimeter [m]
# name 11 = latitude: Latitude [deg]
# name 12 = longitude: Longitude [deg]
# name 13 = sbox0dV/dT: Oxygen, SBE 43 [dov/dt]
# name 14 = sbox1dV/dT: Oxygen, SBE 43, 2 [dov/dt]
# name 15 = nbf: Bottles Fired
# name 16 = flag:  0.000e+00
# interval = seconds: 0.0416667
# start_time = Sep 29 2021 11:35:17 [NMEA time, header]
# bad_flag = -9.990e-29
*END*
[from data line 596]
      16676    694.792      3.475      3.499    27.7568    27.7578   5.136422   5.136592     3.0403     2.5788      23.79   28.68298  -95.00082    0.00055   -0.00076          5  0.000e+00
      16677    694.833      3.421      3.444    27.7568    27.7578   5.136445   5.136623     3.0403     2.5775      23.79   28.68298  -95.00082    0.00051   -0.00082          5  0.000e+00
      16678    694.875      3.428      3.451    27.7566    27.7579   5.136452   5.136638     3.0403     2.5775      23.79   28.68298  -95.00082    0.00048   -0.00088          5  0.000e+00
      16679    694.917      3.428      3.451    27.7566    27.7580   5.136452   5.136615     3.0403     2.5775      23.79   28.68298  -95.00082    0.00045   -0.00094          5  0.000e+00
      16680    694.958      3.374      3.396    27.7568    27.7581   5.136452   5.136691     3.0403     2.5775      23.79   28.68298  -95.00082    0.00042   -0.00100          5  0.000e+00
      16681    695.000      3.374      3.396    27.7567    27.7581   5.136490   5.136607     3.0403     2.5775      23.79   28.68298  -95.00082    0.00041   -0.00105          5  0.000e+00
      16682    695.042      3.374      3.396    27.7570    27.7579   5.136490   5.136623     3.0403     2.5775      23.79   28.68298  -95.00082    0.00038   -0.00111          5  0.000e+00
      16683    695.083      3.326      3.349    27.7570    27.7578   5.136497   5.136600     3.0403     2.5775      23.79   28.68298  -95.00082    0.00037   -0.00116          5  0.000e+00
      16684    695.125      3.326      3.349    27.7570    27.7579   5.136505   5.136607     3.0403     2.5775      23.79   28.68298  -95.00082    0.00034   -0.00121          5  0.000e+00
      16685    695.167      3.326      3.349    27.7572    27.7578   5.136490   5.136630     3.0403     2.5775      23.79   28.68298  -95.00082    0.00030   -0.00128          5  0.000e+00
      16686    695.208      3.272      3.294    27.7568    27.7580   5.136467   5.136592     3.0403     2.5775      23.79   28.68298  -95.00082    0.00029   -0.00134          5  0.000e+00
      16687    695.250      3.326      3.349    27.7571    27.7581   5.136452   5.136623     3.0403     2.5775      23.79   28.68298  -95.00082    0.00027   -0.00141          5  0.000e+00
      16688    695.292      3.279      3.301    27.7568    27.7581   5.136490   5.136660     3.0415     2.5775      23.79   28.68298  -95.00082    0.00027   -0.00147          5  0.000e+00
      16689    695.333      3.225      3.247    27.7564    27.7578   5.136437   5.136630     3.0415     2.5775      23.79   28.68298  -95.00082    0.00028   -0.00153          5  0.000e+00
      16690    695.375      3.279      3.301    27.7568    27.7578   5.136437   5.136592     3.0415     2.5775      23.76   28.68298  -95.00082    0.00030   -0.00159          5  0.000e+00
      16691    695.417      3.225      3.247    27.7570    27.7579   5.136490   5.136607     3.0415     2.5775      23.74   28.68298  -95.00082    0.00031   -0.00165          5  0.000e+00
      16692    695.458      3.279      3.301    27.7570    27.7583   5.136527   5.136660     3.0403     2.5775      23.74   28.68298  -95.00082    0.00031   -0.00170          5  0.000e+00
      16693    695.500      3.225      3.247    27.7570    27.7583   5.136445   5.136744     3.0403     2.5788      23.76   28.68298  -95.00082    0.00031   -0.00174          5  0.000e+00
      16694    695.542      3.178      3.199    27.7567    27.7587   5.136542   5.136721     3.0415     2.5788      23.74   28.68298  -95.00082    0.00032   -0.00180          5  0.000e+00
      16695    695.583      3.225      3.247    27.7572    27.7583   5.136512   5.136752     3.0403     2.5788      23.74   28.68298  -95.00082    0.00033   -0.00183          5  0.000e+00
      16696    695.625      3.225      3.247    27.7570    27.7583   5.136557   5.136721     3.0403     2.5788      23.74   28.68298  -95.00082    0.00035   -0.00187          5  0.000e+00
      16697    695.667      3.225      3.247    27.7570    27.7583   5.136542   5.136752     3.0415     2.5788      23.74   28.68298  -95.00082    0.00038   -0.00190          5  0.000e+00
      16698    695.708      3.225      3.247    27.7570    27.7585   5.136512   5.136729     3.0403     2.5800      23.74   28.68298  -95.00082    0.00039   -0.00192          5  0.000e+00
      16699    695.750      3.178      3.199    27.7570    27.7587   5.136535   5.136706     3.0415     2.5800      23.74   28.68298  -95.00082    0.00042   -0.00193          5  0.000e+00
      16700    695.792      3.225      3.247    27.7566    27.7587   5.136475   5.136774     3.0415     2.5800      23.74   28.68298  -95.00082    0.00045   -0.00194          5  0.000e+00
      16701    695.833      3.178      3.199    27.7562    27.7585   5.136392   5.136729     3.0415     2.5800      23.74   28.68298  -95.00082    0.00048   -0.00194          5  0.000e+00
      16702    695.875      3.225      3.247    27.7562    27.7585   5.136332   5.136714     3.0415     2.5800      23.74   28.68298  -95.00082    0.00051   -0.00194          5  0.000e+00
      16703    695.917      3.225      3.247    27.7559    27.7583   5.136227   5.136721     3.0403     2.5800      23.74   28.68298  -95.00082    0.00052   -0.00193          5  0.000e+00
      16704    695.958      3.171      3.192    27.7555    27.7579   5.136227   5.136638     3.0403     2.5800      23.74   28.68298  -95.00082    0.00053   -0.00192          5  0.000e+00
      16705    696.000      3.225      3.247    27.7557    27.7578   5.136242   5.136592     3.0415     2.5812      23.74   28.68298  -95.00082    0.00056   -0.00188          5  0.000e+00
      16706    696.042      3.279      3.301    27.7557    27.7572   5.136272   5.136547     3.0415     2.5812      23.74   28.68298  -95.00082    0.00059   -0.00185          5  0.000e+00
      16707    696.083      3.225      3.247    27.7556    27.7574   5.136280   5.136509     3.0415     2.5812      23.74   28.68298  -95.00082    0.00060   -0.00180          5  0.000e+00
      16708    696.125      3.279      3.301    27.7557    27.7575   5.136280   5.136569     3.0427     2.5812      23.74   28.68298  -95.00082    0.00062   -0.00176          5  0.000e+00
      16709    696.167      3.279      3.301    27.7557    27.7575   5.136242   5.136577     3.0415     2.5812      23.74   28.68298  -95.00082    0.00065   -0.00171          5  0.000e+00
      16710    696.208      3.279      3.301    27.7559    27.7575   5.136272   5.136623     3.0415     2.5812      23.74   28.68298  -95.00082    0.00066   -0.00166          5  0.000e+00
      16711    696.250      3.326      3.349    27.7555    27.7575   5.136220   5.136554     3.0415     2.5812      23.74   28.68298  -95.00082    0.00068   -0.00163          5  0.000e+00
      16712    696.292      3.374      3.397    27.7555    27.7575   5.136257   5.136539     3.0415     2.5812      23.74   28.68298  -95.00082    0.00069   -0.00160          5  0.000e+00
      16713    696.333      3.374      3.397    27.7558    27.7576   5.136280   5.136577     3.0415     2.5812      23.79   28.68298  -95.00082    0.00070   -0.00156          5  0.000e+00
      16714    696.375      3.374      3.397    27.7557    27.7578   5.136310   5.136676     3.0415     2.5812      23.81   28.68298  -95.00082    0.00072   -0.00153          5  0.000e+00
      16715    696.417      3.428      3.451    27.7560    27.7585   5.136295   5.136843     3.0415     2.5824      23.81   28.68298  -95.00082    0.00073   -0.00148          5  0.000e+00
      16716    696.458      3.475      3.499    27.7551    27.7585   5.136078   5.136812     3.0415     2.5824      23.81   28.68298  -95.00082    0.00073   -0.00141          5  0.000e+00
      16717    696.500      3.523      3.546    27.7513    27.7585   5.135576   5.136737     3.0403     2.5812      23.81   28.68298  -95.00082    0.00074   -0.00137          5  0.000e+00
      16718    696.542      3.475      3.499    27.7489    27.7581   5.135298   5.136752     3.0403     2.5824      23.81   28.68298  -95.00082    0.00072   -0.00130          5  0.000e+00
      16719    696.583      3.577      3.601    27.7494    27.7587   5.135508   5.136813     3.0415     2.5824      23.81   28.68298  -95.00082    0.00072   -0.00124          5  0.000e+00
      16720    696.625      3.523      3.547    27.7515    27.7589   5.135823   5.136881     3.0415     2.5824      23.81   28.68298  -95.00082    0.00073   -0.00119          5  0.000e+00
      16721    696.667      3.624      3.649    27.7533    27.7592   5.135988   5.136851     3.0415     2.5812      23.81   28.68298  -95.00082    0.00073   -0.00115          5  0.000e+00
      16722    696.708      3.570      3.594    27.7546    27.7590   5.136190   5.136904     3.0415     2.5812      23.81   28.68298  -95.00082    0.00073   -0.00111          5  0.000e+00
      16723    696.750      3.672      3.696    27.7551    27.7590   5.136273   5.136995     3.0403     2.5812      23.81   28.68298  -95.00082    0.00070   -0.00106          5  0.000e+00
      16724    696.792      3.672      3.696    27.7557    27.7596   5.136340   5.136972     3.0403     2.5812      23.81   28.68298  -95.00082    0.00066   -0.00102          5  0.000e+00
      16725    696.833      3.672      3.696    27.7562    27.7596   5.136302   5.136972     3.0415     2.5824      23.81   28.68298  -95.00082    0.00066   -0.00094          5  0.000e+00
      16726    696.875      3.726      3.751    27.7560    27.7594   5.136340   5.136896     3.0403     2.5824      23.81   28.68298  -95.00082    0.00062   -0.00086          5  0.000e+00
      16727    696.917      3.672      3.696    27.7559    27.7592   5.136340   5.136851     3.0403     2.5812      23.81   28.68298  -95.00082    0.00059   -0.00080          5  0.000e+00
      16728    696.958      3.773      3.799    27.7562    27.7592   5.136385   5.136942     3.0415     2.5824      23.81   28.68298  -95.00082    0.00057   -0.00072          5  0.000e+00
      16729    697.000      3.726      3.751    27.7560    27.7592   5.136347   5.136934     3.0403     2.5824      23.81   28.68298  -95.00082    0.00053   -0.00064          5  0.000e+00
      16730    697.042      3.773      3.799    27.7562    27.7588   5.136362   5.136896     3.0403     2.5824      23.81   28.68298  -95.00082    0.00051   -0.00056          5  0.000e+00
      16731    697.083      3.773      3.799    27.7560    27.7587   5.136362   5.136813     3.0403     2.5824      23.81   28.68298  -95.00082    0.00047   -0.00048          5  0.000e+00
      16732    697.125      3.820      3.846    27.7551    27.7583   5.136205   5.136699     3.0403     2.5824      23.81   28.68298  -95.00082    0.00044   -0.00040          5  0.000e+00
      16733    697.167      3.820      3.846    27.7542    27.7583   5.136145   5.136676     3.0403     2.5824      23.81   28.68298  -95.00082    0.00042   -0.00032          5  0.000e+00
      16734    697.208      3.820      3.846    27.7541    27.7583   5.136123   5.136722     3.0403     2.5824      23.81   28.68298  -95.00082    0.00038   -0.00024          5  0.000e+00
      16735    697.250      3.820      3.846    27.7542    27.7581   5.136145   5.136691     3.0391     2.5824      23.81   28.68298  -95.00082    0.00034   -0.00015          5  0.000e+00
      16736    697.292      3.875      3.901    27.7549    27.7579   5.136213   5.136699     3.0403     2.5824      23.81   28.68298  -95.00082    0.00031   -0.00007          5  0.000e+00
      16737    697.333      3.875      3.901    27.7553    27.7583   5.136303   5.136752     3.0403     2.5824      23.81   28.68298  -95.00082    0.00029 -1.030e-12          5  0.000e+00
      16738    697.375      3.875      3.901    27.7555    27.7585   5.136318   5.136729     3.0403     2.5824      23.81   28.68298  -95.00082    0.00026    0.00007          5  0.000e+00
      16739    697.417      3.922      3.948    27.7555    27.7583   5.136325   5.136676     3.0391     2.5824      23.81   28.68298  -95.00082    0.00024    0.00014          5  0.000e+00
      16740    697.458      3.875      3.901    27.7555    27.7585   5.136385   5.136706     3.0391     2.5824      23.79   28.68298  -95.00082    0.00019    0.00020          5  0.000e+00
      16741    697.500      3.875      3.901    27.7557    27.7581   5.136288   5.136722     3.0403     2.5824      23.79   28.68298  -95.00082    0.00017    0.00027          5  0.000e+00
      16742    697.542      3.820      3.846    27.7551    27.7583   5.136273   5.136676     3.0403     2.5824      23.81   28.68298  -95.00082    0.00014    0.00034          5  0.000e+00
      16743    697.583      4.023      4.051    27.7549    27.7583   5.136243   5.136706     3.0403     2.5812      23.81   28.68298  -95.00082    0.00012    0.00038          5  0.000e+00
      16744    697.625      3.922      3.948    27.7553    27.7585   5.136273   5.136706     3.0403     2.5812      23.81   28.68298  -95.00082    0.00011    0.00041          5  0.000e+00
      16791    699.583      3.124      3.145    27.7575    27.7570   5.136684   5.136630     3.0415     2.5812      23.76   28.68298  -95.00082    0.00066    0.00035          6  0.000e+00
      16792    699.625      3.523      3.547    27.7575    27.7574   5.136700   5.136592     3.0415     2.5812      23.76   28.68298  -95.00082    0.00064    0.00030          6  0.000e+00
      16793    699.667      3.374      3.397    27.7575    27.7578   5.136647   5.136623     3.0415     2.5812      23.74   28.68298  -95.00082    0.00062    0.00026          6  0.000e+00
      16794    699.708      3.279      3.302    27.7575    27.7578   5.136625   5.136638     3.0415     2.5812      23.74   28.68298  -95.00082    0.00061    0.00022          6  0.000e+00
      16795    699.750      3.327      3.349    27.7579    27.7578   5.136662   5.136554     3.0403     2.5812      23.76   28.68298  -95.00082    0.00057    0.00018          6  0.000e+00
      16796    699.792      3.327      3.349    27.7575    27.7583   5.136640   5.136478     3.0403     2.5812      23.76   28.68296  -95.00082    0.00053    0.00014          6  0.000e+00
      16797    699.833      3.327      3.349    27.7575    27.7583   5.136685   5.136645     3.0403     2.5824      23.76   28.68296  -95.00082    0.00050    0.00012          6  0.000e+00
      16798    699.875      3.327      3.349    27.7575    27.7578   5.136685   5.136683     3.0403     2.5812      23.76   28.68296  -95.00082    0.00046    0.00010          6  0.000e+00
      16799    699.917      3.327      3.349    27.7575    27.7576   5.136602   5.136645     3.0403     2.5812      23.76   28.68296  -95.00082    0.00044    0.00007          6  0.000e+00
      16800    699.958      3.171      3.193    27.7575    27.7579   5.136647   5.136592     3.0403     2.5812      23.76   28.68296  -95.00082    0.00041    0.00005          6  0.000e+00
      16801    700.000      3.374      3.397    27.7575    27.7574   5.136677   5.136585     3.0403     2.5812      23.76   28.68296  -95.00082    0.00039    0.00002          6  0.000e+00
      16802    700.042      3.327      3.349    27.7575    27.7572   5.136662   5.136547     3.0415     2.5812      23.74   28.68296  -95.00082    0.00039 -8.792e-07          6  0.000e+00
      16803    700.083      3.279      3.302    27.7579    27.7574   5.136670   5.136539     3.0415     2.5812      23.74   28.68296  -95.00082    0.00036   -0.00003          6  0.000e+00
      16804    700.125      3.279      3.302    27.7577    27.7575   5.136699   5.136547     3.0403     2.5812      23.76   28.68296  -95.00082    0.00032   -0.00005          6  0.000e+00
      16805    700.167      3.327      3.349    27.7577    27.7575   5.136685   5.136569     3.0415     2.5812      23.76   28.68296  -95.00082    0.00032   -0.00006          6  0.000e+00
