Gulf of Mexico/GOMECC-4/1db/rb2103_0731.ros
* Sea-Bird SBE 9 Data File:
* FileName = C:\Users\scs.user.rb\CTD\GOMECC4\data\rb2103_0731.hex
* Software Version Seasave V 7.26.7.107
* Temperature SN = 4799
* Conductivity SN = 3860
* Number of Bytes Per Scan = 41
* Number of Voltage Words = 4
* Number of Scans Averaged by the Deck Unit = 1
* NMEA Latitude = 26 03.44 N
* NMEA Longitude = 093 15.71 W
* NMEA UTC (Time) = Oct 04 2021  10:15:47
* NMEA baud rate = 4800
# nquan = 17
# nvalues = 3192                                  
# units = specified
# name 0 = scan: Scan Count
# name 1 = timeS: Time, Elapsed [seconds]
# name 2 = depSM: Depth [salt water, m]
# name 3 = prDM: Pressure, Digiquartz [db]
# name 4 = t090C: Temperature [ITS-90, deg C]
# name 5 = t190C: Temperature, 2 [ITS-90, deg C]
# name 6 = c0S/m: Conductivity [S/m]
# name 7 = c1S/m: Conductivity, 2 [S/m]
# name 8 = sbeox0V: Oxygen raw, SBE 43 [V]
# name 9 = sbeox1V: Oxygen raw, SBE 43, 2 [V]
# name 10 = altM: Altimeter [m]
# name 11 = latitude: Latitude [deg]
# name 12 = longitude: Longitude [deg]
# name 13 = sbox0dV/dT: Oxygen, SBE 43 [dov/dt]
# name 14 = sbox1dV/dT: Oxygen, SBE 43, 2 [dov/dt]
# name 15 = nbf: Bottles Fired
# name 16 = flag:  0.000e+00
# interval = seconds: 0.0416667
# start_time = Oct 04 2021 10:15:47 [NMEA time, header]
# bad_flag = -9.990e-29
*END*
[from data line 2809]
     214259   8927.417     19.965     20.097    28.7617    28.7640   5.817708   5.817933     3.1294     2.6459     100.00   26.06060  -93.26752   -0.00032   -0.00193         22  0.000e+00
     214260   8927.458     19.965     20.097    28.7619    28.7640   5.817700   5.817933     3.1282     2.6447     100.00   26.06060  -93.26752   -0.00035   -0.00198         22  0.000e+00
     214261   8927.500     19.965     20.097    28.7621    28.7638   5.817731   5.817965     3.1294     2.6459     100.00   26.06060  -93.26752   -0.00036   -0.00202         22  0.000e+00
     214262   8927.542     19.965     20.097    28.7619    28.7642   5.817708   5.817941     3.1282     2.6459     100.00   26.06060  -93.26752   -0.00038   -0.00205         22  0.000e+00
     214263   8927.583     19.965     20.097    28.7621    28.7638   5.817700   5.817933     3.1282     2.6459     100.00   26.06060  -93.26752   -0.00040   -0.00208         22  0.000e+00
     214264   8927.625     19.965     20.097    28.7619    28.7640   5.817700   5.817892     3.1282     2.6471     100.00   26.06060  -93.26752   -0.00043   -0.00211         22  0.000e+00
     214265   8927.667     19.965     20.097    28.7623    28.7636   5.817771   5.817917     3.1294     2.6471     100.00   26.06060  -93.26752   -0.00043   -0.00214         22  0.000e+00
     214266   8927.708     20.012     20.144    28.7621    28.7640   5.817795   5.817933     3.1282     2.6471     100.00   26.06060  -93.26752   -0.00046   -0.00216         22  0.000e+00
     214267   8927.750     19.918     20.049    28.7622    28.7636   5.817755   5.817933     3.1294     2.6471     100.00   26.06060  -93.26752   -0.00046   -0.00221         22  0.000e+00
     214268   8927.792     20.012     20.144    28.7623    28.7640   5.817708   5.817933     3.1282     2.6471     100.00   26.06062  -93.26752   -0.00048   -0.00223         22  0.000e+00
     214269   8927.833     19.965     20.097    28.7623    28.7638   5.817731   5.817965     3.1282     2.6471     100.00   26.06062  -93.26752   -0.00051   -0.00225         22  0.000e+00
     214270   8927.875     20.012     20.144    28.7622    28.7638   5.817747   5.817909     3.1282     2.6471     100.00   26.06062  -93.26752   -0.00053   -0.00229         22  0.000e+00
     214271   8927.917     19.965     20.097    28.7623    28.7640   5.817708   5.817957     3.1282     2.6484     100.00   26.06062  -93.26752   -0.00055   -0.00231         22  0.000e+00
     214272   8927.958     19.965     20.097    28.7625    28.7640   5.817731   5.817941     3.1282     2.6484     100.00   26.06062  -93.26752   -0.00057   -0.00233         22  0.000e+00
     214273   8928.000     19.965     20.097    28.7622    28.7640   5.817708   5.817933     3.1282     2.6484     100.00   26.06062  -93.26752   -0.00059   -0.00235         22  0.000e+00
     214274   8928.042     20.012     20.144    28.7623    28.7640   5.817771   5.817933     3.1282     2.6484     100.00   26.06062  -93.26752   -0.00061   -0.00237         22  0.000e+00
     214275   8928.083     19.863     19.994    28.7628    28.7641   5.817795   5.817965     3.1282     2.6484     100.00   26.06062  -93.26752   -0.00063   -0.00237         22  0.000e+00
     214276   8928.125     20.114     20.247    28.7626    28.7638   5.817826   5.818005     3.1294     2.6484     100.00   26.06062  -93.26752   -0.00064   -0.00238         22  0.000e+00
     214277   8928.167     19.965     20.097    28.7628    28.7640   5.817803   5.818021     3.1282     2.6484     100.00   26.06062  -93.26752   -0.00066   -0.00238         22  0.000e+00
     214278   8928.208     20.012     20.144    28.7625    28.7643   5.817795   5.817989     3.1282     2.6484     100.00   26.06062  -93.26752   -0.00067   -0.00240         22  0.000e+00
     214279   8928.250     20.012     20.144    28.7625    28.7643   5.817795   5.818005     3.1282     2.6484     100.00   26.06062  -93.26752   -0.00069   -0.00239         22  0.000e+00
     214280   8928.292     19.965     20.097    28.7626    28.7644   5.817795   5.818021     3.1294     2.6484     100.00   26.06062  -93.26752   -0.00068   -0.00239         22  0.000e+00
     214281   8928.333     20.012     20.144    28.7623    28.7645   5.817755   5.817989     3.1282     2.6484     100.00   26.06062  -93.26752   -0.00068   -0.00238         22  0.000e+00
     214282   8928.375     20.012     20.144    28.7625    28.7643   5.817779   5.818005     3.1282     2.6484     100.00   26.06062  -93.26752   -0.00068   -0.00236         22  0.000e+00
     214283   8928.417     20.012     20.144    28.7624    28.7644   5.817795   5.818021     3.1282     2.6484     100.00   26.06062  -93.26752   -0.00070   -0.00233         22  0.000e+00
     214284   8928.458     20.012     20.144    28.7623    28.7645   5.817755   5.818021     3.1282     2.6484     100.00   26.06062  -93.26752   -0.00069   -0.00228         22  0.000e+00
     214285   8928.500     20.012     20.144    28.7626    28.7645   5.817779   5.818021     3.1282     2.6496     100.00   26.06062  -93.26752   -0.00069   -0.00222         22  0.000e+00
     214286   8928.542     20.012     20.144    28.7626    28.7643   5.817795   5.818021     3.1282     2.6496     100.00   26.06062  -93.26752   -0.00069   -0.00215         22  0.000e+00
     214287   8928.583     20.012     20.144    28.7625    28.7642   5.817795   5.818053     3.1282     2.6496     100.00   26.06062  -93.26752   -0.00069   -0.00208         22  0.000e+00
     214288   8928.625     20.012     20.144    28.7626    28.7645   5.817826   5.817997     3.1282     2.6508     100.00   26.06062  -93.26752   -0.00068   -0.00200         22  0.000e+00
     214289   8928.667     20.012     20.144    28.7626    28.7645   5.817803   5.818045     3.1282     2.6508     100.00   26.06062  -93.26752   -0.00068   -0.00189         22  0.000e+00
     214290   8928.708     20.012     20.144    28.7625    28.7647   5.817826   5.817997     3.1282     2.6508     100.00   26.06062  -93.26752   -0.00067   -0.00179         22  0.000e+00
     214291   8928.750     20.012     20.144    28.7626    28.7644   5.817771   5.818045     3.1282     2.6508     100.00   26.06062  -93.26752   -0.00067   -0.00168         22  0.000e+00
     214292   8928.792     20.012     20.144    28.7626    28.7643   5.817779   5.818101     3.1282     2.6508     100.00   26.06062  -93.26752   -0.00066   -0.00157         22  0.000e+00
     214293   8928.833     20.066     20.198    28.7626    28.7645   5.817795   5.818117     3.1282     2.6520     100.00   26.06062  -93.26752   -0.00065   -0.00144         22  0.000e+00
     214294   8928.875     20.012     20.144    28.7625    28.7648   5.817866   5.818045     3.1270     2.6520     100.00   26.06062  -93.26752   -0.00066   -0.00131         22  0.000e+00
     214295   8928.917     20.012     20.144    28.7625    28.7643   5.817779   5.818053     3.1270     2.6520     100.00   26.06062  -93.26752   -0.00067   -0.00118         22  0.000e+00
     214296   8928.958     20.012     20.144    28.7628    28.7645   5.817818   5.818029     3.1270     2.6520     100.00   26.06062  -93.26752   -0.00068   -0.00105         22  0.000e+00
     214297   8929.000     20.066     20.198    28.7626    28.7645   5.817803   5.818021     3.1282     2.6520     100.00   26.06062  -93.26752   -0.00067   -0.00094         22  0.000e+00
     214298   8929.042     20.012     20.144    28.7626    28.7646   5.817755   5.818053     3.1270     2.6520     100.00   26.06062  -93.26752   -0.00067   -0.00082         22  0.000e+00
     214299   8929.083     19.964     20.096    28.7628    28.7643   5.817779   5.818037     3.1282     2.6520     100.00   26.06062  -93.26752   -0.00066   -0.00070         22  0.000e+00
     214300   8929.125     20.113     20.246    28.7625    28.7643   5.817795   5.818021     3.1270     2.6532     100.00   26.06062  -93.26752   -0.00066   -0.00057         22  0.000e+00
     214301   8929.167     20.066     20.198    28.7626    28.7646   5.817795   5.818053     3.1282     2.6532     100.00   26.06062  -93.26752   -0.00065   -0.00045         22  0.000e+00
     214302   8929.208     20.012     20.144    28.7628    28.7647   5.817795   5.818069     3.1270     2.6532     100.00   26.06062  -93.26752   -0.00065   -0.00034         22  0.000e+00
     214303   8929.250     20.066     20.198    28.7626    28.7645   5.817826   5.818069     3.1270     2.6532     100.00   26.06062  -93.26752   -0.00065   -0.00022         22  0.000e+00
     214304   8929.292     20.012     20.144    28.7626    28.7647   5.817842   5.818069     3.1270     2.6532     100.00   26.06062  -93.26752   -0.00065   -0.00010         22  0.000e+00
     214305   8929.333     20.012     20.144    28.7628    28.7646   5.817842   5.818109     3.1282     2.6532     100.00   26.06062  -93.26752   -0.00063   -0.00000         22  0.000e+00
     214306   8929.375     20.066     20.198    28.7628    28.7647   5.817803   5.818077     3.1282     2.6545     100.00   26.06062  -93.26752   -0.00061    0.00011         22  0.000e+00
     214307   8929.417     20.012     20.144    28.7628    28.7647   5.817866   5.818069     3.1282     2.6545     100.00   26.06062  -93.26752   -0.00059    0.00023         22  0.000e+00
     214308   8929.458     20.066     20.198    28.7626    28.7649   5.817850   5.818101     3.1282     2.6545     100.00   26.06062  -93.26752   -0.00057    0.00034         22  0.000e+00
     214309   8929.500     20.012     20.144    28.7630    28.7646   5.817874   5.818077     3.1282     2.6532     100.00   26.06062  -93.26752   -0.00055    0.00042         22  0.000e+00
     214310   8929.542     20.066     20.198    28.7628    28.7649   5.817818   5.818069     3.1282     2.6532     100.00   26.06062  -93.26752   -0.00053    0.00050         22  0.000e+00
     214311   8929.583     20.012     20.144    28.7628    28.7647   5.817866   5.818029     3.1282     2.6532     100.00   26.06062  -93.26752   -0.00051    0.00058         22  0.000e+00
     214312   8929.625     20.066     20.198    28.7628    28.7646   5.817850   5.818053     3.1282     2.6532     100.00   26.06062  -93.26752   -0.00050    0.00065         22  0.000e+00
     214313   8929.667     20.066     20.198    28.7628    28.7647   5.817842   5.818069     3.1282     2.6532     100.00   26.06062  -93.26752   -0.00048    0.00073         22  0.000e+00
     214314   8929.708     20.012     20.144    28.7628    28.7649   5.817842   5.818101     3.1282     2.6532     100.00   26.06062  -93.26752   -0.00047    0.00080         22  0.000e+00
     214315   8929.750     20.066     20.198    28.7630    28.7649   5.817874   5.818117     3.1282     2.6532     100.00   26.06062  -93.26752   -0.00046    0.00088         22  0.000e+00
     214316   8929.792     20.012     20.144    28.7630    28.7646   5.817890   5.818085     3.1282     2.6532     100.00   26.06062  -93.26752   -0.00045    0.00095         22  0.000e+00
     214317   8929.833     20.012     20.144    28.7630    28.7647   5.817850   5.818069     3.1282     2.6520     100.00   26.06062  -93.26752   -0.00045    0.00101         22  0.000e+00
     214318   8929.875     20.066     20.198    28.7631    28.7647   5.817913   5.818029     3.1294     2.6520     100.00   26.06062  -93.26752   -0.00042    0.00106         22  0.000e+00
     214319   8929.917     20.066     20.198    28.7630    28.7649   5.817866   5.818053     3.1282     2.6520     100.00   26.06062  -93.26752   -0.00041    0.00112         22  0.000e+00
     214320   8929.958     20.012     20.144    28.7628    28.7648   5.817874   5.818069     3.1294     2.6520     100.00   26.06062  -93.26752   -0.00039    0.00117         22  0.000e+00
     214321   8930.000     20.066     20.198    28.7628    28.7643   5.817890   5.818037     3.1282     2.6520     100.00   26.06062  -93.26752   -0.00038    0.00125         22  0.000e+00
     214322   8930.042     20.012     20.144    28.7630    28.7645   5.817850   5.818021     3.1294     2.6520     100.00   26.06062  -93.26752   -0.00035    0.00130         22  0.000e+00
     214323   8930.083     20.011     20.144    28.7628    28.7644   5.817842   5.818021     3.1282     2.6520     100.00   26.06062  -93.26752   -0.00034    0.00137         22  0.000e+00
     214324   8930.125     20.066     20.198    28.7628    28.7645   5.817842   5.818021     3.1294     2.6520     100.00   26.06062  -93.26752   -0.00032    0.00143         22  0.000e+00
     214325   8930.167     20.011     20.143    28.7628    28.7643   5.817842   5.818021     3.1282     2.6508     100.00   26.06062  -93.26752   -0.00031    0.00148         22  0.000e+00
     214326   8930.208     20.011     20.143    28.7628    28.7641   5.817874   5.817989     3.1282     2.6508     100.00   26.06062  -93.26752   -0.00030    0.00153         22  0.000e+00
     214327   8930.250     20.066     20.198    28.7628    28.7642   5.817850   5.818045     3.1282     2.6508     100.00   26.06062  -93.26752   -0.00027    0.00159         22  0.000e+00
     214328   8930.292     20.011     20.143    28.7630    28.7643   5.817874   5.818029     3.1282     2.6508     100.00   26.06062  -93.26752   -0.00026    0.00164         22  0.000e+00
     214329   8930.333     20.011     20.143    28.7628    28.7645   5.817890   5.818021     3.1282     2.6496     100.00   26.06062  -93.26752   -0.00025    0.00168         22  0.000e+00
     214330   8930.375     20.011     20.143    28.7628    28.7645   5.817850   5.818021     3.1282     2.6496     100.00   26.06062  -93.26752   -0.00024    0.00172         22  0.000e+00
     214331   8930.417     20.065     20.198    28.7628    28.7646   5.817842   5.818053     3.1282     2.6496     100.00   26.06062  -93.26752   -0.00022    0.00176         22  0.000e+00
     214332   8930.458     20.011     20.143    28.7626    28.7643   5.817842   5.818037     3.1282     2.6496     100.00   26.06062  -93.26752   -0.00021    0.00178         22  0.000e+00
     214333   8930.500     20.011     20.143    28.7628    28.7645   5.817842   5.818021     3.1282     2.6496     100.00   26.06062  -93.26752   -0.00020    0.00180         22  0.000e+00
     214334   8930.542     20.011     20.143    28.7628    28.7642   5.817874   5.818021     3.1282     2.6484     100.00   26.06062  -93.26752   -0.00019    0.00181         22  0.000e+00
     214335   8930.583     20.011     20.143    28.7628    28.7641   5.817818   5.817989     3.1294     2.6496     100.00   26.06062  -93.26752   -0.00016    0.00183         22  0.000e+00
     214336   8930.625     20.011     20.143    28.7626    28.7638   5.817826   5.818005     3.1282     2.6484     100.00   26.06062  -93.26752   -0.00014    0.00182         22  0.000e+00
     214337   8930.667     20.011     20.143    28.7626    28.7638   5.817874   5.817989     3.1294     2.6484     100.00   26.06062  -93.26752   -0.00011    0.00181         22  0.000e+00
     214338   8930.708     20.011     20.143    28.7628    28.7636   5.817818   5.817941     3.1294     2.6484     100.00   26.06062  -93.26752   -0.00008    0.00178         22  0.000e+00
     214339   8930.750     19.964     20.096    28.7626    28.7632   5.817866   5.817933     3.1294     2.6496     100.00   26.06062  -93.26752   -0.00005    0.00176         22  0.000e+00
     214340   8930.792     20.011     20.143    28.7628    28.7636   5.817850   5.817933     3.1294     2.6496     100.00   26.06062  -93.26752   -0.00002    0.00173         22  0.000e+00
     214341   8930.833     20.011     20.143    28.7626    28.7633   5.817803   5.817893     3.1294     2.6496     100.00   26.06062  -93.26752   -0.00001    0.00170         22  0.000e+00
     214342   8930.875     19.964     20.095    28.7626    28.7632   5.817826   5.817917     3.1294     2.6496     100.00   26.06062  -93.26752    0.00003    0.00167         22  0.000e+00
