Gulf of Mexico/GOMECC-4/1db/rb2103_0081.ros
* Sea-Bird SBE 9 Data File:
* FileName = C:\Users\scs.user.rb\CTD\GOMECC4\data\rb2103_008.hex
* Software Version Seasave V 7.26.7.107
* Temperature SN = 4799
* Conductivity SN = 3860
* Number of Bytes Per Scan = 41
* Number of Voltage Words = 4
* Number of Scans Averaged by the Deck Unit = 1
* NMEA Latitude = 25 29.79 N
* NMEA Longitude = 080 01.43 W
* NMEA UTC (Time) = Sep 15 2021  16:51:51
* NMEA baud rate = 4800
# nquan = 17
# nvalues = 3192                                  
# units = specified
# name 0 = scan: Scan Count
# name 1 = timeS: Time, Elapsed [seconds]
# name 2 = depSM: Depth [salt water, m]
# name 3 = prDM: Pressure, Digiquartz [db]
# name 4 = t090C: Temperature [ITS-90, deg C]
# name 5 = t190C: Temperature, 2 [ITS-90, deg C]
# name 6 = c0S/m: Conductivity [S/m]
# name 7 = c1S/m: Conductivity, 2 [S/m]
# name 8 = sbeox0V: Oxygen raw, SBE 43 [V]
# name 9 = sbeox1V: Oxygen raw, SBE 43, 2 [V]
# name 10 = altM: Altimeter [m]
# name 11 = latitude: Latitude [deg]
# name 12 = longitude: Longitude [deg]
# name 13 = sbox0dV/dT: Oxygen, SBE 43 [dov/dt]
# name 14 = sbox1dV/dT: Oxygen, SBE 43, 2 [dov/dt]
# name 15 = nbf: Bottles Fired
# name 16 = flag:  0.000e+00
# interval = seconds: 0.0416667
# start_time = Sep 15 2021 16:51:51 [NMEA time, header]
# bad_flag = -9.990e-29
*END*
[from data line 596]
      36782   1532.542    199.461    200.857     9.3355     9.3389   3.770617   3.771004     1.7131     1.4151     100.00   25.50518  -80.02024    0.00006    0.00007          5  0.000e+00
      36783   1532.583    199.529    200.925     9.3357     9.3388   3.770657   3.771004     1.7131     1.4151     100.00   25.50518  -80.02024    0.00006    0.00007          5  0.000e+00
      36784   1532.625    199.514    200.910     9.3355     9.3387   3.770643   3.770991     1.7131     1.4151     100.00   25.50518  -80.02024    0.00006    0.00007          5  0.000e+00
      36785   1532.667    199.529    200.925     9.3355     9.3382   3.770610   3.770931     1.7131     1.4151     100.00   25.50518  -80.02024    0.00005    0.00007          5  0.000e+00
      36786   1532.708    199.529    200.925     9.3357     9.3380   3.770624   3.770944     1.7131     1.4151     100.00   25.50518  -80.02024    0.00005    0.00005          5  0.000e+00
      36787   1532.750    199.461    200.857     9.3356     9.3379   3.770657   3.770944     1.7131     1.4151     100.00   25.50518  -80.02024    0.00005    0.00005          5  0.000e+00
      36788   1532.792    199.529    200.925     9.3358     9.3380   3.770670   3.770951     1.7131     1.4151     100.00   25.50518  -80.02024    0.00004    0.00005          5  0.000e+00
      36789   1532.833    199.514    200.910     9.3355     9.3381   3.770643   3.770971     1.7131     1.4151     100.00   25.50518  -80.02024    0.00004    0.00003          5  0.000e+00
      36790   1532.875    199.476    200.872     9.3357     9.3380   3.770657   3.770957     1.7131     1.4151     100.00   25.50518  -80.02024    0.00004    0.00002          5  0.000e+00
      36791   1532.917    199.476    200.872     9.3355     9.3378   3.770643   3.770944     1.7143     1.4151     100.00   25.50518  -80.02024    0.00005    0.00002          5  0.000e+00
      36792   1532.958    199.514    200.910     9.3354     9.3382   3.770657   3.770924     1.7131     1.4151     100.00   25.50518  -80.02024    0.00005    0.00002          5  0.000e+00
      36793   1533.000    199.529    200.925     9.3357     9.3383   3.770643   3.770964     1.7118     1.4151     100.00   25.50518  -80.02024    0.00002    0.00002          5  0.000e+00
      36794   1533.042    199.476    200.872     9.3352     9.3384   3.770610   3.770957     1.7131     1.4151     100.00   25.50518  -80.02024    0.00002    0.00002          5  0.000e+00
      36795   1533.083    199.514    200.910     9.3349     9.3383   3.770577   3.770944     1.7131     1.4151     100.00   25.50518  -80.02024    0.00002   -0.00000          5  0.000e+00
      36796   1533.125    199.476    200.872     9.3343     9.3377   3.770544   3.770924     1.7131     1.4151     100.00   25.50518  -80.02024    0.00001   -0.00000          5  0.000e+00
      36797   1533.167    199.574    200.971     9.3345     9.3376   3.770558   3.770937     1.7131     1.4151     100.00   25.50518  -80.02024    0.00001   -0.00001          5  0.000e+00
      36798   1533.208    199.476    200.872     9.3349     9.3380   3.770544   3.770951     1.7131     1.4151     100.00   25.50518  -80.02024    0.00001   -0.00001          5  0.000e+00
      36799   1533.250    199.476    200.872     9.3349     9.3392   3.770538   3.771018     1.7131     1.4151     100.00   25.50518  -80.02024    0.00000   -0.00001          5  0.000e+00
      36800   1533.292    199.574    200.971     9.3352     9.3403   3.770558   3.771051     1.7131     1.4151     100.00   25.50518  -80.02024   -0.00002   -0.00001          5  0.000e+00
      36801   1533.333    199.415    200.811     9.3347     9.3403   3.770544   3.771165     1.7131     1.4151     100.00   25.50518  -80.02024   -0.00002   -0.00001          5  0.000e+00
      36802   1533.375    199.476    200.872     9.3342     9.3416   3.770538   3.771245     1.7131     1.4151     100.00   25.50518  -80.02024   -0.00003   -0.00002          5  0.000e+00
      36803   1533.417    199.514    200.910     9.3342     9.3428   3.770485   3.771292     1.7131     1.4164     100.00   25.50518  -80.02024   -0.00003   -0.00000          5  0.000e+00
      36804   1533.458    199.529    200.926     9.3342     9.3430   3.770491   3.771346     1.7131     1.4151     100.00   25.50518  -80.02024   -0.00003   -0.00000          5  0.000e+00
      36805   1533.500    199.461    200.857     9.3342     9.3424   3.770505   3.771339     1.7131     1.4151     100.00   25.50518  -80.02024   -0.00004   -0.00001          5  0.000e+00
      36806   1533.542    199.476    200.872     9.3341     9.3419   3.770478   3.771326     1.7131     1.4151     100.00   25.50518  -80.02024   -0.00004   -0.00001          5  0.000e+00
      36807   1533.583    199.476    200.872     9.3339     9.3416   3.770472   3.771306     1.7131     1.4151     100.00   25.50518  -80.02024   -0.00004   -0.00001          5  0.000e+00
      36808   1533.625    199.514    200.910     9.3347     9.3416   3.770518   3.771245     1.7131     1.4151     100.00   25.50518  -80.02024   -0.00005   -0.00001          5  0.000e+00
      36809   1533.667    199.476    200.872     9.3349     9.3413   3.770538   3.771245     1.7131     1.4151     100.00   25.50518  -80.02024   -0.00003   -0.00002          5  0.000e+00
      36810   1533.708    199.461    200.857     9.3350     9.3410   3.770557   3.771218     1.7131     1.4151     100.00   25.50518  -80.02024   -0.00002   -0.00002          5  0.000e+00
      36811   1533.750    199.529    200.926     9.3352     9.3401   3.770591   3.771091     1.7131     1.4151     100.00   25.50518  -80.02024   -0.00002   -0.00002          5  0.000e+00
      36812   1533.792    199.476    200.872     9.3344     9.3382   3.770524   3.770917     1.7131     1.4164     100.00   25.50520  -80.02024   -0.00003   -0.00001          5  0.000e+00
      36813   1533.833    199.461    200.857     9.3342     9.3371   3.770505   3.770810     1.7131     1.4164     100.00   25.50520  -80.02024   -0.00003    0.00003          5  0.000e+00
      36814   1533.875    199.476    200.872     9.3339     9.3362   3.770478   3.770750     1.7131     1.4164     100.00   25.50520  -80.02024   -0.00002    0.00004          5  0.000e+00
      36815   1533.917    199.476    200.872     9.3341     9.3359   3.770491   3.770703     1.7131     1.4164     100.00   25.50520  -80.02024   -0.00002    0.00006          5  0.000e+00
      36816   1533.958    199.461    200.857     9.3342     9.3359   3.770478   3.770676     1.7143     1.4151     100.00   25.50520  -80.02024   -0.00000    0.00005          5  0.000e+00
      36817   1534.000    199.476    200.872     9.3347     9.3359   3.770491   3.770710     1.7131     1.4151     100.00   25.50520  -80.02024   -0.00001    0.00005          5  0.000e+00
      36818   1534.042    199.514    200.910     9.3345     9.3359   3.770505   3.770710     1.7131     1.4151     100.00   25.50520  -80.02024   -0.00001    0.00004          5  0.000e+00
      36819   1534.083    199.416    200.811     9.3345     9.3360   3.770524   3.770716     1.7131     1.4151     100.00   25.50520  -80.02024   -0.00001    0.00004          5  0.000e+00
      36820   1534.125    199.476    200.872     9.3345     9.3361   3.770511   3.770737     1.7131     1.4164     100.00   25.50520  -80.02024    0.00000    0.00006          5  0.000e+00
      36821   1534.167    199.514    200.910     9.3339     9.3362   3.770478   3.770750     1.7131     1.4151     100.00   25.50520  -80.02024   -0.00000    0.00005          5  0.000e+00
      36822   1534.208    199.416    200.811     9.3337     9.3363   3.770419   3.770770     1.7131     1.4151     100.00   25.50520  -80.02024   -0.00000    0.00005          5  0.000e+00
      36823   1534.250    199.514    200.910     9.3340     9.3362   3.770452   3.770783     1.7131     1.4164     100.00   25.50520  -80.02024   -0.00001    0.00006          5  0.000e+00
      36824   1534.292    199.476    200.872     9.3342     9.3363   3.770518   3.770830     1.7131     1.4151     100.00   25.50520  -80.02024   -0.00001    0.00006          5  0.000e+00
      36825   1534.333    199.416    200.811     9.3347     9.3364   3.770538   3.770777     1.7131     1.4151     100.00   25.50520  -80.02024    0.00001    0.00005          5  0.000e+00
      36826   1534.375    199.514    200.910     9.3349     9.3363   3.770511   3.770797     1.7131     1.4164     100.00   25.50520  -80.02024    0.00000    0.00007          5  0.000e+00
      36827   1534.417    199.476    200.872     9.3349     9.3366   3.770577   3.770817     1.7131     1.4164     100.00   25.50520  -80.02024 5.2753e-07    0.00008          5  0.000e+00
      36828   1534.458    199.476    200.872     9.3354     9.3370   3.770650   3.770810     1.7131     1.4151     100.00   25.50520  -80.02024   -0.00000    0.00007          5  0.000e+00
      36829   1534.500    199.461    200.857     9.3355     9.3371   3.770670   3.770844     1.7131     1.4151     100.00   25.50520  -80.02024   -0.00000    0.00007          5  0.000e+00
      36830   1534.542    199.476    200.872     9.3357     9.3373   3.770617   3.770870     1.7131     1.4151     100.00   25.50520  -80.02024   -0.00001    0.00006          5  0.000e+00
      36831   1534.583    199.514    200.911     9.3360     9.3376   3.770650   3.770884     1.7131     1.4151     100.00   25.50520  -80.02024   -0.00003    0.00006          5  0.000e+00
      36832   1534.625    199.416    200.811     9.3358     9.3376   3.770643   3.770931     1.7143     1.4151     100.00   25.50520  -80.02024   -0.00001    0.00005          5  0.000e+00
      36833   1534.667    199.529    200.926     9.3352     9.3378   3.770637   3.770904     1.7131     1.4164     100.00   25.50520  -80.02024   -0.00002    0.00007          5  0.000e+00
      36834   1534.708    199.461    200.857     9.3349     9.3376   3.770584   3.770931     1.7131     1.4164     100.00   25.50520  -80.02024   -0.00002    0.00008          5  0.000e+00
      36835   1534.750    199.476    200.872     9.3349     9.3373   3.770571   3.770904     1.7131     1.4164     100.00   25.50520  -80.02024   -0.00002    0.00009          5  0.000e+00
      36836   1534.792    199.461    200.857     9.3352     9.3371   3.770544   3.770864     1.7131     1.4151     100.00   25.50520  -80.02024   -0.00003    0.00010          5  0.000e+00
      36837   1534.833    199.529    200.926     9.3349     9.3372   3.770538   3.770870     1.7131     1.4164     100.00   25.50520  -80.02024   -0.00003    0.00011          5  0.000e+00
      36838   1534.875    199.416    200.811     9.3352     9.3375   3.770584   3.770911     1.7118     1.4164     100.00   25.50520  -80.02024   -0.00005    0.00014          5  0.000e+00
      36839   1534.917    199.514    200.911     9.3355     9.3377   3.770577   3.770937     1.7131     1.4151     100.00   25.50520  -80.02024   -0.00005    0.00014          5  0.000e+00
      36840   1534.958    199.476    200.872     9.3355     9.3380   3.770591   3.770951     1.7131     1.4164     100.00   25.50520  -80.02024   -0.00005    0.00015          5  0.000e+00
      36841   1535.000    199.476    200.872     9.3352     9.3386   3.770604   3.771018     1.7131     1.4151     100.00   25.50520  -80.02024   -0.00006    0.00014          5  0.000e+00
      36842   1535.042    199.461    200.857     9.3352     9.3388   3.770551   3.771004     1.7131     1.4151     100.00   25.50520  -80.02024   -0.00006    0.00014          5  0.000e+00
      36843   1535.083    199.476    200.872     9.3350     9.3389   3.770584   3.771004     1.7131     1.4151     100.00   25.50520  -80.02024   -0.00006    0.00013          5  0.000e+00
      36844   1535.125    199.461    200.857     9.3354     9.3391   3.770604   3.771044     1.7131     1.4151     100.00   25.50520  -80.02024   -0.00007    0.00012          5  0.000e+00
      36845   1535.167    199.476    200.872     9.3354     9.3395   3.770604   3.771071     1.7131     1.4151     100.00   25.50520  -80.02024   -0.00007    0.00012          5  0.000e+00
      36846   1535.208    199.529    200.926     9.3354     9.3397   3.770624   3.771085     1.7131     1.4164     100.00   25.50520  -80.02024   -0.00007    0.00013          5  0.000e+00
      36847   1535.250    199.461    200.857     9.3355     9.3396   3.770610   3.771105     1.7131     1.4151     100.00   25.50520  -80.02024   -0.00007    0.00012          5  0.000e+00
      36848   1535.292    199.476    200.873     9.3355     9.3394   3.770650   3.771091     1.7131     1.4164     100.00   25.50520  -80.02024   -0.00008    0.00015          5  0.000e+00
      36849   1535.333    199.476    200.873     9.3356     9.3391   3.770617   3.771078     1.7131     1.4164     100.00   25.50520  -80.02024   -0.00008    0.00016          5  0.000e+00
      36850   1535.375    199.461    200.857     9.3355     9.3399   3.770624   3.771138     1.7131     1.4164     100.00   25.50520  -80.02024   -0.00006    0.00017          5  0.000e+00
      37112   1546.292    199.305    200.700     9.3412     9.3404   3.771271   3.771212     1.7143     1.4164      84.91   25.50526  -80.02022    0.00028    0.00026          6  0.000e+00
      37113   1546.333    199.585    200.982     9.3414     9.3406   3.771271   3.771185     1.7131     1.4164      84.91   25.50526  -80.02022    0.00024    0.00027          6  0.000e+00
      37114   1546.375    199.464    200.860     9.3414     9.3401   3.771271   3.771212     1.7131     1.4164      84.88   25.50526  -80.02022    0.00023    0.00028          6  0.000e+00
      37115   1546.417    199.365    200.761     9.3412     9.3399   3.771271   3.771185     1.7131     1.4164      84.88   25.50526  -80.02022    0.00022    0.00029          6  0.000e+00
      37116   1546.458    199.517    200.913     9.3414     9.3398   3.771245   3.771185     1.7143     1.4164      84.88   25.50526  -80.02022    0.00022    0.00030          6  0.000e+00
      37117   1546.500    199.418    200.814     9.3419     9.3399   3.771291   3.771172     1.7143     1.4164      84.88   25.50526  -80.02022    0.00022    0.00030          6  0.000e+00
      37118   1546.542    199.418    200.814     9.3418     9.3403   3.771278   3.771212     1.7131     1.4164      86.32   25.50526  -80.02022    0.00021    0.00031          6  0.000e+00
      37119   1546.583    199.464    200.860     9.3417     9.3404   3.771350   3.771185     1.7131     1.4164      95.75   25.50526  -80.02022    0.00019    0.00032          6  0.000e+00
      37120   1546.625    199.418    200.814     9.3418     9.3406   3.771324   3.771185     1.7131     1.4164     100.00   25.50526  -80.02022    0.00018    0.00032          6  0.000e+00
      37121   1546.667    199.403    200.799     9.3416     9.3404   3.771278   3.771198     1.7143     1.4164     100.00   25.50526  -80.02022    0.00018    0.00033          6  0.000e+00
      37122   1546.708    199.418    200.814     9.3414     9.3399   3.771271   3.771192     1.7143     1.4164     100.00   25.50526  -80.02022    0.00018    0.00033          6  0.000e+00
      37123   1546.750    199.419    200.814     9.3412     9.3396   3.771271   3.771152     1.7131     1.4164     100.00   25.50526  -80.02022    0.00016    0.00034          6  0.000e+00
      37124   1546.792    199.403    200.799     9.3411     9.3397   3.771245   3.771178     1.7131     1.4164     100.00   25.50526  -80.02022    0.00015    0.00034          6  0.000e+00
      37125   1546.833    199.419    200.814     9.3411     9.3401   3.771238   3.771172     1.7131     1.4151     100.00   25.50526  -80.02022    0.00013    0.00033          6  0.000e+00
      37126   1546.875    199.419    200.814     9.3409     9.3403   3.771212   3.771158     1.7131     1.4164     100.00   25.50526  -80.02022    0.00012    0.00034          6  0.000e+00
