Gulf of Mexico/GOMECC-4/1db/rb2103_0721.ros
* Sea-Bird SBE 9 Data File:
* FileName = C:\Users\scs.user.rb\CTD\GOMECC4\data\rb2103_0721.hex
* Software Version Seasave V 7.26.7.107
* Temperature SN = 4799
* Conductivity SN = 3860
* Number of Bytes Per Scan = 41
* Number of Voltage Words = 4
* Number of Scans Averaged by the Deck Unit = 1
* NMEA Latitude = 26 03.50 N
* NMEA Longitude = 093 43.74 W
* NMEA UTC (Time) = Oct 04 2021  04:36:25
* NMEA baud rate = 4800
# nquan = 17
# nvalues = 3192                                  
# units = specified
# name 0 = scan: Scan Count
# name 1 = timeS: Time, Elapsed [seconds]
# name 2 = depSM: Depth [salt water, m]
# name 3 = prDM: Pressure, Digiquartz [db]
# name 4 = t090C: Temperature [ITS-90, deg C]
# name 5 = t190C: Temperature, 2 [ITS-90, deg C]
# name 6 = c0S/m: Conductivity [S/m]
# name 7 = c1S/m: Conductivity, 2 [S/m]
# name 8 = sbeox0V: Oxygen raw, SBE 43 [V]
# name 9 = sbeox1V: Oxygen raw, SBE 43, 2 [V]
# name 10 = altM: Altimeter [m]
# name 11 = latitude: Latitude [deg]
# name 12 = longitude: Longitude [deg]
# name 13 = sbox0dV/dT: Oxygen, SBE 43 [dov/dt]
# name 14 = sbox1dV/dT: Oxygen, SBE 43, 2 [dov/dt]
# name 15 = nbf: Bottles Fired
# name 16 = flag:  0.000e+00
# interval = seconds: 0.0416667
# start_time = Oct 04 2021 04:36:25 [NMEA time, header]
# bad_flag = -9.990e-29
*END*
[from data line 3064]
     220252   9177.125      2.814      2.832    28.9296    28.9245   5.844247   5.843269     3.1416     2.6606      61.22   26.05950  -93.72318    0.00053   -0.00131         24  0.000e+00
     220253   9177.167      2.814      2.832    28.9278    28.9241   5.844041   5.843229     3.1416     2.6606      60.39   26.05950  -93.72318    0.00050   -0.00128         24  0.000e+00
     220254   9177.208      2.753      2.771    28.9276    28.9233   5.843922   5.843108     3.1416     2.6606      61.49   26.05950  -93.72318    0.00047   -0.00127         24  0.000e+00
     220255   9177.250      2.766      2.785    28.9274    28.9228   5.843859   5.842932     3.1416     2.6606      61.95   26.05950  -93.72318    0.00043   -0.00124         24  0.000e+00
     220256   9177.292      2.766      2.785    28.9267    28.9211   5.843748   5.842659     3.1416     2.6606      61.95   26.05950  -93.72318    0.00042   -0.00122         24  0.000e+00
     220257   9177.333      2.800      2.819    28.9254    28.9187   5.843597   5.842450     3.1429     2.6606      61.90   26.05950  -93.72318    0.00041   -0.00120         24  0.000e+00
     220258   9177.375      2.712      2.730    28.9252    28.9179   5.843526   5.842402     3.1429     2.6606      61.88   26.05950  -93.72318    0.00041   -0.00116         24  0.000e+00
     220259   9177.417      2.699      2.716    28.9257    28.9182   5.843582   5.842474     3.1429     2.6606      61.90   26.05950  -93.72318    0.00041   -0.00116         24  0.000e+00
     220260   9177.458      2.766      2.785    28.9263    28.9191   5.843582   5.842498     3.1429     2.6606      61.88   26.05950  -93.72318    0.00040   -0.00115         24  0.000e+00
     220261   9177.500      2.665      2.682    28.9254    28.9197   5.843415   5.842498     3.1429     2.6593      61.90   26.05950  -93.72318    0.00041   -0.00114         24  0.000e+00
     220262   9177.542      2.699      2.716    28.9246    28.9194   5.843328   5.842426     3.1429     2.6606      61.90   26.05950  -93.72318    0.00040   -0.00109         24  0.000e+00
     220263   9177.583      2.712      2.730    28.9245    28.9189   5.843360   5.842298     3.1429     2.6606      61.90   26.05950  -93.72318    0.00041   -0.00108         24  0.000e+00
     220264   9177.625      2.665      2.682    28.9245    28.9176   5.843399   5.842121     3.1429     2.6606      61.88   26.05950  -93.72318    0.00042   -0.00107         24  0.000e+00
     220265   9177.667      2.651      2.669    28.9246    28.9176   5.843344   5.842001     3.1416     2.6606      61.88   26.05950  -93.72318    0.00041   -0.00105         24  0.000e+00
     220266   9177.708      2.665      2.682    28.9245    28.9171   5.843320   5.841905     3.1416     2.6606      61.90   26.05950  -93.72318    0.00039   -0.00103         24  0.000e+00
     220267   9177.750      2.651      2.669    28.9243    28.9166   5.843289   5.841921     3.1429     2.6618      61.88   26.05950  -93.72318    0.00040   -0.00100         24  0.000e+00
     220268   9177.792      2.618      2.635    28.9241    28.9168   5.843344   5.841889     3.1416     2.6618      61.88   26.05950  -93.72318    0.00040   -0.00100         24  0.000e+00
     220269   9177.833      2.665      2.682    28.9237    28.9169   5.843265   5.841881     3.1416     2.6606      61.90   26.05950  -93.72318    0.00040   -0.00100         24  0.000e+00
     220270   9177.875      2.604      2.621    28.9233    28.9170   5.843154   5.841848     3.1416     2.6606      61.90   26.05950  -93.72318    0.00041   -0.00097         24  0.000e+00
     220271   9177.917      2.618      2.635    28.9231    28.9167   5.843099   5.841832     3.1416     2.6606      61.90   26.05950  -93.72318    0.00043   -0.00095         24  0.000e+00
     220272   9177.958      2.618      2.635    28.9228    28.9166   5.843083   5.841792     3.1416     2.6606      61.88   26.05950  -93.72318    0.00043   -0.00093         24  0.000e+00
     220273   9178.000      2.604      2.621    28.9224    28.9160   5.843012   5.841712     3.1416     2.6606      68.23   26.05950  -93.72318    0.00043   -0.00090         24  0.000e+00
     220274   9178.042      2.618      2.635    28.9224    28.9155   5.843059   5.841648     3.1416     2.6618      92.06   26.05950  -93.72318    0.00044   -0.00084         24  0.000e+00
     220275   9178.083      2.550      2.567    28.9228    28.9152   5.843122   5.841600     3.1416     2.6606     100.00   26.05950  -93.72318    0.00044   -0.00080         24  0.000e+00
     220276   9178.125      2.563      2.580    28.9230    28.9152   5.843344   5.841592     3.1416     2.6606     100.00   26.05950  -93.72318    0.00046   -0.00077         24  0.000e+00
     220277   9178.167      2.618      2.635    28.9237    28.9153   5.843748   5.841592     3.1416     2.6618     100.00   26.05950  -93.72318    0.00047   -0.00072         24  0.000e+00
     220278   9178.208      2.550      2.567    28.9270    28.9154   5.844136   5.841552     3.1416     2.6606     100.00   26.05950  -93.72318    0.00049   -0.00069         24  0.000e+00
     220279   9178.250      2.618      2.635    28.9296    28.9153   5.844452   5.841616     3.1416     2.6606      99.98   26.05950  -93.72318    0.00049   -0.00069         24  0.000e+00
     220280   9178.292      2.563      2.580    28.9311    28.9158   5.844658   5.841712     3.1416     2.6606     100.00   26.05950  -93.72318    0.00050   -0.00069         24  0.000e+00
     220281   9178.333      2.604      2.621    28.9323    28.9159   5.844808   5.841736     3.1416     2.6618     100.00   26.05950  -93.72318    0.00050   -0.00066         24  0.000e+00
     220282   9178.375      2.563      2.580    28.9327    28.9159   5.844824   5.841736     3.1416     2.6606     100.00   26.05950  -93.72318    0.00050   -0.00066         24  0.000e+00
     220283   9178.417      2.550      2.567    28.9323    28.9162   5.844698   5.841768     3.1416     2.6618     100.00   26.05950  -93.72318    0.00050   -0.00064         24  0.000e+00
     220284   9178.458      2.563      2.580    28.9322    28.9165   5.844634   5.841752     3.1429     2.6618     100.00   26.05950  -93.72318    0.00051   -0.00064         24  0.000e+00
     220285   9178.500      2.563      2.580    28.9318    28.9163   5.844682   5.841736     3.1429     2.6618     100.00   26.05950  -93.72318    0.00051   -0.00064         24  0.000e+00
     220286   9178.542      2.550      2.567    28.9322    28.9161   5.844682   5.841696     3.1429     2.6618     100.00   26.05950  -93.72318    0.00053   -0.00064         24  0.000e+00
     220287   9178.583      2.563      2.580    28.9322    28.9161   5.844658   5.841688     3.1429     2.6618     100.00   26.05950  -93.72318    0.00052   -0.00064         24  0.000e+00
     220288   9178.625      2.502      2.519    28.9327    28.9160   5.844848   5.841688     3.1429     2.6618     100.00   26.05950  -93.72318    0.00052   -0.00063         24  0.000e+00
     220289   9178.667      2.665      2.682    28.9347    28.9166   5.845078   5.841792     3.1429     2.6618     100.00   26.05950  -93.72318    0.00051   -0.00063         24  0.000e+00
     220290   9178.708      2.563      2.580    28.9357    28.9171   5.845252   5.841872     3.1429     2.6618     100.00   26.05950  -93.72318    0.00051   -0.00063         24  0.000e+00
     220291   9178.750      2.550      2.567    28.9366    28.9174   5.845426   5.841913     3.1429     2.6618     100.00   26.05950  -93.72318    0.00050   -0.00063         24  0.000e+00
     220292   9178.792      2.563      2.580    28.9375    28.9171   5.845545   5.841889     3.1429     2.6618     100.00   26.05950  -93.72318    0.00049   -0.00063         24  0.000e+00
     220293   9178.833      2.563      2.580    28.9371    28.9166   5.845402   5.841768     3.1429     2.6618     100.00   26.05950  -93.72318    0.00048   -0.00061         24  0.000e+00
     220294   9178.875      2.550      2.567    28.9355    28.9155   5.845149   5.841632     3.1429     2.6618     100.00   26.05950  -93.72318    0.00047   -0.00061         24  0.000e+00
     220295   9178.917      2.563      2.580    28.9344    28.9152   5.845093   5.841592     3.1429     2.6618     100.00   26.05950  -93.72318    0.00046   -0.00059         24  0.000e+00
     220296   9178.958      2.550      2.567    28.9340    28.9153   5.845054   5.841552     3.1429     2.6618     100.00   26.05950  -93.72318    0.00045   -0.00057         24  0.000e+00
     220297   9179.000      2.617      2.635    28.9335    28.9152   5.845014   5.841544     3.1429     2.6618     100.00   26.05950  -93.72318    0.00045   -0.00054         24  0.000e+00
     220298   9179.042      2.516      2.532    28.9337    28.9153   5.845030   5.841544     3.1429     2.6618     100.00   26.05950  -93.72318    0.00045   -0.00052         24  0.000e+00
     220299   9179.083      2.604      2.621    28.9340    28.9150   5.845038   5.841503     3.1441     2.6618     100.00   26.05950  -93.72318    0.00047   -0.00048         24  0.000e+00
     220300   9179.125      2.563      2.580    28.9333    28.9152   5.844943   5.841536     3.1429     2.6618     100.00   26.05950  -93.72318    0.00047   -0.00046         24  0.000e+00
     220301   9179.167      2.563      2.580    28.9329    28.9152   5.844793   5.841544     3.1429     2.6618     100.00   26.05950  -93.72318    0.00047   -0.00042         24  0.000e+00
     220302   9179.208      2.604      2.621    28.9322    28.9151   5.844690   5.841544     3.1429     2.6630     100.00   26.05950  -93.72318    0.00047   -0.00036         24  0.000e+00
     220303   9179.250      2.563      2.580    28.9320    28.9146   5.844872   5.841247     3.1429     2.6630     100.00   26.05950  -93.72318    0.00047   -0.00032         24  0.000e+00
     220304   9179.292      2.550      2.566    28.9344    28.9151   5.845347   5.841231     3.1429     2.6630     100.00   26.05950  -93.72318    0.00049   -0.00026         24  0.000e+00
     220305   9179.333      2.617      2.635    28.9371    28.9152   5.845727   5.841471     3.1429     2.6630     100.00   26.05950  -93.72318    0.00051   -0.00022         24  0.000e+00
     220306   9179.375      2.563      2.580    28.9390    28.9152   5.845964   5.841576     3.1429     2.6642     100.00   26.05950  -93.72318    0.00050   -0.00015         24  0.000e+00
     220307   9179.417      2.604      2.621    28.9388    28.9151   5.845925   5.841560     3.1429     2.6630     100.00   26.05950  -93.72318    0.00050   -0.00011         24  0.000e+00
     220308   9179.458      2.563      2.580    28.9381    28.9155   5.845790   5.841616     3.1429     2.6654     100.00   26.05950  -93.72318    0.00052   -0.00003         24  0.000e+00
     220309   9179.500      2.563      2.580    28.9368    28.9160   5.845592   5.841744     3.1429     2.6654     100.00   26.05950  -93.72318    0.00053    0.00004         24  0.000e+00
     220310   9179.542      2.550      2.566    28.9364    28.9165   5.845521   5.841856     3.1429     2.6642     100.00   26.05950  -93.72318    0.00054    0.00010         24  0.000e+00
     220311   9179.583      2.617      2.635    28.9364    28.9168   5.845497   5.841953     3.1429     2.6630     100.00   26.05950  -93.72318    0.00056    0.00014         24  0.000e+00
     220312   9179.625      2.604      2.621    28.9357    28.9173   5.845371   5.841937     3.1429     2.6642     100.00   26.05950  -93.72318    0.00057    0.00020         24  0.000e+00
     220313   9179.667      2.563      2.580    28.9351    28.9174   5.845236   5.842001     3.1429     2.6654     100.00   26.05950  -93.72318    0.00060    0.00027         24  0.000e+00
     220314   9179.708      2.617      2.635    28.9349    28.9178   5.845149   5.842057     3.1429     2.6654     100.00   26.05950  -93.72318    0.00061    0.00034         24  0.000e+00
     220315   9179.750      2.604      2.621    28.9347    28.9177   5.845173   5.842073     3.1416     2.6654     100.00   26.05950  -93.72318    0.00062    0.00039         24  0.000e+00
     220316   9179.792      2.563      2.580    28.9354    28.9173   5.845268   5.842001     3.1429     2.6654     100.00   26.05950  -93.72318    0.00064    0.00045         24  0.000e+00
     220317   9179.833      2.617      2.635    28.9346    28.9176   5.845212   5.842009     3.1416     2.6630     100.00   26.05950  -93.72318    0.00063    0.00046         24  0.000e+00
     220318   9179.875      2.604      2.621    28.9342    28.9170   5.845117   5.841953     3.1416     2.6642     100.00   26.05950  -93.72318    0.00064    0.00052         24  0.000e+00
     220319   9179.917      2.563      2.580    28.9340    28.9169   5.845125   5.841889     3.1416     2.6642     100.00   26.05950  -93.72318    0.00064    0.00055         24  0.000e+00
     220320   9179.958      2.604      2.621    28.9349    28.9179   5.845220   5.842025     3.1404     2.6630     100.00   26.05950  -93.72318    0.00062    0.00057         24  0.000e+00
     220321   9180.000      2.617      2.635    28.9357    28.9189   5.845276   5.842290     3.1416     2.6642     100.00   26.05950  -93.72318    0.00061    0.00060         24  0.000e+00
     220322   9180.042      2.617      2.635    28.9355    28.9224   5.845220   5.842787     3.1404     2.6630      81.05   26.05950  -93.72318    0.00059    0.00061         24  0.000e+00
     220323   9180.083      2.604      2.621    28.9349    28.9254   5.845109   5.843389     3.1404     2.6630      41.20   26.05950  -93.72318    0.00057    0.00063         24  0.000e+00
     220324   9180.125      2.617      2.635    28.9353    28.9263   5.845086   5.843589     3.1404     2.6630      29.06   26.05950  -93.72318    0.00055    0.00064         24  0.000e+00
     220325   9180.167      2.617      2.635    28.9370    28.9274   5.845347   5.843846     3.1404     2.6630      29.82   26.05950  -93.72318    0.00053    0.00066         24  0.000e+00
     220326   9180.208      2.604      2.621    28.9375    28.9291   5.845497   5.844255     3.1404     2.6618      31.50   26.05950  -93.72318    0.00049    0.00067         24  0.000e+00
     220327   9180.250      2.617      2.635    28.9381    28.9309   5.845568   5.844721     3.1392     2.6618      31.94   26.05950  -93.72318    0.00043    0.00068         24  0.000e+00
     220328   9180.292      2.651      2.669    28.9378    28.9337   5.845640   5.845090     3.1392     2.6630      31.87   26.05950  -93.72318    0.00038    0.00070         24  0.000e+00
     220329   9180.333      2.617      2.635    28.9381    28.9361   5.845711   5.845387     3.1392     2.6618      31.82   26.05950  -93.72318    0.00032    0.00071         24  0.000e+00
     220330   9180.375      2.617      2.635    28.9382    28.9371   5.845782   5.845427     3.1392     2.6618      31.79   26.05950  -93.72318    0.00027    0.00072         24  0.000e+00
     220331   9180.417      2.651      2.669    28.9382    28.9370   5.845806   5.845379     3.1392     2.6618      31.79   26.05950  -93.72318    0.00021    0.00072         24  0.000e+00
     220332   9180.458      2.617      2.635    28.9379    28.9363   5.845782   5.845403     3.1392     2.6618      31.79   26.05950  -93.72318    0.00016    0.00072         24  0.000e+00
     220333   9180.500      2.617      2.635    28.9384    28.9370   5.845798   5.845595     3.1392     2.6618      31.77   26.05950  -93.72318    0.00009    0.00072         24  0.000e+00
     220334   9180.542      2.651      2.669    28.9384    28.9391   5.845782   5.845908     3.1380     2.6606      31.79   26.05950  -93.72318   -0.00000    0.00069         24  0.000e+00
     220335   9180.583      2.665      2.682    28.9384    28.9404   5.845798   5.846093     3.1392     2.6618      31.79   26.05950  -93.72318   -0.00005    0.00069         24  0.000e+00
