Gulf of Mexico/GOMECC-4/1db/rb2103_0761.ros
* Sea-Bird SBE 9 Data File:
* FileName = C:\Users\scs.user.rb\CTD\GOMECC4\data\rb2103_0761.hex
* Software Version Seasave V 7.26.7.107
* Temperature SN = 4799
* Conductivity SN = 3860
* Number of Bytes Per Scan = 41
* Number of Voltage Words = 4
* Number of Scans Averaged by the Deck Unit = 1
* NMEA Latitude = 22 16.44 N
* NMEA Longitude = 097 38.35 W
* NMEA UTC (Time) = Oct 05 2021  23:34:35
* NMEA baud rate = 4800
# nquan = 17
# nvalues = 1596                                  
# units = specified
# name 0 = scan: Scan Count
# name 1 = timeS: Time, Elapsed [seconds]
# name 2 = depSM: Depth [salt water, m]
# name 3 = prDM: Pressure, Digiquartz [db]
# name 4 = t090C: Temperature [ITS-90, deg C]
# name 5 = t190C: Temperature, 2 [ITS-90, deg C]
# name 6 = c0S/m: Conductivity [S/m]
# name 7 = c1S/m: Conductivity, 2 [S/m]
# name 8 = sbeox0V: Oxygen raw, SBE 43 [V]
# name 9 = sbeox1V: Oxygen raw, SBE 43, 2 [V]
# name 10 = altM: Altimeter [m]
# name 11 = latitude: Latitude [deg]
# name 12 = longitude: Longitude [deg]
# name 13 = sbox0dV/dT: Oxygen, SBE 43 [dov/dt]
# name 14 = sbox1dV/dT: Oxygen, SBE 43, 2 [dov/dt]
# name 15 = nbf: Bottles Fired
# name 16 = flag:  0.000e+00
# interval = seconds: 0.0416667
# start_time = Oct 05 2021 23:34:35 [NMEA time, header]
# bad_flag = -9.990e-29
*END*
[from data line 681]
      23267    969.417     25.221     25.381    29.2820    29.2980   5.895810   5.895104     3.1441     2.6618      15.75   22.27420  -97.63970    0.00090    0.00151          6  0.000e+00
      23268    969.458     25.086     25.245    29.2810    29.2976   5.895826   5.895056     3.1441     2.6618      15.75   22.27420  -97.63970    0.00101    0.00152          6  0.000e+00
      23269    969.500     25.120     25.279    29.2805    29.2974   5.895898   5.895072     3.1441     2.6618      15.75   22.27420  -97.63970    0.00111    0.00153          6  0.000e+00
      23270    969.542     25.032     25.191    29.2799    29.2970   5.895850   5.895080     3.1441     2.6618      15.75   22.27420  -97.63970    0.00121    0.00154          6  0.000e+00
      23271    969.583     25.072     25.231    29.2790    29.2970   5.895858   5.895121     3.1441     2.6618      15.78   22.27420  -97.63970    0.00131    0.00155          6  0.000e+00
      23272    969.625     25.086     25.245    29.2801    29.2967   5.895834   5.895129     3.1429     2.6618      15.85   22.27420  -97.63970    0.00138    0.00155          6  0.000e+00
      23273    969.667     25.072     25.231    29.2812    29.2965   5.895826   5.895129     3.1429     2.6618      15.90   22.27420  -97.63970    0.00144    0.00155          6  0.000e+00
      23274    969.708     25.086     25.245    29.2816    29.2965   5.895747   5.895169     3.1429     2.6618      15.90   22.27420  -97.63970    0.00150    0.00154          6  0.000e+00
      23275    969.750     25.072     25.231    29.2818    29.2967   5.895763   5.895177     3.1429     2.6618      15.90   22.27420  -97.63970    0.00157    0.00154          6  0.000e+00
      23276    969.792     25.032     25.191    29.2808    29.2968   5.895771   5.895249     3.1429     2.6618      15.90   22.27420  -97.63970    0.00163    0.00153          6  0.000e+00
      23277    969.833     25.086     25.245    29.2785    29.2968   5.895842   5.895306     3.1429     2.6618      15.90   22.27420  -97.63970    0.00169    0.00152          6  0.000e+00
      23278    969.875     25.018     25.177    29.2761    29.2972   5.895834   5.895354     3.1429     2.6618      15.90   22.27420  -97.63970    0.00173    0.00152          6  0.000e+00
      23279    969.917     25.086     25.245    29.2737    29.2977   5.895858   5.895370     3.1429     2.6618      15.90   22.27420  -97.63970    0.00179    0.00152          6  0.000e+00
      23280    969.958     25.018     25.177    29.2744    29.2983   5.895834   5.895402     3.1416     2.6618      15.90   22.27420  -97.63970    0.00183    0.00153          6  0.000e+00
      23281    970.000     25.086     25.245    29.2772    29.2989   5.895826   5.895523     3.1416     2.6618      15.90   22.27420  -97.63970    0.00188    0.00153          6  0.000e+00
      23282    970.042     25.018     25.177    29.2779    29.2996   5.895858   5.895531     3.1429     2.6618      15.90   22.27420  -97.63970    0.00192    0.00153          6  0.000e+00
      23283    970.083     25.086     25.245    29.2781    29.3003   5.895874   5.895515     3.1416     2.6606      15.90   22.27420  -97.63970    0.00194    0.00152          6  0.000e+00
      23284    970.125     25.018     25.177    29.2779    29.3030   5.895874   5.895443     3.1416     2.6606      15.90   22.27420  -97.63970    0.00196    0.00150          6  0.000e+00
      23285    970.167     25.086     25.245    29.2774    29.3050   5.895874   5.895378     3.1416     2.6606      15.90   22.27420  -97.63970    0.00198    0.00150          6  0.000e+00
      23286    970.208     24.984     25.143    29.2772    29.3048   5.895874   5.895402     3.1416     2.6606      15.90   22.27420  -97.63970    0.00200    0.00149          6  0.000e+00
      23287    970.250     25.072     25.231    29.2777    29.3041   5.895874   5.895346     3.1416     2.6606      15.90   22.27420  -97.63970    0.00202    0.00149          6  0.000e+00
      23288    970.292     25.086     25.245    29.2783    29.3040   5.895874   5.895354     3.1416     2.6606      15.90   22.27420  -97.63970    0.00204    0.00148          6  0.000e+00
      23289    970.333     25.072     25.231    29.2786    29.3056   5.895874   5.895265     3.1416     2.6606      15.90   22.27420  -97.63970    0.00206    0.00148          6  0.000e+00
      23290    970.375     25.032     25.191    29.2787    29.3070   5.895906   5.895185     3.1404     2.6593      15.90   22.27420  -97.63970    0.00204    0.00145          6  0.000e+00
      23291    970.417     25.072     25.231    29.2785    29.3078   5.896025   5.895104     3.1416     2.6606      15.90   22.27420  -97.63970    0.00204    0.00144          6  0.000e+00
      23292    970.458     25.032     25.191    29.2781    29.3078   5.896025   5.895120     3.1404     2.6593      15.90   22.27420  -97.63970    0.00204    0.00142          6  0.000e+00
      23293    970.500     25.120     25.279    29.2770    29.3077   5.896017   5.895016     3.1404     2.6606      15.90   22.27420  -97.63970    0.00202    0.00141          6  0.000e+00
      23294    970.542     25.032     25.191    29.2772    29.3072   5.896049   5.895056     3.1416     2.6606      15.90   22.27420  -97.63970    0.00201    0.00140          6  0.000e+00
      23295    970.583     25.072     25.231    29.2770    29.3069   5.896096   5.895193     3.1404     2.6593      15.90   22.27420  -97.63970    0.00199    0.00137          6  0.000e+00
      23296    970.625     25.086     25.245    29.2772    29.3063   5.896001   5.895330     3.1416     2.6606      15.90   22.27420  -97.63970    0.00199    0.00135          6  0.000e+00
      23297    970.667     25.086     25.245    29.2779    29.3057   5.895930   5.895733     3.1416     2.6593      15.90   22.27420  -97.63970    0.00200    0.00132          6  0.000e+00
      23298    970.708     25.120     25.279    29.2790    29.3048   5.895882   5.896248     3.1404     2.6593      15.90   22.27420  -97.63970    0.00199    0.00129          6  0.000e+00
      23299    970.750     25.086     25.245    29.2798    29.3046   5.895906   5.896562     3.1404     2.6606      15.90   22.27420  -97.63970    0.00197    0.00127          6  0.000e+00
      23300    970.792     25.072     25.231    29.2805    29.3046   5.895850   5.896522     3.1416     2.6606      15.90   22.27420  -97.63970    0.00196    0.00126          6  0.000e+00
      23301    970.833     25.086     25.245    29.2811    29.3050   5.895826   5.896369     3.1416     2.6593      15.92   22.27420  -97.63970    0.00193    0.00124          6  0.000e+00
      23302    970.875     25.120     25.279    29.2808    29.3050   5.895858   5.896232     3.1416     2.6593      15.90   22.27420  -97.63970    0.00190    0.00121          6  0.000e+00
      23303    970.917     25.133     25.293    29.2811    29.3052   5.895802   5.896079     3.1416     2.6606      15.90   22.27420  -97.63970    0.00187    0.00121          6  0.000e+00
      23304    970.958     25.120     25.279    29.2844    29.3050   5.895556   5.895861     3.1416     2.6606      15.90   22.27420  -97.63970    0.00184    0.00120          6  0.000e+00
      23305    971.000     25.086     25.245    29.2864    29.3050   5.895484   5.895660     3.1416     2.6606      15.90   22.27420  -97.63970    0.00181    0.00118          6  0.000e+00
      23306    971.042     25.181     25.341    29.2868    29.3063   5.895445   5.895716     3.1416     2.6606      15.90   22.27420  -97.63970    0.00178    0.00118          6  0.000e+00
      23307    971.083     25.120     25.279    29.2900    29.3061   5.895397   5.896087     3.1429     2.6593      15.90   22.27420  -97.63970    0.00176    0.00114          6  0.000e+00
      23308    971.125     25.133     25.293    29.2913    29.3046   5.895492   5.896586     3.1416     2.6593      15.90   22.27420  -97.63970    0.00170    0.00110          6  0.000e+00
      23309    971.167     25.167     25.327    29.2911    29.3033   5.895492   5.896973     3.1429     2.6593      15.90   22.27420  -97.63970    0.00167    0.00106          6  0.000e+00
      23310    971.208     25.133     25.293    29.2908    29.3018   5.895373   5.897134     3.1416     2.6593      15.90   22.27420  -97.63970    0.00161    0.00102          6  0.000e+00
      23311    971.250     25.167     25.327    29.2945    29.3015   5.895198   5.897231     3.1429     2.6593      15.90   22.27420  -97.63970    0.00156    0.00098          6  0.000e+00
      23312    971.292     25.181     25.341    29.2973    29.3011   5.895111   5.897255     3.1429     2.6593      15.90   22.27420  -97.63970    0.00152    0.00094          6  0.000e+00
      23313    971.333     25.167     25.327    29.2991    29.3007   5.895135   5.897215     3.1416     2.6593      15.90   22.27420  -97.63970    0.00145    0.00089          6  0.000e+00
      23314    971.375     25.181     25.341    29.2993    29.3000   5.895079   5.897207     3.1429     2.6606      15.90   22.27420  -97.63970    0.00141    0.00087          6  0.000e+00
      23315    971.417     25.167     25.327    29.2987    29.3002   5.895055   5.897207     3.1429     2.6606      15.90   22.27420  -97.63970    0.00137    0.00082          6  0.000e+00
      23316    971.458     25.181     25.341    29.2983    29.2991   5.894904   5.897352     3.1429     2.6606      15.90   22.27420  -97.63970    0.00132    0.00077          6  0.000e+00
      23317    971.500     25.235     25.395    29.2991    29.2981   5.894928   5.897473     3.1416     2.6606      15.90   22.27420  -97.63970    0.00125    0.00073          6  0.000e+00
      23318    971.542     25.221     25.381    29.3002    29.2980   5.894952   5.897674     3.1416     2.6606      15.90   22.27420  -97.63970    0.00117    0.00068          6  0.000e+00
      23319    971.583     25.181     25.341    29.3010    29.2977   5.894840   5.897811     3.1429     2.6606      15.90   22.27420  -97.63970    0.00111    0.00063          6  0.000e+00
      23320    971.625     25.221     25.381    29.3022    29.2967   5.894809   5.898013     3.1429     2.6606      15.80   22.27420  -97.63970    0.00105    0.00059          6  0.000e+00
      23321    971.667     25.235     25.395    29.3027    29.2940   5.894840   5.898367     3.1416     2.6618      15.75   22.27420  -97.63970    0.00097    0.00057          6  0.000e+00
      23322    971.708     25.269     25.429    29.3029    29.2916   5.895111   5.898746     3.1429     2.6618      15.78   22.27420  -97.63970    0.00091    0.00055          6  0.000e+00
      23323    971.750     25.235     25.395    29.3023    29.2894   5.895373   5.899173     3.1429     2.6618      15.75   22.27420  -97.63970    0.00084    0.00053          6  0.000e+00
      23324    971.792     25.221     25.381    29.2972    29.2885   5.895866   5.899237     3.1429     2.6618      15.78   22.27420  -97.63970    0.00077    0.00053          6  0.000e+00
      23325    971.833     25.282     25.443    29.2969    29.2890   5.895826   5.898980     3.1429     2.6618      15.78   22.27420  -97.63970    0.00072    0.00050          6  0.000e+00
      23326    971.875     25.269     25.429    29.2978    29.2905   5.895445   5.898601     3.1429     2.6618      15.78   22.27420  -97.63970    0.00067    0.00048          6  0.000e+00
      23327    971.917     25.282     25.443    29.2990    29.2909   5.895373   5.898544     3.1429     2.6618      15.78   22.27420  -97.63970    0.00061    0.00047          6  0.000e+00
      23328    971.958     25.235     25.395    29.3000    29.2905   5.895492   5.898625     3.1429     2.6630      15.78   22.27420  -97.63970    0.00055    0.00048          6  0.000e+00
      23329    972.000     25.269     25.429    29.3002    29.2907   5.895603   5.898689     3.1416     2.6618      15.78   22.27420  -97.63970    0.00048    0.00047          6  0.000e+00
      23330    972.042     25.282     25.443    29.3005    29.2911   5.895778   5.898657     3.1416     2.6630      15.78   22.27420  -97.63970    0.00040    0.00047          6  0.000e+00
      23331    972.083     25.269     25.429    29.3002    29.2915   5.895897   5.898544     3.1416     2.6630      15.78   22.27420  -97.63970    0.00032    0.00048          6  0.000e+00
      23332    972.125     25.330     25.490    29.3004    29.2918   5.895778   5.898367     3.1429     2.6630      15.75   22.27420  -97.63970    0.00027    0.00048          6  0.000e+00
      23333    972.167     25.269     25.429    29.2998    29.2920   5.896088   5.898311     3.1416     2.6630      15.78   22.27420  -97.63970    0.00022    0.00048          6  0.000e+00
      23334    972.208     25.330     25.490    29.2938    29.2935   5.897193   5.898206     3.1429     2.6630      15.75   22.27420  -97.63970    0.00017    0.00048          6  0.000e+00
      23335    972.250     25.269     25.429    29.2882    29.2940   5.898123   5.898134     3.1416     2.6630      15.75   22.27420  -97.63970    0.00011    0.00048          6  0.000e+00
      23336    972.292     25.330     25.490    29.2913    29.2955   5.897892   5.897900     3.1404     2.6618      15.78   22.27420  -97.63970    0.00004    0.00046          6  0.000e+00
      23337    972.333     25.269     25.429    29.2949    29.2974   5.897606   5.897723     3.1429     2.6618      15.78   22.27420  -97.63970    0.00000    0.00043          6  0.000e+00
      23338    972.375     25.330     25.490    29.2935    29.2987   5.897773   5.897465     3.1416     2.6618      15.78   22.27420  -97.63970   -0.00005    0.00041          6  0.000e+00
      23339    972.417     25.330     25.490    29.2917    29.2996   5.897988   5.897328     3.1416     2.6618      15.78   22.27420  -97.63970   -0.00010    0.00039          6  0.000e+00
      23340    972.458     25.316     25.477    29.2892    29.3002   5.898369   5.897191     3.1416     2.6618      15.78   22.27420  -97.63970   -0.00015    0.00038          6  0.000e+00
      23341    972.500     25.330     25.490    29.2884    29.3009   5.898687   5.897118     3.1404     2.6618      15.75   22.27420  -97.63970   -0.00021    0.00037          6  0.000e+00
      23342    972.542     25.269     25.429    29.2860    29.3013   5.898902   5.897070     3.1416     2.6618      15.78   22.27420  -97.63970   -0.00024    0.00037          6  0.000e+00
      23343    972.583     25.282     25.443    29.2839    29.3015   5.899109   5.896989     3.1404     2.6618      15.78   22.27420  -97.63970   -0.00030    0.00036          6  0.000e+00
      23344    972.625     25.370     25.531    29.2858    29.3017   5.898894   5.896852     3.1416     2.6618      15.73   22.27420  -97.63970   -0.00033    0.00035          6  0.000e+00
      23345    972.667     25.330     25.490    29.2888    29.3018   5.898449   5.896820     3.1416     2.6618      15.70   22.27420  -97.63970   -0.00037    0.00034          6  0.000e+00
      23346    972.708     25.370     25.531    29.2916    29.3017   5.897932   5.896997     3.1416     2.6618      15.68   22.27420  -97.63970   -0.00039    0.00032          6  0.000e+00
      23347    972.750     25.282     25.443    29.2935    29.3009   5.897582   5.897207     3.1404     2.6618      15.68   22.27420  -97.63970   -0.00043    0.00031          6  0.000e+00
      23348    972.792     25.370     25.531    29.2947    29.2994   5.897511   5.897473     3.1404     2.6618      15.70   22.27420  -97.63970   -0.00047    0.00030          6  0.000e+00
      23349    972.833     25.330     25.490    29.2955    29.2983   5.897479   5.897618     3.1404     2.6618      15.68   22.27420  -97.63970   -0.00050    0.00029          6  0.000e+00
      23350    972.875     25.282     25.443    29.2959    29.2976   5.897463   5.897747     3.1404     2.6618      15.70   22.27420  -97.63970   -0.00052    0.00027          6  0.000e+00
