Gulf of Mexico/GOMECC-4/1db/rb2103_1191.ros
* Sea-Bird SBE 9 Data File:
* FileName = C:\Users\scs.user.rb\CTD\GOMECC4\data\rb2103_1191.hex
* Software Version Seasave V 7.26.7.107
* Temperature SN = 4799
* Conductivity SN = 3860
* Number of Bytes Per Scan = 41
* Number of Voltage Words = 4
* Number of Scans Averaged by the Deck Unit = 1
* NMEA Latitude = 21 39.90 N
* NMEA Longitude = 085 58.80 W
* NMEA UTC (Time) = Oct 16 2021  05:31:44
* NMEA baud rate = 4800
# nquan = 17
# nvalues = 2926                                  
# units = specified
# name 0 = scan: Scan Count
# name 1 = timeS: Time, Elapsed [seconds]
# name 2 = depSM: Depth [salt water, m]
# name 3 = prDM: Pressure, Digiquartz [db]
# name 4 = t090C: Temperature [ITS-90, deg C]
# name 5 = t190C: Temperature, 2 [ITS-90, deg C]
# name 6 = c0S/m: Conductivity [S/m]
# name 7 = c1S/m: Conductivity, 2 [S/m]
# name 8 = sbeox0V: Oxygen raw, SBE 43 [V]
# name 9 = sbeox1V: Oxygen raw, SBE 43, 2 [V]
# name 10 = altM: Altimeter [m]
# name 11 = latitude: Latitude [deg]
# name 12 = longitude: Longitude [deg]
# name 13 = sbox0dV/dT: Oxygen, SBE 43 [dov/dt]
# name 14 = sbox1dV/dT: Oxygen, SBE 43, 2 [dov/dt]
# name 15 = nbf: Bottles Fired
# name 16 = flag:  0.000e+00
# interval = seconds: 0.0416667
# start_time = Oct 16 2021 05:31:44 [NMEA time, header]
# bad_flag = -9.990e-29
*END*
[from data line 2298]
     139634   5818.042     29.896     30.085    30.0750    30.0788   6.021292   6.021948     3.1661     2.6703      29.74   21.69084  -85.98920   -0.00019   -0.00090         18  0.000e+00
     139635   5818.083     29.903     30.092    30.0750    30.0786   6.021236   6.021932     3.1648     2.6703      69.01   21.69084  -85.98920   -0.00021   -0.00090         18  0.000e+00
     139636   5818.125     29.903     30.092    30.0750    30.0786   6.021212   6.021924     3.1648     2.6703      98.44   21.69084  -85.98920   -0.00021   -0.00090         18  0.000e+00
     139637   5818.167     29.896     30.085    30.0748    30.0788   6.021172   6.021883     3.1661     2.6703     100.00   21.69084  -85.98920   -0.00019   -0.00090         18  0.000e+00
     139638   5818.208     29.903     30.092    30.0750    30.0788   6.021196   6.021875     3.1648     2.6691     100.00   21.69084  -85.98920   -0.00018   -0.00091         18  0.000e+00
     139639   5818.250     29.896     30.085    30.0750    30.0786   6.021172   6.021875     3.1648     2.6691     100.00   21.69084  -85.98920   -0.00020   -0.00093         18  0.000e+00
     139640   5818.292     29.903     30.092    30.0748    30.0784   6.021236   6.021834     3.1648     2.6691      99.98   21.69084  -85.98920   -0.00021   -0.00096         18  0.000e+00
     139641   5818.333     29.903     30.092    30.0750    30.0784   6.021260   6.021826     3.1648     2.6691      99.98   21.69084  -85.98920   -0.00022   -0.00097         18  0.000e+00
     139642   5818.375     29.849     30.037    30.0746    30.0780   6.021188   6.021785     3.1648     2.6679     100.00   21.69084  -85.98920   -0.00023   -0.00101         18  0.000e+00
     139643   5818.417     29.903     30.092    30.0748    30.0782   6.021196   6.021777     3.1648     2.6679     100.00   21.69084  -85.98920   -0.00025   -0.00106         18  0.000e+00
     139644   5818.458     29.903     30.092    30.0746    30.0780   6.021140   6.021810     3.1648     2.6667     100.00   21.69084  -85.98920   -0.00026   -0.00112         18  0.000e+00
     139645   5818.500     29.849     30.037    30.0746    30.0780   6.021116   6.021859     3.1648     2.6667     100.00   21.69084  -85.98920   -0.00027   -0.00119         18  0.000e+00
     139646   5818.542     29.903     30.092    30.0746    30.0780   6.021148   6.021802     3.1648     2.6679     100.00   21.69084  -85.98920   -0.00028   -0.00125         18  0.000e+00
     139647   5818.583     29.896     30.085    30.0744    30.0778   6.021124   6.021777     3.1648     2.6654     100.00   21.69084  -85.98920   -0.00029   -0.00134         18  0.000e+00
     139648   5818.625     29.856     30.044    30.0746    30.0778   6.021116   6.021777     3.1648     2.6654     100.00   21.69084  -85.98920   -0.00028   -0.00143         18  0.000e+00
     139649   5818.667     29.856     30.044    30.0746    30.0775   6.021116   6.021704     3.1648     2.6630     100.00   21.69084  -85.98920   -0.00029   -0.00155         18  0.000e+00
     139650   5818.708     29.849     30.038    30.0746    30.0775   6.021075   6.021712     3.1648     2.6630     100.00   21.69084  -85.98920   -0.00029   -0.00167         18  0.000e+00
     139651   5818.750     29.856     30.044    30.0746    30.0777   6.021100   6.021729     3.1648     2.6654     100.00   21.69084  -85.98920   -0.00029   -0.00175         18  0.000e+00
     139652   5818.792     29.856     30.044    30.0744    30.0777   6.021116   6.021729     3.1648     2.6654     100.00   21.69086  -85.98920   -0.00028   -0.00183         18  0.000e+00
     139653   5818.833     29.849     30.038    30.0744    30.0777   6.021043   6.021688     3.1661     2.6642     100.00   21.69086  -85.98920   -0.00026   -0.00193         18  0.000e+00
     139654   5818.875     29.856     30.045    30.0744    30.0775   6.021051   6.021639     3.1661     2.6618     100.00   21.69086  -85.98920   -0.00025   -0.00206         18  0.000e+00
     139655   5818.917     29.795     29.983    30.0746    30.0773   6.021067   6.021664     3.1661     2.6642     100.00   21.69086  -85.98920   -0.00024   -0.00215         18  0.000e+00
     139656   5818.958     29.856     30.045    30.0742    30.0775   6.021027   6.021639     3.1661     2.6654     100.00   21.69086  -85.98920   -0.00023   -0.00222         18  0.000e+00
     139657   5819.000     29.856     30.045    30.0742    30.0775   6.021051   6.021631     3.1661     2.6654     100.00   21.69086  -85.98920   -0.00020   -0.00229         18  0.000e+00
     139658   5819.042     29.795     29.983    30.0741    30.0773   6.020947   6.021631     3.1661     2.6654     100.00   21.69086  -85.98920   -0.00017   -0.00236         18  0.000e+00
     139659   5819.083     29.809     29.997    30.0742    30.0771   6.020875   6.021590     3.1661     2.6654     100.00   21.69086  -85.98920   -0.00014   -0.00242         18  0.000e+00
     139660   5819.125     29.856     30.045    30.0737    30.0771   6.020867   6.021542     3.1661     2.6654     100.00   21.69086  -85.98920   -0.00011   -0.00247         18  0.000e+00
     139661   5819.167     29.795     29.983    30.0737    30.0767   6.020827   6.021460     3.1661     2.6654     100.00   21.69086  -85.98920   -0.00008   -0.00253         18  0.000e+00
     139662   5819.208     29.809     29.997    30.0735    30.0769   6.020819   6.021509     3.1661     2.6679     100.00   21.69086  -85.98920   -0.00005   -0.00254         18  0.000e+00
     139663   5819.250     29.849     30.038    30.0735    30.0771   6.020747   6.021493     3.1661     2.6667     100.00   21.69086  -85.98920   -0.00002   -0.00257         18  0.000e+00
     139664   5819.292     29.754     29.943    30.0733    30.0771   6.020755   6.021517     3.1661     2.6667     100.00   21.69086  -85.98920    0.00001   -0.00259         18  0.000e+00
     139665   5819.333     29.856     30.045    30.0733    30.0769   6.020699   6.021460     3.1661     2.6679     100.00   21.69086  -85.98920    0.00004   -0.00259         18  0.000e+00
     139666   5819.375     29.748     29.936    30.0731    30.0767   6.020675   6.021395     3.1661     2.6679     100.00   21.69086  -85.98920    0.00007   -0.00259         18  0.000e+00
     139667   5819.417     29.809     29.997    30.0729    30.0765   6.020522   6.021387     3.1661     2.6679     100.00   21.69086  -85.98920    0.00012   -0.00259         18  0.000e+00
     139668   5819.458     29.809     29.997    30.0722    30.0763   6.020330   6.021265     3.1661     2.6679     100.00   21.69086  -85.98920    0.00015   -0.00259         18  0.000e+00
     139669   5819.500     29.795     29.984    30.0717    30.0760   6.020282   6.021233     3.1673     2.6679     100.00   21.69086  -85.98920    0.00020   -0.00259         18  0.000e+00
     139670   5819.542     29.755     29.943    30.0720    30.0763   6.020354   6.021233     3.1661     2.6679     100.00   21.69086  -85.98920    0.00023   -0.00259         18  0.000e+00
     139671   5819.583     29.795     29.984    30.0722    30.0763   6.020410   6.021233     3.1661     2.6691     100.00   21.69086  -85.98920    0.00027   -0.00256         18  0.000e+00
     139672   5819.625     29.809     29.997    30.0724    30.0765   6.020530   6.021273     3.1661     2.6691     100.00   21.69086  -85.98920    0.00030   -0.00254         18  0.000e+00
     139673   5819.667     29.755     29.943    30.0728    30.0765   6.020570   6.021241     3.1661     2.6691     100.00   21.69086  -85.98920    0.00032   -0.00251         18  0.000e+00
     139674   5819.708     29.795     29.984    30.0722    30.0765   6.020354   6.021273     3.1661     2.6691     100.00   21.69086  -85.98920    0.00033   -0.00249         18  0.000e+00
     139675   5819.750     29.755     29.943    30.0711    30.0765   6.020161   6.021322     3.1661     2.6691     100.00   21.69086  -85.98920    0.00035   -0.00246         18  0.000e+00
     139676   5819.792     29.809     29.997    30.0704    30.0763   6.019905   6.021216     3.1661     2.6691     100.00   21.69086  -85.98922    0.00035   -0.00243         18  0.000e+00
     139677   5819.833     29.748     29.936    30.0702    30.0749   6.019793   6.020924     3.1661     2.6703     100.00   21.69086  -85.98922    0.00034   -0.00239         18  0.000e+00
     139678   5819.875     29.755     29.943    30.0700    30.0743   6.019672   6.020696     3.1673     2.6691     100.00   21.69086  -85.98922    0.00034   -0.00236         18  0.000e+00
     139679   5819.917     29.809     29.998    30.0696    30.0745   6.019600   6.020680     3.1661     2.6691     100.00   21.69086  -85.98922    0.00034   -0.00231         18  0.000e+00
     139680   5819.958     29.748     29.936    30.0696    30.0747   6.019592   6.020729     3.1661     2.6703     100.00   21.69086  -85.98922    0.00031   -0.00224         18  0.000e+00
     139681   5820.000     29.755     29.943    30.0694    30.0752   6.019592   6.020851     3.1661     2.6691     100.00   21.69086  -85.98922    0.00029   -0.00219         18  0.000e+00
     139682   5820.042     29.748     29.936    30.0694    30.0756   6.019664   6.020924     3.1661     2.6691     100.00   21.69086  -85.98922    0.00027   -0.00214         18  0.000e+00
     139683   5820.083     29.809     29.998    30.0696    30.0758   6.019760   6.021046     3.1661     2.6691     100.00   21.69086  -85.98922    0.00024   -0.00207         18  0.000e+00
     139684   5820.125     29.755     29.943    30.0703    30.0758   6.019857   6.021119     3.1661     2.6691     100.00   21.69086  -85.98922    0.00024   -0.00199         18  0.000e+00
     139685   5820.167     29.748     29.936    30.0703    30.0760   6.019961   6.021135     3.1661     2.6679     100.00   21.69086  -85.98922    0.00021   -0.00194         18  0.000e+00
     139686   5820.208     29.809     29.998    30.0707    30.0760   6.019985   6.021176     3.1661     2.6679     100.00   21.69086  -85.98922    0.00019   -0.00188         18  0.000e+00
     139687   5820.250     29.755     29.943    30.0707    30.0758   6.019913   6.021070     3.1661     2.6679     100.00   21.69086  -85.98922    0.00016   -0.00181         18  0.000e+00
     139688   5820.292     29.796     29.984    30.0705    30.0756   6.019889   6.020997     3.1673     2.6679     100.00   21.69086  -85.98922    0.00017   -0.00173         18  0.000e+00
     139689   5820.333     29.755     29.943    30.0703    30.0752   6.019849   6.021021     3.1661     2.6679     100.00   21.69086  -85.98922    0.00016   -0.00165         18  0.000e+00
     139690   5820.375     29.748     29.936    30.0703    30.0754   6.019841   6.020997     3.1673     2.6679     100.00   21.69086  -85.98922    0.00017   -0.00156         18  0.000e+00
     139691   5820.417     29.708     29.896    30.0700    30.0754   6.019760   6.020948     3.1673     2.6691     100.00   21.69086  -85.98922    0.00017   -0.00147         18  0.000e+00
     139692   5820.458     29.857     30.046    30.0694    30.0754   6.019592   6.020940     3.1661     2.6691     100.00   21.69086  -85.98922    0.00016   -0.00136         18  0.000e+00
     139693   5820.500     29.748     29.937    30.0690    30.0756   6.019504   6.021046     3.1673     2.6679     100.00   21.69086  -85.98922    0.00017   -0.00127         18  0.000e+00
     139694   5820.542     29.809     29.998    30.0690    30.0752   6.019456   6.021013     3.1661     2.6691     100.00   21.69086  -85.98922    0.00015   -0.00116         18  0.000e+00
     139695   5820.583     29.755     29.943    30.0692    30.0754   6.019520   6.020989     3.1673     2.6691     100.00   21.69086  -85.98922    0.00016   -0.00106         18  0.000e+00
     139696   5820.625     29.796     29.984    30.0693    30.0752   6.019504   6.020948     3.1673     2.6691     100.00   21.69086  -85.98922    0.00018   -0.00096         18  0.000e+00
     139697   5820.667     29.755     29.943    30.0690    30.0750   6.019456   6.020899     3.1673     2.6703     100.00   21.69086  -85.98922    0.00018   -0.00084         18  0.000e+00
     139698   5820.708     29.796     29.984    30.0690    30.0750   6.019520   6.020891     3.1673     2.6703     100.00   21.69086  -85.98922    0.00020   -0.00074         18  0.000e+00
     139699   5820.750     29.810     29.998    30.0690    30.0749   6.019472   6.020924     3.1673     2.6703     100.00   21.69086  -85.98922    0.00022   -0.00064         18  0.000e+00
     139700   5820.792     29.810     29.998    30.0687    30.0750   6.019448   6.020940     3.1673     2.6703     100.00   21.69086  -85.98922    0.00024   -0.00054         18  0.000e+00
     139701   5820.833     29.796     29.984    30.0691    30.0752   6.019448   6.020940     3.1661     2.6703     100.00   21.69086  -85.98922    0.00024   -0.00043         18  0.000e+00
     139702   5820.875     29.755     29.944    30.0692    30.0754   6.019520   6.020940     3.1661     2.6716     100.00   21.69086  -85.98922    0.00023   -0.00033         18  0.000e+00
     139703   5820.917     29.857     30.046    30.0690    30.0750   6.019504   6.020867     3.1661     2.6716     100.00   21.69086  -85.98922    0.00021   -0.00022         18  0.000e+00
     139704   5820.958     29.796     29.985    30.0692    30.0749   6.019456   6.020875     3.1661     2.6716     100.00   21.69086  -85.98922    0.00019   -0.00011         18  0.000e+00
     139705   5821.000     29.810     29.998    30.0689    30.0749   6.019448   6.020851     3.1661     2.6716     100.00   21.69086  -85.98922    0.00018   -0.00001         18  0.000e+00
     139706   5821.042     29.796     29.985    30.0691    30.0747   6.019448   6.020802     3.1661     2.6728     100.00   21.69086  -85.98922    0.00016    0.00010         18  0.000e+00
     139707   5821.083     29.810     29.998    30.0690    30.0745   6.019520   6.020753     3.1661     2.6728     100.00   21.69086  -85.98922    0.00014    0.00021         18  0.000e+00
     139708   5821.125     29.810     29.998    30.0694    30.0743   6.019544   6.020672     3.1661     2.6728     100.00   21.69086  -85.98922    0.00014    0.00031         18  0.000e+00
     139709   5821.167     29.850     30.039    30.0694    30.0743   6.019576   6.020648     3.1661     2.6728     100.00   21.69086  -85.98922    0.00014    0.00042         18  0.000e+00
     139710   5821.208     29.857     30.046    30.0694    30.0743   6.019592   6.020680     3.1661     2.6728     100.00   21.69086  -85.98922    0.00014    0.00052         18  0.000e+00
     139711   5821.250     29.810     29.998    30.0693    30.0747   6.019592   6.020802     3.1648     2.6728     100.00   21.69086  -85.98922    0.00012    0.00063         18  0.000e+00
     139712   5821.292     29.851     30.039    30.0694    30.0756   6.019592   6.021021     3.1648     2.6716     100.00   21.69086  -85.98922    0.00011    0.00072         18  0.000e+00
     139713   5821.333     29.857     30.046    30.0694    30.0752   6.019592   6.021013     3.1648     2.6716     100.00   21.69086  -85.98922    0.00011    0.00080         18  0.000e+00
     139714   5821.375     29.851     30.039    30.0696    30.0749   6.019696   6.020875     3.1648     2.6716     100.00   21.69086  -85.98922    0.00009    0.00087         18  0.000e+00
     139715   5821.417     29.857     30.046    30.0705    30.0743   6.019921   6.020729     3.1661     2.6716     100.00   21.69086  -85.98922    0.00009    0.00094         18  0.000e+00
     139716   5821.458     29.810     29.999    30.0709    30.0739   6.020089   6.020623     3.1661     2.6716     100.00   21.69086  -85.98922    0.00009    0.00099         18  0.000e+00
     139717   5821.500     29.898     30.087    30.0714    30.0737   6.020274   6.020526     3.1661     2.6716     100.00   21.69086  -85.98922    0.00011    0.00104         18  0.000e+00
