Gulf of Mexico/GOMECC-4/1db/rb2103_0481.ros
* Sea-Bird SBE 9 Data File:
* FileName = C:\Users\scs.user.rb\CTD\GOMECC4\data\rb2103_0481.hex
* Software Version Seasave V 7.26.7.107
* Temperature SN = 4799
* Conductivity SN = 3860
* Number of Bytes Per Scan = 41
* Number of Voltage Words = 4
* Number of Scans Averaged by the Deck Unit = 1
* NMEA Latitude = 28 49.64 N
* NMEA Longitude = 090 48.84 W
* NMEA UTC (Time) = Sep 26 2021  19:53:40
* NMEA baud rate = 4800
# nquan = 17
# nvalues = 266                                   
# units = specified
# name 0 = scan: Scan Count
# name 1 = timeS: Time, Elapsed [seconds]
# name 2 = depSM: Depth [salt water, m]
# name 3 = prDM: Pressure, Digiquartz [db]
# name 4 = t090C: Temperature [ITS-90, deg C]
# name 5 = t190C: Temperature, 2 [ITS-90, deg C]
# name 6 = c0S/m: Conductivity [S/m]
# name 7 = c1S/m: Conductivity, 2 [S/m]
# name 8 = sbeox0V: Oxygen raw, SBE 43 [V]
# name 9 = sbeox1V: Oxygen raw, SBE 43, 2 [V]
# name 10 = altM: Altimeter [m]
# name 11 = latitude: Latitude [deg]
# name 12 = longitude: Longitude [deg]
# name 13 = sbox0dV/dT: Oxygen, SBE 43 [dov/dt]
# name 14 = sbox1dV/dT: Oxygen, SBE 43, 2 [dov/dt]
# name 15 = nbf: Bottles Fired
# name 16 = flag:  0.000e+00
# interval = seconds: 0.0416667
# start_time = Sep 26 2021 19:53:40 [NMEA time, header]
# bad_flag = -9.990e-29
*END*
[from data line 171]
      27155   1131.417      3.695      3.720    26.9968    27.0068   4.510813   4.511505     3.3993     2.9158      14.58   28.82752  -90.81412    0.00038   -0.00018          2  0.000e+00
      27156   1131.458      3.823      3.849    26.9971    27.0064   4.510785   4.511570     3.3993     2.9170      14.58   28.82752  -90.81412    0.00034   -0.00005          2  0.000e+00
      27157   1131.500      3.763      3.788    26.9969    27.0068   4.510799   4.511613     3.3980     2.9170      14.58   28.82752  -90.81412    0.00032    0.00009          2  0.000e+00
      27158   1131.542      3.747      3.773    26.9961    27.0072   4.510813   4.511627     3.3980     2.9170      14.58   28.82752  -90.81412    0.00029    0.00021          2  0.000e+00
      27159   1131.583      3.763      3.788    26.9960    27.0071   4.510785   4.511714     3.3980     2.9170      14.58   28.82752  -90.81412    0.00025    0.00035          2  0.000e+00
      27160   1131.625      3.747      3.773    26.9958    27.0079   4.510778   4.511800     3.3968     2.9182      14.58   28.82752  -90.81412    0.00019    0.00049          2  0.000e+00
      27161   1131.667      3.763      3.788    26.9955    27.0082   4.510835   4.511822     3.3968     2.9182      14.58   28.82752  -90.81412    0.00013    0.00062          2  0.000e+00
      27162   1131.708      3.763      3.788    26.9958    27.0083   4.510707   4.511843     3.3968     2.9170      14.55   28.82752  -90.81412    0.00007    0.00076          2  0.000e+00
      27163   1131.750      3.695      3.720    26.9947    27.0084   4.510487   4.511829     3.3968     2.9182      14.55   28.82752  -90.81412    0.00001    0.00091          2  0.000e+00
      27164   1131.792      3.823      3.849    26.9923    27.0086   4.510402   4.511786     3.3956     2.9170      14.55   28.82752  -90.81412   -0.00007    0.00105          2  0.000e+00
      27165   1131.833      3.710      3.735    26.9909    27.0084   4.510416   4.511750     3.3956     2.9170      14.58   28.82752  -90.81412   -0.00013    0.00118          2  0.000e+00
      27166   1131.875      3.808      3.834    26.9905    27.0069   4.510458   4.511656     3.3956     2.9170      14.58   28.82752  -90.81412   -0.00019    0.00131          2  0.000e+00
      27167   1131.917      3.710      3.735    26.9905    27.0057   4.510558   4.511512     3.3956     2.9170      14.58   28.82752  -90.81412   -0.00025    0.00142          2  0.000e+00
      27168   1131.958      3.747      3.773    26.9925    27.0037   4.510671   4.511354     3.3956     2.9170      14.55   28.82752  -90.81412   -0.00031    0.00155          2  0.000e+00
      27169   1132.000      3.763      3.788    26.9925    27.0018   4.510615   4.511260     3.3956     2.9158      14.55   28.82752  -90.81412   -0.00037    0.00167          2  0.000e+00
      27170   1132.042      3.710      3.735    26.9916    27.0005   4.510494   4.511160     3.3956     2.9170      14.55   28.82752  -90.81412   -0.00043    0.00180          2  0.000e+00
      27171   1132.083      3.747      3.773    26.9912    27.0004   4.510466   4.511131     3.3944     2.9158      14.55   28.82752  -90.81412   -0.00051    0.00191          2  0.000e+00
      27172   1132.125      3.710      3.735    26.9911    27.0013   4.510409   4.511152     3.3944     2.9158      14.55   28.82752  -90.81412   -0.00059    0.00200          2  0.000e+00
      27173   1132.167      3.747      3.773    26.9905    27.0020   4.510359   4.511188     3.3956     2.9158      14.55   28.82752  -90.81412   -0.00064    0.00209          2  0.000e+00
      27174   1132.208      3.710      3.735    26.9891    27.0040   4.510267   4.511376     3.3956     2.9145      14.55   28.82752  -90.81412   -0.00069    0.00217          2  0.000e+00
      27175   1132.250      3.710      3.735    26.9890    27.0045   4.510203   4.511433     3.3968     2.9145      14.55   28.82752  -90.81412   -0.00071    0.00224          2  0.000e+00
      27176   1132.292      3.747      3.773    26.9891    27.0042   4.510196   4.511433     3.3956     2.9145      14.55   28.82752  -90.81412   -0.00075    0.00232          2  0.000e+00
      27177   1132.333      3.710      3.735    26.9888    27.0044   4.510203   4.511462     3.3956     2.9133      14.55   28.82752  -90.81412   -0.00079    0.00237          2  0.000e+00
      27178   1132.375      3.710      3.735    26.9887    27.0053   4.510224   4.511527     3.3956     2.9133      14.55   28.82752  -90.81412   -0.00082    0.00243          2  0.000e+00
      27179   1132.417      3.695      3.720    26.9890    27.0061   4.510238   4.511606     3.3956     2.9133      14.55   28.82752  -90.81412   -0.00084    0.00247          2  0.000e+00
      27180   1132.458      3.710      3.735    26.9891    27.0049   4.510260   4.511541     3.3968     2.9133      14.55   28.82752  -90.81412   -0.00084    0.00250          2  0.000e+00
      27181   1132.500      3.695      3.720    26.9901    27.0018   4.510416   4.511304     3.3956     2.9133      14.55   28.82752  -90.81412   -0.00085    0.00254          2  0.000e+00
      27182   1132.542      3.710      3.735    26.9913    26.9998   4.510466   4.511009     3.3956     2.9133      14.55   28.82752  -90.81412   -0.00085    0.00258          2  0.000e+00
      27183   1132.583      3.710      3.735    26.9914    26.9986   4.510437   4.510937     3.3968     2.9133      14.55   28.82752  -90.81412   -0.00083    0.00261          2  0.000e+00
      27184   1132.625      3.634      3.659    26.9915    26.9991   4.510544   4.510987     3.3956     2.9121      14.55   28.82752  -90.81412   -0.00082    0.00263          2  0.000e+00
      27185   1132.667      3.710      3.735    26.9927    26.9996   4.510728   4.511095     3.3956     2.9133      14.55   28.82752  -90.81412   -0.00080    0.00265          2  0.000e+00
      27186   1132.708      3.695      3.720    26.9964    27.0004   4.510948   4.511131     3.3956     2.9121      14.55   28.82752  -90.81412   -0.00078    0.00265          2  0.000e+00
      27187   1132.750      3.649      3.674    26.9997    27.0010   4.511176   4.511174     3.3956     2.9133      14.55   28.82752  -90.81412   -0.00076    0.00267          2  0.000e+00
      27188   1132.792      3.649      3.674    27.0016    27.0013   4.511296   4.511174     3.3944     2.9121      14.55   28.82752  -90.81412   -0.00075    0.00265          2  0.000e+00
      27189   1132.833      3.634      3.659    27.0021    27.0013   4.511339   4.511167     3.3944     2.9121      14.55   28.82752  -90.81412   -0.00075    0.00263          2  0.000e+00
      27190   1132.875      3.649      3.674    27.0022    27.0020   4.511325   4.511253     3.3944     2.9121      14.55   28.82752  -90.81412   -0.00074    0.00261          2  0.000e+00
      27191   1132.917      3.649      3.674    27.0023    27.0030   4.511318   4.511368     3.3944     2.9121      14.53   28.82752  -90.81412   -0.00075    0.00258          2  0.000e+00
      27192   1132.958      3.634      3.659    27.0027    27.0031   4.511374   4.511368     3.3944     2.9121      14.53   28.82752  -90.81412   -0.00073    0.00252          2  0.000e+00
      27193   1133.000      3.649      3.674    27.0023    27.0018   4.511396   4.511268     3.3944     2.9121      14.53   28.82752  -90.81412   -0.00072    0.00246          2  0.000e+00
      27194   1133.042      3.581      3.605    27.0023    27.0017   4.511360   4.511268     3.3944     2.9121      14.51   28.82752  -90.81412   -0.00072    0.00240          2  0.000e+00
      27195   1133.083      3.649      3.674    27.0018    27.0025   4.511325   4.511304     3.3944     2.9121      14.53   28.82752  -90.81412   -0.00072    0.00232          2  0.000e+00
      27196   1133.125      3.596      3.621    27.0018    27.0037   4.511318   4.511404     3.3944     2.9121      14.53   28.82752  -90.81412   -0.00072    0.00224          2  0.000e+00
      27197   1133.167      3.634      3.659    27.0014    27.0037   4.511282   4.511433     3.3956     2.9133      14.53   28.82752  -90.81412   -0.00070    0.00218          2  0.000e+00
      27198   1133.208      3.596      3.621    27.0016    27.0035   4.511275   4.511347     3.3956     2.9133      14.53   28.82752  -90.81412   -0.00068    0.00211          2  0.000e+00
      27199   1133.250      3.596      3.621    27.0016    27.0032   4.511303   4.511318     3.3956     2.9133      14.53   28.82752  -90.81412   -0.00066    0.00204          2  0.000e+00
      27200   1133.292      3.634      3.659    27.0016    27.0031   4.511289   4.511340     3.3956     2.9133      14.53   28.82752  -90.81412   -0.00064    0.00197          2  0.000e+00
      27201   1133.333      3.596      3.621    27.0018    27.0028   4.511303   4.511325     3.3956     2.9145      14.53   28.82752  -90.81412   -0.00062    0.00191          2  0.000e+00
      27202   1133.375      3.581      3.605    27.0025    27.0028   4.511374   4.511347     3.3968     2.9145      14.53   28.82752  -90.81412   -0.00058    0.00185          2  0.000e+00
      27203   1133.417      3.649      3.674    27.0022    27.0034   4.511360   4.511361     3.3956     2.9133      14.53   28.82752  -90.81412   -0.00055    0.00177          2  0.000e+00
      27204   1133.458      3.596      3.621    27.0018    27.0053   4.511353   4.511447     3.3956     2.9145      14.53   28.82752  -90.81412   -0.00052    0.00171          2  0.000e+00
      27205   1133.500      3.581      3.605    27.0014    27.0048   4.511325   4.511411     3.3968     2.9145      14.53   28.82752  -90.81412   -0.00048    0.00166          2  0.000e+00
      27206   1133.542      3.596      3.621    27.0012    27.0015   4.511254   4.511044     3.3968     2.9145      14.53   28.82752  -90.81412   -0.00043    0.00161          2  0.000e+00
      27207   1133.583      3.634      3.659    27.0012    26.9929   4.511261   4.510440     3.3968     2.9145      14.53   28.82752  -90.81412   -0.00039    0.00156          2  0.000e+00
      27208   1133.625      3.596      3.621    27.0014    26.9850   4.511303   4.510044     3.3968     2.9145      14.53   28.82752  -90.81412   -0.00034    0.00151          2  0.000e+00
      27209   1133.667      3.536      3.560    27.0014    26.9839   4.511289   4.509994     3.3968     2.9145      14.53   28.82752  -90.81412   -0.00031    0.00145          2  0.000e+00
      27210   1133.708      3.634      3.659    27.0012    26.9878   4.511275   4.510239     3.3980     2.9145      14.53   28.82752  -90.81412   -0.00026    0.00139          2  0.000e+00
      27211   1133.750      3.596      3.621    27.0010    26.9919   4.511275   4.510483     3.3968     2.9145      14.53   28.82752  -90.81412   -0.00025    0.00133          2  0.000e+00
      27212   1133.792      3.536      3.560    27.0011    26.9960   4.511303   4.510713     3.3968     2.9145      14.53   28.82752  -90.81412   -0.00024    0.00127          2  0.000e+00
      27213   1133.833      3.634      3.659    27.0008    26.9976   4.511282   4.510836     3.3968     2.9145      14.53   28.82752  -90.81412   -0.00023    0.00122          2  0.000e+00
      27214   1133.875      3.536      3.560    27.0012    26.9971   4.511275   4.510771     3.3980     2.9145      14.51   28.82752  -90.81412   -0.00022    0.00117          2  0.000e+00
      27215   1133.917      3.581      3.605    27.0016    26.9960   4.511303   4.510764     3.3968     2.9145      14.51   28.82752  -90.81412   -0.00022    0.00112          2  0.000e+00
      27216   1133.958      3.596      3.621    27.0025    26.9967   4.511339   4.510749     3.3980     2.9145      14.48   28.82752  -90.81412   -0.00021    0.00105          2  0.000e+00
      27217   1134.000      3.596      3.621    27.0025    26.9973   4.511353   4.510793     3.3980     2.9145      14.48   28.82752  -90.81412   -0.00020    0.00100          2  0.000e+00
      27218   1134.042      3.581      3.605    27.0020    26.9984   4.511381   4.510901     3.3980     2.9133      14.48   28.82752  -90.81412   -0.00019    0.00091          2  0.000e+00
      27219   1134.083      3.536      3.560    27.0021    27.0002   4.511396   4.511044     3.3993     2.9133      14.48   28.82752  -90.81412   -0.00016    0.00083          2  0.000e+00
      27220   1134.125      3.596      3.621    27.0029    27.0009   4.511396   4.511145     3.3993     2.9133      14.48   28.82752  -90.81412   -0.00014    0.00074          2  0.000e+00
      27221   1134.167      3.581      3.605    27.0036    27.0012   4.511360   4.511167     3.3993     2.9133      14.48   28.82752  -90.81412   -0.00012    0.00064          2  0.000e+00
      27222   1134.208      3.596      3.621    27.0038    27.0015   4.511353   4.511188     3.3993     2.9133      14.51   28.82752  -90.81412   -0.00011    0.00056          2  0.000e+00
      27223   1134.250      3.581      3.605    27.0032    27.0024   4.511353   4.511289     3.3993     2.9121      14.48   28.82752  -90.81412   -0.00011    0.00046          2  0.000e+00
      27224   1134.292      3.596      3.621    27.0027    27.0049   4.511410   4.511462     3.3993     2.9121      14.48   28.82752  -90.81412   -0.00009    0.00034          2  0.000e+00
      27225   1134.333      3.596      3.621    27.0029    27.0057   4.511431   4.511570     3.4005     2.9121      14.48   28.82752  -90.81412   -0.00005    0.00024          2  0.000e+00
      27226   1134.375      3.581      3.605    27.0028    27.0055   4.511431   4.511555     3.4005     2.9121      14.48   28.82752  -90.81412   -0.00003    0.00014          2  0.000e+00
      27227   1134.417      3.596      3.621    27.0029    27.0044   4.511367   4.511462     3.4005     2.9109      14.48   28.82752  -90.81412    0.00000    0.00002          2  0.000e+00
      27228   1134.458      3.581      3.605    27.0030    27.0035   4.511410   4.511167     3.4005     2.9121      14.48   28.82752  -90.81412    0.00003   -0.00008          2  0.000e+00
      27229   1134.500      3.596      3.621    27.0029    27.0031   4.511403   4.511260     3.4005     2.9109      14.48   28.82752  -90.81412    0.00006   -0.00019          2  0.000e+00
      27230   1134.542      3.596      3.621    27.0030    27.0025   4.511452   4.511253     3.4005     2.9109      14.48   28.82752  -90.81412    0.00011   -0.00029          2  0.000e+00
      27231   1134.583      3.581      3.605    27.0033    27.0022   4.511438   4.511181     3.4005     2.9109      14.48   28.82752  -90.81412    0.00016   -0.00038          2  0.000e+00
      27232   1134.625      3.596      3.621    27.0036    27.0015   4.511488   4.511138     3.4005     2.9109      14.48   28.82752  -90.81412    0.00020   -0.00047          2  0.000e+00
      27233   1134.667      3.596      3.621    27.0034    27.0017   4.511424   4.511239     3.4005     2.9109      14.51   28.82752  -90.81412    0.00025   -0.00056          2  0.000e+00
      27234   1134.708      3.581      3.605    27.0038    27.0028   4.511481   4.511304     3.4005     2.9109      14.48   28.82752  -90.81412    0.00029   -0.00065          2  0.000e+00
      27235   1134.750      3.596      3.621    27.0041    27.0033   4.511538   4.511318     3.4005     2.9109      14.48   28.82752  -90.81412    0.00033   -0.00072          2  0.000e+00
      27236   1134.792      3.581      3.605    27.0043    27.0035   4.511516   4.511368     3.4005     2.9109      14.48   28.82752  -90.81412    0.00039   -0.00079          2  0.000e+00
      27237   1134.833      3.649      3.674    27.0041    27.0037   4.511509   4.511390     3.4005     2.9096      14.48   28.82752  -90.81412    0.00045   -0.00087          2  0.000e+00
      27238   1134.875      3.596      3.621    27.0041    27.0034   4.511481   4.511332     3.4005     2.9109      14.48   28.82752  -90.81412    0.00049   -0.00094          2  0.000e+00
