Gulf of Mexico/GOMECC-4/1db/rb2103_0111.ros
* Sea-Bird SBE 9 Data File:
* FileName = C:\Users\scs.user.rb\CTD\GOMECC4\data\rb2103_0111.hex
* Software Version Seasave V 7.26.7.107
* Temperature SN = 4799
* Conductivity SN = 3860
* Number of Bytes Per Scan = 41
* Number of Voltage Words = 4
* Number of Scans Averaged by the Deck Unit = 1
* NMEA Latitude = 26 26.63 N
* NMEA Longitude = 085 20.00 W
* NMEA UTC (Time) = Sep 18 2021  04:11:12
* NMEA baud rate = 4800
# nquan = 17
# nvalues = 3192                                  
# units = specified
# name 0 = scan: Scan Count
# name 1 = timeS: Time, Elapsed [seconds]
# name 2 = depSM: Depth [salt water, m]
# name 3 = prDM: Pressure, Digiquartz [db]
# name 4 = t090C: Temperature [ITS-90, deg C]
# name 5 = t190C: Temperature, 2 [ITS-90, deg C]
# name 6 = c0S/m: Conductivity [S/m]
# name 7 = c1S/m: Conductivity, 2 [S/m]
# name 8 = sbeox0V: Oxygen raw, SBE 43 [V]
# name 9 = sbeox1V: Oxygen raw, SBE 43, 2 [V]
# name 10 = altM: Altimeter [m]
# name 11 = latitude: Latitude [deg]
# name 12 = longitude: Longitude [deg]
# name 13 = sbox0dV/dT: Oxygen, SBE 43 [dov/dt]
# name 14 = sbox1dV/dT: Oxygen, SBE 43, 2 [dov/dt]
# name 15 = nbf: Bottles Fired
# name 16 = flag:  0.000e+00
# interval = seconds: 0.0416667
# start_time = Sep 18 2021 04:11:12 [NMEA time, header]
# bad_flag = -9.990e-29
*END*
[from data line 256]
     109918   4579.875   3130.589   3174.895     4.3818     4.3829   3.419267   3.419197     1.7131     1.4090     100.00   26.44374  -85.33228    0.00002   -0.00003          2  0.000e+00
     109919   4579.917   3130.590   3174.895     4.3817     4.3827   3.419280   3.419210     1.7131     1.4078     100.00   26.44374  -85.33228    0.00001   -0.00004          2  0.000e+00
     109920   4579.958   3130.527   3174.831     4.3817     4.3829   3.419299   3.419197     1.7131     1.4090     100.00   26.44374  -85.33228    0.00001   -0.00003          2  0.000e+00
     109921   4580.000   3130.590   3174.896     4.3815     4.3831   3.419260   3.419210     1.7131     1.4078     100.00   26.44374  -85.33228 5.2753e-07   -0.00005          2  0.000e+00
     109922   4580.042   3130.527   3174.831     4.3816     4.3831   3.419248   3.419230     1.7131     1.4090     100.00   26.44374  -85.33228    0.00001   -0.00004          2  0.000e+00
     109923   4580.083   3130.527   3174.831     4.3815     4.3829   3.419267   3.419217     1.7143     1.4078     100.00   26.44374  -85.33228    0.00003   -0.00005          2  0.000e+00
     109924   4580.125   3130.535   3174.840     4.3817     4.3827   3.419254   3.419197     1.7143     1.4090     100.00   26.44374  -85.33228    0.00004   -0.00005          2  0.000e+00
     109925   4580.167   3130.527   3174.832     4.3817     4.3829   3.419248   3.419165     1.7131     1.4090     100.00   26.44374  -85.33228    0.00003   -0.00004          2  0.000e+00
     109926   4580.208   3130.527   3174.832     4.3815     4.3827   3.419248   3.419191     1.7131     1.4090     100.00   26.44374  -85.33228    0.00003   -0.00004          2  0.000e+00
     109927   4580.250   3130.472   3174.776     4.3813     4.3829   3.419222   3.419165     1.7131     1.4090     100.00   26.44374  -85.33228    0.00002   -0.00003          2  0.000e+00
     119791   4991.250   2812.273   2849.938     4.3487     4.3500   3.404093   3.404026     1.7534     1.4469     100.00   26.44374  -85.33230    0.00004    0.00005          3  0.000e+00
     119792   4991.292   2812.257   2849.923     4.3487     4.3499   3.404105   3.404026     1.7534     1.4469     100.00   26.44374  -85.33230    0.00004    0.00004          3  0.000e+00
     119793   4991.333   2812.195   2849.859     4.3489     4.3498   3.404112   3.404013     1.7534     1.4469     100.00   26.44374  -85.33230    0.00004    0.00004          3  0.000e+00
     119794   4991.375   2812.257   2849.923     4.3488     4.3499   3.404093   3.404033     1.7534     1.4469     100.00   26.44374  -85.33230    0.00004    0.00005          3  0.000e+00
     119795   4991.417   2812.210   2849.875     4.3488     4.3500   3.404105   3.404033     1.7534     1.4457     100.00   26.44374  -85.33230    0.00004    0.00004          3  0.000e+00
     119796   4991.458   2812.195   2849.859     4.3488     4.3499   3.404118   3.404013     1.7534     1.4469     100.00   26.44374  -85.33230    0.00003    0.00003          3  0.000e+00
     119797   4991.500   2812.257   2849.923     4.3490     4.3499   3.404112   3.404052     1.7534     1.4469     100.00   26.44374  -85.33230    0.00003    0.00004          3  0.000e+00
     119798   4991.542   2812.257   2849.923     4.3489     4.3498   3.404112   3.404039     1.7534     1.4469     100.00   26.44374  -85.33230    0.00003    0.00004          3  0.000e+00
     119799   4991.583   2812.210   2849.875     4.3488     4.3500   3.404137   3.404033     1.7534     1.4457     100.00   26.44374  -85.33230    0.00003    0.00001          3  0.000e+00
     119800   4991.625   2812.257   2849.923     4.3487     4.3500   3.404124   3.404039     1.7534     1.4457     100.00   26.44374  -85.33230    0.00003    0.00000          3  0.000e+00
     119801   4991.667   2812.195   2849.859     4.3488     4.3500   3.404137   3.404058     1.7534     1.4457     100.00   26.44374  -85.33230    0.00003   -0.00001          3  0.000e+00
     119802   4991.708   2812.312   2849.979     4.3488     4.3500   3.404099   3.404045     1.7534     1.4469     100.00   26.44374  -85.33230    0.00003    0.00000          3  0.000e+00
     119803   4991.750   2812.258   2849.923     4.3485     4.3499   3.404105   3.404033     1.7534     1.4469     100.00   26.44374  -85.33230    0.00002    0.00001          3  0.000e+00
     119804   4991.792   2812.211   2849.875     4.3490     4.3499   3.404093   3.404033     1.7534     1.4469     100.00   26.44374  -85.33230    0.00002    0.00002          3  0.000e+00
     119805   4991.833   2812.312   2849.979     4.3488     4.3497   3.404156   3.404039     1.7534     1.4469     100.00   26.44374  -85.33230    0.00002    0.00002          3  0.000e+00
     119806   4991.875   2812.258   2849.923     4.3488     4.3500   3.404105   3.404058     1.7534     1.4469     100.00   26.44374  -85.33230    0.00002    0.00003          3  0.000e+00
     119807   4991.917   2812.258   2849.923     4.3488     4.3497   3.404105   3.404045     1.7534     1.4469     100.00   26.44374  -85.33230    0.00002    0.00004          3  0.000e+00
     119808   4991.958   2812.273   2849.939     4.3487     4.3498   3.404112   3.404058     1.7534     1.4469     100.00   26.44374  -85.33230    0.00002    0.00005          3  0.000e+00
     119809   4992.000   2812.313   2849.979     4.3490     4.3502   3.404093   3.404084     1.7534     1.4469     100.00   26.44374  -85.33230    0.00002    0.00004          3  0.000e+00
     119810   4992.042   2812.258   2849.923     4.3488     4.3499   3.404105   3.404071     1.7534     1.4469     100.00   26.44374  -85.33230    0.00002    0.00002          3  0.000e+00
     119811   4992.083   2812.313   2849.979     4.3488     4.3499   3.404137   3.404026     1.7534     1.4457     100.00   26.44374  -85.33230    0.00003    0.00001          3  0.000e+00
     119812   4992.125   2812.274   2849.939     4.3491     4.3500   3.404124   3.404026     1.7534     1.4469     100.00   26.44374  -85.33230    0.00003    0.00002          3  0.000e+00
     119813   4992.167   2812.313   2849.979     4.3488     4.3499   3.404093   3.404058     1.7534     1.4457     100.00   26.44374  -85.33230    0.00003    0.00001          3  0.000e+00
     119814   4992.208   2812.313   2849.979     4.3487     4.3500   3.404105   3.404039     1.7534     1.4469     100.00   26.44374  -85.33230    0.00003 -8.241e-12          3  0.000e+00
     119815   4992.250   2812.313   2849.979     4.3485     4.3500   3.404112   3.404058     1.7534     1.4457     100.00   26.44374  -85.33230    0.00003   -0.00001          3  0.000e+00
     119816   4992.292   2812.274   2849.939     4.3488     4.3499   3.404137   3.404045     1.7534     1.4457     100.00   26.44374  -85.33230    0.00003   -0.00002          3  0.000e+00
     119817   4992.333   2812.376   2850.043     4.3489     4.3499   3.404099   3.404058     1.7534     1.4469     100.00   26.44374  -85.33230    0.00003   -0.00001          3  0.000e+00
     119818   4992.375   2812.313   2849.979     4.3487     4.3499   3.404105   3.404045     1.7534     1.4469     100.00   26.44374  -85.33230    0.00002   -0.00000          3  0.000e+00
     119819   4992.417   2812.313   2849.980     4.3490     4.3497   3.404137   3.404039     1.7534     1.4469     100.00   26.44374  -85.33230    0.00002    0.00000          3  0.000e+00
     119820   4992.458   2812.258   2849.924     4.3488     4.3500   3.404143   3.404058     1.7534     1.4469     100.00   26.44374  -85.33230    0.00002    0.00001          3  0.000e+00
     119821   4992.500   2812.337   2850.004     4.3488     4.3499   3.404099   3.404045     1.7534     1.4469     100.00   26.44374  -85.33230    0.00002    0.00002          3  0.000e+00
     119822   4992.542   2812.313   2849.980     4.3487     4.3499   3.404105   3.404039     1.7534     1.4469     100.00   26.44374  -85.33230    0.00002    0.00003          3  0.000e+00
     119823   4992.583   2812.313   2849.980     4.3490     4.3499   3.404118   3.404033     1.7534     1.4457     100.00   26.44374  -85.33230    0.00002   -0.00000          3  0.000e+00
     119824   4992.625   2812.376   2850.044     4.3492     4.3500   3.404118   3.404033     1.7521     1.4469     100.00   26.44374  -85.33230 3.5168e-07    0.00001          3  0.000e+00
     119825   4992.667   2812.337   2850.004     4.3490     4.3499   3.404112   3.404039     1.7521     1.4469     100.00   26.44374  -85.33230   -0.00002   -0.00000          3  0.000e+00
     119826   4992.708   2812.259   2849.924     4.3488     4.3500   3.404112   3.404033     1.7534     1.4469     100.00   26.44374  -85.33230   -0.00002    0.00000          3  0.000e+00
     119827   4992.750   2812.376   2850.044     4.3489     4.3499   3.404137   3.404033     1.7534     1.4469     100.00   26.44374  -85.33230   -0.00002    0.00001          3  0.000e+00
     119828   4992.792   2812.313   2849.980     4.3488     4.3499   3.404099   3.404033     1.7534     1.4469     100.00   26.44374  -85.33230   -0.00002    0.00002          3  0.000e+00
     119829   4992.833   2812.337   2850.004     4.3488     4.3499   3.404105   3.404013     1.7534     1.4469     100.00   26.44374  -85.33230   -0.00002    0.00003          3  0.000e+00
     119830   4992.875   2812.313   2849.980     4.3490     4.3499   3.404093   3.404052     1.7546     1.4457     100.00   26.44374  -85.33230   -0.00000    0.00002          3  0.000e+00
     119831   4992.917   2812.314   2849.980     4.3488     4.3499   3.404105   3.404039     1.7534     1.4457     100.00   26.44374  -85.33230   -0.00000    0.00001          3  0.000e+00
     119832   4992.958   2812.314   2849.980     4.3491     4.3499   3.404112   3.404013     1.7534     1.4457     100.00   26.44374  -85.33230   -0.00000   -0.00002          3  0.000e+00
     119833   4993.000   2812.337   2850.004     4.3488     4.3499   3.404137   3.404033     1.7534     1.4469     100.00   26.44374  -85.33230   -0.00000   -0.00001          3  0.000e+00
     119834   4993.042   2812.314   2849.980     4.3488     4.3499   3.404099   3.404058     1.7534     1.4469     100.00   26.44374  -85.33230   -0.00000   -0.00000          3  0.000e+00
     119835   4993.083   2812.314   2849.980     4.3488     4.3500   3.404131   3.404045     1.7534     1.4469     100.00   26.44374  -85.33230   -0.00002    0.00000          3  0.000e+00
     119836   4993.125   2812.314   2849.980     4.3490     4.3497   3.404124   3.404058     1.7534     1.4457     100.00   26.44374  -85.33230   -0.00002   -0.00002          3  0.000e+00
     119837   4993.167   2812.337   2850.004     4.3489     4.3500   3.404086   3.404039     1.7534     1.4457     100.00   26.44374  -85.33230   -0.00003   -0.00005          3  0.000e+00
     119838   4993.208   2812.376   2850.044     4.3488     4.3498   3.404080   3.404058     1.7534     1.4457     100.00   26.44374  -85.33230   -0.00003   -0.00008          3  0.000e+00
     119839   4993.250   2812.259   2849.924     4.3488     4.3497   3.404105   3.404039     1.7534     1.4469     100.00   26.44374  -85.33230   -0.00003   -0.00007          3  0.000e+00
     119840   4993.292   2812.314   2849.980     4.3490     4.3502   3.404118   3.404033     1.7534     1.4469     100.00   26.44374  -85.33230   -0.00003   -0.00006          3  0.000e+00
     119841   4993.333   2812.376   2850.044     4.3487     4.3500   3.404137   3.404020     1.7546     1.4469     100.00   26.44374  -85.33230   -0.00001   -0.00007          3  0.000e+00
     119842   4993.375   2812.275   2849.941     4.3489     4.3499   3.404143   3.404052     1.7534     1.4469     100.00   26.44374  -85.33230   -0.00001   -0.00006          3  0.000e+00
     119843   4993.417   2812.314   2849.981     4.3490     4.3499   3.404124   3.404045     1.7534     1.4469     100.00   26.44374  -85.33230   -0.00002   -0.00006          3  0.000e+00
     119844   4993.458   2812.314   2849.981     4.3490     4.3499   3.404118   3.404058     1.7534     1.4469     100.00   26.44374  -85.33230   -0.00002   -0.00007          3  0.000e+00
     119845   4993.500   2812.314   2849.981     4.3490     4.3500   3.404093   3.404065     1.7534     1.4469     100.00   26.44374  -85.33230   -0.00002   -0.00008          3  0.000e+00
     119846   4993.542   2812.275   2849.941     4.3485     4.3500   3.404131   3.404045     1.7534     1.4469     100.00   26.44374  -85.33230   -0.00002   -0.00007          3  0.000e+00
     119847   4993.583   2812.314   2849.981     4.3491     4.3500   3.404124   3.404020     1.7534     1.4469     100.00   26.44374  -85.33230   -0.00002   -0.00006          3  0.000e+00
     119848   4993.625   2812.314   2849.981     4.3492     4.3498   3.404137   3.404026     1.7534     1.4457     100.00   26.44374  -85.33230   -0.00002   -0.00007          3  0.000e+00
     119849   4993.667   2812.314   2849.981     4.3488     4.3500   3.404124   3.404013     1.7534     1.4457     100.00   26.44374  -85.33230   -0.00002   -0.00008          3  0.000e+00
     119850   4993.708   2812.275   2849.941     4.3490     4.3499   3.404137   3.404071     1.7534     1.4469     100.00   26.44374  -85.33230   -0.00002   -0.00009          3  0.000e+00
     119851   4993.750   2812.314   2849.981     4.3488     4.3500   3.404169   3.404097     1.7521     1.4469     100.00   26.44374  -85.33230   -0.00004   -0.00009          3  0.000e+00
     119852   4993.792   2812.260   2849.925     4.3487     4.3497   3.404156   3.404052     1.7521     1.4469     100.00   26.44374  -85.33230   -0.00006   -0.00008          3  0.000e+00
     119853   4993.833   2812.314   2849.981     4.3490     4.3498   3.404118   3.404033     1.7521     1.4469     100.00   26.44374  -85.33230   -0.00006   -0.00007          3  0.000e+00
     119854   4993.875   2812.275   2849.941     4.3490     4.3499   3.404112   3.404013     1.7534     1.4457     100.00   26.44374  -85.33230   -0.00006   -0.00008          3  0.000e+00
     119855   4993.917   2812.314   2849.981     4.3488     4.3499   3.404118   3.404033     1.7534     1.4457     100.00   26.44374  -85.33230   -0.00006   -0.00009          3  0.000e+00
     119856   4993.958   2812.260   2849.925     4.3490     4.3500   3.404137   3.404033     1.7534     1.4457     100.00   26.44374  -85.33230   -0.00006   -0.00010          3  0.000e+00
     119857   4994.000   2812.315   2849.981     4.3489     4.3499   3.404124   3.404033     1.7534     1.4469     100.00   26.44374  -85.33230   -0.00006   -0.00009          3  0.000e+00
     119858   4994.042   2812.260   2849.925     4.3490     4.3499   3.404118   3.404058     1.7534     1.4469     100.00   26.44374  -85.33230   -0.00006   -0.00008          3  0.000e+00
     119859   4994.083   2812.276   2849.941     4.3488     4.3500   3.404137   3.404065     1.7534     1.4469     100.00   26.44374  -85.33230   -0.00006   -0.00007          3  0.000e+00
     119860   4994.125   2812.315   2849.981     4.3488     4.3499   3.404074   3.404065     1.7534     1.4469     100.00   26.44374  -85.33230   -0.00006   -0.00007          3  0.000e+00
     119861   4994.167   2812.260   2849.925     4.3490     4.3499   3.404074   3.404026     1.7534     1.4469     100.00   26.44374  -85.33230   -0.00006   -0.00006          3  0.000e+00
     119862   4994.208   2812.260   2849.925     4.3489     4.3500   3.404105   3.404026     1.7534     1.4469     100.00   26.44374  -85.33230   -0.00006   -0.00005          3  0.000e+00
     119863   4994.250   2812.276   2849.941     4.3488     4.3498   3.404137   3.404033     1.7534     1.4469     100.00   26.44374  -85.33230   -0.00006   -0.00004          3  0.000e+00
     119864   4994.292   2812.315   2849.981     4.3487     4.3500   3.404124   3.404033     1.7534     1.4457     100.00   26.44374  -85.33230   -0.00006   -0.00005          3  0.000e+00
