Gulf of Mexico/GOMECC-4/1db/rb2103_1021.cnv
* Sea-Bird SBE 9 Data File:
* FileName = C:\Users\scs.user.rb\CTD\GOMECC4\data\rb2103_1021.hex
* Software Version Seasave V 7.26.7.107
* Temperature SN = 4799
* Conductivity SN = 3860
* Number of Bytes Per Scan = 41
* Number of Voltage Words = 4
* Number of Scans Averaged by the Deck Unit = 1
* NMEA Latitude = 23 46.13 N
* NMEA Longitude = 088 00.04 W
* NMEA UTC (Time) = Oct 12 2021  22:30:12
* NMEA baud rate = 4800
# nquan = 28
# nvalues = 181                         
# units = specified
# name 0 = scan: Scan Count
# name 1 = timeS: Time, Elapsed [seconds]
# name 2 = depSM: Depth [salt water, m]
# name 3 = prDM: Pressure, Digiquartz [db]
# name 4 = t090C: Temperature [ITS-90, deg C]
# name 5 = t190C: Temperature, 2 [ITS-90, deg C]
# name 6 = c0S/m: Conductivity [S/m]
# name 7 = c1S/m: Conductivity, 2 [S/m]
# name 8 = sbeox0V: Oxygen raw, SBE 43 [V]
# name 9 = sbeox1V: Oxygen raw, SBE 43, 2 [V]
# name 10 = altM: Altimeter [m]
# name 11 = latitude: Latitude [deg]
# name 12 = longitude: Longitude [deg]
# name 13 = sbox0dV/dT: Oxygen, SBE 43 [dov/dt]
# name 14 = sbox1dV/dT: Oxygen, SBE 43, 2 [dov/dt]
# name 15 = sbeox0ML/L: Oxygen, SBE 43 [ml/l], WS = 5
# name 16 = sbeox1ML/L: Oxygen, SBE 43, 2 [ml/l], WS = 5
# name 17 = potemp090C: Potential Temperature [ITS-90, deg C]
# name 18 = potemp190C: Potential Temperature, 2 [ITS-90, deg C]
# name 19 = sal00: Salinity, Practical [PSU]
# name 20 = sal11: Salinity, Practical, 2 [PSU]
# name 21 = sigma-é00: Density [sigma-theta, kg/m^3]
# name 22 = sigma-é11: Density, 2 [sigma-theta, kg/m^3]
# name 23 = avgsvCM: Average Sound Velocity [Chen-Millero, m/s], minP = 20, minS = 20
# name 24 = sbox0Mm/Kg: Oxygen, SBE 43 [umol/kg], WS = 5
# name 25 = sbox1Mm/Kg: Oxygen, SBE 43, 2 [umol/kg], WS = 5
# name 26 = nbin: number of scans per bin
# name 27 = flag: flag
# span 0 =      16783,      43827       
# span 1 =    699.252,   1826.074       
# span 2 =      4.969,    124.169       
# span 3 =      5.000,    125.000       
# span 4 =    19.1374,    29.4792       
# span 5 =    19.1397,    29.4823       
# span 6 =   4.883917,   5.930915       
# span 7 =   4.884825,   5.931439       
# span 8 =     1.9676,     3.2757       
# span 9 =     1.6272,     2.7805       
# span 10 =       9.98,     100.69      
# span 11 =   23.62977,   23.83200      
# span 12 =  -88.22561,  -87.47713      
# span 13 =   -0.02578,    0.01473      
# span 14 =   -0.02461,    0.01670      
# span 15 =     2.7320,     4.6839      
# span 16 =     2.7423,     4.6665      
# span 17 =    19.1149,    29.4775      
# span 18 =    19.1171,    29.4806      
# span 19 =    36.0291,    36.6554      
# span 20 =    36.0304,    36.6567      
# span 21 =    22.6769,    26.1193      
# span 22 =    22.6767,    26.1200      
# span 23 =       0.00,    1545.81      
# span 24 =    118.907,    204.405      
# span 25 =    119.353,    203.628      
# span 26 =         30,         75      
# span 27 = 0.0000e+00, 0.0000e+00      
# interval = decibars: 1                
# start_time = Oct 12 2021 22:30:12 [NMEA time, header]
# bad_flag = -9.990e-29
*END*
[from data line 104]
      22447    935.263    108.280    109.000    20.2315    20.2311   5.007592   5.007700     2.1066     1.7530      25.63   23.77050  -87.99950   -0.00180   -0.00163     2.9641     2.9766    20.2110    20.2107    36.5336    36.5348    25.8758    25.8768    1536.04    129.040    129.581         61 0.0000e+00
      22500    937.477    109.273    110.000    20.1545    20.1545   4.999542   4.999726     2.1007     1.7462      24.74   23.77050  -87.99950   -0.00207   -0.00240     2.9557     2.9650    20.1332    20.1340    36.5345    36.5357    25.8973    25.8981    1535.94    128.670    129.076         48 0.0000e+00
      22549    939.519    110.266    111.000    20.0731    20.0743   4.990821   4.991096     2.0902     1.7377      23.78   23.77050  -87.99950   -0.00398   -0.00356     2.9390     2.9499    20.0523    20.0535    36.5325    36.5337    25.9173    25.9179    1535.85    127.940    128.414         52 0.0000e+00
      22608    941.952    111.259    112.000    19.9321    19.9305   4.975733   4.975707     2.0746     1.7210      22.75   23.77050  -87.99950   -0.00588   -0.00588     2.9140     2.9188    19.9113    19.9097    36.5302    36.5314    25.9530    25.9544    1535.75    126.848    127.058         61 0.0000e+00
      22662    944.216    112.252    113.000    19.7928    19.7925   4.960832   4.960945     2.0565     1.7050      21.84   23.77050  -87.99950   -0.00738   -0.00731     2.8834     2.8887    19.7719    19.7716    36.5280    36.5291    25.9882    25.9892    1535.66    125.511    125.742         49 0.0000e+00
      22712    946.295    113.245    114.000    19.7099    19.7106   4.951810   4.952076     2.0399     1.6905      20.85   23.77050  -87.99950   -0.00830   -0.00689     2.8518     2.8593    19.6889    19.6895    36.5251    36.5267    26.0079    26.0090    1535.55    124.132    124.460         51 0.0000e+00
      22766    948.554    114.238    115.000    19.6762    19.6758   4.948171   4.948341     2.0284     1.6806      19.88   23.77050  -87.99950   -0.00637   -0.00564     2.8300     2.8380    19.6550    19.6546    36.5240    36.5257    26.0160    26.0175    1535.45    123.184    123.530         58 0.0000e+00
      22823    950.937    115.231    116.000    19.6391    19.6378   4.944231   4.944271     2.0210     1.6732      18.88   23.77051  -87.99950   -0.00369   -0.00345     2.8164     2.8228    19.6177    19.6165    36.5233    36.5247    26.0253    26.0267    1535.35    122.588    122.868         55 0.0000e+00
      22878    953.200    116.224    117.000    19.5845    19.5841   4.938323   4.938453     2.0135     1.6678      17.92   23.77052  -87.99949   -0.00318   -0.00266     2.8036     2.8130    19.5630    19.5626    36.5216    36.5230    26.0383    26.0395    1535.26    122.031    122.440         59 0.0000e+00
      22958    956.540    117.218    118.000    19.5162    19.5146   4.930780   4.930752     2.0068     1.6612      16.85   23.77052  -87.99949   -0.00227   -0.00205     2.7932     2.8015    19.4946    19.4930    36.5181    36.5193    26.0536    26.0550    1535.16    121.578    121.938         51 0.0000e+00
      23046    960.208    118.211    119.000    19.4302    19.4310   4.921628   4.921829     1.9986     1.6555      15.87   23.77052  -87.99950   -0.00203   -0.00191     2.7802     2.7916    19.4084    19.4092    36.5149    36.5161    26.0737    26.0744    1535.06    121.009    121.505         47 0.0000e+00
      23133    963.846    119.204    120.000    19.3471    19.3481   4.912729   4.912838     1.9939     1.6518      14.91   23.77052  -87.99950   -0.00102   -0.00049     2.7741     2.7879    19.3253    19.3263    36.5063    36.5070    26.0888    26.0891    1534.96    120.742    121.342         45 0.0000e+00
      23228    967.805    120.197    121.000    19.3194    19.3212   4.908282   4.908619     1.9865     1.6450      13.92   23.77052  -87.99950   -0.00171   -0.00152     2.7614     2.7742    19.2974    19.2992    36.5014    36.5026    26.0923    26.0928    1534.87    120.187    120.746         70 0.0000e+00
      23310    971.213    121.190    122.000    19.2904    19.2918   4.904889   4.905180     1.9832     1.6413      12.95   23.77052  -87.99950   -0.00087   -0.00143     2.7562     2.7673    19.2683    19.2697    36.4984    36.4996    26.0976    26.0981    1534.77    119.960    120.443         38 0.0000e+00
      23409    975.331    122.183    123.000    19.2604    19.2596   4.901568   4.901612     1.9816     1.6398      11.99   23.77052  -87.99950   -0.00058   -0.00064     2.7547     2.7658    19.2381    19.2373    36.4965    36.4976    26.1040    26.1050    1534.68    119.894    120.380         42 0.0000e+00
      23586    982.692    124.169    125.000    19.1388    19.1397   4.886921   4.887177     1.9748     1.6342       9.98   23.76391  -87.97496   -0.00087   -0.00084     2.7475     2.7595    19.1162    19.1171    36.4764    36.4777    26.1193    26.1200    1534.06    119.579    120.101         63 0.0000e+00
      27605   1150.177    123.176    124.000    19.1374    19.1437   4.883917   4.884825     1.9676     1.6272      10.52   23.74178  -87.89267    0.00019    0.00004     2.7320     2.7423    19.1149    19.1213    36.4413    36.4433    26.0898    26.0897    1532.57    118.907    119.353         45 0.0000e+00
      27743   1155.914    122.183    123.000    19.1974    19.1975   4.893927   4.894141     1.9726     1.6319      11.64   23.77066  -87.99960    0.00074    0.00052     2.7386     2.7501    19.1751    19.1752    36.4879    36.4896    26.1137    26.1150    1534.43    119.194    119.696         60 0.0000e+00
      27815   1158.910    121.190    122.000    19.2581    19.2545   4.900506   4.900298     1.9750     1.6339      12.56   23.77066  -87.99960    0.00064    0.00069     2.7403     2.7513    19.2360    19.2324    36.4923    36.4931    26.1013    26.1029    1534.43    119.270    119.748         68 0.0000e+00
      27886   1161.890    120.197    121.000    19.2768    19.2770   4.903108   4.903377     1.9779     1.6358      13.56   23.77066  -87.99960    0.00109    0.00052     2.7450     2.7546    19.2548    19.2551    36.4958    36.4977    26.0991    26.1005    1534.43    119.475    119.892         71 0.0000e+00
      27961   1164.997    119.204    120.000    19.2923    19.2952   4.905090   4.905389     1.9794     1.6368      14.52   23.77066  -87.99960    0.00049    0.00050     2.7470     2.7556    19.2705    19.2734    36.4984    36.4989    26.0970    26.0966    1534.43    119.559    119.935         69 0.0000e+00
      28025   1167.661    118.211    119.000    19.3405    19.3471   4.910331   4.911255     1.9816     1.6397      15.45   23.77066  -87.99960    0.00068    0.00072     2.7489     2.7598    19.3189    19.3255    36.5035    36.5060    26.0883    26.0885    1534.43    119.644    120.117         64 0.0000e+00
      28099   1170.741    117.218    118.000    19.3847    19.4000   4.915963   4.917646     1.9854     1.6447      16.49   23.77066  -87.99960    0.00119    0.00158     2.7541     2.7682    19.3632    19.3785    36.5096    36.5103    26.0815    26.0780    1534.43    119.873    120.487         75 0.0000e+00
      28168   1173.629    116.224    117.000    19.4577    19.4731   4.923928   4.925802     1.9900     1.6478      17.42   23.77066  -87.99960    0.00151    0.00128     2.7596     2.7713    19.4358    19.4518    36.5131    36.5147    26.0652    26.0622    1534.43    120.112    120.622         69 0.0000e+00
      28239   1176.581    115.232    116.000    19.5268    19.5456   4.931624   4.933668     1.9950     1.6528      18.43   23.77066  -87.99960    0.00166    0.00143     2.7664     2.7792    19.5055    19.5244    36.5166    36.5182    26.0497    26.0459    1534.43    120.411    120.968         72 0.0000e+00
      28310   1179.552    114.238    115.000    19.5766    19.5847   4.937051   4.938442     1.9997     1.6569      19.37   23.77066  -87.99960    0.00167    0.00152     2.7736     2.7865    19.5556    19.5637    36.5185    36.5233    26.0379    26.0396    1534.43    120.726    121.286         67 0.0000e+00
      28378   1182.379    113.245    114.000    19.6146    19.6237   4.941441   4.942879     2.0052     1.6620      20.38   23.77066  -87.99960    0.00183    0.00166     2.7827     2.7959    19.5936    19.6027    36.5221    36.5248    26.0307    26.0304    1534.43    121.123    121.698         71 0.0000e+00
      28450   1185.379    112.252    113.000    19.6477    19.6572   4.945146   4.945991     2.0106     1.6660      21.33   23.77066  -87.99960    0.00184    0.00159     2.7924     2.8035    19.6269    19.6364    36.5245    36.5234    26.0238    26.0205    1534.43    121.547    122.028         71 0.0000e+00
      28525   1188.497    111.259    112.000    19.7290    19.7132   4.952234   4.952076     2.0165     1.6700      22.34   23.77067  -87.99960    0.00183    0.00112     2.8033     2.8113    19.7084    19.6930    36.5242    36.5274    26.0021    26.0084    1534.43    122.023    122.369         62 0.0000e+00
      28613   1192.170    110.266    111.000    19.7656    19.7508   4.957584   4.956184     2.0255     1.6769      23.34   23.77068  -87.99960    0.00240    0.00182     2.8174     2.8238    19.7451    19.7303    36.5259    36.5269    25.9937    25.9984    1534.43    122.639    122.917         44 0.0000e+00
      28696   1195.636    109.273    110.000    19.8406    19.9206   4.968694   4.970894     2.0338     1.6829      24.25   23.77068  -87.99960    0.00231    0.00068     2.8289     2.8299    19.8202    19.9001    36.5375    36.5010    25.9828    25.9338    1534.43    123.139    123.188         33 0.0000e+00
      30472   1269.613    107.287    108.000    20.1911    20.1980   5.002249   5.002983     2.0929     1.7394      26.25   23.76476  -87.97762    0.00073    0.00055     2.9369     2.9461    20.1712    20.1778    36.5257    36.5221    25.8798    25.8750    1534.05    127.852    128.256         69 0.0000e+00
      30574   1273.874    106.294    107.000    20.2313    20.2150   5.006743   5.005555     2.0969     1.7414      27.25   23.77070  -87.99962    0.00102    0.00067     2.9417     2.9495    20.2112    20.1949    36.5274    36.5319    25.8710    25.8788    1534.43    128.062    128.403         37 0.0000e+00
      30664   1277.624    105.300    106.000    20.2469    20.2433   5.008306   5.008140     2.1014     1.7443      28.22   23.77070  -87.99962    0.00103    0.00035     2.9512     2.9544    20.2270    20.2234    36.5272    36.5290    25.8666    25.8689    1534.43    128.478    128.617         67 0.0000e+00
      30759   1281.585    104.307    105.000    20.2802    20.2515   5.011571   5.009565     2.1057     1.7477      29.15   23.77070  -87.99962    0.00104    0.00055     2.9581     2.9611    20.2604    20.2318    36.5253    36.5315    25.8562    25.8686    1534.43    128.778    128.910         36 0.0000e+00
      30846   1285.218    103.314    104.000    20.3110    20.2909   5.014550   5.012651     2.1095     1.7517      30.17   23.77070  -87.99962    0.00120    0.00109     2.9644     2.9686    20.2914    20.2714    36.5236    36.5255    25.8466    25.8534    1534.43    129.053    129.235         58 0.0000e+00
      30935   1288.937    102.321    103.000    20.3253    20.3124   5.015953   5.014752     2.1120     1.7545      31.15   23.77072  -87.99962    0.00074    0.00085     2.9682     2.9738    20.3059    20.2930    36.5234    36.5252    25.8425    25.8474    1534.43    129.222    129.462         50 0.0000e+00
      31028   1292.809    101.328    102.000    20.3372    20.3242   5.017099   5.016019     2.1125     1.7562      32.14   23.77072  -87.99962    0.00028    0.00031     2.9681     2.9767    20.3180    20.3050    36.5226    36.5250    25.8387    25.8440    1534.43    129.219    129.589         37 0.0000e+00
      31119   1296.598    100.334    101.000    20.3755    20.3467   5.021130   5.017962     2.1116     1.7550      33.11   23.77072  -87.99962   -0.00009   -0.00013     2.9619     2.9718    20.3564    20.3276    36.5223    36.5217    25.8281    25.8355    1534.43    128.949    129.377         34 0.0000e+00
      32092   1337.128     93.382     94.000    20.5103    20.5621   5.039613   5.043263     2.1260     1.8009      40.24   23.81730  -88.17194   -0.00081    0.00489     2.9834     3.0656    20.4925    20.5443    36.5858    36.5717    25.8467    25.8219    1537.43    129.886    133.470         37 0.0000e+00
      34006   1416.893     86.430     87.000    20.8064    20.8022   5.056196   5.055575     2.2309     1.8621      46.77   23.75420  -87.93815    0.00165    0.00035     3.1868     3.1920    20.7898    20.7855    36.4334    36.4320    25.6406    25.6407    1533.36    138.762    138.988         45 0.0000e+00
      34132   1422.112     85.436     86.000    20.8588    20.8397   5.062879   5.061250     2.2420     1.8696      47.83   23.77081  -87.99968    0.00222    0.00130     3.2064     3.2069    20.8423    20.8232    36.4523    36.4555    25.6432    25.6508    1534.43    139.616    139.639         50 0.0000e+00
      34225   1425.992     84.443     85.000    20.8898    20.8559   5.065446   5.062869     2.2558     1.8799      48.78   23.77081  -87.99968    0.00308    0.00234     3.2333     3.2293    20.8735    20.8396    36.4469    36.4551    25.6305    25.6460    1534.43    140.790    140.613         30 0.0000e+00
      34319   1429.914     83.450     84.000    20.9101    20.9058   5.067259   5.066674     2.2653     1.8880      49.74   23.77081  -87.99968    0.00223    0.00187     3.2527     3.2455    20.8939    20.8897    36.4440    36.4446    25.6227    25.6244    1534.43    141.635    141.321         47 0.0000e+00
      34558   1439.863     81.464     82.000    21.0726    21.0327   5.085933   5.083303     2.3004     1.9277      51.87   23.79984  -88.10720    0.00512    0.00533     3.3162     3.3283    21.0568    21.0169    36.4737    36.4609    25.6051    25.6046    1536.30    144.407    144.932         59 0.0000e+00
      34600   1441.630     80.470     81.000    21.1151    21.1023   5.087842   5.084591     2.3333     1.9516      52.67   23.77081  -87.99968    0.00922    0.00719     3.3802     3.3791    21.0995    21.0869    36.4367    36.4332    25.5608    25.5655    1534.43    147.198    147.151         31 0.0000e+00
      34691   1445.419     79.477     80.000    21.2367    21.1767   5.100986   5.094721     2.3599     1.9813      53.63   23.77081  -87.99968    0.00669    0.01063     3.4275     3.4422    21.2212    21.1611    36.4391    36.4381    25.5292    25.5444    1534.43    149.261    149.900         52 0.0000e+00
      34788   1449.473     78.483     79.000    21.2319    21.2337   5.100213   5.099778     2.3775     1.9932      54.65   23.77082  -87.99968    0.00456    0.00635     3.4642     3.4660    21.2165    21.2183    36.4374    36.4353    25.5291    25.5270    1534.43    150.858    150.939         35 0.0000e+00
      34875   1453.079     77.490     78.000    21.2893    21.2552   5.106472   5.103023     2.3872     2.0060      55.63   23.77082  -87.99968    0.00025    0.00461     3.4801     3.4930    21.2742    21.2400    36.4391    36.4396    25.5145    25.5243    1534.43    151.557    152.113         49 0.0000e+00
      34975   1457.259     76.497     77.000    21.3547    21.3259   5.114866   5.111255     2.4082     2.0125      56.57   23.77082  -87.99968    0.00413    0.00194     3.5188     3.5038    21.3397    21.3109    36.4512    36.4467    25.5056    25.5101    1534.43    153.243    152.586         49 0.0000e+00
      35068   1461.117     75.504     76.000    21.7099    21.5793   5.163264   5.142040     2.4267     2.0362      57.61   23.77082  -87.99968    0.00534    0.00608     3.5312     3.5372    21.6949    21.5647    36.5278    36.4805    25.4649    25.4662    1534.43    153.787    154.049         36 0.0000e+00
