Gulf of Mexico/GOMECC-4/1db/rb2103_0291.cnv
* Sea-Bird SBE 9 Data File:
* FileName = C:\Users\scs.user.rb\CTD\GOMECC4\data\rb2103_0291.hex
* Software Version Seasave V 7.26.7.107
* Temperature SN = 4799
* Conductivity SN = 3860
* Number of Bytes Per Scan = 41
* Number of Voltage Words = 4
* Number of Scans Averaged by the Deck Unit = 1
* NMEA Latitude = 27 29.98 N
* NMEA Longitude = 086 48.58 W
* NMEA UTC (Time) = Sep 22 2021  01:30:43
* NMEA baud rate = 4800
# nquan = 28
# nvalues = 537                         
# units = specified
# name 0 = scan: Scan Count
# name 1 = timeS: Time, Elapsed [seconds]
# name 2 = depSM: Depth [salt water, m]
# name 3 = prDM: Pressure, Digiquartz [db]
# name 4 = t090C: Temperature [ITS-90, deg C]
# name 5 = t190C: Temperature, 2 [ITS-90, deg C]
# name 6 = c0S/m: Conductivity [S/m]
# name 7 = c1S/m: Conductivity, 2 [S/m]
# name 8 = sbeox0V: Oxygen raw, SBE 43 [V]
# name 9 = sbeox1V: Oxygen raw, SBE 43, 2 [V]
# name 10 = altM: Altimeter [m]
# name 11 = latitude: Latitude [deg]
# name 12 = longitude: Longitude [deg]
# name 13 = sbox0dV/dT: Oxygen, SBE 43 [dov/dt]
# name 14 = sbox1dV/dT: Oxygen, SBE 43, 2 [dov/dt]
# name 15 = sbeox0ML/L: Oxygen, SBE 43 [ml/l], WS = 5
# name 16 = sbeox1ML/L: Oxygen, SBE 43, 2 [ml/l], WS = 5
# name 17 = potemp090C: Potential Temperature [ITS-90, deg C]
# name 18 = potemp190C: Potential Temperature, 2 [ITS-90, deg C]
# name 19 = sal00: Salinity, Practical [PSU]
# name 20 = sal11: Salinity, Practical, 2 [PSU]
# name 21 = sigma-é00: Density [sigma-theta, kg/m^3]
# name 22 = sigma-é11: Density, 2 [sigma-theta, kg/m^3]
# name 23 = avgsvCM: Average Sound Velocity [Chen-Millero, m/s], minP = 20, minS = 20
# name 24 = sbox0Mm/Kg: Oxygen, SBE 43 [umol/kg], WS = 5
# name 25 = sbox1Mm/Kg: Oxygen, SBE 43, 2 [umol/kg], WS = 5
# name 26 = nbin: number of scans per bin
# name 27 = flag: flag
# span 0 =      17647,     243073       
# span 1 =    735.269,  10128.004       
# span 2 =      1.987,   3026.672       
# span 3 =      2.000,   3069.000       
# span 4 =     4.2825,    30.2906       
# span 5 =     4.2833,    30.2909       
# span 6 =   3.341759,   5.979302       
# span 7 =   3.341691,   5.979569       
# span 8 =     1.6201,     3.2295       
# span 9 =     1.3227,     2.7085       
# span 10 =       9.86,     111.54      
# span 11 =   27.48736,   28.32218      
# span 12 =  -89.42718,  -86.79127      
# span 13 =   -0.03481,    0.03050      
# span 14 =   -0.03100,    0.02909      
# span 15 =     2.5189,     4.6949      
# span 16 =     2.5437,     4.7236      
# span 17 =     4.0806,    30.2848      
# span 18 =     4.0817,    30.2852      
# span 19 =    32.4490,    39.9694      
# span 20 =    32.4470,    36.6030      
# span 21 =    20.3697,    31.0679      
# span 22 =    20.3693,    27.7571      
# span 23 =       0.00,    1552.34      
# span 24 =    109.540,    204.013      
# span 25 =    110.622,    205.257      
# span 26 =         30,         87      
# span 27 = 0.0000e+00, 0.0000e+00      
# interval = decibars: 1                
# start_time = Sep 22 2021 01:30:43 [NMEA time, header]
# bad_flag = -9.990e-29
*END*
[from data line 415]
     173441   7226.686   1085.889   1096.000     4.5912     4.5922   3.353426   3.353393     1.9363     1.6176      99.58   27.49510  -86.81554    0.00004    0.00002     4.3007     4.3371     4.5018     4.5027    34.9537    34.9523    27.6953    27.6941    1501.00    186.894    188.475         56 0.0000e+00
     173503   7229.243   1084.901   1095.000     4.5923     4.5939   3.353466   3.353496     1.9364     1.6177     100.00   27.49510  -86.81554    0.00005   -0.00000     4.3004     4.3368     4.5029     4.5045    34.9536    34.9522    27.6951    27.6938    1501.00    186.882    188.465         50 0.0000e+00
     173540   7230.774   1083.912   1094.000     4.5957     4.5987   3.353705   3.353864     1.9366     1.6176     100.00   27.49510  -86.81554    0.00008    0.00005     4.2999     4.3353     4.5064     4.5093    34.9533    34.9520    27.6944    27.6931    1501.00    186.861    188.398         32 0.0000e+00
     173576   7232.295   1082.924   1093.000     4.6008     4.6026   3.354123   3.354163     1.9368     1.6175     100.00   27.49510  -86.81554    0.00013   -0.00008     4.2996     4.3339     4.5115     4.5133    34.9533    34.9519    27.6939    27.6926    1501.00    186.846    188.335         42 0.0000e+00
     173619   7234.063   1081.936   1092.000     4.6021     4.6037   3.354197   3.354210     1.9364     1.6170     100.00   27.49510  -86.81554   -0.00002   -0.00015     4.2976     4.3312     4.5129     4.5145    34.9534    34.9518    27.6938    27.6923    1501.00    186.757    188.218         40 0.0000e+00
     173655   7235.566   1080.948   1091.000     4.6047     4.6068   3.354372   3.354428     1.9360     1.6167     100.00   27.49510  -86.81554   -0.00022   -0.00022     4.2952     4.3293     4.5156     4.5177    34.9531    34.9516    27.6933    27.6918    1501.00    186.654    188.137         34 0.0000e+00
     173689   7237.020   1079.960   1090.000     4.6092     4.6097   3.354713   3.354658     1.9358     1.6161     100.00   27.49510  -86.81554   -0.00022   -0.00028     4.2932     4.3260     4.5201     4.5206    34.9529    34.9517    27.6926    27.6916    1501.00    186.567    187.994         35 0.0000e+00
     173724   7238.477   1078.971   1089.000     4.6108     4.6114   3.354810   3.354755     1.9353     1.6155     100.00   27.49510  -86.81554   -0.00023   -0.00039     4.2909     4.3231     4.5218     4.5224    34.9529    34.9515    27.6924    27.6913    1501.00    186.467    187.866         35 0.0000e+00
     173764   7240.118   1077.983   1088.000     4.6118     4.6135   3.354872   3.354888     1.9345     1.6155      95.48   27.49510  -86.81554   -0.00036   -0.00029     4.2874     4.3219     4.5229     4.5246    34.9530    34.9514    27.6924    27.6909    1501.00    186.317    187.816         44 0.0000e+00
     173807   7241.914   1076.995   1087.000     4.6137     4.6151   3.354967   3.354971     1.9339     1.6150      97.42   27.49510  -86.81554   -0.00042   -0.00011     4.2844     4.3194     4.5248     4.5263    34.9526    34.9512    27.6919    27.6906    1501.00    186.185    187.707         39 0.0000e+00
     173842   7243.374   1076.007   1086.000     4.6169     4.6187   3.355203   3.355250     1.9337     1.6143     100.00   27.49510  -86.81554   -0.00032   -0.00033     4.2827     4.3158     4.5281     4.5299    34.9525    34.9512    27.6914    27.6902    1501.00    186.112    187.550         33 0.0000e+00
     173875   7244.769   1075.018   1085.000     4.6204     4.6213   3.355467   3.355431     1.9334     1.6143     100.00   27.49510  -86.81554   -0.00019   -0.00034     4.2807     4.3150     4.5317     4.5326    34.9524    34.9511    27.6909    27.6898    1501.00    186.026    187.516         35 0.0000e+00
     173913   7246.344   1074.030   1084.000     4.6222     4.6232   3.355591   3.355561     1.9331     1.6143      82.18   27.49510  -86.81554   -0.00015   -0.00006     4.2790     4.3142     4.5335     4.5346    34.9525    34.9510    27.6908    27.6895    1501.00    185.950    187.480         39 0.0000e+00
     173953   7247.993   1073.042   1083.000     4.6245     4.6267   3.355743   3.355793     1.9324     1.6136      94.34   27.49510  -86.81554   -0.00029   -0.00012     4.2757     4.3105     4.5359     4.5381    34.9523    34.9507    27.6904    27.6888    1501.00    185.808    187.319         41 0.0000e+00
     175188   7299.466   1024.612   1034.000     4.7581     4.7582   3.365152   3.365064     1.9121     1.5935     100.00   27.49507  -86.81538   -0.00041   -0.00029     4.1617     4.1914     4.6728     4.6730    34.9463    34.9451    27.6703    27.6694    1501.00    180.856    182.150         30 0.0000e+00
     178472   7436.294    895.082    903.000     5.1964     5.1992   3.397909   3.398051     1.8468     1.5336      94.49   27.49728  -86.82239   -0.00051   -0.00029     3.8205     3.8512     5.1198     5.1226    34.9328    34.9316    27.6080    27.6067    1501.12    166.040    167.375         31 0.0000e+00
     178534   7438.875    894.092    902.000     5.1891     5.1933   3.397020   3.397276     1.8441     1.5311     100.42   27.49512  -86.81556   -0.00079   -0.00067     3.8119     3.8421     5.1127     5.1168    34.9306    34.9291    27.6070    27.6054    1501.00    165.665    166.980         30 0.0000e+00
     180749   7531.178    892.114    900.000     5.2154     5.2159   3.399323   3.399264     1.8395     1.5288     100.00   27.49618  -86.81886    0.00015    0.00033     3.7923     3.8302     5.1390     5.1395    34.9307    34.9296    27.6041    27.6031    1501.06    164.816    166.463         36 0.0000e+00
     185749   7739.515    744.685    751.000     5.9387     5.9396   3.457204   3.457240     1.7462     1.4414     100.02   27.50179  -86.83671   -0.00008    0.00009     3.3423     3.3757     5.8716     5.8726    34.9163    34.9129    27.5031    27.5002    1501.36    145.273    146.724         30 0.0000e+00
     190398   7933.193    602.104    607.000     7.0671     7.0729   3.554358   3.554834     1.6516     1.3509     100.01   27.49704  -86.82165   -0.00051   -0.00043     2.8896     2.9117     7.0083     7.0141    34.9171    34.9165    27.3524    27.3511    1501.10    125.614    126.573         30 0.0000e+00
     193516   8063.110    595.170    600.000     7.1699     7.1690   3.563613   3.563455     1.6430     1.3448     100.00   27.49412  -86.81249   -0.00001   -0.00005     2.8527     2.8813     7.1113     7.1104    34.9178    34.9169    27.3385    27.3379    1500.94    124.010    125.253         30 0.0000e+00
     193749   8072.821    586.255    591.000     7.1820     7.1825   3.564441   3.564396     1.6440     1.3452     100.00   27.49483  -86.81467    0.00006   -0.00005     2.8513     2.8783     7.1243     7.1248    34.9191    34.9181    27.3377    27.3368    1500.98    123.953    125.127         33 0.0000e+00
     196386   8182.701    483.211    487.000     8.3066     8.3118   3.671038   3.671466     1.6254     1.3267      99.98   27.48990  -86.79912   -0.00054   -0.00041     2.6761     2.6992     8.2553     8.2605    34.9926    34.9919    27.2291    27.2278    1500.71    116.347    117.352         36 0.0000e+00
     199637   8318.185    476.274    480.000     9.7032     8.5105   3.691682   3.692154     1.6201     1.3235      84.41   27.49514  -86.81578   -0.00003   -0.00010     3.0178     2.6726     9.6446     8.4592    39.9694    35.0206    31.0679    27.2198    1501.00    131.202    116.195         35 0.0000e+00
     199696   8320.629    469.335    473.000     8.5532     8.5556   3.696555   3.696781     1.6206     1.3234     100.00   27.49524  -86.81604    0.00002   -0.00004     2.6398     2.6668     8.5025     8.5049    35.0263    35.0259    27.2176    27.2169    1501.00    114.770    115.942         30 0.0000e+00
     199726   8321.870    468.345    472.000     8.5638     8.5696   3.697602   3.698049     1.6209     1.3236     100.00   27.49516  -86.81578    0.00014   -0.00002     2.6396     2.6660     8.5132     8.5189    35.0274    35.0264    27.2168    27.2151    1501.00    114.760    115.908         30 0.0000e+00
     200241   8343.322    449.512    453.000     8.8589     8.8677   3.727606   3.728476     1.6204     1.3227     100.00   27.49560  -86.81718   -0.00021    0.00015     2.6114     2.6368     8.8094     8.8181    35.0610    35.0615    27.1965    27.1955    1501.02    113.539    114.639         30 0.0000e+00
     200268   8344.461    448.521    452.000     8.8713     8.8741   3.728728   3.729115     1.6212     1.3232     100.00   27.49516  -86.81578   -0.00001   -0.00003     2.6126     2.6375     8.8218     8.8246    35.0610    35.0623    27.1945    27.1951    1501.00    113.589    114.673         30 0.0000e+00
     200377   8349.012    444.556    448.000     8.9490     8.9566   3.736949   3.737617     1.6215     1.3237     100.00   27.49582  -86.81786    0.00020    0.00018     2.6069     2.6321     8.8997     8.9073    35.0726    35.0722    27.1912    27.1897    1501.04    113.343    114.439         30 0.0000e+00
     200915   8371.417    424.730    428.000     9.2268     9.2459   3.765320   3.767183     1.6252     1.3271     100.00   27.49509  -86.81559    0.00044    0.00033     2.5922     2.6171     9.1789     9.1980    35.1049    35.1056    27.1714    27.1688    1501.00    112.705    113.787         30 0.0000e+00
     201023   8375.916    420.765    424.000     9.3273     9.3303   3.775644   3.775874     1.6270     1.3284      63.86   27.49510  -86.81558    0.00052    0.00041     2.5894     2.6142     9.2795     9.2825    35.1156    35.1150    27.1633    27.1623    1501.00    112.582    113.662         30 0.0000e+00
     201731   8405.413    394.988    398.000     9.8777     9.8851   3.833376   3.834033     1.6457     1.3456     100.00   27.49578  -86.81770    0.00034    0.00016     2.5969     2.6224     9.8313     9.8387    35.1856    35.1851    27.1258    27.1242    1501.03    112.914    114.024         30 0.0000e+00
     201757   8406.489    393.996    397.000     9.8901     9.8930   3.834656   3.834864     1.6458     1.3464     100.00   27.49518  -86.81580    0.00018    0.00020     2.5960     2.6240     9.8438     9.8467    35.1870    35.1863    27.1248    27.1237    1501.00    112.875    114.093         30 0.0000e+00
     201895   8412.244    389.039    392.000    10.0494    10.0536   3.851916   3.852219     1.6502     1.3492     100.00   27.49618  -86.81896    0.00092    0.00051     2.5960     2.6201    10.0032    10.0074    35.2111    35.2101    27.1164    27.1149    1501.05    112.878    113.926         30 0.0000e+00
     201919   8413.245    388.047    391.000    10.0495    10.0483   3.851694   3.851412     1.6503     1.3497     100.00   27.49518  -86.81582    0.00089    0.00056     2.5961     2.6218    10.0035    10.0022    35.2089    35.2072    27.1146    27.1135    1501.00    112.881    113.998         32 0.0000e+00
     202268   8427.796    375.158    378.000    10.2643    10.2756   3.874512   3.875659     1.6578     1.3573     100.00   27.49501  -86.81522    0.00076    0.00102     2.5985     2.6257    10.2191    10.2305    35.2388    35.2394    27.1006    27.0991    1500.99    112.987    114.169         30 0.0000e+00
     202317   8429.852    374.166    377.000    10.2573    10.2757   3.873782   3.875619     1.6581     1.3576     100.00   27.49520  -86.81582    0.00056    0.00076     2.5994     2.6262    10.2123    10.2307    35.2386    35.2394    27.1017    27.0991    1501.00    113.027    114.193         38 0.0000e+00
     209966   8748.529    277.960    280.000    12.4843    12.4823   4.117993   4.117903     1.6923     1.3868      99.97   27.48815  -86.79365   -0.00006   -0.00013     2.5189     2.5437    12.4464    12.4445    35.5666    35.5676    26.9420    26.9432    1500.62    109.540    110.622         36 0.0000e+00
     210609   8775.335    255.142    257.000    13.2749    13.2882   4.208463   4.209687     1.7236     1.4155     100.00   27.49579  -86.81779    0.00137    0.00114     2.5435     2.5689    13.2388    13.2520    35.7005    35.6997    26.8873    26.8839    1501.03    110.620    111.723         30 0.0000e+00
     215911   8996.236    155.903    157.000    17.4373    17.4701   4.694753   4.698206     1.9861     1.6533     100.02   27.50166  -86.83630    0.00635    0.00570     2.8835     2.9110    17.4107    17.4435    36.3404    36.3409    26.4449    26.4373    1501.35    125.458    126.657         32 0.0000e+00
     219437   9143.168    106.265    107.000    20.0486    20.0672   4.988473   4.989835     2.1617     1.8108     100.02   27.50071  -86.83335    0.00782    0.00782     3.0918     3.1212    20.0286    20.0472    36.5376    36.5335    25.9282    25.9201    1501.30    134.590    135.871         33 0.0000e+00
     220367   9181.932    102.293    103.000    20.2903    20.1402   5.017640   5.003337     2.2030     1.8381      97.56   27.55003  -86.98912    0.00034    0.00345     3.1633     3.1790    20.2442    20.1209    36.6030    36.5997    25.9258    25.9571    1503.99    137.710    138.387         41 0.0000e+00
     222574   9273.856     99.315    100.000    21.1201    21.1408   5.109090   5.110005     2.3488     1.9786      82.88   27.52677  -86.91561   -0.00013    0.00029     3.4162     3.4435    21.0992    21.1215    36.6067    36.6030    25.6937    25.6864    1502.72    148.751    149.937         42 0.0000e+00
     222370   9265.379     98.322     99.000    21.1082    21.1143   5.104580   5.105419     2.3449     1.9751      95.98   27.49530  -86.81624   -0.00056   -0.00010     3.4098     3.4370    21.0891    21.0952    36.5704    36.5713    25.6656    25.6646    1501.00    148.471    149.658         55 0.0000e+00
     222418   9267.370     97.329     98.000    21.1764    21.1781   5.111625   5.111972     2.3462     1.9758      99.90   27.49530  -86.81624   -0.00020   -0.00010     3.4080     3.4344    21.1574    21.1591    36.5698    36.5711    25.6463    25.6468    1501.00    148.395    149.547         43 0.0000e+00
     222462   9269.228     96.336     97.000    21.2381    21.2369   5.118207   5.118328     2.3528     1.9806      80.67   27.49530  -86.81624    0.00195    0.00138     3.4169     3.4413    21.2193    21.2181    36.5703    36.5723    25.6296    25.6314    1501.00    148.787    149.848         42 0.0000e+00
     222501   9270.839     95.343     96.000    21.4843    21.4930   5.145178   5.145505     2.3631     1.9928      86.65   27.49530  -86.81624    0.00414    0.00334     3.4257     3.4553    21.4655    21.4742    36.5770    36.5709    25.5664    25.5593    1501.00    149.176    150.468         36 0.0000e+00
     222536   9272.289     94.350     95.000    21.7000    21.7319   5.166894   5.169126     2.3883     2.0223      99.97   27.49530  -86.81624    0.00864    0.00988     3.4596     3.5054    21.6812    21.7132    36.5673    36.5579    25.4988    25.4828    1501.00    150.664    152.660         35 0.0000e+00
     222575   9273.913     93.357     94.000    21.9239    21.8777   5.189951   5.184361     2.4337     2.0601     100.00   27.49530  -86.81624    0.01938    0.02034     3.5381     3.5818    21.9052    21.8590    36.5611    36.5559    25.4313    25.4403    1501.00    154.092    155.992         44 0.0000e+00
     222617   9275.657     92.364     93.000    22.0534    22.0864   5.205458   5.212275     2.4738     2.0911     100.00   27.49530  -86.81626    0.02628    0.02135     3.6101     3.6370    22.0684    22.0691    36.5465    36.5519    25.3741    25.3619    1501.00    157.236    158.412         37 0.0000e+00
     222650   9277.026     91.371     92.000    22.3295    22.3571   5.228409   5.230113     2.4992     2.1195     100.00   27.49530  -86.81626    0.02234    0.01840     3.6450     3.6851    22.3114    22.3386    36.5232    36.5133    25.2874    25.2719    1501.00    158.769    160.518         31 0.0000e+00
