Gulf of Mexico/GOMECC-4/1db/rb2103_0001.cnv
* Sea-Bird SBE 9 Data File:
* FileName = C:\Users\scs.user.rb\CTD\GOMECC4\data\rb2103_000.hex
* Software Version Seasave V 7.26.7.107
* Temperature SN = 4799
* Conductivity SN = 3860
* Number of Bytes Per Scan = 41
* Number of Voltage Words = 4
* Number of Scans Averaged by the Deck Unit = 1
* NMEA Latitude = 24 13.42 N
* NMEA Longitude = 081 36.66 W
* NMEA UTC (Time) = Sep 13 2021  22:57:13
* NMEA baud rate = 4800
# nquan = 28
# nvalues = 426                         
# units = specified
# name 0 = scan: Scan Count
# name 1 = timeS: Time, Elapsed [seconds]
# name 2 = depSM: Depth [salt water, m]
# name 3 = prDM: Pressure, Digiquartz [db]
# name 4 = t090C: Temperature [ITS-90, deg C]
# name 5 = t190C: Temperature, 2 [ITS-90, deg C]
# name 6 = c0S/m: Conductivity [S/m]
# name 7 = c1S/m: Conductivity, 2 [S/m]
# name 8 = sbeox0V: Oxygen raw, SBE 43 [V]
# name 9 = sbeox1V: Oxygen raw, SBE 43, 2 [V]
# name 10 = altM: Altimeter [m]
# name 11 = latitude: Latitude [deg]
# name 12 = longitude: Longitude [deg]
# name 13 = sbox0dV/dT: Oxygen, SBE 43 [dov/dt]
# name 14 = sbox1dV/dT: Oxygen, SBE 43, 2 [dov/dt]
# name 15 = sbeox0ML/L: Oxygen, SBE 43 [ml/l], WS = 5
# name 16 = sbeox1ML/L: Oxygen, SBE 43, 2 [ml/l], WS = 5
# name 17 = potemp090C: Potential Temperature [ITS-90, deg C]
# name 18 = potemp190C: Potential Temperature, 2 [ITS-90, deg C]
# name 19 = sal00: Salinity, Practical [PSU]
# name 20 = sal11: Salinity, Practical, 2 [PSU]
# name 21 = sigma-é00: Density [sigma-theta, kg/m^3]
# name 22 = sigma-é11: Density, 2 [sigma-theta, kg/m^3]
# name 23 = avgsvCM: Average Sound Velocity [Chen-Millero, m/s], minP = 20, minS = 20
# name 24 = sbox0Mm/Kg: Oxygen, SBE 43 [umol/kg], WS = 5
# name 25 = sbox1Mm/Kg: Oxygen, SBE 43, 2 [umol/kg], WS = 5
# name 26 = nbin: number of scans per bin
# name 27 = flag: flag
# span 0 =      17929,      67524       
# span 1 =    747.011,   2813.478       
# span 2 =    800.296,   1235.345       
# span 3 =    807.000,   1247.000       
# span 4 =     9.0619,    29.3582       
# span 5 =     9.0618,    29.3884       
# span 6 =   3.751637,   5.828271       
# span 7 =   3.751661,   5.828546       
# span 8 =     1.6240,     3.5764       
# span 9 =     1.3314,     3.1511       
# span 10 =      27.43,     101.00      
# span 11 =   24.22084,   24.22782      
# span 12 =  -81.61700,  -81.59383      
# span 13 =   -0.17464,    0.09778      
# span 14 =   -0.05374,    0.09164      
# span 15 =     2.8741,     5.8232      
# span 16 =     2.9212,     5.9800      
# span 17 =     8.9183,    29.1572      
# span 18 =     8.9182,    29.1878      
# span 19 =    25.9912,    36.3277      
# span 20 =    29.8500,    36.3289      
# span 21 =    15.3923,    26.9422      
# span 22 =    18.2727,    26.9422      
# span 23 =    1119.31,    1555.83      
# span 24 =    124.994,    255.197      
# span 25 =    127.047,    261.770      
# span 26 =         30,         74      
# span 27 = 0.0000e+00, 0.0000e+00      
# interval = decibars: 1                
# start_time = Sep 13 2021 22:57:13 [NMEA time, header]
# bad_flag = -9.990e-29
*END*
[from data line 52]
      28758   1198.225    852.747    860.000    23.8880    23.9098   5.384449   5.386860     2.9620     2.5370     100.00   24.22552  -81.60931    0.00892    0.00716     4.9056     4.9509    23.7050    23.7267    36.1876    36.1882    24.6283    24.6223    1542.32    213.818    215.795         68 0.0000e+00
      28819   1200.756    853.737    861.000    23.7777    23.7773   5.371479   5.371634     2.9589     2.5375      99.12   24.22552  -81.60931   -0.00017    0.00122     4.9095     4.9638    23.5951    23.5946    36.1782    36.1793    24.6536    24.6546    1542.33    213.982    216.350         61 0.0000e+00
      28885   1203.510    854.727    862.000    23.7383    23.7408   5.367437   5.367886     2.9505     2.5248      91.74   24.22552  -81.60930   -0.00241   -0.00339     4.8957     4.9376    23.5557    23.5581    36.1791    36.1805    24.6659    24.6662    1542.33    213.380    215.203         62 0.0000e+00
      28948   1206.114    855.716    863.000    23.6956    23.6964   5.362958   5.363042     2.9428     2.5194     100.03   24.22552  -81.60930   -0.00333   -0.00277     4.8832     4.9290    23.5130    23.5138    36.1794    36.1793    24.6787    24.6784    1542.34    212.832    214.829         60 0.0000e+00
      29000   1208.295    856.706    864.000    23.4321    23.4527   5.334978   5.337388     2.9237     2.5048     100.00   24.22552  -81.60930   -0.00442   -0.00396     4.8608     4.9125    23.2507    23.2712    36.1797    36.1794    24.7557    24.7495    1542.34    211.841    214.095         44 0.0000e+00
      29043   1210.102    857.695    865.000    23.3149    23.3171   5.322050   5.322472     2.8967     2.4740     100.00   24.22552  -81.60930   -0.01228   -0.01215     4.8181     4.8529    23.1338    23.1361    36.1760    36.1774    24.7870    24.7874    1542.34    209.973    211.487         43 0.0000e+00
      29085   1211.848    858.685    866.000    23.2172    23.2226   5.311379   5.311932     2.8853     2.4671     100.00   24.22552  -81.60930   -0.01241   -0.01159     4.8034     4.8450    23.0365    23.0419    36.1735    36.1734    24.8133    24.8117    1542.35    209.327    211.138         41 0.0000e+00
      29125   1213.508    859.674    867.000    23.0567    23.0625   5.294589   5.295230     2.8750     2.4584     100.00   24.22552  -81.60930   -0.00673   -0.00450     4.7946     4.8379    22.8766    22.8825    36.1753    36.1754    24.8610    24.8594    1542.35    208.932    210.822         39 0.0000e+00
      29165   1215.159    860.664    868.000    22.9149    22.9228   5.281057   5.281729     2.8607     2.4429     100.00   24.22552  -81.60930   -0.00680   -0.00644     4.7761     4.8122    22.7354    22.7432    36.1867    36.1855    24.9104    24.9072    1542.36    208.118    209.692         40 0.0000e+00
      29204   1216.811    861.653    869.000    22.7823    22.7879   5.270554   5.271209     2.8080     2.3805     100.00   24.22552  -81.60930   -0.01357   -0.01707     4.6700     4.6701    22.6033    22.6089    36.2140    36.2145    24.9691    24.9678    1542.36    203.480    203.486         39 0.0000e+00
      29243   1218.398    862.642    870.000    22.6791    22.6890   5.260118   5.261036     2.7519     2.3340      96.68   24.22552  -81.60930   -0.03060   -0.03198     4.5542     4.5640    22.5005    22.5103    36.2177    36.2167    25.0013    24.9978    1542.36    198.430    198.857         38 0.0000e+00
      29280   1219.946    863.632    871.000    22.4764    22.4842   5.239315   5.240067     2.7201     2.3147      82.93   24.22552  -81.60930   -0.03438   -0.02978     4.5008     4.5336    22.2986    22.3064    36.2229    36.2222    25.0628    25.0601    1542.36    196.092    197.519         37 0.0000e+00
      29317   1221.501    864.622    872.000    22.3679    22.3736   5.227122   5.227817     2.7057     2.3058      99.78   24.22552  -81.60931   -0.01736   -0.01090     4.4786     4.5210    22.1905    22.1962    36.2171    36.2178    25.0892    25.0881    1542.37    195.118    196.968         38 0.0000e+00
      29356   1223.145    865.611    873.000    22.2269    22.2361   5.212133   5.213012     2.6947     2.2925     100.00   24.22552  -81.60931   -0.00907   -0.00664     4.4663     4.4998    22.0501    22.0593    36.2163    36.2156    25.1282    25.1251    1542.37    194.575    196.037         40 0.0000e+00
      29395   1224.747    866.601    874.000    22.0563    22.0642   5.193366   5.194101     2.6759     2.2778      78.61   24.22552  -81.60930   -0.00850   -0.00809     4.4393     4.4780    21.8802    21.8880    36.2104    36.2096    25.1716    25.1688    1542.37    193.390    195.077         38 0.0000e+00
      29434   1226.378    867.590    875.000    21.9066    21.9139   5.178973   5.179696     2.6528     2.2525      83.39   24.22552  -81.60930   -0.01149   -0.01074     4.3998     4.4271    21.7312    21.7384    36.2213    36.2210    25.2217    25.2194    1542.37    191.660    192.851         39 0.0000e+00
      29473   1227.997    868.580    876.000    21.7602    21.7673   5.165485   5.166133     2.6109     2.2114     100.18   24.22552  -81.60930   -0.01772   -0.01816     4.3167     4.3360    21.5853    21.5924    36.2367    36.2358    25.2741    25.2714    1542.37    188.033    188.872         38 0.0000e+00
      29509   1229.502    869.569    877.000    21.6116    21.6216   5.151206   5.151979     2.5654     2.1688     100.00   24.22552  -81.60931   -0.02660   -0.02553     4.2221     4.2375    21.4386    21.4472    36.2464    36.2453    25.3222    25.3190    1542.37    183.903    184.572         36 0.0000e+00
      29548   1231.121    870.558    878.000    21.4993    21.5023   5.139892   5.140291     2.5203     2.1296     100.00   24.22552  -81.60931   -0.02924   -0.02690     4.1316     4.1511    21.3255    21.3284    36.2514    36.2521    25.3574    25.3571    1542.37    179.952    180.804         42 0.0000e+00
      29590   1232.858    871.548    879.000    21.4604    21.4622   5.137325   5.137577     2.4860     2.1025     100.00   24.22552  -81.60930   -0.02633   -0.02192     4.0563     4.0859    21.2865    21.2883    36.2633    36.2638    25.3773    25.3771    1542.37    176.672    177.959         40 0.0000e+00
      29628   1234.441    872.537    880.000    21.4105    21.4140   5.135625   5.136009     2.4609     2.0788     100.00   24.22552  -81.60930   -0.01870   -0.01558     4.0022     4.0293    21.2366    21.2402    36.2914    36.2915    25.4124    25.4114    1542.37    174.308    175.490         36 0.0000e+00
      29664   1235.941    873.527    881.000    21.2516    21.2692   5.118103   5.119771     2.4279     2.0481     100.00   24.22552  -81.60930   -0.01774   -0.01629     3.9392     3.9629    21.0784    21.0960    36.2850    36.2834    25.4510    25.4450    1542.36    171.560    172.591         37 0.0000e+00
      29704   1237.611    874.516    882.000    20.8884    20.8937   5.074634   5.075452     2.3958     2.0232     100.00   24.22552  -81.60930   -0.02077   -0.01857     3.8916     3.9260    20.7138    20.7224    36.2454    36.2448    25.5204    25.5176    1542.36    169.474    170.971         42 0.0000e+00
      29743   1239.260    875.505    883.000    20.7917    20.7938   5.063450   5.063788     2.3770     2.0081     100.00   24.22552  -81.60930   -0.01697   -0.01332     3.8588     3.8979    20.6209    20.6229    36.2341    36.2351    25.5370    25.5372    1542.36    168.044    169.744         36 0.0000e+00
      29779   1240.733    876.495    884.000    20.7467    20.7498   5.058239   5.058652     2.3660     1.9996     100.00   24.22552  -81.60930   -0.01107   -0.00860     3.8372     3.8797    20.5758    20.5789    36.2299    36.2306    25.5460    25.5457    1542.36    167.100    168.952         37 0.0000e+00
      29819   1242.405    877.484    885.000    20.6262    20.6290   5.046255   5.046580     2.3549     1.9899      94.18   24.22552  -81.60930   -0.00752   -0.00613     3.8180     3.8609    20.4558    20.4586    36.2245    36.2246    25.5743    25.5735    1542.35    166.261    168.126         43 0.0000e+00
      29859   1244.103    878.474    886.000    20.6163    20.6150   5.045557   5.045562     2.3415     1.9771      83.62   24.22552  -81.60930   -0.00705   -0.00631     3.7907     3.8326    20.4457    20.4444    36.2375    36.2387    25.5869    25.5881    1542.35    165.069    166.895         37 0.0000e+00
      29895   1245.589    879.463    887.000    20.6588    20.6535   5.053692   5.053136     2.3319     1.9689     100.06   24.22552  -81.60930   -0.00751   -0.00697     3.7650     3.8088    20.4877    20.4853    36.2668    36.2670    25.5979    25.5995    1542.35    163.949    165.857         35 0.0000e+00
      29931   1247.085    880.452    888.000    20.6978    20.6998   5.065187   5.065449     2.3206     1.9565     100.00   24.22552  -81.60930   -0.00681   -0.00640     3.7346     3.7725    20.5264    20.5283    36.3261    36.3266    25.6327    25.6325    1542.34    162.620    164.269         38 0.0000e+00
      29972   1248.793    881.442    889.000    20.6276    20.6307   5.058031   5.058509     2.2955     1.9322      71.58   24.22552  -81.60930   -0.00976   -0.01028     3.6815     3.7155    20.4563    20.4594    36.3277    36.3289    25.6528    25.6529    1542.34    160.306    161.782         43 0.0000e+00
      30013   1250.489    882.431    890.000    20.5492    20.5581   5.048360   5.049753     2.2746     1.9168      85.55   24.22552  -81.60930   -0.01401   -0.01239     3.6381     3.6815    20.3753    20.3870    36.3181    36.3194    25.6673    25.6652    1542.34    158.411    160.299         36 0.0000e+00
      30047   1251.900    883.421    891.000    20.4649    20.4671   5.038701   5.039027     2.2620     1.9036      99.84   24.22552  -81.60930   -0.01177   -0.00969     3.6163     3.6545    20.2941    20.2964    36.3089    36.3096    25.6821    25.6820    1542.33    157.459    159.122         35 0.0000e+00
      30084   1253.473    884.410    892.000    20.4007    20.4043   5.031396   5.032023     2.2483     1.8905     100.00   24.22552  -81.60930   -0.00933   -0.00897     3.5898     3.6255    20.2301    20.2337    36.3057    36.3060    25.6968    25.6960    1542.33    156.303    157.858         40 0.0000e+00
      30124   1255.107    885.400    893.000    20.1587    20.1749   5.005444   5.006849     2.2296     1.8737     100.00   24.22552  -81.60930   -0.00931   -0.00868     3.5632     3.5983    19.9893    20.0054    36.2989    36.2966    25.7558    25.7497    1542.33    155.138    156.666         38 0.0000e+00
      30160   1256.629    886.389    894.000    19.9891    19.9938   4.986117   4.986666     2.2044     1.8476     100.00   24.22552  -81.60930   -0.01267   -0.01213     3.5163     3.5433    19.8205    19.8252    36.2858    36.2863    25.7904    25.7896    1542.32    153.091    154.264         36 0.0000e+00
      30198   1258.225    887.378    895.000    19.8007    19.8121   4.963900   4.964792     2.1808     1.8241     100.00   24.22552  -81.60930   -0.01550   -0.01562     3.4768     3.4976    19.6376    19.6463    36.2609    36.2597    25.8196    25.8160    1542.31    151.364    152.272         40 0.0000e+00
      30238   1259.875    888.368    896.000    19.6578    19.6637   4.945960   4.946618     2.1509     1.7959     100.00   24.22552  -81.60930   -0.01598   -0.01580     3.4141     3.4321    19.4907    19.4966    36.2397    36.2400    25.8419    25.8406    1542.31    148.631    149.415         38 0.0000e+00
      30274   1261.361    889.357    897.000    19.6030    19.6040   4.940560   4.940751     2.1253     1.7746      90.28   24.22552  -81.60930   -0.01761   -0.01621     3.3571     3.3804    19.4361    19.4370    36.2419    36.2426    25.8578    25.8581    1542.30    146.149    147.165         35 0.0000e+00
      30309   1262.834    890.346    898.000    19.5608    19.5655   4.937781   4.938375     2.1104     1.7652      99.86   24.22552  -81.60930   -0.01583   -0.01268     3.3243     3.3584    19.3940    19.3986    36.2549    36.2558    25.8788    25.8782    1542.30    144.718    146.201         36 0.0000e+00
      30348   1264.470    891.336    899.000    19.4725    19.4786   4.927072   4.927795     2.1020     1.7592     100.00   24.22552  -81.60930   -0.00913   -0.00609     3.3108     3.3488    19.3059    19.3120    36.2422    36.2429    25.8920    25.8909    1542.29    144.127    145.781         42 0.0000e+00
      30389   1266.149    892.325    900.000    19.3303    19.3359   4.909530   4.910946     2.0842     1.7389      99.65   24.22552  -81.60930   -0.00716   -0.00612     3.2849     3.3143    19.1644    19.1732    36.2193    36.2195    25.9111    25.9078    1542.28    142.999    144.277         37 0.0000e+00
      30423   1267.583    893.314    901.000    19.1924    19.1977   4.892375   4.892901     2.0535     1.7079      99.99   24.22552  -81.60930   -0.01300   -0.01452     3.2126     3.2310    19.0235    19.0344    36.1986    36.1984    25.9316    25.9301    1542.28    139.848    140.647         34 0.0000e+00
      30459   1269.089    894.304    902.000    19.1096    19.1141   4.883642   4.884137     2.0197     1.6764     100.00   24.22552  -81.60930   -0.01972   -0.01970     3.1388     3.1551    18.9446    18.9491    36.1941    36.1943    25.9484    25.9475    1542.27    136.632    137.342         38 0.0000e+00
      30499   1270.735    895.293    903.000    19.0511    19.0516   4.877899   4.878113     1.9972     1.6576     100.00   24.22552  -81.60930   -0.02019   -0.01818     3.0884     3.1106    18.8871    18.8899    36.1958    36.1966    25.9644    25.9648    1542.26    134.436    135.406         39 0.0000e+00
      30536   1272.287    896.282    904.000    18.9811    18.9839   4.870728   4.871100     1.9854     1.6533      49.68   24.22552  -81.60930   -0.01312   -0.00969     3.0647     3.1025    18.8164    18.8193    36.1970    36.1976    25.9834    25.9832    1542.25    133.401    135.049         36 0.0000e+00
      30573   1273.820    897.272    905.000    18.9545    18.9554   4.868302   4.868563     1.9843     1.6553     100.23   24.22552  -81.60930   -0.00567   -0.00239     3.0640     3.1099    18.7898    18.7907    36.1994    36.2008    25.9921    25.9929    1542.24    133.370    135.368         38 0.0000e+00
      30610   1275.394    898.261    906.000    18.9345    18.9369   4.866400   4.866775     1.9881     1.6602     100.00   24.22552  -81.60930   -0.00033    0.00126     3.0748     3.1245    18.7697    18.7722    36.2005    36.2015    25.9981    25.9982    1542.23    133.840    136.003         37 0.0000e+00
      30647   1276.917    899.250    907.000    18.8831    18.8864   4.860743   4.861232     1.9906     1.6634     100.00   24.22553  -81.60930    0.00190    0.00264     3.0846     3.1364    18.7185    18.7218    36.1974    36.1986    26.0088    26.0089    1542.23    134.268    136.519         37 0.0000e+00
      30685   1278.505    900.240    908.000    18.8430    18.8442   4.856091   4.856369     1.9895     1.6613     100.00   24.22553  -81.60930    0.00121    0.00148     3.0851     3.1338    18.6784    18.6796    36.1930    36.1942    26.0156    26.0162    1542.22    134.285    136.405         39 0.0000e+00
      30724   1280.110    901.229    909.000    18.8310    18.8318   4.855061   4.855314     1.9862     1.6574     100.00   24.22553  -81.60930   -0.00093   -0.00149     3.0781     3.1243    18.6663    18.6671    36.1944    36.1958    26.0198    26.0206    1542.21    133.982    135.994         37 0.0000e+00
      30759   1281.601    902.218    910.000    18.7868    18.7898   4.850704   4.851095     1.9863     1.6592     100.00   24.22553  -81.60930   -0.00150   -0.00143     3.0813     3.1322    18.6222    18.6252    36.1959    36.1966    26.0321    26.0319    1542.20    134.121    136.334         36 0.0000e+00
