Gulf of Mexico/GOMECC-4/1db/rb2103_1131.cnv
* Sea-Bird SBE 9 Data File:
* FileName = C:\Users\scs.user.rb\CTD\GOMECC4\data\rb2103_1131.hex
* Software Version Seasave V 7.26.7.107
* Temperature SN = 4799
* Conductivity SN = 3860
* Number of Bytes Per Scan = 41
* Number of Voltage Words = 4
* Number of Scans Averaged by the Deck Unit = 1
* NMEA Latitude = 22 12.33 N
* NMEA Longitude = 086 49.99 W
* NMEA UTC (Time) = Oct 15 2021  12:44:10
* NMEA baud rate = 4800
# nquan = 28
# nvalues = 154                         
# units = specified
# name 0 = scan: Scan Count
# name 1 = timeS: Time, Elapsed [seconds]
# name 2 = depSM: Depth [salt water, m]
# name 3 = prDM: Pressure, Digiquartz [db]
# name 4 = t090C: Temperature [ITS-90, deg C]
# name 5 = t190C: Temperature, 2 [ITS-90, deg C]
# name 6 = c0S/m: Conductivity [S/m]
# name 7 = c1S/m: Conductivity, 2 [S/m]
# name 8 = sbeox0V: Oxygen raw, SBE 43 [V]
# name 9 = sbeox1V: Oxygen raw, SBE 43, 2 [V]
# name 10 = altM: Altimeter [m]
# name 11 = latitude: Latitude [deg]
# name 12 = longitude: Longitude [deg]
# name 13 = sbox0dV/dT: Oxygen, SBE 43 [dov/dt]
# name 14 = sbox1dV/dT: Oxygen, SBE 43, 2 [dov/dt]
# name 15 = sbeox0ML/L: Oxygen, SBE 43 [ml/l], WS = 5
# name 16 = sbeox1ML/L: Oxygen, SBE 43, 2 [ml/l], WS = 5
# name 17 = potemp090C: Potential Temperature [ITS-90, deg C]
# name 18 = potemp190C: Potential Temperature, 2 [ITS-90, deg C]
# name 19 = sal00: Salinity, Practical [PSU]
# name 20 = sal11: Salinity, Practical, 2 [PSU]
# name 21 = sigma-é00: Density [sigma-theta, kg/m^3]
# name 22 = sigma-é11: Density, 2 [sigma-theta, kg/m^3]
# name 23 = avgsvCM: Average Sound Velocity [Chen-Millero, m/s], minP = 20, minS = 20
# name 24 = sbox0Mm/Kg: Oxygen, SBE 43 [umol/kg], WS = 5
# name 25 = sbox1Mm/Kg: Oxygen, SBE 43, 2 [umol/kg], WS = 5
# name 26 = nbin: number of scans per bin
# name 27 = flag: flag
# span 0 =       5938,      29949       
# span 1 =    247.394,   1247.852       
# span 2 =      0.994,     91.405       
# span 3 =      1.000,     92.000       
# span 4 =    18.5292,    28.6732       
# span 5 =    18.5304,    28.6765       
# span 6 =   4.816119,   5.871452       
# span 7 =   4.816340,   5.871923       
# span 8 =     2.0525,     3.1140       
# span 9 =     1.7061,     2.6369       
# span 10 =       5.52,      95.33      
# span 11 =   21.95140,   22.25472      
# span 12 =  -87.02542,  -85.83927      
# span 13 =   -0.06262,    0.01103      
# span 14 =   -0.06095,    0.01250      
# span 15 =     2.9309,     4.3295      
# span 16 =     2.9428,     4.3162      
# span 17 =    18.5137,    28.6727      
# span 18 =    18.5150,    28.6760      
# span 19 =    36.1086,    36.5921      
# span 20 =    36.1533,    36.5930      
# span 21 =    23.0978,    26.2651      
# span 22 =    23.0973,    26.2684      
# span 23 =       0.00,    1534.51      
# span 24 =    127.558,    188.989      
# span 25 =    128.081,    188.409      
# span 26 =         30,         71      
# span 27 = 0.0000e+00, 0.0000e+00      
# interval = decibars: 1                
# start_time = Oct 15 2021 12:44:10 [NMEA time, header]
# bad_flag = -9.990e-29
*END*
[from data line 52]
       8501    354.184     55.643     56.000    20.8139    20.8136   5.065274   5.065423     2.1769     1.8145      41.20   22.20548  -86.83288   -0.00416   -0.00330     3.0594     3.0681    20.8030    20.8029    36.5213    36.5226    25.7064    25.7075    1531.83    133.210    133.588         43 0.0000e+00
       8552    356.283     56.636     57.000    20.7513    20.7507   5.058600   5.058701     2.1703     1.8097      40.17   22.20548  -86.83288   -0.00316   -0.00229     3.0496     3.0608    20.7404    20.7398    36.5204    36.5218    25.7228    25.7240    1531.74    132.781    133.268         59 0.0000e+00
       8608    358.610     57.630     58.000    20.7056    20.7052   5.053729   5.053856     2.1652     1.8036      39.17   22.20548  -86.83288   -0.00273   -0.00268     3.0421     3.0496    20.6945    20.6941    36.5198    36.5212    25.7348    25.7360    1531.64    132.450    132.778         47 0.0000e+00
       8651    360.418     58.623     59.000    20.6550    20.6539   5.048214   5.048245     2.1613     1.8007      38.30   22.20548  -86.83288   -0.00198   -0.00215     3.0372     3.0463    20.6438    20.6427    36.5181    36.5193    25.7473    25.7485    1531.54    132.237    132.632         44 0.0000e+00
       8700    362.447     59.617     60.000    20.4206    20.4155   5.022432   5.022126     2.1507     1.7911      37.19   22.20548  -86.83288   -0.00342   -0.00273     3.0297     3.0384    20.4093    20.4042    36.5104    36.5115    25.8048    25.8070    1531.45    131.903    132.280         54 0.0000e+00
       8752    364.625     60.610     61.000    20.1944    20.1933   4.997992   4.998049     2.1340     1.7761      36.23   22.20547  -86.83288   -0.00679   -0.00649     3.0077     3.0157    20.1830    20.1819    36.5046    36.5060    25.8612    25.8625    1531.34    130.937    131.284         49 0.0000e+00
       8800    366.644     61.604     62.000    20.0961    20.0964   4.987710   4.987916     2.1258     1.7707      35.28   22.20546  -86.83288   -0.00637   -0.00504     2.9964     3.0089    20.0845    20.0848    36.5050    36.5064    25.8877    25.8887    1531.23    130.442    130.987         49 0.0000e+00
       8852    368.772     62.597     63.000    20.0281    20.0280   4.980637   4.980799     2.1224     1.7700      34.28   22.20546  -86.83288   -0.00237   -0.00119     2.9934     3.0113    20.0164    20.0163    36.5054    36.5067    25.9062    25.9073    1531.12    130.309    131.090         52 0.0000e+00
       8900    370.784     63.590     64.000    19.9674    19.9677   4.974366   4.974568     2.1173     1.7652      33.37   22.20546  -86.83288   -0.00214   -0.00103     2.9865     3.0039    19.9555    19.9558    36.5060    36.5074    25.9229    25.9238    1531.01    130.006    130.765         44 0.0000e+00
       8945    372.687     64.584     65.000    19.9301    19.9300   4.970410   4.970530     2.1150     1.7606      32.37   22.20546  -86.83288   -0.00190   -0.00270     2.9842     2.9955    19.9181    19.9180    36.5054    36.5065    25.9323    25.9332    1530.90    129.905    130.399         51 0.0000e+00
       9001    375.014     65.577     66.000    19.8351    19.8334   4.959952   4.959902     2.1101     1.7559      31.35   22.20546  -86.83288   -0.00167   -0.00188     2.9802     2.9910    19.8229    19.8212    36.5012    36.5023    25.9543    25.9556    1530.79    129.730    130.199         55 0.0000e+00
       9048    376.974     66.571     67.000    19.6744    19.6747   4.942138   4.942316     2.1023     1.7471      30.42   22.20546  -86.83288   -0.00292   -0.00324     2.9731     2.9790    19.6620    19.6623    36.4934    36.4946    25.9908    25.9916    1530.69    129.413    129.672         42 0.0000e+00
       9095    378.896     67.564     68.000    19.6390    19.6402   4.938281   4.938526     2.0964     1.7439      29.47   22.20546  -86.83288   -0.00374   -0.00336     2.9635     2.9740    19.6265    19.6277    36.4916    36.4929    25.9988    25.9995    1530.58    128.996    129.452         53 0.0000e+00
       9149    381.153     68.558     69.000    19.6056    19.6063   4.934606   4.934820     2.0935     1.7406      28.46   22.20546  -86.83288   -0.00191   -0.00137     2.9588     2.9681    19.5930    19.5936    36.4901    36.4913    26.0064    26.0072    1530.47    128.791    129.196         50 0.0000e+00
       9195    383.104     69.551     70.000    19.5916    19.5936   4.933009   4.933331     2.0899     1.7386      27.54   22.20546  -86.83288   -0.00150   -0.00124     2.9524     2.9645    19.5788    19.5807    36.4887    36.4896    26.0091    26.0093    1530.36    128.510    129.041         47 0.0000e+00
       9246    385.209     70.544     71.000    19.5274    19.5265   4.925759   4.925740     2.0864     1.7350      26.48   22.20546  -86.83288   -0.00176   -0.00133     2.9489     2.9601    19.5144    19.5135    36.4841    36.4847    26.0224    26.0232    1530.26    128.360    128.846         54 0.0000e+00
       9299    387.408     71.538     72.000    19.4149    19.4151   4.912923   4.912900     2.0822     1.7325      25.56   22.20546  -86.83288   -0.00175   -0.00169     2.9473     2.9608    19.4018    19.4020    36.4772    36.4776    26.0466    26.0470    1530.16    128.287    128.873         48 0.0000e+00
       9344    389.273     72.531     73.000    19.2797    19.2806   4.898462   4.898678     2.0785     1.7294      24.64   22.20546  -86.83288   -0.00201   -0.00115     2.9473     2.9614    19.2664    19.2673    36.4725    36.4735    26.0782    26.0788    1530.05    128.283    128.893         45 0.0000e+00
       9392    391.298     73.525     74.000    19.1924    19.1936   4.888812   4.889024     2.0763     1.7276      23.59   22.20546  -86.83288   -0.00151   -0.00123     2.9482     2.9623    19.1792    19.1803    36.4677    36.4684    26.0972    26.0974    1529.94    128.316    128.931         53 0.0000e+00
       9447    393.596     74.518     75.000    19.1147    19.1155   4.880302   4.880506     2.0731     1.7243      22.62   22.20546  -86.83288   -0.00127   -0.00137     2.9462     2.9594    19.1011    19.1020    36.4644    36.4653    26.1149    26.1154    1529.83    128.230    128.804         55 0.0000e+00
       9498    395.712     75.512     76.000    19.0699    19.0706   4.875432   4.875591     2.0711     1.7241      21.68   22.20546  -86.83288   -0.00124   -0.00066     2.9449     2.9619    19.0562    19.0569    36.4625    36.4632    26.1250    26.1254    1529.73    128.170    128.909         46 0.0000e+00
       9542    397.536     76.505     77.000    19.0025    19.0033   4.868092   4.868269     2.0699     1.7234      20.76   22.20546  -86.83288   -0.00077   -0.00014     2.9467     2.9643    18.9887    18.9895    36.4596    36.4604    26.1402    26.1406    1529.63    128.246    129.015         45 0.0000e+00
       9592    399.636     77.498     78.000    18.9423    18.9437   4.861450   4.861646     2.0682     1.7210      19.69   22.20546  -86.83288   -0.00070   -0.00080     2.9476     2.9628    18.9284    18.9298    36.4564    36.4567    26.1532    26.1532    1529.52    128.284    128.945         54 0.0000e+00
       9646    401.874     78.492     79.000    18.8583    18.8595   4.852181   4.852388     2.0651     1.7184      18.73   22.20546  -86.83288   -0.00113   -0.00117     2.9456     2.9612    18.8442    18.8454    36.4519    36.4526    26.1714    26.1716    1529.42    128.197    128.873         52 0.0000e+00
       9694    403.893     79.485     80.000    18.8339    18.8350   4.849591   4.849810     2.0632     1.7170      17.81   22.20546  -86.83288   -0.00133   -0.00092     2.9433     2.9595    18.8197    18.8207    36.4511    36.4520    26.1771    26.1775    1529.32    128.097    128.801         46 0.0000e+00
       9741    405.830     80.479     81.000    18.7832    18.7817   4.843955   4.843844     2.0616     1.7132      16.83   22.20546  -86.83288   -0.00069   -0.00130     2.9433     2.9539    18.7688    18.7673    36.4478    36.4482    26.1876    26.1883    1529.21    128.095    128.556         49 0.0000e+00
       9794    408.031     81.472     82.000    18.7229    18.7239   4.837337   4.837517     2.0584     1.7134      15.82   22.20546  -86.83288   -0.00139   -0.00088     2.9402     2.9581    18.7084    18.7093    36.4447    36.4454    26.2006    26.2009    1529.11    127.956    128.734         54 0.0000e+00
       9844    410.134     82.465     83.000    18.6778    18.6776   4.832378   4.832429     2.0581     1.7117      14.87   22.20546  -86.83288   -0.00061   -0.00023     2.9426     2.9569    18.6630    18.6628    36.4423    36.4429    26.2103    26.2108    1529.01    128.062    128.684         48 0.0000e+00
       9892    412.115     83.459     84.000    18.6344    18.6351   4.827604   4.827823     2.0583     1.7118      13.88   22.20546  -86.83287   -0.00010   -0.00058     2.9461     2.9600    18.6195    18.6203    36.4398    36.4408    26.2195    26.2200    1528.91    128.210    128.814         46 0.0000e+00
       9940    414.136     84.452     85.000    18.5785    18.5715   4.821476   4.820715     2.0583     1.7113      12.89   22.20546  -86.83287    0.00018    0.00003     2.9499     2.9630    18.5635    18.5564    36.4369    36.4366    26.2315    26.2331    1528.81    128.375    128.944         53 0.0000e+00
       9993    416.325     85.445     86.000    18.5329    18.5340   4.816442   4.816654     2.0570     1.7101      11.90   22.20546  -86.83288   -0.00040   -0.00038     2.9502     2.9626    18.5177    18.5189    36.4341    36.4349    26.2410    26.2413    1528.71    128.386    128.928         50 0.0000e+00
      10042    418.367     86.439     87.000    18.5292    18.5304   4.816119   4.816340     2.0562     1.7098      10.94   22.20546  -86.83288   -0.00054   -0.00059     2.9490     2.9623    18.5139    18.5150    36.4343    36.4351    26.2421    26.2424    1528.62    128.336    128.912         49 0.0000e+00
      10100    420.795     87.432     88.000    18.5292    18.5305   4.816193   4.816435     2.0557     1.7106       9.88   22.20546  -86.83288   -0.00027    0.00030     2.9481     2.9647    18.5137    18.5150    36.4345    36.4354    26.2423    26.2427    1528.52    128.296    129.019         32 0.0000e+00
      12830    534.550     91.405     92.000    18.5876    18.5949   4.826665   4.827212     2.0553     1.7074       5.52   22.23563  -86.95079    0.00022   -0.00053     2.9439     2.9545    18.5713    18.5786    36.4786    36.4847    26.2651    26.2684    1530.17    128.112    128.576         35 0.0000e+00
      12863    535.935     90.412     91.000    18.5674    18.5666   4.820260   4.820244     2.0525     1.7061       6.37   22.20548  -86.83288    0.00010   -0.00012     2.9399     2.9527    18.5513    18.5506    36.4343    36.4351    26.2326    26.2334    1528.09    127.941    128.499         63 0.0000e+00
      12927    538.597     89.419     90.000    18.5653    18.5607   4.819931   4.819662     2.0527     1.7076       7.36   22.20548  -86.83288    0.00002    0.00078     2.9400     2.9564    18.5494    18.5448    36.4335    36.4350    26.2325    26.2348    1528.09    127.946    128.659         55 0.0000e+00
      12975    540.593     88.425     89.000    18.5881    18.5677   4.822578   4.820363     2.0539     1.7076       8.27   22.20548  -86.83288    0.00038    0.00014     2.9411     2.9553    18.5724    18.5520    36.4359    36.4355    26.2284    26.2333    1528.09    127.991    128.610         50 0.0000e+00
      13034    543.027     87.432     88.000    18.5576    18.5498   4.819514   4.818609     2.0536     1.7062       9.32   22.20548  -86.83288    0.00015   -0.00031     2.9417     2.9528    18.5421    18.5343    36.4346    36.4349    26.2352    26.2374    1528.09    128.018    128.499         62 0.0000e+00
      13093    545.504     86.439     87.000    18.5553    18.5492   4.818914   4.818291     2.0538     1.7078      10.27   22.20548  -86.83288    0.00005    0.00021     2.9422     2.9564    18.5399    18.5339    36.4346    36.4349    26.2357    26.2375    1528.09    128.037    128.659         60 0.0000e+00
      13150    547.864     85.445     86.000    18.5535    18.5465   4.818618   4.817974     2.0544     1.7081      11.23   22.20548  -86.83288    0.00017    0.00030     2.9431     2.9569    18.5383    18.5314    36.4344    36.4351    26.2360    26.2382    1528.09    128.079    128.680         50 0.0000e+00
      13200    549.972     84.452     85.000    18.5590    18.5553   4.819278   4.818943     2.0536     1.7085      12.23   22.20548  -86.83288   -0.00019    0.00021     2.9407     2.9572    18.5439    18.5403    36.4355    36.4359    26.2354    26.2366    1528.09    127.973    128.691         59 0.0000e+00
      13268    552.778     83.459     84.000    18.5777    18.5682   4.821435   4.820642     2.0549     1.7089      13.28   22.20548  -86.83288    0.00038    0.00017     2.9421     2.9570    18.5628    18.5533    36.4369    36.4373    26.2317    26.2344    1528.09    128.034    128.684         59 0.0000e+00
      13316    554.806     82.465     83.000    18.6109    18.6216   4.824765   4.826659     2.0557     1.7099      14.15   22.20548  -86.83288    0.00034    0.00028     2.9416     2.9561    18.5963    18.6075    36.4385    36.4410    26.2244    26.2226    1528.09    128.014    128.645         45 0.0000e+00
      13376    557.277     81.472     82.000    18.6519    18.6598   4.829546   4.830419     2.0575     1.7105      15.20   22.20548  -86.83288    0.00071    0.00040     2.9425     2.9547    18.6374    18.6452    36.4415    36.4420    26.2162    26.2146    1528.09    128.055    128.586         67 0.0000e+00
      13435    559.739     80.478     81.000    18.6876    18.6863   4.833212   4.833563     2.0573     1.7110      16.13   22.20548  -86.83288    0.00008    0.00008     2.9397     2.9540    18.6733    18.6719    36.4414    36.4456    26.2070    26.2106    1528.09    127.934    128.556         49 0.0000e+00
      13484    561.803     79.485     80.000    18.7406    18.7565   4.838963   4.841168     2.0576     1.7107      17.09   22.20548  -86.83288    0.00004    0.00003     2.9366     2.9491    18.7260    18.7422    36.4440    36.4483    26.1956    26.1947    1528.09    127.799    128.343         58 0.0000e+00
      13553    564.647     78.492     79.000    18.7802    18.7858   4.843777   4.844524     2.0576     1.7117      18.16   22.20548  -86.83288    0.00007    0.00031     2.9339     2.9493    18.7662    18.7717    36.4498    36.4508    26.1897    26.1892    1528.09    127.685    128.353         66 0.0000e+00
      13603    566.729     77.498     78.000    18.9010    18.9287   4.858032   4.860184     2.0592     1.7138      18.99   22.20548  -86.83288    0.00022    0.00050     2.9309     2.9484    18.9019    18.9148    36.4536    36.4578    26.1579    26.1578    1528.09    127.558    128.317         38 0.0000e+00
      13657    569.004     76.505     77.000    18.9244    18.9532   4.860067   4.863099     2.0632     1.7161      20.05   22.20548  -86.83288    0.00145    0.00114     2.9366     2.9497    18.9111    18.9394    36.4605    36.4610    26.1609    26.1540    1528.09    127.806    128.374         68 0.0000e+00
      13721    571.674     75.512     76.000    18.9413    18.9849   4.861418   4.866209     2.0646     1.7166      21.03   22.20548  -86.83288    0.00086    0.00043     2.9385     2.9488    18.9277    18.9713    36.4577    36.4596    26.1544    26.1447    1528.09    127.888    128.336         54 0.0000e+00
      13773    573.839     74.518     75.000    18.9926    19.0601   4.865857   4.874079     2.0652     1.7178      21.98   22.20548  -86.83288    0.00036    0.00022     2.9365     2.9470    18.9783    19.0468    36.4511    36.4619    26.1363    26.1276    1528.09    127.804    128.260         53 0.0000e+00
