Gulf of Mexico/GOMECC-4/1db/rb2103_0071.ros
* Sea-Bird SBE 9 Data File:
* FileName = C:\Users\scs.user.rb\CTD\GOMECC4\data\rb2103_007.hex
* Software Version Seasave V 7.26.7.107
* Temperature SN = 4799
* Conductivity SN = 3860
* Number of Bytes Per Scan = 41
* Number of Voltage Words = 4
* Number of Scans Averaged by the Deck Unit = 1
* NMEA Latitude = 26 59.68 N
* NMEA Longitude = 080 00.17 W
* NMEA UTC (Time) = Sep 15 2021  04:57:46
* NMEA baud rate = 4800
# nquan = 17
# nvalues = 532                                   
# units = specified
# name 0 = scan: Scan Count
# name 1 = timeS: Time, Elapsed [seconds]
# name 2 = depSM: Depth [salt water, m]
# name 3 = prDM: Pressure, Digiquartz [db]
# name 4 = t090C: Temperature [ITS-90, deg C]
# name 5 = t190C: Temperature, 2 [ITS-90, deg C]
# name 6 = c0S/m: Conductivity [S/m]
# name 7 = c1S/m: Conductivity, 2 [S/m]
# name 8 = sbeox0V: Oxygen raw, SBE 43 [V]
# name 9 = sbeox1V: Oxygen raw, SBE 43, 2 [V]
# name 10 = altM: Altimeter [m]
# name 11 = latitude: Latitude [deg]
# name 12 = longitude: Longitude [deg]
# name 13 = sbox0dV/dT: Oxygen, SBE 43 [dov/dt]
# name 14 = sbox1dV/dT: Oxygen, SBE 43, 2 [dov/dt]
# name 15 = nbf: Bottles Fired
# name 16 = flag:  0.000e+00
# interval = seconds: 0.0416667
# start_time = Sep 15 2021 04:57:46 [NMEA time, header]
# bad_flag = -9.990e-29
*END*
[from data line 511]
      24578   1024.042      4.491      4.520    29.8118    29.8153   5.881706   5.882258     3.1270     2.6569      31.48   26.99482  -80.00250    0.00101    0.00063          4  0.000e+00
      24579   1024.083      4.491      4.520    29.8118    29.8147   5.881666   5.882177     3.1270     2.6569      31.48   26.99482  -80.00250    0.00099    0.00063          4  0.000e+00
      24580   1024.125      4.476      4.505    29.8122    29.8140   5.881730   5.882081     3.1270     2.6569      31.48   26.99482  -80.00250    0.00095    0.00062          4  0.000e+00
      24581   1024.167      4.491      4.520    29.8124    29.8130   5.881753   5.882057     3.1258     2.6569      31.48   26.99482  -80.00250    0.00092    0.00062          4  0.000e+00
      24582   1024.208      4.476      4.505    29.8126    29.8128   5.881785   5.882016     3.1258     2.6569      31.48   26.99482  -80.00250    0.00088    0.00061          4  0.000e+00
      24583   1024.250      4.438      4.467    29.8128    29.8124   5.881761   5.881968     3.1258     2.6569      31.48   26.99482  -80.00250    0.00085    0.00060          4  0.000e+00
      24584   1024.292      4.491      4.520    29.8126    29.8119   5.881714   5.881960     3.1258     2.6581      31.48   26.99482  -80.00250    0.00080    0.00061          4  0.000e+00
      24585   1024.333      4.476      4.505    29.8122    29.8118   5.881666   5.881920     3.1270     2.6581      31.48   26.99482  -80.00250    0.00076    0.00061          4  0.000e+00
      24586   1024.375      4.377      4.406    29.8121    29.8121   5.881690   5.881944     3.1270     2.6581      31.48   26.99482  -80.00250    0.00074    0.00062          4  0.000e+00
      24587   1024.417      4.536      4.566    29.8117    29.8122   5.881706   5.881960     3.1258     2.6581      31.48   26.99482  -80.00250    0.00069    0.00062          4  0.000e+00
      24588   1024.458      4.491      4.520    29.8113    29.8121   5.881666   5.881960     3.1270     2.6581      31.45   26.99482  -80.00250    0.00065    0.00062          4  0.000e+00
      24589   1024.500      4.423      4.452    29.8113    29.8120   5.881658   5.881960     3.1270     2.6581      31.45   26.99482  -80.00250    0.00061    0.00062          4  0.000e+00
      24590   1024.542      4.438      4.467    29.8117    29.8121   5.881690   5.881888     3.1270     2.6581      31.45   26.99482  -80.00250    0.00058    0.00062          4  0.000e+00
      24591   1024.583      4.491      4.520    29.8117    29.8118   5.881666   5.881863     3.1270     2.6581      31.45   26.99482  -80.00250    0.00054    0.00062          4  0.000e+00
      24592   1024.625      4.423      4.452    29.8118    29.8116   5.881658   5.881863     3.1270     2.6593      31.45   26.99482  -80.00250    0.00050    0.00063          4  0.000e+00
      24593   1024.667      4.491      4.520    29.8122    29.8108   5.881730   5.881823     3.1270     2.6593      31.45   26.99482  -80.00250    0.00046    0.00066          4  0.000e+00
      24594   1024.708      4.423      4.452    29.8121    29.8107   5.881753   5.881775     3.1282     2.6581      31.45   26.99482  -80.00250    0.00043    0.00067          4  0.000e+00
      24595   1024.750      4.377      4.406    29.8122    29.8104   5.881714   5.881799     3.1270     2.6581      31.45   26.99482  -80.00250    0.00039    0.00068          4  0.000e+00
      24596   1024.792      4.551      4.581    29.8122    29.8101   5.881738   5.881775     3.1270     2.6581      31.45   26.99482  -80.00250    0.00035    0.00069          4  0.000e+00
      24597   1024.833      4.362      4.391    29.8121    29.8099   5.881714   5.881735     3.1270     2.6581      31.45   26.99482  -80.00250    0.00030    0.00070          4  0.000e+00
      24598   1024.875      4.491      4.520    29.8118    29.8103   5.881738   5.881751     3.1270     2.6581      31.45   26.99482  -80.00250    0.00026    0.00072          4  0.000e+00
