Gulf of Mexico/GOMECC-4/1db/rb2103_0982.ros
* Sea-Bird SBE 9 Data File:
* FileName = C:\Users\scs.user.rb\CTD\GOMECC4\data\rb2103_0982.hex
* Software Version Seasave V 7.26.7.107
* Temperature SN = 4799
* Conductivity SN = 3860
* Number of Bytes Per Scan = 41
* Number of Voltage Words = 4
* Number of Scans Averaged by the Deck Unit = 1
* NMEA Latitude = 23 11.00 N
* NMEA Longitude = 090 38.50 W
* NMEA UTC (Time) = Oct 11 2021  16:51:30
* NMEA baud rate = 4800
# nquan = 17
# nvalues = 3192                                  
# units = specified
# name 0 = scan: Scan Count
# name 1 = timeS: Time, Elapsed [seconds]
# name 2 = depSM: Depth [salt water, m]
# name 3 = prDM: Pressure, Digiquartz [db]
# name 4 = t090C: Temperature [ITS-90, deg C]
# name 5 = t190C: Temperature, 2 [ITS-90, deg C]
# name 6 = c0S/m: Conductivity [S/m]
# name 7 = c1S/m: Conductivity, 2 [S/m]
# name 8 = sbeox0V: Oxygen raw, SBE 43 [V]
# name 9 = sbeox1V: Oxygen raw, SBE 43, 2 [V]
# name 10 = altM: Altimeter [m]
# name 11 = latitude: Latitude [deg]
# name 12 = longitude: Longitude [deg]
# name 13 = sbox0dV/dT: Oxygen, SBE 43 [dov/dt]
# name 14 = sbox1dV/dT: Oxygen, SBE 43, 2 [dov/dt]
# name 15 = nbf: Bottles Fired
# name 16 = flag:  0.000e+00
# interval = seconds: 0.0416667
# start_time = Oct 11 2021 16:51:30 [NMEA time, header]
# bad_flag = -9.990e-29
*END*
[from data line 2213]
     229430   9559.542    223.667    225.210    14.9084    14.9118   4.396684   4.397054     1.7241     1.4090     100.00   23.18420  -90.64132    0.00018    0.00003         17  0.000e+00
     229431   9559.583    223.620    225.162    14.9080    14.9117   4.396705   4.397068     1.7253     1.4090     100.00   23.18420  -90.64132    0.00019    0.00002         17  0.000e+00
     229432   9559.625    223.667    225.210    14.9084    14.9120   4.396656   4.397068     1.7241     1.4090     100.00   23.18420  -90.64132    0.00019    0.00002         17  0.000e+00
     229433   9559.667    223.667    225.210    14.9079    14.9119   4.396698   4.397039     1.7253     1.4090     100.00   23.18420  -90.64132    0.00021    0.00002         17  0.000e+00
     229434   9559.708    223.620    225.162    14.9082    14.9119   4.396684   4.396997     1.7241     1.4090     100.00   23.18420  -90.64132    0.00021    0.00003         17  0.000e+00
     229435   9559.750    223.667    225.210    14.9089    14.9117   4.396705   4.397025     1.7253     1.4090     100.00   23.18420  -90.64132    0.00023    0.00003         17  0.000e+00
     229436   9559.792    223.620    225.162    14.9096    14.9117   4.396768   4.397061     1.7253     1.4090     100.00   23.18420  -90.64132    0.00024    0.00002         17  0.000e+00
     229437   9559.833    223.668    225.210    14.9095    14.9118   4.396761   4.397004     1.7241     1.4090     100.00   23.18420  -90.64132    0.00024    0.00002         17  0.000e+00
     229438   9559.875    223.668    225.210    14.9098    14.9119   4.396811   4.397018     1.7241     1.4090     100.00   23.18420  -90.64132    0.00024    0.00002         17  0.000e+00
     229439   9559.917    223.620    225.162    14.9094    14.9115   4.396796   4.397032     1.7241     1.4090     100.00   23.18420  -90.64132    0.00022    0.00001         17  0.000e+00
     229440   9559.958    223.722    225.265    14.9094    14.9115   4.396761   4.396997     1.7241     1.4090     100.00   23.18420  -90.64132    0.00020    0.00001         17  0.000e+00
     229441   9560.000    223.668    225.210    14.9092    14.9115   4.396811   4.396990     1.7253     1.4090     100.00   23.18420  -90.64132    0.00022    0.00000         17  0.000e+00
     229442   9560.042    223.620    225.162    14.9094    14.9113   4.396768   4.396990     1.7253     1.4090     100.00   23.18420  -90.64132    0.00023    0.00000         17  0.000e+00
     229443   9560.083    223.668    225.210    14.9091    14.9117   4.396754   4.396990     1.7253     1.4090     100.00   23.18420  -90.64132    0.00025   -0.00000         17  0.000e+00
     229444   9560.125    223.668    225.210    14.9092    14.9114   4.396775   4.397025     1.7241     1.4090     100.00   23.18420  -90.64132    0.00024   -0.00001         17  0.000e+00
     229445   9560.167    223.668    225.210    14.9092    14.9117   4.396789   4.396997     1.7241     1.4090     100.00   23.18420  -90.64132    0.00024   -0.00001         17  0.000e+00
     229446   9560.208    223.621    225.163    14.9092    14.9117   4.396789   4.396990     1.7241     1.4090     100.00   23.18420  -90.64132    0.00024   -0.00001         17  0.000e+00
     229447   9560.250    223.722    225.265    14.9091    14.9115   4.396761   4.397018     1.7241     1.4090     100.00   23.18420  -90.64132    0.00023   -0.00002         17  0.000e+00
     229448   9560.292    223.621    225.163    14.9089    14.9119   4.396754   4.397089     1.7253     1.4090     100.00   23.18420  -90.64132    0.00025   -0.00002         17  0.000e+00
     229449   9560.333    223.668    225.211    14.9089    14.9117   4.396754   4.397104     1.7241     1.4090     100.00   23.18420  -90.64132    0.00023   -0.00002         17  0.000e+00
     229450   9560.375    223.668    225.211    14.9087    14.9120   4.396754   4.397104     1.7241     1.4090     100.00   23.18420  -90.64132    0.00020   -0.00003         17  0.000e+00
     229451   9560.417    223.621    225.163    14.9089    14.9125   4.396775   4.397103     1.7253     1.4090     100.00   23.18420  -90.64132    0.00022   -0.00003         17  0.000e+00
     229452   9560.458    223.668    225.211    14.9087    14.9124   4.396789   4.397104     1.7253     1.4090     100.00   23.18420  -90.64132    0.00023   -0.00003         17  0.000e+00
     229453   9560.500    223.669    225.211    14.9089    14.9125   4.396761   4.397160     1.7253     1.4090     100.00   23.18420  -90.64132    0.00024   -0.00004         17  0.000e+00
     229454   9560.542    223.669    225.211    14.9087    14.9127   4.396754   4.397118     1.7253     1.4090     100.00   23.18420  -90.64132    0.00025   -0.00004         17  0.000e+00
     229455   9560.583    223.621    225.163    14.9091    14.9125   4.396775   4.397125     1.7253     1.4090     100.00   23.18420  -90.64132    0.00027   -0.00004         17  0.000e+00
     229456   9560.625    223.669    225.211    14.9091    14.9124   4.396789   4.397118     1.7241     1.4090     100.00   23.18420  -90.64132    0.00026   -0.00005         17  0.000e+00
     229457   9560.667    223.669    225.211    14.9089    14.9122   4.396818   4.397104     1.7253     1.4090     100.00   23.18420  -90.64132    0.00025   -0.00005         17  0.000e+00
     229458   9560.708    223.621    225.163    14.9092    14.9123   4.396796   4.397103     1.7241     1.4090     100.00   23.18420  -90.64132    0.00023   -0.00005         17  0.000e+00
     229459   9560.750    223.669    225.211    14.9091    14.9120   4.396789   4.397104     1.7241     1.4090     100.00   23.18420  -90.64132    0.00022   -0.00006         17  0.000e+00
     229460   9560.792    223.669    225.211    14.9091    14.9124   4.396789   4.397132     1.7253     1.4090     100.00   23.18420  -90.64132    0.00022   -0.00006         17  0.000e+00
     229461   9560.833    223.669    225.211    14.9091    14.9122   4.396789   4.397111     1.7253     1.4090     100.00   23.18420  -90.64132    0.00022   -0.00007         17  0.000e+00
     229462   9560.875    223.622    225.164    14.9091    14.9129   4.396761   4.397125     1.7253     1.4090     100.00   23.18420  -90.64132    0.00023   -0.00007         17  0.000e+00
     229463   9560.917    223.622    225.164    14.9091    14.9136   4.396775   4.397225     1.7241     1.4090     100.00   23.18420  -90.64132    0.00023   -0.00007         17  0.000e+00
     229464   9560.958    223.669    225.212    14.9089    14.9139   4.396761   4.397310     1.7253     1.4090     100.00   23.18420  -90.64132    0.00023   -0.00008         17  0.000e+00
     229465   9561.000    223.669    225.212    14.9091    14.9148   4.396775   4.397360     1.7241     1.4090     100.00   23.18420  -90.64132    0.00021   -0.00008         17  0.000e+00
     229466   9561.042    223.622    225.164    14.9089    14.9152   4.396789   4.397395     1.7253     1.4090     100.00   23.18420  -90.64132    0.00022   -0.00008         17  0.000e+00
     229467   9561.083    223.669    225.212    14.9091    14.9158   4.396789   4.397431     1.7241     1.4090     100.00   23.18420  -90.64132    0.00021   -0.00009         17  0.000e+00
     229468   9561.125    223.622    225.164    14.9091    14.9158   4.396789   4.397445     1.7253     1.4090     100.00   23.18420  -90.64132    0.00020   -0.00009         17  0.000e+00
     229469   9561.167    223.622    225.164    14.9092    14.9155   4.396818   4.397388     1.7253     1.4090     100.00   23.18420  -90.64132    0.00020   -0.00009         17  0.000e+00
     229470   9561.208    223.670    225.212    14.9098    14.9153   4.396832   4.397395     1.7241     1.4103     100.00   23.18420  -90.64132    0.00019   -0.00008         17  0.000e+00
     229471   9561.250    223.622    225.164    14.9096    14.9149   4.396832   4.397374     1.7253     1.4090     100.00   23.18420  -90.64132    0.00020   -0.00008         17  0.000e+00
     229472   9561.292    223.670    225.212    14.9096    14.9146   4.396832   4.397338     1.7253     1.4090     100.00   23.18420  -90.64132    0.00021   -0.00009         17  0.000e+00
     229473   9561.333    223.622    225.164    14.9092    14.9142   4.396832   4.397274     1.7253     1.4090     100.00   23.18420  -90.64132    0.00021   -0.00009         17  0.000e+00
     229474   9561.375    223.622    225.164    14.9086    14.9134   4.396832   4.397196     1.7253     1.4103     100.00   23.18420  -90.64132    0.00022   -0.00008         17  0.000e+00
     229475   9561.417    223.622    225.164    14.9086    14.9129   4.396768   4.397182     1.7253     1.4103     100.00   23.18420  -90.64132    0.00022   -0.00006         17  0.000e+00
     229476   9561.458    223.622    225.164    14.9084    14.9134   4.396754   4.397146     1.7241     1.4103     100.00   23.18420  -90.64132    0.00021   -0.00005         17  0.000e+00
     229477   9561.500    223.670    225.212    14.9079    14.9131   4.396754   4.397118     1.7253     1.4103     100.00   23.18420  -90.64132    0.00022   -0.00004         17  0.000e+00
     233369   9723.667    124.136    124.962    19.5031    19.5057   4.932151   4.932538     2.0085     1.6630     100.00   23.18418  -90.64138   -0.00001   -0.00022         18  0.000e+00
     233370   9723.708    124.210    125.037    19.5034    19.5059   4.932210   4.932449     2.0098     1.6630     100.00   23.18418  -90.64138    0.00001   -0.00023         18  0.000e+00
     233371   9723.750    123.932    124.757    19.5032    19.5059   4.932232   4.932449     2.0085     1.6630     100.00   23.18418  -90.64138    0.00002   -0.00022         18  0.000e+00
     233372   9723.792    124.156    124.982    19.5034    19.5056   4.932232   4.932464     2.0085     1.6630     100.00   23.18418  -90.64138    0.00002   -0.00021         18  0.000e+00
     233373   9723.833    124.183    125.009    19.5035    19.5057   4.932232   4.932493     2.0085     1.6630     100.00   23.18418  -90.64138    0.00003   -0.00020         18  0.000e+00
     233374   9723.875    124.211    125.037    19.5035    19.5056   4.932210   4.932471     2.0085     1.6630     100.00   23.18418  -90.64138    0.00003   -0.00019         18  0.000e+00
     233375   9723.917    124.136    124.962    19.5034    19.5057   4.932195   4.932486     2.0085     1.6630     100.00   23.18418  -90.64138    0.00004   -0.00020         18  0.000e+00
     233376   9723.958    124.156    124.982    19.5032    19.5058   4.932195   4.932501     2.0098     1.6630     100.00   23.18418  -90.64138    0.00005   -0.00019         18  0.000e+00
     233377   9724.000    124.184    125.010    19.5029    19.5057   4.932158   4.932471     2.0085     1.6642     100.00   23.18418  -90.64138    0.00005   -0.00016         18  0.000e+00
     233378   9724.042    124.136    124.962    19.5031    19.5059   4.932114   4.932493     2.0085     1.6642     100.00   23.18418  -90.64138    0.00006   -0.00013         18  0.000e+00
     233379   9724.083    124.109    124.935    19.5028    19.5059   4.932136   4.932471     2.0085     1.6630     100.00   23.18418  -90.64138    0.00005   -0.00012         18  0.000e+00
     233380   9724.125    124.184    125.010    19.5029    19.5059   4.932114   4.932464     2.0085     1.6630     100.00   23.18418  -90.64138    0.00005   -0.00011         18  0.000e+00
     233381   9724.167    124.157    124.982    19.5028    19.5056   4.932136   4.932464     2.0085     1.6642     100.00   23.18418  -90.64138    0.00006   -0.00009         18  0.000e+00
     233382   9724.208    124.136    124.962    19.5025    19.5054   4.932114   4.932464     2.0085     1.6630     100.00   23.18418  -90.64138    0.00005   -0.00008         18  0.000e+00
     233383   9724.250    124.157    124.983    19.5024    19.5052   4.932151   4.932396     2.0085     1.6642     100.00   23.18418  -90.64138    0.00006   -0.00005         18  0.000e+00
     233384   9724.292    124.136    124.962    19.5024    19.5054   4.932151   4.932381     2.0098     1.6642     100.00   23.18418  -90.64138    0.00006   -0.00003         18  0.000e+00
     233385   9724.333    124.157    124.983    19.5024    19.5056   4.932114   4.932352     2.0085     1.6642     100.00   23.18418  -90.64138    0.00005   -0.00000         18  0.000e+00
     233386   9724.375    124.184    125.010    19.5022    19.5054   4.932136   4.932307     2.0085     1.6642     100.00   23.18418  -90.64138    0.00004    0.00002         18  0.000e+00
     233387   9724.417    124.109    124.935    19.5024    19.5047   4.932085   4.932329     2.0085     1.6642     100.00   23.18418  -90.64138    0.00003    0.00005         18  0.000e+00
     233388   9724.458    124.184    125.010    19.5022    19.5045   4.932070   4.932344     2.0085     1.6642     100.00   23.18418  -90.64138    0.00002    0.00007         18  0.000e+00
     233389   9724.500    124.109    124.935    19.5021    19.5042   4.932092   4.932367     2.0098     1.6642     100.00   23.18418  -90.64138    0.00003    0.00010         18  0.000e+00
     233390   9724.542    124.184    125.010    19.5022    19.5029   4.932107   4.932314     2.0085     1.6642     100.00   23.18418  -90.64138    0.00002    0.00012         18  0.000e+00
     233391   9724.583    124.137    124.962    19.5021    19.5031   4.932077   4.932299     2.0085     1.6642     100.00   23.18418  -90.64138    0.00001    0.00014         18  0.000e+00
     233392   9724.625    124.157    124.983    19.5019    19.5040   4.932077   4.932322     2.0085     1.6642     100.00   23.18418  -90.64138   -0.00001    0.00017         18  0.000e+00
     233393   9724.667    124.137    124.962    19.5019    19.5048   4.932070   4.932307     2.0085     1.6642     100.00   23.18418  -90.64138   -0.00002    0.00019         18  0.000e+00
     233394   9724.708    124.157    124.983    19.5019    19.5047   4.932033   4.932359     2.0085     1.6642     100.00   23.18418  -90.64138   -0.00003    0.00023         18  0.000e+00
     233395   9724.750    124.137    124.962    19.5021    19.5042   4.932085   4.932381     2.0085     1.6642     100.00   23.18418  -90.64138   -0.00004    0.00027         18  0.000e+00
     233396   9724.792    124.157    124.983    19.5021    19.5034   4.932040   4.932314     2.0085     1.6642     100.00   23.18418  -90.64138   -0.00005    0.00029         18  0.000e+00
     233397   9724.833    124.137    124.962    19.5021    19.5026   4.932085   4.932322     2.0085     1.6642     100.00   23.18418  -90.64138   -0.00006    0.00033         18  0.000e+00
     233398   9724.875    124.157    124.983    19.5022    19.5026   4.932077   4.932307     2.0085     1.6642     100.00   23.18418  -90.64138   -0.00007    0.00037         18  0.000e+00
     233399   9724.917    124.137    124.962    19.5022    19.5031   4.932092   4.932269     2.0085     1.6642     100.00   23.18418  -90.64138   -0.00008    0.00041         18  0.000e+00
     233400   9724.958    124.157    124.983    19.5025    19.5034   4.932173   4.932262     2.0085     1.6642     100.00   23.18418  -90.64138   -0.00009    0.00045         18  0.000e+00
     233401   9725.000    124.137    124.963    19.5025    19.5035   4.932107   4.932225     2.0073     1.6642     100.00   23.18418  -90.64138   -0.00012    0.00047         18  0.000e+00
     233402   9725.042    124.157    124.983    19.5028    19.5036   4.932166   4.932187     2.0085     1.6642     100.00   23.18418  -90.64138   -0.00013    0.00049         18  0.000e+00
     233403   9725.083    124.137    124.963    19.5028    19.5042   4.932158   4.932142     2.0085     1.6630     100.00   23.18418  -90.64138   -0.00012    0.00050         18  0.000e+00
     233404   9725.125    124.157    124.983    19.5028    19.5038   4.932151   4.932135     2.0085     1.6642     100.00   23.18418  -90.64138   -0.00013    0.00054         18  0.000e+00
