Gulf of Mexico/GOMECC-4/1db/rb2103_1331.ros
* Sea-Bird SBE 9 Data File:
* FileName = C:\Users\scs.user.rb\CTD\GOMECC4\data\rb2103_1331.hex
* Software Version Seasave V 7.26.7.107
* Temperature SN = 4799
* Conductivity SN = 3860
* Number of Bytes Per Scan = 41
* Number of Voltage Words = 4
* Number of Scans Averaged by the Deck Unit = 1
* NMEA Latitude = 26 31.24 N
* NMEA Longitude = 083 24.57 W
* NMEA UTC (Time) = Oct 19 2021  21:06:28
* NMEA baud rate = 4800
# nquan = 17
# nvalues = 798                                   
# units = specified
# name 0 = scan: Scan Count
# name 1 = timeS: Time, Elapsed [seconds]
# name 2 = depSM: Depth [salt water, m]
# name 3 = prDM: Pressure, Digiquartz [db]
# name 4 = t090C: Temperature [ITS-90, deg C]
# name 5 = t190C: Temperature, 2 [ITS-90, deg C]
# name 6 = c0S/m: Conductivity [S/m]
# name 7 = c1S/m: Conductivity, 2 [S/m]
# name 8 = sbeox0V: Oxygen raw, SBE 43 [V]
# name 9 = sbeox1V: Oxygen raw, SBE 43, 2 [V]
# name 10 = altM: Altimeter [m]
# name 11 = latitude: Latitude [deg]
# name 12 = longitude: Longitude [deg]
# name 13 = sbox0dV/dT: Oxygen, SBE 43 [dov/dt]
# name 14 = sbox1dV/dT: Oxygen, SBE 43, 2 [dov/dt]
# name 15 = nbf: Bottles Fired
# name 16 = flag:  0.000e+00
# interval = seconds: 0.0416667
# start_time = Oct 19 2021 21:06:28 [NMEA time, header]
# bad_flag = -9.990e-29
*END*
[from data line 86]
      16195    674.750     48.168     48.491    25.8716    25.9333   5.566837   5.572107     2.9499     2.5018       7.35   26.52082  -83.40950   -0.00415   -0.00410          1  0.000e+00
      16196    674.792     48.121     48.443    25.8804    25.9291   5.566891   5.571950     2.9499     2.5018       7.33   26.52082  -83.40950   -0.00422   -0.00406          1  0.000e+00
      16197    674.833     48.121     48.443    25.8761    25.9273   5.567008   5.571918     2.9499     2.5018       7.35   26.52082  -83.40950   -0.00427   -0.00403          1  0.000e+00
      16198    674.875     48.168     48.491    25.8687    25.9310   5.566806   5.571808     2.9512     2.5018       7.33   26.52082  -83.40950   -0.00430   -0.00399          1  0.000e+00
      16199    674.917     48.168     48.491    25.8703    25.9348   5.566248   5.571320     2.9512     2.5018       7.35   26.52082  -83.40950   -0.00434   -0.00395          1  0.000e+00
      16200    674.958     48.121     48.443    25.8701    25.9128   5.565596   5.570660     2.9512     2.5018       7.35   26.52082  -83.40950   -0.00438   -0.00391          1  0.000e+00
      16201    675.000     48.121     48.443    25.8638    25.8877   5.564751   5.570559     2.9512     2.5018       7.35   26.52082  -83.40950   -0.00439   -0.00388          1  0.000e+00
      16202    675.042     48.121     48.443    25.8605    25.8837   5.563968   5.571172     2.9524     2.5018       7.35   26.52082  -83.40950   -0.00439   -0.00383          1  0.000e+00
      16203    675.083     48.168     48.491    25.8589    25.8855   5.564232   5.571990     2.9524     2.5018       7.35   26.52082  -83.40950   -0.00439   -0.00378          1  0.000e+00
      16204    675.125     48.121     48.443    25.8737    25.8935   5.565418   5.572776     2.9524     2.5018       7.35   26.52082  -83.40950   -0.00438   -0.00372          1  0.000e+00
      16205    675.167     48.120     48.443    25.8852    25.9113   5.566627   5.573279     2.9524     2.5018       7.35   26.52082  -83.40950   -0.00437   -0.00367          1  0.000e+00
      16206    675.208     48.120     48.443    25.8901    25.9175   5.567566   5.573593     2.9524     2.5018       7.35   26.52082  -83.40950   -0.00437   -0.00360          1  0.000e+00
      16207    675.250     48.168     48.491    25.8897    25.9290   5.567992   5.573727     2.9536     2.5031       7.35   26.52082  -83.40950   -0.00434   -0.00352          1  0.000e+00
      16208    675.292     48.120     48.443    25.8841    25.9526   5.567853   5.573891     2.9536     2.5031       7.35   26.52082  -83.40950   -0.00430   -0.00344          1  0.000e+00
      16209    675.333     48.120     48.443    25.8806    25.9708   5.566814   5.573828     2.9536     2.5031       7.35   26.52082  -83.40950   -0.00426   -0.00336          1  0.000e+00
      16210    675.375     48.195     48.518    25.8805    25.9732   5.566007   5.573002     2.9536     2.5043       7.35   26.52082  -83.40950   -0.00422   -0.00325          1  0.000e+00
      16211    675.417     48.066     48.388    25.8838    25.9486   5.566092   5.572256     2.9548     2.5043       7.35   26.52082  -83.40950   -0.00416   -0.00314          1  0.000e+00
      16212    675.458     48.168     48.491    25.8861    25.9357   5.566837   5.572681     2.9548     2.5043       7.35   26.52082  -83.40950   -0.00408   -0.00303          1  0.000e+00
      16213    675.500     48.120     48.443    25.8840    25.9455   5.567705   5.573978     2.9548     2.5043       7.35   26.52082  -83.40950   -0.00402   -0.00292          1  0.000e+00
      16214    675.542     48.168     48.490    25.8832    25.9642   5.568512   5.575377     2.9548     2.5043       7.33   26.52082  -83.40950   -0.00395   -0.00281          1  0.000e+00
      16215    675.583     48.120     48.443    25.8911    25.9779   5.569047   5.576620     2.9548     2.5043       7.35   26.52082  -83.40950   -0.00386   -0.00269          1  0.000e+00
      16216    675.625     48.168     48.490    25.8982    25.9875   5.569365   5.577729     2.9560     2.5055       7.37   26.52082  -83.40950   -0.00374   -0.00256          1  0.000e+00
      16217    675.667     48.120     48.443    25.9018    25.9956   5.569621   5.578256     2.9548     2.5055       7.37   26.52082  -83.40950   -0.00366   -0.00242          1  0.000e+00
      16218    675.708     48.168     48.490    25.9062    26.0003   5.569287   5.578688     2.9560     2.5067       7.37   26.52082  -83.40950   -0.00357   -0.00227          1  0.000e+00
      16219    675.750     48.168     48.490    25.8967    26.0023   5.567984   5.578971     2.9548     2.5055       7.37   26.52082  -83.40950   -0.00347   -0.00213          1  0.000e+00
      16220    675.792     48.120     48.443    25.8694    26.0038   5.565868   5.579270     2.9560     2.5067       7.37   26.52082  -83.40950   -0.00335   -0.00198          1  0.000e+00
      16221    675.833     48.168     48.490    25.8319    26.0051   5.563752   5.579593     2.9560     2.5067       7.37   26.52082  -83.40950   -0.00324   -0.00182          1  0.000e+00
      16222    675.875     48.120     48.443    25.8278    26.0078   5.562651   5.579915     2.9560     2.5067       7.37   26.52082  -83.40950   -0.00312   -0.00168          1  0.000e+00
      16223    675.917     48.167     48.490    25.8245    26.0107   5.562357   5.580065     2.9548     2.5067       7.40   26.52082  -83.40950   -0.00301   -0.00153          1  0.000e+00
      16224    675.958     48.167     48.490    25.8337    26.0123   5.562527   5.580120     2.9560     2.5079       7.37   26.52082  -83.40950   -0.00289   -0.00137          1  0.000e+00
      16225    676.000     48.167     48.490    25.8520    26.0125   5.562938   5.579994     2.9560     2.5079       7.37   26.52082  -83.40950   -0.00276   -0.00121          1  0.000e+00
      16226    676.042     48.167     48.490    25.8580    26.0110   5.563155   5.580049     2.9560     2.5079       7.40   26.52082  -83.40950   -0.00263   -0.00104          1  0.000e+00
      16227    676.083     48.167     48.490    25.8524    26.0131   5.563124   5.580466     2.9560     2.5079       7.37   26.52082  -83.40950   -0.00250   -0.00088          1  0.000e+00
      16228    676.125     48.167     48.490    25.8439    26.0140   5.562783   5.581072     2.9573     2.5079       7.37   26.52082  -83.40950   -0.00235   -0.00071          1  0.000e+00
      16229    676.167     48.167     48.490    25.8290    26.0134   5.562481   5.581402     2.9560     2.5079       7.37   26.52082  -83.40950   -0.00223   -0.00054          1  0.000e+00
      16230    676.208     48.167     48.490    25.8345    26.0145   5.562651   5.581355     2.9573     2.5079       7.37   26.52082  -83.40950   -0.00209   -0.00037          1  0.000e+00
      16231    676.250     48.215     48.538    25.8422    26.0148   5.563279   5.581323     2.9573     2.5079       7.37   26.52082  -83.40950   -0.00194   -0.00021          1  0.000e+00
      16232    676.292     48.167     48.490    25.8435    26.0171   5.564124   5.581017     2.9573     2.5092       7.37   26.52082  -83.40950   -0.00180   -0.00002          1  0.000e+00
      16233    676.333     48.167     48.490    25.8528    26.0227   5.564961   5.580434     2.9573     2.5092       7.37   26.52082  -83.40950   -0.00166    0.00017          1  0.000e+00
      16234    676.375     48.167     48.490    25.8592    26.0330   5.565201   5.580300     2.9573     2.5092       7.37   26.52082  -83.40950   -0.00150    0.00037          1  0.000e+00
      16235    676.417     48.215     48.538    25.8569    26.0136   5.564178   5.577477     2.9573     2.5092       7.37   26.52082  -83.40950   -0.00135    0.00056          1  0.000e+00
      16236    676.458     48.167     48.490    25.8529    25.9466   5.562697   5.572272     2.9573     2.5092       7.40   26.52082  -83.40950   -0.00121    0.00075          1  0.000e+00
      16237    676.500     48.215     48.538    25.8537    25.8901   5.560046   5.568381     2.9573     2.5092       7.37   26.52082  -83.40950   -0.00106    0.00094          1  0.000e+00
      16238    676.542     48.167     48.490    25.8325    25.8630   5.556095   5.566228     2.9573     2.5092       7.37   26.52082  -83.40950   -0.00091    0.00113          1  0.000e+00
      16239    676.583     48.215     48.538    25.7919    25.9104   5.552935   5.565017     2.9573     2.5092       7.37   26.52082  -83.40950   -0.00076    0.00132          1  0.000e+00
      16240    676.625     48.215     48.538    25.7750    25.8571   5.550550   5.559526     2.9573     2.5092       7.35   26.52082  -83.40950   -0.00061    0.00149          1  0.000e+00
      16241    676.667     48.167     48.490    25.7649    25.7177   5.549342   5.551927     2.9573     2.5092       7.33   26.52082  -83.40950   -0.00046    0.00166          1  0.000e+00
      18507    771.083     40.492     40.763    28.7229    28.7663   5.854005   5.858499     3.1160     2.6349      14.92   26.52086  -83.40950   -0.00001    0.00043          2  0.000e+00
      18508    771.125     40.370     40.640    28.7218    28.7627   5.854092   5.858041     3.1160     2.6349      14.92   26.52086  -83.40950   -0.00006    0.00051          2  0.000e+00
      18509    771.167     39.971     40.238    28.7246    28.7581   5.854147   5.857615     3.1160     2.6349      14.90   26.52086  -83.40950   -0.00010    0.00059          2  0.000e+00
      18510    771.208     40.370     40.640    28.7297    28.7533   5.854163   5.857487     3.1160     2.6349      14.90   26.52086  -83.40950   -0.00015    0.00066          2  0.000e+00
      18511    771.250     40.269     40.538    28.7281    28.7519   5.853942   5.857367     3.1160     2.6349      14.90   26.52086  -83.40950   -0.00020    0.00074          2  0.000e+00
      18512    771.292     40.242     40.511    28.7226    28.7536   5.853649   5.857335     3.1160     2.6349      14.90   26.52086  -83.40950   -0.00022    0.00081          2  0.000e+00
      18513    771.333     40.269     40.538    28.7174    28.7529   5.853443   5.857230     3.1160     2.6349      14.90   26.52086  -83.40950   -0.00027    0.00088          2  0.000e+00
      18514    771.375     40.269     40.538    28.7138    28.7501   5.853395   5.857158     3.1160     2.6349      14.90   26.52086  -83.40950   -0.00031    0.00096          2  0.000e+00
      18515    771.417     40.221     40.490    28.7145    28.7496   5.853356   5.857037     3.1148     2.6349      14.90   26.52086  -83.40950   -0.00038    0.00103          2  0.000e+00
      18516    771.458     40.242     40.511    28.7170    28.7486   5.853268   5.856933     3.1160     2.6349      14.90   26.52086  -83.40950   -0.00042    0.00110          2  0.000e+00
      18517    771.500     40.221     40.490    28.7163    28.7470   5.853173   5.856764     3.1148     2.6349      14.92   26.52086  -83.40950   -0.00046    0.00118          2  0.000e+00
      18518    771.542     40.221     40.490    28.7139    28.7459   5.853047   5.856572     3.1148     2.6337      14.90   26.52086  -83.40950   -0.00051    0.00125          2  0.000e+00
      18519    771.583     40.221     40.490    28.7126    28.7440   5.853047   5.856379     3.1160     2.6337      14.92   26.52086  -83.40950   -0.00053    0.00130          2  0.000e+00
      18520    771.625     40.221     40.490    28.7134    28.7423   5.853015   5.856226     3.1160     2.6349      14.97   26.52086  -83.40950   -0.00054    0.00138          2  0.000e+00
      18521    771.667     40.194     40.463    28.7143    28.7410   5.852975   5.856154     3.1148     2.6337      15.02   26.52086  -83.40950   -0.00056    0.00143          2  0.000e+00
      18522    771.708     40.221     40.490    28.7132    28.7396   5.852817   5.856098     3.1148     2.6337      15.02   26.52086  -83.40950   -0.00059    0.00149          2  0.000e+00
      18523    771.750     40.221     40.490    28.7106    28.7388   5.852801   5.856058     3.1148     2.6337      14.99   26.52086  -83.40950   -0.00061    0.00154          2  0.000e+00
      18524    771.792     40.174     40.442    28.7099    28.7398   5.852706   5.856114     3.1160     2.6349      14.99   26.52086  -83.40950   -0.00061    0.00160          2  0.000e+00
      18525    771.833     40.221     40.490    28.7071    28.7403   5.852532   5.856066     3.1160     2.6349      15.02   26.52086  -83.40950   -0.00060    0.00165          2  0.000e+00
      18526    771.875     40.194     40.463    28.7040    28.7390   5.852373   5.856050     3.1148     2.6337      14.99   26.52086  -83.40950   -0.00062    0.00167          2  0.000e+00
      18527    771.917     40.174     40.442    28.7046    28.7379   5.852191   5.855857     3.1160     2.6337      15.02   26.52086  -83.40950   -0.00062    0.00169          2  0.000e+00
      18528    771.958     40.221     40.490    28.7020    28.7367   5.852001   5.855801     3.1160     2.6337      14.99   26.52086  -83.40950   -0.00060    0.00168          2  0.000e+00
      18529    772.000     40.174     40.442    28.7007    28.7361   5.851811   5.855656     3.1160     2.6337      14.99   26.52086  -83.40950   -0.00058    0.00168          2  0.000e+00
      18530    772.042     40.194     40.463    28.7009    28.7351   5.851756   5.855576     3.1160     2.6337      14.99   26.52086  -83.40950   -0.00058    0.00168          2  0.000e+00
      18531    772.083     40.120     40.388    28.7003    28.7342   5.851684   5.855520     3.1148     2.6337      14.99   26.52086  -83.40950   -0.00059    0.00167          2  0.000e+00
      18532    772.125     40.221     40.490    28.6993    28.7342   5.851558   5.855407     3.1148     2.6325      14.99   26.52086  -83.40950   -0.00061    0.00163          2  0.000e+00
      18533    772.167     40.174     40.442    28.6981    28.7345   5.851550   5.855303     3.1160     2.6325      14.99   26.52086  -83.40950   -0.00060    0.00159          2  0.000e+00
      18534    772.208     40.174     40.442    28.6967    28.7339   5.851605   5.855239     3.1160     2.6325      14.99   26.52086  -83.40950   -0.00061    0.00155          2  0.000e+00
      18535    772.250     40.140     40.408    28.6965    28.7327   5.851581   5.855190     3.1148     2.6325      15.02   26.52086  -83.40950   -0.00064    0.00151          2  0.000e+00
      18536    772.292     40.174     40.442    28.6963    28.7318   5.851526   5.855110     3.1148     2.6325      14.99   26.52086  -83.40950   -0.00067    0.00146          2  0.000e+00
      18537    772.333     40.174     40.442    28.6963    28.7303   5.851344   5.855086     3.1160     2.6313      14.99   26.52086  -83.40950   -0.00068    0.00140          2  0.000e+00
      18538    772.375     40.174     40.442    28.6961    28.7291   5.851217   5.855086     3.1148     2.6313      14.99   26.52086  -83.40950   -0.00071    0.00133          2  0.000e+00
      18539    772.417     40.140     40.408    28.6959    28.7303   5.851082   5.855086     3.1148     2.6313      15.02   26.52086  -83.40950   -0.00075    0.00127          2  0.000e+00
      18540    772.458     40.221     40.490    28.6948    28.7323   5.850932   5.855094     3.1148     2.6313      14.99   26.52086  -83.40950   -0.00080    0.00120          2  0.000e+00
      18541    772.500     40.120     40.388    28.6912    28.7344   5.850900   5.855158     3.1160     2.6300      15.02   26.52086  -83.40950   -0.00081    0.00112          2  0.000e+00
      18542    772.542     40.174     40.442    28.6873    28.7349   5.850829   5.855214     3.1136     2.6300      14.99   26.52086  -83.40950   -0.00087    0.00104          2  0.000e+00
      18543    772.583     40.174     40.442    28.6862    28.7333   5.850687   5.855255     3.1148     2.6300      15.02   26.52086  -83.40950   -0.00091    0.00095          2  0.000e+00
