Gulf of Mexico/GOMECC-4/1db/rb2103_0001.cnv
* Sea-Bird SBE 9 Data File:
* FileName = C:\Users\scs.user.rb\CTD\GOMECC4\data\rb2103_000.hex
* Software Version Seasave V 7.26.7.107
* Temperature SN = 4799
* Conductivity SN = 3860
* Number of Bytes Per Scan = 41
* Number of Voltage Words = 4
* Number of Scans Averaged by the Deck Unit = 1
* NMEA Latitude = 24 13.42 N
* NMEA Longitude = 081 36.66 W
* NMEA UTC (Time) = Sep 13 2021  22:57:13
* NMEA baud rate = 4800
# nquan = 28
# nvalues = 426                         
# units = specified
# name 0 = scan: Scan Count
# name 1 = timeS: Time, Elapsed [seconds]
# name 2 = depSM: Depth [salt water, m]
# name 3 = prDM: Pressure, Digiquartz [db]
# name 4 = t090C: Temperature [ITS-90, deg C]
# name 5 = t190C: Temperature, 2 [ITS-90, deg C]
# name 6 = c0S/m: Conductivity [S/m]
# name 7 = c1S/m: Conductivity, 2 [S/m]
# name 8 = sbeox0V: Oxygen raw, SBE 43 [V]
# name 9 = sbeox1V: Oxygen raw, SBE 43, 2 [V]
# name 10 = altM: Altimeter [m]
# name 11 = latitude: Latitude [deg]
# name 12 = longitude: Longitude [deg]
# name 13 = sbox0dV/dT: Oxygen, SBE 43 [dov/dt]
# name 14 = sbox1dV/dT: Oxygen, SBE 43, 2 [dov/dt]
# name 15 = sbeox0ML/L: Oxygen, SBE 43 [ml/l], WS = 5
# name 16 = sbeox1ML/L: Oxygen, SBE 43, 2 [ml/l], WS = 5
# name 17 = potemp090C: Potential Temperature [ITS-90, deg C]
# name 18 = potemp190C: Potential Temperature, 2 [ITS-90, deg C]
# name 19 = sal00: Salinity, Practical [PSU]
# name 20 = sal11: Salinity, Practical, 2 [PSU]
# name 21 = sigma-é00: Density [sigma-theta, kg/m^3]
# name 22 = sigma-é11: Density, 2 [sigma-theta, kg/m^3]
# name 23 = avgsvCM: Average Sound Velocity [Chen-Millero, m/s], minP = 20, minS = 20
# name 24 = sbox0Mm/Kg: Oxygen, SBE 43 [umol/kg], WS = 5
# name 25 = sbox1Mm/Kg: Oxygen, SBE 43, 2 [umol/kg], WS = 5
# name 26 = nbin: number of scans per bin
# name 27 = flag: flag
# span 0 =      17929,      67524       
# span 1 =    747.011,   2813.478       
# span 2 =    800.296,   1235.345       
# span 3 =    807.000,   1247.000       
# span 4 =     9.0619,    29.3582       
# span 5 =     9.0618,    29.3884       
# span 6 =   3.751637,   5.828271       
# span 7 =   3.751661,   5.828546       
# span 8 =     1.6240,     3.5764       
# span 9 =     1.3314,     3.1511       
# span 10 =      27.43,     101.00      
# span 11 =   24.22084,   24.22782      
# span 12 =  -81.61700,  -81.59383      
# span 13 =   -0.17464,    0.09778      
# span 14 =   -0.05374,    0.09164      
# span 15 =     2.8741,     5.8232      
# span 16 =     2.9212,     5.9800      
# span 17 =     8.9183,    29.1572      
# span 18 =     8.9182,    29.1878      
# span 19 =    25.9912,    36.3277      
# span 20 =    29.8500,    36.3289      
# span 21 =    15.3923,    26.9422      
# span 22 =    18.2727,    26.9422      
# span 23 =    1119.31,    1555.83      
# span 24 =    124.994,    255.197      
# span 25 =    127.047,    261.770      
# span 26 =         30,         74      
# span 27 = 0.0000e+00, 0.0000e+00      
# interval = decibars: 1                
# start_time = Sep 13 2021 22:57:13 [NMEA time, header]
# bad_flag = -9.990e-29
*END*
[from data line 156]
      32803   1366.767    955.633    964.000    15.9591    15.9623   4.521054   4.521404     2.0161     1.6858     100.00   24.22554  -81.60930   -0.00678   -0.00723     3.3805     3.4211    15.8027    15.8058    35.8269    35.8272    26.4292    26.4287    1541.55    147.087    148.854         35 0.0000e+00
      32839   1368.247    956.622    965.000    15.9198    15.9218   4.516172   4.516455     2.0072     1.6771     100.00   24.22554  -81.60930   -0.00670   -0.00647     3.3585     3.3987    15.7634    15.7654    35.8183    35.8190    26.4315    26.4317    1541.52    146.128    147.878         37 0.0000e+00
      32878   1369.893    957.611    966.000    15.9011    15.9027   4.513965   4.514208     1.9996     1.6718     100.00   24.22554  -81.60930   -0.00579   -0.00504     3.3405     3.3854    15.7447    15.7463    35.8151    35.8158    26.4333    26.4336    1541.51    145.345    147.299         42 0.0000e+00
      32919   1371.573    958.600    967.000    15.8781    15.8807   4.511367   4.511688     1.9944     1.6692     100.00   24.22554  -81.60930   -0.00419   -0.00275     3.3291     3.3802    15.7217    15.7243    35.8121    35.8127    26.4363    26.4362    1541.49    144.848    147.070         38 0.0000e+00
      32955   1373.098    959.589    968.000    15.8255    15.8285   4.505197   4.505513     1.9907     1.6657     100.00   24.22554  -81.60930   -0.00295   -0.00183     3.3240     3.3744    15.6693    15.6722    35.8040    35.8042    26.4420    26.4415    1541.48    144.623    146.821         36 0.0000e+00
      32993   1374.667    960.578    969.000    15.7837    15.7874   4.500159   4.500572     1.9876     1.6622     100.00   24.22554  -81.60930   -0.00235   -0.00216     3.3199     3.3687    15.6275    15.6312    35.7971    35.7975    26.4462    26.4456    1541.46    144.448    146.570         40 0.0000e+00
      33034   1376.366    961.567    970.000    15.7321    15.7344   4.494257   4.494575     1.9844     1.6604     100.00   24.22554  -81.60930   -0.00202   -0.00194     3.3151     3.3668    15.5761    15.5784    35.7895    35.7904    26.4520    26.4521    1541.45    144.238    146.486         40 0.0000e+00
      33071   1377.900    962.556    971.000    15.7192    15.7204   4.492771   4.492967     1.9826     1.6599     100.00   24.22554  -81.60930   -0.00169   -0.00097     3.3118     3.3670    15.5632    15.5643    35.7875    35.7882    26.4533    26.4536    1541.43    144.095    146.495         35 0.0000e+00
      33107   1379.400    963.545    972.000    15.6786    15.6818   4.487948   4.488335     1.9805     1.6584     100.00   24.22554  -81.60930   -0.00135   -0.00047     3.3099     3.3662    15.5227    15.5259    35.7805    35.7811    26.4571    26.4568    1541.42    144.012    146.458         37 0.0000e+00
      33146   1381.034    964.534    973.000    15.6435    15.6457   4.483723   4.484022     1.9790     1.6562     100.00   24.22554  -81.60931   -0.00117   -0.00099     3.3091     3.3627    15.4876    15.4898    35.7739    35.7746    26.4600    26.4600    1541.40    143.973    146.309         40 0.0000e+00
      33185   1382.666    965.523    974.000    15.6239    15.6257   4.481393   4.481640     1.9777     1.6535     100.00   24.22554  -81.60931   -0.00087   -0.00145     3.3075     3.3567    15.4680    15.4698    35.7703    35.7709    26.4616    26.4616    1541.38    143.905    146.045         39 0.0000e+00
      33224   1384.272    966.512    975.000    15.6075    15.6081   4.479416   4.479492     1.9763     1.6519     100.00   24.22554  -81.60931   -0.00084   -0.00154     3.3055     3.3538    15.4516    15.4521    35.7669    35.7671    26.4627    26.4627    1541.37    143.818    145.921         38 0.0000e+00
      33261   1385.823    967.501    976.000    15.5014    15.5066   4.467026   4.467422     1.9731     1.6494     100.00   24.22554  -81.60932   -0.00122   -0.00119     3.3054     3.3545    15.3460    15.3511    35.7510    35.7499    26.4741    26.4722    1541.35    143.810    145.948         37 0.0000e+00
      33299   1387.418    968.490    977.000    15.4491    15.4512   4.460753   4.461030     1.9674     1.6440     100.00   24.22554  -81.60932   -0.00236   -0.00202     3.2948     3.3434    15.2939    15.2959    35.7415    35.7421    26.4785    26.4785    1541.33    143.352    145.463         39 0.0000e+00
      33337   1389.018    969.479    978.000    15.4278    15.4296   4.458262   4.458512     1.9610     1.6382     100.00   24.22554  -81.60932   -0.00363   -0.00334     3.2801     3.3288    15.2725    15.2743    35.7379    35.7385    26.4805    26.4805    1541.31    142.709    144.829         37 0.0000e+00
      33375   1390.588    970.468    979.000    15.4068    15.4095   4.455812   4.456172     1.9564     1.6335     100.00   24.22554  -81.60932   -0.00365   -0.00348     3.2697     3.3170    15.2515    15.2542    35.7344    35.7352    26.4825    26.4825    1541.30    142.257    144.314         39 0.0000e+00
      33414   1392.224    971.457    980.000    15.3787    15.3812   4.452536   4.452863     1.9526     1.6308      99.94   24.22554  -81.60932   -0.00285   -0.00263     3.2622     3.3117    15.2235    15.2259    35.7299    35.7306    26.4853    26.4853    1541.28    141.933    144.084         39 0.0000e+00
      33451   1393.747    972.446    981.000    15.3463    15.3520   4.448746   4.449408     1.9493     1.6287      84.99   24.22554  -81.60932   -0.00234   -0.00166     3.2564     3.3081    15.1911    15.1968    35.7246    35.7254    26.4885    26.4878    1541.26    141.677    143.928         34 0.0000e+00
      33485   1395.172    973.435    982.000    15.3214    15.3253   4.445855   4.446338     1.9467     1.6260     100.05   24.22554  -81.60932   -0.00203   -0.00155     3.2516     3.3028    15.1662    15.1701    35.7206    35.7214    26.4909    26.4907    1541.25    141.470    143.695         35 0.0000e+00
      33521   1396.658    974.424    983.000    15.2982    15.3008   4.443124   4.443488     1.9426     1.6230      97.91   24.22554  -81.60932   -0.00219   -0.00179     3.2429     3.2962    15.1430    15.1456    35.7166    35.7175    26.4930    26.4931    1541.23    141.089    143.409         35 0.0000e+00
      33554   1398.024    975.413    984.000    15.2978    15.2988   4.443131   4.443295     1.9395     1.6200     100.01   24.22554  -81.60932   -0.00251   -0.00203     3.2353     3.2881    15.1425    15.1434    35.7166    35.7172    26.4931    26.4933    1541.21    140.758    143.055         32 0.0000e+00
      33585   1399.324    976.402    985.000    15.2555    15.2514   4.438251   4.437509     1.9364     1.6166      79.47   24.22554  -81.60932   -0.00235   -0.00228     3.2334     3.2844    15.1003    15.0963    35.7105    35.7075    26.4977    26.4963    1541.20    140.676    142.896         32 0.0000e+00
      33618   1400.708    977.391    986.000    15.0569    15.0656   4.414633   4.415673     1.9305     1.6109      99.99   24.22554  -81.60932   -0.00270   -0.00281     3.2274     3.2767    14.9028    14.9115    35.6760    35.6749    26.5148    26.5120    1541.18    140.412    142.558         33 0.0000e+00
      33651   1402.068    978.380    987.000    15.0139    15.0160   4.409510   4.409759     1.9232     1.6031      97.39   24.22554  -81.60932   -0.00418   -0.00415     3.2142     3.2606    14.8600    14.8620    35.6681    35.6686    26.5181    26.5180    1541.16    139.840    141.857         31 0.0000e+00
      33681   1403.337    979.369    988.000    14.9726    14.9757   4.404642   4.404936     1.9178     1.5982      98.90   24.22556  -81.60932   -0.00489   -0.00499     3.2034     3.2496    14.8188    14.8219    35.6610    35.6608    26.5217    26.5208    1541.14    139.367    141.378         31 0.0000e+00
      33713   1404.678    980.358    989.000    14.9098    14.9122   4.397210   4.397348     1.9130     1.5947      94.22   24.22556  -81.60932   -0.00439   -0.00412     3.1954     3.2445    14.7563    14.7587    35.6500    35.6490    26.5268    26.5256    1541.12    139.019    141.155         34 0.0000e+00
      33802   1408.380    983.324    992.000    14.6369    14.6429   4.365118   4.365463     1.9007     1.5816     100.00   24.22529  -81.60840   -0.00313   -0.00338     3.1836     3.2264    14.4847    14.4907    35.6030    35.6014    26.5496    26.5471    1541.06    138.504    140.366         30 0.0000e+00
      33833   1409.678    984.313    993.000    14.5389    14.5442   4.353638   4.354051     1.8930     1.5732      87.22   24.22556  -81.60932   -0.00395   -0.00447     3.1709     3.2095    14.3872    14.3926    35.5876    35.5865    26.5587    26.5567    1541.06    137.950    139.628         32 0.0000e+00
      33865   1411.011    985.302    994.000    14.4683    14.4702   4.345354   4.345525     1.8855     1.5676      74.77   24.22556  -81.60932   -0.00528   -0.00541     3.1562     3.1986    14.3170    14.3189    35.5754    35.5752    26.5645    26.5639    1541.04    137.308    139.152         32 0.0000e+00
      33897   1412.339    986.291    995.000    14.4387    14.4413   4.341930   4.342194     1.8800     1.5642      99.72   24.22556  -81.60932   -0.00544   -0.00452     3.1441     3.1909    14.2875    14.2900    35.5705    35.5706    26.5670    26.5665    1541.02    136.780    138.816         32 0.0000e+00
      33929   1413.670    987.280    996.000    14.3863    14.3907   4.335874   4.336230     1.8764     1.5617     100.00   24.22556  -81.60932   -0.00423   -0.00280     3.1384     3.1876    14.2352    14.2396    35.5623    35.5616    26.5718    26.5703    1541.00    136.535    138.673         31 0.0000e+00
      34017   1417.321    990.247    999.000    14.2331    14.2355   4.318849   4.318774     1.8680     1.5542     100.00   24.22534  -81.60859   -0.00230   -0.00224     3.1271     3.1776    14.0826    14.0850    35.5363    35.5366    26.5842    26.5840    1540.92    136.039    138.236         31 0.0000e+00
      34048   1418.630    991.236   1000.000    14.2298    14.2315   4.317735   4.317985     1.8656     1.5528     100.00   24.22556  -81.60932   -0.00229   -0.00160     3.1223     3.1742    14.0792    14.0809    35.5364    35.5372    26.5851    26.5853    1540.91    135.830    138.088         31 0.0000e+00
      34108   1421.112    993.213   1002.000    14.2022    14.2035   4.314885   4.315052     1.8618     1.5500     100.00   24.22570  -81.60979   -0.00169   -0.00110     3.1146     3.1683    14.0514    14.0527    35.5327    35.5329    26.5881    26.5880    1540.88    135.495    137.831         30 0.0000e+00
      34138   1422.380    994.202   1003.000    14.1696    14.1741   4.310922   4.311350     1.8610     1.5483     100.00   24.22556  -81.60932   -0.00131   -0.00122     3.1151     3.1663    14.0190    14.0234    35.5273    35.5272    26.5908    26.5897    1540.86    135.518    137.742         31 0.0000e+00
      34227   1426.071    997.169   1006.000    14.1084    14.1095   4.303919   4.304049     1.8583     1.5458     100.00   24.22571  -81.60984   -0.00079   -0.00069     3.1136     3.1645    13.9577    13.9588    35.5174    35.5176    26.5960    26.5960    1540.81    135.450    137.665         30 0.0000e+00
      34256   1427.300    998.158   1007.000    14.0730    14.0758   4.299847   4.300126     1.8581     1.5458     100.00   24.22556  -81.60932   -0.00028   -0.00046     3.1160     3.1672    13.9224    13.9252    35.5116    35.5116    26.5990    26.5985    1540.78    135.554    137.781         30 0.0000e+00
      34427   1434.419   1004.091   1013.000    13.8733    13.8759   4.276799   4.277093     1.8592     1.5465     100.00   24.22525  -81.60829    0.00022   -0.00021     3.1362     3.1863    13.7232    13.7258    35.4781    35.4784    26.6149    26.6146    1540.64    136.434    138.609         30 0.0000e+00
      34599   1441.596   1010.023   1019.000    13.5754    13.5773   4.242304   4.242489     1.8521     1.5406     100.00   24.22542  -81.60886   -0.00161   -0.00136     3.1413     3.1928    13.4265    13.4284    35.4275    35.4274    26.6372    26.6368    1540.53    136.649    138.890         30 0.0000e+00
      34745   1447.651   1014.967   1024.000    13.1908    13.1987   4.198167   4.198905     1.8338     1.5228     100.00   24.22564  -81.60962   -0.00366   -0.00374     3.1212     3.1684    13.0439    13.0518    35.3649    35.3646    26.6669    26.6650    1540.43    135.772    137.826         32 0.0000e+00
      34859   1452.396   1018.922   1028.000    13.0953    13.0979   4.187278   4.187555     1.8225     1.5149     100.00   24.22557  -81.60937   -0.00244   -0.00141     3.0983     3.1533    12.9485    12.9511    35.3487    35.3489    26.6735    26.6731    1540.34    134.775    137.165         30 0.0000e+00
      34889   1453.665   1019.911   1029.000    13.0765    13.0792   4.185179   4.185465     1.8212     1.5131     100.00   24.22556  -81.60934   -0.00185   -0.00152     3.0965     3.1493    12.9297    12.9323    35.3458    35.3460    26.6750    26.6747    1540.32    134.697    136.992         31 0.0000e+00
      35004   1458.441   1023.866   1033.000    12.9745    12.9763   4.173702   4.173868     1.8151     1.5069     100.00   24.22562  -81.60954   -0.00128   -0.00119     3.0884     3.1395    12.8278    12.8296    35.3298    35.3297    26.6831    26.6827    1540.24    134.342    136.567         30 0.0000e+00
      35034   1459.710   1024.854   1034.000    12.9440    12.9462   4.170275   4.170429     1.8132     1.5057     100.00   24.22556  -81.60934   -0.00150   -0.00124     3.0856     3.1383    12.7973    12.7996    35.3251    35.3245    26.6855    26.6846    1540.20    134.222    136.513         31 0.0000e+00
      35147   1464.437   1028.809   1038.000    12.8097    12.8114   4.155010   4.155173     1.8060     1.4987     100.00   24.22555  -81.60931   -0.00151   -0.00166     3.0770     3.1283    12.6635    12.6652    35.3027    35.3028    26.6948    26.6945    1540.12    133.848    136.076         34 0.0000e+00
      35259   1469.102   1032.764   1042.000    12.7805    12.7817   4.151816   4.151958     1.7991     1.4930     100.00   24.22484  -81.60690   -0.00126   -0.00104     3.0610     3.1145    12.6339    12.6351    35.2976    35.2978    26.6967    26.6966    1539.98    133.152    135.478         32 0.0000e+00
      35294   1470.529   1033.753   1043.000    12.7725    12.7736   4.151047   4.151170     1.7976     1.4923     100.00   24.22556  -81.60934   -0.00120   -0.00070     3.0579     3.1130    12.6259    12.6269    35.2975    35.2977    26.6982    26.6982    1540.00    133.013    135.413         33 0.0000e+00
      35404   1475.117   1037.707   1047.000    12.6910    12.6924   4.141853   4.142093     1.7936     1.4873     100.00   24.22508  -81.60772   -0.00093   -0.00136     3.0538     3.1049    12.5443    12.5457    35.2836    35.2831    26.7035    26.7029    1539.88    132.834    135.060         32 0.0000e+00
      35436   1476.479   1038.696   1048.000    12.6564    12.6582   4.137982   4.138074     1.7920     1.4860     100.00   24.22556  -81.60934   -0.00111   -0.00101     3.0526     3.1040    12.5098    12.5116    35.2786    35.2778    26.7065    26.7055    1539.90    132.782    135.020         32 0.0000e+00
      35548   1481.129   1042.650   1052.000    12.4987    12.5025   4.120109   4.120325     1.7839     1.4781     100.00   24.22529  -81.60843   -0.00174   -0.00141     3.0426     3.0926    12.3528    12.3565    35.2524    35.2509    26.7169    26.7150    1539.78    132.347    134.522         32 0.0000e+00
      35580   1482.459   1043.639   1053.000    12.4614    12.4629   4.115868   4.116034     1.7803     1.4747     100.00   24.22556  -81.60934   -0.00215   -0.00196     3.0355     3.0852    12.3155    12.3171    35.2462    35.2463    26.7193    26.7192    1539.78    132.039    134.200         31 0.0000e+00
