Gulf of Mexico/GOMECC-4/1db/rb2103_0411.ros
* Sea-Bird SBE 9 Data File:
* FileName = C:\Users\scs.user.rb\CTD\GOMECC4\data\rb2103_0411.hex
* Software Version Seasave V 7.26.7.107
* Temperature SN = 4799
* Conductivity SN = 3860
* Number of Bytes Per Scan = 41
* Number of Voltage Words = 4
* Number of Scans Averaged by the Deck Unit = 1
* NMEA Latitude = 28 04.43 N
* NMEA Longitude = 089 59.85 W
* NMEA UTC (Time) = Sep 26 2021  02:13:04
* NMEA baud rate = 4800
# nquan = 17
# nvalues = 1862                                  
# units = specified
# name 0 = scan: Scan Count
# name 1 = timeS: Time, Elapsed [seconds]
# name 2 = depSM: Depth [salt water, m]
# name 3 = prDM: Pressure, Digiquartz [db]
# name 4 = t090C: Temperature [ITS-90, deg C]
# name 5 = t190C: Temperature, 2 [ITS-90, deg C]
# name 6 = c0S/m: Conductivity [S/m]
# name 7 = c1S/m: Conductivity, 2 [S/m]
# name 8 = sbeox0V: Oxygen raw, SBE 43 [V]
# name 9 = sbeox1V: Oxygen raw, SBE 43, 2 [V]
# name 10 = altM: Altimeter [m]
# name 11 = latitude: Latitude [deg]
# name 12 = longitude: Longitude [deg]
# name 13 = sbox0dV/dT: Oxygen, SBE 43 [dov/dt]
# name 14 = sbox1dV/dT: Oxygen, SBE 43, 2 [dov/dt]
# name 15 = nbf: Bottles Fired
# name 16 = flag:  0.000e+00
# interval = seconds: 0.0416667
# start_time = Sep 26 2021 02:13:04 [NMEA time, header]
# bad_flag = -9.990e-29
*END*
[from data line 1788]
      77803   3241.750      3.921      3.948    28.4958    28.4976   5.843765   5.844024     3.1331     2.6618      70.77   28.08314  -89.99998    0.00151   -0.00011         14  0.000e+00
      77804   3241.792      3.921      3.948    28.4959    28.4973   5.843757   5.844040     3.1331     2.6618      91.18   28.08314  -89.99998    0.00148   -0.00016         14  0.000e+00
      77805   3241.833      3.906      3.932    28.4958    28.4972   5.843733   5.844040     3.1331     2.6618     100.00   28.08314  -89.99998    0.00146   -0.00021         14  0.000e+00
      77806   3241.875      3.868      3.894    28.4954    28.4971   5.843749   5.844040     3.1331     2.6618     100.00   28.08314  -89.99998    0.00143   -0.00025         14  0.000e+00
      77807   3241.917      3.906      3.932    28.4954    28.4972   5.843733   5.844000     3.1331     2.6618     100.00   28.08314  -89.99998    0.00140   -0.00030         14  0.000e+00
      77808   3241.958      3.868      3.894    28.4950    28.4971   5.843709   5.844024     3.1331     2.6618     100.00   28.08314  -89.99998    0.00137   -0.00035         14  0.000e+00
      77809   3242.000      3.808      3.834    28.4950    28.4972   5.843709   5.844040     3.1331     2.6618      99.98   28.08314  -89.99998    0.00134   -0.00040         14  0.000e+00
      77810   3242.042      3.853      3.879    28.4950    28.4971   5.843685   5.844000     3.1343     2.6618     100.00   28.08314  -89.99998    0.00132   -0.00044         14  0.000e+00
      77811   3242.083      3.808      3.834    28.4948    28.4971   5.843733   5.843991     3.1331     2.6618     100.00   28.08314  -89.99998    0.00129   -0.00047         14  0.000e+00
      77812   3242.125      3.808      3.834    28.4948    28.4968   5.843733   5.843991     3.1331     2.6618     100.00   28.08314  -89.99998    0.00125   -0.00051         14  0.000e+00
      77813   3242.167      3.800      3.826    28.4952    28.4971   5.843709   5.844024     3.1331     2.6606     100.00   28.08314  -89.99998    0.00121   -0.00056         14  0.000e+00
      77814   3242.208      3.808      3.834    28.4950    28.4969   5.843717   5.843967     3.1331     2.6606     100.00   28.08314  -89.99998    0.00117   -0.00062         14  0.000e+00
      77815   3242.250      3.642      3.666    28.4952    28.4967   5.843709   5.843943     3.1331     2.6606     100.00   28.08314  -89.99998    0.00115   -0.00065         14  0.000e+00
      77816   3242.292      3.906      3.932    28.4952    28.4968   5.843717   5.844048     3.1331     2.6593     100.00   28.08314  -89.99998    0.00112   -0.00071         14  0.000e+00
      77817   3242.333      3.755      3.780    28.4952    28.4967   5.843677   5.844016     3.1331     2.6593     100.00   28.08314  -89.99998    0.00110   -0.00076         14  0.000e+00
      77818   3242.375      3.801      3.826    28.4954    28.4966   5.843741   5.843951     3.1331     2.6593     100.00   28.08314  -89.99998    0.00107   -0.00082         14  0.000e+00
      77819   3242.417      3.755      3.780    28.4952    28.4967   5.843757   5.843975     3.1331     2.6593     100.00   28.08314  -89.99998    0.00105   -0.00085         14  0.000e+00
      77820   3242.458      3.755      3.780    28.4952    28.4968   5.843764   5.843991     3.1331     2.6593     100.00   28.08314  -89.99998    0.00100   -0.00089         14  0.000e+00
      77821   3242.500      3.801      3.826    28.4952    28.4963   5.843796   5.843919     3.1331     2.6593     100.00   28.08314  -89.99998    0.00095   -0.00092         14  0.000e+00
      77822   3242.542      3.755      3.780    28.4954    28.4966   5.843741   5.843927     3.1319     2.6593     100.00   28.08314  -89.99998    0.00089   -0.00095         14  0.000e+00
      77823   3242.583      3.755      3.780    28.4952    28.4965   5.843709   5.843975     3.1319     2.6593     100.00   28.08314  -89.99998    0.00082   -0.00099         14  0.000e+00
      77824   3242.625      3.740      3.765    28.4952    28.4968   5.843717   5.843991     3.1319     2.6593     100.00   28.08314  -89.99998    0.00077   -0.00100         14  0.000e+00
      77825   3242.667      3.808      3.834    28.4952    28.4967   5.843677   5.843951     3.1319     2.6593     100.00   28.08314  -89.99998    0.00070   -0.00103         14  0.000e+00
      77826   3242.708      3.740      3.765    28.4956    28.4966   5.843764   5.844016     3.1319     2.6593     100.00   28.08314  -89.99998    0.00063   -0.00103         14  0.000e+00
      77827   3242.750      3.808      3.834    28.4954    28.4971   5.843780   5.844000     3.1319     2.6593     100.00   28.08314  -89.99998    0.00058   -0.00104         14  0.000e+00
      77828   3242.792      3.755      3.780    28.4956    28.4969   5.843757   5.843991     3.1319     2.6606     100.00   28.08314  -89.99998    0.00050   -0.00103         14  0.000e+00
      77829   3242.833      3.801      3.826    28.4956    28.4969   5.843733   5.843991     3.1319     2.6606     100.00   28.08314  -89.99998    0.00045   -0.00099         14  0.000e+00
      77830   3242.875      3.755      3.780    28.4956    28.4968   5.843709   5.843919     3.1319     2.6606     100.00   28.08314  -89.99998    0.00039   -0.00096         14  0.000e+00
      77831   3242.917      3.808      3.834    28.4956    28.4971   5.843757   5.843967     3.1319     2.6606     100.00   28.08314  -89.99998    0.00034   -0.00095         14  0.000e+00
      77832   3242.958      3.801      3.826    28.4955    28.4969   5.843725   5.844024     3.1319     2.6606     100.00   28.08314  -89.99998    0.00028   -0.00092         14  0.000e+00
      77833   3243.000      3.808      3.834    28.4956    28.4971   5.843717   5.844000     3.1319     2.6606     100.00   28.08314  -89.99998    0.00024   -0.00087         14  0.000e+00
      77834   3243.042      3.853      3.879    28.4954    28.4968   5.843749   5.844024     3.1319     2.6606     100.00   28.08314  -89.99998    0.00020   -0.00088         14  0.000e+00
      77835   3243.083      3.808      3.834    28.4954    28.4971   5.843764   5.844000     3.1319     2.6593     100.00   28.08314  -89.99998    0.00016   -0.00086         14  0.000e+00
      77836   3243.125      3.869      3.895    28.4954    28.4968   5.843757   5.843951     3.1319     2.6593     100.00   28.08314  -89.99998    0.00012   -0.00083         14  0.000e+00
      77837   3243.167      3.853      3.879    28.4954    28.4969   5.843765   5.843975     3.1319     2.6593     100.00   28.08314  -89.99998    0.00007   -0.00079         14  0.000e+00
      77838   3243.208      3.808      3.834    28.4954    28.4966   5.843757   5.843991     3.1331     2.6593     100.00   28.08314  -89.99998    0.00005   -0.00077         14  0.000e+00
      77839   3243.250      3.869      3.895    28.4954    28.4969   5.843765   5.843992     3.1319     2.6593     100.00   28.08314  -89.99998    0.00001   -0.00079         14  0.000e+00
      77840   3243.292      3.853      3.879    28.4954    28.4968   5.843757   5.843951     3.1319     2.6581     100.00   28.08314  -89.99998   -0.00002   -0.00078         14  0.000e+00
      77841   3243.333      3.921      3.948    28.4957    28.4969   5.843804   5.843943     3.1319     2.6593     100.00   28.08314  -89.99998   -0.00004   -0.00074         14  0.000e+00
      77842   3243.375      3.906      3.933    28.4956    28.4969   5.843804   5.843975     3.1319     2.6593     100.00   28.08314  -89.99998   -0.00007   -0.00072         14  0.000e+00
      77843   3243.417      3.921      3.948    28.4956    28.4969   5.843804   5.843919     3.1319     2.6593     100.00   28.08314  -89.99998   -0.00010   -0.00071         14  0.000e+00
      77844   3243.458      3.921      3.948    28.4958    28.4969   5.843812   5.843927     3.1319     2.6593     100.00   28.08314  -89.99998   -0.00012   -0.00068         14  0.000e+00
      77845   3243.500      3.906      3.933    28.4961    28.4969   5.843844   5.843903     3.1319     2.6593     100.00   28.08314  -89.99998   -0.00015   -0.00065         14  0.000e+00
      77846   3243.542      3.982      4.009    28.4963    28.4968   5.843828   5.843895     3.1319     2.6581     100.00   28.08314  -89.99998   -0.00017   -0.00066         14  0.000e+00
      77847   3243.583      3.982      4.009    28.4963    28.4972   5.843804   5.843967     3.1319     2.6593     100.00   28.08314  -89.99998   -0.00020   -0.00063         14  0.000e+00
      77848   3243.625      3.967      3.993    28.4963    28.4973   5.843812   5.843992     3.1319     2.6581     100.00   28.08314  -89.99998   -0.00022   -0.00063         14  0.000e+00
      77849   3243.667      4.035      4.062    28.4963    28.4974   5.843804   5.843992     3.1319     2.6581     100.00   28.08314  -89.99998   -0.00025   -0.00063         14  0.000e+00
      77850   3243.708      4.020      4.047    28.4963    28.4971   5.843780   5.843992     3.1306     2.6593     100.00   28.08314  -89.99998   -0.00029   -0.00059         14  0.000e+00
      77851   3243.750      4.035      4.062    28.4961    28.4971   5.843828   5.843951     3.1306     2.6593     100.00   28.08314  -89.99998   -0.00031   -0.00059         14  0.000e+00
      77852   3243.792      4.035      4.062    28.4961    28.4973   5.843788   5.843871     3.1306     2.6581     100.00   28.08314  -89.99998   -0.00036   -0.00057         14  0.000e+00
      77853   3243.833      4.080      4.108    28.4959    28.4974   5.843757   5.843879     3.1306     2.6581     100.00   28.08314  -89.99998   -0.00038   -0.00057         14  0.000e+00
      77854   3243.875      4.088      4.115    28.4959    28.4971   5.843733   5.843895     3.1306     2.6581     100.00   28.08314  -89.99998   -0.00042   -0.00056         14  0.000e+00
      77855   3243.917      4.035      4.062    28.4958    28.4971   5.843780   5.843823     3.1306     2.6581     100.00   28.08314  -89.99998   -0.00044   -0.00055         14  0.000e+00
      77856   3243.958      4.133      4.161    28.4959    28.4969   5.843780   5.843831     3.1306     2.6581     100.00   28.08314  -89.99998   -0.00046   -0.00056         14  0.000e+00
      77857   3244.000      4.148      4.176    28.4961    28.4971   5.843757   5.843847     3.1306     2.6581     100.00   28.08314  -89.99998   -0.00049   -0.00057         14  0.000e+00
      77858   3244.042      4.133      4.161    28.4959    28.4969   5.843757   5.843807     3.1306     2.6581     100.00   28.08314  -89.99998   -0.00051   -0.00058         14  0.000e+00
      77859   3244.083      4.148      4.176    28.4963    28.4969   5.843733   5.843799     3.1306     2.6593     100.00   28.08314  -89.99998   -0.00054   -0.00057         14  0.000e+00
      77860   3244.125      4.148      4.176    28.4963    28.4968   5.843709   5.843799     3.1306     2.6581     100.00   28.08314  -89.99998   -0.00058   -0.00057         14  0.000e+00
      77861   3244.167      4.186      4.214    28.4961    28.4965   5.843757   5.843799     3.1306     2.6593     100.00   28.08314  -89.99998   -0.00060   -0.00058         14  0.000e+00
      77862   3244.208      4.148      4.176    28.4965    28.4966   5.843757   5.843727     3.1306     2.6593     100.00   28.08314  -89.99998   -0.00062   -0.00058         14  0.000e+00
      77863   3244.250      4.186      4.214    28.4961    28.4961   5.843693   5.843703     3.1306     2.6593     100.00   28.08314  -89.99998   -0.00065   -0.00058         14  0.000e+00
      77864   3244.292      4.261      4.290    28.4965    28.4966   5.843773   5.843703     3.1306     2.6593     100.00   28.08314  -89.99998   -0.00069   -0.00059         14  0.000e+00
      77865   3244.333      4.201      4.229    28.4965    28.4963   5.843741   5.843735     3.1306     2.6606     100.00   28.08314  -89.99998   -0.00072   -0.00057         14  0.000e+00
      77866   3244.375      4.246      4.275    28.4965    28.4962   5.843781   5.843711     3.1319     2.6593     100.00   28.08314  -89.99998   -0.00072   -0.00058         14  0.000e+00
      77867   3244.417      4.261      4.290    28.4963    28.4961   5.843781   5.843703     3.1306     2.6593     100.00   28.08314  -89.99998   -0.00074   -0.00058         14  0.000e+00
      77868   3244.458      4.261      4.290    28.4963    28.4960   5.843725   5.843703     3.1319     2.6593     100.00   28.08314  -89.99998   -0.00074   -0.00058         14  0.000e+00
      77869   3244.500      4.246      4.275    28.4963    28.4958   5.843717   5.843663     3.1319     2.6593     100.00   28.08314  -89.99998   -0.00073   -0.00058         14  0.000e+00
      77870   3244.542      4.261      4.290    28.4965    28.4957   5.843749   5.843655     3.1319     2.6593     100.00   28.08314  -89.99998   -0.00073   -0.00058         14  0.000e+00
      77871   3244.583      4.299      4.328    28.4965    28.4959   5.843765   5.843655     3.1319     2.6593     100.00   28.08314  -89.99998   -0.00073   -0.00058         14  0.000e+00
      77872   3244.625      4.314      4.343    28.4965    28.4960   5.843686   5.843615     3.1319     2.6581     100.00   28.08314  -89.99998   -0.00073   -0.00060         14  0.000e+00
      77873   3244.667      4.314      4.343    28.4959    28.4956   5.843599   5.843607     3.1319     2.6581     100.00   28.08314  -89.99998   -0.00072   -0.00062         14  0.000e+00
      77874   3244.708      4.299      4.328    28.4952    28.4949   5.843535   5.843607     3.1306     2.6581     100.00   28.08314  -89.99998   -0.00073   -0.00062         14  0.000e+00
      77875   3244.750      4.314      4.343    28.4947    28.4945   5.843488   5.843607     3.1306     2.6581     100.00   28.08314  -89.99998   -0.00075   -0.00064         14  0.000e+00
      77876   3244.792      4.360      4.389    28.4941    28.4946   5.843432   5.843639     3.1306     2.6581     100.00   28.08314  -89.99998   -0.00076   -0.00065         14  0.000e+00
