Gulf of Mexico/GOMECC-4/1db/rb2103_1121.ros
* Sea-Bird SBE 9 Data File:
* FileName = C:\Users\scs.user.rb\CTD\GOMECC4\data\rb2103_1121.hex
* Software Version Seasave V 7.26.7.107
* Temperature SN = 4799
* Conductivity SN = 3860
* Number of Bytes Per Scan = 41
* Number of Voltage Words = 4
* Number of Scans Averaged by the Deck Unit = 1
* NMEA Latitude = 22 15.23 N
* NMEA Longitude = 086 48.60 W
* NMEA UTC (Time) = Oct 15 2021  11:26:45
* NMEA baud rate = 4800
# nquan = 17
# nvalues = 1330                                  
# units = specified
# name 0 = scan: Scan Count
# name 1 = timeS: Time, Elapsed [seconds]
# name 2 = depSM: Depth [salt water, m]
# name 3 = prDM: Pressure, Digiquartz [db]
# name 4 = t090C: Temperature [ITS-90, deg C]
# name 5 = t190C: Temperature, 2 [ITS-90, deg C]
# name 6 = c0S/m: Conductivity [S/m]
# name 7 = c1S/m: Conductivity, 2 [S/m]
# name 8 = sbeox0V: Oxygen raw, SBE 43 [V]
# name 9 = sbeox1V: Oxygen raw, SBE 43, 2 [V]
# name 10 = altM: Altimeter [m]
# name 11 = latitude: Latitude [deg]
# name 12 = longitude: Longitude [deg]
# name 13 = sbox0dV/dT: Oxygen, SBE 43 [dov/dt]
# name 14 = sbox1dV/dT: Oxygen, SBE 43, 2 [dov/dt]
# name 15 = nbf: Bottles Fired
# name 16 = flag:  0.000e+00
# interval = seconds: 0.0416667
# start_time = Oct 15 2021 11:26:45 [NMEA time, header]
# bad_flag = -9.990e-29
*END*
[from data line 511]
      24672   1027.958     69.426     69.874    20.0305    20.0322   4.989229   4.989533     2.1648     1.8046      62.71   22.25396  -86.81020   -0.00030   -0.00004          4  0.000e+00
      24673   1028.000     69.385     69.833    20.0307    20.0321   4.989207   4.989518     2.1648     1.8059      62.71   22.25396  -86.81020   -0.00029   -0.00001          4  0.000e+00
      24674   1028.042     69.426     69.874    20.0308    20.0321   4.989126   4.989525     2.1648     1.8059      62.74   22.25396  -86.81020   -0.00028    0.00003          4  0.000e+00
      24675   1028.083     69.385     69.833    20.0302    20.0315   4.989170   4.989495     2.1648     1.8059      62.74   22.25396  -86.81020   -0.00027    0.00007          4  0.000e+00
      24676   1028.125     69.379     69.826    20.0300    20.0315   4.989222   4.989473     2.1648     1.8059      62.74   22.25396  -86.81020   -0.00026    0.00009          4  0.000e+00
      24677   1028.167     69.433     69.881    20.0297    20.0317   4.989200   4.989480     2.1648     1.8059      62.71   22.25396  -86.81020   -0.00025    0.00012          4  0.000e+00
      24678   1028.208     69.426     69.874    20.0294    20.0317   4.989192   4.989510     2.1648     1.8059      62.71   22.25396  -86.81020   -0.00024    0.00014          4  0.000e+00
      24679   1028.250     69.385     69.833    20.0290    20.0313   4.989155   4.989495     2.1648     1.8059      62.71   22.25396  -86.81020   -0.00021    0.00016          4  0.000e+00
      24680   1028.292     69.379     69.827    20.0291    20.0315   4.989148   4.989510     2.1648     1.8071      62.71   22.25396  -86.81020   -0.00020    0.00019          4  0.000e+00
      24681   1028.333     69.379     69.827    20.0290    20.0319   4.989126   4.989555     2.1648     1.8071      62.74   22.25396  -86.81020   -0.00018    0.00022          4  0.000e+00
      24682   1028.375     69.433     69.881    20.0291    20.0317   4.989103   4.989540     2.1648     1.8071      62.71   22.25396  -86.81020   -0.00017    0.00025          4  0.000e+00
      24683   1028.417     69.426     69.874    20.0291    20.0322   4.989111   4.989578     2.1648     1.8071      62.71   22.25396  -86.81020   -0.00016    0.00028          4  0.000e+00
      24684   1028.458     69.385     69.833    20.0288    20.0321   4.989140   4.989578     2.1661     1.8071      62.71   22.25396  -86.81020   -0.00012    0.00031          4  0.000e+00
      24685   1028.500     69.426     69.874    20.0291    20.0322   4.989148   4.989593     2.1661     1.8071      62.71   22.25396  -86.81020   -0.00009    0.00034          4  0.000e+00
      24686   1028.542     69.385     69.833    20.0288    20.0322   4.989089   4.989548     2.1648     1.8071      62.71   22.25396  -86.81020   -0.00008    0.00037          4  0.000e+00
      24687   1028.583     69.426     69.874    20.0291    20.0324   4.989096   4.989548     2.1661     1.8071      62.74   22.25396  -86.81020   -0.00005    0.00039          4  0.000e+00
      24688   1028.625     69.385     69.833    20.0291    20.0326   4.989133   4.989563     2.1648     1.8071      62.71   22.25396  -86.81020   -0.00003    0.00042          4  0.000e+00
      24689   1028.667     69.426     69.874    20.0284    20.0322   4.989059   4.989503     2.1661     1.8071      62.71   22.25396  -86.81020    0.00000    0.00044          4  0.000e+00
      24690   1028.708     69.385     69.833    20.0284    20.0324   4.989022   4.989510     2.1648     1.8071      62.74   22.25396  -86.81020    0.00002    0.00047          4  0.000e+00
      24691   1028.750     69.426     69.874    20.0286    20.0322   4.989052   4.989465     2.1648     1.8071      62.74   22.25396  -86.81020    0.00003    0.00047          4  0.000e+00
      24692   1028.792     69.433     69.881    20.0284    20.0324   4.989044   4.989465     2.1648     1.8071      62.76   22.25396  -86.81020    0.00003    0.00049          4  0.000e+00
      26874   1119.708     49.820     50.139    21.2504    21.2566   5.112616   5.113433     2.2747     1.9023      82.05   22.25396  -86.81022   -0.00008   -0.00008          5  0.000e+00
      26875   1119.750     49.671     49.989    21.2504    21.2566   5.112631   5.113501     2.2747     1.9011      82.08   22.25396  -86.81022   -0.00005   -0.00007          5  0.000e+00
      26876   1119.792     50.017     50.337    21.2509    21.2568   5.112631   5.113456     2.2747     1.9035      82.08   22.25396  -86.81022   -0.00002   -0.00002          5  0.000e+00
      26877   1119.833     49.820     50.139    21.2514    21.2570   5.112698   5.113463     2.2747     1.9035      82.08   22.25396  -86.81022   -0.00002    0.00004          5  0.000e+00
      26878   1119.875     49.820     50.139    21.2516    21.2568   5.112720   5.113479     2.2747     1.9035      82.08   22.25396  -86.81022    0.00001    0.00006          5  0.000e+00
      26879   1119.917     49.868     50.187    21.2525    21.2568   5.112683   5.113441     2.2747     1.9035      82.08   22.25396  -86.81022    0.00004    0.00011          5  0.000e+00
      26880   1119.958     49.868     50.187    21.2525    21.2568   5.112743   5.113464     2.2735     1.9035      82.08   22.25396  -86.81022    0.00005    0.00015          5  0.000e+00
      26881   1120.000     49.820     50.139    21.2525    21.2570   5.112765   5.113479     2.2747     1.9023      82.08   22.25396  -86.81022    0.00008    0.00017          5  0.000e+00
      26882   1120.042     49.915     50.235    21.2526    21.2570   5.112833   5.113494     2.2747     1.9023      82.08   22.25396  -86.81022    0.00009    0.00020          5  0.000e+00
      26883   1120.083     49.868     50.187    21.2525    21.2572   5.112818   5.113517     2.2747     1.9035      82.05   22.25396  -86.81022    0.00009    0.00024          5  0.000e+00
      26884   1120.125     49.820     50.139    21.2523    21.2568   5.112833   5.113456     2.2747     1.9035      82.08   22.25396  -86.81022    0.00010    0.00028          5  0.000e+00
      26885   1120.167     49.868     50.187    21.2528    21.2568   5.112848   5.113433     2.2747     1.9035      82.08   22.25396  -86.81022    0.00013    0.00031          5  0.000e+00
      26886   1120.208     49.868     50.187    21.2530    21.2570   5.112848   5.113464     2.2735     1.9035      82.08   22.25396  -86.81022    0.00014    0.00035          5  0.000e+00
      26887   1120.250     49.868     50.187    21.2528    21.2572   5.112877   5.113441     2.2735     1.9035      82.08   22.25396  -86.81022    0.00013    0.00038          5  0.000e+00
      26888   1120.292     49.915     50.235    21.2528    21.2572   5.112855   5.113464     2.2747     1.9035      82.08   22.25396  -86.81022    0.00016    0.00042          5  0.000e+00
      26889   1120.333     49.868     50.187    21.2525    21.2577   5.112848   5.113539     2.2735     1.9035      82.08   22.25396  -86.81022    0.00015    0.00045          5  0.000e+00
      26890   1120.375     49.868     50.187    21.2521    21.2572   5.112877   5.113532     2.2735     1.9035      82.08   22.25396  -86.81022    0.00014    0.00049          5  0.000e+00
      26891   1120.417     49.915     50.235    21.2523    21.2575   5.112892   5.113585     2.2747     1.9035      82.08   22.25396  -86.81022    0.00015    0.00052          5  0.000e+00
      26892   1120.458     49.915     50.235    21.2526    21.2573   5.112922   5.113555     2.2735     1.9035      82.08   22.25396  -86.81022    0.00014    0.00055          5  0.000e+00
      26893   1120.500     49.868     50.187    21.2541    21.2573   5.112997   5.113494     2.2735     1.9035      82.08   22.25396  -86.81022    0.00013    0.00059          5  0.000e+00
      26894   1120.542     49.915     50.235    21.2548    21.2575   5.113049   5.113539     2.2747     1.9035      82.08   22.25396  -86.81022    0.00014    0.00062          5  0.000e+00
      26895   1120.583     49.915     50.235    21.2551    21.2573   5.113064   5.113532     2.2747     1.9011      82.08   22.25396  -86.81022    0.00015    0.00062          5  0.000e+00
      26896   1120.625     49.915     50.235    21.2543    21.2575   5.113064   5.113524     2.2747     1.9035      82.08   22.25396  -86.81022    0.00016    0.00065          5  0.000e+00
      26897   1120.667     49.915     50.235    21.2534    21.2573   5.113064   5.113524     2.2747     1.9035      82.08   22.25396  -86.81022    0.00016    0.00068          5  0.000e+00
      26898   1120.708     49.915     50.235    21.2546    21.2577   5.113154   5.113524     2.2747     1.9035      82.05   22.25396  -86.81022    0.00017    0.00072          5  0.000e+00
      26899   1120.750     49.915     50.235    21.2551    21.2573   5.113222   5.113524     2.2747     1.9035      82.03   22.25396  -86.81022    0.00020    0.00075          5  0.000e+00
      26900   1120.792     49.969     50.289    21.2557    21.2575   5.113237   5.113524     2.2735     1.9035      82.03   22.25396  -86.81022    0.00019    0.00076          5  0.000e+00
      26901   1120.833     49.915     50.235    21.2560    21.2573   5.113236   5.113486     2.2735     1.9035      82.03   22.25396  -86.81022    0.00018    0.00079          5  0.000e+00
      26902   1120.875     49.969     50.289    21.2560    21.2575   5.113236   5.113524     2.2735     1.9035      82.03   22.25396  -86.81022    0.00016    0.00080          5  0.000e+00
      26903   1120.917     49.969     50.289    21.2562    21.2575   5.113236   5.113555     2.2735     1.9011      82.03   22.25396  -86.81022    0.00015    0.00080          5  0.000e+00
      26904   1120.958     49.969     50.289    21.2565    21.2575   5.113259   5.113532     2.2735     1.9023      82.03   22.25396  -86.81022    0.00014    0.00079          5  0.000e+00
      26905   1121.000     49.969     50.289    21.2567    21.2573   5.113304   5.113524     2.2735     1.9035      82.03   22.25396  -86.81022    0.00015    0.00081          5  0.000e+00
      26906   1121.042     49.969     50.289    21.2569    21.2572   5.113319   5.113524     2.2747     1.9035      82.03   22.25396  -86.81022    0.00016    0.00082          5  0.000e+00
      26907   1121.083     49.969     50.289    21.2569    21.2575   5.113356   5.113547     2.2735     1.9035      82.03   22.25396  -86.81022    0.00015    0.00083          5  0.000e+00
      26908   1121.125     50.017     50.337    21.2569    21.2575   5.113364   5.113532     2.2735     1.9035      82.03   22.25396  -86.81022    0.00015    0.00084          5  0.000e+00
      26909   1121.167     49.915     50.235    21.2569    21.2577   5.113296   5.113585     2.2747     1.9035      82.03   22.25396  -86.81022    0.00016    0.00085          5  0.000e+00
      26910   1121.208     50.084     50.405    21.2567    21.2573   5.113341   5.113539     2.2735     1.9011      82.03   22.25396  -86.81022    0.00017    0.00082          5  0.000e+00
      26911   1121.250     49.969     50.289    21.2567    21.2577   5.113364   5.113570     2.2735     1.9023      82.03   22.25396  -86.81022    0.00018    0.00081          5  0.000e+00
      26912   1121.292     50.064     50.385    21.2569    21.2575   5.113326   5.113539     2.2735     1.9035      82.03   22.25396  -86.81022    0.00017    0.00082          5  0.000e+00
      26913   1121.333     49.969     50.289    21.2567    21.2575   5.113319   5.113524     2.2735     1.9035      82.03   22.25396  -86.81022    0.00016    0.00083          5  0.000e+00
      26914   1121.375     50.064     50.385    21.2567    21.2577   5.113281   5.113585     2.2735     1.9035      82.00   22.25396  -86.81022    0.00015    0.00083          5  0.000e+00
      26915   1121.417     50.017     50.337    21.2567    21.2575   5.113304   5.113539     2.2735     1.9011      82.03   22.25396  -86.81022    0.00014    0.00081          5  0.000e+00
      26916   1121.458     50.064     50.385    21.2567    21.2575   5.113281   5.113547     2.2735     1.9023      82.03   22.25396  -86.81022    0.00013    0.00079          5  0.000e+00
      26917   1121.500     50.017     50.337    21.2564    21.2573   5.113274   5.113562     2.2735     1.9035      82.03   22.25396  -86.81022    0.00014    0.00080          5  0.000e+00
      26918   1121.542     50.064     50.385    21.2567    21.2576   5.113304   5.113562     2.2735     1.9023      82.03   22.25396  -86.81022    0.00014    0.00079          5  0.000e+00
      26919   1121.583     50.064     50.385    21.2565    21.2575   5.113326   5.113532     2.2735     1.9023      82.03   22.25396  -86.81022    0.00013    0.00077          5  0.000e+00
      26920   1121.625     50.064     50.385    21.2567    21.2575   5.113289   5.113547     2.2735     1.9035      82.03   22.25396  -86.81022    0.00014    0.00078          5  0.000e+00
      26921   1121.667     50.064     50.385    21.2566    21.2575   5.113274   5.113539     2.2735     1.9023      82.03   22.25396  -86.81022    0.00013    0.00075          5  0.000e+00
      26922   1121.708     50.064     50.385    21.2565    21.2575   5.113341   5.113555     2.2735     1.9023      82.05   22.25396  -86.81022    0.00013    0.00071          5  0.000e+00
      26923   1121.750     50.064     50.385    21.2567    21.2573   5.113296   5.113532     2.2735     1.9023      82.05   22.25396  -86.81022    0.00013    0.00068          5  0.000e+00
      26924   1121.792     50.064     50.385    21.2566    21.2575   5.113274   5.113547     2.2735     1.9023      82.05   22.25396  -86.81022    0.00013    0.00065          5  0.000e+00
      26925   1121.833     50.118     50.439    21.2565    21.2575   5.113244   5.113532     2.2723     1.9011      82.05   22.25396  -86.81022    0.00010    0.00060          5  0.000e+00
      26926   1121.875     50.118     50.439    21.2567    21.2575   5.113259   5.113524     2.2735     1.9023      82.08   22.25396  -86.81022    0.00009    0.00056          5  0.000e+00
      26927   1121.917     50.064     50.385    21.2564    21.2573   5.113274   5.113524     2.2723     1.9011      82.08   22.25396  -86.81022    0.00007    0.00051          5  0.000e+00
      26928   1121.958     50.118     50.439    21.2565    21.2575   5.113274   5.113524     2.2735     1.9011      82.05   22.25396  -86.81022    0.00006    0.00047          5  0.000e+00
      26929   1122.000     50.118     50.439    21.2564    21.2573   5.113274   5.113547     2.2735     1.9023      82.08   22.25396  -86.81022    0.00007    0.00044          5  0.000e+00
      26930   1122.042     50.118     50.439    21.2565    21.2575   5.113304   5.113532     2.2723     1.9011      82.05   22.25396  -86.81022    0.00004    0.00040          5  0.000e+00
      26931   1122.083     50.064     50.385    21.2566    21.2577   5.113296   5.113532     2.2723     1.9023      82.05   22.25396  -86.81022    0.00002    0.00038          5  0.000e+00
      26932   1122.125     50.118     50.439    21.2565    21.2575   5.113311   5.113555     2.2735     1.9023      82.08   22.25396  -86.81022    0.00001    0.00034          5  0.000e+00
      26933   1122.167     50.118     50.439    21.2569    21.2573   5.113349   5.113593     2.2735     1.9011      82.08   22.25396  -86.81022    0.00001    0.00031          5  0.000e+00
      26934   1122.208     50.118     50.439    21.2569    21.2577   5.113364   5.113539     2.2735     1.9023      82.05   22.25396  -86.81022 -5.275e-07    0.00029          5  0.000e+00
      26935   1122.250     50.064     50.385    21.2569    21.2573   5.113326   5.113547     2.2735     1.9011      82.08   22.25396  -86.81022   -0.00002    0.00025          5  0.000e+00
      26936   1122.292     50.166     50.487    21.2569    21.2575   5.113349   5.113562     2.2735     1.9023      82.05   22.25396  -86.81022   -0.00003    0.00023          5  0.000e+00
