Gulf of Mexico/GOMECC-4/1db/rb2103_1061.ros
* Sea-Bird SBE 9 Data File:
* FileName = C:\Users\scs.user.rb\CTD\GOMECC4\data\rb2103_1061.hex
* Software Version Seasave V 7.26.7.107
* Temperature SN = 4799
* Conductivity SN = 3860
* Number of Bytes Per Scan = 41
* Number of Voltage Words = 4
* Number of Scans Averaged by the Deck Unit = 1
* NMEA Latitude = 26 00.02 N
* NMEA Longitude = 088 00.00 W
* NMEA UTC (Time) = Oct 13 2021  21:11:53
* NMEA baud rate = 4800
# nquan = 17
# nvalues = 3192                                  
# units = specified
# name 0 = scan: Scan Count
# name 1 = timeS: Time, Elapsed [seconds]
# name 2 = depSM: Depth [salt water, m]
# name 3 = prDM: Pressure, Digiquartz [db]
# name 4 = t090C: Temperature [ITS-90, deg C]
# name 5 = t190C: Temperature, 2 [ITS-90, deg C]
# name 6 = c0S/m: Conductivity [S/m]
# name 7 = c1S/m: Conductivity, 2 [S/m]
# name 8 = sbeox0V: Oxygen raw, SBE 43 [V]
# name 9 = sbeox1V: Oxygen raw, SBE 43, 2 [V]
# name 10 = altM: Altimeter [m]
# name 11 = latitude: Latitude [deg]
# name 12 = longitude: Longitude [deg]
# name 13 = sbox0dV/dT: Oxygen, SBE 43 [dov/dt]
# name 14 = sbox1dV/dT: Oxygen, SBE 43, 2 [dov/dt]
# name 15 = nbf: Bottles Fired
# name 16 = flag:  0.000e+00
# interval = seconds: 0.0416667
# start_time = Oct 13 2021 21:11:53 [NMEA time, header]
# bad_flag = -9.990e-29
*END*
[from data line 1703]
     193069   8044.500    595.365    600.130    11.2213    11.2278   3.989376   3.989938     1.6716     1.3614     100.00   26.00126  -88.00078    0.00003   -0.00025         13  0.000e+00
     193070   8044.542    595.317    600.082    11.2228    11.2278   3.989477   3.989931     1.6703     1.3614     100.00   26.00126  -88.00078    0.00001   -0.00026         13  0.000e+00
     193071   8044.583    595.365    600.130    11.2230    11.2276   3.989531   3.989944     1.6703     1.3614     100.00   26.00126  -88.00078    0.00000   -0.00026         13  0.000e+00
     193072   8044.625    595.386    600.151    11.2225    11.2274   3.989484   3.989910     1.6703     1.3614     100.00   26.00126  -88.00078   -0.00001   -0.00025         13  0.000e+00
     193073   8044.667    595.365    600.130    11.2222    11.2274   3.989450   3.989896     1.6691     1.3614     100.00   26.00126  -88.00078   -0.00002   -0.00026         13  0.000e+00
     193074   8044.708    595.365    600.130    11.2225    11.2276   3.989436   3.989917     1.6703     1.3614     100.00   26.00126  -88.00078   -0.00002   -0.00025         13  0.000e+00
     193075   8044.750    595.365    600.130    11.2230    11.2276   3.989484   3.989869     1.6691     1.3614     100.00   26.00126  -88.00078   -0.00005   -0.00026         13  0.000e+00
     193076   8044.792    595.420    600.186    11.2238    11.2271   3.989558   3.989910     1.6703     1.3614     100.00   26.00126  -88.00078   -0.00004   -0.00025         13  0.000e+00
     193077   8044.833    595.365    600.131    11.2243    11.2271   3.989599   3.989876     1.6703     1.3614     100.00   26.00126  -88.00078   -0.00004   -0.00024         13  0.000e+00
     193078   8044.875    595.386    600.151    11.2246    11.2268   3.989632   3.989835     1.6703     1.3614     100.00   26.00126  -88.00078   -0.00003   -0.00023         13  0.000e+00
     193079   8044.917    595.420    600.186    11.2253    11.2271   3.989646   3.989787     1.6703     1.3614     100.00   26.00126  -88.00078   -0.00003   -0.00022         13  0.000e+00
     193080   8044.958    595.420    600.186    11.2258    11.2271   3.989720   3.989732     1.6703     1.3614     100.00   26.00126  -88.00078   -0.00002   -0.00021         13  0.000e+00
     193081   8045.000    595.420    600.186    11.2261    11.2271   3.989727   3.989588     1.6703     1.3614     100.00   26.00126  -88.00078   -0.00002   -0.00020         13  0.000e+00
     193082   8045.042    595.420    600.186    11.2264    11.2269   3.989713   3.989465     1.6703     1.3614     100.00   26.00126  -88.00078   -0.00001   -0.00019         13  0.000e+00
     193083   8045.083    595.420    600.186    11.2265    11.2271   3.989713   3.989383     1.6703     1.3614     100.00   26.00126  -88.00078   -0.00001   -0.00017         13  0.000e+00
     193084   8045.125    595.386    600.152    11.2266    11.2263   3.989693   3.989397     1.6703     1.3614     100.00   26.00126  -88.00078   -0.00000   -0.00016         13  0.000e+00
     193085   8045.167    595.468    600.234    11.2261    11.2251   3.989680   3.989431     1.6703     1.3614     100.00   26.00126  -88.00078 7.0338e-07   -0.00015         13  0.000e+00
     193086   8045.208    595.420    600.186    11.2258    11.2238   3.989659   3.989404     1.6703     1.3614     100.00   26.00126  -88.00078    0.00001   -0.00014         13  0.000e+00
     193087   8045.250    595.420    600.186    11.2248    11.2228   3.989592   3.989404     1.6703     1.3614     100.00   26.00126  -88.00078    0.00001   -0.00013         13  0.000e+00
     193088   8045.292    595.420    600.186    11.2239    11.2236   3.989572   3.989410     1.6703     1.3614     100.00   26.00126  -88.00078    0.00002   -0.00011         13  0.000e+00
     193089   8045.333    595.420    600.186    11.2230    11.2236   3.989551   3.989376     1.6703     1.3614     100.00   26.00126  -88.00078    0.00000   -0.00012         13  0.000e+00
     193090   8045.375    595.421    600.186    11.2228    11.2239   3.989592   3.989410     1.6703     1.3614     100.00   26.00126  -88.00078    0.00001   -0.00010         13  0.000e+00
     193091   8045.417    595.434    600.200    11.2224    11.2243   3.989484   3.989465     1.6691     1.3614     100.00   26.00126  -88.00078   -0.00002   -0.00009         13  0.000e+00
     193092   8045.458    595.421    600.186    11.2224    11.2244   3.989409   3.989479     1.6703     1.3614     100.00   26.00126  -88.00078   -0.00002   -0.00007         13  0.000e+00
     193093   8045.500    595.421    600.186    11.2219    11.2233   3.989403   3.989424     1.6691     1.3626     100.00   26.00126  -88.00078   -0.00005   -0.00004         13  0.000e+00
     193094   8045.542    595.421    600.186    11.2218    11.2224   3.989403   3.989342     1.6691     1.3614     100.00   26.00126  -88.00078   -0.00006   -0.00003         13  0.000e+00
     197510   8229.542    496.909    500.767    13.8121    13.8081   4.280205   4.279710     1.8168     1.4945     100.00   26.00134  -88.00080   -0.00002   -0.00008         14  0.000e+00
     197511   8229.583    496.466    500.319    13.8099    13.8084   4.280184   4.279674     1.8168     1.4945     100.00   26.00134  -88.00080   -0.00002   -0.00008         14  0.000e+00
     197512   8229.625    496.664    500.519    13.8090    13.8081   4.280114   4.279716     1.8168     1.4945     100.00   26.00134  -88.00080   -0.00002   -0.00009         14  0.000e+00
     197513   8229.667    496.616    500.471    13.8087    13.8083   4.280031   4.279709     1.8168     1.4945     100.00   26.00134  -88.00080   -0.00002   -0.00010         14  0.000e+00
     197514   8229.708    496.711    500.567    13.8088    13.8083   4.279934   4.279731     1.8156     1.4945     100.00   26.00134  -88.00080   -0.00004   -0.00011         14  0.000e+00
     197515   8229.750    496.616    500.471    13.8085    13.8079   4.279885   4.279738     1.8168     1.4945     100.00   26.00134  -88.00080   -0.00004   -0.00012         14  0.000e+00
     197516   8229.792    496.711    500.567    13.8086    13.8079   4.279843   4.279653     1.8168     1.4945     100.00   26.00136  -88.00080   -0.00002   -0.00013         14  0.000e+00
     197517   8229.833    496.664    500.519    13.8092    13.8079   4.279857   4.279653     1.8156     1.4945     100.00   26.00136  -88.00080   -0.00005   -0.00014         14  0.000e+00
     197518   8229.875    496.664    500.519    13.8092    13.8077   4.279878   4.279667     1.8156     1.4945     100.00   26.00136  -88.00080   -0.00007   -0.00014         14  0.000e+00
     197519   8229.917    496.664    500.519    13.8094    13.8079   4.279871   4.279667     1.8156     1.4945     100.00   26.00136  -88.00080   -0.00008   -0.00015         14  0.000e+00
     197520   8229.958    496.712    500.567    13.8090    13.8081   4.279871   4.279695     1.8168     1.4945     100.00   26.00136  -88.00080   -0.00010   -0.00016         14  0.000e+00
     197521   8230.000    496.718    500.574    13.8087    13.8081   4.279843   4.279702     1.8156     1.4945     100.00   26.00136  -88.00080   -0.00011   -0.00017         14  0.000e+00
     197522   8230.042    496.712    500.567    13.8080    13.8081   4.279788   4.279702     1.8181     1.4945     100.00   26.00136  -88.00080   -0.00011   -0.00016         14  0.000e+00
     197523   8230.083    496.664    500.519    13.8082    13.8079   4.279788   4.279674     1.8168     1.4945     100.00   26.00136  -88.00080   -0.00011   -0.00017         14  0.000e+00
     197524   8230.125    496.712    500.567    13.8080    13.8079   4.279767   4.279695     1.8168     1.4945     100.00   26.00136  -88.00080   -0.00011   -0.00018         14  0.000e+00
     197525   8230.167    496.766    500.623    13.8077    13.8076   4.279732   4.279646     1.8168     1.4945     100.00   26.00136  -88.00080   -0.00010   -0.00018         14  0.000e+00
     197526   8230.208    496.664    500.519    13.8078    13.8077   4.279725   4.279653     1.8168     1.4945     100.00   26.00136  -88.00080   -0.00010   -0.00019         14  0.000e+00
     197527   8230.250    496.766    500.623    13.8073    13.8077   4.279725   4.279639     1.8168     1.4945     100.00   26.00136  -88.00080   -0.00010   -0.00018         14  0.000e+00
     197528   8230.292    496.712    500.568    13.8075    13.8074   4.279690   4.279653     1.8168     1.4945     100.00   26.00136  -88.00080   -0.00008   -0.00017         14  0.000e+00
     197529   8230.333    496.766    500.623    13.8070    13.8076   4.279663   4.279639     1.8168     1.4945     100.00   26.00136  -88.00080   -0.00008   -0.00016         14  0.000e+00
     197530   8230.375    496.712    500.568    13.8075    13.8074   4.279676   4.279632     1.8168     1.4945     100.00   26.00136  -88.00080   -0.00008   -0.00015         14  0.000e+00
     197531   8230.417    496.766    500.623    13.8072    13.8074   4.279656   4.279604     1.8168     1.4945     100.00   26.00136  -88.00080   -0.00008   -0.00014         14  0.000e+00
     197532   8230.458    496.760    500.616    13.8072    13.8073   4.279704   4.279618     1.8168     1.4945     100.00   26.00136  -88.00080   -0.00007   -0.00013         14  0.000e+00
     197533   8230.500    496.766    500.623    13.8072    13.8073   4.279704   4.279604     1.8168     1.4945     100.00   26.00136  -88.00080   -0.00007   -0.00012         14  0.000e+00
     197534   8230.542    496.760    500.616    13.8073    13.8073   4.279683   4.279618     1.8168     1.4945     100.00   26.00136  -88.00080   -0.00007   -0.00010         14  0.000e+00
     197535   8230.583    496.767    500.623    13.8072    13.8073   4.279683   4.279604     1.8156     1.4945     100.00   26.00136  -88.00080   -0.00008   -0.00009         14  0.000e+00
     197536   8230.625    496.760    500.616    13.8075    13.8069   4.279683   4.279618     1.8156     1.4945     100.00   26.00136  -88.00080   -0.00010   -0.00008         14  0.000e+00
     197537   8230.667    496.814    500.671    13.8077    13.8069   4.279718   4.279632     1.8168     1.4945     100.00   26.00136  -88.00080   -0.00010   -0.00007         14  0.000e+00
     197538   8230.708    496.767    500.623    13.8075    13.8069   4.279670   4.279604     1.8156     1.4945     100.00   26.00136  -88.00080   -0.00011   -0.00005         14  0.000e+00
     197539   8230.750    496.814    500.671    13.8075    13.8069   4.279670   4.279618     1.8156     1.4945     100.00   26.00136  -88.00080   -0.00013   -0.00004         14  0.000e+00
     197540   8230.792    496.767    500.623    13.8075    13.8066   4.279746   4.279569     1.8156     1.4933     100.00   26.00136  -88.00080   -0.00016   -0.00006         14  0.000e+00
     197541   8230.833    496.814    500.671    13.8073    13.8066   4.279704   4.279526     1.8168     1.4945     100.00   26.00136  -88.00080   -0.00015   -0.00005         14  0.000e+00
     197542   8230.875    496.814    500.671    13.8077    13.8062   4.279711   4.279491     1.8156     1.4945     100.00   26.00136  -88.00080   -0.00017   -0.00003         14  0.000e+00
     197543   8230.917    496.814    500.671    13.8075    13.8060   4.279690   4.279484     1.8168     1.4945     100.00   26.00136  -88.00080   -0.00016   -0.00003         14  0.000e+00
     197544   8230.958    496.767    500.623    13.8073    13.8059   4.279718   4.279428     1.8168     1.4945     100.00   26.00136  -88.00080   -0.00016   -0.00003         14  0.000e+00
     197545   8231.000    496.815    500.671    13.8073    13.8059   4.279725   4.279463     1.8168     1.4945     100.00   26.00136  -88.00080   -0.00016   -0.00004         14  0.000e+00
     197546   8231.042    496.815    500.671    13.8072    13.8059   4.279725   4.279484     1.8168     1.4945     100.00   26.00136  -88.00080   -0.00015   -0.00004         14  0.000e+00
     197547   8231.083    496.760    500.616    13.8073    13.8059   4.279704   4.279505     1.8168     1.4945     100.00   26.00136  -88.00080   -0.00015   -0.00002         14  0.000e+00
     197548   8231.125    496.869    500.726    13.8075    13.8057   4.279718   4.279463     1.8168     1.4945     100.00   26.00136  -88.00080   -0.00014   -0.00003         14  0.000e+00
     197549   8231.167    496.862    500.720    13.8077    13.8059   4.279690   4.279470     1.8168     1.4945     100.00   26.00136  -88.00080   -0.00014   -0.00003         14  0.000e+00
     197550   8231.208    496.767    500.623    13.8072    13.8059   4.279711   4.279456     1.8168     1.4945     100.00   26.00136  -88.00080   -0.00015   -0.00003         14  0.000e+00
     197551   8231.250    496.862    500.720    13.8073    13.8060   4.279725   4.279470     1.8168     1.4945     100.00   26.00136  -88.00080   -0.00013   -0.00003         14  0.000e+00
     197552   8231.292    496.767    500.623    13.8073    13.8062   4.279690   4.279456     1.8168     1.4945     100.00   26.00136  -88.00080   -0.00013   -0.00004         14  0.000e+00
     197553   8231.333    496.862    500.720    13.8072    13.8064   4.279656   4.279414     1.8168     1.4945     100.00   26.00136  -88.00080   -0.00011   -0.00004         14  0.000e+00
     197554   8231.375    496.815    500.672    13.8073    13.8062   4.279704   4.279407     1.8168     1.4933     100.00   26.00136  -88.00080   -0.00010   -0.00006         14  0.000e+00
     197555   8231.417    496.815    500.672    13.8073    13.8062   4.279676   4.279407     1.8156     1.4945     100.00   26.00136  -88.00080   -0.00012   -0.00006         14  0.000e+00
     197556   8231.458    496.815    500.672    13.8073    13.8059   4.279704   4.279407     1.8168     1.4945     100.00   26.00136  -88.00080   -0.00009   -0.00006         14  0.000e+00
     197557   8231.500    496.863    500.720    13.8072    13.8059   4.279690   4.279435     1.8168     1.4945     100.00   26.00136  -88.00080   -0.00009   -0.00006         14  0.000e+00
     197558   8231.542    496.767    500.624    13.8072    13.8057   4.279690   4.279449     1.8168     1.4945     100.00   26.00136  -88.00080   -0.00008   -0.00006         14  0.000e+00
     197559   8231.583    496.815    500.672    13.8072    13.8055   4.279718   4.279421     1.8156     1.4945     100.00   26.00136  -88.00080   -0.00010   -0.00007         14  0.000e+00
     197560   8231.625    496.870    500.727    13.8070    13.8057   4.279690   4.279379     1.8156     1.4945     100.00   26.00136  -88.00080   -0.00011   -0.00007         14  0.000e+00
     197561   8231.667    496.815    500.672    13.8070    13.8054   4.279683   4.279400     1.8156     1.4945     100.00   26.00136  -88.00080   -0.00012   -0.00007         14  0.000e+00
     197562   8231.708    496.815    500.672    13.8072    13.8054   4.279663   4.279407     1.8156     1.4945     100.00   26.00136  -88.00080   -0.00013   -0.00007         14  0.000e+00
     197563   8231.750    496.815    500.672    13.8069    13.8052   4.279649   4.279350     1.8156     1.4945     100.00   26.00136  -88.00080   -0.00014   -0.00007         14  0.000e+00
     197564   8231.792    496.815    500.672    13.8072    13.8052   4.279670   4.279386     1.8156     1.4945     100.00   26.00136  -88.00080   -0.00015   -0.00007         14  0.000e+00
     197565   8231.833    496.761    500.617    13.8070    13.8052   4.279656   4.279350     1.8156     1.4945     100.00   26.00136  -88.00080   -0.00016   -0.00008         14  0.000e+00
     197566   8231.875    496.815    500.672    13.8070    13.8052   4.279628   4.279357     1.8156     1.4945     100.00   26.00136  -88.00080   -0.00017   -0.00008         14  0.000e+00
     197567   8231.917    496.815    500.672    13.8069    13.8052   4.279642   4.279343     1.8156     1.4945     100.00   26.00136  -88.00080   -0.00018   -0.00008         14  0.000e+00
