Gulf of Mexico/GOMECC-4/1db/rb2103_1211.ros
* Sea-Bird SBE 9 Data File:
* FileName = C:\Users\scs.user.rb\CTD\GOMECC4\data\rb2103_1211.hex
* Software Version Seasave V 7.26.7.107
* Temperature SN = 4799
* Conductivity SN = 3860
* Number of Bytes Per Scan = 41
* Number of Voltage Words = 4
* Number of Scans Averaged by the Deck Unit = 1
* NMEA Latitude = 24 24.00 N
* NMEA Longitude = 080 37.48 W
* NMEA UTC (Time) = Oct 17 2021  18:24:48
* NMEA baud rate = 4800
# nquan = 17
# nvalues = 2128                                  
# units = specified
# name 0 = scan: Scan Count
# name 1 = timeS: Time, Elapsed [seconds]
# name 2 = depSM: Depth [salt water, m]
# name 3 = prDM: Pressure, Digiquartz [db]
# name 4 = t090C: Temperature [ITS-90, deg C]
# name 5 = t190C: Temperature, 2 [ITS-90, deg C]
# name 6 = c0S/m: Conductivity [S/m]
# name 7 = c1S/m: Conductivity, 2 [S/m]
# name 8 = sbeox0V: Oxygen raw, SBE 43 [V]
# name 9 = sbeox1V: Oxygen raw, SBE 43, 2 [V]
# name 10 = altM: Altimeter [m]
# name 11 = latitude: Latitude [deg]
# name 12 = longitude: Longitude [deg]
# name 13 = sbox0dV/dT: Oxygen, SBE 43 [dov/dt]
# name 14 = sbox1dV/dT: Oxygen, SBE 43, 2 [dov/dt]
# name 15 = nbf: Bottles Fired
# name 16 = flag:  0.000e+00
# interval = seconds: 0.0416667
# start_time = Oct 17 2021 18:24:48 [NMEA time, header]
# bad_flag = -9.990e-29
*END*
[from data line 511]
      46356   1931.458    199.060    200.437    18.8839    18.8780   4.875431   4.874907     2.2857     1.9170     100.00   24.40780  -80.60964    0.00006   -0.00005          4  0.000e+00
      46357   1931.500    199.060    200.437    18.8837    18.8764   4.875453   4.874698     2.2869     1.9158     100.00   24.40780  -80.60964    0.00006   -0.00004          4  0.000e+00
      46358   1931.542    199.046    200.423    18.8839    18.8761   4.875467   4.874639     2.2857     1.9158     100.00   24.40780  -80.60964    0.00004   -0.00005          4  0.000e+00
      46359   1931.583    199.005    200.382    18.8837    18.8768   4.875409   4.874594     2.2857     1.9158     100.00   24.40780  -80.60964    0.00003   -0.00006          4  0.000e+00
      46360   1931.625    199.060    200.437    18.8837    18.8754   4.875379   4.874535     2.2857     1.9158     100.00   24.40780  -80.60964    0.00001   -0.00005          4  0.000e+00
      46361   1931.667    199.046    200.423    18.8837    18.8732   4.875379   4.874542     2.2857     1.9170     100.00   24.40780  -80.60964   -0.00002   -0.00002          4  0.000e+00
      46362   1931.708    199.060    200.437    18.8839    18.8727   4.875409   4.874528     2.2857     1.9158     100.00   24.40780  -80.60964   -0.00004   -0.00001          4  0.000e+00
      46363   1931.750    199.060    200.437    18.8841    18.8726   4.875453   4.874483     2.2857     1.9158     100.00   24.40780  -80.60964   -0.00004   -0.00000          4  0.000e+00
      46364   1931.792    199.046    200.424    18.8841    18.8729   4.875431   4.874565     2.2857     1.9158     100.00   24.40780  -80.60964   -0.00004    0.00001          4  0.000e+00
      46365   1931.833    199.060    200.437    18.8839    18.8731   4.875482   4.874602     2.2857     1.9170     100.00   24.40780  -80.60964   -0.00005    0.00004          4  0.000e+00
      46366   1931.875    199.060    200.437    18.8842    18.8735   4.875453   4.874624     2.2857     1.9158     100.00   24.40780  -80.60964   -0.00007    0.00003          4  0.000e+00
      46367   1931.917    199.046    200.424    18.8842    18.8734   4.875423   4.874669     2.2857     1.9170     100.00   24.40780  -80.60964   -0.00008    0.00006          4  0.000e+00
      46368   1931.958    199.060    200.437    18.8846    18.8736   4.875511   4.874646     2.2857     1.9170     100.00   24.40780  -80.60964   -0.00010    0.00007          4  0.000e+00
      46369   1932.000    199.046    200.424    18.8846    18.8740   4.875482   4.874669     2.2869     1.9170     100.00   24.40780  -80.60964   -0.00010    0.00010          4  0.000e+00
      46370   1932.042    199.060    200.437    18.8848    18.8742   4.875526   4.874684     2.2869     1.9170     100.00   24.40780  -80.60964   -0.00008    0.00011          4  0.000e+00
      46371   1932.083    199.060    200.437    18.8844    18.8746   4.875548   4.874639     2.2869     1.9170     100.00   24.40780  -80.60964   -0.00008    0.00013          4  0.000e+00
      46372   1932.125    199.046    200.424    18.8842    18.8747   4.875482   4.874609     2.2857     1.9170     100.00   24.40780  -80.60964   -0.00009    0.00014          4  0.000e+00
      46373   1932.167    199.006    200.383    18.8832    18.8754   4.875379   4.874602     2.2857     1.9170     100.00   24.40780  -80.60964   -0.00011    0.00015          4  0.000e+00
      46374   1932.208    199.060    200.438    18.8829    18.8753   4.875313   4.874535     2.2857     1.9170     100.00   24.40780  -80.60964   -0.00013    0.00016          4  0.000e+00
      46375   1932.250    199.094    200.472    18.8829    18.8750   4.875233   4.874580     2.2857     1.9170     100.00   24.40780  -80.60964   -0.00014    0.00019          4  0.000e+00
      46376   1932.292    199.006    200.383    18.8829    18.8747   4.875218   4.874535     2.2857     1.9170     100.00   24.40780  -80.60964   -0.00016    0.00020          4  0.000e+00
      49895   2078.917    149.202    150.216    21.3064    21.3076   5.164373   5.164697     2.3663     1.9829     100.00   24.40858  -80.60818    0.00016   -0.00016          5  0.000e+00
      49896   2078.958    149.202    150.216    21.3074    21.3080   5.164418   5.164697     2.3663     1.9829     100.00   24.40858  -80.60818    0.00016   -0.00017          5  0.000e+00
      49897   2079.000    149.446    150.462    21.3079    21.3081   5.164463   5.164728     2.3663     1.9829     100.00   24.40858  -80.60818    0.00014   -0.00017          5  0.000e+00
      49898   2079.042    149.304    150.319    21.3080    21.3083   5.164546   5.164705     2.3663     1.9829     100.00   24.40858  -80.60818    0.00012   -0.00018          5  0.000e+00
      49899   2079.083    149.351    150.367    21.3084    21.3084   5.164568   5.164728     2.3663     1.9829     100.00   24.40858  -80.60818    0.00011   -0.00018          5  0.000e+00
      49900   2079.125    149.351    150.367    21.3090    21.3083   5.164621   5.164804     2.3663     1.9829     100.00   24.40858  -80.60818    0.00009   -0.00019          5  0.000e+00
      49901   2079.167    149.351    150.367    21.3095    21.3088   5.164643   5.164888     2.3663     1.9829     100.00   24.40858  -80.60818    0.00007   -0.00019          5  0.000e+00
      49902   2079.208    149.297    150.312    21.3097    21.3096   5.164651   5.164842     2.3663     1.9841     100.00   24.40858  -80.60818    0.00005   -0.00020          5  0.000e+00
      49903   2079.250    149.351    150.367    21.3105    21.3103   5.164719   5.164956     2.3663     1.9829     100.00   24.40858  -80.60818    0.00003   -0.00020          5  0.000e+00
      49904   2079.292    149.351    150.367    21.3114    21.3115   5.164703   5.165063     2.3663     1.9829     100.00   24.40858  -80.60818    0.00001   -0.00022          5  0.000e+00
      49905   2079.333    149.351    150.367    21.3105    21.3122   5.164561   5.165147     2.3663     1.9829     100.00   24.40858  -80.60818   -0.00001   -0.00024          5  0.000e+00
      49906   2079.375    149.297    150.312    21.3085    21.3124   5.164486   5.165131     2.3663     1.9841     100.00   24.40858  -80.60818   -0.00003   -0.00023          5  0.000e+00
      49907   2079.417    149.352    150.367    21.3079    21.3124   5.164411   5.165192     2.3675     1.9841     100.00   24.40858  -80.60818   -0.00003   -0.00022          5  0.000e+00
      49908   2079.458    149.297    150.312    21.3071    21.3124   5.164358   5.165177     2.3675     1.9829     100.00   24.40858  -80.60818   -0.00003   -0.00024          5  0.000e+00
      49909   2079.500    149.352    150.367    21.3070    21.3126   5.164350   5.165200     2.3663     1.9841     100.00   24.40858  -80.60818   -0.00005   -0.00023          5  0.000e+00
      49910   2079.542    149.352    150.367    21.3069    21.3126   5.164283   5.165246     2.3663     1.9829     100.00   24.40858  -80.60818   -0.00007   -0.00025          5  0.000e+00
      49911   2079.583    149.304    150.319    21.3069    21.3135   5.164328   5.165352     2.3663     1.9841     100.00   24.40858  -80.60818   -0.00009   -0.00025          5  0.000e+00
      49912   2079.625    149.352    150.367    21.3069    21.3145   5.164283   5.165314     2.3663     1.9841     100.00   24.40858  -80.60816   -0.00011   -0.00026          5  0.000e+00
      49913   2079.667    149.304    150.319    21.3066    21.3150   5.164290   5.165367     2.3663     1.9841     100.00   24.40858  -80.60816   -0.00013   -0.00026          5  0.000e+00
      49914   2079.708    149.352    150.367    21.3070    21.3152   5.164305   5.165390     2.3675     1.9841     100.00   24.40858  -80.60816   -0.00013   -0.00027          5  0.000e+00
      49915   2079.750    149.297    150.312    21.3067    21.3151   5.164298   5.165383     2.3663     1.9841     100.00   24.40858  -80.60816   -0.00015   -0.00027          5  0.000e+00
      49916   2079.792    149.352    150.367    21.3068    21.3147   5.164268   5.165352     2.3663     1.9853     100.00   24.40858  -80.60816   -0.00017   -0.00026          5  0.000e+00
      49917   2079.833    149.352    150.367    21.3061    21.3150   5.164230   5.165345     2.3663     1.9841     100.00   24.40858  -80.60816   -0.00019   -0.00027          5  0.000e+00
      49918   2079.875    149.304    150.319    21.3062    21.3149   5.164223   5.165375     2.3663     1.9841     100.00   24.40858  -80.60816   -0.00021   -0.00028          5  0.000e+00
      49919   2079.917    149.352    150.367    21.3063    21.3149   5.164223   5.165390     2.3663     1.9841     100.00   24.40858  -80.60816   -0.00023   -0.00028          5  0.000e+00
      49920   2079.958    149.304    150.319    21.3063    21.3149   5.164215   5.165444     2.3663     1.9841     100.00   24.40858  -80.60816   -0.00023   -0.00029          5  0.000e+00
      49921   2080.000    149.352    150.367    21.3062    21.3147   5.164215   5.165436     2.3663     1.9841     100.00   24.40858  -80.60816   -0.00025   -0.00028          5  0.000e+00
      49922   2080.042    149.352    150.367    21.3061    21.3147   5.164185   5.165398     2.3663     1.9841     100.00   24.40858  -80.60816   -0.00027   -0.00029          5  0.000e+00
      49923   2080.083    149.298    150.313    21.3060    21.3144   5.164208   5.165413     2.3675     1.9841     100.00   24.40858  -80.60816   -0.00028   -0.00028          5  0.000e+00
      49924   2080.125    149.352    150.367    21.3061    21.3145   5.164245   5.165360     2.3663     1.9841     100.00   24.40858  -80.60816   -0.00030   -0.00027          5  0.000e+00
      49925   2080.167    149.305    150.319    21.3058    21.3145   5.164193   5.165436     2.3663     1.9841     100.00   24.40858  -80.60816   -0.00030   -0.00028          5  0.000e+00
      49926   2080.208    149.352    150.367    21.3059    21.3145   5.164170   5.165405     2.3663     1.9841     100.00   24.40858  -80.60816   -0.00032   -0.00029          5  0.000e+00
      49927   2080.250    149.305    150.320    21.3060    21.3146   5.164208   5.165390     2.3663     1.9841     100.00   24.40858  -80.60816   -0.00034   -0.00028          5  0.000e+00
      49928   2080.292    149.352    150.367    21.3059    21.3147   5.164223   5.165451     2.3675     1.9841     100.00   24.40858  -80.60816   -0.00032   -0.00027          5  0.000e+00
      49929   2080.333    149.352    150.367    21.3060    21.3147   5.164185   5.165466     2.3663     1.9841     100.00   24.40858  -80.60816   -0.00034   -0.00026          5  0.000e+00
      49930   2080.375    149.298    150.313    21.3061    21.3147   5.164208   5.165405     2.3675     1.9841     100.00   24.40858  -80.60816   -0.00033   -0.00026          5  0.000e+00
      49931   2080.417    149.352    150.367    21.3059    21.3144   5.164245   5.165413     2.3675     1.9841     100.00   24.40858  -80.60816   -0.00033   -0.00025          5  0.000e+00
      49932   2080.458    149.298    150.313    21.3060    21.3145   5.164193   5.165428     2.3663     1.9841     100.00   24.40858  -80.60816   -0.00035   -0.00024          5  0.000e+00
      49933   2080.500    149.352    150.368    21.3053    21.3147   5.164208   5.165398     2.3675     1.9841     100.00   24.40858  -80.60816   -0.00035   -0.00023          5  0.000e+00
      49934   2080.542    149.352    150.368    21.3056    21.3142   5.164185   5.165345     2.3663     1.9841     100.00   24.40858  -80.60816   -0.00035   -0.00022          5  0.000e+00
      49935   2080.583    149.305    150.320    21.3051    21.3144   5.164178   5.165405     2.3675     1.9841     100.00   24.40858  -80.60816   -0.00034   -0.00021          5  0.000e+00
      49936   2080.625    149.352    150.368    21.3051    21.3142   5.164200   5.165398     2.3675     1.9841     100.00   24.40858  -80.60816   -0.00032   -0.00021          5  0.000e+00
      49937   2080.667    149.352    150.368    21.3049    21.3145   5.164185   5.165482     2.3675     1.9841     100.00   24.40858  -80.60816   -0.00031   -0.00020          5  0.000e+00
      49938   2080.708    149.305    150.320    21.3048    21.3145   5.164140   5.165543     2.3675     1.9841     100.00   24.40858  -80.60816   -0.00029   -0.00019          5  0.000e+00
      49939   2080.750    149.400    150.415    21.3046    21.3151   5.164095   5.165558     2.3675     1.9841     100.00   24.40858  -80.60816   -0.00028   -0.00016          5  0.000e+00
      49940   2080.792    149.305    150.320    21.3043    21.3152   5.164118   5.165558     2.3663     1.9841     100.00   24.40858  -80.60816   -0.00028   -0.00015          5  0.000e+00
      49941   2080.833    149.352    150.368    21.3046    21.3154   5.164133   5.165527     2.3675     1.9841     100.00   24.40858  -80.60816   -0.00027   -0.00015          5  0.000e+00
      49942   2080.875    149.353    150.368    21.3041    21.3147   5.164095   5.165543     2.3675     1.9841     100.00   24.40858  -80.60816   -0.00025   -0.00014          5  0.000e+00
      49943   2080.917    149.353    150.368    21.3039    21.3140   5.164088   5.165520     2.3675     1.9841     100.00   24.40858  -80.60816   -0.00022   -0.00013          5  0.000e+00
      49944   2080.958    149.353    150.368    21.3039    21.3138   5.164058   5.165482     2.3675     1.9841     100.00   24.40858  -80.60816   -0.00020   -0.00010          5  0.000e+00
      49945   2081.000    149.353    150.368    21.3039    21.3140   5.164050   5.165436     2.3675     1.9841     100.00   24.40858  -80.60816   -0.00019   -0.00007          5  0.000e+00
      49946   2081.042    149.353    150.368    21.3035    21.3143   5.164012   5.165428     2.3675     1.9841     100.00   24.40858  -80.60816   -0.00017   -0.00005          5  0.000e+00
      49947   2081.083    149.407    150.423    21.3032    21.3146   5.163997   5.165428     2.3675     1.9841      85.81   24.40858  -80.60816   -0.00015   -0.00002          5  0.000e+00
      49948   2081.125    149.353    150.368    21.3025    21.3147   5.163907   5.165329     2.3675     1.9853      59.19   24.40858  -80.60816   -0.00014    0.00001          5  0.000e+00
      49949   2081.167    149.353    150.368    21.3020    21.3136   5.163877   5.165230     2.3663     1.9841      51.40   24.40858  -80.60816   -0.00012    0.00004          5  0.000e+00
      49950   2081.208    149.353    150.368    21.3015    21.3110   5.163772   5.165116     2.3663     1.9841      52.04   24.40858  -80.60816   -0.00012    0.00006          5  0.000e+00
      49951   2081.250    149.353    150.368    21.3014    21.3087   5.163674   5.165048     2.3663     1.9841      53.19   24.40858  -80.60816   -0.00012    0.00009          5  0.000e+00
      49952   2081.292    149.400    150.416    21.3013    21.3073   5.163720   5.164941     2.3663     1.9841      53.46   24.40858  -80.60816   -0.00012    0.00012          5  0.000e+00
      49953   2081.333    149.353    150.368    21.3016    21.3065   5.163742   5.164842     2.3663     1.9841      53.41   24.40858  -80.60816   -0.00012    0.00013          5  0.000e+00
      49954   2081.375    149.400    150.416    21.3020    21.3056   5.163742   5.164758     2.3663     1.9853      53.36   24.40858  -80.60816   -0.00012    0.00018          5  0.000e+00
      49955   2081.417    149.353    150.368    21.3020    21.3053   5.163772   5.164705     2.3663     1.9841      53.33   24.40858  -80.60816   -0.00012    0.00021          5  0.000e+00
      49956   2081.458    149.400    150.416    21.3020    21.3047   5.163855   5.164599     2.3663     1.9841      53.36   24.40858  -80.60816   -0.00012    0.00024          5  0.000e+00
      49957   2081.500    149.353    150.368    21.3023    21.3046   5.163840   5.164500     2.3663     1.9841      53.36   24.40858  -80.60816   -0.00012    0.00027          5  0.000e+00
