Gulf of Mexico/GOMECC-4/1db/rb2103_1121.ros
* Sea-Bird SBE 9 Data File:
* FileName = C:\Users\scs.user.rb\CTD\GOMECC4\data\rb2103_1121.hex
* Software Version Seasave V 7.26.7.107
* Temperature SN = 4799
* Conductivity SN = 3860
* Number of Bytes Per Scan = 41
* Number of Voltage Words = 4
* Number of Scans Averaged by the Deck Unit = 1
* NMEA Latitude = 22 15.23 N
* NMEA Longitude = 086 48.60 W
* NMEA UTC (Time) = Oct 15 2021  11:26:45
* NMEA baud rate = 4800
# nquan = 17
# nvalues = 1330                                  
# units = specified
# name 0 = scan: Scan Count
# name 1 = timeS: Time, Elapsed [seconds]
# name 2 = depSM: Depth [salt water, m]
# name 3 = prDM: Pressure, Digiquartz [db]
# name 4 = t090C: Temperature [ITS-90, deg C]
# name 5 = t190C: Temperature, 2 [ITS-90, deg C]
# name 6 = c0S/m: Conductivity [S/m]
# name 7 = c1S/m: Conductivity, 2 [S/m]
# name 8 = sbeox0V: Oxygen raw, SBE 43 [V]
# name 9 = sbeox1V: Oxygen raw, SBE 43, 2 [V]
# name 10 = altM: Altimeter [m]
# name 11 = latitude: Latitude [deg]
# name 12 = longitude: Longitude [deg]
# name 13 = sbox0dV/dT: Oxygen, SBE 43 [dov/dt]
# name 14 = sbox1dV/dT: Oxygen, SBE 43, 2 [dov/dt]
# name 15 = nbf: Bottles Fired
# name 16 = flag:  0.000e+00
# interval = seconds: 0.0416667
# start_time = Oct 15 2021 11:26:45 [NMEA time, header]
# bad_flag = -9.990e-29
*END*
[from data line 256]
      19730    822.042    107.994    108.701    17.4059    17.3988   4.690254   4.688613     2.1148     1.7668      24.69   22.25396  -86.81022 -1.758e-07    0.00023          2  0.000e+00
      19731    822.083    108.028    108.736    17.4021    17.3990   4.690117   4.688539     2.1148     1.7668      24.69   22.25396  -86.81022 -5.275e-07    0.00024          2  0.000e+00
      19732    822.125    107.994    108.701    17.4044    17.3980   4.690001   4.688444     2.1148     1.7668      24.69   22.25396  -86.81022 -8.792e-07    0.00025          2  0.000e+00
      19733    822.167    107.994    108.701    17.4064    17.3965   4.689994   4.688444     2.1148     1.7668      24.69   22.25396  -86.81022   -0.00000    0.00026          2  0.000e+00
      19734    822.208    108.028    108.736    17.4075    17.3963   4.689943   4.688518     2.1148     1.7668      24.69   22.25396  -86.81022   -0.00000    0.00027          2  0.000e+00
      19735    822.250    108.048    108.756    17.4108    17.3967   4.690044   4.688569     2.1148     1.7668      24.69   22.25396  -86.81022   -0.00000    0.00028          2  0.000e+00
      19736    822.292    108.028    108.736    17.4154    17.3970   4.690261   4.688547     2.1148     1.7668      24.71   22.25396  -86.81022   -0.00000    0.00029          2  0.000e+00
      19737    822.333    108.048    108.756    17.4181    17.3972   4.690354   4.688474     2.1148     1.7668      24.69   22.25396  -86.81022   -0.00000    0.00030          2  0.000e+00
      19738    822.375    107.899    108.606    17.4180    17.3970   4.690246   4.688364     2.1148     1.7668      24.71   22.25396  -86.81022   -0.00000    0.00031          2  0.000e+00
      19739    822.417    108.177    108.886    17.4130    17.3957   4.690059   4.688276     2.1148     1.7668      24.69   22.25396  -86.81022   -0.00000    0.00032          2  0.000e+00
      22174    923.875     89.351     89.932    18.3159    18.2942   4.795129   4.792414     2.1099     1.7582      42.98   22.25398  -86.81020    0.00049    0.00035          3  0.000e+00
      22175    923.917     89.351     89.932    18.3150    18.2924   4.795137   4.792340     2.1099     1.7582      42.98   22.25398  -86.81020    0.00049    0.00040          3  0.000e+00
      22176    923.958     89.398     89.980    18.3157    18.2921   4.795056   4.792229     2.1099     1.7570      42.98   22.25398  -86.81020    0.00050    0.00043          3  0.000e+00
      22177    924.000     89.398     89.980    18.3152    18.2929   4.794991   4.792170     2.1099     1.7582      42.98   22.25398  -86.81020    0.00051    0.00047          3  0.000e+00
      22178    924.042     89.297     89.878    18.3155    18.2922   4.795071   4.792104     2.1099     1.7582      42.98   22.25398  -86.81020    0.00052    0.00052          3  0.000e+00
      22179    924.083     89.351     89.932    18.3159    18.2921   4.795129   4.792023     2.1099     1.7582      42.98   22.25398  -86.81020    0.00054    0.00056          3  0.000e+00
      22180    924.125     89.351     89.932    18.3166    18.2915   4.795231   4.791964     2.1099     1.7582      42.98   22.25398  -86.81020    0.00053    0.00059          3  0.000e+00
      22181    924.167     89.351     89.932    18.3163    18.2905   4.795231   4.791868     2.1099     1.7582      42.98   22.25398  -86.81020    0.00052    0.00063          3  0.000e+00
      22182    924.208     89.351     89.932    18.3161    18.2895   4.795253   4.791838     2.1099     1.7582      42.98   22.25398  -86.81020    0.00051    0.00068          3  0.000e+00
      22183    924.250     89.297     89.878    18.3161    18.2876   4.795231   4.791860     2.1099     1.7570      42.98   22.25398  -86.81020    0.00052    0.00069          3  0.000e+00
      22184    924.292     89.351     89.932    18.3173    18.2874   4.795253   4.791846     2.1099     1.7582      42.98   22.25398  -86.81020    0.00051    0.00073          3  0.000e+00
      22185    924.333     89.297     89.878    18.3174    18.2884   4.795202   4.791838     2.1099     1.7582      42.98   22.25398  -86.81020    0.00051    0.00075          3  0.000e+00
      22186    924.375     89.351     89.932    18.3166    18.2898   4.795209   4.791838     2.1099     1.7582      42.98   22.25398  -86.81020    0.00049    0.00078          3  0.000e+00
      22187    924.417     89.297     89.878    18.3150    18.2897   4.795195   4.791772     2.1099     1.7582      42.98   22.25398  -86.81020    0.00048    0.00080          3  0.000e+00
      22188    924.458     89.351     89.932    18.3163    18.2888   4.795100   4.791728     2.1099     1.7582      42.98   22.25398  -86.81020    0.00049    0.00083          3  0.000e+00
      22189    924.500     89.297     89.878    18.3166    18.2867   4.795035   4.791742     2.1099     1.7582      42.98   22.25398  -86.81020    0.00048    0.00085          3  0.000e+00
      22190    924.542     89.297     89.878    18.3169    18.2851   4.794962   4.791661     2.1099     1.7582      42.98   22.25398  -86.81020    0.00047    0.00087          3  0.000e+00
      22191    924.583     89.297     89.878    18.3166    18.2841   4.794874   4.791565     2.1099     1.7582      42.98   22.25398  -86.81020    0.00047    0.00089          3  0.000e+00
      22192    924.625     89.297     89.878    18.3157    18.2830   4.794860   4.791551     2.1099     1.7582      42.98   22.25398  -86.81020    0.00047    0.00091          3  0.000e+00
      22193    924.667     89.297     89.878    18.3157    18.2829   4.794860   4.791580     2.1099     1.7582      43.00   22.25398  -86.81020    0.00048    0.00093          3  0.000e+00
      22194    924.708     89.249     89.830    18.3149    18.2840   4.794794   4.791595     2.1099     1.7582      43.03   22.25398  -86.81020    0.00046    0.00093          3  0.000e+00
      22195    924.750     89.297     89.878    18.3140    18.2851   4.794809   4.791528     2.1099     1.7582      43.05   22.25398  -86.81020    0.00047    0.00093          3  0.000e+00
      22196    924.792     89.297     89.878    18.3138    18.2865   4.794823   4.791536     2.1099     1.7582      43.05   22.25398  -86.81020    0.00047    0.00093          3  0.000e+00
      22197    924.833     89.249     89.830    18.3135    18.2872   4.794787   4.791550     2.1099     1.7582      43.05   22.25398  -86.81020    0.00045    0.00093          3  0.000e+00
      22198    924.875     89.297     89.878    18.3140    18.2879   4.794780   4.791558     2.1099     1.7582      43.05   22.25398  -86.81020    0.00045    0.00092          3  0.000e+00
      22199    924.917     89.256     89.837    18.3145    18.2879   4.794751   4.791609     2.1099     1.7582      43.05   22.25398  -86.81020    0.00044    0.00092          3  0.000e+00
      22200    924.958     89.297     89.878    18.3128    18.2874   4.794743   4.791632     2.1099     1.7582      43.05   22.25398  -86.81020    0.00044    0.00091          3  0.000e+00
      22201    925.000     89.249     89.830    18.3124    18.2872   4.794765   4.791661     2.1099     1.7582      43.05   22.25398  -86.81020    0.00044    0.00091          3  0.000e+00
      22202    925.042     89.249     89.830    18.3126    18.2863   4.794780   4.791580     2.1099     1.7582      43.05   22.25398  -86.81020    0.00044    0.00090          3  0.000e+00
      22203    925.083     89.297     89.878    18.3126    18.2858   4.794838   4.791521     2.1087     1.7582      43.05   22.25398  -86.81020    0.00042    0.00089          3  0.000e+00
      22204    925.125     89.249     89.830    18.3126    18.2858   4.794860   4.791447     2.1099     1.7582      43.05   22.25398  -86.81020    0.00042    0.00088          3  0.000e+00
      22205    925.167     89.249     89.830    18.3130    18.2858   4.794838   4.791307     2.1099     1.7582      43.05   22.25398  -86.81020    0.00042    0.00087          3  0.000e+00
      22206    925.208     89.249     89.830    18.3140    18.2850   4.794852   4.791204     2.1087     1.7582      43.05   22.25398  -86.81020    0.00040    0.00086          3  0.000e+00
      22207    925.250     89.249     89.830    18.3145    18.2844   4.794889   4.791123     2.1099     1.7582      43.05   22.25398  -86.81020    0.00040    0.00085          3  0.000e+00
      22208    925.292     89.249     89.830    18.3149    18.2843   4.794903   4.791078     2.1099     1.7582      43.05   22.25398  -86.81020    0.00039    0.00085          3  0.000e+00
      22209    925.333     89.202     89.782    18.3143    18.2848   4.794925   4.791049     2.1099     1.7582      43.05   22.25398  -86.81020    0.00039    0.00085          3  0.000e+00
      22210    925.375     89.249     89.830    18.3142    18.2850   4.794911   4.790938     2.1099     1.7582      43.05   22.25398  -86.81020    0.00039    0.00085          3  0.000e+00
      22211    925.417     89.249     89.830    18.3147    18.2850   4.794903   4.790842     2.1099     1.7582      43.05   22.25398  -86.81020    0.00039    0.00086          3  0.000e+00
      22212    925.458     89.202     89.782    18.3150    18.2848   4.794962   4.790850     2.1099     1.7582      43.05   22.25398  -86.81020    0.00038    0.00086          3  0.000e+00
      22213    925.500     89.249     89.830    18.3163    18.2851   4.794947   4.790894     2.1099     1.7582      43.05   22.25398  -86.81020    0.00038    0.00084          3  0.000e+00
      22214    925.542     89.249     89.830    18.3163    18.2850   4.794969   4.790872     2.1099     1.7582      43.05   22.25398  -86.81020    0.00037    0.00082          3  0.000e+00
      22215    925.583     89.202     89.782    18.3174    18.2847   4.795042   4.790894     2.1099     1.7582      43.05   22.25398  -86.81020    0.00037    0.00082          3  0.000e+00
      22216    925.625     89.249     89.830    18.3178    18.2841   4.795093   4.790931     2.1099     1.7582      43.05   22.25398  -86.81020    0.00037    0.00082          3  0.000e+00
      22217    925.667     89.202     89.782    18.3180    18.2836   4.795129   4.790945     2.1099     1.7582      43.05   22.25398  -86.81020    0.00036    0.00081          3  0.000e+00
      22218    925.708     89.249     89.830    18.3180    18.2836   4.795173   4.790945     2.1099     1.7582      43.13   22.25398  -86.81020    0.00035    0.00081          3  0.000e+00
      22219    925.750     89.202     89.782    18.3182    18.2834   4.795187   4.790945     2.1099     1.7582      43.13   22.25398  -86.81020    0.00035    0.00081          3  0.000e+00
      22220    925.792     89.202     89.782    18.3180    18.2832   4.795217   4.790916     2.1099     1.7582      43.15   22.25398  -86.81020    0.00034    0.00080          3  0.000e+00
      22221    925.833     89.202     89.782    18.3180    18.2829   4.795253   4.790909     2.1099     1.7582      43.15   22.25398  -86.81020    0.00034    0.00079          3  0.000e+00
      22222    925.875     89.249     89.830    18.3180    18.2832   4.795231   4.790872     2.1099     1.7582      43.15   22.25398  -86.81020    0.00033    0.00079          3  0.000e+00
      22223    925.917     89.202     89.782    18.3187    18.2827   4.795224   4.790798     2.1099     1.7582      43.15   22.25398  -86.81020    0.00032    0.00078          3  0.000e+00
      22224    925.958     89.209     89.789    18.3188    18.2798   4.795253   4.790783     2.1099     1.7582      43.15   22.25398  -86.81020    0.00031    0.00077          3  0.000e+00
      22225    926.000     89.249     89.830    18.3183    18.2773   4.795297   4.790695     2.1099     1.7582      43.15   22.25398  -86.81020    0.00031    0.00076          3  0.000e+00
      22226    926.042     89.202     89.782    18.3178    18.2759   4.795275   4.790687     2.1099     1.7582      43.15   22.25398  -86.81020    0.00030    0.00075          3  0.000e+00
      22227    926.083     89.202     89.782    18.3182    18.2742   4.795297   4.790702     2.1099     1.7582      43.15   22.25398  -86.81020    0.00029    0.00074          3  0.000e+00
      22228    926.125     89.202     89.782    18.3182    18.2721   4.795311   4.790614     2.1099     1.7582      43.15   22.25398  -86.81020    0.00028    0.00073          3  0.000e+00
      22229    926.167     89.202     89.782    18.3178    18.2707   4.795246   4.790643     2.1099     1.7582      43.15   22.25398  -86.81020    0.00027    0.00072          3  0.000e+00
      22230    926.208     89.249     89.830    18.3182    18.2711   4.795253   4.790665     2.1099     1.7582      43.13   22.25398  -86.81020    0.00024    0.00071          3  0.000e+00
      22231    926.250     89.202     89.782    18.3178    18.2714   4.795297   4.790665     2.1099     1.7582      43.13   22.25398  -86.81020    0.00023    0.00070          3  0.000e+00
      22232    926.292     89.202     89.782    18.3176    18.2716   4.795275   4.790628     2.1099     1.7582      43.15   22.25398  -86.81020    0.00022    0.00068          3  0.000e+00
      22233    926.333     89.202     89.782    18.3174    18.2726   4.795355   4.790621     2.1099     1.7582      43.15   22.25398  -86.81020    0.00021    0.00067          3  0.000e+00
      22234    926.375     89.202     89.782    18.3173    18.2740   4.795326   4.790628     2.1099     1.7582      43.15   22.25398  -86.81020    0.00020    0.00065          3  0.000e+00
      22235    926.417     89.202     89.782    18.3176    18.2738   4.795369   4.790680     2.1099     1.7582      43.15   22.25398  -86.81020    0.00019    0.00064          3  0.000e+00
      22236    926.458     89.249     89.830    18.3180    18.2738   4.795413   4.790636     2.1099     1.7582      43.15   22.25398  -86.81020    0.00018    0.00062          3  0.000e+00
      22237    926.500     89.202     89.782    18.3182    18.2757   4.795457   4.790621     2.1099     1.7582      43.15   22.25398  -86.81020    0.00016    0.00060          3  0.000e+00
      22238    926.542     89.202     89.782    18.3183    18.2754   4.795471   4.790591     2.1099     1.7582      43.15   22.25398  -86.81020    0.00015    0.00059          3  0.000e+00
      22239    926.583     89.249     89.830    18.3183    18.2745   4.795493   4.790518     2.1111     1.7582      43.15   22.25398  -86.81020    0.00016    0.00057          3  0.000e+00
      22240    926.625     89.202     89.782    18.3183    18.2740   4.795442   4.790525     2.1111     1.7582      43.15   22.25398  -86.81020    0.00016    0.00055          3  0.000e+00
      22241    926.667     89.202     89.782    18.3190    18.2757   4.795486   4.790599     2.1111     1.7582      43.15   22.25398  -86.81020    0.00016    0.00053          3  0.000e+00
      22242    926.708     89.249     89.830    18.3194    18.2777   4.795508   4.790680     2.1111     1.7582      43.15   22.25398  -86.81020    0.00016    0.00051          3  0.000e+00
      22243    926.750     89.202     89.782    18.3187    18.2784   4.795479   4.790732     2.1099     1.7570      43.15   22.25398  -86.81020    0.00017    0.00047          3  0.000e+00
      22244    926.792     89.249     89.830    18.3178    18.2784   4.795530   4.790768     2.1111     1.7570      43.15   22.25398  -86.81020    0.00017    0.00043          3  0.000e+00
      22245    926.833     89.202     89.782    18.3190    18.2787   4.795515   4.790872     2.1099     1.7582      43.15   22.25398  -86.81020    0.00017    0.00041          3  0.000e+00
      22246    926.875     89.249     89.830    18.3194    18.2792   4.795537   4.790997     2.1111     1.7570      43.15   22.25398  -86.81020    0.00019    0.00038          3  0.000e+00
      22247    926.917     89.202     89.782    18.3194    18.2794   4.795581   4.790975     2.1111     1.7570      43.15   22.25398  -86.81020    0.00019    0.00036          3  0.000e+00
