Gulf of Mexico/GOMECC-4/1db/rb2103_1041.cnv
* Sea-Bird SBE 9 Data File:
* FileName = C:\Users\scs.user.rb\CTD\GOMECC4\data\rb2103_1041.hex
* Software Version Seasave V 7.26.7.107
* Temperature SN = 4799
* Conductivity SN = 3860
* Number of Bytes Per Scan = 41
* Number of Voltage Words = 4
* Number of Scans Averaged by the Deck Unit = 1
* NMEA Latitude = 24 59.65 N
* NMEA Longitude = 087 59.43 W
* NMEA UTC (Time) = Oct 13 2021  08:39:27
* NMEA baud rate = 4800
# nquan = 28
# nvalues = 645                         
# units = specified
# name 0 = scan: Scan Count
# name 1 = timeS: Time, Elapsed [seconds]
# name 2 = depSM: Depth [salt water, m]
# name 3 = prDM: Pressure, Digiquartz [db]
# name 4 = t090C: Temperature [ITS-90, deg C]
# name 5 = t190C: Temperature, 2 [ITS-90, deg C]
# name 6 = c0S/m: Conductivity [S/m]
# name 7 = c1S/m: Conductivity, 2 [S/m]
# name 8 = sbeox0V: Oxygen raw, SBE 43 [V]
# name 9 = sbeox1V: Oxygen raw, SBE 43, 2 [V]
# name 10 = altM: Altimeter [m]
# name 11 = latitude: Latitude [deg]
# name 12 = longitude: Longitude [deg]
# name 13 = sbox0dV/dT: Oxygen, SBE 43 [dov/dt]
# name 14 = sbox1dV/dT: Oxygen, SBE 43, 2 [dov/dt]
# name 15 = sbeox0ML/L: Oxygen, SBE 43 [ml/l], WS = 5
# name 16 = sbeox1ML/L: Oxygen, SBE 43, 2 [ml/l], WS = 5
# name 17 = potemp090C: Potential Temperature [ITS-90, deg C]
# name 18 = potemp190C: Potential Temperature, 2 [ITS-90, deg C]
# name 19 = sal00: Salinity, Practical [PSU]
# name 20 = sal11: Salinity, Practical, 2 [PSU]
# name 21 = sigma-é00: Density [sigma-theta, kg/m^3]
# name 22 = sigma-é11: Density, 2 [sigma-theta, kg/m^3]
# name 23 = avgsvCM: Average Sound Velocity [Chen-Millero, m/s], minP = 20, minS = 20
# name 24 = sbox0Mm/Kg: Oxygen, SBE 43 [umol/kg], WS = 5
# name 25 = sbox1Mm/Kg: Oxygen, SBE 43, 2 [umol/kg], WS = 5
# name 26 = nbin: number of scans per bin
# name 27 = flag: flag
# span 0 =       8381,     228661       
# span 1 =    349.161,   9527.486       
# span 2 =      1.987,   3417.662       
# span 3 =      2.000,   3468.000       
# span 4 =     4.2981,    29.5944       
# span 5 =     4.2991,    29.5989       
# span 6 =   3.351009,   5.988335       
# span 7 =   3.350984,   5.988959       
# span 8 =     1.6260,     3.1867       
# span 9 =     1.3224,     2.7001       
# span 10 =       8.47,     102.83      
# span 11 =   24.73953,   25.08604      
# span 12 =  -88.25073,  -87.02534      
# span 13 =   -0.01214,    0.01118      
# span 14 =   -0.01125,    0.00967      
# span 15 =     2.6652,     4.6647      
# span 16 =     2.6738,     4.6723      
# span 17 =     4.0784,    29.5823      
# span 18 =     4.0796,    29.5869      
# span 19 =    34.8888,    37.0187      
# span 20 =    34.8879,    37.0192      
# span 21 =    22.6002,    27.7601      
# span 22 =    22.6018,    27.7589      
# span 23 =       0.00,    1546.51      
# span 24 =    115.881,    202.698      
# span 25 =    116.254,    203.029      
# span 26 =         30,         72      
# span 27 = 0.0000e+00, 0.0000e+00      
# interval = decibars: 1                
# start_time = Oct 13 2021 08:39:27 [NMEA time, header]
# bad_flag = -9.990e-29
*END*
[from data line 415]
     135397   5641.508   2360.193   2389.000     4.3137     4.3146   3.383125   3.383099     1.8177     1.4969     100.00   25.00714  -87.99840    0.00013    0.00001     4.6258     4.6178     4.1016     4.1025    34.9730    34.9718    27.7541    27.7530    1506.61    201.008    200.663         30 0.0000e+00
     137972   5748.798   2273.720   2301.000     4.3087     4.3097   3.379163   3.379134     1.8277     1.5071     100.00   25.00701  -87.99778   -0.00001    0.00010     4.6158     4.6121     4.1059     4.1068    34.9723    34.9710    27.7530    27.7519    1506.59    200.574    200.416         48 0.0000e+00
     146983   6124.251   1978.665   2001.000     4.2982     4.2993   3.366198   3.366172     1.8705     1.5470      99.93   25.00783  -87.99921   -0.00001    0.00005     4.6128     4.6105     4.1262     4.1272    34.9713    34.9699    27.7501    27.7488    1506.61    200.445    200.346         56 0.0000e+00
     147673   6152.986   1977.681   2000.000     4.2982     4.2991   3.366164   3.366130     1.8707     1.5475      99.85   25.00795  -87.99952   -0.00004    0.00008     4.6129     4.6120     4.1263     4.1272    34.9714    34.9700    27.7501    27.7490    1506.61    200.451    200.412         41 0.0000e+00
     148172   6173.802   1976.696   1999.000     4.2981     4.2992   3.366119   3.366089     1.8709     1.5476     100.01   25.00798  -87.99955    0.00002    0.00002     4.6130     4.6119     4.1263     4.1273    34.9714    34.9700    27.7501    27.7489    1506.61    200.456    200.407         47 0.0000e+00
     148216   6175.621   1975.712   1998.000     4.2982     4.2992   3.366073   3.366060     1.8711     1.5478     100.00   25.00798  -87.99956    0.00009   -0.00001     4.6133     4.6121     4.1265     4.1275    34.9713    34.9701    27.7500    27.7490    1506.61    200.469    200.416         33 0.0000e+00
     149159   6214.907   1940.278   1962.000     4.2982     4.2991   3.364630   3.364595     1.8754     1.5516     100.00   25.00823  -88.00035    0.00018    0.00025     4.6090     4.6070     4.1300     4.1310    34.9714    34.9700    27.7498    27.7485    1506.62    200.281    200.195         30 0.0000e+00
     149394   6224.691   1931.418   1953.000     4.2982     4.2992   3.364247   3.364216     1.8765     1.5524      89.75   25.00804  -87.99967    0.00019    0.00008     4.6081     4.6052     4.1310     4.1320    34.9711    34.9697    27.7494    27.7482    1506.61    200.240    200.117         30 0.0000e+00
     149499   6229.084   1927.480   1949.000     4.2985     4.2995   3.364142   3.364113     1.8770     1.5531     100.00   25.00829  -88.00051    0.00012    0.00013     4.6076     4.6058     4.1317     4.1327    34.9715    34.9701    27.7496    27.7484    1506.63    200.219    200.141         30 0.0000e+00
     149734   6238.873   1918.620   1940.000     4.2987     4.2996   3.363743   3.363706     1.8785     1.5545     100.00   25.00795  -87.99930    0.00006    0.00020     4.6079     4.6065     4.1327     4.1336    34.9709    34.9695    27.7491    27.7479    1506.60    200.232    200.171         30 0.0000e+00
     149836   6243.123   1914.682   1936.000     4.2988     4.2999   3.363610   3.363588     1.8790     1.5553     100.00   25.00814  -87.99989    0.00010    0.00023     4.6077     4.6076     4.1332     4.1343    34.9711    34.9697    27.7492    27.7480    1506.61    200.225    200.219         30 0.0000e+00
     149866   6244.387   1913.698   1935.000     4.2988     4.2999   3.363562   3.363536     1.8793     1.5555     100.00   25.00806  -87.99964    0.00011    0.00016     4.6081     4.6078     4.1333     4.1344    34.9710    34.9696    27.7491    27.7478    1506.61    200.241    200.226         30 0.0000e+00
     149967   6248.590   1909.760   1931.000     4.2985     4.2996   3.363362   3.363332     1.8803     1.5559      72.27   25.00792  -87.99915    0.00030    0.00011     4.6097     4.6071     4.1335     4.1345    34.9708    34.9694    27.7489    27.7477    1506.60    200.312    200.197         31 0.0000e+00
     151467   6311.094   1853.635   1874.000     4.3037     4.3048   3.361499   3.361465     1.8871     1.5625     100.00   25.00825  -88.00013   -0.00002    0.00014     4.6020     4.6010     4.1442     4.1453    34.9707    34.9692    27.7477    27.7463    1506.62    199.978    199.934         30 0.0000e+00
     151914   6329.719   1836.893   1857.000     4.3035     4.3046   3.360743   3.360721     1.8890     1.5640     100.00   25.00792  -87.99896    0.00001   -0.00000     4.5996     4.5973     4.1457     4.1467    34.9700    34.9687    27.7470    27.7458    1506.60    199.871    199.774         30 0.0000e+00
     152813   6367.167   1803.405   1823.000     4.3052     4.3063   3.359509   3.359485     1.8932     1.5678     100.00   25.00824  -87.99997    0.00017    0.00003     4.5956     4.5928     4.1507     4.1518    34.9701    34.9686    27.7465    27.7452    1506.62    199.697    199.577         30 0.0000e+00
     153421   6392.507   1783.704   1803.000     4.3063     4.3073   3.358664   3.358639     1.8921     1.5677     100.00   25.00747  -87.99721   -0.00008    0.00000     4.5793     4.5802     4.1537     4.1548    34.9686    34.9672    27.7450    27.7437    1506.57    198.992    199.030         56 0.0000e+00
     153614   6400.533   1782.719   1802.000     4.3067     4.3079   3.358744   3.358713     1.8919     1.5674     100.00   25.00818  -87.99970   -0.00007    0.00004     4.5777     4.5782     4.1542     4.1554    34.9696    34.9680    27.7457    27.7443    1506.61    198.920    198.943         48 0.0000e+00
     153767   6406.928   1781.734   1801.000     4.3066     4.3077   3.358687   3.358660     1.8920     1.5675     100.00   25.00819  -87.99970    0.00003    0.00007     4.5776     4.5784     4.1542     4.1553    34.9695    34.9680    27.7456    27.7443    1506.61    198.914    198.952         33 0.0000e+00
     154644   6443.477   1780.749   1800.000     4.3066     4.3075   3.358639   3.358608     1.8924     1.5678     100.00   25.00824  -87.99969    0.00003    0.00000     4.5783     4.5789     4.1543     4.1552    34.9694    34.9681    27.7456    27.7444    1506.61    198.949    198.972         31 0.0000e+00
     154972   6457.135   1779.763   1799.000     4.3064     4.3074   3.358588   3.358554     1.8928     1.5677     100.00   25.00826  -87.99968    0.00009   -0.00004     4.5794     4.5779     4.1542     4.1552    34.9695    34.9680    27.7456    27.7444    1506.61    198.994    198.930         36 0.0000e+00
     155014   6458.881   1778.779   1798.000     4.3062     4.3073   3.358536   3.358512     1.8930     1.5678     100.00   25.00826  -87.99968    0.00011   -0.00004     4.5795     4.5777     4.1542     4.1552    34.9695    34.9681    27.7457    27.7444    1506.61    199.001    198.919         35 0.0000e+00
     155125   6463.498   1774.838   1794.000     4.3059     4.3070   3.358354   3.358325     1.8935     1.5684     100.00   25.00833  -87.99993    0.00016    0.00015     4.5793     4.5781     4.1542     4.1553    34.9697    34.9681    27.7458    27.7444    1506.61    198.991    198.940         30 0.0000e+00
     155233   6467.980   1770.897   1790.000     4.3060     4.3071   3.358206   3.358183     1.8942     1.5691     100.00   25.00842  -88.00025    0.00017    0.00010     4.5796     4.5785     4.1547     4.1558    34.9697    34.9683    27.7458    27.7445    1506.62    199.003    198.956         30 0.0000e+00
     155262   6469.216   1769.912   1789.000     4.3061     4.3074   3.358151   3.358136     1.8944     1.5694     100.00   25.00826  -87.99968    0.00014    0.00008     4.5796     4.5792     4.1549     4.1562    34.9694    34.9679    27.7455    27.7442    1506.61    199.004    198.988         30 0.0000e+00
     155344   6472.610   1766.957   1786.000     4.3062     4.3073   3.358058   3.358025     1.8949     1.5701      82.72   25.00836  -88.00004    0.00015    0.00021     4.5798     4.5803     4.1553     4.1564    34.9697    34.9682    27.7457    27.7443    1506.62    199.013    199.036         31 0.0000e+00
     155452   6477.116   1763.016   1782.000     4.3066     4.3077   3.357958   3.357923     1.8951     1.5704     100.00   25.00863  -88.00097    0.00003    0.00004     4.5784     4.5791     4.1560     4.1571    34.9701    34.9685    27.7459    27.7446    1506.63    198.951    198.981         30 0.0000e+00
     155481   6478.335   1762.031   1781.000     4.3064     4.3074   3.357855   3.357828     1.8953     1.5706     100.00   25.00826  -87.99968    0.00005    0.00009     4.5784     4.5794     4.1559     4.1570    34.9695    34.9681    27.7455    27.7443    1506.61    198.951    198.994         33 0.0000e+00
     155588   6482.803   1758.090   1777.000     4.3066     4.3078   3.357702   3.357682     1.8961     1.5712     100.00   25.00824  -87.99953    0.00022    0.00010     4.5792     4.5797     4.1566     4.1578    34.9694    34.9679    27.7453    27.7440    1506.61    198.986    199.006         30 0.0000e+00
     155729   6488.653   1753.164   1772.000     4.3065     4.3076   3.357507   3.357478     1.8970     1.5714     100.00   25.00839  -88.00003    0.00013    0.00010     4.5798     4.5775     4.1570     4.1581    34.9696    34.9681    27.7455    27.7442    1506.62    199.012    198.912         31 0.0000e+00
     155835   6493.101   1749.223   1768.000     4.3063     4.3074   3.357320   3.357301     1.8975     1.5725     100.00   25.00843  -88.00018    0.00005    0.00029     4.5793     4.5797     4.1571     4.1582    34.9696    34.9682    27.7454    27.7442    1506.62    198.990    199.009         30 0.0000e+00
     155865   6494.318   1748.237   1767.000     4.3063     4.3073   3.357260   3.357235     1.8977     1.5726     100.00   25.00828  -87.99966    0.00008    0.00040     4.5793     4.5795     4.1572     4.1583    34.9694    34.9680    27.7452    27.7440    1506.61    198.991    198.999         30 0.0000e+00
     157011   6542.087   1706.852   1725.000     4.3104     4.3116   3.355879   3.355850     1.9031     1.5775     100.00   25.00823  -87.99941    0.00011    0.00006     4.5748     4.5747     4.1654     4.1665    34.9690    34.9674    27.7440    27.7427    1506.61    198.795    198.793         30 0.0000e+00
     157120   6546.634   1702.910   1721.000     4.3104     4.3115   3.355694   3.355660     1.9035     1.5773     100.00   25.00810  -87.99892    0.00007   -0.00006     4.5740     4.5717     4.1657     4.1668    34.9687    34.9672    27.7438    27.7425    1506.60    198.760    198.660         30 0.0000e+00
     157229   6551.183   1698.968   1717.000     4.3105     4.3116   3.355570   3.355544     1.9038     1.5783     100.00   25.00846  -88.00014    0.00009    0.00017     4.5730     4.5733     4.1662     4.1673    34.9691    34.9676    27.7441    27.7428    1506.62    198.716    198.730         30 0.0000e+00
     157259   6552.416   1697.983   1716.000     4.3104     4.3115   3.355503   3.355473     1.9039     1.5786     100.00   25.00832  -87.99964    0.00006    0.00032     4.5729     4.5740     4.1662     4.1673    34.9689    34.9674    27.7439    27.7426    1506.61    198.713    198.760         30 0.0000e+00
     157561   6564.989   1687.142   1705.000     4.3117     4.3128   3.355200   3.355171     1.9056     1.5796     100.00   25.00868  -88.00089    0.00004   -0.00013     4.5725     4.5714     4.1685     4.1696    34.9693    34.9678    27.7440    27.7427    1506.63    198.697    198.647         30 0.0000e+00
     157588   6566.141   1686.156   1704.000     4.3117     4.3127   3.355122   3.355083     1.9057     1.5798     100.00   25.00834  -87.99964    0.00012    0.00017     4.5726     4.5718     4.1687     4.1696    34.9688    34.9674    27.7436    27.7424    1506.61    198.699    198.664         30 0.0000e+00
     157693   6570.517   1682.214   1700.000     4.3122     4.3133   3.354995   3.354966     1.9058     1.5802      93.28   25.00832  -87.99959    0.00010    0.00007     4.5705     4.5708     4.1695     4.1706    34.9688    34.9673    27.7435    27.7422    1506.61    198.608    198.623         30 0.0000e+00
     158634   6609.689   1648.702   1666.000     4.3162     4.3172   3.353934   3.353907     1.9104     1.5847     100.00   25.00846  -87.99992    0.00015    0.00030     4.5672     4.5690     4.1767     4.1778    34.9685    34.9672    27.7425    27.7413    1506.62    198.464    198.545         31 0.0000e+00
     158744   6614.306   1644.759   1662.000     4.3185     4.3198   3.353974   3.353959     1.9111     1.5847     100.00   25.00851  -88.00009    0.00017    0.00005     4.5673     4.5666     4.1794     4.1807    34.9685    34.9670    27.7422    27.7409    1506.62    198.468    198.438         30 0.0000e+00
     158775   6615.568   1643.774   1661.000     4.3189     4.3196   3.353946   3.353894     1.9111     1.5845     100.00   25.00838  -87.99962    0.00010    0.00000     4.5669     4.5651     4.1799     4.1806    34.9683    34.9670    27.7419    27.7408    1506.61    198.451    198.373         31 0.0000e+00
     158855   6618.935   1640.816   1658.000     4.3194     4.3206   3.353903   3.353883     1.9111     1.5849     100.00   25.00869  -88.00070   -0.00001    0.00008     4.5649     4.5646     4.1807     4.1819    34.9687    34.9672    27.7422    27.7408    1506.63    198.367    198.354         30 0.0000e+00
     158886   6620.192   1639.830   1657.000     4.3194     4.3204   3.353827   3.353799     1.9111     1.5849     100.00   25.00838  -87.99962   -0.00000    0.00016     4.5644     4.5643     4.1807     4.1818    34.9683    34.9669    27.7419    27.7406    1506.61    198.343    198.341         33 0.0000e+00
     158995   6624.763   1635.887   1653.000     4.3209     4.3220   3.353794   3.353775     1.9113     1.5857      90.21   25.00845  -87.99981    0.00007    0.00019     4.5627     4.5648     4.1826     4.1837    34.9683    34.9669    27.7416    27.7404    1506.61    198.269    198.359         33 0.0000e+00
     159106   6629.367   1631.944   1649.000     4.3215     4.3227   3.353681   3.353664     1.9119     1.5861     100.00   25.00845  -87.99981    0.00020    0.00007     4.5625     4.5643     4.1836     4.1848    34.9682    34.9668    27.7414    27.7403    1506.61    198.260    198.340         30 0.0000e+00
     159243   6635.076   1627.015   1644.000     4.3225     4.3234   3.353571   3.353535     1.9124     1.5861     100.00   25.00855  -88.00010    0.00006    0.00006     4.5610     4.5609     4.1851     4.1860    34.9683    34.9669    27.7414    27.7402    1506.62    198.197    198.194         33 0.0000e+00
     159353   6639.658   1623.072   1640.000     4.3229     4.3241   3.353435   3.353425     1.9127     1.5861     100.00   25.00854  -88.00009    0.00004   -0.00002     4.5598     4.5586     4.1859     4.1870    34.9682    34.9669    27.7412    27.7401    1506.62    198.145    198.094         31 0.0000e+00
     159458   6644.053   1619.128   1636.000     4.3231     4.3243   3.353303   3.353285     1.9135     1.5872     100.00   25.00864  -88.00036    0.00017    0.00026     4.5606     4.5608     4.1865     4.1876    34.9684    34.9669    27.7413    27.7400    1506.62    198.177    198.187         33 0.0000e+00
     159568   6648.610   1615.185   1632.000     4.3244     4.3254   3.353232   3.353204     1.9136     1.5874      66.73   25.00862  -88.00031    0.00002    0.00001     4.5582     4.5589     4.1881     4.1891    34.9681    34.9668    27.7409    27.7397    1506.62    198.075    198.105         30 0.0000e+00
     159700   6654.139   1610.255   1627.000     4.3245     4.3256   3.353007   3.352982     1.9139     1.5873     100.00   25.00843  -87.99959    0.00007    0.00002     4.5564     4.5559     4.1887     4.1897    34.9678    34.9664    27.7406    27.7394    1506.61    197.998    197.974         30 0.0000e+00
