Gulf of Mexico/GOMECC-4/1db/rb2103_0801.cnv
* Sea-Bird SBE 9 Data File:
* FileName = C:\Users\scs.user.rb\CTD\GOMECC4\data\rb2103_0801.hex
* Software Version Seasave V 7.26.7.107
* Temperature SN = 4799
* Conductivity SN = 3860
* Number of Bytes Per Scan = 41
* Number of Voltage Words = 4
* Number of Scans Averaged by the Deck Unit = 1
* NMEA Latitude = 22 16.43 N
* NMEA Longitude = 096 46.23 W
* NMEA UTC (Time) = Oct 06 2021  09:45:19
* NMEA baud rate = 4800
# nquan = 28
# nvalues = 914                         
# units = specified
# name 0 = scan: Scan Count
# name 1 = timeS: Time, Elapsed [seconds]
# name 2 = depSM: Depth [salt water, m]
# name 3 = prDM: Pressure, Digiquartz [db]
# name 4 = t090C: Temperature [ITS-90, deg C]
# name 5 = t190C: Temperature, 2 [ITS-90, deg C]
# name 6 = c0S/m: Conductivity [S/m]
# name 7 = c1S/m: Conductivity, 2 [S/m]
# name 8 = sbeox0V: Oxygen raw, SBE 43 [V]
# name 9 = sbeox1V: Oxygen raw, SBE 43, 2 [V]
# name 10 = altM: Altimeter [m]
# name 11 = latitude: Latitude [deg]
# name 12 = longitude: Longitude [deg]
# name 13 = sbox0dV/dT: Oxygen, SBE 43 [dov/dt]
# name 14 = sbox1dV/dT: Oxygen, SBE 43, 2 [dov/dt]
# name 15 = sbeox0ML/L: Oxygen, SBE 43 [ml/l], WS = 5
# name 16 = sbeox1ML/L: Oxygen, SBE 43, 2 [ml/l], WS = 5
# name 17 = potemp090C: Potential Temperature [ITS-90, deg C]
# name 18 = potemp190C: Potential Temperature, 2 [ITS-90, deg C]
# name 19 = sal00: Salinity, Practical [PSU]
# name 20 = sal11: Salinity, Practical, 2 [PSU]
# name 21 = sigma-é00: Density [sigma-theta, kg/m^3]
# name 22 = sigma-é11: Density, 2 [sigma-theta, kg/m^3]
# name 23 = avgsvCM: Average Sound Velocity [Chen-Millero, m/s], minP = 20, minS = 20
# name 24 = sbox0Mm/Kg: Oxygen, SBE 43 [umol/kg], WS = 5
# name 25 = sbox1Mm/Kg: Oxygen, SBE 43, 2 [umol/kg], WS = 5
# name 26 = nbin: number of scans per bin
# name 27 = flag: flag
# span 0 =       8237,     155916       
# span 1 =    343.165,   6496.443       
# span 2 =      0.994,   2014.466       
# span 3 =      1.000,   2037.000       
# span 4 =     4.2662,    29.5762       
# span 5 =     4.2667,    29.6147       
# span 6 =   3.341237,   5.975889       
# span 7 =   3.341201,   5.976338       
# span 8 =     1.5711,     3.2217       
# span 9 =     1.2735,     2.7516       
# span 10 =       9.74,     102.03      
# span 11 =   22.23052,   22.52182      
# span 12 =  -97.84783,  -96.58208      
# span 13 =   -0.06339,    0.06281      
# span 14 =   -0.05978,    0.06544      
# span 15 =     2.3908,     4.8936      
# span 16 =     2.4069,     4.8955      
# span 17 =     4.1052,    29.5728      
# span 18 =     4.1058,    29.6113      
# span 19 =    34.9051,    36.4870      
# span 20 =    34.9045,    36.4877      
# span 21 =    22.7046,    27.7539      
# span 22 =    22.7048,    27.7529      
# span 23 =       0.00,    1545.61      
# span 24 =    103.967,    213.334      
# span 25 =    104.670,    213.415      
# span 26 =         30,         71      
# span 27 = 0.0000e+00, 0.0000e+00      
# interval = decibars: 1                
# start_time = Oct 06 2021 09:45:19 [NMEA time, header]
# bad_flag = -9.990e-29
*END*
[from data line 622]
     111739   4655.766    612.233    617.000     7.2755     7.2797   3.576327   3.576677     1.6193     1.3190     100.00   22.27350  -96.76893   -0.00073   -0.00049     2.7770     2.7922     7.2147     7.2189    34.9421    34.9417    27.3430    27.3421    1496.60    120.719    121.382         30 0.0000e+00
     112131   4672.064    598.361    603.000     7.3666     7.3735   3.585094   3.585712     1.6115     1.3122      94.39   22.27757  -96.78654   -0.00040   -0.00028     2.7409     2.7576     7.3069     7.3138    34.9532    34.9530    27.3389    27.3377    1496.87    119.154    119.879         34 0.0000e+00
     112960   4706.631    595.389    600.000     7.4028     7.4167   3.588122   3.589568     1.6081     1.3096      83.27   22.27575  -96.77864   -0.00014    0.00006     2.7270     2.7448     7.3432     7.3571    34.9517    34.9510    27.3324    27.3298    1496.75    118.547    119.321         62 0.0000e+00
     113889   4745.349    589.443    594.000     7.4756     7.4798   3.594939   3.595321     1.6062     1.3080     100.00   22.27450  -96.77317    0.00020   -0.00017     2.7141     2.7331     7.4163     7.4205    34.9546    34.9545    27.3241    27.3234    1496.67    117.988    118.813         34 0.0000e+00
     113920   4746.620    588.452    593.000     7.4864     7.4923   3.595832   3.596271     1.6061     1.3077     100.00   22.27394  -96.77074    0.00009   -0.00021     2.7125     2.7308     7.4271     7.4330    34.9538    34.9526    27.3219    27.3202    1496.63    117.917    118.714         31 0.0000e+00
     114041   4751.673    583.498    588.000     7.5258     7.5273   3.599624   3.599631     1.6049     1.3065     100.00   22.27446  -96.77299   -0.00022   -0.00016     2.7043     2.7227     7.4669     7.4684    34.9577    34.9564    27.3193    27.3180    1496.66    117.564    118.361         30 0.0000e+00
     114071   4752.926    582.506    587.000     7.5263     7.5343   3.599545   3.600182     1.6046     1.3065     100.00   22.27394  -96.77074   -0.00044   -0.00008     2.7030     2.7218     7.4675     7.4754    34.9569    34.9558    27.3185    27.3165    1496.63    117.507    118.321         35 0.0000e+00
     114202   4758.381    577.552    582.000     7.5785     7.5862   3.604720   3.605425     1.6042     1.3049     100.01   22.27563  -96.77807   -0.00005   -0.00028     2.6960     2.7110     7.5199     7.5276    34.9633    34.9632    27.3160    27.3149    1496.74    117.203    117.854         32 0.0000e+00
     114227   4759.428    576.561    581.000     7.5732     7.5862   3.603947   3.605125     1.6024     1.3027      73.20   22.27394  -96.77074   -0.00054   -0.00080     2.6909     2.7035     7.5149     7.5278    34.9604    34.9601    27.3144    27.3123    1496.63    116.981    117.527         34 0.0000e+00
     114379   4765.743    570.615    575.000     7.6362     7.6609   3.609998   3.612133     1.5994     1.3011     100.00   22.27352  -96.76890   -0.00058   -0.00008     2.6753     2.6908     7.5781     7.6028    34.9647    34.9638    27.3086    27.3043    1496.60    116.301    116.975         33 0.0000e+00
     114715   4779.736    557.731    562.000     7.8239     7.8275   3.628092   3.628376     1.5898     1.2918     100.00   22.27320  -96.76751   -0.00057   -0.00051     2.6283     2.6441     7.7665     7.7700    34.9790    34.9784    27.2921    27.2912    1496.58    114.261    114.948         36 0.0000e+00
     114849   4785.335    552.776    557.000     7.8720     7.8740   3.632882   3.632983     1.5888     1.2914     100.00   22.27462  -96.77371   -0.00022   -0.00006     2.6201     2.6381     7.8148     7.8169    34.9851    34.9842    27.2899    27.2889    1496.68    113.906    114.686         40 0.0000e+00
     114971   4790.420    547.821    552.000     7.9682     7.9704   3.642205   3.642351     1.5871     1.2890     100.00   22.27337  -96.76828   -0.00013   -0.00033     2.6068     2.6219     7.9112     7.9134    34.9913    34.9907    27.2804    27.2796    1496.59    113.328    113.985         31 0.0000e+00
     116065   4835.989    506.190    510.000     8.5888     8.5933   3.703114   3.703607     1.5851     1.2890     100.00   22.27427  -96.77219    0.00029    0.00082     2.5451     2.5666     8.5339     8.5384    35.0432    35.0440    27.2260    27.2259    1496.65    110.650    111.585         31 0.0000e+00
     116094   4837.207    505.198    509.000     8.5996     8.5969   3.704175   3.703804     1.5863     1.2900     100.00   22.27394  -96.77074    0.00079    0.00121     2.5476     2.5693     8.5448     8.5421    35.0441    35.0428    27.2250    27.2244    1496.63    110.759    111.704         30 0.0000e+00
     116224   4842.642    502.224    506.000     8.6380     8.6397   3.708397   3.708480     1.5891     1.2923      82.11   22.27718  -96.78483    0.00060    0.00056     2.5520     2.5728     8.5834     8.5850    35.0528    35.0520    27.2259    27.2250    1496.85    110.953    111.856         31 0.0000e+00
     116369   4848.686    501.233    505.000     8.6711     8.6721   3.711066   3.711428     1.5899     1.2928      99.60   22.27394  -96.77074    0.00008    0.00013     2.5520     2.5721     8.6164     8.6174    35.0487    35.0505    27.2174    27.2186    1496.63    110.953    111.826         59 0.0000e+00
     116864   4869.283    498.259    502.000     8.7429     8.7588   3.718500   3.719994     1.5907     1.2920     100.00   22.27394  -96.77074    0.00001   -0.00028     2.5482     2.5632     8.6883     8.7041    35.0542    35.0588    27.2103    27.2115    1496.63    110.788    111.439         37 0.0000e+00
     117262   4885.878    497.268    501.000     8.7598     8.7941   3.719920   3.723579     1.5897     1.2918      99.08   22.27394  -96.77074   -0.00010   -0.00006     2.5444     2.5600     8.7052     8.7394    35.0600    35.0648    27.2122    27.2106    1496.63    110.621    111.299         50 0.0000e+00
     118497   4937.322    496.276    500.000     8.8201     8.8248   3.726769   3.727255     1.5884     1.2918      96.28   22.27392  -96.77076   -0.00001    0.00033     2.5360     2.5571     8.7655     8.7701    35.0692    35.0691    27.2099    27.2091    1496.63    110.255    111.175         48 0.0000e+00
     118559   4939.903    495.285    499.000     8.8212     8.8267   3.726907   3.727423     1.5887     1.2918     100.11   22.27392  -96.77076    0.00002    0.00010     2.5367     2.5567     8.7666     8.7721    35.0691    35.0694    27.2096    27.2090    1496.63    110.286    111.159         41 0.0000e+00
     118717   4946.521    489.337    493.000     8.8964     8.9204   3.734623   3.736874     1.5899     1.2918     100.00   22.27448  -96.77320    0.00014   -0.00001     2.5331     2.5487     8.8422     8.8662    35.0791    35.0795    27.2055    27.2019    1496.67    110.132    110.810         34 0.0000e+00
     118748   4947.772    488.345    492.000     8.9068     8.9399   3.735529   3.738877     1.5895     1.2904     100.00   22.27392  -96.77076   -0.00004   -0.00039     2.5308     2.5427     8.8527     8.8857    35.0787    35.0812    27.2035    27.2002    1496.63    110.034    110.552         30 0.0000e+00
     118899   4954.092    482.397    486.000     9.0750     9.0955   3.753632   3.755745     1.5786     1.2775      87.24   22.27424  -96.77216   -0.00254   -0.00266     2.4863     2.4901     9.0210     9.0414    35.1055    35.1074    27.1974    27.1957    1496.65    108.098    108.264         30 0.0000e+00
     118928   4955.273    481.405    485.000     9.0988     9.1275   3.756077   3.758830     1.5766     1.2766      59.09   22.27392  -96.77076   -0.00256   -0.00197     2.4786     2.4850     9.0448     9.0734    35.1080    35.1085    27.1956    27.1913    1496.63    107.765    108.041         30 0.0000e+00
     119059   4960.761    476.449    480.000     9.1933     9.1957   3.766020   3.766185     1.5722     1.2736     100.00   22.27500  -96.77544   -0.00078   -0.00050     2.4584     2.4695     9.1395     9.1419    35.1214    35.1207    27.1907    27.1898    1496.70    106.885    107.369         32 0.0000e+00
     119086   4961.856    475.457    479.000     9.1930     9.2008   3.765887   3.766544     1.5711     1.2735     100.00   22.27392  -96.77076   -0.00080   -0.00036     2.4549     2.4686     9.1393     9.1471    35.1189    35.1195    27.1887    27.1880    1496.63    106.734    107.330         31 0.0000e+00
     119213   4967.186    470.499    474.000     9.3130     9.3156   3.777824   3.778288     1.5717     1.2743     100.00   22.27373  -96.76992    0.00035    0.00022     2.4473     2.4626     9.2595     9.2621    35.1311    35.1314    27.1787    27.1785    1496.62    106.404    107.068         30 0.0000e+00
     119928   4996.954    443.728    447.000     9.6663     9.6803   3.814668   3.816108     1.5775     1.2796     100.00   22.27446  -96.77310    0.00034    0.00041     2.4333     2.4483     9.6147     9.6287    35.1771    35.1783    27.1558    27.1543    1496.67    105.797    106.450         37 0.0000e+00
     120065   5002.651    438.770    442.000     9.7688     9.7720   3.825627   3.825976     1.5792     1.2809     100.00   22.27561  -96.77814    0.00034    0.00035     2.4302     2.4450     9.7175     9.7207    35.1922    35.1929    27.1504    27.1503    1496.74    105.662    106.307         38 0.0000e+00
     120195   5008.074    433.811    437.000     9.8333     9.8384   3.832353   3.832882     1.5792     1.2816      73.35   22.27611  -96.78027    0.00008    0.00023     2.4246     2.4415     9.7824     9.7875    35.2010    35.2014    27.1463    27.1457    1496.78    105.421    106.156         33 0.0000e+00
     120218   5009.049    432.820    436.000     9.8311     9.8394   3.831764   3.832650     1.5790     1.2819     100.53   22.27392  -96.77078    0.00002    0.00013     2.4241     2.4422     9.7803     9.7886    35.1970    35.1980    27.1434    27.1428    1496.63    105.399    106.185         36 0.0000e+00
     120356   5014.773    427.861    431.000     9.9498     9.9530   3.844811   3.845049     1.5817     1.2842     100.01   22.27689  -96.78370    0.00071    0.00046     2.4225     2.4407     9.8993     9.9024    35.2145    35.2160    27.1369    27.1376    1496.83    105.329    106.121         32 0.0000e+00
     120375   5015.582    426.870    430.000     9.9486     9.9620   3.844153   3.845513     1.5819     1.2845     100.00   22.27392  -96.77078    0.00062    0.00041     2.4230     2.4409     9.8981     9.9115    35.2123    35.2131    27.1353    27.1337    1496.63    105.353    106.128         37 0.0000e+00
     120507   5021.099    421.911    425.000    10.0157    10.0277   3.851145   3.852362     1.5882     1.2926     100.01   22.27556  -96.77792    0.00137    0.00145     2.4350     2.4599     9.9656     9.9776    35.2212    35.2219    27.1308    27.1293    1496.74    105.873    106.958         34 0.0000e+00
     120532   5022.120    420.919    424.000    10.0136    10.0273   3.850670   3.852094     1.5924     1.2961     100.00   22.27392  -96.77078    0.00237    0.00258     2.4467     2.4707     9.9637     9.9773    35.2184    35.2196    27.1289    27.1274    1496.63    106.384    107.426         31 0.0000e+00
     120718   5029.887    413.977    417.000    10.1356    10.1468   3.863656   3.864812     1.6032     1.3052     100.00   22.27499  -96.77542    0.00104    0.00075     2.4672     2.4887    10.0861    10.0973    35.2358    35.2368    27.1214    27.1202    1496.70    107.274    108.211         36 0.0000e+00
     120747   5031.084    412.985    416.000    10.1363    10.1584   3.863584   3.865732     1.6039     1.3055     100.00   22.27392  -96.77078    0.00079    0.00065     2.4687     2.4888    10.0870    10.1090    35.2346    35.2350    27.1202    27.1168    1496.63    107.340    108.214         31 0.0000e+00
     120875   5036.404    408.027    411.000    10.2158    10.2249   3.872120   3.873062     1.6073     1.3075     100.00   22.27478  -96.77454    0.00073    0.00024     2.4715     2.4891    10.1668    10.1759    35.2468    35.2476    27.1161    27.1151    1496.69    107.462    108.230         37 0.0000e+00
     120904   5037.639    407.035    410.000    10.2139    10.2283   3.871706   3.873263     1.6073     1.3081     100.00   22.27392  -96.77078    0.00037    0.00044     2.4714     2.4902    10.1650    10.1794    35.2447    35.2466    27.1146    27.1136    1496.63    107.460    108.277         30 0.0000e+00
     123086   5128.528    394.141    397.000    10.3860    10.3850   3.890112   3.889922     1.6137     1.3139      99.82   22.27585  -96.77914    0.00011    0.00027     2.4743     2.4941    10.3382    10.3371    35.2711    35.2696    27.1052    27.1042    1496.76    107.586    108.447         33 0.0000e+00
     123117   5129.853    393.149    396.000    10.4004    10.4082   3.891357   3.892106     1.6139     1.3138     100.01   22.27392  -96.77076    0.00024    0.00019     2.4738     2.4923    10.3527    10.3604    35.2697    35.2714    27.1014    27.1014    1496.63    107.563    108.370         49 0.0000e+00
     123266   5136.058    388.190    391.000    10.5070    10.5210   3.903154   3.904744     1.6169     1.3160     100.01   22.27598  -96.77970    0.00050    0.00033     2.4736     2.4900    10.4596    10.4735    35.2885    35.2907    27.0973    27.0966    1496.77    107.557    108.270         43 0.0000e+00
     123296   5137.310    387.198    390.000    10.5075    10.5274   3.903083   3.904952     1.6167     1.3162      80.89   22.27392  -96.77076    0.00030    0.00048     2.4728     2.4904    10.4602    10.4800    35.2859    35.2868    27.0951    27.0923    1496.63    107.522    108.286         37 0.0000e+00
     123436   5143.142    382.239    385.000    10.6504    10.6663   3.918407   3.920158     1.6210     1.3201      86.85   22.27418  -96.77189    0.00094    0.00053     2.4742     2.4918    10.6034    10.6192    35.3062    35.3084    27.0855    27.0844    1496.65    107.585    108.347         37 0.0000e+00
     123472   5144.614    381.247    384.000    10.6753    10.6814   3.920912   3.921745     1.6214     1.3211      80.68   22.27392  -96.77078    0.00051    0.00065     2.4736     2.4937    10.6283    10.6343    35.3078    35.3103    27.0823    27.0832    1496.63    107.559    108.431         34 0.0000e+00
     123585   5149.331    377.279    380.000    10.7459    10.7526   3.928781   3.929485     1.6238     1.3221      99.87   22.27481  -96.77463    0.00060    0.00028     2.4745     2.4911    10.6992    10.7059    35.3208    35.3214    27.0799    27.0791    1496.69    107.598    108.320         31 0.0000e+00
     123614   5150.543    376.287    379.000    10.7640    10.7697   3.930427   3.931140     1.6244     1.3228     100.00   22.27392  -96.77076    0.00045    0.00013     2.4746     2.4916    10.7174    10.7231    35.3201    35.3218    27.0760    27.0763    1496.63    107.603    108.343         37 0.0000e+00
     123649   5151.997    375.295    378.000    10.7766    10.7889   3.931727   3.933137     1.6250     1.3230     100.00   22.27392  -96.77076    0.00029    0.00033     2.4752     2.4909    10.7300    10.7423    35.3215    35.3237    27.0748    27.0744    1496.63    107.629    108.313         31 0.0000e+00
     123738   5155.721    372.319    375.000    10.8262    10.8274   3.937363   3.937436     1.6265     1.3249      63.59   22.27523  -96.77647    0.00042    0.00054     2.4753     2.4931    10.7799    10.7811    35.3319    35.3315    27.0741    27.0735    1496.72    107.631    108.409         31 0.0000e+00
     123762   5156.727    371.327    374.000    10.8475    10.8607   3.939405   3.940778     1.6272     1.3252      99.95   22.27392  -96.77076    0.00041    0.00054     2.4756     2.4919    10.8013    10.8144    35.3319    35.3330    27.0701    27.0686    1496.63    107.648    108.353         32 0.0000e+00
