Gulf of Mexico/GOMECC-4/1db/rb2103_0982.cnv
* Sea-Bird SBE 9 Data File:
* FileName = C:\Users\scs.user.rb\CTD\GOMECC4\data\rb2103_0982.hex
* Software Version Seasave V 7.26.7.107
* Temperature SN = 4799
* Conductivity SN = 3860
* Number of Bytes Per Scan = 41
* Number of Voltage Words = 4
* Number of Scans Averaged by the Deck Unit = 1
* NMEA Latitude = 23 11.00 N
* NMEA Longitude = 090 38.50 W
* NMEA UTC (Time) = Oct 11 2021  16:51:30
* NMEA baud rate = 4800
# nquan = 28
# nvalues = 610                         
# units = specified
# name 0 = scan: Scan Count
# name 1 = timeS: Time, Elapsed [seconds]
# name 2 = depSM: Depth [salt water, m]
# name 3 = prDM: Pressure, Digiquartz [db]
# name 4 = t090C: Temperature [ITS-90, deg C]
# name 5 = t190C: Temperature, 2 [ITS-90, deg C]
# name 6 = c0S/m: Conductivity [S/m]
# name 7 = c1S/m: Conductivity, 2 [S/m]
# name 8 = sbeox0V: Oxygen raw, SBE 43 [V]
# name 9 = sbeox1V: Oxygen raw, SBE 43, 2 [V]
# name 10 = altM: Altimeter [m]
# name 11 = latitude: Latitude [deg]
# name 12 = longitude: Longitude [deg]
# name 13 = sbox0dV/dT: Oxygen, SBE 43 [dov/dt]
# name 14 = sbox1dV/dT: Oxygen, SBE 43, 2 [dov/dt]
# name 15 = sbeox0ML/L: Oxygen, SBE 43 [ml/l], WS = 5
# name 16 = sbeox1ML/L: Oxygen, SBE 43, 2 [ml/l], WS = 5
# name 17 = potemp090C: Potential Temperature [ITS-90, deg C]
# name 18 = potemp190C: Potential Temperature, 2 [ITS-90, deg C]
# name 19 = sal00: Salinity, Practical [PSU]
# name 20 = sal11: Salinity, Practical, 2 [PSU]
# name 21 = sigma-é00: Density [sigma-theta, kg/m^3]
# name 22 = sigma-é11: Density, 2 [sigma-theta, kg/m^3]
# name 23 = avgsvCM: Average Sound Velocity [Chen-Millero, m/s], minP = 20, minS = 20
# name 24 = sbox0Mm/Kg: Oxygen, SBE 43 [umol/kg], WS = 5
# name 25 = sbox1Mm/Kg: Oxygen, SBE 43, 2 [umol/kg], WS = 5
# name 26 = nbin: number of scans per bin
# name 27 = flag: flag
# span 0 =      17788,     256846       
# span 1 =    741.125,  10701.884       
# span 2 =      0.994,   3286.047       
# span 3 =      1.000,   3333.000       
# span 4 =     4.3075,    30.0760       
# span 5 =     4.3086,    30.1791       
# span 6 =   3.351874,   6.023449       
# span 7 =   3.351800,   6.035765       
# span 8 =     1.5685,     3.3583       
# span 9 =     1.2698,     2.8570       
# span 10 =      11.24,     108.64      
# span 11 =   22.81852,   23.23191      
# span 12 =  -90.82911,  -89.21432      
# span 13 =   -0.03411,    0.04135      
# span 14 =   -0.03211,    0.03926      
# span 15 =     2.4178,     4.9271      
# span 16 =     2.4313,     4.9007      
# span 17 =     4.0799,    30.0757      
# span 18 =     4.0810,    30.1788      
# span 19 =    34.9092,    36.6815      
# span 20 =    34.9076,    36.6826      
# span 21 =    22.3763,    27.7574      
# span 22 =    22.2935,    27.7561      
# span 23 =       0.00,    1546.51      
# span 24 =    105.126,    214.952      
# span 25 =    105.718,    213.803      
# span 26 =         30,         78      
# span 27 = 0.0000e+00, 0.0000e+00      
# interval = decibars: 1                
# start_time = Oct 11 2021 16:51:30 [NMEA time, header]
# bad_flag = -9.990e-29
*END*
[from data line 208]
      54719   2279.928   1313.452   1326.000     4.5372     4.5375   3.358559   3.358538     1.9184     1.5975     100.00   23.18304  -90.63968    0.00006   -0.00007     4.3724     4.3959     4.4273     4.4276    34.9562    34.9556    27.7055    27.7050    1498.28    190.007    191.027         30 0.0000e+00
      54751   2281.255   1314.440   1327.000     4.5368     4.5373   3.358640   3.358620     1.9188     1.5977     100.00   23.18356  -90.64172    0.00017    0.00001     4.3744     4.3971     4.4268     4.4273    34.9571    34.9564    27.7062    27.7056    1498.31    190.096    191.082         30 0.0000e+00
      54851   2285.426   1318.389   1331.000     4.5299     4.5303   3.358191   3.358174     1.9192     1.5975     100.00   23.18344  -90.64126    0.00016   -0.00012     4.3788     4.3996     4.4196     4.4200    34.9572    34.9565    27.7071    27.7065    1498.28    190.287    191.187         30 0.0000e+00
      56447   2351.917   1378.612   1392.000     4.4627     4.4632   3.354990   3.354971     1.9259     1.6050     100.00   23.18336  -90.64093    0.00016    0.00029     4.4468     4.4728     4.3474     4.3479    34.9603    34.9596    27.7175    27.7169    1497.96    193.240    194.369         30 0.0000e+00
      56683   2361.736   1387.496   1401.000     4.4520     4.4524   3.354484   3.354462     1.9280     1.6064     100.00   23.18362  -90.64197    0.00032    0.00026     4.4609     4.4850     4.3360     4.3364    34.9612    34.9606    27.7195    27.7189    1497.93    193.850    194.898         30 0.0000e+00
     106868   4452.781   3281.154   3328.000     4.3987     4.3998   3.426281   3.426253     1.6900     1.3797      18.07   23.18318  -90.64021   -0.00015   -0.00023     4.6055     4.5997     4.0799     4.0810    34.9739    34.9725    27.7571    27.7558    1503.26    200.128    199.877         34 0.0000e+00
     111386   4641.044   3286.047   3333.000     4.4002     4.4017   3.426639   3.426651     1.6875     1.3773      11.24   23.18374  -90.64214    0.00003    0.00001     4.5963     4.5903     4.0808     4.0823    34.9744    34.9730    27.7574    27.7561    1503.33    199.726    199.468         60 0.0000e+00
     111449   4643.649   3285.069   3332.000     4.3999     4.4010   3.426558   3.426537     1.6876     1.3774      12.10   23.18361  -90.64168    0.00004    0.00001     4.5962     4.5899     4.0806     4.0817    34.9742    34.9729    27.7572    27.7560    1503.32    199.721    199.450         63 0.0000e+00
     111503   4645.929   3284.090   3331.000     4.3996     4.4008   3.426498   3.426481     1.6876     1.3776      13.06   23.18362  -90.64168    0.00000    0.00006     4.5959     4.5906     4.0805     4.0816    34.9742    34.9728    27.7573    27.7560    1503.32    199.710    199.480         48 0.0000e+00
     111552   4647.951   3283.112   3330.000     4.3994     4.4006   3.426439   3.426427     1.6878     1.3778      13.99   23.18361  -90.64168    0.00009    0.00012     4.5963     4.5910     4.0803     4.0815    34.9743    34.9729    27.7573    27.7561    1503.32    199.728    199.497         51 0.0000e+00
     111600   4649.967   3282.133   3329.000     4.3992     4.4005   3.426388   3.426377     1.6878     1.3779      14.91   23.18361  -90.64168    0.00003    0.00009     4.5956     4.5911     4.0803     4.0815    34.9742    34.9728    27.7573    27.7560    1503.32    199.696    199.501         43 0.0000e+00
     111640   4651.635   3281.155   3328.000     4.3991     4.4003   3.426347   3.426330     1.6880     1.3777      15.81   23.18361  -90.64168    0.00003   -0.00001     4.5958     4.5894     4.0803     4.0815    34.9743    34.9729    27.7573    27.7560    1503.32    199.704    199.429         39 0.0000e+00
     111678   4653.229   3280.176   3327.000     4.3990     4.4002   3.426297   3.426278     1.6882     1.3778      16.75   23.18361  -90.64168    0.00011   -0.00006     4.5963     4.5894     4.0803     4.0815    34.9743    34.9728    27.7573    27.7560    1503.32    199.726    199.427         37 0.0000e+00
     111713   4654.649   3279.198   3326.000     4.3988     4.4000   3.426246   3.426223     1.6885     1.3778      17.67   23.18361  -90.64168    0.00015    0.00000     4.5974     4.5887     4.0803     4.0815    34.9742    34.9728    27.7573    27.7560    1503.32    199.773    199.397         32 0.0000e+00
     111801   4658.329   3276.263   3323.000     4.3985     4.3996   3.426077   3.426070     1.6888     1.3782      20.52   23.18349  -90.64119    0.00006    0.00009     4.5971     4.5893     4.0803     4.0814    34.9739    34.9727    27.7570    27.7559    1503.31    199.762    199.424         30 0.0000e+00
     119757   4989.835   2964.902   3005.000     4.3706     4.3714   3.411840   3.411816     1.7290     1.4152     100.00   23.18382  -90.64247    0.00010    0.00000     4.5978     4.5899     4.0898     4.0907    34.9739    34.9727    27.7560    27.7550    1503.33    199.793    199.448         41 0.0000e+00
     119798   4991.550   2963.922   3004.000     4.3705     4.3715   3.411760   3.411746     1.7291     1.4151      86.20   23.18362  -90.64168    0.00002   -0.00000     4.5978     4.5891     4.0899     4.0908    34.9734    34.9723    27.7556    27.7546    1503.32    199.792    199.414         40 0.0000e+00
     119833   4993.020   2962.942   3003.000     4.3704     4.3714   3.411733   3.411697     1.7291     1.4153      88.40   23.18362  -90.64168    0.00005    0.00003     4.5974     4.5894     4.0899     4.0908    34.9737    34.9723    27.7558    27.7546    1503.32    199.777    199.430         35 0.0000e+00
     119888   4995.274   2961.963   3002.000     4.3702     4.3712   3.411668   3.411659     1.7293     1.4160     100.38   23.18362  -90.64168    0.00004    0.00013     4.5975     4.5922     4.0898     4.0908    34.9736    34.9724    27.7557    27.7547    1503.32    199.780    199.548         40 0.0000e+00
     119964   4998.467   2960.983   3001.000     4.3700     4.3712   3.411620   3.411610     1.7293     1.4161     100.00   23.18362  -90.64168    0.00005    0.00013     4.5971     4.5921     4.0897     4.0909    34.9737    34.9724    27.7558    27.7546    1503.32    199.762    199.547         62 0.0000e+00
     122276   5094.786   2959.023   2999.000     4.3706     4.3719   3.411589   3.411603     1.7291     1.4162     100.00   23.18366  -90.64159   -0.00006   -0.00003     4.5950     4.5914     4.0905     4.0918    34.9736    34.9723    27.7557    27.7545    1503.32    199.672    199.514         77 0.0000e+00
     122350   5097.868   2958.043   2998.000     4.3704     4.3714   3.411536   3.411523     1.7294     1.4163     100.00   23.18368  -90.64168    0.00008    0.00003     4.5958     4.5914     4.0905     4.0914    34.9735    34.9724    27.7557    27.7546    1503.32    199.706    199.515         68 0.0000e+00
     122407   5100.231   2957.063   2997.000     4.3702     4.3713   3.411485   3.411469     1.7295     1.4164     100.00   23.18368  -90.64168    0.00005    0.00003     4.5958     4.5911     4.0904     4.0915    34.9736    34.9723    27.7557    27.7546    1503.32    199.707    199.500         45 0.0000e+00
     122446   5101.877   2956.083   2996.000     4.3702     4.3711   3.411422   3.411415     1.7297     1.4164     100.00   23.18368  -90.64168    0.00008    0.00001     4.5959     4.5908     4.0904     4.0914    34.9734    34.9723    27.7555    27.7546    1503.32    199.709    199.488         38 0.0000e+00
     122484   5103.455   2955.103   2995.000     4.3701     4.3711   3.411381   3.411371     1.7302     1.4165      76.78   23.18368  -90.64167    0.00014    0.00002     4.5976     4.5904     4.0904     4.0914    34.9735    34.9723    27.7556    27.7546    1503.32    199.784    199.470         36 0.0000e+00
     122517   5104.826   2954.124   2994.000     4.3700     4.3710   3.411345   3.411332     1.7301     1.4166     100.22   23.18368  -90.64167    0.00016    0.00006     4.5967     4.5904     4.0905     4.0915    34.9736    34.9723    27.7557    27.7546    1503.32    199.745    199.473         30 0.0000e+00
     129936   5413.946   2672.719   2707.000     4.3513     4.3522   3.398862   3.398823     1.7668     1.4505     100.00   23.18454  -90.64490    0.00014    0.00019     4.5918     4.5863     4.1043     4.1051    34.9739    34.9726    27.7545    27.7534    1503.37    199.534    199.291         39 0.0000e+00
     129991   5416.253   2671.737   2706.000     4.3510     4.3519   3.398685   3.398659     1.7669     1.4505     100.00   23.18370  -90.64162    0.00004    0.00006     4.5919     4.5859     4.1041     4.1049    34.9726    34.9714    27.7535    27.7525    1503.32    199.538    199.275         56 0.0000e+00
     130046   5418.544   2670.756   2705.000     4.3509     4.3518   3.398627   3.398606     1.7668     1.4506     100.00   23.18370  -90.64163   -0.00004    0.00003     4.5909     4.5857     4.1041     4.1050    34.9725    34.9714    27.7534    27.7524    1503.32    199.493    199.266         49 0.0000e+00
     130116   5421.456   2669.775   2704.000     4.3507     4.3517   3.398569   3.398563     1.7668     1.4506     100.00   23.18370  -90.64164    0.00002    0.00003     4.5906     4.5852     4.1040     4.1050    34.9725    34.9714    27.7534    27.7524    1503.32    199.480    199.245         32 0.0000e+00
     130250   5427.062   2668.794   2703.000     4.3507     4.3516   3.398537   3.398515     1.7671     1.4508     100.00   23.18370  -90.64163    0.00005    0.00005     4.5912     4.5855     4.1041     4.1050    34.9726    34.9714    27.7534    27.7524    1503.32    199.507    199.259         61 0.0000e+00
     130351   5431.232   2667.813   2702.000     4.3507     4.3515   3.398493   3.398467     1.7672     1.4508     100.00   23.18368  -90.64164    0.00001   -0.00002     4.5910     4.5850     4.1042     4.1050    34.9725    34.9714    27.7534    27.7523    1503.32    199.498    199.235         44 0.0000e+00
     130434   5434.715   2666.832   2701.000     4.3506     4.3515   3.398452   3.398433     1.7673     1.4510      99.83   23.18369  -90.64164    0.00003    0.00004     4.5909     4.5852     4.1043     4.1051    34.9725    34.9714    27.7534    27.7524    1503.32    199.492    199.247         44 0.0000e+00
     132807   5533.582   2664.869   2699.000     4.3510     4.3519   3.398403   3.398385     1.7676     1.4518      99.65   23.18371  -90.64160 2.3728e-07    0.00000     4.5910     4.5877     4.1049     4.1058    34.9725    34.9713    27.7533    27.7523    1503.32    199.496    199.355         42 0.0000e+00
     132858   5535.692   2663.888   2698.000     4.3504     4.3514   3.398324   3.398301     1.7680     1.4518      99.92   23.18372  -90.64164    0.00007    0.00000     4.5920     4.5871     4.1044     4.1053    34.9726    34.9714    27.7534    27.7524    1503.32    199.540    199.330         57 0.0000e+00
     132919   5538.235   2662.907   2697.000     4.3503     4.3512   3.398267   3.398241     1.7681     1.4518     100.00   23.18372  -90.64164    0.00007    0.00001     4.5919     4.5869     4.1043     4.1052    34.9726    34.9713    27.7534    27.7523    1503.32    199.535    199.319         56 0.0000e+00
     132972   5540.451   2661.926   2696.000     4.3501     4.3510   3.398215   3.398198     1.7681     1.4518     100.00   23.18372  -90.64164    0.00003    0.00002     4.5916     4.5863     4.1043     4.1052    34.9726    34.9714    27.7534    27.7524    1503.32    199.522    199.294         55 0.0000e+00
     133020   5542.462   2660.944   2695.000     4.3501     4.3510   3.398170   3.398150     1.7683     1.4522     100.00   23.18372  -90.64164    0.00005    0.00007     4.5918     4.5876     4.1044     4.1053    34.9724    34.9713    27.7533    27.7523    1503.32    199.534    199.348         37 0.0000e+00
     133081   5544.985   2658.982   2693.000     4.3499     4.3507   3.398080   3.398056     1.7685     1.4523      96.86   23.18375  -90.64174    0.00014    0.00006     4.5915     4.5866     4.1044     4.1052    34.9726    34.9714    27.7534    27.7524    1503.32    199.521    199.306         30 0.0000e+00
     133111   5546.239   2658.001   2692.000     4.3497     4.3507   3.398025   3.398010     1.7688     1.4526     100.02   23.18372  -90.64164    0.00010    0.00007     4.5922     4.5874     4.1043     4.1053    34.9726    34.9714    27.7534    27.7523    1503.32    199.549    199.340         30 0.0000e+00
     140240   5843.289   2377.192   2406.000     4.3299     4.3308   3.385182   3.385150     1.8064     1.4873     100.00   23.18392  -90.64223    0.00014    0.00007     4.5862     4.5817     4.1157     4.1166    34.9723    34.9710    27.7520    27.7509    1503.33    199.288    199.093         33 0.0000e+00
     140272   5844.643   2376.209   2405.000     4.3299     4.3307   3.385108   3.385081     1.8067     1.4874     100.00   23.18376  -90.64162    0.00018    0.00006     4.5868     4.5816     4.1158     4.1166    34.9720    34.9708    27.7517    27.7507    1503.32    199.316    199.087         34 0.0000e+00
     140312   5846.308   2375.227   2404.000     4.3296     4.3305   3.385051   3.385026     1.8070     1.4875     100.00   23.18376  -90.64162    0.00021    0.00006     4.5876     4.5818     4.1156     4.1164    34.9721    34.9709    27.7518    27.7508    1503.32    199.351    199.096         50 0.0000e+00
     140373   5848.837   2374.244   2403.000     4.3295     4.3304   3.385006   3.384979     1.8071     1.4879      84.88   23.18376  -90.64162    0.00008    0.00014     4.5875     4.5830     4.1156     4.1165    34.9721    34.9709    27.7518    27.7508    1503.32    199.344    199.149         63 0.0000e+00
     140617   5859.007   2372.280   2401.000     4.3297     4.3307   3.385158   3.385135     1.8075     1.4886     100.01   23.18545  -90.64821    0.00001    0.00003     4.5878     4.5844     4.1160     4.1170    34.9746    34.9734    27.7538    27.7527    1503.43    199.360    199.212         37 0.0000e+00
     141388   5891.117   2371.297   2400.000     4.3297     4.3307   3.384899   3.384891     1.8077     1.4888      95.24   23.18376  -90.64161    0.00005    0.00005     4.5881     4.5853     4.1161     4.1171    34.9720    34.9709    27.7517    27.7507    1503.32    199.372    199.249         63 0.0000e+00
     141878   5911.555   2370.314   2399.000     4.3293     4.3304   3.384830   3.384829     1.8076     1.4888      99.27   23.18376  -90.64162   -0.00004   -0.00007     4.5871     4.5844     4.1158     4.1169    34.9721    34.9709    27.7518    27.7507    1503.32    199.329    199.211         40 0.0000e+00
     142183   5924.257   2368.349   2397.000     4.3294     4.3304   3.384847   3.384824     1.8080     1.4894     100.00   23.18449  -90.64447    0.00004   -0.00002     4.5876     4.5858     4.1162     4.1171    34.9731    34.9719    27.7526    27.7515    1503.37    199.351    199.272         35 0.0000e+00
     142225   5926.004   2367.367   2396.000     4.3291     4.3300   3.384685   3.384669     1.8080     1.4895     100.00   23.18376  -90.64162    0.00003    0.00000     4.5873     4.5860     4.1159     4.1168    34.9720    34.9709    27.7517    27.7507    1503.32    199.336    199.281         35 0.0000e+00
     142259   5927.402   2366.384   2395.000     4.3289     4.3299   3.384636   3.384611     1.8083     1.4896     100.00   23.18376  -90.64162    0.00009    0.00010     4.5879     4.5860     4.1159     4.1168    34.9720    34.9708    27.7517    27.7506    1503.32    199.362    199.282         35 0.0000e+00
