Gulf of Mexico/GOMECC-4/1db/rb2103_0691.cnv
* Sea-Bird SBE 9 Data File:
* FileName = C:\Users\scs.user.rb\CTD\GOMECC4\data\rb2103_0691.hex
* Software Version Seasave V 7.26.7.107
* Temperature SN = 4799
* Conductivity SN = 3860
* Number of Bytes Per Scan = 41
* Number of Voltage Words = 4
* Number of Scans Averaged by the Deck Unit = 1
* NMEA Latitude = 26 03.53 N
* NMEA Longitude = 095 07.24 W
* NMEA UTC (Time) = Oct 03 2021  11:22:54
* NMEA baud rate = 4800
# nquan = 28
# nvalues = 743                         
# units = specified
# name 0 = scan: Scan Count
# name 1 = timeS: Time, Elapsed [seconds]
# name 2 = depSM: Depth [salt water, m]
# name 3 = prDM: Pressure, Digiquartz [db]
# name 4 = t090C: Temperature [ITS-90, deg C]
# name 5 = t190C: Temperature, 2 [ITS-90, deg C]
# name 6 = c0S/m: Conductivity [S/m]
# name 7 = c1S/m: Conductivity, 2 [S/m]
# name 8 = sbeox0V: Oxygen raw, SBE 43 [V]
# name 9 = sbeox1V: Oxygen raw, SBE 43, 2 [V]
# name 10 = altM: Altimeter [m]
# name 11 = latitude: Latitude [deg]
# name 12 = longitude: Longitude [deg]
# name 13 = sbox0dV/dT: Oxygen, SBE 43 [dov/dt]
# name 14 = sbox1dV/dT: Oxygen, SBE 43, 2 [dov/dt]
# name 15 = sbeox0ML/L: Oxygen, SBE 43 [ml/l], WS = 5
# name 16 = sbeox1ML/L: Oxygen, SBE 43, 2 [ml/l], WS = 5
# name 17 = potemp090C: Potential Temperature [ITS-90, deg C]
# name 18 = potemp190C: Potential Temperature, 2 [ITS-90, deg C]
# name 19 = sal00: Salinity, Practical [PSU]
# name 20 = sal11: Salinity, Practical, 2 [PSU]
# name 21 = sigma-é00: Density [sigma-theta, kg/m^3]
# name 22 = sigma-é11: Density, 2 [sigma-theta, kg/m^3]
# name 23 = avgsvCM: Average Sound Velocity [Chen-Millero, m/s], minP = 20, minS = 20
# name 24 = sbox0Mm/Kg: Oxygen, SBE 43 [umol/kg], WS = 5
# name 25 = sbox1Mm/Kg: Oxygen, SBE 43, 2 [umol/kg], WS = 5
# name 26 = nbin: number of scans per bin
# name 27 = flag: flag
# span 0 =       5895,     154871       
# span 1 =    245.587,   6452.927       
# span 2 =      1.987,   1937.179       
# span 3 =      2.000,   1959.000       
# span 4 =     4.3110,    30.0000       
# span 5 =     4.3114,    30.0010       
# span 6 =   3.352080,   6.067061       
# span 7 =   3.352039,   6.066899       
# span 8 =     1.5699,     3.3754       
# span 9 =     1.2732,     2.8885       
# span 10 =      10.02,     102.45      
# span 11 =   25.97330,   26.57033      
# span 12 =  -96.98970,  -94.80807      
# span 13 =   -0.02674,    0.04224      
# span 14 =   -0.02648,    0.03911      
# span 15 =     2.4108,     5.0590      
# span 16 =     2.4272,     5.0692      
# span 17 =     4.1430,    29.9963      
# span 18 =     4.1438,    29.9973      
# span 19 =    34.9059,    36.9144      
# span 20 =    34.9053,    36.9125      
# span 21 =    22.5600,    27.7505      
# span 22 =    22.5594,    27.7495      
# span 23 =       0.00,    1547.43      
# span 24 =    104.830,    220.629      
# span 25 =    105.542,    221.083      
# span 26 =         30,         74      
# span 27 = 0.0000e+00, 0.0000e+00      
# interval = decibars: 1                
# start_time = Oct 03 2021 11:22:54 [NMEA time, header]
# bad_flag = -9.990e-29
*END*
[from data line 208]
      24568   1023.612    604.149    609.000     8.1893     8.1896   3.666487   3.666467     1.5800     1.2857     100.00   26.05835  -95.11749   -0.00003    0.00032     2.5893     2.6154     8.1252     8.1255    35.0040    35.0035    27.2581    27.2576    1512.67    112.572    113.706         30 0.0000e+00
      24750   1031.199    611.083    616.000     8.0348     8.0355   3.650285   3.650339     1.5966     1.3034     100.00   26.05899  -95.11984    0.00328    0.00305     2.6528     2.6867     7.9706     7.9713    34.9815    34.9814    27.2637    27.2636    1512.47    115.329    116.806         31 0.0000e+00
      24878   1036.548    616.036    621.000     7.9877     7.9885   3.645860   3.645906     1.6021     1.3067     100.00   26.05990  -95.12314    0.00072    0.00021     2.6744     2.7024     7.9232     7.9240    34.9788    34.9784    27.2688    27.2684    1512.37    116.267    117.485         32 0.0000e+00
      25443   1060.087    637.826    643.000     7.7605     7.7613   3.624427   3.624464     1.6022     1.3066     100.00   26.06033  -95.12471    0.00034    0.00036     2.6984     2.7255     7.6947     7.6955    34.9649    34.9644    27.2917    27.2912    1511.70    117.308    118.488         31 0.0000e+00
      25569   1065.343    642.778    648.000     7.7390     7.7396   3.622659   3.622677     1.6029     1.3068     100.00   26.05945  -95.12151    0.00029    0.00014     2.7037     2.7297     7.6728     7.6734    34.9648    34.9644    27.2948    27.2944    1511.49    117.538    118.670         31 0.0000e+00
      25696   1070.619    647.730    653.000     7.6996     7.7002   3.618855   3.618871     1.6019     1.3056     100.00   26.05858  -95.11831   -0.00001 6.7447e-07     2.7052     2.7303     7.6330     7.6336    34.9607    34.9603    27.2974    27.2970    1511.30    117.606    118.695         30 0.0000e+00
      25853   1077.161    653.672    659.000     7.6587     7.6592   3.615184   3.615199     1.6025     1.3075     100.00   26.06010  -95.12387    0.00031    0.00056     2.7120     2.7415     7.5917     7.5922    34.9594    34.9590    27.3025    27.3021    1511.21    117.899    119.182         31 0.0000e+00
      25977   1082.320    658.624    664.000     7.6275     7.6280   3.612682   3.612702     1.6008     1.3047     100.00   26.05841  -95.11765   -0.00044   -0.00072     2.7109     2.7361     7.5601     7.5607    34.9610    34.9606    27.3083    27.3079    1510.96    117.849    118.945         30 0.0000e+00
      26009   1083.662    659.614    665.000     7.6293     7.6299   3.613192   3.613210     1.5998     1.3039     100.00   26.05924  -95.12066   -0.00055   -0.00084     2.7079     2.7337     7.5618     7.5624    34.9643    34.9639    27.3107    27.3102    1510.98    117.718    118.841         32 0.0000e+00
      26133   1088.850    664.566    670.000     7.5707     7.5713   3.607664   3.607696     1.5957     1.2993     100.00   26.05864  -95.11848   -0.00081   -0.00085     2.7014     2.7243     7.5030     7.5036    34.9607    34.9605    27.3164    27.3162    1510.80    117.435    118.431         33 0.0000e+00
      27221   1134.165    706.154    712.000     7.1158     7.1161   3.564206   3.564192     1.6292     1.3324     100.00   26.05778  -95.11524    0.00076    0.00081     2.8546     2.8846     7.0461     7.0464    34.9250    34.9245    27.3533    27.3529    1509.57    124.094    125.396         30 0.0000e+00
      27254   1135.558    707.144    713.000     7.0995     7.1009   3.562719   3.562810     1.6294     1.3317     100.00   26.05926  -95.12066    0.00067    0.00038     2.8566     2.8837     7.0298     7.0312    34.9248    34.9245    27.3554    27.3550    1509.63    124.179    125.357         33 0.0000e+00
      27460   1144.135    715.065    721.000     7.0699     7.0706   3.560907   3.560931     1.6264     1.3285     100.00   26.05996  -95.12323   -0.00067   -0.00059     2.8523     2.8778     6.9995     7.0002    34.9311    34.9306    27.3646    27.3642    1509.46    123.988    125.100         30 0.0000e+00
      28752   1197.976    764.562    771.000     6.6057     6.6063   3.518667   3.518690     1.6579     1.3597     100.00   26.05876  -95.11877    0.00065    0.00046     3.0080     3.0407     6.5329     6.5335    34.9114    34.9111    27.4129    27.4126    1508.14    130.753    132.175         31 0.0000e+00
      28937   1205.666    771.490    778.000     6.5512     6.5518   3.514012   3.514028     1.6654     1.3666     100.00   26.05927  -95.12064    0.00110    0.00107     3.0393     3.0720     6.4780     6.4786    34.9119    34.9115    27.4206    27.4202    1507.99    132.113    133.534         31 0.0000e+00
      29326   1221.891    786.336    793.000     6.4603     6.4608   3.506169   3.506162     1.6720     1.3725     100.00   26.05919  -95.12034    0.00042    0.00049     3.0741     3.1061     6.3862     6.3866    34.9101    34.9095    27.4314    27.4309    1507.64    133.625    135.015         30 0.0000e+00
      30568   1273.642    833.837    841.000     6.1914     6.1916   3.483758   3.483736     1.6990     1.3977      88.53   26.05882  -95.11884    0.00058    0.00061     3.2040     3.2371     6.1142     6.1144    34.9109    34.9104    27.4676    27.4672    1506.56    139.267    140.703         31 0.0000e+00
      30723   1280.075    839.774    847.000     6.1384     6.1390   3.479298   3.479310     1.7013     1.3999      78.02   26.05915  -95.12003    0.00028    0.00039     3.2189     3.2520     6.0609     6.0615    34.9123    34.9119    27.4756    27.4752    1506.45    139.913    141.349         33 0.0000e+00
      30755   1281.426    840.763    848.000     6.1367     6.1371   3.479214   3.479212     1.7028     1.4016     100.50   26.05932  -95.12066    0.00080    0.00096     3.2244     3.2586     6.0591     6.0595    34.9126    34.9122    27.4761    27.4757    1506.44    140.151    141.638         30 0.0000e+00
      30880   1286.644    845.711    853.000     6.1272     6.1276   3.478652   3.478650     1.7050     1.4029     100.00   26.05971  -95.12209    0.00027    0.00021     3.2342     3.2663     6.0492     6.0496    34.9136    34.9132    27.4782    27.4778    1506.36    140.578    141.973         33 0.0000e+00
      31009   1292.011    850.658    858.000     6.0806     6.0812   3.474513   3.474521     1.7060     1.4043     100.00   26.05913  -95.11996    0.00011    0.00031     3.2440     3.2776     6.0024     6.0030    34.9124    34.9120    27.4832    27.4828    1506.23    141.003    142.462         30 0.0000e+00
      31576   1315.610    872.424    880.000     5.9495     5.9500   3.463549   3.463551     1.7233     1.4206      85.79   26.05862  -95.11804    0.00078    0.00069     3.3222     3.3569     5.8700     5.8705    34.9128    34.9123    27.5003    27.4999    1505.76    144.397    145.906         30 0.0000e+00
      31607   1316.911    873.413    881.000     5.9468     5.9473   3.463438   3.463427     1.7239     1.4212     100.18   26.05934  -95.12066    0.00065    0.00063     3.3247     3.3597     5.8672     5.8677    34.9139    34.9132    27.5016    27.5010    1505.78    144.507    146.030         30 0.0000e+00
      31941   1330.853    886.274    894.000     5.8645     5.8649   3.456601   3.456602     1.7329     1.4287     100.00   26.05931  -95.12055    0.00067    0.00054     3.3678     3.3998     5.7842     5.7846    34.9150    34.9146    27.5129    27.5125    1505.53    146.380    147.768         30 0.0000e+00
      32359   1348.248    902.101    910.000     5.7789     5.7794   3.449740   3.449740     1.7422     1.4380      95.37   26.06010  -95.12343    0.00054    0.00037     3.4138     3.4483     5.6977     5.6982    34.9177    34.9172    27.5259    27.5254    1505.28    148.375    149.875         31 0.0000e+00
      32484   1353.447    907.046    915.000     5.7370     5.7379   3.446030   3.446057     1.7467     1.4425     100.00   26.05871  -95.11838    0.00083    0.00102     3.4348     3.4709     5.6556     5.6565    34.9162    34.9157    27.5300    27.5294    1505.11    149.290    150.858         34 0.0000e+00
      32954   1373.024    924.850    933.000     5.6926     5.6932   3.442962   3.442956     1.7558     1.4499     100.00   26.05942  -95.12089    0.00011    0.00001     3.4777     3.5099     5.6098     5.6104    34.9184    34.9178    27.5374    27.5368    1504.83    151.150    152.550         30 0.0000e+00
      33081   1378.353    929.796    938.000     5.6678     5.6686   3.440954   3.440961     1.7571     1.4515     100.00   26.05933  -95.12055    0.00030    0.00024     3.4868     3.5205     5.5847     5.5855    34.9188    34.9180    27.5407    27.5401    1504.74    151.546    153.010         32 0.0000e+00
      33212   1383.787    934.741    943.000     5.6245     5.6250   3.437336   3.437328     1.7599     1.4548     100.00   26.05967  -95.12178    0.00038    0.00060     3.5024     3.5391     5.5412     5.5417    34.9199    34.9194    27.5470    27.5465    1504.68    152.226    153.818         32 0.0000e+00
      33340   1389.108    939.686    948.000     5.5968     5.5979   3.435077   3.435112     1.7655     1.4595     100.00   26.05943  -95.12093    0.00101    0.00079     3.5262     3.5612     5.5133     5.5143    34.9204    34.9197    27.5508    27.5502    1504.58    153.256    154.777         30 0.0000e+00
      33546   1397.724    947.597    956.000     5.5487     5.5492   3.431109   3.431090     1.7716     1.4653      80.30   26.05887  -95.11888    0.00055    0.00067     3.5553     3.5907     5.4648     5.4652    34.9212    34.9205    27.5574    27.5568    1504.41    154.521    156.058         31 0.0000e+00
      33707   1404.400    953.531    962.000     5.5218     5.5222   3.429126   3.429121     1.7760     1.4693     100.00   26.06021  -95.12375    0.00054    0.00058     3.5754     3.6105     5.4374     5.4378    34.9234    34.9229    27.5625    27.5621    1504.39    155.392    156.921         34 0.0000e+00
      33829   1409.501    958.475    967.000     5.4907     5.4912   3.426456   3.426453     1.7790     1.4725      95.27   26.05900  -95.11935    0.00047    0.00056     3.5911     3.6278     5.4061     5.4066    34.9228    34.9220    27.5658    27.5651    1504.23    156.076    157.671         34 0.0000e+00
      33863   1410.904    959.465    968.000     5.4880     5.4884   3.426295   3.426296     1.7801     1.4736      58.11   26.05936  -95.12066    0.00057    0.00071     3.5955     3.6326     5.4033     5.4038    34.9230    34.9226    27.5663    27.5659    1504.24    156.267    157.879         30 0.0000e+00
      34015   1417.268    965.398    974.000     5.4545     5.4552   3.423647   3.423660     1.7844     1.4774     100.00   26.05969  -95.12187    0.00063    0.00039     3.6164     3.6529     5.3695     5.3702    34.9246    34.9240    27.5716    27.5711    1504.16    157.174    158.762         31 0.0000e+00
      34481   1436.666    983.197    992.000     5.3557     5.3559   3.415630   3.415600     1.8000     1.4914      99.77   26.05899  -95.11925    0.00062    0.00051     3.6879     3.7231     5.2697     5.2700    34.9264    34.9258    27.5851    27.5845    1503.83    160.278    161.811         30 0.0000e+00
      34611   1442.100    988.140    997.000     5.3303     5.3306   3.413621   3.413620     1.8023     1.4943     100.00   26.05931  -95.12037    0.00041    0.00058     3.7007     3.7387     5.2441     5.2443    34.9273    34.9268    27.5889    27.5884    1503.77    160.836    162.490         32 0.0000e+00
      34741   1447.509    993.084   1002.000     5.3233     5.3238   3.413260   3.413252     1.8054     1.4970      98.44   26.05953  -95.12120    0.00059    0.00054     3.7147     3.7517     5.2367     5.2372    34.9279    34.9273    27.5903    27.5897    1503.71    161.443    163.050         31 0.0000e+00
      34868   1452.796    998.028   1007.000     5.2742     5.2749   3.409068   3.409072     1.8086     1.5006      87.05   26.05909  -95.11959    0.00067    0.00096     3.7329     3.7727     5.1875     5.1882    34.9284    34.9277    27.5964    27.5959    1503.61    162.235    163.965         30 0.0000e+00
      35053   1460.504   1004.949   1014.000     5.2399     5.2404   3.406393   3.406395     1.8150     1.5063     100.00   26.05946  -95.12092    0.00066    0.00063     3.7619     3.8009     5.1528     5.1533    34.9299    34.9293    27.6017    27.6013    1503.52    163.496    165.189         31 0.0000e+00
      35630   1484.557   1026.699   1036.000     5.1821     5.1825   3.402272   3.402257     1.8264     1.5163     100.00   26.05928  -95.12030    0.00050    0.00046     3.8179     3.8553     5.0933     5.0937    34.9318    34.9312    27.6103    27.6098    1503.18    165.925    167.551         30 0.0000e+00
      36134   1505.534   1045.480   1055.000     5.1509     5.1513   3.400405   3.400385     1.8359     1.5239     100.00   26.05960  -95.12146   -0.00002   -0.00011     3.8635     3.8963     5.0607     5.0611    34.9333    34.9327    27.6154    27.6148    1502.94    167.905    169.331         32 0.0000e+00
      36265   1510.988   1050.423   1060.000     5.1321     5.1326   3.398926   3.398904     1.8352     1.5238     100.00   26.05917  -95.11990   -0.00009   -0.00002     3.8658     3.9006     5.0416     5.0420    34.9334    34.9327    27.6176    27.6170    1502.85    168.008    169.518         31 0.0000e+00
      36686   1528.529   1066.238   1076.000     5.0656     5.0660   3.393818   3.393806     1.8435     1.5326     100.00   26.05954  -95.12115    0.00036    0.00051     3.9099     3.9490     4.9741     4.9745    34.9360    34.9354    27.6276    27.6270    1502.65    169.920    171.619         32 0.0000e+00
      37608   1566.943   1100.829   1111.000     4.9137     4.9144   3.382177   3.382172     1.8654     1.5529     100.00   26.05985  -95.12223    0.00067    0.00065     4.0213     4.0607     4.8202     4.8209    34.9420    34.9414    27.6501    27.6496    1502.22    174.757    176.471         31 0.0000e+00
      37735   1572.237   1105.769   1116.000     4.9035     4.9040   3.381432   3.381411     1.8701     1.5577     100.00   26.05956  -95.12116    0.00096    0.00087     4.0415     4.0828     4.8097     4.8101    34.9422    34.9415    27.6514    27.6508    1502.15    175.635    177.434         32 0.0000e+00
      38128   1588.619   1120.592   1131.000     4.8511     4.8519   3.377474   3.377465     1.8791     1.5653     100.00   26.05899  -95.11908    0.00060    0.00064     4.0872     4.1257     4.7563     4.7571    34.9437    34.9430    27.6588    27.6582    1501.93    177.621    179.294         32 0.0000e+00
      38160   1589.954   1121.580   1132.000     4.8482     4.8486   3.377297   3.377279     1.8796     1.5656     100.00   26.05942  -95.12066    0.00034    0.00026     4.0897     4.1277     4.7533     4.7537    34.9442    34.9436    27.6595    27.6590    1501.94    177.730    179.382         30 0.0000e+00
      38287   1595.253   1126.521   1137.000     4.8382     4.8385   3.376647   3.376628     1.8819     1.5677     100.00   26.05946  -95.12081    0.00044    0.00032     4.1014     4.1395     4.7429     4.7433    34.9447    34.9440    27.6611    27.6605    1501.89    178.238    179.896         31 0.0000e+00
      38784   1615.963   1145.294   1156.000     4.8061     4.8069   3.374646   3.374634     1.8857     1.5705     100.00   26.05918  -95.11971    0.00001   -0.00005     4.1288     4.1644     4.7094     4.7102    34.9455    34.9447    27.6655    27.6648    1501.66    179.428    180.975         30 0.0000e+00
