Gulf of Mexico/GOMECC-4/1db/rb2103_1071.ros
* Sea-Bird SBE 9 Data File:
* FileName = C:\Users\scs.user.rb\CTD\GOMECC4\data\rb2103_1071.hex
* Software Version Seasave V 7.26.7.107
* Temperature SN = 4799
* Conductivity SN = 3860
* Number of Bytes Per Scan = 41
* Number of Voltage Words = 4
* Number of Scans Averaged by the Deck Unit = 1
* NMEA Latitude = 23 05.26 N
* NMEA Longitude = 086 16.38 W
* NMEA UTC (Time) = Oct 14 2021  17:43:34
* NMEA baud rate = 4800
# nquan = 17
# nvalues = 3192                                  
# units = specified
# name 0 = scan: Scan Count
# name 1 = timeS: Time, Elapsed [seconds]
# name 2 = depSM: Depth [salt water, m]
# name 3 = prDM: Pressure, Digiquartz [db]
# name 4 = t090C: Temperature [ITS-90, deg C]
# name 5 = t190C: Temperature, 2 [ITS-90, deg C]
# name 6 = c0S/m: Conductivity [S/m]
# name 7 = c1S/m: Conductivity, 2 [S/m]
# name 8 = sbeox0V: Oxygen raw, SBE 43 [V]
# name 9 = sbeox1V: Oxygen raw, SBE 43, 2 [V]
# name 10 = altM: Altimeter [m]
# name 11 = latitude: Latitude [deg]
# name 12 = longitude: Longitude [deg]
# name 13 = sbox0dV/dT: Oxygen, SBE 43 [dov/dt]
# name 14 = sbox1dV/dT: Oxygen, SBE 43, 2 [dov/dt]
# name 15 = nbf: Bottles Fired
# name 16 = flag:  0.000e+00
# interval = seconds: 0.0416667
# start_time = Oct 14 2021 17:43:34 [NMEA time, header]
# bad_flag = -9.990e-29
*END*
[from data line 3149]
     132300   5512.458      3.079      3.099    29.9941    29.9978   6.023323   6.023853     3.1758     2.6850      76.63   23.08854  -86.27252    0.00010    0.00049         24  0.000e+00
     132301   5512.500      3.126      3.146    29.9949    29.9977   6.023347   6.023893     3.1758     2.6850      99.00   23.08854  -86.27252    0.00011    0.00048         24  0.000e+00
     132302   5512.542      3.120      3.139    29.9958    29.9977   6.023572   6.023877     3.1758     2.6862     100.00   23.08854  -86.27252    0.00012    0.00049         24  0.000e+00
     132303   5512.583      3.079      3.099    29.9980    29.9973   6.023764   6.023755     3.1758     2.6862     100.00   23.08854  -86.27252    0.00010    0.00048         24  0.000e+00
     132304   5512.625      3.126      3.146    29.9984    29.9968   6.023804   6.023723     3.1758     2.6862     100.00   23.08854  -86.27252    0.00011    0.00047         24  0.000e+00
     132305   5512.667      3.079      3.099    29.9995    29.9960   6.023876   6.023682     3.1758     2.6862      99.98   23.08854  -86.27252    0.00012    0.00045         24  0.000e+00
     132306   5512.708      3.126      3.146    29.9995    29.9953   6.023973   6.023601     3.1758     2.6862     100.00   23.08854  -86.27252    0.00012    0.00044         24  0.000e+00
     132307   5512.750      3.120      3.139    29.9998    29.9947   6.023957   6.023536     3.1770     2.6862     100.00   23.08854  -86.27252    0.00014    0.00042         24  0.000e+00
     132308   5512.792      3.079      3.099    29.9989    29.9946   6.023796   6.023528     3.1758     2.6862     100.00   23.08854  -86.27252    0.00015    0.00038         24  0.000e+00
     132309   5512.833      3.126      3.146    29.9985    29.9951   6.023828   6.023560     3.1758     2.6862     100.00   23.08854  -86.27252    0.00014    0.00034         24  0.000e+00
     132310   5512.875      3.174      3.194    29.9975    29.9950   6.023740   6.023503     3.1758     2.6862     100.00   23.08854  -86.27252    0.00013    0.00030         24  0.000e+00
     132311   5512.917      3.079      3.099    29.9969    29.9946   6.023660   6.023479     3.1770     2.6862     100.00   23.08854  -86.27252    0.00015    0.00026         24  0.000e+00
     132312   5512.958      3.120      3.139    29.9965    29.9946   6.023620   6.023511     3.1758     2.6862     100.00   23.08854  -86.27252    0.00014    0.00023         24  0.000e+00
     132313   5513.000      3.174      3.194    29.9967    29.9945   6.023612   6.023560     3.1758     2.6874     100.00   23.08854  -86.27252    0.00012    0.00021         24  0.000e+00
     132314   5513.042      3.126      3.146    29.9969    29.9947   6.023644   6.023576     3.1758     2.6874     100.00   23.08854  -86.27252    0.00013    0.00020         24  0.000e+00
     132315   5513.083      3.126      3.146    29.9970    29.9943   6.023660   6.023503     3.1758     2.6862     100.00   23.08854  -86.27252    0.00013    0.00018         24  0.000e+00
     132316   5513.125      3.174      3.194    29.9984    29.9942   6.023828   6.023438     3.1758     2.6874     100.00   23.08854  -86.27252    0.00013    0.00018         24  0.000e+00
     132317   5513.167      3.126      3.146    30.0000    29.9932   6.023973   6.023389     3.1758     2.6862     100.00   23.08854  -86.27252    0.00014    0.00016         24  0.000e+00
     132318   5513.208      3.167      3.187    30.0003    29.9938   6.023965   6.023454     3.1746     2.6862     100.00   23.08854  -86.27252    0.00012    0.00014         24  0.000e+00
     132319   5513.250      3.174      3.194    29.9997    29.9940   6.023957   6.023511     3.1746     2.6874     100.00   23.08854  -86.27252    0.00011    0.00015         24  0.000e+00
     132320   5513.292      3.174      3.194    29.9995    29.9943   6.023909   6.023560     3.1758     2.6862     100.00   23.08854  -86.27252    0.00011    0.00017         24  0.000e+00
     132321   5513.333      3.126      3.146    29.9995    29.9942   6.023892   6.023503     3.1746     2.6862     100.00   23.08854  -86.27252    0.00010    0.00018         24  0.000e+00
     132322   5513.375      3.228      3.248    29.9984    29.9942   6.023820   6.023585     3.1746     2.6862     100.00   23.08854  -86.27252    0.00009    0.00019         24  0.000e+00
     132323   5513.417      3.167      3.187    29.9985    29.9945   6.023804   6.023585     3.1758     2.6862     100.00   23.08854  -86.27252    0.00009    0.00020         24  0.000e+00
     132324   5513.458      3.174      3.194    29.9993    29.9955   6.023836   6.023682     3.1758     2.6862     100.00   23.08854  -86.27252    0.00010    0.00022         24  0.000e+00
     132325   5513.500      3.174      3.194    29.9991    29.9964   6.023852   6.023682     3.1758     2.6862     100.00   23.08854  -86.27252    0.00011    0.00025         24  0.000e+00
     132326   5513.542      3.228      3.248    29.9992    29.9974   6.023844   6.023820     3.1758     2.6850     100.00   23.08854  -86.27252    0.00011    0.00026         24  0.000e+00
     132327   5513.583      3.228      3.248    29.9991    29.9979   6.023844   6.023877     3.1758     2.6850     100.00   23.08854  -86.27252    0.00012    0.00028         24  0.000e+00
     132328   5513.625      3.167      3.187    29.9987    29.9986   6.023925   6.023983     3.1758     2.6850     100.00   23.08854  -86.27252    0.00012    0.00031         24  0.000e+00
     132329   5513.667      3.228      3.248    29.9997    29.9990   6.023957   6.024089     3.1758     2.6850     100.00   23.08854  -86.27252    0.00011    0.00034         24  0.000e+00
     132330   5513.708      3.228      3.248    30.0000    29.9997   6.023941   6.024121     3.1770     2.6850     100.00   23.08854  -86.27252    0.00013    0.00037         24  0.000e+00
     132331   5513.750      3.228      3.248    29.9998    30.0003   6.023949   6.024194     3.1770     2.6850     100.00   23.08854  -86.27252    0.00014    0.00039         24  0.000e+00
     132332   5513.792      3.228      3.248    29.9989    30.0001   6.023877   6.024178     3.1770     2.6838     100.00   23.08854  -86.27252    0.00014    0.00039         24  0.000e+00
     132333   5513.833      3.228      3.248    29.9987    29.9998   6.023812   6.024129     3.1770     2.6838     100.00   23.08854  -86.27252    0.00014    0.00040         24  0.000e+00
     132334   5513.875      3.269      3.289    29.9988    29.9996   6.023804   6.024072     3.1770     2.6850     100.00   23.08854  -86.27252    0.00014    0.00041         24  0.000e+00
     132335   5513.917      3.228      3.248    29.9982    29.9990   6.023796   6.023950     3.1770     2.6838     100.00   23.08854  -86.27252    0.00015    0.00040         24  0.000e+00
     132336   5513.958      3.275      3.296    29.9976    29.9983   6.023796   6.023950     3.1770     2.6850     100.00   23.08854  -86.27252    0.00015    0.00041         24  0.000e+00
     132337   5514.000      3.228      3.248    29.9976    29.9978   6.023732   6.023853     3.1770     2.6838     100.00   23.08854  -86.27252    0.00015    0.00041         24  0.000e+00
     132338   5514.042      3.275      3.296    29.9974    29.9971   6.023708   6.023820     3.1770     2.6850     100.00   23.08854  -86.27252    0.00015    0.00042         24  0.000e+00
     132339   5514.083      3.269      3.289    29.9973    29.9968   6.023668   6.023780     3.1770     2.6838     100.00   23.08854  -86.27252    0.00014    0.00043         24  0.000e+00
     132340   5514.125      3.275      3.296    29.9976    29.9967   6.023644   6.023804     3.1783     2.6850     100.00   23.08854  -86.27252    0.00018    0.00046         24  0.000e+00
     132341   5514.167      3.228      3.248    29.9973    29.9970   6.023724   6.023893     3.1770     2.6850     100.00   23.08854  -86.27252    0.00019    0.00049         24  0.000e+00
     132342   5514.208      3.323      3.344    29.9971    29.9980   6.023716   6.023991     3.1770     2.6850     100.00   23.08854  -86.27252    0.00019    0.00052         24  0.000e+00
