Gulf of Mexico/GOMECC-4/1db/rb2103_0811.ros
* Sea-Bird SBE 9 Data File:
* FileName = C:\Users\scs.user.rb\CTD\GOMECC4\data\rb2103_0811.hex
* Software Version Seasave V 7.26.7.107
* Temperature SN = 4799
* Conductivity SN = 3860
* Number of Bytes Per Scan = 41
* Number of Voltage Words = 4
* Number of Scans Averaged by the Deck Unit = 1
* NMEA Latitude = 22 16.45 N
* NMEA Longitude = 096 10.82 W
* NMEA UTC (Time) = Oct 06 2021  16:12:43
* NMEA baud rate = 4800
# nquan = 17
# nvalues = 2926                                  
# units = specified
# name 0 = scan: Scan Count
# name 1 = timeS: Time, Elapsed [seconds]
# name 2 = depSM: Depth [salt water, m]
# name 3 = prDM: Pressure, Digiquartz [db]
# name 4 = t090C: Temperature [ITS-90, deg C]
# name 5 = t190C: Temperature, 2 [ITS-90, deg C]
# name 6 = c0S/m: Conductivity [S/m]
# name 7 = c1S/m: Conductivity, 2 [S/m]
# name 8 = sbeox0V: Oxygen raw, SBE 43 [V]
# name 9 = sbeox1V: Oxygen raw, SBE 43, 2 [V]
# name 10 = altM: Altimeter [m]
# name 11 = latitude: Latitude [deg]
# name 12 = longitude: Longitude [deg]
# name 13 = sbox0dV/dT: Oxygen, SBE 43 [dov/dt]
# name 14 = sbox1dV/dT: Oxygen, SBE 43, 2 [dov/dt]
# name 15 = nbf: Bottles Fired
# name 16 = flag:  0.000e+00
# interval = seconds: 0.0416667
# start_time = Oct 06 2021 16:12:43 [NMEA time, header]
# bad_flag = -9.990e-29
*END*
[from data line 681]
     130076   5419.792   1485.800   1500.525     4.2743     4.2748   3.343444   3.343381     1.9536     1.6288     100.00   22.27426  -96.17992    0.00019   -0.00013          6  0.000e+00
     130077   5419.833   1485.800   1500.525     4.2742     4.2748   3.343425   3.343394     1.9536     1.6276     100.00   22.27426  -96.17992    0.00019   -0.00014          6  0.000e+00
     130078   5419.875   1485.856   1500.581     4.2741     4.2749   3.343412   3.343406     1.9524     1.6276     100.00   22.27426  -96.17992    0.00017   -0.00015          6  0.000e+00
     130079   5419.917   1485.801   1500.525     4.2742     4.2748   3.343438   3.343406     1.9524     1.6276     100.00   22.27426  -96.17992    0.00015   -0.00015          6  0.000e+00
     130080   5419.958   1485.905   1500.630     4.2740     4.2748   3.343425   3.343394     1.9536     1.6276     100.00   22.27426  -96.17992    0.00014   -0.00014          6  0.000e+00
     130081   5420.000   1485.856   1500.581     4.2742     4.2748   3.343419   3.343419     1.9524     1.6276     100.00   22.27426  -96.17992    0.00012   -0.00014          6  0.000e+00
     130082   5420.042   1485.856   1500.582     4.2743     4.2751   3.343412   3.343387     1.9536     1.6276     100.00   22.27426  -96.17992    0.00014   -0.00013          6  0.000e+00
     130083   5420.083   1485.905   1500.631     4.2743     4.2748   3.343394   3.343413     1.9536     1.6276     100.00   22.27426  -96.17992    0.00014   -0.00014          6  0.000e+00
     130084   5420.125   1485.905   1500.631     4.2741     4.2749   3.343406   3.343413     1.9536     1.6276     100.00   22.27426  -96.17992    0.00013   -0.00015          6  0.000e+00
     130085   5420.167   1485.905   1500.631     4.2742     4.2748   3.343419   3.343406     1.9524     1.6276     100.00   22.27426  -96.17992    0.00011   -0.00016          6  0.000e+00
     130086   5420.208   1485.905   1500.631     4.2742     4.2749   3.343438   3.343413     1.9524     1.6276     100.00   22.27426  -96.17992    0.00011   -0.00016          6  0.000e+00
     130087   5420.250   1485.905   1500.631     4.2740     4.2749   3.343425   3.343381     1.9536     1.6276     100.00   22.27426  -96.17992    0.00011   -0.00017          6  0.000e+00
     130088   5420.292   1485.905   1500.631     4.2742     4.2748   3.343419   3.343413     1.9536     1.6276     100.00   22.27426  -96.17992    0.00012   -0.00016          6  0.000e+00
     130089   5420.333   1485.961   1500.687     4.2740     4.2749   3.343413   3.343413     1.9536     1.6276     100.00   22.27426  -96.17992    0.00014   -0.00015          6  0.000e+00
     130090   5420.375   1485.906   1500.632     4.2743     4.2750   3.343413   3.343406     1.9536     1.6276     100.00   22.27426  -96.17992    0.00013   -0.00015          6  0.000e+00
     130091   5420.417   1485.906   1500.632     4.2741     4.2751   3.343438   3.343406     1.9524     1.6276     100.00   22.27426  -96.17992    0.00011   -0.00016          6  0.000e+00
     130092   5420.458   1485.961   1500.688     4.2742     4.2750   3.343450   3.343368     1.9524     1.6276     100.00   22.27426  -96.17992    0.00009   -0.00017          6  0.000e+00
     130093   5420.500   1485.906   1500.632     4.2742     4.2749   3.343444   3.343438     1.9536     1.6276     100.00   22.27426  -96.17992    0.00009   -0.00016          6  0.000e+00
     130094   5420.542   1485.961   1500.688     4.2741     4.2750   3.343425   3.343394     1.9524     1.6288     100.00   22.27426  -96.17992    0.00008   -0.00013          6  0.000e+00
     130095   5420.583   1485.906   1500.632     4.2742     4.2749   3.343419   3.343394     1.9536     1.6288     100.00   22.27426  -96.17992    0.00010   -0.00013          6  0.000e+00
     130096   5420.625   1485.962   1500.688     4.2743     4.2749   3.343438   3.343406     1.9536     1.6276     100.00   22.27426  -96.17992    0.00011   -0.00014          6  0.000e+00
     130097   5420.667   1485.906   1500.632     4.2743     4.2750   3.343419   3.343406     1.9524     1.6276     100.00   22.27426  -96.17992    0.00009   -0.00014          6  0.000e+00
     130098   5420.708   1485.907   1500.632     4.2744     4.2749   3.343413   3.343394     1.9524     1.6276     100.00   22.27426  -96.17992    0.00007   -0.00015          6  0.000e+00
     130099   5420.750   1485.962   1500.689     4.2742     4.2750   3.343438   3.343400     1.9524     1.6276     100.00   22.27426  -96.17992    0.00005   -0.00016          6  0.000e+00
     130100   5420.792   1485.907   1500.633     4.2746     4.2749   3.343419   3.343406     1.9536     1.6276     100.00   22.27426  -96.17992    0.00006   -0.00016          6  0.000e+00
     130101   5420.833   1485.907   1500.633     4.2745     4.2750   3.343413   3.343381     1.9536     1.6276     100.00   22.27426  -96.17992    0.00008   -0.00015          6  0.000e+00
     130102   5420.875   1485.907   1500.633     4.2742     4.2751   3.343457   3.343394     1.9536     1.6288     100.00   22.27426  -96.17992    0.00009   -0.00014          6  0.000e+00
     130103   5420.917   1485.907   1500.633     4.2744     4.2750   3.343431   3.343381     1.9536     1.6288     100.00   22.27426  -96.17992    0.00010   -0.00013          6  0.000e+00
     130104   5420.958   1485.907   1500.633     4.2743     4.2751   3.343413   3.343387     1.9524     1.6276     100.00   22.27426  -96.17992    0.00010   -0.00014          6  0.000e+00
     130105   5421.000   1485.859   1500.584     4.2741     4.2753   3.343438   3.343400     1.9524     1.6276     100.00   22.27426  -96.17992    0.00008   -0.00013          6  0.000e+00
     130106   5421.042   1485.907   1500.633     4.2743     4.2752   3.343425   3.343406     1.9536     1.6276     100.00   22.27426  -96.17992    0.00008   -0.00014          6  0.000e+00
     130107   5421.083   1485.804   1500.528     4.2744     4.2751   3.343419   3.343406     1.9536     1.6288     100.00   22.27426  -96.17992    0.00009   -0.00012          6  0.000e+00
     130108   5421.125   1485.908   1500.634     4.2740     4.2750   3.343413   3.343406     1.9536     1.6288     100.00   22.27426  -96.17992    0.00009   -0.00009          6  0.000e+00
     130109   5421.167   1485.804   1500.528     4.2743     4.2751   3.343438   3.343381     1.9536     1.6288     100.00   22.27426  -96.17992    0.00008   -0.00008          6  0.000e+00
     130110   5421.208   1485.859   1500.585     4.2744     4.2752   3.343425   3.343387     1.9536     1.6288     100.00   22.27426  -96.17992    0.00008   -0.00006          6  0.000e+00
     130111   5421.250   1485.804   1500.529     4.2742     4.2753   3.343387   3.343419     1.9524     1.6276     100.00   22.27426  -96.17992    0.00006   -0.00005          6  0.000e+00
     130112   5421.292   1485.804   1500.529     4.2741     4.2752   3.343381   3.343413     1.9524     1.6276     100.00   22.27426  -96.17992    0.00003   -0.00004          6  0.000e+00
     130113   5421.333   1485.804   1500.529     4.2742     4.2751   3.343387   3.343426     1.9524     1.6288     100.00   22.27426  -96.17992    0.00001   -0.00002          6  0.000e+00
     130114   5421.375   1485.756   1500.480     4.2743     4.2748   3.343387   3.343387     1.9524     1.6276     100.00   22.27426  -96.17992    0.00001   -0.00001          6  0.000e+00
     130115   5421.417   1485.805   1500.529     4.2742     4.2752   3.343406   3.343394     1.9536     1.6288     100.00   22.27426  -96.17992    0.00002    0.00002          6  0.000e+00
     130116   5421.458   1485.756   1500.480     4.2741     4.2749   3.343412   3.343368     1.9536     1.6276     100.00   22.27426  -96.17992    0.00003    0.00003          6  0.000e+00
     130117   5421.500   1485.701   1500.424     4.2742     4.2750   3.343419   3.343394     1.9536     1.6288     100.00   22.27426  -96.17992    0.00003    0.00004          6  0.000e+00
     130118   5421.542   1485.757   1500.480     4.2742     4.2748   3.343419   3.343381     1.9524     1.6276     100.00   22.27426  -96.17992    0.00001    0.00003          6  0.000e+00
     130119   5421.583   1485.757   1500.481     4.2743     4.2752   3.343412   3.343413     1.9524     1.6276     100.00   22.27426  -96.17992   -0.00001    0.00004          6  0.000e+00
     130120   5421.625   1485.653   1500.375     4.2742     4.2749   3.343394   3.343413     1.9524     1.6276     100.00   22.27426  -96.17992   -0.00004    0.00003          6  0.000e+00
     130121   5421.667   1485.757   1500.481     4.2741     4.2751   3.343406   3.343381     1.9536     1.6276     100.00   22.27426  -96.17992   -0.00004    0.00004          6  0.000e+00
     130122   5421.708   1485.653   1500.376     4.2743     4.2750   3.343438   3.343387     1.9536     1.6276     100.00   22.27426  -96.17992   -0.00003    0.00003          6  0.000e+00
     130123   5421.750   1485.653   1500.376     4.2741     4.2749   3.343375   3.343400     1.9536     1.6276     100.00   22.27426  -96.17992   -0.00002    0.00002          6  0.000e+00
     130124   5421.792   1485.653   1500.376     4.2743     4.2748   3.343400   3.343381     1.9524     1.6276     100.00   22.27426  -96.17992   -0.00004    0.00001          6  0.000e+00
     130125   5421.833   1485.654   1500.376     4.2745     4.2748   3.343438   3.343413     1.9524     1.6276     100.00   22.27426  -96.17992   -0.00006    0.00000          6  0.000e+00
     130126   5421.875   1485.598   1500.320     4.2744     4.2747   3.343419   3.343387     1.9524     1.6288     100.00   22.27426  -96.17992   -0.00008    0.00001          6  0.000e+00
     130127   5421.917   1485.654   1500.376     4.2745     4.2748   3.343412   3.343413     1.9536     1.6288     100.00   22.27426  -96.17992   -0.00009    0.00004          6  0.000e+00
     130128   5421.958   1485.598   1500.320     4.2743     4.2750   3.343438   3.343374     1.9536     1.6288     100.00   22.27426  -96.17992   -0.00008    0.00007          6  0.000e+00
     130129   5422.000   1485.543   1500.264     4.2742     4.2749   3.343425   3.343368     1.9536     1.6288     100.00   22.27426  -96.17992   -0.00006    0.00008          6  0.000e+00
     130130   5422.042   1485.599   1500.320     4.2741     4.2749   3.343412   3.343394     1.9524     1.6288     100.00   22.27426  -96.17992   -0.00009    0.00009          6  0.000e+00
     130131   5422.083   1485.599   1500.320     4.2743     4.2750   3.343412   3.343406     1.9524     1.6276     100.00   22.27426  -96.17992   -0.00011    0.00009          6  0.000e+00
     130132   5422.125   1485.495   1500.215     4.2740     4.2749   3.343419   3.343406     1.9524     1.6276     100.00   22.27426  -96.17992   -0.00012    0.00008          6  0.000e+00
     130133   5422.167   1485.544   1500.265     4.2743     4.2747   3.343412   3.343381     1.9536     1.6288     100.00   22.27426  -96.17992   -0.00010    0.00011          6  0.000e+00
     130134   5422.208   1485.544   1500.265     4.2745     4.2749   3.343412   3.343387     1.9536     1.6276     100.00   22.27426  -96.17992   -0.00009    0.00010          6  0.000e+00
     130135   5422.250   1485.495   1500.216     4.2743     4.2750   3.343393   3.343400     1.9536     1.6276     100.00   22.27426  -96.17992   -0.00009    0.00011          6  0.000e+00
     130136   5422.292   1485.496   1500.216     4.2743     4.2748   3.343406   3.343381     1.9536     1.6276     100.00   22.27426  -96.17992   -0.00008    0.00010          6  0.000e+00
     130137   5422.333   1485.496   1500.216     4.2743     4.2752   3.343362   3.343374     1.9536     1.6288     100.00   22.27426  -96.17992   -0.00009    0.00013          6  0.000e+00
     130138   5422.375   1485.496   1500.216     4.2742     4.2751   3.343400   3.343374     1.9536     1.6288     100.00   22.27426  -96.17992   -0.00009    0.00016          6  0.000e+00
     130139   5422.417   1485.440   1500.160     4.2743     4.2749   3.343419   3.343362     1.9524     1.6288     100.00   22.27426  -96.17992   -0.00010    0.00017          6  0.000e+00
     130140   5422.458   1485.496   1500.216     4.2743     4.2750   3.343393   3.343394     1.9524     1.6276     100.00   22.27426  -96.17992   -0.00010    0.00016          6  0.000e+00
     130141   5422.500   1485.392   1500.111     4.2743     4.2748   3.343406   3.343381     1.9536     1.6288     100.00   22.27426  -96.17992   -0.00009    0.00017          6  0.000e+00
     130142   5422.542   1485.496   1500.216     4.2743     4.2750   3.343393   3.343349     1.9524     1.6276     100.00   22.27426  -96.17992   -0.00010    0.00016          6  0.000e+00
     130143   5422.583   1485.441   1500.160     4.2743     4.2748   3.343406   3.343362     1.9536     1.6288     100.00   22.27426  -96.17992   -0.00009    0.00016          6  0.000e+00
     130144   5422.625   1485.441   1500.161     4.2743     4.2748   3.343412   3.343374     1.9524     1.6288     100.00   22.27426  -96.17992   -0.00009    0.00017          6  0.000e+00
     130145   5422.667   1485.393   1500.112     4.2745     4.2749   3.343393   3.343336     1.9536     1.6288     100.00   22.27426  -96.17992   -0.00008    0.00018          6  0.000e+00
     130146   5422.708   1485.441   1500.161     4.2744     4.2748   3.343406   3.343387     1.9524     1.6288     100.00   22.27426  -96.17992   -0.00008    0.00019          6  0.000e+00
     130147   5422.750   1485.393   1500.112     4.2742     4.2749   3.343419   3.343406     1.9536     1.6276     100.00   22.27426  -96.17992   -0.00007    0.00018          6  0.000e+00
     130148   5422.792   1485.441   1500.161     4.2744     4.2748   3.343438   3.343355     1.9536     1.6276     100.00   22.27426  -96.17992   -0.00005    0.00017          6  0.000e+00
     130149   5422.833   1485.393   1500.112     4.2742     4.2748   3.343400   3.343387     1.9536     1.6288     100.00   22.27426  -96.17992   -0.00004    0.00017          6  0.000e+00
     130150   5422.875   1485.441   1500.161     4.2743     4.2748   3.343406   3.343381     1.9524     1.6288     100.00   22.27426  -96.17992   -0.00006    0.00018          6  0.000e+00
     130151   5422.917   1485.393   1500.112     4.2741     4.2750   3.343368   3.343387     1.9524     1.6276     100.00   22.27426  -96.17992   -0.00008    0.00017          6  0.000e+00
     130152   5422.958   1485.393   1500.112     4.2742     4.2748   3.343393   3.343400     1.9536     1.6288     100.00   22.27426  -96.17992   -0.00007    0.00017          6  0.000e+00
     130153   5423.000   1485.393   1500.112     4.2741     4.2748   3.343438   3.343381     1.9536     1.6276     100.00   22.27426  -96.17992   -0.00006    0.00016          6  0.000e+00
     130154   5423.042   1485.442   1500.161     4.2740     4.2749   3.343400   3.343349     1.9524     1.6288     100.00   22.27426  -96.17992   -0.00006    0.00017          6  0.000e+00
     130155   5423.083   1485.394   1500.112     4.2743     4.2750   3.343406   3.343387     1.9536     1.6288     100.00   22.27426  -96.17992   -0.00005    0.00017          6  0.000e+00
     130156   5423.125   1485.394   1500.113     4.2742     4.2748   3.343387   3.343381     1.9536     1.6276     100.00   22.27426  -96.17992   -0.00003    0.00016          6  0.000e+00
     130157   5423.167   1485.442   1500.162     4.2743     4.2746   3.343381   3.343362     1.9524     1.6276     100.00   22.27426  -96.17992   -0.00004    0.00015          6  0.000e+00
     130158   5423.208   1485.394   1500.113     4.2743     4.2748   3.343406   3.343342     1.9524     1.6276     100.00   22.27426  -96.17992   -0.00006    0.00014          6  0.000e+00
     130159   5423.250   1485.442   1500.162     4.2738     4.2748   3.343412   3.343387     1.9524     1.6276     100.00   22.27426  -96.17992   -0.00008    0.00012          6  0.000e+00
