Gulf of Mexico/GOMECC-4/1db/rb2103_0371.ros
* Sea-Bird SBE 9 Data File:
* FileName = C:\Users\scs.user.rb\CTD\GOMECC4\data\rb2103_0371.hex
* Software Version Seasave V 7.26.7.107
* Temperature SN = 4799
* Conductivity SN = 3860
* Number of Bytes Per Scan = 41
* Number of Voltage Words = 4
* Number of Scans Averaged by the Deck Unit = 1
* NMEA Latitude = 27 00.07 N
* NMEA Longitude = 089 59.96 W
* NMEA UTC (Time) = Sep 25 2021  07:16:47
* NMEA baud rate = 4800
# nquan = 17
# nvalues = 3059                                  
# units = specified
# name 0 = scan: Scan Count
# name 1 = timeS: Time, Elapsed [seconds]
# name 2 = depSM: Depth [salt water, m]
# name 3 = prDM: Pressure, Digiquartz [db]
# name 4 = t090C: Temperature [ITS-90, deg C]
# name 5 = t190C: Temperature, 2 [ITS-90, deg C]
# name 6 = c0S/m: Conductivity [S/m]
# name 7 = c1S/m: Conductivity, 2 [S/m]
# name 8 = sbeox0V: Oxygen raw, SBE 43 [V]
# name 9 = sbeox1V: Oxygen raw, SBE 43, 2 [V]
# name 10 = altM: Altimeter [m]
# name 11 = latitude: Latitude [deg]
# name 12 = longitude: Longitude [deg]
# name 13 = sbox0dV/dT: Oxygen, SBE 43 [dov/dt]
# name 14 = sbox1dV/dT: Oxygen, SBE 43, 2 [dov/dt]
# name 15 = nbf: Bottles Fired
# name 16 = flag:  0.000e+00
# interval = seconds: 0.0416667
# start_time = Sep 25 2021 07:16:47 [NMEA time, header]
# bad_flag = -9.990e-29
*END*
[from data line 2724]
     189436   7893.125      9.982     10.048    28.9883    28.9906   5.894830   5.895070     3.1282     2.6581     100.00   27.03352  -89.97986    0.00008    0.00085         21  0.000e+00
     189437   7893.167      9.982     10.048    28.9884    28.9908   5.894814   5.895110     3.1282     2.6581     100.00   27.03352  -89.97986    0.00007    0.00082         21  0.000e+00
     189438   7893.208     10.020     10.086    28.9883    28.9908   5.894766   5.895094     3.1282     2.6581     100.00   27.03352  -89.97986    0.00008    0.00080         21  0.000e+00
     189439   7893.250      9.982     10.048    28.9881    28.9909   5.894790   5.895037     3.1294     2.6581     100.00   27.03352  -89.97986    0.00009    0.00077         21  0.000e+00
     189440   7893.292     10.020     10.086    28.9882    28.9910   5.894766   5.895102     3.1282     2.6581     100.00   27.03352  -89.97986    0.00008    0.00074         21  0.000e+00
     189441   7893.333      9.982     10.048    28.9887    28.9908   5.894862   5.895158     3.1282     2.6581     100.00   27.03352  -89.97986    0.00007    0.00073         21  0.000e+00
     189442   7893.375     10.020     10.086    28.9889    28.9912   5.894901   5.895134     3.1282     2.6581     100.00   27.03352  -89.97986    0.00005    0.00072         21  0.000e+00
     189443   7893.417     10.035     10.101    28.9891    28.9914   5.894790   5.895198     3.1282     2.6569     100.00   27.03352  -89.97986    0.00006    0.00069         21  0.000e+00
     189444   7893.458     10.035     10.101    28.9889    28.9915   5.894790   5.895255     3.1294     2.6569     100.00   27.03352  -89.97986    0.00006    0.00067         21  0.000e+00
     189445   7893.500     10.073     10.139    28.9887    28.9921   5.894838   5.895271     3.1282     2.6557     100.00   27.03352  -89.97986    0.00006    0.00064         21  0.000e+00
     189446   7893.542     10.035     10.101    28.9890    28.9923   5.894854   5.895343     3.1282     2.6557     100.00   27.03352  -89.97986    0.00006    0.00061         21  0.000e+00
     189447   7893.583     10.072     10.139    28.9889    28.9921   5.894854   5.895255     3.1294     2.6557     100.00   27.03352  -89.97986    0.00008    0.00058         21  0.000e+00
     189448   7893.625     10.035     10.101    28.9890    28.9920   5.894854   5.895263     3.1294     2.6557     100.00   27.03352  -89.97986    0.00010    0.00054         21  0.000e+00
     189449   7893.667     10.072     10.139    28.9891    28.9921   5.894854   5.895271     3.1294     2.6557     100.00   27.03352  -89.97986    0.00011    0.00051         21  0.000e+00
     189450   7893.708     10.148     10.215    28.9892    28.9917   5.894925   5.895303     3.1294     2.6545     100.00   27.03352  -89.97986    0.00013    0.00046         21  0.000e+00
     189451   7893.750     10.035     10.101    28.9890    28.9919   5.894981   5.895287     3.1294     2.6545     100.00   27.03352  -89.97986    0.00014    0.00043         21  0.000e+00
     189452   7893.792     10.020     10.086    28.9895    28.9924   5.894925   5.895343     3.1294     2.6545     100.00   27.03352  -89.97986    0.00017    0.00038         21  0.000e+00
     189453   7893.833     10.261     10.330    28.9894    28.9926   5.894933   5.895400     3.1294     2.6545     100.00   27.03352  -89.97986    0.00018    0.00035         21  0.000e+00
     189454   7893.875     10.133     10.200    28.9898    28.9923   5.894981   5.895384     3.1294     2.6545     100.00   27.03352  -89.97986    0.00021    0.00032         21  0.000e+00
     189455   7893.917     10.148     10.215    28.9899    28.9923   5.894997   5.895368     3.1282     2.6545     100.00   27.03352  -89.97986    0.00022    0.00029         21  0.000e+00
     189456   7893.958     10.133     10.200    28.9894    28.9922   5.894997   5.895368     3.1294     2.6545     100.00   27.03352  -89.97986    0.00025    0.00027         21  0.000e+00
     189457   7894.000     10.148     10.215    28.9896    28.9926   5.895037   5.895327     3.1294     2.6545     100.00   27.03352  -89.97986    0.00028    0.00024         21  0.000e+00
     189458   7894.042     10.148     10.215    28.9899    28.9921   5.895005   5.895279     3.1294     2.6545      97.07   27.03352  -89.97986    0.00030    0.00021         21  0.000e+00
     189459   7894.083     10.186     10.253    28.9898    28.9915   5.895037   5.895239     3.1294     2.6545      93.14   27.03352  -89.97986    0.00033    0.00019         21  0.000e+00
     189460   7894.125     10.148     10.215    28.9898    28.9911   5.895084   5.895182     3.1294     2.6545      92.09   27.03352  -89.97986    0.00037    0.00016         21  0.000e+00
     189461   7894.167     10.186     10.253    28.9899    28.9906   5.895021   5.895174     3.1294     2.6545      92.23   27.03352  -89.97986    0.00041    0.00014         21  0.000e+00
     189462   7894.208     10.201     10.269    28.9897    28.9908   5.894997   5.895174     3.1294     2.6557      92.43   27.03352  -89.97986    0.00045    0.00013         21  0.000e+00
     189463   7894.250     10.186     10.253    28.9898    28.9912   5.895037   5.895174     3.1294     2.6557      92.48   27.03352  -89.97986    0.00048    0.00012         21  0.000e+00
     189464   7894.292     10.201     10.269    28.9898    28.9908   5.895052   5.895142     3.1294     2.6557      92.45   27.03352  -89.97986    0.00052    0.00010         21  0.000e+00
     189465   7894.333     10.186     10.253    28.9899    28.9905   5.895005   5.895086     3.1294     2.6557      92.45   27.03352  -89.97986    0.00056    0.00008         21  0.000e+00
     189466   7894.375     10.261     10.329    28.9899    28.9890   5.895037   5.895005     3.1294     2.6557      92.45   27.03352  -89.97986    0.00060    0.00005         21  0.000e+00
     189467   7894.417     10.201     10.268    28.9896    28.9891   5.895052   5.894989     3.1294     2.6557      92.45   27.03352  -89.97986    0.00064    0.00003         21  0.000e+00
     189468   7894.458     10.186     10.253    28.9899    28.9895   5.895084   5.895054     3.1294     2.6557      92.45   27.03352  -89.97986    0.00068    0.00001         21  0.000e+00
     189469   7894.500     10.201     10.268    28.9898    28.9896   5.895060   5.895054     3.1294     2.6557      92.45   27.03352  -89.97986    0.00071   -0.00004         21  0.000e+00
     189470   7894.542     10.238     10.306    28.9899    28.9899   5.895052   5.895029     3.1294     2.6569      92.45   27.03352  -89.97986    0.00075   -0.00006         21  0.000e+00
     189471   7894.583     10.261     10.329    28.9899    28.9897   5.895005   5.895062     3.1294     2.6569      92.45   27.03352  -89.97986    0.00079   -0.00008         21  0.000e+00
     189472   7894.625     10.186     10.253    28.9896    28.9899   5.895037   5.895078     3.1294     2.6569      92.45   27.03352  -89.97986    0.00083   -0.00011         21  0.000e+00
     189473   7894.667     10.261     10.329    28.9898    28.9900   5.895005   5.895078     3.1294     2.6569      92.45   27.03352  -89.97986    0.00087   -0.00014         21  0.000e+00
     189474   7894.708     10.261     10.329    28.9895    28.9901   5.894997   5.895078     3.1282     2.6569      92.45   27.03352  -89.97986    0.00089   -0.00016         21  0.000e+00
     189475   7894.750     10.185     10.253    28.9896    28.9897   5.894957   5.895054     3.1294     2.6569      92.45   27.03352  -89.97986    0.00092   -0.00019         21  0.000e+00
     189476   7894.792     10.261     10.329    28.9894    28.9888   5.894981   5.894957     3.1294     2.6569      92.45   27.03352  -89.97986    0.00096   -0.00022         21  0.000e+00
     189477   7894.833     10.238     10.306    28.9893    28.9888   5.894957   5.894941     3.1294     2.6557      92.45   27.03352  -89.97986    0.00098   -0.00027         21  0.000e+00
     189478   7894.875     10.261     10.329    28.9892    28.9886   5.894909   5.894933     3.1294     2.6569      92.45   27.03352  -89.97986    0.00100   -0.00028         21  0.000e+00
     189479   7894.917     10.238     10.306    28.9887    28.9884   5.894862   5.894892     3.1294     2.6557      92.45   27.03352  -89.97986    0.00101   -0.00031         21  0.000e+00
     189480   7894.958     10.201     10.268    28.9888    28.9886   5.894854   5.894933     3.1294     2.6557      92.48   27.03352  -89.97986    0.00103   -0.00036         21  0.000e+00
     189481   7895.000     10.238     10.306    28.9883    28.9883   5.894854   5.894973     3.1294     2.6557      92.99   27.03352  -89.97986    0.00106   -0.00039         21  0.000e+00
     189482   7895.042     10.201     10.268    28.9881    28.9882   5.894814   5.894868     3.1294     2.6557      97.68   27.03352  -89.97986    0.00108   -0.00042         21  0.000e+00
     189483   7895.083     10.261     10.329    28.9881    28.9882   5.894806   5.894884     3.1294     2.6557     100.00   27.03352  -89.97986    0.00109   -0.00045         21  0.000e+00
     189484   7895.125     10.238     10.306    28.9879    28.9880   5.894806   5.894884     3.1282     2.6557     100.00   27.03352  -89.97986    0.00109   -0.00047         21  0.000e+00
     189485   7895.167     10.200     10.268    28.9879    28.9879   5.894806   5.894860     3.1294     2.6557     100.00   27.03352  -89.97986    0.00110   -0.00050         21  0.000e+00
     189486   7895.208     10.238     10.306    28.9882    28.9888   5.894838   5.894909     3.1294     2.6557     100.00   27.03352  -89.97986    0.00112   -0.00053         21  0.000e+00
     189487   7895.250     10.200     10.268    28.9881    28.9891   5.894814   5.894965     3.1294     2.6557     100.00   27.03352  -89.97986    0.00113   -0.00055         21  0.000e+00
     189488   7895.292     10.238     10.306    28.9881    28.9897   5.894878   5.895029     3.1282     2.6557     100.00   27.03352  -89.97986    0.00112   -0.00058         21  0.000e+00
     189489   7895.333     10.200     10.268    28.9882    28.9898   5.894830   5.895070     3.1282     2.6557     100.00   27.03352  -89.97986    0.00112   -0.00061         21  0.000e+00
     189490   7895.375     10.200     10.268    28.9881    28.9895   5.894878   5.895037     3.1294     2.6545     100.00   27.03352  -89.97986    0.00113   -0.00065         21  0.000e+00
     189491   7895.417     10.238     10.306    28.9883    28.9901   5.894830   5.895037     3.1294     2.6545     100.00   27.03352  -89.97986    0.00114   -0.00068         21  0.000e+00
     189492   7895.458     10.148     10.215    28.9885    28.9903   5.894878   5.895070     3.1294     2.6545     100.00   27.03352  -89.97986    0.00113   -0.00073         21  0.000e+00
     189493   7895.500     10.238     10.306    28.9884    28.9903   5.894862   5.895150     3.1282     2.6545     100.00   27.03352  -89.97986    0.00110   -0.00077         21  0.000e+00
     189494   7895.542     10.147     10.215    28.9885    28.9904   5.894854   5.895134     3.1282     2.6545     100.00   27.03352  -89.97986    0.00108   -0.00080         21  0.000e+00
     189495   7895.583     10.185     10.253    28.9885    28.9903   5.894854   5.895086     3.1294     2.6545     100.00   27.03352  -89.97986    0.00107   -0.00083         21  0.000e+00
     189496   7895.625     10.200     10.268    28.9886    28.9901   5.894854   5.895054     3.1294     2.6545     100.00   27.03352  -89.97986    0.00105   -0.00085         21  0.000e+00
     189497   7895.667     10.147     10.215    28.9883    28.9894   5.894854   5.894957     3.1294     2.6532     100.00   27.03352  -89.97986    0.00104   -0.00090         21  0.000e+00
     189498   7895.708     10.185     10.253    28.9883    28.9886   5.894854   5.894860     3.1282     2.6545     100.00   27.03352  -89.97986    0.00101   -0.00092         21  0.000e+00
     189499   7895.750     10.147     10.215    28.9882    28.9879   5.894854   5.894812     3.1282     2.6532     100.00   27.03352  -89.97986    0.00098   -0.00094         21  0.000e+00
     189500   7895.792     10.132     10.200    28.9883    28.9875   5.894814   5.894828     3.1294     2.6532     100.00   27.03354  -89.97986    0.00096   -0.00097         21  0.000e+00
     189501   7895.833     10.147     10.215    28.9883    28.9875   5.894878   5.894772     3.1294     2.6532     100.00   27.03354  -89.97986    0.00095   -0.00099         21  0.000e+00
     189502   7895.875     10.132     10.200    28.9884    28.9864   5.894830   5.894667     3.1294     2.6520     100.00   27.03354  -89.97986    0.00093   -0.00102         21  0.000e+00
     189503   7895.917     10.147     10.215    28.9879    28.9845   5.894766   5.894498     3.1282     2.6520     100.00   27.03354  -89.97986    0.00089   -0.00106         21  0.000e+00
     189504   7895.958     10.072     10.139    28.9879    28.9832   5.894758   5.894313     3.1282     2.6520     100.00   27.03354  -89.97986    0.00086   -0.00109         21  0.000e+00
     191534   7980.542      4.467      4.497    28.9797    28.9814   5.893452   5.893730     3.1294     2.6569     100.00   27.03400  -89.97936   -0.00005   -0.00046         22  0.000e+00
     191535   7980.583      4.467      4.497    28.9797    28.9816   5.893524   5.893730     3.1282     2.6569     100.00   27.03400  -89.97936    0.00000   -0.00042         22  0.000e+00
     191536   7980.625      4.339      4.368    28.9797    28.9816   5.893508   5.893729     3.1282     2.6569     100.00   27.03400  -89.97936    0.00006   -0.00039         22  0.000e+00
     191537   7980.667      4.467      4.497    28.9796    28.9814   5.893540   5.893802     3.1282     2.6569     100.00   27.03400  -89.97936    0.00014   -0.00033         22  0.000e+00
     191538   7980.708      4.520      4.550    28.9795    28.9811   5.893476   5.893722     3.1294     2.6569     100.00   27.03400  -89.97936    0.00024   -0.00027         22  0.000e+00
     191539   7980.750      4.399      4.428    28.9795    28.9814   5.893524   5.893754     3.1294     2.6581     100.00   27.03400  -89.97936    0.00033   -0.00020         22  0.000e+00
     191540   7980.792      4.581      4.611    28.9796    28.9816   5.893484   5.893778     3.1282     2.6581     100.00   27.03402  -89.97936    0.00041   -0.00012         22  0.000e+00
     191541   7980.833      4.407      4.436    28.9793    28.9816   5.893484   5.893778     3.1294     2.6581     100.00   27.03402  -89.97936    0.00051   -0.00005         22  0.000e+00
     191542   7980.875      4.565      4.596    28.9795    28.9818   5.893500   5.893850     3.1282     2.6581     100.00   27.03402  -89.97936    0.00059    0.00001         22  0.000e+00
     191543   7980.917      4.467      4.497    28.9793    28.9816   5.893460   5.893762     3.1294     2.6581     100.00   27.03402  -89.97936    0.00067    0.00007         22  0.000e+00
     191544   7980.958      4.520      4.550    28.9796    28.9810   5.893492   5.893657     3.1294     2.6581     100.00   27.03402  -89.97936    0.00077    0.00013         22  0.000e+00
     191545   7981.000      4.513      4.542    28.9795    28.9812   5.893532   5.893705     3.1294     2.6581     100.00   27.03402  -89.97936    0.00085    0.00018         22  0.000e+00
     191546   7981.042      4.520      4.550    28.9795    28.9812   5.893516   5.893762     3.1294     2.6581     100.00   27.03402  -89.97936    0.00093    0.00024         22  0.000e+00
     191547   7981.083      4.580      4.611    28.9795    28.9814   5.893500   5.893778     3.1294     2.6581     100.00   27.03402  -89.97936    0.00101    0.00028         22  0.000e+00
     191548   7981.125      4.512      4.542    28.9796    28.9812   5.893540   5.893738     3.1294     2.6581     100.00   27.03402  -89.97936    0.00107    0.00032         22  0.000e+00
