Gulf of Mexico/GOMECC-4/1db/rb2103_1082.ros
* Sea-Bird SBE 9 Data File:
* FileName = C:\Users\scs.user.rb\CTD\GOMECC4\data\rb2103_1081.hex
* Software Version Seasave V 7.26.7.107
* Temperature SN = 4799
* Conductivity SN = 3860
* Number of Bytes Per Scan = 41
* Number of Voltage Words = 4
* Number of Scans Averaged by the Deck Unit = 1
* NMEA Latitude = 22 55.36 N
* NMEA Longitude = 086 22.48 W
* NMEA UTC (Time) = Oct 14 2021  21:53:13
* NMEA baud rate = 4800
# nquan = 17
# nvalues = 2261                                  
# units = specified
# name 0 = scan: Scan Count
# name 1 = timeS: Time, Elapsed [seconds]
# name 2 = depSM: Depth [salt water, m]
# name 3 = prDM: Pressure, Digiquartz [db]
# name 4 = t090C: Temperature [ITS-90, deg C]
# name 5 = t190C: Temperature, 2 [ITS-90, deg C]
# name 6 = c0S/m: Conductivity [S/m]
# name 7 = c1S/m: Conductivity, 2 [S/m]
# name 8 = sbeox0V: Oxygen raw, SBE 43 [V]
# name 9 = sbeox1V: Oxygen raw, SBE 43, 2 [V]
# name 10 = altM: Altimeter [m]
# name 11 = latitude: Latitude [deg]
# name 12 = longitude: Longitude [deg]
# name 13 = sbox0dV/dT: Oxygen, SBE 43 [dov/dt]
# name 14 = sbox1dV/dT: Oxygen, SBE 43, 2 [dov/dt]
# name 15 = nbf: Bottles Fired
# name 16 = flag:  0.000e+00
# interval = seconds: 0.0416667
# start_time = Oct 14 2021 21:53:13 [NMEA time, header]
# bad_flag = -9.990e-29
*END*
[from data line 766]
     108669   4527.833    372.683    375.383    16.5962    16.5958   4.606577   4.606683     2.1087     1.7619     100.00   22.93164  -86.37786    0.00034    0.00038          6  0.000e+00
     108670   4527.875    372.745    375.445    16.5962    16.5962   4.606627   4.606698     2.1087     1.7619     100.00   22.93164  -86.37786    0.00034    0.00038          6  0.000e+00
     108671   4527.917    372.684    375.383    16.5962    16.5959   4.606649   4.606712     2.1087     1.7619     100.00   22.93164  -86.37786    0.00034    0.00038          6  0.000e+00
     108672   4527.958    372.731    375.431    16.5964    16.5958   4.606649   4.606647     2.1087     1.7619     100.00   22.93164  -86.37786    0.00034    0.00039          6  0.000e+00
     108673   4528.000    372.697    375.397    16.5961    16.5955   4.606634   4.606661     2.1087     1.7619     100.00   22.93164  -86.37786    0.00032    0.00039          6  0.000e+00
     108674   4528.042    372.731    375.432    16.5961    16.5959   4.606613   4.606676     2.1087     1.7619     100.00   22.93164  -86.37786    0.00032    0.00039          6  0.000e+00
     108675   4528.083    372.731    375.432    16.5962    16.5958   4.606613   4.606640     2.1087     1.7619     100.00   22.93164  -86.37786    0.00032    0.00039          6  0.000e+00
     108676   4528.125    372.732    375.432    16.5962    16.5957   4.606634   4.606661     2.1087     1.7619     100.00   22.93164  -86.37786    0.00032    0.00039          6  0.000e+00
     108677   4528.167    372.698    375.397    16.5964    16.5957   4.606620   4.606611     2.1087     1.7619     100.00   22.93164  -86.37786    0.00031    0.00040          6  0.000e+00
     108678   4528.208    372.786    375.487    16.5966    16.5957   4.606613   4.606618     2.1087     1.7607     100.00   22.93164  -86.37786    0.00031    0.00038          6  0.000e+00
     108679   4528.250    372.732    375.432    16.5962    16.5953   4.606627   4.606661     2.1087     1.7607     100.00   22.93164  -86.37786    0.00031    0.00036          6  0.000e+00
     108680   4528.292    372.684    375.384    16.5962    16.5954   4.606613   4.606640     2.1087     1.7607     100.00   22.93164  -86.37786    0.00030    0.00035          6  0.000e+00
     108681   4528.333    372.745    375.446    16.5961    16.5955   4.606548   4.606632     2.1087     1.7619     100.00   22.93164  -86.37786    0.00030    0.00035          6  0.000e+00
     108682   4528.375    372.732    375.432    16.5961    16.5955   4.606556   4.606632     2.1087     1.7607     100.00   22.93164  -86.37786    0.00030    0.00033          6  0.000e+00
     108683   4528.417    372.786    375.487    16.5957    16.5953   4.606541   4.606603     2.1087     1.7607     100.00   22.93164  -86.37786    0.00029    0.00031          6  0.000e+00
     108684   4528.458    372.684    375.384    16.5957    16.5956   4.606548   4.606654     2.1087     1.7607     100.00   22.93164  -86.37786    0.00029    0.00030          6  0.000e+00
     108685   4528.500    372.746    375.446    16.5957    16.5955   4.606534   4.606640     2.1087     1.7607     100.00   22.93164  -86.37786    0.00028    0.00028          6  0.000e+00
     108686   4528.542    372.732    375.432    16.5959    16.5955   4.606591   4.606632     2.1087     1.7607     100.00   22.93164  -86.37786    0.00028    0.00026          6  0.000e+00
     108687   4528.583    372.732    375.432    16.5959    16.5952   4.606577   4.606574     2.1087     1.7607     100.00   22.93164  -86.37786    0.00029    0.00025          6  0.000e+00
     108688   4528.625    372.732    375.433    16.5961    16.5952   4.606570   4.606582     2.1087     1.7607     100.00   22.93164  -86.37786    0.00030    0.00023          6  0.000e+00
     108689   4528.667    372.746    375.446    16.5961    16.5953   4.606599   4.606596     2.1087     1.7607     100.00   22.93164  -86.37786    0.00030    0.00021          6  0.000e+00
     108690   4528.708    372.732    375.433    16.5959    16.5951   4.606599   4.606567     2.1087     1.7607     100.00   22.93164  -86.37786    0.00029    0.00019          6  0.000e+00
     108691   4528.750    372.733    375.433    16.5961    16.5950   4.606606   4.606560     2.1087     1.7607     100.00   22.93164  -86.37786    0.00028    0.00018          6  0.000e+00
     108692   4528.792    372.733    375.433    16.5959    16.5953   4.606613   4.606611     2.1087     1.7607     100.00   22.93164  -86.37786    0.00028    0.00016          6  0.000e+00
     108693   4528.833    372.746    375.447    16.5959    16.5951   4.606613   4.606632     2.1087     1.7607     100.00   22.93164  -86.37786    0.00027    0.00014          6  0.000e+00
     108694   4528.875    372.733    375.433    16.5959    16.5953   4.606577   4.606661     2.1087     1.7607     100.00   22.93164  -86.37786    0.00028    0.00013          6  0.000e+00
     108695   4528.917    372.685    375.385    16.5957    16.5955   4.606556   4.606640     2.1087     1.7607     100.00   22.93164  -86.37786    0.00027    0.00011          6  0.000e+00
     108696   4528.958    372.733    375.433    16.5957    16.5952   4.606599   4.606661     2.1087     1.7607     100.00   22.93164  -86.37786    0.00026    0.00009          6  0.000e+00
     108697   4529.000    372.699    375.399    16.5959    16.5957   4.606577   4.606676     2.1087     1.7607     100.00   22.93164  -86.37786    0.00026    0.00008          6  0.000e+00
     108698   4529.042    372.733    375.433    16.5961    16.5957   4.606570   4.606676     2.1087     1.7607     100.00   22.93164  -86.37786    0.00025    0.00006          6  0.000e+00
     108699   4529.083    372.733    375.433    16.5961    16.5960   4.606570   4.606676     2.1087     1.7607     100.00   22.93164  -86.37786    0.00024    0.00004          6  0.000e+00
     108700   4529.125    372.699    375.399    16.5961    16.5957   4.606613   4.606676     2.1087     1.7607     100.00   22.93164  -86.37786    0.00025    0.00003          6  0.000e+00
     112808   4700.292    283.955    285.951    17.9508    17.9476   4.766834   4.766527     2.2149     1.8571     100.00   22.93222  -86.37826   -0.00004    0.00009          7  0.000e+00
     112809   4700.333    283.554    285.547    17.9513    17.9481   4.766862   4.766556     2.2149     1.8571     100.00   22.93222  -86.37826   -0.00005    0.00011          7  0.000e+00
     112810   4700.375    283.854    285.848    17.9513    17.9482   4.766921   4.766637     2.2149     1.8571     100.00   22.93222  -86.37826   -0.00004    0.00012          7  0.000e+00
     112811   4700.417    283.860    285.855    17.9512    17.9486   4.766884   4.766667     2.2149     1.8571     100.00   22.93222  -86.37826   -0.00005    0.00013          7  0.000e+00
     112812   4700.458    283.758    285.752    17.9504    17.9487   4.766804   4.766645     2.2149     1.8571     100.00   22.93222  -86.37826   -0.00006    0.00015          7  0.000e+00
     112813   4700.500    283.806    285.800    17.9501    17.9488   4.766783   4.766659     2.2149     1.8571     100.00   22.93222  -86.37826   -0.00006    0.00016          7  0.000e+00
     112814   4700.542    283.759    285.752    17.9498    17.9484   4.766754   4.766622     2.2149     1.8571     100.00   22.93222  -86.37826   -0.00007    0.00017          7  0.000e+00
     112815   4700.583    283.806    285.800    17.9501    17.9478   4.766739   4.766586     2.2149     1.8571     100.00   22.93222  -86.37826   -0.00008    0.00019          7  0.000e+00
     112816   4700.625    283.806    285.800    17.9506    17.9476   4.766834   4.766564     2.2149     1.8559     100.00   22.93222  -86.37826   -0.00009    0.00018          7  0.000e+00
     112817   4700.667    283.759    285.753    17.9506    17.9478   4.766863   4.766608     2.2149     1.8559     100.00   22.93222  -86.37826   -0.00009    0.00017          7  0.000e+00
     112818   4700.708    283.759    285.753    17.9504    17.9481   4.766863   4.766674     2.2149     1.8571     100.00   22.93222  -86.37826   -0.00010    0.00019          7  0.000e+00
     112819   4700.750    283.759    285.753    17.9506    17.9484   4.766870   4.766667     2.2149     1.8559     100.00   22.93222  -86.37826   -0.00011    0.00018          7  0.000e+00
     112820   4700.792    283.759    285.753    17.9517    17.9489   4.766921   4.766711     2.2149     1.8571     100.00   22.93222  -86.37826   -0.00012    0.00019          7  0.000e+00
     112821   4700.833    283.759    285.753    17.9522    17.9491   4.767037   4.766652     2.2149     1.8559     100.00   22.93222  -86.37826   -0.00012    0.00019          7  0.000e+00
     112822   4700.875    283.807    285.801    17.9524    17.9481   4.767030   4.766549     2.2149     1.8559     100.00   22.93222  -86.37826   -0.00013    0.00018          7  0.000e+00
     112823   4700.917    283.712    285.705    17.9525    17.9478   4.767059   4.766541     2.2149     1.8559     100.00   22.93222  -86.37826   -0.00014    0.00018          7  0.000e+00
     112824   4700.958    283.759    285.753    17.9523    17.9479   4.767066   4.766571     2.2149     1.8571     100.00   22.93222  -86.37826   -0.00013    0.00019          7  0.000e+00
     112825   4701.000    283.759    285.753    17.9522    17.9485   4.767131   4.766689     2.2149     1.8559     100.00   22.93222  -86.37826   -0.00014    0.00018          7  0.000e+00
     112826   4701.042    283.759    285.753    17.9527    17.9500   4.767153   4.766836     2.2149     1.8559     100.00   22.93222  -86.37826   -0.00015    0.00017          7  0.000e+00
     112827   4701.083    283.712    285.705    17.9529    17.9509   4.767204   4.766910     2.2149     1.8559     100.00   22.93222  -86.37826   -0.00013    0.00017          7  0.000e+00
     112828   4701.125    283.760    285.753    17.9532    17.9510   4.767197   4.766946     2.2149     1.8559     100.00   22.93222  -86.37826   -0.00014    0.00016          7  0.000e+00
     112829   4701.167    283.712    285.705    17.9534    17.9510   4.767182   4.766932     2.2149     1.8559     100.00   22.93222  -86.37826   -0.00015    0.00016          7  0.000e+00
     112830   4701.208    283.760    285.753    17.9532    17.9505   4.767219   4.766910     2.2149     1.8559     100.00   22.93222  -86.37826   -0.00014    0.00015          7  0.000e+00
     112831   4701.250    283.712    285.706    17.9551    17.9503   4.767320   4.766829     2.2137     1.8559     100.00   22.93222  -86.37826   -0.00014    0.00014          7  0.000e+00
     112832   4701.292    283.712    285.706    17.9565    17.9495   4.767436   4.766762     2.2149     1.8559     100.00   22.93222  -86.37826   -0.00015    0.00014          7  0.000e+00
     112833   4701.333    283.705    285.699    17.9570    17.9492   4.767582   4.766725     2.2149     1.8559     100.00   22.93222  -86.37826   -0.00014    0.00013          7  0.000e+00
     112834   4701.375    283.712    285.706    17.9577    17.9495   4.767691   4.766711     2.2149     1.8559     100.00   22.93222  -86.37826   -0.00014    0.00012          7  0.000e+00
     112835   4701.417    283.658    285.651    17.9593    17.9500   4.767807   4.766799     2.2149     1.8559     100.00   22.93222  -86.37826   -0.00015    0.00012          7  0.000e+00
     112836   4701.458    283.712    285.706    17.9598    17.9498   4.767829   4.766806     2.2137     1.8559     100.00   22.93222  -86.37826   -0.00017    0.00011          7  0.000e+00
     112837   4701.500    283.713    285.706    17.9591    17.9496   4.767771   4.766792     2.2137     1.8559     100.00   22.93222  -86.37826   -0.00020    0.00010          7  0.000e+00
     112838   4701.542    283.658    285.651    17.9572    17.9494   4.767567   4.766770     2.2149     1.8559     100.00   22.93222  -86.37826   -0.00020    0.00010          7  0.000e+00
     112839   4701.583    283.658    285.651    17.9548    17.9495   4.767357   4.766725     2.2149     1.8559     100.00   22.93222  -86.37826   -0.00019    0.00009          7  0.000e+00
     112840   4701.625    283.658    285.651    17.9532    17.9500   4.767182   4.766843     2.2137     1.8547     100.00   22.93222  -86.37826   -0.00021    0.00007          7  0.000e+00
     112841   4701.667    283.713    285.706    17.9529    17.9503   4.767088   4.766961     2.2149     1.8559     100.00   22.93222  -86.37826   -0.00021    0.00006          7  0.000e+00
     112842   4701.708    283.658    285.652    17.9531    17.9509   4.767066   4.766968     2.2149     1.8559     100.00   22.93222  -86.37826   -0.00020    0.00006          7  0.000e+00
     112843   4701.750    283.659    285.652    17.9532    17.9515   4.767189   4.767101     2.2137     1.8547     100.00   22.93222  -86.37826   -0.00020    0.00003          7  0.000e+00
     112844   4701.792    283.659    285.652    17.9537    17.9522   4.767168   4.767123     2.2149     1.8559     100.00   22.93224  -86.37826   -0.00019    0.00003          7  0.000e+00
     112845   4701.833    283.659    285.652    17.9536    17.9519   4.767204   4.767064     2.2149     1.8547     100.00   22.93224  -86.37826   -0.00017    0.00000          7  0.000e+00
     112846   4701.875    283.611    285.604    17.9539    17.9515   4.767226   4.767035     2.2149     1.8559     100.00   22.93224  -86.37826   -0.00016   -0.00000          7  0.000e+00
     112847   4701.917    283.659    285.652    17.9550    17.9515   4.767378   4.767013     2.2149     1.8547     100.00   22.93224  -86.37826   -0.00016   -0.00002          7  0.000e+00
     112848   4701.958    283.659    285.652    17.9579    17.9509   4.767647   4.766932     2.2149     1.8547     100.00   22.93224  -86.37826   -0.00016   -0.00005          7  0.000e+00
     112849   4702.000    283.611    285.604    17.9609    17.9510   4.767894   4.766976     2.2149     1.8547     100.00   22.93224  -86.37826   -0.00017   -0.00007          7  0.000e+00
     112850   4702.042    283.707    285.700    17.9608    17.9515   4.767952   4.767086     2.2149     1.8547     100.00   22.93224  -86.37826   -0.00017   -0.00009          7  0.000e+00
     112851   4702.083    283.611    285.604    17.9593    17.9533   4.767829   4.767211     2.2137     1.8547     100.00   22.93224  -86.37826   -0.00017   -0.00011          7  0.000e+00
     112852   4702.125    283.612    285.604    17.9585    17.9543   4.767705   4.767322     2.2149     1.8559     100.00   22.93224  -86.37826   -0.00017   -0.00011          7  0.000e+00
     112853   4702.167    283.659    285.652    17.9579    17.9548   4.767611   4.767410     2.2149     1.8559     100.00   22.93224  -86.37826   -0.00015   -0.00012          7  0.000e+00
     112854   4702.208    283.659    285.652    17.9572    17.9548   4.767560   4.767388     2.2149     1.8559     100.00   22.93224  -86.37826   -0.00016   -0.00012          7  0.000e+00
     112855   4702.250    283.612    285.604    17.9567    17.9543   4.767524   4.767292     2.2149     1.8559     100.00   22.93224  -86.37826   -0.00016   -0.00013          7  0.000e+00
     112856   4702.292    283.659    285.652    17.9561    17.9540   4.767538   4.767285     2.2149     1.8559     100.00   22.93224  -86.37826   -0.00014   -0.00013          7  0.000e+00
     112857   4702.333    283.612    285.605    17.9555    17.9537   4.767371   4.767248     2.2137     1.8559     100.00   22.93224  -86.37826   -0.00016   -0.00011          7  0.000e+00
     112858   4702.375    283.612    285.605    17.9541    17.9531   4.767306   4.767152     2.2149     1.8559     100.00   22.93224  -86.37826   -0.00016   -0.00012          7  0.000e+00
     112859   4702.417    283.660    285.653    17.9541    17.9524   4.767218   4.767057     2.2149     1.8559     100.00   22.93224  -86.37826   -0.00014   -0.00010          7  0.000e+00
     112860   4702.458    283.612    285.605    17.9542    17.9520   4.767240   4.767013     2.2137     1.8559     100.00   22.93224  -86.37826   -0.00016   -0.00011          7  0.000e+00
