Gulf of Mexico/GOMECC-4/1db/rb2103_0261.ros
* Sea-Bird SBE 9 Data File:
* FileName = C:\Users\scs.user.rb\CTD\GOMECC4\data\rb2103_0261.hex
* Software Version Seasave V 7.26.7.107
* Temperature SN = 4799
* Conductivity SN = 3860
* Number of Bytes Per Scan = 41
* Number of Voltage Words = 4
* Number of Scans Averaged by the Deck Unit = 1
* NMEA Latitude = 28 20.64 N
* NMEA Longitude = 086 20.48 W
* NMEA UTC (Time) = Sep 21 2021  10:45:37
* NMEA baud rate = 4800
# nquan = 17
# nvalues = 2660                                  
# units = specified
# name 0 = scan: Scan Count
# name 1 = timeS: Time, Elapsed [seconds]
# name 2 = depSM: Depth [salt water, m]
# name 3 = prDM: Pressure, Digiquartz [db]
# name 4 = t090C: Temperature [ITS-90, deg C]
# name 5 = t190C: Temperature, 2 [ITS-90, deg C]
# name 6 = c0S/m: Conductivity [S/m]
# name 7 = c1S/m: Conductivity, 2 [S/m]
# name 8 = sbeox0V: Oxygen raw, SBE 43 [V]
# name 9 = sbeox1V: Oxygen raw, SBE 43, 2 [V]
# name 10 = altM: Altimeter [m]
# name 11 = latitude: Latitude [deg]
# name 12 = longitude: Longitude [deg]
# name 13 = sbox0dV/dT: Oxygen, SBE 43 [dov/dt]
# name 14 = sbox1dV/dT: Oxygen, SBE 43, 2 [dov/dt]
# name 15 = nbf: Bottles Fired
# name 16 = flag:  0.000e+00
# interval = seconds: 0.0416667
# start_time = Sep 21 2021 10:45:37 [NMEA time, header]
# bad_flag = -9.990e-29
*END*
[from data line 1873]
      70747   2947.750     49.699     50.039    26.0337    26.0915   5.590157   5.596824     2.8364     2.4090     100.00   28.34354  -86.34026    0.00138    0.00188         15  0.000e+00
      70748   2947.792     49.646     49.986    26.0193    26.0910   5.590911   5.596478     2.8376     2.4090     100.00   28.34354  -86.34026    0.00158    0.00193         15  0.000e+00
      70749   2947.833     49.706     50.046    26.0336    26.0904   5.591750   5.596320     2.8364     2.4090     100.00   28.34354  -86.34026    0.00176    0.00200         15  0.000e+00
      70750   2947.875     49.646     49.986    26.0544    26.0888   5.592402   5.596328     2.8364     2.4103     100.00   28.34354  -86.34026    0.00194    0.00209         15  0.000e+00
      70751   2947.917     49.699     50.039    26.0627    26.0879   5.592752   5.596242     2.8364     2.4103     100.00   28.34354  -86.34026    0.00212    0.00217         15  0.000e+00
      70752   2947.958     49.653     49.993    26.0533    26.0877   5.592868   5.596171     2.8364     2.4103     100.00   28.34354  -86.34026    0.00229    0.00225         15  0.000e+00
      70753   2948.000     49.752     50.092    26.0572    26.0866   5.592884   5.595919     2.8364     2.4103     100.00   28.34354  -86.34026    0.00245    0.00231         15  0.000e+00
      70754   2948.042     49.646     49.986    26.0676    26.0835   5.593008   5.595596     2.8352     2.4103     100.00   28.34354  -86.34026    0.00259    0.00239         15  0.000e+00
      70755   2948.083     49.654     49.993    26.0698    26.0804   5.593124   5.595304     2.8352     2.4103     100.00   28.34354  -86.34026    0.00273    0.00245         15  0.000e+00
      70756   2948.125     49.699     50.039    26.0581    26.0753   5.593156   5.594997     2.8352     2.4115     100.00   28.34354  -86.34026    0.00287    0.00252         15  0.000e+00
      70757   2948.167     49.646     49.986    26.0510    26.0721   5.593218   5.594777     2.8352     2.4103     100.00   28.34354  -86.34026    0.00301    0.00256         15  0.000e+00
      70758   2948.208     49.707     50.047    26.0447    26.0702   5.593280   5.594556     2.8364     2.4103     100.00   28.34354  -86.34026    0.00315    0.00260         15  0.000e+00
      70759   2948.250     49.699     50.039    26.0448    26.0715   5.593226   5.594391     2.8364     2.4115     100.00   28.34354  -86.34026    0.00328    0.00265         15  0.000e+00
      70760   2948.292     49.654     49.993    26.0471    26.0694   5.593164   5.594541     2.8339     2.4103     100.00   28.34354  -86.34026    0.00338    0.00268         15  0.000e+00
      70761   2948.333     49.699     50.039    26.0387    26.0690   5.593218   5.594840     2.8352     2.4103     100.00   28.34354  -86.34026    0.00350    0.00269         15  0.000e+00
      70762   2948.375     49.699     50.039    26.0341    26.0721   5.593210   5.595123     2.8339     2.4103     100.00   28.34354  -86.34026    0.00360    0.00268         15  0.000e+00
      70763   2948.417     49.654     49.994    26.0453    26.0745   5.593164   5.595328     2.8339     2.4103     100.00   28.34354  -86.34026    0.00368    0.00267         15  0.000e+00
      70764   2948.458     49.699     50.039    26.0615    26.0757   5.593179   5.595620     2.8339     2.4090     100.00   28.34354  -86.34026    0.00375    0.00263         15  0.000e+00
      70765   2948.500     49.699     50.039    26.0658    26.0795   5.593264   5.596108     2.8339     2.4090     100.00   28.34354  -86.34026    0.00381    0.00258         15  0.000e+00
      70766   2948.542     49.654     49.994    26.0658    26.0844   5.593256   5.596628     2.8327     2.4090     100.00   28.34354  -86.34026    0.00385    0.00251         15  0.000e+00
      70767   2948.583     49.699     50.039    26.0727    26.0877   5.593202   5.596998     2.8339     2.4078     100.00   28.34354  -86.34026    0.00391    0.00241         15  0.000e+00
      70768   2948.625     49.699     50.039    26.0729    26.0895   5.592953   5.597289     2.8339     2.4078     100.00   28.34354  -86.34026    0.00397    0.00232         15  0.000e+00
      70769   2948.667     49.654     49.994    26.0664    26.0913   5.592705   5.597462     2.8339     2.4078     100.00   28.34354  -86.34026    0.00400    0.00220         15  0.000e+00
      70770   2948.708     49.699     50.039    26.0590    26.0926   5.592503   5.597596     2.8327     2.4078     100.00   28.34354  -86.34026    0.00400    0.00208         15  0.000e+00
      70771   2948.750     49.707     50.047    26.0515    26.0935   5.592076   5.597707     2.8327     2.4078     100.00   28.34354  -86.34026    0.00400    0.00197         15  0.000e+00
      70772   2948.792     49.699     50.039    26.0548    26.0935   5.591711   5.597825     2.8327     2.4078     100.00   28.34354  -86.34026    0.00400    0.00186         15  0.000e+00
      70773   2948.833     49.699     50.039    26.0482    26.0935   5.591594   5.597935     2.8327     2.4078     100.00   28.34354  -86.34026    0.00399    0.00174         15  0.000e+00
      70774   2948.875     49.654     49.994    26.0367    26.0935   5.591726   5.597959     2.8327     2.4078     100.00   28.34354  -86.34026    0.00396    0.00162         15  0.000e+00
      70775   2948.917     49.699     50.039    26.0487    26.0935   5.591983   5.597990     2.8327     2.4066     100.00   28.34354  -86.34026    0.00394    0.00149         15  0.000e+00
      70776   2948.958     49.699     50.039    26.0578    26.0933   5.592247   5.598038     2.8315     2.4066     100.00   28.34354  -86.34026    0.00389    0.00135         15  0.000e+00
      70777   2949.000     49.654     49.994    26.0584    26.0933   5.592247   5.598085     2.8327     2.4066     100.00   28.34354  -86.34026    0.00386    0.00121         15  0.000e+00
      70778   2949.042     49.699     50.040    26.0553    26.0933   5.592200   5.598093     2.8315     2.4066     100.00   28.34354  -86.34026    0.00381    0.00108         15  0.000e+00
      70779   2949.083     49.699     50.040    26.0546    26.0930   5.592254   5.598132     2.8315     2.4066     100.00   28.34354  -86.34026    0.00374    0.00096         15  0.000e+00
      70780   2949.125     49.707     50.047    26.0532    26.0930   5.592371   5.598172     2.8315     2.4054     100.00   28.34354  -86.34026    0.00365    0.00083         15  0.000e+00
      70781   2949.167     49.699     50.040    26.0493    26.0930   5.592379   5.598219     2.8315     2.4054     100.00   28.34354  -86.34026    0.00357    0.00070         15  0.000e+00
      70782   2949.208     49.707     50.047    26.0485    26.0935   5.592402   5.598164     2.8315     2.4054     100.00   28.34354  -86.34026    0.00350    0.00057         15  0.000e+00
      70783   2949.250     49.700     50.040    26.0502    26.0942   5.592480   5.598108     2.8315     2.4054     100.00   28.34354  -86.34026    0.00340    0.00045         15  0.000e+00
      70784   2949.292     49.647     49.986    26.0512    26.0944   5.592472   5.598053     2.8303     2.4042     100.00   28.34354  -86.34026    0.00328    0.00032         15  0.000e+00
      70785   2949.333     49.707     50.047    26.0513    26.0948   5.592394   5.598085     2.8303     2.4042     100.00   28.34354  -86.34026    0.00315    0.00020         15  0.000e+00
      70786   2949.375     49.700     50.040    26.0502    26.0952   5.592324   5.598030     2.8303     2.4042     100.00   28.34354  -86.34026    0.00301    0.00009         15  0.000e+00
      70787   2949.417     49.700     50.040    26.0478    26.0951   5.592223   5.598038     2.8303     2.4042     100.00   28.34354  -86.34026    0.00286   -0.00001         15  0.000e+00
      70788   2949.458     49.707     50.047    26.0459    26.0953   5.592084   5.598045     2.8303     2.4042     100.00   28.34354  -86.34026    0.00272   -0.00011         15  0.000e+00
      70789   2949.500     49.700     50.040    26.0462    26.0953   5.592115   5.598045     2.8303     2.4042     100.00   28.34354  -86.34026    0.00257   -0.00021         15  0.000e+00
      70790   2949.542     49.700     50.040    26.0464    26.0950   5.592138   5.598053     2.8303     2.4042     100.00   28.34354  -86.34026    0.00243   -0.00029         15  0.000e+00
      70791   2949.583     49.707     50.047    26.0453    26.0951   5.592107   5.598077     2.8291     2.4029     100.00   28.34354  -86.34026    0.00226   -0.00039         15  0.000e+00
      70792   2949.625     49.700     50.040    26.0440    26.0953   5.592053   5.598022     2.8291     2.4029     100.00   28.34354  -86.34026    0.00209   -0.00047         15  0.000e+00
      70793   2949.667     49.586     49.926    26.0403    26.0960   5.592045   5.598006     2.8291     2.4029     100.00   28.34354  -86.34026    0.00191   -0.00055         15  0.000e+00
      70794   2949.708     49.821     50.162    26.0382    26.0963   5.591983   5.597935     2.8303     2.4029     100.00   28.34354  -86.34026    0.00175   -0.00061         15  0.000e+00
      70795   2949.750     49.647     49.987    26.0388    26.0964   5.591959   5.597911     2.8303     2.4029     100.00   28.34354  -86.34026    0.00159   -0.00067         15  0.000e+00
      70796   2949.792     49.707     50.048    26.0394    26.0964   5.591773   5.597911     2.8291     2.4029     100.00   28.34354  -86.34024    0.00140   -0.00073         15  0.000e+00
      70797   2949.833     49.700     50.040    26.0384    26.0965   5.591618   5.597841     2.8291     2.4029     100.00   28.34354  -86.34024    0.00121   -0.00076         15  0.000e+00
      70798   2949.875     49.700     50.040    26.0341    26.0964   5.591517   5.597817     2.8278     2.4029     100.00   28.34354  -86.34024    0.00101   -0.00080         15  0.000e+00
      70799   2949.917     49.707     50.048    26.0312    26.0960   5.591455   5.597754     2.8278     2.4017     100.00   28.34354  -86.34024    0.00081   -0.00085         15  0.000e+00
      70800   2949.958     49.700     50.040    26.0262    26.0962   5.591346   5.597762     2.8291     2.4017     100.00   28.34354  -86.34024    0.00064   -0.00088         15  0.000e+00
      70801   2950.000     49.700     50.040    26.0200    26.0961   5.591276   5.597872     2.8291     2.4029     100.00   28.34354  -86.34024    0.00045   -0.00090         15  0.000e+00
      70802   2950.042     49.708     50.048    26.0186    26.0957   5.591129   5.597943     2.8278     2.4029     100.00   28.34354  -86.34024    0.00024   -0.00091         15  0.000e+00
      70803   2950.083     49.700     50.040    26.0220    26.0957   5.591035   5.597990     2.8278     2.4029     100.00   28.34354  -86.34024    0.00005   -0.00091         15  0.000e+00
      70804   2950.125     49.700     50.040    26.0280    26.0959   5.590958   5.598006     2.8278     2.4029     100.00   28.34354  -86.34024   -0.00013   -0.00092         15  0.000e+00
      70805   2950.167     49.708     50.048    26.0296    26.0957   5.590973   5.597967     2.8278     2.4029     100.00   28.34354  -86.34024   -0.00031   -0.00092         15  0.000e+00
      70806   2950.208     49.700     50.040    26.0305    26.0957   5.590950   5.597990     2.8291     2.4029     100.00   28.34354  -86.34024   -0.00047   -0.00094         15  0.000e+00
      70807   2950.250     49.708     50.048    26.0319    26.0953   5.590802   5.598030     2.8278     2.4042     100.00   28.34354  -86.34024   -0.00065   -0.00093         15  0.000e+00
      70808   2950.292     49.700     50.040    26.0305    26.0948   5.590616   5.598045     2.8278     2.4042     100.00   28.34354  -86.34024   -0.00082   -0.00093         15  0.000e+00
      70809   2950.333     49.700     50.040    26.0314    26.0946   5.590577   5.598053     2.8278     2.4042     100.00   28.34354  -86.34024   -0.00098   -0.00092         15  0.000e+00
      70810   2950.375     49.708     50.048    26.0310    26.0941   5.590460   5.598053     2.8278     2.4042     100.00   28.34354  -86.34024   -0.00113   -0.00092         15  0.000e+00
      70811   2950.417     49.700     50.040    26.0285    26.0937   5.590398   5.598116     2.8278     2.4042     100.00   28.34354  -86.34024   -0.00126   -0.00093         15  0.000e+00
      70812   2950.458     49.700     50.040    26.0294    26.0935   5.590320   5.598108     2.8278     2.4054     100.00   28.34354  -86.34024   -0.00141   -0.00092         15  0.000e+00
      70813   2950.500     49.708     50.048    26.0287    26.0931   5.590119   5.598030     2.8266     2.4054     100.00   28.34354  -86.34024   -0.00155   -0.00093         15  0.000e+00
      70814   2950.542     49.700     50.040    26.0272    26.0933   5.589955   5.598069     2.8266     2.4066     100.00   28.34354  -86.34024   -0.00168   -0.00093         15  0.000e+00
      70815   2950.583     49.647     49.987    26.0234    26.0931   5.589785   5.597990     2.8266     2.4066     100.00   28.34354  -86.34024   -0.00180   -0.00092         15  0.000e+00
      70816   2950.625     49.768     50.109    26.0236    26.0930   5.589746   5.597856     2.8266     2.4078     100.00   28.34354  -86.34024   -0.00191   -0.00090         15  0.000e+00
      70817   2950.667     49.647     49.987    26.0306    26.0931   5.589567   5.597754     2.8266     2.4078     100.00   28.34354  -86.34024   -0.00201   -0.00089         15  0.000e+00
      70818   2950.708     49.708     50.048    26.0347    26.0937   5.589295   5.597730     2.8266     2.4078     100.00   28.34354  -86.34024   -0.00212   -0.00088         15  0.000e+00
      70819   2950.750     49.700     50.040    26.0341    26.0941   5.588953   5.597691     2.8266     2.4078     100.00   28.34354  -86.34024   -0.00221   -0.00088         15  0.000e+00
      70820   2950.792     49.700     50.040    26.0272    26.0944   5.588759   5.597715     2.8266     2.4090     100.00   28.34354  -86.34024   -0.00230   -0.00086         15  0.000e+00
      70821   2950.833     49.708     50.048    26.0242    26.0948   5.588588   5.597762     2.8266     2.4090     100.00   28.34354  -86.34024   -0.00237   -0.00084         15  0.000e+00
      70822   2950.875     49.647     49.987    26.0267    26.0952   5.588542   5.597778     2.8266     2.4103     100.00   28.34354  -86.34024   -0.00244   -0.00080         15  0.000e+00
      70823   2950.917     49.700     50.041    26.0280    26.0951   5.588472   5.597738     2.8254     2.4115     100.00   28.34354  -86.34024   -0.00252   -0.00075         15  0.000e+00
      70824   2950.958     49.708     50.048    26.0249    26.0944   5.588340   5.597730     2.8266     2.4115     100.00   28.34354  -86.34024   -0.00256   -0.00071         15  0.000e+00
      70825   2951.000     49.700     50.041    26.0166    26.0944   5.588309   5.597801     2.8266     2.4115     100.00   28.34354  -86.34024   -0.00261   -0.00066         15  0.000e+00
      70826   2951.042     49.700     50.041    26.0140    26.0942   5.588348   5.597715     2.8266     2.4115     100.00   28.34354  -86.34024   -0.00265   -0.00062         15  0.000e+00
      70827   2951.083     49.655     49.995    26.0150    26.0942   5.588286   5.597573     2.8266     2.4127     100.00   28.34354  -86.34024   -0.00269   -0.00055         15  0.000e+00
      70828   2951.125     49.701     50.041    26.0191    26.0942   5.588122   5.597573     2.8266     2.4127     100.00   28.34354  -86.34024   -0.00272   -0.00051         15  0.000e+00
      70829   2951.167     49.655     49.995    26.0207    26.0931   5.588045   5.597549     2.8266     2.4127     100.00   28.34354  -86.34024   -0.00276   -0.00045         15  0.000e+00
      70830   2951.208     49.701     50.041    26.0161    26.0933   5.587967   5.597399     2.8266     2.4127     100.00   28.34354  -86.34024   -0.00279   -0.00040         15  0.000e+00
