Gulf of Mexico/GOMECC-4/1db/rb2103_1051.ros
* Sea-Bird SBE 9 Data File:
* FileName = C:\Users\scs.user.rb\CTD\GOMECC4\data\rb2103_1051.hex
* Software Version Seasave V 7.26.7.107
* Temperature SN = 4799
* Conductivity SN = 3860
* Number of Bytes Per Scan = 41
* Number of Voltage Words = 4
* Number of Scans Averaged by the Deck Unit = 1
* NMEA Latitude = 25 29.58 N
* NMEA Longitude = 087 59.90 W
* NMEA UTC (Time) = Oct 13 2021  14:16:10
* NMEA baud rate = 4800
# nquan = 17
# nvalues = 3192                                  
# units = specified
# name 0 = scan: Scan Count
# name 1 = timeS: Time, Elapsed [seconds]
# name 2 = depSM: Depth [salt water, m]
# name 3 = prDM: Pressure, Digiquartz [db]
# name 4 = t090C: Temperature [ITS-90, deg C]
# name 5 = t190C: Temperature, 2 [ITS-90, deg C]
# name 6 = c0S/m: Conductivity [S/m]
# name 7 = c1S/m: Conductivity, 2 [S/m]
# name 8 = sbeox0V: Oxygen raw, SBE 43 [V]
# name 9 = sbeox1V: Oxygen raw, SBE 43, 2 [V]
# name 10 = altM: Altimeter [m]
# name 11 = latitude: Latitude [deg]
# name 12 = longitude: Longitude [deg]
# name 13 = sbox0dV/dT: Oxygen, SBE 43 [dov/dt]
# name 14 = sbox1dV/dT: Oxygen, SBE 43, 2 [dov/dt]
# name 15 = nbf: Bottles Fired
# name 16 = flag:  0.000e+00
# interval = seconds: 0.0416667
# start_time = Oct 13 2021 14:16:10 [NMEA time, header]
# bad_flag = -9.990e-29
*END*
[from data line 3064]
     241215  10050.583      3.853      3.878    29.5018    29.5055   5.969004   5.969497     3.1575     2.6691      98.10   25.50998  -87.99372    0.00083   -0.00027         24  0.000e+00
     241216  10050.625      3.894      3.919    29.5014    29.5055   5.968949   5.969530     3.1575     2.6691      98.02   25.50998  -87.99372    0.00083   -0.00034         24  0.000e+00
     241217  10050.667      3.806      3.831    29.5016    29.5055   5.968957   5.969505     3.1575     2.6691      98.05   25.50998  -87.99372    0.00083   -0.00041         24  0.000e+00
     241218  10050.708      3.806      3.830    29.5022    29.5053   5.969004   5.969570     3.1575     2.6691      98.07   25.50998  -87.99372    0.00083   -0.00048         24  0.000e+00
     241219  10050.750      3.792      3.817    29.5022    29.5055   5.969020   5.969554     3.1575     2.6691      98.07   25.50998  -87.99372    0.00082   -0.00056         24  0.000e+00
     241220  10050.792      3.758      3.783    29.5024    29.5052   5.969076   5.969522     3.1575     2.6703      98.07   25.50998  -87.99372    0.00082   -0.00059         24  0.000e+00
     241221  10050.833      3.758      3.783    29.5022    29.5050   5.969036   5.969497     3.1563     2.6703      98.07   25.50998  -87.99372    0.00080   -0.00063         24  0.000e+00
     241222  10050.875      3.745      3.769    29.5027    29.5052   5.969092   5.969530     3.1563     2.6703      98.07   25.50998  -87.99372    0.00078   -0.00067         24  0.000e+00
     241223  10050.917      3.758      3.782    29.5022    29.5050   5.969044   5.969505     3.1575     2.6703      98.07   25.50998  -87.99372    0.00078   -0.00069         24  0.000e+00
     241224  10050.958      3.704      3.728    29.5024    29.5052   5.969020   5.969497     3.1563     2.6716      98.07   25.50998  -87.99372    0.00076   -0.00069         24  0.000e+00
     241225  10051.000      3.643      3.667    29.5022    29.5054   5.968980   5.969497     3.1575     2.6728      98.07   25.50998  -87.99372    0.00075   -0.00067         24  0.000e+00
     241226  10051.042      3.758      3.782    29.5020    29.5054   5.968972   5.969530     3.1575     2.6716      98.07   25.50998  -87.99372    0.00073   -0.00068         24  0.000e+00
     241227  10051.083      3.656      3.680    29.5016    29.5055   5.968932   5.969619     3.1563     2.6716      98.07   25.50998  -87.99372    0.00069   -0.00068         24  0.000e+00
     241228  10051.125      3.609      3.632    29.5018    29.5055   5.968956   5.969546     3.1563     2.6716      98.07   25.50998  -87.99372    0.00065   -0.00068         24  0.000e+00
     241229  10051.167      3.643      3.666    29.5015    29.5052   5.968972   5.969538     3.1551     2.6716      98.07   25.50998  -87.99372    0.00060   -0.00069         24  0.000e+00
     241230  10051.208      3.656      3.680    29.5016    29.5052   5.969028   5.969473     3.1563     2.6716      98.07   25.50998  -87.99372    0.00056   -0.00069         24  0.000e+00
     241231  10051.250      3.609      3.632    29.5020    29.5054   5.969060   5.969522     3.1551     2.6716      98.07   25.50998  -87.99372    0.00050   -0.00070         24  0.000e+00
     241232  10051.292      3.595      3.618    29.5020    29.5052   5.969028   5.969505     3.1551     2.6716      98.07   25.50998  -87.99372    0.00045   -0.00069         24  0.000e+00
     241233  10051.333      3.554      3.577    29.5022    29.5053   5.969020   5.969497     3.1551     2.6716      98.07   25.50998  -87.99372    0.00039   -0.00069         24  0.000e+00
     241234  10051.375      3.608      3.632    29.5022    29.5054   5.969020   5.969497     3.1551     2.6703      98.07   25.50998  -87.99372    0.00034   -0.00070         24  0.000e+00
     241235  10051.417      3.547      3.570    29.5024    29.5052   5.969052   5.969457     3.1551     2.6703      99.10   25.50998  -87.99372    0.00028   -0.00070         24  0.000e+00
     241236  10051.458      3.554      3.577    29.5020    29.5052   5.969068   5.969457     3.1551     2.6703      99.98   25.50998  -87.99372    0.00023   -0.00073         24  0.000e+00
     241237  10051.500      3.554      3.577    29.5026    29.5052   5.969028   5.969489     3.1551     2.6703     100.00   25.50998  -87.99372    0.00017   -0.00073         24  0.000e+00
     241238  10051.542      3.493      3.516    29.5024    29.5050   5.968948   5.969457     3.1551     2.6703     100.00   25.50998  -87.99372    0.00011   -0.00073         24  0.000e+00
     241239  10051.583      3.554      3.577    29.5016    29.5048   5.968956   5.969481     3.1551     2.6703     100.00   25.50998  -87.99372    0.00006   -0.00074         24  0.000e+00
     241240  10051.625      3.506      3.529    29.5018    29.5048   5.968972   5.969424     3.1551     2.6703     100.00   25.50998  -87.99372    0.00000   -0.00074         24  0.000e+00
     241241  10051.667      3.547      3.570    29.5022    29.5049   5.969028   5.969400     3.1563     2.6703     100.00   25.50998  -87.99372   -0.00004   -0.00075         24  0.000e+00
     241242  10051.708      3.506      3.529    29.5017    29.5042   5.968956   5.969400     3.1563     2.6691     100.00   25.50998  -87.99372   -0.00007   -0.00077         24  0.000e+00
     241243  10051.750      3.554      3.577    29.5016    29.5042   5.968996   5.969360     3.1563     2.6703     100.00   25.50998  -87.99372   -0.00011   -0.00077         24  0.000e+00
     241244  10051.792      3.493      3.515    29.5020    29.5039   5.968948   5.969351     3.1563     2.6691     100.00   25.50998  -87.99372   -0.00015   -0.00079         24  0.000e+00
     241245  10051.833      3.553      3.577    29.5017    29.5039   5.968924   5.969384     3.1563     2.6691     100.00   25.50998  -87.99372   -0.00019   -0.00081         24  0.000e+00
     241246  10051.875      3.506      3.529    29.5016    29.5046   5.968924   5.969400     3.1563     2.6703     100.00   25.50998  -87.99372   -0.00023   -0.00081         24  0.000e+00
     241247  10051.917      3.547      3.570    29.5014    29.5050   5.968956   5.969432     3.1563     2.6703     100.00   25.50998  -87.99372   -0.00027   -0.00081         24  0.000e+00
     241248  10051.958      3.506      3.529    29.5017    29.5054   5.968972   5.969481     3.1563     2.6691     100.00   25.50998  -87.99372   -0.00031   -0.00082         24  0.000e+00
     241249  10052.000      3.506      3.529    29.5020    29.5053   5.969004   5.969497     3.1563     2.6703     100.00   25.50998  -87.99372   -0.00035   -0.00082         24  0.000e+00
     241250  10052.042      3.594      3.617    29.5020    29.5052   5.968980   5.969497     3.1563     2.6691     100.00   25.50998  -87.99372   -0.00038   -0.00082         24  0.000e+00
     241251  10052.083      3.506      3.529    29.5022    29.5052   5.968972   5.969497     3.1563     2.6691     100.00   25.50998  -87.99372   -0.00040   -0.00084         24  0.000e+00
     241252  10052.125      3.553      3.576    29.5022    29.5050   5.968996   5.969546     3.1551     2.6691     100.00   25.50998  -87.99372   -0.00044   -0.00083         24  0.000e+00
     241253  10052.167      3.546      3.569    29.5022    29.5050   5.968980   5.969441     3.1551     2.6679     100.00   25.50998  -87.99372   -0.00048   -0.00085         24  0.000e+00
     241254  10052.208      3.607      3.631    29.5020    29.5046   5.969004   5.969400     3.1563     2.6679     100.00   25.50998  -87.99372   -0.00050   -0.00086         24  0.000e+00
     241255  10052.250      3.553      3.576    29.5024    29.5046   5.968980   5.969400     3.1551     2.6679     100.00   25.50998  -87.99372   -0.00055   -0.00087         24  0.000e+00
     241256  10052.292      3.593      3.617    29.5020    29.5046   5.968972   5.969433     3.1551     2.6679     100.00   25.50998  -87.99372   -0.00059   -0.00088         24  0.000e+00
     241257  10052.333      3.607      3.630    29.5020    29.5045   5.968972   5.969376     3.1563     2.6679     100.00   25.50998  -87.99372   -0.00059   -0.00088         24  0.000e+00
     241258  10052.375      3.607      3.630    29.5022    29.5042   5.968972   5.969384     3.1563     2.6679     100.00   25.50998  -87.99372   -0.00059   -0.00089         24  0.000e+00
     241259  10052.417      3.641      3.664    29.5022    29.5042   5.969004   5.969400     3.1551     2.6679     100.00   25.50998  -87.99372   -0.00061   -0.00089         24  0.000e+00
     241260  10052.458      3.607      3.630    29.5027    29.5044   5.969020   5.969449     3.1563     2.6679      69.89   25.50998  -87.99372   -0.00064   -0.00090         24  0.000e+00
     241261  10052.500      3.654      3.678    29.5026    29.5044   5.969020   5.969416     3.1563     2.6679      42.47   25.50998  -87.99372   -0.00066   -0.00090         24  0.000e+00
     241262  10052.542      3.640      3.664    29.5033    29.5042   5.969004   5.969327     3.1563     2.6679      37.29   25.50998  -87.99372   -0.00066   -0.00090         24  0.000e+00
     241263  10052.583      3.701      3.725    29.5027    29.5037   5.969012   5.969376     3.1575     2.6691      38.83   25.50998  -87.99372   -0.00064   -0.00088         24  0.000e+00
     241264  10052.625      3.654      3.678    29.5022    29.5039   5.969020   5.969360     3.1575     2.6691      39.95   25.50998  -87.99372   -0.00063   -0.00086         24  0.000e+00
     241265  10052.667      3.694      3.718    29.5022    29.5041   5.969020   5.969352     3.1575     2.6703      40.10   25.50998  -87.99372   -0.00061   -0.00082         24  0.000e+00
     241266  10052.708      3.701      3.725    29.5026    29.5042   5.968980   5.969384     3.1575     2.6703      40.02   25.50998  -87.99372   -0.00060   -0.00079         24  0.000e+00
     241267  10052.750      3.701      3.725    29.5026    29.5042   5.969004   5.969400     3.1575     2.6703      40.00   25.50998  -87.99372   -0.00059   -0.00075         24  0.000e+00
     241268  10052.792      3.741      3.766    29.5020    29.5046   5.969020   5.969481     3.1587     2.6703      39.98   25.50998  -87.99372   -0.00055   -0.00071         24  0.000e+00
     241269  10052.833      3.755      3.779    29.5017    29.5050   5.968980   5.969465     3.1587     2.6716      39.98   25.50998  -87.99372   -0.00052   -0.00065         24  0.000e+00
     241270  10052.875      3.755      3.779    29.5016    29.5054   5.968901   5.969522     3.1587     2.6716      39.98   25.50998  -87.99372   -0.00049   -0.00059         24  0.000e+00
     241271  10052.917      3.789      3.813    29.5013    29.5054   5.968949   5.969505     3.1587     2.6716      39.98   25.50998  -87.99372   -0.00046   -0.00053         24  0.000e+00
     241272  10052.958      3.755      3.779    29.5017    29.5053   5.968972   5.969497     3.1587     2.6716      39.98   25.50998  -87.99372   -0.00043   -0.00047         24  0.000e+00
     241273  10053.000      3.802      3.827    29.5018    29.5054   5.968996   5.969530     3.1575     2.6716      39.98   25.50998  -87.99372   -0.00041   -0.00039         24  0.000e+00
     241274  10053.042      3.843      3.868    29.5026    29.5052   5.969052   5.969506     3.1600     2.6716      39.98   25.50998  -87.99372   -0.00035   -0.00033         24  0.000e+00
     241275  10053.083      3.849      3.874    29.5022    29.5052   5.968957   5.969530     3.1587     2.6716      39.98   25.50998  -87.99372   -0.00032   -0.00027         24  0.000e+00
     241276  10053.125      3.802      3.827    29.5022    29.5050   5.968996   5.969441     3.1600     2.6716      39.98   25.50998  -87.99372   -0.00027   -0.00021         24  0.000e+00
     241277  10053.167      3.890      3.915    29.5022    29.5050   5.969052   5.969473     3.1587     2.6716      39.98   25.50998  -87.99372   -0.00024   -0.00015         24  0.000e+00
     241278  10053.208      3.849      3.874    29.5026    29.5048   5.968996   5.969457     3.1600     2.6716      39.98   25.50998  -87.99372   -0.00020   -0.00009         24  0.000e+00
     241279  10053.250      3.903      3.929    29.5020    29.5048   5.968973   5.969408     3.1587     2.6728      39.98   25.50998  -87.99372   -0.00017   -0.00001         24  0.000e+00
     241280  10053.292      3.903      3.928    29.5015    29.5045   5.968933   5.969360     3.1600     2.6716      39.98   25.50998  -87.99372   -0.00012    0.00005         24  0.000e+00
     241281  10053.333      3.889      3.915    29.5007    29.5041   5.968885   5.969311     3.1587     2.6728      39.98   25.50998  -87.99372   -0.00010    0.00012         24  0.000e+00
     241282  10053.375      3.950      3.976    29.5007    29.5041   5.968837   5.969336     3.1587     2.6716      39.98   25.50998  -87.99372   -0.00007    0.00016         24  0.000e+00
     241283  10053.417      3.950      3.976    29.5004    29.5042   5.968861   5.969352     3.1587     2.6716      71.26   25.50998  -87.99372   -0.00004    0.00020         24  0.000e+00
     241284  10053.458      3.937      3.962    29.5007    29.5042   5.968901   5.969352     3.1587     2.6728      97.92   25.50998  -87.99372 -7.034e-07    0.00027         24  0.000e+00
     241285  10053.500      3.950      3.976    29.5011    29.5044   5.968845   5.969384     3.1587     2.6716     100.00   25.50998  -87.99372    0.00003    0.00031         24  0.000e+00
     241286  10053.542      3.950      3.976    29.5004    29.5042   5.968829   5.969400     3.1575     2.6716     100.00   25.50998  -87.99372    0.00005    0.00035         24  0.000e+00
     241287  10053.583      3.990      4.017    29.4992    29.5046   5.968685   5.969433     3.1587     2.6728     100.00   25.50998  -87.99372    0.00008    0.00040         24  0.000e+00
     241288  10053.625      3.997      4.023    29.4992    29.5047   5.968589   5.969449     3.1575     2.6728      99.98   25.50998  -87.99372    0.00008    0.00044         24  0.000e+00
     241289  10053.667      3.997      4.023    29.4987    29.5048   5.968581   5.969408     3.1575     2.6728     100.00   25.50998  -87.99372    0.00009    0.00050         24  0.000e+00
     241290  10053.708      3.990      4.016    29.4985    29.5044   5.968581   5.969400     3.1587     2.6716     100.00   25.50998  -87.99372    0.00012    0.00052         24  0.000e+00
     241291  10053.750      4.051      4.078    29.4979    29.5044   5.968541   5.969360     3.1587     2.6716     100.00   25.50998  -87.99372    0.00014    0.00055         24  0.000e+00
     241292  10053.792      3.997      4.023    29.4983    29.5044   5.968565   5.969352     3.1587     2.6716     100.00   25.50998  -87.99372    0.00019    0.00057         24  0.000e+00
     241293  10053.833      3.990      4.016    29.4985    29.5037   5.968541   5.969311     3.1587     2.6716     100.00   25.50998  -87.99372    0.00021    0.00060         24  0.000e+00
     241294  10053.875      4.051      4.077    29.4981    29.5033   5.968565   5.969263     3.1587     2.6716     100.00   25.50998  -87.99372    0.00024    0.00062         24  0.000e+00
     241295  10053.917      3.997      4.023    29.4978    29.5031   5.968533   5.969214     3.1587     2.6703     100.00   25.50998  -87.99372    0.00028    0.00062         24  0.000e+00
     241296  10053.958      4.037      4.064    29.4982    29.5030   5.968525   5.969238     3.1587     2.6703     100.00   25.50998  -87.99372    0.00032    0.00063         24  0.000e+00
     241297  10054.000      4.051      4.077    29.4978    29.5031   5.968565   5.969255     3.1587     2.6703     100.00   25.50998  -87.99372    0.00036    0.00063         24  0.000e+00
     241298  10054.042      3.996      4.023    29.4989    29.5031   5.968581   5.969255     3.1587     2.6703     100.00   25.50998  -87.99372    0.00040    0.00062         24  0.000e+00
