Gulf of Mexico/GOMECC-4/1db/rb2103_1061.ros
* Sea-Bird SBE 9 Data File:
* FileName = C:\Users\scs.user.rb\CTD\GOMECC4\data\rb2103_1061.hex
* Software Version Seasave V 7.26.7.107
* Temperature SN = 4799
* Conductivity SN = 3860
* Number of Bytes Per Scan = 41
* Number of Voltage Words = 4
* Number of Scans Averaged by the Deck Unit = 1
* NMEA Latitude = 26 00.02 N
* NMEA Longitude = 088 00.00 W
* NMEA UTC (Time) = Oct 13 2021  21:11:53
* NMEA baud rate = 4800
# nquan = 17
# nvalues = 3192                                  
# units = specified
# name 0 = scan: Scan Count
# name 1 = timeS: Time, Elapsed [seconds]
# name 2 = depSM: Depth [salt water, m]
# name 3 = prDM: Pressure, Digiquartz [db]
# name 4 = t090C: Temperature [ITS-90, deg C]
# name 5 = t190C: Temperature, 2 [ITS-90, deg C]
# name 6 = c0S/m: Conductivity [S/m]
# name 7 = c1S/m: Conductivity, 2 [S/m]
# name 8 = sbeox0V: Oxygen raw, SBE 43 [V]
# name 9 = sbeox1V: Oxygen raw, SBE 43, 2 [V]
# name 10 = altM: Altimeter [m]
# name 11 = latitude: Latitude [deg]
# name 12 = longitude: Longitude [deg]
# name 13 = sbox0dV/dT: Oxygen, SBE 43 [dov/dt]
# name 14 = sbox1dV/dT: Oxygen, SBE 43, 2 [dov/dt]
# name 15 = nbf: Bottles Fired
# name 16 = flag:  0.000e+00
# interval = seconds: 0.0416667
# start_time = Oct 13 2021 21:11:53 [NMEA time, header]
# bad_flag = -9.990e-29
*END*
[from data line 766]
     137679   5736.583   1977.606   2000.067     4.3003     4.3011   3.366340   3.366318     1.8742     1.5507     100.00   26.00094  -88.00064   -0.00003   -0.00002          6  0.000e+00
     137680   5736.625   1977.578   2000.039     4.3003     4.3008   3.366372   3.366273     1.8742     1.5507     100.00   26.00094  -88.00064   -0.00003   -0.00002          6  0.000e+00
     137681   5736.667   1977.606   2000.068     4.3004     4.3009   3.366359   3.366279     1.8742     1.5507     100.00   26.00094  -88.00064   -0.00003   -0.00004          6  0.000e+00
     137682   5736.708   1977.530   1999.990     4.3003     4.3009   3.366353   3.366292     1.8730     1.5507     100.00   26.00094  -88.00064   -0.00004   -0.00006          6  0.000e+00
     137683   5736.750   1977.579   2000.039     4.3004     4.3008   3.366315   3.366292     1.8742     1.5507     100.00   26.00094  -88.00064   -0.00004   -0.00008          6  0.000e+00
     137684   5736.792   1977.551   2000.011     4.3003     4.3008   3.366340   3.366311     1.8742     1.5507     100.00   26.00094  -88.00064   -0.00003   -0.00009          6  0.000e+00
     137685   5736.833   1977.530   1999.990     4.3003     4.3009   3.366353   3.366318     1.8742     1.5519     100.00   26.00094  -88.00064   -0.00003   -0.00009          6  0.000e+00
     137686   5736.875   1977.551   2000.011     4.3003     4.3010   3.366328   3.366273     1.8742     1.5507     100.00   26.00094  -88.00064   -0.00003   -0.00011          6  0.000e+00
     137687   5736.917   1977.475   1999.934     4.3003     4.3009   3.366391   3.366305     1.8742     1.5507     100.00   26.00094  -88.00064   -0.00002   -0.00011          6  0.000e+00
     137688   5736.958   1977.551   2000.012     4.3004     4.3011   3.366366   3.366273     1.8742     1.5507     100.00   26.00094  -88.00064   -0.00000   -0.00013          6  0.000e+00
     137689   5737.000   1977.475   1999.934     4.3001     4.3008   3.366328   3.366279     1.8742     1.5507     100.00   26.00094  -88.00064    0.00000   -0.00015          6  0.000e+00
     137690   5737.042   1977.551   2000.012     4.3004     4.3009   3.366359   3.366292     1.8742     1.5507     100.00   26.00094  -88.00064    0.00001   -0.00017          6  0.000e+00
     137691   5737.083   1977.475   1999.934     4.3003     4.3011   3.366315   3.366311     1.8742     1.5507     100.00   26.00094  -88.00064    0.00001   -0.00017          6  0.000e+00
     137692   5737.125   1977.447   1999.906     4.3003     4.3008   3.366315   3.366298     1.8742     1.5519     100.00   26.00094  -88.00064    0.00001   -0.00017          6  0.000e+00
     137693   5737.167   1977.531   1999.991     4.3003     4.3011   3.366340   3.366266     1.8742     1.5507     100.00   26.00094  -88.00064    0.00002   -0.00019          6  0.000e+00
     137694   5737.208   1977.475   1999.934     4.3000     4.3010   3.366328   3.366260     1.8742     1.5507     100.00   26.00094  -88.00064    0.00002   -0.00021          6  0.000e+00
     137695   5737.250   1977.503   1999.962     4.3003     4.3009   3.366321   3.366305     1.8742     1.5519     100.00   26.00094  -88.00064    0.00001   -0.00021          6  0.000e+00
     137696   5737.292   1977.475   1999.934     4.3003     4.3009   3.366391   3.366298     1.8742     1.5519     100.00   26.00094  -88.00064   -0.00001   -0.00019          6  0.000e+00
     137697   5737.333   1977.447   1999.906     4.3000     4.3010   3.366334   3.366292     1.8742     1.5519     100.00   26.00094  -88.00064   -0.00000   -0.00019          6  0.000e+00
     137698   5737.375   1977.475   1999.934     4.3001     4.3009   3.366315   3.366311     1.8730     1.5507     100.00   26.00094  -88.00064   -0.00002   -0.00021          6  0.000e+00
     137699   5737.417   1977.447   1999.906     4.3001     4.3009   3.366340   3.366298     1.8742     1.5507     100.00   26.00094  -88.00064   -0.00001   -0.00023          6  0.000e+00
     137700   5737.458   1977.531   1999.991     4.3003     4.3008   3.366353   3.366292     1.8742     1.5507     100.00   26.00094  -88.00064   -0.00001   -0.00025          6  0.000e+00
     137701   5737.500   1977.448   1999.906     4.3001     4.3009   3.366328   3.366311     1.8742     1.5507     100.00   26.00094  -88.00064   -0.00001   -0.00025          6  0.000e+00
     137702   5737.542   1977.475   1999.935     4.3003     4.3008   3.366340   3.366298     1.8742     1.5519     100.00   26.00094  -88.00064   -0.00002   -0.00023          6  0.000e+00
     137703   5737.583   1977.448   1999.906     4.3003     4.3008   3.366353   3.366292     1.8742     1.5519     100.00   26.00094  -88.00064   -0.00004   -0.00022          6  0.000e+00
     137704   5737.625   1977.476   1999.935     4.3001     4.3008   3.366366   3.366292     1.8742     1.5519     100.00   26.00094  -88.00064   -0.00003   -0.00020          6  0.000e+00
     137705   5737.667   1977.504   1999.963     4.3001     4.3010   3.366353   3.366292     1.8742     1.5507     100.00   26.00094  -88.00064   -0.00003   -0.00020          6  0.000e+00
     137706   5737.708   1977.476   1999.935     4.3001     4.3011   3.366328   3.366311     1.8755     1.5507     100.00   26.00094  -88.00064   -0.00001   -0.00022          6  0.000e+00
     137707   5737.750   1977.532   1999.991     4.3003     4.3008   3.366340   3.366318     1.8742     1.5507     100.00   26.00094  -88.00064   -0.00001   -0.00022          6  0.000e+00
     137708   5737.792   1977.448   1999.907     4.3000     4.3008   3.366328   3.366298     1.8742     1.5519     100.00   26.00094  -88.00064   -0.00001   -0.00020          6  0.000e+00
     137709   5737.833   1977.532   1999.992     4.2999     4.3009   3.366321   3.366311     1.8742     1.5519     100.00   26.00094  -88.00064   -0.00000   -0.00020          6  0.000e+00
     137710   5737.875   1977.504   1999.963     4.3003     4.3011   3.366321   3.366298     1.8742     1.5519     100.00   26.00094  -88.00064 -1.758e-07   -0.00019          6  0.000e+00
     144335   6013.917   1781.066   1800.451     4.3170     4.3181   3.359609   3.359569     1.8974     1.5726     100.00   26.00076  -88.00054   -0.00005    0.00002          7  0.000e+00
     144336   6013.958   1781.122   1800.507     4.3170     4.3177   3.359590   3.359563     1.8974     1.5739     100.00   26.00076  -88.00054   -0.00004    0.00003          7  0.000e+00
     144337   6014.000   1781.170   1800.557     4.3170     4.3180   3.359596   3.359563     1.8974     1.5739     100.00   26.00076  -88.00054   -0.00003    0.00005          7  0.000e+00
     144338   6014.042   1781.122   1800.507     4.3173     4.3180   3.359602   3.359544     1.8974     1.5726     100.00   26.00076  -88.00054   -0.00003    0.00004          7  0.000e+00
     144339   6014.083   1781.122   1800.507     4.3169     4.3178   3.359590   3.359557     1.8974     1.5726     100.00   26.00076  -88.00054   -0.00002    0.00004          7  0.000e+00
     144340   6014.125   1781.122   1800.507     4.3171     4.3179   3.359621   3.359544     1.8974     1.5726     100.00   26.00076  -88.00054   -0.00001    0.00004          7  0.000e+00
     144341   6014.167   1781.122   1800.508     4.3169     4.3178   3.359609   3.359557     1.8974     1.5726     100.00   26.00076  -88.00054   -0.00000    0.00004          7  0.000e+00
     144342   6014.208   1781.108   1800.494     4.3172     4.3181   3.359609   3.359563     1.8974     1.5726     100.00   26.00076  -88.00054    0.00000    0.00003          7  0.000e+00
     144343   6014.250   1781.122   1800.508     4.3171     4.3180   3.359627   3.359582     1.8974     1.5726     100.00   26.00076  -88.00054    0.00001    0.00003          7  0.000e+00
     144344   6014.292   1781.067   1800.451     4.3170     4.3178   3.359609   3.359550     1.8974     1.5726     100.00   26.00076  -88.00054    0.00002    0.00003          7  0.000e+00
     144345   6014.333   1781.122   1800.508     4.3173     4.3178   3.359621   3.359557     1.8974     1.5726     100.00   26.00076  -88.00054    0.00003    0.00003          7  0.000e+00
     144346   6014.375   1781.122   1800.508     4.3170     4.3179   3.359615   3.359544     1.8962     1.5726     100.00   26.00076  -88.00054    0.00002    0.00002          7  0.000e+00
     144347   6014.417   1781.067   1800.451     4.3170     4.3180   3.359602   3.359537     1.8974     1.5726     100.00   26.00076  -88.00054    0.00002    0.00002          7  0.000e+00
     144348   6014.458   1781.123   1800.508     4.3170     4.3178   3.359602   3.359557     1.8974     1.5726     100.00   26.00076  -88.00054    0.00003    0.00002          7  0.000e+00
     144349   6014.500   1781.123   1800.508     4.3170     4.3180   3.359609   3.359563     1.8974     1.5726     100.00   26.00076  -88.00054    0.00004    0.00002          7  0.000e+00
     144350   6014.542   1781.067   1800.452     4.3170     4.3178   3.359602   3.359563     1.8974     1.5726     100.00   26.00076  -88.00054    0.00005    0.00001          7  0.000e+00
     144351   6014.583   1781.123   1800.508     4.3169     4.3180   3.359640   3.359544     1.8974     1.5739     100.00   26.00076  -88.00054    0.00004    0.00003          7  0.000e+00
     144352   6014.625   1781.123   1800.508     4.3169     4.3180   3.359621   3.359576     1.8974     1.5739     100.00   26.00076  -88.00054    0.00004    0.00004          7  0.000e+00
     144353   6014.667   1781.123   1800.508     4.3167     4.3180   3.359602   3.359550     1.8962     1.5726     100.00   26.00076  -88.00054    0.00003    0.00004          7  0.000e+00
     144354   6014.708   1781.123   1800.508     4.3169     4.3180   3.359602   3.359576     1.8962     1.5726     100.00   26.00076  -88.00054    0.00002    0.00004          7  0.000e+00
     144355   6014.750   1781.123   1800.508     4.3170     4.3180   3.359609   3.359595     1.8962     1.5739     100.00   26.00076  -88.00054    0.00002    0.00005          7  0.000e+00
     144356   6014.792   1781.123   1800.508     4.3170     4.3180   3.359602   3.359569     1.8962     1.5726     100.00   26.00076  -88.00054    0.00001    0.00005          7  0.000e+00
     144357   6014.833   1781.172   1800.558     4.3167     4.3180   3.359602   3.359544     1.8974     1.5726     100.00   26.00076  -88.00054   -0.00000    0.00005          7  0.000e+00
     144358   6014.875   1781.165   1800.551     4.3169     4.3180   3.359590   3.359576     1.8962     1.5726     100.00   26.00076  -88.00054   -0.00003    0.00004          7  0.000e+00
     144359   6014.917   1781.172   1800.558     4.3170     4.3179   3.359596   3.359595     1.8974     1.5726     100.00   26.00076  -88.00054   -0.00004    0.00004          7  0.000e+00
     144360   6014.958   1781.172   1800.558     4.3170     4.3178   3.359552   3.359569     1.8974     1.5726     100.00   26.00076  -88.00054   -0.00003    0.00003          7  0.000e+00
     144361   6015.000   1781.172   1800.558     4.3169     4.3180   3.359583   3.359563     1.8974     1.5726     100.00   26.00076  -88.00054   -0.00002    0.00003          7  0.000e+00
     144362   6015.042   1781.227   1800.615     4.3169     4.3180   3.359609   3.359589     1.8974     1.5726     100.00   26.00076  -88.00054   -0.00001    0.00003          7  0.000e+00
     144363   6015.083   1781.172   1800.558     4.3168     4.3179   3.359602   3.359569     1.8987     1.5726     100.00   26.00076  -88.00054    0.00001    0.00002          7  0.000e+00
     144364   6015.125   1781.276   1800.664     4.3169     4.3178   3.359602   3.359582     1.8974     1.5726     100.00   26.00076  -88.00054    0.00002    0.00002          7  0.000e+00
     144365   6015.167   1781.228   1800.615     4.3167     4.3178   3.359609   3.359550     1.8962     1.5726     100.00   26.00076  -88.00054    0.00001    0.00003          7  0.000e+00
     144366   6015.208   1781.276   1800.664     4.3167     4.3179   3.359577   3.359557     1.8974     1.5726     100.00   26.00076  -88.00054    0.00002    0.00003          7  0.000e+00
     144367   6015.250   1781.276   1800.664     4.3167     4.3180   3.359615   3.359589     1.8974     1.5726     100.00   26.00076  -88.00054    0.00003    0.00003          7  0.000e+00
     144368   6015.292   1781.276   1800.664     4.3169     4.3178   3.359615   3.359569     1.8974     1.5726     100.00   26.00076  -88.00054    0.00003    0.00003          7  0.000e+00
     144369   6015.333   1781.332   1800.721     4.3167     4.3180   3.359602   3.359582     1.8974     1.5726     100.00   26.00076  -88.00054    0.00004    0.00002          7  0.000e+00
     144370   6015.375   1781.332   1800.721     4.3167     4.3180   3.359621   3.359576     1.8974     1.5726     100.00   26.00076  -88.00054    0.00005    0.00002          7  0.000e+00
     144371   6015.417   1781.381   1800.770     4.3169     4.3180   3.359615   3.359589     1.8974     1.5726     100.00   26.00076  -88.00054    0.00006    0.00002          7  0.000e+00
     144372   6015.458   1781.332   1800.721     4.3167     4.3182   3.359628   3.359569     1.8974     1.5739     100.00   26.00076  -88.00054    0.00005    0.00003          7  0.000e+00
     144373   6015.500   1781.436   1800.827     4.3170     4.3178   3.359609   3.359582     1.8974     1.5726     100.00   26.00076  -88.00054    0.00006    0.00003          7  0.000e+00
     144374   6015.542   1781.381   1800.770     4.3169     4.3180   3.359609   3.359576     1.8974     1.5726     100.00   26.00076  -88.00054    0.00006    0.00002          7  0.000e+00
     144375   6015.583   1781.430   1800.820     4.3167     4.3180   3.359602   3.359563     1.8974     1.5726     100.00   26.00076  -88.00054    0.00005    0.00002          7  0.000e+00
     144376   6015.625   1781.485   1800.876     4.3168     4.3182   3.359621   3.359582     1.8974     1.5726     100.00   26.00076  -88.00054    0.00004    0.00002          7  0.000e+00
     144377   6015.667   1781.437   1800.827     4.3169     4.3180   3.359634   3.359595     1.8962     1.5726     100.00   26.00076  -88.00054    0.00001    0.00001          7  0.000e+00
     144378   6015.708   1781.541   1800.933     4.3169     4.3181   3.359615   3.359614     1.8962     1.5726     100.00   26.00076  -88.00054    0.00000    0.00001          7  0.000e+00
     144379   6015.750   1781.541   1800.933     4.3168     4.3182   3.359628   3.359576     1.8974     1.5739     100.00   26.00076  -88.00054    0.00001    0.00002          7  0.000e+00
     144380   6015.792   1781.485   1800.876     4.3169     4.3180   3.359634   3.359582     1.8974     1.5726     100.00   26.00076  -88.00054    0.00002    0.00004          7  0.000e+00
     144381   6015.833   1781.597   1800.989     4.3169     4.3180   3.359640   3.359595     1.8974     1.5726     100.00   26.00076  -88.00054    0.00003    0.00005          7  0.000e+00
     144382   6015.875   1781.541   1800.933     4.3166     4.3179   3.359634   3.359595     1.8974     1.5739     100.00   26.00076  -88.00054    0.00002    0.00007          7  0.000e+00
     144383   6015.917   1781.645   1801.039     4.3170     4.3181   3.359609   3.359595     1.8974     1.5739     100.00   26.00076  -88.00054    0.00002    0.00008          7  0.000e+00
     144384   6015.958   1781.597   1800.990     4.3170     4.3180   3.359659   3.359595     1.8962     1.5726     100.00   26.00076  -88.00054    0.00001    0.00008          7  0.000e+00
     144385   6016.000   1781.646   1801.039     4.3170     4.3178   3.359640   3.359570     1.8962     1.5726     100.00   26.00076  -88.00054    0.00000    0.00007          7  0.000e+00
     144386   6016.042   1781.646   1801.039     4.3167     4.3180   3.359634   3.359589     1.8974     1.5726     100.00   26.00076  -88.00054    0.00001    0.00007          7  0.000e+00
     144387   6016.083   1781.701   1801.095     4.3170     4.3180   3.359615   3.359595     1.8974     1.5726     100.00   26.00076  -88.00054    0.00002    0.00006          7  0.000e+00
