Gulf of Mexico/GOMECC-4/1db/rb2103_0371.ros
* Sea-Bird SBE 9 Data File:
* FileName = C:\Users\scs.user.rb\CTD\GOMECC4\data\rb2103_0371.hex
* Software Version Seasave V 7.26.7.107
* Temperature SN = 4799
* Conductivity SN = 3860
* Number of Bytes Per Scan = 41
* Number of Voltage Words = 4
* Number of Scans Averaged by the Deck Unit = 1
* NMEA Latitude = 27 00.07 N
* NMEA Longitude = 089 59.96 W
* NMEA UTC (Time) = Sep 25 2021  07:16:47
* NMEA baud rate = 4800
# nquan = 17
# nvalues = 3059                                  
# units = specified
# name 0 = scan: Scan Count
# name 1 = timeS: Time, Elapsed [seconds]
# name 2 = depSM: Depth [salt water, m]
# name 3 = prDM: Pressure, Digiquartz [db]
# name 4 = t090C: Temperature [ITS-90, deg C]
# name 5 = t190C: Temperature, 2 [ITS-90, deg C]
# name 6 = c0S/m: Conductivity [S/m]
# name 7 = c1S/m: Conductivity, 2 [S/m]
# name 8 = sbeox0V: Oxygen raw, SBE 43 [V]
# name 9 = sbeox1V: Oxygen raw, SBE 43, 2 [V]
# name 10 = altM: Altimeter [m]
# name 11 = latitude: Latitude [deg]
# name 12 = longitude: Longitude [deg]
# name 13 = sbox0dV/dT: Oxygen, SBE 43 [dov/dt]
# name 14 = sbox1dV/dT: Oxygen, SBE 43, 2 [dov/dt]
# name 15 = nbf: Bottles Fired
# name 16 = flag:  0.000e+00
# interval = seconds: 0.0416667
# start_time = Sep 25 2021 07:16:47 [NMEA time, header]
# bad_flag = -9.990e-29
*END*
[from data line 2298]
     180901   7537.500     55.050     55.421    28.5479    28.5504   5.865977   5.866234     3.1197     2.6508     100.00   27.03134  -89.98196   -0.00063   -0.00016         18  0.000e+00
     180902   7537.542     54.997     55.368    28.5469    28.5494   5.865906   5.866137     3.1197     2.6508     100.00   27.03134  -89.98196   -0.00056   -0.00015         18  0.000e+00
     180903   7537.583     55.057     55.429    28.5457    28.5487   5.865732   5.866097     3.1197     2.6508     100.00   27.03134  -89.98196   -0.00048   -0.00014         18  0.000e+00
     180904   7537.625     55.050     55.421    28.5442    28.5475   5.865613   5.866033     3.1197     2.6508     100.00   27.03134  -89.98196   -0.00040   -0.00014         18  0.000e+00
     180905   7537.667     55.057     55.429    28.5420    28.5463   5.865438   5.865904     3.1209     2.6508     100.00   27.03134  -89.98196   -0.00030   -0.00013         18  0.000e+00
     180906   7537.708     55.110     55.482    28.5417    28.5448   5.865391   5.865768     3.1209     2.6508     100.00   27.03134  -89.98196   -0.00018   -0.00012         18  0.000e+00
     180907   7537.750     55.050     55.422    28.5409    28.5427   5.865288   5.865607     3.1197     2.6496     100.00   27.03134  -89.98196   -0.00009   -0.00013         18  0.000e+00
     180908   7537.792     55.118     55.490    28.5387    28.5408   5.865113   5.865438     3.1197     2.6508     100.00   27.03134  -89.98196   -0.00003   -0.00012         18  0.000e+00
     180909   7537.833     55.110     55.482    28.5378    28.5398   5.865066   5.865326     3.1197     2.6508     100.00   27.03134  -89.98196    0.00004   -0.00011         18  0.000e+00
     180910   7537.875     55.171     55.543    28.5369    28.5391   5.865026   5.865302     3.1197     2.6508     100.00   27.03134  -89.98196    0.00013   -0.00011         18  0.000e+00
     180911   7537.917     55.110     55.482    28.5363    28.5397   5.864979   5.865301     3.1197     2.6508     100.00   27.03134  -89.98196    0.00020   -0.00010         18  0.000e+00
     180912   7537.958     55.163     55.536    28.5362    28.5417   5.864971   5.865494     3.1197     2.6508     100.00   27.03134  -89.98196    0.00028   -0.00008         18  0.000e+00
     180913   7538.000     55.171     55.543    28.5363    28.5422   5.865002   5.865583     3.1197     2.6508     100.00   27.03134  -89.98196    0.00035   -0.00007         18  0.000e+00
     180914   7538.042     55.163     55.536    28.5360    28.5429   5.864939   5.865663     3.1184     2.6520     100.00   27.03134  -89.98196    0.00039   -0.00003         18  0.000e+00
     180915   7538.083     55.224     55.597    28.5352    28.5411   5.864844   5.865502     3.1184     2.6520     100.00   27.03134  -89.98196    0.00043    0.00001         18  0.000e+00
     180916   7538.125     55.216     55.589    28.5352    28.5397   5.864852   5.865390     3.1184     2.6520     100.00   27.03134  -89.98196    0.00047    0.00005         18  0.000e+00
     180917   7538.167     55.163     55.536    28.5354    28.5388   5.864899   5.865245     3.1184     2.6520     100.00   27.03134  -89.98196    0.00050    0.00009         18  0.000e+00
     180918   7538.208     55.224     55.597    28.5349    28.5386   5.864915   5.865277     3.1184     2.6532     100.00   27.03134  -89.98196    0.00052    0.00015         18  0.000e+00
     180919   7538.250     55.216     55.589    28.5349    28.5383   5.864876   5.865189     3.1197     2.6532     100.00   27.03134  -89.98196    0.00057    0.00022         18  0.000e+00
     180920   7538.292     55.284     55.658    28.5349    28.5384   5.864828   5.865229     3.1184     2.6532     100.00   27.03134  -89.98196    0.00057    0.00030         18  0.000e+00
     180921   7538.333     55.216     55.589    28.5349    28.5389   5.864852   5.865269     3.1184     2.6532     100.00   27.03134  -89.98196    0.00058    0.00037         18  0.000e+00
     180922   7538.375     55.337     55.711    28.5354    28.5394   5.864828   5.865326     3.1184     2.6532     100.00   27.03134  -89.98196    0.00059    0.00044         18  0.000e+00
     180923   7538.417     55.277     55.650    28.5360    28.5398   5.864963   5.865310     3.1197     2.6532     100.00   27.03134  -89.98196    0.00062    0.00051         18  0.000e+00
     180924   7538.458     55.216     55.589    28.5362    28.5395   5.864979   5.865334     3.1197     2.6545     100.00   27.03134  -89.98196    0.00065    0.00060         18  0.000e+00
     180925   7538.500     55.398     55.772    28.5356    28.5387   5.864923   5.865261     3.1197     2.6545     100.00   27.03134  -89.98196    0.00068    0.00069         18  0.000e+00
     180926   7538.542     55.277     55.650    28.5354    28.5382   5.864915   5.865173     3.1184     2.6545     100.00   27.03134  -89.98196    0.00067    0.00080         18  0.000e+00
     180927   7538.583     55.284     55.658    28.5354    28.5375   5.864915   5.865189     3.1197     2.6557     100.00   27.03134  -89.98196    0.00068    0.00092         18  0.000e+00
     180928   7538.625     55.390     55.764    28.5352    28.5371   5.864876   5.865165     3.1184     2.6545     100.00   27.03134  -89.98196    0.00067    0.00101         18  0.000e+00
     180929   7538.667     55.277     55.650    28.5341    28.5367   5.864725   5.865085     3.1197     2.6557     100.00   27.03134  -89.98196    0.00068    0.00111         18  0.000e+00
     180930   7538.708     55.398     55.772    28.5332    28.5360   5.864677   5.864972     3.1197     2.6557     100.00   27.03134  -89.98196    0.00069    0.00122         18  0.000e+00
     180931   7538.750     55.330     55.703    28.5341    28.5348   5.864709   5.864924     3.1197     2.6557     100.00   27.03134  -89.98196    0.00070    0.00132         18  0.000e+00
     180932   7538.792     55.284     55.658    28.5338    28.5341   5.864685   5.864876     3.1184     2.6557     100.00   27.03134  -89.98194    0.00069    0.00142         18  0.000e+00
     180933   7538.833     55.390     55.764    28.5332    28.5334   5.864630   5.864828     3.1184     2.6557     100.00   27.03134  -89.98194    0.00066    0.00152         18  0.000e+00
     180934   7538.875     55.330     55.703    28.5326    28.5326   5.864590   5.864731     3.1197     2.6557     100.00   27.03134  -89.98194    0.00065    0.00160         18  0.000e+00
     180935   7538.917     55.398     55.772    28.5327    28.5326   5.864582   5.864715     3.1197     2.6557     100.00   27.03134  -89.98194    0.00064    0.00168         18  0.000e+00
     180936   7538.958     55.390     55.764    28.5323    28.5323   5.864582   5.864683     3.1197     2.6557     100.00   27.03134  -89.98194    0.00063    0.00176         18  0.000e+00
     180937   7539.000     55.337     55.711    28.5317    28.5321   5.864543   5.864747     3.1197     2.6557     100.00   27.03134  -89.98194    0.00062    0.00182         18  0.000e+00
     180938   7539.042     55.390     55.764    28.5321    28.5325   5.864606   5.864755     3.1184     2.6557     100.00   27.03134  -89.98194    0.00059    0.00187         18  0.000e+00
     180939   7539.083     55.390     55.764    28.5332    28.5325   5.864662   5.864731     3.1197     2.6545     100.00   27.03134  -89.98194    0.00056    0.00191         18  0.000e+00
     180940   7539.125     55.398     55.772    28.5330    28.5328   5.864677   5.864795     3.1197     2.6545     100.00   27.03134  -89.98194    0.00052    0.00195         18  0.000e+00
     180941   7539.167     55.390     55.764    28.5334    28.5328   5.864709   5.864779     3.1197     2.6545     100.00   27.03134  -89.98194    0.00051    0.00196         18  0.000e+00
     180942   7539.208     55.337     55.711    28.5336    28.5327   5.864757   5.864723     3.1197     2.6545     100.00   27.03134  -89.98194    0.00048    0.00198         18  0.000e+00
     180943   7539.250     55.390     55.764    28.5343    28.5321   5.864773   5.864683     3.1209     2.6545     100.00   27.03134  -89.98194    0.00046    0.00199         18  0.000e+00
     180944   7539.292     55.330     55.704    28.5352    28.5317   5.864844   5.864675     3.1209     2.6545     100.00   27.03134  -89.98194    0.00046    0.00201         18  0.000e+00
     180945   7539.333     55.398     55.772    28.5360    28.5321   5.864979   5.864707     3.1209     2.6532     100.00   27.03134  -89.98194    0.00044    0.00198         18  0.000e+00
     180946   7539.375     55.390     55.764    28.5362    28.5323   5.864939   5.864707     3.1197     2.6545     100.00   27.03134  -89.98194    0.00040    0.00197         18  0.000e+00
     180947   7539.417     55.337     55.711    28.5363    28.5325   5.864955   5.864683     3.1197     2.6532     100.00   27.03134  -89.98194    0.00036    0.00194         18  0.000e+00
     180948   7539.458     55.390     55.765    28.5367    28.5325   5.864971   5.864675     3.1209     2.6545     100.00   27.03134  -89.98194    0.00035    0.00193         18  0.000e+00
     180949   7539.500     55.330     55.704    28.5367    28.5323   5.864971   5.864707     3.1209     2.6545     100.00   27.03134  -89.98194    0.00035    0.00192         18  0.000e+00
     180950   7539.542     55.398     55.772    28.5369    28.5326   5.864971   5.864683     3.1209     2.6545     100.00   27.03134  -89.98194    0.00036    0.00190         18  0.000e+00
     180951   7539.583     55.330     55.704    28.5372    28.5327   5.865074   5.864699     3.1209     2.6545     100.00   27.03134  -89.98194    0.00035    0.00188         18  0.000e+00
     180952   7539.625     55.337     55.711    28.5380    28.5332   5.865113   5.864715     3.1209     2.6545     100.00   27.03134  -89.98194    0.00034    0.00186         18  0.000e+00
     180953   7539.667     55.330     55.704    28.5394    28.5339   5.865216   5.864828     3.1209     2.6545     100.00   27.03134  -89.98194    0.00033    0.00183         18  0.000e+00
     180954   7539.708     55.337     55.711    28.5407    28.5345   5.865327   5.864868     3.1209     2.6545     100.00   27.03134  -89.98194    0.00034    0.00181         18  0.000e+00
     180955   7539.750     55.277     55.650    28.5420    28.5354   5.865423   5.864924     3.1209     2.6557     100.00   27.03134  -89.98194    0.00034    0.00182         18  0.000e+00
     180956   7539.792     55.330     55.704    28.5424    28.5363   5.865478   5.865028     3.1221     2.6557     100.00   27.03136  -89.98194    0.00036    0.00182         18  0.000e+00
     180957   7539.833     55.284     55.658    28.5428    28.5367   5.865494   5.865061     3.1209     2.6557     100.00   27.03136  -89.98194    0.00037    0.00181         18  0.000e+00
     180958   7539.875     55.277     55.650    28.5433    28.5365   5.865526   5.865061     3.1209     2.6557     100.00   27.03136  -89.98194    0.00037    0.00181         18  0.000e+00
     180959   7539.917     55.224     55.597    28.5437    28.5369   5.865573   5.865085     3.1209     2.6557     100.00   27.03136  -89.98194    0.00037    0.00181         18  0.000e+00
     180960   7539.958     55.330     55.704    28.5444    28.5375   5.865589   5.865101     3.1209     2.6557     100.00   27.03136  -89.98194    0.00038    0.00180         18  0.000e+00
     180961   7540.000     55.216     55.590    28.5447    28.5383   5.865660   5.865181     3.1209     2.6545     100.00   27.03136  -89.98194    0.00038    0.00178         18  0.000e+00
     180962   7540.042     55.224     55.597    28.5457    28.5386   5.865684   5.865237     3.1221     2.6545     100.00   27.03136  -89.98194    0.00041    0.00175         18  0.000e+00
     180963   7540.083     55.217     55.590    28.5461    28.5386   5.865684   5.865213     3.1209     2.6545     100.00   27.03136  -89.98194    0.00043    0.00173         18  0.000e+00
     180964   7540.125     55.171     55.544    28.5460    28.5390   5.865755   5.865229     3.1209     2.6545     100.00   27.03136  -89.98194    0.00043    0.00172         18  0.000e+00
     180965   7540.167     55.217     55.590    28.5462    28.5397   5.865811   5.865318     3.1221     2.6545     100.00   27.03136  -89.98194    0.00044    0.00171         18  0.000e+00
     180966   7540.208     55.164     55.536    28.5466    28.5408   5.865755   5.865350     3.1209     2.6532     100.00   27.03136  -89.98194    0.00044    0.00167         18  0.000e+00
     180967   7540.250     55.171     55.544    28.5466    28.5412   5.865771   5.865350     3.1221     2.6532     100.00   27.03136  -89.98194    0.00047    0.00164         18  0.000e+00
     180968   7540.292     55.164     55.536    28.5468    28.5411   5.865740   5.865366     3.1221     2.6532     100.00   27.03136  -89.98194    0.00051    0.00161         18  0.000e+00
     180969   7540.333     55.118     55.491    28.5466    28.5402   5.865771   5.865350     3.1221     2.6520     100.00   27.03136  -89.98194    0.00054    0.00156         18  0.000e+00
     180970   7540.375     55.164     55.536    28.5469    28.5399   5.865787   5.865310     3.1209     2.6532     100.00   27.03136  -89.98194    0.00053    0.00152         18  0.000e+00
     180971   7540.417     55.111     55.483    28.5473    28.5398   5.865819   5.865301     3.1209     2.6520     100.00   27.03136  -89.98194    0.00053    0.00147         18  0.000e+00
     180972   7540.458     55.058     55.430    28.5473    28.5398   5.865866   5.865318     3.1221     2.6520     100.00   27.03136  -89.98194    0.00054    0.00142         18  0.000e+00
     180973   7540.500     55.111     55.483    28.5477    28.5400   5.865914   5.865342     3.1221     2.6520     100.00   27.03136  -89.98194    0.00055    0.00136         18  0.000e+00
     180974   7540.542     55.058     55.430    28.5477    28.5404   5.865930   5.865382     3.1221     2.6520     100.00   27.03136  -89.98194    0.00055    0.00131         18  0.000e+00
     180975   7540.583     54.997     55.369    28.5481    28.5406   5.865890   5.865398     3.1221     2.6520     100.00   27.03136  -89.98194    0.00056    0.00125         18  0.000e+00
     180976   7540.625     55.111     55.483    28.5480    28.5408   5.865914   5.865398     3.1209     2.6520     100.00   27.03136  -89.98194    0.00055    0.00119         18  0.000e+00
     180977   7540.667     55.005     55.377    28.5479    28.5416   5.865890   5.865446     3.1209     2.6508     100.00   27.03136  -89.98194    0.00054    0.00112         18  0.000e+00
     180978   7540.708     54.997     55.369    28.5481    28.5424   5.865882   5.865559     3.1221     2.6508     100.00   27.03136  -89.98194    0.00054    0.00106         18  0.000e+00
     180979   7540.750     55.005     55.377    28.5484    28.5439   5.865882   5.865663     3.1209     2.6508     100.00   27.03136  -89.98194    0.00053    0.00101         18  0.000e+00
     180980   7540.792     54.937     55.308    28.5483    28.5445   5.865914   5.865759     3.1221     2.6508     100.00   27.03136  -89.98192    0.00053    0.00095         18  0.000e+00
     180981   7540.833     54.997     55.369    28.5491    28.5446   5.865930   5.865687     3.1221     2.6520     100.00   27.03136  -89.98192    0.00055    0.00091         18  0.000e+00
     180982   7540.875     54.944     55.316    28.5492    28.5443   5.866001   5.865711     3.1209     2.6520     100.00   27.03136  -89.98192    0.00056    0.00087         18  0.000e+00
     180983   7540.917     54.937     55.308    28.5494    28.5444   5.865985   5.865695     3.1209     2.6520     100.00   27.03136  -89.98192    0.00054    0.00083         18  0.000e+00
     180984   7540.958     54.944     55.316    28.5497    28.5457   5.865977   5.865824     3.1221     2.6508     100.00   27.03136  -89.98192    0.00054    0.00077         18  0.000e+00
