Gulf of Mexico/GOMECC-4/1db/rb2103_0221.cnv
* Sea-Bird SBE 9 Data File:
* FileName = C:\Users\scs.user.rb\CTD\GOMECC4\data\rb2103_0221.hex
* Software Version Seasave V 7.26.7.107
* Temperature SN = 4799
* Conductivity SN = 3860
* Number of Bytes Per Scan = 41
* Number of Voltage Words = 4
* Number of Scans Averaged by the Deck Unit = 1
* NMEA Latitude = 29 02.28 N
* NMEA Longitude = 085 46.96 W
* NMEA UTC (Time) = Sep 21 2021  00:10:54
* NMEA baud rate = 4800
# nquan = 28
# nvalues = 314                         
# units = specified
# name 0 = scan: Scan Count
# name 1 = timeS: Time, Elapsed [seconds]
# name 2 = depSM: Depth [salt water, m]
# name 3 = prDM: Pressure, Digiquartz [db]
# name 4 = t090C: Temperature [ITS-90, deg C]
# name 5 = t190C: Temperature, 2 [ITS-90, deg C]
# name 6 = c0S/m: Conductivity [S/m]
# name 7 = c1S/m: Conductivity, 2 [S/m]
# name 8 = sbeox0V: Oxygen raw, SBE 43 [V]
# name 9 = sbeox1V: Oxygen raw, SBE 43, 2 [V]
# name 10 = altM: Altimeter [m]
# name 11 = latitude: Latitude [deg]
# name 12 = longitude: Longitude [deg]
# name 13 = sbox0dV/dT: Oxygen, SBE 43 [dov/dt]
# name 14 = sbox1dV/dT: Oxygen, SBE 43, 2 [dov/dt]
# name 15 = sbeox0ML/L: Oxygen, SBE 43 [ml/l], WS = 5
# name 16 = sbeox1ML/L: Oxygen, SBE 43, 2 [ml/l], WS = 5
# name 17 = potemp090C: Potential Temperature [ITS-90, deg C]
# name 18 = potemp190C: Potential Temperature, 2 [ITS-90, deg C]
# name 19 = sal00: Salinity, Practical [PSU]
# name 20 = sal11: Salinity, Practical, 2 [PSU]
# name 21 = sigma-é00: Density [sigma-theta, kg/m^3]
# name 22 = sigma-é11: Density, 2 [sigma-theta, kg/m^3]
# name 23 = avgsvCM: Average Sound Velocity [Chen-Millero, m/s], minP = 20, minS = 20
# name 24 = sbox0Mm/Kg: Oxygen, SBE 43 [umol/kg], WS = 5
# name 25 = sbox1Mm/Kg: Oxygen, SBE 43, 2 [umol/kg], WS = 5
# name 26 = nbin: number of scans per bin
# name 27 = flag: flag
# span 0 =      20015,      63166       
# span 1 =    833.905,   2631.800       
# span 2 =      2.980,    181.688       
# span 3 =      3.000,    183.000       
# span 4 =    14.7998,    88.7556       
# span 5 =    14.7980,    88.7584       
# span 6 =   4.378343,  17.004284       
# span 7 =   4.378279,  17.004933       
# span 8 =     1.7991,     9.8022       
# span 9 =     1.4874,     8.3329       
# span 10 =       5.58,     249.50      
# span 11 =   28.70194,   90.89206      
# span 12 = -268.56629,  -84.80799      
# span 13 =   -0.03667,    0.02373      
# span 14 =   -0.03606,    0.02133      
# span 15 =     2.6132,    13.9518      
# span 16 =     2.6491,    13.9663      
# span 17 =    14.7732,    88.7517      
# span 18 =    14.7714,    88.7545      
# span 19 =    33.0312,   104.6038      
# span 20 =    33.0322,   104.6063      
# span 21 =    20.8467,    66.0181      
# span 22 =    20.8472,    66.0191      
# span 23 =       0.00,    1546.52      
# span 24 =    113.665,    610.223      
# span 25 =    115.226,    610.850      
# span 26 =         30,         76      
# span 27 = 0.0000e+00, 0.0000e+00      
# interval = decibars: 1                
# start_time = Sep 21 2021 00:10:54 [NMEA time, header]
# bad_flag = -9.990e-29
*END*
[from data line 52]
      22773    948.828     58.595     59.000    23.8447    23.8481   5.359931   5.360325     2.8988     2.4788      99.98   29.02683  -85.76807   -0.01259   -0.01084     4.3268     4.3670    23.8323    23.8356    36.2948    36.2951    24.6710    24.6702    1540.45    188.583    190.335         34 0.0000e+00
      22813    950.508     59.588     60.000    23.6249    23.6295   5.338789   5.339406     2.9273     2.5051     100.00   29.03274  -85.78552   -0.00032    0.00624     4.4016     4.4417    23.6124    23.6169    36.3158    36.3168    24.7528    24.7522    1540.65    191.829    193.574         36 0.0000e+00
      22846    951.872     60.581     61.000    23.5219    23.5236   5.328256   5.328625     2.9204     2.4944     100.00   29.03274  -85.78552    0.00958    0.01031     4.3968     4.4268    23.5092    23.5109    36.3193    36.3208    24.7859    24.7865    1540.53    191.613    192.918         30 0.0000e+00
      22876    953.140     61.574     62.000    23.3076    23.3102   5.302557   5.302952     2.9055     2.4786     100.00   29.03274  -85.78552    0.00023   -0.00255     4.3848     4.4086    23.2948    23.2974    36.2975    36.2984    24.8322    24.8321    1540.41    191.083    192.119         32 0.0000e+00
      22909    954.516     62.566     63.000    22.9726    22.9740   5.262528   5.262746     2.8599     2.4283     100.00   29.03274  -85.78552   -0.01431   -0.01666     4.3229     4.3255    22.9523    22.9611    36.2701    36.2708    24.9110    24.9112    1540.28    188.368    188.482         34 0.0000e+00
      22942    955.876     63.560     64.000    22.7208    22.7210   5.238084   5.238238     2.8112     2.3807     100.00   29.03274  -85.78552   -0.02719   -0.02896     4.2442     4.2381    22.7078    22.7079    36.2821    36.2833    24.9908    24.9916    1540.14    184.925    184.657         31 0.0000e+00
      22972    957.139     64.552     65.000    22.5010    22.5030   5.215692   5.216018     2.7652     2.3418     100.00   29.03272  -85.78552   -0.03667   -0.03606     4.1684     4.1675    22.4879    22.4899    36.2896    36.2905    25.0595    25.0596    1539.99    181.611    181.570         30 0.0000e+00
      23004    958.439     65.545     66.000    22.3578    22.3592   5.199829   5.200156     2.7282     2.3116     100.00   29.03272  -85.78552   -0.03596   -0.03186     4.1047     4.1107    22.3445    22.3459    36.2842    36.2856    25.0964    25.0970    1539.85    178.829    179.089         33 0.0000e+00
      23037    959.832     66.538     67.000    22.2758    22.2766   5.191174   5.191412     2.6962     2.2856     100.00   29.03272  -85.78552   -0.02923   -0.02417     4.0462     4.0588    22.2623    22.2631    36.2844    36.2856    25.1199    25.1206    1539.71    176.276    176.825         33 0.0000e+00
      23069    961.166     67.531     68.000    22.1972    22.1978   5.183417   5.183671     2.6739     2.2710     100.00   29.03272  -85.78552   -0.02299   -0.01797     4.0069     4.0319    22.1836    22.1842    36.2886    36.2901    25.1454    25.1464    1539.56    174.559    175.648         31 0.0000e+00
      23099    962.435     68.524     69.000    22.1155    22.1162   5.175912   5.176248     2.6584     2.2579     100.00   29.03272  -85.78552   -0.01767   -0.01289     3.9817     4.0084    22.1017    22.1024    36.2975    36.2987    25.1754    25.1761    1539.42    173.456    174.620         31 0.0000e+00
      23132    963.799     69.517     70.000    21.9645    21.9649   5.162187   5.162402     2.6409     2.2416     100.00   29.03272  -85.78552   -0.01349   -0.01089     3.9571     3.9823    21.9506    21.9510    36.3153    36.3166    25.2316    25.2324    1539.28    172.373    173.473         34 0.0000e+00
      23166    965.189     70.510     71.000    21.8694    21.8698   5.153410   5.153635     2.6225     2.2234     100.00   29.03272  -85.78552   -0.01272   -0.01193     3.9266     3.9480    21.8554    21.8557    36.3253    36.3268    25.2660    25.2670    1539.14    171.041    171.972         32 0.0000e+00
      23197    966.506     71.503     72.000    21.8090    21.8100   5.148153   5.148444     2.6088     2.2128     100.00   29.03272  -85.78552   -0.01263   -0.01166     3.9032     3.9284    21.7948    21.7958    36.3341    36.3355    25.2897    25.2905    1538.99    170.015    171.114         31 0.0000e+00
      23228    967.809     72.496     73.000    21.7650    21.7651   5.143940   5.144122     2.5971     2.2037      88.61   29.03272  -85.78552   -0.01097   -0.00942     3.8826     3.9113    21.7506    21.7507    36.3374    36.3387    25.3045    25.3055    1538.86    169.120    170.369         32 0.0000e+00
      23261    969.165     73.489     74.000    21.6319    21.6323   5.131905   5.132110     2.5825     2.1894      99.99   29.03272  -85.78552   -0.00957   -0.00783     3.8623     3.8881    21.6174    21.6178    36.3535    36.3548    25.3540    25.3549    1538.72    168.223    169.350         33 0.0000e+00
      23293    970.490     74.482     75.000    21.5368    21.5376   5.126410   5.126655     2.5629     2.1673     100.00   29.03272  -85.78552   -0.01106   -0.01099     3.8284     3.8436    21.5221    21.5229    36.3898    36.3910    25.4082    25.4089    1538.59    166.738    167.404         31 0.0000e+00
      23323    971.767     75.475     76.000    21.4817    21.4819   5.123823   5.124017     2.5408     2.1480     100.00   29.03272  -85.78552   -0.01432   -0.01495     3.7862     3.8034    21.4668    21.4670    36.4155    36.4168    25.4431    25.4441    1538.45    164.898    165.646         31 0.0000e+00
      23356    973.106     76.468     77.000    21.4533    21.4540   5.121767   5.122015     2.5221     2.1342      85.15   29.03272  -85.78552   -0.01592   -0.01448     3.7497     3.7742    21.4383    21.4390    36.4227    36.4241    25.4566    25.4574    1538.32    163.306    164.370         33 0.0000e+00
      23390    974.529     77.460     78.000    21.4186    21.4189   5.119272   5.119477     2.5081     2.1227      90.79   29.03272  -85.78551   -0.01383   -0.01070     3.7240     3.7512    21.4043    21.4038    36.4311    36.4325    25.4724    25.4733    1538.18    162.181    163.366         34 0.0000e+00
      23422    975.881     78.453     79.000    21.3692    21.3698   5.115218   5.115434     2.4955     2.1111     100.18   29.03272  -85.78550   -0.01051   -0.00841     3.7009     3.7275    21.3538    21.3544    36.4410    36.4422    25.4939    25.4947    1538.05    161.176    162.332         30 0.0000e+00
      23479    978.246     80.439     81.000    21.1422    21.1428   5.096581   5.096815     2.4509     2.0651      35.23   29.02766  -85.77055   -0.01261   -0.01266     3.6236     3.6367    21.1265    21.1271    36.4816    36.4830    25.5870    25.5879    1537.53    157.793    158.362         35 0.0000e+00
      23519    979.901     81.432     82.000    21.0796    21.0806   5.090352   5.090583     2.4201     2.0381     101.13   29.03272  -85.78550   -0.01979   -0.01932     3.5640     3.5792    21.0637    21.0647    36.4869    36.4879    25.6089    25.6094    1537.67    155.192    155.854         35 0.0000e+00
      23607    983.563     84.411     85.000    20.7018    20.7023   5.049849   5.050082     2.3511     1.9745      99.98   29.02721  -85.76922   -0.01785   -0.01657     3.4458     3.4575    20.6856    20.6861    36.4792    36.4806    25.7056    25.7066    1536.99    150.031    150.542         35 0.0000e+00
      23645    985.180     85.403     86.000    20.6765    20.6770   5.047771   5.047984     2.3352     1.9623     100.00   29.03272  -85.78550   -0.01722   -0.01578     3.4142     3.4312    20.6602    20.6606    36.4861    36.4875    25.7185    25.7194    1537.16    148.657    149.396         33 0.0000e+00
      23677    986.498     86.396     87.000    20.6161    20.6164   5.041282   5.041476     2.3245     1.9555      99.95   29.03272  -85.78550   -0.01260   -0.01021     3.3960     3.4197    20.5996    20.5999    36.4850    36.4863    25.7340    25.7349    1537.04    147.861    148.894         31 0.0000e+00
      23708    987.774     87.389     88.000    20.3991    20.4130   5.019930   5.019595     2.3111     1.9439      98.98   29.03272  -85.78550   -0.00932   -0.00683     3.3769     3.4016    20.3825    20.3964    36.4721    36.4741    25.7828    25.7805    1536.93    147.022    148.099         31 0.0000e+00
      23740    989.115     88.382     89.000    20.1944    20.1948   4.994587   4.994755     2.2860     1.9182      98.09   29.03272  -85.78550   -0.01165   -0.01015     3.3433     3.3600    20.1777    20.1781    36.4661    36.4673    25.8332    25.8340    1536.78    145.554    146.279         33 0.0000e+00
      23773    990.484     89.375     90.000    20.1126    20.1130   4.986536   4.986732     2.2570     1.8898      97.28   29.03272  -85.78550   -0.01740   -0.01723     3.2869     3.2987    20.0957    20.0962    36.4707    36.4719    25.8586    25.8593    1536.65    143.093    143.605         32 0.0000e+00
      23805    991.848     90.368     91.000    20.0329    20.0350   4.979116   4.979353     2.2342     1.8698      93.69   29.03272  -85.78550   -0.01971   -0.01930     3.2461     3.2587    20.0188    20.0183    36.4758    36.4770    25.8830    25.8837    1536.54    141.312    141.863         33 0.0000e+00
      23838    993.193     91.360     92.000    19.9542    19.9543   4.971340   4.971511     2.2142     1.8523      95.22   29.03272  -85.78550   -0.01744   -0.01575     3.2060     3.2206    19.9371    19.9372    36.4822    36.4835    25.9095    25.9105    1536.38    139.564    140.198         32 0.0000e+00
      23869    994.493     92.353     93.000    19.9289    19.9294   4.969687   4.969910     2.1977     1.8381      94.29   29.03272  -85.78550   -0.01490   -0.01300     3.1723     3.1889    19.9116    19.9121    36.4901    36.4915    25.9224    25.9233    1536.25    138.096    138.820         31 0.0000e+00
      23900    995.776     93.346     94.000    19.9153    19.9160   4.969078   4.969317     2.1864     1.8296      93.23   29.03272  -85.78550   -0.01267   -0.01069     3.1492     3.1700    19.8979    19.8986    36.4965    36.4978    25.9309    25.9317    1536.13    137.088    137.991         31 0.0000e+00
      23931    997.097     94.339     95.000    19.9090    19.9092   4.968946   4.969134     2.1796     1.8250      92.39   29.03272  -85.78550   -0.00909   -0.00717     3.1353     3.1597    19.8914    19.8916    36.5005    36.5019    25.9357    25.9367    1536.01    136.485    137.544         32 0.0000e+00
      23963    998.434     95.332     96.000    19.8632    19.8643   4.964790   4.965107     2.1724     1.8217      91.46   29.03272  -85.78550   -0.00613   -0.00408     3.1231     3.1549    19.8454    19.8466    36.5057    36.5073    25.9518    25.9527    1535.88    135.948    137.334         32 0.0000e+00
      23996    999.810     96.325     97.000    19.8104    19.8123   4.959267   4.959365     2.1643     1.8136      90.25   29.03272  -85.78550   -0.00542   -0.00344     3.1092     3.1394    19.7944    19.7948    36.5038    36.5049    25.9639    25.9648    1535.76    135.345    136.657         34 0.0000e+00
      24029   1001.180     97.317     98.000    19.7755    19.7762   4.954913   4.955175     2.1571     1.8063      89.31   29.03272  -85.78550   -0.00563   -0.00492     3.0963     3.1245    19.7574    19.7581    36.4996    36.5011    25.9704    25.9714    1535.64    134.779    136.007         31 0.0000e+00
      24060   1002.469     98.310     99.000    19.7474    19.7485   4.951649   4.951921     2.1507     1.8007      88.39   29.03272  -85.78551   -0.00543   -0.00541     3.0848     3.1135    19.7292    19.7302    36.4966    36.4980    25.9756    25.9763    1535.52    134.278    135.527         31 0.0000e+00
      24091   1003.766     99.303    100.000    19.7036    19.7031   4.946734   4.946927     2.1466     1.7973      87.32   29.03272  -85.78552   -0.00461   -0.00427     3.0794     3.1084    19.6852    19.6847    36.4943    36.4956    25.9854    25.9865    1535.41    134.041    135.303         32 0.0000e+00
      24124   1005.115    100.296    101.000    19.6386    19.6392   4.942074   4.942285     2.1406     1.7920      86.35   29.03272  -85.78552   -0.00393   -0.00333     3.0700     3.0995    19.6201    19.6206    36.5114    36.5126    26.0156    26.0164    1535.29    133.631    134.914         33 0.0000e+00
      24157   1006.491    101.288    102.000    19.6250    19.6261   4.941163   4.941417     2.1345     1.7871      85.44   29.03272  -85.78552   -0.00420   -0.00357     3.0579     3.0889    19.6063    19.6073    36.5153    36.5165    26.0222    26.0229    1535.18    133.102    134.452         33 0.0000e+00
      24189   1007.834    102.281    103.000    19.5632    19.5652   4.933628   4.934047     2.1297     1.7828      84.37   29.03272  -85.78552   -0.00422   -0.00358     3.0528     3.0838    19.5435    19.5466    36.5071    36.5084    26.0324    26.0328    1535.10    132.878    134.227         31 0.0000e+00
      24220   1009.116    103.274    104.000    19.4025    19.4024   4.914620   4.914730     2.1211     1.7723      83.43   29.03272  -85.78552   -0.00436   -0.00426     3.0438     3.0679    19.3835    19.3835    36.4882    36.4891    26.0598    26.0605    1534.96    132.484    133.533         31 0.0000e+00
      24250   1010.393    104.267    105.000    19.3024    19.3029   4.902988   4.903141     2.1097     1.7608      82.53   29.03272  -85.78552   -0.00618   -0.00683     3.0256     3.0467    19.2833    19.2839    36.4783    36.4791    26.0783    26.0788    1534.84    131.689    132.608         31 0.0000e+00
      24282   1011.719    105.260    106.000    19.2065    19.2073   4.892364   4.892592     2.0965     1.7485      81.48   29.03272  -85.78552   -0.00855   -0.00887     3.0029     3.0233    19.1873    19.1882    36.4732    36.4743    26.0993    26.1000    1534.73    130.700    131.584         32 0.0000e+00
      24316   1013.116    106.253    107.000    19.0861    19.0866   4.878521   4.878665     2.0824     1.7368      80.42   29.03272  -85.78552   -0.00973   -0.00892     2.9800     3.0027    19.0668    19.0673    36.4625    36.4632    26.1222    26.1227    1534.61    129.697    130.687         34 0.0000e+00
      24349   1014.490    107.245    108.000    18.8778    18.8789   4.854592   4.854769     2.0664     1.7223      79.54   29.03272  -85.78552   -0.01039   -0.00907     2.9581     2.9802    18.8585    18.8596    36.4439    36.4445    26.1617    26.1618    1534.49    128.739    129.705         32 0.0000e+00
      24380   1015.785    108.238    109.000    18.7873    18.7874   4.844780   4.844927     2.0502     1.7074      78.53   29.03272  -85.78552   -0.01152   -0.01027     2.9283     2.9501    18.7679    18.7680    36.4406    36.4417    26.1823    26.1831    1534.37    127.441    128.388         31 0.0000e+00
      24412   1017.111    109.231    110.000    18.6954    18.6961   4.834044   4.834208     2.0376     1.6963      77.64   29.03272  -85.78552   -0.01137   -0.01045     2.9070     2.9293    18.6759    18.6765    36.4305    36.4313    26.1980    26.1984    1534.25    126.512    127.481         33 0.0000e+00
      24444   1018.478    110.223    111.000    18.5119    18.5132   4.813989   4.814230     2.0279     1.6882      76.62   29.03272  -85.78552   -0.00955   -0.00847     2.8962     2.9200    18.4923    18.4936    36.4223    36.4232    26.2384    26.2387    1534.13    126.037    127.072         32 0.0000e+00
      24475   1019.757    111.216    112.000    18.4227    18.4237   4.804354   4.804551     2.0235     1.6872      75.55   29.03272  -85.78552   -0.00729   -0.00572     2.8921     2.9230    18.4030    18.4040    36.4190    36.4198    26.2584    26.2588    1534.01    125.858    127.200         30 0.0000e+00
