Gulf of Mexico/GOMECC-4/1db/rb2103_1171.cnv
* Sea-Bird SBE 9 Data File:
* FileName = C:\Users\scs.user.rb\CTD\GOMECC4\data\rb2103_1171.hex
* Software Version Seasave V 7.26.7.107
* Temperature SN = 4799
* Conductivity SN = 3860
* Number of Bytes Per Scan = 41
* Number of Voltage Words = 4
* Number of Scans Averaged by the Deck Unit = 1
* NMEA Latitude = 21 35.45 N
* NMEA Longitude = 086 30.17 W
* NMEA UTC (Time) = Oct 15 2021  23:00:47
* NMEA baud rate = 4800
# nquan = 28
# nvalues = 73                          
# units = specified
# name 0 = scan: Scan Count
# name 1 = timeS: Time, Elapsed [seconds]
# name 2 = depSM: Depth [salt water, m]
# name 3 = prDM: Pressure, Digiquartz [db]
# name 4 = t090C: Temperature [ITS-90, deg C]
# name 5 = t190C: Temperature, 2 [ITS-90, deg C]
# name 6 = c0S/m: Conductivity [S/m]
# name 7 = c1S/m: Conductivity, 2 [S/m]
# name 8 = sbeox0V: Oxygen raw, SBE 43 [V]
# name 9 = sbeox1V: Oxygen raw, SBE 43, 2 [V]
# name 10 = altM: Altimeter [m]
# name 11 = latitude: Latitude [deg]
# name 12 = longitude: Longitude [deg]
# name 13 = sbox0dV/dT: Oxygen, SBE 43 [dov/dt]
# name 14 = sbox1dV/dT: Oxygen, SBE 43, 2 [dov/dt]
# name 15 = sbeox0ML/L: Oxygen, SBE 43 [ml/l], WS = 5
# name 16 = sbeox1ML/L: Oxygen, SBE 43, 2 [ml/l], WS = 5
# name 17 = potemp090C: Potential Temperature [ITS-90, deg C]
# name 18 = potemp190C: Potential Temperature, 2 [ITS-90, deg C]
# name 19 = sal00: Salinity, Practical [PSU]
# name 20 = sal11: Salinity, Practical, 2 [PSU]
# name 21 = sigma-é00: Density [sigma-theta, kg/m^3]
# name 22 = sigma-é11: Density, 2 [sigma-theta, kg/m^3]
# name 23 = avgsvCM: Average Sound Velocity [Chen-Millero, m/s], minP = 20, minS = 20
# name 24 = sbox0Mm/Kg: Oxygen, SBE 43 [umol/kg], WS = 5
# name 25 = sbox1Mm/Kg: Oxygen, SBE 43, 2 [umol/kg], WS = 5
# name 26 = nbin: number of scans per bin
# name 27 = flag: flag
# span 0 =      10659,      71488       
# span 1 =    444.084,   2978.377       
# span 2 =      0.994,     52.664       
# span 3 =      1.000,     53.000       
# span 4 =    20.4858,   199.9093       
# span 5 =    20.4869,   199.9034       
# span 6 =   5.024547,  40.113460       
# span 7 =   5.024587,  40.114249       
# span 8 =     2.3618,    21.2843       
# span 9 =     1.9815,    15.3931       
# span 10 =       8.61,     368.65      
# span 11 =   21.26592,  144.24529      
# span 12 = -577.89440,  -85.19306      
# span 13 =   -0.03487,    0.02071      
# span 14 =   -0.03049,    0.01310      
# span 15 =     3.4693,    29.1635      
# span 16 =     3.4734,    24.7992      
# span 17 =    20.4760,   199.9008      
# span 18 =    20.4772,   199.8949      
# span 19 =    35.6507,   241.8381      
# span 20 =    35.6509,   241.8479      
# span 21 =    22.3649,   151.3339      
# span 22 =    22.3649,   151.3433      
# span 23 =       0.00,    1551.42      
# span 24 =    151.047,   1273.590      
# span 25 =    151.226,   1083.002      
# span 26 =         30,         69      
# span 27 = 0.0000e+00, 0.0000e+00      
# interval = decibars: 1                
# start_time = Oct 15 2021 23:00:47 [NMEA time, header]
# bad_flag = -9.990e-29
*END*
[from data line 52]
      21387    891.073     37.761     38.000    22.5925    22.6170   5.273505   5.277391     2.5190     2.1192      23.34   21.69294  -86.90558    0.00107    0.00148     3.6417     3.6429    22.5848    22.6093    36.7321    36.7137    25.3855    25.3626    1546.65    158.628    158.684         40 0.0000e+00
      21362    890.058     36.767     37.000    22.6625    22.6412   5.266038   5.263301     2.5178     2.1156      24.03   21.59254  -86.50336    0.00279    0.00238     3.6350     3.6327    22.6550    22.6337    36.5586    36.5549    25.2160    25.2193    1539.49    158.344    158.245         33 0.0000e+00
      21464    894.282     34.780     35.000    23.8207    23.6223   5.364906   5.358641     2.5810     2.1654      25.69   21.51094  -86.17643    0.01178    0.00950     3.6763     3.6819    23.7905    23.6149    36.4386    36.4689    24.7833    24.8591    1533.67    160.206    160.440         39 0.0000e+00
      21663    902.601     33.786     34.000    24.9697    24.6905   5.501294   5.464959     2.6918     2.2307      26.89   21.59256  -86.50336    0.02071    0.01310     3.8143     3.7602    24.9559    24.6833    36.4630    36.4294    24.4609    24.5247    1539.49    166.278    163.906         39 0.0000e+00
      21759    906.587     32.792     33.000    25.0650    24.8800   5.508849   5.492775     2.7232     2.2774      27.84   21.59257  -86.50336    0.00647    0.01066     3.8761     3.8377    25.0584    24.8728    36.4357    36.4668    24.4088    24.4887    1539.49    168.981    167.296         40 0.0000e+00
      21850    910.395     30.805     31.000    25.6032    26.2963   5.558547   5.620961     2.7531     2.3507      29.54   21.49970  -86.13122    0.00730    0.01009     3.8933     3.9051    25.6041    26.2892    36.3234    36.2357    24.1417    23.8597    1532.87    169.765    170.323         33 0.0000e+00
      24212   1008.785     27.824     28.000    28.1088    28.1045   5.818259   5.817252     2.9808     2.5104      32.65   21.58255  -86.46230    0.00021   -0.00037     4.1425     4.1122    28.1021    28.0978    36.2795    36.2709    23.3227    23.3161    1538.76    180.789    179.464         30 0.0000e+00
      24318   1013.200     26.831     27.000    28.1616    28.2384   5.823600   5.829820     2.9860     2.5202      33.62   21.59280  -86.50338    0.00089    0.00258     4.1464     4.1252    28.1552    28.2319    36.2799    36.2787    23.3065    23.2802    1539.49    180.963    180.038         44 0.0000e+00
      24412   1017.135     25.837     26.000    28.3304    28.4946   5.841035   5.857707     2.9924     2.5301      34.57   21.59282  -86.50338    0.00133    0.00288     4.1453     4.1264    28.3142    28.4884    36.2807    36.2583    23.2545    23.1787    1539.49    180.923    180.111         37 0.0000e+00
      24510   1021.222     24.844     25.000    28.6362    28.7323   5.871258   5.881640     3.0248     2.5590      35.59   21.59282  -86.50338    0.00548    0.00630     4.1819     4.1673    28.6298    28.7263    36.2507    36.2493    23.1273    23.0940    1539.49    182.540    181.911         63 0.0000e+00
      24664   1027.622     22.856     23.000    29.1366    29.1003   5.916915   5.913845     3.0681     2.5865      37.43   21.56165  -86.37844    0.00537    0.00306     4.2215     4.1949    29.1306    29.0947    36.1619    36.1657    22.8849    22.8986    1537.27    184.309    183.144         63 0.0000e+00
      25105   1045.983     20.869     21.000    29.5919    29.5296   5.990836   5.989419     3.1333     2.6432      39.89   21.76020  -87.17377    0.00208    0.00315     4.3124     4.2844    29.5868    29.5245    36.4883    36.4468    23.0272    23.0095    1551.42    188.291    187.066         42 0.0000e+00
      26121   1088.350     16.894     17.000    29.2583    29.2765   5.890538   5.892575     3.1208     2.6276      42.50   21.26592  -85.19306    0.00068   -0.00084     4.2916     4.2472    29.2541    29.2723    35.6507    35.6509    22.3823    22.3763    1516.17    187.402    185.466         33 0.0000e+00
      26671   1111.266     15.900     16.000    29.7427    29.8250   5.984842   5.993466     3.1716     2.6739      44.41   21.59300  -86.50340    0.00115   -0.00041     4.3587     4.3166    29.7388    29.8211    36.1988    36.1959    22.7146    22.6843    1539.49    190.338    188.504         45 0.0000e+00
      26776   1115.607     14.906     15.000    29.7548    29.7951   5.986076   5.990897     3.1742     2.6817      45.37   21.59302  -86.50340    0.00130    0.00015     4.3627     4.3342    29.7511    29.7914    36.1985    36.2003    22.7101    22.6978    1539.49    190.510    189.269         35 0.0000e+00
      26890   1120.369     13.913     14.000    29.7806    29.8311   5.988776   5.994258     3.1731     2.6800      46.17   21.59302  -86.50340   -0.00087    0.00003     4.3581     4.3270    29.7772    29.8276    36.1978    36.1975    22.7007    22.6833    1539.49    190.313    188.958         38 0.0000e+00
      29268   1219.455      6.957      7.000    29.6025    29.6074   5.940898   5.941677     3.1499     2.6577      52.46   21.36837  -85.60256    0.00113   -0.00047     4.3167     4.2833    29.6007    29.6057    35.8229    35.8243    22.4202    22.4195    1523.46    188.515    187.054         30 0.0000e+00
      29657   1235.658      4.969      5.000    29.6247    29.6252   5.945035   5.945296     3.1529     2.6613      54.50   21.38257  -85.65937   -0.00014    0.00073     4.3197     4.2889    29.6235    29.6240    35.8464    35.8480    22.4338    22.4348    1524.47    188.645    187.299         30 0.0000e+00
      32022   1334.213      2.981      3.000    29.9142    29.9151   6.003358   6.003637     3.1857     2.6859      54.68   21.59340  -86.50339    0.00047   -0.00045     4.3645     4.3271    29.9135    29.9144    36.2003    36.2015    22.6560    22.6566    1539.49    190.600    188.966         45 0.0000e+00
      34408   1433.611      1.987      2.000    29.9107    29.9100   6.002920   6.003053     3.1846     2.6862      57.63   21.59356  -86.50340    0.00068   -0.00123     4.3622     4.3274    29.9102    29.9095    36.2003    36.2016    22.6571    22.6584    1539.49    190.500    188.979         50 0.0000e+00
      34237   1426.512      0.994      1.000    29.9108    29.9104   6.002897   6.003047     3.1838     2.6856      54.47   21.59354  -86.50340   -0.00049   -0.00049     4.3603     4.3257    29.9105    29.9102    36.2003    36.2016    22.6570    22.6581    1539.49    190.417    188.905         46 0.0000e+00
