Gulf of Mexico/GOMECC-4/1db/rb2103_0221.ros
* Sea-Bird SBE 9 Data File:
* FileName = C:\Users\scs.user.rb\CTD\GOMECC4\data\rb2103_0221.hex
* Software Version Seasave V 7.26.7.107
* Temperature SN = 4799
* Conductivity SN = 3860
* Number of Bytes Per Scan = 41
* Number of Voltage Words = 4
* Number of Scans Averaged by the Deck Unit = 1
* NMEA Latitude = 29 02.28 N
* NMEA Longitude = 085 46.96 W
* NMEA UTC (Time) = Sep 21 2021  00:10:54
* NMEA baud rate = 4800
# nquan = 17
# nvalues = 1330                                  
# units = specified
# name 0 = scan: Scan Count
# name 1 = timeS: Time, Elapsed [seconds]
# name 2 = depSM: Depth [salt water, m]
# name 3 = prDM: Pressure, Digiquartz [db]
# name 4 = t090C: Temperature [ITS-90, deg C]
# name 5 = t190C: Temperature, 2 [ITS-90, deg C]
# name 6 = c0S/m: Conductivity [S/m]
# name 7 = c1S/m: Conductivity, 2 [S/m]
# name 8 = sbeox0V: Oxygen raw, SBE 43 [V]
# name 9 = sbeox1V: Oxygen raw, SBE 43, 2 [V]
# name 10 = altM: Altimeter [m]
# name 11 = latitude: Latitude [deg]
# name 12 = longitude: Longitude [deg]
# name 13 = sbox0dV/dT: Oxygen, SBE 43 [dov/dt]
# name 14 = sbox1dV/dT: Oxygen, SBE 43, 2 [dov/dt]
# name 15 = nbf: Bottles Fired
# name 16 = flag:  0.000e+00
# interval = seconds: 0.0416667
# start_time = Sep 21 2021 00:10:54 [NMEA time, header]
# bad_flag = -9.990e-29
*END*
[from data line 1107]
      52026   2167.708     10.263     10.332    28.3427    28.3402   5.432591   5.432171     3.1233     2.6618      82.05   29.03258  -85.78548    0.00068   -0.00054          9  0.000e+00
      52027   2167.750     10.225     10.294    28.3426    28.3403   5.432660   5.432132     3.1221     2.6606      82.05   29.03258  -85.78548    0.00059   -0.00055          9  0.000e+00
      52028   2167.792     10.315     10.386    28.3426    28.3412   5.432683   5.432194     3.1221     2.6606      82.05   29.03258  -85.78548    0.00049   -0.00055          9  0.000e+00
      52029   2167.833     10.263     10.332    28.3427    28.3418   5.432714   5.432272     3.1221     2.6606      82.05   29.03258  -85.78548    0.00040   -0.00058          9  0.000e+00
      52030   2167.875     10.278     10.348    28.3424    28.3418   5.432729   5.432295     3.1221     2.6606      82.05   29.03258  -85.78548    0.00031   -0.00059          9  0.000e+00
      52031   2167.917     10.263     10.332    28.3429    28.3418   5.432799   5.432233     3.1221     2.6606      82.05   29.03258  -85.78548    0.00022   -0.00061          9  0.000e+00
      52032   2167.958     10.278     10.348    28.3433    28.3415   5.432914   5.432179     3.1221     2.6606      82.05   29.03258  -85.78548    0.00013   -0.00064          9  0.000e+00
      52033   2168.000     10.315     10.386    28.3436    28.3411   5.433052   5.432171     3.1209     2.6606      82.05   29.03258  -85.78548    0.00003   -0.00066          9  0.000e+00
      52034   2168.042     10.225     10.294    28.3433    28.3409   5.433052   5.432101     3.1209     2.6606      82.05   29.03258  -85.78548   -0.00008   -0.00069          9  0.000e+00
      52035   2168.083     10.315     10.386    28.3433    28.3404   5.432975   5.432008     3.1209     2.6606      82.05   29.03258  -85.78548   -0.00018   -0.00071          9  0.000e+00
      52036   2168.125     10.278     10.348    28.3432    28.3396   5.433067   5.432047     3.1221     2.6606      82.05   29.03258  -85.78548   -0.00027   -0.00074          9  0.000e+00
      52037   2168.167     10.263     10.332    28.3433    28.3396   5.433328   5.431977     3.1209     2.6606      82.05   29.03258  -85.78548   -0.00037   -0.00076          9  0.000e+00
      52038   2168.208     10.278     10.348    28.3436    28.3392   5.433673   5.431946     3.1209     2.6593      90.31   29.03258  -85.78548   -0.00048   -0.00080          9  0.000e+00
      52039   2168.250     10.316     10.386    28.3435    28.3392   5.433858   5.431977     3.1221     2.6606      98.95   29.03258  -85.78548   -0.00056   -0.00083          9  0.000e+00
      52040   2168.292     10.338     10.408    28.3436    28.3392   5.433658   5.431992     3.1221     2.6606     100.00   29.03258  -85.78548   -0.00063   -0.00085          9  0.000e+00
      52041   2168.333     10.263     10.332    28.3435    28.3398   5.433205   5.432016     3.1221     2.6606     100.00   29.03258  -85.78548   -0.00070   -0.00086          9  0.000e+00
      52042   2168.375     10.338     10.408    28.3432    28.3398   5.432814   5.432031     3.1221     2.6606     100.00   29.03258  -85.78548   -0.00076   -0.00089          9  0.000e+00
      52043   2168.417     10.263     10.332    28.3427    28.3407   5.432522   5.432194     3.1221     2.6606     100.00   29.03258  -85.78548   -0.00083   -0.00089          9  0.000e+00
      52044   2168.458     10.338     10.409    28.3429    28.3424   5.432423   5.432358     3.1233     2.6606     100.00   29.03258  -85.78548   -0.00087   -0.00090          9  0.000e+00
      52045   2168.500     10.316     10.386    28.3427    28.3436   5.432346   5.432490     3.1233     2.6606     100.00   29.03258  -85.78548   -0.00092   -0.00090          9  0.000e+00
      52046   2168.542     10.316     10.386    28.3429    28.3446   5.432353   5.432599     3.1233     2.6606     100.00   29.03258  -85.78548   -0.00097   -0.00091          9  0.000e+00
      52047   2168.583     10.338     10.409    28.3430    28.3451   5.432369   5.432645     3.1233     2.6618     100.00   29.03258  -85.78548   -0.00100   -0.00090          9  0.000e+00
      52048   2168.625     10.316     10.386    28.3429    28.3450   5.432369   5.432630     3.1233     2.6618     100.00   29.03258  -85.78548   -0.00104   -0.00088          9  0.000e+00
      52049   2168.667     10.278     10.348    28.3429    28.3450   5.432330   5.432583     3.1233     2.6618     100.00   29.03258  -85.78548   -0.00109   -0.00087          9  0.000e+00
      52050   2168.708     10.376     10.447    28.3427    28.3444   5.432254   5.432560     3.1233     2.6630     100.00   29.03258  -85.78548   -0.00111   -0.00086          9  0.000e+00
      52051   2168.750     10.338     10.409    28.3421    28.3440   5.432231   5.432498     3.1245     2.6630     100.00   29.03258  -85.78548   -0.00112   -0.00083          9  0.000e+00
      52052   2168.792     10.316     10.386    28.3422    28.3439   5.432192   5.432443     3.1245     2.6642     100.00   29.03258  -85.78548   -0.00113   -0.00078          9  0.000e+00
      52053   2168.833     10.391     10.462    28.3424    28.3435   5.432284   5.432404     3.1245     2.6654     100.00   29.03258  -85.78548   -0.00114   -0.00072          9  0.000e+00
      52054   2168.875     10.316     10.386    28.3425    28.3436   5.432284   5.432358     3.1245     2.6630     100.00   29.03258  -85.78548   -0.00114   -0.00070          9  0.000e+00
      52055   2168.917     10.338     10.409    28.3424    28.3435   5.432292   5.432412     3.1245     2.6630     100.00   29.03258  -85.78548   -0.00115   -0.00067          9  0.000e+00
      52056   2168.958     10.376     10.447    28.3425    28.3438   5.432315   5.432436     3.1245     2.6642     100.00   29.03258  -85.78548   -0.00116   -0.00063          9  0.000e+00
      52057   2169.000     10.338     10.409    28.3426    28.3440   5.432353   5.432467     3.1245     2.6654     100.00   29.03258  -85.78548   -0.00116   -0.00055          9  0.000e+00
      52058   2169.042     10.376     10.447    28.3430    28.3442   5.432369   5.432474     3.1258     2.6654     100.00   29.03258  -85.78548   -0.00115   -0.00047          9  0.000e+00
      52059   2169.083     10.338     10.409    28.3427    28.3444   5.432438   5.432513     3.1258     2.6654     100.00   29.03258  -85.78548   -0.00114   -0.00039          9  0.000e+00
      52060   2169.125     10.376     10.447    28.3427    28.3446   5.432461   5.432490     3.1258     2.6654     100.00   29.03258  -85.78548   -0.00113   -0.00032          9  0.000e+00
      52061   2169.167     10.225     10.295    28.3430    28.3444   5.432492   5.432513     3.1258     2.6654     100.00   29.03258  -85.78548   -0.00112   -0.00022          9  0.000e+00
      52062   2169.208     10.482     10.553    28.3429    28.3446   5.432469   5.432529     3.1245     2.6642     100.00   29.03258  -85.78548   -0.00113   -0.00017          9  0.000e+00
      52063   2169.250     10.376     10.447    28.3430    28.3444   5.432423   5.432529     3.1245     2.6630     100.00   29.03258  -85.78548   -0.00113   -0.00013          9  0.000e+00
      52064   2169.292     10.391     10.462    28.3433    28.3448   5.432377   5.432490     3.1245     2.6642     100.00   29.03258  -85.78548   -0.00115   -0.00005          9  0.000e+00
      52065   2169.333     10.376     10.447    28.3430    28.3446   5.432330   5.432505     3.1245     2.6630     100.00   29.03258  -85.78548   -0.00118    0.00002          9  0.000e+00
      52066   2169.375     10.338     10.409    28.3426    28.3448   5.432284   5.432560     3.1245     2.6630     100.00   29.03258  -85.78548   -0.00118    0.00008          9  0.000e+00
      52067   2169.417     10.429     10.500    28.3421    28.3451   5.432208   5.432638     3.1245     2.6618     100.00   29.03258  -85.78548   -0.00119    0.00014          9  0.000e+00
      52068   2169.458     10.338     10.409    28.3418    28.3453   5.432154   5.432661     3.1258     2.6630     100.00   29.03258  -85.78548   -0.00118    0.00022          9  0.000e+00
      52069   2169.500     10.376     10.447    28.3418    28.3457   5.432146   5.432692     3.1245     2.6618     100.00   29.03258  -85.78548   -0.00118    0.00028          9  0.000e+00
      52070   2169.542     10.391     10.462    28.3418    28.3459   5.432146   5.432739     3.1245     2.6618     100.00   29.03258  -85.78548   -0.00119    0.00034          9  0.000e+00
      52071   2169.583     10.376     10.447    28.3422    28.3459   5.432169   5.432754     3.1245     2.6618     100.00   29.03258  -85.78548   -0.00119    0.00040          9  0.000e+00
      52072   2169.625     10.391     10.462    28.3423    28.3464   5.432162   5.432817     3.1245     2.6618     100.00   29.03258  -85.78548   -0.00118    0.00047          9  0.000e+00
      52073   2169.667     10.376     10.447    28.3424    28.3466   5.432177   5.432832     3.1245     2.6606     100.00   29.03258  -85.78548   -0.00116    0.00051          9  0.000e+00
      52074   2169.708     10.391     10.462    28.3425    28.3464   5.432185   5.432809     3.1245     2.6606     100.00   29.03258  -85.78548   -0.00114    0.00056          9  0.000e+00
      52075   2169.750     10.376     10.447    28.3424    28.3464   5.432254   5.432762     3.1245     2.6606     100.00   29.03258  -85.78548   -0.00113    0.00060          9  0.000e+00
      52076   2169.792     10.391     10.462    28.3426    28.3466   5.432208   5.432754     3.1245     2.6606     100.00   29.03258  -85.78548   -0.00111    0.00061          9  0.000e+00
      52077   2169.833     10.376     10.447    28.3425    28.3463   5.432215   5.432715     3.1245     2.6606     100.00   29.03258  -85.78548   -0.00109    0.00063          9  0.000e+00
      52078   2169.875     10.429     10.500    28.3426    28.3460   5.432231   5.432708     3.1245     2.6606     100.00   29.03258  -85.78548   -0.00108    0.00065          9  0.000e+00
      52079   2169.917     10.338     10.409    28.3427    28.3463   5.432231   5.432778     3.1245     2.6606     100.00   29.03258  -85.78548   -0.00106    0.00065          9  0.000e+00
      52080   2169.958     10.429     10.500    28.3427    28.3466   5.432231   5.432863     3.1245     2.6606     100.00   29.03258  -85.78548   -0.00102    0.00065          9  0.000e+00
      52081   2170.000     10.391     10.462    28.3430    28.3475   5.432231   5.432980     3.1233     2.6618     100.00   29.03258  -85.78548   -0.00100    0.00066          9  0.000e+00
      52082   2170.042     10.376     10.447    28.3429    28.3488   5.432261   5.433120     3.1233     2.6618     100.00   29.03258  -85.78548   -0.00098    0.00068          9  0.000e+00
      52083   2170.083     10.391     10.462    28.3429    28.3490   5.432238   5.433159     3.1233     2.6618     100.00   29.03258  -85.78548   -0.00095    0.00070          9  0.000e+00
      52084   2170.125     10.376     10.447    28.3433    28.3481   5.432261   5.433019     3.1245     2.6618     100.00   29.03258  -85.78548   -0.00091    0.00072          9  0.000e+00
      52085   2170.167     10.391     10.462    28.3433    28.3477   5.432307   5.432910     3.1233     2.6618     100.00   29.03258  -85.78548   -0.00088    0.00074          9  0.000e+00
      52086   2170.208     10.376     10.447    28.3432    28.3474   5.432392   5.432817     3.1245     2.6630      99.73   29.03258  -85.78548   -0.00084    0.00077          9  0.000e+00
      52087   2170.250     10.391     10.462    28.3435    28.3470   5.432377   5.432824     3.1245     2.6642      97.75   29.03258  -85.78548   -0.00081    0.00081          9  0.000e+00
      52088   2170.292     10.376     10.447    28.3438    28.3470   5.432346   5.432809     3.1245     2.6618      96.80   29.03258  -85.78548   -0.00078    0.00081          9  0.000e+00
      52089   2170.333     10.391     10.462    28.3438    28.3466   5.432361   5.432824     3.1245     2.6642      96.73   29.03258  -85.78548   -0.00073    0.00086          9  0.000e+00
      52090   2170.375     10.376     10.447    28.3438    28.3463   5.432369   5.432739     3.1245     2.6642      96.83   29.03258  -85.78548   -0.00068    0.00091          9  0.000e+00
      52091   2170.417     10.339     10.409    28.3438    28.3466   5.432369   5.432778     3.1245     2.6618      96.87   29.03258  -85.78548   -0.00063    0.00091          9  0.000e+00
      52092   2170.458     10.429     10.500    28.3438    28.3466   5.432330   5.432824     3.1245     2.6642      96.87   29.03258  -85.78548   -0.00060    0.00094          9  0.000e+00
      52093   2170.500     10.316     10.386    28.3438    28.3466   5.432392   5.432809     3.1245     2.6654      96.87   29.03258  -85.78548   -0.00057    0.00099          9  0.000e+00
      52094   2170.542     10.391     10.462    28.3438    28.3466   5.432377   5.432762     3.1245     2.6630      96.87   29.03258  -85.78548   -0.00053    0.00100          9  0.000e+00
      52095   2170.583     10.376     10.447    28.3440    28.3468   5.432369   5.432817     3.1258     2.6642      96.87   29.03258  -85.78548   -0.00048    0.00103          9  0.000e+00
      52096   2170.625     10.339     10.409    28.3438    28.3464   5.432400   5.432770     3.1245     2.6654      96.87   29.03258  -85.78548   -0.00044    0.00105          9  0.000e+00
      52097   2170.667     10.429     10.500    28.3445    28.3464   5.432484   5.432677     3.1245     2.6630      96.87   29.03258  -85.78548   -0.00041    0.00105          9  0.000e+00
      52098   2170.708     10.339     10.409    28.3453    28.3460   5.432568   5.432731     3.1245     2.6630      96.87   29.03258  -85.78548   -0.00037    0.00103          9  0.000e+00
      52099   2170.750     10.376     10.447    28.3457    28.3459   5.432591   5.432715     3.1258     2.6642      96.87   29.03258  -85.78548   -0.00032    0.00104          9  0.000e+00
      52100   2170.792     10.391     10.462    28.3457    28.3464   5.432591   5.432778     3.1258     2.6642      96.87   29.03258  -85.78548   -0.00026    0.00105          9  0.000e+00
      52101   2170.833     10.316     10.386    28.3450    28.3471   5.432591   5.432863     3.1258     2.6618      96.87   29.03258  -85.78548   -0.00021    0.00101          9  0.000e+00
      52102   2170.875     10.391     10.462    28.3449    28.3474   5.432522   5.432887     3.1258     2.6642      96.87   29.03258  -85.78548   -0.00015    0.00102          9  0.000e+00
      52103   2170.917     10.316     10.386    28.3457    28.3477   5.432507   5.432918     3.1258     2.6618      96.87   29.03258  -85.78548   -0.00009    0.00098          9  0.000e+00
      52104   2170.958     10.391     10.462    28.3457    28.3477   5.432507   5.432957     3.1270     2.6630      96.87   29.03258  -85.78548   -0.00002    0.00097          9  0.000e+00
      52105   2171.000     10.316     10.386    28.3451    28.3474   5.432507   5.432902     3.1258     2.6618      96.87   29.03258  -85.78548    0.00004    0.00093          9  0.000e+00
      52106   2171.042     10.339     10.409    28.3443    28.3474   5.432453   5.432848     3.1258     2.6618      96.87   29.03258  -85.78548    0.00010    0.00089          9  0.000e+00
      52107   2171.083     10.376     10.447    28.3437    28.3471   5.432453   5.432910     3.1270     2.6618      96.87   29.03258  -85.78548    0.00017    0.00086          9  0.000e+00
      52108   2171.125     10.316     10.386    28.3434    28.3474   5.432392   5.432863     3.1270     2.6618      96.87   29.03258  -85.78548    0.00025    0.00082          9  0.000e+00
      52109   2171.167     10.339     10.409    28.3433    28.3474   5.432369   5.432840     3.1270     2.6618      96.87   29.03258  -85.78548    0.00032    0.00078          9  0.000e+00
