Gulf of Mexico/GOMECC-4/1db/rb2103_1141.ros
* Sea-Bird SBE 9 Data File:
* FileName = C:\Users\scs.user.rb\CTD\GOMECC4\data\rb2103_1141.hex
* Software Version Seasave V 7.26.7.107
* Temperature SN = 4799
* Conductivity SN = 3860
* Number of Bytes Per Scan = 41
* Number of Voltage Words = 4
* Number of Scans Averaged by the Deck Unit = 1
* NMEA Latitude = 22 04.41 N
* NMEA Longitude = 086 54.99 W
* NMEA UTC (Time) = Oct 15 2021  14:20:58
* NMEA baud rate = 4800
# nquan = 17
# nvalues = 532                                   
# units = specified
# name 0 = scan: Scan Count
# name 1 = timeS: Time, Elapsed [seconds]
# name 2 = depSM: Depth [salt water, m]
# name 3 = prDM: Pressure, Digiquartz [db]
# name 4 = t090C: Temperature [ITS-90, deg C]
# name 5 = t190C: Temperature, 2 [ITS-90, deg C]
# name 6 = c0S/m: Conductivity [S/m]
# name 7 = c1S/m: Conductivity, 2 [S/m]
# name 8 = sbeox0V: Oxygen raw, SBE 43 [V]
# name 9 = sbeox1V: Oxygen raw, SBE 43, 2 [V]
# name 10 = altM: Altimeter [m]
# name 11 = latitude: Latitude [deg]
# name 12 = longitude: Longitude [deg]
# name 13 = sbox0dV/dT: Oxygen, SBE 43 [dov/dt]
# name 14 = sbox1dV/dT: Oxygen, SBE 43, 2 [dov/dt]
# name 15 = nbf: Bottles Fired
# name 16 = flag:  0.000e+00
# interval = seconds: 0.0416667
# start_time = Oct 15 2021 14:20:58 [NMEA time, header]
# bad_flag = -9.990e-29
*END*
[from data line 256]
      19902    829.208     24.642     24.798    24.3614    24.0739   5.434695   5.417290     2.6349     2.1795      18.32   22.07078  -86.91774    0.01535    0.02809          2  0.000e+00
      19903    829.250     24.635     24.791    24.3614    24.0594   5.434626   5.417065     2.6361     2.1795      18.29   22.07078  -86.91774    0.01510    0.02760          2  0.000e+00
      19904    829.292     24.642     24.798    24.3616    24.0540   5.434503   5.416785     2.6361     2.1795      18.29   22.07078  -86.91774    0.01483    0.02710          2  0.000e+00
      19905    829.333     24.683     24.839    24.3617    24.0567   5.434434   5.416560     2.6349     2.1795      18.29   22.07078  -86.91774    0.01452    0.02657          2  0.000e+00
      19906    829.375     24.690     24.846    24.3617    24.0637   5.434358   5.416443     2.6349     2.1795      18.32   22.07078  -86.91774    0.01422    0.02603          2  0.000e+00
      19907    829.417     24.690     24.846    24.3617    24.0790   5.434235   5.416505     2.6361     2.1795      18.29   22.07078  -86.91774    0.01393    0.02548          2  0.000e+00
      19908    829.458     24.683     24.839    24.3573    24.0928   5.433928   5.416684     2.6361     2.1795      18.29   22.07078  -86.91774    0.01363    0.02490          2  0.000e+00
      19909    829.500     24.642     24.798    24.3469    24.1025   5.433230   5.416886     2.6361     2.1795      18.29   22.07078  -86.91774    0.01331    0.02431          2  0.000e+00
      19910    829.542     24.683     24.839    24.3291    24.1121   5.432624   5.416551     2.6361     2.1795      18.29   22.07078  -86.91774    0.01300    0.02370          2  0.000e+00
      19911    829.583     24.642     24.798    24.3120    24.1211   5.432217   5.414881     2.6361     2.1795      18.29   22.07078  -86.91774    0.01266    0.02309          2  0.000e+00
      22214    925.542     14.907     15.001    27.6033    27.7018   5.767054   5.777260     3.0598     2.5897      27.84   22.07078  -86.91770   -0.00151   -0.00043          3  0.000e+00
      22215    925.583     15.056     15.151    27.5976    27.7074   5.766723   5.777787     3.0586     2.5897      27.86   22.07078  -86.91770   -0.00144   -0.00039          3  0.000e+00
      22216    925.625     14.812     14.906    27.5985    27.7110   5.766731   5.778298     3.0586     2.5897      27.84   22.07078  -86.91770   -0.00137   -0.00035          3  0.000e+00
      22217    925.667     14.961     15.056    27.5987    27.7151   5.766912   5.778769     3.0586     2.5897      27.84   22.07078  -86.91770   -0.00130   -0.00031          3  0.000e+00
      22218    925.708     14.907     15.001    27.5998    27.7195   5.767015   5.779528     3.0598     2.5885      27.81   22.07078  -86.91770   -0.00120   -0.00030          3  0.000e+00
      22219    925.750     14.860     14.953    27.6015    27.7274   5.767070   5.780350     3.0586     2.5897      27.81   22.07078  -86.91770   -0.00113   -0.00025          3  0.000e+00
      22220    925.792     14.907     15.001    27.6067    27.7386   5.767259   5.781045     3.0586     2.5897      27.81   22.07078  -86.91770   -0.00107   -0.00022          3  0.000e+00
      22221    925.833     14.907     15.001    27.6100    27.7528   5.767211   5.782419     3.0598     2.5897      27.81   22.07078  -86.91770   -0.00099   -0.00019          3  0.000e+00
      22222    925.875     14.907     15.001    27.6046    27.7642   5.767211   5.783673     3.0586     2.5897      27.81   22.07078  -86.91770   -0.00093   -0.00016          3  0.000e+00
      22223    925.917     14.860     14.953    27.6011    27.7706   5.767298   5.783529     3.0586     2.5897      27.81   22.07078  -86.91770   -0.00085   -0.00013          3  0.000e+00
      22224    925.958     14.907     15.001    27.6056    27.7607   5.767463   5.781995     3.0598     2.5897      27.81   22.07078  -86.91770   -0.00077   -0.00012          3  0.000e+00
      22225    926.000     14.907     15.001    27.6044    27.7401   5.767542   5.780110     3.0598     2.5897      27.81   22.07078  -86.91770   -0.00069   -0.00010          3  0.000e+00
      22226    926.042     14.907     15.001    27.6044    27.7278   5.767487   5.778897     3.0586     2.5910      27.81   22.07078  -86.91770   -0.00062   -0.00007          3  0.000e+00
      22227    926.083     14.860     14.953    27.6060    27.7246   5.767172   5.778657     3.0586     2.5910      27.84   22.07078  -86.91770   -0.00055   -0.00003          3  0.000e+00
      22228    926.125     14.907     15.001    27.6056    27.7226   5.766833   5.778897     3.0586     2.5910      27.81   22.07078  -86.91770   -0.00049    0.00000          3  0.000e+00
      22229    926.167     14.907     15.001    27.6025    27.7234   5.766432   5.779232     3.0586     2.5910      27.81   22.07078  -86.91770   -0.00042    0.00002          3  0.000e+00
      22230    926.208     14.860     14.953    27.5932    27.7234   5.765645   5.778921     3.0586     2.5910      27.81   22.07078  -86.91770   -0.00035    0.00004          3  0.000e+00
      22231    926.250     14.907     15.001    27.5836    27.7180   5.764709   5.778154     3.0586     2.5910      27.84   22.07078  -86.91770   -0.00028    0.00006          3  0.000e+00
      22232    926.292     14.907     15.001    27.5768    27.7114   5.763906   5.777156     3.0586     2.5922      27.84   22.07078  -86.91770   -0.00021    0.00009          3  0.000e+00
      22233    926.333     14.860     14.953    27.5713    27.7015   5.763269   5.776006     3.0586     2.5922      27.81   22.07078  -86.91770   -0.00013    0.00011          3  0.000e+00
      22234    926.375     14.860     14.953    27.5599    27.6905   5.762718   5.775041     3.0586     2.5910      27.81   22.07078  -86.91770   -0.00006    0.00011          3  0.000e+00
      22235    926.417     14.907     15.001    27.5500    27.6796   5.762451   5.774426     3.0574     2.5922      27.81   22.07078  -86.91770   -0.00000    0.00012          3  0.000e+00
      22236    926.458     14.907     15.001    27.5544    27.6719   5.762332   5.774514     3.0586     2.5922      27.81   22.07078  -86.91770    0.00007    0.00014          3  0.000e+00
      22237    926.500     14.853     14.947    27.5589    27.6728   5.762340   5.774969     3.0586     2.5922      27.81   22.07078  -86.91770    0.00015    0.00015          3  0.000e+00
      22238    926.542     14.907     15.001    27.5588    27.6732   5.762214   5.775488     3.0586     2.5922      27.81   22.07078  -86.91770    0.00021    0.00017          3  0.000e+00
      22239    926.583     14.860     14.953    27.5608    27.6804   5.762238   5.776230     3.0574     2.5922      27.81   22.07078  -86.91770    0.00025    0.00018          3  0.000e+00
      22240    926.625     14.860     14.953    27.5604    27.6919   5.762261   5.776997     3.0574     2.5922      27.77   22.07078  -86.91770    0.00030    0.00019          3  0.000e+00
      22241    926.667     14.907     15.001    27.5602    27.7011   5.762474   5.777715     3.0586     2.5922      27.77   22.07078  -86.91770    0.00036    0.00022          3  0.000e+00
      22242    926.708     14.860     14.953    27.5677    27.7081   5.763040   5.778282     3.0586     2.5934      27.77   22.07078  -86.91770    0.00043    0.00027          3  0.000e+00
      22243    926.750     14.907     15.001    27.5850    27.7149   5.764905   5.778913     3.0586     2.5934      27.77   22.07078  -86.91770    0.00049    0.00031          3  0.000e+00
      22244    926.792     14.860     14.953    27.6135    27.7199   5.767746   5.779392     3.0586     2.5934      27.77   22.07078  -86.91770    0.00056    0.00036          3  0.000e+00
      22245    926.833     14.907     15.001    27.6544    27.7252   5.769572   5.779863     3.0574     2.5934      27.77   22.07078  -86.91770    0.00059    0.00040          3  0.000e+00
      22246    926.875     14.860     14.953    27.6767    27.7311   5.770493   5.780262     3.0574     2.5934      27.74   22.07078  -86.91770    0.00062    0.00045          3  0.000e+00
      22247    926.917     14.860     14.953    27.6895    27.7353   5.771249   5.780462     3.0586     2.5934      27.77   22.07078  -86.91770    0.00065    0.00051          3  0.000e+00
      22248    926.958     14.907     15.001    27.7011    27.7381   5.772296   5.780574     3.0574     2.5934      27.77   22.07078  -86.91770    0.00068    0.00057          3  0.000e+00
      22249    927.000     14.853     14.947    27.6957    27.7388   5.773107   5.780374     3.0574     2.5934      27.77   22.07078  -86.91770    0.00072    0.00063          3  0.000e+00
      22250    927.042     14.860     14.953    27.6846    27.7358   5.773745   5.779991     3.0574     2.5946      27.77   22.07078  -86.91770    0.00075    0.00070          3  0.000e+00
      22251    927.083     14.860     14.953    27.6895    27.7381   5.774360   5.780454     3.0574     2.5946      27.77   22.07078  -86.91770    0.00077    0.00078          3  0.000e+00
      22252    927.125     14.907     15.001    27.6917    27.7454   5.775013   5.781348     3.0574     2.5946      27.77   22.07078  -86.91770    0.00078    0.00086          3  0.000e+00
      22253    927.167     14.860     14.953    27.7011    27.7518   5.775785   5.781947     3.0574     2.5946      27.77   22.07078  -86.91770    0.00080    0.00093          3  0.000e+00
      22254    927.208     14.853     14.947    27.7043    27.7511   5.776234   5.781907     3.0562     2.5946      27.77   22.07078  -86.91770    0.00080    0.00101          3  0.000e+00
      22255    927.250     14.860     14.953    27.6923    27.7513   5.776250   5.781939     3.0562     2.5946      27.77   22.07078  -86.91770    0.00080    0.00108          3  0.000e+00
      22256    927.292     14.860     14.953    27.6895    27.7544   5.776368   5.782283     3.0562     2.5958      27.77   22.07078  -86.91770    0.00080    0.00115          3  0.000e+00
      22257    927.333     14.907     15.001    27.6947    27.7579   5.776557   5.782610     3.0562     2.5958      27.74   22.07078  -86.91770    0.00079    0.00122          3  0.000e+00
      22258    927.375     14.860     14.953    27.7006    27.7605   5.776675   5.782858     3.0574     2.5958      27.77   22.07078  -86.91770    0.00079    0.00129          3  0.000e+00
      22259    927.417     14.812     14.906    27.7033    27.7618   5.776762   5.782985     3.0562     2.5958      27.77   22.07078  -86.91770    0.00078    0.00136          3  0.000e+00
      22260    927.458     14.907     15.001    27.7079    27.7599   5.776754   5.782866     3.0562     2.5958      27.77   22.07078  -86.91770    0.00074    0.00143          3  0.000e+00
      22261    927.500     14.860     14.953    27.7101    27.7557   5.776927   5.782602     3.0562     2.5958      27.77   22.07078  -86.91770    0.00071    0.00149          3  0.000e+00
      22262    927.542     14.860     14.953    27.7123    27.7530   5.777203   5.782426     3.0562     2.5958      27.77   22.07078  -86.91770    0.00068    0.00154          3  0.000e+00
      22263    927.583     14.860     14.953    27.7170    27.7526   5.777628   5.782355     3.0549     2.5958      27.77   22.07078  -86.91770    0.00063    0.00158          3  0.000e+00
      22264    927.625     14.860     14.953    27.7170    27.7543   5.778030   5.782379     3.0549     2.5958      27.74   22.07078  -86.91770    0.00056    0.00163          3  0.000e+00
      22265    927.667     14.860     14.953    27.7166    27.7547   5.778219   5.782450     3.0549     2.5958      27.77   22.07078  -86.91770    0.00050    0.00165          3  0.000e+00
      22266    927.708     14.853     14.947    27.7185    27.7546   5.778298   5.782379     3.0549     2.5946      27.77   22.07078  -86.91770    0.00043    0.00165          3  0.000e+00
      22267    927.750     14.860     14.953    27.7178    27.7563   5.778274   5.782243     3.0549     2.5958      27.77   22.07078  -86.91770    0.00036    0.00167          3  0.000e+00
      22268    927.792     14.860     14.953    27.7145    27.7594   5.778195   5.782139     3.0549     2.5958      27.77   22.07078  -86.91770    0.00029    0.00169          3  0.000e+00
      22269    927.833     14.860     14.953    27.7091    27.7607   5.778030   5.782187     3.0549     2.5946      27.79   22.07078  -86.91770    0.00023    0.00169          3  0.000e+00
      22270    927.875     14.860     14.953    27.7077    27.7616   5.777762   5.782235     3.0537     2.5946      27.79   22.07078  -86.91770    0.00014    0.00168          3  0.000e+00
      22271    927.917     14.853     14.947    27.7048    27.7625   5.777431   5.782219     3.0549     2.5946      27.77   22.07078  -86.91770    0.00008    0.00166          3  0.000e+00
      22272    927.958     14.812     14.906    27.7046    27.7625   5.777148   5.782274     3.0549     2.5958      27.77   22.07078  -86.91770    0.00001    0.00167          3  0.000e+00
      22273    928.000     14.907     15.001    27.7035    27.7621   5.777014   5.782442     3.0549     2.5958      27.77   22.07078  -86.91770   -0.00006    0.00168          3  0.000e+00
      22274    928.042     14.812     14.906    27.7025    27.7625   5.776990   5.782562     3.0549     2.5958      27.77   22.07078  -86.91770   -0.00014    0.00168          3  0.000e+00
      22275    928.083     14.860     14.953    27.7017    27.7625   5.777061   5.782618     3.0562     2.5958      27.77   22.07078  -86.91770   -0.00021    0.00169          3  0.000e+00
      22276    928.125     14.860     14.953    27.7012    27.7623   5.777258   5.782690     3.0562     2.5958      27.77   22.07078  -86.91770   -0.00028    0.00169          3  0.000e+00
      22277    928.167     14.853     14.947    27.7029    27.7569   5.777305   5.782650     3.0549     2.5958      27.77   22.07078  -86.91770   -0.00035    0.00169          3  0.000e+00
      22278    928.208     14.812     14.906    27.7046    27.7557   5.777282   5.782450     3.0562     2.5958      27.77   22.07078  -86.91770   -0.00040    0.00168          3  0.000e+00
      22279    928.250     14.860     14.953    27.7035    27.7478   5.777274   5.781612     3.0562     2.5971      27.77   22.07078  -86.91770   -0.00045    0.00169          3  0.000e+00
      22280    928.292     14.860     14.953    27.7053    27.7386   5.777274   5.780142     3.0562     2.5958      27.77   22.07078  -86.91770   -0.00050    0.00169          3  0.000e+00
      22281    928.333     14.860     14.953    27.7083    27.7276   5.777234   5.778817     3.0562     2.5971      27.77   22.07078  -86.91770   -0.00055    0.00169          3  0.000e+00
      22282    928.375     14.860     14.953    27.7058    27.7162   5.777156   5.778186     3.0574     2.5971      27.77   22.07078  -86.91770   -0.00059    0.00170          3  0.000e+00
      22283    928.417     14.853     14.947    27.7043    27.7122   5.777132   5.778298     3.0574     2.5971      27.77   22.07078  -86.91770   -0.00063    0.00172          3  0.000e+00
      22284    928.458     14.860     14.953    27.7060    27.7153   5.777226   5.778825     3.0574     2.5971      27.77   22.07078  -86.91770   -0.00066    0.00172          3  0.000e+00
      22285    928.500     14.812     14.906    27.7076    27.7263   5.777266   5.779663     3.0574     2.5983      27.77   22.07078  -86.91770   -0.00068    0.00174          3  0.000e+00
      22286    928.542     14.860     14.953    27.7083    27.7368   5.777274   5.780590     3.0574     2.5983      27.77   22.07078  -86.91770   -0.00070    0.00175          3  0.000e+00
      22287    928.583     14.860     14.953    27.7089    27.7448   5.777203   5.781220     3.0586     2.5983      27.77   22.07078  -86.91770   -0.00070    0.00176          3  0.000e+00
