Gulf of Mexico/GOMECC-4/1db/rb2103_1191.ros
* Sea-Bird SBE 9 Data File:
* FileName = C:\Users\scs.user.rb\CTD\GOMECC4\data\rb2103_1191.hex
* Software Version Seasave V 7.26.7.107
* Temperature SN = 4799
* Conductivity SN = 3860
* Number of Bytes Per Scan = 41
* Number of Voltage Words = 4
* Number of Scans Averaged by the Deck Unit = 1
* NMEA Latitude = 21 39.90 N
* NMEA Longitude = 085 58.80 W
* NMEA UTC (Time) = Oct 16 2021  05:31:44
* NMEA baud rate = 4800
# nquan = 17
# nvalues = 2926                                  
# units = specified
# name 0 = scan: Scan Count
# name 1 = timeS: Time, Elapsed [seconds]
# name 2 = depSM: Depth [salt water, m]
# name 3 = prDM: Pressure, Digiquartz [db]
# name 4 = t090C: Temperature [ITS-90, deg C]
# name 5 = t190C: Temperature, 2 [ITS-90, deg C]
# name 6 = c0S/m: Conductivity [S/m]
# name 7 = c1S/m: Conductivity, 2 [S/m]
# name 8 = sbeox0V: Oxygen raw, SBE 43 [V]
# name 9 = sbeox1V: Oxygen raw, SBE 43, 2 [V]
# name 10 = altM: Altimeter [m]
# name 11 = latitude: Latitude [deg]
# name 12 = longitude: Longitude [deg]
# name 13 = sbox0dV/dT: Oxygen, SBE 43 [dov/dt]
# name 14 = sbox1dV/dT: Oxygen, SBE 43, 2 [dov/dt]
# name 15 = nbf: Bottles Fired
# name 16 = flag:  0.000e+00
# interval = seconds: 0.0416667
# start_time = Oct 16 2021 05:31:44 [NMEA time, header]
# bad_flag = -9.990e-29
*END*
[from data line 2724]
     144346   6014.375      9.846      9.908    29.8522    29.8615   5.971190   5.973001     3.1465     2.6581     100.00   21.69220  -85.99012   -0.00021   -0.00091         21  0.000e+00
     144347   6014.417      9.806      9.867    29.8522    29.8615   5.971198   5.973001     3.1465     2.6581     100.00   21.69220  -85.99012   -0.00023   -0.00082         21  0.000e+00
     144348   6014.458      9.853      9.915    29.8518    29.8616   5.971142   5.973033     3.1465     2.6581     100.00   21.69220  -85.99012   -0.00025   -0.00074         21  0.000e+00
     144349   6014.500      9.853      9.915    29.8514    29.8615   5.971094   5.972977     3.1453     2.6581     100.00   21.69220  -85.99012   -0.00028   -0.00065         21  0.000e+00
     144350   6014.542      9.806      9.867    29.8513    29.8618   5.971110   5.972985     3.1453     2.6581     100.00   21.69220  -85.99012   -0.00031   -0.00056         21  0.000e+00
     144351   6014.583      9.853      9.915    29.8514    29.8618   5.971118   5.973001     3.1465     2.6581     100.00   21.69220  -85.99012   -0.00032   -0.00049         21  0.000e+00
     144352   6014.625      9.853      9.915    29.8514    29.8618   5.971150   5.973001     3.1465     2.6581     100.00   21.69220  -85.99012   -0.00034   -0.00041         21  0.000e+00
     144353   6014.667      9.853      9.915    29.8520    29.8619   5.971166   5.973001     3.1453     2.6581     100.00   21.69220  -85.99012   -0.00037   -0.00032         21  0.000e+00
     144354   6014.708      9.806      9.867    29.8520    29.8618   5.971126   5.972960     3.1465     2.6581     100.00   21.69220  -85.99012   -0.00038   -0.00023         21  0.000e+00
     144355   6014.750      9.846      9.908    29.8520    29.8615   5.971118   5.972969     3.1453     2.6581     100.00   21.69220  -85.99012   -0.00041   -0.00015         21  0.000e+00
     144356   6014.792      9.901      9.963    29.8518    29.8618   5.971206   5.972993     3.1465     2.6569     100.00   21.69220  -85.99014   -0.00042   -0.00010         21  0.000e+00
     144357   6014.833      9.806      9.867    29.8522    29.8616   5.971214   5.972960     3.1465     2.6569     100.00   21.69220  -85.99014   -0.00041   -0.00004         21  0.000e+00
     144358   6014.875      9.853      9.915    29.8522    29.8615   5.971246   5.972952     3.1465     2.6569     100.00   21.69220  -85.99014   -0.00040    0.00002         21  0.000e+00
     144359   6014.917      9.853      9.915    29.8525    29.8618   5.971222   5.972985     3.1465     2.6569     100.00   21.69220  -85.99014   -0.00040    0.00006         21  0.000e+00
     144360   6014.958      9.853      9.915    29.8527    29.8618   5.971214   5.972928     3.1465     2.6569     100.00   21.69220  -85.99014   -0.00040    0.00010         21  0.000e+00
     144361   6015.000      9.853      9.915    29.8527    29.8618   5.971286   5.972936     3.1477     2.6557     100.00   21.69220  -85.99014   -0.00039    0.00013         21  0.000e+00
     144362   6015.042      9.853      9.915    29.8529    29.8614   5.971342   5.972912     3.1477     2.6557     100.00   21.69220  -85.99014   -0.00039    0.00016         21  0.000e+00
     144363   6015.083      9.853      9.915    29.8533    29.8614   5.971374   5.972904     3.1477     2.6557     100.00   21.69220  -85.99014   -0.00038    0.00018         21  0.000e+00
     144364   6015.125      9.853      9.915    29.8534    29.8614   5.971438   5.972904     3.1477     2.6557     100.00   21.69220  -85.99014   -0.00035    0.00021         21  0.000e+00
     144365   6015.167      9.846      9.908    29.8538    29.8612   5.971462   5.972904     3.1477     2.6557     100.00   21.69220  -85.99014   -0.00034    0.00022         21  0.000e+00
     144366   6015.208      9.901      9.963    29.8540    29.8614   5.971494   5.972863     3.1477     2.6557     100.00   21.69220  -85.99014   -0.00033    0.00023         21  0.000e+00
     144367   6015.250      9.853      9.915    29.8540    29.8614   5.971470   5.972888     3.1477     2.6557     100.00   21.69220  -85.99014   -0.00032    0.00024         21  0.000e+00
     144368   6015.292      9.853      9.915    29.8542    29.8614   5.971462   5.972831     3.1477     2.6557     100.00   21.69220  -85.99014   -0.00031    0.00025         21  0.000e+00
     144369   6015.333      9.853      9.915    29.8540    29.8612   5.971462   5.972839     3.1465     2.6557     100.00   21.69220  -85.99014   -0.00032    0.00025         21  0.000e+00
     144370   6015.375      9.853      9.915    29.8540    29.8608   5.971478   5.972782     3.1477     2.6557     100.00   21.69220  -85.99014   -0.00031    0.00024         21  0.000e+00
     144371   6015.417      9.853      9.915    29.8538    29.8607   5.971462   5.972718     3.1477     2.6557     100.00   21.69220  -85.99014   -0.00028    0.00025         21  0.000e+00
     144372   6015.458      9.901      9.963    29.8534    29.8606   5.971382   5.972742     3.1477     2.6557     100.00   21.69220  -85.99014   -0.00027    0.00025         21  0.000e+00
     144373   6015.500      9.853      9.915    29.8538    29.8608   5.971398   5.972734     3.1465     2.6545     100.00   21.69220  -85.99014   -0.00026    0.00023         21  0.000e+00
     144374   6015.542      9.901      9.963    29.8537    29.8608   5.971366   5.972750     3.1465     2.6545     100.00   21.69220  -85.99014   -0.00025    0.00020         21  0.000e+00
     144375   6015.583      9.853      9.915    29.8533    29.8611   5.971430   5.972790     3.1465     2.6545     100.00   21.69220  -85.99014   -0.00024    0.00018         21  0.000e+00
     144376   6015.625      9.853      9.915    29.8534    29.8615   5.971382   5.972912     3.1465     2.6545     100.00   21.69220  -85.99014   -0.00023    0.00016         21  0.000e+00
     144377   6015.667      9.901      9.963    29.8534    29.8612   5.971374   5.972912     3.1465     2.6532     100.00   21.69220  -85.99014   -0.00021    0.00014         21  0.000e+00
     144378   6015.708      9.853      9.915    29.8536    29.8615   5.971438   5.972863     3.1465     2.6545     100.00   21.69220  -85.99014   -0.00020    0.00013         21  0.000e+00
     144379   6015.750      9.901      9.963    29.8534    29.8614   5.971494   5.972855     3.1465     2.6545     100.00   21.69220  -85.99014   -0.00018    0.00013         21  0.000e+00
     144380   6015.792      9.853      9.915    29.8538    29.8614   5.971438   5.972815     3.1453     2.6532     100.00   21.69222  -85.99014   -0.00019    0.00011         21  0.000e+00
     144381   6015.833      9.901      9.963    29.8540    29.8610   5.971486   5.972839     3.1453     2.6532     100.00   21.69222  -85.99014   -0.00019    0.00010         21  0.000e+00
     144382   6015.875      9.853      9.915    29.8544    29.8614   5.971510   5.972815     3.1465     2.6532     100.00   21.69222  -85.99014   -0.00019    0.00006         21  0.000e+00
     144383   6015.917      9.901      9.963    29.8542    29.8612   5.971390   5.972839     3.1453     2.6532     100.00   21.69222  -85.99014   -0.00020    0.00005         21  0.000e+00
     144384   6015.958      9.853      9.915    29.8540    29.8612   5.971454   5.972815     3.1465     2.6532     100.00   21.69222  -85.99014   -0.00020    0.00003         21  0.000e+00
     144385   6016.000      9.901      9.963    29.8540    29.8614   5.971462   5.972839     3.1465     2.6532     100.00   21.69222  -85.99014   -0.00020    0.00002         21  0.000e+00
     144386   6016.042      9.853      9.915    29.8537    29.8610   5.971462   5.972815     3.1465     2.6520     100.00   21.69222  -85.99014   -0.00020   -0.00001         21  0.000e+00
     144387   6016.083      9.901      9.963    29.8540    29.8612   5.971422   5.972839     3.1453     2.6520     100.00   21.69222  -85.99014   -0.00022   -0.00006         21  0.000e+00
     144388   6016.125      9.853      9.915    29.8540    29.8614   5.971486   5.972888     3.1465     2.6520     100.00   21.69222  -85.99014   -0.00021   -0.00009         21  0.000e+00
     144389   6016.167      9.853      9.915    29.8542    29.8614   5.971470   5.972904     3.1465     2.6520     100.00   21.69222  -85.99014   -0.00021   -0.00013         21  0.000e+00
     144390   6016.208      9.901      9.963    29.8540    29.8615   5.971494   5.972936     3.1465     2.6520     100.00   21.69222  -85.99014   -0.00021   -0.00018         21  0.000e+00
     144391   6016.250      9.853      9.915    29.8540    29.8615   5.971486   5.972896     3.1465     2.6520     100.00   21.69222  -85.99014   -0.00020   -0.00022         21  0.000e+00
     144392   6016.292      9.901      9.963    29.8540    29.8615   5.971462   5.972928     3.1465     2.6508     100.00   21.69222  -85.99014   -0.00020   -0.00028         21  0.000e+00
     144393   6016.333      9.901      9.963    29.8534    29.8614   5.971462   5.972880     3.1453     2.6508     100.00   21.69222  -85.99014   -0.00021   -0.00033         21  0.000e+00
     144394   6016.375      9.853      9.915    29.8533    29.8615   5.971462   5.972855     3.1453     2.6508     100.00   21.69222  -85.99014   -0.00022   -0.00039         21  0.000e+00
     144395   6016.417      9.853      9.915    29.8531    29.8614   5.971422   5.972815     3.1465     2.6508     100.00   21.69222  -85.99014   -0.00022   -0.00044         21  0.000e+00
     144396   6016.458      9.901      9.963    29.8533    29.8612   5.971366   5.972807     3.1465     2.6496     100.00   21.69222  -85.99014   -0.00023   -0.00051         21  0.000e+00
     144397   6016.500      9.853      9.915    29.8529    29.8608   5.971398   5.972807     3.1453     2.6496     100.00   21.69222  -85.99014   -0.00024   -0.00058         21  0.000e+00
     144398   6016.542      9.901      9.963    29.8531    29.8611   5.971318   5.972807     3.1465     2.6508     100.00   21.69222  -85.99014   -0.00025   -0.00065         21  0.000e+00
     144399   6016.583      9.853      9.915    29.8531    29.8608   5.971302   5.972807     3.1453     2.6496     100.00   21.69222  -85.99014   -0.00028   -0.00071         21  0.000e+00
     144400   6016.625      9.901      9.963    29.8525    29.8610   5.971310   5.972766     3.1453     2.6496     100.00   21.69222  -85.99014   -0.00031   -0.00080         21  0.000e+00
     144401   6016.667      9.853      9.915    29.8523    29.8608   5.971270   5.972831     3.1453     2.6508     100.00   21.69222  -85.99014   -0.00032   -0.00084         21  0.000e+00
     144402   6016.708      9.901      9.963    29.8527    29.8611   5.971262   5.972815     3.1453     2.6496     100.00   21.69222  -85.99014   -0.00035   -0.00090         21  0.000e+00
     144403   6016.750      9.853      9.915    29.8527    29.8608   5.971222   5.972839     3.1453     2.6496     100.00   21.69222  -85.99014   -0.00037   -0.00096         21  0.000e+00
     144404   6016.792      9.853      9.915    29.8522    29.8608   5.971246   5.972855     3.1453     2.6508     100.00   21.69222  -85.99014   -0.00040   -0.00102         21  0.000e+00
     144405   6016.833      9.901      9.963    29.8518    29.8612   5.971238   5.972815     3.1453     2.6508     100.00   21.69222  -85.99014   -0.00042   -0.00108         21  0.000e+00
     144406   6016.875      9.901      9.963    29.8514    29.8608   5.971182   5.972766     3.1453     2.6508     100.00   21.69222  -85.99014   -0.00045   -0.00111         21  0.000e+00
     144407   6016.917      9.853      9.915    29.8510    29.8609   5.971094   5.972863     3.1453     2.6508     100.00   21.69222  -85.99014   -0.00047   -0.00117         21  0.000e+00
     144408   6016.958      9.901      9.963    29.8510    29.8612   5.971142   5.972863     3.1453     2.6508     100.00   21.69222  -85.99014   -0.00050   -0.00122         21  0.000e+00
     144409   6017.000      9.853      9.915    29.8520    29.8610   5.971198   5.972871     3.1465     2.6520     100.00   21.69222  -85.99014   -0.00051   -0.00126         21  0.000e+00
     144410   6017.042      9.853      9.915    29.8518    29.8610   5.971174   5.972823     3.1453     2.6520     100.00   21.69222  -85.99014   -0.00053   -0.00129         21  0.000e+00
     144411   6017.083      9.846      9.908    29.8518    29.8612   5.971126   5.972839     3.1453     2.6520     100.00   21.69222  -85.99014   -0.00054   -0.00132         21  0.000e+00
     144412   6017.125      9.901      9.963    29.8514    29.8612   5.971063   5.972855     3.1453     2.6520     100.00   21.69222  -85.99014   -0.00054   -0.00136         21  0.000e+00
     144413   6017.167      9.901      9.963    29.8509    29.8612   5.971023   5.972888     3.1453     2.6520     100.00   21.69222  -85.99014   -0.00057   -0.00139         21  0.000e+00
     144414   6017.208      9.853      9.915    29.8500    29.8612   5.970983   5.972863     3.1453     2.6532     100.00   21.69222  -85.99014   -0.00057   -0.00140         21  0.000e+00
     145871   6077.917      2.914      2.932    29.8372    29.8405   5.969333   5.969758     3.1453     2.6593     100.00   21.69264  -85.99042   -0.00088    0.00027         22  0.000e+00
     145872   6077.958      2.670      2.687    29.8377    29.8402   5.969357   5.969733     3.1453     2.6581     100.00   21.69264  -85.99042   -0.00094    0.00026         22  0.000e+00
     145873   6078.000      2.853      2.871    29.8379    29.8403   5.969429   5.969709     3.1453     2.6581     100.00   21.69264  -85.99042   -0.00099    0.00025         22  0.000e+00
     145874   6078.042      2.867      2.884    29.8383    29.8402   5.969453   5.969652     3.1465     2.6581     100.00   21.69264  -85.99042   -0.00103    0.00024         22  0.000e+00
     145875   6078.083      2.812      2.830    29.8384    29.8400   5.969405   5.969563     3.1453     2.6581     100.00   21.69264  -85.99042   -0.00109    0.00023         22  0.000e+00
     145876   6078.125      2.853      2.871    29.8385    29.8394   5.969469   5.969539     3.1453     2.6581     100.00   21.69264  -85.99042   -0.00114    0.00022         22  0.000e+00
     145877   6078.167      2.867      2.884    29.8385    29.8388   5.969461   5.969498     3.1453     2.6569     100.00   21.69264  -85.99042   -0.00119    0.00019         22  0.000e+00
     145878   6078.208      2.812      2.830    29.8386    29.8383   5.969525   5.969490     3.1453     2.6569     100.00   21.69264  -85.99042   -0.00124    0.00018         22  0.000e+00
     145879   6078.250      2.867      2.884    29.8386    29.8378   5.969477   5.969450     3.1453     2.6569     100.00   21.69264  -85.99042   -0.00130    0.00017         22  0.000e+00
     145880   6078.292      2.806      2.823    29.8389    29.8377   5.969525   5.969474     3.1453     2.6569     100.00   21.69264  -85.99042   -0.00135    0.00015         22  0.000e+00
     145881   6078.333      2.867      2.884    29.8389    29.8374   5.969477   5.969385     3.1465     2.6557     100.00   21.69264  -85.99042   -0.00138    0.00011         22  0.000e+00
     145882   6078.375      2.812      2.830    29.8391    29.8370   5.969485   5.969377     3.1465     2.6557     100.00   21.69264  -85.99042   -0.00141    0.00006         22  0.000e+00
     145883   6078.417      2.867      2.884    29.8385    29.8370   5.969429   5.969426     3.1465     2.6557     100.00   21.69264  -85.99042   -0.00142    0.00000         22  0.000e+00
     145884   6078.458      2.853      2.871    29.8385    29.8368   5.969437   5.969369     3.1465     2.6545     100.00   21.69264  -85.99042   -0.00143   -0.00007         22  0.000e+00
     145885   6078.500      2.812      2.830    29.8389    29.8366   5.969509   5.969377     3.1465     2.6545     100.00   21.69264  -85.99042   -0.00144   -0.00015         22  0.000e+00
