Gulf of Mexico/GOMECC-4/1db/rb2103_0001.cnv
* Sea-Bird SBE 9 Data File:
* FileName = C:\Users\scs.user.rb\CTD\GOMECC4\data\rb2103_000.hex
* Software Version Seasave V 7.26.7.107
* Temperature SN = 4799
* Conductivity SN = 3860
* Number of Bytes Per Scan = 41
* Number of Voltage Words = 4
* Number of Scans Averaged by the Deck Unit = 1
* NMEA Latitude = 24 13.42 N
* NMEA Longitude = 081 36.66 W
* NMEA UTC (Time) = Sep 13 2021  22:57:13
* NMEA baud rate = 4800
# nquan = 28
# nvalues = 426                         
# units = specified
# name 0 = scan: Scan Count
# name 1 = timeS: Time, Elapsed [seconds]
# name 2 = depSM: Depth [salt water, m]
# name 3 = prDM: Pressure, Digiquartz [db]
# name 4 = t090C: Temperature [ITS-90, deg C]
# name 5 = t190C: Temperature, 2 [ITS-90, deg C]
# name 6 = c0S/m: Conductivity [S/m]
# name 7 = c1S/m: Conductivity, 2 [S/m]
# name 8 = sbeox0V: Oxygen raw, SBE 43 [V]
# name 9 = sbeox1V: Oxygen raw, SBE 43, 2 [V]
# name 10 = altM: Altimeter [m]
# name 11 = latitude: Latitude [deg]
# name 12 = longitude: Longitude [deg]
# name 13 = sbox0dV/dT: Oxygen, SBE 43 [dov/dt]
# name 14 = sbox1dV/dT: Oxygen, SBE 43, 2 [dov/dt]
# name 15 = sbeox0ML/L: Oxygen, SBE 43 [ml/l], WS = 5
# name 16 = sbeox1ML/L: Oxygen, SBE 43, 2 [ml/l], WS = 5
# name 17 = potemp090C: Potential Temperature [ITS-90, deg C]
# name 18 = potemp190C: Potential Temperature, 2 [ITS-90, deg C]
# name 19 = sal00: Salinity, Practical [PSU]
# name 20 = sal11: Salinity, Practical, 2 [PSU]
# name 21 = sigma-é00: Density [sigma-theta, kg/m^3]
# name 22 = sigma-é11: Density, 2 [sigma-theta, kg/m^3]
# name 23 = avgsvCM: Average Sound Velocity [Chen-Millero, m/s], minP = 20, minS = 20
# name 24 = sbox0Mm/Kg: Oxygen, SBE 43 [umol/kg], WS = 5
# name 25 = sbox1Mm/Kg: Oxygen, SBE 43, 2 [umol/kg], WS = 5
# name 26 = nbin: number of scans per bin
# name 27 = flag: flag
# span 0 =      17929,      67524       
# span 1 =    747.011,   2813.478       
# span 2 =    800.296,   1235.345       
# span 3 =    807.000,   1247.000       
# span 4 =     9.0619,    29.3582       
# span 5 =     9.0618,    29.3884       
# span 6 =   3.751637,   5.828271       
# span 7 =   3.751661,   5.828546       
# span 8 =     1.6240,     3.5764       
# span 9 =     1.3314,     3.1511       
# span 10 =      27.43,     101.00      
# span 11 =   24.22084,   24.22782      
# span 12 =  -81.61700,  -81.59383      
# span 13 =   -0.17464,    0.09778      
# span 14 =   -0.05374,    0.09164      
# span 15 =     2.8741,     5.8232      
# span 16 =     2.9212,     5.9800      
# span 17 =     8.9183,    29.1572      
# span 18 =     8.9182,    29.1878      
# span 19 =    25.9912,    36.3277      
# span 20 =    29.8500,    36.3289      
# span 21 =    15.3923,    26.9422      
# span 22 =    18.2727,    26.9422      
# span 23 =    1119.31,    1555.83      
# span 24 =    124.994,    255.197      
# span 25 =    127.047,    261.770      
# span 26 =         30,         74      
# span 27 = 0.0000e+00, 0.0000e+00      
# interval = decibars: 1                
# start_time = Sep 13 2021 22:57:13 [NMEA time, header]
# bad_flag = -9.990e-29
*END*
[from data line 415]
      64653   2693.822    820.091    827.000    29.1838    29.1853   5.817899   5.818185     3.1528     2.6795     100.00   24.22542  -81.60927    0.00094    0.00130     4.8370     4.8422    28.9817    28.9831    35.2418    35.2426    22.2518    22.2519    1535.18    211.319    211.546         69 0.0000e+00
      64716   2696.445    819.101    826.000    29.1862    29.1930   5.817917   5.818653     3.1515     2.6800     100.00   24.22542  -81.60926   -0.00018   -0.00012     4.8337     4.8423    28.9843    28.9911    35.2404    35.2403    22.2498    22.2475    1535.18    211.172    211.550         52 0.0000e+00
      64772   2698.772    818.111    825.000    29.1918    29.1975   5.818180   5.818895     3.1526     2.6822      85.20   24.22542  -81.60926    0.00017    0.00077     4.8349     4.8460    28.9901    28.9957    35.2382    35.2385    22.2462    22.2446    1535.18    211.229    211.714         65 0.0000e+00
      64833   2701.316    817.122    824.000    29.2020    29.2070   5.818825   5.819582     3.1542     2.6874     100.28   24.22542  -81.60926    0.00045    0.00146     4.8366     4.8565    29.0005    29.0054    35.2356    35.2372    22.2408    22.2403    1535.18    211.304    212.171         52 0.0000e+00
      64888   2703.625    816.132    823.000    29.2158    29.2193   5.820076   5.820909     3.1563     2.6855     100.00   24.22542  -81.60926    0.00076    0.00037     4.8391     4.8507    29.0145    29.0180    35.2343    35.2356    22.2352    22.2350    1535.18    211.413    211.922         51 0.0000e+00
      64972   2707.142    815.142    822.000    29.2256    29.2429   5.820767   5.822316     3.1560     2.6895     100.00   24.22542  -81.60926   -0.00009    0.00116     4.8370     4.8571    29.0245    29.0417    35.2321    35.2305    22.2302    22.2232    1535.18    211.324    212.202         66 0.0000e+00
      65065   2711.009    814.152    821.000    29.2418    29.2621   5.821698   5.823256     3.1565     2.6928     100.00   24.22542  -81.60926    0.00011    0.00139     4.8363     4.8627    29.0409    29.0610    35.2269    35.2226    22.2208    22.2108    1535.18    211.295    212.447         43 0.0000e+00
      65499   2729.089    810.193    817.000    29.3424    29.3884   5.823045   5.819716     3.1625     2.6939     100.00   24.22663  -81.61335    0.00066   -0.00086     4.8386     4.8557    29.1420    29.1878    35.1652    35.1089    22.1408    22.0832    1535.26    211.412    212.171         32 0.0000e+00
      66517   2771.495    802.275    809.000    29.0339    29.0340   5.474092   5.474056     3.1443     2.6751      67.42   24.22084  -81.59383    0.00022    0.00158     4.8826     4.8944    28.8381    28.8382    33.0082    33.0076    20.6220    20.6216    1534.89    213.652    214.168         33 0.0000e+00
      67428   2809.467    801.286    808.000    29.0405    29.0428   5.474753   5.475334     3.1444     2.6716     100.64   24.22542  -81.60926   -0.00038    0.00001     4.8819     4.8856    28.8450    28.8472    33.0114    33.0138    20.6232    20.6243    1535.18    213.620    213.781         31 0.0000e+00
      67524   2813.478    800.296    807.000    29.0390    29.0418   5.474778   5.475180     3.1452     2.6666      82.92   24.22540  -81.60926    0.00071   -0.00059     4.8829     4.8738    28.8436    28.8464    33.0129    33.0137    20.6248    20.6244    1535.18    213.663    213.267         47 0.0000e+00
