Gulf of Mexico/GOMECC-4/1db/rb2103_0122.cnv
* Sea-Bird SBE 9 Data File:
* FileName = C:\Users\scs.user.rb\CTD\GOMECC4\data\rb2103_0122.hex
* Software Version Seasave V 7.26.7.107
* Temperature SN = 4799
* Conductivity SN = 3860
* Number of Bytes Per Scan = 41
* Number of Voltage Words = 4
* Number of Scans Averaged by the Deck Unit = 1
* NMEA Latitude = 26 39.93 N
* NMEA Longitude = 085 00.17 W
* NMEA UTC (Time) = Sep 18 2021  13:28:43
* NMEA baud rate = 4800
# nquan = 28
# nvalues = 828                         
# units = specified
# name 0 = scan: Scan Count
# name 1 = timeS: Time, Elapsed [seconds]
# name 2 = depSM: Depth [salt water, m]
# name 3 = prDM: Pressure, Digiquartz [db]
# name 4 = t090C: Temperature [ITS-90, deg C]
# name 5 = t190C: Temperature, 2 [ITS-90, deg C]
# name 6 = c0S/m: Conductivity [S/m]
# name 7 = c1S/m: Conductivity, 2 [S/m]
# name 8 = sbeox0V: Oxygen raw, SBE 43 [V]
# name 9 = sbeox1V: Oxygen raw, SBE 43, 2 [V]
# name 10 = altM: Altimeter [m]
# name 11 = latitude: Latitude [deg]
# name 12 = longitude: Longitude [deg]
# name 13 = sbox0dV/dT: Oxygen, SBE 43 [dov/dt]
# name 14 = sbox1dV/dT: Oxygen, SBE 43, 2 [dov/dt]
# name 15 = sbeox0ML/L: Oxygen, SBE 43 [ml/l], WS = 5
# name 16 = sbeox1ML/L: Oxygen, SBE 43, 2 [ml/l], WS = 5
# name 17 = potemp090C: Potential Temperature [ITS-90, deg C]
# name 18 = potemp190C: Potential Temperature, 2 [ITS-90, deg C]
# name 19 = sal00: Salinity, Practical [PSU]
# name 20 = sal11: Salinity, Practical, 2 [PSU]
# name 21 = sigma-é00: Density [sigma-theta, kg/m^3]
# name 22 = sigma-é11: Density, 2 [sigma-theta, kg/m^3]
# name 23 = avgsvCM: Average Sound Velocity [Chen-Millero, m/s], minP = 20, minS = 20
# name 24 = sbox0Mm/Kg: Oxygen, SBE 43 [umol/kg], WS = 5
# name 25 = sbox1Mm/Kg: Oxygen, SBE 43, 2 [umol/kg], WS = 5
# name 26 = nbin: number of scans per bin
# name 27 = flag: flag
# span 0 =       5059,     232323       
# span 1 =    210.765,   9680.102       
# span 2 =      1.987,   3276.439       
# span 3 =      2.000,   3324.000       
# span 4 =     4.3014,    30.4606       
# span 5 =     4.3023,    30.4349       
# span 6 =   3.348901,   5.995744       
# span 7 =   3.348830,   5.995962       
# span 8 =     1.6139,     3.1920       
# span 9 =     1.3189,     2.7111       
# span 10 =      10.29,     106.59      
# span 11 =   26.57926,   27.29047      
# span 12 =  -87.01554,  -84.72906      
# span 13 =   -0.02639,    0.10622      
# span 14 =   -0.02147,    0.07387      
# span 15 =     2.5903,     4.6987      
# span 16 =     2.6224,     4.7392      
# span 17 =     4.0795,    30.4596      
# span 18 =     4.0808,    30.4326      
# span 19 =    34.2620,    36.7058      
# span 20 =    34.3912,    36.7055      
# span 21 =    21.2240,    27.7610      
# span 22 =    21.3624,    27.7595      
# span 23 =       0.00,    1544.32      
# span 24 =    112.626,    204.177      
# span 25 =    114.023,    205.939      
# span 26 =         30,         79      
# span 27 = 0.0000e+00, 0.0000e+00      
# interval = decibars: 1                
# start_time = Sep 18 2021 13:28:43 [NMEA time, header]
# bad_flag = -9.990e-29
*END*
       5059    210.765      3.974      4.000    29.4049    29.1643   5.715291   5.699440     2.4565     1.9381      77.08   26.66546  -85.00312    0.00461    0.01578     3.1288     2.9162    29.4039    29.1633    34.6106    34.6760    21.6363    21.7663       0.00    136.772    127.461         32 0.0000e+00
       5149    214.486      4.967      5.000    29.5139    29.7285   5.708079   5.716689     2.3909     2.0256      96.97   26.66546  -85.00312   -0.01347    0.02272     3.0074     3.0684    29.5126    29.7273    34.4829    34.3912    21.5038    21.3624       0.00    131.484    134.167         54 0.0000e+00
       5239    218.249      5.961      6.000    29.8803    29.9836   5.710966   5.787556     2.2580     2.0206     100.05   26.66546  -85.00313   -0.02639    0.00859     2.7694     3.0417    29.8502    29.9821    34.2620    34.6844    21.2240    21.4957       0.00    121.118    132.983         35 0.0000e+00
       5326    221.886      6.954      7.000    30.2468    30.2371   5.828102   5.893808     2.3960     2.1517      92.98   26.66546  -85.00314    0.01235    0.00947     3.0008     3.3014    30.2606    30.2353    34.7576    35.2125    21.4552    21.8021       0.00    131.193    144.292         63 0.0000e+00
       5416    225.608      7.947      8.000    30.4335    30.4294   5.985250   5.988609     2.9952     2.5670      99.58   26.66545  -85.00315    0.10622    0.07387     4.0057     4.0733    30.4325    30.4274    35.6903    35.7163    22.0951    22.1162       0.00    175.024    177.975         35 0.0000e+00
       5504    229.309      8.941      9.000    30.4316    30.4349   5.995265   5.995962     3.0873     2.6035      61.24   26.66546  -85.00316   -0.01267   -0.01845     4.1658     4.1426    30.4293    30.4326    35.7597    35.7620    22.1482    22.1487       0.00    182.013    180.999         36 0.0000e+00
       5659    235.755      9.934     10.000    30.4313    30.4280   5.995744   5.995058     3.0766     2.5992     106.59   26.66545  -85.00316   -0.00257   -0.00029     4.1474     4.1352    30.4288    30.4255    35.7629    35.7607    22.1508    22.1503       0.00    181.208    180.678         38 0.0000e+00
       5793    241.327     10.928     11.000    29.3077    29.3176   5.817521   5.819494     3.0788     2.6093      82.18   26.66546  -85.00316   -0.00085   -0.00045     4.2411     4.2374    29.3050    29.3149    35.3793    35.3856    22.2468    22.2481       0.00    185.287    185.125         33 0.0000e+00
      10180    424.120     13.908     14.000    28.9930    28.9944   5.771671   5.772015     3.1212     2.6557      99.55   26.57926  -84.72906    0.00084   -0.00041     4.3426     4.3552    28.9896    28.9910    35.2403    35.2417    22.2303    22.2308       0.00    189.711    190.260         61 0.0000e+00
      11560    481.616     14.901     15.000    29.0710    29.0726   5.789487   5.789849     3.1326     2.6705     100.00   26.66528  -85.00348    0.00062    0.00104     4.3605     4.3832    29.0674    29.0689    35.3598    35.3612    22.3117    22.3122       0.00    190.490    191.480         54 0.0000e+00
      11609    483.650     15.895     16.000    29.0660    29.0665   5.792309   5.792455     3.1315     2.6675     100.00   26.66528  -85.00348   -0.00033   -0.00021     4.3590     4.3777    29.0621    29.0626    35.3827    35.3834    22.3307    22.3310       0.00    190.419    191.236         64 0.0000e+00
      11673    486.334     16.888     17.000    29.0694    29.0705   5.795083   5.795401     3.1283     2.6622     100.00   26.66527  -85.00348   -0.00089   -0.00202     4.3528     4.3665    29.0648    29.0665    35.3975    35.3983    22.3409    22.3411       0.00    190.147    190.748         58 0.0000e+00
      11724    488.443     17.881     18.000    28.9852    28.9870   5.790501   5.790844     3.1283     2.6642     100.00   26.66526  -85.00348   -0.00059   -0.00017     4.3597     4.3754    28.9808    28.9826    35.4196    35.4202    22.3856    22.3855       0.00    190.443    191.127         50 0.0000e+00
      11780    490.811     18.875     19.000    28.9780    28.9787   5.791647   5.791913     3.1301     2.6682     100.00   26.66526  -85.00348    0.00036    0.00117     4.3633     4.3854    28.9734    28.9741    35.4425    35.4434    22.4053    22.4057       0.00    190.594    191.560         63 0.0000e+00
      11840    493.286     19.868     20.000    28.9855    28.9862   5.793919   5.794127     3.1319     2.6715     100.00   26.66526  -85.00349    0.00126    0.00186     4.3662     4.3920    28.9807    28.9814    35.4524    35.4533    22.4103    22.4107     719.12    190.719    191.845         51 0.0000e+00
      11887    495.263     20.861     21.000    28.9832    28.9845   5.794298   5.794625     3.1339     2.6706     100.00   26.66526  -85.00350    0.00036   -0.00008     4.3703     4.3906    28.9782    28.9795    35.4564    35.4577    22.4141    22.4146    1516.25    190.901    191.786         51 0.0000e+00
      11947    497.735     21.855     22.000    28.9795    28.9806   5.794168   5.794486     3.1332     2.6691     100.00   26.66526  -85.00350    0.00052   -0.00008     4.3699     4.3884    28.9742    28.9753    35.4580    35.4593    22.4166    22.4173    1544.29    190.880    191.690         60 0.0000e+00
      11997    499.854     22.848     23.000    28.9742    28.9753   5.794284   5.794544     3.1335     2.6690     100.00   26.66526  -85.00350   -0.00056   -0.00066     4.3713     4.3890    28.9686    28.9697    35.4624    35.4634    22.4218    22.4222    1544.29    190.942    191.716         46 0.0000e+00
      12044    501.807     23.841     24.000    28.9749    28.9757   5.796649   5.796873     3.1341     2.6695     100.00   26.66526  -85.00350    0.00054    0.00046     4.3724     4.3901    28.9691    28.9699    35.4779    35.4789    22.4333    22.4338    1544.29    190.988    191.759         49 0.0000e+00
      12098    504.029     24.835     25.000    28.9748    28.9759   5.800207   5.800400     3.1355     2.6668      90.52   26.66526  -85.00350    0.00031   -0.00095     4.3748     4.3846    28.9687    28.9698    35.5023    35.5028    22.4517    22.4517    1544.29    191.090    191.516         57 0.0000e+00
      12153    506.327     25.828     26.000    28.9438    28.9468   5.800959   5.801279     3.1358     2.6715     100.24   26.66524  -85.00352    0.00055    0.00076     4.3777     4.3961    28.9375    28.9406    35.5303    35.5302    22.4832    22.4821    1544.30    191.209    192.012         50 0.0000e+00
      12198    508.203     26.821     27.000    28.8715    28.8743   5.796790   5.797235     3.1410     2.6762      93.03   26.66524  -85.00352    0.00079    0.00290     4.3930     4.4105    28.8647    28.8679    35.5552    35.5563    22.5263    22.5261    1544.30    191.868    192.634         40 0.0000e+00
      12251    510.400     27.815     28.000    28.8313    28.8326   5.795797   5.795723     3.1448     2.6743      82.49   26.66524  -85.00352    0.00257    0.00009     4.4027     4.4099    28.8245    28.8258    35.5779    35.5764    22.5567    22.5552    1544.30    192.286    192.602         65 0.0000e+00
      12309    512.836     28.808     29.000    28.7932    28.7959   5.802237   5.802238     3.1402     2.6778     100.67   26.66524  -85.00352   -0.00069    0.00098     4.3952     4.4190    28.7813    28.7891    35.6543    35.6566    22.6285    22.6314    1544.30    191.945    192.987         45 0.0000e+00
      12352    514.607     29.801     30.000    28.7903    28.7907   5.817824   5.817404     3.1361     2.6777      63.73   26.66524  -85.00352   -0.00254    0.00131     4.3866     4.4164    28.7830    28.7835    35.7607    35.7576    22.7080    22.7055    1544.29    191.556    192.857         46 0.0000e+00
      12406    516.881     30.795     31.000    28.7966    28.7970   5.831701   5.831801     3.1373     2.6725      89.32   26.66524  -85.00352   -0.00085   -0.00178     4.3866     4.4037    28.7891    28.7895    35.8519    35.8523    22.7744    22.7745    1544.30    191.541    192.291         62 0.0000e+00
      12460    519.134     31.788     32.000    28.8451    28.8448   5.848646   5.848474     3.1414     2.6751     100.14   26.66524  -85.00352    0.00177   -0.00056     4.3889     4.4040    28.8374    28.8371    35.9325    35.9316    22.8189    22.8183    1544.31    191.633    192.295         44 0.0000e+00
      12506    521.054     32.781     33.000    28.7423    28.7517   5.843140   5.844218     3.1386     2.6720      85.63   26.66524  -85.00352    0.00054    0.00081     4.3911     4.4045    28.7344    28.7438    35.9705    35.9720    22.8818    22.8798    1544.32    191.722    192.305         52 0.0000e+00
      12558    523.203     33.774     34.000    28.5750    28.5816   5.819713   5.820717     3.1312     2.6690      99.96   26.66524  -85.00352   -0.00292   -0.00277     4.3921     4.4118    28.5668    28.5735    35.9350    35.9370    22.9109    22.9102    1544.32    191.756    192.618         49 0.0000e+00
      12612    525.468     34.768     35.000    28.4192    28.4209   5.799721   5.799878     3.1290     2.6647     100.00   26.66524  -85.00352   -0.00225   -0.00126     4.4013     4.4161    28.4109    28.4126    35.9133    35.9131    22.9463    22.9456    1544.30    192.154    192.800         60 0.0000e+00
      12665    527.684     35.761     36.000    28.4681    28.4683   5.812824   5.813040     3.1315     2.6693     100.00   26.66524  -85.00353    0.00075    0.00020     4.4012     4.4209    28.4600    28.4597    35.9670    35.9688    22.9704    22.9718    1544.29    192.144    193.005         43 0.0000e+00
      12708    529.439     36.754     37.000    28.5562    28.5565   5.835827   5.835870     3.1344     2.6668     100.00   26.66524  -85.00354    0.00136    0.00085     4.3978     4.4076    28.5473    28.5476    36.0607    36.0608    23.0119    23.0118    1544.29    191.987    192.417         47 0.0000e+00
      12766    531.875     37.747     38.000    28.5120    28.5163   5.833986   5.834687     3.1276     2.6662     100.00   26.66524  -85.00354   -0.00105   -0.00087     4.3890     4.4094    28.5029    28.5072    36.0812    36.0828    23.0420    23.0418    1544.29    191.599    192.488         62 0.0000e+00
      12816    533.952     38.741     39.000    28.4642    28.4657   5.828112   5.828558     3.1263     2.6676      99.95   26.66524  -85.00354   -0.00209    0.00057     4.3909     4.4166    28.4549    28.4564    36.0760    36.0775    23.0541    23.0547    1544.29    191.679    192.800         43 0.0000e+00
      12864    535.945     39.734     40.000    28.4427    28.4436   5.826476   5.826737     3.1267     2.6634     100.00   26.66524  -85.00354   -0.00020   -0.00090     4.3937     4.4102    28.4329    28.4340    36.0811    36.0821    23.0652    23.0655    1544.28    191.797    192.517         54 0.0000e+00
      12918    538.229     40.727     41.000    28.4645    28.4660   5.844227   5.844243     3.1265     2.6606      88.49   26.66523  -85.00355    0.00026   -0.00101     4.3895     4.3997    28.4549    28.4563    36.1879    36.1864    23.1382    23.1364    1544.28    191.600    192.049         54 0.0000e+00
      12970    540.379     41.721     42.000    28.4145    28.4166   5.840309   5.840773     3.1223     2.6547      84.12   26.66523  -85.00356   -0.00123   -0.00323     4.3860     4.3919    28.4060    28.4066    36.1975    36.1986    23.1616    23.1616    1544.28    191.447    191.701         48 0.0000e+00
      13017    542.334     42.714     43.000    28.0677    28.0965   5.795629   5.798997     3.1162     2.6574      99.84   26.66523  -85.00356   -0.00210    0.00006     4.4022     4.4225    28.0575    28.0863    36.1502    36.1518    23.2409    23.2326    1544.27    192.135    193.025         48 0.0000e+00
      13068    544.448     43.707     44.000    27.3517    27.3816   5.713085   5.715937     3.0929     2.6416     100.00   26.66522  -85.00356   -0.00737   -0.00204     4.4180     4.4449    27.3415    27.3714    36.1172    36.1143    23.4494    23.4376    1544.24    192.785    193.962         54 0.0000e+00
      13121    546.678     44.700     45.000    26.8275    26.8346   5.661968   5.662943     3.0722     2.6183     100.00   26.66522  -85.00356   -0.01037   -0.01129     4.4204     4.4378    26.8171    26.8242    36.1581    36.1582    23.6489    23.6467    1544.16    192.853    193.611         51 0.0000e+00
      13173    548.817     45.694     46.000    26.7224    26.7246   5.654193   5.654208     3.0697     2.6223     100.00   26.66522  -85.00356   -0.00499   -0.00358     4.4228     4.4524    26.7203    26.7142    36.1773    36.1785    23.6943    23.6956    1544.08    192.952    194.241         51 0.0000e+00
      13220    550.785     46.687     47.000    26.3765    26.3937   5.623462   5.623089     3.0537     2.6099      80.86   26.66522  -85.00356   -0.00254    0.00050     4.4165     4.4490    26.3656    26.3832    36.2195    36.2162    23.8387    23.8357    1544.00    192.645    194.069         46 0.0000e+00
      13274    553.036     47.680     48.000    26.2986    26.3108   5.625046   5.625871     3.0494     2.6095      97.90   26.66522  -85.00356   -0.00643   -0.00494     4.4161     4.4545    26.2877    26.2999    36.3102    36.3069    23.9317    23.9255    1543.92    192.612    194.291         62 0.0000e+00
      13330    555.357     48.673     49.000    25.8356    25.8595   5.585929   5.588055     3.0448     2.6059     100.09   26.66522  -85.00356    0.00071    0.00251     4.4439     4.4806    25.8247    25.8486    36.3859    36.3824    24.1340    24.1240    1543.82    193.787    195.389         43 0.0000e+00
      13363    556.753     49.667     50.000    25.4936    25.4997   5.552882   5.553521     3.0215     2.5812     100.00   26.66522  -85.00356   -0.00659   -0.00722     4.4264     4.4552    25.4826    25.4887    36.4155    36.4153    24.2629    24.2609    1543.71    192.999    194.257         31 0.0000e+00
      13400    558.285     50.660     51.000    25.3710    25.3739   5.540310   5.540758     3.0051     2.5669     100.00   26.66521  -85.00358   -0.01299   -0.01313     4.4052     4.4347    25.3597    25.3627    36.4205    36.4214    24.3047    24.3045    1543.59    192.068    193.352         43 0.0000e+00
      13445    560.171     51.653     52.000    25.3199    25.3223   5.535044   5.535446     2.9948     2.5606     100.00   26.66520  -85.00358   -0.00903   -0.00718     4.3899     4.4255    25.3085    25.3108    36.4221    36.4232    24.3217    24.3218    1543.47    191.396    192.951         41 0.0000e+00
      13517    563.156     54.632     55.000    25.0409    25.0441   5.512224   5.512542     2.9602     2.5252      89.35   26.63605  -84.91066   -0.00801   -0.00800     4.3497     4.3757    25.0289    25.0321    36.5014    36.5012    24.4671    24.4660    1541.44    189.618    190.751         36 0.0000e+00
      13573    565.496     55.626     56.000    25.0054    25.0060   5.514496   5.514763     2.9389     2.5061     100.23   26.66520  -85.00358   -0.01295   -0.01245     4.3063     4.3324    24.9932    24.9938    36.5215    36.5229    24.4937    24.4946    1543.02    187.722    188.859         45 0.0000e+00
      13610    567.037     56.619     57.000    24.8775    24.8860   5.501592   5.502330     2.9267     2.4989     100.00   26.66520  -85.00358   -0.01215   -0.01044     4.2911     4.3237    24.8651    24.8737    36.5282    36.5276    24.5379    24.5348    1542.92    187.052    188.471         30 0.0000e+00
      13698    570.694     59.598     60.000    24.5467    24.5490   5.465784   5.466160     2.8783     2.4543      99.99   26.66259  -84.99524   -0.01348   -0.01240     4.2258     4.2564    24.5338    24.5361    36.5257    36.5266    24.6362    24.6362    1542.42    184.187    185.518         37 0.0000e+00
