Gulf of Mexico/GOMECC-4/1db/rb2103_0331.ros
* Sea-Bird SBE 9 Data File:
* FileName = C:\Users\scs.user.rb\CTD\GOMECC4\data\rb2103_0331.hex
* Software Version Seasave V 7.26.7.107
* Temperature SN = 4799
* Conductivity SN = 3860
* Number of Bytes Per Scan = 41
* Number of Voltage Words = 4
* Number of Scans Averaged by the Deck Unit = 1
* NMEA Latitude = 29 27.77 N
* NMEA Longitude = 087 14.16 W
* NMEA UTC (Time) = Sep 23 2021  23:47:16
* NMEA baud rate = 4800
# nquan = 17
# nvalues = 2660                                  
# units = specified
# name 0 = scan: Scan Count
# name 1 = timeS: Time, Elapsed [seconds]
# name 2 = depSM: Depth [salt water, m]
# name 3 = prDM: Pressure, Digiquartz [db]
# name 4 = t090C: Temperature [ITS-90, deg C]
# name 5 = t190C: Temperature, 2 [ITS-90, deg C]
# name 6 = c0S/m: Conductivity [S/m]
# name 7 = c1S/m: Conductivity, 2 [S/m]
# name 8 = sbeox0V: Oxygen raw, SBE 43 [V]
# name 9 = sbeox1V: Oxygen raw, SBE 43, 2 [V]
# name 10 = altM: Altimeter [m]
# name 11 = latitude: Latitude [deg]
# name 12 = longitude: Longitude [deg]
# name 13 = sbox0dV/dT: Oxygen, SBE 43 [dov/dt]
# name 14 = sbox1dV/dT: Oxygen, SBE 43, 2 [dov/dt]
# name 15 = nbf: Bottles Fired
# name 16 = flag:  0.000e+00
# interval = seconds: 0.0416667
# start_time = Sep 23 2021 23:47:16 [NMEA time, header]
# bad_flag = -9.990e-29
*END*
[from data line 1873]
      60353   2514.667     35.152     35.394    27.7789    27.7792   5.668067   5.668191     3.1587     2.6935     100.00   29.46278  -87.23648   -0.00092    0.00014         15  0.000e+00
      60354   2514.708     35.152     35.394    27.7798    27.7802   5.667997   5.668159     3.1587     2.6935     100.00   29.46278  -87.23648   -0.00095    0.00011         15  0.000e+00
      60355   2514.750     35.152     35.394    27.7796    27.7809   5.668004   5.668072     3.1587     2.6935     100.00   29.46278  -87.23648   -0.00098    0.00009         15  0.000e+00
      60356   2514.792     35.091     35.333    27.7787    27.7822   5.668090   5.668128     3.1587     2.6935     100.00   29.46278  -87.23646   -0.00101    0.00006         15  0.000e+00
      60357   2514.833     35.091     35.333    27.7781    27.7833   5.668075   5.668088     3.1575     2.6935     100.00   29.46278  -87.23646   -0.00105    0.00005         15  0.000e+00
      60358   2514.875     35.091     35.333    27.7778    27.7844   5.668098   5.668025     3.1587     2.6935      84.03   29.46278  -87.23646   -0.00108    0.00005         15  0.000e+00
      60359   2514.917     35.091     35.333    27.7778    27.7848   5.668114   5.668001     3.1587     2.6935      66.96   29.46278  -87.23646   -0.00112    0.00004         15  0.000e+00
      60360   2514.958     35.114     35.356    27.7780    27.7846   5.668075   5.668009     3.1575     2.6935      63.00   29.46278  -87.23646   -0.00118    0.00003         15  0.000e+00
      60361   2515.000     34.978     35.219    27.7790    27.7844   5.668067   5.668017     3.1575     2.6935      63.86   29.46278  -87.23646   -0.00124    0.00003         15  0.000e+00
      60362   2515.042     35.152     35.394    27.7802    27.7842   5.668028   5.667977     3.1575     2.6935      64.69   29.46278  -87.23646   -0.00130    0.00004         15  0.000e+00
      60363   2515.083     35.038     35.280    27.7811    27.7844   5.667981   5.667953     3.1575     2.6935      64.86   29.46278  -87.23646   -0.00135    0.00005         15  0.000e+00
      60364   2515.125     34.978     35.219    27.7814    27.7852   5.667793   5.667961     3.1587     2.6935      64.81   29.46278  -87.23646   -0.00139    0.00006         15  0.000e+00
      60365   2515.167     35.091     35.333    27.7825    27.7853   5.667598   5.667898     3.1587     2.6935      64.76   29.46278  -87.23646   -0.00143    0.00008         15  0.000e+00
      60366   2515.208     34.978     35.219    27.7827    27.7861   5.667832   5.667882     3.1587     2.6935      64.76   29.46278  -87.23646   -0.00145    0.00011         15  0.000e+00
      60367   2515.250     35.038     35.280    27.7825    27.7866   5.667887   5.667858     3.1587     2.6935      64.76   29.46278  -87.23646   -0.00147    0.00013         15  0.000e+00
      60368   2515.292     34.978     35.219    27.7825    27.7869   5.667879   5.667834     3.1575     2.6935      64.76   29.46278  -87.23646   -0.00152    0.00014         15  0.000e+00
      60369   2515.333     34.978     35.219    27.7823    27.7870   5.667910   5.667834     3.1587     2.6935      64.76   29.46278  -87.23646   -0.00153    0.00015         15  0.000e+00
      60370   2515.375     34.978     35.219    27.7823    27.7872   5.667926   5.667834     3.1587     2.6935      64.76   29.46278  -87.23646   -0.00155    0.00018         15  0.000e+00
      60371   2515.417     34.978     35.219    27.7827    27.7877   5.667887   5.667850     3.1587     2.6935      64.76   29.46278  -87.23646   -0.00156    0.00021         15  0.000e+00
      60372   2515.458     34.925     35.166    27.7831    27.7878   5.667879   5.667874     3.1587     2.6935      64.76   29.46278  -87.23646   -0.00157    0.00023         15  0.000e+00
      60373   2515.500     34.978     35.219    27.7838    27.7875   5.667879   5.667882     3.1587     2.6935      64.79   29.46278  -87.23646   -0.00160    0.00026         15  0.000e+00
      60374   2515.542     34.925     35.166    27.7851    27.7877   5.667910   5.667842     3.1600     2.6935      64.76   29.46278  -87.23646   -0.00160    0.00029         15  0.000e+00
      60375   2515.583     34.925     35.166    27.7851    27.7878   5.667926   5.667850     3.1600     2.6947      64.76   29.46278  -87.23646   -0.00159    0.00033         15  0.000e+00
      60376   2515.625     34.925     35.166    27.7852    27.7881   5.667926   5.667834     3.1600     2.6947      64.76   29.46278  -87.23646   -0.00158    0.00038         15  0.000e+00
      60377   2515.667     34.925     35.166    27.7856    27.7881   5.667957   5.667795     3.1600     2.6947      64.76   29.46278  -87.23646   -0.00157    0.00043         15  0.000e+00
      60378   2515.708     34.872     35.113    27.7860    27.7879   5.667903   5.667858     3.1600     2.6947      64.76   29.46278  -87.23646   -0.00156    0.00047         15  0.000e+00
      60379   2515.750     34.925     35.166    27.7858    27.7880   5.667879   5.667898     3.1600     2.6947      64.76   29.46278  -87.23646   -0.00155    0.00050         15  0.000e+00
      60380   2515.792     34.872     35.113    27.7862    27.7881   5.667879   5.667850     3.1600     2.6947      64.76   29.46278  -87.23646   -0.00156    0.00053         15  0.000e+00
      60381   2515.833     34.925     35.166    27.7852    27.7883   5.667879   5.667866     3.1600     2.6947      79.66   29.46278  -87.23646   -0.00155    0.00055         15  0.000e+00
      60382   2515.875     34.872     35.113    27.7851    27.7881   5.667809   5.667882     3.1600     2.6960      97.39   29.46278  -87.23646   -0.00154    0.00060         15  0.000e+00
      60383   2515.917     34.872     35.113    27.7847    27.7884   5.667785   5.667826     3.1600     2.6947     100.00   29.46278  -87.23646   -0.00152    0.00062         15  0.000e+00
      60384   2515.958     34.872     35.113    27.7847    27.7881   5.667785   5.667858     3.1600     2.6947     100.00   29.46278  -87.23646   -0.00151    0.00065         15  0.000e+00
      60385   2516.000     34.835     35.075    27.7852    27.7888   5.667785   5.667842     3.1600     2.6947     100.00   29.46278  -87.23646   -0.00150    0.00066         15  0.000e+00
      60386   2516.042     34.872     35.113    27.7854    27.7893   5.667785   5.667834     3.1600     2.6947      99.98   29.46278  -87.23646   -0.00148    0.00067         15  0.000e+00
      60387   2516.083     34.872     35.113    27.7856    27.7892   5.667785   5.667850     3.1600     2.6947     100.00   29.46278  -87.23646   -0.00145    0.00067         15  0.000e+00
      60388   2516.125     34.812     35.052    27.7859    27.7896   5.667817   5.667906     3.1600     2.6947     100.00   29.46278  -87.23646   -0.00141    0.00068         15  0.000e+00
      60389   2516.167     34.925     35.166    27.7858    27.7899   5.667793   5.667858     3.1600     2.6947     100.00   29.46278  -87.23646   -0.00138    0.00068         15  0.000e+00
      60390   2516.208     34.759     34.999    27.7858    27.7899   5.667856   5.667866     3.1600     2.6947     100.00   29.46278  -87.23646   -0.00134    0.00069         15  0.000e+00
      60391   2516.250     34.872     35.113    27.7864    27.7901   5.667809   5.667858     3.1612     2.6935     100.00   29.46278  -87.23646   -0.00129    0.00067         15  0.000e+00
      60392   2516.292     34.812     35.052    27.7867    27.7903   5.667856   5.667906     3.1612     2.6935     100.00   29.46278  -87.23646   -0.00123    0.00066         15  0.000e+00
      60393   2516.333     34.925     35.166    27.7865    27.7906   5.667809   5.667890     3.1600     2.6923     100.00   29.46278  -87.23646   -0.00119    0.00063         15  0.000e+00
      60394   2516.375     34.812     35.052    27.7869    27.7912   5.667785   5.667898     3.1600     2.6923     100.00   29.46278  -87.23646   -0.00114    0.00059         15  0.000e+00
      60395   2516.417     34.759     34.999    27.7876    27.7909   5.667887   5.667921     3.1612     2.6923     100.00   29.46278  -87.23646   -0.00108    0.00056         15  0.000e+00
      60396   2516.458     34.872     35.113    27.7884    27.7911   5.667887   5.667929     3.1612     2.6923     100.00   29.46278  -87.23646   -0.00100    0.00053         15  0.000e+00
      60397   2516.500     34.873     35.113    27.7889    27.7912   5.667910   5.667929     3.1612     2.6923     100.00   29.46278  -87.23646   -0.00092    0.00050         15  0.000e+00
      60398   2516.542     34.812     35.052    27.7891    27.7910   5.667887   5.667874     3.1612     2.6911     100.00   29.46278  -87.23646   -0.00084    0.00045         15  0.000e+00
      60399   2516.583     34.873     35.113    27.7895    27.7912   5.667949   5.667937     3.1600     2.6923     100.00   29.46278  -87.23646   -0.00080    0.00042         15  0.000e+00
      60400   2516.625     34.812     35.052    27.7898    27.7908   5.667902   5.667937     3.1600     2.6911     100.00   29.46278  -87.23646   -0.00077    0.00035         15  0.000e+00
      60401   2516.667     34.812     35.052    27.7893    27.7910   5.667910   5.667929     3.1612     2.6911     100.00   29.46278  -87.23646   -0.00070    0.00028         15  0.000e+00
      60402   2516.708     34.873     35.113    27.7889    27.7910   5.667926   5.667906     3.1612     2.6911     100.00   29.46278  -87.23646   -0.00064    0.00022         15  0.000e+00
      60403   2516.750     34.873     35.113    27.7885    27.7910   5.667887   5.667953     3.1624     2.6911     100.00   29.46278  -87.23646   -0.00056    0.00017         15  0.000e+00
      60404   2516.792     34.812     35.052    27.7882    27.7907   5.667879   5.667898     3.1612     2.6911     100.00   29.46278  -87.23648   -0.00049    0.00010         15  0.000e+00
      60405   2516.833     34.873     35.113    27.7878    27.7907   5.667879   5.667913     3.1624     2.6899     100.00   29.46278  -87.23648   -0.00041    0.00002         15  0.000e+00
      60406   2516.875     34.812     35.052    27.7882    27.7908   5.667910   5.667977     3.1624     2.6899     100.00   29.46278  -87.23648   -0.00034   -0.00007         15  0.000e+00
      60407   2516.917     34.873     35.113    27.7882    27.7907   5.667856   5.667906     3.1624     2.6899     100.00   29.46278  -87.23648   -0.00025   -0.00015         15  0.000e+00
      60408   2516.958     34.873     35.113    27.7884    27.7909   5.667863   5.667945     3.1624     2.6899     100.00   29.46278  -87.23648   -0.00017   -0.00021         15  0.000e+00
      60409   2517.000     34.812     35.052    27.7884    27.7909   5.667910   5.667937     3.1624     2.6899     100.00   29.46278  -87.23648   -0.00008   -0.00028         15  0.000e+00
      60410   2517.042     34.873     35.113    27.7878    27.7906   5.667957   5.667977     3.1624     2.6886     100.00   29.46278  -87.23648    0.00000   -0.00036         15  0.000e+00
      60411   2517.083     34.926     35.166    27.7878    27.7907   5.667903   5.667874     3.1624     2.6899     100.00   29.46278  -87.23648    0.00007   -0.00042         15  0.000e+00
      60412   2517.125     34.835     35.075    27.7880    27.7907   5.667879   5.667589     3.1624     2.6886     100.00   29.46278  -87.23648    0.00014   -0.00050         15  0.000e+00
      60413   2517.167     34.873     35.113    27.7869    27.7908   5.667840   5.667850     3.1624     2.6886     100.00   29.46278  -87.23648    0.00021   -0.00058         15  0.000e+00
      60414   2517.208     34.873     35.113    27.7847    27.7909   5.667832   5.667921     3.1636     2.6899     100.00   29.46278  -87.23648    0.00029   -0.00064         15  0.000e+00
      60415   2517.250     34.873     35.113    27.7842    27.7909   5.667903   5.667921     3.1624     2.6899     100.00   29.46278  -87.23648    0.00038   -0.00070         15  0.000e+00
      60416   2517.292     34.926     35.166    27.7856    27.7910   5.667926   5.667929     3.1624     2.6899     100.00   29.46278  -87.23648    0.00046   -0.00076         15  0.000e+00
      60417   2517.333     34.873     35.113    27.7882    27.7909   5.667957   5.667953     3.1636     2.6899     100.00   29.46278  -87.23648    0.00055   -0.00080         15  0.000e+00
      60418   2517.375     34.873     35.113    27.7896    27.7907   5.667973   5.668024     3.1636     2.6899     100.00   29.46278  -87.23648    0.00064   -0.00084         15  0.000e+00
      60419   2517.417     34.926     35.166    27.7902    27.7905   5.668004   5.667921     3.1636     2.6911     100.00   29.46278  -87.23648    0.00072   -0.00086         15  0.000e+00
      60420   2517.458     34.926     35.166    27.7902    27.7908   5.668020   5.667913     3.1636     2.6899     100.00   29.46278  -87.23648    0.00081   -0.00089         15  0.000e+00
      60421   2517.500     34.873     35.113    27.7898    27.7907   5.667981   5.667929     3.1624     2.6911     100.00   29.46278  -87.23648    0.00087   -0.00091         15  0.000e+00
      60422   2517.542     34.926     35.167    27.7896    27.7901   5.668004   5.667977     3.1624     2.6911     100.00   29.46278  -87.23648    0.00092   -0.00093         15  0.000e+00
      60423   2517.583     34.926     35.167    27.7887    27.7899   5.667981   5.667977     3.1636     2.6923     100.00   29.46278  -87.23648    0.00099   -0.00093         15  0.000e+00
      60424   2517.625     34.926     35.167    27.7882    27.7894   5.667973   5.668001     3.1636     2.6911     100.00   29.46278  -87.23648    0.00105   -0.00095         15  0.000e+00
      60425   2517.667     34.926     35.167    27.7875    27.7887   5.667903   5.668016     3.1636     2.6923     100.00   29.46278  -87.23648    0.00112   -0.00095         15  0.000e+00
      60426   2517.708     34.926     35.167    27.7875    27.7883   5.667910   5.668001     3.1636     2.6923     100.00   29.46278  -87.23648    0.00118   -0.00094         15  0.000e+00
      60427   2517.750     34.926     35.167    27.7858    27.7877   5.667856   5.668009     3.1636     2.6923     100.00   29.46278  -87.23648    0.00125   -0.00094         15  0.000e+00
      60428   2517.792     34.979     35.220    27.7851    27.7872   5.667832   5.668088     3.1648     2.6923     100.00   29.46278  -87.23648    0.00131   -0.00094         15  0.000e+00
      60429   2517.833     34.926     35.167    27.7851    27.7870   5.667832   5.668112     3.1648     2.6923     100.00   29.46278  -87.23648    0.00137   -0.00094         15  0.000e+00
      60430   2517.875     34.979     35.220    27.7838    27.7869   5.667832   5.668024     3.1648     2.6923     100.00   29.46278  -87.23648    0.00143   -0.00093         15  0.000e+00
      60431   2517.917     34.979     35.220    27.7827    27.7872   5.667793   5.668048     3.1648     2.6923     100.00   29.46278  -87.23648    0.00149   -0.00093         15  0.000e+00
      60432   2517.958     34.926     35.167    27.7818    27.7874   5.667817   5.668024     3.1648     2.6923     100.00   29.46278  -87.23648    0.00155   -0.00093         15  0.000e+00
      60433   2518.000     34.979     35.220    27.7813    27.7877   5.667793   5.668048     3.1648     2.6923     100.00   29.46278  -87.23648    0.00158   -0.00092         15  0.000e+00
      60434   2518.042     34.979     35.220    27.7811    27.7877   5.667817   5.668017     3.1648     2.6923     100.00   29.46278  -87.23648    0.00162   -0.00092         15  0.000e+00
      60435   2518.083     34.979     35.220    27.7807    27.7887   5.667832   5.668048     3.1648     2.6923     100.00   29.46278  -87.23648    0.00165   -0.00090         15  0.000e+00
      60436   2518.125     34.979     35.220    27.7805    27.7887   5.667832   5.668064     3.1648     2.6923     100.00   29.46278  -87.23648    0.00169   -0.00089         15  0.000e+00
