Gulf of Mexico/GOMECC-4/1db/rb2103_1371.ros
* Sea-Bird SBE 9 Data File:
* FileName = C:\Users\scs.user.rb\CTD\GOMECC4\data\rb2103_1371.hex
* Software Version Seasave V 7.26.7.107
* Temperature SN = 4799
* Conductivity SN = 3860
* Number of Bytes Per Scan = 41
* Number of Voltage Words = 4
* Number of Scans Averaged by the Deck Unit = 1
* NMEA Latitude = 26 00.14 N
* NMEA Longitude = 084 11.82 W
* NMEA UTC (Time) = Oct 20 2021  06:05:28
* NMEA baud rate = 4800
# nquan = 17
# nvalues = 1330                                  
# units = specified
# name 0 = scan: Scan Count
# name 1 = timeS: Time, Elapsed [seconds]
# name 2 = depSM: Depth [salt water, m]
# name 3 = prDM: Pressure, Digiquartz [db]
# name 4 = t090C: Temperature [ITS-90, deg C]
# name 5 = t190C: Temperature, 2 [ITS-90, deg C]
# name 6 = c0S/m: Conductivity [S/m]
# name 7 = c1S/m: Conductivity, 2 [S/m]
# name 8 = sbeox0V: Oxygen raw, SBE 43 [V]
# name 9 = sbeox1V: Oxygen raw, SBE 43, 2 [V]
# name 10 = altM: Altimeter [m]
# name 11 = latitude: Latitude [deg]
# name 12 = longitude: Longitude [deg]
# name 13 = sbox0dV/dT: Oxygen, SBE 43 [dov/dt]
# name 14 = sbox1dV/dT: Oxygen, SBE 43, 2 [dov/dt]
# name 15 = nbf: Bottles Fired
# name 16 = flag:  0.000e+00
# interval = seconds: 0.0416667
# start_time = Oct 20 2021 06:05:28 [NMEA time, header]
# bad_flag = -9.990e-29
*END*
[from data line 596]
      25765   1073.500     54.580     54.944    23.4373    23.4587   5.318650   5.320613     3.0513     2.5958     100.00   26.00312  -84.19700    0.00047   -0.00070          5  0.000e+00
      25766   1073.542     54.526     54.890    23.4364    23.4586   5.318597   5.320713     3.0513     2.5958     100.00   26.00312  -84.19700    0.00047   -0.00070          5  0.000e+00
      25767   1073.583     54.526     54.890    23.4366    23.4576   5.318627   5.320660     3.0513     2.5971     100.00   26.00312  -84.19700    0.00047   -0.00068          5  0.000e+00
      25768   1073.625     54.580     54.944    23.4373    23.4555   5.318635   5.320451     3.0501     2.5971     100.00   26.00312  -84.19700    0.00045   -0.00066          5  0.000e+00
      25769   1073.667     54.580     54.944    23.4330    23.4537   5.318544   5.320274     3.0501     2.5971     100.00   26.00312  -84.19700    0.00043   -0.00064          5  0.000e+00
      25770   1073.708     54.526     54.890    23.4334    23.4516   5.318536   5.320081     3.0501     2.5971     100.00   26.00312  -84.19700    0.00041   -0.00063          5  0.000e+00
      25771   1073.750     54.580     54.944    23.4361    23.4506   5.318521   5.320020     3.0501     2.5983     100.00   26.00312  -84.19700    0.00039   -0.00059          5  0.000e+00
      25772   1073.792     54.478     54.842    23.4369    23.4506   5.318635   5.319958     3.0501     2.5971     100.00   26.00312  -84.19700    0.00037   -0.00057          5  0.000e+00
      25773   1073.833     54.641     55.006    23.4369    23.4508   5.318642   5.319997     3.0501     2.5983     100.00   26.00312  -84.19700    0.00035   -0.00053          5  0.000e+00
      25774   1073.875     54.580     54.944    23.4373    23.4515   5.318673   5.319958     3.0501     2.5983     100.00   26.00312  -84.19700    0.00033   -0.00049          5  0.000e+00
      25775   1073.917     54.580     54.944    23.4385    23.4518   5.318574   5.320027     3.0501     2.5983     100.00   26.00312  -84.19700    0.00031   -0.00045          5  0.000e+00
      25776   1073.958     54.526     54.890    23.4359    23.4520   5.318414   5.320074     3.0501     2.5983     100.00   26.00312  -84.19700    0.00029   -0.00041          5  0.000e+00
      25777   1074.000     54.580     54.945    23.4289    23.4526   5.318239   5.320128     3.0501     2.5983     100.00   26.00312  -84.19700    0.00027   -0.00037          5  0.000e+00
      25778   1074.042     54.627     54.992    23.4261    23.4529   5.318163   5.320159     3.0501     2.5983     100.00   26.00312  -84.19700    0.00025   -0.00033          5  0.000e+00
      25779   1074.083     54.580     54.945    23.4293    23.4526   5.318179   5.320351     3.0501     2.5983     100.00   26.00312  -84.19700    0.00024   -0.00029          5  0.000e+00
      25780   1074.125     54.580     54.945    23.4329    23.4567   5.318194   5.320852     3.0501     2.5983     100.00   26.00312  -84.19700    0.00022   -0.00027          5  0.000e+00
      25781   1074.167     54.594     54.958    23.4348    23.4640   5.318125   5.321654     3.0501     2.5983     100.00   26.00312  -84.19700    0.00022   -0.00023          5  0.000e+00
      25782   1074.208     54.627     54.992    23.4346    23.4675   5.318034   5.322117     3.0501     2.5983     100.00   26.00312  -84.19700    0.00021   -0.00020          5  0.000e+00
      25783   1074.250     54.580     54.945    23.4341    23.4718   5.317981   5.322379     3.0488     2.5995     100.00   26.00312  -84.19700    0.00017   -0.00014          5  0.000e+00
      25784   1074.292     54.627     54.992    23.4318    23.4745   5.317943   5.322425     3.0501     2.5995     100.00   26.00312  -84.19700    0.00017   -0.00010          5  0.000e+00
      25785   1074.333     54.580     54.945    23.4296    23.4714   5.317798   5.322140     3.0501     2.5995     100.00   26.00312  -84.19700    0.00015   -0.00004          5  0.000e+00
      25786   1074.375     54.627     54.992    23.4250    23.4701   5.317654   5.321893     3.0501     2.5995     100.00   26.00312  -84.19700    0.00014    0.00001          5  0.000e+00
      25787   1074.417     54.627     54.992    23.4221    23.4683   5.317487   5.321662     3.0501     2.5995     100.00   26.00312  -84.19700    0.00014    0.00007          5  0.000e+00
      25788   1074.458     54.627     54.992    23.4235    23.4690   5.317411   5.321747     3.0501     2.5995     100.00   26.00312  -84.19700    0.00013    0.00013          5  0.000e+00
      25789   1074.500     54.580     54.945    23.4270    23.4707   5.317365   5.321985     3.0488     2.5995     100.00   26.00312  -84.19700    0.00009    0.00019          5  0.000e+00
      25790   1074.542     54.641     55.006    23.4255    23.4703   5.317319   5.322047     3.0488     2.5995     100.00   26.00312  -84.19700    0.00007    0.00025          5  0.000e+00
      25791   1074.583     54.628     54.992    23.4282    23.4736   5.317570   5.322024     3.0501     2.5995     100.00   26.00312  -84.19700    0.00006    0.00031          5  0.000e+00
      25792   1074.625     54.675     55.040    23.4357    23.4730   5.318232   5.321870     3.0488     2.5983     100.00   26.00312  -84.19700    0.00004    0.00035          5  0.000e+00
      25793   1074.667     54.628     54.992    23.4439    23.4695   5.318977   5.321708     3.0488     2.5995      84.27   26.00312  -84.19700    0.00002    0.00039          5  0.000e+00
      25794   1074.708     54.628     54.992    23.4490    23.4686   5.319403   5.321747     3.0501     2.5995      43.81   26.00312  -84.19700    0.00002    0.00045          5  0.000e+00
      25795   1074.750     54.675     55.040    23.4507    23.4698   5.319601   5.321924     3.0488     2.5995      30.40   26.00312  -84.19700   -0.00000    0.00049          5  0.000e+00
      25796   1074.792     54.675     55.040    23.4501    23.4703   5.319623   5.321862     3.0488     2.5995      30.84   26.00312  -84.19698   -0.00002    0.00053          5  0.000e+00
      25797   1074.833     54.628     54.992    23.4499    23.4673   5.319639   5.321438     3.0501     2.5995      32.55   26.00312  -84.19698   -0.00003    0.00057          5  0.000e+00
      25798   1074.875     54.628     54.992    23.4498    23.4621   5.319623   5.321060     3.0488     2.5983      33.04   26.00312  -84.19698   -0.00005    0.00059          5  0.000e+00
      25799   1074.917     54.695     55.061    23.4512    23.4605   5.319776   5.320999     3.0488     2.5995      32.99   26.00312  -84.19698   -0.00007    0.00063          5  0.000e+00
      25800   1074.958     54.675     55.040    23.4533    23.4587   5.319966   5.320821     3.0488     2.5983      32.92   26.00312  -84.19698   -0.00009    0.00065          5  0.000e+00
      25801   1075.000     54.628     54.992    23.4537    23.4581   5.320065   5.320644     3.0488     2.5995      32.89   26.00312  -84.19698   -0.00011    0.00069          5  0.000e+00
      25802   1075.042     54.675     55.040    23.4554    23.4569   5.320232   5.320529     3.0488     2.5983      32.92   26.00312  -84.19698   -0.00013    0.00071          5  0.000e+00
      25803   1075.083     54.729     55.095    23.4589    23.4569   5.320567   5.320513     3.0488     2.5995      32.92   26.00312  -84.19698   -0.00015    0.00075          5  0.000e+00
      25804   1075.125     54.675     55.040    23.4607    23.4561   5.320696   5.320436     3.0488     2.5983      32.89   26.00312  -84.19698   -0.00016    0.00075          5  0.000e+00
      25805   1075.167     54.675     55.040    23.4608    23.4557   5.320757   5.320359     3.0488     2.5995      32.89   26.00312  -84.19698   -0.00018    0.00077          5  0.000e+00
      25806   1075.208     54.675     55.040    23.4633    23.4553   5.320924   5.320328     3.0488     2.5995      32.89   26.00312  -84.19698   -0.00020    0.00079          5  0.000e+00
      25807   1075.250     54.695     55.061    23.4668    23.4551   5.321319   5.320336     3.0476     2.5995      32.89   26.00312  -84.19698   -0.00024    0.00081          5  0.000e+00
      25808   1075.292     54.675     55.040    23.4687    23.4549   5.322080   5.320297     3.0488     2.5983      32.89   26.00312  -84.19698   -0.00025    0.00081          5  0.000e+00
      25809   1075.333     54.729     55.095    23.4717    23.4547   5.323084   5.320328     3.0488     2.5995      32.92   26.00312  -84.19698   -0.00027    0.00083          5  0.000e+00
      25810   1075.375     54.675     55.040    23.4776    23.4544   5.323518   5.320259     3.0488     2.5995      32.89   26.00312  -84.19698   -0.00028    0.00085          5  0.000e+00
      25811   1075.417     54.675     55.040    23.4838    23.4540   5.323678   5.320243     3.0488     2.5995      32.89   26.00312  -84.19698   -0.00030    0.00086          5  0.000e+00
      25812   1075.458     54.729     55.095    23.4844    23.4538   5.323663   5.320274     3.0488     2.5995      32.89   26.00312  -84.19698   -0.00032    0.00086          5  0.000e+00
      25813   1075.500     54.675     55.040    23.4831    23.4537   5.323556   5.320228     3.0488     2.5995      32.89   26.00312  -84.19698   -0.00033    0.00086          5  0.000e+00
      25814   1075.542     54.729     55.095    23.4842    23.4535   5.323465   5.320197     3.0488     2.5995      32.89   26.00312  -84.19698   -0.00034    0.00086          5  0.000e+00
      25815   1075.583     54.729     55.095    23.4836    23.4535   5.323198   5.320236     3.0488     2.5995      32.89   26.00312  -84.19698   -0.00038    0.00085          5  0.000e+00
      25816   1075.625     54.641     55.006    23.4799    23.4535   5.322795   5.320205     3.0488     2.5995      34.95   26.00312  -84.19698   -0.00039    0.00084          5  0.000e+00
      25817   1075.667     54.729     55.095    23.4758    23.4536   5.322377   5.320236     3.0488     2.5995      47.33   26.00312  -84.19698   -0.00040    0.00084          5  0.000e+00
      25818   1075.708     54.729     55.095    23.4733    23.4537   5.321996   5.320205     3.0488     2.5995      52.84   26.00312  -84.19698   -0.00042    0.00083          5  0.000e+00
      25819   1075.750     54.675     55.040    23.4708    23.4538   5.321669   5.320266     3.0488     2.5995      53.14   26.00312  -84.19698   -0.00043    0.00082          5  0.000e+00
      25820   1075.792     54.729     55.095    23.4683    23.4542   5.321434   5.320320     3.0488     2.5995      52.58   26.00312  -84.19698   -0.00044    0.00081          5  0.000e+00
      25821   1075.833     54.675     55.040    23.4661    23.4545   5.321304   5.320398     3.0501     2.5995      52.36   26.00312  -84.19698   -0.00044    0.00080          5  0.000e+00
      25822   1075.875     54.729     55.095    23.4649    23.4551   5.321358   5.320482     3.0488     2.5995      52.38   26.00312  -84.19698   -0.00045    0.00079          5  0.000e+00
      25823   1075.917     54.729     55.095    23.4661    23.4558   5.321502   5.320513     3.0488     2.5995      52.38   26.00312  -84.19698   -0.00046    0.00077          5  0.000e+00
      25824   1075.958     54.696     55.061    23.4669    23.4565   5.321593   5.320606     3.0488     2.5995      52.41   26.00312  -84.19698   -0.00048    0.00076          5  0.000e+00
      25825   1076.000     54.675     55.040    23.4677    23.4570   5.321654   5.320660     3.0488     2.5995      52.41   26.00312  -84.19698   -0.00049    0.00074          5  0.000e+00
      25826   1076.042     54.675     55.040    23.4680    23.4574   5.321707   5.320721     3.0501     2.5995      52.41   26.00312  -84.19698   -0.00048    0.00072          5  0.000e+00
      25827   1076.083     54.729     55.095    23.4682    23.4579   5.321669   5.320822     3.0488     2.5995      52.41   26.00312  -84.19698   -0.00049    0.00071          5  0.000e+00
      25828   1076.125     54.729     55.095    23.4674    23.4589   5.321540   5.320868     3.0501     2.5995      52.41   26.00312  -84.19698   -0.00049    0.00069          5  0.000e+00
      25829   1076.167     54.675     55.040    23.4652    23.4593   5.321281   5.320991     3.0501     2.5995      52.41   26.00312  -84.19698   -0.00048    0.00069          5  0.000e+00
      25830   1076.208     54.729     55.095    23.4641    23.4599   5.321099   5.321045     3.0501     2.5995      52.41   26.00312  -84.19698   -0.00049    0.00068          5  0.000e+00
      25831   1076.250     54.675     55.041    23.4634    23.4608   5.320970   5.321130     3.0501     2.5995      52.41   26.00312  -84.19698   -0.00048    0.00068          5  0.000e+00
      25832   1076.292     54.675     55.041    23.4621    23.4611   5.320901   5.321238     3.0501     2.5995      52.41   26.00312  -84.19698   -0.00048    0.00068          5  0.000e+00
      25833   1076.333     54.696     55.061    23.4603    23.4617   5.320787   5.321315     3.0501     2.5995      52.41   26.00312  -84.19698   -0.00047    0.00067          5  0.000e+00
      28911   1204.583     44.974     45.274    25.7596    25.7573   5.558016   5.559118     3.0879     2.6166     100.00   26.00314  -84.19700   -0.00125   -0.00409          6  0.000e+00
      28912   1204.625     45.123     45.424    25.7563    25.7598   5.557962   5.559063     3.0879     2.6166     100.00   26.00314  -84.19700   -0.00111   -0.00406          6  0.000e+00
      28913   1204.667     44.900     45.199    25.7560    25.7620   5.557892   5.559008     3.0879     2.6166      85.47   26.00314  -84.19700   -0.00097   -0.00402          6  0.000e+00
      28914   1204.708     44.974     45.274    25.7571    25.7631   5.557698   5.558827     3.0879     2.6178      74.77   26.00314  -84.19700   -0.00083   -0.00396          6  0.000e+00
      28915   1204.750     44.974     45.274    25.7569    25.7613   5.557241   5.558631     3.0891     2.6178      73.06   26.00314  -84.19700   -0.00069   -0.00392          6  0.000e+00
      28916   1204.792     44.974     45.274    25.7511    25.7590   5.556931   5.558411     3.0891     2.6178      73.80   26.00314  -84.19700   -0.00054   -0.00387          6  0.000e+00
      28917   1204.833     45.022     45.321    25.7472    25.7569   5.556947   5.558215     3.0891     2.6178      74.24   26.00314  -84.19700   -0.00040   -0.00382          6  0.000e+00
      28918   1204.875     44.927     45.226    25.7475    25.7553   5.557024   5.558034     3.0904     2.6178      74.29   26.00314  -84.19700   -0.00026   -0.00377          6  0.000e+00
      28919   1204.917     44.974     45.274    25.7486    25.7533   5.557063   5.557814     3.0904     2.6178      74.24   26.00314  -84.19700   -0.00011   -0.00371          6  0.000e+00
      28920   1204.958     44.974     45.274    25.7513    25.7526   5.557048   5.557861     3.0904     2.6178      74.24   26.00314  -84.19700    0.00003   -0.00365          6  0.000e+00
      28921   1205.000     44.974     45.274    25.7517    25.7557   5.556947   5.557893     3.0904     2.6178      74.24   26.00314  -84.19700    0.00016   -0.00359          6  0.000e+00
      28922   1205.042     44.947     45.247    25.7524    25.7562   5.556722   5.557649     3.0904     2.6178      74.24   26.00314  -84.19700    0.00028   -0.00352          6  0.000e+00
      28923   1205.083     44.927     45.226    25.7508    25.7502   5.556637   5.557264     3.0904     2.6178      74.24   26.00314  -84.19700    0.00041   -0.00345          6  0.000e+00
      28924   1205.125     44.975     45.274    25.7488    25.7430   5.556583   5.557052     3.0904     2.6178      74.24   26.00314  -84.19700    0.00053   -0.00338          6  0.000e+00
      28925   1205.167     44.975     45.274    25.7466    25.7429   5.556273   5.556856     3.0916     2.6190      74.24   26.00314  -84.19700    0.00066   -0.00328          6  0.000e+00
