Gulf of Mexico/GOMECC-4/1db/rb2103_1191.ros
* Sea-Bird SBE 9 Data File:
* FileName = C:\Users\scs.user.rb\CTD\GOMECC4\data\rb2103_1191.hex
* Software Version Seasave V 7.26.7.107
* Temperature SN = 4799
* Conductivity SN = 3860
* Number of Bytes Per Scan = 41
* Number of Voltage Words = 4
* Number of Scans Averaged by the Deck Unit = 1
* NMEA Latitude = 21 39.90 N
* NMEA Longitude = 085 58.80 W
* NMEA UTC (Time) = Oct 16 2021  05:31:44
* NMEA baud rate = 4800
# nquan = 17
# nvalues = 2926                                  
# units = specified
# name 0 = scan: Scan Count
# name 1 = timeS: Time, Elapsed [seconds]
# name 2 = depSM: Depth [salt water, m]
# name 3 = prDM: Pressure, Digiquartz [db]
# name 4 = t090C: Temperature [ITS-90, deg C]
# name 5 = t190C: Temperature, 2 [ITS-90, deg C]
# name 6 = c0S/m: Conductivity [S/m]
# name 7 = c1S/m: Conductivity, 2 [S/m]
# name 8 = sbeox0V: Oxygen raw, SBE 43 [V]
# name 9 = sbeox1V: Oxygen raw, SBE 43, 2 [V]
# name 10 = altM: Altimeter [m]
# name 11 = latitude: Latitude [deg]
# name 12 = longitude: Longitude [deg]
# name 13 = sbox0dV/dT: Oxygen, SBE 43 [dov/dt]
# name 14 = sbox1dV/dT: Oxygen, SBE 43, 2 [dov/dt]
# name 15 = nbf: Bottles Fired
# name 16 = flag:  0.000e+00
# interval = seconds: 0.0416667
# start_time = Oct 16 2021 05:31:44 [NMEA time, header]
# bad_flag = -9.990e-29
*END*
[from data line 426]
      85424   3559.292   1233.011   1244.427     4.5502     4.5503   3.356623   3.356598     1.9658     1.6386     100.00   21.67926  -85.98434    0.00006    0.00008          4  0.000e+00
      85425   3559.333   1232.962   1244.378     4.5503     4.5505   3.356617   3.356592     1.9658     1.6398     100.00   21.67926  -85.98434    0.00006    0.00009          4  0.000e+00
      85426   3559.375   1233.011   1244.427     4.5501     4.5505   3.356617   3.356579     1.9670     1.6398     100.00   21.67926  -85.98434    0.00005    0.00010          4  0.000e+00
      85427   3559.417   1232.963   1244.378     4.5500     4.5508   3.356636   3.356598     1.9658     1.6386     100.00   21.67926  -85.98434    0.00005    0.00010          4  0.000e+00
      85428   3559.458   1232.942   1244.357     4.5500     4.5506   3.356648   3.356611     1.9670     1.6386     100.00   21.67926  -85.98434    0.00006    0.00010          4  0.000e+00
      85429   3559.500   1232.963   1244.378     4.5502     4.5505   3.356623   3.356586     1.9658     1.6386     100.00   21.67926  -85.98434    0.00004    0.00009          4  0.000e+00
      85430   3559.542   1232.963   1244.379     4.5500     4.5505   3.356636   3.356586     1.9670     1.6386     100.00   21.67926  -85.98434    0.00003    0.00009          4  0.000e+00
      85431   3559.583   1232.908   1244.323     4.5502     4.5506   3.356623   3.356630     1.9670     1.6398     100.00   21.67926  -85.98434    0.00005    0.00010          4  0.000e+00
      85432   3559.625   1232.908   1244.323     4.5500     4.5505   3.356617   3.356592     1.9670     1.6398     100.00   21.67926  -85.98434    0.00004    0.00012          4  0.000e+00
      85433   3559.667   1232.963   1244.379     4.5500     4.5505   3.356661   3.356598     1.9670     1.6398     100.00   21.67926  -85.98434    0.00006    0.00013          4  0.000e+00
      85434   3559.708   1232.908   1244.323     4.5500     4.5505   3.356629   3.356630     1.9670     1.6386     100.00   21.67926  -85.98434    0.00005    0.00012          4  0.000e+00
      85435   3559.750   1232.908   1244.323     4.5500     4.5505   3.356617   3.356618     1.9670     1.6398     100.00   21.67926  -85.98434    0.00005    0.00014          4  0.000e+00
      85436   3559.792   1232.943   1244.358     4.5502     4.5505   3.356566   3.356573     1.9670     1.6398     100.00   21.67926  -85.98434    0.00006    0.00015          4  0.000e+00
      85437   3559.833   1232.908   1244.323     4.5500     4.5505   3.356623   3.356598     1.9670     1.6386     100.00   21.67926  -85.98434    0.00007    0.00014          4  0.000e+00
      85438   3559.875   1232.908   1244.324     4.5500     4.5506   3.356623   3.356586     1.9670     1.6386     100.00   21.67926  -85.98434    0.00008    0.00014          4  0.000e+00
      85439   3559.917   1232.860   1244.275     4.5500     4.5506   3.356617   3.356579     1.9670     1.6386     100.00   21.67926  -85.98434    0.00008    0.00013          4  0.000e+00
      85440   3559.958   1232.909   1244.324     4.5500     4.5505   3.356617   3.356598     1.9670     1.6398     100.00   21.67926  -85.98434    0.00007    0.00014          4  0.000e+00
      85441   3560.000   1232.909   1244.324     4.5500     4.5505   3.356617   3.356611     1.9670     1.6398     100.00   21.67926  -85.98434    0.00008    0.00015          4  0.000e+00
      85442   3560.042   1232.861   1244.275     4.5501     4.5506   3.356617   3.356592     1.9670     1.6398     100.00   21.67926  -85.98434    0.00009    0.00017          4  0.000e+00
      85443   3560.083   1232.861   1244.275     4.5500     4.5505   3.356617   3.356630     1.9670     1.6386     100.00   21.67926  -85.98434    0.00008    0.00016          4  0.000e+00
      85444   3560.125   1232.861   1244.275     4.5501     4.5506   3.356617   3.356592     1.9670     1.6386     100.00   21.67926  -85.98434    0.00008    0.00015          4  0.000e+00
      85445   3560.167   1232.888   1244.303     4.5502     4.5505   3.356617   3.356579     1.9658     1.6386     100.00   21.67926  -85.98434    0.00005    0.00015          4  0.000e+00
      85446   3560.208   1232.909   1244.324     4.5500     4.5505   3.356617   3.356579     1.9670     1.6386     100.00   21.67926  -85.98434    0.00006    0.00014          4  0.000e+00
      85447   3560.250   1232.861   1244.276     4.5500     4.5506   3.356635   3.356598     1.9670     1.6386     100.00   21.67926  -85.98434    0.00007    0.00013          4  0.000e+00
      85448   3560.292   1232.861   1244.276     4.5500     4.5506   3.356623   3.356592     1.9670     1.6386     100.00   21.67926  -85.98434    0.00009    0.00013          4  0.000e+00
      85449   3560.333   1232.861   1244.276     4.5501     4.5506   3.356617   3.356579     1.9658     1.6386     100.00   21.67926  -85.98434    0.00008    0.00012          4  0.000e+00
      85450   3560.375   1232.910   1244.325     4.5500     4.5506   3.356636   3.356598     1.9658     1.6386     100.00   21.67926  -85.98434    0.00007    0.00011          4  0.000e+00
      85451   3560.417   1232.861   1244.276     4.5500     4.5508   3.356598   3.356630     1.9658     1.6398     100.00   21.67926  -85.98434    0.00007    0.00012          4  0.000e+00
      85452   3560.458   1232.861   1244.276     4.5502     4.5506   3.356629   3.356566     1.9658     1.6398     100.00   21.67926  -85.98434    0.00006    0.00013          4  0.000e+00
      85453   3560.500   1232.889   1244.304     4.5500     4.5506   3.356648   3.356618     1.9670     1.6398     100.00   21.67926  -85.98434    0.00005    0.00014          4  0.000e+00
      85454   3560.542   1232.806   1244.220     4.5500     4.5505   3.356623   3.356605     1.9670     1.6398     100.00   21.67926  -85.98434    0.00005    0.00015          4  0.000e+00
      85455   3560.583   1232.910   1244.325     4.5500     4.5506   3.356617   3.356579     1.9670     1.6398     100.00   21.67926  -85.98434    0.00004    0.00016          4  0.000e+00
      85456   3560.625   1232.862   1244.276     4.5501     4.5506   3.356617   3.356579     1.9670     1.6386     100.00   21.67926  -85.98434    0.00005    0.00015          4  0.000e+00
      85457   3560.667   1232.910   1244.325     4.5500     4.5506   3.356617   3.356598     1.9670     1.6398     100.00   21.67926  -85.98434    0.00005    0.00016          4  0.000e+00
      85458   3560.708   1232.862   1244.276     4.5498     4.5505   3.356617   3.356611     1.9670     1.6398     100.00   21.67926  -85.98434    0.00006    0.00017          4  0.000e+00
      85459   3560.750   1232.910   1244.325     4.5500     4.5505   3.356617   3.356586     1.9670     1.6398     100.00   21.67926  -85.98434    0.00007    0.00018          4  0.000e+00
      85460   3560.792   1232.862   1244.277     4.5501     4.5505   3.356635   3.356586     1.9683     1.6398     100.00   21.67926  -85.98434    0.00008    0.00019          4  0.000e+00
      85461   3560.833   1232.910   1244.325     4.5500     4.5506   3.356623   3.356579     1.9670     1.6386     100.00   21.67926  -85.98434    0.00009    0.00018          4  0.000e+00
      85462   3560.875   1232.890   1244.305     4.5498     4.5505   3.356636   3.356579     1.9658     1.6386     100.00   21.67926  -85.98434    0.00006    0.00017          4  0.000e+00
      85463   3560.917   1232.911   1244.326     4.5501     4.5506   3.356648   3.356554     1.9670     1.6398     100.00   21.67926  -85.98434    0.00005    0.00018          4  0.000e+00
      85464   3560.958   1232.862   1244.277     4.5503     4.5505   3.356598   3.356618     1.9670     1.6398     100.00   21.67926  -85.98434    0.00006    0.00018          4  0.000e+00
      85465   3561.000   1232.911   1244.326     4.5501     4.5506   3.356629   3.356618     1.9670     1.6398     100.00   21.67926  -85.98434    0.00007    0.00019          4  0.000e+00
      85466   3561.042   1232.911   1244.326     4.5502     4.5505   3.356648   3.356573     1.9658     1.6398     100.00   21.67926  -85.98434    0.00006    0.00020          4  0.000e+00
      85467   3561.083   1232.911   1244.326     4.5500     4.5506   3.356598   3.356598     1.9670     1.6398     100.00   21.67926  -85.98434    0.00007    0.00020          4  0.000e+00
      85468   3561.125   1232.911   1244.326     4.5500     4.5503   3.356604   3.356560     1.9670     1.6386     100.00   21.67926  -85.98434    0.00007    0.00019          4  0.000e+00
      85469   3561.167   1232.966   1244.382     4.5503     4.5506   3.356617   3.356592     1.9658     1.6386     100.00   21.67926  -85.98434    0.00006    0.00018          4  0.000e+00
      85470   3561.208   1232.945   1244.361     4.5500     4.5506   3.356636   3.356586     1.9670     1.6398     100.00   21.67926  -85.98434    0.00007    0.00018          4  0.000e+00
      85471   3561.250   1232.911   1244.326     4.5500     4.5505   3.356623   3.356586     1.9670     1.6386     100.00   21.67926  -85.98434    0.00008    0.00017          4  0.000e+00
      85472   3561.292   1232.911   1244.326     4.5500     4.5505   3.356617   3.356630     1.9670     1.6398     100.00   21.67926  -85.98434    0.00009    0.00018          4  0.000e+00
      85473   3561.333   1232.966   1244.382     4.5502     4.5506   3.356617   3.356592     1.9658     1.6386     100.00   21.67926  -85.98434    0.00008    0.00017          4  0.000e+00
      85474   3561.375   1232.911   1244.326     4.5503     4.5506   3.356617   3.356598     1.9658     1.6386     100.00   21.67926  -85.98434    0.00007    0.00015          4  0.000e+00
      85475   3561.417   1232.966   1244.382     4.5502     4.5506   3.356617   3.356586     1.9670     1.6386     100.00   21.67926  -85.98434    0.00008    0.00014          4  0.000e+00
      85476   3561.458   1232.967   1244.382     4.5501     4.5505   3.356617   3.356598     1.9670     1.6386     100.00   21.67926  -85.98434    0.00008    0.00013          4  0.000e+00
      85477   3561.500   1232.967   1244.382     4.5501     4.5505   3.356617   3.356618     1.9670     1.6398     100.00   21.67926  -85.98434    0.00009    0.00015          4  0.000e+00
      85478   3561.542   1232.967   1244.383     4.5503     4.5506   3.356636   3.356586     1.9670     1.6386     100.00   21.67926  -85.98434    0.00008    0.00014          4  0.000e+00
      85479   3561.583   1232.994   1244.411     4.5501     4.5506   3.356623   3.356598     1.9670     1.6386     100.00   21.67926  -85.98434    0.00007    0.00013          4  0.000e+00
      85480   3561.625   1232.967   1244.383     4.5502     4.5506   3.356591   3.356611     1.9670     1.6386     100.00   21.67926  -85.98434    0.00006    0.00012          4  0.000e+00
      85481   3561.667   1233.015   1244.432     4.5501     4.5506   3.356629   3.356586     1.9670     1.6386     100.00   21.67926  -85.98434    0.00005    0.00010          4  0.000e+00
      85482   3561.708   1233.015   1244.432     4.5500     4.5508   3.356623   3.356598     1.9683     1.6398     100.00   21.67926  -85.98434    0.00006    0.00011          4  0.000e+00
      85483   3561.750   1232.967   1244.383     4.5503     4.5508   3.356654   3.356618     1.9670     1.6398     100.00   21.67926  -85.98434    0.00005    0.00011          4  0.000e+00
      85484   3561.792   1233.015   1244.432     4.5500     4.5505   3.356629   3.356611     1.9670     1.6398     100.00   21.67928  -85.98434    0.00006    0.00012          4  0.000e+00
      85485   3561.833   1233.015   1244.432     4.5503     4.5503   3.356617   3.356611     1.9670     1.6398     100.00   21.67928  -85.98434    0.00007    0.00012          4  0.000e+00
      85486   3561.875   1233.015   1244.432     4.5501     4.5506   3.356636   3.356611     1.9670     1.6398     100.00   21.67928  -85.98434    0.00008    0.00012          4  0.000e+00
      85487   3561.917   1232.995   1244.411     4.5503     4.5506   3.356648   3.356586     1.9670     1.6398     100.00   21.67928  -85.98434    0.00007    0.00013          4  0.000e+00
      85488   3561.958   1233.071   1244.488     4.5501     4.5506   3.356623   3.356624     1.9658     1.6398     100.00   21.67928  -85.98434    0.00004    0.00015          4  0.000e+00
      85489   3562.000   1233.016   1244.432     4.5502     4.5506   3.356617   3.356624     1.9658     1.6398     100.00   21.67928  -85.98434    0.00001    0.00015          4  0.000e+00
      85490   3562.042   1233.071   1244.488     4.5500     4.5508   3.356636   3.356611     1.9670     1.6398     100.00   21.67928  -85.98434    0.00002    0.00015          4  0.000e+00
      85491   3562.083   1233.016   1244.432     4.5503     4.5508   3.356648   3.356630     1.9670     1.6398     100.00   21.67928  -85.98434    0.00003    0.00016          4  0.000e+00
      85492   3562.125   1233.071   1244.488     4.5501     4.5506   3.356598   3.356618     1.9670     1.6386     100.00   21.67928  -85.98434    0.00003    0.00014          4  0.000e+00
      85493   3562.167   1233.071   1244.488     4.5503     4.5506   3.356604   3.356630     1.9670     1.6398     100.00   21.67928  -85.98434    0.00004    0.00014          4  0.000e+00
      85494   3562.208   1233.071   1244.488     4.5503     4.5506   3.356636   3.356618     1.9670     1.6386     100.00   21.67928  -85.98434    0.00005    0.00013          4  0.000e+00
      85495   3562.250   1233.050   1244.467     4.5503     4.5505   3.356623   3.356573     1.9670     1.6398     100.00   21.67928  -85.98434    0.00006    0.00015          4  0.000e+00
      85496   3562.292   1233.071   1244.488     4.5500     4.5506   3.356636   3.356598     1.9670     1.6398     100.00   21.67928  -85.98434    0.00006    0.00015          4  0.000e+00
      85497   3562.333   1233.071   1244.488     4.5501     4.5505   3.356623   3.356586     1.9670     1.6398     100.00   21.67928  -85.98434    0.00007    0.00015          4  0.000e+00
      85498   3562.375   1233.071   1244.488     4.5502     4.5506   3.356617   3.356598     1.9670     1.6386     100.00   21.67928  -85.98434    0.00008    0.00015          4  0.000e+00
      85499   3562.417   1233.120   1244.537     4.5501     4.5506   3.356636   3.356586     1.9670     1.6386     100.00   21.67928  -85.98434    0.00007    0.00015          4  0.000e+00
      85500   3562.458   1233.071   1244.489     4.5503     4.5506   3.356667   3.356579     1.9670     1.6386     100.00   21.67928  -85.98434    0.00007    0.00015          4  0.000e+00
      85501   3562.500   1233.071   1244.489     4.5502     4.5506   3.356655   3.356611     1.9670     1.6398     100.00   21.67928  -85.98434    0.00006    0.00016          4  0.000e+00
      85502   3562.542   1233.120   1244.537     4.5501     4.5505   3.356648   3.356566     1.9670     1.6398     100.00   21.67928  -85.98434    0.00007    0.00018          4  0.000e+00
      85503   3562.583   1233.120   1244.537     4.5503     4.5506   3.356598   3.356618     1.9670     1.6398     100.00   21.67928  -85.98434    0.00008    0.00018          4  0.000e+00
      85504   3562.625   1233.051   1244.468     4.5500     4.5505   3.356604   3.356618     1.9670     1.6398     100.00   21.67928  -85.98434    0.00008    0.00018          4  0.000e+00
      85505   3562.667   1233.120   1244.538     4.5502     4.5505   3.356636   3.356611     1.9670     1.6398     100.00   21.67928  -85.98434    0.00009    0.00018          4  0.000e+00
      85506   3562.708   1233.120   1244.538     4.5501     4.5506   3.356623   3.356592     1.9670     1.6398     100.00   21.67928  -85.98434    0.00010    0.00018          4  0.000e+00
      85507   3562.750   1233.072   1244.489     4.5501     4.5506   3.356636   3.356605     1.9670     1.6398     100.00   21.67928  -85.98434    0.00009    0.00018          4  0.000e+00
