Gulf of Mexico/GOMECC-4/1db/rb2103_0371.ros
* Sea-Bird SBE 9 Data File:
* FileName = C:\Users\scs.user.rb\CTD\GOMECC4\data\rb2103_0371.hex
* Software Version Seasave V 7.26.7.107
* Temperature SN = 4799
* Conductivity SN = 3860
* Number of Bytes Per Scan = 41
* Number of Voltage Words = 4
* Number of Scans Averaged by the Deck Unit = 1
* NMEA Latitude = 27 00.07 N
* NMEA Longitude = 089 59.96 W
* NMEA UTC (Time) = Sep 25 2021  07:16:47
* NMEA baud rate = 4800
# nquan = 17
# nvalues = 3059                                  
# units = specified
# name 0 = scan: Scan Count
# name 1 = timeS: Time, Elapsed [seconds]
# name 2 = depSM: Depth [salt water, m]
# name 3 = prDM: Pressure, Digiquartz [db]
# name 4 = t090C: Temperature [ITS-90, deg C]
# name 5 = t190C: Temperature, 2 [ITS-90, deg C]
# name 6 = c0S/m: Conductivity [S/m]
# name 7 = c1S/m: Conductivity, 2 [S/m]
# name 8 = sbeox0V: Oxygen raw, SBE 43 [V]
# name 9 = sbeox1V: Oxygen raw, SBE 43, 2 [V]
# name 10 = altM: Altimeter [m]
# name 11 = latitude: Latitude [deg]
# name 12 = longitude: Longitude [deg]
# name 13 = sbox0dV/dT: Oxygen, SBE 43 [dov/dt]
# name 14 = sbox1dV/dT: Oxygen, SBE 43, 2 [dov/dt]
# name 15 = nbf: Bottles Fired
# name 16 = flag:  0.000e+00
# interval = seconds: 0.0416667
# start_time = Sep 25 2021 07:16:47 [NMEA time, header]
# bad_flag = -9.990e-29
*END*
[from data line 2554]
     186803   7783.417     20.002     20.136    28.9870    28.9903   5.894812   5.895188     3.1209     2.6545     100.00   27.03284  -89.98054   -0.00031    0.00076         20  0.000e+00
     186804   7783.458     20.025     20.159    28.9868    28.9904   5.894740   5.895220     3.1209     2.6557     100.00   27.03284  -89.98054   -0.00034    0.00070         20  0.000e+00
     186805   7783.500     20.055     20.189    28.9866    28.9903   5.894748   5.895188     3.1209     2.6557     100.00   27.03284  -89.98054   -0.00038    0.00064         20  0.000e+00
     186806   7783.542     19.942     20.075    28.9870    28.9903   5.894764   5.895140     3.1209     2.6557     100.00   27.03284  -89.98054   -0.00041    0.00060         20  0.000e+00
     186807   7783.583     20.078     20.212    28.9870    28.9901   5.894764   5.895132     3.1209     2.6557     100.00   27.03284  -89.98054   -0.00044    0.00055         20  0.000e+00
     186808   7783.625     20.002     20.136    28.9871    28.9901   5.894764   5.895164     3.1209     2.6557     100.00   27.03284  -89.98054   -0.00047    0.00053         20  0.000e+00
     186809   7783.667     19.912     20.045    28.9870    28.9901   5.894764   5.895140     3.1209     2.6557     100.00   27.03284  -89.98054   -0.00051    0.00050         20  0.000e+00
     186810   7783.708     20.055     20.189    28.9870    28.9903   5.894764   5.895172     3.1197     2.6557     100.00   27.03284  -89.98054   -0.00055    0.00047         20  0.000e+00
     186811   7783.750     20.002     20.136    28.9871    28.9900   5.894796   5.895180     3.1209     2.6557     100.00   27.03284  -89.98054   -0.00058    0.00043         20  0.000e+00
     186812   7783.792     19.965     20.098    28.9872    28.9903   5.894772   5.895148     3.1209     2.6557     100.00   27.03286  -89.98054   -0.00061    0.00040         20  0.000e+00
     186813   7783.833     20.002     20.136    28.9870    28.9903   5.894764   5.895132     3.1209     2.6557     100.00   27.03286  -89.98054   -0.00064    0.00038         20  0.000e+00
     186814   7783.875     19.942     20.075    28.9874    28.9901   5.894836   5.895164     3.1221     2.6557     100.00   27.03286  -89.98054   -0.00065    0.00034         20  0.000e+00
     186815   7783.917     20.025     20.159    28.9875    28.9903   5.894820   5.895148     3.1209     2.6557     100.00   27.03286  -89.98054   -0.00068    0.00032         20  0.000e+00
     186816   7783.958     19.889     20.022    28.9874    28.9903   5.894812   5.895164     3.1209     2.6557     100.00   27.03286  -89.98054   -0.00071    0.00030         20  0.000e+00
     186817   7784.000     20.002     20.136    28.9874    28.9903   5.894772   5.895107     3.1221     2.6557     100.00   27.03286  -89.98054   -0.00070    0.00030         20  0.000e+00
     186818   7784.042     19.965     20.098    28.9875    28.9901   5.894796   5.895124     3.1209     2.6557     100.00   27.03286  -89.98054   -0.00072    0.00027         20  0.000e+00
     186819   7784.083     19.942     20.075    28.9874    28.9901   5.894772   5.895132     3.1221     2.6557     100.00   27.03286  -89.98054   -0.00073    0.00025         20  0.000e+00
     186820   7784.125     19.942     20.075    28.9874    28.9903   5.894796   5.895172     3.1221     2.6545     100.00   27.03286  -89.98054   -0.00074    0.00023         20  0.000e+00
     186821   7784.167     19.965     20.098    28.9877    28.9901   5.894812   5.895180     3.1221     2.6545     100.00   27.03286  -89.98054   -0.00073    0.00020         20  0.000e+00
     186822   7784.208     19.942     20.075    28.9876    28.9903   5.894812   5.895180     3.1221     2.6545     100.00   27.03286  -89.98054   -0.00071    0.00018         20  0.000e+00
     186823   7784.250     19.942     20.075    28.9876    28.9901   5.894812   5.895148     3.1221     2.6545     100.00   27.03286  -89.98054   -0.00072    0.00015         20  0.000e+00
     186824   7784.292     19.912     20.044    28.9879    28.9901   5.894812   5.895164     3.1221     2.6545     100.00   27.03286  -89.98054   -0.00072    0.00012         20  0.000e+00
     186825   7784.333     19.942     20.075    28.9879    28.9901   5.894843   5.895107     3.1221     2.6545     100.00   27.03286  -89.98054   -0.00073    0.00010         20  0.000e+00
     186826   7784.375     19.965     20.098    28.9878    28.9903   5.894820   5.895115     3.1221     2.6545     100.00   27.03286  -89.98054   -0.00071    0.00009         20  0.000e+00
     186827   7784.417     19.942     20.075    28.9879    28.9903   5.894843   5.895164     3.1221     2.6557     100.00   27.03286  -89.98054   -0.00070    0.00010         20  0.000e+00
     186828   7784.458     19.942     20.075    28.9878    28.9903   5.894859   5.895148     3.1221     2.6557     100.00   27.03286  -89.98054   -0.00070    0.00010         20  0.000e+00
     186829   7784.500     19.912     20.044    28.9879    28.9904   5.894859   5.895164     3.1209     2.6557     100.00   27.03286  -89.98054   -0.00072    0.00011         20  0.000e+00
     186830   7784.542     19.942     20.075    28.9881    28.9903   5.894859   5.895140     3.1221     2.6557     100.00   27.03286  -89.98054   -0.00071    0.00012         20  0.000e+00
     186831   7784.583     19.942     20.075    28.9878    28.9903   5.894859   5.895172     3.1221     2.6557     100.00   27.03286  -89.98054   -0.00069    0.00013         20  0.000e+00
     186832   7784.625     19.965     20.098    28.9879    28.9903   5.894891   5.895140     3.1221     2.6557     100.00   27.03286  -89.98054   -0.00067    0.00013         20  0.000e+00
     186833   7784.667     19.889     20.022    28.9879    28.9903   5.894867   5.895172     3.1221     2.6557     100.00   27.03286  -89.98054   -0.00065    0.00014         20  0.000e+00
     186834   7784.708     20.002     20.136    28.9881    28.9904   5.894859   5.895180     3.1209     2.6557     100.00   27.03286  -89.98054   -0.00067    0.00014         20  0.000e+00
     186835   7784.750     19.912     20.044    28.9879    28.9903   5.894859   5.895180     3.1209     2.6557     100.00   27.03286  -89.98054   -0.00069    0.00015         20  0.000e+00
     186836   7784.792     19.942     20.075    28.9881    28.9903   5.894931   5.895180     3.1209     2.6557     100.00   27.03286  -89.98052   -0.00068    0.00015         20  0.000e+00
     186837   7784.833     19.942     20.075    28.9882    28.9904   5.894883   5.895107     3.1221     2.6557     100.00   27.03286  -89.98052   -0.00066    0.00018         20  0.000e+00
     186838   7784.875     19.965     20.098    28.9879    28.9904   5.894891   5.895115     3.1221     2.6557     100.00   27.03286  -89.98052   -0.00066    0.00020         20  0.000e+00
     186839   7784.917     19.942     20.075    28.9881    28.9903   5.894867   5.895204     3.1221     2.6557     100.00   27.03286  -89.98052   -0.00065    0.00022         20  0.000e+00
     186840   7784.958     19.965     20.098    28.9882    28.9903   5.894891   5.895228     3.1221     2.6557     100.00   27.03286  -89.98052   -0.00063    0.00024         20  0.000e+00
     186841   7785.000     19.942     20.075    28.9883    28.9903   5.894907   5.895156     3.1221     2.6557     100.00   27.03286  -89.98052   -0.00061    0.00027         20  0.000e+00
     186842   7785.042     20.002     20.136    28.9881    28.9903   5.894867   5.895204     3.1221     2.6557     100.00   27.03286  -89.98052   -0.00060    0.00029         20  0.000e+00
     186843   7785.083     19.965     20.098    28.9882    28.9903   5.894931   5.895188     3.1221     2.6557     100.00   27.03286  -89.98052   -0.00059    0.00031         20  0.000e+00
     186844   7785.125     20.002     20.136    28.9881    28.9903   5.894883   5.895180     3.1221     2.6557     100.00   27.03286  -89.98052   -0.00058    0.00033         20  0.000e+00
     186845   7785.167     20.002     20.136    28.9879    28.9904   5.894859   5.895212     3.1233     2.6545     100.00   27.03286  -89.98052   -0.00056    0.00034         20  0.000e+00
     186846   7785.208     19.965     20.098    28.9881    28.9904   5.894891   5.895188     3.1233     2.6557     100.00   27.03286  -89.98052   -0.00053    0.00036         20  0.000e+00
     186847   7785.250     20.002     20.136    28.9881    28.9904   5.894907   5.895180     3.1233     2.6557     100.00   27.03286  -89.98052   -0.00051    0.00039         20  0.000e+00
     186848   7785.292     20.002     20.136    28.9881    28.9905   5.894907   5.895180     3.1233     2.6545     100.00   27.03286  -89.98052   -0.00048    0.00039         20  0.000e+00
     186849   7785.333     20.025     20.159    28.9882    28.9903   5.894836   5.895180     3.1233     2.6545     100.00   27.03286  -89.98052   -0.00046    0.00040         20  0.000e+00
     186850   7785.375     20.002     20.136    28.9883    28.9904   5.894883   5.895180     3.1233     2.6545     100.00   27.03286  -89.98052   -0.00043    0.00040         20  0.000e+00
     186851   7785.417     20.002     20.136    28.9881    28.9904   5.894907   5.895180     3.1233     2.6545     100.00   27.03286  -89.98052   -0.00039    0.00041         20  0.000e+00
     186852   7785.458     20.025     20.159    28.9882    28.9904   5.894907   5.895107     3.1245     2.6532     100.00   27.03286  -89.98052   -0.00037    0.00040         20  0.000e+00
     186853   7785.500     20.108     20.242    28.9881    28.9903   5.894907   5.895116     3.1233     2.6532     100.00   27.03286  -89.98052   -0.00034    0.00037         20  0.000e+00
     186854   7785.542     20.002     20.136    28.9883    28.9904   5.894867   5.895132     3.1233     2.6532     100.00   27.03286  -89.98052   -0.00032    0.00034         20  0.000e+00
     186855   7785.583     20.078     20.212    28.9883    28.9906   5.894931   5.895132     3.1245     2.6520     100.00   27.03286  -89.98052   -0.00028    0.00030         20  0.000e+00
     186856   7785.625     20.055     20.189    28.9882    28.9903   5.894883   5.895164     3.1245     2.6520     100.00   27.03286  -89.98052   -0.00023    0.00026         20  0.000e+00
     186857   7785.667     20.078     20.212    28.9885    28.9907   5.894931   5.895148     3.1245     2.6520     100.00   27.03286  -89.98052   -0.00019    0.00021         20  0.000e+00
     186858   7785.708     20.108     20.242    28.9883    28.9904   5.894915   5.895204     3.1233     2.6508     100.00   27.03286  -89.98052   -0.00017    0.00014         20  0.000e+00
     186859   7785.750     20.055     20.189    28.9884    28.9904   5.894939   5.895116     3.1233     2.6508     100.00   27.03286  -89.98052   -0.00015    0.00008         20  0.000e+00
     186860   7785.792     20.078     20.212    28.9883    28.9906   5.894915   5.895124     3.1233     2.6508     100.00   27.03286  -89.98052   -0.00010    0.00002         20  0.000e+00
     186861   7785.833     20.108     20.242    28.9885    28.9903   5.894907   5.895164     3.1245     2.6496     100.00   27.03286  -89.98052   -0.00006   -0.00006         20  0.000e+00
     186862   7785.875     20.108     20.242    28.9882    28.9903   5.894939   5.895148     3.1245     2.6496     100.00   27.03286  -89.98052   -0.00002   -0.00015         20  0.000e+00
     186863   7785.917     20.078     20.212    28.9883    28.9904   5.894883   5.895132     3.1233     2.6496     100.00   27.03286  -89.98052    0.00000   -0.00024         20  0.000e+00
     186864   7785.958     20.169     20.303    28.9885    28.9904   5.894891   5.895132     3.1233     2.6484     100.00   27.03286  -89.98052    0.00002   -0.00034         20  0.000e+00
     186865   7786.000     20.169     20.303    28.9882    28.9903   5.894907   5.895172     3.1245     2.6484     100.00   27.03286  -89.98052    0.00006   -0.00045         20  0.000e+00
     186866   7786.042     20.131     20.265    28.9883    28.9903   5.894867   5.895140     3.1245     2.6484     100.00   27.03286  -89.98052    0.00011   -0.00055         20  0.000e+00
     186867   7786.083     20.168     20.303    28.9883    28.9904   5.894891   5.895164     3.1245     2.6484     100.00   27.03286  -89.98052    0.00013   -0.00065         20  0.000e+00
     186868   7786.125     20.168     20.303    28.9884    28.9903   5.894867   5.895180     3.1233     2.6484     100.00   27.03286  -89.98052    0.00015   -0.00075         20  0.000e+00
     186869   7786.167     20.191     20.326    28.9883    28.9905   5.894891   5.895140     3.1233     2.6471     100.00   27.03286  -89.98052    0.00017   -0.00087         20  0.000e+00
     186870   7786.208     20.221     20.356    28.9881    28.9904   5.894939   5.895132     3.1233     2.6471     100.00   27.03286  -89.98052    0.00019   -0.00100         20  0.000e+00
     186871   7786.250     20.168     20.303    28.9882    28.9904   5.894883   5.895164     3.1245     2.6484     100.00   27.03286  -89.98052    0.00023   -0.00109         20  0.000e+00
     186872   7786.292     20.191     20.326    28.9883    28.9906   5.894931   5.895140     3.1245     2.6484     100.00   27.03286  -89.98052    0.00027   -0.00119         20  0.000e+00
     186873   7786.333     20.282     20.417    28.9883    28.9903   5.894915   5.895172     3.1233     2.6484     100.00   27.03286  -89.98052    0.00029   -0.00128         20  0.000e+00
     186874   7786.375     20.191     20.326    28.9884    28.9906   5.894907   5.895212     3.1233     2.6484     100.00   27.03286  -89.98052    0.00031   -0.00137         20  0.000e+00
     186875   7786.417     20.221     20.356    28.9883    28.9904   5.894907   5.895188     3.1245     2.6484     100.00   27.03286  -89.98052    0.00035   -0.00146         20  0.000e+00
     186876   7786.458     20.282     20.417    28.9883    28.9906   5.894907   5.895180     3.1233     2.6484     100.00   27.03286  -89.98052    0.00037   -0.00153         20  0.000e+00
     186877   7786.500     20.244     20.379    28.9882    28.9906   5.894907   5.895140     3.1233     2.6484     100.00   27.03286  -89.98052    0.00039   -0.00160         20  0.000e+00
     186878   7786.542     20.282     20.417    28.9885    28.9903   5.894907   5.895172     3.1233     2.6496     100.00   27.03286  -89.98052    0.00041   -0.00164         20  0.000e+00
     186879   7786.583     20.282     20.417    28.9885    28.9904   5.894907   5.895180     3.1233     2.6496     100.00   27.03286  -89.98052    0.00043   -0.00167         20  0.000e+00
     186880   7786.625     20.244     20.379    28.9885    28.9904   5.894907   5.895180     3.1233     2.6496     100.00   27.03286  -89.98052    0.00046   -0.00169         20  0.000e+00
     186881   7786.667     20.282     20.417    28.9882    28.9904   5.894907   5.895180     3.1233     2.6496     100.00   27.03286  -89.98052    0.00048   -0.00172         20  0.000e+00
     186882   7786.708     20.282     20.417    28.9887    28.9905   5.894939   5.895180     3.1221     2.6484     100.00   27.03286  -89.98052    0.00048   -0.00176         20  0.000e+00
     186883   7786.750     20.304     20.440    28.9883    28.9904   5.894915   5.895140     3.1209     2.6496     100.00   27.03286  -89.98052    0.00047   -0.00179         20  0.000e+00
     186884   7786.792     20.282     20.417    28.9884    28.9904   5.894907   5.895172     3.1209     2.6496     100.00   27.03288  -89.98052    0.00045   -0.00181         20  0.000e+00
     186885   7786.833     20.282     20.417    28.9885    28.9908   5.894939   5.895140     3.1221     2.6496     100.00   27.03288  -89.98052    0.00046   -0.00183         20  0.000e+00
     186886   7786.875     20.357     20.493    28.9883    28.9907   5.894915   5.895204     3.1221     2.6496     100.00   27.03288  -89.98052    0.00046   -0.00186         20  0.000e+00
