Gulf of Mexico/GOMECC-4/1db/rb2103_0691.cnv
* Sea-Bird SBE 9 Data File:
* FileName = C:\Users\scs.user.rb\CTD\GOMECC4\data\rb2103_0691.hex
* Software Version Seasave V 7.26.7.107
* Temperature SN = 4799
* Conductivity SN = 3860
* Number of Bytes Per Scan = 41
* Number of Voltage Words = 4
* Number of Scans Averaged by the Deck Unit = 1
* NMEA Latitude = 26 03.53 N
* NMEA Longitude = 095 07.24 W
* NMEA UTC (Time) = Oct 03 2021  11:22:54
* NMEA baud rate = 4800
# nquan = 28
# nvalues = 743                         
# units = specified
# name 0 = scan: Scan Count
# name 1 = timeS: Time, Elapsed [seconds]
# name 2 = depSM: Depth [salt water, m]
# name 3 = prDM: Pressure, Digiquartz [db]
# name 4 = t090C: Temperature [ITS-90, deg C]
# name 5 = t190C: Temperature, 2 [ITS-90, deg C]
# name 6 = c0S/m: Conductivity [S/m]
# name 7 = c1S/m: Conductivity, 2 [S/m]
# name 8 = sbeox0V: Oxygen raw, SBE 43 [V]
# name 9 = sbeox1V: Oxygen raw, SBE 43, 2 [V]
# name 10 = altM: Altimeter [m]
# name 11 = latitude: Latitude [deg]
# name 12 = longitude: Longitude [deg]
# name 13 = sbox0dV/dT: Oxygen, SBE 43 [dov/dt]
# name 14 = sbox1dV/dT: Oxygen, SBE 43, 2 [dov/dt]
# name 15 = sbeox0ML/L: Oxygen, SBE 43 [ml/l], WS = 5
# name 16 = sbeox1ML/L: Oxygen, SBE 43, 2 [ml/l], WS = 5
# name 17 = potemp090C: Potential Temperature [ITS-90, deg C]
# name 18 = potemp190C: Potential Temperature, 2 [ITS-90, deg C]
# name 19 = sal00: Salinity, Practical [PSU]
# name 20 = sal11: Salinity, Practical, 2 [PSU]
# name 21 = sigma-é00: Density [sigma-theta, kg/m^3]
# name 22 = sigma-é11: Density, 2 [sigma-theta, kg/m^3]
# name 23 = avgsvCM: Average Sound Velocity [Chen-Millero, m/s], minP = 20, minS = 20
# name 24 = sbox0Mm/Kg: Oxygen, SBE 43 [umol/kg], WS = 5
# name 25 = sbox1Mm/Kg: Oxygen, SBE 43, 2 [umol/kg], WS = 5
# name 26 = nbin: number of scans per bin
# name 27 = flag: flag
# span 0 =       5895,     154871       
# span 1 =    245.587,   6452.927       
# span 2 =      1.987,   1937.179       
# span 3 =      2.000,   1959.000       
# span 4 =     4.3110,    30.0000       
# span 5 =     4.3114,    30.0010       
# span 6 =   3.352080,   6.067061       
# span 7 =   3.352039,   6.066899       
# span 8 =     1.5699,     3.3754       
# span 9 =     1.2732,     2.8885       
# span 10 =      10.02,     102.45      
# span 11 =   25.97330,   26.57033      
# span 12 =  -96.98970,  -94.80807      
# span 13 =   -0.02674,    0.04224      
# span 14 =   -0.02648,    0.03911      
# span 15 =     2.4108,     5.0590      
# span 16 =     2.4272,     5.0692      
# span 17 =     4.1430,    29.9963      
# span 18 =     4.1438,    29.9973      
# span 19 =    34.9059,    36.9144      
# span 20 =    34.9053,    36.9125      
# span 21 =    22.5600,    27.7505      
# span 22 =    22.5594,    27.7495      
# span 23 =       0.00,    1547.43      
# span 24 =    104.830,    220.629      
# span 25 =    105.542,    221.083      
# span 26 =         30,         74      
# span 27 = 0.0000e+00, 0.0000e+00      
# interval = decibars: 1                
# start_time = Oct 03 2021 11:22:54 [NMEA time, header]
# bad_flag = -9.990e-29
*END*
[from data line 467]
     102466   4269.388    830.869    838.000     6.1753     6.1787   3.482230   3.482471     1.7023     1.3980     100.00   26.05934  -95.12142   -0.00013    0.00008     3.2150     3.2383     6.0984     6.1018    34.9118    34.9111    27.4704    27.4694    1498.55    139.743    140.756         30 0.0000e+00
     103352   4306.284    796.234    803.000     6.3645     6.3665   3.497880   3.497980     1.6877     1.3830     100.01   26.06109  -95.12788   -0.00058   -0.00082     3.1368     3.1547     6.2899     6.2919    34.9108    34.9098    27.4447    27.4436    1498.65    136.349    137.126         37 0.0000e+00
     103425   4309.327    795.244    802.000     6.3601     6.3580   3.497210   3.496948     1.6849     1.3813      96.91   26.05912  -95.12068   -0.00085   -0.00059     3.1278     3.1490     6.2857     6.2835    34.9080    34.9072    27.4430    27.4427    1498.54    135.956    136.877         35 0.0000e+00
     103600   4316.618    794.254    801.000     6.4032     6.4044   3.501215   3.501188     1.6833     1.3812      84.16   26.05912  -95.12068    0.00023    0.00011     3.1185     3.1445     6.3285     6.3298    34.9092    34.9076    27.4383    27.4369    1498.54    135.553    136.681         40 0.0000e+00
     104734   4363.874    792.274    799.000     6.4275     6.4230   3.503060   3.502597     1.6755     1.3736      99.99   26.05687  -95.11255    0.00005   -0.00005     3.0908     3.1155     6.3529     6.3485    34.9059    34.9053    27.4324    27.4325    1498.41    134.347    135.425         54 0.0000e+00
     104822   4367.552    790.295    797.000     6.4353     6.4370   3.504040   3.504196     1.6761     1.3744      72.61   26.06005  -95.12409    0.00011    0.00023     3.0909     3.1162     6.3609     6.3626    34.9099    34.9099    27.4346    27.4344    1498.59    134.355    135.453         30 0.0000e+00
     105201   4383.353    775.449    782.000     6.5374     6.5387   3.512939   3.512987     1.6678     1.3650     100.00   26.05884  -95.11974   -0.00093   -0.00097     3.0498     3.0690     6.4639     6.4652    34.9121    34.9112    27.4226    27.4218    1498.53    132.570    133.405         34 0.0000e+00
     105326   4388.562    770.500    777.000     6.5615     6.5663   3.514865   3.515200     1.6651     1.3630     100.00   26.05912  -95.12066   -0.00041   -0.00021     3.0372     3.0578     6.4883     6.4931    34.9114    34.9103    27.4189    27.4173    1498.54    132.020    132.916         30 0.0000e+00
     105965   4415.161    745.754    752.000     6.8122     6.8165   3.537192   3.537446     1.6462     1.3448     100.00   26.05870  -95.11921   -0.00060   -0.00051     2.9470     2.9654     6.7401     6.7443    34.9160    34.9145    27.3885    27.3867    1498.52    128.104    128.903         30 0.0000e+00
     107163   4465.067    699.223    705.000     7.1715     7.1808   3.569294   3.570057     1.6244     1.3253     100.00   26.05911  -95.12080   -0.00012   -0.00017     2.8327     2.8529     7.1022     7.1115    34.9280    34.9270    27.3478    27.3457    1498.54    123.142    124.021         30 0.0000e+00
     107422   4475.875    696.253    702.000     7.1697     7.1581   3.568983   3.567365     1.6206     1.3226      99.98   26.05504  -95.10595    0.00014    0.00021     2.8205     2.8445     7.1007     7.0892    34.9220    34.9213    27.3431    27.3442    1498.31    122.612    123.654         34 0.0000e+00
     107672   4486.282    695.263    701.000     7.1971     7.2010   3.571733   3.572060     1.6174     1.3200      99.99   26.05908  -95.12070   -0.00036   -0.00044     2.8073     2.8320     7.1281     7.1319    34.9305    34.9304    27.3462    27.3455    1498.54    122.039    123.112         31 0.0000e+00
     108963   4540.079    691.302    697.000     7.2260     7.2318   3.574488   3.575020     1.6164     1.3186      79.46   26.05928  -95.12147    0.00019    0.00036     2.8004     2.8236     7.1572     7.1630    34.9337    34.9336    27.3446    27.3437    1498.55    121.738    122.744         31 0.0000e+00
     108994   4541.366    690.312    696.000     7.2361     7.2399   3.575410   3.575724     1.6165     1.3183      83.63   26.05906  -95.12068    0.00017    0.00029     2.7997     2.8215     7.1674     7.1712    34.9341    34.9337    27.3434    27.3426    1498.54    121.708    122.653         34 0.0000e+00
     109030   4542.859    689.322    695.000     7.2437     7.2472   3.576148   3.576418     1.6161     1.3175     100.06   26.05906  -95.12068 -7.392e-08   -0.00023     2.7976     2.8180     7.1750     7.1786    34.9349    34.9343    27.3430    27.3420    1498.54    121.617    122.501         36 0.0000e+00
     109118   4546.548    686.351    692.000     7.2864     7.2922   3.580295   3.580519     1.6148     1.3156      59.17   26.05946  -95.12213   -0.00032   -0.00047     2.7886     2.8066     7.2179     7.2237    34.9409    34.9407    27.3417    27.3407    1498.56    121.223    122.004         30 0.0000e+00
     109151   4547.923    685.361    691.000     7.2955     7.2999   3.581282   3.581665     1.6135     1.3141      99.12   26.05906  -95.12068   -0.00050   -0.00079     2.7842     2.8011     7.2270     7.2314    34.9407    34.9404    27.3402    27.3393    1498.54    121.032    121.768         39 0.0000e+00
     109187   4549.423    684.371    690.000     7.3015     7.3042   3.581837   3.582053     1.6119     1.3129     100.03   26.05906  -95.12068   -0.00088   -0.00090     2.7783     2.7964     7.2331     7.2358    34.9410    34.9407    27.3396    27.3390    1498.54    120.775    121.561         31 0.0000e+00
     109250   4552.037    682.390    688.000     7.3352     7.3346   3.585206   3.585114     1.6100     1.3106     100.00   26.06033  -95.12538   -0.00094   -0.00097     2.7691     2.7853     7.2668     7.2662    34.9446    34.9441    27.3376    27.3373    1498.61    120.377    121.081         30 0.0000e+00
     109278   4553.190    681.400    687.000     7.3406     7.3407   3.585576   3.585509     1.6090     1.3097     100.00   26.05904  -95.12070   -0.00078   -0.00084     2.7653     2.7816     7.2723     7.2724    34.9440    34.9432    27.3364    27.3357    1498.54    120.211    120.920         36 0.0000e+00
     109375   4557.258    678.429    684.000     7.3612     7.3625   3.587544   3.587657     1.6062     1.3080     100.00   26.05992  -95.12390   -0.00074   -0.00037     2.7538     2.7732     7.2931     7.2944    34.9463    34.9462    27.3352    27.3350    1498.59    119.711    120.555         36 0.0000e+00
     109408   4558.618    677.439    683.000     7.3673     7.3683   3.588021   3.588029     1.6057     1.3071     100.00   26.05904  -95.12069   -0.00046   -0.00049     2.7515     2.7694     7.2993     7.3003    34.9456    34.9447    27.3338    27.3330    1498.54    119.611    120.391         34 0.0000e+00
     109502   4562.556    674.469    680.000     7.4010     7.4034   3.591588   3.591749     1.6042     1.3060     100.01   26.06127  -95.12881   -0.00041   -0.00029     2.7433     2.7621     7.3331     7.3355    34.9523    34.9516    27.3343    27.3334    1498.67    119.256    120.075         35 0.0000e+00
     109534   4563.886    673.478    679.000     7.3978     7.4003   3.590931   3.591173     1.6025     1.3043     100.00   26.05904  -95.12068   -0.00066   -0.00062     2.7379     2.7563     7.3300     7.3325    34.9485    34.9487    27.3317    27.3314    1498.54    119.021    119.824         44 0.0000e+00
     112839   4701.594    594.243    599.000     8.2697     8.2751   3.674685   3.675240     1.5754     1.2799      94.03   26.06072  -95.12724   -0.00001   -0.00009     2.5665     2.5874     8.2063     8.2117    35.0169    35.0166    27.2560    27.2549    1498.64    111.580    112.488         36 0.0000e+00
     113306   4721.061    575.420    580.000     8.4482     8.4542   3.692153   3.692690     1.5758     1.2785     100.00   26.05924  -95.12193   -0.00021   -0.00038     2.5495     2.5649     8.3861     8.3920    35.0337    35.0335    27.2415    27.2404    1498.56    110.843    111.510         31 0.0000e+00
     113815   4742.253    554.614    559.000     8.7387     8.7462   3.721310   3.721964     1.5701     1.2739     100.00   26.05926  -95.12202   -0.00011   -0.00023     2.5065     2.5243     8.6777     8.6852    35.0641    35.0636    27.2198    27.2183    1498.56    108.975    109.749         30 0.0000e+00
     114107   4754.425    542.724    547.000     8.8567     8.8665   3.733202   3.734182     1.5699     1.2740     100.00   26.05984  -95.12420   -0.00009    0.00008     2.4946     2.5129     8.7965     8.8063    35.0784    35.0790    27.2123    27.2111    1498.60    108.457    109.253         31 0.0000e+00
     114246   4760.191    536.778    541.000     8.9278     8.9345   3.740143   3.740870     1.5702     1.2732      94.75   26.05844  -95.11910    0.00015   -0.00020     2.4889     2.5043     8.8681     8.8747    35.0836    35.0847    27.2048    27.2046    1498.51    108.208    108.882         30 0.0000e+00
     116865   4869.329    491.191    495.000     9.5842     9.5952   3.807928   3.808900     1.5746     1.2785     100.00   26.05991  -95.12466    0.00024    0.00029     2.4451     2.4649     9.5273     9.5382    35.1660    35.1653    27.1617    27.1593    1498.60    106.311    107.171         31 0.0000e+00
     117269   4886.185    475.333    479.000     9.8351     9.8414   3.834125   3.834640     1.5772     1.2802     100.00   26.05923  -95.12227    0.00025    0.00018     2.4319     2.4503     9.7792     9.7854    35.1978    35.1971    27.1442    27.1426    1498.56    105.739    106.538         30 0.0000e+00
     117422   4892.550    469.386    473.000     9.9345     9.9464   3.844453   3.845667     1.5780     1.2809     100.00   26.05840  -95.11925    0.00017    0.00003     2.4262     2.4441     9.8789     9.8908    35.2094    35.2103    27.1363    27.1349    1498.52    105.489    106.269         31 0.0000e+00
     117552   4897.949    464.430    468.000    10.0104    10.0154   3.852509   3.852991     1.5797     1.2821     100.00   26.05895  -95.12133    0.00030    0.00036     2.4248     2.4422     9.9552     9.9602    35.2204    35.2205    27.1319    27.1311    1498.55    105.433    106.186         35 0.0000e+00
     117675   4903.080    459.473    463.000    10.0707    10.0658   3.858811   3.858214     1.5800     1.2832     100.00   26.05854  -95.11983    0.00006    0.00021     2.4204     2.4411    10.0159    10.0110    35.2283    35.2270    27.1276    27.1274    1498.53    105.240    106.139         31 0.0000e+00
     118081   4919.993    443.612    447.000    10.3592    10.3752   3.889316   3.890825     1.5876     1.2902      99.99   26.05742  -95.11573    0.00064    0.00060     2.4188     2.4387    10.3053    10.3213    35.2657    35.2654    27.1065    27.1035    1498.46    105.172    106.037         31 0.0000e+00
     118374   4932.224    432.707    436.000    10.5492    10.5553   3.909989   3.910604     1.5927     1.2942     100.01   26.06111  -95.12905    0.00044    0.00057     2.4181     2.4366    10.4961    10.5022    35.2967    35.2970    27.0973    27.0965    1498.67    105.142    105.947         35 0.0000e+00
     118400   4933.293    431.716    435.000    10.5341    10.5467   3.908011   3.909288     1.5923     1.2943     100.00   26.05880  -95.12070    0.00038    0.00041     2.4176     2.4372    10.4812    10.4937    35.2912    35.2920    27.0955    27.0939    1498.54    105.122    105.976         34 0.0000e+00
     118517   4938.158    426.758    430.000    10.6793    10.6855   3.923697   3.924355     1.5951     1.2964     100.00   26.05832  -95.11893    0.00055    0.00041     2.4152     2.4337    10.6265    10.6327    35.3112    35.3118    27.0853    27.0847    1498.51    105.018    105.825         39 0.0000e+00
     118651   4943.755    421.801    425.000    10.8283    10.8370   3.940081   3.941096     1.5980     1.2980     100.01   26.06048  -95.12682    0.00077    0.00055     2.4125     2.4280    10.7756    10.7844    35.3349    35.3367    27.0772    27.0770    1498.64    104.902    105.577         30 0.0000e+00
     118674   4944.720    420.810    424.000    10.8435    10.8392   3.941594   3.941219     1.5981     1.2979     100.00   26.05880  -95.12070    0.00088    0.00032     2.4115     2.4272    10.7910    10.7867    35.3355    35.3348    27.0748    27.0750    1498.54    104.857    105.542         31 0.0000e+00
     118830   4951.215    414.861    418.000    10.9620    10.9737   3.954458   3.955626     1.6011     1.3021     100.00   26.05971  -95.12404    0.00077    0.00069     2.4108     2.4300    10.9099    10.9215    35.3529    35.3533    27.0669    27.0651    1498.59    104.830    105.663         31 0.0000e+00
     118980   4957.449    408.912    412.000    11.0379    11.0448   3.962442   3.963211     1.6054     1.3058     100.00   26.05908  -95.12173    0.00086    0.00063     2.4162     2.4350    10.9863    10.9932    35.3624    35.3634    27.0604    27.0599    1498.56    105.064    105.884         30 0.0000e+00
     119636   4984.804    398.005    401.000    11.2389    11.2550   3.984360   3.986201     1.6123     1.3121     100.01   26.06044  -95.12668   -0.00002 -3.136e-07     2.4193     2.4380    11.1881    11.2041    35.3929    35.3957    27.0473    27.0465    1498.63    105.201    106.015         32 0.0000e+00
     120411   5017.079    397.013    400.000    11.3152    11.3208   3.992656   3.993103     1.6154     1.3148     100.00   26.05878  -95.12068    0.00021    0.00017     2.4228     2.4421    11.2643    11.2699    35.4018    35.4023    27.0400    27.0394    1498.54    105.352    106.191         52 0.0000e+00
     120845   5035.174    396.022    399.000    11.3248    11.3302   3.993547   3.994150     1.6161     1.3155     100.00   26.05878  -95.12068    0.00001    0.00015     2.4240     2.4431    11.2740    11.2794    35.4022    35.4034    27.0386    27.0385    1498.54    105.407    106.237         36 0.0000e+00
     121719   5071.586    362.305    365.000    12.0969    12.1179   4.078836   4.080829     1.6395     1.3376     100.00   26.05866  -95.12033    0.00165    0.00175     2.4300     2.4514    12.0484    12.0694    35.5190    35.5184    26.9830    26.9785    1498.53    105.674    106.602         32 0.0000e+00
     121901   5079.151    355.363    358.000    12.2722    12.3083   4.098347   4.101965     1.6479     1.3450      57.67   26.05889  -95.12116    0.00119    0.00105     2.4396     2.4594    12.2242    12.2603    35.5454    35.5463    26.9695    26.9632    1498.55    106.093    106.953         31 0.0000e+00
     122039   5084.935    350.404    353.000    12.4155    12.4317   4.114681   4.116395     1.6557     1.3517     100.01   26.06163  -95.13116    0.00146    0.00114     2.4499     2.4699    12.3679    12.3840    35.5710    35.5722    26.9615    26.9593    1498.71    106.542    107.409         31 0.0000e+00
     122058   5085.719    349.412    352.000    12.4143    12.4392   4.114139   4.116865     1.6567     1.3523     100.00   26.05876  -95.12068    0.00117    0.00081     2.4526     2.4710    12.3668    12.3916    35.5664    35.5693    26.9580    26.9553    1498.54    106.658    107.458         32 0.0000e+00
     122184   5090.954    344.453    347.000    12.6176    12.6291   4.137330   4.138415     1.6626     1.3576     100.00   26.05947  -95.12335    0.00114    0.00115     2.4544     2.4733    12.5703    12.5817    35.6005    35.6001    26.9444    26.9418    1498.58    106.736    107.562         32 0.0000e+00
