Gulf of Mexico/GOMECC-4/1db/rb2103_1331.ros
* Sea-Bird SBE 9 Data File:
* FileName = C:\Users\scs.user.rb\CTD\GOMECC4\data\rb2103_1331.hex
* Software Version Seasave V 7.26.7.107
* Temperature SN = 4799
* Conductivity SN = 3860
* Number of Bytes Per Scan = 41
* Number of Voltage Words = 4
* Number of Scans Averaged by the Deck Unit = 1
* NMEA Latitude = 26 31.24 N
* NMEA Longitude = 083 24.57 W
* NMEA UTC (Time) = Oct 19 2021  21:06:28
* NMEA baud rate = 4800
# nquan = 17
# nvalues = 798                                   
# units = specified
# name 0 = scan: Scan Count
# name 1 = timeS: Time, Elapsed [seconds]
# name 2 = depSM: Depth [salt water, m]
# name 3 = prDM: Pressure, Digiquartz [db]
# name 4 = t090C: Temperature [ITS-90, deg C]
# name 5 = t190C: Temperature, 2 [ITS-90, deg C]
# name 6 = c0S/m: Conductivity [S/m]
# name 7 = c1S/m: Conductivity, 2 [S/m]
# name 8 = sbeox0V: Oxygen raw, SBE 43 [V]
# name 9 = sbeox1V: Oxygen raw, SBE 43, 2 [V]
# name 10 = altM: Altimeter [m]
# name 11 = latitude: Latitude [deg]
# name 12 = longitude: Longitude [deg]
# name 13 = sbox0dV/dT: Oxygen, SBE 43 [dov/dt]
# name 14 = sbox1dV/dT: Oxygen, SBE 43, 2 [dov/dt]
# name 15 = nbf: Bottles Fired
# name 16 = flag:  0.000e+00
# interval = seconds: 0.0416667
# start_time = Oct 19 2021 21:06:28 [NMEA time, header]
# bad_flag = -9.990e-29
*END*
[from data line 256]
      18630    776.208     40.221     40.490    28.6979    28.7671   5.851597   5.858515     3.1160     2.6325      14.95   26.52086  -83.40950    0.00077    0.00119          2  0.000e+00
      18631    776.250     40.242     40.511    28.6976    28.7703   5.851352   5.858579     3.1160     2.6325      14.97   26.52086  -83.40950    0.00075    0.00119          2  0.000e+00
      18632    776.292     40.221     40.490    28.6978    28.7712   5.851177   5.858579     3.1160     2.6325      14.97   26.52086  -83.40950    0.00072    0.00118          2  0.000e+00
      18633    776.333     40.221     40.490    28.6967    28.7700   5.851059   5.858724     3.1160     2.6325      14.97   26.52086  -83.40950    0.00072    0.00116          2  0.000e+00
      18634    776.375     40.221     40.490    28.6943    28.7706   5.850972   5.858917     3.1160     2.6313      14.97   26.52086  -83.40950    0.00071    0.00112          2  0.000e+00
      18635    776.417     40.242     40.511    28.6928    28.7719   5.851098   5.859037     3.1148     2.6313      14.97   26.52086  -83.40950    0.00067    0.00109          2  0.000e+00
      18636    776.458     40.174     40.442    28.6947    28.7720   5.851312   5.858989     3.1148     2.6325      14.97   26.52086  -83.40950    0.00063    0.00107          2  0.000e+00
      18637    776.500     40.221     40.490    28.6972    28.7714   5.851344   5.858820     3.1148     2.6325      14.97   26.52086  -83.40950    0.00061    0.00104          2  0.000e+00
      18638    776.542     40.221     40.490    28.6972    28.7723   5.851114   5.858804     3.1148     2.6313      14.97   26.52086  -83.40950    0.00057    0.00099          2  0.000e+00
      18639    776.583     40.174     40.442    28.6867    28.7712   5.851011   5.858820     3.1148     2.6313      14.99   26.52086  -83.40950    0.00053    0.00094          2  0.000e+00
      21081    878.333     29.999     30.198    28.7937    28.7994   5.860361   5.860975     3.1282     2.6422      25.03   26.52084  -83.40952   -0.00050   -0.00175          3  0.000e+00
      21082    878.375     29.918     30.117    28.7941    28.7991   5.860409   5.861039     3.1270     2.6422      25.05   26.52084  -83.40952   -0.00054   -0.00176          3  0.000e+00
      21083    878.417     29.802     30.001    28.7939    28.7993   5.860361   5.861063     3.1270     2.6422      25.05   26.52084  -83.40952   -0.00055   -0.00177          3  0.000e+00
      21084    878.458     29.965     30.164    28.7939    28.7993   5.860409   5.861072     3.1282     2.6422      25.05   26.52084  -83.40952   -0.00054   -0.00176          3  0.000e+00
      21085    878.500     29.951     30.151    28.7941    28.7993   5.860361   5.861104     3.1282     2.6422      25.03   26.52084  -83.40952   -0.00054   -0.00175          3  0.000e+00
      21086    878.542     29.918     30.117    28.7939    28.7998   5.860369   5.861144     3.1270     2.6422      25.03   26.52084  -83.40952   -0.00055   -0.00174          3  0.000e+00
      21087    878.583     29.951     30.151    28.7943    28.8004   5.860417   5.861160     3.1270     2.6422      25.05   26.52084  -83.40952   -0.00057   -0.00173          3  0.000e+00
      21088    878.625     29.965     30.164    28.7950    28.8004   5.860393   5.861208     3.1282     2.6422      25.01   26.52084  -83.40952   -0.00056   -0.00172          3  0.000e+00
      21089    878.667     29.999     30.198    28.7952    28.7998   5.860401   5.861063     3.1282     2.6435      24.98   26.52084  -83.40952   -0.00054   -0.00169          3  0.000e+00
      21090    878.708     29.965     30.164    28.7954    28.7993   5.860496   5.861047     3.1282     2.6435      24.96   26.52084  -83.40952   -0.00052   -0.00166          3  0.000e+00
      21091    878.750     29.999     30.198    28.7958    28.7994   5.860488   5.861112     3.1282     2.6435      24.96   26.52084  -83.40952   -0.00049   -0.00162          3  0.000e+00
      21092    878.792     29.965     30.164    28.7958    28.7996   5.860480   5.861080     3.1282     2.6435      24.96   26.52084  -83.40952   -0.00047   -0.00159          3  0.000e+00
      21093    878.833     30.046     30.246    28.7961    28.7994   5.860480   5.861096     3.1270     2.6435      24.98   26.52084  -83.40952   -0.00046   -0.00154          3  0.000e+00
      21094    878.875     29.999     30.198    28.7959    28.7994   5.860552   5.861015     3.1282     2.6435      24.96   26.52084  -83.40952   -0.00044   -0.00150          3  0.000e+00
      21095    878.917     30.012     30.212    28.7958    28.7991   5.860536   5.861080     3.1282     2.6435      24.96   26.52084  -83.40952   -0.00041   -0.00147          3  0.000e+00
      21096    878.958     30.046     30.246    28.7958    28.7994   5.860456   5.861072     3.1282     2.6447      24.98   26.52084  -83.40952   -0.00039   -0.00141          3  0.000e+00
      21097    879.000     30.060     30.260    28.7958    28.7989   5.860480   5.861072     3.1282     2.6447      24.98   26.52084  -83.40952   -0.00036   -0.00136          3  0.000e+00
      21098    879.042     30.046     30.246    28.7958    28.7991   5.860520   5.860991     3.1282     2.6435      24.98   26.52084  -83.40952   -0.00033   -0.00132          3  0.000e+00
      21099    879.083     30.060     30.260    28.7965    28.7991   5.860567   5.860999     3.1282     2.6447      24.98   26.52084  -83.40952   -0.00031   -0.00127          3  0.000e+00
      21100    879.125     30.100     30.301    28.7970    28.7989   5.860655   5.861064     3.1282     2.6447      24.98   26.52084  -83.40952   -0.00028   -0.00120          3  0.000e+00
      21101    879.167     30.060     30.260    28.7974    28.7989   5.860710   5.860991     3.1282     2.6447      24.96   26.52084  -83.40952   -0.00025   -0.00112          3  0.000e+00
      21102    879.208     30.100     30.301    28.7980    28.7989   5.860726   5.860999     3.1294     2.6447      24.96   26.52084  -83.40952   -0.00021   -0.00105          3  0.000e+00
      21103    879.250     30.114     30.314    28.7978    28.7989   5.860726   5.861015     3.1282     2.6447      24.96   26.52084  -83.40952   -0.00018   -0.00097          3  0.000e+00
      21104    879.292     30.148     30.348    28.7980    28.7989   5.860797   5.861064     3.1282     2.6447      24.98   26.52084  -83.40952   -0.00015   -0.00090          3  0.000e+00
      21105    879.333     30.114     30.314    28.7978    28.7987   5.860766   5.860991     3.1282     2.6447      24.96   26.52084  -83.40952   -0.00013   -0.00082          3  0.000e+00
      21106    879.375     30.148     30.348    28.7980    28.7989   5.860726   5.860999     3.1282     2.6447      24.96   26.52084  -83.40952   -0.00010   -0.00074          3  0.000e+00
      21107    879.417     30.148     30.348    28.7982    28.7989   5.860758   5.860991     3.1282     2.6435      24.98   26.52084  -83.40952   -0.00007   -0.00068          3  0.000e+00
      21108    879.458     30.161     30.362    28.7978    28.7987   5.860702   5.860967     3.1294     2.6435      24.96   26.52084  -83.40952   -0.00002   -0.00062          3  0.000e+00
      21109    879.500     30.148     30.348    28.7978    28.7989   5.860710   5.861039     3.1282     2.6435      24.98   26.52084  -83.40952    0.00001   -0.00056          3  0.000e+00
      21110    879.542     30.161     30.362    28.7980    28.7993   5.860726   5.861072     3.1282     2.6435      24.96   26.52084  -83.40952    0.00004   -0.00049          3  0.000e+00
      21111    879.583     30.195     30.396    28.7978    28.7993   5.860686   5.861064     3.1282     2.6422      24.96   26.52084  -83.40952    0.00007   -0.00045          3  0.000e+00
      21112    879.625     30.161     30.362    28.7974    28.7991   5.860678   5.861023     3.1282     2.6422      24.79   26.52084  -83.40952    0.00010   -0.00040          3  0.000e+00
      21113    879.667     30.195     30.396    28.7978    28.7993   5.860766   5.861064     3.1294     2.6422      24.71   26.52084  -83.40952    0.00015   -0.00035          3  0.000e+00
      21114    879.708     30.161     30.362    28.7976    28.7989   5.860702   5.861031     3.1282     2.6422      24.71   26.52084  -83.40952    0.00018   -0.00029          3  0.000e+00
      21115    879.750     30.249     30.451    28.7978    28.7993   5.860710   5.861048     3.1282     2.6410      24.71   26.52084  -83.40952    0.00021   -0.00026          3  0.000e+00
      21116    879.792     30.209     30.410    28.7978    28.7993   5.860726   5.861040     3.1282     2.6422      24.71   26.52084  -83.40952    0.00024   -0.00020          3  0.000e+00
      21117    879.833     30.195     30.396    28.7976    28.7989   5.860686   5.861056     3.1282     2.6422      24.71   26.52084  -83.40952    0.00027   -0.00017          3  0.000e+00
      21118    879.875     30.263     30.464    28.7978    28.7993   5.860750   5.861023     3.1282     2.6410      24.74   26.52084  -83.40952    0.00030   -0.00014          3  0.000e+00
      21119    879.917     30.195     30.396    28.7976    28.7991   5.860774   5.861088     3.1282     2.6410      24.71   26.52084  -83.40952    0.00032   -0.00012          3  0.000e+00
      21120    879.958     30.195     30.396    28.7976    28.7991   5.860774   5.861048     3.1282     2.6410      24.71   26.52084  -83.40952    0.00033   -0.00011          3  0.000e+00
      21121    880.000     30.263     30.464    28.7982    28.7991   5.860774   5.861056     3.1282     2.6398      24.71   26.52084  -83.40952    0.00035   -0.00012          3  0.000e+00
      21122    880.042     30.195     30.396    28.7982    28.7991   5.860789   5.861023     3.1282     2.6398      24.71   26.52084  -83.40952    0.00036   -0.00013          3  0.000e+00
      21123    880.083     30.263     30.464    28.7980    28.7991   5.860774   5.861023     3.1282     2.6398      24.71   26.52084  -83.40952    0.00038   -0.00014          3  0.000e+00
      21124    880.125     30.195     30.396    28.7980    28.7991   5.860774   5.861015     3.1282     2.6398      24.71   26.52084  -83.40952    0.00039   -0.00014          3  0.000e+00
      21125    880.167     30.310     30.512    28.7983    28.7993   5.860805   5.861048     3.1282     2.6398      24.71   26.52084  -83.40952    0.00039   -0.00014          3  0.000e+00
      21126    880.208     30.195     30.396    28.7982    28.7994   5.860750   5.861072     3.1282     2.6398      24.71   26.52084  -83.40952    0.00040   -0.00016          3  0.000e+00
      21127    880.250     30.263     30.464    28.7982    28.7991   5.860758   5.861032     3.1282     2.6386      24.71   26.52084  -83.40952    0.00042   -0.00020          3  0.000e+00
      21128    880.292     30.249     30.451    28.7982    28.7993   5.860734   5.861048     3.1282     2.6386      24.74   26.52084  -83.40952    0.00042   -0.00023          3  0.000e+00
      21129    880.333     30.209     30.410    28.7980    28.7993   5.860758   5.861072     3.1282     2.6398      24.71   26.52084  -83.40952    0.00041   -0.00025          3  0.000e+00
      21130    880.375     30.249     30.451    28.7983    28.7993   5.860789   5.861064     3.1282     2.6398      24.71   26.52084  -83.40952    0.00041   -0.00027          3  0.000e+00
      21131    880.417     30.209     30.410    28.7982    28.7994   5.860813   5.861023     3.1282     2.6398      24.71   26.52084  -83.40952    0.00040   -0.00028          3  0.000e+00
      21132    880.458     30.249     30.451    28.7983    28.7994   5.860782   5.861064     3.1294     2.6398      24.71   26.52084  -83.40952    0.00042   -0.00029          3  0.000e+00
      21133    880.500     30.249     30.451    28.7983    28.7991   5.860805   5.861064     3.1282     2.6398      24.71   26.52084  -83.40952    0.00041   -0.00029          3  0.000e+00
      21134    880.542     30.209     30.410    28.7983    28.7993   5.860821   5.861064     3.1294     2.6398      24.71   26.52084  -83.40952    0.00042   -0.00028          3  0.000e+00
      21135    880.583     30.249     30.451    28.7982    28.7993   5.860821   5.861023     3.1294     2.6398      24.71   26.52084  -83.40952    0.00043   -0.00029          3  0.000e+00
      21136    880.625     30.209     30.410    28.7982    28.7993   5.860781   5.861023     3.1294     2.6398      24.71   26.52084  -83.40952    0.00044   -0.00030          3  0.000e+00
      21137    880.667     30.195     30.396    28.7982    28.7994   5.860774   5.861088     3.1294     2.6386      24.71   26.52084  -83.40952    0.00045   -0.00032          3  0.000e+00
      21138    880.708     30.161     30.362    28.7982    28.7993   5.860750   5.861072     3.1294     2.6386      24.71   26.52084  -83.40952    0.00044   -0.00033          3  0.000e+00
      21139    880.750     30.249     30.451    28.7982    28.7993   5.860766   5.861072     3.1294     2.6386      24.71   26.52084  -83.40952    0.00045   -0.00035          3  0.000e+00
      21140    880.792     30.161     30.362    28.7982    28.7994   5.860734   5.861064     3.1294     2.6386      24.71   26.52084  -83.40952    0.00046   -0.00037          3  0.000e+00
      21141    880.833     30.195     30.396    28.7980    28.7993   5.860726   5.861064     3.1294     2.6386      24.71   26.52084  -83.40952    0.00045   -0.00038          3  0.000e+00
      21142    880.875     30.161     30.362    28.7980    28.7993   5.860758   5.861072     3.1294     2.6386      24.71   26.52084  -83.40952    0.00045   -0.00040          3  0.000e+00
      21143    880.917     30.148     30.348    28.7982    28.7994   5.860734   5.861104     3.1294     2.6386      24.71   26.52084  -83.40952    0.00046   -0.00042          3  0.000e+00
      21144    880.958     30.161     30.362    28.7978    28.7994   5.860726   5.861072     3.1294     2.6386      24.71   26.52084  -83.40952    0.00046   -0.00043          3  0.000e+00
      21145    881.000     30.148     30.348    28.7980    28.7993   5.860758   5.861039     3.1294     2.6398      24.71   26.52084  -83.40952    0.00046   -0.00043          3  0.000e+00
      21146    881.042     30.148     30.348    28.7980    28.7993   5.860702   5.861056     3.1294     2.6398      24.71   26.52084  -83.40952    0.00047   -0.00042          3  0.000e+00
      21147    881.083     30.114     30.314    28.7978    28.7993   5.860694   5.861023     3.1306     2.6398      24.71   26.52084  -83.40952    0.00049   -0.00043          3  0.000e+00
      21148    881.125     30.100     30.301    28.7974    28.7991   5.860718   5.861023     3.1294     2.6398      24.71   26.52084  -83.40952    0.00049   -0.00044          3  0.000e+00
      21149    881.167     30.114     30.314    28.7976    28.7991   5.860686   5.861056     3.1306     2.6398      24.71   26.52084  -83.40952    0.00050   -0.00045          3  0.000e+00
      21150    881.208     30.046     30.246    28.7972    28.7985   5.860710   5.860951     3.1306     2.6398      24.71   26.52084  -83.40952    0.00052   -0.00046          3  0.000e+00
      21151    881.250     30.114     30.314    28.7976    28.7983   5.860726   5.860991     3.1306     2.6398      24.71   26.52084  -83.40952    0.00055   -0.00047          3  0.000e+00
      21152    881.292     30.100     30.301    28.7972    28.7989   5.860726   5.860991     3.1306     2.6410      24.71   26.52084  -83.40952    0.00059   -0.00046          3  0.000e+00
      21153    881.333     30.012     30.212    28.7968    28.7991   5.860615   5.860967     3.1319     2.6410      24.71   26.52084  -83.40952    0.00062   -0.00047          3  0.000e+00
      21154    881.375     30.046     30.246    28.7958    28.7985   5.860464   5.861039     3.1306     2.6410      24.71   26.52084  -83.40952    0.00063   -0.00047          3  0.000e+00
