Gulf of Mexico/GOMECC-4/1db/rb2103_0031.ros
* Sea-Bird SBE 9 Data File:
* FileName = C:\Users\scs.user.rb\CTD\GOMECC4\data\rb2103_003.hex
* Software Version Seasave V 7.26.7.107
* Temperature SN = 4799
* Conductivity SN = 3860
* Number of Bytes Per Scan = 41
* Number of Voltage Words = 4
* Number of Scans Averaged by the Deck Unit = 1
* NMEA Latitude = 26 59.30 N
* NMEA Longitude = 079 46.65 W
* NMEA UTC (Time) = Sep 14 2021  20:49:18
* NMEA baud rate = 4800
# nquan = 17
# nvalues = 2261                                  
# units = specified
# name 0 = scan: Scan Count
# name 1 = timeS: Time, Elapsed [seconds]
# name 2 = depSM: Depth [salt water, m]
# name 3 = prDM: Pressure, Digiquartz [db]
# name 4 = t090C: Temperature [ITS-90, deg C]
# name 5 = t190C: Temperature, 2 [ITS-90, deg C]
# name 6 = c0S/m: Conductivity [S/m]
# name 7 = c1S/m: Conductivity, 2 [S/m]
# name 8 = sbeox0V: Oxygen raw, SBE 43 [V]
# name 9 = sbeox1V: Oxygen raw, SBE 43, 2 [V]
# name 10 = altM: Altimeter [m]
# name 11 = latitude: Latitude [deg]
# name 12 = longitude: Longitude [deg]
# name 13 = sbox0dV/dT: Oxygen, SBE 43 [dov/dt]
# name 14 = sbox1dV/dT: Oxygen, SBE 43, 2 [dov/dt]
# name 15 = nbf: Bottles Fired
# name 16 = flag:  0.000e+00
# interval = seconds: 0.0416667
# start_time = Sep 14 2021 20:49:18 [NMEA time, header]
# bad_flag = -9.990e-29
*END*
[from data line 766]
      46570   1940.375    198.959    200.373    15.7939    15.7498   4.500784   4.496277     1.9756     1.6508     100.00   27.00560  -79.77876   -0.00058    0.00027          6  0.000e+00
      46571   1940.417    198.974    200.388    15.7759    15.7543   4.500777   4.496572     1.9756     1.6508     100.00   27.00560  -79.77876   -0.00057    0.00025          6  0.000e+00
      46572   1940.458    199.019    200.434    15.7682    15.7560   4.500713   4.496694     1.9756     1.6496     100.00   27.00560  -79.77876   -0.00057    0.00022          6  0.000e+00
      46573   1940.500    198.974    200.388    15.7893    15.7551   4.501380   4.496673     1.9768     1.6508     100.00   27.00560  -79.77876   -0.00053    0.00021          6  0.000e+00
      46574   1940.542    198.959    200.373    15.8167    15.7512   4.502373   4.496586     1.9768     1.6496     100.00   27.00560  -79.77876   -0.00049    0.00018          6  0.000e+00
      46575   1940.583    199.035    200.449    15.8291    15.7504   4.503451   4.496522     1.9756     1.6508     100.00   27.00560  -79.77876   -0.00047    0.00016          6  0.000e+00
      46576   1940.625    199.035    200.449    15.8305    15.7481   4.504147   4.496292     1.9756     1.6508     100.00   27.00560  -79.77876   -0.00045    0.00015          6  0.000e+00
      46577   1940.667    198.959    200.373    15.8203    15.7464   4.503835   4.496148     1.9756     1.6496     100.00   27.00560  -79.77876   -0.00044    0.00012          6  0.000e+00
      46578   1940.708    199.035    200.450    15.8067    15.7498   4.502834   4.496134     1.9756     1.6508     100.00   27.00560  -79.77876   -0.00041    0.00010          6  0.000e+00
      46579   1940.750    199.020    200.434    15.7975    15.7524   4.501805   4.496213     1.9756     1.6508     100.00   27.00560  -79.77876   -0.00039    0.00009          6  0.000e+00
      46580   1940.792    199.035    200.450    15.7864    15.7545   4.500578   4.496364     1.9756     1.6508     100.00   27.00562  -79.77876   -0.00036    0.00009          6  0.000e+00
      46581   1940.833    199.035    200.450    15.7539    15.7574   4.498741   4.496514     1.9756     1.6508     100.00   27.00562  -79.77876   -0.00036    0.00007          6  0.000e+00
      46582   1940.875    199.020    200.434    15.7294    15.7598   4.496798   4.496500     1.9756     1.6508      99.39   27.00562  -79.77876   -0.00035    0.00006          6  0.000e+00
      46583   1940.917    199.035    200.450    15.7176    15.7579   4.495188   4.496335     1.9756     1.6508      65.37   27.00562  -79.77876   -0.00034    0.00004          6  0.000e+00
      46584   1940.958    199.073    200.488    15.7092    15.7534   4.493912   4.496083     1.9756     1.6508      42.05   27.00562  -79.77876   -0.00031    0.00003          6  0.000e+00
      46585   1941.000    199.035    200.450    15.7160    15.7505   4.493266   4.495896     1.9756     1.6508      38.32   27.00562  -79.77876   -0.00028    0.00001          6  0.000e+00
      46586   1941.042    199.035    200.450    15.7050    15.7461   4.492841   4.495659     1.9756     1.6508      40.07   27.00562  -79.77876   -0.00025   -0.00001          6  0.000e+00
      46587   1941.083    199.020    200.434    15.7063    15.7439   4.492706   4.495422     1.9756     1.6508      41.20   27.00562  -79.77876   -0.00022   -0.00002          6  0.000e+00
      46588   1941.125    199.088    200.503    15.7269    15.7423   4.493124   4.495336     1.9756     1.6508      41.34   27.00562  -79.77876   -0.00021   -0.00002          6  0.000e+00
      46589   1941.167    199.020    200.434    15.7393    15.7402   4.493826   4.495322     1.9756     1.6508      41.25   27.00562  -79.77876   -0.00020   -0.00002          6  0.000e+00
      46590   1941.208    199.088    200.503    15.7694    15.7384   4.494677   4.495408     1.9756     1.6508      41.20   27.00562  -79.77876   -0.00018   -0.00004          6  0.000e+00
      46591   1941.250    199.035    200.450    15.8016    15.7397   4.495584   4.495437     1.9756     1.6508      41.20   27.00562  -79.77876   -0.00017   -0.00004          6  0.000e+00
      46592   1941.292    199.073    200.488    15.8184    15.7422   4.496548   4.495501     1.9756     1.6508      41.20   27.00562  -79.77876   -0.00016   -0.00004          6  0.000e+00
      46593   1941.333    199.035    200.450    15.8155    15.7433   4.497392   4.495573     1.9756     1.6508      41.20   27.00562  -79.77876   -0.00014   -0.00004          6  0.000e+00
      46594   1941.375    199.020    200.435    15.7805    15.7502   4.497967   4.495623     1.9756     1.6508      41.20   27.00562  -79.77876   -0.00013   -0.00004          6  0.000e+00
      46595   1941.417    199.088    200.503    15.7573    15.7610   4.497954   4.495753     1.9756     1.6508      41.20   27.00562  -79.77876   -0.00011   -0.00004          6  0.000e+00
      46596   1941.458    199.035    200.450    15.7500    15.7714   4.497783   4.495867     1.9756     1.6508      41.20   27.00562  -79.77876   -0.00010   -0.00004          6  0.000e+00
      46597   1941.500    199.073    200.488    15.7436    15.7767   4.497542   4.495903     1.9756     1.6508      41.20   27.00562  -79.77876   -0.00008   -0.00004          6  0.000e+00
      46598   1941.542    199.035    200.450    15.7413    15.7759   4.497308   4.495896     1.9756     1.6508      41.20   27.00562  -79.77876   -0.00007   -0.00005          6  0.000e+00
      46599   1941.583    199.020    200.435    15.7375    15.7677   4.497018   4.495932     1.9756     1.6508      41.20   27.00562  -79.77876   -0.00005   -0.00005          6  0.000e+00
      46600   1941.625    199.088    200.503    15.7298    15.7598   4.496613   4.495904     1.9756     1.6508      41.20   27.00562  -79.77876   -0.00003   -0.00005          6  0.000e+00
      46601   1941.667    199.020    200.435    15.7243    15.7562   4.496181   4.495817     1.9756     1.6508      41.20   27.00562  -79.77876   -0.00002   -0.00005          6  0.000e+00
      49721   2071.667    158.779    159.892    18.3759    18.3827   4.811581   4.812326     2.2344     1.8864     100.00   27.00678  -79.77878   -0.00024    0.00020          7  0.000e+00
      49722   2071.708    159.263    160.380    18.3767    18.3836   4.811647   4.812385     2.2344     1.8852     100.00   27.00678  -79.77878   -0.00024    0.00021          7  0.000e+00
      49723   2071.750    159.044    160.159    18.3777    18.3838   4.811712   4.812474     2.2344     1.8864     100.00   27.00678  -79.77878   -0.00025    0.00023          7  0.000e+00
      49724   2071.792    159.112    160.227    18.3780    18.3843   4.811800   4.812459     2.2344     1.8852     100.00   27.00678  -79.77878   -0.00025    0.00024          7  0.000e+00
      49725   2071.833    159.044    160.159    18.3785    18.3841   4.811807   4.812393     2.2357     1.8852     100.00   27.00678  -79.77878   -0.00023    0.00023          7  0.000e+00
      49726   2071.875    159.044    160.159    18.3791    18.3832   4.811851   4.812282     2.2344     1.8864     100.00   27.00678  -79.77878   -0.00024    0.00024          7  0.000e+00
      49727   2071.917    159.044    160.159    18.3794    18.3829   4.811880   4.812274     2.2344     1.8852     100.00   27.00678  -79.77878   -0.00024    0.00024          7  0.000e+00
      49728   2071.958    159.112    160.227    18.3796    18.3827   4.811902   4.812200     2.2344     1.8864     100.00   27.00678  -79.77878   -0.00024    0.00025          7  0.000e+00
      49729   2072.000    158.983    160.098    18.3803    18.3822   4.811865   4.812163     2.2357     1.8864     100.00   27.00678  -79.77878   -0.00023    0.00026          7  0.000e+00
      49730   2072.042    159.097    160.212    18.3801    18.3818   4.811909   4.812104     2.2357     1.8852     100.00   27.00678  -79.77878   -0.00020    0.00025          7  0.000e+00
      49731   2072.083    159.044    160.159    18.3791    18.3815   4.811887   4.812112     2.2344     1.8864     100.00   27.00678  -79.77878   -0.00020    0.00024          7  0.000e+00
      49732   2072.125    159.059    160.174    18.3801    18.3812   4.811916   4.812067     2.2344     1.8864     100.00   27.00678  -79.77878   -0.00021    0.00025          7  0.000e+00
      49733   2072.167    159.044    160.159    18.3803    18.3811   4.811887   4.812008     2.2357     1.8864     100.00   27.00678  -79.77878   -0.00019    0.00025          7  0.000e+00
      49734   2072.208    158.983    160.098    18.3803    18.3812   4.811938   4.812038     2.2344     1.8864     100.00   27.00678  -79.77878   -0.00020    0.00024          7  0.000e+00
      49735   2072.250    159.097    160.212    18.3820    18.3812   4.811989   4.812075     2.2357     1.8864     100.00   27.00678  -79.77878   -0.00016    0.00023          7  0.000e+00
      49736   2072.292    158.999    160.113    18.3834    18.3815   4.812062   4.812119     2.2357     1.8864     100.00   27.00678  -79.77878   -0.00015    0.00022          7  0.000e+00
      49737   2072.333    159.044    160.159    18.3825    18.3817   4.812106   4.812156     2.2357     1.8864     100.00   27.00678  -79.77878   -0.00014    0.00022          7  0.000e+00
      49738   2072.375    158.984    160.098    18.3815    18.3815   4.812128   4.812163     2.2344     1.8864     100.00   27.00678  -79.77878   -0.00014    0.00021          7  0.000e+00
      49739   2072.417    158.999    160.113    18.3810    18.3818   4.812135   4.812230     2.2344     1.8864     100.00   27.00678  -79.77878   -0.00015    0.00020          7  0.000e+00
      49740   2072.458    159.044    160.159    18.3813    18.3822   4.812208   4.812245     2.2357     1.8852     100.00   27.00678  -79.77878   -0.00012    0.00017          7  0.000e+00
      49741   2072.500    158.984    160.098    18.3830    18.3822   4.812245   4.812245     2.2357     1.8852     100.00   27.00678  -79.77878   -0.00008    0.00014          7  0.000e+00
      49742   2072.542    159.044    160.159    18.3841    18.3827   4.812296   4.812304     2.2344     1.8852     100.00   27.00678  -79.77878   -0.00009    0.00012          7  0.000e+00
      49743   2072.583    158.999    160.113    18.3841    18.3831   4.812296   4.812326     2.2344     1.8852     100.00   27.00678  -79.77878   -0.00009    0.00007          7  0.000e+00
      49744   2072.625    158.984    160.098    18.3848    18.3838   4.812368   4.812356     2.2344     1.8852     100.00   27.00678  -79.77878   -0.00010    0.00004          7  0.000e+00
      49745   2072.667    159.044    160.159    18.3850    18.3839   4.812412   4.812370     2.2344     1.8852     100.00   27.00678  -79.77878   -0.00010    0.00002          7  0.000e+00
      49746   2072.708    158.984    160.098    18.3841    18.3838   4.812398   4.812400     2.2357     1.8852     100.00   27.00678  -79.77878   -0.00007   -0.00001          7  0.000e+00
      49747   2072.750    158.999    160.113    18.3837    18.3838   4.812412   4.812407     2.2357     1.8852     100.00   27.00678  -79.77878   -0.00004   -0.00004          7  0.000e+00
      49748   2072.792    158.931    160.045    18.3834    18.3839   4.812398   4.812407     2.2344     1.8852     100.00   27.00678  -79.77878   -0.00003   -0.00007          7  0.000e+00
      49749   2072.833    159.044    160.159    18.3832    18.3836   4.812354   4.812437     2.2344     1.8852     100.00   27.00678  -79.77878   -0.00002   -0.00009          7  0.000e+00
      49750   2072.875    158.999    160.113    18.3836    18.3839   4.812339   4.812452     2.2344     1.8852     100.00   27.00678  -79.77878   -0.00000   -0.00012          7  0.000e+00
      49751   2072.917    158.984    160.098    18.3837    18.3843   4.812383   4.812481     2.2344     1.8852     100.00   27.00678  -79.77878    0.00001   -0.00015          7  0.000e+00
      49752   2072.958    158.984    160.098    18.3843    18.3841   4.812412   4.812489     2.2357     1.8852     100.00   27.00678  -79.77878    0.00004   -0.00018          7  0.000e+00
      49753   2073.000    158.984    160.098    18.3846    18.3845   4.812434   4.812548     2.2344     1.8852     100.00   27.00678  -79.77878    0.00004   -0.00020          7  0.000e+00
      49754   2073.042    158.946    160.060    18.3846    18.3846   4.812485   4.812511     2.2344     1.8852     100.00   27.00678  -79.77878    0.00006   -0.00023          7  0.000e+00
      49755   2073.083    159.044    160.159    18.3844    18.3845   4.812456   4.812526     2.2344     1.8840     100.00   27.00678  -79.77878    0.00007   -0.00028          7  0.000e+00
      49756   2073.125    158.931    160.045    18.3818    18.3848   4.812420   4.812533     2.2344     1.8840     100.00   27.00678  -79.77878    0.00009   -0.00032          7  0.000e+00
      49757   2073.167    158.984    160.098    18.3816    18.3846   4.812376   4.812599     2.2344     1.8852     100.00   27.00678  -79.77878    0.00010   -0.00035          7  0.000e+00
      49758   2073.208    158.999    160.114    18.3832    18.3850   4.812369   4.812614     2.2344     1.8852     100.00   27.00678  -79.77878    0.00012   -0.00036          7  0.000e+00
      49759   2073.250    158.984    160.098    18.3844    18.3848   4.812376   4.812614     2.2344     1.8852     100.00   27.00678  -79.77878    0.00012   -0.00038          7  0.000e+00
      49760   2073.292    158.984    160.098    18.3844    18.3850   4.812449   4.812644     2.2344     1.8852     100.00   27.00678  -79.77878    0.00012   -0.00039          7  0.000e+00
      49761   2073.333    158.946    160.060    18.3848    18.3846   4.812434   4.812629     2.2344     1.8852     100.00   27.00678  -79.77878    0.00013   -0.00040          7  0.000e+00
      49762   2073.375    159.045    160.159    18.3850    18.3853   4.812463   4.812703     2.2344     1.8852     100.00   27.00678  -79.77878    0.00013   -0.00042          7  0.000e+00
      49763   2073.417    158.931    160.045    18.3853    18.3857   4.812434   4.812732     2.2344     1.8852     100.00   27.00678  -79.77878    0.00015   -0.00045          7  0.000e+00
      49764   2073.458    158.984    160.098    18.3851    18.3862   4.812463   4.812769     2.2357     1.8852     100.00   27.00678  -79.77878    0.00016   -0.00046          7  0.000e+00
      49765   2073.500    158.999    160.114    18.3843    18.3872   4.812398   4.812836     2.2344     1.8852     100.00   27.00678  -79.77878    0.00016   -0.00047          7  0.000e+00
      49766   2073.542    158.984    160.098    18.3843    18.3881   4.812361   4.812984     2.2357     1.8852     100.00   27.00678  -79.77878    0.00018   -0.00047          7  0.000e+00
      49767   2073.583    158.984    160.099    18.3841    18.3879   4.812339   4.813021     2.2344     1.8852     100.00   27.00678  -79.77878    0.00018   -0.00048          7  0.000e+00
      49768   2073.625    158.984    160.099    18.3850    18.3884   4.812383   4.813146     2.2357     1.8852     100.00   27.00678  -79.77878    0.00021   -0.00049          7  0.000e+00
      49769   2073.667    158.999    160.114    18.3851    18.3897   4.812376   4.813243     2.2357     1.8852     100.00   27.00678  -79.77878    0.00025   -0.00049          7  0.000e+00
      49770   2073.708    158.931    160.045    18.3846    18.3911   4.812405   4.813294     2.2357     1.8852     100.00   27.00678  -79.77878    0.00026   -0.00050          7  0.000e+00
      49771   2073.750    158.984    160.099    18.3843    18.3915   4.812398   4.813368     2.2357     1.8852     100.00   27.00678  -79.77878    0.00028   -0.00050          7  0.000e+00
      49772   2073.792    159.045    160.160    18.3837    18.3916   4.812412   4.813353     2.2357     1.8852     100.00   27.00678  -79.77878    0.00029   -0.00051          7  0.000e+00
      49773   2073.833    158.946    160.060    18.3836    18.3917   4.812376   4.813376     2.2357     1.8852     100.00   27.00678  -79.77878    0.00033   -0.00051          7  0.000e+00
