Gulf of Mexico/GOMECC-4/1db/rb2103_0632.cnv
* Sea-Bird SBE 9 Data File:
* FileName = C:\Users\scs.user.rb\CTD\GOMECC4\data\rb2103_0632.hex
* Software Version Seasave V 7.26.7.107
* Temperature SN = 4799
* Conductivity SN = 3860
* Number of Bytes Per Scan = 41
* Number of Voltage Words = 4
* Number of Scans Averaged by the Deck Unit = 1
* NMEA Latitude = 26 02.83 N
* NMEA Longitude = 096 49.28 W
* NMEA UTC (Time) = Oct 02 2021  18:18:43
* NMEA baud rate = 4800
# nquan = 28
# nvalues = 50                          
# units = specified
# name 0 = scan: Scan Count
# name 1 = timeS: Time, Elapsed [seconds]
# name 2 = depSM: Depth [salt water, m]
# name 3 = prDM: Pressure, Digiquartz [db]
# name 4 = t090C: Temperature [ITS-90, deg C]
# name 5 = t190C: Temperature, 2 [ITS-90, deg C]
# name 6 = c0S/m: Conductivity [S/m]
# name 7 = c1S/m: Conductivity, 2 [S/m]
# name 8 = sbeox0V: Oxygen raw, SBE 43 [V]
# name 9 = sbeox1V: Oxygen raw, SBE 43, 2 [V]
# name 10 = altM: Altimeter [m]
# name 11 = latitude: Latitude [deg]
# name 12 = longitude: Longitude [deg]
# name 13 = sbox0dV/dT: Oxygen, SBE 43 [dov/dt]
# name 14 = sbox1dV/dT: Oxygen, SBE 43, 2 [dov/dt]
# name 15 = sbeox0ML/L: Oxygen, SBE 43 [ml/l], WS = 5
# name 16 = sbeox1ML/L: Oxygen, SBE 43, 2 [ml/l], WS = 5
# name 17 = potemp090C: Potential Temperature [ITS-90, deg C]
# name 18 = potemp190C: Potential Temperature, 2 [ITS-90, deg C]
# name 19 = sal00: Salinity, Practical [PSU]
# name 20 = sal11: Salinity, Practical, 2 [PSU]
# name 21 = sigma-é00: Density [sigma-theta, kg/m^3]
# name 22 = sigma-é11: Density, 2 [sigma-theta, kg/m^3]
# name 23 = avgsvCM: Average Sound Velocity [Chen-Millero, m/s], minP = 20, minS = 20
# name 24 = sbox0Mm/Kg: Oxygen, SBE 43 [umol/kg], WS = 5
# name 25 = sbox1Mm/Kg: Oxygen, SBE 43, 2 [umol/kg], WS = 5
# name 26 = nbin: number of scans per bin
# name 27 = flag: flag
# span 0 =      20073,     512717       
# span 1 =    836.331,  21362.124       
# span 2 =      0.994,    100.875       
# span 3 =      1.000,    101.534       
# span 4 =    28.5551,   743.1633       
# span 5 =    28.5698,   578.4797       
# span 6 =   5.616710, 147.310854       
# span 7 =   5.617738, 147.321004       
# span 8 =     2.9522,    83.4740       
# span 9 =     2.4975,    71.0060       
# span 10 =       6.62,     983.52      
# span 11 =   25.86110,  671.97134      
# span 12 =-2497.81391,  -96.12941      
# span 13 =   -0.02688,    0.00984      
# span 14 =   -0.02741,    0.01190      
# span 15 =     4.0338,   117.9200      
# span 16 =     4.0352,   117.9001      
# span 17 =    28.5532,   743.1388      
# span 18 =    28.5667,   578.4613      
# span 19 =    34.3811,   903.2043      
# span 20 =    34.4000,   702.8550      
# span 21 =    21.6535,   571.0843      
# span 22 =    21.6669,   444.3503      
# span 23 =       0.00,    1561.42      
# span 24 =    176.199,   5152.245      
# span 25 =    176.259,   5151.395      
# span 26 =         31,         69      
# span 27 = 0.0000e+00, 0.0000e+00      
# interval = decibars: 1                
# start_time = Oct 02 2021 18:18:43 [NMEA time, header]
# bad_flag = -9.990e-29
*END*
     512717  21362.124    100.875      3.000   743.1633   578.4797 147.310854 147.321004    83.4740    71.0060     983.52  671.97134-2497.81391   -0.00671    0.01190   117.9200   117.9001   743.1388   578.4613   903.2043   702.8550   571.0843   444.3503       0.00   5152.245   5151.395         38 0.0000e+00
      20130    838.691      4.967      5.000    28.9969    28.9512   5.749512   5.749689     3.2587     2.7758      37.35   26.23083  -97.50378    0.00013   -0.00018     4.6050     4.6121    28.9957    28.9500    35.2604    35.2047    22.2995    22.2640       0.00    201.205    201.514         53 0.0000e+00
      20073    836.331      5.961      6.000    28.7929    28.7876   5.709376   5.709297     3.2351     2.7573      36.17   26.04732  -96.82164    0.00045   -0.00007     4.5722     4.5827    28.7915    28.7861    35.0153    35.0182    22.1451    22.1491       0.00    199.771    200.229         43 0.0000e+00
      20119    838.259      7.948      8.000    28.5551    28.6140   5.667180   5.668328     3.2123     2.7365      34.06   25.86110  -96.12941    0.00047    0.00029     4.5447     4.5508    28.5532    28.6121    34.7958    34.8236    22.0226    22.0298       0.00    198.562    198.832         35 0.0000e+00
      20340    847.448      8.941      9.000    28.7405    28.7417   5.707870   5.708198     3.2357     2.7533      33.61   26.04734  -96.82164    0.00105   -0.00090     4.5783     4.5791    28.7384    28.7395    35.0421    35.0436    22.1829    22.1837       0.00    200.030    200.064         32 0.0000e+00
      20401    850.008      9.935     10.000    28.7373    28.7380   5.708959   5.709232     3.2330     2.7490      32.25   26.04734  -96.82164   -0.00043   -0.00002     4.5739     4.5711    28.7349    28.7356    35.0518    35.0531    22.1913    22.1921       0.00    199.835    199.713         40 0.0000e+00
      20479    853.232     12.915     13.000    28.5689    28.5698   5.680919   5.681129     3.2087     2.7323      29.04   25.89575  -96.25816   -0.00084   -0.00010     4.5382     4.5439    28.5658    28.5667    34.8836    34.8843    22.0897    22.0900       0.00    198.271    198.519         39 0.0000e+00
      20638    859.882     13.909     14.000    28.7331    28.7338   5.714618   5.714923     3.2266     2.7463      28.32   26.04734  -96.82164   -0.00048   -0.00048     4.5637     4.5669    28.7297    28.7305    35.0929    35.0944    22.2239    22.2248       0.00    199.386    199.524         43 0.0000e+00
      20689    862.011     14.902     15.000    28.7301    28.7308   5.714839   5.715117     3.2255     2.7439      27.27   26.04734  -96.82166   -0.00073   -0.00124     4.5624     4.5628    28.7265    28.7272    35.0963    35.0977    22.2276    22.2284       0.00    199.326    199.343         58 0.0000e+00
      20743    864.260     15.895     16.000    28.7310    28.7317   5.715548   5.715950     3.2219     2.7434      26.32   26.04734  -96.82164   -0.00087   -0.00065     4.5563     4.5621    28.7271    28.7279    35.1003    35.1025    22.2303    22.2318       0.00    199.061    199.314         47 0.0000e+00
      20787    866.087     16.889     17.000    28.7363    28.7369   5.717745   5.717956     3.2213     2.7423      25.36   26.04734  -96.82165   -0.00128    0.00020     4.5548     4.5611    28.7322    28.7328    35.1098    35.1110    22.2358    22.2365       0.00    198.994    199.270         45 0.0000e+00
      20840    868.299     17.882     18.000    28.7538    28.7544   5.722751   5.722842     3.2206     2.7376      24.32   26.04734  -96.82166   -0.00019   -0.00198     4.5523     4.5490    28.7494    28.7501    35.1328    35.1329    22.2473    22.2472       0.00    198.882    198.736         57 0.0000e+00
      20887    870.233     18.875     19.000    28.7824    28.7808   5.729890   5.729707     3.2183     2.7356      23.58   26.04734  -96.82166   -0.00084   -0.00130     4.5459     4.5430    28.7778    28.7762    35.1598    35.1592    22.2582    22.2582       0.00    198.600    198.473         39 0.0000e+00
      20932    872.128     19.869     20.000    28.8729    28.8693   5.750915   5.750246     3.2139     2.7321      22.43   26.04734  -96.82166   -0.00154   -0.00199     4.5289     4.5278    28.8681    28.8645    35.2388    35.2369    22.2875    22.2872     799.28    197.852    197.804         53 0.0000e+00
      20984    874.271     20.862     21.000    29.0179    29.0165   5.786026   5.785729     3.1996     2.7225      21.50   26.04734  -96.82166   -0.00415   -0.00192     4.4892     4.4959    29.0129    29.0114    35.3735    35.3726    22.3403    22.3400    1558.64    196.107    196.401         46 0.0000e+00
      21029    876.176     21.856     22.000    29.0934    29.0924   5.805849   5.805564     3.1806     2.7001      20.58   26.04734  -96.82166   -0.00878   -0.00909     4.4470     4.4426    29.0880    29.0870    35.4540    35.4527    22.3755    22.3749    1543.83    194.255    194.066         48 0.0000e+00
      21078    878.204     22.849     23.000    29.1549    29.1534   5.822989   5.822490     3.1632     2.6861      19.60   26.04734  -96.82166   -0.00898   -0.00908     4.4097     4.4091    29.1493    29.1478    35.5260    35.5237    22.4090    22.4078    1543.87    192.620    192.595         48 0.0000e+00
      21127    880.233     23.843     24.000    29.1725    29.1736   5.828949   5.829437     3.1041     2.6214      18.58   26.04734  -96.82166   -0.01886   -0.01671     4.3012     4.2776    29.1667    29.1677    35.5537    35.5562    22.4240    22.4255    1543.91    187.880    186.846         52 0.0000e+00
      21183    882.563     24.836     25.000    29.1750    29.1760   5.830361   5.830853     3.0487     2.5732      17.56   26.04734  -96.82166   -0.02688   -0.02741     4.2014     4.1812    29.1689    29.1699    35.5612    35.5639    22.4289    22.4306    1543.94    183.519    182.634         60 0.0000e+00
      21252    885.464     25.829     26.000    29.1756    29.1763   5.830723   5.831056     3.0242     2.5550      16.58   26.04734  -96.82166   -0.01192   -0.00956     4.1577     4.1451    29.1693    29.1700    35.5630    35.5647    22.4301    22.4311    1543.98    181.611    181.058         69 0.0000e+00
      21515    896.401     27.816     28.000    29.2714    29.2722   5.850290   5.850579     2.9902     2.5321      14.57   26.13322  -97.14088   -0.00221   -0.00112     4.0933     4.0973    29.2646    29.2654    35.6823    35.6837    22.5059    22.5067    1549.13    178.794    178.971         34 0.0000e+00
      21547    897.771     28.809     29.000    29.1752    29.1757   5.831102   5.831386     2.9800     2.5196      13.71   26.04734  -96.82166 -9.496e-07   -0.00087     4.0794     4.0756    29.1682    29.1687    35.5650    35.5666    22.4319    22.4330    1544.08    178.187    178.023         40 0.0000e+00
      21664    902.626     29.803     30.000    29.1750    29.1757   5.831152   5.831432     2.9737     2.5130      12.71   26.04734  -96.82166   -0.00127   -0.00042     4.0684     4.0629    29.1677    29.1684    35.5652    35.5666    22.4323    22.4331    1544.11    177.708    177.467         62 0.0000e+00
      21809    908.663     31.789     32.000    29.0774    29.0784   5.811807   5.812168     2.9522     2.4975      10.70   25.95933  -96.49453   -0.00164   -0.00184     4.0338     4.0352    29.0696    29.0706    35.4462    35.4479    22.3571    22.3581    1538.95    176.199    176.259         32 0.0000e+00
      21983    915.926     32.783     33.000    29.1769    29.1780   5.831798   5.832191     2.9593     2.5027       9.78   26.04734  -96.82166   -0.00041   -0.00184     4.0437     4.0436    29.1689    29.1700    35.5674    35.5692    22.4335    22.4345    1544.19    176.628    176.623         36 0.0000e+00
      22204    925.142     34.769     35.000    29.2016    29.1968   5.836783   5.836678     2.9609     2.4994       7.88   26.06880  -96.90142   -0.00065    0.00022     4.0465     4.0372    29.1931    29.1883    35.5968    35.5933    22.4520    22.4504    1545.51    176.751    176.345         48 0.0000e+00
      22817    950.667     35.763     36.000    29.1776    29.1755   5.832047   5.831636     2.9587     2.5015       6.62   26.04734  -96.82166    0.00162    0.00057     4.0440     4.0428    29.1688    29.1667    35.5677    35.5663    22.4338    22.4334    1544.27    176.642    176.589         56 0.0000e+00
      24810   1033.691     34.769     35.000    29.1775    29.1774   5.832003   5.832149     2.9591     2.5005       7.51   26.04736  -96.82169    0.00059    0.00002     4.0444     4.0402    29.1690    29.1689    35.5677    35.5688    22.4337    22.4345    1544.27    176.658    176.474         47 0.0000e+00
      25377   1057.319     33.777     34.000    29.1771    29.1777   5.831912   5.832170     2.9558     2.5009       8.47   26.04736  -96.82170   -0.00054    0.00022     4.0379     4.0404    29.1689    29.1694    35.5677    35.5690    22.4337    22.4346    1544.27    176.375    176.485         46 0.0000e+00
      25777   1074.013     31.789     32.000    29.1928    29.1930   5.835006   5.835200     2.9613     2.5009      10.41   26.06135  -96.87372    0.00046   -0.00131     4.0462     4.0390    29.1851    29.1852    35.5871    35.5883    22.4458    22.4467    1545.10    176.739    176.425         60 0.0000e+00
      25938   1080.688     30.796     31.000    29.1767    29.1772   5.831751   5.832004     2.9614     2.5011      11.35   26.04736  -96.82171    0.00071    0.00049     4.0466     4.0394    29.1692    29.1697    35.5677    35.5692    22.4337    22.4346    1544.27    176.755    176.441         31 0.0000e+00
      28453   1185.516     24.836     25.000    29.1912    29.1922   5.833115   5.833592     3.0269     2.5568      17.23   26.06358  -96.88206    0.00037   -0.00029     4.1616     4.1479    29.1851    29.1861    35.5789    35.5814    22.4401    22.4417    1545.23    181.780    181.183         52 0.0000e+00
      29733   1238.836     22.832     23.000    29.1854    29.1983   5.829133   5.833505     3.1250     2.6107      19.21   26.07502  -96.92460    0.00984    0.00901     4.3391     4.2554    29.1798    29.1927    35.5638    35.5844    22.4330    22.4441    1545.91    189.537    185.878         53 0.0000e+00
      30009   1250.315     21.856     22.000    29.1291    29.1547   5.815432   5.823010     3.1376     2.6253      20.12   26.04734  -96.82172    0.00559    0.00736     4.3655     4.2865    29.1238    29.1494    35.4934    35.5296    22.3931    22.4117    1544.27    190.691    187.241         37 0.0000e+00
      30220   1259.105     20.862     21.000    29.1130    29.1509   5.810548   5.822147     3.1473     2.6279      21.12   26.04734  -96.82172    0.00275    0.00375     4.3843     4.2914    29.1079    29.1458    35.4720    35.5234    22.3824    22.4083    1544.27    191.515    187.454         52 0.0000e+00
      30385   1266.009     19.869     20.000    29.0561    29.1109   5.795617   5.811190     3.1520     2.6457      22.11   26.04734  -96.82172    0.00103    0.00226     4.3981     4.3305    29.0513    29.1061    35.4117    35.4783    22.3561    22.3877    1544.27    192.125    189.166         39 0.0000e+00
      30722   1280.044     17.882     18.000    28.7768    28.8736   5.727522   5.751555     3.2130     2.7155      24.04   26.03730  -96.78439    0.00307    0.00510     4.5355     4.4927    28.7725    28.8692    35.1437    35.2429    22.2463    22.2889    1543.67    198.145    196.268         37 0.0000e+00
      30908   1287.803     16.889     17.000    28.7583    28.8198   5.722329   5.737224     3.2167     2.7277      24.98   26.04736  -96.82172    0.00163    0.00269     4.5445     4.5240    28.7542    28.8157    35.1267    35.1859    22.2412    22.2652    1544.27    198.541    197.645         59 0.0000e+00
      31081   1294.987     15.895     16.000    28.7645    28.8014   5.723849   5.732961     3.2134     2.7266      25.92   26.04736  -96.82172   -0.00060   -0.00088     4.5372     4.5211    28.7607    28.7975    35.1329    35.1686    22.2437    22.2582    1544.27    198.223    197.518         40 0.0000e+00
      31254   1302.222     14.902     15.000    28.7415    28.7818   5.716643   5.727735     3.2218     2.7341      26.93   26.04736  -96.82172    0.00116    0.00028     4.5547     4.5380    28.7379    28.7781    35.1003    35.1474    22.2268    22.2488    1544.27    198.990    198.258         34 0.0000e+00
      32156   1339.780     11.922     12.000    29.0451    29.0496   5.770947   5.773640     3.2668     2.7731      30.35   26.32720  -97.86193    0.00084   -0.00018     4.6224     4.6095    29.0422    29.0468    35.4330    35.4483    22.4337    22.4437    1560.86    201.955    201.386         31 0.0000e+00
      31926   1330.205     10.928     11.000    28.7438    28.7415   5.709941   5.710810     3.2320     2.7465      30.82   26.04736  -96.82174    0.00058   -0.00104     4.5721     4.5660    28.7412    28.7389    35.0535    35.0612    22.1905    22.1970    1544.27    199.756    199.489         40 0.0000e+00
      32103   1337.598      9.935     10.000    28.7726    28.7647   5.708561   5.709279     3.2365     2.7501      31.78   26.04736  -96.82174    0.00038   -0.00017     4.5782     4.5715    28.7702    28.7623    35.0231    35.0339    22.1580    22.1687    1544.27    200.030    199.738         46 0.0000e+00
      32294   1345.539      8.941      9.000    28.7589    28.7719   5.706610   5.707648     3.2370     2.7527      32.81   26.04737  -96.82174   -0.00095   -0.00103     4.5797     4.5763    28.7568    28.7697    35.0199    35.0175    22.1601    22.1540    1544.27    200.094    199.950         48 0.0000e+00
      32470   1352.862      7.948      8.000    28.7773    28.7686   5.706672   5.707023     3.2378     2.7575      33.79   26.04737  -96.82176    0.00015    0.00118     4.5795     4.5857    28.7754    28.7666    35.0071    35.0159    22.1443    22.1539    1544.27    200.088    200.360         48 0.0000e+00
      32644   1360.130      6.954      7.000    28.7941    28.7848   5.707085   5.707162     3.2410     2.7572      34.77   26.04738  -96.82176   -0.00005   -0.00010     4.5837     4.5836    28.7924    28.7831    34.9979    35.0052    22.1317    22.1403    1544.27    200.275    200.270         41 0.0000e+00
      33523   1396.761      3.974      4.000    29.1277    29.1246   5.770253   5.770349     3.2783     2.7804      38.04   26.33665  -97.89705    0.00075   -0.00058     4.6343     4.6187    29.1268    29.1236    35.3758    35.3788    22.3646    22.3678    1561.42    202.489    201.806         32 0.0000e+00
      34348   1431.127      2.980      3.000    28.8267    28.8240   5.707816   5.707837     3.2400     2.7564      44.60   26.04739  -96.82182    0.00024    0.00055     4.5775     4.5774    28.8260    28.8232    34.9801    34.9823    22.1072    22.1098    1544.27    200.009    200.006         56 0.0000e+00
      39335   1638.911      1.987      2.000    28.8466    28.8495   5.708522   5.709016     3.2398     2.7570      39.55   26.04741  -96.82198   -0.00035    0.00052     4.5753     4.5764    28.8461    28.8490    34.9706    34.9720    22.0934    22.0934    1544.27    199.918    199.963         40 0.0000e+00
      39839   1659.915      0.994      1.000    28.8450    28.8471   5.616710   5.617738     3.2408     2.7521      41.48   26.04740  -96.82198   -0.00001   -0.00031     4.5932     4.5810    28.8447    28.8468    34.3811    34.4000    21.6535    21.6669    1544.27    200.808    200.258         60 0.0000e+00
