Gulf of Mexico/GOMECC-4/1db/rb2103_1241.ros
* Sea-Bird SBE 9 Data File:
* FileName = C:\Users\scs.user.rb\CTD\GOMECC4\data\rb2103_1241.hex
* Software Version Seasave V 7.26.7.107
* Temperature SN = 4799
* Conductivity SN = 3860
* Number of Bytes Per Scan = 41
* Number of Voltage Words = 4
* Number of Scans Averaged by the Deck Unit = 1
* NMEA Latitude = 24 27.99 N
* NMEA Longitude = 082 52.03 W
* NMEA UTC (Time) = Oct 18 2021  12:55:07
* NMEA baud rate = 4800
# nquan = 17
# nvalues = 665                                   
# units = specified
# name 0 = scan: Scan Count
# name 1 = timeS: Time, Elapsed [seconds]
# name 2 = depSM: Depth [salt water, m]
# name 3 = prDM: Pressure, Digiquartz [db]
# name 4 = t090C: Temperature [ITS-90, deg C]
# name 5 = t190C: Temperature, 2 [ITS-90, deg C]
# name 6 = c0S/m: Conductivity [S/m]
# name 7 = c1S/m: Conductivity, 2 [S/m]
# name 8 = sbeox0V: Oxygen raw, SBE 43 [V]
# name 9 = sbeox1V: Oxygen raw, SBE 43, 2 [V]
# name 10 = altM: Altimeter [m]
# name 11 = latitude: Latitude [deg]
# name 12 = longitude: Longitude [deg]
# name 13 = sbox0dV/dT: Oxygen, SBE 43 [dov/dt]
# name 14 = sbox1dV/dT: Oxygen, SBE 43, 2 [dov/dt]
# name 15 = nbf: Bottles Fired
# name 16 = flag:  0.000e+00
# interval = seconds: 0.0416667
# start_time = Oct 18 2021 12:55:07 [NMEA time, header]
# bad_flag = -9.990e-29
*END*
[from data line 256]
      20015    833.917     30.015     30.210    29.3840    29.3847   5.924872   5.925215     3.0781     2.5922       5.08   24.46486  -82.86748    0.00034   -0.00134          2  0.000e+00
      20016    833.958     29.981     30.176    29.3840    29.3847   5.924872   5.925199     3.0794     2.5922       5.08   24.46486  -82.86748    0.00031   -0.00138          2  0.000e+00
      20017    834.000     30.015     30.210    29.3838    29.3849   5.924904   5.925191     3.0794     2.5922       5.08   24.46486  -82.86748    0.00028   -0.00142          2  0.000e+00
      20018    834.042     29.981     30.176    29.3839    29.3847   5.924944   5.925223     3.0794     2.5922       5.08   24.46486  -82.86748    0.00022   -0.00146          2  0.000e+00
      20019    834.083     30.015     30.210    29.3838    29.3847   5.924888   5.925199     3.0806     2.5922       5.08   24.46486  -82.86748    0.00017   -0.00150          2  0.000e+00
      20020    834.125     30.029     30.224    29.3840    29.3847   5.924904   5.925263     3.0781     2.5922       5.08   24.46486  -82.86748    0.00009   -0.00152          2  0.000e+00
      20021    834.167     30.015     30.210    29.3840    29.3847   5.924952   5.925247     3.0806     2.5934       5.10   24.46486  -82.86748    0.00003   -0.00152          2  0.000e+00
      20022    834.208     30.015     30.210    29.3840    29.3847   5.924896   5.925199     3.0794     2.5922       5.08   24.46486  -82.86748   -0.00004   -0.00154          2  0.000e+00
      20023    834.250     29.981     30.176    29.3838    29.3849   5.924904   5.925191     3.0794     2.5922       5.10   24.46486  -82.86748   -0.00011   -0.00154          2  0.000e+00
      20024    834.292     30.015     30.210    29.3838    29.3849   5.924912   5.925223     3.0794     2.5922       5.08   24.46486  -82.86748   -0.00019   -0.00154          2  0.000e+00
      22959    956.583     19.705     19.833    29.3829    29.3827   5.924333   5.924466     3.0842     2.5995      14.95   24.46480  -82.86748    0.00025   -0.00041          3  0.000e+00
      22960    956.625     19.658     19.785    29.3829    29.3829   5.924356   5.924491     3.0830     2.5995      14.95   24.46480  -82.86748    0.00028   -0.00033          3  0.000e+00
      22961    956.667     19.949     20.078    29.3827    29.3827   5.924301   5.924467     3.0830     2.5995      14.95   24.46480  -82.86748    0.00031   -0.00026          3  0.000e+00
      22962    956.708     19.705     19.833    29.3825    29.3825   5.924285   5.924491     3.0842     2.5995      14.95   24.46480  -82.86748    0.00036   -0.00018          3  0.000e+00
      22963    956.750     19.807     19.935    29.3823    29.3823   5.924285   5.924467     3.0842     2.5995      14.95   24.46480  -82.86748    0.00041   -0.00011          3  0.000e+00
      22964    956.792     19.746     19.874    29.3821    29.3823   5.924245   5.924491     3.0842     2.5995      14.95   24.46480  -82.86748    0.00046   -0.00003          3  0.000e+00
      22965    956.833     19.752     19.880    29.3818    29.3825   5.924189   5.924362     3.0842     2.5983      14.95   24.46480  -82.86748    0.00049    0.00003          3  0.000e+00
      22966    956.875     19.752     19.880    29.3817    29.3820   5.924221   5.924386     3.0830     2.5983      14.95   24.46480  -82.86748    0.00052    0.00009          3  0.000e+00
      22967    956.917     19.800     19.928    29.3818    29.3823   5.924197   5.924483     3.0842     2.5983      14.95   24.46480  -82.86748    0.00057    0.00015          3  0.000e+00
      22968    956.958     19.752     19.880    29.3816    29.3825   5.924189   5.924466     3.0842     2.5983      14.95   24.46480  -82.86748    0.00061    0.00022          3  0.000e+00
      22969    957.000     19.752     19.880    29.3816    29.3827   5.924149   5.924491     3.0842     2.5983      14.95   24.46480  -82.86748    0.00064    0.00028          3  0.000e+00
      22970    957.042     19.752     19.880    29.3816    29.3827   5.924173   5.924466     3.0842     2.5983      14.95   24.46480  -82.86748    0.00069    0.00034          3  0.000e+00
      22971    957.083     19.746     19.874    29.3816    29.3825   5.924181   5.924458     3.0842     2.5983      14.95   24.46480  -82.86748    0.00072    0.00039          3  0.000e+00
      22972    957.125     19.752     19.880    29.3812    29.3821   5.924181   5.924491     3.0855     2.5983      15.02   24.46480  -82.86748    0.00078    0.00044          3  0.000e+00
      22973    957.167     19.752     19.880    29.3814    29.3820   5.924149   5.924507     3.0842     2.5983      15.04   24.46480  -82.86748    0.00083    0.00049          3  0.000e+00
      22974    957.208     19.746     19.874    29.3816    29.3818   5.924213   5.924466     3.0842     2.5983      15.07   24.46480  -82.86748    0.00087    0.00054          3  0.000e+00
      22975    957.250     19.752     19.880    29.3814    29.3816   5.924165   5.924458     3.0842     2.5983      15.04   24.46480  -82.86748    0.00090    0.00059          3  0.000e+00
      22976    957.292     19.752     19.880    29.3812    29.3814   5.924165   5.924386     3.0842     2.5983      15.04   24.46480  -82.86748    0.00092    0.00065          3  0.000e+00
      22977    957.333     19.746     19.874    29.3809    29.3812   5.924149   5.924362     3.0842     2.5995      15.04   24.46480  -82.86748    0.00095    0.00072          3  0.000e+00
      22978    957.375     19.752     19.880    29.3806    29.3812   5.924142   5.924434     3.0842     2.5995      15.04   24.46480  -82.86748    0.00097    0.00079          3  0.000e+00
      22979    957.417     19.752     19.880    29.3805    29.3812   5.924142   5.924418     3.0855     2.5995      15.07   24.46480  -82.86748    0.00101    0.00086          3  0.000e+00
      22980    957.458     19.746     19.874    29.3805    29.3812   5.924102   5.924370     3.0842     2.5995      15.04   24.46480  -82.86748    0.00103    0.00091          3  0.000e+00
      22981    957.500     19.752     19.880    29.3805    29.3812   5.924046   5.924394     3.0842     2.5995      15.04   24.46480  -82.86748    0.00105    0.00096          3  0.000e+00
      22982    957.542     19.752     19.880    29.3807    29.3812   5.924110   5.924370     3.0842     2.5995      15.04   24.46480  -82.86748    0.00107    0.00102          3  0.000e+00
      22983    957.583     19.752     19.880    29.3809    29.3816   5.924134   5.924321     3.0842     2.5995      15.04   24.46480  -82.86748    0.00106    0.00105          3  0.000e+00
      22984    957.625     19.746     19.874    29.3809    29.3812   5.924141   5.924386     3.0842     2.5995      15.04   24.46480  -82.86748    0.00106    0.00109          3  0.000e+00
      22985    957.667     19.752     19.880    29.3812    29.3812   5.924141   5.924370     3.0842     2.5995      15.07   24.46480  -82.86748    0.00106    0.00112          3  0.000e+00
      22986    957.708     19.807     19.935    29.3812    29.3812   5.924062   5.924394     3.0830     2.5995      15.04   24.46480  -82.86748    0.00102    0.00116          3  0.000e+00
      22987    957.750     19.746     19.874    29.3809    29.3810   5.924110   5.924370     3.0842     2.5995      15.04   24.46480  -82.86748    0.00102    0.00118          3  0.000e+00
      22988    957.792     19.705     19.833    29.3809    29.3812   5.924094   5.924394     3.0830     2.6007      15.04   24.46480  -82.86748    0.00100    0.00121          3  0.000e+00
      22989    957.833     19.807     19.935    29.3807    29.3808   5.924157   5.924370     3.0830     2.5995      15.07   24.46480  -82.86748    0.00098    0.00122          3  0.000e+00
      22990    957.875     19.746     19.874    29.3810    29.3812   5.924189   5.924362     3.0830     2.6007      15.04   24.46480  -82.86748    0.00096    0.00125          3  0.000e+00
      22991    957.917     19.752     19.880    29.3818    29.3812   5.924221   5.924362     3.0830     2.6007      15.04   24.46480  -82.86748    0.00093    0.00127          3  0.000e+00
      22992    957.958     19.752     19.880    29.3820    29.3812   5.924165   5.924394     3.0830     2.5995      15.04   24.46480  -82.86748    0.00089    0.00126          3  0.000e+00
      22993    958.000     19.746     19.874    29.3825    29.3812   5.924237   5.924410     3.0830     2.5995      15.04   24.46480  -82.86748    0.00087    0.00125          3  0.000e+00
      22994    958.042     19.807     19.935    29.3825    29.3814   5.924317   5.924370     3.0830     2.6007      15.04   24.46480  -82.86748    0.00084    0.00126          3  0.000e+00
      22995    958.083     19.752     19.880    29.3829    29.3814   5.924333   5.924394     3.0830     2.6007      15.04   24.46480  -82.86748    0.00082    0.00127          3  0.000e+00
      22996    958.125     19.800     19.928    29.3831    29.3812   5.924364   5.924410     3.0830     2.5995      15.07   24.46480  -82.86748    0.00079    0.00124          3  0.000e+00
      22997    958.167     19.752     19.880    29.3831    29.3812   5.924380   5.924370     3.0830     2.5995      15.07   24.46480  -82.86748    0.00074    0.00121          3  0.000e+00
      22998    958.208     19.752     19.880    29.3827    29.3814   5.924341   5.924362     3.0830     2.5995      15.07   24.46480  -82.86748    0.00072    0.00118          3  0.000e+00
      22999    958.250     19.807     19.935    29.3829    29.3814   5.924357   5.924394     3.0818     2.6007      15.07   24.46480  -82.86748    0.00067    0.00116          3  0.000e+00
      23000    958.292     19.800     19.928    29.3829    29.3814   5.924301   5.924370     3.0830     2.6007      15.07   24.46480  -82.86748    0.00064    0.00115          3  0.000e+00
      23001    958.333     19.752     19.880    29.3828    29.3814   5.924317   5.924362     3.0818     2.6007      15.07   24.46480  -82.86748    0.00059    0.00113          3  0.000e+00
      23002    958.375     19.807     19.935    29.3829    29.3814   5.924333   5.924394     3.0818     2.6007      15.07   24.46480  -82.86748    0.00056    0.00111          3  0.000e+00
      23003    958.417     19.800     19.928    29.3827    29.3812   5.924364   5.924370     3.0818     2.6007      15.07   24.46480  -82.86748    0.00051    0.00108          3  0.000e+00
      23004    958.458     19.752     19.880    29.3825    29.3814   5.924333   5.924362     3.0818     2.6007      15.07   24.46480  -82.86748    0.00048    0.00106          3  0.000e+00
      23005    958.500     19.854     19.983    29.3825    29.3812   5.924293   5.924394     3.0818     2.6007      15.07   24.46480  -82.86748    0.00045    0.00103          3  0.000e+00
      23006    958.542     19.800     19.928    29.3831    29.3812   5.924317   5.924337     3.0818     2.6007      15.07   24.46480  -82.86748    0.00042    0.00101          3  0.000e+00
      23007    958.583     19.752     19.880    29.3827    29.3814   5.924293   5.924345     3.0818     2.6007      15.07   24.46480  -82.86748    0.00039    0.00098          3  0.000e+00
      23008    958.625     19.807     19.935    29.3827    29.3812   5.924317   5.924362     3.0806     2.6007      15.07   24.46480  -82.86748    0.00034    0.00094          3  0.000e+00
      23009    958.667     19.800     19.928    29.3825    29.3812   5.924333   5.924362     3.0806     2.6007      15.07   24.46480  -82.86748    0.00030    0.00091          3  0.000e+00
      23010    958.708     19.854     19.983    29.3827    29.3814   5.924325   5.924394     3.0818     2.6007      15.07   24.46480  -82.86748    0.00028    0.00088          3  0.000e+00
      23011    958.750     19.807     19.935    29.3829    29.3812   5.924364   5.924370     3.0818     2.6007      15.07   24.46480  -82.86748    0.00025    0.00084          3  0.000e+00
      23012    958.792     19.807     19.935    29.3830    29.3814   5.924341   5.924434     3.0818     2.6007      15.07   24.46480  -82.86748    0.00022    0.00080          3  0.000e+00
      23013    958.833     19.847     19.976    29.3831    29.3814   5.924333   5.924386     3.0806     2.6007      15.07   24.46480  -82.86748    0.00018    0.00078          3  0.000e+00
      23014    958.875     19.807     19.935    29.3829    29.3816   5.924333   5.924394     3.0806     2.6007      15.07   24.46480  -82.86748    0.00013    0.00075          3  0.000e+00
      23015    958.917     19.854     19.983    29.3829    29.3814   5.924325   5.924442     3.0806     2.6007      15.07   24.46480  -82.86748    0.00008    0.00073          3  0.000e+00
      23016    958.958     19.847     19.976    29.3829    29.3814   5.924364   5.924386     3.0806     2.6007      15.07   24.46480  -82.86748    0.00004    0.00072          3  0.000e+00
      23017    959.000     19.854     19.983    29.3829    29.3821   5.924380   5.924434     3.0806     2.6007      15.04   24.46480  -82.86748   -0.00001    0.00071          3  0.000e+00
      23018    959.042     19.854     19.983    29.3827    29.3827   5.924341   5.924531     3.0806     2.6007      15.04   24.46480  -82.86748   -0.00005    0.00070          3  0.000e+00
      23019    959.083     19.847     19.976    29.3825    29.3833   5.924293   5.924555     3.0806     2.6007      15.04   24.46480  -82.86748   -0.00010    0.00069          3  0.000e+00
      23020    959.125     19.854     19.983    29.3821    29.3836   5.924245   5.924515     3.0806     2.6020      14.99   24.46480  -82.86748   -0.00014    0.00071          3  0.000e+00
      23021    959.167     19.854     19.983    29.3816    29.3833   5.924189   5.924507     3.0806     2.6020      14.95   24.46480  -82.86748   -0.00019    0.00073          3  0.000e+00
      23022    959.208     19.847     19.976    29.3814    29.3831   5.924181   5.924580     3.0806     2.6020      14.95   24.46480  -82.86748   -0.00023    0.00075          3  0.000e+00
      23023    959.250     19.854     19.983    29.3811    29.3838   5.924118   5.924636     3.0806     2.6020      14.95   24.46480  -82.86748   -0.00027    0.00077          3  0.000e+00
      23024    959.292     19.901     20.030    29.3812    29.3840   5.924126   5.924652     3.0806     2.6020      14.95   24.46480  -82.86748   -0.00032    0.00079          3  0.000e+00
      23025    959.333     19.895     20.024    29.3807    29.3842   5.924173   5.924652     3.0806     2.6032      14.95   24.46480  -82.86748   -0.00036    0.00082          3  0.000e+00
      23026    959.375     19.854     19.983    29.3811    29.3840   5.924110   5.924652     3.0818     2.6032      14.95   24.46480  -82.86748   -0.00038    0.00085          3  0.000e+00
      23027    959.417     19.901     20.030    29.3812    29.3844   5.924126   5.924684     3.0818     2.6032      14.95   24.46480  -82.86748   -0.00039    0.00088          3  0.000e+00
      23028    959.458     19.901     20.030    29.3812    29.3844   5.924102   5.924701     3.0818     2.6032      14.95   24.46480  -82.86748   -0.00040    0.00091          3  0.000e+00
      23029    959.500     19.895     20.024    29.3805    29.3844   5.924014   5.924660     3.0806     2.6032      14.95   24.46480  -82.86748   -0.00044    0.00094          3  0.000e+00
      23030    959.542     19.901     20.030    29.3801    29.3846   5.924022   5.924612     3.0818     2.6032      14.95   24.46480  -82.86748   -0.00046    0.00097          3  0.000e+00
      23031    959.583     19.901     20.030    29.3799    29.3840   5.924038   5.924636     3.0818     2.6032      14.95   24.46480  -82.86748   -0.00049    0.00100          3  0.000e+00
      23032    959.625     19.949     20.078    29.3798    29.3834   5.923966   5.924612     3.0818     2.6032      14.95   24.46480  -82.86748   -0.00051    0.00102          3  0.000e+00
