Gulf of Mexico/GOMECC-4/1db/rb2103_1361.cnv
* Sea-Bird SBE 9 Data File:
* FileName = C:\Users\scs.user.rb\CTD\GOMECC4\data\rb2103_1361.hex
* Software Version Seasave V 7.26.7.107
* Temperature SN = 4799
* Conductivity SN = 3860
* Number of Bytes Per Scan = 41
* Number of Voltage Words = 4
* Number of Scans Averaged by the Deck Unit = 1
* NMEA Latitude = 26 07.92 N
* NMEA Longitude = 084 00.17 W
* NMEA UTC (Time) = Oct 20 2021  03:44:28
* NMEA baud rate = 4800
# nquan = 28
# nvalues = 216                         
# units = specified
# name 0 = scan: Scan Count
# name 1 = timeS: Time, Elapsed [seconds]
# name 2 = depSM: Depth [salt water, m]
# name 3 = prDM: Pressure, Digiquartz [db]
# name 4 = t090C: Temperature [ITS-90, deg C]
# name 5 = t190C: Temperature, 2 [ITS-90, deg C]
# name 6 = c0S/m: Conductivity [S/m]
# name 7 = c1S/m: Conductivity, 2 [S/m]
# name 8 = sbeox0V: Oxygen raw, SBE 43 [V]
# name 9 = sbeox1V: Oxygen raw, SBE 43, 2 [V]
# name 10 = altM: Altimeter [m]
# name 11 = latitude: Latitude [deg]
# name 12 = longitude: Longitude [deg]
# name 13 = sbox0dV/dT: Oxygen, SBE 43 [dov/dt]
# name 14 = sbox1dV/dT: Oxygen, SBE 43, 2 [dov/dt]
# name 15 = sbeox0ML/L: Oxygen, SBE 43 [ml/l], WS = 5
# name 16 = sbeox1ML/L: Oxygen, SBE 43, 2 [ml/l], WS = 5
# name 17 = potemp090C: Potential Temperature [ITS-90, deg C]
# name 18 = potemp190C: Potential Temperature, 2 [ITS-90, deg C]
# name 19 = sal00: Salinity, Practical [PSU]
# name 20 = sal11: Salinity, Practical, 2 [PSU]
# name 21 = sigma-é00: Density [sigma-theta, kg/m^3]
# name 22 = sigma-é11: Density, 2 [sigma-theta, kg/m^3]
# name 23 = avgsvCM: Average Sound Velocity [Chen-Millero, m/s], minP = 20, minS = 20
# name 24 = sbox0Mm/Kg: Oxygen, SBE 43 [umol/kg], WS = 5
# name 25 = sbox1Mm/Kg: Oxygen, SBE 43, 2 [umol/kg], WS = 5
# name 26 = nbin: number of scans per bin
# name 27 = flag: flag
# span 0 =      14163,      48742       
# span 1 =    590.093,   2030.859       
# span 2 =      0.994,    127.127       
# span 3 =      1.000,    128.000       
# span 4 =    18.3218,    29.3290       
# span 5 =    18.3235,    29.3305       
# span 6 =   4.796651,   5.918011       
# span 7 =   4.796917,   5.918299       
# span 8 =     2.0336,     3.2655       
# span 9 =     1.6867,     2.7709       
# span 10 =      10.74,     104.40      
# span 11 =   25.97862,   26.85237      
# span 12 =  -86.31878,  -83.50720      
# span 13 =   -0.05348,    0.03487      
# span 14 =   -0.04911,    0.03242      
# span 15 =     2.8950,     4.7958      
# span 16 =     2.8969,     4.7813      
# span 17 =    18.2993,    29.3273      
# span 18 =    18.3011,    29.3288      
# span 19 =    35.3362,    36.5441      
# span 20 =    35.3372,    36.5446      
# span 21 =    22.4996,    26.3388      
# span 22 =    22.5004,    26.3358      
# span 23 =       0.00,    1556.32      
# span 24 =    125.990,    209.195      
# span 25 =    126.074,    208.560      
# span 26 =         30,         72      
# span 27 = 0.0000e+00, 0.0000e+00      
# interval = decibars: 1                
# start_time = Oct 20 2021 03:44:28 [NMEA time, header]
# bad_flag = -9.990e-29
*END*
[from data line 156]
      29349   1222.818     83.436     84.000    20.0302    20.0662   4.986296   4.989789     2.1388     1.7820      53.39   26.13221  -84.00242    0.00374    0.00330     3.0355     3.0445    20.0146    20.0505    36.5424    36.5399    25.9349    25.9234    1532.31    132.138    132.532         57 0.0000e+00
      29409   1225.354     82.443     83.000    20.0828    20.1291   4.991832   4.996178     2.1474     1.7908      54.38   26.13222  -84.00242    0.00375    0.00405     3.0504     3.0614    20.0673    20.1136    36.5427    36.5382    25.9211    25.9054    1532.31    132.789    133.268         58 0.0000e+00
      29460   1227.463     81.450     82.000    20.1476    20.1499   4.998457   4.998821     2.1520     1.7945      55.29   26.13222  -84.00242    0.00264    0.00245     3.0559     3.0685    20.1322    20.1346    36.5413    36.5423    25.9027    25.9029    1532.31    133.030    133.580         46 0.0000e+00
      29508   1229.472     80.457     81.000    20.2197    20.2172   5.006254   5.006657     2.1581     1.7993      56.36   26.13222  -84.00242    0.00240    0.00178     3.0641     3.0754    20.2045    20.2027    36.5434    36.5446    25.8850    25.8857    1532.31    133.391    133.880         55 0.0000e+00
      29571   1232.071     79.464     80.000    20.2336    20.2131   5.007533   5.005326     2.1668     1.8024      57.33   26.13222  -84.00242    0.00368    0.00201     3.0814     3.0825    20.2186    20.1981    36.5441    36.5418    25.8818    25.8855    1532.31    134.143    134.191         62 0.0000e+00
      29621   1234.170     78.471     79.000    20.3034    20.3034   5.013345   5.014997     2.1679     1.8051      58.30   26.13222  -84.00242    0.00154    0.00060     3.0801     3.0834    20.2886    20.2885    36.5333    36.5431    25.8548    25.8623    1532.31    134.090    134.234         43 0.0000e+00
      29670   1236.211     77.477     78.000    20.4305    20.4314   5.028376   5.028222     2.1787     1.8175      59.27   26.13222  -84.00242    0.00275    0.00382     3.0944     3.1046    20.4157    20.4167    36.5433    36.5410    25.8282    25.8262    1532.31    134.715    135.161         62 0.0000e+00
      29742   1239.216     76.484     77.000    20.4357    20.4380   5.028876   5.028978     2.1923     1.8272      60.37   26.13222  -84.00242    0.00514    0.00414     3.1225     3.1264    20.4211    20.4234    36.5430    36.5419    25.8265    25.8251    1532.31    135.938    136.111         64 0.0000e+00
      29841   1243.317     75.491     76.000    20.3688    20.4279   5.021639   5.027905     2.1909     1.8286      61.38   26.13222  -84.00242    0.00025    0.00040     3.1229     3.1298    20.3545    20.4136    36.5435    36.5421    25.8448    25.8279    1532.31    135.957    136.260         33 0.0000e+00
      30603   1275.102     74.498     75.000    21.2614    21.1908   5.114250   5.107024     2.3699     2.0019      62.39   26.13225  -84.00241    0.00007   -0.00022     3.4407     3.4770    21.2468    21.1762    36.5259    36.5280    25.5868    25.6079    1532.31    149.828    151.409         40 0.0000e+00
      31192   1299.620     73.505     74.000    21.9035    21.8861   5.181478   5.179824     2.5333     2.1335      63.25   26.13226  -84.00240    0.00447    0.00109     3.7374     3.7399    21.8889    21.8714    36.5182    36.5198    25.4033    25.4095    1532.31    162.776    162.885         64 0.0000e+00
      31252   1302.120     72.512     73.000    21.9020    21.9454   5.181685   5.186466     2.5395     2.1426      64.34   26.13226  -84.00240    0.00420    0.00359     3.7496     3.7561    21.8875    21.9309    36.5215    36.5220    25.4062    25.3941    1532.31    163.307    163.591         70 0.0000e+00
      31323   1305.100     71.519     72.000    21.9386    21.9918   5.185611   5.190939     2.5422     2.1519      65.23   26.13226  -84.00240    0.00014    0.00327     3.7520     3.7750    21.9243    21.9775    36.5220    36.5205    25.3962    25.3800    1532.31    163.415    164.418         59 0.0000e+00
      31386   1307.718     70.526     71.000    21.9146    22.0485   5.183078   5.197255     2.5403     2.1512      66.28   26.13228  -84.00240    0.00057    0.00048     3.7504     3.7675    21.8970    22.0343    36.5256    36.5218    25.4066    25.3650    1532.31    163.344    164.094         66 0.0000e+00
      31450   1310.373     69.532     70.000    22.0147    22.1137   5.194167   5.203839     2.5499     2.1627      67.25   26.13228  -84.00240    0.00139    0.00284     3.7613     3.7887    22.0006    22.0998    36.5263    36.5192    25.3779    25.3445    1532.31    163.824    165.019         67 0.0000e+00
      31520   1313.309     68.539     69.000    22.1151    22.2121   5.203583   5.213617     2.5671     2.1973      68.23   26.13228  -84.00240    0.00603    0.00982     3.7902     3.8614    22.1019    22.1985    36.5158    36.5155    25.3413    25.3143    1532.31    165.086    168.191         65 0.0000e+00
      31577   1315.661     67.546     68.000    22.1622    22.2061   5.208404   5.210129     2.5921     2.2034      69.16   26.13228  -84.00240    0.00889    0.00761     3.8332     3.8744    22.1486    22.1925    36.5143    36.4918    25.3270    25.2974    1532.31    166.961    168.762         57 0.0000e+00
      31648   1318.612     66.553     67.000    22.2314    22.2399   5.211855   5.210709     2.6320     2.2636      70.18   26.13228  -84.00240    0.01272    0.01590     3.9170     4.0074    22.2180    22.2265    36.4854    36.4696    25.2853    25.2708    1532.31    170.621    174.558         71 0.0000e+00
      31714   1321.365     65.560     66.000    22.2527    22.2848   5.211938   5.212454     2.6693     2.2851      71.12   26.13228  -84.00240    0.01466    0.00994     3.9881     4.0529    22.2395    22.2716    36.4675    36.4449    25.2656    25.2392    1532.31    173.718    176.546         60 0.0000e+00
      31772   1323.773     64.567     65.000    22.3046    22.3621   5.213831   5.217114     2.7038     2.3267      72.13   26.13228  -84.00240    0.01346    0.01455     4.0550     4.1411    22.2916    22.3490    36.4392    36.4168    25.2292    25.1959    1532.31    176.639    180.396         61 0.0000e+00
      31850   1327.031     63.573     64.000    22.3218    22.4007   5.214987   5.219706     2.7495     2.3760      73.09   26.13228  -84.00240    0.01558    0.01621     4.1465     4.2487    22.3089    22.3879    36.4343    36.4052    25.2205    25.1759    1532.31    180.629    185.088         42 0.0000e+00
      31902   1329.204     62.580     63.000    22.5045    22.5539   5.227432   5.228782     2.7742     2.3998      74.06   26.13228  -84.00240    0.00916    0.00963     4.2061     4.3087    22.4965    22.5412    36.3755    36.3634    25.1223    25.1003    1532.31    183.242    187.713         32 0.0000e+00
      31993   1332.985     61.587     62.000    22.5442    22.5681   5.230371   5.231745     2.8510     2.4485      75.07   26.13228  -84.00240    0.01776    0.01128     4.3352     4.3987    22.5317    22.5556    36.3707    36.3606    25.1086    25.0941    1532.31    188.870    191.639         45 0.0000e+00
      32262   1344.219     59.601     60.000    22.7334    22.7074   5.243645   5.241891     2.9119     2.4610      76.87   26.11615  -83.95053    0.00227    0.00238     4.4462     4.4122    22.7212    22.6952    36.3106    36.3156    25.0061    25.0173    1531.36    193.719    192.238         37 0.0000e+00
      33892   1412.121     58.607     59.000    23.0871    23.0917   5.281792   5.282139     3.0129     2.5679      78.06   26.13233  -84.00240   -0.00114   -0.00097     4.6179     4.6234    23.0750    23.0796    36.3189    36.3190    24.9126    24.9114    1532.31    201.221    201.463         33 0.0000e+00
      33811   1408.731     57.612     58.000    23.0713    23.0550   5.280227   5.278634     3.0051     2.5556      79.03   26.13232  -84.00239    0.00124    0.00075     4.6033     4.5976    23.0594    23.0431    36.3212    36.3221    24.9188    24.9242    1532.31    200.583    200.336         46 0.0000e+00
      33920   1413.289     56.621     57.000    23.0986    23.1143   5.283932   5.284752     3.0122     2.5577      79.94   26.13234  -84.00238    0.00277    0.00068     4.6143     4.5969    23.0869    23.1026    36.3278    36.3215    24.9158    24.9060    1532.31    201.063    200.310         33 0.0000e+00
      34032   1417.972     55.628     56.000    23.1758    23.1658   5.291775   5.290286     3.0258     2.5681      80.96   26.13234  -84.00238    0.00455    0.00202     4.6343     4.6152    23.1643    23.1543    36.3257    36.3218    24.8917    24.8916    1532.31    201.943    201.109         41 0.0000e+00
      34142   1422.539     54.634     55.000    23.3049    23.1810   5.305402   5.292728     3.0364     2.5718      81.92   26.13234  -84.00238    0.00319    0.00081     4.6439     4.6218    23.2935    23.1696    36.3241    36.3285    24.8528    24.8923    1532.31    202.368    201.395         34 0.0000e+00
      34429   1434.504     52.648     53.000    23.4875    23.4880   5.329575   5.329693     3.0625     2.6010      84.08   26.17717  -84.14648    0.00318    0.00309     4.6801     4.6623    23.4765    23.4770    36.3857    36.3864    24.8529    24.8533    1534.94    203.955    203.178         33 0.0000e+00
      34456   1435.629     51.655     52.000    23.5393    23.5162   5.330049   5.327793     3.0619     2.6054      84.80   26.13234  -84.00238    0.00291    0.00209     4.6729     4.6668    23.5284    23.5053    36.3219    36.3234    24.7821    24.7901    1532.31    203.643    203.379         33 0.0000e+00
      34578   1440.729     50.661     51.000    23.6635    23.6391   5.343703   5.342668     3.0808     2.6182      85.90   26.13234  -84.00236    0.00262    0.00162     4.6990     4.6839    23.6528    23.6284    36.3249    36.3342    24.7478    24.7621    1532.31    204.787    204.128         43 0.0000e+00
      36346   1514.394     45.695     46.000    25.8624    25.8819   5.564118   5.564435     3.2058     2.7190      90.37   26.06412  -83.78278    0.00610    0.00044     4.7488     4.7172    25.8539    25.8716    36.1601    36.1509    23.9422    23.9297    1528.31    207.110    205.733         35 0.0000e+00
      36791   1532.902     42.715     43.000    26.7279    26.6436   5.650367   5.645112     3.2519     2.7573      93.55   26.12843  -83.98952    0.00258   -0.00175     4.7667     4.7399    26.7192    26.6338    36.1459    36.1784    23.6701    23.7218    1532.08    207.954    206.775         36 0.0000e+00
      36912   1537.944     41.722     42.000    27.0919    27.1131   5.683870   5.685215     3.2612     2.7693      94.54   26.13242  -84.00232   -0.00092    0.00099     4.7525     4.7271    27.0823    27.1034    36.1100    36.1063    23.5276    23.5180    1532.31    207.367    206.264         50 0.0000e+00
      37026   1542.707     40.729     41.000    27.4070    27.3722   5.712232   5.709454     3.2655     2.7702      95.52   26.13243  -84.00232   -0.00004   -0.00028     4.7342     4.7105    27.3974    27.3626    36.0705    36.0755    23.3962    23.4113    1532.31    206.598    205.558         40 0.0000e+00
      38664   1610.961     37.749     38.000    28.5048    28.4705   5.756845   5.754689     3.1317     2.6440      93.02   26.12884  -83.99053    0.00057   -0.00033     4.4100     4.3803    28.4957    28.4614    35.5490    35.5649    22.6439    22.6673    1532.10    192.591    191.287         31 0.0000e+00
      38936   1622.284     35.763     36.000    28.5420    28.5412   5.762493   5.762522     3.1342     2.6480     100.06   26.15008  -84.05874   -0.00142    0.00039     4.4113     4.3834    28.5334    28.5326    35.5721    35.5729    22.6528    22.6537    1533.34    192.646    191.431         37 0.0000e+00
      39029   1626.151     34.769     35.000    28.5091    28.5191   5.757420   5.758350     3.1349     2.6445     100.00   26.13252  -84.00230    0.00095   -0.00004     4.4141     4.3766    28.5008    28.5108    35.5509    35.5494    22.6441    22.6396    1532.31    192.770    191.134         37 0.0000e+00
      39143   1630.934     33.776     34.000    28.5221    28.5195   5.758424   5.758540     3.1339     2.6426     100.00   26.13252  -84.00230   -0.00011   -0.00053     4.4107     4.3722    28.5139    28.5113    35.5481    35.5505    22.6376    22.6403    1532.31    192.622    190.940         39 0.0000e+00
      39263   1635.908     32.783     33.000    28.5206    28.5240   5.758354   5.758749     3.1334     2.6434     100.00   26.13252  -84.00230   -0.00029    0.00000     4.4092     4.3731    28.5127    28.5161    35.5489    35.5491    22.6386    22.6376    1532.31    192.557    190.980         39 0.0000e+00
      39762   1656.698     30.796     31.000    28.6474    28.6973   5.794087   5.794607     3.1486     2.6643      84.40   26.29553  -84.52621   -0.00041   -0.00061     4.4205     4.4080    28.6400    28.6899    35.7009    35.7591    22.7340    22.7699    1541.87    193.051    192.504         40 0.0000e+00
      40544   1689.271     29.802     30.000    28.5197    28.5264   5.757846   5.758552     3.1332     2.6495      57.33   26.13259  -84.00226    0.00010    0.00074     4.4073     4.3838    28.5125    28.5192    35.5468    35.5469    22.6371    22.6350    1532.31    192.473    191.448         30 0.0000e+00
      40916   1704.804     28.809     29.000    28.5220    28.5250   5.757926   5.758266     3.1333     2.6496     104.40   26.13260  -84.00226   -0.00019    0.00026     4.4070     4.3835    28.5151    28.5181    35.5461    35.5462    22.6357    22.6348    1532.31    192.462    191.436         43 0.0000e+00
      41026   1709.363     27.816     28.000    28.5232    28.5243   5.757999   5.758231     3.1350     2.6510     100.00   26.13260  -84.00226    0.00047    0.00030     4.4096     4.3860    28.5165    28.5176    35.5461    35.5468    22.6352    22.6354    1532.31    192.575    191.543         31 0.0000e+00
      40983   1707.601     25.829     26.000    28.3605    28.3601   5.724521   5.724620     3.1169     2.6406      99.41   25.97862  -83.50720   -0.00019   -0.00003     4.3828     4.3670    28.3542    28.3539    35.3362    35.3372    22.4996    22.5004    1523.28    191.406    190.715         50 0.0000e+00
      41360   1723.306     24.836     25.000    28.5287    28.5287   5.758402   5.758500     3.1353     2.6511     100.00   26.13262  -84.00224    0.00034    0.00100     4.4081     4.3843    28.5227    28.5227    35.5456    35.5463    22.6328    22.6333    1532.31    192.509    191.467         50 0.0000e+00
      41471   1727.906     23.842     24.000    28.5296    28.5296   5.758443   5.758553     3.1375     2.6508     100.00   26.13262  -84.00224    0.00098   -0.00036     4.4114     4.3831    28.5239    28.5239    35.5455    35.5462    22.6323    22.6329    1532.31    192.652    191.417         44 0.0000e+00
      41691   1737.090     21.855     22.000    28.5272    28.5288   5.758091   5.758387     3.1337     2.7093      93.70   26.13264  -84.00224   -0.00133   -0.00067     4.4036     4.4787    28.5219    28.5236    35.5454    35.5463    22.6329    22.6330    1532.31    192.314    195.593         40 0.0000e+00
      41801   1741.658     20.862     21.000    28.5269    28.5286   5.758013   5.758320     3.1369     2.6470      88.01   26.13264  -84.00224    0.00048   -0.00142     4.4090     4.3739    28.5218    28.5236    35.5454    35.5462    22.6330    22.6330    1532.31    192.550    191.014         47 0.0000e+00
      44434   1851.378     11.921     12.000    28.8056    28.8075   5.813325   5.813641     3.1705     2.6816      92.05   26.38244  -84.80498   -0.00026   -0.00072     4.4524     4.4292    28.8027    28.8047    35.8853    35.8860    22.8466    22.8465    1546.95    194.444    193.428         30 0.0000e+00
