Gulf of Mexico/GOMECC-4/1db/rb2103_0821.cnv
* Sea-Bird SBE 9 Data File:
* FileName = C:\Users\scs.user.rb\CTD\GOMECC4\data\rb2103_0821.hex
* Software Version Seasave V 7.26.7.107
* Temperature SN = 4799
* Conductivity SN = 3860
* Number of Bytes Per Scan = 41
* Number of Voltage Words = 4
* Number of Scans Averaged by the Deck Unit = 1
* NMEA Latitude = 22 16.54 N
* NMEA Longitude = 095 35.27 W
* NMEA UTC (Time) = Oct 06 2021  22:50:02
* NMEA baud rate = 4800
# nquan = 28
# nvalues = 976                         
# units = specified
# name 0 = scan: Scan Count
# name 1 = timeS: Time, Elapsed [seconds]
# name 2 = depSM: Depth [salt water, m]
# name 3 = prDM: Pressure, Digiquartz [db]
# name 4 = t090C: Temperature [ITS-90, deg C]
# name 5 = t190C: Temperature, 2 [ITS-90, deg C]
# name 6 = c0S/m: Conductivity [S/m]
# name 7 = c1S/m: Conductivity, 2 [S/m]
# name 8 = sbeox0V: Oxygen raw, SBE 43 [V]
# name 9 = sbeox1V: Oxygen raw, SBE 43, 2 [V]
# name 10 = altM: Altimeter [m]
# name 11 = latitude: Latitude [deg]
# name 12 = longitude: Longitude [deg]
# name 13 = sbox0dV/dT: Oxygen, SBE 43 [dov/dt]
# name 14 = sbox1dV/dT: Oxygen, SBE 43, 2 [dov/dt]
# name 15 = sbeox0ML/L: Oxygen, SBE 43 [ml/l], WS = 5
# name 16 = sbeox1ML/L: Oxygen, SBE 43, 2 [ml/l], WS = 5
# name 17 = potemp090C: Potential Temperature [ITS-90, deg C]
# name 18 = potemp190C: Potential Temperature, 2 [ITS-90, deg C]
# name 19 = sal00: Salinity, Practical [PSU]
# name 20 = sal11: Salinity, Practical, 2 [PSU]
# name 21 = sigma-é00: Density [sigma-theta, kg/m^3]
# name 22 = sigma-é11: Density, 2 [sigma-theta, kg/m^3]
# name 23 = avgsvCM: Average Sound Velocity [Chen-Millero, m/s], minP = 20, minS = 20
# name 24 = sbox0Mm/Kg: Oxygen, SBE 43 [umol/kg], WS = 5
# name 25 = sbox1Mm/Kg: Oxygen, SBE 43, 2 [umol/kg], WS = 5
# name 26 = nbin: number of scans per bin
# name 27 = flag: flag
# span 0 =      12221,     231714       
# span 1 =    509.163,   9654.688       
# span 2 =      0.994,   2979.777       
# span 3 =      1.000,   3020.000       
# span 4 =     4.2756,    29.7622       
# span 5 =     4.2762,    29.7662       
# span 6 =   3.345702,   6.014704       
# span 7 =   3.345683,   6.015252       
# span 8 =     1.5624,     3.3934       
# span 9 =     1.2651,     2.9061       
# span 10 =      10.94,     101.89      
# span 11 =   21.52081,   22.46482      
# span 12 =  -96.40962,  -92.35855      
# span 13 =   -0.06147,    0.04151      
# span 14 =   -0.05287,    0.04061      
# span 15 =     2.3637,     5.1246      
# span 16 =     2.3761,     5.1430      
# span 17 =     4.0784,    29.7580      
# span 18 =     4.0794,    29.7620      
# span 19 =    34.9132,    36.5390      
# span 20 =    34.9121,    36.5398      
# span 21 =    22.0451,    27.7583      
# span 22 =    22.0448,    27.7571      
# span 23 =       0.00,    1562.33      
# span 24 =    102.780,    223.469      
# span 25 =    103.321,    224.273      
# span 26 =         30,         74      
# span 27 = 0.0000e+00, 0.0000e+00      
# interval = decibars: 1                
# start_time = Oct 06 2021 22:50:02 [NMEA time, header]
# bad_flag = -9.990e-29
*END*
[from data line 881]
     204994   8541.359    153.974    155.000    17.7845    17.7800   4.733398   4.732799     1.8243     1.4985      85.76   22.27442  -95.59134    0.00037    0.00061     2.4963     2.5089    17.7579    17.7534    36.3622    36.3611    26.3759    26.3761    1501.31    108.620    109.168         30 0.0000e+00
     205023   8542.587    152.981    154.000    17.8089    17.8040   4.736204   4.735637     1.8256     1.4993      99.81   22.27442  -95.59134    0.00028    0.00050     2.4977     2.5094    17.7824    17.7775    36.3651    36.3646    26.3720    26.3728    1501.31    108.681    109.188         30 0.0000e+00
     205053   8543.851    151.988    153.000    17.8373    17.8318   4.739470   4.738757     1.8263     1.5003     100.00   22.27442  -95.59134    0.00059    0.00047     2.4975     2.5100    17.8110    17.8055    36.3682    36.3670    26.3674    26.3678    1501.31    108.671    109.219         30 0.0000e+00
     205176   8548.970    148.016    149.000    17.9672    17.9743   4.754837   4.755625     1.8291     1.5025     100.01   22.27679  -95.60149    0.00062    0.00047     2.4956     2.5069    17.9414    17.9485    36.3874    36.3878    26.3500    26.3486    1501.47    108.592    109.085         30 0.0000e+00
     205331   8555.397    141.064    142.000    18.3005    18.3138   4.793310   4.794759     1.8340     1.5050     100.00   22.27431  -95.59089    0.00058 -2.496e-09     2.4869     2.4941    18.2756    18.2889    36.4217    36.4223    26.2925    26.2897    1501.30    108.220    108.534         34 0.0000e+00
     205455   8560.586    135.106    136.000    18.5815    18.6242   4.825211   4.829761     1.8386     1.5114      99.99   22.27155  -95.57906    0.00069    0.00121     2.4807     2.4926    18.5574    18.6001    36.4449    36.4457    26.2388    26.2286    1501.12    107.954    108.472         32 0.0000e+00
     205689   8570.321    128.154    129.000    18.8519    18.8497   4.856838   4.856388     1.8494     1.5204      92.98   22.27800  -95.60682    0.00132    0.00111     2.4883     2.5011    18.8289    18.8266    36.4797    36.4780    26.1971    26.1964    1501.55    108.289    108.849         30 0.0000e+00
     205686   8570.213    127.161    128.000    18.8696    18.8942   4.858242   4.860527     1.8498     1.5225      89.90   22.27440  -95.59138    0.00100    0.00151     2.4882     2.5038    18.8462    18.8713    36.4748    36.4711    26.1884    26.1791    1501.31    108.287    108.967         30 0.0000e+00
     205779   8574.065    122.195    123.000    19.1419    19.1526   4.888690   4.889659     1.8572     1.5260      77.31   22.27138  -95.57840    0.00165    0.00065     2.4889     2.4982    19.1196    19.1303    36.4911    36.4898    26.1301    26.1263    1501.11    108.322    108.727         30 0.0000e+00
     205846   8576.867    116.236    117.000    19.4029    19.4181   4.915975   4.917891     1.8673     1.5361      79.75   22.25906  -95.52556    0.00160    0.00183     2.4961     2.5077    19.3816    19.3969    36.4891    36.4871    26.0588    26.0529    1500.28    108.642    109.148         34 0.0000e+00
     206079   8586.577    115.243    116.000    19.3677    19.5453   4.913842   4.932925     1.8681     1.5419     101.51   22.27440  -95.59140   -0.00039    0.00105     2.4991     2.5152    19.3465    19.5241    36.5074    36.5113    26.0841    26.0407    1501.31    108.771    109.477         54 0.0000e+00
     206201   8591.685    114.250    115.000    19.7128    19.7641   4.951539   4.957122     1.8823     1.5518     100.00   22.27440  -95.59142    0.00332    0.00231     2.5121     2.5279    19.6916    19.7429    36.5199    36.5215    26.0033    25.9909    1501.31    109.347    110.036         34 0.0000e+00
     206319   8596.594    113.256    114.000    19.7799    19.8256   4.958636   4.963556     1.8910     1.5600     100.00   22.27439  -95.59142    0.00170    0.00197     2.5271     2.5442    19.7588    19.8045    36.5199    36.5216    25.9855    25.9747    1501.31    110.002    110.745         50 0.0000e+00
     206415   8600.589    112.263    113.000    19.8054    19.8687   4.961274   4.968248     1.8944     1.5644     100.00   22.27440  -95.59142    0.00013    0.00128     2.5330     2.5522    19.7845    19.8477    36.5208    36.5232    25.9795    25.9646    1501.31    110.261    111.096         35 0.0000e+00
     206541   8605.846    111.270    112.000    19.8450    19.8950   4.965398   4.970766     1.8956     1.5682      76.71   22.27440  -95.59142   -0.00014    0.00128     2.5342     2.5596    19.8242    19.8742    36.5207    36.5215    25.9689    25.9563    1501.31    110.313    111.421         42 0.0000e+00
     206651   8610.437    110.277    111.000    19.8708    19.9275   4.968350   4.974132     1.9030     1.5731      87.41   22.27438  -95.59142    0.00084    0.00120     2.5481     2.5692    19.8503    19.9068    36.5221    36.5214    25.9630    25.9475    1501.31    110.917    111.838         37 0.0000e+00
     207522   8646.710    109.284    110.000    20.0690    20.0854   4.989057   4.990676     1.9248     1.5881     101.58   22.27438  -95.59142    0.00026    0.00041     2.5840     2.5967    20.0484    20.0648    36.5220    36.5209    25.9103    25.9052    1501.31    112.485    113.039         57 0.0000e+00
     207868   8661.132    108.290    109.000    20.1287    20.1404   4.995363   4.996502     1.9318     1.5932     100.00   22.27438  -95.59143    0.00020    0.00041     2.5958     2.6059    20.1084    20.1200    36.5222    36.5215    25.8946    25.8909    1501.31    113.003    113.441         56 0.0000e+00
     207933   8663.839    107.297    108.000    20.1244    20.1440   4.994897   4.996809     1.9326     1.5949      99.87   22.27438  -95.59142    0.00045    0.00036     2.5974     2.6092    20.1042    20.1238    36.5225    36.5212    25.8959    25.8897    1501.31    113.074    113.587         51 0.0000e+00
     207987   8666.095    106.304    107.000    20.1788    20.1556   5.000368   4.998132     1.9356     1.5970     100.00   22.27438  -95.59142    0.00058    0.00114     2.6009     2.6132    20.1587    20.1356    36.5207    36.5221    25.8799    25.8872    1501.31    113.224    113.759         58 0.0000e+00
     208048   8668.635    105.311    106.000    20.2061    20.1923   5.002902   5.001531     1.9447     1.6008     100.00   22.27438  -95.59142    0.00306    0.00091     2.6186     2.6201    20.1863    20.1724    36.5182    36.5189    25.8706    25.8749    1501.31    113.995    114.064         64 0.0000e+00
     208113   8671.339    104.318    105.000    20.2484    20.2324   5.006261   5.005758     1.9510     1.6085     100.00   22.27438  -95.59142    0.00271    0.00311     2.6294     2.6360    20.2287    20.2127    36.5158    36.5193    25.8575    25.8644    1501.31    114.471    114.758         53 0.0000e+00
     208160   8673.306    103.324    104.000    20.3328    20.3287   5.016074   5.015737     1.9555     1.6141     100.00   22.27438  -95.59142    0.00200    0.00270     2.6344     2.6443    20.3132    20.3091    36.5174    36.5181    25.8360    25.8376    1501.31    114.691    115.120         47 0.0000e+00
     208210   8675.366    102.331    103.000    20.3989    20.3665   5.022529   5.019314     1.9646     1.6187     100.00   22.27438  -95.59142    0.00329    0.00256     2.6500     2.6529    20.3795    20.3471    36.5134    36.5150    25.8151    25.8251    1501.31    115.371    115.496         50 0.0000e+00
     208256   8677.312    101.338    102.000    20.4765    20.4409   5.029234   5.026579     1.9762     1.6267     100.00   22.27438  -95.59142    0.00517    0.00281     2.6706     2.6677    20.4571    20.4216    36.5016    36.5106    25.7852    25.8016    1501.31    116.269    116.141         45 0.0000e+00
     208301   8679.159    100.344    101.000    20.5376    20.5229   5.035051   5.033781     1.9931     1.6445     100.00   22.27438  -95.59142    0.00714    0.00630     2.7030     2.7049    20.5187    20.5044    36.4965    36.4987    25.7647    25.7704    1501.31    117.683    117.764         40 0.0000e+00
     208335   8680.599     99.351    100.000    20.5966    20.5807   5.038111   5.037403     2.0141     1.6659      89.09   22.27438  -95.59142    0.01021    0.01051     2.7446     2.7522    20.5776    20.5617    36.4712    36.4791    25.7295    25.7398    1501.31    119.499    119.827         30 0.0000e+00
     208365   8681.832     98.358     99.000    20.6411    20.6396   5.039407   5.039303     2.0498     1.6989      99.82   22.27438  -95.59142    0.01602    0.01587     2.8180     2.8263    20.6223    20.6208    36.4438    36.4443    25.6965    25.6973    1501.31    122.698    123.059         32 0.0000e+00
     208406   8683.547     97.365     98.000    20.7031    20.6503   5.043213   5.040165     2.1145     1.7574     100.00   22.27438  -95.59144    0.03012    0.02814     2.9515     2.9615    20.6844    20.6317    36.4219    36.4424    25.6630    25.6929    1501.31    128.514    128.947         48 0.0000e+00
     208448   8685.271     96.371     97.000    20.7096    20.6810   5.043715   5.041790     2.1641     1.7812     100.00   22.27438  -95.59142    0.03544    0.02763     3.0557     3.0151    20.6911    20.6626    36.4208    36.4296    25.6603    25.6748    1501.31    133.055    131.283         31 0.0000e+00
     208547   8689.415     94.385     95.000    20.9584    20.9392   5.066896   5.064557     2.2266     1.8736      97.43   22.27865  -95.60974    0.02411    0.02164     3.1765     3.2164    20.9417    20.9210    36.3976    36.3964    25.5750    25.5798    1501.60    138.327    140.060         37 0.0000e+00
     208546   8689.381     93.392     94.000    20.9581    20.8911   5.066346   5.059709     2.2549     1.8851     100.04   22.27438  -95.59144    0.02481    0.02988     3.2317     3.2439    20.9401    20.8731    36.3925    36.3961    25.5709    25.5919    1501.31    140.729    141.257         38 0.0000e+00
     208584   8690.941     92.398     93.000    21.0486    20.9305   5.074328   5.063406     2.2690     1.8888     100.00   22.27438  -95.59144    0.01831    0.01681     3.2548     3.2467    21.0306    20.9126    36.3790    36.3926    25.5358    25.5784    1501.31    141.740    141.385         38 0.0000e+00
     208619   8692.436     91.405     92.000    21.1289    21.0979   5.078897   5.076662     2.2918     1.9121     100.00   22.27438  -95.59144    0.01090    0.00627     3.3003     3.2941    21.1112    21.0802    36.3505    36.3573    25.4920    25.5056    1501.31    143.728    143.454         32 0.0000e+00
     208650   8693.688     90.411     91.000    21.2234    21.2007   5.084543   5.082534     2.3339     1.9582     100.00   22.27438  -95.59143    0.01693    0.01610     3.3810     3.3946    21.2057    21.1830    36.3144    36.3175    25.4384    25.4470    1501.31    147.251    147.842         30 0.0000e+00
     208683   8695.078     89.418     90.000    21.2634    21.2510   5.087969   5.086636     2.4018     2.0295     100.00   22.27438  -95.59144    0.03241    0.03541     3.5202     3.5555    21.2459    21.2335    36.3083    36.3081    25.4227    25.4260    1501.31    153.313    154.852         39 0.0000e+00
     208724   8696.794     88.425     89.000    21.2592    21.2114   5.088278   5.083941     2.4519     2.0650     100.00   22.27437  -95.59144    0.04151    0.04061     3.6247     3.6392    21.2419    21.1942    36.3147    36.3204    25.4287    25.4462    1501.31    157.866    158.494         39 0.0000e+00
     208760   8698.303     87.431     88.000    21.4288    21.3269   5.105745   5.096835     2.4689     2.0655     100.00   22.27436  -95.59144    0.02528    0.01674     3.6480     3.6322    21.4117    21.3097    36.3113    36.3263    25.3791    25.4187    1501.31    158.888    158.192         35 0.0000e+00
     208890   8703.699     85.445     86.000    21.8119    21.8249   5.150183   5.152618     2.5081     2.1123     100.03   22.28076  -95.61880    0.01416    0.01425     3.7009     3.7053    21.7949    21.8079    36.3465    36.3533    25.3000    25.3014    1501.74    161.206    161.394         31 0.0000e+00
     208419   8684.077     83.458     84.000    21.8310    21.8972   5.141793   5.146814     2.5327     2.1689      98.98   22.21220  -95.32468    0.00786    0.01569     3.7511     3.8278    21.8144    21.8805    36.2264    36.2063    25.1931    25.1578    1497.12    163.398    166.741         31 0.0000e+00
     209149   8714.508     82.465     83.000    21.9423    21.9483   5.153028   5.153810     2.7313     2.3554     100.05   22.27436  -95.59144    0.03107    0.02916     4.1558     4.2500    21.9258    21.9318    36.2550    36.2580    25.1927    25.1933    1501.31    181.037    185.141         48 0.0000e+00
     209265   8719.354     81.471     82.000    21.9316    21.9475   5.150426   5.151759     2.8083     2.4128     100.00   22.27436  -95.59144    0.01206    0.01393     4.3128     4.3807    21.9154    21.9312    36.2456    36.2406    25.1885    25.1802    1501.31    187.879    190.834         43 0.0000e+00
     209462   8727.543     79.485     80.000    22.0227    22.0979   5.161567   5.170267     2.7981     2.3510      99.99   22.27163  -95.57971   -0.00833   -0.01214     4.2841     4.2272    22.0068    22.0820    36.2596    36.2646    25.1730    25.1554    1501.13    186.629    184.152         38 0.0000e+00
     209602   8733.378     78.491     79.000    22.0423    22.0731   5.164211   5.165374     2.7928     2.3884     100.00   22.27436  -95.59145   -0.00241    0.00598     4.2699     4.3138    22.0266    22.0576    36.2639    36.2458    25.1710    25.1485    1501.31    186.011    187.927         44 0.0000e+00
     211002   8791.691     76.504     77.000    22.0879    22.0833   5.162604   5.161938     2.9322     2.5026      99.94   22.26190  -95.53812   -0.00057   -0.00024     4.5526     4.5708    22.0726    22.0680    36.2049    36.2035    25.1111    25.1113    1500.47    198.337    199.128         45 0.0000e+00
     211209   8800.317     75.511     76.000    22.1137    22.1098   5.167312   5.166925     2.9270     2.4954     100.00   22.27434  -95.59150   -0.00194   -0.00188     4.5393     4.5520    22.0986    22.0947    36.2287    36.2278    25.1239    25.1244    1501.31    197.756    198.307         67 0.0000e+00
     211282   8803.357     74.518     75.000    22.1459    22.1364   5.170851   5.169795     2.9190     2.4909      90.42   22.27434  -95.59150   -0.00247   -0.00230     4.5197     4.5388    22.1305    22.1216    36.2304    36.2316    25.1162    25.1205    1501.31    196.905    197.734         63 0.0000e+00
     211342   8805.895     73.524     74.000    22.2106    22.2046   5.176664   5.176952     2.9280     2.4885     100.07   22.27434  -95.59150    0.00047   -0.00138     4.5321     4.5273    22.1958    22.1898    36.2221    36.2294    25.0914    25.0987    1501.31    197.450    197.241         61 0.0000e+00
     211401   8808.339     72.531     73.000    22.2753    22.2416   5.182549   5.179510     2.9619     2.5165      99.86   22.27434  -95.59152    0.01120    0.00748     4.5972     4.5878    22.2606    22.2270    36.2153    36.2190    25.0678    25.0802    1501.31    200.289    199.877         57 0.0000e+00
     211460   8810.805     71.538     72.000    22.3485    22.2955   5.189966   5.184850     2.9981     2.5496     100.00   22.27434  -95.59153    0.01526    0.01395     4.6619     4.6573    22.3335    22.2811    36.2128    36.2164    25.0452    25.0629    1501.31    203.112    202.909         60 0.0000e+00
     211511   8812.931     70.544     71.000    22.4957    22.4753   5.206085   5.205174     3.0089     2.5624     100.00   22.27433  -95.59154    0.00912    0.00874     4.6712     4.6723    22.4815    22.4612    36.2236    36.2231    25.0112    25.0155    1501.31    203.526    203.575         42 0.0000e+00
