Gulf of Mexico/GOMECC-4/1db/rb2103_0651.cnv
* Sea-Bird SBE 9 Data File:
* FileName = C:\Users\scs.user.rb\CTD\GOMECC4\data\rb2103_0651.hex
* Software Version Seasave V 7.26.7.107
* Temperature SN = 4799
* Conductivity SN = 3860
* Number of Bytes Per Scan = 41
* Number of Voltage Words = 4
* Number of Scans Averaged by the Deck Unit = 1
* NMEA Latitude = 26 03.47 N
* NMEA Longitude = 096 19.52 W
* NMEA UTC (Time) = Oct 02 2021  07:20:22
* NMEA baud rate = 4800
# nquan = 28
# nvalues = 279                         
# units = specified
# name 0 = scan: Scan Count
# name 1 = timeS: Time, Elapsed [seconds]
# name 2 = depSM: Depth [salt water, m]
# name 3 = prDM: Pressure, Digiquartz [db]
# name 4 = t090C: Temperature [ITS-90, deg C]
# name 5 = t190C: Temperature, 2 [ITS-90, deg C]
# name 6 = c0S/m: Conductivity [S/m]
# name 7 = c1S/m: Conductivity, 2 [S/m]
# name 8 = sbeox0V: Oxygen raw, SBE 43 [V]
# name 9 = sbeox1V: Oxygen raw, SBE 43, 2 [V]
# name 10 = altM: Altimeter [m]
# name 11 = latitude: Latitude [deg]
# name 12 = longitude: Longitude [deg]
# name 13 = sbox0dV/dT: Oxygen, SBE 43 [dov/dt]
# name 14 = sbox1dV/dT: Oxygen, SBE 43, 2 [dov/dt]
# name 15 = sbeox0ML/L: Oxygen, SBE 43 [ml/l], WS = 5
# name 16 = sbeox1ML/L: Oxygen, SBE 43, 2 [ml/l], WS = 5
# name 17 = potemp090C: Potential Temperature [ITS-90, deg C]
# name 18 = potemp190C: Potential Temperature, 2 [ITS-90, deg C]
# name 19 = sal00: Salinity, Practical [PSU]
# name 20 = sal11: Salinity, Practical, 2 [PSU]
# name 21 = sigma-é00: Density [sigma-theta, kg/m^3]
# name 22 = sigma-é11: Density, 2 [sigma-theta, kg/m^3]
# name 23 = avgsvCM: Average Sound Velocity [Chen-Millero, m/s], minP = 20, minS = 20
# name 24 = sbox0Mm/Kg: Oxygen, SBE 43 [umol/kg], WS = 5
# name 25 = sbox1Mm/Kg: Oxygen, SBE 43, 2 [umol/kg], WS = 5
# name 26 = nbin: number of scans per bin
# name 27 = flag: flag
# span 0 =       7022,      44256       
# span 1 =    292.528,   1843.967       
# span 2 =      1.987,    183.714       
# span 3 =      2.000,    185.000       
# span 4 =    15.6196,    29.2229       
# span 5 =    15.6262,    30.9203       
# span 6 =   4.479277,   5.880218       
# span 7 =   4.479907,   6.414753       
# span 8 =     1.8170,     3.3902       
# span 9 =     1.4995,     2.9034       
# span 10 =       4.59,     102.95      
# span 11 =   25.38898,   26.39293      
# span 12 =  -97.55812,  -93.84703      
# span 13 =   -0.04680,    0.02949      
# span 14 =   -0.04573,    0.02452      
# span 15 =     2.5219,     5.1121      
# span 16 =     2.5381,     5.1314      
# span 17 =    15.5905,    29.2078      
# span 18 =    15.5972,    30.9138      
# span 19 =    34.4487,    36.4885      
# span 20 =    34.3751,    40.4345      
# span 21 =    21.7990,    26.6607      
# span 22 =    21.7526,    26.6592      
# span 23 =       0.00,    1545.12      
# span 24 =    109.749,    222.937      
# span 25 =    110.457,    223.766      
# span 26 =         30,         68      
# span 27 = 0.0000e+00, 0.0000e+00      
# interval = decibars: 1                
# start_time = Oct 02 2021 07:20:22 [NMEA time, header]
# bad_flag = -9.990e-29
*END*
       7022    292.528      2.980      3.000    28.7898    28.7912   5.723014   5.723994     3.1233     2.6431      91.75   26.05822  -96.32560   -0.00059   -0.00129     4.3651     4.3481    28.7891    28.7905    35.1144    35.1181    22.2203    22.2226       0.00    190.707    189.964         30 0.0000e+00
       7474    311.378      3.974      4.000    28.7982    28.7983   5.725800   5.725639     3.1225     2.6465      83.92   26.05823  -96.32560    0.00048    0.00012     4.3634     4.3548    28.7973    28.7973    35.1253    35.1238    22.2258    22.2247       0.00    190.632    190.256         48 0.0000e+00
       7661    319.164      5.961      6.000    28.5484    28.5485   5.669715   5.665679     3.0951     2.6221      99.06   25.81350  -95.42090    0.00030    0.00032     4.3361     4.3180    28.5566    28.5470    34.8243    34.8125    22.0379    22.0304       0.00    189.443    188.650         37 0.0000e+00
       7808    325.278      6.955      7.000    28.7835    28.7923   5.720666   5.723174     3.1218     2.6477     100.00   26.05824  -96.32561   -0.00051    0.00022     4.3653     4.3596    28.7818    28.7906    35.0996    35.1105    22.2116    22.2169       0.00    190.716    190.469         40 0.0000e+00
       7861    327.504      7.948      8.000    28.8360    28.8508   5.735855   5.742903     3.1229     2.6496     100.00   26.05824  -96.32562   -0.00003    0.00052     4.3621     4.3575    28.8289    28.8489    35.1694    35.2033    22.2484    22.2672       0.00    190.572    190.365         54 0.0000e+00
       7933    330.486      8.941      9.000    28.8255    28.8563   5.733966   5.745298     3.1231     2.6452     100.00   26.05824  -96.32562    0.00049   -0.00132     4.3636     4.3482    28.8233    28.8541    35.1599    35.2155    22.2431    22.2747       0.00    190.636    189.957         67 0.0000e+00
       8000    333.271      9.935     10.000    28.8839    28.8888   5.755886   5.758127     3.1237     2.6490      90.52   26.05825  -96.32562   -0.00033    0.00081     4.3584     4.3526    28.8815    28.8864    35.2679    35.2797    22.3048    22.3120       0.00    190.400    190.145         64 0.0000e+00
       8061    335.830     10.928     11.000    28.9740    28.9756   5.788067   5.788450     3.1257     2.6482     100.15   26.05826  -96.32562    0.00098    0.00100     4.3519     4.3419    28.9713    28.9729    35.4232    35.4246    22.3914    22.3920       0.00    190.101    189.661         57 0.0000e+00
       8129    338.663     11.922     12.000    29.0408    29.0429   5.804329   5.804827     3.1269     2.6502     100.00   26.05826  -96.32562    0.00038   -0.00050     4.3480     4.3401    29.0379    29.0400    35.4854    35.4873    22.4159    22.4167       0.00    189.924    189.581         55 0.0000e+00
       8174    340.547     12.915     13.000    29.1325    29.1304   5.826187   5.825678     3.1298     2.6536     100.00   26.05826  -96.32562    0.00095    0.00193     4.3448     4.3392    29.1293    29.1273    35.5676    35.5656    22.4470    22.4462       0.00    189.777    189.536         47 0.0000e+00
       8230    342.868     13.909     14.000    29.1950    29.1956   5.841036   5.841151     3.1308     2.6554     100.00   26.05826  -96.32562    0.00095    0.00120     4.3408     4.3374    29.1916    29.1922    35.6242    35.6248    22.4685    22.4688       0.00    189.600    189.451         57 0.0000e+00
       8278    344.862     14.902     15.000    29.1938    29.1948   5.841082   5.841314     3.1302     2.6556     100.00   26.05826  -96.32562    0.00001    0.00022     4.3403     4.3383    29.1902    29.1912    35.6240    35.6248    22.4688    22.4691       0.00    189.580    189.490         44 0.0000e+00
       8331    347.066     15.895     16.000    29.1933    29.1944   5.841103   5.841355     3.1314     2.6540      84.82   26.05826  -96.32563    0.00016   -0.00022     4.3431     4.3357    29.1894    29.1905    35.6242    35.6251    22.4692    22.4696       0.00    189.700    189.376         60 0.0000e+00
       8381    349.162     16.889     17.000    29.1937    29.1947   5.841318   5.841573     3.1310     2.6540      63.58   26.05826  -96.32564    0.00033   -0.00064     4.3429     4.3360    29.1896    29.1906    35.6250    35.6260    22.4698    22.4703       0.00    189.692    189.389         40 0.0000e+00
       8426    351.051     17.882     18.000    29.1966    29.1975   5.842014   5.842282     3.1321     2.6530      98.28   26.05826  -96.32563   -0.00004   -0.00022     4.3451     4.3343    29.1922    29.1931    35.6274    35.6286    22.4708    22.4713       0.00    189.786    189.318         56 0.0000e+00
       8484    353.476     18.876     19.000    29.1960    29.1970   5.843381   5.843364     3.1312     2.6555     100.00   26.05827  -96.32563    0.00048    0.00060     4.3445     4.3406    29.1914    29.1924    35.6318    35.6325    22.4743    22.4745       0.00    189.760    189.591         51 0.0000e+00
       8528    355.311     19.869     20.000    29.1800    29.1811   5.855876   5.855866     3.1371     2.6638      60.22   26.05828  -96.32564    0.00030    0.00178     4.3547     4.3571    29.1751    29.1762    35.7377    35.7377    22.5593    22.5589     781.59    190.188    190.296         43 0.0000e+00
       8576    357.278     20.862     21.000    29.1872    29.1876   5.865169   5.865215     3.1577     2.6798      89.02   26.05828  -96.32563    0.00680    0.00666     4.3894     4.3862    29.1821    29.1825    35.7930    35.7930    22.5985    22.5984    1531.89    191.700    191.560         52 0.0000e+00
       8633    359.664     21.856     22.000    29.2099    29.2101   5.874149   5.874123     3.1662     2.6863     100.13   26.05828  -96.32564    0.00673    0.00541     4.4025     4.3969    29.2045    29.2047    35.8375    35.8372    22.6244    22.6240    1545.00    192.265    192.022         58 0.0000e+00
       8681    361.687     22.849     23.000    29.2229    29.2291   5.880218   5.880278     3.1729     2.6915     100.00   26.05828  -96.32564    0.00247    0.00136     4.4093     4.4029    29.2078    29.2238    35.9206    35.9065    22.6857    22.6702    1545.01    192.552    192.272         39 0.0000e+00
       8723    363.404     23.843     24.000    28.6136    28.6233   5.828816   5.830156     3.2149     2.7398     100.00   26.05828  -96.32564    0.01005    0.01181     4.5351     4.5453    28.6072    28.6176    35.9754    35.9768    22.9277    22.9253    1544.97    197.996    198.445         38 0.0000e+00
       8793    366.340     24.836     25.000    28.3438    28.3761   5.794362   5.802179     3.2806     2.7980      98.51   26.05828  -96.32564    0.02733    0.02452     4.6775     4.6798    28.3379    28.3702    35.9645    35.9682    23.0088    23.0009    1544.94    204.198    204.299         38 0.0000e+00
       8830    367.856     25.829     26.000    27.5296    27.5380   5.705154   5.706460     3.3066     2.8338      95.06   26.05828  -96.32564    0.01541    0.01583     4.7954     4.8233    27.5235    27.5319    35.9294    35.9319    23.2492    23.2482    1544.80    209.297    210.516         31 0.0000e+00
       8868    369.453     26.823     27.000    27.3405    27.3488   5.685211   5.686460     3.3584     2.8774     100.33   26.05828  -96.32564    0.01998    0.02233     4.9085     4.9287    27.3342    27.3425    35.9323    35.9348    23.3127    23.3119    1544.68    214.218    215.103         36 0.0000e+00
       8943    372.594     27.816     28.000    27.1886    27.1964   5.669341   5.670464     3.3902     2.9008      96.65   26.05829  -96.32564    0.01507    0.01080     4.9815     4.9903    27.1821    27.1900    35.9359    35.9379    23.3644    23.3634    1544.55    217.396    217.781         39 0.0000e+00
       8973    373.824     28.809     29.000    26.9835    26.9908   5.651135   5.652066     3.3875     2.8985      85.54   26.05830  -96.32564    0.00521    0.00357     4.9947     5.0025    26.9768    26.9842    35.9638    35.9648    23.4514    23.4498    1544.41    217.950    218.293         35 0.0000e+00
       9029    376.162     29.803     30.000    26.8486    26.8560   5.640372   5.641189     3.3886     2.9034      99.86   26.05830  -96.32564    0.00076    0.00152     5.0086     5.0239    26.8418    26.8491    35.9909    35.9910    23.5150    23.5127    1544.28    218.547    219.215         48 0.0000e+00
       9083    378.434     30.796     31.000    26.6878    26.6886   5.629595   5.630180     3.3847     2.8956     100.00   26.05830  -96.32564   -0.00041   -0.00043     5.0159     5.0219    26.6832    26.6816    36.0361    36.0376    23.5996    23.5995    1544.15    218.846    219.107         36 0.0000e+00
       9128    380.281     31.789     32.000    26.0599    26.0741   5.564805   5.565762     3.3664     2.8867      99.86   26.05830  -96.32564   -0.00604   -0.00493     5.0340     5.0545    26.0527    26.0669    36.0559    36.0582    23.8136    23.8123    1544.00    219.590    220.484         51 0.0000e+00
       9178    382.389     32.783     33.000    25.9300    25.9336   5.550131   5.550914     3.3739     2.8951     100.00   26.05830  -96.32564   -0.00439   -0.00086     5.0642     5.0849    25.9226    25.9262    36.0539    36.0568    23.8529    23.8539    1543.82    220.899    221.802         47 0.0000e+00
       9231    384.587     33.776     34.000    25.6311    25.6358   5.515847   5.516664     3.3730     2.8952      74.21   26.05830  -96.32565    0.00278    0.00235     5.0925     5.1112    25.6236    25.6283    36.0379    36.0401    23.9339    23.9342    1543.65    222.114    222.930         59 0.0000e+00
       9282    386.695     34.769     35.000    25.4331    25.4414   5.495607   5.496690     3.3716     2.8937     100.35   26.05831  -96.32566   -0.00141   -0.00075     5.1071     5.1262    25.4254    25.4337    36.0451    36.0466    24.0007    23.9993    1543.47    222.738    223.568         41 0.0000e+00
       9326    388.552     35.763     36.000    25.1905    25.1935   5.471838   5.472397     3.3627     2.8857     100.00   26.05831  -96.32566   -0.00244   -0.00182     5.1121     5.1310    25.1826    25.1856    36.0616    36.0634    24.0879    24.0883    1543.29    222.937    223.761         54 0.0000e+00
       9383    390.929     36.756     37.000    25.1441    25.1458   5.468089   5.468545     3.3584     2.8836      63.68   26.05832  -96.32566   -0.00339   -0.00297     5.1091     5.1309    25.1360    25.1377    36.0704    36.0725    24.1089    24.1099    1543.10    222.799    223.753         51 0.0000e+00
       9430    392.888     37.749     38.000    25.0762    25.0829   5.461560   5.462518     3.3531     2.8810      99.87   26.05832  -96.32566   -0.00191   -0.00045     5.1056     5.1314    25.0679    25.0746    36.0758    36.0775    24.1338    24.1330    1542.92    222.642    223.766         48 0.0000e+00
       9477    394.843     38.742     39.000    24.8933    24.8984   5.442653   5.443430     3.3446     2.8672     100.00   26.05832  -96.32566   -0.00370   -0.00435     5.1065     5.1184    24.8849    24.8899    36.0806    36.0824    24.1933    24.1931    1542.75    222.670    223.188         47 0.0000e+00
       9530    397.043     39.736     40.000    24.8149    24.8203   5.435615   5.436358     3.3433     2.8671     100.00   26.05832  -96.32566   -0.00217   -0.00342     5.1117     5.1254    24.8063    24.8117    36.0905    36.0917    24.2247    24.2240    1542.58    222.890    223.487         57 0.0000e+00
       9585    399.315     40.729     41.000    24.5739    24.5821   5.414254   5.415305     3.3282     2.8551     100.00   26.05832  -96.32567   -0.00351   -0.00242     5.1038     5.1190    24.5651    24.5733    36.1236    36.1249    24.3228    24.3213    1542.41    222.525    223.189         50 0.0000e+00
       9627    401.075     41.723     42.000    24.3594    24.3717   5.390118   5.391790     3.3120     2.8418     100.00   26.05832  -96.32566   -0.00834   -0.00664     5.0937     5.1125    24.3505    24.3627    36.1144    36.1171    24.3805    24.3789    1542.22    222.069    222.891         36 0.0000e+00
       9676    403.117     42.716     43.000    24.0569    24.0608   5.357288   5.357927     3.3016     2.8356     100.00   26.05832  -96.32568   -0.00725   -0.00512     5.1026     5.1258    24.0478    24.0517    36.1103    36.1120    24.4680    24.4681    1542.05    222.438    223.449         46 0.0000e+00
       9739    405.751     43.709     44.000    24.0156    24.0146   5.355994   5.356000     3.2961     2.8299     100.00   26.05832  -96.32568   -0.00205   -0.00220     5.0954     5.1173    24.0063    24.0053    36.1337    36.1345    24.4980    24.4990    1541.85    222.120    223.072         39 0.0000e+00
       9774    407.203     44.702     45.000    23.9577    23.9665   5.352558   5.353663     3.2855     2.8146     100.00   26.05832  -96.32568   -0.00342   -0.00389     5.0823     5.0938    23.9483    23.9571    36.1594    36.1601    24.5348    24.5328    1541.67    221.542    222.041         38 0.0000e+00
       9830    409.537     45.696     46.000    23.7819    23.7896   5.337978   5.338891     3.2450     2.7877     100.00   26.05833  -96.32568   -0.01283   -0.01005     5.0162     5.0445    23.7723    23.7799    36.1858    36.1865    24.6070    24.6053    1541.49    218.642    219.875         44 0.0000e+00
       9907    412.741     47.682     48.000    23.4273    23.4300   5.298224   5.299007     3.1942     2.7364      97.61   26.00502  -96.12858   -0.01120   -0.01125     4.9493     4.9645    23.4173    23.4200    36.1458    36.1479    24.6743    24.6744    1537.98    215.703    216.366         35 0.0000e+00
       9985    415.991     48.675     49.000    23.3935    23.3975   5.299754   5.300407     3.1820     2.7306     100.05   26.05834  -96.32570   -0.01047   -0.00917     4.9272     4.9543    23.3834    23.3873    36.2097    36.2115    24.7397    24.7399    1540.97    214.738    215.919         41 0.0000e+00
      10029    417.847     49.669     50.000    23.3401    23.3451   5.294917   5.295608     3.1759     2.7252     100.00   26.05834  -96.32570   -0.00497   -0.00353     4.9205     4.9475    23.3297    23.3348    36.2160    36.2172    24.7602    24.7596    1540.80    214.439    215.615         31 0.0000e+00
      10076    419.805     50.662     51.000    23.2389    23.2516   5.284798   5.286402     3.1597     2.7127      95.29   26.05834  -96.32570   -0.00559   -0.00477     4.8977     4.9289    23.2284    23.2411    36.2208    36.2220    24.7934    24.7903    1540.64    213.439    214.801         45 0.0000e+00
      10137    422.318     51.655     52.000    23.1152    23.1084   5.270690   5.270205     3.1446     2.6975     100.05   26.05836  -96.32570   -0.00725   -0.00683     4.8794     4.9076    23.1045    23.0977    36.2134    36.2152    24.8239    24.8272    1540.47    212.636    213.866         39 0.0000e+00
      10179    424.093     52.648     53.000    23.0050    23.0131   5.258707   5.259730     3.1409     2.6937      98.41   26.05836  -96.32570   -0.00362   -0.00355     4.8822     4.9077    22.9941    23.0022    36.2111    36.2123    24.8542    24.8528    1540.31    212.751    213.864         49 0.0000e+00
      10231    426.266     53.642     54.000    22.9041    22.9071   5.248090   5.248620     3.1281     2.6845      93.13   26.05836  -96.32570   -0.00395   -0.00318     4.8672     4.8974    22.8931    22.8961    36.2117    36.2133    24.8839    24.8842    1540.14    212.092    213.409         54 0.0000e+00
      10284    428.441     54.635     55.000    22.8514    22.8551   5.242509   5.243095     3.1239     2.6786     100.14   26.05836  -96.32570   -0.00401   -0.00367     4.8641     4.8902    22.8402    22.8439    36.2115    36.2130    24.8990    24.8991    1539.99    211.955    213.090         48 0.0000e+00
