Gulf of Mexico/GOMECC-4/1db/rb2103_1021.cnv
* Sea-Bird SBE 9 Data File:
* FileName = C:\Users\scs.user.rb\CTD\GOMECC4\data\rb2103_1021.hex
* Software Version Seasave V 7.26.7.107
* Temperature SN = 4799
* Conductivity SN = 3860
* Number of Bytes Per Scan = 41
* Number of Voltage Words = 4
* Number of Scans Averaged by the Deck Unit = 1
* NMEA Latitude = 23 46.13 N
* NMEA Longitude = 088 00.04 W
* NMEA UTC (Time) = Oct 12 2021  22:30:12
* NMEA baud rate = 4800
# nquan = 28
# nvalues = 181                         
# units = specified
# name 0 = scan: Scan Count
# name 1 = timeS: Time, Elapsed [seconds]
# name 2 = depSM: Depth [salt water, m]
# name 3 = prDM: Pressure, Digiquartz [db]
# name 4 = t090C: Temperature [ITS-90, deg C]
# name 5 = t190C: Temperature, 2 [ITS-90, deg C]
# name 6 = c0S/m: Conductivity [S/m]
# name 7 = c1S/m: Conductivity, 2 [S/m]
# name 8 = sbeox0V: Oxygen raw, SBE 43 [V]
# name 9 = sbeox1V: Oxygen raw, SBE 43, 2 [V]
# name 10 = altM: Altimeter [m]
# name 11 = latitude: Latitude [deg]
# name 12 = longitude: Longitude [deg]
# name 13 = sbox0dV/dT: Oxygen, SBE 43 [dov/dt]
# name 14 = sbox1dV/dT: Oxygen, SBE 43, 2 [dov/dt]
# name 15 = sbeox0ML/L: Oxygen, SBE 43 [ml/l], WS = 5
# name 16 = sbeox1ML/L: Oxygen, SBE 43, 2 [ml/l], WS = 5
# name 17 = potemp090C: Potential Temperature [ITS-90, deg C]
# name 18 = potemp190C: Potential Temperature, 2 [ITS-90, deg C]
# name 19 = sal00: Salinity, Practical [PSU]
# name 20 = sal11: Salinity, Practical, 2 [PSU]
# name 21 = sigma-é00: Density [sigma-theta, kg/m^3]
# name 22 = sigma-é11: Density, 2 [sigma-theta, kg/m^3]
# name 23 = avgsvCM: Average Sound Velocity [Chen-Millero, m/s], minP = 20, minS = 20
# name 24 = sbox0Mm/Kg: Oxygen, SBE 43 [umol/kg], WS = 5
# name 25 = sbox1Mm/Kg: Oxygen, SBE 43, 2 [umol/kg], WS = 5
# name 26 = nbin: number of scans per bin
# name 27 = flag: flag
# span 0 =      16783,      43827       
# span 1 =    699.252,   1826.074       
# span 2 =      4.969,    124.169       
# span 3 =      5.000,    125.000       
# span 4 =    19.1374,    29.4792       
# span 5 =    19.1397,    29.4823       
# span 6 =   4.883917,   5.930915       
# span 7 =   4.884825,   5.931439       
# span 8 =     1.9676,     3.2757       
# span 9 =     1.6272,     2.7805       
# span 10 =       9.98,     100.69      
# span 11 =   23.62977,   23.83200      
# span 12 =  -88.22561,  -87.47713      
# span 13 =   -0.02578,    0.01473      
# span 14 =   -0.02461,    0.01670      
# span 15 =     2.7320,     4.6839      
# span 16 =     2.7423,     4.6665      
# span 17 =    19.1149,    29.4775      
# span 18 =    19.1171,    29.4806      
# span 19 =    36.0291,    36.6554      
# span 20 =    36.0304,    36.6567      
# span 21 =    22.6769,    26.1193      
# span 22 =    22.6767,    26.1200      
# span 23 =       0.00,    1545.81      
# span 24 =    118.907,    204.405      
# span 25 =    119.353,    203.628      
# span 26 =         30,         75      
# span 27 = 0.0000e+00, 0.0000e+00      
# interval = decibars: 1                
# start_time = Oct 12 2021 22:30:12 [NMEA time, header]
# bad_flag = -9.990e-29
*END*
[from data line 52]
      19636    818.131     56.631     57.000    23.6909    23.6919   5.356341   5.356753     2.9971     2.5577      76.38   23.77045  -87.99944   -0.00592   -0.00294     4.5319     4.5488    23.6790    23.6800    36.3971    36.3994    24.7948    24.7962    1542.63    197.496    198.234         54 0.0000e+00
      19689    820.336     57.624     58.000    23.6192    23.6188   5.346595   5.346783     3.0181     2.5765      75.49   23.77046  -87.99944    0.00696    0.00781     4.5804     4.5968    23.6071    23.6067    36.3810    36.3828    24.8038    24.8053    1542.47    199.611    200.324         51 0.0000e+00
      19743    822.588     58.617     59.000    23.6035    23.6063   5.345946   5.346628     3.0239     2.5808      74.51   23.77046  -87.99946    0.00620    0.00537     4.5936     4.6076    23.5912    23.5940    36.3886    36.3916    24.8143    24.8157    1542.32    200.183    200.793         58 0.0000e+00
      19799    824.910     59.611     60.000    23.6222    23.6158   5.352782   5.352425     3.0041     2.5544      73.52   23.77046  -87.99946   -0.00374   -0.00606     4.5513     4.5461    23.6088    23.6032    36.4260    36.4263    24.8374    24.8393    1542.17    198.337    198.108         52 0.0000e+00
      19851    827.072     60.604     61.000    23.4616    23.4590   5.333415   5.333263     2.9550     2.5110      72.60   23.77046  -87.99944   -0.01891   -0.01929     4.4686     4.4662    23.4489    23.4463    36.4086    36.4096    24.8713    24.8728    1542.03    194.724    194.618         53 0.0000e+00
      19907    829.433     61.597     62.000    23.3541    23.3522   5.320907   5.320968     2.9529     2.5129      71.55   23.77046  -87.99944   -0.00853   -0.00540     4.4718     4.4769    23.3419    23.3394    36.4001    36.4022    24.8962    24.8984    1541.88    194.859    195.083         57 0.0000e+00
      19959    831.563     62.591     63.000    23.2446    23.2446   5.310256   5.310509     2.9320     2.4914      70.69   23.77046  -87.99944   -0.00447   -0.00434     4.4417     4.4407    23.2316    23.2316    36.4086    36.4106    24.9349    24.9365    1541.74    193.539    193.497         49 0.0000e+00
      20013    833.854     63.584     64.000    23.2234    23.2237   5.312256   5.312637     2.8934     2.4544      69.65   23.77046  -87.99946   -0.01398   -0.01390     4.3655     4.3601    23.2102    23.2105    36.4413    36.4440    24.9660    24.9680    1541.59    190.214    189.980         59 0.0000e+00
      20067    836.101     64.577     65.000    23.2330    23.2336   5.321328   5.321644     2.8446     2.4108      68.66   23.77046  -87.99946   -0.01994   -0.01746     4.2658     4.2616    23.2196    23.2202    36.5030    36.5050    25.0101    25.0114    1541.46    185.863    185.681         51 0.0000e+00
      20122    838.390     65.570     66.000    23.2206    23.2213   5.322324   5.322612     2.7816     2.3525      67.72   23.77048  -87.99946   -0.02578   -0.02461     4.1404     4.1338    23.2069    23.2076    36.5208    36.5224    25.0273    25.0283    1541.32    180.396    180.109         57 0.0000e+00
      20176    840.645     66.564     67.000    23.1975    23.1952   5.319260   5.319153     2.7593     2.3367      66.74   23.77048  -87.99946   -0.01878   -0.01500     4.1000     4.1023    23.1837    23.1814    36.5159    36.5169    25.0304    25.0318    1541.20    178.636    178.737         51 0.0000e+00
      20227    842.769     67.558     68.000    23.1073    23.1031   5.307174   5.306789     2.7502     2.3287      65.63   23.77048  -87.99946   -0.00617   -0.00521     4.0876     4.0909    23.0933    23.0891    36.4969    36.4974    25.0423    25.0439    1541.07    178.091    178.238         55 0.0000e+00
      20286    845.219     68.551     69.000    22.8051    22.7959   5.267551   5.266623     2.7401     2.3226      64.65   23.77046  -87.99946   -0.00419   -0.00327     4.0919     4.1015    22.7910    22.7819    36.4400    36.4404    25.0866    25.0896    1540.94    178.274    178.690         57 0.0000e+00
      20340    847.457     69.544     70.000    22.6999    22.6998   5.254657   5.254880     2.7421     2.3262      63.73   23.77047  -87.99946   -0.00126    0.00059     4.1051     4.1172    22.6857    22.6856    36.4268    36.4286    25.1070    25.1084    1540.80    178.842    179.372         53 0.0000e+00
      20394    849.714     70.537     71.000    22.6650    22.6644   5.251351   5.251530     2.7382     2.3215      62.78   23.77048  -87.99946   -0.00004   -0.00061     4.1004     4.1097    22.6506    22.6500    36.4298    36.4317    25.1194    25.1210    1540.66    178.636    179.043         55 0.0000e+00
      20450    852.027     71.531     72.000    22.6746    22.6750   5.258146   5.258574     2.7178     2.2976      61.72   23.77046  -87.99946   -0.00535   -0.00581     4.0576     4.0549    22.6600    22.6604    36.4745    36.4775    25.1506    25.1528    1540.53    176.768    176.647         57 0.0000e+00
      20505    854.326     72.524     73.000    22.5865    22.5832   5.249000   5.248787     2.6698     2.2504      60.84   23.77046  -87.99945   -0.01734   -0.01890     3.9691     3.9580    22.5717    22.5684    36.4766    36.4776    25.1776    25.1793    1540.40    172.907    172.421         52 0.0000e+00
      20556    856.477     73.517     74.000    22.5369    22.5369   5.243792   5.244116     2.6499     2.2399      59.80   23.77046  -87.99944   -0.01566   -0.01193     3.9308     3.9364    22.5219    22.5220    36.4767    36.4791    25.1919    25.1938    1540.28    171.234    171.480         53 0.0000e+00
      20613    858.846     74.510     75.000    22.5024    22.5023   5.243207   5.243554     2.6294     2.2177      58.82   23.77046  -87.99946   -0.00747   -0.00613     3.8916     3.8889    22.4872    22.4871    36.5006    36.5035    25.2201    25.2223    1540.16    169.522    169.407         59 0.0000e+00
      20666    861.049     75.504     76.000    22.4721    22.4720   5.247637   5.248130     2.6016     2.1949      57.89   23.77048  -87.99946   -0.01093   -0.00996     3.8362     3.8387    22.4567    22.4567    36.5605    36.5643    25.2742    25.2772    1540.04    167.103    167.212         47 0.0000e+00
      20718    863.213     76.497     77.000    22.4305    22.4294   5.249150   5.249415     2.5603     2.1535      56.87   23.77048  -87.99946   -0.01689   -0.01651     3.7544     3.7483    22.4149    22.4139    36.6069    36.6098    25.3215    25.3239    1539.92    163.528    163.264         59 0.0000e+00
      20775    865.593     77.490     78.000    22.3677    22.3650   5.246130   5.246199     2.5133     2.1064      55.88   23.77048  -87.99946   -0.01874   -0.01871     3.6493     3.6339    22.3285    22.3499    36.6554    36.6567    25.3831    25.3843    1539.80    158.945    158.273         50 0.0000e+00
      20824    867.615     78.483     79.000    21.7741    21.7567   5.169303   5.167933     2.4601     2.0668      54.96   23.77048  -87.99946   -0.02312   -0.02078     3.5987     3.6001    21.7579    21.7411    36.5294    36.5274    25.4484    25.4517    1539.68    156.729    156.791         53 0.0000e+00
      20882    870.050     79.477     80.000    21.4576    21.4524   5.127016   5.126494     2.4524     2.0629      53.90   23.77048  -87.99946   -0.01399   -0.00813     3.6043     3.6117    21.4420    21.4367    36.4600    36.4605    25.4839    25.4857    1539.55    156.969    157.290         59 0.0000e+00
      20935    872.243     80.470     81.000    21.2976    21.2975   5.105930   5.106194     2.4433     2.0529      52.98   23.77048  -87.99946   -0.00182   -0.00198     3.5957     3.5976    21.2818    21.2817    36.4254    36.4277    25.5020    25.5038    1539.40    156.589    156.671         49 0.0000e+00
      20987    874.418     81.463     82.000    21.2749    21.2740   5.104103   5.104728     2.4231     2.0325      51.98   23.77048  -87.99946   -0.00789   -0.00808     3.5580     3.5550    21.2589    21.2585    36.4310    36.4331    25.5126    25.5132    1539.26    154.949    154.818         56 0.0000e+00
      21043    876.737     82.457     83.000    21.0537    21.0497   5.080196   5.079945     2.3884     2.0005      51.00   23.77048  -87.99946   -0.01172   -0.01077     3.5010     3.4960    21.0377    21.0336    36.4267    36.4281    25.5701    25.5724    1539.12    152.455    152.238         54 0.0000e+00
      21097    878.992     83.450     84.000    20.9673    20.9673   5.071816   5.072032     2.3362     1.9533      49.98   23.77048  -87.99947   -0.02117   -0.01975     3.3973     3.3925    20.9511    20.9511    36.4325    36.4342    25.5983    25.5996    1538.97    147.935    147.727         55 0.0000e+00
      21151    881.239     84.443     85.000    20.9420    20.9442   5.069819   5.070216     2.3086     1.9327      49.00   23.77048  -87.99947   -0.01713   -0.01397     3.3412     3.3466    20.9257    20.9279    36.4376    36.4389    25.6091    25.6096    1538.83    145.491    145.725         52 0.0000e+00
      21202    883.381     85.436     86.000    20.9140    20.9143   5.067599   5.067815     2.2914     1.9190      48.08   23.77048  -87.99948   -0.00949   -0.00718     3.3072     3.3170    20.8975    20.8977    36.4432    36.4448    25.6211    25.6223    1538.69    144.012    144.436         53 0.0000e+00
      21260    885.807     86.430     87.000    20.8777    20.8776   5.064663   5.064855     2.2755     1.9038      47.05   23.77048  -87.99948   -0.00688   -0.00617     3.2762     3.2842    20.8610    20.8609    36.4502    36.4518    25.6365    25.6377    1538.56    142.659    143.006         59 0.0000e+00
      21313    888.001     87.423     88.000    20.8383    20.8381   5.061204   5.061398     2.2603     1.8881      46.10   23.77048  -87.99948   -0.00676   -0.00709     3.2458     3.2499    20.8214    20.8213    36.4556    36.4573    25.6513    25.6527    1538.43    141.334    141.512         49 0.0000e+00
      21364    890.145     88.416     89.000    20.8039    20.8035   5.058175   5.058336     2.2452     1.8763      45.10   23.77048  -87.99948   -0.00718   -0.00612     3.2176     3.2255    20.7869    20.7865    36.4601    36.4618    25.6642    25.6656    1538.29    140.103    140.448         55 0.0000e+00
      21420    892.459     89.409     90.000    20.7907    20.7911   5.058571   5.058856     2.2388     1.8717      44.15   23.77048  -87.99948   -0.00463   -0.00385     3.2052     3.2158    20.7735    20.7739    36.4743    36.4763    25.6787    25.6801    1538.17    139.560    140.020         56 0.0000e+00
      21476    894.784     90.403     91.000    20.7372    20.7361   5.054071   5.054100     2.2389     1.8739      43.20   23.77048  -87.99948   -0.00059    0.00062     3.2088     3.2243    20.7198    20.7188    36.4834    36.4845    25.7002    25.7014    1538.04    139.716    140.391         53 0.0000e+00
      21527    896.897     91.396     92.000    20.6914    20.6916   5.049077   5.049248     2.2282     1.8621      42.18   23.77048  -87.99948   -0.00255   -0.00292     3.1896     3.2000    20.6739    20.6740    36.4818    36.4830    25.7115    25.7124    1537.91    138.878    139.328         53 0.0000e+00
      21585    899.319     92.389     93.000    20.6635    20.6612   5.045794   5.045673     2.2176     1.8511      41.19   23.77048  -87.99948   -0.00503   -0.00546     3.1707     3.1777    20.6458    20.6435    36.4787    36.4798    25.7167    25.7182    1537.79    138.055    138.359         57 0.0000e+00
      21637    901.499     93.382     94.000    20.5777    20.5790   5.037115   5.037410     2.2004     1.8342      40.27   23.77048  -87.99948   -0.00588   -0.00595     3.1384     3.1423    20.5598    20.5611    36.4815    36.4828    25.7422    25.7428    1537.66    136.644    136.815         52 0.0000e+00
      21689    903.665     94.376     95.000    20.5355    20.5359   5.034079   5.034312     2.1835     1.8187      39.32   23.77048  -87.99948   -0.00845   -0.00778     3.1053     3.1088    20.5175    20.5179    36.4927    36.4943    25.7621    25.7633    1537.55    135.199    135.350         52 0.0000e+00
      21744    905.977     95.368     96.000    20.5130    20.5127   5.033435   5.033573     2.1645     1.8013      38.27   23.77048  -87.99948   -0.00764   -0.00729     3.0666     3.0698    20.4948    20.4945    36.5065    36.5079    25.7788    25.7799    1537.43    133.510    133.650         59 0.0000e+00
      21802    908.356     96.362     97.000    20.4635    20.4627   5.028049   5.028222     2.1492     1.7886      37.36   23.77048  -87.99948   -0.00781   -0.00642     3.0369     3.0437    20.4450    20.4444    36.5077    36.5089    25.7931    25.7943    1537.32    132.217    132.513         51 0.0000e+00
      21850    910.384     97.355     98.000    20.4449    20.4458   5.027561   5.027838     2.1383     1.7795      36.39   23.77048  -87.99948   -0.00527   -0.00452     3.0156     3.0232    20.4264    20.4272    36.5167    36.5182    25.8050    25.8059    1537.19    131.287    131.619         51 0.0000e+00
      21907    912.752     98.348     99.000    20.4445    20.4453   5.028647   5.028904     2.1223     1.7643      35.37   23.77048  -87.99948   -0.00652   -0.00584     2.9816     2.9879    20.4258    20.4266    36.5254    36.5269    25.8118    25.8128    1537.07    129.807    130.082         61 0.0000e+00
      21965    915.147     99.341    100.000    20.4421    20.4428   5.029307   5.029577     2.1088     1.7531      34.42   23.77048  -87.99949   -0.00591   -0.00539     2.9534     2.9621    20.4232    20.4239    36.5326    36.5342    25.8180    25.8190    1536.96    128.578    128.957         51 0.0000e+00
      22012    917.120    100.334    101.000    20.4398    20.4407   5.029491   5.029761     2.1002     1.7454      33.45   23.77048  -87.99948   -0.00513   -0.00415     2.9355     2.9444    20.4207    20.4216    36.5357    36.5371    25.8211    25.8219    1536.85    127.798    128.188         47 0.0000e+00
      22065    919.328    101.327    102.000    20.4060    20.4037   5.025331   5.025161     2.0949     1.7432      32.49   23.77048  -87.99949   -0.00338   -0.00252     2.9266     2.9418    20.3867    20.3844    36.5305    36.5311    25.8262    25.8274    1536.75    127.410    128.071         62 0.0000e+00
      22128    921.957    102.321    103.000    20.3616    20.3629   5.019810   5.020119     2.1028     1.7507      31.47   23.77048  -87.99949    0.00103    0.00189     2.9465     2.9620    20.3422    20.3435    36.5234    36.5247    25.8328    25.8335    1536.64    128.278    128.951         55 0.0000e+00
      22175    923.909    103.314    104.000    20.3544    20.3537   5.019029   5.019110     2.1097     1.7587      30.59   23.77048  -87.99950    0.00432    0.00404     2.9620     2.9815    20.3347    20.3341    36.5229    36.5241    25.8344    25.8355    1536.54    128.949    129.802         45 0.0000e+00
      22226    926.051    104.307    105.000    20.3428    20.3447   5.017872   5.018223     2.1143     1.7607      29.52   23.77048  -87.99950    0.00288    0.00244     2.9727     2.9872    20.3230    20.3249    36.5230    36.5242    25.8377    25.8381    1536.44    129.419    130.048         60 0.0000e+00
      22288    928.609    105.300    106.000    20.3263    20.3252   5.016169   5.016142     2.1154     1.7613      28.57   23.77048  -87.99950    0.00083    0.00019     2.9762     2.9898    20.3063    20.3053    36.5241    36.5254    25.8430    25.8443    1536.33    129.569    130.161         56 0.0000e+00
      22337    930.685    106.293    107.000    20.2847    20.2850   5.012451   5.012615     2.1150     1.7606      27.68   23.77049  -87.99950    0.00022    0.00012     2.9784     2.9908    20.2646    20.2648    36.5281    36.5293    25.8572    25.8580    1536.23    129.663    130.203         48 0.0000e+00
