Gulf of Mexico/GOMECC-4/1db/rb2103_0411.cnv
* Sea-Bird SBE 9 Data File:
* FileName = C:\Users\scs.user.rb\CTD\GOMECC4\data\rb2103_0411.hex
* Software Version Seasave V 7.26.7.107
* Temperature SN = 4799
* Conductivity SN = 3860
* Number of Bytes Per Scan = 41
* Number of Voltage Words = 4
* Number of Scans Averaged by the Deck Unit = 1
* NMEA Latitude = 28 04.43 N
* NMEA Longitude = 089 59.85 W
* NMEA UTC (Time) = Sep 26 2021  02:13:04
* NMEA baud rate = 4800
# nquan = 28
# nvalues = 390                         
# units = specified
# name 0 = scan: Scan Count
# name 1 = timeS: Time, Elapsed [seconds]
# name 2 = depSM: Depth [salt water, m]
# name 3 = prDM: Pressure, Digiquartz [db]
# name 4 = t090C: Temperature [ITS-90, deg C]
# name 5 = t190C: Temperature, 2 [ITS-90, deg C]
# name 6 = c0S/m: Conductivity [S/m]
# name 7 = c1S/m: Conductivity, 2 [S/m]
# name 8 = sbeox0V: Oxygen raw, SBE 43 [V]
# name 9 = sbeox1V: Oxygen raw, SBE 43, 2 [V]
# name 10 = altM: Altimeter [m]
# name 11 = latitude: Latitude [deg]
# name 12 = longitude: Longitude [deg]
# name 13 = sbox0dV/dT: Oxygen, SBE 43 [dov/dt]
# name 14 = sbox1dV/dT: Oxygen, SBE 43, 2 [dov/dt]
# name 15 = sbeox0ML/L: Oxygen, SBE 43 [ml/l], WS = 5
# name 16 = sbeox1ML/L: Oxygen, SBE 43, 2 [ml/l], WS = 5
# name 17 = potemp090C: Potential Temperature [ITS-90, deg C]
# name 18 = potemp190C: Potential Temperature, 2 [ITS-90, deg C]
# name 19 = sal00: Salinity, Practical [PSU]
# name 20 = sal11: Salinity, Practical, 2 [PSU]
# name 21 = sigma-é00: Density [sigma-theta, kg/m^3]
# name 22 = sigma-é11: Density, 2 [sigma-theta, kg/m^3]
# name 23 = avgsvCM: Average Sound Velocity [Chen-Millero, m/s], minP = 20, minS = 20
# name 24 = sbox0Mm/Kg: Oxygen, SBE 43 [umol/kg], WS = 5
# name 25 = sbox1Mm/Kg: Oxygen, SBE 43, 2 [umol/kg], WS = 5
# name 26 = nbin: number of scans per bin
# name 27 = flag: flag
# span 0 =      23335,     483164       
# span 1 =    972.231,  20130.961       
# span 2 =      1.986,    430.659       
# span 3 =      2.000,    434.000       
# span 4 =     9.3125,   506.8462       
# span 5 =     9.3183,   427.1431       
# span 6 =   3.775126, 120.219041       
# span 7 =   3.775126, 120.224591       
# span 8 =     1.6299,    64.3249       
# span 9 =     1.3327,    54.7029       
# span 10 =       8.80,    1404.48      
# span 11 =   27.83403,  577.52128      
# span 12 =-1850.99411,  -89.20989      
# span 13 =   -0.02328,    0.01772      
# span 14 =   -0.02225,    0.01812      
# span 15 =     2.5531,    77.6510      
# span 16 =     2.5837,    81.8663      
# span 17 =     9.2636,   506.8251      
# span 18 =     9.2694,   427.1251      
# span 19 =    35.1099,   642.7000      
# span 20 =    35.1090,   541.6318      
# span 21 =    22.9261,   410.5139      
# span 22 =    22.9400,   345.9548      
# span 23 =       0.00,    1564.86      
# span 24 =    111.025,   3389.601      
# span 25 =    112.357,   3573.596      
# span 26 =         30,         73      
# span 27 = 0.0000e+00, 0.0000e+00      
# interval = decibars: 1                
# start_time = Sep 26 2021 02:13:04 [NMEA time, header]
# bad_flag = -9.990e-29
*END*
[from data line 208]
      36233   1509.683    393.979    397.000     9.7849     9.7912   3.824267   3.824800     1.6437     1.3465      47.70   28.08045  -89.99758   -0.00045   -0.00057     2.5971     2.6307     9.7389     9.7452    35.1828    35.1822    27.1393    27.1378    1519.11    112.920    114.385         30 0.0000e+00
      36383   1515.916    399.927    403.000     9.4430     9.4441   3.787648   3.787676     1.6409     1.3445      41.80   28.08018  -89.99660   -0.00003   -0.00006     2.6141     2.6493     9.3973     9.3984    35.1364    35.1356    27.1601    27.1593    1518.73    113.659    115.190         30 0.0000e+00
      36533   1522.167    405.876    409.000     9.3913     9.3919   3.782473   3.782379     1.6382     1.3419      35.74   28.07984  -89.99541   -0.00053   -0.00061     2.6119     2.6469     9.3450     9.3457    35.1305    35.1299    27.1641    27.1636    1518.35    113.561    115.084         33 0.0000e+00
      37017   1542.331    423.720    427.000     9.3310     9.3321   3.776687   3.776695     1.6328     1.3359      17.33   28.07786  -89.98869   -0.00012   -0.00030     2.6065     2.6382     9.2829     9.2839    35.1208    35.1199    27.1667    27.1658    1517.21    113.329    114.705         44 0.0000e+00
      37124   1546.810    424.711    428.000     9.3297     9.3292   3.776894   3.776721     1.6325     1.3357      16.18   28.08073  -89.99781   -0.00012   -0.00002     2.6061     2.6383     9.2814     9.2809    35.1239    35.1231    27.1695    27.1689    1517.31    113.310    114.709         47 0.0000e+00
      37295   1553.901    425.703    429.000     9.3325     9.3335   3.777163   3.777191     1.6324     1.3357      15.06   28.08077  -89.99780   -0.00007    0.00006     2.6058     2.6381     9.2841     9.2851    35.1239    35.1233    27.1690    27.1683    1517.25    113.295    114.700         33 0.0000e+00
      37785   1574.351    428.676    432.000     9.3223     9.3228   3.775187   3.775126     1.6303     1.3341      14.96   28.07063  -89.96501   -0.00009   -0.00005     2.6020     2.6354     9.2736     9.2741    35.1099    35.1090    27.1593    27.1586    1516.54    113.131    114.582         40 0.0000e+00
      39538   1647.392    430.659    434.000     9.3125     9.3183   3.775126   3.775647     1.6299     1.3335       8.80   28.08057  -89.99606   -0.00006   -0.00007     2.6018     2.6341     9.2636     9.2694    35.1200    35.1195    27.1693    27.1680    1516.96    113.125    114.525         50 0.0000e+00
      40062   1669.227    429.668    433.000     9.3143     9.3208   3.775244   3.775837     1.6301     1.3332       9.38   28.08114  -89.99768   -0.00001    0.00001     2.6017     2.6326     9.2656     9.2720    35.1207    35.1201    27.1695    27.1681    1516.98    113.120    114.462         55 0.0000e+00
      40105   1671.001    428.676    432.000     9.3181     9.3210   3.775652   3.775878     1.6299     1.3327      10.22   28.08114  -89.99768   -0.00008   -0.00012     2.6006     2.6307     9.2694     9.2723    35.1210    35.1205    27.1691    27.1683    1516.98    113.069    114.381         38 0.0000e+00
      40169   1673.656    426.694    430.000     9.3199     9.3279   3.775885   3.776601     1.6302     1.3332      12.02   28.08235  -90.00155    0.00005    0.00011     2.6008     2.6310     9.2715     9.2794    35.1228    35.1224    27.1702    27.1687    1517.05    113.079    114.395         31 0.0000e+00
      40199   1674.922    425.703    429.000     9.3220     9.3292   3.775934   3.776573     1.6302     1.3330      13.02   28.08115  -89.99766    0.00010    0.00008     2.6001     2.6304     9.2736     9.2808    35.1215    35.1208    27.1688    27.1671    1516.98    113.050    114.366         33 0.0000e+00
      40325   1680.186    420.747    424.000     9.3371     9.3401   3.777268   3.777482     1.6316     1.3341      17.99   28.08044  -89.99535    0.00029    0.00011     2.6017     2.6311     9.2893     9.2922    35.1227    35.1220    27.1672    27.1662    1516.94    113.117    114.398         38 0.0000e+00
      40455   1685.577    415.790    419.000     9.3487     9.3500   3.778325   3.778382     1.6328     1.3356      22.96   28.08073  -89.99623    0.00018    0.00020     2.6026     2.6335     9.3014     9.3028    35.1247    35.1239    27.1667    27.1659    1516.96    113.159    114.502         32 0.0000e+00
      40586   1691.061    410.833    414.000     9.3535     9.3544   3.778704   3.778710     1.6330     1.3360      27.74   28.08187  -89.99983   -0.00003   -0.00010     2.6013     2.6328     9.3068     9.3077    35.1264    35.1256    27.1673    27.1665    1517.02    113.100    114.471         30 0.0000e+00
      40616   1692.280    409.841    413.000     9.3526     9.3544   3.778507   3.778593     1.6335     1.3362      28.80   28.08120  -89.99768    0.00014   -0.00012     2.6022     2.6329     9.3060     9.3079    35.1256    35.1247    27.1668    27.1657    1516.98    113.141    114.475         30 0.0000e+00
      40747   1697.750    404.885    408.000     9.3885     9.3928   3.782283   3.782679     1.6355     1.3380      33.84   28.08294  -90.00322    0.00032    0.00026     2.6038     2.6344     9.3424     9.3467    35.1322    35.1321    27.1660    27.1652    1517.07    113.209    114.542         32 0.0000e+00
      40776   1698.969    403.893    407.000     9.3882     9.3933   3.782163   3.782929     1.6357     1.3381      34.81   28.08122  -89.99770    0.00018    0.00034     2.6040     2.6343     9.3422     9.3472    35.1308    35.1301    27.1649    27.1635    1516.98    113.221    114.535         31 0.0000e+00
      40901   1704.186    398.936    402.000     9.4478     9.4484   3.788406   3.788350     1.6373     1.3395      39.71   28.08257  -90.00204    0.00024    0.00024     2.6029     2.6333     9.4022     9.4028    35.1403    35.1391    27.1624    27.1614    1517.05    113.173    114.491         36 0.0000e+00
      40934   1705.522    397.945    401.000     9.4418     9.4529   3.787587   3.788587     1.6371     1.3394      40.77   28.08122  -89.99770    0.00030    0.00001     2.6027     2.6324     9.3964     9.4074    35.1378    35.1373    27.1614    27.1592    1516.98    113.163    114.453         31 0.0000e+00
      41087   1711.937    391.996    395.000     9.5720     9.5995   3.801374   3.803775     1.6391     1.3417      46.42   28.08192  -89.99985    0.00032    0.00058     2.5973     2.6278     9.5268     9.5543    35.1558    35.1539    27.1538    27.1477    1517.02    112.929    114.255         30 0.0000e+00
      41118   1713.203    391.005    394.000     9.6141     9.6339   3.805739   3.807654     1.6399     1.3421      48.27   28.08124  -89.99768    0.00032    0.00041     2.5967     2.6265     9.5689     9.5887    35.1602    35.1606    27.1502    27.1472    1516.98    112.904    114.200         32 0.0000e+00
      41243   1718.434    386.047    389.000     9.9223     9.9008   3.838894   3.836387     1.6454     1.3453      52.78   28.08017  -89.99426    0.00126    0.00081     2.5900     2.6170     9.8768     9.8554    35.2025    35.1977    27.1312    27.1311    1516.92    112.616    113.789         47 0.0000e+00
      41377   1723.991    381.090    384.000    10.1027    10.1044   3.858891   3.858945     1.6471     1.3473      65.01   28.08553  -90.01137    0.00071    0.00070     2.5809     2.6082    10.0573    10.0590    35.2348    35.2337    27.1258    27.1246    1517.21    112.219    113.408         38 0.0000e+00
      41410   1725.358    380.098    383.000    10.1015    10.1099   3.858194   3.858979     1.6460     1.3466      60.73   28.08128  -89.99772   -0.00006   -0.00039     2.5777     2.6056    10.0562    10.0646    35.2284    35.2282    27.1207    27.1191    1516.98    112.082    113.294         36 0.0000e+00
      41534   1730.536    375.141    378.000    10.1361    10.1357   3.861676   3.861531     1.6459     1.3466      63.53   28.08187  -89.99960    0.00005   -0.00003     2.5736     2.6023    10.0913    10.0909    35.2327    35.2316    27.1181    27.1173    1517.01    111.901    113.152         37 0.0000e+00
      41693   1737.185    369.192    372.000    10.3849    10.3591   3.888490   3.885499     1.6521     1.3528      69.57   28.08126  -89.99759    0.00136    0.00130     2.5727     2.6047    10.3401    10.3145    35.2665    35.2611    27.1011    27.1014    1516.98    111.866    113.258         30 0.0000e+00
      41826   1742.711    364.234    367.000    10.7515    10.6771   3.929470   3.920481     1.6610     1.3594      71.55   28.08302  -90.00325    0.00176    0.00143     2.5714     2.6027    10.7064    10.6322    35.3282    35.3096    27.0843    27.0832    1517.07    111.811    113.171         30 0.0000e+00
      42158   1756.531    352.334    355.000    11.5853    11.5271   4.021354   4.014791     1.6776     1.3730      86.34   28.08418  -90.00685    0.00057    0.00028     2.5594     2.5855    11.5395    11.4815    35.4480    35.4388    27.0249    27.0286    1517.13    111.297    112.431         48 0.0000e+00
      42206   1758.550    351.343    354.000    11.4928    11.5011   4.011012   4.012018     1.6755     1.3724      86.91   28.08134  -89.99776   -0.00048   -0.00013     2.5591     2.5854    11.4474    11.4575    35.4322    35.4322    27.0296    27.0276    1516.98    111.282    112.427         61 0.0000e+00
      42278   1761.549    350.351    353.000    11.4772    11.4881   4.008901   4.010090     1.6750     1.3731      83.33   28.08136  -89.99776   -0.00063    0.00021     2.5587     2.5877    11.4319    11.4423    35.4291    35.4310    27.0302    27.0298    1516.98    111.267    112.526         34 0.0000e+00
      43094   1795.523    347.376    350.000    11.8497    11.8925   4.049239   4.054435     1.6822     1.3808      90.88   28.07532  -89.97827    0.00024    0.00037     2.5532     2.5837    11.8039    11.8465    35.4745    35.4798    26.9948    26.9908    1516.65    111.026    112.357         39 0.0000e+00
      43831   1826.253    346.384    349.000    12.0339    12.0865   4.071330   4.076680     1.6872     1.3858      91.49   28.08146  -89.99788    0.00021   -0.00002     2.5550     2.5870    11.9877    12.0402    35.5126    35.5165    26.9898    26.9827    1516.98    111.106    112.501         46 0.0000e+00
      43882   1828.381    345.393    348.000    12.0472    12.0991   4.072858   4.078052     1.6874     1.3856      92.40   28.08146  -89.99788   -0.00010   -0.00013     2.5542     2.5850    12.0012    12.0529    35.5142    35.5164    26.9884    26.9801    1516.98    111.073    112.412         45 0.0000e+00
      43923   1830.085    344.401    347.000    12.0968    12.0976   4.077854   4.077891     1.6882     1.3865      93.48   28.08146  -89.99788    0.00021    0.00013     2.5531     2.5874    12.0507    12.0515    35.5174    35.5170    26.9813    26.9809    1516.98    111.025    112.519         38 0.0000e+00
      43958   1831.559    343.409    346.000    12.1084    12.0990   4.079383   4.078016     1.6890     1.3871      94.65   28.08146  -89.99788    0.00048    0.00047     2.5541     2.5887    12.0625    12.0531    35.5216    35.5173    26.9824    26.9808    1516.98    111.067    112.575         32 0.0000e+00
      44986   1874.358    303.738    306.000    13.5640    13.5501   4.243272   4.241627     1.8548     1.5369     100.00   28.08219  -90.00017    0.00283    0.00337     2.8744     2.9052    13.5203    13.5064    35.7386    35.7360    26.8587    26.8597    1517.02    125.014    126.354         30 0.0000e+00
      45141   1880.845    297.787    300.000    13.8785    13.8457   4.279654   4.275829     1.8686     1.5494     100.00   28.08170  -89.99854    0.00189    0.00179     2.8855     2.9179    13.8350    13.8022    35.7895    35.7842    26.8324    26.8352    1516.99    125.500    126.908         31 0.0000e+00
      45172   1882.140    296.795    299.000    13.9018    13.8713   4.282419   4.279067     1.8703     1.5499      56.81   28.08152  -89.99796    0.00140    0.00130     2.8880     2.9172    13.8584    13.8279    35.7940    35.7911    26.8310    26.8351    1516.98    125.607    126.878         31 0.0000e+00
      45300   1887.457    291.835    294.000    14.0416    14.0275   4.298306   4.296695     1.8780     1.5580     100.01   28.08305  -90.00287    0.00152    0.00183     2.8960     2.9275    13.9985    13.9845    35.8151    35.8131    26.8178    26.8192    1517.06    125.957    127.329         32 0.0000e+00
      45329   1888.657    290.843    293.000    14.0663    14.0291   4.301161   4.296378     1.8799     1.5588     100.00   28.08152  -89.99798    0.00157    0.00145     2.8988     2.9293    14.0234    13.9863    35.8187    35.8086    26.8151    26.8152    1516.98    126.078    127.407         30 0.0000e+00
      45457   1894.011    285.884    288.000    14.1480    14.1357   4.310602   4.309242     1.8857     1.5641      82.51   28.08232  -90.00048    0.00108    0.00083     2.9060     2.9348    14.1056    14.0934    35.8332    35.8319    26.8089    26.8105    1517.02    126.392    127.648         31 0.0000e+00
      45664   1902.629    278.940    281.000    14.4532    14.3927   4.346959   4.339630     1.8995     1.5754     100.03   28.08936  -90.02308    0.00217    0.00160     2.9167     2.9455    14.4113    14.3512    35.8928    35.8824    26.7900    26.7953    1517.40    126.864    128.112         42 0.0000e+00
      45719   1904.904    277.948    280.000    14.3736    14.4022   4.337269   4.340016     1.8998     1.5780     100.00   28.08154  -89.99802    0.00109    0.00134     2.9226     2.9520    14.3357    14.3605    35.8712    35.8735    26.7889    26.7854    1516.98    127.118    128.399         31 0.0000e+00
      45910   1912.856    275.964    278.000    14.6259    14.6557   4.366241   4.369019     1.9084     1.5872      99.96   28.07024  -89.96175    0.00120    0.00145     2.9264     2.9598    14.5922    14.6138    35.8985    35.9041    26.7536    26.7533    1516.37    127.285    128.739         53 0.0000e+00
      46242   1926.698    273.980    276.000    14.8053    14.8343   4.388354   4.392045     1.9227     1.6021     100.05   28.09537  -90.04229    0.00128    0.00064     2.9480     2.9867    14.7635    14.7924    35.9532    35.9596    26.7605    26.7589    1517.73    128.229    129.913         37 0.0000e+00
      47165   1965.177    272.988    275.000    14.8801    14.8969   4.396305   4.398658     1.9348     1.6109      99.99   28.08162  -89.99810    0.00024    0.00027     2.9725     3.0061    14.8382    14.8551    35.9528    35.9552    26.7426    26.7408    1516.98    129.296    130.758         33 0.0000e+00
      47648   1985.291    271.996    274.000    14.9220    14.9280   4.401304   4.401994     1.9416     1.6168     100.00   28.08164  -89.99812    0.00033    0.00064     2.9860     3.0195    14.8802    14.8862    35.9604    35.9613    26.7392    26.7386    1516.98    129.881    131.337         48 0.0000e+00
      47696   1987.291    271.004    273.000    14.9485    14.9455   4.404421   4.403934     1.9438     1.6173     100.00   28.08165  -89.99812    0.00076    0.00044     2.9890     3.0193    14.9068    14.9039    35.9648    35.9641    26.7367    26.7369    1516.98    130.014    131.329         66 0.0000e+00
      47756   1989.796    270.012    272.000    14.9551    14.9512   4.405162   4.404809     1.9465     1.6197     100.00   28.08164  -89.99812    0.00122    0.00074     2.9948     3.0248    14.9136    14.9097    35.9660    35.9663    26.7362    26.7373    1516.98    130.265    131.571         41 0.0000e+00
