Gulf of Mexico/GOMECC-4/1db/rb2103_1041.ros
* Sea-Bird SBE 9 Data File:
* FileName = C:\Users\scs.user.rb\CTD\GOMECC4\data\rb2103_1041.hex
* Software Version Seasave V 7.26.7.107
* Temperature SN = 4799
* Conductivity SN = 3860
* Number of Bytes Per Scan = 41
* Number of Voltage Words = 4
* Number of Scans Averaged by the Deck Unit = 1
* NMEA Latitude = 24 59.65 N
* NMEA Longitude = 087 59.43 W
* NMEA UTC (Time) = Oct 13 2021  08:39:27
* NMEA baud rate = 4800
# nquan = 17
# nvalues = 3192                                  
# units = specified
# name 0 = scan: Scan Count
# name 1 = timeS: Time, Elapsed [seconds]
# name 2 = depSM: Depth [salt water, m]
# name 3 = prDM: Pressure, Digiquartz [db]
# name 4 = t090C: Temperature [ITS-90, deg C]
# name 5 = t190C: Temperature, 2 [ITS-90, deg C]
# name 6 = c0S/m: Conductivity [S/m]
# name 7 = c1S/m: Conductivity, 2 [S/m]
# name 8 = sbeox0V: Oxygen raw, SBE 43 [V]
# name 9 = sbeox1V: Oxygen raw, SBE 43, 2 [V]
# name 10 = altM: Altimeter [m]
# name 11 = latitude: Latitude [deg]
# name 12 = longitude: Longitude [deg]
# name 13 = sbox0dV/dT: Oxygen, SBE 43 [dov/dt]
# name 14 = sbox1dV/dT: Oxygen, SBE 43, 2 [dov/dt]
# name 15 = nbf: Bottles Fired
# name 16 = flag:  0.000e+00
# interval = seconds: 0.0416667
# start_time = Oct 13 2021 08:39:27 [NMEA time, header]
# bad_flag = -9.990e-29
*END*
[from data line 426]
     129863   5410.917   2567.360   2599.971     4.3296     4.3305   3.392792   3.392734     1.7851     1.4676     100.00   25.00682  -87.99814   -0.00005    0.00005          4  0.000e+00
     129864   5410.958   2567.360   2599.971     4.3297     4.3304   3.392818   3.392766     1.7851     1.4676     100.00   25.00682  -87.99814   -0.00006    0.00005          4  0.000e+00
     129865   5411.000   2567.346   2599.957     4.3299     4.3302   3.392792   3.392766     1.7863     1.4676     100.00   25.00682  -87.99814   -0.00005    0.00005          4  0.000e+00
     129866   5411.042   2567.361   2599.971     4.3297     4.3304   3.392799   3.392759     1.7863     1.4676     100.00   25.00682  -87.99814   -0.00004    0.00005          4  0.000e+00
     129867   5411.083   2567.361   2599.971     4.3296     4.3305   3.392761   3.392759     1.7863     1.4676     100.00   25.00682  -87.99814   -0.00003    0.00004          4  0.000e+00
     129868   5411.125   2567.361   2599.971     4.3297     4.3304   3.392786   3.392759     1.7863     1.4676     100.00   25.00682  -87.99814   -0.00004    0.00004          4  0.000e+00
     129869   5411.167   2567.347   2599.957     4.3297     4.3303   3.392761   3.392734     1.7863     1.4676     100.00   25.00682  -87.99814   -0.00003    0.00004          4  0.000e+00
     129870   5411.208   2567.361   2599.972     4.3297     4.3305   3.392767   3.392766     1.7851     1.4676     100.00   25.00682  -87.99814   -0.00006    0.00004          4  0.000e+00
     129871   5411.250   2567.361   2599.972     4.3296     4.3304   3.392773   3.392766     1.7863     1.4676     100.00   25.00682  -87.99814   -0.00007    0.00003          4  0.000e+00
     129872   5411.292   2567.361   2599.972     4.3297     4.3304   3.392773   3.392759     1.7863     1.4676     100.00   25.00682  -87.99814   -0.00006    0.00003          4  0.000e+00
     129873   5411.333   2567.347   2599.958     4.3297     4.3305   3.392799   3.392779     1.7863     1.4676     100.00   25.00682  -87.99814   -0.00005    0.00003          4  0.000e+00
     129874   5411.375   2567.361   2599.972     4.3296     4.3304   3.392786   3.392766     1.7863     1.4676     100.00   25.00682  -87.99814   -0.00004    0.00003          4  0.000e+00
     129875   5411.417   2567.362   2599.972     4.3295     4.3304   3.392773   3.392759     1.7851     1.4676     100.00   25.00682  -87.99814   -0.00005    0.00002          4  0.000e+00
     129876   5411.458   2567.362   2599.972     4.3297     4.3305   3.392773   3.392759     1.7863     1.4676     100.00   25.00682  -87.99814   -0.00006    0.00002          4  0.000e+00
     129877   5411.500   2567.397   2600.008     4.3297     4.3305   3.392799   3.392760     1.7863     1.4676     100.00   25.00682  -87.99814   -0.00005    0.00002          4  0.000e+00
     129878   5411.542   2567.362   2599.972     4.3298     4.3305   3.392805   3.392759     1.7863     1.4676     100.00   25.00682  -87.99814   -0.00004    0.00002          4  0.000e+00
     129879   5411.583   2567.362   2599.973     4.3295     4.3302   3.392780   3.392779     1.7851     1.4676     100.00   25.00682  -87.99814   -0.00005    0.00001          4  0.000e+00
     129880   5411.625   2567.397   2600.008     4.3297     4.3303   3.392773   3.392766     1.7863     1.4676     100.00   25.00682  -87.99814   -0.00004    0.00001          4  0.000e+00
     129881   5411.667   2567.362   2599.973     4.3293     4.3304   3.392818   3.392734     1.7863     1.4676     100.00   25.00682  -87.99814   -0.00001    0.00001          4  0.000e+00
     129882   5411.708   2567.412   2600.023     4.3294     4.3304   3.392792   3.392747     1.7863     1.4676     100.00   25.00682  -87.99814   -0.00002    0.00001          4  0.000e+00
     129883   5411.750   2567.363   2599.973     4.3297     4.3307   3.392799   3.392759     1.7863     1.4676     100.00   25.00682  -87.99814   -0.00001    0.00001          4  0.000e+00
     129884   5411.792   2567.398   2600.009     4.3295     4.3305   3.392786   3.392760     1.7863     1.4676     100.00   25.00682  -87.99816   -0.00002    0.00000          4  0.000e+00
     129885   5411.833   2567.412   2600.023     4.3295     4.3304   3.392799   3.392785     1.7863     1.4676     100.00   25.00682  -87.99816   -0.00001 1.7584e-07          4  0.000e+00
     129886   5411.875   2567.363   2599.973     4.3296     4.3302   3.392805   3.392766     1.7863     1.4676     100.00   25.00682  -87.99816   -0.00001   -0.00000          4  0.000e+00
     129887   5411.917   2567.468   2600.081     4.3295     4.3305   3.392786   3.392760     1.7863     1.4676     100.00   25.00682  -87.99816    0.00000   -0.00000          4  0.000e+00
     129888   5411.958   2567.349   2599.959     4.3295     4.3305   3.392799   3.392779     1.7863     1.4676     100.00   25.00682  -87.99816    0.00001   -0.00001          4  0.000e+00
     129889   5412.000   2567.412   2600.024     4.3293     4.3304   3.392805   3.392740     1.7851     1.4676     100.00   25.00682  -87.99816    0.00000   -0.00001          4  0.000e+00
     129890   5412.042   2567.412   2600.024     4.3296     4.3304   3.392805   3.392766     1.7851     1.4676     100.00   25.00682  -87.99816   -0.00001   -0.00001          4  0.000e+00
     129891   5412.083   2567.413   2600.024     4.3293     4.3302   3.392830   3.392766     1.7863     1.4676     100.00   25.00682  -87.99816    0.00000   -0.00001          4  0.000e+00
     129892   5412.125   2567.455   2600.067     4.3293     4.3305   3.392786   3.392779     1.7863     1.4676     100.00   25.00682  -87.99816    0.00001   -0.00002          4  0.000e+00
     129893   5412.167   2567.413   2600.024     4.3296     4.3305   3.392799   3.392785     1.7863     1.4676     100.00   25.00682  -87.99816    0.00002   -0.00002          4  0.000e+00
     129894   5412.208   2567.469   2600.082     4.3295     4.3304   3.392780   3.392766     1.7863     1.4676     100.00   25.00682  -87.99816    0.00003   -0.00002          4  0.000e+00
     129895   5412.250   2567.455   2600.067     4.3295     4.3303   3.392773   3.392760     1.7863     1.4676     100.00   25.00682  -87.99816    0.00004   -0.00002          4  0.000e+00
     129896   5412.292   2567.413   2600.025     4.3297     4.3304   3.392799   3.392734     1.7851     1.4689     100.00   25.00682  -87.99816    0.00001   -0.00001          4  0.000e+00
     129897   5412.333   2567.469   2600.082     4.3296     4.3305   3.392786   3.392792     1.7851     1.4676     100.00   25.00682  -87.99816   -0.00001   -0.00001          4  0.000e+00
     129898   5412.375   2567.470   2600.082     4.3295     4.3302   3.392773   3.392798     1.7863     1.4676     100.00   25.00682  -87.99816   -0.00002   -0.00002          4  0.000e+00
     129899   5412.417   2567.399   2600.011     4.3297     4.3303   3.392754   3.392766     1.7863     1.4689     100.00   25.00682  -87.99816   -0.00001 -5.275e-07          4  0.000e+00
     129900   5412.458   2567.470   2600.082     4.3295     4.3304   3.392767   3.392779     1.7863     1.4676     100.00   25.00682  -87.99816   -0.00000   -0.00000          4  0.000e+00
     129901   5412.500   2567.470   2600.082     4.3292     4.3305   3.392773   3.392785     1.7863     1.4676     100.00   25.00682  -87.99816    0.00000   -0.00001          4  0.000e+00
     129902   5412.542   2567.519   2600.133     4.3295     4.3304   3.392773   3.392805     1.7863     1.4676     100.00   25.00682  -87.99816   -0.00000   -0.00001          4  0.000e+00
     129903   5412.583   2567.456   2600.068     4.3293     4.3303   3.392799   3.392772     1.7863     1.4676     100.00   25.00682  -87.99816    0.00000   -0.00001          4  0.000e+00
     129904   5412.625   2567.470   2600.083     4.3299     4.3304   3.392786   3.392779     1.7863     1.4676     100.00   25.00682  -87.99816    0.00001   -0.00002          4  0.000e+00
     129905   5412.667   2567.519   2600.133     4.3294     4.3304   3.392799   3.392766     1.7863     1.4676     100.00   25.00682  -87.99816    0.00002   -0.00002          4  0.000e+00
     129906   5412.708   2567.470   2600.083     4.3297     4.3305   3.392786   3.392779     1.7863     1.4676     100.00   25.00682  -87.99816    0.00003   -0.00002          4  0.000e+00
     129907   5412.750   2567.512   2600.126     4.3295     4.3305   3.392773   3.392785     1.7863     1.4676     100.00   25.00682  -87.99816    0.00004   -0.00003          4  0.000e+00
     129908   5412.792   2567.520   2600.133     4.3295     4.3301   3.392773   3.392785     1.7863     1.4689     100.00   25.00682  -87.99816    0.00005   -0.00001          4  0.000e+00
     129909   5412.833   2567.471   2600.083     4.3296     4.3304   3.392773   3.392766     1.7863     1.4689     100.00   25.00682  -87.99816    0.00004    0.00000          4  0.000e+00
     129910   5412.875   2567.513   2600.126     4.3293     4.3304   3.392773   3.392779     1.7851     1.4676     100.00   25.00682  -87.99816    0.00003   -0.00000          4  0.000e+00
     129911   5412.917   2567.520   2600.133     4.3293     4.3300   3.392818   3.392766     1.7863     1.4676     100.00   25.00682  -87.99816    0.00004    0.00001          4  0.000e+00
     129912   5412.958   2567.471   2600.083     4.3296     4.3305   3.392767   3.392779     1.7863     1.4676     100.00   25.00682  -87.99816    0.00004    0.00001          4  0.000e+00
     129913   5413.000   2567.576   2600.191     4.3295     4.3302   3.392786   3.392766     1.7863     1.4676     100.00   25.00682  -87.99816    0.00005    0.00001          4  0.000e+00
     129914   5413.042   2567.513   2600.127     4.3295     4.3307   3.392761   3.392779     1.7863     1.4676     100.00   25.00682  -87.99816    0.00006    0.00000          4  0.000e+00
     129915   5413.083   2567.520   2600.134     4.3295     4.3304   3.392767   3.392766     1.7863     1.4676     100.00   25.00682  -87.99816    0.00005   -0.00000          4  0.000e+00
     129916   5413.125   2567.520   2600.134     4.3299     4.3304   3.392773   3.392760     1.7851     1.4676     100.00   25.00682  -87.99816    0.00002   -0.00001          4  0.000e+00
     129917   5413.167   2567.521   2600.134     4.3295     4.3302   3.392824   3.392779     1.7863     1.4689     100.00   25.00682  -87.99816    0.00003    0.00001          4  0.000e+00
     129918   5413.208   2567.514   2600.127     4.3297     4.3305   3.392811   3.392785     1.7851     1.4676     100.00   25.00682  -87.99816    0.00002    0.00000          4  0.000e+00
     129919   5413.250   2567.521   2600.134     4.3297     4.3302   3.392786   3.392766     1.7851     1.4676     100.00   25.00682  -87.99816    0.00001 8.7921e-07          4  0.000e+00
     129920   5413.292   2567.521   2600.134     4.3294     4.3304   3.392799   3.392779     1.7863     1.4676     100.00   25.00682  -87.99816    0.00002   -0.00000          4  0.000e+00
     129921   5413.333   2567.577   2600.192     4.3293     4.3304   3.392786   3.392766     1.7863     1.4676     100.00   25.00682  -87.99816    0.00003   -0.00001          4  0.000e+00
     129922   5413.375   2567.514   2600.127     4.3295     4.3303   3.392773   3.392779     1.7863     1.4676     100.00   25.00682  -87.99816    0.00002   -0.00001          4  0.000e+00
     129923   5413.417   2567.521   2600.135     4.3297     4.3302   3.392773   3.392811     1.7851     1.4676     100.00   25.00682  -87.99816    0.00001   -0.00001          4  0.000e+00
     129924   5413.458   2567.521   2600.135     4.3296     4.3304   3.392773   3.392792     1.7851     1.4676     100.00   25.00682  -87.99816    0.00001 -7.034e-07          4  0.000e+00
     129925   5413.500   2567.563   2600.178     4.3297     4.3304   3.392773   3.392766     1.7863     1.4676     100.00   25.00682  -87.99816    0.00001    0.00001          4  0.000e+00
     129926   5413.542   2567.521   2600.135     4.3295     4.3303   3.392799   3.392760     1.7863     1.4676     100.00   25.00682  -87.99816    0.00002    0.00001          4  0.000e+00
     129927   5413.583   2567.522   2600.135     4.3297     4.3304   3.392805   3.392779     1.7863     1.4676     100.00   25.00682  -87.99816    0.00003    0.00001          4  0.000e+00
     129928   5413.625   2567.522   2600.135     4.3296     4.3302   3.392754   3.392785     1.7863     1.4676     100.00   25.00682  -87.99816    0.00006    0.00000          4  0.000e+00
     129929   5413.667   2567.564   2600.178     4.3295     4.3304   3.392742   3.392785     1.7863     1.4676     100.00   25.00682  -87.99816    0.00007 8.7921e-07          4  0.000e+00
     129930   5413.708   2567.522   2600.135     4.3300     4.3302   3.392786   3.392766     1.7863     1.4676     100.00   25.00682  -87.99816    0.00006   -0.00000          4  0.000e+00
     129931   5413.750   2567.522   2600.135     4.3292     4.3307   3.392780   3.392760     1.7851     1.4676     100.00   25.00682  -87.99816    0.00004   -0.00001          4  0.000e+00
     129932   5413.792   2567.522   2600.136     4.3297     4.3305   3.392799   3.392760     1.7863     1.4676     100.00   25.00684  -87.99816    0.00003   -0.00001          4  0.000e+00
     129933   5413.833   2567.564   2600.179     4.3295     4.3303   3.392780   3.392798     1.7863     1.4676     100.00   25.00684  -87.99816    0.00004    0.00001          4  0.000e+00
     129934   5413.875   2567.522   2600.136     4.3295     4.3304   3.392773   3.392772     1.7863     1.4676     100.00   25.00684  -87.99816    0.00004    0.00000          4  0.000e+00
     129935   5413.917   2567.522   2600.136     4.3296     4.3305   3.392748   3.392798     1.7863     1.4676     100.00   25.00684  -87.99816    0.00004 3.5169e-07          4  0.000e+00
     129936   5413.958   2567.522   2600.136     4.3295     4.3304   3.392792   3.392779     1.7863     1.4676     100.00   25.00684  -87.99816    0.00003   -0.00000          4  0.000e+00
     129937   5414.000   2567.515   2600.129     4.3297     4.3303   3.392780   3.392760     1.7863     1.4676     100.00   25.00684  -87.99816    0.00003   -0.00001          4  0.000e+00
     129938   5414.042   2567.523   2600.136     4.3293     4.3304   3.392773   3.392779     1.7863     1.4676     100.00   25.00684  -87.99816    0.00004   -0.00001          4  0.000e+00
     129939   5414.083   2567.523   2600.136     4.3296     4.3304   3.392799   3.392766     1.7863     1.4676     100.00   25.00684  -87.99816    0.00005   -0.00001          4  0.000e+00
     129940   5414.125   2567.516   2600.129     4.3297     4.3304   3.392786   3.392779     1.7863     1.4676     100.00   25.00684  -87.99816    0.00006   -0.00001          4  0.000e+00
     129941   5414.167   2567.523   2600.136     4.3295     4.3303   3.392799   3.392740     1.7875     1.4676     100.00   25.00684  -87.99816    0.00008   -0.00002          4  0.000e+00
     129942   5414.208   2567.474   2600.086     4.3299     4.3304   3.392786   3.392747     1.7863     1.4676     100.00   25.00684  -87.99816    0.00007   -0.00002          4  0.000e+00
     129943   5414.250   2567.523   2600.137     4.3294     4.3305   3.392799   3.392779     1.7851     1.4676     100.00   25.00684  -87.99816    0.00005   -0.00002          4  0.000e+00
     129944   5414.292   2567.460   2600.072     4.3297     4.3304   3.392805   3.392785     1.7851     1.4676     100.00   25.00684  -87.99816    0.00004   -0.00002          4  0.000e+00
     129945   5414.333   2567.523   2600.137     4.3297     4.3303   3.392805   3.392766     1.7863     1.4676     100.00   25.00684  -87.99816    0.00004   -0.00003          4  0.000e+00
     129946   5414.375   2567.523   2600.137     4.3293     4.3304   3.392824   3.392760     1.7863     1.4676     100.00   25.00684  -87.99816    0.00005   -0.00003          4  0.000e+00
