Gulf of Mexico/GOMECC-4/1db/rb2103_0791.ros
* Sea-Bird SBE 9 Data File:
* FileName = C:\Users\scs.user.rb\CTD\GOMECC4\data\rb2103_0791.hex
* Software Version Seasave V 7.26.7.107
* Temperature SN = 4799
* Conductivity SN = 3860
* Number of Bytes Per Scan = 41
* Number of Voltage Words = 4
* Number of Scans Averaged by the Deck Unit = 1
* NMEA Latitude = 22 16.43 N
* NMEA Longitude = 097 21.67 W
* NMEA UTC (Time) = Oct 06 2021  04:28:40
* NMEA baud rate = 4800
# nquan = 17
# nvalues = 1862                                  
# units = specified
# name 0 = scan: Scan Count
# name 1 = timeS: Time, Elapsed [seconds]
# name 2 = depSM: Depth [salt water, m]
# name 3 = prDM: Pressure, Digiquartz [db]
# name 4 = t090C: Temperature [ITS-90, deg C]
# name 5 = t190C: Temperature, 2 [ITS-90, deg C]
# name 6 = c0S/m: Conductivity [S/m]
# name 7 = c1S/m: Conductivity, 2 [S/m]
# name 8 = sbeox0V: Oxygen raw, SBE 43 [V]
# name 9 = sbeox1V: Oxygen raw, SBE 43, 2 [V]
# name 10 = altM: Altimeter [m]
# name 11 = latitude: Latitude [deg]
# name 12 = longitude: Longitude [deg]
# name 13 = sbox0dV/dT: Oxygen, SBE 43 [dov/dt]
# name 14 = sbox1dV/dT: Oxygen, SBE 43, 2 [dov/dt]
# name 15 = nbf: Bottles Fired
# name 16 = flag:  0.000e+00
# interval = seconds: 0.0416667
# start_time = Oct 06 2021 04:28:40 [NMEA time, header]
# bad_flag = -9.990e-29
*END*
[from data line 852]
      30671   1277.917     89.432     90.014    22.0207    22.1011   5.163903   5.172316     2.7045     2.2943     100.00   22.27408  -97.36188   -0.00001    0.00020          7  0.000e+00
      30672   1277.958     89.432     90.014    22.0154    22.1003   5.163332   5.172179     2.7045     2.2943     100.00   22.27408  -97.36188   -0.00002    0.00020          7  0.000e+00
      30673   1278.000     89.432     90.014    22.0047    22.0886   5.162724   5.171958     2.7057     2.2943     100.00   22.27408  -97.36188   -0.00002    0.00022          7  0.000e+00
      30674   1278.042     89.432     90.014    21.9967    22.0818   5.162123   5.171806     2.7057     2.2943     100.00   22.27408  -97.36188   -0.00001    0.00024          7  0.000e+00
      30675   1278.083     89.432     90.014    21.9863    22.0842   5.161718   5.171554     2.7045     2.2943     100.00   22.27408  -97.36188   -0.00003    0.00026          7  0.000e+00
      30676   1278.125     89.385     89.967    21.9800    22.0883   5.161500   5.171044     2.7057     2.2930     100.00   22.27408  -97.36188   -0.00002    0.00025          7  0.000e+00
      30677   1278.167     89.487     90.069    21.9767    22.0847   5.161200   5.170488     2.7057     2.2930     100.00   22.27408  -97.36188   -0.00002    0.00023          7  0.000e+00
      30678   1278.208     89.385     89.967    21.9745    22.0755   5.160884   5.170237     2.7057     2.2930     100.00   22.27408  -97.36188   -0.00002    0.00022          7  0.000e+00
      30679   1278.250     89.433     90.014    21.9745    22.0721   5.160779   5.170275     2.7057     2.2930     100.00   22.27408  -97.36188   -0.00002    0.00022          7  0.000e+00
      30680   1278.292     89.433     90.014    21.9816    22.0735   5.161057   5.170305     2.7057     2.2930     100.00   22.27408  -97.36188    0.00000    0.00021          7  0.000e+00
      30681   1278.333     89.433     90.015    21.9972    22.0838   5.161740   5.170511     2.7057     2.2930     100.00   22.27408  -97.36188    0.00000    0.00020          7  0.000e+00
      30682   1278.375     89.433     90.015    22.0161    22.0963   5.162709   5.171090     2.7057     2.2918     100.00   22.27408  -97.36188    0.00000    0.00016          7  0.000e+00
      30683   1278.417     89.433     90.015    22.0349    22.1044   5.163677   5.171935     2.7057     2.2918     100.00   22.27408  -97.36188    0.00002    0.00013          7  0.000e+00
      30684   1278.458     89.433     90.015    22.0446    22.1088   5.164496   5.172590     2.7057     2.2918     100.00   22.27408  -97.36188    0.00004    0.00010          7  0.000e+00
      30685   1278.500     89.433     90.015    22.0501    22.1108   5.165277   5.173009     2.7057     2.2918     100.00   22.27408  -97.36188    0.00005    0.00007          7  0.000e+00
      30686   1278.542     89.487     90.069    22.0561    22.1120   5.165788   5.173146     2.7057     2.2906     100.00   22.27408  -97.36188    0.00007    0.00003          7  0.000e+00
      30687   1278.583     89.433     90.015    22.0554    22.1125   5.166194   5.172895     2.7057     2.2906     100.00   22.27408  -97.36188    0.00008   -0.00002          7  0.000e+00
      30688   1278.625     89.385     89.967    22.0507    22.1127   5.166404   5.172674     2.7057     2.2906     100.00   22.27408  -97.36188    0.00010   -0.00007          7  0.000e+00
      30689   1278.667     89.487     90.069    22.0467    22.1129   5.166555   5.172575     2.7070     2.2906     100.00   22.27408  -97.36188    0.00013   -0.00011          7  0.000e+00
      30690   1278.708     89.433     90.015    22.0385    22.1133   5.166457   5.172613     2.7057     2.2906     100.00   22.27408  -97.36188    0.00014   -0.00015          7  0.000e+00
      30691   1278.750     89.433     90.015    22.0335    22.1132   5.166284   5.172796     2.7057     2.2906     100.00   22.27408  -97.36188    0.00016   -0.00020          7  0.000e+00
      30692   1278.792     89.487     90.069    22.0306    22.1133   5.166202   5.173146     2.7070     2.2906     100.00   22.27408  -97.36188    0.00019   -0.00024          7  0.000e+00
      30693   1278.833     89.433     90.015    22.0286    22.1136   5.166134   5.173466     2.7057     2.2906     100.00   22.27408  -97.36188    0.00020   -0.00027          7  0.000e+00
      30694   1278.875     89.433     90.015    22.0295    22.1134   5.166081   5.173801     2.7057     2.2906     100.00   22.27408  -97.36188    0.00021   -0.00029          7  0.000e+00
      30695   1278.917     89.487     90.070    22.0328    22.1133   5.166006   5.174114     2.7057     2.2906     100.00   22.27408  -97.36188    0.00022   -0.00031          7  0.000e+00
      30696   1278.958     89.433     90.015    22.0346    22.1136   5.165631   5.174251     2.7057     2.2906     100.00   22.27408  -97.36188    0.00023   -0.00033          7  0.000e+00
      30697   1279.000     89.494     90.076    22.0320    22.1134   5.164925   5.174442     2.7057     2.2906     100.00   22.27408  -97.36188    0.00025   -0.00035          7  0.000e+00
      30698   1279.042     89.433     90.015    22.0221    22.1136   5.164181   5.174624     2.7057     2.2906     100.00   22.27408  -97.36188    0.00026   -0.00037          7  0.000e+00
      30699   1279.083     89.487     90.070    22.0067    22.1134   5.163287   5.174731     2.7057     2.2906     100.00   22.27408  -97.36188    0.00028   -0.00039          7  0.000e+00
      30700   1279.125     89.487     90.070    21.9913    22.1136   5.162304   5.174815     2.7057     2.2906     100.00   22.27408  -97.36188    0.00030   -0.00041          7  0.000e+00
      30701   1279.167     89.433     90.015    21.9809    22.1136   5.161575   5.174868     2.7057     2.2906     100.00   22.27408  -97.36188    0.00031   -0.00042          7  0.000e+00
      30702   1279.208     89.487     90.070    21.9809    22.1134   5.161185   5.174883     2.7057     2.2906     100.00   22.27408  -97.36188    0.00031   -0.00044          7  0.000e+00
      30703   1279.250     89.487     90.070    21.9804    22.1136   5.160952   5.174944     2.7057     2.2906     100.00   22.27408  -97.36188    0.00032   -0.00045          7  0.000e+00
      30704   1279.292     89.488     90.070    21.9796    22.1136   5.160967   5.174967     2.7057     2.2906     100.00   22.27408  -97.36188    0.00033   -0.00047          7  0.000e+00
      30705   1279.333     89.488     90.070    21.9836    22.1136   5.161440   5.175036     2.7057     2.2906     100.00   22.27408  -97.36188    0.00036   -0.00049          7  0.000e+00
      30706   1279.375     89.488     90.070    22.0038    22.1136   5.162138   5.175021     2.7057     2.2906     100.00   22.27408  -97.36188    0.00037   -0.00051          7  0.000e+00
      30707   1279.417     89.488     90.070    22.0242    22.1136   5.163002   5.175044     2.7057     2.2906     100.00   22.27408  -97.36188    0.00039   -0.00053          7  0.000e+00
      30708   1279.458     89.488     90.070    22.0312    22.1138   5.163813   5.175059     2.7057     2.2906     100.00   22.27408  -97.36188    0.00042   -0.00056          7  0.000e+00
      30709   1279.500     89.535     90.118    22.0295    22.1136   5.164324   5.175021     2.7057     2.2906     100.00   22.27408  -97.36188    0.00043   -0.00059          7  0.000e+00
      30710   1279.542     89.488     90.070    22.0273    22.1136   5.164722   5.175044     2.7057     2.2906     100.00   22.27408  -97.36188    0.00044   -0.00061          7  0.000e+00
      30711   1279.583     89.488     90.070    22.0302    22.1136   5.165405   5.175089     2.7057     2.2906     100.00   22.27408  -97.36188    0.00046   -0.00064          7  0.000e+00
      30712   1279.625     89.535     90.118    22.0503    22.1136   5.166802   5.175036     2.7057     2.2906     100.00   22.27408  -97.36188    0.00049   -0.00066          7  0.000e+00
      30713   1279.667     89.488     90.070    22.0760    22.1134   5.168200   5.175013     2.7057     2.2906     100.00   22.27408  -97.36188    0.00049   -0.00069          7  0.000e+00
      30714   1279.708     89.535     90.118    22.0929    22.1134   5.169229   5.175044     2.7057     2.2906     100.00   22.27408  -97.36188    0.00050   -0.00071          7  0.000e+00
      30715   1279.750     89.488     90.070    22.1016    22.1134   5.170003   5.175082     2.7057     2.2906     100.00   22.27408  -97.36188    0.00051   -0.00075          7  0.000e+00
      30716   1279.792     89.535     90.118    22.1062    22.1134   5.170702   5.175066     2.7057     2.2918     100.00   22.27408  -97.36188    0.00052   -0.00075          7  0.000e+00
      30717   1279.833     89.488     90.070    22.1088    22.1134   5.171265   5.174990     2.7057     2.2906     100.00   22.27408  -97.36188    0.00054   -0.00079          7  0.000e+00
      30718   1279.875     89.535     90.118    22.1104    22.1132   5.171649   5.174937     2.7057     2.2918     100.00   22.27408  -97.36188    0.00055   -0.00081          7  0.000e+00
      30719   1279.917     89.535     90.118    22.1111    22.1133   5.171829   5.174891     2.7057     2.2918     100.00   22.27408  -97.36188    0.00055   -0.00082          7  0.000e+00
      30720   1279.958     89.488     90.070    22.1116    22.1108   5.171867   5.174685     2.7057     2.2918     100.00   22.27408  -97.36188    0.00056   -0.00084          7  0.000e+00
      30721   1280.000     89.535     90.118    22.1121    22.0847   5.171671   5.173688     2.7057     2.2918     100.00   22.27408  -97.36188    0.00056   -0.00084          7  0.000e+00
      30722   1280.042     89.536     90.118    22.1074    22.0431   5.171183   5.172271     2.7057     2.2918     100.00   22.27408  -97.36188    0.00057   -0.00084          7  0.000e+00
      30723   1280.083     89.536     90.118    22.0831    22.0167   5.170469   5.171152     2.7057     2.2918     100.00   22.27408  -97.36188    0.00057   -0.00085          7  0.000e+00
      30724   1280.125     89.536     90.118    22.0600    22.0016   5.169846   5.170436     2.7057     2.2918     100.00   22.27408  -97.36188    0.00057   -0.00087          7  0.000e+00
      30725   1280.167     89.536     90.118    22.0451    21.9922   5.169342   5.170101     2.7057     2.2918     100.00   22.27408  -97.36188    0.00058   -0.00087          7  0.000e+00
      30726   1280.208     89.536     90.118    22.0349    21.9934   5.168794   5.169979     2.7057     2.2918     100.00   22.27408  -97.36188    0.00058   -0.00089          7  0.000e+00
      30727   1280.250     89.536     90.118    22.0302    22.0202   5.168373   5.170238     2.7057     2.2918     100.00   22.27408  -97.36188    0.00058   -0.00091          7  0.000e+00
      30728   1280.292     89.536     90.118    22.0303    22.0562   5.168050   5.170664     2.7045     2.2918     100.00   22.27408  -97.36188    0.00057   -0.00091          7  0.000e+00
      30729   1280.333     89.536     90.118    22.0299    22.0827   5.167712   5.171136     2.7057     2.2918     100.00   22.27408  -97.36188    0.00057   -0.00091          7  0.000e+00
      30730   1280.375     89.536     90.118    22.0268    22.0971   5.167449   5.171623     2.7057     2.2918     100.00   22.27408  -97.36188    0.00058   -0.00091          7  0.000e+00
      30731   1280.417     89.536     90.118    22.0246    22.1043   5.167306   5.172118     2.7057     2.2930     100.00   22.27408  -97.36188    0.00058   -0.00090          7  0.000e+00
      30732   1280.458     89.536     90.118    22.0282    22.1081   5.167314   5.172537     2.7057     2.2918     100.00   22.27408  -97.36188    0.00058   -0.00090          7  0.000e+00
      30733   1280.500     89.536     90.118    22.0316    22.1101   5.167456   5.172964     2.7057     2.2918     100.00   22.27408  -97.36188    0.00058   -0.00090          7  0.000e+00
      30734   1280.542     89.536     90.118    22.0317    22.1113   5.167547   5.173230     2.7057     2.2918     100.00   22.27408  -97.36188    0.00058   -0.00090          7  0.000e+00
      30735   1280.583     89.583     90.166    22.0305    22.1116   5.167517   5.173581     2.7057     2.2918     100.00   22.27408  -97.36188    0.00058   -0.00090          7  0.000e+00
      30736   1280.625     89.536     90.119    22.0311    22.1123   5.167464   5.173863     2.7045     2.2918      91.45   22.27408  -97.36188    0.00056   -0.00090          7  0.000e+00
      30737   1280.667     89.536     90.119    22.0367    22.1111   5.167441   5.173962     2.7057     2.2918      51.16   22.27408  -97.36188    0.00056   -0.00090          7  0.000e+00
      30738   1280.708     89.536     90.119    22.0398    22.1040   5.167389   5.173718     2.7057     2.2918      34.60   22.27408  -97.36188    0.00056   -0.00090          7  0.000e+00
      30739   1280.750     89.536     90.119    22.0420    22.0870   5.167276   5.173238     2.7057     2.2918      34.04   22.27408  -97.36188    0.00056   -0.00089          7  0.000e+00
      30740   1280.792     89.584     90.166    22.0467    22.0790   5.167043   5.172888     2.7057     2.2918      35.80   22.27408  -97.36188    0.00054   -0.00089          7  0.000e+00
      30741   1280.833     89.489     90.071    22.0415    22.0851   5.166615   5.172972     2.7057     2.2906      36.43   22.27408  -97.36188    0.00054   -0.00091          7  0.000e+00
      30742   1280.875     89.448     90.030    22.0346    22.0883   5.166277   5.173154     2.7057     2.2906      36.41   22.27408  -97.36188    0.00054   -0.00090          7  0.000e+00
      30743   1280.917     89.685     90.269    22.0288    22.0796   5.166104   5.173109     2.7057     2.2906      36.34   22.27408  -97.36188    0.00052   -0.00090          7  0.000e+00
      30744   1280.958     89.536     90.119    22.0263    22.0783   5.165976   5.172644     2.7057     2.2906      36.31   22.27408  -97.36188    0.00050   -0.00091          7  0.000e+00
      30745   1281.000     89.536     90.119    22.0265    22.0804   5.165849   5.171692     2.7070     2.2906      36.31   22.27408  -97.36188    0.00051   -0.00091          7  0.000e+00
      30746   1281.042     89.536     90.119    22.0270    22.0707   5.165909   5.170983     2.7057     2.2906      36.31   22.27408  -97.36188    0.00051   -0.00090          7  0.000e+00
      30747   1281.083     89.536     90.119    22.0272    22.0551   5.166074   5.170824     2.7057     2.2906      36.31   22.27408  -97.36188    0.00049   -0.00089          7  0.000e+00
      30748   1281.125     89.536     90.119    22.0254    22.0460   5.166345   5.171273     2.7057     2.2906      36.31   22.27408  -97.36188    0.00046   -0.00088          7  0.000e+00
      30749   1281.167     89.536     90.119    22.0235    22.0674   5.166420   5.171989     2.7057     2.2906      36.31   22.27408  -97.36188    0.00044   -0.00087          7  0.000e+00
      32622   1359.208     74.723     75.206    22.9520    22.8732   5.258522   5.250754     2.9548     2.4969     100.00   22.27408  -97.36188    0.00860    0.00109          8  0.000e+00
      32623   1359.250     74.675     75.158    22.9536    22.8709   5.258650   5.250923     2.9548     2.4957     100.00   22.27408  -97.36188    0.00851    0.00112          8  0.000e+00
      32624   1359.292     74.621     75.104    22.9533    22.8631   5.258560   5.250931     2.9536     2.4969     100.00   22.27408  -97.36188    0.00840    0.00116          8  0.000e+00
      32625   1359.333     74.574     75.056    22.9479    22.8582   5.258136   5.250617     2.9536     2.4969     100.00   22.27408  -97.36188    0.00828    0.00119          8  0.000e+00
      32626   1359.375     74.574     75.056    22.9424    22.8604   5.257682   5.250785     2.9536     2.4982     100.00   22.27408  -97.36188    0.00815    0.00123          8  0.000e+00
