Gulf of Mexico/GOMECC-4/1db/rb2103_1411.cnv
* Sea-Bird SBE 9 Data File:
* FileName = C:\Users\scs.user.rb\CTD\GOMECC4\data\rb2103_1411.hex
* Software Version Seasave V 7.26.7.107
* Temperature SN = 4799
* Conductivity SN = 3860
* Number of Bytes Per Scan = 41
* Number of Voltage Words = 4
* Number of Scans Averaged by the Deck Unit = 1
* NMEA Latitude = 25 34.46 N
* NMEA Longitude = 084 50.56 W
* NMEA UTC (Time) = Oct 20 2021  15:46:56
* NMEA baud rate = 4800
# nquan = 28
# nvalues = 1973                        
# units = specified
# name 0 = scan: Scan Count
# name 1 = timeS: Time, Elapsed [seconds]
# name 2 = depSM: Depth [salt water, m]
# name 3 = prDM: Pressure, Digiquartz [db]
# name 4 = t090C: Temperature [ITS-90, deg C]
# name 5 = t190C: Temperature, 2 [ITS-90, deg C]
# name 6 = c0S/m: Conductivity [S/m]
# name 7 = c1S/m: Conductivity, 2 [S/m]
# name 8 = sbeox0V: Oxygen raw, SBE 43 [V]
# name 9 = sbeox1V: Oxygen raw, SBE 43, 2 [V]
# name 10 = altM: Altimeter [m]
# name 11 = latitude: Latitude [deg]
# name 12 = longitude: Longitude [deg]
# name 13 = sbox0dV/dT: Oxygen, SBE 43 [dov/dt]
# name 14 = sbox1dV/dT: Oxygen, SBE 43, 2 [dov/dt]
# name 15 = sbeox0ML/L: Oxygen, SBE 43 [ml/l], WS = 5
# name 16 = sbeox1ML/L: Oxygen, SBE 43, 2 [ml/l], WS = 5
# name 17 = potemp090C: Potential Temperature [ITS-90, deg C]
# name 18 = potemp190C: Potential Temperature, 2 [ITS-90, deg C]
# name 19 = sal00: Salinity, Practical [PSU]
# name 20 = sal11: Salinity, Practical, 2 [PSU]
# name 21 = sigma-é00: Density [sigma-theta, kg/m^3]
# name 22 = sigma-é11: Density, 2 [sigma-theta, kg/m^3]
# name 23 = avgsvCM: Average Sound Velocity [Chen-Millero, m/s], minP = 20, minS = 20
# name 24 = sbox0Mm/Kg: Oxygen, SBE 43 [umol/kg], WS = 5
# name 25 = sbox1Mm/Kg: Oxygen, SBE 43, 2 [umol/kg], WS = 5
# name 26 = nbin: number of scans per bin
# name 27 = flag: flag
# span 0 =      12045,     264710       
# span 1 =    501.816,  11029.536       
# span 2 =      1.987,   3327.563       
# span 3 =      2.000,   3376.000       
# span 4 =     4.3111,    28.5287       
# span 5 =     4.3120,    28.5438       
# span 6 =   3.349427,   5.850864       
# span 7 =   3.349362,   5.852043       
# span 8 =     1.6093,     3.1811       
# span 9 =     1.3061,     2.6957       
# span 10 =       2.02,     105.32      
# span 11 =   25.51710,   25.67780      
# span 12 =  -85.18789,  -84.65435      
# span 13 =   -0.03559,    0.01915      
# span 14 =   -0.03438,    0.01703      
# span 15 =     2.5148,     4.7052      
# span 16 =     2.5187,     4.7141      
# span 17 =     4.0814,    28.5206      
# span 18 =     4.0828,    28.5356      
# span 19 =    34.9003,    36.7261      
# span 20 =    34.8985,    36.7276      
# span 21 =    22.8855,    27.7599      
# span 22 =    22.8849,    27.7582      
# span 23 =       0.00,    1542.98      
# span 24 =    109.380,    204.460      
# span 25 =    109.548,    204.848      
# span 26 =         30,         70      
# span 27 = 0.0000e+00, 0.0000e+00      
# interval = decibars: 1                
# start_time = Oct 20 2021 15:46:56 [NMEA time, header]
# bad_flag = -9.990e-29
*END*
[from data line 1554]
     186922   7788.372   1216.461   1228.000     4.5647     4.5665   3.356978   3.356978     1.9252     1.5980     100.00   25.57482  -84.84605   -0.00007   -0.00011     4.3381     4.3384     4.4635     4.4653    34.9573    34.9555    27.7024    27.7007    1503.70    188.517    188.532         35 0.0000e+00
     186973   7790.489   1215.474   1227.000     4.5638     4.5662   3.356761   3.356805     1.9247     1.5976      83.53   25.57408  -84.84356   -0.00023   -0.00021     4.3359     4.3365     4.4627     4.4651    34.9562    34.9542    27.7016    27.6998    1503.66    188.422    188.449         30 0.0000e+00
     187086   7795.226   1210.535   1222.000     4.5717     4.5741   3.357242   3.357295     1.9245     1.5971     100.00   25.57410  -84.84368   -0.00003   -0.00011     4.3315     4.3309     4.4710     4.4734    34.9560    34.9541    27.7006    27.6987    1503.66    188.230    188.204         37 0.0000e+00
     187309   7804.482   1202.633   1214.000     4.5874     4.5888   3.358210   3.358169     1.9228     1.5953     100.00   25.57366  -84.84225   -0.00022   -0.00028     4.3188     4.3176     4.4873     4.4886    34.9547    34.9529    27.6977    27.6961    1503.64    187.680    187.627         36 0.0000e+00
     187442   7810.050   1197.694   1209.000     4.5963     4.5986   3.358785   3.358832     1.9218     1.5936     100.00   25.57395  -84.84324   -0.00008   -0.00029     4.3116     4.3072     4.4965     4.4989    34.9547    34.9528    27.6966    27.6948    1503.65    187.366    187.177         33 0.0000e+00
     187474   7811.389   1196.706   1208.000     4.5978     4.6031   3.358901   3.359158     1.9215     1.5935     100.00   25.57406  -84.84360   -0.00012   -0.00032     4.3099     4.3055     4.4981     4.5034    34.9547    34.9524    27.6965    27.6940    1503.66    187.292    187.101         30 0.0000e+00
     187508   7812.772   1195.718   1207.000     4.6011     4.6060   3.359113   3.359389     1.9208     1.5934     100.00   25.57406  -84.84360   -0.00030   -0.00018     4.3054     4.3042     4.5015     4.5063    34.9545    34.9526    27.6960    27.6939    1503.66    187.096    187.044         37 0.0000e+00
     187543   7814.250   1194.730   1206.000     4.6016     4.6099   3.359132   3.359665     1.9203     1.5925     100.00   25.57406  -84.84358   -0.00044   -0.00021     4.3036     4.2998     4.5021     4.5103    34.9546    34.9521    27.6960    27.6931    1503.66    187.019    186.856         30 0.0000e+00
     187638   7818.220   1190.779   1202.000     4.6162     4.6176   3.360235   3.360199     1.9198     1.5911     100.00   25.57417  -84.84394   -0.00013   -0.00032     4.2978     4.2912     4.5169     4.5183    34.9542    34.9523    27.6940    27.6923    1503.67    186.767    186.482         34 0.0000e+00
     187732   7822.109   1187.816   1199.000     4.6247     4.6263   3.360805   3.360815     1.9179     1.5898     100.00   25.57414  -84.84386   -0.00050   -0.00035     4.2885     4.2833     4.5256     4.5272    34.9538    34.9517    27.6927    27.6909    1503.66    186.365    186.137         45 0.0000e+00
     187856   7827.283   1182.876   1194.000     4.6280     4.6298   3.360689   3.360684     1.9158     1.5879      99.99   25.57226  -84.83760   -0.00031   -0.00029     4.2778     4.2730     4.5293     4.5312    34.9509    34.9490    27.6900    27.6882    1503.55    185.899    185.689         31 0.0000e+00
     188140   7839.127   1172.998   1184.000     4.6524     4.6598   3.362615   3.363089     1.9144     1.5868     100.00   25.57430  -84.84440   -0.00010   -0.00027     4.2643     4.2596     4.5545     4.5618    34.9528    34.9503    27.6887    27.6859    1503.67    185.312    185.109         34 0.0000e+00
     188297   7845.665   1167.070   1178.000     4.6747     4.6742   3.364105   3.363900     1.9101     1.5829      99.04   25.57259  -84.83871   -0.00050   -0.00048     4.2429     4.2395     4.5771     4.5766    34.9497    34.9478    27.6837    27.6823    1503.57    184.385    184.236         52 0.0000e+00
     188425   7850.990   1163.118   1174.000     4.6840     4.6860   3.365137   3.365147     1.9077     1.5814      63.50   25.57620  -84.85068   -0.00056   -0.00036     4.2307     4.2299     4.5867     4.5887    34.9541    34.9521    27.6862    27.6844    1503.79    183.855    183.819         35 0.0000e+00
     188452   7852.137   1162.130   1173.000     4.6841     4.6854   3.364850   3.364811     1.9068     1.5803     103.53   25.57406  -84.84359   -0.00044   -0.00036     4.2272     4.2252     4.5868     4.5882    34.9511    34.9492    27.6837    27.6821    1503.66    183.700    183.613         40 0.0000e+00
     188636   7859.787   1155.214   1166.000     4.6931     4.6952   3.365224   3.365236     1.9048     1.5787     100.00   25.57313  -84.84050   -0.00024   -0.00029     4.2156     4.2144     4.5964     4.5985    34.9501    34.9474    27.6818    27.6795    1503.61    183.197    183.146         37 0.0000e+00
     188777   7865.687   1150.274   1161.000     4.7129     4.7191   3.366826   3.367219     1.9040     1.5778     100.00   25.57409  -84.84368   -0.00008   -0.00020     4.2075     4.2053     4.6165     4.6226    34.9499    34.9480    27.6794    27.6772    1503.66    182.845    182.750         38 0.0000e+00
     188951   7872.924   1144.346   1155.000     4.7419     4.7431   3.369341   3.369290     1.9008     1.5737     100.01   25.57619  -84.85067   -0.00035   -0.00059     4.1892     4.1830     4.6458     4.6471    34.9517    34.9499    27.6777    27.6761    1503.79    182.052    181.784         30 0.0000e+00
     189115   7879.764   1138.418   1149.000     4.7522     4.7532   3.369882   3.369802     1.8968     1.5705      90.52   25.57528  -84.84765   -0.00031   -0.00024     4.1705     4.1665     4.6566     4.6576    34.9502    34.9482    27.6752    27.6735    1503.73    181.241    181.067         56 0.0000e+00
     189269   7886.177   1132.489   1143.000     4.7627     4.7637   3.370347   3.370269     1.8950     1.5691     100.00   25.57369  -84.84237   -0.00025   -0.00023     4.1598     4.1569     4.6675     4.6685    34.9475    34.9455    27.6718    27.6702    1503.64    180.776    180.648         47 0.0000e+00
     189384   7890.977   1128.537   1139.000     4.7661     4.7673   3.370509   3.370458     1.8942     1.5690     100.00   25.57419  -84.84404   -0.00019    0.00002     4.1544     4.1539     4.6713     4.6725    34.9479    34.9460    27.6717    27.6700    1503.67    180.540    180.516         30 0.0000e+00
     189500   7895.783   1124.584   1135.000     4.7685     4.7699   3.370565   3.370520     1.8935     1.5686     100.00   25.57433  -84.84452   -0.00013   -0.00010     4.1494     4.1499     4.6741     4.6754    34.9479    34.9460    27.6714    27.6697    1503.68    180.323    180.346         47 0.0000e+00
     189659   7902.429   1118.655   1129.000     4.7781     4.7815   3.371094   3.371157     1.8927     1.5680     100.00   25.57311  -84.84048   -0.00018   -0.00015     4.1424     4.1430     4.6841     4.6875    34.9460    34.9443    27.6688    27.6670    1503.60    180.017    180.044         33 0.0000e+00
     189826   7909.392   1112.726   1123.000     4.8225     4.8263   3.374797   3.374975     1.8906     1.5648      93.49   25.57471  -84.84577   -0.00046   -0.00069     4.1264     4.1225     4.7287     4.7324    34.9465    34.9446    27.6642    27.6622    1503.70    179.323    179.155         36 0.0000e+00
     190001   7916.646   1106.796   1117.000     4.8448     4.8483   3.376323   3.376466     1.8843     1.5587     100.00   25.57327  -84.84099   -0.00084   -0.00079     4.0987     4.0937     4.7514     4.7547    34.9438    34.9419    27.6594    27.6575    1503.61    178.120    177.906         32 0.0000e+00
     190279   7928.233   1096.914   1107.000     4.8677     4.8686   3.378241   3.378142     1.8797     1.5558      95.74   25.57642  -84.85146   -0.00027   -0.00025     4.0741     4.0746     4.7750     4.7758    34.9472    34.9452    27.6595    27.6578    1503.80    177.053    177.074         45 0.0000e+00
     190302   7929.219   1095.926   1106.000     4.8659     4.8668   3.377746   3.377671     1.8791     1.5551      83.58   25.57406  -84.84362   -0.00032   -0.00003     4.0720     4.0719     4.7732     4.7742    34.9437    34.9419    27.6569    27.6553    1503.66    176.960    176.956         31 0.0000e+00
     190381   7932.489   1092.961   1103.000     4.8746     4.8747   3.378343   3.378209     1.8787     1.5542     100.00   25.57376  -84.84261   -0.00012   -0.00026     4.0681     4.0662     4.7821     4.7823    34.9430    34.9413    27.6553    27.6539    1503.64    176.793    176.709         37 0.0000e+00
     190501   7937.513   1089.008   1099.000     4.8887     4.8899   3.379682   3.379628     1.8778     1.5538     100.01   25.57618  -84.85067   -0.00021   -0.00009     4.0609     4.0604     4.7965     4.7977    34.9459    34.9441    27.6559    27.6544    1503.78    176.479    176.458         40 0.0000e+00
     190525   7938.514   1088.019   1098.000     4.8868     4.8890   3.379221   3.379266     1.8769     1.5531     100.00   25.57406  -84.84362   -0.00028   -0.00039     4.0576     4.0574     4.7947     4.7969    34.9429    34.9412    27.6538    27.6521    1503.66    176.337    176.327         33 0.0000e+00
     190606   7941.866   1085.055   1095.000     4.8943     4.8954   3.379883   3.379809     1.8759     1.5526      98.99   25.57517  -84.84731   -0.00038   -0.00018     4.0517     4.0532     4.8024     4.8035    34.9443    34.9424    27.6540    27.6524    1503.73    176.081    176.146         30 0.0000e+00
     190633   7943.012   1084.066   1094.000     4.8935     4.8947   3.379634   3.379574     1.8756     1.5521     100.05   25.57406  -84.84362   -0.00031   -0.00017     4.0502     4.0512     4.8018     4.8029    34.9427    34.9408    27.6528    27.6512    1503.66    176.014    176.059         36 0.0000e+00
     190719   7946.569   1081.101   1091.000     4.9004     4.9013   3.380213   3.380115     1.8755     1.5520      75.25   25.57502  -84.84681   -0.00007   -0.00010     4.0472     4.0482     4.8089     4.8097    34.9434    34.9419    27.6525    27.6513    1503.72    175.884    175.929         34 0.0000e+00
     190831   7951.250   1077.147   1087.000     4.9120     4.9130   3.381025   3.380966     1.8745     1.5508     100.00   25.57480  -84.84607   -0.00013   -0.00026     4.0407     4.0404     4.8207     4.8217    34.9429    34.9412    27.6508    27.6493    1503.70    175.600    175.590         50 0.0000e+00
     191236   7968.129   1062.322   1072.000     4.9867     4.9899   3.386935   3.387041     1.8636     1.5406     100.00   25.57501  -84.84684   -0.00071   -0.00070     3.9863     3.9852     4.8962     4.8994    34.9408    34.9387    27.6404    27.6384    1503.72    173.240    173.194         34 0.0000e+00
     191385   7974.350   1056.390   1066.000     4.9922     4.9950   3.386703   3.386781     1.8599     1.5372      99.99   25.57124  -84.83430   -0.00031   -0.00041     3.9700     3.9694     4.9022     4.9050    34.9351    34.9331    27.6351    27.6333    1503.49    172.532    172.504         32 0.0000e+00
     191509   7979.488   1052.437   1062.000     5.0112     5.0125   3.388694   3.388634     1.8599     1.5371     100.01   25.57569  -84.84907   -0.00005   -0.00008     3.9656     3.9645     4.9214     4.9227    34.9406    34.9385    27.6374    27.6356    1503.76    172.342    172.292         32 0.0000e+00
     191539   7980.740   1051.448   1061.000     5.0092     5.0127   3.388288   3.388452     1.8587     1.5363     100.00   25.57406  -84.84364   -0.00027   -0.00025     3.9612     3.9612     4.9195     4.9230    34.9384    34.9366    27.6358    27.6340    1503.66    172.152    172.149         48 0.0000e+00
     191690   7987.038   1046.506   1056.000     5.0624     5.0640   3.392652   3.392649     1.8548     1.5320     100.00   25.57354  -84.84193   -0.00092   -0.00090     3.9395     3.9369     4.9728     4.9744    34.9357    34.9339    27.6275    27.6259    1503.63    171.206    171.097         31 0.0000e+00
     191816   7992.298   1044.529   1054.000     5.0645     5.0649   3.392765   3.392647     1.8494     1.5279     100.00   25.57389  -84.84308   -0.00108   -0.00075     3.9193     3.9204     4.9750     4.9754    34.9359    34.9340    27.6274    27.6259    1503.65    170.328    170.377         36 0.0000e+00
     193665   8069.348   1039.586   1049.000     5.0826     5.0836   3.394104   3.394048     1.8442     1.5240      92.61   25.57362  -84.84221    0.00001   -0.00001     3.8969     3.9011     4.9934     4.9944    34.9349    34.9332    27.6245    27.6230    1503.63    169.359    169.541         49 0.0000e+00
     193899   8079.094   1038.597   1048.000     5.0836     5.0854   3.394212   3.394214     1.8443     1.5238      99.64   25.57406  -84.84365    0.00007   -0.00001     3.8964     3.8996     4.9946     4.9963    34.9355    34.9337    27.6248    27.6232    1503.66    169.336    169.473         49 0.0000e+00
     194019   8084.095   1037.609   1047.000     5.0842     5.0859   3.394216   3.394216     1.8446     1.5239     100.00   25.57406  -84.84364    0.00009    0.00001     3.8969     3.8993     4.9952     4.9969    34.9356    34.9337    27.6248    27.6231    1503.66    169.358    169.461         41 0.0000e+00
     194068   8086.115   1036.620   1046.000     5.0853     5.0873   3.394270   3.394281     1.8448     1.5238     100.00   25.57406  -84.84364    0.00016    0.00001     3.8970     3.8984     4.9964     4.9984    34.9354    34.9335    27.6245    27.6228    1503.66    169.362    169.423         37 0.0000e+00
     194295   8095.569   1033.654   1043.000     5.0898     5.0910   3.394426   3.394378     1.8447     1.5237     100.00   25.57308  -84.84039    0.00010   -0.00001     3.8946     3.8964     5.0012     5.0023    34.9340    34.9322    27.6228    27.6213    1503.60    169.260    169.333         37 0.0000e+00
     194404   8100.132   1032.666   1042.000     5.0951     5.0937   3.394961   3.394681     1.8448     1.5238      89.52   25.57406  -84.84364   -0.00003   -0.00000     3.8941     3.8957     5.0065     5.0051    34.9352    34.9335    27.6232    27.6220    1503.66    169.236    169.306         35 0.0000e+00
     194875   8119.744   1026.735   1036.000     5.1119     5.1084   3.396367   3.395925     1.8423     1.5225      85.66   25.57582  -84.84948   -0.00016   -0.00025     3.8804     3.8861     5.0238     5.0203    34.9369    34.9355    27.6226    27.6219    1503.76    168.640    168.887         37 0.0000e+00
     194970   8123.701   1025.746   1035.000     5.1138     5.1119   3.396279   3.395974     1.8413     1.5217     100.06   25.57406  -84.84364   -0.00019   -0.00026     3.8764     3.8824     5.0257     5.0238    34.9343    34.9329    27.6202    27.6193    1503.66    168.468    168.728         37 0.0000e+00
     195015   8125.588   1024.757   1034.000     5.1184     5.1132   3.396624   3.396057     1.8414     1.5216     100.00   25.57406  -84.84364   -0.00008   -0.00011     3.8758     3.8815     5.0303     5.0252    34.9341    34.9329    27.6195    27.6192    1503.66    168.442    168.688         46 0.0000e+00
     196019   8167.423   1012.893   1022.000     5.1422     5.1423   3.398298   3.398154     1.8382     1.5184     100.00   25.57496  -84.84662    0.00000   -0.00010     3.8561     3.8602     5.0551     5.0552    34.9345    34.9327    27.6170    27.6155    1503.71    167.585    167.764         34 0.0000e+00
     196319   8179.905   1007.950   1017.000     5.1531     5.1573   3.398921   3.399130     1.8363     1.5167     100.00   25.57378  -84.84273   -0.00014   -0.00029     3.8458     3.8498     5.0663     5.0705    34.9328    34.9308    27.6143    27.6122    1503.64    167.138    167.313         49 0.0000e+00
