Gulf of Mexico/GOMECC-4/1db/rb2103_1311.ros
* Sea-Bird SBE 9 Data File:
* FileName = C:\Users\scs.user.rb\CTD\GOMECC4\data\rb2103_1311.hex
* Software Version Seasave V 7.26.7.107
* Temperature SN = 4799
* Conductivity SN = 3860
* Number of Bytes Per Scan = 41
* Number of Voltage Words = 4
* Number of Scans Averaged by the Deck Unit = 1
* NMEA Latitude = 26 43.76 N
* NMEA Longitude = 083 06.08 W
* NMEA UTC (Time) = Oct 19 2021  16:24:23
* NMEA baud rate = 4800
# nquan = 17
# nvalues = 1064                                  
# units = specified
# name 0 = scan: Scan Count
# name 1 = timeS: Time, Elapsed [seconds]
# name 2 = depSM: Depth [salt water, m]
# name 3 = prDM: Pressure, Digiquartz [db]
# name 4 = t090C: Temperature [ITS-90, deg C]
# name 5 = t190C: Temperature, 2 [ITS-90, deg C]
# name 6 = c0S/m: Conductivity [S/m]
# name 7 = c1S/m: Conductivity, 2 [S/m]
# name 8 = sbeox0V: Oxygen raw, SBE 43 [V]
# name 9 = sbeox1V: Oxygen raw, SBE 43, 2 [V]
# name 10 = altM: Altimeter [m]
# name 11 = latitude: Latitude [deg]
# name 12 = longitude: Longitude [deg]
# name 13 = sbox0dV/dT: Oxygen, SBE 43 [dov/dt]
# name 14 = sbox1dV/dT: Oxygen, SBE 43, 2 [dov/dt]
# name 15 = nbf: Bottles Fired
# name 16 = flag:  0.000e+00
# interval = seconds: 0.0416667
# start_time = Oct 19 2021 16:24:23 [NMEA time, header]
# bad_flag = -9.990e-29
*END*
[from data line 766]
      26296   1095.625     15.074     15.174    28.4551    28.4564   5.813129   5.813371     3.0623     2.5849      25.42   26.72980  -83.10018    0.00001    0.00080          6  0.000e+00
      26297   1095.667     15.027     15.126    28.4549    28.4564   5.813160   5.813387     3.0623     2.5849      25.42   26.72980  -83.10018    0.00001    0.00077          6  0.000e+00
      26298   1095.708     15.074     15.174    28.4551    28.4564   5.813137   5.813443     3.0623     2.5849      25.42   26.72980  -83.10018    0.00003    0.00074          6  0.000e+00
      26299   1095.750     15.074     15.174    28.4549    28.4564   5.813129   5.813419     3.0623     2.5849      25.42   26.72980  -83.10018    0.00003    0.00070          6  0.000e+00
      26300   1095.792     15.074     15.174    28.4551    28.4565   5.813160   5.813395     3.0623     2.5849      25.42   26.72980  -83.10018    0.00005    0.00067          6  0.000e+00
      26301   1095.833     15.027     15.126    28.4551    28.4564   5.813137   5.813403     3.0635     2.5849      25.42   26.72980  -83.10018    0.00009    0.00063          6  0.000e+00
      26302   1095.875     15.074     15.174    28.4551    28.4561   5.813129   5.813443     3.0635     2.5849      25.42   26.72980  -83.10018    0.00012    0.00060          6  0.000e+00
      26303   1095.917     15.074     15.174    28.4552    28.4562   5.813160   5.813387     3.0635     2.5849      25.42   26.72980  -83.10018    0.00016    0.00056          6  0.000e+00
      26304   1095.958     15.027     15.126    28.4551    28.4559   5.813137   5.813347     3.0635     2.5849      25.42   26.72980  -83.10018    0.00019    0.00054          6  0.000e+00
      26305   1096.000     15.074     15.174    28.4551    28.4561   5.813160   5.813395     3.0635     2.5849      25.42   26.72980  -83.10018    0.00023    0.00050          6  0.000e+00
      26306   1096.042     15.027     15.126    28.4551    28.4562   5.813137   5.813411     3.0647     2.5861      25.42   26.72980  -83.10018    0.00026    0.00048          6  0.000e+00
      26307   1096.083     15.074     15.174    28.4547    28.4561   5.813129   5.813411     3.0635     2.5861      25.42   26.72980  -83.10018    0.00028    0.00046          6  0.000e+00
      26308   1096.125     15.074     15.174    28.4549    28.4562   5.813160   5.813363     3.0647     2.5861      25.42   26.72980  -83.10018    0.00031    0.00044          6  0.000e+00
      26309   1096.167     15.027     15.126    28.4549    28.4561   5.813176   5.813427     3.0647     2.5861      25.42   26.72980  -83.10018    0.00034    0.00041          6  0.000e+00
      26310   1096.208     15.027     15.126    28.4547    28.4564   5.813137   5.813419     3.0647     2.5861      25.42   26.72980  -83.10018    0.00037    0.00039          6  0.000e+00
      26311   1096.250     15.074     15.174    28.4549    28.4562   5.813129   5.813435     3.0647     2.5873      25.42   26.72980  -83.10018    0.00040    0.00038          6  0.000e+00
      26312   1096.292     15.074     15.174    28.4547    28.4562   5.813129   5.813347     3.0647     2.5873      25.42   26.72980  -83.10018    0.00042    0.00037          6  0.000e+00
      26313   1096.333     15.074     15.174    28.4549    28.4560   5.813089   5.813315     3.0659     2.5873      25.42   26.72980  -83.10018    0.00047    0.00036          6  0.000e+00
      26314   1096.375     15.027     15.126    28.4549    28.4561   5.813113   5.813347     3.0659     2.5873      25.42   26.72980  -83.10018    0.00051    0.00034          6  0.000e+00
      26315   1096.417     15.074     15.174    28.4549    28.4559   5.813129   5.813347     3.0659     2.5873      25.42   26.72980  -83.10018    0.00055    0.00033          6  0.000e+00
      26316   1096.458     15.027     15.126    28.4551    28.4562   5.813160   5.813395     3.0647     2.5873      25.42   26.72980  -83.10018    0.00057    0.00033          6  0.000e+00
      26317   1096.500     15.074     15.174    28.4551    28.4557   5.813137   5.813371     3.0647     2.5873      25.42   26.72980  -83.10018    0.00060    0.00033          6  0.000e+00
      26318   1096.542     15.074     15.174    28.4549    28.4559   5.813129   5.813347     3.0659     2.5885      25.40   26.72980  -83.10018    0.00063    0.00035          6  0.000e+00
      26319   1096.583     15.074     15.174    28.4549    28.4562   5.813129   5.813395     3.0659     2.5885      25.40   26.72980  -83.10018    0.00067    0.00037          6  0.000e+00
      26320   1096.625     15.027     15.126    28.4552    28.4561   5.813129   5.813371     3.0647     2.5885      25.42   26.72980  -83.10018    0.00069    0.00038          6  0.000e+00
      26321   1096.667     15.074     15.174    28.4549    28.4561   5.813160   5.813435     3.0647     2.5885      25.42   26.72980  -83.10018    0.00070    0.00039          6  0.000e+00
      26322   1096.708     15.074     15.174    28.4549    28.4562   5.813137   5.813411     3.0647     2.5885      25.42   26.72980  -83.10018    0.00072    0.00040          6  0.000e+00
      26323   1096.750     15.074     15.174    28.4549    28.4559   5.813129   5.813443     3.0659     2.5885      25.40   26.72980  -83.10018    0.00075    0.00042          6  0.000e+00
      26324   1096.792     15.074     15.174    28.4549    28.4559   5.813160   5.813387     3.0659     2.5885      25.40   26.72980  -83.10018    0.00078    0.00042          6  0.000e+00
      26325   1096.833     15.074     15.174    28.4549    28.4560   5.813137   5.813395     3.0659     2.5885      25.40   26.72980  -83.10018    0.00081    0.00043          6  0.000e+00
      26326   1096.875     15.074     15.174    28.4547    28.4559   5.813160   5.813363     3.0647     2.5885      25.42   26.72980  -83.10018    0.00082    0.00044          6  0.000e+00
      26327   1096.917     15.074     15.174    28.4545    28.4559   5.813066   5.813427     3.0647     2.5885      25.42   26.72980  -83.10018    0.00083    0.00044          6  0.000e+00
      29194   1216.375      3.494      3.517    28.4497    28.4507   5.811985   5.812236     3.0647     2.5849      36.34   26.72984  -83.10018   -0.00095    0.00175          7  0.000e+00
      29195   1216.417      3.548      3.572    28.4499    28.4508   5.812009   5.812252     3.0647     2.5849      36.12   26.72984  -83.10018   -0.00092    0.00167          7  0.000e+00
      29196   1216.458      3.636      3.660    28.4497    28.4504   5.812056   5.812212     3.0647     2.5849      32.84   26.72984  -83.10018   -0.00088    0.00160          7  0.000e+00
      29197   1216.500      3.744      3.769    28.4495    28.4500   5.812001   5.812212     3.0647     2.5849      31.11   26.72984  -83.10018   -0.00085    0.00152          7  0.000e+00
      29198   1216.542      3.697      3.721    28.4497    28.4500   5.811977   5.812252     3.0647     2.5849      30.92   26.72984  -83.10018   -0.00081    0.00146          7  0.000e+00
      29199   1216.583      3.697      3.721    28.4497    28.4503   5.811977   5.812244     3.0647     2.5849      31.06   26.72984  -83.10018   -0.00079    0.00140          7  0.000e+00
      29200   1216.625      3.697      3.721    28.4499    28.4500   5.812009   5.812260     3.0647     2.5849      31.14   26.72984  -83.10018   -0.00077    0.00131          7  0.000e+00
      29201   1216.667      3.744      3.769    28.4497    28.4500   5.812056   5.812196     3.0647     2.5849      31.14   26.72984  -83.10018   -0.00075    0.00125          7  0.000e+00
      29202   1216.708      3.744      3.769    28.4495    28.4499   5.812032   5.812244     3.0647     2.5849      31.14   26.72984  -83.10018   -0.00073    0.00118          7  0.000e+00
      29203   1216.750      3.744      3.769    28.4495    28.4498   5.811985   5.812212     3.0647     2.5849      31.14   26.72984  -83.10018   -0.00071    0.00111          7  0.000e+00
      29204   1216.792      3.738      3.762    28.4495    28.4500   5.812048   5.812212     3.0647     2.5836      31.14   26.72984  -83.10018   -0.00069    0.00103          7  0.000e+00
      29205   1216.833      3.792      3.817    28.4499    28.4498   5.812032   5.812252     3.0647     2.5836      31.14   26.72984  -83.10018   -0.00067    0.00094          7  0.000e+00
      29206   1216.875      3.792      3.817    28.4497    28.4497   5.812056   5.812244     3.0647     2.5836      31.14   26.72984  -83.10018   -0.00065    0.00087          7  0.000e+00
      29207   1216.917      3.792      3.817    28.4497    28.4500   5.812032   5.812220     3.0659     2.5836      31.14   26.72984  -83.10018   -0.00059    0.00079          7  0.000e+00
      29208   1216.958      3.839      3.864    28.4497    28.4500   5.812025   5.812180     3.0659     2.5836      31.14   26.72984  -83.10018   -0.00055    0.00072          7  0.000e+00
      29209   1217.000      3.792      3.817    28.4495    28.4499   5.812025   5.812260     3.0659     2.5836      31.14   26.72984  -83.10018   -0.00049    0.00065          7  0.000e+00
      29210   1217.042      3.893      3.919    28.4495    28.4500   5.812025   5.812268     3.0647     2.5836      31.14   26.72984  -83.10018   -0.00045    0.00059          7  0.000e+00
      29211   1217.083      3.839      3.864    28.4495    28.4498   5.812025   5.812196     3.0659     2.5849      31.14   26.72984  -83.10018   -0.00039    0.00055          7  0.000e+00
      29212   1217.125      3.839      3.864    28.4493    28.4500   5.812025   5.812220     3.0659     2.5849      31.14   26.72984  -83.10018   -0.00035    0.00051          7  0.000e+00
      29213   1217.167      3.839      3.864    28.4490    28.4497   5.811954   5.812260     3.0659     2.5849      31.14   26.72984  -83.10018   -0.00029    0.00047          7  0.000e+00
      29214   1217.208      3.988      4.014    28.4488    28.4500   5.811962   5.812268     3.0659     2.5849      31.14   26.72984  -83.10018   -0.00024    0.00043          7  0.000e+00
      29215   1217.250      3.940      3.966    28.4483    28.4500   5.811938   5.812268     3.0659     2.5861      31.14   26.72984  -83.10018   -0.00018    0.00040          7  0.000e+00
      29216   1217.292      3.893      3.919    28.4490    28.4501   5.812001   5.812244     3.0659     2.5861      31.14   26.72984  -83.10018   -0.00012    0.00037          7  0.000e+00
      29217   1217.333      3.988      4.014    28.4486    28.4498   5.811946   5.812260     3.0647     2.5861      31.14   26.72984  -83.10018   -0.00007    0.00037          7  0.000e+00
      29218   1217.375      3.893      3.919    28.4488    28.4500   5.811961   5.812228     3.0659     2.5861      31.14   26.72984  -83.10018   -0.00001    0.00034          7  0.000e+00
      29219   1217.417      4.042      4.069    28.4488    28.4498   5.811938   5.812196     3.0659     2.5861      33.87   26.72984  -83.10018    0.00005    0.00031          7  0.000e+00
      29220   1217.458      3.988      4.014    28.4484    28.4497   5.812001   5.812212     3.0659     2.5861      36.14   26.72984  -83.10018    0.00011    0.00030          7  0.000e+00
      29221   1217.500      3.988      4.014    28.4486    28.4500   5.811985   5.812252     3.0659     2.5861      36.56   26.72984  -83.10018    0.00016    0.00028          7  0.000e+00
      29222   1217.542      3.988      4.014    28.4488    28.4500   5.811977   5.812212     3.0659     2.5861      36.41   26.72984  -83.10018    0.00020    0.00027          7  0.000e+00
      29223   1217.583      4.042      4.068    28.4486    28.4499   5.811938   5.812276     3.0672     2.5861      36.31   26.72984  -83.10018    0.00026    0.00024          7  0.000e+00
      29224   1217.625      4.042      4.068    28.4484    28.4498   5.811930   5.812236     3.0659     2.5849      36.31   26.72984  -83.10018    0.00031    0.00019          7  0.000e+00
      29225   1217.667      4.042      4.068    28.4486    28.4498   5.811922   5.812180     3.0672     2.5861      36.31   26.72984  -83.10018    0.00035    0.00015          7  0.000e+00
      29226   1217.708      4.042      4.068    28.4486    28.4498   5.811922   5.812220     3.0659     2.5849      36.31   26.72984  -83.10018    0.00039    0.00010          7  0.000e+00
      29227   1217.750      4.089      4.116    28.4486    28.4497   5.811930   5.812260     3.0672     2.5849      36.31   26.72984  -83.10018    0.00045    0.00005          7  0.000e+00
      29228   1217.792      4.042      4.068    28.4488    28.4498   5.811819   5.812268     3.0672     2.5861      36.31   26.72984  -83.10018    0.00051    0.00001          7  0.000e+00
      29229   1217.833      4.082      4.109    28.4486    28.4498   5.811890   5.812212     3.0659     2.5861      36.31   26.72984  -83.10018    0.00054   -0.00003          7  0.000e+00
      29230   1217.875      4.089      4.116    28.4486    28.4497   5.811930   5.812212     3.0659     2.5861      36.31   26.72984  -83.10018    0.00056   -0.00007          7  0.000e+00
      29231   1217.917      4.089      4.116    28.4486    28.4500   5.812001   5.812252     3.0659     2.5861      36.31   26.72984  -83.10018    0.00060   -0.00010          7  0.000e+00
      29232   1217.958      4.089      4.116    28.4484    28.4500   5.811985   5.812172     3.0659     2.5861      36.31   26.72984  -83.10018    0.00063   -0.00015          7  0.000e+00
      29233   1218.000      4.089      4.116    28.4488    28.4498   5.811930   5.812196     3.0659     2.5861      36.31   26.72984  -83.10018    0.00065   -0.00019          7  0.000e+00
      29234   1218.042      4.089      4.116    28.4490    28.4499   5.811922   5.812252     3.0659     2.5873      36.31   26.72984  -83.10018    0.00068   -0.00021          7  0.000e+00
      29235   1218.083      4.136      4.164    28.4488    28.4498   5.811930   5.812196     3.0659     2.5873      36.31   26.72984  -83.10018    0.00070   -0.00024          7  0.000e+00
      29236   1218.125      4.089      4.116    28.4486    28.4500   5.811962   5.812220     3.0672     2.5873      36.31   26.72984  -83.10018    0.00074   -0.00027          7  0.000e+00
      29237   1218.167      4.089      4.116    28.4490    28.4499   5.811977   5.812220     3.0672     2.5873      36.31   26.72984  -83.10018    0.00078   -0.00028          7  0.000e+00
      29238   1218.208      4.082      4.109    28.4488    28.4498   5.811977   5.812220     3.0659     2.5873      36.31   26.72984  -83.10018    0.00080   -0.00029          7  0.000e+00
      29239   1218.250      4.089      4.116    28.4488    28.4500   5.811977   5.812196     3.0659     2.5873      36.31   26.72984  -83.10018    0.00080   -0.00031          7  0.000e+00
      29240   1218.292      4.136      4.164    28.4486    28.4497   5.811938   5.812212     3.0659     2.5873      36.31   26.72984  -83.10018    0.00082   -0.00032          7  0.000e+00
      29241   1218.333      4.089      4.116    28.4486    28.4501   5.811962   5.812220     3.0659     2.5873      36.31   26.72984  -83.10018    0.00084   -0.00032          7  0.000e+00
      29242   1218.375      4.136      4.164    28.4490    28.4500   5.811938   5.812236     3.0659     2.5873      36.31   26.72984  -83.10018    0.00086   -0.00032          7  0.000e+00
      29243   1218.417      4.089      4.116    28.4486    28.4500   5.812001   5.812220     3.0659     2.5873      36.31   26.72984  -83.10018    0.00086   -0.00032          7  0.000e+00
      29244   1218.458      4.089      4.116    28.4488    28.4499   5.811954   5.812220     3.0659     2.5873      36.34   26.72984  -83.10018    0.00086   -0.00030          7  0.000e+00
      29245   1218.500      4.089      4.116    28.4488    28.4500   5.812001   5.812236     3.0659     2.5873      36.34   26.72984  -83.10018    0.00086   -0.00028          7  0.000e+00
      29246   1218.542      4.089      4.116    28.4492    28.4500   5.812025   5.812220     3.0659     2.5861      36.34   26.72984  -83.10018    0.00088   -0.00028          7  0.000e+00
