Gulf of Mexico/GOMECC-4/1db/rb2103_0771.ros
* Sea-Bird SBE 9 Data File:
* FileName = C:\Users\scs.user.rb\CTD\GOMECC4\data\rb2103_0771.hex
* Software Version Seasave V 7.26.7.107
* Temperature SN = 4799
* Conductivity SN = 3860
* Number of Bytes Per Scan = 41
* Number of Voltage Words = 4
* Number of Scans Averaged by the Deck Unit = 1
* NMEA Latitude = 22 16.39 N
* NMEA Longitude = 097 32.73 W
* NMEA UTC (Time) = Oct 06 2021  01:30:55
* NMEA baud rate = 4800
# nquan = 17
# nvalues = 798                                   
# units = specified
# name 0 = scan: Scan Count
# name 1 = timeS: Time, Elapsed [seconds]
# name 2 = depSM: Depth [salt water, m]
# name 3 = prDM: Pressure, Digiquartz [db]
# name 4 = t090C: Temperature [ITS-90, deg C]
# name 5 = t190C: Temperature, 2 [ITS-90, deg C]
# name 6 = c0S/m: Conductivity [S/m]
# name 7 = c1S/m: Conductivity, 2 [S/m]
# name 8 = sbeox0V: Oxygen raw, SBE 43 [V]
# name 9 = sbeox1V: Oxygen raw, SBE 43, 2 [V]
# name 10 = altM: Altimeter [m]
# name 11 = latitude: Latitude [deg]
# name 12 = longitude: Longitude [deg]
# name 13 = sbox0dV/dT: Oxygen, SBE 43 [dov/dt]
# name 14 = sbox1dV/dT: Oxygen, SBE 43, 2 [dov/dt]
# name 15 = nbf: Bottles Fired
# name 16 = flag:  0.000e+00
# interval = seconds: 0.0416667
# start_time = Oct 06 2021 01:30:55 [NMEA time, header]
# bad_flag = -9.990e-29
*END*
[from data line 86]
      23021    959.167     45.380     45.671    26.3202    26.3531   5.621422   5.624615     3.1673     2.6996       7.52   22.27328  -97.54634   -0.00159   -0.00240          1  0.000e+00
      23022    959.208     45.333     45.623    26.3213    26.3485   5.621586   5.624394     3.1685     2.7009       7.50   22.27328  -97.54634   -0.00162   -0.00241          1  0.000e+00
      23023    959.250     45.333     45.623    26.3216    26.3463   5.621656   5.624228     3.1673     2.7009       7.50   22.27328  -97.54634   -0.00165   -0.00243          1  0.000e+00
      23024    959.292     45.333     45.623    26.3228    26.3445   5.621812   5.624086     3.1685     2.7009       7.52   22.27328  -97.54634   -0.00166   -0.00245          1  0.000e+00
      23025    959.333     45.279     45.568    26.3243    26.3434   5.622030   5.623983     3.1685     2.7009       7.50   22.27328  -97.54634   -0.00169   -0.00247          1  0.000e+00
      23026    959.375     45.333     45.623    26.3262    26.3483   5.622177   5.624244     3.1685     2.7009       7.50   22.27328  -97.54634   -0.00169   -0.00248          1  0.000e+00
      23027    959.417     45.279     45.568    26.3292    26.3503   5.622294   5.624717     3.1673     2.7009       7.50   22.27328  -97.54634   -0.00171   -0.00248          1  0.000e+00
      23028    959.458     45.333     45.623    26.3300    26.3539   5.622427   5.625183     3.1673     2.7009       7.50   22.27328  -97.54634   -0.00173   -0.00248          1  0.000e+00
      23029    959.500     45.279     45.568    26.3306    26.3567   5.622559   5.625372     3.1673     2.6996       7.50   22.27328  -97.54634   -0.00175   -0.00249          1  0.000e+00
      23030    959.542     45.279     45.568    26.3327    26.3568   5.622668   5.625499     3.1673     2.6996       7.50   22.27328  -97.54634   -0.00177   -0.00251          1  0.000e+00
      23031    959.583     45.258     45.548    26.3327    26.3572   5.622761   5.625499     3.1673     2.7009       7.52   22.27328  -97.54634   -0.00180   -0.00250          1  0.000e+00
      23032    959.625     45.279     45.568    26.3338    26.3547   5.622855   5.625380     3.1673     2.6996       7.52   22.27328  -97.54634   -0.00183   -0.00250          1  0.000e+00
      23033    959.667     45.231     45.521    26.3348    26.3538   5.623018   5.625309     3.1661     2.6996       7.50   22.27328  -97.54634   -0.00186   -0.00249          1  0.000e+00
      23034    959.708     45.279     45.568    26.3346    26.3551   5.622995   5.625444     3.1673     2.6996       7.52   22.27328  -97.54634   -0.00188   -0.00247          1  0.000e+00
      23035    959.750     45.184     45.473    26.3343    26.3576   5.622972   5.625625     3.1673     2.6984       7.50   22.27328  -97.54634   -0.00191   -0.00248          1  0.000e+00
      23036    959.792     45.231     45.521    26.3341    26.3600   5.622933   5.625743     3.1673     2.6984       7.50   22.27328  -97.54634   -0.00193   -0.00248          1  0.000e+00
      23037    959.833     45.231     45.521    26.3340    26.3596   5.622886   5.625728     3.1673     2.6984       7.50   22.27328  -97.54634   -0.00195   -0.00248          1  0.000e+00
      23038    959.875     45.279     45.568    26.3329    26.3592   5.622769   5.625751     3.1673     2.6984       7.50   22.27328  -97.54634   -0.00197   -0.00246          1  0.000e+00
      23039    959.917     45.184     45.473    26.3320    26.3596   5.622738   5.625838     3.1673     2.6984       7.52   22.27328  -97.54634   -0.00197   -0.00243          1  0.000e+00
      23040    959.958     45.184     45.473    26.3314    26.3598   5.622699   5.625862     3.1673     2.6972       7.52   22.27328  -97.54634   -0.00196   -0.00243          1  0.000e+00
      23041    960.000     45.231     45.521    26.3312    26.3605   5.622582   5.625925     3.1685     2.6972       7.52   22.27328  -97.54634   -0.00196   -0.00241          1  0.000e+00
      23042    960.042     45.184     45.473    26.3306    26.3613   5.622582   5.625996     3.1673     2.6972       7.67   22.27328  -97.54634   -0.00197   -0.00240          1  0.000e+00
      23043    960.083     45.211     45.500    26.3305    26.3608   5.622559   5.625996     3.1685     2.6972       7.74   22.27328  -97.54634   -0.00196   -0.00238          1  0.000e+00
      23044    960.125     45.184     45.473    26.3305    26.3607   5.622551   5.625996     3.1685     2.6972       7.74   22.27328  -97.54634   -0.00195   -0.00236          1  0.000e+00
      23045    960.167     45.184     45.473    26.3304    26.3603   5.622536   5.625893     3.1685     2.6972       7.74   22.27328  -97.54634   -0.00194   -0.00233          1  0.000e+00
      23046    960.208     45.184     45.473    26.3301    26.3594   5.622442   5.625791     3.1697     2.6984       7.74   22.27328  -97.54634   -0.00189   -0.00229          1  0.000e+00
      23047    960.250     45.130     45.418    26.3297    26.3572   5.622419   5.625657     3.1697     2.6984       7.74   22.27328  -97.54634   -0.00186   -0.00224          1  0.000e+00
      23048    960.292     45.184     45.473    26.3296    26.3556   5.622419   5.625586     3.1685     2.6972       7.74   22.27328  -97.54634   -0.00183   -0.00220          1  0.000e+00
      23049    960.333     45.184     45.473    26.3292    26.3558   5.622450   5.625680     3.1697     2.6984       7.74   22.27328  -97.54634   -0.00180   -0.00215          1  0.000e+00
      23050    960.375     45.184     45.473    26.3291    26.3551   5.622465   5.625546     3.1697     2.6984       7.74   22.27328  -97.54634   -0.00174   -0.00209          1  0.000e+00
      23051    960.417     45.184     45.473    26.3291    26.3536   5.622528   5.625388     3.1697     2.6984       7.74   22.27328  -97.54634   -0.00169   -0.00205          1  0.000e+00
      23052    960.458     45.130     45.418    26.3293    26.3525   5.622512   5.625309     3.1709     2.6984       7.74   22.27328  -97.54634   -0.00163   -0.00199          1  0.000e+00
      23053    960.500     45.130     45.418    26.3292    26.3516   5.622504   5.625301     3.1709     2.6984       7.74   22.27328  -97.54634   -0.00156   -0.00194          1  0.000e+00
      23054    960.542     45.184     45.473    26.3296    26.3510   5.622504   5.625230     3.1709     2.6984       7.72   22.27328  -97.54634   -0.00149   -0.00189          1  0.000e+00
      23055    960.583     45.157     45.446    26.3297    26.3501   5.622473   5.625238     3.1709     2.6996       7.72   22.27328  -97.54634   -0.00141   -0.00182          1  0.000e+00
      23056    960.625     45.130     45.418    26.3298    26.3492   5.622465   5.625254     3.1709     2.6996       7.74   22.27328  -97.54634   -0.00135   -0.00175          1  0.000e+00
      23057    960.667     45.130     45.418    26.3297    26.3492   5.622465   5.625183     3.1722     2.6996       7.74   22.27328  -97.54634   -0.00127   -0.00167          1  0.000e+00
      23058    960.708     45.130     45.418    26.3292    26.3483   5.622395   5.625025     3.1722     2.7009       7.74   22.27328  -97.54634   -0.00120   -0.00160          1  0.000e+00
      23059    960.750     45.184     45.473    26.3281    26.3468   5.622372   5.624938     3.1722     2.7009       7.72   22.27328  -97.54634   -0.00112   -0.00152          1  0.000e+00
      23060    960.792     45.130     45.418    26.3278    26.3465   5.622372   5.625033     3.1722     2.7009       7.74   22.27328  -97.54634   -0.00102   -0.00144          1  0.000e+00
      23061    960.833     45.082     45.371    26.3276    26.3476   5.622333   5.625104     3.1722     2.7021       7.74   22.27328  -97.54634   -0.00092   -0.00134          1  0.000e+00
      23062    960.875     45.184     45.473    26.3278    26.3499   5.622341   5.625120     3.1722     2.7021       7.74   22.27328  -97.54634   -0.00085   -0.00124          1  0.000e+00
      23063    960.917     45.130     45.418    26.3284    26.3512   5.622395   5.625151     3.1734     2.7021       7.74   22.27328  -97.54634   -0.00075   -0.00114          1  0.000e+00
      23064    960.958     45.184     45.473    26.3289    26.3517   5.622419   5.625167     3.1722     2.7021       7.74   22.27328  -97.54634   -0.00067   -0.00104          1  0.000e+00
      23065    961.000     45.082     45.371    26.3293    26.3518   5.622349   5.625128     3.1734     2.7033       7.74   22.27328  -97.54634   -0.00057   -0.00094          1  0.000e+00
      23066    961.042     45.157     45.446    26.3292    26.3523   5.622356   5.625017     3.1734     2.7033       7.77   22.27328  -97.54634   -0.00047   -0.00084          1  0.000e+00
      23067    961.083     45.184     45.473    26.3292    26.3516   5.622403   5.624938     3.1734     2.7033       7.77   22.27328  -97.54634   -0.00037   -0.00074          1  0.000e+00
      24931   1038.750     39.678     39.932    28.4446    28.4650   5.856332   5.858850     3.2833     2.7863      13.21   22.27330  -97.54640   -0.00181   -0.00043          2  0.000e+00
      24932   1038.792     39.624     39.877    28.4481    28.4720   5.856942   5.859428     3.2833     2.7863      13.21   22.27330  -97.54640   -0.00184   -0.00071          2  0.000e+00
      24933   1038.833     40.024     40.279    28.4495    28.4751   5.857203   5.859613     3.2833     2.7863      13.21   22.27330  -97.54640   -0.00189   -0.00099          2  0.000e+00
      24934   1038.875     39.644     39.897    28.4490    28.4788   5.857053   5.859854     3.2821     2.7863      13.21   22.27330  -97.54640   -0.00194   -0.00126          2  0.000e+00
      24935   1038.917     39.820     40.075    28.4512    28.4884   5.856958   5.860505     3.2833     2.7875      13.21   22.27330  -97.54640   -0.00196   -0.00151          2  0.000e+00
      24936   1038.958     39.820     40.075    28.4545    28.4977   5.856910   5.860769     3.2821     2.7875      13.21   22.27330  -97.54640   -0.00201   -0.00175          2  0.000e+00
      24937   1039.000     39.773     40.027    28.4519    28.4941   5.856609   5.860649     3.2833     2.7875      13.21   22.27330  -97.54640   -0.00201   -0.00197          2  0.000e+00
      24938   1039.042     39.773     40.027    28.4473    28.4910   5.856046   5.860561     3.2821     2.7875      13.19   22.27330  -97.54640   -0.00203   -0.00217          2  0.000e+00
      24939   1039.083     39.793     40.047    28.4446    28.4895   5.855848   5.860087     3.2821     2.7888      13.16   22.27330  -97.54640   -0.00205   -0.00236          2  0.000e+00
      24940   1039.125     39.820     40.075    28.4435    28.4840   5.855872   5.859782     3.2821     2.7888      13.14   22.27330  -97.54640   -0.00207   -0.00253          2  0.000e+00
      24941   1039.167     39.820     40.075    28.4426    28.4797   5.855777   5.859733     3.2821     2.7888      13.16   22.27330  -97.54640   -0.00209   -0.00270          2  0.000e+00
      24942   1039.208     39.773     40.027    28.4382    28.4718   5.855563   5.859525     3.2808     2.7888      13.14   22.27330  -97.54640   -0.00210   -0.00286          2  0.000e+00
      24943   1039.250     39.820     40.075    28.4353    28.4699   5.855112   5.858834     3.2821     2.7900      13.16   22.27330  -97.54640   -0.00209   -0.00300          2  0.000e+00
      24944   1039.292     39.793     40.047    28.4332    28.4606   5.854438   5.858344     3.2808     2.7900      13.16   22.27330  -97.54640   -0.00210   -0.00314          2  0.000e+00
      24945   1039.333     39.820     40.075    28.4281    28.4507   5.853860   5.858256     3.2808     2.7900      13.16   22.27330  -97.54640   -0.00210   -0.00326          2  0.000e+00
      24946   1039.375     39.820     40.075    28.4242    28.4533   5.853591   5.858111     3.2821     2.7900      13.14   22.27330  -97.54640   -0.00209   -0.00339          2  0.000e+00
      24947   1039.417     39.820     40.075    28.4221    28.4604   5.853472   5.857693     3.2808     2.7900      13.14   22.27330  -97.54640   -0.00209   -0.00349          2  0.000e+00
      24948   1039.458     39.746     40.000    28.4215    28.4559   5.853408   5.856858     3.2808     2.7900      13.14   22.27330  -97.54640   -0.00209   -0.00358          2  0.000e+00
      24949   1039.500     39.922     40.177    28.4210    28.4431   5.853290   5.856232     3.2808     2.7900      13.16   22.27330  -97.54640   -0.00208   -0.00369          2  0.000e+00
      24950   1039.542     39.820     40.075    28.4189    28.4522   5.853210   5.856095     3.2808     2.7900      13.14   22.27330  -97.54640   -0.00209   -0.00378          2  0.000e+00
      24951   1039.583     39.820     40.075    28.4197    28.4444   5.853456   5.855413     3.2808     2.7888      13.14   22.27330  -97.54640   -0.00210   -0.00387          2  0.000e+00
      24952   1039.625     39.875     40.129    28.4232    28.4285   5.853757   5.854385     3.2808     2.7888      13.16   22.27330  -97.54640   -0.00210   -0.00396          2  0.000e+00
      24953   1039.667     39.847     40.102    28.4239    28.4191   5.853900   5.853630     3.2808     2.7888      13.14   22.27330  -97.54640   -0.00210   -0.00403          2  0.000e+00
      24954   1039.708     39.875     40.129    28.4244    28.4143   5.853812   5.853173     3.2808     2.7888      13.16   22.27330  -97.54640   -0.00210   -0.00408          2  0.000e+00
      24955   1039.750     39.875     40.129    28.4235    28.4116   5.853527   5.852867     3.2796     2.7875      13.16   22.27330  -97.54640   -0.00211   -0.00414          2  0.000e+00
      24956   1039.792     39.820     40.075    28.4211    28.4101   5.853226   5.852643     3.2796     2.7875      13.16   22.27330  -97.54640   -0.00213   -0.00419          2  0.000e+00
      24957   1039.833     39.875     40.129    28.4175    28.4107   5.852799   5.852530     3.2808     2.7875      13.16   22.27330  -97.54640   -0.00213   -0.00422          2  0.000e+00
      24958   1039.875     39.895     40.150    28.4151    28.4108   5.852426   5.852514     3.2808     2.7875      13.14   22.27330  -97.54640   -0.00214   -0.00425          2  0.000e+00
      24959   1039.917     39.820     40.075    28.4127    28.4099   5.852204   5.852394     3.2808     2.7875      13.14   22.27330  -97.54640   -0.00215   -0.00425          2  0.000e+00
      24960   1039.958     39.875     40.129    28.4102    28.4095   5.852157   5.852257     3.2808     2.7875      13.16   22.27330  -97.54640   -0.00215   -0.00425          2  0.000e+00
      24961   1040.000     39.875     40.129    28.4122    28.4081   5.852363   5.852209     3.2796     2.7875      13.14   22.27330  -97.54640   -0.00217   -0.00424          2  0.000e+00
      24962   1040.042     39.922     40.177    28.4153    28.4106   5.852577   5.852691     3.2808     2.7875      13.11   22.27330  -97.54640   -0.00216   -0.00421          2  0.000e+00
      24963   1040.083     39.895     40.150    28.4149    28.4186   5.852236   5.853486     3.2796     2.7888      13.09   22.27330  -97.54640   -0.00218   -0.00417          2  0.000e+00
      24964   1040.125     39.875     40.129    28.4083    28.4267   5.851484   5.854240     3.2796     2.7875      13.09   22.27330  -97.54640   -0.00221   -0.00413          2  0.000e+00
      24965   1040.167     39.922     40.177    28.4019    28.4297   5.850676   5.854489     3.2796     2.7888      13.09   22.27330  -97.54640   -0.00223   -0.00406          2  0.000e+00
      24966   1040.208     39.875     40.129    28.3907    28.4322   5.849939   5.854513     3.2808     2.7888      13.09   22.27330  -97.54640   -0.00222   -0.00397          2  0.000e+00
      24967   1040.250     39.895     40.150    28.3862    28.4287   5.849353   5.854441     3.2808     2.7888      13.09   22.27330  -97.54640   -0.00223   -0.00388          2  0.000e+00
