Gulf of Mexico/GOMECC-4/1db/rb2103_0281.ros
* Sea-Bird SBE 9 Data File:
* FileName = C:\Users\scs.user.rb\CTD\GOMECC4\data\rb2103_0281.hex
* Software Version Seasave V 7.26.7.107
* Temperature SN = 4799
* Conductivity SN = 3860
* Number of Bytes Per Scan = 41
* Number of Voltage Words = 4
* Number of Scans Averaged by the Deck Unit = 1
* NMEA Latitude = 27 59.98 N
* NMEA Longitude = 086 37.19 W
* NMEA UTC (Time) = Sep 21 2021  18:09:14
* NMEA baud rate = 4800
# nquan = 17
# nvalues = 3192                                  
# units = specified
# name 0 = scan: Scan Count
# name 1 = timeS: Time, Elapsed [seconds]
# name 2 = depSM: Depth [salt water, m]
# name 3 = prDM: Pressure, Digiquartz [db]
# name 4 = t090C: Temperature [ITS-90, deg C]
# name 5 = t190C: Temperature, 2 [ITS-90, deg C]
# name 6 = c0S/m: Conductivity [S/m]
# name 7 = c1S/m: Conductivity, 2 [S/m]
# name 8 = sbeox0V: Oxygen raw, SBE 43 [V]
# name 9 = sbeox1V: Oxygen raw, SBE 43, 2 [V]
# name 10 = altM: Altimeter [m]
# name 11 = latitude: Latitude [deg]
# name 12 = longitude: Longitude [deg]
# name 13 = sbox0dV/dT: Oxygen, SBE 43 [dov/dt]
# name 14 = sbox1dV/dT: Oxygen, SBE 43, 2 [dov/dt]
# name 15 = nbf: Bottles Fired
# name 16 = flag:  0.000e+00
# interval = seconds: 0.0416667
# start_time = Sep 21 2021 18:09:14 [NMEA time, header]
# bad_flag = -9.990e-29
*END*
[from data line 852]
     140877   5869.833   1681.792   1699.947     4.3053     4.3059   3.354391   3.354323     1.9158     1.5971     100.00   27.99878  -86.62058   -0.00007   -0.00005          7  0.000e+00
     140878   5869.875   1681.846   1700.002     4.3053     4.3060   3.354429   3.354323     1.9158     1.5971     100.00   27.99878  -86.62058   -0.00006   -0.00005          7  0.000e+00
     140879   5869.917   1681.792   1699.947     4.3052     4.3059   3.354417   3.354323     1.9158     1.5971     100.00   27.99878  -86.62058   -0.00005   -0.00005          7  0.000e+00
     140880   5869.958   1681.846   1700.002     4.3053     4.3059   3.354436   3.354342     1.9158     1.5971     100.00   27.99878  -86.62058   -0.00005   -0.00005          7  0.000e+00
     140881   5870.000   1681.792   1699.947     4.3053     4.3060   3.354417   3.354329     1.9158     1.5971     100.00   27.99878  -86.62058   -0.00006   -0.00006          7  0.000e+00
     140882   5870.042   1681.846   1700.002     4.3052     4.3057   3.354391   3.354342     1.9158     1.5971     100.00   27.99878  -86.62058   -0.00005   -0.00004          7  0.000e+00
     140883   5870.083   1681.846   1700.002     4.3054     4.3060   3.354423   3.354323     1.9158     1.5971     100.00   27.99878  -86.62058   -0.00004   -0.00004          7  0.000e+00
     140884   5870.125   1681.792   1699.947     4.3053     4.3058   3.354423   3.354298     1.9158     1.5971     100.00   27.99878  -86.62058   -0.00003   -0.00002          7  0.000e+00
     140885   5870.167   1681.846   1700.002     4.3052     4.3060   3.354385   3.354310     1.9158     1.5971     100.00   27.99878  -86.62058   -0.00002   -0.00002          7  0.000e+00
     140886   5870.208   1681.846   1700.002     4.3053     4.3057   3.354404   3.354298     1.9158     1.5971     100.00   27.99878  -86.62058   -0.00001   -0.00001          7  0.000e+00
     140887   5870.250   1681.846   1700.002     4.3050     4.3058   3.354391   3.354291     1.9145     1.5971     100.00   27.99878  -86.62058   -0.00001   -0.00001          7  0.000e+00
     140888   5870.292   1681.846   1700.002     4.3053     4.3059   3.354404   3.354329     1.9145     1.5971     100.00   27.99878  -86.62058   -0.00002   -0.00001          7  0.000e+00
     140889   5870.333   1681.846   1700.002     4.3051     4.3059   3.354391   3.354329     1.9145     1.5971     100.00   27.99878  -86.62058   -0.00003   -0.00001          7  0.000e+00
     140890   5870.375   1681.792   1699.947     4.3053     4.3060   3.354404   3.354323     1.9145     1.5971     100.00   27.99878  -86.62058   -0.00003   -0.00001          7  0.000e+00
     140891   5870.417   1681.908   1700.065     4.3052     4.3059   3.354391   3.354342     1.9145     1.5971     100.00   27.99878  -86.62058   -0.00004   -0.00001          7  0.000e+00
     140892   5870.458   1681.846   1700.002     4.3051     4.3060   3.354423   3.354349     1.9158     1.5971     100.00   27.99878  -86.62058   -0.00002   -0.00001          7  0.000e+00
     140893   5870.500   1681.847   1700.002     4.3051     4.3058   3.354398   3.354349     1.9145     1.5971     100.00   27.99878  -86.62058   -0.00005   -0.00001          7  0.000e+00
     140894   5870.542   1681.908   1700.065     4.3052     4.3059   3.354379   3.354330     1.9145     1.5971     100.00   27.99878  -86.62058   -0.00007   -0.00001          7  0.000e+00
     140895   5870.583   1681.847   1700.003     4.3051     4.3060   3.354404   3.354323     1.9145     1.5971     100.00   27.99878  -86.62058   -0.00009   -0.00001          7  0.000e+00
     140896   5870.625   1681.847   1700.003     4.3051     4.3058   3.354417   3.354342     1.9145     1.5971     100.00   27.99878  -86.62058   -0.00012   -0.00001          7  0.000e+00
     140897   5870.667   1681.847   1700.003     4.3055     4.3060   3.354385   3.354329     1.9145     1.5971     100.00   27.99878  -86.62058   -0.00012   -0.00001          7  0.000e+00
     140898   5870.708   1681.908   1700.065     4.3051     4.3060   3.354404   3.354342     1.9158     1.5971     100.00   27.99878  -86.62058   -0.00011   -0.00001          7  0.000e+00
     140899   5870.750   1681.847   1700.003     4.3053     4.3060   3.354436   3.354329     1.9158     1.5971     100.00   27.99878  -86.62058   -0.00010   -0.00001          7  0.000e+00
     140900   5870.792   1681.909   1700.065     4.3052     4.3060   3.354398   3.354323     1.9158     1.5971     100.00   27.99878  -86.62058   -0.00010   -0.00001          7  0.000e+00
     140901   5870.833   1681.847   1700.003     4.3053     4.3060   3.354379   3.354291     1.9158     1.5971     100.00   27.99878  -86.62058   -0.00011   -0.00001          7  0.000e+00
     140902   5870.875   1681.909   1700.065     4.3050     4.3060   3.354404   3.354355     1.9158     1.5971     100.00   27.99878  -86.62058   -0.00009   -0.00001          7  0.000e+00
     140903   5870.917   1681.909   1700.066     4.3051     4.3060   3.354360   3.354336     1.9158     1.5971     100.00   27.99878  -86.62058   -0.00010   -0.00001          7  0.000e+00
     140904   5870.958   1681.847   1700.003     4.3053     4.3060   3.354373   3.354323     1.9158     1.5971     100.00   27.99878  -86.62058   -0.00011   -0.00001          7  0.000e+00
     140905   5871.000   1681.909   1700.066     4.3050     4.3061   3.354404   3.354323     1.9158     1.5971     100.00   27.99878  -86.62058   -0.00009   -0.00001          7  0.000e+00
     140906   5871.042   1681.847   1700.003     4.3053     4.3059   3.354385   3.354342     1.9158     1.5971     100.00   27.99878  -86.62058   -0.00008   -0.00001          7  0.000e+00
     140907   5871.083   1681.909   1700.066     4.3051     4.3061   3.354429   3.354349     1.9158     1.5971     100.00   27.99878  -86.62058   -0.00007   -0.00001          7  0.000e+00
     140908   5871.125   1681.909   1700.066     4.3053     4.3059   3.354391   3.354330     1.9145     1.5971     100.00   27.99878  -86.62058   -0.00008   -0.00001          7  0.000e+00
     140909   5871.167   1681.909   1700.066     4.3051     4.3060   3.354379   3.354323     1.9145     1.5971     100.00   27.99878  -86.62058   -0.00008   -0.00001          7  0.000e+00
     140910   5871.208   1681.909   1700.066     4.3053     4.3061   3.354404   3.354317     1.9145     1.5971     100.00   27.99878  -86.62058   -0.00009   -0.00002          7  0.000e+00
     140911   5871.250   1681.847   1700.003     4.3053     4.3059   3.354391   3.354336     1.9145     1.5971     100.00   27.99878  -86.62058   -0.00009   -0.00002          7  0.000e+00
     140912   5871.292   1681.909   1700.066     4.3050     4.3060   3.354404   3.354330     1.9158     1.5971     100.00   27.99878  -86.62058   -0.00008   -0.00002          7  0.000e+00
     140913   5871.333   1681.909   1700.066     4.3054     4.3061   3.354410   3.354323     1.9145     1.5971     100.00   27.99878  -86.62058   -0.00009   -0.00002          7  0.000e+00
     140914   5871.375   1681.909   1700.066     4.3052     4.3060   3.354391   3.354361     1.9158     1.5971     100.00   27.99878  -86.62058   -0.00007   -0.00002          7  0.000e+00
     140915   5871.417   1681.909   1700.066     4.3051     4.3060   3.354404   3.354355     1.9145     1.5971     100.00   27.99878  -86.62058   -0.00008   -0.00002          7  0.000e+00
     140916   5871.458   1681.909   1700.066     4.3053     4.3060   3.354410   3.354349     1.9158     1.5958     100.00   27.99878  -86.62058   -0.00006   -0.00003          7  0.000e+00
     140917   5871.500   1681.909   1700.066     4.3053     4.3059   3.354410   3.354349     1.9145     1.5971     100.00   27.99878  -86.62058   -0.00007   -0.00002          7  0.000e+00
     140918   5871.542   1681.848   1700.003     4.3051     4.3060   3.354410   3.354349     1.9145     1.5971     100.00   27.99878  -86.62058   -0.00007   -0.00002          7  0.000e+00
     140919   5871.583   1681.909   1700.066     4.3051     4.3060   3.354385   3.354323     1.9145     1.5971     100.00   27.99878  -86.62058   -0.00008   -0.00002          7  0.000e+00
     140920   5871.625   1681.909   1700.066     4.3052     4.3060   3.354404   3.354336     1.9145     1.5971     100.00   27.99878  -86.62058   -0.00008   -0.00002          7  0.000e+00
     140921   5871.667   1681.909   1700.066     4.3051     4.3059   3.354410   3.354349     1.9158     1.5971     100.00   27.99878  -86.62058   -0.00008   -0.00002          7  0.000e+00
     140922   5871.708   1681.909   1700.066     4.3051     4.3060   3.354410   3.354330     1.9158     1.5971     100.00   27.99878  -86.62058   -0.00009   -0.00002          7  0.000e+00
     140923   5871.750   1681.910   1700.066     4.3050     4.3060   3.354385   3.354323     1.9158     1.5971     100.00   27.99878  -86.62058   -0.00007   -0.00001          7  0.000e+00
     140924   5871.792   1681.910   1700.066     4.3050     4.3060   3.354360   3.354323     1.9158     1.5971     100.00   27.99878  -86.62058   -0.00006   -0.00001          7  0.000e+00
     140925   5871.833   1681.910   1700.066     4.3051     4.3060   3.354379   3.354323     1.9145     1.5971     100.00   27.99878  -86.62058   -0.00008   -0.00001          7  0.000e+00
     140926   5871.875   1681.910   1700.066     4.3052     4.3060   3.354404   3.354342     1.9158     1.5971     100.00   27.99878  -86.62058   -0.00008   -0.00001          7  0.000e+00
     140927   5871.917   1681.848   1700.004     4.3050     4.3057   3.354410   3.354330     1.9158     1.5971     100.00   27.99878  -86.62058   -0.00009   -0.00001          7  0.000e+00
     140928   5871.958   1681.910   1700.067     4.3053     4.3060   3.354436   3.354317     1.9158     1.5971     100.00   27.99878  -86.62058   -0.00007   -0.00001          7  0.000e+00
     140929   5872.000   1681.910   1700.067     4.3053     4.3059   3.354423   3.354336     1.9158     1.5971     100.00   27.99878  -86.62058   -0.00006   -0.00001          7  0.000e+00
     140930   5872.042   1681.910   1700.067     4.3053     4.3059   3.354385   3.354330     1.9158     1.5971     100.00   27.99878  -86.62058   -0.00005   -0.00001          7  0.000e+00
     140931   5872.083   1681.848   1700.004     4.3051     4.3058   3.354404   3.354323     1.9158     1.5971     100.00   27.99878  -86.62058   -0.00001   -0.00001          7  0.000e+00
     140932   5872.125   1681.910   1700.067     4.3052     4.3062   3.354410   3.354342     1.9158     1.5971     100.00   27.99878  -86.62058 -8.792e-07   -0.00001          7  0.000e+00
     140933   5872.167   1681.910   1700.067     4.3053     4.3060   3.354391   3.354368     1.9158     1.5971     100.00   27.99878  -86.62058    0.00001   -0.00001          7  0.000e+00
     140934   5872.208   1681.848   1700.004     4.3053     4.3061   3.354404   3.354336     1.9158     1.5971     100.00   27.99878  -86.62058    0.00003   -0.00001          7  0.000e+00
     140935   5872.250   1681.910   1700.067     4.3052     4.3060   3.354385   3.354298     1.9158     1.5971     100.00   27.99878  -86.62058    0.00004   -0.00001          7  0.000e+00
     140936   5872.292   1681.910   1700.067     4.3054     4.3059   3.354379   3.354310     1.9145     1.5971     100.00   27.99878  -86.62058    0.00004   -0.00001          7  0.000e+00
     140937   5872.333   1681.910   1700.067     4.3051     4.3060   3.354404   3.354317     1.9145     1.5971     100.00   27.99878  -86.62058    0.00003   -0.00001          7  0.000e+00
     140938   5872.375   1681.848   1700.004     4.3053     4.3059   3.354410   3.354317     1.9158     1.5971      94.77   27.99878  -86.62058    0.00005   -0.00001          7  0.000e+00
     140939   5872.417   1681.848   1700.004     4.3050     4.3060   3.354360   3.354323     1.9158     1.5971      70.70   27.99878  -86.62058    0.00006   -0.00001          7  0.000e+00
     140940   5872.458   1681.910   1700.067     4.3053     4.3058   3.354398   3.354342     1.9158     1.5971      60.15   27.99878  -86.62058    0.00006   -0.00001          7  0.000e+00
     140941   5872.500   1681.849   1700.004     4.3052     4.3060   3.354385   3.354329     1.9145     1.5971      59.58   27.99878  -86.62058    0.00004   -0.00001          7  0.000e+00
     140942   5872.542   1681.849   1700.004     4.3050     4.3057   3.354429   3.354323     1.9145     1.5971      60.78   27.99878  -86.62058    0.00003   -0.00001          7  0.000e+00
     140943   5872.583   1681.910   1700.067     4.3051     4.3056   3.354398   3.354323     1.9145     1.5971      61.27   27.99878  -86.62058    0.00001   -0.00001          7  0.000e+00
     140944   5872.625   1681.849   1700.005     4.3053     4.3060   3.354423   3.354361     1.9158     1.5971      61.29   27.99878  -86.62058    0.00001   -0.00001          7  0.000e+00
     140945   5872.667   1681.849   1700.005     4.3053     4.3058   3.354423   3.354336     1.9158     1.5971      61.25   27.99878  -86.62058    0.00001   -0.00001          7  0.000e+00
     140946   5872.708   1681.910   1700.067     4.3051     4.3060   3.354410   3.354317     1.9158     1.5971      61.22   27.99878  -86.62058    0.00000   -0.00001          7  0.000e+00
     140947   5872.750   1681.849   1700.005     4.3053     4.3060   3.354410   3.354336     1.9158     1.5971      61.22   27.99878  -86.62058    0.00002   -0.00001          7  0.000e+00
     140948   5872.792   1681.849   1700.005     4.3053     4.3058   3.354360   3.354330     1.9145     1.5971      61.22   27.99878  -86.62058    0.00001   -0.00001          7  0.000e+00
     140949   5872.833   1681.849   1700.005     4.3053     4.3059   3.354398   3.354342     1.9158     1.5971      61.22   27.99878  -86.62058    0.00001   -0.00001          7  0.000e+00
     140950   5872.875   1681.911   1700.067     4.3053     4.3060   3.354410   3.354349     1.9158     1.5971      61.22   27.99878  -86.62058    0.00000   -0.00001          7  0.000e+00
     140951   5872.917   1681.849   1700.005     4.3051     4.3058   3.354436   3.354330     1.9158     1.5971      61.22   27.99878  -86.62058   -0.00000   -0.00001          7  0.000e+00
     140952   5872.958   1681.849   1700.005     4.3053     4.3060   3.354423   3.354323     1.9145     1.5971      61.20   27.99878  -86.62058   -0.00001   -0.00000          7  0.000e+00
     140953   5873.000   1681.849   1700.005     4.3053     4.3057   3.354410   3.354323     1.9158     1.5971      61.22   27.99878  -86.62058    0.00001   -0.00000          7  0.000e+00
     140954   5873.042   1681.849   1700.005     4.3053     4.3060   3.354410   3.354298     1.9158     1.5971      61.20   27.99878  -86.62058    0.00002   -0.00000          7  0.000e+00
     140955   5873.083   1681.849   1700.005     4.3052     4.3059   3.354410   3.354330     1.9145     1.5971      61.22   27.99878  -86.62058    0.00002   -0.00000          7  0.000e+00
     148287   6178.583   1484.826   1500.147     4.3288     4.3293   3.348054   3.347993     1.9389     1.6203     100.00   27.99868  -86.62070    0.00005   -0.00007          8  0.000e+00
     148288   6178.625   1484.826   1500.147     4.3289     4.3293   3.348073   3.347987     1.9389     1.6203     100.00   27.99868  -86.62070    0.00005   -0.00006          8  0.000e+00
     148289   6178.667   1484.880   1500.202     4.3287     4.3294   3.348035   3.348006     1.9389     1.6190     100.00   27.99868  -86.62070    0.00004   -0.00007          8  0.000e+00
     148290   6178.708   1484.942   1500.264     4.3289     4.3294   3.348066   3.347993     1.9389     1.6203     100.00   27.99868  -86.62070    0.00003   -0.00006          8  0.000e+00
     148291   6178.750   1484.826   1500.147     4.3288     4.3293   3.348060   3.347987     1.9389     1.6190     100.00   27.99868  -86.62070    0.00004   -0.00008          8  0.000e+00
