Gulf of Mexico/GOMECC-4/1db/rb2103_0031.ros
* Sea-Bird SBE 9 Data File:
* FileName = C:\Users\scs.user.rb\CTD\GOMECC4\data\rb2103_003.hex
* Software Version Seasave V 7.26.7.107
* Temperature SN = 4799
* Conductivity SN = 3860
* Number of Bytes Per Scan = 41
* Number of Voltage Words = 4
* Number of Scans Averaged by the Deck Unit = 1
* NMEA Latitude = 26 59.30 N
* NMEA Longitude = 079 46.65 W
* NMEA UTC (Time) = Sep 14 2021  20:49:18
* NMEA baud rate = 4800
# nquan = 17
# nvalues = 2261                                  
# units = specified
# name 0 = scan: Scan Count
# name 1 = timeS: Time, Elapsed [seconds]
# name 2 = depSM: Depth [salt water, m]
# name 3 = prDM: Pressure, Digiquartz [db]
# name 4 = t090C: Temperature [ITS-90, deg C]
# name 5 = t190C: Temperature, 2 [ITS-90, deg C]
# name 6 = c0S/m: Conductivity [S/m]
# name 7 = c1S/m: Conductivity, 2 [S/m]
# name 8 = sbeox0V: Oxygen raw, SBE 43 [V]
# name 9 = sbeox1V: Oxygen raw, SBE 43, 2 [V]
# name 10 = altM: Altimeter [m]
# name 11 = latitude: Latitude [deg]
# name 12 = longitude: Longitude [deg]
# name 13 = sbox0dV/dT: Oxygen, SBE 43 [dov/dt]
# name 14 = sbox1dV/dT: Oxygen, SBE 43, 2 [dov/dt]
# name 15 = nbf: Bottles Fired
# name 16 = flag:  0.000e+00
# interval = seconds: 0.0416667
# start_time = Sep 14 2021 20:49:18 [NMEA time, header]
# bad_flag = -9.990e-29
*END*
[from data line 86]
      29950   1247.875    387.296    390.227     7.6155     7.6172   3.600189   3.600314     1.6850     1.3895       8.86   26.99946  -79.77874    0.00005    0.00002          1  0.000e+00
      29951   1247.917    387.311    390.242     7.6158     7.6173   3.600176   3.600314     1.6850     1.3895       8.86   26.99946  -79.77874    0.00003   -0.00000          1  0.000e+00
      29952   1247.958    387.356    390.288     7.6162     7.6175   3.600215   3.600314     1.6850     1.3895       8.86   26.99946  -79.77874    0.00003 -3.517e-07          1  0.000e+00
      29953   1248.000    387.242    390.173     7.6162     7.6178   3.600235   3.600334     1.6850     1.3895       8.86   26.99946  -79.77874    0.00003 3.5168e-07          1  0.000e+00
      29954   1248.042    387.311    390.242     7.6163     7.6186   3.600235   3.600393     1.6862     1.3895       8.86   26.99946  -79.77874    0.00005    0.00000          1  0.000e+00
      29955   1248.083    387.296    390.227     7.6160     7.6190   3.600235   3.600459     1.6850     1.3895       8.86   26.99946  -79.77874    0.00004    0.00000          1  0.000e+00
      29956   1248.125    387.356    390.288     7.6162     7.6191   3.600235   3.600479     1.6850     1.3895       8.86   26.99946  -79.77874    0.00003    0.00000          1  0.000e+00
      29957   1248.167    387.311    390.242     7.6162     7.6186   3.600209   3.600426     1.6850     1.3895       8.86   26.99946  -79.77874    0.00002    0.00000          1  0.000e+00
      29958   1248.208    387.296    390.227     7.6162     7.6186   3.600248   3.600433     1.6850     1.3895       8.86   26.99946  -79.77874    0.00002    0.00000          1  0.000e+00
      29959   1248.250    387.311    390.242     7.6157     7.6193   3.600215   3.600466     1.6862     1.3895       8.89   26.99946  -79.77874    0.00004    0.00000          1  0.000e+00
      29960   1248.292    387.356    390.288     7.6157     7.6195   3.600202   3.600498     1.6850     1.3895       8.86   26.99946  -79.77874    0.00004    0.00001          1  0.000e+00
      29961   1248.333    387.296    390.227     7.6157     7.6190   3.600202   3.600512     1.6850     1.3895       8.86   26.99946  -79.77874    0.00003    0.00001          1  0.000e+00
      29962   1248.375    387.417    390.350     7.6152     7.6188   3.600150   3.600459     1.6850     1.3895       8.86   26.99946  -79.77874    0.00003    0.00001          1  0.000e+00
      29963   1248.417    387.242    390.173     7.6152     7.6190   3.600111   3.600419     1.6850     1.3895       8.86   26.99946  -79.77874    0.00001    0.00001          1  0.000e+00
      29964   1248.458    387.356    390.288     7.6153     7.6186   3.600150   3.600433     1.6850     1.3895       8.86   26.99946  -79.77874    0.00001    0.00001          1  0.000e+00
      29965   1248.500    387.364    390.296     7.6151     7.6186   3.600144   3.600420     1.6850     1.3895       8.86   26.99946  -79.77874    0.00001    0.00001          1  0.000e+00
      29966   1248.542    387.356    390.288     7.6152     7.6184   3.600157   3.600387     1.6850     1.3895       8.86   26.99946  -79.77874    0.00000    0.00001          1  0.000e+00
      29967   1248.583    387.356    390.288     7.6152     7.6186   3.600118   3.600400     1.6850     1.3895       8.86   26.99946  -79.77874    0.00000    0.00001          1  0.000e+00
      29968   1248.625    387.311    390.242     7.6151     7.6184   3.600124   3.600413     1.6850     1.3895       8.86   26.99946  -79.77874   -0.00000    0.00001          1  0.000e+00
      29969   1248.667    387.409    390.342     7.6151     7.6183   3.600137   3.600433     1.6850     1.3895       8.89   26.99946  -79.77874   -0.00000    0.00001          1  0.000e+00
      29970   1248.708    387.364    390.296     7.6147     7.6186   3.600111   3.600446     1.6850     1.3895       8.86   26.99946  -79.77874   -0.00001    0.00001          1  0.000e+00
      29971   1248.750    387.356    390.288     7.6149     7.6184   3.600105   3.600420     1.6850     1.3895       8.86   26.99946  -79.77874   -0.00001    0.00001          1  0.000e+00
      29972   1248.792    387.409    390.342     7.6146     7.6182   3.600105   3.600387     1.6850     1.3895       8.86   26.99948  -79.77874   -0.00001    0.00001          1  0.000e+00
      29973   1248.833    387.364    390.296     7.6147     7.6178   3.600105   3.600354     1.6850     1.3895       8.86   26.99948  -79.77874   -0.00001   -0.00000          1  0.000e+00
      29974   1248.875    387.356    390.288     7.6149     7.6178   3.600079   3.600367     1.6850     1.3895       8.79   26.99948  -79.77874   -0.00002   -0.00000          1  0.000e+00
      29975   1248.917    387.470    390.403     7.6149     7.6180   3.600092   3.600354     1.6850     1.3895       8.77   26.99948  -79.77874 -7.034e-07   -0.00000          1  0.000e+00
      29976   1248.958    387.364    390.296     7.6152     7.6180   3.600150   3.600367     1.6850     1.3895       8.77   26.99948  -79.77874   -0.00000   -0.00000          1  0.000e+00
      29977   1249.000    387.470    390.403     7.6157     7.6183   3.600170   3.600400     1.6850     1.3895       8.74   26.99948  -79.77874   -0.00000   -0.00000          1  0.000e+00
      29978   1249.042    387.409    390.342     7.6155     7.6184   3.600144   3.600387     1.6850     1.3895       8.77   26.99948  -79.77874   -0.00001   -0.00000          1  0.000e+00
      29979   1249.083    387.417    390.350     7.6151     7.6184   3.600137   3.600400     1.6850     1.3895       8.77   26.99948  -79.77874   -0.00001   -0.00000          1  0.000e+00
      29980   1249.125    387.409    390.342     7.6151     7.6184   3.600137   3.600433     1.6850     1.3895       8.77   26.99948  -79.77874   -0.00001 -8.792e-07          1  0.000e+00
      29981   1249.167    387.478    390.411     7.6151     7.6188   3.600137   3.600446     1.6850     1.3895       8.77   26.99948  -79.77874   -0.00001 -5.275e-07          1  0.000e+00
      29982   1249.208    387.470    390.403     7.6149     7.6186   3.600111   3.600420     1.6850     1.3895       8.77   26.99948  -79.77874   -0.00002 -1.758e-07          1  0.000e+00
      29983   1249.250    387.409    390.342     7.6147     7.6190   3.600105   3.600433     1.6850     1.3895       8.77   26.99948  -79.77874   -0.00002 1.7584e-07          1  0.000e+00
      29984   1249.292    387.531    390.464     7.6149     7.6186   3.600105   3.600466     1.6850     1.3895       8.77   26.99948  -79.77874   -0.00002 5.2752e-07          1  0.000e+00
      29985   1249.333    387.470    390.403     7.6147     7.6186   3.600105   3.600452     1.6850     1.3895       8.77   26.99948  -79.77874   -0.00002 8.7921e-07          1  0.000e+00
      29986   1249.375    387.470    390.403     7.6147     7.6180   3.600124   3.600393     1.6862     1.3895       8.77   26.99948  -79.77874   -0.00001    0.00000          1  0.000e+00
      29987   1249.417    387.478    390.411     7.6147     7.6178   3.600085   3.600380     1.6850     1.3895       8.77   26.99948  -79.77874   -0.00001    0.00000          1  0.000e+00
      29988   1249.458    387.523    390.457     7.6147     7.6173   3.600092   3.600328     1.6850     1.3895       8.77   26.99948  -79.77874   -0.00001    0.00000          1  0.000e+00
      29989   1249.500    387.523    390.457     7.6149     7.6162   3.600124   3.600196     1.6850     1.3895       8.77   26.99948  -79.77874   -0.00001    0.00000          1  0.000e+00
      29990   1249.542    387.478    390.411     7.6147     7.6141   3.600137   3.599986     1.6850     1.3883       8.77   26.99948  -79.77874   -0.00002   -0.00001          1  0.000e+00
      29991   1249.583    387.523    390.457     7.6149     7.6121   3.600137   3.599835     1.6850     1.3895       8.77   26.99948  -79.77874   -0.00002   -0.00001          1  0.000e+00
      29992   1249.625    387.523    390.457     7.6149     7.6120   3.600137   3.599802     1.6850     1.3895       8.77   26.99948  -79.77874   -0.00002   -0.00001          1  0.000e+00
      29993   1249.667    387.531    390.464     7.6149     7.6120   3.600111   3.599802     1.6850     1.3895       8.77   26.99948  -79.77874   -0.00002   -0.00001          1  0.000e+00
      29994   1249.708    387.523    390.457     7.6151     7.6122   3.600105   3.599782     1.6850     1.3895       8.77   26.99948  -79.77874   -0.00003   -0.00001          1  0.000e+00
      29995   1249.750    387.531    390.464     7.6151     7.6125   3.600124   3.599867     1.6850     1.3895       8.77   26.99948  -79.77874   -0.00003   -0.00001          1  0.000e+00
      29996   1249.792    387.584    390.518     7.6147     7.6129   3.600111   3.599900     1.6850     1.3895       8.77   26.99948  -79.77874   -0.00003   -0.00001          1  0.000e+00
      30429   1267.833    388.428    391.369     7.6131     7.6144   3.599950   3.600104     1.6838     1.3895       7.89   26.99966  -79.77876   -0.00008   -0.00033          2  0.000e+00
      30430   1267.875    388.314    391.254     7.6131     7.6144   3.599988   3.600098     1.6850     1.3895       7.84   26.99966  -79.77876   -0.00007   -0.00031          2  0.000e+00
      30431   1267.917    388.382    391.323     7.6129     7.6144   3.599956   3.600091     1.6850     1.3895       7.81   26.99966  -79.77876   -0.00007   -0.00030          2  0.000e+00
      30432   1267.958    388.375    391.315     7.6133     7.6144   3.599963   3.600039     1.6850     1.3895       7.81   26.99966  -79.77876   -0.00007   -0.00031          2  0.000e+00
      30433   1268.000    388.375    391.315     7.6133     7.6144   3.599995   3.600045     1.6838     1.3895       7.79   26.99966  -79.77876   -0.00008   -0.00029          2  0.000e+00
      30434   1268.042    388.329    391.269     7.6134     7.6145   3.600008   3.600078     1.6850     1.3895       7.81   26.99966  -79.77876   -0.00008   -0.00030          2  0.000e+00
      30435   1268.083    388.375    391.315     7.6136     7.6144   3.599982   3.600065     1.6850     1.3895       7.81   26.99966  -79.77876   -0.00007   -0.00030          2  0.000e+00
      30436   1268.125    388.375    391.315     7.6133     7.6141   3.599995   3.600032     1.6850     1.3895       7.81   26.99966  -79.77876   -0.00007   -0.00029          2  0.000e+00
      30437   1268.167    388.329    391.269     7.6134     7.6142   3.600008   3.600025     1.6850     1.3895       7.81   26.99966  -79.77876   -0.00006   -0.00028          2  0.000e+00
      30438   1268.208    388.375    391.315     7.6133     7.6142   3.599982   3.600026     1.6838     1.3895       7.79   26.99966  -79.77876   -0.00008   -0.00028          2  0.000e+00
      30439   1268.250    388.314    391.254     7.6131     7.6144   3.599995   3.600071     1.6838     1.3883       7.81   26.99966  -79.77876   -0.00009   -0.00030          2  0.000e+00
      30440   1268.292    388.329    391.269     7.6133     7.6147   3.599982   3.600065     1.6850     1.3895       7.79   26.99966  -79.77876   -0.00008   -0.00031          2  0.000e+00
      30441   1268.333    388.375    391.315     7.6136     7.6146   3.599995   3.600058     1.6850     1.3895       7.81   26.99966  -79.77876   -0.00008   -0.00029          2  0.000e+00
      30442   1268.375    388.314    391.254     7.6133     7.6147   3.600027   3.600078     1.6850     1.3895       7.81   26.99966  -79.77876   -0.00007   -0.00028          2  0.000e+00
      30443   1268.417    388.382    391.323     7.6133     7.6146   3.600014   3.600039     1.6850     1.3895       7.79   26.99966  -79.77876   -0.00007   -0.00027          2  0.000e+00
      30444   1268.458    388.314    391.254     7.6133     7.6144   3.600008   3.600071     1.6850     1.3895       7.81   26.99966  -79.77876   -0.00006   -0.00025          2  0.000e+00
      30445   1268.500    388.215    391.155     7.6131     7.6145   3.600008   3.600091     1.6850     1.3895       7.81   26.99966  -79.77876   -0.00006   -0.00024          2  0.000e+00
      30446   1268.542    388.428    391.369     7.6134     7.6144   3.599982   3.600065     1.6850     1.3895       7.81   26.99966  -79.77876   -0.00005   -0.00022          2  0.000e+00
      30447   1268.583    388.375    391.315     7.6134     7.6145   3.600021   3.600078     1.6850     1.3895       7.81   26.99966  -79.77876   -0.00005   -0.00020          2  0.000e+00
      30448   1268.625    388.268    391.208     7.6137     7.6144   3.600040   3.600091     1.6838     1.3895       7.81   26.99966  -79.77876   -0.00006   -0.00019          2  0.000e+00
      30449   1268.667    388.375    391.315     7.6136     7.6146   3.600040   3.600065     1.6838     1.3895       7.81   26.99966  -79.77876   -0.00007   -0.00019          2  0.000e+00
      30450   1268.708    388.314    391.254     7.6136     7.6144   3.600040   3.600104     1.6850     1.3895       7.81   26.99966  -79.77876   -0.00007   -0.00019          2  0.000e+00
      30451   1268.750    388.329    391.269     7.6136     7.6144   3.600014   3.600098     1.6850     1.3895       7.81   26.99966  -79.77876   -0.00006   -0.00019          2  0.000e+00
      30452   1268.792    388.261    391.201     7.6138     7.6147   3.600027   3.600065     1.6850     1.3895       7.81   26.99968  -79.77876   -0.00006   -0.00017          2  0.000e+00
      30453   1268.833    388.314    391.254     7.6137     7.6145   3.600040   3.600104     1.6850     1.3895       7.81   26.99968  -79.77876   -0.00005   -0.00016          2  0.000e+00
      30454   1268.875    388.329    391.269     7.6136     7.6147   3.600014   3.600098     1.6850     1.3895       7.84   26.99968  -79.77876   -0.00005   -0.00016          2  0.000e+00
      30455   1268.917    388.314    391.254     7.6139     7.6146   3.600053   3.600111     1.6850     1.3895       7.84   26.99968  -79.77876   -0.00004   -0.00014          2  0.000e+00
      30456   1268.958    388.261    391.201     7.6134     7.6147   3.600021   3.600144     1.6850     1.3895       7.84   26.99968  -79.77876   -0.00003   -0.00012          2  0.000e+00
      30457   1269.000    388.329    391.269     7.6136     7.6147   3.600027   3.600131     1.6850     1.3895       7.84   26.99968  -79.77876   -0.00003   -0.00010          2  0.000e+00
      30458   1269.042    388.314    391.254     7.6134     7.6144   3.600040   3.600098     1.6850     1.3895       7.84   26.99968  -79.77876   -0.00002   -0.00010          2  0.000e+00
      30459   1269.083    388.314    391.254     7.6136     7.6149   3.599988   3.600137     1.6838     1.3895       7.84   26.99968  -79.77876   -0.00004   -0.00010          2  0.000e+00
      30460   1269.125    388.269    391.208     7.6134     7.6150   3.599995   3.600157     1.6850     1.3895       7.84   26.99968  -79.77876   -0.00003   -0.00008          2  0.000e+00
      30461   1269.167    388.314    391.254     7.6136     7.6152   3.600008   3.600131     1.6850     1.3883       7.84   26.99968  -79.77876   -0.00002   -0.00010          2  0.000e+00
      30462   1269.208    388.261    391.201     7.6136     7.6150   3.600053   3.600124     1.6850     1.3895       7.84   26.99968  -79.77876   -0.00002   -0.00010          2  0.000e+00
      30463   1269.250    388.269    391.208     7.6134     7.6150   3.600021   3.600124     1.6850     1.3895       7.84   26.99968  -79.77876   -0.00003   -0.00010          2  0.000e+00
      30464   1269.292    388.314    391.254     7.6134     7.6149   3.599982   3.600144     1.6850     1.3883       7.84   26.99968  -79.77876   -0.00004   -0.00011          2  0.000e+00
      30465   1269.333    388.261    391.201     7.6136     7.6154   3.599995   3.600177     1.6850     1.3895       7.84   26.99968  -79.77876   -0.00004   -0.00011          2  0.000e+00
