Gulf of Mexico/GOMECC-4/1db/rb2103_0801.cnv
* Sea-Bird SBE 9 Data File:
* FileName = C:\Users\scs.user.rb\CTD\GOMECC4\data\rb2103_0801.hex
* Software Version Seasave V 7.26.7.107
* Temperature SN = 4799
* Conductivity SN = 3860
* Number of Bytes Per Scan = 41
* Number of Voltage Words = 4
* Number of Scans Averaged by the Deck Unit = 1
* NMEA Latitude = 22 16.43 N
* NMEA Longitude = 096 46.23 W
* NMEA UTC (Time) = Oct 06 2021  09:45:19
* NMEA baud rate = 4800
# nquan = 28
# nvalues = 914                         
# units = specified
# name 0 = scan: Scan Count
# name 1 = timeS: Time, Elapsed [seconds]
# name 2 = depSM: Depth [salt water, m]
# name 3 = prDM: Pressure, Digiquartz [db]
# name 4 = t090C: Temperature [ITS-90, deg C]
# name 5 = t190C: Temperature, 2 [ITS-90, deg C]
# name 6 = c0S/m: Conductivity [S/m]
# name 7 = c1S/m: Conductivity, 2 [S/m]
# name 8 = sbeox0V: Oxygen raw, SBE 43 [V]
# name 9 = sbeox1V: Oxygen raw, SBE 43, 2 [V]
# name 10 = altM: Altimeter [m]
# name 11 = latitude: Latitude [deg]
# name 12 = longitude: Longitude [deg]
# name 13 = sbox0dV/dT: Oxygen, SBE 43 [dov/dt]
# name 14 = sbox1dV/dT: Oxygen, SBE 43, 2 [dov/dt]
# name 15 = sbeox0ML/L: Oxygen, SBE 43 [ml/l], WS = 5
# name 16 = sbeox1ML/L: Oxygen, SBE 43, 2 [ml/l], WS = 5
# name 17 = potemp090C: Potential Temperature [ITS-90, deg C]
# name 18 = potemp190C: Potential Temperature, 2 [ITS-90, deg C]
# name 19 = sal00: Salinity, Practical [PSU]
# name 20 = sal11: Salinity, Practical, 2 [PSU]
# name 21 = sigma-é00: Density [sigma-theta, kg/m^3]
# name 22 = sigma-é11: Density, 2 [sigma-theta, kg/m^3]
# name 23 = avgsvCM: Average Sound Velocity [Chen-Millero, m/s], minP = 20, minS = 20
# name 24 = sbox0Mm/Kg: Oxygen, SBE 43 [umol/kg], WS = 5
# name 25 = sbox1Mm/Kg: Oxygen, SBE 43, 2 [umol/kg], WS = 5
# name 26 = nbin: number of scans per bin
# name 27 = flag: flag
# span 0 =       8237,     155916       
# span 1 =    343.165,   6496.443       
# span 2 =      0.994,   2014.466       
# span 3 =      1.000,   2037.000       
# span 4 =     4.2662,    29.5762       
# span 5 =     4.2667,    29.6147       
# span 6 =   3.341237,   5.975889       
# span 7 =   3.341201,   5.976338       
# span 8 =     1.5711,     3.2217       
# span 9 =     1.2735,     2.7516       
# span 10 =       9.74,     102.03      
# span 11 =   22.23052,   22.52182      
# span 12 =  -97.84783,  -96.58208      
# span 13 =   -0.06339,    0.06281      
# span 14 =   -0.05978,    0.06544      
# span 15 =     2.3908,     4.8936      
# span 16 =     2.4069,     4.8955      
# span 17 =     4.1052,    29.5728      
# span 18 =     4.1058,    29.6113      
# span 19 =    34.9051,    36.4870      
# span 20 =    34.9045,    36.4877      
# span 21 =    22.7046,    27.7539      
# span 22 =    22.7048,    27.7529      
# span 23 =       0.00,    1545.61      
# span 24 =    103.967,    213.334      
# span 25 =    104.670,    213.415      
# span 26 =         30,         71      
# span 27 = 0.0000e+00, 0.0000e+00      
# interval = decibars: 1                
# start_time = Oct 06 2021 09:45:19 [NMEA time, header]
# bad_flag = -9.990e-29
*END*
[from data line 156]
      25261   1052.481    579.534    584.000     7.5837     7.5843   3.604626   3.604672     1.5980     1.3032      71.87   22.27397  -96.77091    0.00096    0.00107     2.6777     2.7064     7.5250     7.5256    34.9558    34.9557    27.3093    27.3092    1509.24    116.406    117.654         30 0.0000e+00
      25956   1081.473    607.279    612.000     7.3052     7.3062   3.579034   3.579099     1.6176     1.3204     100.00   22.27381  -96.77022    0.00029    0.00046     2.7680     2.7933     7.2448     7.2458    34.9442    34.9438    27.3404    27.3400    1508.34    120.327    121.429         30 0.0000e+00
      26301   1095.834    621.150    626.000     7.2440     7.2449   3.573616   3.573651     1.6205     1.3223     100.00   22.27309  -96.76717    0.00002   -0.00003     2.7863     2.8091     7.1824     7.1833    34.9397    34.9393    27.3457    27.3453    1507.87    121.123    122.113         35 0.0000e+00
      26336   1097.273    622.140    627.000     7.1979     7.1987   3.569255   3.569301     1.6203     1.3221     100.00   22.27392  -96.77078   -0.00006   -0.00009     2.7897     2.8124     7.1365     7.1373    34.9383    34.9380    27.3511    27.3507    1507.90    121.270    122.257         30 0.0000e+00
      26505   1104.313    629.076    634.000     7.0896     7.0902   3.559172   3.559259     1.6276     1.3299      98.63   22.27392  -96.77079    0.00148    0.00126     2.8229     2.8492     7.0280     7.0286    34.9326    34.9320    27.3618    27.3613    1507.69    122.714    123.854         30 0.0000e+00
      26676   1111.458    636.011    641.000     7.0584     7.0575   3.556351   3.556209     1.6337     1.3353      93.78   22.27349  -96.76890    0.00074    0.00043     2.8467     2.8725     6.9962     6.9953    34.9310    34.9303    27.3650    27.3646    1507.46    123.748    124.870         30 0.0000e+00
      26848   1118.637    642.946    648.000     6.9716     6.9725   3.548340   3.548393     1.6360     1.3385     100.00   22.27333  -96.76820    0.00059    0.00074     2.8633     2.8924     6.9091     6.9100    34.9275    34.9271    27.3743    27.3739    1507.25    124.467    125.734         31 0.0000e+00
      26880   1119.953    643.936    649.000     6.9732     6.9744   3.548632   3.548709     1.6375     1.3395     100.00   22.27392  -96.77078    0.00126    0.00116     2.8681     2.8961     6.9106     6.9118    34.9286    34.9283    27.3750    27.3746    1507.26    124.675    125.891         30 0.0000e+00
      27504   1145.976    668.701    674.000     6.7625     6.7636   3.529470   3.529539     1.6564     1.3563      99.51   22.27386  -96.77053    0.00030    0.00011     2.9536     2.9790     6.6985     6.6996    34.9188    34.9184    27.3963    27.3959    1506.57    128.389    129.492         32 0.0000e+00
      28363   1181.752    702.376    708.000     6.3660     6.3667   3.493506   3.493529     1.6981     1.3960     100.00   22.27356  -96.76920    0.00105    0.00086     3.1322     3.1617     6.3007     6.3014    34.9064    34.9059    27.4397    27.4392    1505.65    136.146    137.429         30 0.0000e+00
      28517   1188.170    708.319    714.000     6.3334     6.3348   3.490985   3.491041     1.7021     1.3995     100.00   22.27477  -96.77447    0.00058    0.00048     3.1500     3.1787     6.2677     6.2691    34.9083    34.9079    27.4456    27.4451    1505.58    136.923    138.171         33 0.0000e+00
      28694   1195.556    715.251    721.000     6.3069     6.3080   3.488771   3.488829     1.7055     1.4030     100.00   22.27419  -96.77192    0.00047    0.00041     3.1660     3.1961     6.2407     6.2417    34.9076    34.9072    27.4486    27.4481    1505.36    137.615    138.924         31 0.0000e+00
      28811   1200.422    720.203    726.000     6.2877     6.2885   3.487034   3.487056     1.7070     1.4036      99.99   22.27246  -96.76443    0.00029    0.00014     3.1748     3.2021     6.2211     6.2219    34.9051    34.9045    27.4491    27.4485    1505.12    137.997    139.187         31 0.0000e+00
      28847   1201.919    721.193    727.000     6.2869     6.2874   3.487182   3.487184     1.7081     1.4041     100.00   22.27392  -96.77076    0.00036    0.00030     3.1785     3.2045     6.2202     6.2206    34.9073    34.9068    27.4510    27.4506    1505.20    138.158    139.288         34 0.0000e+00
      29022   1209.197    728.125    734.000     6.2255     6.2269   3.481863   3.481937     1.7091     1.4053      97.46   22.27371  -96.76984    0.00014    0.00029     3.1901     3.2166     6.1584     6.1598    34.9072    34.9066    27.4589    27.4583    1505.02    138.661    139.815         31 0.0000e+00
      29200   1216.639    735.056    741.000     6.1671     6.1676   3.477104   3.477114     1.7161     1.4131      89.36   22.27456  -96.77357    0.00087    0.00093     3.2205     3.2517     6.0997     6.1002    34.9102    34.9098    27.4690    27.4686    1504.91    139.982    141.337         30 0.0000e+00
      29348   1222.809    740.997    747.000     6.1399     6.1389   3.474762   3.474614     1.7191     1.4149     100.00   22.27347  -96.76881    0.00039    0.00027     3.2352     3.2634     6.0721     6.0711    34.9087    34.9081    27.4713    27.4710    1504.69    140.619    141.846         37 0.0000e+00
      29468   1227.793    745.948    752.000     6.1081     6.1088   3.471956   3.471975     1.7221     1.4186      99.99   22.27205  -96.76265    0.00076    0.00096     3.2499     3.2810     6.0399     6.0406    34.9072    34.9067    27.4742    27.4737    1504.48    141.258    142.609         32 0.0000e+00
      29505   1229.339    746.938    753.000     6.1074     6.1078   3.472193   3.472191     1.7234     1.4195     100.00   22.27392  -96.77076    0.00105    0.00086     3.2544     3.2847     6.0391     6.0396    34.9103    34.9098    27.4768    27.4764    1504.58    141.453    142.773         33 0.0000e+00
      29599   1233.260    750.899    757.000     6.0881     6.0888   3.470502   3.470530     1.7247     1.4200      92.65   22.27335  -96.76829    0.00029    0.00005     3.2623     3.2898     6.0196     6.0203    34.9091    34.9086    27.4784    27.4779    1504.45    141.796    142.992         31 0.0000e+00
      29727   1238.595    755.850    762.000     6.0666     6.0683   3.468841   3.468942     1.7264     1.4224      53.80   22.27375  -96.77004    0.00038    0.00046     3.2718     3.3023     5.9977     5.9994    34.9101    34.9096    27.4820    27.4814    1504.37    142.208    143.537         30 0.0000e+00
      30484   1270.121    785.551    792.000     5.7996     5.8003   3.446216   3.446232     1.7559     1.4497     100.00   22.27312  -96.76732    0.00107    0.00100     3.4052     3.4363     5.7295     5.7302    34.9143    34.9138    27.5192    27.5187    1503.66    148.005    149.356         33 0.0000e+00
      30518   1271.545    786.541    793.000     5.7906     5.7905   3.445538   3.445498     1.7570     1.4510      96.31   22.27392  -96.77080    0.00104    0.00090     3.4101     3.4420     5.7204     5.7203    34.9155    34.9151    27.5213    27.5210    1503.70    148.217    149.604         31 0.0000e+00
      30665   1277.679    792.481    799.000     5.7528     5.7535   3.442406   3.442420     1.7641     1.4574     100.00   22.27380  -96.77017    0.00145    0.00102     3.4399     3.4712     5.6822     5.6830    34.9160    34.9155    27.5265    27.5260    1503.56    149.510    150.869         32 0.0000e+00
      30812   1283.776    798.420    805.000     5.7319     5.7329   3.440794   3.440848     1.7668     1.4600     100.00   22.27331  -96.76808    0.00034    0.00035     3.4534     3.4851     5.6609     5.6619    34.9165    34.9161    27.5295    27.5290    1503.40    150.098    151.472         30 0.0000e+00
      30844   1285.115    799.410    806.000     5.7259     5.7267   3.440370   3.440388     1.7674     1.4601     100.00   22.27394  -96.77082    0.00028    0.00014     3.4562     3.4865     5.6549     5.6557    34.9172    34.9166    27.5308    27.5303    1503.43    150.219    151.535         31 0.0000e+00
      31195   1299.741    813.269    820.000     5.6830     5.6835   3.437166   3.437160     1.7752     1.4673     100.00   22.27414  -96.77170    0.00037    0.00030     3.4923     3.5225     5.6109     5.6114    34.9182    34.9176    27.5371    27.5366    1503.15    151.785    153.098         30 0.0000e+00
      31340   1305.808    819.208    826.000     5.6714     5.6722   3.436211   3.436234     1.7749     1.4675      99.66   22.27280  -96.76585   -0.00008    0.00005     3.4955     3.5272     5.5988     5.5996    34.9162    34.9157    27.5370    27.5365    1502.94    151.926    153.305         35 0.0000e+00
      31377   1307.335    820.198    827.000     5.6643     5.6647   3.435779   3.435767     1.7751     1.4676     100.02   22.27394  -96.77080   -0.00011   -0.00000     3.4971     3.5286     5.5917     5.5921    34.9183    34.9178    27.5395    27.5391    1503.00    151.993    153.364         31 0.0000e+00
      31492   1312.126    825.147    832.000     5.6322     5.6328   3.432977   3.432982     1.7775     1.4700     100.00   22.27396  -96.77088    0.00050    0.00062     3.5102     3.5423     5.5594     5.5599    34.9185    34.9179    27.5436    27.5431    1502.91    152.563    153.960         33 0.0000e+00
      31749   1322.837    835.044    842.000     5.5808     5.5815   3.429022   3.429038     1.7846     1.4767     100.00   22.27435  -96.77256    0.00030    0.00046     3.5435     3.5762     5.5073     5.5080    34.9203    34.9198    27.5515    27.5510    1502.74    154.009    155.431         30 0.0000e+00
      31899   1329.077    840.982    848.000     5.5590     5.5595   3.427309   3.427305     1.7891     1.4809     100.00   22.27416  -96.77185    0.00060    0.00044     3.5632     3.5963     5.4851     5.4856    34.9204    34.9198    27.5543    27.5538    1502.61    154.867    156.304         34 0.0000e+00
      32047   1335.246    846.921    854.000     5.5359     5.5367   3.425566   3.425574     1.7924     1.4836     100.00   22.27420  -96.77205    0.00047    0.00034     3.5794     3.6111     5.4616     5.4624    34.9214    34.9207    27.5579    27.5573    1502.50    155.568    156.945         32 0.0000e+00
      32223   1342.573    853.849    861.000     5.4893     5.4899   3.421678   3.421683     1.7973     1.4879     100.00   22.27341  -96.76859    0.00078    0.00076     3.6036     3.6346     5.4147     5.4152    34.9217    34.9212    27.5639    27.5634    1502.32    156.619    157.968         30 0.0000e+00
      32575   1357.247    867.703    875.000     5.4300     5.4304   3.417080   3.417079     1.8069     1.4962     100.00   22.27353  -96.76909    0.00065    0.00039     3.6485     3.6773     5.3544     5.3549    34.9238    34.9233    27.5728    27.5724    1502.08    158.568    159.823         34 0.0000e+00
      32697   1362.340    872.651    880.000     5.4258     5.4263   3.416827   3.416823     1.8076     1.4981      99.99   22.27268  -96.76536    0.00015    0.00049     3.6536     3.6870     5.3498     5.3503    34.9227    34.9221    27.5725    27.5720    1501.93    158.792    160.245         31 0.0000e+00
      32732   1363.783    873.640    881.000     5.4250     5.4256   3.416984   3.416980     1.8081     1.4981      62.33   22.27394  -96.77082    0.00021    0.00033     3.6555     3.6875     5.3489     5.3495    34.9249    34.9242    27.5744    27.5738    1502.00    158.874    160.264         32 0.0000e+00
      32853   1368.840    878.588    886.000     5.4107     5.4112   3.415896   3.415888     1.8089     1.4979     100.00   22.27371  -96.76982    0.00018 -2.915e-07     3.6623     3.6907     5.3343     5.3347    34.9247    34.9242    27.5760    27.5755    1501.90    159.168    160.403         32 0.0000e+00
      33001   1374.991    884.525    892.000     5.3973     5.3978   3.414892   3.414887     1.8099     1.4998      97.08   22.27312  -96.76726    0.00010    0.00035     3.6699     3.7018     5.3204     5.3209    34.9242    34.9236    27.5772    27.5767    1501.75    159.497    160.884         33 0.0000e+00
      33036   1376.447    885.515    893.000     5.3957     5.3962   3.414900   3.414909     1.8107     1.5006      94.86   22.27394  -96.77082    0.00032    0.00061     3.6732     3.7051     5.3187     5.3192    34.9255    34.9250    27.5784    27.5781    1501.79    159.644    161.028         31 0.0000e+00
      33149   1381.176    890.462    898.000     5.3664     5.3671   3.412412   3.412428     1.8119     1.5017      81.03   22.27308  -96.76706    0.00032    0.00031     3.6827     3.7148     5.2892     5.2898    34.9248    34.9243    27.5815    27.5810    1501.66    160.053    161.450         30 0.0000e+00
      33182   1382.558    891.452    899.000     5.3596     5.3601   3.411965   3.411970     1.8128     1.5029      83.20   22.27394  -96.77080    0.00027    0.00055     3.6868     3.7203     5.2823     5.2828    34.9264    34.9259    27.5836    27.5831    1501.70    160.233    161.689         33 0.0000e+00
      34260   1427.467    933.995    942.000     5.1453     5.1463   3.394982   3.395028     1.8394     1.5279      99.73   22.27375  -96.76998    0.00062    0.00089     3.8200     3.8553     5.0655     5.0665    34.9328    34.9323    27.6144    27.6139    1501.00    166.018    167.552         30 0.0000e+00
      34407   1433.580    939.930    948.000     5.1104     5.1110   3.392167   3.392143     1.8491     1.5372     100.00   22.27324  -96.76774    0.00155    0.00146     3.8607     3.8966     5.0303     5.0309    34.9331    34.9327    27.6187    27.6183    1500.87    167.783    169.347         31 0.0000e+00
      34439   1434.917    940.920    949.000     5.1090     5.1097   3.392132   3.392160     1.8508     1.5388     100.00   22.27394  -96.77080    0.00154    0.00136     3.8665     3.9031     5.0288     5.0296    34.9343    34.9338    27.6199    27.6194    1500.91    168.036    169.627         30 0.0000e+00
      34586   1441.052    946.855    955.000     5.1014     5.1018   3.391780   3.391765     1.8548     1.5420     100.00   22.27410  -96.77149    0.00052    0.00039     3.8840     3.9189     5.0207     5.0212    34.9352    34.9346    27.6215    27.6210    1500.83    168.795    170.313         33 0.0000e+00
      34789   1449.518    954.769    963.000     5.0793     5.0795   3.390210   3.390179     1.8560     1.5422     100.00   22.27421  -96.77197    0.00000    0.00004     3.8945     3.9261     4.9981     4.9983    34.9361    34.9356    27.6249    27.6244    1500.72    169.254    170.625         33 0.0000e+00
      34938   1455.703    960.703    969.000     5.0665     5.0665   3.389292   3.389245     1.8590     1.5458     100.00   22.27386  -96.77043    0.00040    0.00058     3.9092     3.9438     4.9848     4.9848    34.9359    34.9354    27.6263    27.6259    1500.61    169.891    171.394         31 0.0000e+00
      35668   1486.136    989.387    998.000     4.9847     4.9853   3.383400   3.383402     1.8703     1.5558     100.00   22.27379  -96.77013    0.00069    0.00066     3.9719     4.0048     4.9010     4.9016    34.9387    34.9381    27.6382    27.6376    1500.20    172.616    174.042         32 0.0000e+00
      36073   1502.986   1005.210   1014.000     4.9441     4.9444   3.380541   3.380522     1.8789     1.5634     100.00   22.27373  -96.76990    0.00031    0.00025     4.0143     4.0464     4.8592     4.8595    34.9401    34.9396    27.6441    27.6437    1499.99    174.456    175.849         33 0.0000e+00
      36106   1504.368   1006.199   1015.000     4.9439     4.9440   3.380595   3.380564     1.8790     1.5629     100.00   22.27396  -96.77082    0.00031   -0.00006     4.0152     4.0450     4.8589     4.8591    34.9405    34.9399    27.6445    27.6440    1499.99    174.496    175.789         30 0.0000e+00
