Gulf of Mexico/GOMECC-4/1db/rb2103_0361.ros
* Sea-Bird SBE 9 Data File:
* FileName = C:\Users\scs.user.rb\CTD\GOMECC4\data\rb2103_0361.hex
* Software Version Seasave V 7.26.7.107
* Temperature SN = 4799
* Conductivity SN = 3860
* Number of Bytes Per Scan = 41
* Number of Voltage Words = 4
* Number of Scans Averaged by the Deck Unit = 1
* NMEA Latitude = 28 20.83 N
* NMEA Longitude = 087 59.99 W
* NMEA UTC (Time) = Sep 24 2021  17:05:11
* NMEA baud rate = 4800
# nquan = 17
# nvalues = 2793                                  
# units = specified
# name 0 = scan: Scan Count
# name 1 = timeS: Time, Elapsed [seconds]
# name 2 = depSM: Depth [salt water, m]
# name 3 = prDM: Pressure, Digiquartz [db]
# name 4 = t090C: Temperature [ITS-90, deg C]
# name 5 = t190C: Temperature, 2 [ITS-90, deg C]
# name 6 = c0S/m: Conductivity [S/m]
# name 7 = c1S/m: Conductivity, 2 [S/m]
# name 8 = sbeox0V: Oxygen raw, SBE 43 [V]
# name 9 = sbeox1V: Oxygen raw, SBE 43, 2 [V]
# name 10 = altM: Altimeter [m]
# name 11 = latitude: Latitude [deg]
# name 12 = longitude: Longitude [deg]
# name 13 = sbox0dV/dT: Oxygen, SBE 43 [dov/dt]
# name 14 = sbox1dV/dT: Oxygen, SBE 43, 2 [dov/dt]
# name 15 = nbf: Bottles Fired
# name 16 = flag:  0.000e+00
# interval = seconds: 0.0416667
# start_time = Sep 24 2021 17:05:11 [NMEA time, header]
# bad_flag = -9.990e-29
*END*
[from data line 2554]
     185472   7727.958     10.443     10.513    28.0696    28.0819   5.118237   5.122485     3.1099     2.6447     100.00   28.34804  -88.00114   -0.00023   -0.00130         20  0.000e+00
     185473   7728.000     10.518     10.589    28.0704    28.0830   5.117997   5.122978     3.1099     2.6447     100.00   28.34804  -88.00114   -0.00026   -0.00127         20  0.000e+00
     185474   7728.042     10.443     10.513    28.0716    28.0835   5.117675   5.123282     3.1099     2.6447     100.00   28.34804  -88.00114   -0.00030   -0.00124         20  0.000e+00
     185475   7728.083     10.458     10.528    28.0708    28.0835   5.117458   5.123388     3.1111     2.6447     100.00   28.34804  -88.00114   -0.00031   -0.00121         20  0.000e+00
     185476   7728.125     10.518     10.589    28.0698    28.0837   5.117129   5.123206     3.1099     2.6459     100.00   28.34804  -88.00114   -0.00033   -0.00115         20  0.000e+00
     185477   7728.167     10.443     10.513    28.0700    28.0834   5.116845   5.123062     3.1099     2.6459     100.00   28.34804  -88.00114   -0.00036   -0.00109         20  0.000e+00
     185478   7728.208     10.458     10.528    28.0696    28.0837   5.116620   5.123373     3.1111     2.6459     100.00   28.34804  -88.00114   -0.00038   -0.00102         20  0.000e+00
     185479   7728.250     10.503     10.574    28.0687    28.0853   5.116373   5.124223     3.1099     2.6459     100.00   28.34804  -88.00114   -0.00039   -0.00096         20  0.000e+00
     185480   7728.292     10.458     10.528    28.0678    28.0872   5.116179   5.125384     3.1111     2.6459      94.19   28.34804  -88.00114   -0.00037   -0.00090         20  0.000e+00
     185481   7728.333     10.344     10.414    28.0670    28.0881   5.116104   5.126317     3.1099     2.6459      67.20   28.34804  -88.00114   -0.00039   -0.00083         20  0.000e+00
     185482   7728.375     10.609     10.680    28.0663    28.0896   5.115939   5.126955     3.1099     2.6459      55.34   28.34804  -88.00114   -0.00041   -0.00077         20  0.000e+00
     185483   7728.417     10.458     10.528    28.0658    28.0907   5.115782   5.127311     3.1099     2.6459      54.73   28.34804  -88.00114   -0.00042   -0.00071         20  0.000e+00
     185484   7728.458     10.503     10.574    28.0662    28.0916   5.115685   5.127676     3.1099     2.6459      56.07   28.34804  -88.00114   -0.00044   -0.00063         20  0.000e+00
     185485   7728.500     10.458     10.528    28.0660    28.0925   5.115475   5.128002     3.1111     2.6459      56.61   28.34804  -88.00114   -0.00042   -0.00055         20  0.000e+00
     185486   7728.542     10.503     10.574    28.0652    28.0931   5.115116   5.128199     3.1099     2.6459      56.63   28.34804  -88.00114   -0.00042   -0.00047         20  0.000e+00
     185487   7728.583     10.458     10.528    28.0640    28.0931   5.114832   5.128245     3.1099     2.6459      56.58   28.34804  -88.00114   -0.00042   -0.00039         20  0.000e+00
     185488   7728.625     10.518     10.589    28.0636    28.0934   5.114570   5.128207     3.1099     2.6459      56.53   28.34804  -88.00114   -0.00042   -0.00031         20  0.000e+00
     185489   7728.667     10.442     10.513    28.0627    28.0935   5.114391   5.128070     3.1099     2.6459      56.53   28.34804  -88.00114   -0.00041   -0.00024         20  0.000e+00
     185490   7728.708     10.518     10.589    28.0616    28.0931   5.114219   5.127903     3.1099     2.6459      56.53   28.34804  -88.00114   -0.00041   -0.00016         20  0.000e+00
     185491   7728.750     10.503     10.574    28.0618    28.0927   5.114136   5.127660     3.1099     2.6459      56.53   28.34804  -88.00114   -0.00039   -0.00008         20  0.000e+00
     185492   7728.792     10.458     10.528    28.0616    28.0907   5.114062   5.126803     3.1087     2.6447      56.56   28.34804  -88.00114   -0.00041   -0.00002         20  0.000e+00
     185493   7728.833     10.503     10.574    28.0614    28.0896   5.113972   5.126143     3.1087     2.6447      56.53   28.34804  -88.00114   -0.00042    0.00005         20  0.000e+00
     185494   7728.875     10.458     10.528    28.0618    28.0896   5.113919   5.126013     3.1087     2.6447      56.56   28.34804  -88.00114   -0.00041    0.00011         20  0.000e+00
     185495   7728.917     10.518     10.589    28.0621    28.0896   5.113942   5.125960     3.1099     2.6459      56.53   28.34804  -88.00114   -0.00039    0.00019         20  0.000e+00
     185496   7728.958     10.503     10.574    28.0623    28.0885   5.114047   5.125482     3.1099     2.6447      56.56   28.34804  -88.00114   -0.00036    0.00025         20  0.000e+00
     185497   7729.000     10.458     10.528    28.0616    28.0874   5.114114   5.124746     3.1087     2.6459      56.53   28.34804  -88.00114   -0.00036    0.00033         20  0.000e+00
     185498   7729.042     10.503     10.574    28.0612    28.0864   5.114293   5.124412     3.1099     2.6459      56.53   28.34804  -88.00114   -0.00033    0.00041         20  0.000e+00
     185499   7729.083     10.518     10.589    28.0641    28.0866   5.114690   5.124640     3.1099     2.6447      56.53   28.34804  -88.00114   -0.00030    0.00048         20  0.000e+00
     185500   7729.125     10.503     10.574    28.0689    28.0876   5.115101   5.125255     3.1099     2.6459      56.53   28.34804  -88.00114   -0.00029    0.00056         20  0.000e+00
     185501   7729.167     10.518     10.589    28.0734    28.0887   5.115386   5.125733     3.1099     2.6459      56.53   28.34804  -88.00114   -0.00028    0.00064         20  0.000e+00
     185502   7729.208     10.457     10.528    28.0737    28.0896   5.115677   5.126127     3.1099     2.6459      56.53   28.34804  -88.00114   -0.00027    0.00072         20  0.000e+00
     185503   7729.250     10.503     10.574    28.0711    28.0898   5.116074   5.126621     3.1087     2.6459      56.53   28.34804  -88.00114   -0.00028    0.00080         20  0.000e+00
     185504   7729.292     10.518     10.589    28.0696    28.0901   5.116433   5.127000     3.1099     2.6459      62.37   28.34804  -88.00114   -0.00027    0.00088         20  0.000e+00
     185505   7729.333     10.556     10.627    28.0674    28.0912   5.116269   5.127471     3.1099     2.6459      89.35   28.34804  -88.00114   -0.00025    0.00096         20  0.000e+00
     185506   7729.375     10.457     10.528    28.0649    28.0928   5.115924   5.128313     3.1099     2.6459     100.00   28.34804  -88.00114   -0.00024    0.00104         20  0.000e+00
     185507   7729.417     10.518     10.589    28.0645    28.0934   5.115842   5.128989     3.1099     2.6459     100.00   28.34804  -88.00114   -0.00023    0.00111         20  0.000e+00
     185508   7729.458     10.503     10.574    28.0654    28.0942   5.115932   5.129596     3.1099     2.6459     100.00   28.34804  -88.00114   -0.00023    0.00117         20  0.000e+00
     185509   7729.500     10.518     10.589    28.0665    28.0952   5.116194   5.130158     3.1099     2.6459     100.00   28.34804  -88.00114   -0.00024    0.00123         20  0.000e+00
     185510   7729.542     10.556     10.627    28.0703    28.0960   5.117331   5.130621     3.1099     2.6447      99.98   28.34804  -88.00114   -0.00024    0.00128         20  0.000e+00
     185511   7729.583     10.518     10.589    28.0727    28.0969   5.119314   5.131084     3.1099     2.6447     100.00   28.34804  -88.00114   -0.00023    0.00132         20  0.000e+00
     185512   7729.625     10.503     10.574    28.0766    28.0976   5.121051   5.131487     3.1099     2.6447     100.00   28.34804  -88.00114   -0.00023    0.00135         20  0.000e+00
     185513   7729.667     10.518     10.589    28.0799    28.0984   5.121807   5.131745     3.1099     2.6447     100.00   28.34804  -88.00114   -0.00024    0.00137         20  0.000e+00
     185514   7729.708     10.518     10.589    28.0816    28.0986   5.121500   5.131927     3.1099     2.6435     100.00   28.34804  -88.00114   -0.00024    0.00138         20  0.000e+00
     185515   7729.750     10.556     10.627    28.0794    28.0992   5.120706   5.132200     3.1099     2.6435     100.00   28.34804  -88.00114   -0.00025    0.00139         20  0.000e+00
     185516   7729.792     10.518     10.589    28.0766    28.0991   5.120115   5.132299     3.1099     2.6435     100.00   28.34804  -88.00114   -0.00025    0.00140         20  0.000e+00
     185517   7729.833     10.556     10.627    28.0773    28.0995   5.120123   5.132413     3.1099     2.6435     100.00   28.34804  -88.00114   -0.00024    0.00141         20  0.000e+00
     185518   7729.875     10.518     10.589    28.0763    28.0994   5.120257   5.132474     3.1087     2.6435     100.00   28.34804  -88.00114   -0.00024    0.00140         20  0.000e+00
     185519   7729.917     10.503     10.573    28.0760    28.0995   5.120347   5.132709     3.1099     2.6435     100.00   28.34804  -88.00114   -0.00024    0.00139         20  0.000e+00
     185520   7729.958     10.571     10.642    28.0762    28.1001   5.120572   5.132815     3.1099     2.6435     100.00   28.34804  -88.00114   -0.00025    0.00138         20  0.000e+00
     185521   7730.000     10.518     10.589    28.0778    28.1006   5.120864   5.132960     3.1099     2.6435     100.00   28.34804  -88.00114   -0.00025    0.00137         20  0.000e+00
     185522   7730.042     10.555     10.627    28.0784    28.1013   5.120871   5.133119     3.1099     2.6435     100.00   28.34804  -88.00114   -0.00024    0.00136         20  0.000e+00
     185523   7730.083     10.518     10.589    28.0784    28.1015   5.120841   5.133172     3.1099     2.6422     100.00   28.34804  -88.00114   -0.00022    0.00133         20  0.000e+00
     185524   7730.125     10.555     10.627    28.0784    28.1014   5.121073   5.133203     3.1099     2.6422     100.00   28.34804  -88.00114   -0.00022    0.00130         20  0.000e+00
     185525   7730.167     10.518     10.589    28.0791    28.1014   5.121380   5.133248     3.1099     2.6422     100.00   28.34804  -88.00114   -0.00021    0.00128         20  0.000e+00
     185526   7730.208     10.518     10.589    28.0786    28.1019   5.121320   5.133347     3.1099     2.6422     100.00   28.34804  -88.00114   -0.00019    0.00125         20  0.000e+00
     185527   7730.250     10.608     10.680    28.0783    28.1014   5.121103   5.133355     3.1099     2.6422     100.00   28.34804  -88.00114   -0.00018    0.00120         20  0.000e+00
     185528   7730.292     10.518     10.589    28.0783    28.1018   5.120961   5.133461     3.1099     2.6422     100.00   28.34804  -88.00114   -0.00016    0.00116         20  0.000e+00
     185529   7730.333     10.555     10.627    28.0778    28.1021   5.120938   5.133476     3.1111     2.6422     100.00   28.34804  -88.00114   -0.00014    0.00111         20  0.000e+00
     185530   7730.375     10.571     10.642    28.0779    28.1010   5.120841   5.133210     3.1111     2.6422     100.00   28.34804  -88.00114   -0.00013    0.00106         20  0.000e+00
     185531   7730.417     10.502     10.573    28.0773    28.1008   5.120534   5.133058     3.1111     2.6422     100.00   28.34804  -88.00114   -0.00009    0.00102         20  0.000e+00
     185532   7730.458     10.570     10.642    28.0768    28.1007   5.120399   5.133013     3.1111     2.6422     100.00   28.34804  -88.00114   -0.00006    0.00097         20  0.000e+00
     185533   7730.500     10.570     10.642    28.0782    28.1003   5.121447   5.132929     3.1111     2.6410     100.00   28.34804  -88.00114   -0.00003    0.00090         20  0.000e+00
     185534   7730.542     10.502     10.573    28.0819    28.1003   5.123499   5.132914     3.1111     2.6422     100.00   28.34804  -88.00114    0.00001    0.00085         20  0.000e+00
     185535   7730.583     10.570     10.642    28.0845    28.1005   5.125138   5.133005     3.1111     2.6422     100.00   28.34804  -88.00114    0.00002    0.00081         20  0.000e+00
     185536   7730.625     10.555     10.627    28.0860    28.1004   5.125842   5.132982     3.1111     2.6410     100.00   28.34804  -88.00114    0.00004    0.00074         20  0.000e+00
     185537   7730.667     10.570     10.642    28.0867    28.1006   5.126022   5.132891     3.1123     2.6410     100.00   28.34804  -88.00114    0.00009    0.00067         20  0.000e+00
     185538   7730.708     10.502     10.573    28.0850    28.1005   5.125857   5.132747     3.1123     2.6410     100.00   28.34804  -88.00114    0.00012    0.00063         20  0.000e+00
     185539   7730.750     10.570     10.642    28.0839    28.1004   5.125206   5.132694     3.1123     2.6422     100.00   28.34804  -88.00114    0.00017    0.00059         20  0.000e+00
     185540   7730.792     10.570     10.642    28.0835    28.1003   5.123850   5.132633     3.1123     2.6422     100.00   28.34804  -88.00114    0.00020    0.00055         20  0.000e+00
     185541   7730.833     10.555     10.626    28.0817    28.0997   5.122480   5.132481     3.1123     2.6422     100.00   28.34804  -88.00114    0.00023    0.00052         20  0.000e+00
     185542   7730.875     10.517     10.588    28.0815    28.0994   5.122428   5.132352     3.1136     2.6422     100.00   28.34804  -88.00114    0.00028    0.00047         20  0.000e+00
     185543   7730.917     10.555     10.626    28.0844    28.0993   5.123491   5.132314     3.1136     2.6422     100.00   28.34804  -88.00114    0.00034    0.00042         20  0.000e+00
     185544   7730.958     10.517     10.588    28.0869    28.0991   5.124592   5.132185     3.1123     2.6422     100.00   28.34804  -88.00114    0.00039    0.00037         20  0.000e+00
     185545   7731.000     10.555     10.626    28.0850    28.0992   5.125071   5.132041     3.1123     2.6422     100.00   28.34804  -88.00114    0.00041    0.00032         20  0.000e+00
     185546   7731.042     10.570     10.642    28.0835    28.0991   5.124494   5.131919     3.1123     2.6435     100.00   28.34804  -88.00114    0.00046    0.00029         20  0.000e+00
     185547   7731.083     10.570     10.642    28.0816    28.0991   5.123581   5.131912     3.1136     2.6435     100.00   28.34804  -88.00114    0.00052    0.00023         20  0.000e+00
     185548   7731.125     10.555     10.626    28.0810    28.0992   5.123049   5.131897     3.1136     2.6435     100.00   28.34804  -88.00114    0.00058    0.00018         20  0.000e+00
     185549   7731.167     10.517     10.588    28.0826    28.0990   5.122660   5.131752     3.1123     2.6435     100.00   28.34804  -88.00114    0.00062    0.00013         20  0.000e+00
     185550   7731.208     10.555     10.626    28.0815    28.0984   5.122256   5.131426     3.1123     2.6435     100.00   28.34804  -88.00114    0.00065    0.00007         20  0.000e+00
     185551   7731.250     10.570     10.642    28.0808    28.0983   5.122301   5.131228     3.1123     2.6447     100.00   28.34804  -88.00114    0.00067    0.00004         20  0.000e+00
     185552   7731.292     10.517     10.588    28.0812    28.0982   5.122967   5.131266     3.1123     2.6447     100.00   28.34804  -88.00114    0.00069   -0.00002         20  0.000e+00
     185553   7731.333     10.555     10.626    28.0861    28.0980   5.123521   5.131122     3.1136     2.6447     100.00   28.34804  -88.00114    0.00073   -0.00008         20  0.000e+00
     185554   7731.375     10.517     10.588    28.0837    28.0977   5.122877   5.130841     3.1123     2.6435     100.00   28.34804  -88.00114    0.00076   -0.00016         20  0.000e+00
     185555   7731.417     10.555     10.626    28.0779    28.0966   5.121485   5.130477     3.1123     2.6447     100.00   28.34804  -88.00114    0.00076   -0.00022         20  0.000e+00
