Gulf of Mexico/GOMECC-4/1db/rb2103_0851.cnv
* Sea-Bird SBE 9 Data File:
* FileName = C:\Users\scs.user.rb\CTD\GOMECC4\data\rb2103_0851.hex
* Software Version Seasave V 7.26.7.107
* Temperature SN = 4799
* Conductivity SN = 3860
* Number of Bytes Per Scan = 41
* Number of Voltage Words = 4
* Number of Scans Averaged by the Deck Unit = 1
* NMEA Latitude = 20 36.04 N
* NMEA Longitude = 094 17.37 W
* NMEA UTC (Time) = Oct 07 2021  22:53:37
* NMEA baud rate = 4800
# nquan = 28
# nvalues = 648                         
# units = specified
# name 0 = scan: Scan Count
# name 1 = timeS: Time, Elapsed [seconds]
# name 2 = depSM: Depth [salt water, m]
# name 3 = prDM: Pressure, Digiquartz [db]
# name 4 = t090C: Temperature [ITS-90, deg C]
# name 5 = t190C: Temperature, 2 [ITS-90, deg C]
# name 6 = c0S/m: Conductivity [S/m]
# name 7 = c1S/m: Conductivity, 2 [S/m]
# name 8 = sbeox0V: Oxygen raw, SBE 43 [V]
# name 9 = sbeox1V: Oxygen raw, SBE 43, 2 [V]
# name 10 = altM: Altimeter [m]
# name 11 = latitude: Latitude [deg]
# name 12 = longitude: Longitude [deg]
# name 13 = sbox0dV/dT: Oxygen, SBE 43 [dov/dt]
# name 14 = sbox1dV/dT: Oxygen, SBE 43, 2 [dov/dt]
# name 15 = sbeox0ML/L: Oxygen, SBE 43 [ml/l], WS = 5
# name 16 = sbeox1ML/L: Oxygen, SBE 43, 2 [ml/l], WS = 5
# name 17 = potemp090C: Potential Temperature [ITS-90, deg C]
# name 18 = potemp190C: Potential Temperature, 2 [ITS-90, deg C]
# name 19 = sal00: Salinity, Practical [PSU]
# name 20 = sal11: Salinity, Practical, 2 [PSU]
# name 21 = sigma-é00: Density [sigma-theta, kg/m^3]
# name 22 = sigma-é11: Density, 2 [sigma-theta, kg/m^3]
# name 23 = avgsvCM: Average Sound Velocity [Chen-Millero, m/s], minP = 20, minS = 20
# name 24 = sbox0Mm/Kg: Oxygen, SBE 43 [umol/kg], WS = 5
# name 25 = sbox1Mm/Kg: Oxygen, SBE 43, 2 [umol/kg], WS = 5
# name 26 = nbin: number of scans per bin
# name 27 = flag: flag
# span 0 =      14634,     160673       
# span 1 =    609.707,   6694.685       
# span 2 =      0.994,   1863.038       
# span 3 =      1.000,   1883.000       
# span 4 =     4.2605,    31.5653       
# span 5 =     4.2611,    29.4144       
# span 6 =   3.342030,   5.988170       
# span 7 =   3.341986,   5.987266       
# span 8 =     1.5727,     3.3151       
# span 9 =     1.2749,     2.8294       
# span 10 =      11.18,     106.54      
# span 11 =   20.55327,   20.62894      
# span 12 =  -94.42086,  -94.07455      
# span 13 =   -0.03694,    0.02719      
# span 14 =   -0.03597,    0.02323      
# span 15 =     2.3954,     4.8947      
# span 16 =     2.4123,     4.8920      
# span 17 =     4.1018,    31.5631      
# span 18 =     4.1025,    29.4070      
# span 19 =    34.9133,    39.1364      
# span 20 =    34.9116,    36.5231      
# span 21 =    23.0047,    27.7540      
# span 22 =    23.0048,    27.7529      
# span 23 =       0.00,    1548.93      
# span 24 =    104.154,    213.506      
# span 25 =    104.890,    213.393      
# span 26 =         30,         73      
# span 27 = 0.0000e+00, 0.0000e+00      
# interval = decibars: 1                
# start_time = Oct 07 2021 22:53:37 [NMEA time, header]
# bad_flag = -9.990e-29
*END*
[from data line 622]
     151810   6325.391     26.832     27.000    29.3943    29.3870   5.981015   5.980252     3.1550     2.6663     100.00   20.60058  -94.29120    0.00005    0.00018     4.3563     4.3326    29.3876    29.3804    36.4326    36.4329    23.0094    23.0121    1495.81    190.178    189.141         61 0.0000e+00
     151875   6328.075     25.839     26.000    29.3943    29.3898   5.980985   5.980533     3.1552     2.6647     100.00   20.60058  -94.29120   -0.00043   -0.00007     4.3562     4.3287    29.3879    29.3835    36.4327    36.4328    23.0094    23.0110    1495.81    190.172    188.972         65 0.0000e+00
     151938   6330.689     24.845     25.000    29.3939    29.3907   5.980914   5.980590     3.1566     2.6648      71.89   20.60058  -94.29120    0.00074   -0.00088     4.3582     4.3283    29.3878    29.3846    36.4328    36.4330    23.0095    23.0108    1495.81    190.259    188.953         63 0.0000e+00
     151998   6333.194     23.851     24.000    29.3940    29.3924   5.980897   5.980722     3.1549     2.6649      99.61   20.60058  -94.29120   -0.00048    0.00087     4.3547     4.3279    29.3881    29.3865    36.4329    36.4329    23.0095    23.0100    1495.81    190.104    188.935         58 0.0000e+00
     152059   6335.749     22.857     23.000    29.3932    29.3926   5.980801   5.980721     3.1573     2.6670     100.00   20.60058  -94.29120    0.00054   -0.00013     4.3584     4.3315    29.3875    29.3870    36.4331    36.4330    23.0099    23.0100    1495.81    190.270    189.095         61 0.0000e+00
     152119   6338.231     21.864     22.000    29.3929    29.3926   5.980699   5.980700     3.1587     2.6692     100.00   20.60058  -94.29120    0.00071    0.00162     4.3606     4.3354    29.3875    29.3872    36.4329    36.4332    23.0097    23.0100    1495.81    190.362    189.265         60 0.0000e+00
     152178   6340.695     20.870     21.000    29.3925    29.3921   5.980632   5.980573     3.1586     2.6655     100.00   20.60058  -94.29122    0.00008   -0.00124     4.3599     4.3277    29.3874    29.3869    36.4330    36.4330    23.0099    23.0100    1495.81    190.334    188.925         59 0.0000e+00
     152239   6343.241     19.876     20.000    29.3923    29.3924   5.980570   5.980589     3.1574     2.6645      99.41   20.60058  -94.29122   -0.00018   -0.00066     4.3572     4.3250    29.3874    29.3875    36.4331    36.4331    23.0099    23.0099    1495.81    190.216    188.811         60 0.0000e+00
     152299   6345.739     18.882     19.000    29.3914    29.3922   5.980422   5.980529     3.1576     2.6652     100.02   20.60058  -94.29122   -0.00031    0.00009     4.3571     4.3259    29.3867    29.3875    36.4331    36.4332    23.0101    23.0099    1495.81    190.210    188.849         58 0.0000e+00
     152379   6349.084     17.889     18.000    29.3904    29.3917   5.980273   5.980417     3.1581     2.6695      94.07   20.60058  -94.29122    0.00009    0.00075     4.3575     4.3341    29.3860    29.3873    36.4331    36.4331    23.0104    23.0099    1495.81    190.229    189.205         50 0.0000e+00
     152441   6351.679     16.895     17.000    29.3898    29.3901   5.980179   5.980228     3.1592     2.6708      86.22   20.60058  -94.29122    0.00058    0.00192     4.3590     4.3363    29.3856    29.3859    36.4332    36.4333    23.0106    23.0105    1495.81    190.294    189.302         43 0.0000e+00
     152525   6355.149     15.901     16.000    29.3889    29.3912   5.980028   5.980291     3.1580     2.6705      92.00   20.60058  -94.29124   -0.00006    0.00010     4.3564     4.3350    29.3850    29.3873    36.4331    36.4332    23.0107    23.0100    1495.81    190.182    189.248         63 0.0000e+00
     152595   6358.071     14.907     15.000    29.3888    29.3900   5.979977   5.980112     3.1588     2.6678     100.11   20.60058  -94.29124   -0.00003   -0.00116     4.3574     4.3293    29.3851    29.3863    36.4332    36.4332    23.0107    23.0104    1495.81    190.223    188.998         70 0.0000e+00
     152672   6361.274     13.914     14.000    29.3877    29.3890   5.979817   5.979970     3.1611     2.6731     100.00   20.60058  -94.29124    0.00089    0.00147     4.3610     4.3392    29.3842    29.3856    36.4332    36.4333    23.0111    23.0107    1495.81    190.379    189.431         64 0.0000e+00
     152746   6364.358     12.920     13.000    29.3878    29.3892   5.979788   5.979968     3.1599     2.6703     100.00   20.60057  -94.29124 4.1478e-07   -0.00042     4.3583     4.3332    29.3847    29.3860    36.4332    36.4334    23.0109    23.0106    1495.81    190.264    189.168         43 0.0000e+00
     152815   6367.244     11.926     12.000    29.3868    29.3899   5.979636   5.979982     3.1604     2.6740     100.00   20.60056  -94.29125    0.00025    0.00102     4.3588     4.3401    29.3838    29.3870    36.4333    36.4332    23.0112    23.0101    1495.81    190.285    189.468         45 0.0000e+00
     152895   6370.598     10.932     11.000    29.3874    29.3881   5.979654   5.979761     3.1618     2.6720      94.40   20.60056  -94.29126    0.00047   -0.00040     4.3607     4.3356    29.3847    29.3855    36.4332    36.4334    23.0109    23.0108    1495.81    190.368    189.274         39 0.0000e+00
     153329   6388.678      9.938     10.000    29.3882    29.3899   5.979745   5.979924     3.1615     2.6708     100.12   20.60056  -94.29128    0.00004   -0.00075     4.3596     4.3326    29.3857    29.3874    36.4335    36.4335    23.0108    23.0102    1495.81    190.319    189.143         41 0.0000e+00
     154732   6447.117      7.951      8.000    31.5653    29.3871   5.979394   5.979566     3.1616     2.6733     103.95   20.60056  -94.29136    0.00030    0.00088     4.6822     4.3366    31.5631    29.3852    39.1364    36.4337    24.7188    23.0111    1495.81    204.404    189.319         44 0.0000e+00
     154851   6452.085      6.957      7.000    29.3904    29.3915   5.979833   5.980000     3.1630     2.6708      99.76   20.60056  -94.29136    0.00051   -0.00023     4.3606     4.3310    29.3887    29.3898    36.4333    36.4336    23.0096    23.0095    1495.81    190.365    189.071         54 0.0000e+00
     154959   6456.598      5.963      6.000    29.3881    29.3886   5.979508   5.979639     3.1621     2.6756      72.61   20.60056  -94.29136   -0.00005    0.00132     4.3587     4.3401    29.3866    29.3871    36.4333    36.4337    23.0103    23.0104    1495.81    190.281    189.470         44 0.0000e+00
     155076   6461.467      4.969      5.000    29.3936    29.3951   5.980075   5.980268     3.1620     2.6754     100.32   20.60056  -94.29136    0.00014    0.00067     4.3576     4.3388    29.3924    29.3939    36.4331    36.4333    23.0082    23.0079    1495.81    190.233    189.412         52 0.0000e+00
     155530   6480.384      3.975      4.000    29.3912    29.3943   5.979775   5.980144     3.1634     2.6762     100.00   20.60056  -94.29138    0.00049    0.00030     4.3597     4.3399    29.3902    29.3933    36.4333    36.4335    23.0091    23.0082    1495.81    190.325    189.460         64 0.0000e+00
     160111   6671.259      2.982      3.000    29.3880    29.3910   5.979414   5.979772     3.1635     2.6735      63.94   20.60054  -94.29148   -0.00002   -0.00058     4.3596     4.3343    29.3873    29.3902    36.4335    36.4337    23.0102    23.0094    1495.81    190.319    189.217         43 0.0000e+00
     160515   6688.077      1.988      2.000    29.3867    29.3904   5.979221   5.979680     3.1648     2.6755     101.05   20.60054  -94.29148    0.00020    0.00032     4.3616     4.3378    29.3862    29.3899    36.4334    36.4338    23.0106    23.0095    1495.81    190.406    189.367         41 0.0000e+00
     160673   6694.685      0.994      1.000    29.3849    29.3868   5.978984   5.979230     3.1644     2.6791     100.02   20.60054  -94.29148    0.00021    0.00026     4.3604     4.3447    29.3847    29.3866    36.4335    36.4337    23.0111    23.0106    1495.81    190.356    189.670         37 0.0000e+00
