Gulf of Mexico/GOMECC-4/1db/rb2103_1061.cnv
* Sea-Bird SBE 9 Data File:
* FileName = C:\Users\scs.user.rb\CTD\GOMECC4\data\rb2103_1061.hex
* Software Version Seasave V 7.26.7.107
* Temperature SN = 4799
* Conductivity SN = 3860
* Number of Bytes Per Scan = 41
* Number of Voltage Words = 4
* Number of Scans Averaged by the Deck Unit = 1
* NMEA Latitude = 26 00.02 N
* NMEA Longitude = 088 00.00 W
* NMEA UTC (Time) = Oct 13 2021  21:11:53
* NMEA baud rate = 4800
# nquan = 28
# nvalues = 1423                        
# units = specified
# name 0 = scan: Scan Count
# name 1 = timeS: Time, Elapsed [seconds]
# name 2 = depSM: Depth [salt water, m]
# name 3 = prDM: Pressure, Digiquartz [db]
# name 4 = t090C: Temperature [ITS-90, deg C]
# name 5 = t190C: Temperature, 2 [ITS-90, deg C]
# name 6 = c0S/m: Conductivity [S/m]
# name 7 = c1S/m: Conductivity, 2 [S/m]
# name 8 = sbeox0V: Oxygen raw, SBE 43 [V]
# name 9 = sbeox1V: Oxygen raw, SBE 43, 2 [V]
# name 10 = altM: Altimeter [m]
# name 11 = latitude: Latitude [deg]
# name 12 = longitude: Longitude [deg]
# name 13 = sbox0dV/dT: Oxygen, SBE 43 [dov/dt]
# name 14 = sbox1dV/dT: Oxygen, SBE 43, 2 [dov/dt]
# name 15 = sbeox0ML/L: Oxygen, SBE 43 [ml/l], WS = 5
# name 16 = sbeox1ML/L: Oxygen, SBE 43, 2 [ml/l], WS = 5
# name 17 = potemp090C: Potential Temperature [ITS-90, deg C]
# name 18 = potemp190C: Potential Temperature, 2 [ITS-90, deg C]
# name 19 = sal00: Salinity, Practical [PSU]
# name 20 = sal11: Salinity, Practical, 2 [PSU]
# name 21 = sigma-é00: Density [sigma-theta, kg/m^3]
# name 22 = sigma-é11: Density, 2 [sigma-theta, kg/m^3]
# name 23 = avgsvCM: Average Sound Velocity [Chen-Millero, m/s], minP = 20, minS = 20
# name 24 = sbox0Mm/Kg: Oxygen, SBE 43 [umol/kg], WS = 5
# name 25 = sbox1Mm/Kg: Oxygen, SBE 43, 2 [umol/kg], WS = 5
# name 26 = nbin: number of scans per bin
# name 27 = flag: flag
# span 0 =      10771,     247079       
# span 1 =    448.739,  10294.928       
# span 2 =      0.993,   3015.255       
# span 3 =      1.000,   3057.000       
# span 4 =     4.2991,    30.2009       
# span 5 =     4.3000,    30.2009       
# span 6 =   3.354731,   6.102674       
# span 7 =   3.354687,   6.102775       
# span 8 =     1.5775,     3.2291       
# span 9 =     1.2752,     2.7314       
# span 10 =      10.62,     106.20      
# span 11 =   25.60159,   26.51751      
# span 12 =  -89.74020,  -86.64218      
# span 13 =   -0.01005,    0.00988      
# span 14 =   -0.00961,    0.00973      
# span 15 =     2.4762,     4.7134      
# span 16 =     2.4841,     4.7114      
# span 17 =     4.0794,    30.2004      
# span 18 =     4.0804,    30.2004      
# span 19 =    34.9033,    37.0130      
# span 20 =    34.9020,    37.0136      
# span 21 =    22.4729,    27.7598      
# span 22 =    22.4747,    27.7586      
# span 23 =       0.00,    1559.53      
# span 24 =    107.667,    204.817      
# span 25 =    108.008,    204.729      
# span 26 =         30,         74      
# span 27 = 0.0000e+00, 0.0000e+00      
# interval = decibars: 1                
# start_time = Oct 13 2021 21:11:53 [NMEA time, header]
# bad_flag = -9.990e-29
*END*
[from data line 363]
      44151   1839.573   1076.126   1086.000     5.4705     5.4711   3.429745   3.429749     1.7729     1.4631      73.05   26.00044  -88.00014    0.00085    0.00081     3.6278     3.6511     5.3748     5.3754    34.9227    34.9222    27.5695    27.5690    1512.83    157.671    158.682         34 0.0000e+00
      44257   1844.016   1080.079   1090.000     5.4480     5.4486   3.427963   3.427975     1.7771     1.4669     100.00   26.00067  -88.00090    0.00092    0.00083     3.6463     3.6695     5.3520     5.3526    34.9237    34.9232    27.5730    27.5726    1512.76    158.474    159.482         31 0.0000e+00
      44364   1848.460   1084.032   1094.000     5.4464     5.4469   3.427929   3.427925     1.7806     1.4701      96.79   25.99988  -87.99825    0.00083    0.00070     3.6607     3.6833     5.3501     5.3506    34.9230    34.9224    27.5727    27.5722    1512.63    159.101    160.082         33 0.0000e+00
      44398   1849.854   1085.021   1095.000     5.4449     5.4453   3.427914   3.427904     1.7813     1.4703      97.28   26.00044  -88.00014    0.00067    0.00038     3.6637     3.6846     5.3485     5.3489    34.9239    34.9234    27.5736    27.5732    1512.64    159.229    160.138         31 0.0000e+00
      44501   1854.148   1088.974   1099.000     5.4297     5.4300   3.426745   3.426712     1.7823     1.4702     100.00   26.00018  -87.99926    0.00024   -0.00001     3.6707     3.6879     5.3331     5.3334    34.9241    34.9234    27.5756    27.5751    1512.54    159.535    160.282         35 0.0000e+00
      44640   1859.949   1093.915   1104.000     5.4188     5.4193   3.426056   3.426051     1.7839     1.4725     100.00   26.00089  -88.00168    0.00026    0.00035     3.6796     3.7000     5.3217     5.3222    34.9254    34.9248    27.5781    27.5775    1512.49    159.919    160.806         33 0.0000e+00
      44745   1864.319   1097.869   1108.000     5.4028     5.4034   3.424726   3.424723     1.7849     1.4740      72.04   25.99993  -87.99848    0.00026    0.00036     3.6866     3.7092     5.3055     5.3061    34.9247    34.9241    27.5794    27.5789    1512.35    160.222    161.205         30 0.0000e+00
      44776   1865.623   1098.856   1109.000     5.3995     5.4000   3.424529   3.424535     1.7854     1.4747     100.43   26.00042  -88.00014    0.00032    0.00034     3.6890     3.7123     5.3022     5.3027    34.9254    34.9249    27.5804    27.5800    1512.36    160.328    161.343         30 0.0000e+00
      44994   1874.692   1106.762   1117.000     5.3626     5.3631   3.421631   3.421629     1.7905     1.4793     100.00   26.00048  -88.00035    0.00064    0.00068     3.7144     3.7373     5.2648     5.2653    34.9266    34.9260    27.5858    27.5853    1512.20    161.432    162.428         30 0.0000e+00
      45125   1880.176   1111.703   1122.000     5.3571     5.3577   3.421318   3.421319     1.7929     1.4808     100.00   25.99997  -87.99862    0.00032    0.00027     3.7258     3.7460     5.2589     5.2595    34.9262    34.9256    27.5862    27.5857    1512.07    161.928    162.805         31 0.0000e+00
      45158   1881.541   1112.692   1123.000     5.3548     5.3554   3.421204   3.421209     1.7934     1.4812      73.57   26.00042  -88.00013    0.00030    0.00014     3.7280     3.7483     5.2565     5.2571    34.9269    34.9263    27.5871    27.5865    1512.08    162.024    162.904         32 0.0000e+00
      45429   1892.826   1122.573   1133.000     5.3270     5.3275   3.419203   3.419207     1.7961     1.4839     100.00   26.00061  -88.00075    0.00032    0.00007     3.7451     3.7662     5.2280     5.2285    34.9278    34.9273    27.5911    27.5907    1511.90    162.764    163.683         34 0.0000e+00
      45809   1908.685   1136.406   1147.000     5.2297     5.2304   3.411182   3.411184     1.8050     1.4929     100.00   26.00008  -87.99905    0.00103    0.00105     3.7934     3.8170     5.1302     5.1309    34.9301    34.9293    27.6046    27.6039    1511.61    164.862    165.890         31 0.0000e+00
      45841   1910.003   1137.394   1148.000     5.2231     5.2238   3.410684   3.410681     1.8062     1.4943     100.00   26.00039  -88.00012    0.00108    0.00100     3.7988     3.8236     5.1235     5.1242    34.9307    34.9300    27.6059    27.6053    1511.61    165.096    166.173         31 0.0000e+00
      45946   1914.366   1141.347   1152.000     5.1995     5.2001   3.408739   3.408741     1.8097     1.4970     100.00   25.99997  -87.99871    0.00079    0.00066     3.8155     3.8383     5.0998     5.1003    34.9309    34.9304    27.6088    27.6084    1511.51    165.821    166.813         32 0.0000e+00
      46054   1918.889   1145.298   1156.000     5.1835     5.1840   3.407501   3.407490     1.8137     1.5004     100.00   25.99972  -87.99786    0.00083    0.00070     3.8332     3.8548     5.0835     5.0840    34.9313    34.9307    27.6111    27.6105    1511.43    166.593    167.531         34 0.0000e+00
      46163   1923.426   1149.251   1160.000     5.1755     5.1760   3.406970   3.406957     1.8161     1.5028      84.79   25.99966  -87.99767    0.00051    0.00057     3.8445     3.8669     5.0752     5.0757    34.9316    34.9309    27.6123    27.6117    1511.35    167.083    168.057         32 0.0000e+00
      46197   1924.834   1150.239   1161.000     5.1751     5.1756   3.407057   3.407054     1.8168     1.5033      83.98   26.00038  -88.00010    0.00056    0.00052     3.8472     3.8693     5.0747     5.0752    34.9326    34.9320    27.6131    27.6126    1511.37    167.200    168.158         31 0.0000e+00
      46302   1929.199   1154.191   1165.000     5.1605     5.1611   3.406095   3.406076     1.8177     1.5041     100.00   26.00081  -88.00157    0.00021    0.00012     3.8539     3.8760     5.0598     5.0604    34.9338    34.9331    27.6158    27.6152    1511.32    167.491    168.450         31 0.0000e+00
      46382   1932.543   1157.154   1168.000     5.1419     5.1424   3.404388   3.404377     1.8185     1.5054     100.00   25.99982  -87.99826    0.00019    0.00037     3.8604     3.8844     5.0411     5.0416    34.9330    34.9323    27.6174    27.6168    1511.22    167.770    168.817         33 0.0000e+00
      46820   1950.791   1172.961   1184.000     5.0812     5.0818   3.399863   3.399858     1.8285     1.5141     100.00   26.00063  -88.00102    0.00048    0.00056     3.9100     3.9319     4.9794     4.9801    34.9363    34.9356    27.6272    27.6266    1510.97    169.926    170.879         32 0.0000e+00
      47258   1969.033   1188.767   1200.000     5.0023     5.0030   3.393625   3.393622     1.8390     1.5247     100.00   26.00023  -87.99970    0.00043    0.00020     3.9641     3.9894     4.8998     4.9004    34.9386    34.9379    27.6383    27.6376    1510.68    172.275    173.376         31 0.0000e+00
      47364   1973.474   1192.718   1204.000     4.9924     4.9928   3.392961   3.392947     1.8426     1.5279     100.00   26.00055  -88.00078    0.00084    0.00079     3.9800     4.0050     4.8896     4.8900    34.9393    34.9388    27.6400    27.6395    1510.63    172.966    174.051         31 0.0000e+00
      47584   1982.622   1200.620   1212.000     4.9413     4.9424   3.388806   3.388815     1.8507     1.5353     100.00   26.00030  -87.99994    0.00130    0.00115     4.0184     4.0428     4.8382     4.8393    34.9410    34.9403    27.6473    27.6466    1510.48    174.633    175.695         31 0.0000e+00
      47690   1987.037   1204.571   1216.000     4.9348     4.9353   3.388381   3.388375     1.8540     1.5380     100.00   25.99973  -87.99801    0.00072    0.00058     4.0332     4.0564     4.8313     4.8319    34.9406    34.9400    27.6477    27.6472    1510.38    175.279    176.284         31 0.0000e+00
      47722   1988.392   1205.559   1217.000     4.9339     4.9344   3.388421   3.388408     1.8547     1.5387     100.00   26.00034  -88.00006    0.00063    0.00059     4.0364     4.0597     4.8304     4.8309    34.9415    34.9408    27.6486    27.6480    1510.40    175.414    176.428         31 0.0000e+00
      47830   1992.893   1209.510   1221.000     4.9205     4.9210   3.387416   3.387396     1.8560     1.5396     100.00   26.00030  -87.99993    0.00026    0.00024     4.0445     4.0670     4.8167     4.8172    34.9419    34.9412    27.6505    27.6498    1510.33    175.767    176.745         30 0.0000e+00
      47938   1997.378   1213.461   1225.000     4.9094     4.9098   3.386625   3.386599     1.8579     1.5410      72.74   26.00035  -88.00017    0.00045    0.00038     4.0548     4.0757     4.8054     4.8057    34.9424    34.9417    27.6521    27.6516    1510.27    176.213    177.125         33 0.0000e+00
      48267   2011.097   1225.313   1237.000     4.8799     4.8804   3.384620   3.384608     1.8633     1.5464     100.00   26.00076  -88.00156    0.00045    0.00024     4.0837     4.1062     4.7750     4.7755    34.9442    34.9435    27.6570    27.6564    1510.10    177.469    178.445         32 0.0000e+00
      48538   2022.389   1235.189   1247.000     4.8484     4.8493   3.382239   3.382256     1.8657     1.5484     100.00   26.00022  -87.99978    0.00042    0.00052     4.1011     4.1227     4.7429     4.7437    34.9445    34.9438    27.6609    27.6603    1509.91    178.227    179.165         32 0.0000e+00
      48649   2026.991   1239.139   1251.000     4.8445     4.8460   3.382134   3.382202     1.8669     1.5494      62.68   26.00072  -88.00147    0.00034    0.00013     4.1081     4.1294     4.7386     4.7401    34.9454    34.9447    27.6621    27.6614    1509.88    178.530    179.456         33 0.0000e+00
      48757   2031.518   1243.090   1255.000     4.8414     4.8422   3.382040   3.382051     1.8680     1.5507     100.00   26.00080  -88.00175    0.00021    0.00037     4.1143     4.1368     4.7352     4.7360    34.9456    34.9449    27.6627    27.6620    1509.82    178.800    179.777         30 0.0000e+00
      48866   2036.032   1247.040   1259.000     4.8371     4.8377   3.381796   3.381789     1.8679     1.5502     100.00   26.00044  -88.00055    0.00001   -0.00011     4.1168     4.1377     4.7305     4.7311    34.9454    34.9446    27.6630    27.6623    1509.74    178.905    179.816         30 0.0000e+00
      48974   2040.525   1250.990   1263.000     4.8194     4.8200   3.380386   3.380371     1.8682     1.5507     100.00   26.00009  -87.99934    0.00007    0.00021     4.1221     4.1437     4.7126     4.7132    34.9455    34.9447    27.6651    27.6645    1509.66    179.135    180.076         31 0.0000e+00
      49111   2046.238   1255.927   1268.000     4.8074     4.8078   3.379556   3.379536     1.8705     1.5531     100.00   26.00013  -87.99954    0.00042    0.00053     4.1344     4.1570     4.7002     4.7007    34.9460    34.9453    27.6669    27.6663    1509.59    179.671    180.653         31 0.0000e+00
      49248   2051.971   1260.865   1273.000     4.8033     4.8040   3.379447   3.379440     1.8713     1.5531      90.65   26.00044  -88.00059    0.00015    0.00000     4.1403     4.1603     4.6957     4.6964    34.9465    34.9458    27.6679    27.6672    1509.53    179.928    180.798         35 0.0000e+00
      49354   2056.387   1264.815   1277.000     4.7862     4.7868   3.378073   3.378050     1.8716     1.5531     100.00   25.99991  -87.99881   -0.00001 4.0196e-12     4.1455     4.1644     4.6784     4.6790    34.9465    34.9457    27.6698    27.6691    1509.44    180.153    180.974         35 0.0000e+00
      49490   2062.062   1269.752   1282.000     4.7702     4.7705   3.376932   3.376899     1.8741     1.5565      99.61   26.00028  -88.00005    0.00056    0.00071     4.1591     4.1825     4.6621     4.6624    34.9476    34.9468    27.6725    27.6719    1509.39    180.742    181.760         30 0.0000e+00
      49600   2066.636   1273.701   1286.000     4.7656     4.7661   3.376691   3.376683     1.8756     1.5582     100.00   26.00016  -87.99964    0.00033    0.00033     4.1673     4.1916     4.6572     4.6577    34.9476    34.9470    27.6731    27.6725    1509.32    181.102    182.156         30 0.0000e+00
      49738   2072.392   1278.639   1291.000     4.7458     4.7464   3.375198   3.375185     1.8774     1.5593     100.00   26.00023  -87.99991    0.00027    0.00015     4.1789     4.2008     4.6371     4.6377    34.9486    34.9478    27.6761    27.6754    1509.26    181.606    182.556         30 0.0000e+00
      49874   2078.035   1283.576   1296.000     4.7342     4.7340   3.374406   3.374328     1.8810     1.5629     100.00   26.00020  -87.99976    0.00071    0.00077     4.1959     4.2192     4.6252     4.6250    34.9490    34.9483    27.6778    27.6772    1509.18    182.340    183.353         31 0.0000e+00
      49979   2082.398   1287.525   1300.000     4.7176     4.7181   3.373043   3.373018     1.8826     1.5641     100.00   25.99927  -87.99662    0.00029    0.00039     4.2058     4.2282     4.6083     4.6088    34.9486    34.9477    27.6793    27.6786    1509.07    182.771    183.747         30 0.0000e+00
      50014   2083.892   1288.512   1301.000     4.7126     4.7132   3.372764   3.372765     1.8831     1.5650     100.00   26.00028  -88.00004    0.00032    0.00047     4.2089     4.2327     4.6033     4.6039    34.9500    34.9492    27.6810    27.6803    1509.11    182.906    183.939         35 0.0000e+00
      50119   2088.245   1292.462   1305.000     4.6966     4.6972   3.371656   3.371661     1.8858     1.5671     100.00   26.00022  -87.99984    0.00068    0.00051     4.2233     4.2454     4.5870     4.5876    34.9504    34.9497    27.6832    27.6825    1509.06    183.531    184.492         35 0.0000e+00
      50227   2092.758   1296.411   1309.000     4.6935     4.6937   3.371415   3.371374     1.8887     1.5690      66.82   26.00010  -87.99951    0.00061    0.00053     4.2358     4.2552     4.5836     4.5838    34.9505    34.9498    27.6836    27.6831    1509.00    184.073    184.916         30 0.0000e+00
      50258   2094.022   1297.398   1310.000     4.6921     4.6927   3.371370   3.371353     1.8890     1.5692      89.18   26.00026  -88.00004    0.00066    0.00037     4.2375     4.2563     4.5821     4.5827    34.9510    34.9501    27.6842    27.6834    1508.99    184.151    184.967         30 0.0000e+00
      50389   2099.484   1302.335   1315.000     4.6896     4.6903   3.371301   3.371310     1.8899     1.5701     100.00   25.99981  -87.99852    0.00015    0.00002     4.2437     4.2631     4.5792     4.5799    34.9503    34.9496    27.6840    27.6833    1508.90    184.419    185.259         30 0.0000e+00
      50422   2100.877   1303.322   1316.000     4.6889     4.6898   3.371336   3.371362     1.8901     1.5702     100.00   26.00026  -88.00004    0.00012   -0.00001     4.2450     4.2641     4.5784     4.5793    34.9510    34.9503    27.6846    27.6839    1508.90    184.476    185.303         34 0.0000e+00
      50528   2105.306   1307.271   1320.000     4.6718     4.6722   3.370012   3.369990     1.8900     1.5710      90.53   26.00016  -87.99976   -0.00005    0.00012     4.2490     4.2714     4.5611     4.5615    34.9516    34.9509    27.6870    27.6864    1508.85    184.646    185.622         32 0.0000e+00
      50638   2109.872   1311.220   1324.000     4.6595     4.6600   3.369125   3.369109     1.8919     1.5726     100.00   26.00020  -87.99992    0.00043    0.00039     4.2597     4.2815     4.5485     4.5491    34.9522    34.9514    27.6889    27.6882    1508.80    185.114    186.059         33 0.0000e+00
      50746   2114.363   1315.169   1328.000     4.6383     4.6389   3.367418   3.367394     1.8940     1.5750     100.00   25.99983  -87.99866    0.00045    0.00059     4.2722     4.2957     4.5272     4.5278    34.9526    34.9516    27.6916    27.6907    1508.72    185.655    186.678         32 0.0000e+00
