Gulf of Mexico/GOMECC-4/1db/rb2103_0122.cnv
* Sea-Bird SBE 9 Data File:
* FileName = C:\Users\scs.user.rb\CTD\GOMECC4\data\rb2103_0122.hex
* Software Version Seasave V 7.26.7.107
* Temperature SN = 4799
* Conductivity SN = 3860
* Number of Bytes Per Scan = 41
* Number of Voltage Words = 4
* Number of Scans Averaged by the Deck Unit = 1
* NMEA Latitude = 26 39.93 N
* NMEA Longitude = 085 00.17 W
* NMEA UTC (Time) = Sep 18 2021  13:28:43
* NMEA baud rate = 4800
# nquan = 28
# nvalues = 828                         
# units = specified
# name 0 = scan: Scan Count
# name 1 = timeS: Time, Elapsed [seconds]
# name 2 = depSM: Depth [salt water, m]
# name 3 = prDM: Pressure, Digiquartz [db]
# name 4 = t090C: Temperature [ITS-90, deg C]
# name 5 = t190C: Temperature, 2 [ITS-90, deg C]
# name 6 = c0S/m: Conductivity [S/m]
# name 7 = c1S/m: Conductivity, 2 [S/m]
# name 8 = sbeox0V: Oxygen raw, SBE 43 [V]
# name 9 = sbeox1V: Oxygen raw, SBE 43, 2 [V]
# name 10 = altM: Altimeter [m]
# name 11 = latitude: Latitude [deg]
# name 12 = longitude: Longitude [deg]
# name 13 = sbox0dV/dT: Oxygen, SBE 43 [dov/dt]
# name 14 = sbox1dV/dT: Oxygen, SBE 43, 2 [dov/dt]
# name 15 = sbeox0ML/L: Oxygen, SBE 43 [ml/l], WS = 5
# name 16 = sbeox1ML/L: Oxygen, SBE 43, 2 [ml/l], WS = 5
# name 17 = potemp090C: Potential Temperature [ITS-90, deg C]
# name 18 = potemp190C: Potential Temperature, 2 [ITS-90, deg C]
# name 19 = sal00: Salinity, Practical [PSU]
# name 20 = sal11: Salinity, Practical, 2 [PSU]
# name 21 = sigma-é00: Density [sigma-theta, kg/m^3]
# name 22 = sigma-é11: Density, 2 [sigma-theta, kg/m^3]
# name 23 = avgsvCM: Average Sound Velocity [Chen-Millero, m/s], minP = 20, minS = 20
# name 24 = sbox0Mm/Kg: Oxygen, SBE 43 [umol/kg], WS = 5
# name 25 = sbox1Mm/Kg: Oxygen, SBE 43, 2 [umol/kg], WS = 5
# name 26 = nbin: number of scans per bin
# name 27 = flag: flag
# span 0 =       5059,     232323       
# span 1 =    210.765,   9680.102       
# span 2 =      1.987,   3276.439       
# span 3 =      2.000,   3324.000       
# span 4 =     4.3014,    30.4606       
# span 5 =     4.3023,    30.4349       
# span 6 =   3.348901,   5.995744       
# span 7 =   3.348830,   5.995962       
# span 8 =     1.6139,     3.1920       
# span 9 =     1.3189,     2.7111       
# span 10 =      10.29,     106.59      
# span 11 =   26.57926,   27.29047      
# span 12 =  -87.01554,  -84.72906      
# span 13 =   -0.02639,    0.10622      
# span 14 =   -0.02147,    0.07387      
# span 15 =     2.5903,     4.6987      
# span 16 =     2.6224,     4.7392      
# span 17 =     4.0795,    30.4596      
# span 18 =     4.0808,    30.4326      
# span 19 =    34.2620,    36.7058      
# span 20 =    34.3912,    36.7055      
# span 21 =    21.2240,    27.7610      
# span 22 =    21.3624,    27.7595      
# span 23 =       0.00,    1544.32      
# span 24 =    112.626,    204.177      
# span 25 =    114.023,    205.939      
# span 26 =         30,         79      
# span 27 = 0.0000e+00, 0.0000e+00      
# interval = decibars: 1                
# start_time = Sep 18 2021 13:28:43 [NMEA time, header]
# bad_flag = -9.990e-29
*END*
[from data line 52]
      13823    575.918     63.571     64.000    23.6497    23.6580   5.363878   5.364776     2.8102     2.3899      99.97   26.65655  -84.97608   -0.01641   -0.01588     4.1645     4.1847    23.6363    23.6446    36.4842    36.4842    24.8728    24.8703    1541.60    181.471    182.353         34 0.0000e+00
      13863    577.567     64.564     65.000    23.3330    23.3441   5.326918   5.328001     2.8038     2.3885     100.00   26.66518  -85.00360   -0.01541   -0.01353     4.1770     4.2052    23.3195    23.3306    36.4634    36.4626    24.9507    24.9469    1541.96    182.005    183.233         36 0.0000e+00
      13896    578.949     65.557     66.000    22.9730    22.9861   5.289342   5.290320     2.7987     2.3858     100.00   26.66518  -85.00360   -0.00693   -0.00412     4.1953     4.2264    22.9595    22.9726    36.4732    36.4706    25.0631    25.0574    1541.82    182.783    184.137         30 0.0000e+00
      13953    581.327     67.543     68.000    22.7167    22.7210   5.264208   5.264663     2.7514     2.3395      81.22   26.65912  -84.98429   -0.01363   -0.01341     4.1202     4.1428    22.7028    22.7071    36.4848    36.4848    25.1453    25.1440    1541.17    179.492    180.478         33 0.0000e+00
      13990    582.895     68.537     69.000    22.5992    22.6051   5.252871   5.253478     2.7246     2.3153     100.27   26.66518  -85.00360   -0.01896   -0.01771     4.0751     4.0976    22.5852    22.5911    36.4973    36.4971    25.1895    25.1876    1541.37    177.523    178.502         35 0.0000e+00
      14023    584.266     69.530     70.000    22.4407    22.4464   5.238275   5.238827     2.6946     2.2910     100.00   26.66518  -85.00360   -0.01962   -0.01701     4.0264     4.0547    22.4265    22.4322    36.5154    36.5150    25.2487    25.2467    1541.22    175.392    176.625         31 0.0000e+00
      14081    586.662     71.516     72.000    21.9841    21.9882   5.184525   5.185047     2.6302     2.2334      99.97   26.65834  -84.98181   -0.02471   -0.02147     3.9306     3.9590    21.9697    21.9739    36.4714    36.4721    25.3439    25.3432    1540.52    171.201    172.440         34 0.0000e+00
      14120    588.293     72.509     73.000    21.8892    21.8940   5.173970   5.174541     2.6094     2.2155      99.82   26.66518  -85.00362   -0.02208   -0.01951     3.8957     3.9260    21.8747    21.8795    36.4711    36.4715    25.3714    25.3704    1540.76    169.679    170.995         36 0.0000e+00
      14210    592.044     75.488     76.000    21.5159    21.5180   5.135881   5.136122     2.5478     2.1593      99.98   26.65871  -84.98300   -0.01512   -0.01355     3.7968     3.8251    21.5010    21.5031    36.4795    36.4797    25.4815    25.4810    1539.91    165.351    166.584         36 0.0000e+00
      14249    593.651     76.481     77.000    21.4667    21.4678   5.132883   5.133127     2.5152     2.1260     100.00   26.66518  -85.00362   -0.01956   -0.01881     3.7328     3.7527    21.4517    21.4527    36.5003    36.5013    25.5119    25.5124    1540.13    162.561    163.425         34 0.0000e+00
      14281    594.996     77.474     78.000    21.4503    21.4510   5.131724   5.131962     2.4901     2.1061     100.00   26.66518  -85.00362   -0.02144   -0.02057     3.6821     3.7087    21.4350    21.4358    36.5047    36.5059    25.5199    25.5206    1539.97    160.352    161.506         31 0.0000e+00
      14312    596.292     78.467     79.000    21.4359    21.4368   5.130757   5.130979     2.4746     2.0951     100.00   26.66518  -85.00362   -0.01840   -0.01515     3.6513     3.6849    21.4205    21.4213    36.5088    36.5098    25.5270    25.5276    1539.83    159.006    160.471         31 0.0000e+00
      14344    597.619     79.460     80.000    21.4373    21.4371   5.133349   5.133414     2.4620     2.0865     100.00   26.66518  -85.00362   -0.01324   -0.00950     3.6249     3.6652    21.4217    21.4215    36.5280    36.5286    25.5413    25.5419    1539.68    157.854    159.609         32 0.0000e+00
      14376    598.941     80.454     81.000    21.4646    21.4636   5.143024   5.142518     2.4497     2.0721      91.07   26.66517  -85.00362   -0.00993   -0.00773     3.5968     3.6297    21.4487    21.4479    36.5819    36.5797    25.5748    25.5738    1539.54    156.625    158.060         32 0.0000e+00
      14408    600.273     81.447     82.000    21.4929    21.4936   5.159734   5.159983     2.4285     2.0467      96.40   26.66516  -85.00362   -0.01071   -0.01116     3.5426     3.5649    21.4814    21.4783    36.6872    36.6885    25.6459    25.6467    1539.41    154.258    155.227         33 0.0000e+00
      14442    601.689     82.440     83.000    21.3962    21.4049   5.151291   5.152177     2.3979     2.0182     100.00   26.66516  -85.00362   -0.01559   -0.01698     3.4918     3.5083    21.3800    21.3887    36.7058    36.7055    25.6883    25.6856    1539.28    152.039    152.758         34 0.0000e+00
      14474    603.041     83.433     84.000    21.2140    21.2182   5.129749   5.130221     2.3651     1.9886     100.00   26.66516  -85.00362   -0.02123   -0.02093     3.4365     3.4531    21.1976    21.2019    36.6885    36.6887    25.7256    25.7246    1539.15    149.623    150.347         30 0.0000e+00
      14503    604.265     84.426     85.000    21.0906    21.0957   5.116078   5.116642     2.3416     1.9677     100.00   26.66516  -85.00362   -0.02282   -0.02119     3.3958     3.4135    21.0741    21.0792    36.6839    36.6841    25.7562    25.7548    1539.02    147.849    148.617         30 0.0000e+00
      14535    605.594     85.419     86.000    20.9816    20.9853   5.103619   5.104087     2.3246     1.9555      70.32   26.66516  -85.00363   -0.01935   -0.01672     3.3680     3.3924    20.9651    20.9687    36.6766    36.6773    25.7805    25.7800    1538.88    146.636    147.696         34 0.0000e+00
      14571    607.075     86.412     87.000    20.9171    20.9192   5.096144   5.096500     2.3105     1.9454     100.26   26.66516  -85.00364   -0.01335   -0.01038     3.3432     3.3736    20.9004    20.9024    36.6713    36.6724    25.7942    25.7945    1538.75    145.553    146.878         36 0.0000e+00
      14604    608.464     87.405     88.000    20.8616    20.8640   5.089224   5.089547     2.3004     1.9386     100.00   26.66516  -85.00364   -0.00950   -0.00670     3.3260     3.3620    20.8447    20.8471    36.6627    36.6633    25.8028    25.8026    1538.61    144.801    146.369         31 0.0000e+00
      14635    609.733     88.398     89.000    20.7603    20.7643   5.076045   5.076492     2.2905     1.9303     100.00   26.66516  -85.00364   -0.00790   -0.00562     3.3126     3.3496    20.7433    20.7473    36.6427    36.6429    25.8152    25.8143    1538.47    144.216    145.829         30 0.0000e+00
      14666    611.029     89.391     90.000    20.5638    20.5729   5.051469   5.052365     2.2782     1.9187     100.00   26.66516  -85.00364   -0.00789   -0.00645     3.3002     3.3355    20.5467    20.5558    36.6120    36.6114    25.8452    25.8423    1538.35    143.673    145.210         32 0.0000e+00
      14698    612.359     90.384     91.000    20.3466    20.3514   5.024423   5.024869     2.2627     1.9047     100.00   26.66516  -85.00364   -0.00957   -0.00878     3.2823     3.3170    20.3295    20.3343    36.5785    36.5783    25.8783    25.8768    1538.21    142.887    144.399         32 0.0000e+00
      14729    613.677     91.377     92.000    20.2767    20.2779   5.015928   5.016161     2.2496     1.8903     100.00   26.66516  -85.00364   -0.01082   -0.01050     3.2596     3.2888    20.2594    20.2606    36.5691    36.5700    25.8899    25.8903    1538.07    141.900    143.170         32 0.0000e+00
      14763    615.078     92.370     93.000    20.3030    20.3035   5.021473   5.021666     2.2402     1.8824     100.00   26.66516  -85.00364   -0.00960   -0.00956     3.2377     3.2686    20.2855    20.2860    36.5914    36.5925    25.8999    25.9006    1537.94    140.944    142.290         35 0.0000e+00
      14797    616.498     93.363     94.000    20.2667    20.2728   5.019611   5.020053     2.2319     1.8769     100.00   26.66516  -85.00364   -0.00704   -0.00595     3.2256     3.2613    20.2621    20.2556    36.5960    36.5967    25.9097    25.9094    1537.81    140.418    141.972         33 0.0000e+00
      14829    617.823     94.356     95.000    20.1265    20.1288   4.999154   4.999382     2.2225     1.8668     100.00   26.66516  -85.00364   -0.00619   -0.00497     3.2125     3.2440    20.1088    20.1110    36.5604    36.5604    25.9236    25.9229    1537.67    139.845    141.218         31 0.0000e+00
      14859    619.086     95.349     96.000    20.0340    20.0347   4.989484   4.989641     2.2106     1.8569     100.00   26.66516  -85.00364   -0.00728   -0.00657     3.1932     3.2268    20.0161    20.0168    36.5609    36.5616    25.9487    25.9490    1537.53    139.003    140.465         30 0.0000e+00
      14890    620.382     96.342     97.000    20.0210    20.0217   4.989069   4.989279     2.2002     1.8483     100.00   26.66516  -85.00364   -0.00850   -0.00766     3.1724     3.2076    20.0030    20.0037    36.5675    36.5686    25.9572    25.9579    1537.40    138.095    139.628         32 0.0000e+00
      14925    621.840     97.335     98.000    20.0046    20.0062   4.987294   4.987594     2.1938     1.8418      83.72   26.66516  -85.00364   -0.00737   -0.00650     3.1599     3.1937    19.9864    19.9880    36.5677    36.5688    25.9617    25.9621    1537.28    137.548    139.020         37 0.0000e+00
      14960    623.277     98.328     99.000    20.0023    20.0025   4.988046   4.988144     2.1894     1.8383      92.32   26.66516  -85.00364   -0.00478   -0.00423     3.1508     3.1857    19.9839    19.9840    36.5755    36.5762    25.9684    25.9689    1537.15    137.152    138.674         32 0.0000e+00
      15018    625.708    100.314    101.000    19.8986    19.9017   4.977614   4.977999     2.1837     1.8346      99.99   26.66335  -84.99789   -0.00239   -0.00122     3.1458     3.1838    19.8798    19.8830    36.5788    36.5791    25.9983    25.9977    1536.79    136.930    138.586         31 0.0000e+00
      15052    627.118    101.307    102.000    19.7980    19.8035   4.967565   4.968158     2.1792     1.8291     100.00   26.66516  -85.00365   -0.00251   -0.00244     3.1426     3.1769    19.7791    19.7847    36.5833    36.5833    26.0286    26.0272    1536.78    136.790    138.281         35 0.0000e+00
      15087    628.574    102.300    103.000    19.7110    19.7126   4.958438   4.958702     2.1714     1.8229      60.57   26.66515  -85.00366   -0.00374   -0.00408     3.1315     3.1680    19.6920    19.6936    36.5833    36.5840    26.0516    26.0517    1536.66    136.303    137.892         34 0.0000e+00
      15119    629.925    103.293    104.000    19.6505    19.6536   4.951501   4.951898     2.1644     1.8163     100.25   26.66515  -85.00366   -0.00484   -0.00431     3.1206     3.1563    19.6313    19.6345    36.5782    36.5788    26.0637    26.0633    1536.53    135.827    137.379         31 0.0000e+00
      15150    631.220    104.286    105.000    19.5460    19.5504   4.939192   4.939679     2.1579     1.8103     100.00   26.66514  -85.00366   -0.00524   -0.00455     3.1138     3.1488    19.5267    19.5312    36.5670    36.5671    26.0825    26.0815    1536.41    135.526    137.052         31 0.0000e+00
      15182    632.548    105.278    106.000    19.4929    19.4946   4.932998   4.933276     2.1492     1.8025     100.00   26.66514  -85.00366   -0.00544   -0.00507     3.0987     3.1341    19.4735    19.4752    36.5615    36.5623    26.0923    26.0925    1536.29    134.867    136.409         33 0.0000e+00
      15216    633.938    106.272    107.000    19.4613    19.4627   4.929149   4.929382     2.1413     1.7959     100.00   26.66514  -85.00366   -0.00585   -0.00519     3.0840     3.1211    19.4408    19.4434    36.5576    36.5583    26.0978    26.0980    1536.17    134.230    135.842         34 0.0000e+00
      15248    635.311    107.265    108.000    19.4335    19.4348   4.926945   4.927155     2.1365     1.7929     100.00   26.66514  -85.00366   -0.00536   -0.00424     3.0754     3.1155    19.4138    19.4151    36.5624    36.5630    26.1086    26.1087    1536.05    133.853    135.597         32 0.0000e+00
      15280    636.611    108.257    109.000    19.4169    19.4184   4.925404   4.925567     2.1345     1.7936     100.00   26.66514  -85.00366   -0.00373   -0.00239     3.0725     3.1183    19.3976    19.3985    36.5631    36.5637    26.1134    26.1136    1535.94    133.725    135.720         31 0.0000e+00
      15312    637.963    109.250    110.000    19.3664    19.3696   4.920173   4.920561     2.1342     1.7925     100.00   26.66513  -85.00366   -0.00187   -0.00073     3.0755     3.1191    19.3435    19.3499    36.5665    36.5668    26.1300    26.1294    1535.82    133.853    135.750         34 0.0000e+00
      15345    639.350    110.243    111.000    19.3257    19.3273   4.916516   4.916766     2.1362     1.7953     100.00   26.66514  -85.00366   -0.00021    0.00012     3.0824     3.1284    19.3055    19.3071    36.5687    36.5695    26.1417    26.1418    1535.71    134.155    136.156         32 0.0000e+00
      15376    640.629    111.236    112.000    19.2944    19.2966   4.913294   4.913594     2.1411     1.8005     100.00   26.66514  -85.00368    0.00156    0.00165     3.0954     3.1430    19.2741    19.2763    36.5689    36.5695    26.1500    26.1499    1535.59    134.716    136.788         30 0.0000e+00
      15407    641.933    112.229    113.000    19.2453    19.2483   4.907748   4.908136     2.1442     1.8035     100.00   26.66514  -85.00368    0.00286    0.00327     3.1056     3.1535    19.2248    19.2278    36.5653    36.5660    26.1601    26.1597    1535.48    135.160    137.244         33 0.0000e+00
      15442    643.374    113.222    114.000    19.1812    19.1857   4.900341   4.900901     2.1461     1.8028     100.00   26.66513  -85.00368    0.00243    0.00204     3.1142     3.1562    19.1605    19.1650    36.5593    36.5600    26.1721    26.1715    1535.37    135.534    137.361         36 0.0000e+00
      15477    644.848    114.215    115.000    19.1144    19.1179   4.892615   4.893052     2.1446     1.8009     100.00   26.66512  -85.00368    0.00093   -0.00030     3.1157     3.1561    19.0936    19.0972    36.5529    36.5534    26.1845    26.1840    1535.25    135.599    137.354         34 0.0000e+00
      15565    648.492    117.194    118.000    19.0177    19.0190   4.881383   4.881597     2.1374     1.7942      99.98   26.66051  -84.98897   -0.00164   -0.00176     3.1072     3.1473    18.9965    18.9978    36.5404    36.5411    26.1995    26.1997    1534.66    135.226    136.970         34 0.0000e+00
      15605    650.166    118.186    119.000    18.9462    18.9524   4.872884   4.873860     2.1363     1.7957     100.00   26.66512  -85.00368   -0.00177   -0.00120     3.1101     3.1552    18.9214    18.9312    36.5367    36.5378    26.2164    26.2152    1534.82    135.348    137.313         40 0.0000e+00
      15640    651.631    119.179    120.000    18.9131    18.9142   4.869304   4.869517     2.1339     1.7926     100.00   26.66512  -85.00368   -0.00127   -0.00021     3.1072     3.1508    18.8917    18.8927    36.5323    36.5331    26.2207    26.2211    1534.72    135.221    137.118         30 0.0000e+00
      15692    653.798    121.165    122.000    18.8783    18.8794   4.864632   4.864844     2.1274     1.7839      99.98   26.65857  -84.98282   -0.00231   -0.00318     3.0959     3.1327    18.8565    18.8575    36.5199    36.5208    26.2196    26.2200    1534.13    134.731    136.332         31 0.0000e+00
