Gulf of Mexico/GOMECC-4/1db/rb2103_0311.cnv
* Sea-Bird SBE 9 Data File:
* FileName = C:\Users\scs.user.rb\CTD\GOMECC4\data\rb2103_0311.hex
* Software Version Seasave V 7.26.7.107
* Temperature SN = 4799
* Conductivity SN = 3860
* Number of Bytes Per Scan = 41
* Number of Voltage Words = 4
* Number of Scans Averaged by the Deck Unit = 1
* NMEA Latitude = 30 06.64 N
* NMEA Longitude = 086 47.99 W
* NMEA UTC (Time) = Sep 23 2021  16:01:34
* NMEA baud rate = 4800
# nquan = 28
# nvalues = 89                          
# units = specified
# name 0 = scan: Scan Count
# name 1 = timeS: Time, Elapsed [seconds]
# name 2 = depSM: Depth [salt water, m]
# name 3 = prDM: Pressure, Digiquartz [db]
# name 4 = t090C: Temperature [ITS-90, deg C]
# name 5 = t190C: Temperature, 2 [ITS-90, deg C]
# name 6 = c0S/m: Conductivity [S/m]
# name 7 = c1S/m: Conductivity, 2 [S/m]
# name 8 = sbeox0V: Oxygen raw, SBE 43 [V]
# name 9 = sbeox1V: Oxygen raw, SBE 43, 2 [V]
# name 10 = altM: Altimeter [m]
# name 11 = latitude: Latitude [deg]
# name 12 = longitude: Longitude [deg]
# name 13 = sbox0dV/dT: Oxygen, SBE 43 [dov/dt]
# name 14 = sbox1dV/dT: Oxygen, SBE 43, 2 [dov/dt]
# name 15 = sbeox0ML/L: Oxygen, SBE 43 [ml/l], WS = 5
# name 16 = sbeox1ML/L: Oxygen, SBE 43, 2 [ml/l], WS = 5
# name 17 = potemp090C: Potential Temperature [ITS-90, deg C]
# name 18 = potemp190C: Potential Temperature, 2 [ITS-90, deg C]
# name 19 = sal00: Salinity, Practical [PSU]
# name 20 = sal11: Salinity, Practical, 2 [PSU]
# name 21 = sigma-é00: Density [sigma-theta, kg/m^3]
# name 22 = sigma-é11: Density, 2 [sigma-theta, kg/m^3]
# name 23 = avgsvCM: Average Sound Velocity [Chen-Millero, m/s], minP = 20, minS = 20
# name 24 = sbox0Mm/Kg: Oxygen, SBE 43 [umol/kg], WS = 5
# name 25 = sbox1Mm/Kg: Oxygen, SBE 43, 2 [umol/kg], WS = 5
# name 26 = nbin: number of scans per bin
# name 27 = flag: flag
# span 0 =       9508,     238098       
# span 1 =    396.115,   9919.698       
# span 2 =      1.986,    148.447       
# span 3 =      2.000,    149.464       
# span 4 =    20.8852,   712.0619       
# span 5 =    20.8990,   633.1986       
# span 6 =   5.053186, 133.122312       
# span 7 =   5.053352, 133.141455       
# span 8 =     2.2720,    78.3814       
# span 9 =     1.9093,    56.8531       
# span 10 =      12.06,    1838.46      
# span 11 =   29.33273,  768.49790      
# span 12 =-2215.34583,  -84.55709      
# span 13 =   -0.05417,    0.05935      
# span 14 =   -0.04858,    0.05824      
# span 15 =     3.2571,   112.5519      
# span 16 =     3.2874,    96.2490      
# span 17 =    20.8723,   712.0272      
# span 18 =    20.8862,   633.1675      
# span 19 =    31.2619,   822.6444      
# span 20 =    31.2624,   731.5037      
# span 21 =    19.7447,   519.3243      
# span 22 =    19.7447,   461.7706      
# span 23 =       0.00,    1541.53      
# span 24 =    141.823,   4926.336      
# span 25 =    143.142,   4212.762      
# span 26 =         30,         71      
# span 27 = 0.0000e+00, 0.0000e+00      
# interval = decibars: 1                
# start_time = Sep 23 2021 16:01:34 [NMEA time, header]
# bad_flag = -9.990e-29
*END*
     238098   9919.698    148.447      5.000   712.0619   633.1986 133.122312 133.141455    78.3814    56.8531    1838.46  768.49790-2215.34583    0.00454    0.00553   112.5519    96.2490   712.0272   633.1675   822.6444   731.5037   519.3243   461.7706       0.00   4926.336   4212.762         37 0.0000e+00
       9508    396.115      6.952      7.000    27.9330    27.9308   5.222382   5.222387     3.0743     2.6170      71.07   30.14645  -86.90306    0.00039   -0.00062     4.4148     4.4314    27.9314    27.9291    32.2719    32.2665    20.3729    20.3689       0.00    193.233    193.959         37 0.0000e+00
       9672    402.964      7.945      8.000    27.8985    27.9002   5.215718   5.215721     3.0684     2.6108      69.99   30.11086  -86.80050   -0.00031   -0.00101     4.4062     4.4201    27.8967    27.8983    32.2311    32.2300    20.3474    20.3461       0.00    192.858    193.466         52 0.0000e+00
      10169    423.670     10.925     11.000    27.8297    27.8385   5.202931   5.203201     3.0627     2.6062      66.85   30.03959  -86.59501   -0.00030   -0.00054     4.4006     4.4147    27.8271    27.8359    32.1533    32.1625    20.2992    20.3047       0.00    192.612    193.230         54 0.0000e+00
      15726    655.224     14.897     15.000    27.9597    27.9389   5.262804   5.253211     3.0637     2.6031      63.08   30.01775  -86.53198    0.00047    0.00118     4.3857     4.3947    27.9562    27.9354    32.4663    32.4141    20.4888    20.4563       0.00    191.921    192.322         54 0.0000e+00
      15824    659.307     15.890     16.000    28.0882    28.0904   5.299063   5.299560     3.0734     2.6096      62.37   30.11100  -86.80080    0.00085   -0.00146     4.3937     4.3968    28.0844    28.0867    32.6760    32.6779    20.6207    20.6214       0.00    192.259    192.393         49 0.0000e+00
      15870    661.225     16.883     17.000    28.1352    28.1352   5.322681   5.322140     3.0754     2.6097      61.47   30.11100  -86.80080    0.00018    0.00031     4.3912     4.3912    28.1312    28.1312    32.8067    32.8030    20.7037    20.7009       0.00    192.134    192.133         49 0.0000e+00
      15924    663.479     17.877     18.000    28.2257    28.2480   5.364835   5.375961     3.0785     2.6168      60.24   30.11100  -86.80080    0.00121    0.00101     4.3848     4.3903    28.2215    28.2438    33.0351    33.0944    20.8458    20.8821       0.00    191.827    192.058         53 0.0000e+00
      15973    665.499     18.870     19.000    28.3181    28.3271   5.405072   5.408464     3.0841     2.6199      59.54   30.11100  -86.80080    0.00230    0.00286     4.3834     4.3879    28.3136    28.3226    33.2485    33.2656    20.9759    20.9857       0.00    191.741    191.937         52 0.0000e+00
      16033    667.994     19.863     20.000    28.4382    28.4512   5.463665   5.469746     3.0865     2.6226      58.44   30.11100  -86.80080    0.00169    0.00079     4.3711     4.3767    28.4334    28.4465    33.5687    33.6014    21.1771    21.1974     682.94    191.166    191.405         57 0.0000e+00
      16078    669.864     20.856     21.000    28.5614    28.5632   5.540461   5.541219     3.0910     2.6279      57.59   30.11100  -86.80080    0.00116    0.00220     4.3596     4.3698    28.5564    28.5582    34.0113    34.0152    21.4689    21.4713    1527.03    190.610    191.054         40 0.0000e+00
      16127    671.902     21.849     22.000    28.4630    28.4764   5.588915   5.577823     3.0833     2.6211      56.56   30.11100  -86.80080    0.00020    0.00006     4.3387     4.3517    28.4570    28.4711    34.4372    34.3573    21.8216    21.7569    1541.18    189.626    190.209         59 0.0000e+00
      16182    674.218     22.842     23.000    28.4383    28.4406   5.609567   5.610333     3.0730     2.6175      55.73   30.11100  -86.80080   -0.00703   -0.00410     4.3223     4.3438    28.4328    28.4351    34.5673    34.5678    21.9273    21.9272    1541.23    188.890    189.831         47 0.0000e+00
      16229    676.177     23.835     24.000    28.4282    28.4391   5.641738   5.636432     3.0886     2.6256      54.73   30.11100  -86.80081    0.00287    0.00208     4.3491     4.3580    28.4224    28.4334    34.8194    34.7666    22.1202    22.0769    1541.28    190.028    190.422         54 0.0000e+00
      16288    678.605     24.828     25.000    28.3980    28.4037   5.659763   5.656492     3.0746     2.6208      53.72   30.11100  -86.80081    0.00321    0.00234     4.3214     4.3470    28.3920    28.3978    34.9558    34.9291    22.2327    22.2107    1541.33    188.798    189.922         54 0.0000e+00
      16336    680.622     25.821     26.000    28.4217    28.4167   5.673438   5.666674     3.0088     2.5592      52.83   30.11099  -86.80082   -0.02147   -0.01796     4.1975     4.2195    28.4155    28.4105    35.0335    34.9902    22.2834    22.2525    1541.38    183.375    184.342         49 0.0000e+00
      16389    682.840     26.814     27.000    28.4399    28.4294   5.691247   5.682977     2.9557     2.5210      51.75   30.11099  -86.80082   -0.02873   -0.02302     4.1023     4.1394    28.4335    28.4230    35.1343    35.0933    22.3531    22.3259    1541.44    179.203    180.826         54 0.0000e+00
      16438    684.886     27.807     28.000    28.1334    28.2206   5.664028   5.671509     2.8870     2.4712      50.99   30.11100  -86.80082   -0.02250   -0.01624     3.9895     4.0505    28.1268    28.2140    35.1813    35.1687    22.4895    22.4513    1541.48    174.252    176.923         46 0.0000e+00
      16491    687.076     28.800     29.000    28.0836    28.0999   5.663900   5.664988     2.7640     2.3454      49.70   30.11100  -86.80082   -0.05417   -0.04858     3.7684     3.8010    28.0768    28.0930    35.2173    35.2128    22.5329    22.5242    1541.50    164.590    166.016         60 0.0000e+00
      16546    689.374     29.793     30.000    27.8853    27.8749   5.660722   5.660430     2.7711     2.3360      48.88   30.11101  -86.80082   -0.01536   -0.02108     3.7926     3.7936    27.8782    27.8678    35.3434    35.3491    22.6927    22.7004    1541.52    165.621    165.660         48 0.0000e+00
      16598    691.546     30.786     31.000    27.6469    27.6465   5.647851   5.648160     2.7187     2.2850      47.94   30.11102  -86.80082   -0.00878   -0.01432     3.7094     3.7009    27.6397    27.6393    35.4320    35.4345    22.8370    22.8390    1541.53    161.965    161.593         58 0.0000e+00
      16652    693.801     31.780     32.000    27.4253    27.4237   5.640689   5.641070     2.6455     2.2233      46.98   30.11102  -86.80083   -0.03100   -0.02693     3.5863     3.5860    27.4178    27.4162    35.5491    35.5531    22.9970    23.0005    1541.53    156.566    156.552         47 0.0000e+00
      16701    695.832     32.773     33.000    26.9920    27.0306   5.627475   5.630298     2.6546     2.2442      46.10   30.11102  -86.80083   -0.01654   -0.01006     3.6366     3.6597    26.9530    27.0233    35.8108    35.7916    23.3436    23.3128    1541.50    158.707    159.719         54 0.0000e+00
      16753    697.997     33.766     34.000    26.4042    26.4097   5.590129   5.590918     2.7243     2.3064      44.92   30.11102  -86.80084    0.02212    0.02260     3.7942     3.8141    26.3964    26.4020    35.9730    35.9744    23.6429    23.6421    1541.46    165.534    166.404         49 0.0000e+00
      16804    700.126     34.759     35.000    25.9083    25.9162   5.550684   5.551669     2.7466     2.3265      43.85   30.11102  -86.80084    0.02221    0.01920     3.8690     3.8866    25.9005    25.9083    36.0744    36.0754    23.8753    23.8736    1541.38    168.760    169.530         53 0.0000e+00
      16854    702.212     35.752     36.000    25.5976    25.5961   5.526596   5.526760     2.8364     2.4328      43.01   30.11102  -86.80084    0.02105    0.02546     4.0623     4.1323    25.5896    25.5882    36.1430    36.1454    24.0239    24.0261    1541.28    177.166    180.220         50 0.0000e+00
      16909    704.498     36.745     37.000    25.4651    25.4738   5.515938   5.516768     2.9575     2.5338      41.87   30.11104  -86.80084    0.05935    0.05824     4.3051     4.3557    25.4563    25.4658    36.1699    36.1701    24.0854    24.0833    1541.18    187.742    189.952         54 0.0000e+00
      16955    706.400     37.737     38.000    25.3493    25.3481   5.510012   5.510268     2.9680     2.5311      40.96   30.11104  -86.80084    0.02855    0.01977     4.3336     4.3584    25.3410    25.3397    36.2175    36.2204    24.1570    24.1596    1541.08    188.973    190.053         41 0.0000e+00
      17005    708.507     38.730     39.000    25.2980    25.3045   5.508534   5.509495     2.9264     2.4920      39.93   30.11104  -86.80084   -0.00813   -0.01207     4.2572     4.2782    25.2894    25.2959    36.2472    36.2492    24.1954    24.1949    1540.98    185.633    186.549         60 0.0000e+00
      17058    710.703     39.724     40.000    25.2111    25.2067   5.509713   5.510110     2.9049     2.4794      38.98   30.11104  -86.80084   -0.01530   -0.01013     4.2209     4.2568    25.2023    25.1980    36.3253    36.3318    24.2812    24.2874    1540.88    184.038    185.603         43 0.0000e+00
      17104    712.640     40.716     41.000    24.8123    24.8166   5.472406   5.471832     2.9210     2.4923      38.04   30.11104  -86.80084    0.00017    0.00102     4.2789     4.3070    24.8039    24.8077    36.3546    36.3599    24.4251    24.4280    1540.79    186.540    187.762         57 0.0000e+00
      17162    715.049     41.710     42.000    24.6052    24.6093   5.445754   5.446748     2.9037     2.4734      37.03   30.11104  -86.80086   -0.00071   -0.00290     4.2667     4.2888    24.5961    24.6003    36.3356    36.3390    24.4739    24.4752    1540.65    186.000    186.964         48 0.0000e+00
      17207    716.911     42.702     43.000    24.5978    24.5998   5.450803   5.451812     2.9064     2.4806      35.97   30.11104  -86.80086   -0.00541   -0.00461     4.2718     4.3042    24.5885    24.5906    36.3785    36.3845    24.5087    24.5125    1540.54    186.215    187.626         49 0.0000e+00
      17259    719.064     43.696     44.000    24.6109    24.6021   5.465285   5.464710     2.9384     2.5131      34.96   30.11104  -86.80086    0.00914    0.01139     4.3313     4.3722    24.6014    24.5926    36.4765    36.4794    24.5789    24.5837    1540.43    188.795    190.579         51 0.0000e+00
      17310    721.199     44.688     45.000    24.2427    24.2579   5.424503   5.423041     2.9501     2.5214      34.05   30.11104  -86.80086    0.01090    0.00853     4.3867     4.4215    24.2331    24.2483    36.4194    36.4271    24.6467    24.6480    1540.33    191.198    192.716         52 0.0000e+00
      17358    723.215     45.681     46.000    24.1986    24.2023   5.424801   5.425987     2.9600     2.5319      33.13   30.11105  -86.80086    0.00470    0.00624     4.4072     4.4436    24.1888    24.1925    36.5059    36.5121    24.7255    24.7291    1540.19    192.075    193.664         46 0.0000e+00
      17409    725.348     46.674     47.000    24.1680    24.1613   5.426438   5.426038     2.8977     2.4591      32.09   30.11106  -86.80086   -0.01136   -0.01748     4.2883     4.2899    24.1580    24.1513    36.5434    36.5459    24.7632    24.7670    1540.08    186.889    186.958         56 0.0000e+00
      17460    727.478     47.667     48.000    23.8240    23.8113   5.383847   5.382648     2.8534     2.4279      31.08   30.11106  -86.80086   -0.02886   -0.02783     4.2279     4.2478    23.8139    23.8012    36.5011    36.5024    24.8336    24.8384    1539.96    184.241    185.110         45 0.0000e+00
      17510    729.527     48.660     49.000    23.6188    23.6091   5.357976   5.357278     2.8716     2.4553      30.10   30.11106  -86.80087   -0.00773   -0.00040     4.2815     4.3242    23.6085    23.5988    36.4717    36.4744    24.8721    24.8770    1539.83    186.572    188.431         56 0.0000e+00
      17562    731.727     49.653     50.000    23.3983    23.3953   5.336428   5.336535     2.8668     2.4368      29.08   30.11106  -86.80088    0.00720    0.00402     4.2895     4.2996    23.3879    23.3849    36.4878    36.4911    24.9493    24.9527    1539.69    186.907    187.345         46 0.0000e+00
      17611    733.732     50.646     51.000    23.2859    23.2840   5.326472   5.326619     2.8123     2.3890      28.09   30.11106  -86.80088   -0.01530   -0.01805     4.1900     4.2027    23.2754    23.2735    36.5037    36.5065    24.9943    24.9970    1539.56    182.561    183.114         55 0.0000e+00
      17665    735.997     51.639     52.000    23.1335    23.1279   5.317040   5.316984     2.7662     2.3466      27.21   30.11106  -86.80088   -0.02430   -0.02156     4.1082     4.1194    23.1227    23.1172    36.5571    36.5612    25.0794    25.0841    1539.42    178.984    179.470         47 0.0000e+00
      17711    737.904     52.632     53.000    22.9731    22.9707   5.301014   5.301045     2.7245     2.3088      26.19   30.11106  -86.80088   -0.02193   -0.01920     4.0370     4.0476    22.9622    22.9598    36.5660    36.5682    25.1328    25.1352    1539.28    175.873    176.331         51 0.0000e+00
      17764    740.124     53.625     54.000    22.8282    22.8260   5.284697   5.284702     2.6953     2.2873      25.14   30.11106  -86.80088   -0.01746   -0.01475     3.9895     4.0104    22.8172    22.8150    36.5596    36.5615    25.1699    25.1720    1539.15    173.798    174.709         51 0.0000e+00
      17814    742.207     54.618     55.000    22.5989    22.5866   5.256637   5.255735     2.6739     2.2671      24.20   30.11106  -86.80089   -0.01044   -0.00839     3.9629     3.9810    22.5852    22.5754    36.5341    36.5351    25.2174    25.2210    1539.00    172.629    173.420         51 0.0000e+00
      17865    744.333     55.611     56.000    22.3791    22.3779   5.230027   5.230146     2.6308     2.2275      23.25   30.11106  -86.80090   -0.01575   -0.01492     3.8944     3.9103    22.3678    22.3666    36.5072    36.5092    25.2592    25.2610    1538.86    169.639    170.332         49 0.0000e+00
      17913    746.349     56.604     57.000    22.1727    22.1706   5.208367   5.208447     2.5969     2.1985      22.26   30.11106  -86.80090   -0.01904   -0.01674     3.8407     3.8598    22.1613    22.1592    36.5098    36.5122    25.3199    25.3223    1538.70    167.292    168.120         51 0.0000e+00
      17966    748.561     57.597     58.000    21.9653    21.9576   5.187833   5.187239     2.5571     2.1578      21.25   30.11106  -86.80090   -0.01655   -0.01585     3.7742     3.7826    21.9538    21.9461    36.5220    36.5238    25.3878    25.3913    1538.54    164.383    164.749         51 0.0000e+00
      18014    750.540     58.590     59.000    21.7144    21.7138   5.158451   5.159002     2.4967     2.1015      20.29   30.11106  -86.80090   -0.02351   -0.02352     3.6613     3.6721    21.7004    21.7022    36.5026    36.5054    25.4443    25.4459    1538.38    159.457    159.927         50 0.0000e+00
      18074    753.056     59.582     60.000    21.6746    21.6728   5.154734   5.154858     2.4486     2.0619      19.23   30.11106  -86.80090   -0.02499   -0.02256     3.5776     3.5895    21.6629    21.6610    36.5043    36.5069    25.4561    25.4586    1538.22    155.808    156.327         53 0.0000e+00
      23954    998.036     66.533     67.000    20.8852    20.8990   5.074820   5.073669     2.2720     1.9093      12.06   30.16347  -86.95191    0.00118    0.00091     3.2571     3.2874    20.8723    20.8862    36.4936    36.5353    25.6685    25.7006    1539.46    141.823    143.142         53 0.0000e+00
