Gulf of Mexico/GOMECC-4/1db/rb2103_0971.cnv
* Sea-Bird SBE 9 Data File:
* FileName = C:\Users\scs.user.rb\CTD\GOMECC4\data\rb2103_0971.hex
* Software Version Seasave V 7.26.7.107
* Temperature SN = 4799
* Conductivity SN = 3860
* Number of Bytes Per Scan = 41
* Number of Voltage Words = 4
* Number of Scans Averaged by the Deck Unit = 1
* NMEA Latitude = 22 58.24 N
* NMEA Longitude = 090 29.95 W
* NMEA UTC (Time) = Oct 11 2021  11:24:34
* NMEA baud rate = 4800
# nquan = 28
# nvalues = 378                         
# units = specified
# name 0 = scan: Scan Count
# name 1 = timeS: Time, Elapsed [seconds]
# name 2 = depSM: Depth [salt water, m]
# name 3 = prDM: Pressure, Digiquartz [db]
# name 4 = t090C: Temperature [ITS-90, deg C]
# name 5 = t190C: Temperature, 2 [ITS-90, deg C]
# name 6 = c0S/m: Conductivity [S/m]
# name 7 = c1S/m: Conductivity, 2 [S/m]
# name 8 = sbeox0V: Oxygen raw, SBE 43 [V]
# name 9 = sbeox1V: Oxygen raw, SBE 43, 2 [V]
# name 10 = altM: Altimeter [m]
# name 11 = latitude: Latitude [deg]
# name 12 = longitude: Longitude [deg]
# name 13 = sbox0dV/dT: Oxygen, SBE 43 [dov/dt]
# name 14 = sbox1dV/dT: Oxygen, SBE 43, 2 [dov/dt]
# name 15 = sbeox0ML/L: Oxygen, SBE 43 [ml/l], WS = 5
# name 16 = sbeox1ML/L: Oxygen, SBE 43, 2 [ml/l], WS = 5
# name 17 = potemp090C: Potential Temperature [ITS-90, deg C]
# name 18 = potemp190C: Potential Temperature, 2 [ITS-90, deg C]
# name 19 = sal00: Salinity, Practical [PSU]
# name 20 = sal11: Salinity, Practical, 2 [PSU]
# name 21 = sigma-é00: Density [sigma-theta, kg/m^3]
# name 22 = sigma-é11: Density, 2 [sigma-theta, kg/m^3]
# name 23 = avgsvCM: Average Sound Velocity [Chen-Millero, m/s], minP = 20, minS = 20
# name 24 = sbox0Mm/Kg: Oxygen, SBE 43 [umol/kg], WS = 5
# name 25 = sbox1Mm/Kg: Oxygen, SBE 43, 2 [umol/kg], WS = 5
# name 26 = nbin: number of scans per bin
# name 27 = flag: flag
# span 0 =      10013,      96171       
# span 1 =    417.172,   4007.087       
# span 2 =      1.987,    956.703       
# span 3 =      2.000,    965.000       
# span 4 =     5.4044,    29.6045       
# span 5 =     5.4058,    29.6050       
# span 6 =   3.418986,   5.977187       
# span 7 =   3.419085,   5.977574       
# span 8 =     1.5729,     3.1817       
# span 9 =     1.2755,     2.6965       
# span 10 =      10.44,     100.85      
# span 11 =   22.93249,   23.01417      
# span 12 =  -90.66408,  -90.34216      
# span 13 =   -0.03952,    0.03655      
# span 14 =   -0.03770,    0.03660      
# span 15 =     2.4251,     4.6490      
# span 16 =     2.4414,     4.6517      
# span 17 =     5.3206,    29.6035      
# span 18 =     5.3220,    29.6040      
# span 19 =    34.9142,    36.5412      
# span 20 =    34.9139,    36.5416      
# span 21 =    22.7651,    27.5801      
# span 22 =    22.7486,    27.5796      
# span 23 =       0.00,    1546.31      
# span 24 =    105.442,    202.691      
# span 25 =    106.151,    202.812      
# span 26 =         30,         73      
# span 27 = 0.0000e+00, 0.0000e+00      
# interval = decibars: 1                
# start_time = Oct 11 2021 11:24:34 [NMEA time, header]
# bad_flag = -9.990e-29
*END*
[from data line 156]
      16179    674.066    158.932    160.000    16.8746    16.8758   4.625646   4.625825     1.8074     1.4830     100.00   22.97130  -90.49900   -0.00412   -0.00419     2.5084     2.5182    16.8481    16.8493    36.2389    36.2394    26.5019    26.5020    1533.31    109.134    109.560         32 0.0000e+00
      16211    675.434    159.925    161.000    16.7933    16.7940   4.616678   4.616807     1.8064     1.4861     100.00   22.97130  -90.49900   -0.00394   -0.00341     2.5142     2.5349    16.7667    16.7674    36.2318    36.2324    26.5158    26.5162    1533.21    109.382    110.283         35 0.0000e+00
      16247    676.928    160.917    162.000    16.7635    16.7644   4.613136   4.613363     1.8218     1.5036      64.97   22.97130  -90.49900    0.00130    0.00341     2.5484     2.5767    16.7369    16.7378    36.2282    36.2294    26.5202    26.5209    1533.09    110.871    112.102         35 0.0000e+00
      16280    678.300    161.910    163.000    16.7619    16.7626   4.613099   4.613281     1.8330     1.5138     100.21   22.97130  -90.49900    0.00802    0.00929     2.5747     2.6029    16.7350    16.7358    36.2290    36.2299    26.5213    26.5218    1532.99    112.017    113.243         31 0.0000e+00
      16311    679.564    162.903    164.000    16.7573    16.7571   4.612711   4.612758     1.8389     1.5186     100.00   22.97130  -90.49900    0.00823    0.00803     2.5890     2.6156    16.7302    16.7301    36.2294    36.2300    26.5227    26.5232    1532.88    112.639    113.796         31 0.0000e+00
      16346    681.048    163.896    165.000    16.7055    16.7067   4.606524   4.606722     1.8427     1.5220     100.00   22.97130  -90.49900    0.00486    0.00424     2.6011     2.6275    16.6784    16.6796    36.2212    36.2218    26.5287    26.5289    1532.78    113.162    114.310         39 0.0000e+00
      16383    682.563    164.889    166.000    16.6555    16.6566   4.600568   4.600795     1.8417     1.5190     100.00   22.97130  -90.49900    0.00213    0.00142     2.6021     2.6230    16.6283    16.6294    36.2134    36.2144    26.5346    26.5351    1532.68    113.204    114.113         33 0.0000e+00
      16413    683.819    165.882    167.000    16.6418    16.6427   4.599034   4.599198     1.8379     1.5149     100.00   22.97130  -90.49900   -0.00040   -0.00133     2.5943     2.6136    16.6144    16.6153    36.2119    36.2125    26.5367    26.5370    1532.58    112.864    113.706         30 0.0000e+00
      16447    685.237    166.875    168.000    16.5708    16.5728   4.590468   4.590723     1.8321     1.5094     100.00   22.97130  -90.49900   -0.00268   -0.00312     2.5853     2.6037    16.5434    16.5453    36.2000    36.2005    26.5443    26.5442    1532.47    112.472    113.276         38 0.0000e+00
      16484    686.778    167.868    169.000    16.5092    16.5110   4.583175   4.583458     1.8218     1.4970     100.00   22.97131  -90.49900   -0.00465   -0.00494     2.5649     2.5759    16.4816    16.4834    36.1909    36.1918    26.5518    26.5521    1532.38    111.586    112.065         33 0.0000e+00
      16515    688.068    168.861    170.000    16.4127    16.4127   4.571541   4.571687     1.8125     1.4888     100.00   22.97132  -90.49900   -0.00642   -0.00691     2.5460     2.5569    16.3851    16.3851    36.1746    36.1749    26.5620    26.5622    1532.27    110.763    111.236         30 0.0000e+00
      16547    689.412    169.853    171.000    16.3814    16.3824   4.568027   4.568232     1.8020     1.4771     100.00   22.97132  -90.49900   -0.00719   -0.00749     2.5267     2.5325    16.3536    16.3546    36.1716    36.1724    26.5670    26.5675    1532.17    109.924    110.174         36 0.0000e+00
      16583    690.936    170.846    172.000    16.3793    16.3801   4.568163   4.568349     1.7958     1.4737     100.00   22.97132  -90.49900   -0.00689   -0.00678     2.5127     2.5244    16.3514    16.3522    36.1742    36.1752    26.5696    26.5701    1532.07    109.311    109.824         35 0.0000e+00
      16616    692.312    171.839    173.000    16.3663    16.3673   4.566764   4.566919     1.8050     1.4862     100.00   22.97132  -90.49900   -0.00198    0.00073     2.5354     2.5574    16.3383    16.3393    36.1732    36.1737    26.5719    26.5720    1531.97    110.302    111.257         32 0.0000e+00
      16650    693.700    172.832    174.000    16.3070    16.3075   4.559875   4.559965     1.8111     1.4909     100.00   22.97132  -90.49900    0.00369    0.00525     2.5530     2.5727    16.2789    16.2794    36.1654    36.1657    26.5797    26.5799    1531.88    111.065    111.922         35 0.0000e+00
      16685    695.161    173.825    175.000    16.2848    16.2864   4.557310   4.557590     1.8147     1.4949     100.00   22.97132  -90.49900    0.00491    0.00481     2.5631     2.5846    16.2566    16.2581    36.1623    36.1634    26.5826    26.5831    1531.77    111.503    112.439         33 0.0000e+00
      16716    696.460    174.818    176.000    16.2850    16.2859   4.557393   4.557593     1.8190     1.4991     100.00   22.97132  -90.49900    0.00320    0.00308     2.5735     2.5955    16.2566    16.2574    36.1625    36.1635    26.5827    26.5833    1531.68    111.958    112.915         31 0.0000e+00
      16748    697.811    175.811    177.000    16.2797    16.2806   4.556828   4.556999     1.8217     1.5018     100.00   22.97132  -90.49900    0.00266    0.00274     2.5803     2.6031    16.2511    16.2521    36.1619    36.1625    26.5835    26.5838    1531.59    112.254    113.243         35 0.0000e+00
      16786    699.385    176.804    178.000    16.2519    16.2538   4.553586   4.553871     1.8236     1.5034     100.00   22.97132  -90.49900    0.00215    0.00204     2.5868     2.6091    16.2232    16.2251    36.1579    36.1586    26.5870    26.5871    1531.49    112.533    113.507         38 0.0000e+00
      16820    700.808    177.796    179.000    16.2137    16.2147   4.549070   4.549211     1.8236     1.5022     100.00   22.97132  -90.49900    0.00113    0.00081     2.5893     2.6086    16.1849    16.1859    36.1519    36.1522    26.5913    26.5913    1531.39    112.644    113.482         32 0.0000e+00
      16852    702.119    178.789    180.000    16.1594    16.1595   4.542666   4.542680     1.8191     1.4978     100.00   22.97132  -90.49900   -0.00047   -0.00098     2.5820     2.6005    16.1304    16.1306    36.1438    36.1438    26.5977    26.5977    1531.30    112.325    113.130         32 0.0000e+00
      16885    703.497    179.782    181.000    16.0922    16.0932   4.534681   4.534756     1.8152     1.4938     100.00   22.97132  -90.49900   -0.00249   -0.00265     2.5771     2.5945    16.0632    16.0642    36.1333    36.1330    26.6052    26.6047    1531.21    112.112    112.867         33 0.0000e+00
      16919    704.911    180.775    182.000    15.9593    15.9600   4.519144   4.519233     1.8136     1.4932     100.00   22.97132  -90.49900   -0.00268   -0.00261     2.5814     2.6014    15.9303    15.9310    36.1148    36.1149    26.6216    26.6215    1531.12    112.294    113.165         34 0.0000e+00
      16953    706.334    181.768    183.000    15.9232    15.9246   4.514862   4.515076     1.8163     1.4973     100.00   22.97134  -90.49900   -0.00063   -0.00001     2.5901     2.6133    15.8941    15.8955    36.1089    36.1096    26.6254    26.6256    1531.02    112.674    113.681         35 0.0000e+00
      16988    707.804    182.761    184.000    15.8936    15.8947   4.511286   4.511474     1.8183     1.4985     100.00   22.97134  -90.49900    0.00123    0.00187     2.5966     2.6183    15.8644    15.8655    36.1034    36.1041    26.6280    26.6283    1530.92    112.957    113.899         35 0.0000e+00
      17021    709.161    183.753    185.000    15.8563    15.8564   4.506791   4.506902     1.8178     1.4967     100.00   22.97134  -90.49900    0.00118    0.00079     2.5981     2.6161    15.8265    15.8270    36.0971    36.0976    26.6318    26.6321    1530.83    113.022    113.803         31 0.0000e+00
      17053    710.494    184.747    186.000    15.8400    15.8410   4.504947   4.505125     1.8132     1.4912      89.13   22.97135  -90.49900   -0.00060   -0.00145     2.5885     2.6030    15.8105    15.8115    36.0946    36.0953    26.6336    26.6339    1530.74    112.603    113.233         33 0.0000e+00
      17088    711.963    185.739    187.000    15.8223    15.8233   4.502875   4.503060     1.8051     1.4831      97.32   22.97134  -90.49900   -0.00335   -0.00388     2.5706     2.5834    15.7926    15.7937    36.0918    36.0925    26.6355    26.6358    1530.64    111.825    112.380         37 0.0000e+00
      17122    713.384    186.732    188.000    15.8039    15.8042   4.500690   4.500744     1.7968     1.4760      99.98   22.97134  -90.49900   -0.00534   -0.00523     2.5525     2.5663    15.7741    15.7744    36.0885    36.0887    26.6372    26.6373    1530.55    111.037    111.638         32 0.0000e+00
      17155    714.749    187.724    189.000    15.7249    15.7271   4.491397   4.491662     1.7909     1.4707     100.00   22.97134  -90.49900   -0.00542   -0.00486     2.5433     2.5572    15.6951    15.6973    36.0766    36.0769    26.6461    26.6458    1530.46    110.635    111.240         34 0.0000e+00
      17190    716.226    188.717    190.000    15.6891    15.6893   4.487158   4.487264     1.7852     1.4654     100.00   22.97134  -90.49898   -0.00454   -0.00409     2.5321     2.5455    15.6592    15.6594    36.0710    36.0715    26.6499    26.6503    1530.37    110.149    110.733         35 0.0000e+00
      17223    717.566    189.710    191.000    15.6575    15.6587   4.483440   4.483620     1.7792     1.4583      99.77   22.97134  -90.49898   -0.00420   -0.00409     2.5199     2.5294    15.6275    15.6286    36.0657    36.0662    26.6531    26.6532    1530.28    109.619    110.030         30 0.0000e+00
      17254    718.877    190.703    192.000    15.6420    15.6427   4.481664   4.481796     1.7753     1.4555     100.00   22.97134  -90.49898   -0.00394   -0.00399     2.5118     2.5233    15.6118    15.6125    36.0635    36.0640    26.6549    26.6552    1530.19    109.265    109.763         34 0.0000e+00
      17291    720.428    191.696    193.000    15.6177    15.6184   4.478883   4.479020     1.7734     1.4551     100.00   22.97134  -90.49898   -0.00272   -0.00225     2.5089     2.5238    15.5874    15.5881    36.0602    36.0608    26.6579    26.6583    1530.09    109.137    109.786         38 0.0000e+00
      17326    721.877    192.689    194.000    15.6052    15.6062   4.477480   4.477636     1.7733     1.4563      98.40   22.97134  -90.49898   -0.00119   -0.00022     2.5098     2.5278    15.5748    15.5757    36.0585    36.0590    26.6595    26.6597    1530.00    109.179    109.959         32 0.0000e+00
      17357    723.175    193.681    195.000    15.5918    15.5925   4.475967   4.476085     1.7735     1.4570      83.67   22.97134  -90.49898   -0.00019    0.00047     2.5114     2.5308    15.5612    15.5619    36.0567    36.0571    26.6612    26.6614    1529.92    109.246    110.090         32 0.0000e+00
      17391    724.577    194.674    196.000    15.5452    15.5579   4.469467   4.469679     1.7737     1.4578      99.92   22.97134  -90.49898    0.00014    0.00068     2.5153     2.5357    15.5146    15.5273    36.0498    36.0511    26.6665    26.6646    1529.84    109.417    110.303         35 0.0000e+00
      17424    725.977    195.667    197.000    15.4976    15.4988   4.465009   4.465288     1.7760     1.4606     100.00   22.97134  -90.49898    0.00039    0.00085     2.5233     2.5459    15.4668    15.4680    36.0431    36.0436    26.6721    26.6722    1529.75    109.762    110.746         32 0.0000e+00
      17457    727.351    196.660    198.000    15.4970    15.4980   4.465011   4.465179     1.7796     1.4647      78.72   22.97134  -90.49898    0.00156    0.00191     2.5322     2.5570    15.4661    15.4671    36.0432    36.0438    26.6723    26.6725    1529.65    110.152    111.229         35 0.0000e+00
      17494    728.860    197.653    199.000    15.4955    15.4968   4.464924   4.465130     1.7828     1.4673      90.91   22.97135  -90.49898    0.00237    0.00255     2.5402     2.5640    15.4644    15.4658    36.0434    36.0440    26.6729    26.6731    1529.57    110.499    111.535         36 0.0000e+00
      17527    730.237    198.645    200.000    15.4691    15.4683   4.461877   4.461684     1.7849     1.4687     100.05   22.97134  -90.49898    0.00204    0.00182     2.5471     2.5697    15.4379    15.4371    36.0395    36.0386    26.6759    26.6753    1529.48    110.796    111.783         30 0.0000e+00
      17558    731.531    199.638    201.000    15.3371    15.3374   4.446452   4.446505     1.7858     1.4696     100.00   22.97135  -90.49898    0.00148    0.00103     2.5572     2.5797    15.3060    15.3063    36.0203    36.0205    26.6907    26.6908    1529.40    111.237    112.214         33 0.0000e+00
      17593    732.998    200.631    202.000    15.3133    15.3120   4.443661   4.443537     1.7890     1.4729      89.44   22.97134  -90.49898    0.00135    0.00120     2.5666     2.5900    15.2820    15.2808    36.0164    36.0164    26.6931    26.6934    1529.31    111.643    112.660         36 0.0000e+00
      17627    734.415    201.624    203.000    15.2947    15.2971   4.441500   4.441816     1.7913     1.4744      72.99   22.97134  -90.49898    0.00182    0.00179     2.5734     2.5950    15.2633    15.2656    36.0134    36.0141    26.6950    26.6950    1529.23    111.939    112.881         32 0.0000e+00
      17659    735.736    202.616    204.000    15.2657    15.2677   4.438128   4.438363     1.7904     1.4730      99.72   22.97134  -90.49898    0.00121    0.00087     2.5732     2.5935    15.2342    15.2362    36.0090    36.0092    26.6981    26.6978    1529.14    111.931    112.814         33 0.0000e+00
      17694    737.210    203.609    205.000    15.2447    15.2456   4.435735   4.435858     1.7887     1.4717     100.00   22.97134  -90.49898   -0.00041   -0.00071     2.5709     2.5914    15.2130    15.2139    36.0060    36.0064    26.7005    26.7007    1529.06    111.829    112.721         37 0.0000e+00
      17730    738.692    204.602    206.000    15.2132    15.2139   4.432112   4.432204     1.7900     1.4749     100.00   22.97134  -90.49898   -0.00059   -0.00015     2.5761     2.6022    15.1815    15.1821    36.0016    36.0018    26.7042    26.7042    1528.98    112.057    113.190         33 0.0000e+00
      17761    739.985    205.594    207.000    15.1976    15.1991   4.430365   4.430567     1.7954     1.4807      57.48   22.97135  -90.49898    0.00111    0.00198     2.5904     2.6184    15.1657    15.1672    35.9996    36.0001    26.7062    26.7062    1528.89    112.676    113.895         31 0.0000e+00
      17793    741.353    206.587    208.000    15.1720    15.1725   4.427411   4.427450     1.8026     1.4872      99.32   22.97136  -90.49898    0.00367    0.00412     2.6086     2.6365    15.1400    15.1405    35.9959    35.9957    26.7090    26.7088    1528.81    113.470    114.685         35 0.0000e+00
      17828    742.801    207.580    209.000    15.1055    15.1065   4.419576   4.419679     1.8084     1.4926     100.00   22.97136  -90.49898    0.00496    0.00466     2.6277     2.6558    15.0734    15.0744    35.9851    35.9852    26.7155    26.7154    1528.73    114.300    115.520         30 0.0000e+00
      32999   1374.921    813.232    820.000     6.0241     6.0245   3.467945   3.467951     1.7176     1.4136      99.81   22.97138  -90.49775    0.00045    0.00064     3.2710     3.2994     5.9499     5.9504    34.9150    34.9147    27.4920    27.4916    1503.58    142.174    143.410         30 0.0000e+00
