Gulf of Mexico/GOMECC-4/1db/rb2103_1211.ros
* Sea-Bird SBE 9 Data File:
* FileName = C:\Users\scs.user.rb\CTD\GOMECC4\data\rb2103_1211.hex
* Software Version Seasave V 7.26.7.107
* Temperature SN = 4799
* Conductivity SN = 3860
* Number of Bytes Per Scan = 41
* Number of Voltage Words = 4
* Number of Scans Averaged by the Deck Unit = 1
* NMEA Latitude = 24 24.00 N
* NMEA Longitude = 080 37.48 W
* NMEA UTC (Time) = Oct 17 2021  18:24:48
* NMEA baud rate = 4800
# nquan = 17
# nvalues = 2128                                  
# units = specified
# name 0 = scan: Scan Count
# name 1 = timeS: Time, Elapsed [seconds]
# name 2 = depSM: Depth [salt water, m]
# name 3 = prDM: Pressure, Digiquartz [db]
# name 4 = t090C: Temperature [ITS-90, deg C]
# name 5 = t190C: Temperature, 2 [ITS-90, deg C]
# name 6 = c0S/m: Conductivity [S/m]
# name 7 = c1S/m: Conductivity, 2 [S/m]
# name 8 = sbeox0V: Oxygen raw, SBE 43 [V]
# name 9 = sbeox1V: Oxygen raw, SBE 43, 2 [V]
# name 10 = altM: Altimeter [m]
# name 11 = latitude: Latitude [deg]
# name 12 = longitude: Longitude [deg]
# name 13 = sbox0dV/dT: Oxygen, SBE 43 [dov/dt]
# name 14 = sbox1dV/dT: Oxygen, SBE 43, 2 [dov/dt]
# name 15 = nbf: Bottles Fired
# name 16 = flag:  0.000e+00
# interval = seconds: 0.0416667
# start_time = Oct 17 2021 18:24:48 [NMEA time, header]
# bad_flag = -9.990e-29
*END*
[from data line 1873]
      74107   3087.750      2.759      2.776    29.1254    29.1174   5.920060   5.919660     3.1600     2.6679     100.00   24.41478  -80.59634   -0.00046   -0.00171         15  0.000e+00
      74108   3087.792      2.765      2.783    29.1254    29.1183   5.920020   5.919708     3.1600     2.6679     100.00   24.41478  -80.59634   -0.00044   -0.00174         15  0.000e+00
      74109   3087.833      2.813      2.831    29.1253    29.1189   5.920012   5.919644     3.1587     2.6679     100.00   24.41478  -80.59634   -0.00044   -0.00174         15  0.000e+00
      74110   3087.875      2.765      2.783    29.1254    29.1187   5.920092   5.919579     3.1587     2.6679     100.00   24.41478  -80.59634   -0.00044   -0.00176         15  0.000e+00
      74111   3087.917      2.765      2.783    29.1260    29.1196   5.920148   5.919716     3.1600     2.6679     100.00   24.41478  -80.59634   -0.00041   -0.00176         15  0.000e+00
      74112   3087.958      2.813      2.831    29.1278    29.1198   5.920379   5.919837     3.1600     2.6679     100.00   24.41478  -80.59634   -0.00039   -0.00177         15  0.000e+00
      74113   3088.000      2.813      2.831    29.1297    29.1207   5.920554   5.919862     3.1600     2.6667     100.00   24.41478  -80.59634   -0.00038   -0.00179         15  0.000e+00
      74114   3088.042      2.766      2.783    29.1304    29.1218   5.920593   5.919934     3.1600     2.6667     100.00   24.41478  -80.59634   -0.00034   -0.00179         15  0.000e+00
      74115   3088.083      2.813      2.831    29.1306    29.1222   5.920554   5.919934     3.1600     2.6654     100.00   24.41478  -80.59634   -0.00031   -0.00180         15  0.000e+00
      74116   3088.125      2.766      2.783    29.1308    29.1225   5.920577   5.920023     3.1600     2.6667     100.00   24.41478  -80.59634   -0.00028   -0.00178         15  0.000e+00
      74117   3088.167      2.813      2.831    29.1302    29.1231   5.920450   5.920055     3.1600     2.6654     100.00   24.41478  -80.59634   -0.00024   -0.00178         15  0.000e+00
      74118   3088.208      2.813      2.831    29.1288    29.1233   5.920331   5.920087     3.1612     2.6654     100.00   24.41478  -80.59634   -0.00019   -0.00177         15  0.000e+00
      74119   3088.250      2.813      2.831    29.1297    29.1240   5.920450   5.920241     3.1600     2.6679     100.00   24.41478  -80.59634   -0.00016   -0.00172         15  0.000e+00
      74120   3088.292      2.766      2.783    29.1313    29.1250   5.920681   5.920467     3.1612     2.6654     100.00   24.41478  -80.59634   -0.00011   -0.00171         15  0.000e+00
      74121   3088.333      2.813      2.831    29.1337    29.1250   5.920960   5.920491     3.1612     2.6667     100.00   24.41478  -80.59634   -0.00006   -0.00168         15  0.000e+00
      74122   3088.375      2.813      2.831    29.1346    29.1253   5.921031   5.920410     3.1612     2.6667     100.00   24.41478  -80.59634   -0.00001   -0.00165         15  0.000e+00
      74123   3088.417      2.813      2.831    29.1352    29.1253   5.921103   5.920241     3.1612     2.6679     100.00   24.41478  -80.59634    0.00004   -0.00160         15  0.000e+00
      74124   3088.458      2.766      2.783    29.1348    29.1255   5.921087   5.920144     3.1612     2.6679     100.00   24.41478  -80.59634    0.00007   -0.00155         15  0.000e+00
      74125   3088.500      2.867      2.886    29.1348    29.1248   5.921111   5.919999     3.1612     2.6679     100.00   24.41478  -80.59634    0.00010   -0.00149         15  0.000e+00
      74126   3088.542      2.766      2.783    29.1361    29.1239   5.921270   5.919991     3.1612     2.6691     100.00   24.41478  -80.59634    0.00015   -0.00142         15  0.000e+00
      74127   3088.583      2.813      2.831    29.1374    29.1238   5.921358   5.920007     3.1612     2.6691     100.00   24.41478  -80.59634    0.00020   -0.00134         15  0.000e+00
      74128   3088.625      2.813      2.831    29.1376    29.1235   5.921405   5.920039     3.1612     2.6691     100.00   24.41478  -80.59634    0.00024   -0.00127         15  0.000e+00
      74129   3088.667      2.813      2.831    29.1385    29.1235   5.921493   5.919983     3.1624     2.6691     100.00   24.41478  -80.59634    0.00031   -0.00121         15  0.000e+00
      74130   3088.708      2.813      2.831    29.1382    29.1227   5.921477   5.919845     3.1612     2.6691     100.00   24.41478  -80.59634    0.00035   -0.00115         15  0.000e+00
      74131   3088.750      2.664      2.681    29.1380    29.1207   5.921429   5.919515     3.1612     2.6691     100.00   24.41478  -80.59634    0.00038   -0.00109         15  0.000e+00
      74132   3088.792      2.915      2.933    29.1376    29.1186   5.921382   5.919369     3.1612     2.6691     100.00   24.41478  -80.59634    0.00043   -0.00103         15  0.000e+00
      74133   3088.833      2.813      2.831    29.1367    29.1177   5.921302   5.919402     3.1612     2.6691     100.00   24.41478  -80.59634    0.00045   -0.00097         15  0.000e+00
      74134   3088.875      2.813      2.831    29.1361    29.1185   5.921127   5.919426     3.1612     2.6691     100.00   24.41478  -80.59634    0.00050   -0.00091         15  0.000e+00
      74135   3088.917      2.766      2.784    29.1356    29.1175   5.921039   5.919426     3.1624     2.6679     100.00   24.41478  -80.59634    0.00054   -0.00086         15  0.000e+00
      74136   3088.958      2.813      2.831    29.1352    29.1174   5.920960   5.919386     3.1612     2.6679     100.00   24.41478  -80.59634    0.00056   -0.00082         15  0.000e+00
      74137   3089.000      2.766      2.784    29.1339    29.1181   5.921007   5.919450     3.1612     2.6679     100.00   24.41478  -80.59634    0.00059   -0.00077         15  0.000e+00
      74138   3089.042      2.813      2.831    29.1345    29.1194   5.921063   5.919692     3.1624     2.6679     100.00   24.41478  -80.59634    0.00063   -0.00072         15  0.000e+00
      74139   3089.083      2.766      2.784    29.1354    29.1218   5.921111   5.919983     3.1624     2.6679     100.00   24.41478  -80.59634    0.00069   -0.00067         15  0.000e+00
      74140   3089.125      2.813      2.831    29.1352    29.1240   5.921127   5.920031     3.1624     2.6679      89.67   24.41478  -80.59634    0.00072   -0.00062         15  0.000e+00
      74141   3089.167      2.766      2.784    29.1356    29.1249   5.921127   5.920079     3.1636     2.6679      77.34   24.41478  -80.59634    0.00078   -0.00055         15  0.000e+00
      74142   3089.208      2.766      2.784    29.1356    29.1237   5.921159   5.919918     3.1624     2.6679      74.53   24.41478  -80.59634    0.00082   -0.00048         15  0.000e+00
      74143   3089.250      2.766      2.784    29.1356    29.1220   5.921174   5.919749     3.1624     2.6667      75.07   24.41478  -80.59634    0.00087   -0.00045         15  0.000e+00
      74144   3089.292      2.813      2.831    29.1356    29.1198   5.921103   5.919531     3.1624     2.6679      75.58   24.41478  -80.59634    0.00090   -0.00039         15  0.000e+00
      74145   3089.333      2.718      2.736    29.1352    29.1177   5.921079   5.919361     3.1624     2.6667      75.68   24.41478  -80.59634    0.00094   -0.00035         15  0.000e+00
      74146   3089.375      2.766      2.784    29.1346    29.1162   5.921039   5.919216     3.1624     2.6679      75.65   24.41478  -80.59634    0.00099   -0.00029         15  0.000e+00
      74147   3089.417      2.766      2.784    29.1343    29.1160   5.920991   5.919127     3.1624     2.6667      75.63   24.41478  -80.59634    0.00104   -0.00025         15  0.000e+00
      74148   3089.458      2.766      2.784    29.1339    29.1155   5.920944   5.919160     3.1624     2.6679      75.63   24.41478  -80.59634    0.00109   -0.00019         15  0.000e+00
      74149   3089.500      2.766      2.784    29.1337    29.1152   5.920896   5.919144     3.1624     2.6654      75.60   24.41478  -80.59634    0.00113   -0.00016         15  0.000e+00
      74150   3089.542      2.766      2.784    29.1337    29.1153   5.920920   5.919168     3.1612     2.6679      75.63   24.41478  -80.59634    0.00116   -0.00012         15  0.000e+00
      74151   3089.583      2.718      2.736    29.1337    29.1153   5.921007   5.919216     3.1612     2.6667      75.63   24.41478  -80.59634    0.00119   -0.00007         15  0.000e+00
      74152   3089.625      2.718      2.736    29.1346    29.1155   5.921063   5.919232     3.1624     2.6679      75.63   24.41478  -80.59634    0.00126   -0.00002         15  0.000e+00
      74153   3089.667      2.719      2.736    29.1354    29.1159   5.921111   5.919232     3.1624     2.6667      75.60   24.41478  -80.59634    0.00131    0.00001         15  0.000e+00
      74154   3089.708      2.766      2.784    29.1352    29.1168   5.921127   5.919305     3.1624     2.6679      75.63   24.41478  -80.59634    0.00133    0.00006         15  0.000e+00
      74155   3089.750      2.719      2.736    29.1352    29.1177   5.920983   5.919418     3.1612     2.6679      75.63   24.41478  -80.59634    0.00136    0.00011         15  0.000e+00
      74156   3089.792      2.712      2.729    29.1345    29.1184   5.920967   5.919539     3.1612     2.6679      75.63   24.41478  -80.59634    0.00137    0.00016         15  0.000e+00
      74157   3089.833      2.719      2.736    29.1324    29.1201   5.920800   5.919676     3.1612     2.6691      75.63   24.41478  -80.59634    0.00138    0.00021         15  0.000e+00
      74158   3089.875      2.719      2.736    29.1312    29.1216   5.920705   5.919789     3.1612     2.6691      75.63   24.41478  -80.59634    0.00139    0.00026         15  0.000e+00
      74159   3089.917      2.719      2.736    29.1310    29.1215   5.920617   5.919845     3.1612     2.6691      75.63   24.41478  -80.59634    0.00139    0.00031         15  0.000e+00
      74160   3089.958      2.719      2.736    29.1299    29.1209   5.920482   5.919934     3.1612     2.6691      75.63   24.41478  -80.59634    0.00140    0.00037         15  0.000e+00
      74161   3090.000      2.719      2.736    29.1284    29.1198   5.920307   5.919886     3.1612     2.6691      75.63   24.41478  -80.59634    0.00140    0.00042         15  0.000e+00
      74162   3090.042      2.719      2.736    29.1273    29.1189   5.920259   5.919862     3.1612     2.6691      75.73   24.41478  -80.59634    0.00139    0.00047         15  0.000e+00
      74163   3090.083      2.664      2.682    29.1271    29.1185   5.920187   5.919910     3.1624     2.6691      89.89   24.41478  -80.59634    0.00141    0.00052         15  0.000e+00
      74164   3090.125      2.664      2.682    29.1266    29.1192   5.920203   5.919910     3.1624     2.6691      99.66   24.41478  -80.59634    0.00145    0.00055         15  0.000e+00
      74165   3090.167      2.719      2.736    29.1258    29.1198   5.920100   5.919870     3.1612     2.6691     100.00   24.41478  -80.59634    0.00145    0.00059         15  0.000e+00
      74166   3090.208      2.719      2.736    29.1248    29.1215   5.919988   5.919821     3.1624     2.6691     100.00   24.41478  -80.59634    0.00147    0.00062         15  0.000e+00
      74167   3090.250      2.665      2.682    29.1242    29.1214   5.919925   5.919740     3.1612     2.6691     100.00   24.41478  -80.59634    0.00147    0.00065         15  0.000e+00
      74168   3090.292      2.665      2.682    29.1240    29.1211   5.919949   5.919571     3.1624     2.6691     100.00   24.41478  -80.59634    0.00149    0.00067         15  0.000e+00
      74169   3090.333      2.719      2.736    29.1238    29.1209   5.919893   5.919482     3.1612     2.6691     100.00   24.41478  -80.59634    0.00147    0.00068         15  0.000e+00
      74170   3090.375      2.617      2.634    29.1233    29.1205   5.919869   5.919474     3.1612     2.6691     100.00   24.41478  -80.59634    0.00145    0.00069         15  0.000e+00
      74171   3090.417      2.719      2.736    29.1236    29.1207   5.919941   5.919490     3.1612     2.6679     100.00   24.41478  -80.59634    0.00145    0.00071         15  0.000e+00
      74172   3090.458      2.617      2.634    29.1242    29.1205   5.919996   5.919442     3.1612     2.6679     100.00   24.41478  -80.59634    0.00142    0.00070         15  0.000e+00
      74173   3090.500      2.719      2.736    29.1253    29.1203   5.920044   5.919385     3.1624     2.6679     100.00   24.41478  -80.59634    0.00142    0.00071         15  0.000e+00
      74174   3090.542      2.617      2.634    29.1257    29.1194   5.920108   5.919337     3.1624     2.6679     100.00   24.41478  -80.59634    0.00141    0.00069         15  0.000e+00
      74175   3090.583      2.665      2.682    29.1254    29.1201   5.920116   5.919216     3.1612     2.6667     100.00   24.41478  -80.59634    0.00139    0.00065         15  0.000e+00
      74176   3090.625      2.617      2.634    29.1254    29.1190   5.920116   5.919216     3.1612     2.6679     100.00   24.41480  -80.59630    0.00136    0.00062         15  0.000e+00
      74177   3090.667      2.665      2.682    29.1253    29.1152   5.920068   5.919119     3.1612     2.6667     100.00   24.41480  -80.59630    0.00131    0.00058         15  0.000e+00
      74178   3090.708      2.665      2.682    29.1245    29.1146   5.919988   5.919103     3.1612     2.6654     100.00   24.41480  -80.59630    0.00127    0.00052         15  0.000e+00
      74179   3090.750      2.617      2.634    29.1231    29.1144   5.919821   5.919160     3.1612     2.6654     100.00   24.41480  -80.59630    0.00122    0.00046         15  0.000e+00
      74180   3090.792      2.665      2.682    29.1206    29.1153   5.919551   5.919143     3.1624     2.6679     100.00   24.41480  -80.59630    0.00119    0.00044         15  0.000e+00
      74181   3090.833      2.617      2.634    29.1181    29.1153   5.919256   5.919208     3.1624     2.6667     100.00   24.41480  -80.59630    0.00115    0.00039         15  0.000e+00
      74182   3090.875      2.617      2.634    29.1166    29.1137   5.919121   5.919160     3.1624     2.6654     100.00   24.41480  -80.59630    0.00112    0.00033         15  0.000e+00
      74183   3090.917      2.617      2.634    29.1139    29.1103   5.918986   5.919063     3.1624     2.6642     100.00   24.41480  -80.59630    0.00108    0.00025         15  0.000e+00
      74184   3090.958      2.665      2.682    29.1135    29.1101   5.919025   5.919111     3.1624     2.6667     100.00   24.41480  -80.59630    0.00104    0.00021         15  0.000e+00
      74185   3091.000      2.617      2.634    29.1175    29.1125   5.919192   5.919111     3.1624     2.6679     100.00   24.41480  -80.59630    0.00101    0.00018         15  0.000e+00
      74186   3091.042      2.617      2.634    29.1203    29.1140   5.919463   5.919232     3.1624     2.6667     100.00   24.41480  -80.59630    0.00097    0.00014         15  0.000e+00
      74187   3091.083      2.617      2.634    29.1212    29.1137   5.919606   5.919281     3.1624     2.6679     100.00   24.41480  -80.59630    0.00093    0.00015         15  0.000e+00
      74188   3091.125      2.617      2.634    29.1218    29.1140   5.919662   5.919353     3.1624     2.6679     100.00   24.41480  -80.59630    0.00090    0.00014         15  0.000e+00
      74189   3091.167      2.617      2.634    29.1214    29.1146   5.919678   5.919410     3.1624     2.6679     100.00   24.41480  -80.59630    0.00087    0.00011         15  0.000e+00
      74190   3091.208      2.617      2.634    29.1211    29.1159   5.919678   5.919531     3.1624     2.6679     100.00   24.41480  -80.59630    0.00084    0.00010         15  0.000e+00
