Gulf of Mexico/GOMECC-4/1db/rb2103_1361.ros
* Sea-Bird SBE 9 Data File:
* FileName = C:\Users\scs.user.rb\CTD\GOMECC4\data\rb2103_1361.hex
* Software Version Seasave V 7.26.7.107
* Temperature SN = 4799
* Conductivity SN = 3860
* Number of Bytes Per Scan = 41
* Number of Voltage Words = 4
* Number of Scans Averaged by the Deck Unit = 1
* NMEA Latitude = 26 07.92 N
* NMEA Longitude = 084 00.17 W
* NMEA UTC (Time) = Oct 20 2021  03:44:28
* NMEA baud rate = 4800
# nquan = 17
# nvalues = 1330                                  
# units = specified
# name 0 = scan: Scan Count
# name 1 = timeS: Time, Elapsed [seconds]
# name 2 = depSM: Depth [salt water, m]
# name 3 = prDM: Pressure, Digiquartz [db]
# name 4 = t090C: Temperature [ITS-90, deg C]
# name 5 = t190C: Temperature, 2 [ITS-90, deg C]
# name 6 = c0S/m: Conductivity [S/m]
# name 7 = c1S/m: Conductivity, 2 [S/m]
# name 8 = sbeox0V: Oxygen raw, SBE 43 [V]
# name 9 = sbeox1V: Oxygen raw, SBE 43, 2 [V]
# name 10 = altM: Altimeter [m]
# name 11 = latitude: Latitude [deg]
# name 12 = longitude: Longitude [deg]
# name 13 = sbox0dV/dT: Oxygen, SBE 43 [dov/dt]
# name 14 = sbox1dV/dT: Oxygen, SBE 43, 2 [dov/dt]
# name 15 = nbf: Bottles Fired
# name 16 = flag:  0.000e+00
# interval = seconds: 0.0416667
# start_time = Oct 20 2021 03:44:28 [NMEA time, header]
# bad_flag = -9.990e-29
*END*
[from data line 171]
      28200   1174.958     94.494     95.136    19.7040    19.7055   4.950976   4.951236     2.0965     1.7399      42.64   26.13218  -84.00246    0.00059    0.00056          2  0.000e+00
      28201   1175.000     94.454     95.095    19.7046    19.7058   4.951094   4.951206     2.0965     1.7399      42.64   26.13218  -84.00246    0.00058    0.00055          2  0.000e+00
      28202   1175.042     94.454     95.095    19.7068    19.7055   4.951094   4.951199     2.0965     1.7399      42.64   26.13218  -84.00246    0.00060    0.00054          2  0.000e+00
      28203   1175.083     94.454     95.095    19.7047    19.7054   4.950946   4.951273     2.0965     1.7399      42.64   26.13218  -84.00246    0.00059    0.00053          2  0.000e+00
      28204   1175.125     94.454     95.095    19.7053    19.7060   4.950873   4.951318     2.0965     1.7399      42.64   26.13218  -84.00246    0.00059    0.00052          2  0.000e+00
      28205   1175.167     94.454     95.095    19.7058    19.7066   4.950917   4.951326     2.0965     1.7399      42.64   26.13218  -84.00246    0.00060    0.00052          2  0.000e+00
      28206   1175.208     94.454     95.095    19.7053    19.7071   4.951042   4.951356     2.0965     1.7399      42.64   26.13218  -84.00246    0.00059    0.00049          2  0.000e+00
      28207   1175.250     94.406     95.047    19.7053    19.7071   4.951220   4.951400     2.0965     1.7399      42.64   26.13218  -84.00246    0.00059    0.00046          2  0.000e+00
      28208   1175.292     94.406     95.047    19.7056    19.7075   4.951249   4.951415     2.0965     1.7399      42.64   26.13218  -84.00246    0.00058    0.00043          2  0.000e+00
      28209   1175.333     94.454     95.095    19.7054    19.7075   4.951234   4.951468     2.0965     1.7399      42.64   26.13218  -84.00246    0.00057    0.00042          2  0.000e+00
      28210   1175.375     94.406     95.047    19.7054    19.7073   4.951168   4.951430     2.0965     1.7399      42.71   26.13218  -84.00246    0.00056    0.00041          2  0.000e+00
      28211   1175.417     94.406     95.047    19.7065    19.7071   4.950932   4.951378     2.0965     1.7399      42.76   26.13218  -84.00246    0.00057    0.00040          2  0.000e+00
      28212   1175.458     94.406     95.047    19.7053    19.7071   4.950607   4.951371     2.0965     1.7399      42.78   26.13218  -84.00246    0.00056    0.00039          2  0.000e+00
      28213   1175.500     94.305     94.945    19.7037    19.7067   4.950526   4.951400     2.0965     1.7399      42.78   26.13218  -84.00246    0.00055    0.00037          2  0.000e+00
      28214   1175.542     94.494     95.136    19.7044    19.7071   4.950681   4.951438     2.0952     1.7399      42.78   26.13218  -84.00246    0.00052    0.00036          2  0.000e+00
      28215   1175.583     94.406     95.047    19.7044    19.7078   4.950954   4.951520     2.0952     1.7399      42.76   26.13218  -84.00246    0.00049    0.00035          2  0.000e+00
      28216   1175.625     94.352     94.992    19.7053    19.7081   4.951116   4.951595     2.0952     1.7399      42.78   26.13218  -84.00246    0.00046    0.00032          2  0.000e+00
      28217   1175.667     94.406     95.047    19.7056    19.7083   4.951124   4.951647     2.0952     1.7399      42.78   26.13218  -84.00246    0.00043    0.00029          2  0.000e+00
      28218   1175.708     94.352     94.992    19.7059    19.7081   4.951050   4.951572     2.0952     1.7399      42.76   26.13218  -84.00246    0.00042    0.00028          2  0.000e+00
      28219   1175.750     94.406     95.047    19.7054    19.7062   4.950998   4.951221     2.0952     1.7399      42.76   26.13218  -84.00246    0.00039    0.00025          2  0.000e+00
      28220   1175.792     94.352     94.992    19.7028    19.7036   4.950983   4.950308     2.0965     1.7399      42.76   26.13218  -84.00244    0.00040    0.00024          2  0.000e+00
      28221   1175.833     94.352     94.992    19.7018    19.6925   4.950983   4.949501     2.0952     1.7399      42.78   26.13218  -84.00244    0.00038    0.00021          2  0.000e+00
      28222   1175.875     94.352     94.992    19.7021    19.6845   4.950946   4.949150     2.0952     1.7399      42.76   26.13218  -84.00244    0.00035    0.00018          2  0.000e+00
      28223   1175.917     94.352     94.992    19.7028    19.6814   4.950946   4.948888     2.0965     1.7399      42.78   26.13218  -84.00244    0.00034    0.00015          2  0.000e+00
      28224   1175.958     94.406     95.047    19.7023    19.6796   4.950939   4.948679     2.0952     1.7399      42.78   26.13218  -84.00244    0.00032    0.00012          2  0.000e+00
      28225   1176.000     94.305     94.945    19.7023    19.6777   4.950917   4.948559     2.0952     1.7399      42.78   26.13218  -84.00244    0.00029    0.00009          2  0.000e+00
      28226   1176.042     94.406     95.047    19.7019    19.6781   4.950998   4.948581     2.0965     1.7411      42.76   26.13218  -84.00244    0.00030    0.00008          2  0.000e+00
      28227   1176.083     94.345     94.986    19.7032    19.6787   4.951116   4.948596     2.0952     1.7399      42.76   26.13218  -84.00244    0.00028    0.00005          2  0.000e+00
      28228   1176.125     94.352     94.992    19.7047    19.6789   4.951279   4.948581     2.0952     1.7399      42.78   26.13218  -84.00244    0.00025    0.00001          2  0.000e+00
      28229   1176.167     94.352     94.992    19.7058    19.6786   4.951374   4.948529     2.0952     1.7399      42.78   26.13218  -84.00244    0.00022 1.7584e-07          2  0.000e+00
      28230   1176.208     94.352     94.992    19.7072    19.6786   4.951500   4.948559     2.0952     1.7399      42.76   26.13218  -84.00244    0.00020   -0.00003          2  0.000e+00
      28231   1176.250     94.406     95.047    19.7082    19.6795   4.951559   4.948679     2.0952     1.7399      42.76   26.13218  -84.00244    0.00018   -0.00005          2  0.000e+00
      28232   1176.292     94.305     94.945    19.7089    19.6809   4.951603   4.948761     2.0952     1.7399      42.76   26.13218  -84.00244    0.00017   -0.00008          2  0.000e+00
      28233   1176.333     94.406     95.047    19.7091    19.6819   4.951640   4.948858     2.0952     1.7411      42.78   26.13218  -84.00244    0.00015   -0.00008          2  0.000e+00
      28234   1176.375     94.352     94.993    19.7096    19.6831   4.951655   4.948963     2.0952     1.7399      42.83   26.13218  -84.00244    0.00014   -0.00009          2  0.000e+00
      28235   1176.417     94.352     94.993    19.7097    19.6840   4.951684   4.949060     2.0952     1.7411      42.88   26.13218  -84.00244    0.00012   -0.00009          2  0.000e+00
      28236   1176.458     94.352     94.993    19.7098    19.6854   4.951633   4.949112     2.0965     1.7399      42.91   26.13218  -84.00244    0.00012   -0.00011          2  0.000e+00
      28237   1176.500     94.406     95.047    19.7098    19.6865   4.951670   4.949224     2.0952     1.7411      42.88   26.13218  -84.00244    0.00011   -0.00010          2  0.000e+00
      28238   1176.542     94.352     94.993    19.7098    19.6875   4.951699   4.949464     2.0952     1.7411      42.88   26.13218  -84.00244    0.00009   -0.00010          2  0.000e+00
      28239   1176.583     94.406     95.047    19.7100    19.6912   4.951721   4.949823     2.0952     1.7399      42.88   26.13218  -84.00244    0.00008   -0.00012          2  0.000e+00
      28240   1176.625     94.352     94.993    19.7098    19.6936   4.951699   4.950137     2.0952     1.7399      42.88   26.13218  -84.00244    0.00006   -0.00014          2  0.000e+00
      28241   1176.667     94.393     95.033    19.7094    19.6966   4.951670   4.950451     2.0965     1.7399      42.88   26.13218  -84.00244    0.00006   -0.00015          2  0.000e+00
      28242   1176.708     94.352     94.993    19.7096    19.7007   4.951647   4.950727     2.0965     1.7411      42.91   26.13218  -84.00244    0.00006   -0.00015          2  0.000e+00
      28243   1176.750     94.406     95.047    19.7096    19.7041   4.951625   4.950974     2.0952     1.7399      42.88   26.13218  -84.00244    0.00005   -0.00017          2  0.000e+00
      28244   1176.792     94.406     95.047    19.7096    19.7064   4.951640   4.951288     2.0952     1.7399      42.88   26.13218  -84.00246    0.00003   -0.00019          2  0.000e+00
      28245   1176.833     94.406     95.047    19.7093    19.7076   4.951625   4.951498     2.0952     1.7399      42.88   26.13218  -84.00246    0.00001   -0.00020          2  0.000e+00
      28246   1176.875     94.406     95.047    19.7093    19.7085   4.951603   4.951595     2.0952     1.7399      42.88   26.13218  -84.00246   -0.00000   -0.00022          2  0.000e+00
      28247   1176.917     94.406     95.047    19.7093    19.7090   4.951581   4.951685     2.0952     1.7399      42.88   26.13218  -84.00246   -0.00002   -0.00024          2  0.000e+00
      28248   1176.958     94.406     95.047    19.7089    19.7093   4.951596   4.951670     2.0952     1.7399      42.88   26.13218  -84.00246   -0.00003   -0.00025          2  0.000e+00
      28249   1177.000     94.454     95.095    19.7089    19.7097   4.951581   4.951730     2.0952     1.7399      42.88   26.13218  -84.00246   -0.00005   -0.00027          2  0.000e+00
      28250   1177.042     94.406     95.047    19.7089    19.7095   4.951596   4.951715     2.0952     1.7399      42.88   26.13218  -84.00246   -0.00005   -0.00029          2  0.000e+00
      28251   1177.083     94.454     95.095    19.7087    19.7102   4.951574   4.951700     2.0965     1.7399      42.88   26.13218  -84.00246   -0.00005   -0.00030          2  0.000e+00
      28252   1177.125     94.454     95.095    19.7087    19.7106   4.951544   4.951700     2.0965     1.7399      42.88   26.13218  -84.00246   -0.00005   -0.00032          2  0.000e+00
      28253   1177.167     94.406     95.047    19.7084    19.7106   4.951522   4.951730     2.0952     1.7399      42.88   26.13218  -84.00246   -0.00007   -0.00034          2  0.000e+00
      28254   1177.208     94.495     95.136    19.7082    19.7107   4.951529   4.951812     2.0965     1.7399      42.88   26.13218  -84.00246   -0.00006   -0.00035          2  0.000e+00
      28255   1177.250     94.454     95.095    19.7084    19.7108   4.951493   4.951834     2.0965     1.7399      42.88   26.13218  -84.00246   -0.00006   -0.00035          2  0.000e+00
      28256   1177.292     94.501     95.143    19.7086    19.7103   4.951522   4.951767     2.0952     1.7387      42.88   26.13218  -84.00246   -0.00006   -0.00037          2  0.000e+00
      28257   1177.333     94.454     95.095    19.7086    19.7097   4.951559   4.951812     2.0965     1.7399      42.88   26.13218  -84.00246   -0.00006   -0.00039          2  0.000e+00
      28258   1177.375     94.501     95.143    19.7087    19.7094   4.951507   4.951730     2.0965     1.7399      42.83   26.13218  -84.00246   -0.00006   -0.00038          2  0.000e+00
      28259   1177.417     94.454     95.095    19.7086    19.7087   4.951544   4.951670     2.0965     1.7399      42.83   26.13218  -84.00246   -0.00006   -0.00038          2  0.000e+00
      28260   1177.458     94.501     95.143    19.7086    19.7081   4.951574   4.951632     2.0952     1.7399      42.81   26.13218  -84.00246   -0.00008   -0.00038          2  0.000e+00
      28261   1177.500     94.501     95.143    19.7089    19.7071   4.951566   4.951617     2.0952     1.7399      42.83   26.13218  -84.00246   -0.00010   -0.00038          2  0.000e+00
      28262   1177.542     94.501     95.143    19.7087    19.7069   4.951544   4.951588     2.0952     1.7399      42.83   26.13218  -84.00246   -0.00012   -0.00037          2  0.000e+00
      28263   1177.583     94.555     95.197    19.7089    19.7071   4.951522   4.951580     2.0965     1.7399      42.83   26.13218  -84.00246   -0.00012   -0.00037          2  0.000e+00
      28264   1177.625     94.501     95.143    19.7086    19.7078   4.951522   4.951580     2.0965     1.7399      42.81   26.13218  -84.00246   -0.00012   -0.00037          2  0.000e+00
      28265   1177.667     94.501     95.143    19.7084    19.7078   4.951529   4.951580     2.0952     1.7399      42.81   26.13218  -84.00246   -0.00014   -0.00036          2  0.000e+00
      28266   1177.708     94.555     95.197    19.7086    19.7079   4.951559   4.951580     2.0952     1.7399      42.83   26.13218  -84.00246   -0.00016   -0.00036          2  0.000e+00
      28267   1177.750     94.542     95.184    19.7087    19.7078   4.951574   4.951580     2.0965     1.7411      42.81   26.13218  -84.00246   -0.00016   -0.00033          2  0.000e+00
      28268   1177.792     94.555     95.197    19.7086    19.7080   4.951507   4.951603     2.0965     1.7399      42.81   26.13218  -84.00244   -0.00015   -0.00033          2  0.000e+00
      28269   1177.833     94.501     95.143    19.7086    19.7083   4.951522   4.951588     2.0952     1.7399      42.81   26.13218  -84.00244   -0.00016   -0.00032          2  0.000e+00
      28270   1177.875     94.603     95.245    19.7086    19.7083   4.951463   4.951580     2.0965     1.7399      42.83   26.13218  -84.00244   -0.00017   -0.00032          2  0.000e+00
      28271   1177.917     94.555     95.197    19.7079    19.7081   4.951352   4.951580     2.0952     1.7399      42.83   26.13218  -84.00244   -0.00017   -0.00031          2  0.000e+00
      28272   1177.958     94.555     95.197    19.7058    19.7079   4.951286   4.951513     2.0965     1.7399      42.81   26.13218  -84.00244   -0.00015   -0.00030          2  0.000e+00
      28273   1178.000     94.555     95.197    19.7047    19.7078   4.951183   4.951520     2.0952     1.7399      42.81   26.13218  -84.00244   -0.00017   -0.00030          2  0.000e+00
      28274   1178.042     94.603     95.245    19.7053    19.7073   4.951212   4.951475     2.0952     1.7399      42.83   26.13218  -84.00244   -0.00017   -0.00029          2  0.000e+00
      28275   1178.083     94.603     95.245    19.7054    19.7065   4.951234   4.951423     2.0952     1.7399      42.81   26.13218  -84.00244   -0.00017   -0.00028          2  0.000e+00
      28276   1178.125     94.555     95.197    19.7063    19.7057   4.951293   4.951408     2.0952     1.7399      42.81   26.13218  -84.00244   -0.00019   -0.00027          2  0.000e+00
      28277   1178.167     94.603     95.245    19.7070    19.7055   4.951375   4.951445     2.0952     1.7411      42.81   26.13218  -84.00244   -0.00021   -0.00025          2  0.000e+00
      28278   1178.208     94.555     95.197    19.7072    19.7058   4.951375   4.951356     2.0952     1.7399      42.83   26.13218  -84.00244   -0.00021   -0.00024          2  0.000e+00
      28279   1178.250     94.603     95.245    19.7072    19.7062   4.951419   4.951393     2.0952     1.7399      42.83   26.13218  -84.00244   -0.00023   -0.00023          2  0.000e+00
      28280   1178.292     94.589     95.231    19.7073    19.7060   4.951419   4.951445     2.0965     1.7399      42.81   26.13218  -84.00244   -0.00021   -0.00022          2  0.000e+00
      28281   1178.333     94.603     95.245    19.7072    19.7064   4.951434   4.951416     2.0965     1.7399      42.81   26.13218  -84.00244   -0.00020   -0.00020          2  0.000e+00
      28282   1178.375     94.603     95.245    19.7075    19.7066   4.951448   4.951408     2.0952     1.7411      42.69   26.13218  -84.00244   -0.00020   -0.00017          2  0.000e+00
      28283   1178.417     94.555     95.197    19.7075    19.7065   4.951441   4.951348     2.0952     1.7399      42.61   26.13218  -84.00244   -0.00022   -0.00016          2  0.000e+00
