Gulf of Mexico/GOMECC-4/1db/rb2103_1361.ros
* Sea-Bird SBE 9 Data File:
* FileName = C:\Users\scs.user.rb\CTD\GOMECC4\data\rb2103_1361.hex
* Software Version Seasave V 7.26.7.107
* Temperature SN = 4799
* Conductivity SN = 3860
* Number of Bytes Per Scan = 41
* Number of Voltage Words = 4
* Number of Scans Averaged by the Deck Unit = 1
* NMEA Latitude = 26 07.92 N
* NMEA Longitude = 084 00.17 W
* NMEA UTC (Time) = Oct 20 2021  03:44:28
* NMEA baud rate = 4800
# nquan = 17
# nvalues = 1330                                  
# units = specified
# name 0 = scan: Scan Count
# name 1 = timeS: Time, Elapsed [seconds]
# name 2 = depSM: Depth [salt water, m]
# name 3 = prDM: Pressure, Digiquartz [db]
# name 4 = t090C: Temperature [ITS-90, deg C]
# name 5 = t190C: Temperature, 2 [ITS-90, deg C]
# name 6 = c0S/m: Conductivity [S/m]
# name 7 = c1S/m: Conductivity, 2 [S/m]
# name 8 = sbeox0V: Oxygen raw, SBE 43 [V]
# name 9 = sbeox1V: Oxygen raw, SBE 43, 2 [V]
# name 10 = altM: Altimeter [m]
# name 11 = latitude: Latitude [deg]
# name 12 = longitude: Longitude [deg]
# name 13 = sbox0dV/dT: Oxygen, SBE 43 [dov/dt]
# name 14 = sbox1dV/dT: Oxygen, SBE 43, 2 [dov/dt]
# name 15 = nbf: Bottles Fired
# name 16 = flag:  0.000e+00
# interval = seconds: 0.0416667
# start_time = Oct 20 2021 03:44:28 [NMEA time, header]
# bad_flag = -9.990e-29
*END*
      24306   1012.708    127.841    128.719    18.3370    18.3463   4.799860   4.800831     2.0696     1.7216      10.18   26.13208  -84.00250   -0.00009    0.00046          1  0.000e+00
      24307   1012.750    127.644    128.521    18.3364    18.3460   4.799838   4.800787     2.0708     1.7216      10.18   26.13208  -84.00250   -0.00009    0.00047          1  0.000e+00
      24308   1012.792    127.630    128.507    18.3364    18.3454   4.799801   4.800809     2.0696     1.7216      10.18   26.13208  -84.00250   -0.00011    0.00049          1  0.000e+00
      24309   1012.833    127.841    128.719    18.3364    18.3444   4.799751   4.800691     2.0708     1.7216      10.18   26.13208  -84.00250   -0.00011    0.00050          1  0.000e+00
      24310   1012.875    127.691    128.568    18.3364    18.3436   4.799838   4.800646     2.0708     1.7216      10.18   26.13208  -84.00250   -0.00011    0.00051          1  0.000e+00
      24311   1012.917    127.793    128.671    18.3372    18.3432   4.799896   4.800624     2.0696     1.7216      10.18   26.13208  -84.00250   -0.00013    0.00053          1  0.000e+00
      24312   1012.958    127.746    128.623    18.3378    18.3434   4.799911   4.800669     2.0696     1.7216      10.18   26.13208  -84.00250   -0.00015    0.00054          1  0.000e+00
      24313   1013.000    127.746    128.623    18.3385    18.3437   4.799882   4.800713     2.0708     1.7216      10.18   26.13208  -84.00250   -0.00015    0.00055          1  0.000e+00
      24314   1013.042    127.746    128.623    18.3385    18.3444   4.799933   4.800661     2.0696     1.7216      10.18   26.13208  -84.00250   -0.00016    0.00056          1  0.000e+00
      24315   1013.083    127.793    128.671    18.3387    18.3448   4.799911   4.800624     2.0708     1.7216      10.18   26.13208  -84.00250   -0.00016    0.00058          1  0.000e+00
      24316   1013.125    127.678    128.555    18.3383    18.3446   4.799903   4.800609     2.0708     1.7216      10.18   26.13208  -84.00250   -0.00016    0.00059          1  0.000e+00
      24317   1013.167    127.841    128.719    18.3384    18.3448   4.799911   4.800610     2.0708     1.7216      10.18   26.13208  -84.00250   -0.00016    0.00060          1  0.000e+00
      24318   1013.208    127.793    128.671    18.3380    18.3437   4.799882   4.800521     2.0696     1.7216      10.18   26.13208  -84.00250   -0.00018    0.00061          1  0.000e+00
      24319   1013.250    127.793    128.671    18.3380    18.3432   4.799874   4.800484     2.0708     1.7216      10.18   26.13208  -84.00250   -0.00018    0.00062          1  0.000e+00
      24320   1013.292    127.793    128.671    18.3383    18.3425   4.799874   4.800454     2.0708     1.7216      10.18   26.13208  -84.00250   -0.00018    0.00063          1  0.000e+00
      24321   1013.333    127.793    128.671    18.3381    18.3418   4.799860   4.800410     2.0708     1.7216      10.18   26.13208  -84.00250   -0.00018    0.00064          1  0.000e+00
      24322   1013.375    127.793    128.671    18.3373    18.3416   4.799685   4.800447     2.0708     1.7216      10.16   26.13208  -84.00250   -0.00018    0.00065          1  0.000e+00
      24323   1013.417    127.793    128.671    18.3342    18.3421   4.799503   4.800447     2.0708     1.7216      10.13   26.13208  -84.00250   -0.00018    0.00066          1  0.000e+00
      24324   1013.458    127.841    128.719    18.3317    18.3418   4.799372   4.800447     2.0708     1.7216      10.13   26.13208  -84.00250   -0.00017    0.00067          1  0.000e+00
      24325   1013.500    127.780    128.657    18.3304    18.3420   4.799255   4.800395     2.0708     1.7216      10.16   26.13208  -84.00250   -0.00017    0.00067          1  0.000e+00
      24326   1013.542    127.841    128.719    18.3307    18.3425   4.799190   4.800366     2.0708     1.7228      10.16   26.13208  -84.00250   -0.00017    0.00070          1  0.000e+00
      24327   1013.583    127.841    128.719    18.3312    18.3423   4.799175   4.800388     2.0696     1.7216      10.16   26.13208  -84.00250   -0.00019    0.00071          1  0.000e+00
      24328   1013.625    127.793    128.671    18.3316    18.3414   4.799211   4.800373     2.0708     1.7216      10.16   26.13208  -84.00250   -0.00019    0.00071          1  0.000e+00
      24329   1013.667    127.895    128.773    18.3306    18.3413   4.799190   4.800432     2.0708     1.7216      10.16   26.13208  -84.00250   -0.00019    0.00072          1  0.000e+00
      24330   1013.708    127.793    128.671    18.3302    18.3418   4.799117   4.800351     2.0708     1.7216      10.16   26.13208  -84.00250   -0.00019    0.00073          1  0.000e+00
      24331   1013.750    127.841    128.719    18.3300    18.3413   4.799066   4.800255     2.0708     1.7216      10.16   26.13208  -84.00250   -0.00019    0.00071          1  0.000e+00
      24332   1013.792    127.895    128.773    18.3299    18.3409   4.799088   4.800159     2.0708     1.7216      10.16   26.13208  -84.00250   -0.00018    0.00072          1  0.000e+00
      24333   1013.833    127.827    128.705    18.3297    18.3408   4.799058   4.800181     2.0708     1.7216      10.16   26.13208  -84.00250   -0.00018    0.00072          1  0.000e+00
      24334   1013.875    127.841    128.719    18.3297    18.3402   4.799117   4.800203     2.0708     1.7216      10.13   26.13208  -84.00250   -0.00018    0.00073          1  0.000e+00
      24335   1013.917    127.895    128.773    18.3306    18.3402   4.799226   4.800204     2.0708     1.7216      10.16   26.13208  -84.00250   -0.00018    0.00072          1  0.000e+00
      24336   1013.958    127.895    128.773    18.3309    18.3404   4.799321   4.800248     2.0708     1.7216      10.16   26.13208  -84.00250   -0.00018    0.00070          1  0.000e+00
      24337   1014.000    127.841    128.719    18.3328    18.3404   4.799401   4.800277     2.0708     1.7216      10.16   26.13208  -84.00250   -0.00018    0.00069          1  0.000e+00
      24338   1014.042    127.895    128.773    18.3340    18.3408   4.799488   4.800285     2.0708     1.7216      10.16   26.13208  -84.00250   -0.00018    0.00067          1  0.000e+00
      24339   1014.083    127.895    128.773    18.3347    18.3411   4.799532   4.800263     2.0696     1.7216      10.16   26.13208  -84.00250   -0.00019    0.00065          1  0.000e+00
      24340   1014.125    127.841    128.719    18.3350    18.3402   4.799576   4.800240     2.0708     1.7216      10.16   26.13208  -84.00250   -0.00019    0.00065          1  0.000e+00
      24341   1014.167    127.874    128.753    18.3349    18.3399   4.799554   4.800152     2.0708     1.7216      10.16   26.13208  -84.00250   -0.00019    0.00065          1  0.000e+00
      24342   1014.208    127.895    128.773    18.3350    18.3392   4.799481   4.800056     2.0708     1.7216      10.16   26.13208  -84.00250   -0.00019    0.00065          1  0.000e+00
      24343   1014.250    127.942    128.821    18.3345    18.3389   4.799466   4.800048     2.0708     1.7216      10.16   26.13208  -84.00250   -0.00019    0.00064          1  0.000e+00
      24344   1014.292    127.895    128.773    18.3340    18.3389   4.799466   4.800071     2.0708     1.7216      10.16   26.13208  -84.00250   -0.00019    0.00062          1  0.000e+00
      24345   1014.333    127.895    128.773    18.3342    18.3394   4.799459   4.800048     2.0708     1.7216      10.13   26.13208  -84.00250   -0.00019    0.00060          1  0.000e+00
      24346   1014.375    127.895    128.773    18.3341    18.3385   4.799525   4.799960     2.0708     1.7216      10.11   26.13208  -84.00250   -0.00018    0.00058          1  0.000e+00
      24347   1014.417    127.895    128.773    18.3340    18.3375   4.799481   4.799953     2.0708     1.7216      10.06   26.13208  -84.00250   -0.00018    0.00056          1  0.000e+00
      24348   1014.458    127.895    128.773    18.3342    18.3375   4.799466   4.799982     2.0708     1.7204      10.06   26.13208  -84.00250   -0.00018    0.00052          1  0.000e+00
      24349   1014.500    127.929    128.807    18.3340    18.3378   4.799496   4.799967     2.0708     1.7204      10.06   26.13208  -84.00250   -0.00018    0.00049          1  0.000e+00
      24350   1014.542    127.895    128.773    18.3342    18.3373   4.799510   4.800004     2.0708     1.7204      10.06   26.13208  -84.00250   -0.00016    0.00045          1  0.000e+00
      24351   1014.583    127.942    128.821    18.3335    18.3361   4.799415   4.799997     2.0708     1.7204      10.06   26.13208  -84.00250   -0.00016    0.00041          1  0.000e+00
      24352   1014.625    127.895    128.773    18.3326    18.3361   4.799313   4.800056     2.0708     1.7192      10.06   26.13208  -84.00250   -0.00014    0.00036          1  0.000e+00
      24353   1014.667    127.895    128.773    18.3323    18.3376   4.799204   4.800093     2.0708     1.7192      10.06   26.13208  -84.00250   -0.00012    0.00030          1  0.000e+00
      24354   1014.708    127.942    128.821    18.3316    18.3390   4.799182   4.800115     2.0708     1.7192      10.06   26.13208  -84.00250   -0.00012    0.00024          1  0.000e+00
      24355   1014.750    127.895    128.773    18.3316    18.3411   4.799182   4.800122     2.0708     1.7192      10.06   26.13208  -84.00250   -0.00010    0.00018          1  0.000e+00
      24356   1014.792    127.942    128.821    18.3312    18.3409   4.799146   4.800144     2.0708     1.7192      10.06   26.13208  -84.00250   -0.00008    0.00013          1  0.000e+00
      24357   1014.833    127.874    128.753    18.3314    18.3404   4.799204   4.800174     2.0708     1.7192      10.06   26.13208  -84.00250   -0.00007    0.00007          1  0.000e+00
      24358   1014.875    127.895    128.773    18.3315    18.3404   4.799211   4.800137     2.0708     1.7192      10.06   26.13208  -84.00250   -0.00007    0.00001          1  0.000e+00
      24359   1014.917    127.942    128.821    18.3316    18.3397   4.799277   4.800122     2.0708     1.7192      10.06   26.13208  -84.00250   -0.00005   -0.00003          1  0.000e+00
      24360   1014.958    127.895    128.773    18.3323    18.3392   4.799364   4.800041     2.0708     1.7192      10.06   26.13208  -84.00250   -0.00005   -0.00007          1  0.000e+00
      24361   1015.000    127.895    128.773    18.3330    18.3383   4.799408   4.799975     2.0708     1.7192      10.06   26.13208  -84.00250   -0.00004   -0.00011          1  0.000e+00
      24362   1015.042    127.895    128.773    18.3331    18.3378   4.799452   4.799960     2.0708     1.7192      10.06   26.13208  -84.00250   -0.00002   -0.00015          1  0.000e+00
      24363   1015.083    127.942    128.821    18.3339    18.3369   4.799466   4.799960     2.0708     1.7192      10.06   26.13208  -84.00250   -0.00002   -0.00018          1  0.000e+00
      24364   1015.125    127.895    128.773    18.3339    18.3364   4.799488   4.799908     2.0708     1.7192      10.06   26.13208  -84.00250   -0.00001   -0.00022          1  0.000e+00
      24365   1015.167    127.779    128.657    18.3340    18.3361   4.799532   4.799916     2.0708     1.7192      10.06   26.13208  -84.00250   -0.00001   -0.00026          1  0.000e+00
      24366   1015.208    127.990    128.869    18.3344    18.3357   4.799547   4.799857     2.0708     1.7192      10.06   26.13208  -84.00250   -0.00001   -0.00030          1  0.000e+00
      24367   1015.250    127.895    128.773    18.3344    18.3355   4.799576   4.799790     2.0708     1.7192      10.06   26.13208  -84.00250   -0.00000   -0.00034          1  0.000e+00
      24368   1015.292    127.895    128.773    18.3349    18.3354   4.799554   4.799761     2.0708     1.7192      10.06   26.13208  -84.00250    0.00002   -0.00037          1  0.000e+00
      24369   1015.333    127.895    128.773    18.3349    18.3348   4.799576   4.799761     2.0708     1.7192      10.04   26.13208  -84.00250    0.00002   -0.00041          1  0.000e+00
      24370   1015.375    127.895    128.773    18.3346    18.3340   4.799576   4.799665     2.0708     1.7192      10.04   26.13208  -84.00250    0.00003   -0.00044          1  0.000e+00
      24371   1015.417    127.895    128.773    18.3349    18.3337   4.799583   4.799642     2.0708     1.7192      10.01   26.13208  -84.00250    0.00003   -0.00048          1  0.000e+00
      24372   1015.458    127.895    128.773    18.3347    18.3335   4.799612   4.799635     2.0708     1.7192      10.01   26.13208  -84.00250    0.00005   -0.00052          1  0.000e+00
      24373   1015.500    127.895    128.773    18.3347    18.3333   4.799598   4.799606     2.0708     1.7192      10.01   26.13208  -84.00250    0.00006   -0.00055          1  0.000e+00
      24374   1015.542    127.874    128.753    18.3345    18.3329   4.799612   4.799561     2.0708     1.7192      10.01   26.13208  -84.00250    0.00006   -0.00059          1  0.000e+00
      24375   1015.583    127.840    128.719    18.3349    18.3329   4.799598   4.799532     2.0708     1.7192      10.01   26.13208  -84.00250    0.00007   -0.00062          1  0.000e+00
      24376   1015.625    127.895    128.773    18.3349    18.3329   4.799576   4.799606     2.0708     1.7192      10.01   26.13208  -84.00250    0.00007   -0.00065          1  0.000e+00
      24377   1015.667    127.895    128.773    18.3350    18.3324   4.799612   4.799569     2.0708     1.7192      10.01   26.13208  -84.00250    0.00008   -0.00069          1  0.000e+00
      24378   1015.708    127.840    128.719    18.3350    18.3324   4.799598   4.799532     2.0708     1.7192      10.01   26.13208  -84.00250    0.00008   -0.00072          1  0.000e+00
      24379   1015.750    127.895    128.773    18.3349    18.3324   4.799590   4.799517     2.0708     1.7192      10.01   26.13208  -84.00250    0.00009   -0.00075          1  0.000e+00
      24380   1015.792    127.840    128.719    18.3349    18.3326   4.799590   4.799576     2.0720     1.7192      10.01   26.13210  -84.00250    0.00011   -0.00079          1  0.000e+00
      24381   1015.833    127.840    128.719    18.3350    18.3328   4.799612   4.799598     2.0708     1.7192      10.01   26.13210  -84.00250    0.00011   -0.00080          1  0.000e+00
      24382   1015.875    127.874    128.753    18.3346    18.3331   4.799583   4.799546     2.0708     1.7192      10.01   26.13210  -84.00250    0.00012   -0.00081          1  0.000e+00
      24383   1015.917    127.840    128.719    18.3349    18.3326   4.799583   4.799606     2.0708     1.7192      10.01   26.13210  -84.00250    0.00012   -0.00083          1  0.000e+00
      24384   1015.958    127.840    128.719    18.3345    18.3331   4.799554   4.799606     2.0708     1.7192      10.01   26.13210  -84.00250    0.00012   -0.00084          1  0.000e+00
      24385   1016.000    127.895    128.773    18.3344    18.3333   4.799576   4.799561     2.0720     1.7204      10.01   26.13210  -84.00250    0.00015   -0.00083          1  0.000e+00
      24386   1016.042    127.793    128.671    18.3345    18.3335   4.799590   4.799598     2.0708     1.7204      10.01   26.13210  -84.00250    0.00015   -0.00083          1  0.000e+00
      24387   1016.083    127.840    128.719    18.3347    18.3335   4.799554   4.799598     2.0708     1.7204      10.01   26.13210  -84.00250    0.00015   -0.00082          1  0.000e+00
      24388   1016.125    127.895    128.773    18.3344    18.3338   4.799568   4.799657     2.0708     1.7192      10.01   26.13210  -84.00250    0.00016   -0.00083          1  0.000e+00
      24389   1016.167    127.793    128.671    18.3345    18.3342   4.799554   4.799687     2.0720     1.7204      10.01   26.13210  -84.00250    0.00018   -0.00082          1  0.000e+00
      24390   1016.208    127.874    128.753    18.3344    18.3340   4.799576   4.799679     2.0720     1.7204      10.01   26.13210  -84.00250    0.00020   -0.00082          1  0.000e+00
