Gulf of Mexico/GOMECC-4/1db/rb2103_0761.ros
* Sea-Bird SBE 9 Data File:
* FileName = C:\Users\scs.user.rb\CTD\GOMECC4\data\rb2103_0761.hex
* Software Version Seasave V 7.26.7.107
* Temperature SN = 4799
* Conductivity SN = 3860
* Number of Bytes Per Scan = 41
* Number of Voltage Words = 4
* Number of Scans Averaged by the Deck Unit = 1
* NMEA Latitude = 22 16.44 N
* NMEA Longitude = 097 38.35 W
* NMEA UTC (Time) = Oct 05 2021  23:34:35
* NMEA baud rate = 4800
# nquan = 17
# nvalues = 1596                                  
# units = specified
# name 0 = scan: Scan Count
# name 1 = timeS: Time, Elapsed [seconds]
# name 2 = depSM: Depth [salt water, m]
# name 3 = prDM: Pressure, Digiquartz [db]
# name 4 = t090C: Temperature [ITS-90, deg C]
# name 5 = t190C: Temperature, 2 [ITS-90, deg C]
# name 6 = c0S/m: Conductivity [S/m]
# name 7 = c1S/m: Conductivity, 2 [S/m]
# name 8 = sbeox0V: Oxygen raw, SBE 43 [V]
# name 9 = sbeox1V: Oxygen raw, SBE 43, 2 [V]
# name 10 = altM: Altimeter [m]
# name 11 = latitude: Latitude [deg]
# name 12 = longitude: Longitude [deg]
# name 13 = sbox0dV/dT: Oxygen, SBE 43 [dov/dt]
# name 14 = sbox1dV/dT: Oxygen, SBE 43, 2 [dov/dt]
# name 15 = nbf: Bottles Fired
# name 16 = flag:  0.000e+00
# interval = seconds: 0.0416667
# start_time = Oct 05 2021 23:34:35 [NMEA time, header]
# bad_flag = -9.990e-29
*END*
[from data line 852]
      23669    986.167     25.072     25.231    29.2991    29.3054   5.894713   5.895515     3.1392     2.6581      16.07   22.27420  -97.63972   -0.00048    0.00078          7  0.000e+00
      23670    986.208     25.032     25.191    29.2993    29.3056   5.894713   5.895620     3.1392     2.6581      16.04   22.27420  -97.63972   -0.00048    0.00064          7  0.000e+00
      23671    986.250     25.120     25.279    29.2997    29.3048   5.894674   5.895990     3.1392     2.6581      16.04   22.27420  -97.63972   -0.00049    0.00051          7  0.000e+00
      23672    986.292     25.086     25.245    29.2998    29.3045   5.894769   5.896200     3.1392     2.6569      16.04   22.27420  -97.63972   -0.00049    0.00035          7  0.000e+00
      23673    986.333     25.072     25.231    29.2998    29.3030   5.894737   5.896780     3.1392     2.6569      16.04   22.27420  -97.63972   -0.00049    0.00020          7  0.000e+00
      23674    986.375     25.133     25.293    29.3005    29.2972   5.894642   5.897940     3.1380     2.6569      16.04   22.27420  -97.63972   -0.00051    0.00006          7  0.000e+00
      23675    986.417     25.167     25.327    29.3006    29.2937   5.894546   5.898625     3.1380     2.6557      16.04   22.27420  -97.63972   -0.00053   -0.00010          7  0.000e+00
      23676    986.458     25.133     25.293    29.3007    29.2922   5.894523   5.898963     3.1380     2.6557      16.04   22.27420  -97.63972   -0.00055   -0.00026          7  0.000e+00
      23677    986.500     25.133     25.293    29.3011    29.2911   5.894697   5.899181     3.1380     2.6557      16.04   22.27420  -97.63972   -0.00056   -0.00040          7  0.000e+00
      23678    986.542     25.167     25.327    29.3017    29.2905   5.895262   5.899261     3.1380     2.6545      16.04   22.27420  -97.63972   -0.00058   -0.00055          7  0.000e+00
      23679    986.583     25.181     25.341    29.3018    29.2903   5.895723   5.899390     3.1380     2.6557      16.04   22.27420  -97.63972   -0.00059   -0.00068          7  0.000e+00
      23680    986.625     25.221     25.381    29.3015    29.2883   5.895826   5.899785     3.1392     2.6557      15.87   22.27420  -97.63972   -0.00059   -0.00080          7  0.000e+00
      23681    986.667     25.235     25.395    29.3018    29.2853   5.895675   5.900341     3.1392     2.6545      15.80   22.27420  -97.63972   -0.00059   -0.00094          7  0.000e+00
      23682    986.708     25.221     25.381    29.3018    29.2831   5.895627   5.900696     3.1392     2.6557      15.78   22.27420  -97.63972   -0.00057   -0.00104          7  0.000e+00
      23683    986.750     25.235     25.395    29.3022    29.2826   5.895699   5.900809     3.1392     2.6557      15.80   22.27420  -97.63972   -0.00055   -0.00114          7  0.000e+00
      23684    986.792     25.269     25.429    29.3024    29.2826   5.895540   5.900817     3.1392     2.6545      15.80   22.27420  -97.63972   -0.00052   -0.00126          7  0.000e+00
      23685    986.833     25.282     25.443    29.3037    29.2829   5.895158   5.900712     3.1392     2.6545      15.80   22.27420  -97.63972   -0.00050   -0.00138          7  0.000e+00
      23686    986.875     25.282     25.443    29.3047    29.2835   5.894936   5.900494     3.1392     2.6557      15.80   22.27420  -97.63972   -0.00048   -0.00148          7  0.000e+00
      23687    986.917     25.316     25.477    29.3044    29.2838   5.895262   5.900430     3.1392     2.6545      15.82   22.27420  -97.63972   -0.00045   -0.00160          7  0.000e+00
      23688    986.958     25.282     25.443    29.3007    29.2840   5.896446   5.900430     3.1392     2.6545      15.80   22.27420  -97.63972   -0.00043   -0.00171          7  0.000e+00
      23689    987.000     25.316     25.477    29.2969    29.2837   5.897368   5.900535     3.1392     2.6557      15.80   22.27420  -97.63972   -0.00040   -0.00181          7  0.000e+00
      23690    987.042     25.330     25.490    29.2951    29.2827   5.897662   5.900648     3.1392     2.6557      15.80   22.27420  -97.63972   -0.00037   -0.00189          7  0.000e+00
      23691    987.083     25.370     25.531    29.2949    29.2823   5.897598   5.900632     3.1392     2.6557      15.80   22.27420  -97.63972   -0.00035   -0.00196          7  0.000e+00
      23692    987.125     25.330     25.490    29.2945    29.2831   5.897519   5.900623     3.1404     2.6557      15.80   22.27420  -97.63972   -0.00030   -0.00204          7  0.000e+00
      23693    987.167     25.370     25.531    29.2927    29.2833   5.897805   5.900696     3.1392     2.6557      15.82   22.27420  -97.63972   -0.00027   -0.00210          7  0.000e+00
      23694    987.208     25.384     25.545    29.2893    29.2832   5.898187   5.900720     3.1404     2.6557      15.80   22.27420  -97.63972   -0.00021   -0.00215          7  0.000e+00
      23695    987.250     25.370     25.531    29.2890    29.2837   5.898282   5.900648     3.1404     2.6557      15.80   22.27420  -97.63972   -0.00018   -0.00221          7  0.000e+00
      23696    987.292     25.431     25.593    29.2883    29.2835   5.899125   5.900551     3.1392     2.6557      15.80   22.27420  -97.63972   -0.00017   -0.00226          7  0.000e+00
      23697    987.333     25.282     25.443    29.2829    29.2837   5.900404   5.900631     3.1392     2.6557      15.80   22.27420  -97.63972   -0.00014   -0.00231          7  0.000e+00
      23698    987.375     25.567     25.729    29.2798    29.2837   5.900953   5.900640     3.1392     2.6557      15.80   22.27420  -97.63972   -0.00012   -0.00236          7  0.000e+00
      23699    987.417     25.384     25.545    29.2790    29.2835   5.901104   5.900656     3.1392     2.6557      15.80   22.27420  -97.63972   -0.00011   -0.00239          7  0.000e+00
      23700    987.458     25.418     25.579    29.2788    29.2838   5.901033   5.900744     3.1392     2.6557      15.80   22.27420  -97.63972   -0.00010   -0.00242          7  0.000e+00
      23701    987.500     25.479     25.640    29.2787    29.2837   5.900985   5.900841     3.1392     2.6557      15.80   22.27420  -97.63972   -0.00008   -0.00245          7  0.000e+00
      23702    987.542     25.418     25.579    29.2783    29.2833   5.901017   5.900938     3.1392     2.6557      15.80   22.27420  -97.63972   -0.00007   -0.00248          7  0.000e+00
      23703    987.583     25.479     25.640    29.2783    29.2826   5.901009   5.901067     3.1392     2.6557      15.80   22.27420  -97.63972   -0.00005   -0.00250          7  0.000e+00
      23704    987.625     25.418     25.579    29.2781    29.2816   5.901025   5.901292     3.1392     2.6557      15.63   22.27420  -97.63972   -0.00004   -0.00252          7  0.000e+00
      23705    987.667     25.479     25.640    29.2779    29.2807   5.901104   5.901309     3.1380     2.6569      15.58   22.27420  -97.63972   -0.00004   -0.00253          7  0.000e+00
      23706    987.708     25.465     25.627    29.2776    29.2805   5.901136   5.901228     3.1380     2.6557      15.56   22.27420  -97.63972   -0.00006   -0.00253          7  0.000e+00
      23707    987.750     25.479     25.640    29.2779    29.2811   5.901128   5.901276     3.1380     2.6569      15.58   22.27420  -97.63972   -0.00006   -0.00251          7  0.000e+00
      23708    987.792     25.465     25.627    29.2777    29.2809   5.901057   5.901268     3.1380     2.6569      15.56   22.27420  -97.63972   -0.00006   -0.00249          7  0.000e+00
      23709    987.833     25.479     25.640    29.2781    29.2811   5.900842   5.901252     3.1368     2.6569      15.56   22.27420  -97.63972   -0.00009   -0.00247          7  0.000e+00
      23710    987.875     25.479     25.640    29.2786    29.2811   5.900540   5.901147     3.1368     2.6569      15.58   22.27420  -97.63972   -0.00013   -0.00244          7  0.000e+00
      23711    987.917     25.519     25.681    29.2796    29.2814   5.900270   5.901107     3.1368     2.6569      15.58   22.27420  -97.63972   -0.00016   -0.00240          7  0.000e+00
      23712    987.958     25.479     25.640    29.2796    29.2818   5.900246   5.900962     3.1368     2.6581      15.58   22.27420  -97.63972   -0.00017   -0.00236          7  0.000e+00
      23713    988.000     25.465     25.627    29.2799    29.2820   5.900381   5.900946     3.1368     2.6581      15.58   22.27420  -97.63972   -0.00021   -0.00229          7  0.000e+00
      23714    988.042     25.479     25.640    29.2798    29.2822   5.900516   5.900857     3.1355     2.6581      15.58   22.27420  -97.63972   -0.00024   -0.00224          7  0.000e+00
      23715    988.083     25.519     25.681    29.2798    29.2823   5.900508   5.900777     3.1355     2.6581      15.58   22.27420  -97.63972   -0.00028   -0.00220          7  0.000e+00
      23716    988.125     25.479     25.640    29.2805    29.2827   5.900405   5.900736     3.1355     2.6593      15.58   22.27420  -97.63972   -0.00033   -0.00211          7  0.000e+00
      23717    988.167     25.519     25.681    29.2818    29.2827   5.900325   5.900720     3.1355     2.6593      15.58   22.27420  -97.63972   -0.00037   -0.00204          7  0.000e+00
      23718    988.208     25.479     25.640    29.2812    29.2829   5.900381   5.900720     3.1355     2.6593      15.58   22.27420  -97.63972   -0.00042   -0.00195          7  0.000e+00
      23719    988.250     25.519     25.681    29.2805    29.2827   5.900341   5.900752     3.1368     2.6593      15.58   22.27420  -97.63972   -0.00044   -0.00188          7  0.000e+00
      23720    988.292     25.431     25.593    29.2801    29.2827   5.900309   5.900769     3.1368     2.6606      15.58   22.27420  -97.63972   -0.00046   -0.00177          7  0.000e+00
      23721    988.333     25.519     25.681    29.2805    29.2827   5.900309   5.900769     3.1368     2.6606      15.58   22.27420  -97.63972   -0.00049   -0.00168          7  0.000e+00
      23722    988.375     25.479     25.640    29.2803    29.2829   5.900341   5.900769     3.1368     2.6618      15.58   22.27420  -97.63972   -0.00051   -0.00157          7  0.000e+00
      23723    988.417     25.479     25.640    29.2803    29.2832   5.900405   5.900696     3.1380     2.6618      15.58   22.27420  -97.63972   -0.00052   -0.00146          7  0.000e+00
      23724    988.458     25.418     25.579    29.2805    29.2835   5.900373   5.900640     3.1368     2.6630      15.58   22.27420  -97.63972   -0.00056   -0.00133          7  0.000e+00
      23725    988.500     25.479     25.640    29.2803    29.2838   5.900357   5.900511     3.1380     2.6630      15.58   22.27420  -97.63972   -0.00058   -0.00121          7  0.000e+00
      23726    988.542     25.465     25.627    29.2808    29.2842   5.900262   5.900406     3.1368     2.6630      15.58   22.27420  -97.63972   -0.00062   -0.00108          7  0.000e+00
      23727    988.583     25.479     25.640    29.2812    29.2846   5.900206   5.900309     3.1368     2.6654      15.56   22.27420  -97.63972   -0.00066   -0.00093          7  0.000e+00
      23728    988.625     25.418     25.579    29.2811    29.2846   5.900246   5.900285     3.1380     2.6654      15.56   22.27420  -97.63972   -0.00068   -0.00077          7  0.000e+00
      23729    988.667     25.479     25.640    29.2808    29.2850   5.900198   5.900285     3.1380     2.6654      15.53   22.27420  -97.63972   -0.00070   -0.00061          7  0.000e+00
      23730    988.708     25.418     25.579    29.2808    29.2851   5.900055   5.900180     3.1380     2.6654      15.53   22.27420  -97.63972   -0.00070   -0.00045          7  0.000e+00
      23731    988.750     25.431     25.593    29.2812    29.2861   5.899872   5.900027     3.1392     2.6654      15.53   22.27420  -97.63972   -0.00069   -0.00031          7  0.000e+00
      23732    988.792     25.418     25.579    29.2812    29.2865   5.899657   5.899963     3.1392     2.6654      15.53   22.27420  -97.63972   -0.00067   -0.00015          7  0.000e+00
      23733    988.833     25.431     25.593    29.2818    29.2863   5.899220   5.899882     3.1392     2.6654      15.53   22.27420  -97.63972   -0.00066   -0.00001          7  0.000e+00
      23734    988.875     25.384     25.545    29.2848    29.2864   5.898664   5.899753     3.1404     2.6654      15.53   22.27420  -97.63972   -0.00063    0.00014          7  0.000e+00
      23735    988.917     25.418     25.579    29.2886    29.2864   5.898163   5.899681     3.1404     2.6679      15.53   22.27420  -97.63972   -0.00059    0.00034          7  0.000e+00
      23736    988.958     25.384     25.545    29.2906    29.2870   5.898036   5.899665     3.1404     2.6667      15.53   22.27420  -97.63972   -0.00056    0.00053          7  0.000e+00
      23737    989.000     25.370     25.531    29.2911    29.2874   5.898218   5.899705     3.1404     2.6654      15.53   22.27420  -97.63972   -0.00053    0.00068          7  0.000e+00
      23738    989.042     25.384     25.545    29.2903    29.2874   5.898473   5.899640     3.1404     2.6679      15.53   22.27420  -97.63972   -0.00050    0.00087          7  0.000e+00
      23739    989.083     25.316     25.477    29.2897    29.2879   5.898703   5.899584     3.1404     2.6667      15.53   22.27420  -97.63972   -0.00047    0.00104          7  0.000e+00
      23740    989.125     25.384     25.545    29.2871    29.2885   5.898536   5.899455     3.1404     2.6667      15.53   22.27420  -97.63972   -0.00044    0.00120          7  0.000e+00
      23741    989.167     25.316     25.477    29.2878    29.2887   5.898083   5.899245     3.1416     2.6667      15.53   22.27420  -97.63972   -0.00040    0.00137          7  0.000e+00
      23742    989.208     25.330     25.490    29.2897    29.2896   5.897511   5.898996     3.1416     2.6654      15.53   22.27420  -97.63972   -0.00035    0.00150          7  0.000e+00
      23743    989.250     25.316     25.477    29.2907    29.2922   5.896891   5.898577     3.1416     2.6667      15.53   22.27420  -97.63972   -0.00029    0.00165          7  0.000e+00
      23744    989.292     25.282     25.443    29.2912    29.2946   5.895866   5.898134     3.1404     2.6667      15.53   22.27420  -97.63972   -0.00026    0.00178          7  0.000e+00
      23745    989.333     25.282     25.443    29.2922    29.2967   5.895286   5.897658     3.1416     2.6654      15.53   22.27420  -97.63972   -0.00020    0.00188          7  0.000e+00
      23746    989.375     25.269     25.429    29.2953    29.2977   5.895524   5.897320     3.1404     2.6654      15.53   22.27420  -97.63972   -0.00017    0.00199          7  0.000e+00
      23747    989.417     25.282     25.443    29.2954    29.2985   5.895588   5.897215     3.1416     2.6654      15.53   22.27420  -97.63972   -0.00013    0.00210          7  0.000e+00
      23978    999.042     24.923     25.082    29.3004    29.2991   5.896438   5.897505     3.1416     2.6618      15.85   22.27420  -97.63972   -0.00170    0.00067          8  0.000e+00
      23979    999.083     25.384     25.545    29.3002    29.2977   5.896374   5.897650     3.1416     2.6618      15.85   22.27420  -97.63972   -0.00171    0.00065          8  0.000e+00
      23980    999.125     25.167     25.327    29.3003    29.2983   5.896382   5.897690     3.1416     2.6606      15.85   22.27420  -97.63972   -0.00173    0.00059          8  0.000e+00
      23981    999.167     25.282     25.443    29.3004    29.2985   5.896438   5.897795     3.1416     2.6606      15.85   22.27420  -97.63972   -0.00175    0.00055          8  0.000e+00
      23982    999.208     25.167     25.327    29.3000    29.2980   5.896374   5.897940     3.1429     2.6606      15.85   22.27420  -97.63972   -0.00173    0.00051          8  0.000e+00
