Gulf of Mexico/GOMECC-4/1db/rb2103_0701.cnv
* Sea-Bird SBE 9 Data File:
* FileName = C:\Users\scs.user.rb\CTD\GOMECC4\data\rb2103_0701.hex
* Software Version Seasave V 7.26.7.107
* Temperature SN = 4799
* Conductivity SN = 3860
* Number of Bytes Per Scan = 41
* Number of Voltage Words = 4
* Number of Scans Averaged by the Deck Unit = 1
* NMEA Latitude = 26 03.47 N
* NMEA Longitude = 094 40.25 W
* NMEA UTC (Time) = Oct 03 2021  15:59:31
* NMEA baud rate = 4800
# nquan = 28
# nvalues = 858                         
# units = specified
# name 0 = scan: Scan Count
# name 1 = timeS: Time, Elapsed [seconds]
# name 2 = depSM: Depth [salt water, m]
# name 3 = prDM: Pressure, Digiquartz [db]
# name 4 = t090C: Temperature [ITS-90, deg C]
# name 5 = t190C: Temperature, 2 [ITS-90, deg C]
# name 6 = c0S/m: Conductivity [S/m]
# name 7 = c1S/m: Conductivity, 2 [S/m]
# name 8 = sbeox0V: Oxygen raw, SBE 43 [V]
# name 9 = sbeox1V: Oxygen raw, SBE 43, 2 [V]
# name 10 = altM: Altimeter [m]
# name 11 = latitude: Latitude [deg]
# name 12 = longitude: Longitude [deg]
# name 13 = sbox0dV/dT: Oxygen, SBE 43 [dov/dt]
# name 14 = sbox1dV/dT: Oxygen, SBE 43, 2 [dov/dt]
# name 15 = sbeox0ML/L: Oxygen, SBE 43 [ml/l], WS = 5
# name 16 = sbeox1ML/L: Oxygen, SBE 43, 2 [ml/l], WS = 5
# name 17 = potemp090C: Potential Temperature [ITS-90, deg C]
# name 18 = potemp190C: Potential Temperature, 2 [ITS-90, deg C]
# name 19 = sal00: Salinity, Practical [PSU]
# name 20 = sal11: Salinity, Practical, 2 [PSU]
# name 21 = sigma-é00: Density [sigma-theta, kg/m^3]
# name 22 = sigma-é11: Density, 2 [sigma-theta, kg/m^3]
# name 23 = avgsvCM: Average Sound Velocity [Chen-Millero, m/s], minP = 20, minS = 20
# name 24 = sbox0Mm/Kg: Oxygen, SBE 43 [umol/kg], WS = 5
# name 25 = sbox1Mm/Kg: Oxygen, SBE 43, 2 [umol/kg], WS = 5
# name 26 = nbin: number of scans per bin
# name 27 = flag: flag
# span 0 =      13028,     229637       
# span 1 =    542.790,   9568.172       
# span 2 =      0.993,   3013.283       
# span 3 =      1.000,   3055.000       
# span 4 =     4.2980,    29.3535       
# span 5 =     4.2987,    29.3546       
# span 6 =   3.352400,   5.946184       
# span 7 =   3.352362,   5.946452       
# span 8 =     1.5712,     3.4137       
# span 9 =     1.2747,     2.9273       
# span 10 =      10.41,     104.60      
# span 11 =   25.89812,   26.10013      
# span 12 =  -94.80923,  -94.07409      
# span 13 =   -0.03743,    0.05571      
# span 14 =   -0.03432,    0.05414      
# span 15 =     2.3809,     5.0833      
# span 16 =     2.3978,     5.0890      
# span 17 =     4.0796,    29.3469      
# span 18 =     4.0808,    29.3480      
# span 19 =    34.9107,    36.7021      
# span 20 =    34.9099,    36.7035      
# span 21 =    22.5455,    27.7609      
# span 22 =    22.5805,    27.7595      
# span 23 =       0.00,    1546.02      
# span 24 =    103.535,    221.700      
# span 25 =    104.268,    221.937      
# span 26 =         30,         87      
# span 27 = 0.0000e+00, 0.0000e+00      
# interval = decibars: 1                
# start_time = Oct 03 2021 15:59:31 [NMEA time, header]
# bad_flag = -9.990e-29
*END*
[from data line 622]
     162990   6791.193   1213.456   1225.000     4.7100     4.7122   3.369283   3.369355     1.8903     1.5691      64.72   26.06036  -94.66913   -0.00060   -0.00066     4.1938     4.2071     4.6078     4.6100    34.9498    34.9483    27.6803    27.6789    1502.78    182.249    182.830         30 0.0000e+00
     163253   6802.148   1203.578   1215.000     4.7355     4.7379   3.371200   3.371260     1.8865     1.5663      85.00   26.06115  -94.67199   -0.00022   -0.00019     4.1717     4.1879     4.6339     4.6363    34.9504    34.9486    27.6779    27.6762    1502.83    181.289    181.995         30 0.0000e+00
     163279   6803.234   1202.590   1214.000     4.7358     4.7389   3.371054   3.371222     1.8857     1.5655      67.99   26.06050  -94.66964   -0.00027   -0.00034     4.1681     4.1843     4.6344     4.6374    34.9488    34.9473    27.6766    27.6751    1502.79    181.135    181.838         30 0.0000e+00
     163798   6824.855   1182.835   1194.000     4.7984     4.7990   3.375610   3.375576     1.8731     1.5543     100.00   26.06034  -94.66908   -0.00042   -0.00040     4.1052     4.1233     4.6982     4.6988    34.9460    34.9450    27.6672    27.6663    1502.78    178.403    179.189         32 0.0000e+00
     163925   6830.170   1177.896   1189.000     4.8055     4.8062   3.375964   3.375931     1.8719     1.5544     100.00   26.06006  -94.66796   -0.00024    0.00004     4.0976     4.1200     4.7057     4.7064    34.9452    34.9441    27.6657    27.6647    1502.76    178.071    179.045         31 0.0000e+00
     164111   6837.930   1170.980   1182.000     4.8203     4.8206   3.377017   3.376955     1.8712     1.5531     100.00   26.06065  -94.67009   -0.00017   -0.00035     4.0897     4.1099     4.7210     4.7213    34.9454    34.9444    27.6641    27.6633    1502.80    177.730    178.606         30 0.0000e+00
     164527   6855.252   1155.174   1166.000     4.8774     4.8797   3.381329   3.381425     1.8655     1.5461     100.00   26.06077  -94.67051   -0.00066   -0.00073     4.0544     4.0678     4.7791     4.7814    34.9436    34.9423    27.6560    27.6548    1502.80    176.198    176.779         30 0.0000e+00
     164556   6856.467   1154.185   1165.000     4.8801     4.8816   3.381448   3.381529     1.8641     1.5451     100.00   26.06052  -94.66962   -0.00075   -0.00085     4.0486     4.0632     4.7819     4.7834    34.9426    34.9420    27.6550    27.6543    1502.79    175.946    176.580         31 0.0000e+00
     164682   6861.697   1149.246   1160.000     4.8901     4.8908   3.382176   3.382147     1.8608     1.5424     100.00   26.06079  -94.67061   -0.00067   -0.00033     4.0332     4.0489     4.7922     4.7930    34.9431    34.9420    27.6542    27.6532    1502.81    175.276    175.957         31 0.0000e+00
     164710   6862.895   1148.258   1159.000     4.8903     4.8909   3.382110   3.382072     1.8601     1.5421     100.00   26.06052  -94.66962   -0.00061   -0.00040     4.0300     4.0472     4.7926     4.7931    34.9426    34.9415    27.6537    27.6528    1502.79    175.135    175.885         30 0.0000e+00
     164893   6870.503   1141.341   1152.000     4.8931     4.8933   3.382046   3.381994     1.8586     1.5418      86.91   26.06061  -94.66995   -0.00002    0.00007     4.0209     4.0423     4.7960     4.7962    34.9424    34.9416    27.6532    27.6525    1502.80    174.743    175.673         30 0.0000e+00
     165072   6877.955   1134.425   1145.000     4.9053     4.9061   3.382766   3.382766     1.8585     1.5417     100.00   26.06029  -94.66872    0.00002    0.00000     4.0155     4.0367     4.8087     4.8095    34.9414    34.9406    27.6509    27.6502    1502.78    174.509    175.430         30 0.0000e+00
     165256   6885.623   1127.509   1138.000     4.9221     4.9228   3.383962   3.383939     1.8570     1.5398     100.00   26.06045  -94.66930   -0.00025   -0.00035     4.0048     4.0241     4.8260     4.8268    34.9411    34.9401    27.6488    27.6479    1502.78    174.042    174.880         32 0.0000e+00
     165699   6904.075   1110.711   1121.000     4.9735     4.9745   3.387719   3.387749     1.8511     1.5345     100.00   26.06074  -94.67036   -0.00026   -0.00013     3.9696     3.9895     4.8786     4.8796    34.9393    34.9387    27.6413    27.6406    1502.80    172.514    173.377         30 0.0000e+00
     166115   6921.434   1095.887   1106.000     5.0298     5.0302   3.392114   3.392077     1.8410     1.5246      63.75   26.06169  -94.67376   -0.00068   -0.00047     3.9200     3.9380     4.9358     4.9362    34.9389    34.9381    27.6344    27.6336    1502.86    170.361    171.141         38 0.0000e+00
     166173   6923.839   1094.899   1105.000     5.0278     5.0282   3.391767   3.391723     1.8391     1.5235      58.90   26.06055  -94.66960   -0.00064   -0.00043     3.9134     3.9336     4.9339     4.9343    34.9374    34.9364    27.6333    27.6325    1502.79    170.073    170.953         43 0.0000e+00
     166281   6928.314   1093.910   1104.000     5.0318     5.0301   3.392051   3.391831     1.8391     1.5238      98.87   26.06054  -94.66960   -0.00001    0.00016     3.9123     3.9339     4.9379     4.9363    34.9370    34.9362    27.6326    27.6321    1502.79    170.025    170.964         46 0.0000e+00
     166388   6932.807   1092.922   1103.000     5.0337     5.0318   3.392103   3.391811     1.8386     1.5241     100.00   26.06054  -94.66960   -0.00012    0.00012     3.9097     3.9347     4.9399     4.9381    34.9367    34.9360    27.6321    27.6318    1502.79    169.912    170.999         35 0.0000e+00
     166486   6936.870   1091.934   1102.000     5.0364     5.0370   3.392377   3.392331     1.8385     1.5242      91.97   26.06055  -94.66960   -0.00013   -0.00002     3.9087     3.9338     4.9427     4.9433    34.9369    34.9356    27.6320    27.6309    1502.79    169.869    170.959         42 0.0000e+00
     166588   6941.115   1090.946   1101.000     5.0455     5.0443   3.393114   3.392932     1.8377     1.5232     100.21   26.06055  -94.66960   -0.00024   -0.00028     3.9043     3.9286     4.9518     4.9506    34.9364    34.9356    27.6305    27.6300    1502.79    169.677    170.733         50 0.0000e+00
     167337   6972.339   1089.957   1100.000     5.0675     5.0641   3.394990   3.394647     1.8330     1.5184     100.00   26.06057  -94.66959   -0.00013   -0.00033     3.8852     3.9076     4.9737     4.9703    34.9356    34.9353    27.6273    27.6274    1502.79    168.849    169.824         54 0.0000e+00
     168074   7003.058   1088.969   1099.000     5.0824     5.0845   3.396269   3.396370     1.8293     1.5149     100.00   26.06058  -94.66958   -0.00000   -0.00009     3.8700     3.8918     4.9886     4.9907    34.9353    34.9343    27.6254    27.6243    1502.79    168.188    169.137         44 0.0000e+00
     168156   7006.449   1087.981   1098.000     5.0869     5.0876   3.396595   3.396578     1.8292     1.5147     100.00   26.06058  -94.66958    0.00001   -0.00014     3.8687     3.8904     4.9932     4.9939    34.9349    34.9340    27.6245    27.6237    1502.79    168.132    169.074         53 0.0000e+00
     168201   7008.330   1086.993   1097.000     5.0886     5.0895   3.396751   3.396516     1.8293     1.5148     100.00   26.06058  -94.66958    0.00003    0.00003     3.8685     3.8901     4.9950     4.9958    34.9354    34.9342    27.6247    27.6236    1502.79    168.123    169.061         37 0.0000e+00
     168238   7009.893   1086.004   1096.000     5.0903     5.0930   3.396824   3.396949     1.8295     1.5150     100.00   26.06058  -94.66958    0.00006    0.00010     3.8683     3.8899     4.9967     4.9994    34.9350    34.9340    27.6242    27.6231    1502.79    168.114    169.052         40 0.0000e+00
     168276   7011.451   1085.016   1095.000     5.0943     5.0964   3.397139   3.397241     1.8295     1.5151     100.00   26.06058  -94.66958    0.00007    0.00008     3.8674     3.8893     5.0008     5.0029    34.9350    34.9339    27.6237    27.6226    1502.79    168.074    169.029         33 0.0000e+00
     168951   7039.588   1059.319   1069.000     5.1990     5.2012   3.405219   3.405326     1.8172     1.5030     100.00   26.06085  -94.67046   -0.00046   -0.00035     3.8008     3.8195     5.1071     5.1092    34.9318    34.9307    27.6087    27.6076    1502.80    165.182    165.997         32 0.0000e+00
     169559   7064.921   1035.595   1045.000     5.2741     5.2760   3.410723   3.410783     1.8075     1.4936     100.00   26.06056  -94.66934   -0.00038   -0.00046     3.7474     3.7651     5.1838     5.1857    34.9287    34.9274    27.5972    27.5959    1502.79    162.865    163.634         30 0.0000e+00
     169688   7070.300   1030.653   1040.000     5.2944     5.2961   3.412348   3.412416     1.8058     1.4921     100.00   26.06111  -94.67135   -0.00031   -0.00038     3.7370     3.7550     5.2044     5.2062    34.9288    34.9278    27.5948    27.5938    1502.82    162.414    163.194         31 0.0000e+00
     170168   7090.299   1011.869   1021.000     5.3707     5.3746   3.418125   3.418365     1.7959     1.4830     100.00   26.06028  -94.66827   -0.00050   -0.00052     3.6861     3.7041     5.2819     5.2858    34.9251    34.9238    27.5826    27.5811    1502.77    160.203    160.984         32 0.0000e+00
     170296   7095.606   1006.926   1016.000     5.3964     5.3990   3.420257   3.420365     1.7934     1.4807     100.00   26.06095  -94.67070   -0.00037   -0.00029     3.6728     3.6906     5.3079     5.3105    34.9254    34.9239    27.5797    27.5782    1502.81    159.623    160.399         30 0.0000e+00
     170324   7096.811   1005.937   1015.000     5.3957     5.4007   3.420082   3.420444     1.7926     1.4800     100.00   26.06064  -94.66956   -0.00055   -0.00040     3.6694     3.6873     5.3073     5.3122    34.9246    34.9235    27.5791    27.5777    1502.79    159.477    160.254         31 0.0000e+00
     170449   7101.991   1000.994   1010.000     5.4105     5.4117   3.421241   3.421266     1.7902     1.4778     100.00   26.06122  -94.67167   -0.00041   -0.00042     3.6574     3.6755     5.3225     5.3236    34.9250    34.9240    27.5776    27.5767    1502.82    158.955    159.742         33 0.0000e+00
     170478   7103.227   1000.005   1009.000     5.4092     5.4111   3.421019   3.421087     1.7896     1.4774      97.29   26.06064  -94.66956   -0.00041   -0.00037     3.6552     3.6737     5.3213     5.3231    34.9242    34.9230    27.5771    27.5760    1502.79    158.859    159.665         30 0.0000e+00
     171129   7130.326    974.297    983.000     5.5250     5.5253   3.430096   3.430048     1.7757     1.4644     100.00   26.06092  -94.67054   -0.00085   -0.00062     3.5839     3.6021     5.4386     5.4390    34.9208    34.9199    27.5603    27.5595    1502.81    155.765    156.553         33 0.0000e+00
     171276   7136.441    968.364    977.000     5.5548     5.5584   3.432500   3.432713     1.7733     1.4617     100.00   26.06104  -94.67097   -0.00044   -0.00049     3.5701     3.5863     5.4689     5.4724    34.9202    34.9190    27.5562    27.5547    1502.81    155.167    155.869         31 0.0000e+00
     171304   7137.646    967.376    976.000     5.5558     5.5616   3.432455   3.432896     1.7725     1.4607     100.00   26.06065  -94.66954   -0.00055   -0.00070     3.5669     3.5818     5.4699     5.4757    34.9192    34.9182    27.5551    27.5537    1502.79    155.026    155.674         31 0.0000e+00
     171428   7142.784    962.431    971.000     5.5763     5.5781   3.434174   3.434248     1.7693     1.4578     100.00   26.06139  -94.67219   -0.00058   -0.00049     3.5516     3.5672     5.4908     5.4925    34.9200    34.9190    27.5533    27.5523    1502.83    154.360    155.042         31 0.0000e+00
     171879   7161.594    944.631    953.000     5.6835     5.6860   3.442892   3.442995     1.7547     1.4444     100.00   26.06115  -94.67132   -0.00100   -0.00058     3.4837     3.4998     5.5988     5.6013    34.9173    34.9159    27.5379    27.5364    1502.82    151.415    152.114         31 0.0000e+00
     172030   7167.855    938.697    947.000     5.7029     5.7047   3.444299   3.444328     1.7507     1.4409     100.00   26.06097  -94.67064   -0.00045   -0.00050     3.4657     3.4824     5.6187     5.6205    34.9162    34.9147    27.5345    27.5331    1502.81    150.629    151.355         30 0.0000e+00
     173092   7212.130    898.144    906.000     5.8931     5.8947   3.459848   3.459915     1.7278     1.4193      80.67   26.06333  -94.67918   -0.00068   -0.00067     3.3531     3.3685     5.8116     5.8131    34.9166    34.9157    27.5108    27.5099    1502.94    145.741    146.408         37 0.0000e+00
     173152   7214.622    897.155    905.000     5.8726     5.8785   3.457607   3.458049     1.7246     1.4175      99.38   26.06068  -94.66952   -0.00108   -0.00063     3.3442     3.3631     5.7912     5.7971    34.9126    34.9116    27.5102    27.5086    1502.79    145.355    146.176         62 0.0000e+00
     173219   7217.401    896.166    904.000     5.8853     5.8696   3.458442   3.457242     1.7252     1.4182     100.00   26.06068  -94.66952 5.2472e-08    0.00012     3.3441     3.3658     5.8040     5.7884    34.9129    34.9120    27.5088    27.5100    1502.79    145.347    146.293         44 0.0000e+00
     173302   7220.877    895.176    903.000     5.8946     5.8937   3.459476   3.459370     1.7255     1.4185     100.00   26.06068  -94.66952    0.00012    0.00023     3.3443     3.3644     5.8133     5.8124    34.9120    34.9122    27.5069    27.5072    1502.79    145.358    146.233         62 0.0000e+00
     173372   7223.802    894.187    902.000     5.9011     5.9053   3.460147   3.460399     1.7243     1.4170     100.00   26.06068  -94.66952   -0.00034   -0.00046     3.3391     3.3574     5.8198     5.8240    34.9135    34.9119    27.5072    27.5054    1502.79    145.133    145.928         60 0.0000e+00
     173450   7227.057    893.198    901.000     5.8982     5.9171   3.459760   3.461382     1.7228     1.4157      99.64   26.06068  -94.66952   -0.00047   -0.00043     3.3341     3.3512     5.8171     5.8358    34.9129    34.9115    27.5071    27.5037    1502.79    144.914    145.658         73 0.0000e+00
     173518   7229.893    892.209    900.000     5.9146     5.9073   3.461120   3.460494     1.7227     1.4142     100.00   26.06068  -94.66952   -0.00011   -0.00051     3.3319     3.3463     5.8334     5.8262    34.9123    34.9121    27.5046    27.5053    1502.79    144.820    145.444         65 0.0000e+00
     174876   7286.450    891.219    899.000     5.9424     5.9438   3.463738   3.463716     1.7169     1.4104     100.00   26.06071  -94.66951   -0.00001   -0.00011     3.3097     3.3289     5.8612     5.8625    34.9129    34.9116    27.5016    27.5004    1502.79    143.856    144.688         47 0.0000e+00
     175383   7307.598    890.231    898.000     5.9461     5.9482   3.464025   3.464146     1.7154     1.4092     100.00   26.06072  -94.66950    0.00011    0.00003     3.3039     3.3238     5.8649     5.8670    34.9129    34.9122    27.5011    27.5003    1502.79    143.603    144.468         64 0.0000e+00
     175459   7310.750    889.241    897.000     5.9495     5.9497   3.464281   3.464223     1.7157     1.4099      94.41   26.06072  -94.66949    0.00014    0.00022     3.3041     3.3260     5.8684     5.8686    34.9128    34.9119    27.5006    27.4999    1502.79    143.610    144.562         65 0.0000e+00
     175519   7313.229    888.252    896.000     5.9495     5.9508   3.464138   3.464289     1.7154     1.4102     100.06   26.06072  -94.66949   -0.00005    0.00015     3.3028     3.3262     5.8685     5.8698    34.9127    34.9123    27.5005    27.5000    1502.79    143.557    144.571         43 0.0000e+00
