Gulf of Mexico/GOMECC-4/1db/rb2103_1031.cnv
* Sea-Bird SBE 9 Data File:
* FileName = C:\Users\scs.user.rb\CTD\GOMECC4\data\rb2103_1031.hex
* Software Version Seasave V 7.26.7.107
* Temperature SN = 4799
* Conductivity SN = 3860
* Number of Bytes Per Scan = 41
* Number of Voltage Words = 4
* Number of Scans Averaged by the Deck Unit = 1
* NMEA Latitude = 24 23.15 N
* NMEA Longitude = 088 00.13 W
* NMEA UTC (Time) = Oct 13 2021  03:19:12
* NMEA baud rate = 4800
# nquan = 28
# nvalues = 353                         
# units = specified
# name 0 = scan: Scan Count
# name 1 = timeS: Time, Elapsed [seconds]
# name 2 = depSM: Depth [salt water, m]
# name 3 = prDM: Pressure, Digiquartz [db]
# name 4 = t090C: Temperature [ITS-90, deg C]
# name 5 = t190C: Temperature, 2 [ITS-90, deg C]
# name 6 = c0S/m: Conductivity [S/m]
# name 7 = c1S/m: Conductivity, 2 [S/m]
# name 8 = sbeox0V: Oxygen raw, SBE 43 [V]
# name 9 = sbeox1V: Oxygen raw, SBE 43, 2 [V]
# name 10 = altM: Altimeter [m]
# name 11 = latitude: Latitude [deg]
# name 12 = longitude: Longitude [deg]
# name 13 = sbox0dV/dT: Oxygen, SBE 43 [dov/dt]
# name 14 = sbox1dV/dT: Oxygen, SBE 43, 2 [dov/dt]
# name 15 = sbeox0ML/L: Oxygen, SBE 43 [ml/l], WS = 5
# name 16 = sbeox1ML/L: Oxygen, SBE 43, 2 [ml/l], WS = 5
# name 17 = potemp090C: Potential Temperature [ITS-90, deg C]
# name 18 = potemp190C: Potential Temperature, 2 [ITS-90, deg C]
# name 19 = sal00: Salinity, Practical [PSU]
# name 20 = sal11: Salinity, Practical, 2 [PSU]
# name 21 = sigma-é00: Density [sigma-theta, kg/m^3]
# name 22 = sigma-é11: Density, 2 [sigma-theta, kg/m^3]
# name 23 = avgsvCM: Average Sound Velocity [Chen-Millero, m/s], minP = 20, minS = 20
# name 24 = sbox0Mm/Kg: Oxygen, SBE 43 [umol/kg], WS = 5
# name 25 = sbox1Mm/Kg: Oxygen, SBE 43, 2 [umol/kg], WS = 5
# name 26 = nbin: number of scans per bin
# name 27 = flag: flag
# span 0 =      22014,     102726       
# span 1 =    917.213,   4280.193       
# span 2 =      0.994,    518.012       
# span 3 =      1.000,    522.000       
# span 4 =     7.8213,    30.2256       
# span 5 =     7.8227,    30.2269       
# span 6 =   3.623567,   6.118056       
# span 7 =   3.623656,   6.118382       
# span 8 =     1.6400,     3.2341       
# span 9 =     1.3386,     2.7360       
# span 10 =      12.12,     103.16      
# span 11 =   24.26381,   25.15568      
# span 12 =  -90.76244,  -87.54659      
# span 13 =   -0.03293,    0.02690      
# span 14 =   -0.03161,    0.02705      
# span 15 =     2.6961,     4.6627      
# span 16 =     2.7122,     4.6740      
# span 17 =     7.7682,    30.2248      
# span 18 =     7.7696,    30.2262      
# span 19 =    34.9448,    37.2990      
# span 20 =    34.9447,    37.3002      
# span 21 =    21.9801,    27.2715      
# span 22 =    22.1119,    27.2710      
# span 23 =       0.00,    1557.88      
# span 24 =    117.227,    203.196      
# span 25 =    117.927,    203.688      
# span 26 =         30,         74      
# span 27 = 0.0000e+00, 0.0000e+00      
# interval = decibars: 1                
# start_time = Oct 13 2021 03:19:12 [NMEA time, header]
# bad_flag = -9.990e-29
*END*
[from data line 104]
      26822   1117.525    116.220    117.000    21.7230    21.7215   5.159605   5.159701     2.5286     2.1259     100.00   24.38938  -88.00712   -0.01397   -0.01278     3.7608     3.7541    21.6999    21.6984    36.4819    36.4839    25.4287    25.4307    1539.30    163.792    163.500         32 0.0000e+00
      26854   1118.861    117.212    118.000    21.6733    21.6709   5.155809   5.155892     2.5085     2.1086     100.00   24.38938  -88.00713   -0.01588   -0.01431     3.7228     3.7179    21.6500    21.6477    36.4934    36.4961    25.4514    25.4541    1539.22    162.134    161.922         32 0.0000e+00
      26886   1120.209    118.206    119.000    21.5712    21.5685   5.146661   5.146665     2.4808     2.0813     100.00   24.38940  -88.00714   -0.01659   -0.01544     3.6725     3.6624    21.5478    21.5451    36.5067    36.5090    25.4900    25.4925    1539.14    159.936    159.497         33 0.0000e+00
      26920   1121.613    119.199    120.000    21.5324    21.5330   5.142871   5.143198     2.4502     2.0529      87.00   24.38940  -88.00716   -0.01973   -0.01896     3.6117     3.5998    21.5089    21.5094    36.5090    36.5111    25.5026    25.5041    1539.06    157.286    156.768         35 0.0000e+00
      26954   1123.056    120.192    121.000    21.4160    21.4125   5.132073   5.132070     2.4268     2.0345      88.79   24.38940  -88.00717   -0.02027   -0.01820     3.5711     3.5655    21.3923    21.3889    36.5213    36.5242    25.5444    25.5475    1538.97    155.514    155.269         33 0.0000e+00
      26986   1124.384    121.185    122.000    21.2928    21.2864   5.121061   5.121047     2.3982     2.0065     100.08   24.38942  -88.00718   -0.01877   -0.01637     3.5269     3.5142    21.2691    21.2629    36.5376    36.5402    25.5909    25.5938    1538.90    153.581    153.026         31 0.0000e+00
      27017   1125.681    122.178    123.000    20.9352    20.9319   5.082696   5.082718     2.3529     1.9621     100.00   24.38942  -88.00719   -0.02352   -0.02228     3.4496     3.4303    20.9115    20.9082    36.5338    36.5368    25.6863    25.6895    1538.80    150.202    149.361         33 0.0000e+00
      27053   1127.170    123.171    124.000    20.7451    20.7393   5.062536   5.062266     2.3198     1.9350      94.22   24.38942  -88.00722   -0.02790   -0.02597     3.3920     3.3787    20.7214    20.7156    36.5334    36.5361    25.7379    25.7415    1538.71    147.685    147.105         37 0.0000e+00
      27087   1128.604    124.164    125.000    20.5527    20.5449   5.041602   5.041092     2.2988     1.9166      58.35   24.38942  -88.00723   -0.02254   -0.01975     3.3643     3.3522    20.5290    20.5212    36.5284    36.5309    25.7862    25.7903    1538.62    146.474    145.947         32 0.0000e+00
      27120   1129.954    125.157    126.000    20.2505    20.2469   5.009590   5.009551     2.2796     1.9052      99.85   24.38943  -88.00724   -0.01643   -0.01307     3.3400     3.3402    20.2268    20.2233    36.5273    36.5301    25.8668    25.8698    1538.51    145.402    145.413         33 0.0000e+00
      27153   1131.339    126.150    127.000    20.1038    20.0946   4.994332   4.993785     2.2692     1.8993     100.00   24.38944  -88.00726   -0.01234   -0.00848     3.3275     3.3362    20.0801    20.0709    36.5287    36.5322    25.9070    25.9121    1538.41    144.855    145.230         33 0.0000e+00
      27187   1132.766    127.143    128.000    19.7666    19.7532   4.959351   4.958532     2.2617     1.8939     100.00   24.38944  -88.00727   -0.00836   -0.00506     3.3340     3.3450    19.7429    19.7296    36.5330    36.5378    25.9997    26.0070    1538.31    145.124    145.599         36 0.0000e+00
      27225   1134.336    128.136    129.000    19.4174    19.3951   4.921846   4.920022     2.2580     1.8899     100.00   24.38946  -88.00728   -0.00449   -0.00326     3.3498     3.3583    19.3939    19.3716    36.5259    36.5302    26.0858    26.0949    1538.20    145.799    146.168         39 0.0000e+00
      27260   1135.803    129.129    130.000    18.9317    18.9168   4.867873   4.866942     2.2480     1.8804     100.00   24.38946  -88.00729   -0.00374   -0.00351     3.3614     3.3669    18.9084    18.8935    36.5000    36.5053    26.1916    26.1995    1538.08    146.290    146.528         31 0.0000e+00
      27291   1137.063    130.122    131.000    18.5672    18.5588   4.827215   4.826851     2.2368     1.8704     100.00   24.38946  -88.00731   -0.00639   -0.00611     3.3639     3.3669    18.5440    18.5357    36.4780    36.4824    26.2679    26.2734    1537.95    146.387    146.516         31 0.0000e+00
      27326   1138.545    131.115    132.000    18.4209    18.4213   4.810325   4.810691     2.2308     1.8652     100.00   24.38947  -88.00733   -0.00712   -0.00655     3.3592     3.3629    18.3976    18.3980    36.4621    36.4665    26.2928    26.2961    1537.82    146.177    146.340         41 0.0000e+00
      27366   1140.189    132.108    133.000    18.3973    18.3962   4.807680   4.807967     2.2263     1.8647      98.89   24.38948  -88.00734   -0.00415   -0.00286     3.3518     3.3644    18.3739    18.3729    36.4618    36.4652    26.2985    26.3014    1537.69    145.854    146.405         35 0.0000e+00
      27426   1142.703    134.094    135.000    18.2860    18.2822   4.795009   4.795015     2.2156     1.8572      99.98   24.38580  -87.99410   -0.00346   -0.00174     3.3365     3.3542    18.2624    18.2586    36.4500    36.4535    26.3171    26.3207    1537.20    145.186    145.958         37 0.0000e+00
      27469   1144.492    135.087    136.000    18.1630    18.1619   4.781407   4.781672     2.2095     1.8513     100.00   24.38949  -88.00739   -0.00412   -0.00342     3.3318     3.3484    18.1393    18.1382    36.4446    36.4478    26.3442    26.3470    1537.31    144.977    145.701         40 0.0000e+00
      27504   1145.948    136.080    137.000    18.1182    18.0997   4.775809   4.774361     2.2055     1.8492      89.04   24.38950  -88.00741   -0.00373   -0.00313     3.3273     3.3476    18.0944    18.0759    36.4389    36.4402    26.3512    26.3568    1537.19    144.781    145.667         30 0.0000e+00
      27534   1147.215    137.072    138.000    18.0278    18.0262   4.765617   4.765835     2.2027     1.8475      97.01   24.38950  -88.00742   -0.00292   -0.00189     3.3271     3.3490    18.0039    18.0022    36.4290    36.4323    26.3661    26.3690    1537.06    144.770    145.725         32 0.0000e+00
      27569   1148.672    138.065    139.000    18.0077    18.0061   4.763460   4.763614     2.2015     1.8461      97.19   24.38950  -88.00743   -0.00193   -0.00131     3.3262     3.3473    17.9836    17.9820    36.4280    36.4307    26.3704    26.3729    1536.93    144.731    145.650         38 0.0000e+00
      27607   1150.264    139.059    140.000    17.9600    17.9545   4.758102   4.757816     2.1995     1.8449      93.37   24.38950  -88.00744   -0.00114   -0.00083     3.3253     3.3478    17.9358    17.9303    36.4233    36.4256    26.3787    26.3818    1536.81    144.692    145.669         36 0.0000e+00
      27640   1151.607    140.051    141.000    17.8712    17.8645   4.747685   4.747306     2.1975     1.8400      67.31   24.38952  -88.00746   -0.00121   -0.00141     3.3274     3.3426    17.8469    17.8402    36.4134    36.4161    26.3931    26.3968    1536.68    144.782    145.440         30 0.0000e+00
      27669   1152.832    141.044    142.000    17.7785    17.7773   4.737173   4.737374     2.1960     1.8405      99.41   24.38952  -88.00747   -0.00149   -0.00207     3.3310     3.3500    17.7541    17.7530    36.4053    36.4080    26.4098    26.4122    1536.56    144.937    145.761         30 0.0000e+00
      27704   1154.285    142.037    143.000    17.7052    17.7035   4.728830   4.728951     2.1971     1.8427     100.00   24.38952  -88.00748   -0.00076   -0.00042     3.3391     3.3609    17.6808    17.6791    36.3984    36.4009    26.4226    26.4250    1536.43    145.286    146.231         40 0.0000e+00
      27742   1155.892    143.030    144.000    17.6578    17.6561   4.723445   4.723577     2.1992     1.8440     100.00   24.38953  -88.00748    0.00068    0.00125     3.3477     3.3677    17.6332    17.6315    36.3939    36.3965    26.4309    26.4333    1536.31    145.659    146.530         33 0.0000e+00
      27795   1158.090    145.016    146.000    17.3777    17.3751   4.689657   4.689565     2.1976     1.8402      93.48   24.38353  -87.98582    0.00038   -0.00041     3.3653     3.3785    17.3530    17.3504    36.3469    36.3500    26.4626    26.4656    1535.68    146.419    146.991         35 0.0000e+00
      27840   1159.938    146.009    147.000    17.3331    17.3348   4.684736   4.685297     2.1970     1.8417     100.18   24.38954  -88.00751   -0.00077   -0.00108     3.3675     3.3853    17.3083    17.3101    36.3482    36.3514    26.4751    26.4772    1535.94    146.514    147.287         38 0.0000e+00
      27899   1162.424    147.995    149.000    17.2536    17.2526   4.675101   4.675232     2.1942     1.8393     100.00   24.38841  -88.00338   -0.00075   -0.00011     3.3680     3.3862    17.2286    17.2275    36.3343    36.3370    26.4837    26.4860    1535.61    146.535    147.327         30 0.0000e+00
      27934   1163.875    148.988    150.000    17.1928    17.1910   4.667980   4.668030     2.1905     1.8351     100.00   24.38956  -88.00754   -0.00158   -0.00157     3.3640     3.3801    17.1676    17.1658    36.3270    36.3291    26.4929    26.4949    1535.57    146.360    147.059         38 0.0000e+00
      27970   1165.391    149.980    151.000    17.1595    17.1581   4.664002   4.664118     2.1872     1.8302     100.00   24.38956  -88.00754   -0.00247   -0.00282     3.3595     3.3706    17.1342    17.1328    36.3218    36.3241    26.4970    26.4991    1535.44    146.163    146.647         32 0.0000e+00
      28000   1166.640    150.973    152.000    17.1426    17.1433   4.662076   4.662385     2.1852     1.8291     100.00   24.38956  -88.00756   -0.00226   -0.00279     3.3564     3.3694    17.1172    17.1179    36.3198    36.3219    26.4995    26.5010    1535.32    146.029    146.593         30 0.0000e+00
      28032   1167.953    151.966    153.000    17.1359    17.1372   4.661333   4.661714     2.1836     1.8284     100.00   24.38956  -88.00756   -0.00161   -0.00154     3.3538     3.3683    17.1103    17.1116    36.3190    36.3211    26.5006    26.5019    1535.20    145.914    146.544         34 0.0000e+00
      28068   1169.441    152.959    154.000    17.1262    17.1270   4.660223   4.660511     2.1814     1.8270     100.00   24.38958  -88.00758   -0.00139   -0.00071     3.3498     3.3660    17.1005    17.1012    36.3176    36.3194    26.5019    26.5031    1535.08    145.738    146.444         35 0.0000e+00
      28100   1170.786    153.952    155.000    17.0227    17.0168   4.648073   4.647149     2.1789     1.8248     100.00   24.38958  -88.00758   -0.00147   -0.00087     3.3510     3.3666    16.9969    16.9910    36.2990    36.3013    26.5125    26.5157    1534.97    145.791    146.467         30 0.0000e+00
      28130   1172.034    154.945    156.000    16.9277    16.9255   4.636066   4.636073     2.1733     1.8188     100.00   24.38958  -88.00758   -0.00226   -0.00204     3.3467     3.3604    16.9019    16.8996    36.2840    36.2861    26.5238    26.5259    1534.85    145.601    146.195         31 0.0000e+00
      28162   1173.383    155.938    157.000    16.8143    16.8126   4.622431   4.622522     2.1676     1.8129     100.00   24.38958  -88.00760   -0.00366   -0.00387     3.3421     3.3537    16.7884    16.7867    36.2662    36.2686    26.5372    26.5394    1534.73    145.400    145.905         33 0.0000e+00
      28195   1174.747    156.931    158.000    16.7360    16.7337   4.612904   4.612927     2.1623     1.8075     100.00   24.38959  -88.00760   -0.00426   -0.00438     3.3361     3.3460    16.7100    16.7077    36.2527    36.2550    26.5454    26.5477    1534.61    145.137    145.567         33 0.0000e+00
      28227   1176.097    157.923    159.000    16.6384    16.6338   4.601180   4.600890     2.1555     1.8027     100.00   24.38960  -88.00760   -0.00417   -0.00400     3.3279     3.3412    16.6124    16.6077    36.2371    36.2387    26.5565    26.5589    1534.50    144.779    145.359         32 0.0000e+00
      28288   1178.605    159.909    161.000    16.4649    16.4650   4.580198   4.580439     2.1404     1.7892      99.99   24.38832  -88.00300   -0.00579   -0.00455     3.3066     3.3196    16.4387    16.4388    36.2072    36.2093    26.5744    26.5760    1534.17    143.849    144.414         33 0.0000e+00
      28322   1180.060    160.902    162.000    16.4385    16.4365   4.577206   4.577169     2.1346     1.7827     100.00   24.38960  -88.00763   -0.00538   -0.00533     3.2952     3.3056    16.4122    16.4102    36.2048    36.2063    26.5789    26.5805    1534.13    143.355    143.804         34 0.0000e+00
      28381   1182.486    162.888    164.000    16.3776    16.3775   4.569730   4.569913     2.1245     1.7757      99.99   24.38716  -87.99882   -0.00408   -0.00325     3.2771     3.2925    16.3510    16.3509    36.1919    36.1936    26.5830    26.5843    1533.75    142.565    143.235         30 0.0000e+00
      28415   1183.899    163.880    165.000    16.3538    16.3535   4.567191   4.567353     2.1201     1.7727      98.85   24.38961  -88.00765   -0.00379   -0.00270     3.2688     3.2870    16.3271    16.3268    36.1916    36.1932    26.5886    26.5900    1533.79    142.205    142.995         33 0.0000e+00
      28447   1185.246    164.873    166.000    16.3286    16.3292   4.564206   4.564454     2.1166     1.7691      98.20   24.38962  -88.00766   -0.00331   -0.00258     3.2630     3.2799    16.3017    16.3023    36.1875    36.1892    26.5914    26.5926    1533.67    141.949    142.685         31 0.0000e+00
      28478   1186.531    165.866    167.000    16.2974    16.2973   4.560514   4.560666     2.1140     1.7645      76.86   24.38962  -88.00768   -0.00274   -0.00271     3.2595     3.2708    16.2704    16.2703    36.1826    36.1841    26.5950    26.5962    1533.56    141.800    142.291         30 0.0000e+00
      28508   1187.796    166.859    168.000    16.2793    16.2797   4.558417   4.558627     2.1111     1.7617     100.08   24.38962  -88.00768   -0.00227   -0.00309     3.2544     3.2652    16.2522    16.2525    36.1800    36.1815    26.5972    26.5983    1533.45    141.574    142.045         31 0.0000e+00
      28539   1189.068    167.851    169.000    16.2691    16.2699   4.557246   4.557485     2.1084     1.7608      94.38   24.38962  -88.00768   -0.00216   -0.00235     3.2493     3.2640    16.2418    16.2426    36.1785    36.1798    26.5985    26.5993    1533.33    141.354    141.994         30 0.0000e+00
      28570   1190.382    168.844    170.000    16.2282    16.2298   4.552334   4.552679     2.1056     1.7583      99.50   24.38962  -88.00768   -0.00219   -0.00139     3.2460     3.2607    16.2009    16.2024    36.1714    36.1731    26.6026    26.6035    1533.22    141.211    141.851         33 0.0000e+00
      28601   1191.673    169.837    171.000    16.1926    16.1986   4.547881   4.548934     2.1025     1.7568      83.77   24.38964  -88.00768   -0.00218   -0.00141     3.2425     3.2596    16.1651    16.1711    36.1657    36.1677    26.6065    26.6066    1533.12    141.058    141.803         30 0.0000e+00
      28631   1192.936    170.830    172.000    16.1391    16.1393   4.541673   4.541840     2.0989     1.7538      84.63   24.38964  -88.00769   -0.00240   -0.00158     3.2376     3.2562    16.1115    16.1117    36.1567    36.1579    26.6120    26.6129    1533.00    140.845    141.654         31 0.0000e+00
