Gulf of Mexico/GOMECC-4/1db/rb2103_1021.ros
* Sea-Bird SBE 9 Data File:
* FileName = C:\Users\scs.user.rb\CTD\GOMECC4\data\rb2103_1021.hex
* Software Version Seasave V 7.26.7.107
* Temperature SN = 4799
* Conductivity SN = 3860
* Number of Bytes Per Scan = 41
* Number of Voltage Words = 4
* Number of Scans Averaged by the Deck Unit = 1
* NMEA Latitude = 23 46.13 N
* NMEA Longitude = 088 00.04 W
* NMEA UTC (Time) = Oct 12 2021  22:30:12
* NMEA baud rate = 4800
# nquan = 17
# nvalues = 2128                                  
# units = specified
# name 0 = scan: Scan Count
# name 1 = timeS: Time, Elapsed [seconds]
# name 2 = depSM: Depth [salt water, m]
# name 3 = prDM: Pressure, Digiquartz [db]
# name 4 = t090C: Temperature [ITS-90, deg C]
# name 5 = t190C: Temperature, 2 [ITS-90, deg C]
# name 6 = c0S/m: Conductivity [S/m]
# name 7 = c1S/m: Conductivity, 2 [S/m]
# name 8 = sbeox0V: Oxygen raw, SBE 43 [V]
# name 9 = sbeox1V: Oxygen raw, SBE 43, 2 [V]
# name 10 = altM: Altimeter [m]
# name 11 = latitude: Latitude [deg]
# name 12 = longitude: Longitude [deg]
# name 13 = sbox0dV/dT: Oxygen, SBE 43 [dov/dt]
# name 14 = sbox1dV/dT: Oxygen, SBE 43, 2 [dov/dt]
# name 15 = nbf: Bottles Fired
# name 16 = flag:  0.000e+00
# interval = seconds: 0.0416667
# start_time = Oct 12 2021 22:30:12 [NMEA time, header]
# bad_flag = -9.990e-29
*END*
[from data line 1618]
      50345   2097.667     10.268     10.333    29.4716    29.4728   5.930419   5.930717     3.1575     2.6691      84.42   23.77114  -87.99986    0.00043   -0.00043         13  0.000e+00
      50346   2097.708     10.268     10.333    29.4725    29.4728   5.930395   5.930652     3.1563     2.6691      84.42   23.77114  -87.99986    0.00039   -0.00044         13  0.000e+00
      50347   2097.750     10.268     10.333    29.4742    29.4730   5.930475   5.930668     3.1563     2.6691      84.42   23.77114  -87.99986    0.00036   -0.00044         13  0.000e+00
      50348   2097.792     10.322     10.388    29.4752    29.4730   5.930562   5.930684     3.1563     2.6691      84.42   23.77112  -87.99986    0.00032   -0.00044         13  0.000e+00
      50349   2097.833     10.268     10.333    29.4755    29.4730   5.930586   5.930692     3.1563     2.6691      84.42   23.77112  -87.99986    0.00030   -0.00045         13  0.000e+00
      50350   2097.875     10.322     10.388    29.4756    29.4730   5.930634   5.930692     3.1563     2.6691      84.42   23.77112  -87.99986    0.00028   -0.00045         13  0.000e+00
      50351   2097.917     10.268     10.333    29.4753    29.4732   5.930634   5.930725     3.1563     2.6691      89.55   23.77112  -87.99986    0.00026   -0.00046         13  0.000e+00
      50352   2097.958     10.268     10.333    29.4752    29.4732   5.930666   5.930668     3.1551     2.6703      98.29   23.77112  -87.99986    0.00022   -0.00046         13  0.000e+00
      50353   2098.000     10.268     10.333    29.4757    29.4728   5.930618   5.930603     3.1551     2.6703     100.00   23.77112  -87.99986    0.00018   -0.00046         13  0.000e+00
      50354   2098.042     10.220     10.286    29.4750    29.4727   5.930626   5.930628     3.1551     2.6703     100.00   23.77112  -87.99986    0.00015   -0.00047         13  0.000e+00
      50355   2098.083     10.416     10.483    29.4745    29.4736   5.930594   5.930676     3.1551     2.6703     100.00   23.77112  -87.99986    0.00011   -0.00047         13  0.000e+00
      50356   2098.125     10.322     10.388    29.4747    29.4751   5.930594   5.930838     3.1551     2.6703     100.00   23.77112  -87.99986    0.00008   -0.00048         13  0.000e+00
      50357   2098.167     10.268     10.333    29.4747    29.4766   5.930626   5.930886     3.1551     2.6703     100.00   23.77112  -87.99986    0.00005   -0.00048         13  0.000e+00
      50358   2098.208     10.268     10.333    29.4745    29.4771   5.930634   5.930870     3.1551     2.6716     100.00   23.77112  -87.99986    0.00001   -0.00047         13  0.000e+00
      50359   2098.250     10.322     10.388    29.4751    29.4762   5.930666   5.930918     3.1551     2.6716     100.00   23.77112  -87.99986   -0.00002   -0.00046         13  0.000e+00
      50360   2098.292     10.322     10.388    29.4754    29.4760   5.930658   5.930894     3.1551     2.6716     100.00   23.77112  -87.99986   -0.00005   -0.00043         13  0.000e+00
      50361   2098.333     10.322     10.388    29.4755    29.4769   5.930634   5.930918     3.1551     2.6716     100.00   23.77112  -87.99986   -0.00008   -0.00040         13  0.000e+00
      50362   2098.375     10.268     10.333    29.4752    29.4779   5.930706   5.931039     3.1551     2.6728     100.00   23.77112  -87.99986   -0.00011   -0.00036         13  0.000e+00
      50363   2098.417     10.322     10.388    29.4753    29.4784   5.930666   5.931153     3.1551     2.6728     100.00   23.77112  -87.99986   -0.00014   -0.00031         13  0.000e+00
      50364   2098.458     10.322     10.388    29.4752    29.4792   5.930674   5.931177     3.1551     2.6728     100.00   23.77112  -87.99986   -0.00017   -0.00027         13  0.000e+00
      50365   2098.500     10.268     10.333    29.4747    29.4792   5.930642   5.931249     3.1551     2.6728     100.00   23.77112  -87.99986   -0.00020   -0.00023         13  0.000e+00
      50366   2098.542     10.315     10.381    29.4745    29.4786   5.930570   5.931233     3.1563     2.6728     100.00   23.77112  -87.99986   -0.00021   -0.00017         13  0.000e+00
      50367   2098.583     10.322     10.388    29.4744    29.4777   5.930538   5.931185     3.1563     2.6728     100.00   23.77112  -87.99986   -0.00021   -0.00012         13  0.000e+00
      50368   2098.625     10.322     10.388    29.4735    29.4762   5.930459   5.931080     3.1563     2.6728     100.00   23.77112  -87.99986   -0.00024   -0.00006         13  0.000e+00
      50369   2098.667     10.322     10.388    29.4735    29.4745   5.930522   5.930999     3.1563     2.6728     100.00   23.77112  -87.99986   -0.00027   -0.00002         13  0.000e+00
      50370   2098.708     10.322     10.388    29.4737    29.4736   5.930498   5.930870     3.1551     2.6728     100.00   23.77112  -87.99986   -0.00031    0.00002         13  0.000e+00
      50371   2098.750     10.322     10.388    29.4740    29.4734   5.930522   5.930838     3.1563     2.6728     100.00   23.77112  -87.99986   -0.00034    0.00007         13  0.000e+00
      50372   2098.792     10.322     10.388    29.4741    29.4730   5.930538   5.930797     3.1551     2.6716     100.00   23.77114  -87.99986   -0.00036    0.00011         13  0.000e+00
      50373   2098.833     10.268     10.333    29.4744    29.4730   5.930546   5.930749     3.1563     2.6728     100.00   23.77114  -87.99986   -0.00039    0.00017         13  0.000e+00
      50374   2098.875     10.369     10.436    29.4743    29.4730   5.930578   5.930700     3.1563     2.6716     100.00   23.77114  -87.99986   -0.00042    0.00021         13  0.000e+00
      50375   2098.917     10.322     10.388    29.4744    29.4734   5.930586   5.930652     3.1563     2.6716     100.00   23.77114  -87.99986   -0.00044    0.00025         13  0.000e+00
      50376   2098.958     10.322     10.388    29.4741    29.4732   5.930594   5.930717     3.1563     2.6716     100.00   23.77114  -87.99986   -0.00045    0.00030         13  0.000e+00
      50377   2099.000     10.268     10.333    29.4742    29.4734   5.930554   5.930700     3.1563     2.6716     100.00   23.77114  -87.99986   -0.00046    0.00036         13  0.000e+00
      50378   2099.042     10.369     10.436    29.4747    29.4730   5.930491   5.930644     3.1563     2.6716     100.00   23.77114  -87.99986   -0.00048    0.00042         13  0.000e+00
      50379   2099.083     10.322     10.388    29.4744    29.4728   5.930459   5.930676     3.1563     2.6716     100.00   23.77114  -87.99986   -0.00049    0.00049         13  0.000e+00
      50380   2099.125     10.322     10.388    29.4734    29.4727   5.930514   5.930620     3.1563     2.6703     100.00   23.77114  -87.99986   -0.00051    0.00054         13  0.000e+00
      50381   2099.167     10.322     10.388    29.4727    29.4728   5.930459   5.930668     3.1563     2.6703     100.00   23.77114  -87.99986   -0.00054    0.00060         13  0.000e+00
      50382   2099.208     10.369     10.436    29.4725    29.4732   5.930483   5.930652     3.1575     2.6691     100.00   23.77114  -87.99986   -0.00055    0.00064         13  0.000e+00
      50383   2099.250     10.322     10.388    29.4722    29.4734   5.930451   5.930644     3.1563     2.6691     100.00   23.77114  -87.99986   -0.00057    0.00068         13  0.000e+00
      50384   2099.292     10.322     10.388    29.4721    29.4736   5.930363   5.930717     3.1563     2.6691     100.00   23.77114  -87.99986   -0.00058    0.00073         13  0.000e+00
      50385   2099.333     10.322     10.388    29.4720    29.4738   5.930387   5.930700     3.1575     2.6691     100.00   23.77114  -87.99986   -0.00057    0.00078         13  0.000e+00
      50386   2099.375     10.322     10.388    29.4721    29.4738   5.930387   5.930725     3.1575     2.6691     100.00   23.77114  -87.99986   -0.00057    0.00083         13  0.000e+00
      50387   2099.417     10.322     10.388    29.4725    29.4738   5.930387   5.930741     3.1575     2.6691     100.00   23.77114  -87.99986   -0.00058    0.00088         13  0.000e+00
      50388   2099.458     10.369     10.436    29.4728    29.4740   5.930419   5.930797     3.1575     2.6691     100.00   23.77114  -87.99986   -0.00057    0.00091         13  0.000e+00
      50389   2099.500     10.315     10.381    29.4731    29.4740   5.930411   5.930797     3.1575     2.6703     100.00   23.77114  -87.99986   -0.00056    0.00096         13  0.000e+00
      50390   2099.542     10.322     10.388    29.4730    29.4745   5.930506   5.930862     3.1575     2.6703     100.00   23.77114  -87.99986   -0.00057    0.00102         13  0.000e+00
      50391   2099.583     10.369     10.436    29.4733    29.4745   5.930491   5.930846     3.1575     2.6703     100.00   23.77114  -87.99986   -0.00056    0.00105         13  0.000e+00
      50392   2099.625     10.322     10.388    29.4734    29.4749   5.930498   5.930870     3.1575     2.6703     100.00   23.77114  -87.99986   -0.00055    0.00109         13  0.000e+00
      50393   2099.667     10.369     10.436    29.4733    29.4749   5.930530   5.930886     3.1575     2.6703     100.00   23.77114  -87.99986   -0.00054    0.00112         13  0.000e+00
      50394   2099.708     10.322     10.388    29.4728    29.4749   5.930491   5.930886     3.1575     2.6703     100.00   23.77114  -87.99986   -0.00053    0.00116         13  0.000e+00
      50395   2099.750     10.322     10.388    29.4731    29.4749   5.930498   5.930886     3.1575     2.6703     100.00   23.77114  -87.99986   -0.00052    0.00118         13  0.000e+00
      50396   2099.792     10.322     10.388    29.4734    29.4747   5.930530   5.930846     3.1575     2.6703     100.00   23.77114  -87.99986   -0.00051    0.00118         13  0.000e+00
      50397   2099.833     10.369     10.436    29.4735    29.4744   5.930538   5.930838     3.1575     2.6691     100.00   23.77114  -87.99986   -0.00050    0.00117         13  0.000e+00
      50398   2099.875     10.322     10.388    29.4734    29.4745   5.930514   5.930862     3.1575     2.6691     100.00   23.77114  -87.99986   -0.00049    0.00113         13  0.000e+00
      50399   2099.917     10.369     10.436    29.4736    29.4745   5.930562   5.930846     3.1575     2.6691     100.00   23.77114  -87.99986   -0.00048    0.00108         13  0.000e+00
      50400   2099.958     10.220     10.286    29.4741    29.4747   5.930546   5.930838     3.1575     2.6691     100.00   23.77114  -87.99986   -0.00048    0.00103         13  0.000e+00
      50401   2100.000     10.464     10.531    29.4738    29.4753   5.930538   5.930870     3.1575     2.6691     100.00   23.77114  -87.99986   -0.00047    0.00099         13  0.000e+00
      50402   2100.042     10.322     10.388    29.4734    29.4751   5.930546   5.930886     3.1575     2.6691     100.00   23.77114  -87.99986   -0.00046    0.00092         13  0.000e+00
      50403   2100.083     10.369     10.436    29.4731    29.4754   5.930499   5.930886     3.1575     2.6691     100.00   23.77114  -87.99986   -0.00045    0.00085         13  0.000e+00
      50404   2100.125     10.322     10.388    29.4732    29.4751   5.930443   5.930886     3.1575     2.6691     100.00   23.77114  -87.99986   -0.00044    0.00078         13  0.000e+00
      50405   2100.167     10.322     10.388    29.4729    29.4756   5.930451   5.930959     3.1575     2.6691     100.00   23.77114  -87.99986   -0.00043    0.00069         13  0.000e+00
      50406   2100.208     10.369     10.436    29.4728    29.4754   5.930435   5.930943     3.1575     2.6691     100.00   23.77114  -87.99986   -0.00042    0.00061         13  0.000e+00
      50407   2100.250     10.369     10.436    29.4729    29.4754   5.930467   5.930935     3.1575     2.6691     100.00   23.77114  -87.99986   -0.00041    0.00053         13  0.000e+00
      50408   2100.292     10.322     10.388    29.4728    29.4758   5.930427   5.930983     3.1575     2.6691     100.00   23.77114  -87.99986   -0.00040    0.00045         13  0.000e+00
      50409   2100.333     10.369     10.436    29.4727    29.4758   5.930427   5.930983     3.1575     2.6703     100.00   23.77114  -87.99986   -0.00039    0.00039         13  0.000e+00
      50410   2100.375     10.322     10.388    29.4726    29.4762   5.930435   5.930983     3.1575     2.6691     100.00   23.77114  -87.99986   -0.00036    0.00031         13  0.000e+00
      50411   2100.417     10.369     10.436    29.4729    29.4762   5.930483   5.930983     3.1575     2.6703     100.00   23.77114  -87.99986   -0.00035    0.00028         13  0.000e+00
      50412   2100.458     10.315     10.381    29.4726    29.4762   5.930411   5.931015     3.1575     2.6703     100.00   23.77114  -87.99986   -0.00034    0.00024         13  0.000e+00
      50413   2100.500     10.369     10.436    29.4727    29.4764   5.930387   5.930991     3.1575     2.6703     100.00   23.77114  -87.99986   -0.00032    0.00017         13  0.000e+00
      50414   2100.542     10.322     10.388    29.4726    29.4766   5.930419   5.930983     3.1575     2.6703     100.00   23.77114  -87.99986   -0.00031    0.00010         13  0.000e+00
      50415   2100.583     10.369     10.436    29.4727    29.4767   5.930451   5.930983     3.1575     2.6716     100.00   23.77114  -87.99986   -0.00029    0.00005         13  0.000e+00
      50416   2100.625     10.322     10.388    29.4728    29.4766   5.930403   5.930943     3.1575     2.6716     100.00   23.77114  -87.99986   -0.00027    0.00004         13  0.000e+00
      50417   2100.667     10.369     10.436    29.4729    29.4762   5.930459   5.931007     3.1575     2.6716     100.00   23.77114  -87.99986   -0.00024   -0.00002         13  0.000e+00
      50418   2100.708     10.369     10.436    29.4726    29.4760   5.930427   5.930975     3.1575     2.6716     100.00   23.77114  -87.99986   -0.00021   -0.00004         13  0.000e+00
      50419   2100.750     10.322     10.388    29.4727    29.4756   5.930427   5.930935     3.1575     2.6716     100.00   23.77114  -87.99986   -0.00018   -0.00008         13  0.000e+00
      50420   2100.792     10.369     10.436    29.4726    29.4754   5.930435   5.930894     3.1575     2.6716     100.00   23.77112  -87.99986   -0.00015   -0.00010         13  0.000e+00
      50421   2100.833     10.369     10.436    29.4729    29.4749   5.930411   5.930846     3.1563     2.6716     100.00   23.77112  -87.99986   -0.00014   -0.00012         13  0.000e+00
      50422   2100.875     10.322     10.388    29.4726    29.4753   5.930459   5.930870     3.1563     2.6716     100.00   23.77112  -87.99986   -0.00013   -0.00013         13  0.000e+00
      50423   2100.917     10.315     10.381    29.4727    29.4751   5.930411   5.930813     3.1563     2.6716     100.00   23.77112  -87.99986   -0.00011   -0.00014         13  0.000e+00
      50424   2100.958     10.322     10.388    29.4726    29.4751   5.930403   5.930821     3.1551     2.6716     100.00   23.77112  -87.99986   -0.00012   -0.00015         13  0.000e+00
      50425   2101.000     10.369     10.436    29.4723    29.4747   5.930355   5.930797     3.1563     2.6716     100.00   23.77112  -87.99986   -0.00010   -0.00014         13  0.000e+00
      50426   2101.042     10.322     10.388    29.4722    29.4747   5.930443   5.930821     3.1563     2.6716     100.00   23.77112  -87.99986   -0.00008   -0.00013         13  0.000e+00
      50427   2101.083     10.369     10.436    29.4725    29.4745   5.930411   5.930838     3.1563     2.6716     100.00   23.77112  -87.99986   -0.00005   -0.00012         13  0.000e+00
      50428   2101.125     10.322     10.388    29.4725    29.4747   5.930403   5.930821     3.1551     2.6703     100.00   23.77112  -87.99986   -0.00005   -0.00011         13  0.000e+00
