Gulf of Mexico/GOMECC-4/1db/rb2103_0071.ros
* Sea-Bird SBE 9 Data File:
* FileName = C:\Users\scs.user.rb\CTD\GOMECC4\data\rb2103_007.hex
* Software Version Seasave V 7.26.7.107
* Temperature SN = 4799
* Conductivity SN = 3860
* Number of Bytes Per Scan = 41
* Number of Voltage Words = 4
* Number of Scans Averaged by the Deck Unit = 1
* NMEA Latitude = 26 59.68 N
* NMEA Longitude = 080 00.17 W
* NMEA UTC (Time) = Sep 15 2021  04:57:46
* NMEA baud rate = 4800
# nquan = 17
# nvalues = 532                                   
# units = specified
# name 0 = scan: Scan Count
# name 1 = timeS: Time, Elapsed [seconds]
# name 2 = depSM: Depth [salt water, m]
# name 3 = prDM: Pressure, Digiquartz [db]
# name 4 = t090C: Temperature [ITS-90, deg C]
# name 5 = t190C: Temperature, 2 [ITS-90, deg C]
# name 6 = c0S/m: Conductivity [S/m]
# name 7 = c1S/m: Conductivity, 2 [S/m]
# name 8 = sbeox0V: Oxygen raw, SBE 43 [V]
# name 9 = sbeox1V: Oxygen raw, SBE 43, 2 [V]
# name 10 = altM: Altimeter [m]
# name 11 = latitude: Latitude [deg]
# name 12 = longitude: Longitude [deg]
# name 13 = sbox0dV/dT: Oxygen, SBE 43 [dov/dt]
# name 14 = sbox1dV/dT: Oxygen, SBE 43, 2 [dov/dt]
# name 15 = nbf: Bottles Fired
# name 16 = flag:  0.000e+00
# interval = seconds: 0.0416667
# start_time = Sep 15 2021 04:57:46 [NMEA time, header]
# bad_flag = -9.990e-29
*END*
[from data line 256]
      16774    698.875     29.450     29.647    27.2564    27.2567   5.659629   5.659425     2.9853     2.5446       6.72   26.99478  -80.00268   -0.00033   -0.00006          2  0.000e+00
      16775    698.917     29.389     29.586    27.2550    27.2494   5.659387   5.658681     2.9853     2.5446       6.72   26.99478  -80.00268   -0.00028   -0.00002          2  0.000e+00
      16776    698.958     29.450     29.647    27.2541    27.2455   5.659332   5.658499     2.9853     2.5446       6.72   26.99478  -80.00268   -0.00025    0.00002          2  0.000e+00
      16777    699.000     29.389     29.586    27.2533    27.2478   5.659239   5.658760     2.9853     2.5446       6.72   26.99478  -80.00268   -0.00020    0.00006          2  0.000e+00
      16778    699.042     29.450     29.647    27.2550    27.2520   5.659286   5.659140     2.9853     2.5446       6.72   26.99478  -80.00268   -0.00015    0.00011          2  0.000e+00
      16779    699.083     29.389     29.586    27.2584    27.2556   5.659528   5.659472     2.9853     2.5446       6.72   26.99478  -80.00268   -0.00009    0.00015          2  0.000e+00
      16780    699.125     29.450     29.647    27.2604    27.2577   5.659801   5.659662     2.9853     2.5446       6.72   26.99478  -80.00268   -0.00006    0.00018          2  0.000e+00
      16781    699.167     29.389     29.586    27.2604    27.2567   5.659941   5.659662     2.9853     2.5446       6.72   26.99478  -80.00268   -0.00003    0.00021          2  0.000e+00
      16782    699.208     29.389     29.586    27.2626    27.2542   5.660105   5.659472     2.9866     2.5446       6.74   26.99478  -80.00268    0.00002    0.00023          2  0.000e+00
      16783    699.250     29.450     29.647    27.2659    27.2527   5.660269   5.659417     2.9853     2.5446       6.72   26.99478  -80.00268    0.00006    0.00024          2  0.000e+00
      22005    916.833      9.930      9.996    29.8192    29.8207   5.882892   5.883307     3.1258     2.6618      26.13   26.99480  -80.00254   -0.00132    0.00254          3  0.000e+00
      22006    916.875      9.907      9.973    29.8187    29.8205   5.882892   5.883267     3.1258     2.6618      26.15   26.99480  -80.00254   -0.00125    0.00254          3  0.000e+00
      22007    916.917      9.703      9.767    29.8185    29.8204   5.882876   5.883258     3.1258     2.6618      26.13   26.99480  -80.00254   -0.00118    0.00253          3  0.000e+00
      22008    916.958      9.907      9.973    29.8179    29.8201   5.882828   5.883291     3.1258     2.6618      26.15   26.99480  -80.00254   -0.00111    0.00252          3  0.000e+00
      22009    917.000      9.816      9.882    29.8181    29.8196   5.882844   5.883234     3.1258     2.6606      26.15   26.99480  -80.00254   -0.00104    0.00247          3  0.000e+00
      22010    917.042      9.907      9.973    29.8176    29.8193   5.882788   5.883210     3.1258     2.6606      26.15   26.99480  -80.00254   -0.00097    0.00241          3  0.000e+00
      22011    917.083      9.854      9.920    29.8163    29.8192   5.882701   5.883170     3.1258     2.6606      26.15   26.99480  -80.00254   -0.00090    0.00236          3  0.000e+00
      22012    917.125      9.816      9.882    29.8165    29.8192   5.882669   5.883202     3.1258     2.6593      26.13   26.99480  -80.00254   -0.00082    0.00228          3  0.000e+00
      22013    917.167      9.907      9.973    29.8174    29.8193   5.882741   5.883170     3.1270     2.6593      26.13   26.99480  -80.00254   -0.00073    0.00221          3  0.000e+00
      22014    917.208      9.816      9.882    29.8181    29.8194   5.882773   5.883234     3.1258     2.6593      26.15   26.99480  -80.00254   -0.00068    0.00213          3  0.000e+00
      22015    917.250      9.854      9.920    29.8187    29.8196   5.882868   5.883218     3.1258     2.6581      26.13   26.99480  -80.00254   -0.00062    0.00203          3  0.000e+00
      22016    917.292      9.869      9.935    29.8187    29.8196   5.882876   5.883138     3.1258     2.6581      26.15   26.99480  -80.00254   -0.00056    0.00193          3  0.000e+00
      22017    917.333      9.854      9.920    29.8185    29.8196   5.882900   5.883186     3.1258     2.6581      26.15   26.99480  -80.00254   -0.00051    0.00185          3  0.000e+00
      22018    917.375      9.930      9.996    29.8185    29.8196   5.882908   5.883210     3.1258     2.6569      26.13   26.99480  -80.00254   -0.00045    0.00174          3  0.000e+00
      22019    917.417      9.794      9.859    29.8187    29.8192   5.882876   5.883210     3.1258     2.6569      26.13   26.99480  -80.00254   -0.00039    0.00164          3  0.000e+00
      22020    917.458      9.869      9.935    29.8183    29.8192   5.882900   5.883170     3.1258     2.6569      26.06   26.99480  -80.00254   -0.00034    0.00154          3  0.000e+00
      22021    917.500      9.854      9.920    29.8178    29.8191   5.882836   5.883090     3.1258     2.6557      26.03   26.99480  -80.00254   -0.00028    0.00141          3  0.000e+00
      22022    917.542      9.869      9.935    29.8174    29.8190   5.882812   5.883065     3.1258     2.6557      26.03   26.99480  -80.00254   -0.00024    0.00129          3  0.000e+00
      22023    917.583      9.854      9.920    29.8178    29.8187   5.882780   5.883138     3.1258     2.6557      26.06   26.99480  -80.00254   -0.00020    0.00116          3  0.000e+00
      22024    917.625      9.816      9.882    29.8174    29.8184   5.882765   5.883122     3.1245     2.6545      26.03   26.99480  -80.00254   -0.00015    0.00104          3  0.000e+00
      22025    917.667      9.907      9.973    29.8178    29.8186   5.882804   5.883073     3.1258     2.6545      26.03   26.99480  -80.00254   -0.00011    0.00091          3  0.000e+00
      22026    917.708      9.869      9.935    29.8176    29.8185   5.882780   5.883106     3.1258     2.6532      26.06   26.99480  -80.00254   -0.00007    0.00077          3  0.000e+00
      22027    917.750      9.854      9.920    29.8178    29.8183   5.882796   5.883114     3.1245     2.6520      26.06   26.99480  -80.00254   -0.00005    0.00061          3  0.000e+00
      22028    917.792      9.907      9.973    29.8174    29.8183   5.882781   5.883114     3.1245     2.6520      26.03   26.99480  -80.00254   -0.00001    0.00045          3  0.000e+00
      22029    917.833      9.816      9.882    29.8170    29.8186   5.882733   5.883073     3.1245     2.6520      26.03   26.99480  -80.00254    0.00002    0.00031          3  0.000e+00
      22030    917.875      9.967     10.034    29.8168    29.8186   5.882717   5.883098     3.1245     2.6520      26.03   26.99480  -80.00254    0.00006    0.00017          3  0.000e+00
      22031    917.917      9.816      9.882    29.8168    29.8185   5.882757   5.883114     3.1245     2.6508      26.06   26.99480  -80.00254    0.00009    0.00002          3  0.000e+00
      22032    917.958      9.907      9.973    29.8170    29.8184   5.882733   5.883114     3.1258     2.6508      26.06   26.99480  -80.00254    0.00015   -0.00014          3  0.000e+00
      22033    918.000      9.869      9.935    29.8172    29.8178   5.882749   5.883041     3.1245     2.6508      26.03   26.99480  -80.00254    0.00020   -0.00029          3  0.000e+00
      22034    918.042      9.854      9.920    29.8168    29.8167   5.882804   5.882945     3.1245     2.6508      26.03   26.99480  -80.00254    0.00026   -0.00044          3  0.000e+00
      22035    918.083      9.930      9.996    29.8170    29.8165   5.882709   5.882921     3.1258     2.6496      26.06   26.99480  -80.00254    0.00032   -0.00059          3  0.000e+00
      22036    918.125      9.854      9.920    29.8167    29.8170   5.882669   5.882921     3.1258     2.6508      26.03   26.99480  -80.00254    0.00039   -0.00072          3  0.000e+00
      22037    918.167      9.869      9.935    29.8167    29.8175   5.882709   5.882993     3.1258     2.6508      26.03   26.99480  -80.00254    0.00047   -0.00085          3  0.000e+00
      22038    918.208      9.854      9.920    29.8159    29.8176   5.882646   5.883049     3.1258     2.6508      26.03   26.99480  -80.00254    0.00055   -0.00098          3  0.000e+00
      22039    918.250      9.930      9.996    29.8154    29.8179   5.882582   5.883025     3.1258     2.6520      26.03   26.99480  -80.00254    0.00064   -0.00107          3  0.000e+00
      22040    918.292      9.854      9.920    29.8148    29.8176   5.882534   5.883017     3.1258     2.6520      26.06   26.99480  -80.00254    0.00070   -0.00116          3  0.000e+00
      22041    918.333      9.869      9.935    29.8148    29.8177   5.882487   5.883017     3.1270     2.6520      26.03   26.99480  -80.00254    0.00079   -0.00124          3  0.000e+00
      22042    918.375      9.907      9.973    29.8142    29.8174   5.882511   5.883017     3.1258     2.6520      26.03   26.99480  -80.00254    0.00084   -0.00133          3  0.000e+00
      22043    918.417      9.854      9.920    29.8144    29.8173   5.882455   5.882977     3.1258     2.6520      26.03   26.99480  -80.00254    0.00089   -0.00141          3  0.000e+00
      22044    918.458      9.930      9.996    29.8141    29.8171   5.882463   5.882969     3.1270     2.6520      26.06   26.99480  -80.00254    0.00095   -0.00149          3  0.000e+00
      22045    918.500      9.854      9.920    29.8142    29.8170   5.882479   5.882929     3.1270     2.6520      26.06   26.99480  -80.00254    0.00102   -0.00157          3  0.000e+00
      22046    918.542      9.930      9.996    29.8142    29.8167   5.882439   5.882953     3.1270     2.6532      26.06   26.99480  -80.00254    0.00108   -0.00163          3  0.000e+00
      22047    918.583      9.907      9.973    29.8142    29.8168   5.882463   5.882929     3.1270     2.6532      26.06   26.99480  -80.00254    0.00115   -0.00169          3  0.000e+00
      22048    918.625      9.816      9.882    29.8142    29.8170   5.882439   5.882921     3.1270     2.6532      26.08   26.99480  -80.00254    0.00120   -0.00175          3  0.000e+00
      22049    918.667      9.967     10.034    29.8141    29.8165   5.882463   5.882921     3.1270     2.6532      26.06   26.99480  -80.00254    0.00124   -0.00180          3  0.000e+00
      22050    918.708      9.869      9.935    29.8141    29.8164   5.882439   5.882880     3.1270     2.6532      26.06   26.99480  -80.00254    0.00129   -0.00188          3  0.000e+00
      22051    918.750      9.854      9.920    29.8144    29.8162   5.882431   5.882905     3.1270     2.6532      26.08   26.99480  -80.00254    0.00134   -0.00195          3  0.000e+00
      22052    918.792      9.982     10.049    29.8144    29.8163   5.882503   5.882921     3.1270     2.6520      26.06   26.99480  -80.00254    0.00138   -0.00203          3  0.000e+00
      22053    918.833      9.854      9.920    29.8146    29.8160   5.882455   5.882880     3.1270     2.6532      26.06   26.99480  -80.00254    0.00142   -0.00210          3  0.000e+00
      22054    918.875      9.869      9.935    29.8146    29.8163   5.882503   5.882832     3.1270     2.6520      26.06   26.99480  -80.00254    0.00145   -0.00219          3  0.000e+00
      22055    918.917      9.907      9.973    29.8148    29.8162   5.882527   5.882856     3.1282     2.6520      26.06   26.99480  -80.00254    0.00149   -0.00227          3  0.000e+00
      22056    918.958      9.930      9.996    29.8150    29.8157   5.882558   5.882872     3.1270     2.6520      26.08   26.99480  -80.00254    0.00151   -0.00235          3  0.000e+00
      22057    919.000      9.854      9.920    29.8154    29.8154   5.882574   5.882840     3.1282     2.6520      26.06   26.99480  -80.00254    0.00154   -0.00244          3  0.000e+00
      22058    919.042      9.930      9.996    29.8154    29.8153   5.882606   5.882784     3.1270     2.6520      26.06   26.99480  -80.00254    0.00154   -0.00251          3  0.000e+00
      22059    919.083      9.907      9.973    29.8157    29.8157   5.882582   5.882848     3.1282     2.6520      26.06   26.99480  -80.00254    0.00156   -0.00259          3  0.000e+00
      22060    919.125      9.907      9.973    29.8155    29.8162   5.882574   5.882872     3.1270     2.6520      26.06   26.99480  -80.00254    0.00156   -0.00267          3  0.000e+00
      22061    919.167      9.930      9.996    29.8155    29.8166   5.882606   5.882905     3.1270     2.6520      26.06   26.99480  -80.00254    0.00155   -0.00274          3  0.000e+00
      22062    919.208      9.854      9.920    29.8155    29.8167   5.882622   5.882921     3.1270     2.6520      26.06   26.99480  -80.00254    0.00155   -0.00282          3  0.000e+00
      22063    919.250      9.930      9.996    29.8157    29.8166   5.882582   5.882921     3.1270     2.6520      26.06   26.99480  -80.00254    0.00155   -0.00287          3  0.000e+00
      22064    919.292      9.907      9.973    29.8157    29.8167   5.882606   5.882921     3.1270     2.6532      26.06   26.99480  -80.00254    0.00152   -0.00291          3  0.000e+00
      22065    919.333      9.869      9.935    29.8154    29.8170   5.882582   5.882921     3.1270     2.6520      26.08   26.99480  -80.00254    0.00150   -0.00296          3  0.000e+00
      22066    919.375      9.967     10.034    29.8157    29.8170   5.882574   5.882953     3.1270     2.6532      26.06   26.99480  -80.00254    0.00147   -0.00299          3  0.000e+00
      22067    919.417      9.869      9.935    29.8157    29.8171   5.882606   5.882969     3.1270     2.6532      26.06   26.99480  -80.00254    0.00144   -0.00301          3  0.000e+00
      22068    919.458      9.907      9.973    29.8157    29.8170   5.882550   5.882929     3.1270     2.6532      26.06   26.99480  -80.00254    0.00139   -0.00302          3  0.000e+00
      22069    919.500      9.930      9.996    29.8157    29.8170   5.882598   5.882953     3.1258     2.6545      26.03   26.99480  -80.00254    0.00132   -0.00301          3  0.000e+00
      22070    919.542      9.907      9.973    29.8155    29.8170   5.882582   5.882929     3.1270     2.6545      26.03   26.99480  -80.00254    0.00129   -0.00300          3  0.000e+00
      22071    919.583      9.930      9.996    29.8154    29.8170   5.882574   5.882993     3.1270     2.6545      26.03   26.99480  -80.00254    0.00125   -0.00299          3  0.000e+00
      22072    919.625      9.854      9.920    29.8155    29.8171   5.882534   5.882985     3.1270     2.6545      26.03   26.99480  -80.00254    0.00121   -0.00298          3  0.000e+00
      22073    919.667      9.930      9.996    29.8152    29.8170   5.882527   5.883001     3.1270     2.6557      26.03   26.99480  -80.00254    0.00119   -0.00293          3  0.000e+00
      22074    919.708      9.907      9.973    29.8150    29.8171   5.882487   5.882945     3.1270     2.6557      26.01   26.99480  -80.00254    0.00116   -0.00288          3  0.000e+00
      22075    919.750      9.816      9.881    29.8148    29.8170   5.882511   5.882953     3.1270     2.6557      26.03   26.99480  -80.00254    0.00114   -0.00283          3  0.000e+00
      22076    919.792     10.020     10.087    29.8146    29.8171   5.882487   5.882929     3.1258     2.6557      26.01   26.99480  -80.00254    0.00110   -0.00278          3  0.000e+00
      22077    919.833      9.854      9.920    29.8144    29.8170   5.882479   5.882993     3.1270     2.6557      26.01   26.99480  -80.00254    0.00107   -0.00272          3  0.000e+00
      22078    919.875      9.930      9.996    29.8142    29.8171   5.882511   5.883017     3.1258     2.6557      26.03   26.99480  -80.00254    0.00102   -0.00267          3  0.000e+00
