Gulf of Mexico/GOMECC-4/1db/rb2103_1251.ros
* Sea-Bird SBE 9 Data File:
* FileName = C:\Users\scs.user.rb\CTD\GOMECC4\data\rb2103_1251.hex
* Software Version Seasave V 7.26.7.107
* Temperature SN = 4799
* Conductivity SN = 3860
* Number of Bytes Per Scan = 41
* Number of Voltage Words = 4
* Number of Scans Averaged by the Deck Unit = 1
* NMEA Latitude = 26 35.79 N
* NMEA Longitude = 082 41.74 W
* NMEA UTC (Time) = Oct 19 2021  05:19:27
* NMEA baud rate = 4800
# nquan = 17
# nvalues = 266                                   
# units = specified
# name 0 = scan: Scan Count
# name 1 = timeS: Time, Elapsed [seconds]
# name 2 = depSM: Depth [salt water, m]
# name 3 = prDM: Pressure, Digiquartz [db]
# name 4 = t090C: Temperature [ITS-90, deg C]
# name 5 = t190C: Temperature, 2 [ITS-90, deg C]
# name 6 = c0S/m: Conductivity [S/m]
# name 7 = c1S/m: Conductivity, 2 [S/m]
# name 8 = sbeox0V: Oxygen raw, SBE 43 [V]
# name 9 = sbeox1V: Oxygen raw, SBE 43, 2 [V]
# name 10 = altM: Altimeter [m]
# name 11 = latitude: Latitude [deg]
# name 12 = longitude: Longitude [deg]
# name 13 = sbox0dV/dT: Oxygen, SBE 43 [dov/dt]
# name 14 = sbox1dV/dT: Oxygen, SBE 43, 2 [dov/dt]
# name 15 = nbf: Bottles Fired
# name 16 = flag:  0.000e+00
# interval = seconds: 0.0416667
# start_time = Oct 19 2021 05:19:27 [NMEA time, header]
# bad_flag = -9.990e-29
*END*
[from data line 171]
      12525    521.833      3.353      3.375    28.6204    28.6361   5.806193   5.810567     3.1306     2.6435      22.17   26.59770  -82.69584   -0.00062    0.00061          2  0.000e+00
      12526    521.875      3.400      3.423    28.6213    28.6361   5.806549   5.810511     3.1306     2.6435      22.17   26.59770  -82.69584   -0.00062    0.00052          2  0.000e+00
      12527    521.917      3.353      3.375    28.6218    28.6362   5.806714   5.810479     3.1306     2.6435      22.20   26.59770  -82.69584   -0.00062    0.00042          2  0.000e+00
      12528    521.958      3.400      3.423    28.6226    28.6362   5.806786   5.810527     3.1306     2.6435      22.17   26.59770  -82.69584   -0.00060    0.00033          2  0.000e+00
      12529    522.000      3.400      3.423    28.6224    28.6364   5.806825   5.810623     3.1306     2.6435      22.17   26.59770  -82.69584   -0.00058    0.00024          2  0.000e+00
      12530    522.042      3.455      3.477    28.6226    28.6367   5.806793   5.810623     3.1306     2.6435      22.20   26.59770  -82.69584   -0.00056    0.00016          2  0.000e+00
      12531    522.083      3.400      3.423    28.6226    28.6366   5.806746   5.810639     3.1306     2.6435      22.17   26.59770  -82.69584   -0.00054    0.00009          2  0.000e+00
      12532    522.125      3.400      3.423    28.6220    28.6364   5.806572   5.810647     3.1306     2.6435      22.17   26.59770  -82.69584   -0.00052    0.00001          2  0.000e+00
      12533    522.167      3.455      3.477    28.6217    28.6368   5.806501   5.810663     3.1306     2.6435      22.17   26.59770  -82.69584   -0.00050   -0.00005          2  0.000e+00
      12534    522.208      3.400      3.423    28.6217    28.6368   5.806430   5.810791     3.1319     2.6435      22.17   26.59770  -82.69584   -0.00046   -0.00011          2  0.000e+00
      12535    522.250      3.455      3.477    28.6215    28.6370   5.806407   5.810791     3.1319     2.6435      22.17   26.59770  -82.69584   -0.00041   -0.00017          2  0.000e+00
      12536    522.292      3.455      3.477    28.6217    28.6368   5.806525   5.810807     3.1319     2.6435      22.17   26.59770  -82.69584   -0.00037   -0.00023          2  0.000e+00
      12537    522.333      3.448      3.471    28.6227    28.6369   5.806833   5.810791     3.1319     2.6435      22.17   26.59770  -82.69584   -0.00032   -0.00027          2  0.000e+00
      12538    522.375      3.455      3.477    28.6248    28.6370   5.807315   5.810783     3.1319     2.6435      22.17   26.59770  -82.69584   -0.00026   -0.00031          2  0.000e+00
      12539    522.417      3.455      3.477    28.6249    28.6368   5.807662   5.810735     3.1319     2.6435      22.17   26.59770  -82.69584   -0.00023   -0.00035          2  0.000e+00
      12540    522.458      3.455      3.477    28.6257    28.6370   5.807844   5.810839     3.1331     2.6435      22.17   26.59770  -82.69584   -0.00016   -0.00037          2  0.000e+00
      12541    522.500      3.502      3.525    28.6260    28.6373   5.807970   5.810879     3.1331     2.6435      22.17   26.59770  -82.69584   -0.00009   -0.00040          2  0.000e+00
      12542    522.542      3.455      3.477    28.6266    28.6377   5.808191   5.810967     3.1319     2.6447      22.17   26.59770  -82.69584   -0.00003   -0.00040          2  0.000e+00
      12543    522.583      3.455      3.477    28.6281    28.6375   5.808578   5.811048     3.1319     2.6447      22.17   26.59770  -82.69584    0.00002   -0.00040          2  0.000e+00
      12544    522.625      3.455      3.477    28.6303    28.6380   5.809004   5.811072     3.1319     2.6447      22.17   26.59770  -82.69584    0.00007   -0.00041          2  0.000e+00
      12545    522.667      3.495      3.518    28.6315    28.6383   5.809438   5.811160     3.1331     2.6435      22.20   26.59770  -82.69584    0.00014   -0.00043          2  0.000e+00
      12546    522.708      3.455      3.477    28.6325    28.6384   5.809644   5.811096     3.1319     2.6435      22.17   26.59770  -82.69584    0.00020   -0.00045          2  0.000e+00
      12547    522.750      3.455      3.477    28.6330    28.6379   5.809754   5.811072     3.1331     2.6435      22.17   26.59770  -82.69584    0.00027   -0.00048          2  0.000e+00
      12548    522.792      3.502      3.525    28.6334    28.6375   5.809889   5.810943     3.1319     2.6435      22.17   26.59770  -82.69584    0.00032   -0.00052          2  0.000e+00
      12549    522.833      3.400      3.423    28.6337    28.6375   5.809960   5.810879     3.1331     2.6435      22.20   26.59770  -82.69584    0.00039   -0.00056          2  0.000e+00
      12550    522.875      3.502      3.525    28.6339    28.6377   5.810007   5.810951     3.1331     2.6435      22.22   26.59770  -82.69584    0.00046   -0.00059          2  0.000e+00
      12551    522.917      3.455      3.477    28.6340    28.6373   5.810054   5.810951     3.1331     2.6447      22.22   26.59770  -82.69584    0.00053   -0.00061          2  0.000e+00
      12552    522.958      3.455      3.477    28.6345    28.6373   5.809999   5.810855     3.1331     2.6447      22.22   26.59770  -82.69584    0.00060   -0.00063          2  0.000e+00
      12553    523.000      3.455      3.477    28.6345    28.6375   5.809928   5.810975     3.1331     2.6435      22.22   26.59770  -82.69584    0.00065   -0.00066          2  0.000e+00
      12554    523.042      3.448      3.471    28.6336    28.6377   5.809817   5.810999     3.1331     2.6447      22.22   26.59770  -82.69584    0.00070   -0.00070          2  0.000e+00
      12555    523.083      3.400      3.423    28.6335    28.6381   5.809786   5.811015     3.1331     2.6447      22.22   26.59770  -82.69584    0.00075   -0.00074          2  0.000e+00
      12556    523.125      3.400      3.423    28.6334    28.6388   5.809817   5.811200     3.1331     2.6447      22.22   26.59770  -82.69584    0.00081   -0.00077          2  0.000e+00
      12557    523.167      3.502      3.525    28.6334    28.6394   5.809865   5.811264     3.1343     2.6447      22.22   26.59770  -82.69584    0.00088   -0.00081          2  0.000e+00
      12558    523.208      3.400      3.423    28.6332    28.6400   5.809833   5.811312     3.1331     2.6447      22.22   26.59770  -82.69584    0.00093   -0.00084          2  0.000e+00
      12559    523.250      3.400      3.423    28.6332    28.6401   5.809612   5.811424     3.1343     2.6447      22.22   26.59770  -82.69584    0.00099   -0.00086          2  0.000e+00
      12560    523.292      3.400      3.423    28.6332    28.6399   5.809399   5.811488     3.1343     2.6447      22.22   26.59770  -82.69584    0.00105   -0.00090          2  0.000e+00
      12561    523.333      3.353      3.375    28.6319    28.6398   5.809312   5.811480     3.1343     2.6447      22.22   26.59770  -82.69584    0.00111   -0.00092          2  0.000e+00
      12562    523.375      3.400      3.423    28.6308    28.6392   5.809265   5.811352     3.1343     2.6447      22.25   26.59770  -82.69584    0.00117   -0.00094          2  0.000e+00
      12563    523.417      3.353      3.375    28.6312    28.6375   5.809257   5.811087     3.1343     2.6435      22.22   26.59770  -82.69584    0.00123   -0.00098          2  0.000e+00
      12564    523.458      3.353      3.375    28.6310    28.6374   5.809170   5.810895     3.1355     2.6435      22.22   26.59770  -82.69584    0.00131   -0.00101          2  0.000e+00
      12565    523.500      3.353      3.375    28.6305    28.6372   5.808941   5.810799     3.1343     2.6435      22.25   26.59770  -82.69584    0.00137   -0.00105          2  0.000e+00
      12566    523.542      3.306      3.328    28.6297    28.6370   5.808586   5.810783     3.1343     2.6435      22.22   26.59770  -82.69584    0.00141   -0.00109          2  0.000e+00
      12567    523.583      3.306      3.328    28.6290    28.6372   5.808175   5.810831     3.1343     2.6422      22.22   26.59770  -82.69584    0.00144   -0.00112          2  0.000e+00
      12568    523.625      3.306      3.328    28.6275    28.6370   5.807741   5.810871     3.1355     2.6422      22.22   26.59770  -82.69584    0.00150   -0.00116          2  0.000e+00
      12569    523.667      3.258      3.280    28.6262    28.6368   5.807662   5.810879     3.1355     2.6422      22.22   26.59770  -82.69584    0.00155   -0.00119          2  0.000e+00
      12570    523.708      3.299      3.321    28.6266    28.6368   5.807607   5.810831     3.1355     2.6410      22.22   26.59770  -82.69584    0.00160   -0.00124          2  0.000e+00
      12571    523.750      3.258      3.280    28.6264    28.6365   5.807622   5.810791     3.1355     2.6410      22.25   26.59770  -82.69584    0.00164   -0.00129          2  0.000e+00
      12572    523.792      3.258      3.280    28.6262    28.6366   5.807638   5.810783     3.1355     2.6410      22.22   26.59770  -82.69584    0.00169   -0.00133          2  0.000e+00
      12573    523.833      3.204      3.225    28.6264    28.6368   5.807638   5.810735     3.1355     2.6398      22.30   26.59770  -82.69584    0.00173   -0.00140          2  0.000e+00
      12574    523.875      3.204      3.225    28.6262    28.6370   5.807693   5.810735     3.1355     2.6398      22.32   26.59770  -82.69584    0.00178   -0.00144          2  0.000e+00
      12575    523.917      3.204      3.225    28.6260    28.6362   5.807804   5.810559     3.1355     2.6398      22.32   26.59770  -82.69584    0.00180   -0.00148          2  0.000e+00
      12576    523.958      3.204      3.225    28.6264    28.6359   5.807938   5.810479     3.1355     2.6386      22.32   26.59770  -82.69584    0.00182   -0.00154          2  0.000e+00
      12577    524.000      3.157      3.178    28.6268    28.6359   5.807978   5.810455     3.1355     2.6386      22.30   26.59770  -82.69584    0.00184   -0.00159          2  0.000e+00
      12578    524.042      3.197      3.219    28.6266    28.6359   5.807938   5.810527     3.1355     2.6386      22.30   26.59770  -82.69584    0.00185   -0.00164          2  0.000e+00
      12579    524.083      3.157      3.178    28.6264    28.6356   5.807906   5.810527     3.1355     2.6386      22.32   26.59770  -82.69584    0.00189   -0.00169          2  0.000e+00
      12580    524.125      3.157      3.178    28.6266    28.6355   5.807883   5.810471     3.1368     2.6386      22.32   26.59770  -82.69584    0.00192   -0.00172          2  0.000e+00
      12581    524.167      3.157      3.178    28.6264    28.6361   5.807914   5.810487     3.1355     2.6386      22.30   26.59770  -82.69584    0.00193   -0.00175          2  0.000e+00
      12582    524.208      3.157      3.178    28.6266    28.6359   5.807891   5.810519     3.1355     2.6386      22.32   26.59770  -82.69584    0.00195   -0.00177          2  0.000e+00
      12583    524.250      3.109      3.130    28.6264    28.6359   5.807685   5.810471     3.1355     2.6386      22.32   26.59770  -82.69584    0.00198   -0.00179          2  0.000e+00
      12584    524.292      3.157      3.178    28.6262    28.6357   5.807488   5.810487     3.1355     2.6386      22.32   26.59770  -82.69584    0.00200   -0.00181          2  0.000e+00
      12585    524.333      3.157      3.178    28.6257    28.6355   5.807449   5.810447     3.1355     2.6386      22.32   26.59770  -82.69584    0.00200   -0.00182          2  0.000e+00
      12586    524.375      3.150      3.171    28.6249    28.6356   5.807338   5.810407     3.1355     2.6386      22.30   26.59770  -82.69584    0.00202   -0.00184          2  0.000e+00
      12587    524.417      3.109      3.130    28.6242    28.6357   5.807235   5.810439     3.1355     2.6386      22.32   26.59770  -82.69584    0.00204   -0.00184          2  0.000e+00
      12588    524.458      3.109      3.130    28.6244    28.6355   5.807259   5.810431     3.1355     2.6386      22.32   26.59770  -82.69584    0.00205   -0.00185          2  0.000e+00
      12589    524.500      3.157      3.178    28.6240    28.6355   5.807188   5.810447     3.1355     2.6386      22.30   26.59770  -82.69584    0.00207   -0.00185          2  0.000e+00
      12590    524.542      3.109      3.130    28.6242    28.6355   5.807093   5.810415     3.1355     2.6386      22.30   26.59770  -82.69584    0.00208   -0.00185          2  0.000e+00
      12591    524.583      3.109      3.130    28.6235    28.6357   5.807101   5.810455     3.1343     2.6386      22.32   26.59770  -82.69584    0.00207   -0.00185          2  0.000e+00
      12592    524.625      3.157      3.178    28.6235    28.6357   5.807133   5.810527     3.1355     2.6386      22.32   26.59770  -82.69584    0.00208   -0.00187          2  0.000e+00
      12593    524.667      3.157      3.178    28.6237    28.6362   5.807188   5.810623     3.1343     2.6386      22.30   26.59770  -82.69584    0.00207   -0.00186          2  0.000e+00
      12594    524.708      3.150      3.171    28.6240    28.6359   5.807243   5.810623     3.1343     2.6386      22.32   26.59770  -82.69584    0.00204   -0.00185          2  0.000e+00
      12595    524.750      3.109      3.130    28.6242    28.6361   5.807259   5.810599     3.1331     2.6374      22.30   26.59770  -82.69584    0.00200   -0.00187          2  0.000e+00
      12596    524.792      3.157      3.178    28.6246    28.6359   5.807433   5.810599     3.1343     2.6374      22.25   26.59770  -82.69584    0.00199   -0.00189          2  0.000e+00
      12597    524.833      3.157      3.178    28.6257    28.6361   5.807835   5.810543     3.1343     2.6374      22.22   26.59770  -82.69584    0.00196   -0.00191          2  0.000e+00
      12598    524.875      3.157      3.178    28.6266    28.6362   5.808143   5.810647     3.1343     2.6374      22.22   26.59770  -82.69584    0.00194   -0.00192          2  0.000e+00
      12599    524.917      3.157      3.178    28.6273    28.6364   5.808428   5.810727     3.1343     2.6374      22.22   26.59770  -82.69584    0.00192   -0.00195          2  0.000e+00
      12600    524.958      3.157      3.178    28.6286    28.6364   5.808570   5.810687     3.1343     2.6374      22.22   26.59770  -82.69584    0.00190   -0.00197          2  0.000e+00
      12601    525.000      3.204      3.225    28.6286    28.6365   5.808554   5.810647     3.1343     2.6386      22.22   26.59770  -82.69584    0.00187   -0.00198          2  0.000e+00
      12602    525.042      3.150      3.171    28.6288    28.6366   5.808459   5.810647     3.1331     2.6386      22.22   26.59770  -82.69584    0.00183   -0.00199          2  0.000e+00
      12603    525.083      3.204      3.225    28.6297    28.6368   5.808870   5.810735     3.1331     2.6386      22.25   26.59770  -82.69584    0.00179   -0.00199          2  0.000e+00
      12604    525.125      3.204      3.225    28.6314    28.6368   5.809304   5.810887     3.1331     2.6386      22.22   26.59770  -82.69584    0.00173   -0.00199          2  0.000e+00
      12605    525.167      3.204      3.225    28.6317    28.6373   5.809549   5.810999     3.1331     2.6398      22.22   26.59770  -82.69584    0.00167   -0.00199          2  0.000e+00
      12606    525.208      3.204      3.225    28.6329    28.6368   5.809841   5.810967     3.1331     2.6398      22.25   26.59770  -82.69584    0.00160   -0.00198          2  0.000e+00
      12607    525.250      3.204      3.225    28.6335    28.6368   5.809999   5.810855     3.1319     2.6398      22.25   26.59770  -82.69584    0.00152   -0.00196          2  0.000e+00
      12608    525.292      3.258      3.280    28.6341    28.6369   5.810117   5.810863     3.1319     2.6386      22.22   26.59770  -82.69584    0.00144   -0.00195          2  0.000e+00
