Gulf of Mexico/GOMECC-4/1db/rb2103_1121.ros
* Sea-Bird SBE 9 Data File:
* FileName = C:\Users\scs.user.rb\CTD\GOMECC4\data\rb2103_1121.hex
* Software Version Seasave V 7.26.7.107
* Temperature SN = 4799
* Conductivity SN = 3860
* Number of Bytes Per Scan = 41
* Number of Voltage Words = 4
* Number of Scans Averaged by the Deck Unit = 1
* NMEA Latitude = 22 15.23 N
* NMEA Longitude = 086 48.60 W
* NMEA UTC (Time) = Oct 15 2021  11:26:45
* NMEA baud rate = 4800
# nquan = 17
# nvalues = 1330                                  
# units = specified
# name 0 = scan: Scan Count
# name 1 = timeS: Time, Elapsed [seconds]
# name 2 = depSM: Depth [salt water, m]
# name 3 = prDM: Pressure, Digiquartz [db]
# name 4 = t090C: Temperature [ITS-90, deg C]
# name 5 = t190C: Temperature, 2 [ITS-90, deg C]
# name 6 = c0S/m: Conductivity [S/m]
# name 7 = c1S/m: Conductivity, 2 [S/m]
# name 8 = sbeox0V: Oxygen raw, SBE 43 [V]
# name 9 = sbeox1V: Oxygen raw, SBE 43, 2 [V]
# name 10 = altM: Altimeter [m]
# name 11 = latitude: Latitude [deg]
# name 12 = longitude: Longitude [deg]
# name 13 = sbox0dV/dT: Oxygen, SBE 43 [dov/dt]
# name 14 = sbox1dV/dT: Oxygen, SBE 43, 2 [dov/dt]
# name 15 = nbf: Bottles Fired
# name 16 = flag:  0.000e+00
# interval = seconds: 0.0416667
# start_time = Oct 15 2021 11:26:45 [NMEA time, header]
# bad_flag = -9.990e-29
*END*
      16810    700.375    127.626    128.469    17.0575    17.0615   4.648948   4.649479     2.1001     1.7546       5.01   22.25398  -86.81028    0.00004   -0.00007          1  0.000e+00
      16811    700.417    128.155    129.001    17.0573    17.0613   4.648970   4.649435     2.1001     1.7534       5.01   22.25398  -86.81028    0.00002   -0.00008          1  0.000e+00
      16812    700.458    127.871    128.714    17.0575    17.0613   4.648970   4.649420     2.1001     1.7534       5.01   22.25398  -86.81028   -0.00001   -0.00009          1  0.000e+00
      16813    700.500    127.871    128.714    17.0575    17.0608   4.648977   4.649420     2.1001     1.7546       5.01   22.25398  -86.81028   -0.00003   -0.00008          1  0.000e+00
      16814    700.542    127.871    128.714    17.0575    17.0607   4.648948   4.649398     2.1001     1.7534       5.01   22.25398  -86.81028   -0.00006   -0.00009          1  0.000e+00
      16815    700.583    127.871    128.714    17.0578    17.0608   4.648970   4.649391     2.1001     1.7534       5.01   22.25398  -86.81028   -0.00008   -0.00010          1  0.000e+00
      16816    700.625    127.871    128.714    17.0577    17.0612   4.648941   4.649413     2.1001     1.7546       5.01   22.25398  -86.81028   -0.00009   -0.00009          1  0.000e+00
      16817    700.667    127.871    128.714    17.0573    17.0619   4.648912   4.649457     2.1001     1.7534       5.01   22.25398  -86.81028   -0.00010   -0.00010          1  0.000e+00
      16818    700.708    127.871    128.714    17.0573    17.0619   4.648963   4.649406     2.1001     1.7546       5.01   22.25398  -86.81028   -0.00010   -0.00009          1  0.000e+00
      16819    700.750    127.871    128.714    17.0571    17.0617   4.649006   4.649391     2.1001     1.7546       5.01   22.25398  -86.81028   -0.00011   -0.00009          1  0.000e+00
      16820    700.792    127.857    128.701    17.0575    17.0620   4.648991   4.649500     2.1001     1.7534       5.01   22.25398  -86.81028   -0.00012   -0.00010          1  0.000e+00
      16821    700.833    127.870    128.714    17.0573    17.0617   4.648970   4.649486     2.1001     1.7534       5.01   22.25398  -86.81028   -0.00012   -0.00011          1  0.000e+00
      16822    700.875    127.870    128.714    17.0574    17.0617   4.649035   4.649471     2.1001     1.7534       5.01   22.25398  -86.81028   -0.00014   -0.00012          1  0.000e+00
      16823    700.917    127.870    128.714    17.0575    17.0615   4.649063   4.649435     2.1001     1.7534       5.01   22.25398  -86.81028   -0.00015   -0.00011          1  0.000e+00
      16824    700.958    127.870    128.714    17.0580    17.0617   4.649063   4.649428     2.1001     1.7534       5.01   22.25398  -86.81028   -0.00015   -0.00012          1  0.000e+00
      16825    701.000    127.823    128.667    17.0580    17.0620   4.649063   4.649486     2.1001     1.7534       5.01   22.25398  -86.81028   -0.00016   -0.00013          1  0.000e+00
      16826    701.042    127.870    128.714    17.0582    17.0617   4.649020   4.649479     2.1001     1.7534       5.01   22.25398  -86.81028   -0.00016   -0.00014          1  0.000e+00
      16827    701.083    127.823    128.667    17.0582    17.0617   4.649013   4.649435     2.1001     1.7534       5.01   22.25398  -86.81028   -0.00018   -0.00015          1  0.000e+00
      16828    701.125    127.870    128.714    17.0583    17.0616   4.649020   4.649486     2.1001     1.7534       5.01   22.25398  -86.81028   -0.00019   -0.00016          1  0.000e+00
      16829    701.167    127.809    128.653    17.0583    17.0613   4.649049   4.649471     2.1001     1.7534       5.01   22.25398  -86.81028   -0.00021   -0.00017          1  0.000e+00
      16830    701.208    127.870    128.714    17.0582    17.0617   4.649020   4.649493     2.1001     1.7534       5.01   22.25398  -86.81028   -0.00021   -0.00018          1  0.000e+00
      16831    701.250    127.823    128.667    17.0582    17.0619   4.649013   4.649479     2.1001     1.7534       5.01   22.25398  -86.81028   -0.00021   -0.00019          1  0.000e+00
      16832    701.292    127.823    128.667    17.0580    17.0617   4.649020   4.649435     2.1001     1.7534       5.01   22.25398  -86.81028   -0.00022   -0.00020          1  0.000e+00
      16833    701.333    127.823    128.667    17.0583    17.0615   4.649049   4.649428     2.1001     1.7534       5.01   22.25398  -86.81028   -0.00022   -0.00021          1  0.000e+00
      16834    701.375    127.823    128.667    17.0583    17.0615   4.649063   4.649428     2.1001     1.7534       5.01   22.25398  -86.81028   -0.00024   -0.00021          1  0.000e+00
      16835    701.417    127.870    128.714    17.0585    17.0612   4.649085   4.649428     2.1001     1.7534       5.01   22.25398  -86.81028   -0.00024   -0.00021          1  0.000e+00
      16836    701.458    127.775    128.619    17.0581    17.0613   4.649070   4.649486     2.1001     1.7534       5.01   22.25398  -86.81028   -0.00024   -0.00022          1  0.000e+00
      16837    701.500    127.823    128.666    17.0583    17.0610   4.649063   4.649479     2.1013     1.7534       5.01   22.25398  -86.81028   -0.00024   -0.00022          1  0.000e+00
      16838    701.542    127.809    128.653    17.0582    17.0613   4.649121   4.649471     2.1001     1.7534       5.01   22.25398  -86.81028   -0.00026   -0.00023          1  0.000e+00
      16839    701.583    127.775    128.619    17.0585    17.0617   4.649099   4.649493     2.1001     1.7534       5.01   22.25398  -86.81028   -0.00028   -0.00024          1  0.000e+00
      16840    701.625    127.823    128.666    17.0585    17.0615   4.649128   4.649508     2.1001     1.7534       5.01   22.25398  -86.81028   -0.00030   -0.00023          1  0.000e+00
      16841    701.667    127.775    128.619    17.0587    17.0619   4.649106   4.649442     2.1013     1.7534       5.03   22.25398  -86.81028   -0.00029   -0.00022          1  0.000e+00
      16842    701.708    127.823    128.666    17.0590    17.0617   4.649157   4.649428     2.1001     1.7534       5.08   22.25398  -86.81028   -0.00031   -0.00021          1  0.000e+00
      16843    701.750    127.775    128.619    17.0590    17.0613   4.649150   4.649398     2.1001     1.7534       5.08   22.25398  -86.81028   -0.00031   -0.00020          1  0.000e+00
      16844    701.792    127.775    128.619    17.0590    17.0609   4.649135   4.649391     2.1013     1.7534       5.08   22.25398  -86.81028   -0.00031   -0.00021          1  0.000e+00
      16845    701.833    127.823    128.666    17.0592    17.0610   4.649164   4.649413     2.1013     1.7534       5.08   22.25398  -86.81028   -0.00031   -0.00020          1  0.000e+00
      16846    701.875    127.755    128.598    17.0592    17.0610   4.649207   4.649420     2.1013     1.7534       5.08   22.25398  -86.81028   -0.00031   -0.00021          1  0.000e+00
      16847    701.917    127.775    128.619    17.0590    17.0610   4.649185   4.649457     2.1013     1.7534       5.08   22.25398  -86.81028   -0.00032   -0.00020          1  0.000e+00
      16848    701.958    127.775    128.619    17.0594    17.0612   4.649178   4.649435     2.1001     1.7534       5.08   22.25398  -86.81028   -0.00032   -0.00019          1  0.000e+00
      16849    702.000    127.775    128.619    17.0592    17.0612   4.649200   4.649457     2.1013     1.7534       5.08   22.25398  -86.81028   -0.00032   -0.00018          1  0.000e+00
      16850    702.042    127.775    128.619    17.0594    17.0613   4.649185   4.649493     2.1013     1.7534       5.08   22.25398  -86.81028   -0.00032   -0.00016          1  0.000e+00
      16851    702.083    127.775    128.619    17.0595    17.0615   4.649207   4.649479     2.1013     1.7534       5.08   22.25398  -86.81028   -0.00031   -0.00015          1  0.000e+00
      16852    702.125    127.775    128.619    17.0595    17.0612   4.649185   4.649471     2.1013     1.7534       5.08   22.25398  -86.81028   -0.00031   -0.00014          1  0.000e+00
      16853    702.167    127.721    128.564    17.0595    17.0615   4.649200   4.649493     2.1013     1.7534       5.08   22.25398  -86.81028   -0.00030   -0.00013          1  0.000e+00
      16854    702.208    127.775    128.619    17.0594    17.0615   4.649185   4.649530     2.1013     1.7546       5.08   22.25398  -86.81028   -0.00030   -0.00010          1  0.000e+00
      16855    702.250    127.755    128.598    17.0595    17.0620   4.649207   4.649573     2.1013     1.7534       5.08   22.25398  -86.81028   -0.00029   -0.00009          1  0.000e+00
      16856    702.292    127.775    128.619    17.0595    17.0619   4.649243   4.649522     2.1013     1.7534       5.08   22.25398  -86.81028   -0.00028   -0.00007          1  0.000e+00
      16857    702.333    127.721    128.564    17.0595    17.0622   4.649229   4.649566     2.1013     1.7534       5.08   22.25398  -86.81028   -0.00028   -0.00006          1  0.000e+00
      16858    702.375    127.721    128.564    17.0597    17.0624   4.649214   4.649588     2.1013     1.7534       5.08   22.25398  -86.81028   -0.00027   -0.00005          1  0.000e+00
      16859    702.417    127.775    128.619    17.0595    17.0625   4.649214   4.649610     2.1013     1.7546       5.08   22.25398  -86.81028   -0.00025   -0.00002          1  0.000e+00
      16860    702.458    127.721    128.564    17.0599    17.0624   4.649221   4.649595     2.1013     1.7546       5.08   22.25398  -86.81028   -0.00024    0.00002          1  0.000e+00
      16861    702.500    127.721    128.564    17.0595    17.0627   4.649185   4.649551     2.1013     1.7546       5.08   22.25398  -86.81028   -0.00023    0.00003          1  0.000e+00
      16862    702.542    127.775    128.619    17.0599    17.0625   4.649200   4.649573     2.1013     1.7534       5.08   22.25398  -86.81028   -0.00021    0.00002          1  0.000e+00
      16863    702.583    127.721    128.564    17.0595    17.0625   4.649214   4.649551     2.1013     1.7546       5.08   22.25398  -86.81028   -0.00020    0.00006          1  0.000e+00
      16864    702.625    127.708    128.550    17.0597    17.0624   4.649221   4.649573     2.1013     1.7546       5.08   22.25398  -86.81028   -0.00019    0.00009          1  0.000e+00
      16865    702.667    127.775    128.619    17.0594    17.0619   4.649221   4.649522     2.1013     1.7546       5.08   22.25398  -86.81028   -0.00017    0.00012          1  0.000e+00
      16866    702.708    127.721    128.564    17.0596    17.0617   4.649221   4.649530     2.1013     1.7546       5.15   22.25398  -86.81028   -0.00014    0.00015          1  0.000e+00
      16867    702.750    127.721    128.564    17.0595    17.0620   4.649178   4.649486     2.1013     1.7546       5.18   22.25398  -86.81028   -0.00013    0.00016          1  0.000e+00
      16868    702.792    127.721    128.564    17.0595    17.0620   4.649207   4.649522     2.1013     1.7534       5.18   22.25398  -86.81028   -0.00010    0.00016          1  0.000e+00
      16869    702.833    127.775    128.618    17.0594    17.0619   4.649221   4.649515     2.1013     1.7546       5.18   22.25398  -86.81028   -0.00006    0.00017          1  0.000e+00
      16870    702.875    127.674    128.516    17.0594    17.0617   4.649221   4.649508     2.1013     1.7546       5.15   22.25398  -86.81028   -0.00005    0.00018          1  0.000e+00
      16871    702.917    127.775    128.618    17.0595    17.0619   4.649243   4.649530     2.1013     1.7546       5.18   22.25398  -86.81028   -0.00002    0.00019          1  0.000e+00
      16872    702.958    127.707    128.550    17.0597    17.0617   4.649221   4.649515     2.1013     1.7546       5.18   22.25398  -86.81028    0.00001    0.00021          1  0.000e+00
      16873    703.000    127.721    128.564    17.0594    17.0619   4.649185   4.649530     2.1013     1.7546       5.18   22.25398  -86.81028    0.00003    0.00022          1  0.000e+00
      16874    703.042    127.721    128.564    17.0595    17.0616   4.649178   4.649515     2.1013     1.7546       5.18   22.25398  -86.81028    0.00004    0.00023          1  0.000e+00
      16875    703.083    127.721    128.564    17.0597    17.0613   4.649207   4.649566     2.1013     1.7546       5.18   22.25398  -86.81028    0.00006    0.00024          1  0.000e+00
      16876    703.125    127.721    128.564    17.0597    17.0612   4.649178   4.649551     2.1013     1.7546       5.18   22.25398  -86.81028    0.00009    0.00025          1  0.000e+00
      16877    703.167    127.721    128.564    17.0594    17.0612   4.649171   4.649515     2.1026     1.7546       5.18   22.25398  -86.81028    0.00013    0.00026          1  0.000e+00
      16878    703.208    127.721    128.564    17.0595    17.0617   4.649178   4.649566     2.1013     1.7534       5.18   22.25398  -86.81028    0.00014    0.00023          1  0.000e+00
      16879    703.250    127.721    128.564    17.0597    17.0625   4.649207   4.649588     2.1013     1.7546       5.18   22.25398  -86.81028    0.00016    0.00023          1  0.000e+00
      16880    703.292    127.721    128.564    17.0595    17.0641   4.649185   4.649639     2.1026     1.7546       5.18   22.25398  -86.81028    0.00019    0.00023          1  0.000e+00
      16881    703.333    127.755    128.598    17.0595    17.0643   4.649200   4.649632     2.1026     1.7546       5.18   22.25398  -86.81028    0.00024    0.00024          1  0.000e+00
      16882    703.375    127.721    128.564    17.0594    17.0642   4.649185   4.649624     2.1026     1.7546       5.18   22.25398  -86.81028    0.00027    0.00025          1  0.000e+00
      16883    703.417    127.721    128.564    17.0594    17.0636   4.649207   4.649653     2.1013     1.7546       5.18   22.25398  -86.81028    0.00029    0.00026          1  0.000e+00
      16884    703.458    127.721    128.564    17.0595    17.0632   4.649221   4.649632     2.1013     1.7546       5.18   22.25398  -86.81028    0.00030    0.00027          1  0.000e+00
      16885    703.500    127.721    128.564    17.0599    17.0634   4.649221   4.649624     2.1013     1.7546       5.18   22.25398  -86.81028    0.00031    0.00027          1  0.000e+00
      16886    703.542    127.775    128.618    17.0599    17.0632   4.649214   4.649595     2.1013     1.7546       5.18   22.25398  -86.81028    0.00033    0.00028          1  0.000e+00
      16887    703.583    127.721    128.564    17.0599    17.0632   4.649214   4.649646     2.1026     1.7534       5.18   22.25398  -86.81028    0.00036    0.00027          1  0.000e+00
      16888    703.625    127.721    128.564    17.0601    17.0634   4.649221   4.649632     2.1013     1.7534       5.18   22.25398  -86.81028    0.00037    0.00026          1  0.000e+00
      16889    703.667    127.775    128.618    17.0599    17.0637   4.649243   4.649653     2.1013     1.7534       5.15   22.25398  -86.81028    0.00039    0.00025          1  0.000e+00
      16890    703.708    127.707    128.550    17.0601    17.0641   4.649250   4.649690     2.1013     1.7534       5.15   22.25398  -86.81028    0.00038    0.00023          1  0.000e+00
      16891    703.750    127.775    128.618    17.0601    17.0645   4.649250   4.649734     2.1013     1.7534       5.13   22.25398  -86.81028    0.00040    0.00022          1  0.000e+00
      16892    703.792    127.721    128.564    17.0601    17.0648   4.649257   4.649799     2.1013     1.7534       5.13   22.25398  -86.81028    0.00039    0.00021          1  0.000e+00
      16893    703.833    127.775    128.618    17.0601    17.0646   4.649257   4.649792     2.1013     1.7534       5.15   22.25398  -86.81028    0.00041    0.00020          1  0.000e+00
      16894    703.875    127.775    128.618    17.0601    17.0646   4.649257   4.649785     2.1013     1.7534       5.13   22.25398  -86.81028    0.00042    0.00019          1  0.000e+00
