Gulf of Mexico/GOMECC-4/1db/rb2103_0331.ros
* Sea-Bird SBE 9 Data File:
* FileName = C:\Users\scs.user.rb\CTD\GOMECC4\data\rb2103_0331.hex
* Software Version Seasave V 7.26.7.107
* Temperature SN = 4799
* Conductivity SN = 3860
* Number of Bytes Per Scan = 41
* Number of Voltage Words = 4
* Number of Scans Averaged by the Deck Unit = 1
* NMEA Latitude = 29 27.77 N
* NMEA Longitude = 087 14.16 W
* NMEA UTC (Time) = Sep 23 2021  23:47:16
* NMEA baud rate = 4800
# nquan = 17
# nvalues = 2660                                  
# units = specified
# name 0 = scan: Scan Count
# name 1 = timeS: Time, Elapsed [seconds]
# name 2 = depSM: Depth [salt water, m]
# name 3 = prDM: Pressure, Digiquartz [db]
# name 4 = t090C: Temperature [ITS-90, deg C]
# name 5 = t190C: Temperature, 2 [ITS-90, deg C]
# name 6 = c0S/m: Conductivity [S/m]
# name 7 = c1S/m: Conductivity, 2 [S/m]
# name 8 = sbeox0V: Oxygen raw, SBE 43 [V]
# name 9 = sbeox1V: Oxygen raw, SBE 43, 2 [V]
# name 10 = altM: Altimeter [m]
# name 11 = latitude: Latitude [deg]
# name 12 = longitude: Longitude [deg]
# name 13 = sbox0dV/dT: Oxygen, SBE 43 [dov/dt]
# name 14 = sbox1dV/dT: Oxygen, SBE 43, 2 [dov/dt]
# name 15 = nbf: Bottles Fired
# name 16 = flag:  0.000e+00
# interval = seconds: 0.0416667
# start_time = Sep 23 2021 23:47:16 [NMEA time, header]
# bad_flag = -9.990e-29
*END*
[from data line 596]
      35780   1490.792    272.991    275.033    12.5688    12.5681   4.127559   4.127544     1.7424     1.4359      71.26   29.46280  -87.23616    0.00010    0.00003          5  0.000e+00
      35781   1490.833    273.037    275.079    12.5687    12.5679   4.127628   4.127579     1.7424     1.4359      91.60   29.46280  -87.23616    0.00010    0.00003          5  0.000e+00
      35782   1490.875    273.037    275.079    12.5693    12.5676   4.127676   4.127572     1.7424     1.4359     100.00   29.46280  -87.23616    0.00010    0.00003          5  0.000e+00
      35783   1490.917    273.090    275.133    12.5694    12.5676   4.127689   4.127537     1.7436     1.4359     100.00   29.46280  -87.23616    0.00012    0.00003          5  0.000e+00
      35784   1490.958    273.037    275.079    12.5694    12.5674   4.127683   4.127503     1.7424     1.4359     100.00   29.46280  -87.23616    0.00010    0.00003          5  0.000e+00
      35785   1491.000    273.037    275.079    12.5697    12.5674   4.127710   4.127468     1.7436     1.4359     100.00   29.46280  -87.23616    0.00011    0.00003          5  0.000e+00
      35786   1491.042    273.052    275.095    12.5694    12.5671   4.127724   4.127510     1.7424     1.4359      99.98   29.46280  -87.23616    0.00011    0.00003          5  0.000e+00
      35787   1491.083    273.090    275.133    12.5696    12.5679   4.127689   4.127531     1.7436     1.4359     100.00   29.46280  -87.23616    0.00012    0.00003          5  0.000e+00
      35788   1491.125    273.090    275.133    12.5695    12.5683   4.127710   4.127551     1.7436     1.4359     100.00   29.46280  -87.23616    0.00014    0.00003          5  0.000e+00
      35789   1491.167    273.090    275.133    12.5694    12.5683   4.127724   4.127586     1.7436     1.4359     100.00   29.46280  -87.23616    0.00015    0.00002          5  0.000e+00
      35790   1491.208    273.090    275.133    12.5695    12.5679   4.127696   4.127544     1.7436     1.4359     100.00   29.46280  -87.23616    0.00017    0.00002          5  0.000e+00
      35791   1491.250    273.090    275.133    12.5694    12.5684   4.127710   4.127579     1.7436     1.4359     100.00   29.46280  -87.23616    0.00018    0.00002          5  0.000e+00
      35792   1491.292    273.105    275.148    12.5694    12.5686   4.127717   4.127621     1.7424     1.4359     100.00   29.46280  -87.23616    0.00017    0.00002          5  0.000e+00
      35793   1491.333    273.090    275.133    12.5697    12.5689   4.127724   4.127635     1.7436     1.4359     100.00   29.46280  -87.23616    0.00019    0.00002          5  0.000e+00
      35794   1491.375    273.151    275.194    12.5696    12.5691   4.127744   4.127635     1.7436     1.4359     100.00   29.46280  -87.23616    0.00020    0.00002          5  0.000e+00
      35795   1491.417    273.090    275.133    12.5696    12.5689   4.127703   4.127662     1.7436     1.4359     100.00   29.46280  -87.23616    0.00021    0.00002          5  0.000e+00
      35796   1491.458    273.151    275.194    12.5697    12.5684   4.127689   4.127614     1.7436     1.4359     100.00   29.46280  -87.23616    0.00022 2.0601e-12          5  0.000e+00
      35797   1491.500    273.151    275.194    12.5696    12.5684   4.127710   4.127600     1.7436     1.4359     100.00   29.46280  -87.23616    0.00023 2.0601e-12          5  0.000e+00
      35798   1491.542    273.166    275.209    12.5697    12.5683   4.127717   4.127621     1.7424     1.4359     100.00   29.46280  -87.23616    0.00023 2.3177e-12          5  0.000e+00
      35799   1491.583    273.090    275.133    12.5696    12.5684   4.127751   4.127579     1.7436     1.4359     100.00   29.46280  -87.23616    0.00024 2.3177e-12          5  0.000e+00
      35800   1491.625    273.204    275.247    12.5697    12.5684   4.127758   4.127649     1.7436     1.4359     100.00   29.46280  -87.23616    0.00025 2.0601e-12          5  0.000e+00
      35801   1491.667    273.151    275.194    12.5700    12.5686   4.127758   4.127676     1.7436     1.4359     100.00   29.46280  -87.23616    0.00026 2.3177e-12          5  0.000e+00
      35802   1491.708    273.151    275.194    12.5697    12.5689   4.127765   4.127676     1.7436     1.4359     100.00   29.46280  -87.23616    0.00027 2.3177e-12          5  0.000e+00
      35803   1491.750    273.204    275.247    12.5699    12.5689   4.127765   4.127676     1.7436     1.4359     100.00   29.46280  -87.23616    0.00028 2.0601e-12          5  0.000e+00
      35804   1491.792    273.166    275.209    12.5698    12.5686   4.127724   4.127676     1.7436     1.4359     100.00   29.46280  -87.23616    0.00029 2.0601e-12          5  0.000e+00
      35805   1491.833    273.204    275.247    12.5701    12.5686   4.127778   4.127676     1.7436     1.4359     100.00   29.46280  -87.23616    0.00030 2.5752e-12          5  0.000e+00
      35806   1491.875    273.204    275.247    12.5697    12.5686   4.127737   4.127697     1.7436     1.4359     100.00   29.46280  -87.23616    0.00031 2.0601e-12          5  0.000e+00
      35807   1491.917    273.151    275.194    12.5694    12.5687   4.127662   4.127711     1.7436     1.4359     100.00   29.46280  -87.23616    0.00032 2.3177e-12          5  0.000e+00
      35808   1491.958    273.204    275.247    12.5692    12.5687   4.127703   4.127711     1.7436     1.4359     100.00   29.46280  -87.23616    0.00032 2.0601e-12          5  0.000e+00
      35809   1492.000    273.204    275.248    12.5693    12.5687   4.127669   4.127711     1.7436     1.4371     100.00   29.46280  -87.23616    0.00031    0.00002          5  0.000e+00
      35810   1492.042    273.219    275.263    12.5691    12.5691   4.127648   4.127711     1.7436     1.4359     100.00   29.46280  -87.23616    0.00032    0.00002          5  0.000e+00
      35811   1492.083    273.204    275.248    12.5692    12.5689   4.127703   4.127683     1.7436     1.4359     100.00   29.46280  -87.23616    0.00033    0.00002          5  0.000e+00
      35812   1492.125    273.204    275.248    12.5692    12.5689   4.127696   4.127676     1.7436     1.4359     100.00   29.46280  -87.23616    0.00033    0.00002          5  0.000e+00
      35813   1492.167    273.257    275.301    12.5691    12.5687   4.127683   4.127697     1.7436     1.4359     100.00   29.46280  -87.23616    0.00034    0.00002          5  0.000e+00
      35814   1492.208    273.204    275.248    12.5692    12.5689   4.127683   4.127683     1.7436     1.4359     100.00   29.46280  -87.23616    0.00034    0.00002          5  0.000e+00
      35815   1492.250    273.204    275.248    12.5692    12.5691   4.127689   4.127676     1.7436     1.4359     100.00   29.46280  -87.23616    0.00035    0.00002          5  0.000e+00
      35816   1492.292    273.219    275.263    12.5692    12.5689   4.127662   4.127697     1.7424     1.4359     100.00   29.46280  -87.23616    0.00034    0.00001          5  0.000e+00
      35817   1492.333    273.257    275.301    12.5693    12.5689   4.127676   4.127711     1.7436     1.4359     100.00   29.46280  -87.23616    0.00034    0.00001          5  0.000e+00
      35818   1492.375    273.204    275.248    12.5694    12.5689   4.127710   4.127649     1.7436     1.4371     100.00   29.46280  -87.23616    0.00035    0.00003          5  0.000e+00
      35819   1492.417    273.204    275.248    12.5692    12.5689   4.127696   4.127662     1.7436     1.4359     100.00   29.46280  -87.23616    0.00037    0.00003          5  0.000e+00
      35820   1492.458    273.257    275.301    12.5691    12.5689   4.127683   4.127676     1.7436     1.4359     100.00   29.46280  -87.23616    0.00037    0.00003          5  0.000e+00
      35821   1492.500    273.151    275.194    12.5692    12.5689   4.127683   4.127697     1.7448     1.4359     100.00   29.46280  -87.23616    0.00039    0.00003          5  0.000e+00
      35822   1492.542    273.280    275.324    12.5692    12.5687   4.127689   4.127711     1.7436     1.4371     100.00   29.46280  -87.23616    0.00040    0.00005          5  0.000e+00
      35823   1492.583    273.204    275.248    12.5692    12.5687   4.127683   4.127683     1.7436     1.4371     100.00   29.46280  -87.23616    0.00040    0.00006          5  0.000e+00
      35824   1492.625    273.257    275.301    12.5694    12.5686   4.127683   4.127697     1.7436     1.4371     100.00   29.46280  -87.23616    0.00040    0.00008          5  0.000e+00
      35825   1492.667    273.204    275.248    12.5693    12.5687   4.127689   4.127649     1.7436     1.4359     100.00   29.46280  -87.23616    0.00040    0.00008          5  0.000e+00
      35826   1492.708    273.204    275.248    12.5694    12.5684   4.127737   4.127662     1.7448     1.4359     100.00   29.46280  -87.23616    0.00042    0.00008          5  0.000e+00
      35827   1492.750    273.219    275.263    12.5697    12.5683   4.127703   4.127676     1.7448     1.4359     100.00   29.46280  -87.23616    0.00044    0.00007          5  0.000e+00
      35828   1492.792    273.257    275.301    12.5696    12.5683   4.127744   4.127642     1.7436     1.4359     100.00   29.46280  -87.23616    0.00042    0.00007          5  0.000e+00
      35829   1492.833    273.151    275.194    12.5696    12.5684   4.127676   4.127690     1.7436     1.4359     100.00   29.46280  -87.23616    0.00042    0.00007          5  0.000e+00
      35830   1492.875    273.204    275.248    12.5697    12.5683   4.127703   4.127649     1.7436     1.4359     100.00   29.46280  -87.23616    0.00042    0.00007          5  0.000e+00
      35831   1492.917    273.257    275.301    12.5697    12.5684   4.127696   4.127635     1.7436     1.4359     100.00   29.46280  -87.23616    0.00042    0.00007          5  0.000e+00
      35832   1492.958    273.204    275.248    12.5696    12.5683   4.127689   4.127635     1.7436     1.4359     100.00   29.46280  -87.23616    0.00042    0.00006          5  0.000e+00
      35833   1493.000    273.166    275.209    12.5697    12.5683   4.127683   4.127635     1.7436     1.4359     100.00   29.46280  -87.23616    0.00042    0.00006          5  0.000e+00
      35834   1493.042    273.204    275.248    12.5697    12.5683   4.127683   4.127607     1.7424     1.4371     100.00   29.46280  -87.23616    0.00040    0.00008          5  0.000e+00
      35835   1493.083    273.151    275.194    12.5700    12.5677   4.127662   4.127544     1.7436     1.4359     100.00   29.46280  -87.23616    0.00039    0.00008          5  0.000e+00
      35836   1493.125    273.204    275.248    12.5699    12.5676   4.127676   4.127551     1.7436     1.4359     100.00   29.46280  -87.23616    0.00039    0.00007          5  0.000e+00
      35837   1493.167    273.151    275.194    12.5699    12.5677   4.127683   4.127586     1.7436     1.4359     100.00   29.46280  -87.23616    0.00039    0.00007          5  0.000e+00
      35838   1493.208    273.204    275.248    12.5697    12.5676   4.127689   4.127572     1.7436     1.4359     100.00   29.46280  -87.23616    0.00038    0.00007          5  0.000e+00
      35839   1493.250    273.106    275.148    12.5694    12.5677   4.127683   4.127565     1.7436     1.4359     100.00   29.46280  -87.23616    0.00038    0.00007          5  0.000e+00
      35840   1493.292    273.204    275.248    12.5698    12.5681   4.127662   4.127586     1.7436     1.4371     100.00   29.46280  -87.23616    0.00038    0.00008          5  0.000e+00
      35841   1493.333    273.151    275.194    12.5697    12.5679   4.127676   4.127600     1.7436     1.4371     100.00   29.46280  -87.23616    0.00037    0.00010          5  0.000e+00
      35842   1493.375    273.090    275.133    12.5697    12.5684   4.127710   4.127572     1.7436     1.4359     100.00   29.46280  -87.23616    0.00037    0.00010          5  0.000e+00
      35843   1493.417    273.151    275.194    12.5697    12.5684   4.127669   4.127538     1.7436     1.4371     100.00   29.46280  -87.23616    0.00036    0.00011          5  0.000e+00
      35844   1493.458    273.090    275.133    12.5696    12.5672   4.127655   4.127447     1.7436     1.4359     100.00   29.46280  -87.23616    0.00036    0.00011          5  0.000e+00
      35845   1493.500    273.106    275.148    12.5694    12.5666   4.127655   4.127447     1.7436     1.4371     100.00   29.46280  -87.23616    0.00035    0.00012          5  0.000e+00
      35846   1493.542    273.151    275.194    12.5693    12.5674   4.127648   4.127538     1.7436     1.4359     100.00   29.46280  -87.23616    0.00035    0.00012          5  0.000e+00
      35847   1493.583    273.090    275.133    12.5694    12.5679   4.127648   4.127537     1.7424     1.4371     100.00   29.46280  -87.23616    0.00032    0.00013          5  0.000e+00
      35848   1493.625    273.037    275.080    12.5695    12.5684   4.127655   4.127579     1.7436     1.4359     100.00   29.46280  -87.23616    0.00031    0.00013          5  0.000e+00
      40071   1669.583    199.115    200.569    14.0769    14.0780   4.298529   4.298745     1.8474     1.5299     100.00   29.46278  -87.23626   -0.00006   -0.00008          6  0.000e+00
      40072   1669.625    199.214    200.668    14.0766    14.0781   4.298557   4.298794     1.8474     1.5299     100.00   29.46278  -87.23626   -0.00005   -0.00006          6  0.000e+00
      40073   1669.667    199.168    200.622    14.0767    14.0784   4.298585   4.298815     1.8474     1.5299     100.00   29.46278  -87.23626   -0.00003   -0.00003          6  0.000e+00
      40074   1669.708    199.100    200.553    14.0771    14.0787   4.298571   4.298815     1.8474     1.5299     100.00   29.46278  -87.23626   -0.00002   -0.00003          6  0.000e+00
      40075   1669.750    199.168    200.622    14.0781    14.0785   4.298592   4.298787     1.8462     1.5299     100.00   29.46278  -87.23626   -0.00002   -0.00002          6  0.000e+00
      40076   1669.792    199.153    200.607    14.0786    14.0785   4.298592   4.298752     1.8474     1.5299     100.00   29.46278  -87.23626   -0.00000   -0.00000          6  0.000e+00
      40077   1669.833    199.116    200.569    14.0784    14.0778   4.298571   4.298745     1.8474     1.5299     100.00   29.46278  -87.23626    0.00001    0.00000          6  0.000e+00
      40078   1669.875    199.116    200.569    14.0781    14.0775   4.298536   4.298681     1.8474     1.5299     100.00   29.46278  -87.23626    0.00003    0.00001          6  0.000e+00
      40079   1669.917    199.153    200.607    14.0772    14.0777   4.298529   4.298688     1.8474     1.5311     100.00   29.46278  -87.23626    0.00004    0.00003          6  0.000e+00
      40080   1669.958    199.116    200.569    14.0775    14.0773   4.298522   4.298702     1.8462     1.5299     100.00   29.46278  -87.23626    0.00004    0.00003          6  0.000e+00
      40081   1670.000    199.100    200.554    14.0786    14.0773   4.298522   4.298674     1.8462     1.5299     100.00   29.46278  -87.23626    0.00004    0.00004          6  0.000e+00
      40082   1670.042    199.055    200.508    14.0792    14.0770   4.298501   4.298688     1.8462     1.5299     100.00   29.46278  -87.23626    0.00004    0.00004          6  0.000e+00
      40083   1670.083    199.040    200.492    14.0791    14.0773   4.298515   4.298730     1.8474     1.5311     100.00   29.46278  -87.23626    0.00005    0.00008          6  0.000e+00
      40084   1670.125    199.116    200.569    14.0766    14.0776   4.298585   4.298766     1.8474     1.5311     100.00   29.46278  -87.23626    0.00007    0.00011          6  0.000e+00
      40085   1670.167    199.055    200.508    14.0761    14.0778   4.298606   4.298716     1.8474     1.5311     100.00   29.46278  -87.23626    0.00009    0.00013          6  0.000e+00
