Gulf of Mexico/GOMECC-4/1db/rb2103_0821.ros
* Sea-Bird SBE 9 Data File:
* FileName = C:\Users\scs.user.rb\CTD\GOMECC4\data\rb2103_0821.hex
* Software Version Seasave V 7.26.7.107
* Temperature SN = 4799
* Conductivity SN = 3860
* Number of Bytes Per Scan = 41
* Number of Voltage Words = 4
* Number of Scans Averaged by the Deck Unit = 1
* NMEA Latitude = 22 16.54 N
* NMEA Longitude = 095 35.27 W
* NMEA UTC (Time) = Oct 06 2021  22:50:02
* NMEA baud rate = 4800
# nquan = 17
# nvalues = 3192                                  
# units = specified
# name 0 = scan: Scan Count
# name 1 = timeS: Time, Elapsed [seconds]
# name 2 = depSM: Depth [salt water, m]
# name 3 = prDM: Pressure, Digiquartz [db]
# name 4 = t090C: Temperature [ITS-90, deg C]
# name 5 = t190C: Temperature, 2 [ITS-90, deg C]
# name 6 = c0S/m: Conductivity [S/m]
# name 7 = c1S/m: Conductivity, 2 [S/m]
# name 8 = sbeox0V: Oxygen raw, SBE 43 [V]
# name 9 = sbeox1V: Oxygen raw, SBE 43, 2 [V]
# name 10 = altM: Altimeter [m]
# name 11 = latitude: Latitude [deg]
# name 12 = longitude: Longitude [deg]
# name 13 = sbox0dV/dT: Oxygen, SBE 43 [dov/dt]
# name 14 = sbox1dV/dT: Oxygen, SBE 43, 2 [dov/dt]
# name 15 = nbf: Bottles Fired
# name 16 = flag:  0.000e+00
# interval = seconds: 0.0416667
# start_time = Oct 06 2021 22:50:02 [NMEA time, header]
# bad_flag = -9.990e-29
*END*
[from data line 2298]
     210568   8773.625     77.449     77.951    22.0935    22.0929   5.164609   5.164496     2.9341     2.5018      73.63   22.27434  -95.59148   -0.00014    0.00001         18  0.000e+00
     210569   8773.667     77.490     77.992    22.0927    22.0930   5.164625   5.164473     2.9341     2.5006      73.63   22.27434  -95.59148   -0.00011    0.00003         18  0.000e+00
     210570   8773.708     77.497     77.999    22.0931    22.0929   5.164640   5.164473     2.9341     2.5006      73.63   22.27434  -95.59148   -0.00008    0.00005         18  0.000e+00
     210571   8773.750     77.537     78.040    22.0935    22.0928   5.164707   5.164443     2.9341     2.5018      73.63   22.27434  -95.59148   -0.00006    0.00009         18  0.000e+00
     210572   8773.792     77.490     77.992    22.0938    22.0931   5.164760   5.164458     2.9341     2.5018      73.63   22.27434  -95.59148   -0.00004    0.00013         18  0.000e+00
     210573   8773.833     77.544     78.046    22.0947    22.0927   5.164707   5.164473     2.9353     2.5018      73.63   22.27434  -95.59148    0.00000    0.00017         18  0.000e+00
     210574   8773.875     77.537     78.040    22.0942    22.0933   5.164647   5.164504     2.9341     2.5018      73.63   22.27434  -95.59148    0.00003    0.00021         18  0.000e+00
     210575   8773.917     77.497     77.999    22.0933    22.0930   5.164572   5.164451     2.9341     2.5018      73.63   22.27434  -95.59148    0.00004    0.00024         18  0.000e+00
     210576   8773.958     77.537     78.040    22.0926    22.0933   5.164422   5.164458     2.9341     2.5018      73.63   22.27434  -95.59148    0.00007    0.00027         18  0.000e+00
     210577   8774.000     77.544     78.047    22.0917    22.0933   5.164354   5.164473     2.9341     2.5018      73.63   22.27434  -95.59148    0.00010    0.00029         18  0.000e+00
     210578   8774.042     77.538     78.040    22.0915    22.0936   5.164369   5.164504     2.9341     2.5018      73.63   22.27434  -95.59148    0.00013    0.00031         18  0.000e+00
     210579   8774.083     77.538     78.040    22.0917    22.0938   5.164384   5.164550     2.9341     2.5018      73.63   22.27434  -95.59148    0.00015    0.00033         18  0.000e+00
     210580   8774.125     77.544     78.047    22.0920    22.0937   5.164384   5.164565     2.9341     2.5018      83.05   22.27434  -95.59148    0.00018    0.00034         18  0.000e+00
     210581   8774.167     77.592     78.094    22.0917    22.0933   5.164354   5.164527     2.9341     2.5018      97.44   22.27434  -95.59148    0.00021    0.00034         18  0.000e+00
     210582   8774.208     77.599     78.101    22.0919    22.0934   5.164347   5.164550     2.9341     2.5018     100.00   22.27434  -95.59148    0.00024    0.00035         18  0.000e+00
     210583   8774.250     77.538     78.040    22.0919    22.0935   5.164347   5.164565     2.9341     2.5018     100.00   22.27434  -95.59148    0.00027    0.00035         18  0.000e+00
     210584   8774.292     77.599     78.101    22.0919    22.0934   5.164369   5.164496     2.9341     2.5018     100.00   22.27434  -95.59148    0.00030    0.00035         18  0.000e+00
     210585   8774.333     77.592     78.095    22.0919    22.0931   5.164354   5.164474     2.9341     2.5018      99.98   22.27434  -95.59148    0.00032    0.00035         18  0.000e+00
     210586   8774.375     77.592     78.095    22.0919    22.0928   5.164347   5.164474     2.9341     2.5018     100.00   22.27434  -95.59148    0.00035    0.00036         18  0.000e+00
     210587   8774.417     77.599     78.101    22.0919    22.0929   5.164347   5.164474     2.9341     2.5018     100.00   22.27434  -95.59148    0.00036    0.00034         18  0.000e+00
     210588   8774.458     77.639     78.142    22.0922    22.0932   5.164347   5.164504     2.9341     2.5031     100.00   22.27434  -95.59148    0.00039    0.00036         18  0.000e+00
     210589   8774.500     77.599     78.102    22.0922    22.0935   5.164399   5.164550     2.9341     2.5018     100.00   22.27434  -95.59148    0.00042    0.00034         18  0.000e+00
     210590   8774.542     77.640     78.142    22.0924    22.0936   5.164392   5.164496     2.9341     2.5031     100.00   22.27434  -95.59148    0.00045    0.00034         18  0.000e+00
     210591   8774.583     77.646     78.149    22.0924    22.0936   5.164414   5.164542     2.9328     2.5031     100.00   22.27434  -95.59148    0.00044    0.00036         18  0.000e+00
     210592   8774.625     77.592     78.095    22.0920    22.0936   5.164392   5.164565     2.9328     2.5031     100.00   22.27434  -95.59148    0.00043    0.00036         18  0.000e+00
     210593   8774.667     77.687     78.190    22.0920    22.0938   5.164384   5.164565     2.9341     2.5031     100.00   22.27434  -95.59148    0.00044    0.00035         18  0.000e+00
     210594   8774.708     77.646     78.149    22.0924    22.0936   5.164384   5.164527     2.9341     2.5031     100.00   22.27434  -95.59148    0.00045    0.00037         18  0.000e+00
     210595   8774.750     77.640     78.143    22.0919    22.0935   5.164384   5.164580     2.9341     2.5043     100.00   22.27434  -95.59148    0.00046    0.00040         18  0.000e+00
     210596   8774.792     77.694     78.197    22.0920    22.0936   5.164317   5.164573     2.9328     2.5031     100.00   22.27434  -95.59148    0.00045    0.00039         18  0.000e+00
     210597   8774.833     77.640     78.143    22.0915    22.0936   5.164332   5.164588     2.9328     2.5043     100.00   22.27434  -95.59148    0.00044    0.00042         18  0.000e+00
     210598   8774.875     77.694     78.197    22.0912    22.0939   5.164279   5.164573     2.9328     2.5043     100.00   22.27434  -95.59148    0.00045    0.00044         18  0.000e+00
     210599   8774.917     77.640     78.143    22.0915    22.0938   5.164249   5.164588     2.9328     2.5043     100.00   22.27434  -95.59148    0.00044    0.00047         18  0.000e+00
     210600   8774.958     77.694     78.197    22.0915    22.0934   5.164317   5.164534     2.9341     2.5043     100.00   22.27434  -95.59148    0.00045    0.00049         18  0.000e+00
     210601   8775.000     77.687     78.191    22.0917    22.0933   5.164347   5.164550     2.9328     2.5043     100.00   22.27434  -95.59148    0.00044    0.00050         18  0.000e+00
     210602   8775.042     77.687     78.191    22.0917    22.0936   5.164309   5.164565     2.9341     2.5043     100.00   22.27434  -95.59148    0.00045    0.00052         18  0.000e+00
     210603   8775.083     77.694     78.197    22.0919    22.0936   5.164362   5.164565     2.9341     2.5043     100.00   22.27434  -95.59148    0.00046    0.00054         18  0.000e+00
     210604   8775.125     77.687     78.191    22.0919    22.0936   5.164384   5.164588     2.9341     2.5055     100.00   22.27434  -95.59148    0.00047    0.00060         18  0.000e+00
     210605   8775.167     77.694     78.198    22.0919    22.0935   5.164347   5.164534     2.9341     2.5043     100.00   22.27434  -95.59148    0.00048    0.00062         18  0.000e+00
     210606   8775.208     77.687     78.191    22.0912    22.0934   5.164339   5.164580     2.9341     2.5055     100.00   22.27434  -95.59148    0.00049    0.00065         18  0.000e+00
     210607   8775.250     77.748     78.252    22.0910    22.0935   5.164279   5.164504     2.9341     2.5043     100.00   22.27434  -95.59148    0.00049    0.00069         18  0.000e+00
     210608   8775.292     77.688     78.191    22.0905    22.0934   5.164189   5.164542     2.9341     2.5055     100.00   22.27434  -95.59148    0.00050    0.00074         18  0.000e+00
     210609   8775.333     77.742     78.245    22.0896    22.0929   5.164106   5.164527     2.9341     2.5055     100.00   22.27434  -95.59148    0.00051    0.00079         18  0.000e+00
     210610   8775.375     77.694     78.198    22.0894    22.0928   5.164076   5.164519     2.9341     2.5055     100.00   22.27434  -95.59148    0.00053    0.00084         18  0.000e+00
     210611   8775.417     77.688     78.191    22.0899    22.0926   5.164174   5.164481     2.9341     2.5055     100.00   22.27434  -95.59148    0.00054    0.00089         18  0.000e+00
     210612   8775.458     77.749     78.252    22.0908    22.0925   5.164309   5.164474     2.9341     2.5055     100.00   22.27434  -95.59148    0.00054    0.00093         18  0.000e+00
     210613   8775.500     77.742     78.246    22.0912    22.0926   5.164369   5.164443     2.9341     2.5055     100.00   22.27434  -95.59148    0.00055    0.00098         18  0.000e+00
     210614   8775.542     77.694     78.198    22.0917    22.0930   5.164384   5.164496     2.9341     2.5055     100.00   22.27434  -95.59148    0.00055    0.00101         18  0.000e+00
     210615   8775.583     77.688     78.191    22.0919    22.0933   5.164384   5.164580     2.9341     2.5043     100.00   22.27434  -95.59148    0.00056    0.00103         18  0.000e+00
     210616   8775.625     77.688     78.191    22.0922    22.0932   5.164384   5.164573     2.9341     2.5055     100.00   22.27434  -95.59148    0.00056    0.00108         18  0.000e+00
     210617   8775.667     77.749     78.252    22.0920    22.0933   5.164384   5.164565     2.9341     2.5043     100.00   22.27434  -95.59148    0.00055    0.00108         18  0.000e+00
     210618   8775.708     77.742     78.246    22.0920    22.0930   5.164414   5.164527     2.9341     2.5043     100.00   22.27434  -95.59148    0.00053    0.00109         18  0.000e+00
     210619   8775.750     77.695     78.198    22.0922    22.0924   5.164429   5.164451     2.9341     2.5043     100.00   22.27434  -95.59148    0.00054    0.00111         18  0.000e+00
     210620   8775.792     77.688     78.191    22.0920    22.0920   5.164392   5.164436     2.9341     2.5043     100.00   22.27434  -95.59148    0.00052    0.00111         18  0.000e+00
     210621   8775.833     77.749     78.253    22.0922    22.0917   5.164384   5.164436     2.9341     2.5043     100.00   22.27434  -95.59148    0.00050    0.00113         18  0.000e+00
     210622   8775.875     77.688     78.191    22.0920    22.0911   5.164384   5.164367     2.9353     2.5043     100.00   22.27434  -95.59148    0.00051    0.00114         18  0.000e+00
     210623   8775.917     77.695     78.198    22.0920    22.0906   5.164384   5.164276     2.9341     2.5043     100.00   22.27434  -95.59148    0.00049    0.00114         18  0.000e+00
     210624   8775.958     77.742     78.246    22.0920    22.0904   5.164384   5.164260     2.9341     2.5043     100.00   22.27434  -95.59148    0.00047    0.00115         18  0.000e+00
     210625   8776.000     77.688     78.191    22.0919    22.0899   5.164384   5.164222     2.9341     2.5043     100.00   22.27434  -95.59148    0.00045    0.00115         18  0.000e+00
     210626   8776.042     77.695     78.198    22.0920    22.0899   5.164384   5.164215     2.9341     2.5043     100.00   22.27434  -95.59148    0.00043    0.00115         18  0.000e+00
     210627   8776.083     77.688     78.191    22.0919    22.0895   5.164384   5.164146     2.9341     2.5043     100.00   22.27434  -95.59148    0.00043    0.00117         18  0.000e+00
     210628   8776.125     77.695     78.198    22.0917    22.0899   5.164317   5.164192     2.9341     2.5043     100.00   22.27434  -95.59148    0.00042    0.00116         18  0.000e+00
     210629   8776.167     77.688     78.192    22.0915    22.0900   5.164332   5.164184     2.9341     2.5043     100.00   22.27434  -95.59148    0.00042    0.00116         18  0.000e+00
     210630   8776.208     77.695     78.198    22.0917    22.0900   5.164369   5.164238     2.9328     2.5031     100.00   22.27434  -95.59148    0.00038    0.00114         18  0.000e+00
     210631   8776.250     77.688     78.192    22.0915    22.0902   5.164347   5.164222     2.9341     2.5043     100.00   22.27434  -95.59148    0.00038    0.00113         18  0.000e+00
     210632   8776.292     77.688     78.192    22.0912    22.0907   5.164369   5.164306     2.9341     2.5043     100.00   22.27434  -95.59148    0.00037    0.00112         18  0.000e+00
     210633   8776.333     77.695     78.198    22.0914    22.0911   5.164317   5.164314     2.9341     2.5031     100.00   22.27434  -95.59148    0.00037    0.00109         18  0.000e+00
     210634   8776.375     77.641     78.144    22.0915    22.0923   5.164302   5.164397     2.9328     2.5031     100.00   22.27434  -95.59148    0.00034    0.00107         18  0.000e+00
     210635   8776.417     77.695     78.199    22.0912    22.0926   5.164332   5.164435     2.9341     2.5031     100.00   22.27434  -95.59148    0.00034    0.00104         18  0.000e+00
     210636   8776.458     77.689     78.192    22.0912    22.0914   5.164339   5.164367     2.9341     2.5043     100.00   22.27434  -95.59148    0.00033    0.00103         18  0.000e+00
     210637   8776.500     77.648     78.151    22.0912    22.0908   5.164272   5.164314     2.9328     2.5031     100.00   22.27434  -95.59148    0.00029    0.00100         18  0.000e+00
     210638   8776.542     77.689     78.192    22.0912    22.0913   5.164287   5.164268     2.9341     2.5043     100.00   22.27434  -95.59148    0.00027    0.00099         18  0.000e+00
     210639   8776.583     77.594     78.096    22.0906    22.0916   5.164234   5.164352     2.9341     2.5031     100.00   22.27434  -95.59148    0.00024    0.00096         18  0.000e+00
     210640   8776.625     77.695     78.199    22.0903    22.0924   5.164212   5.164481     2.9341     2.5043     100.00   22.27434  -95.59148    0.00023    0.00096         18  0.000e+00
     210641   8776.667     77.689     78.192    22.0901    22.0927   5.164234   5.164519     2.9341     2.5043     100.00   22.27434  -95.59148    0.00023    0.00096         18  0.000e+00
     210642   8776.708     77.601     78.103    22.0899    22.0927   5.164249   5.164451     2.9341     2.5043     100.00   22.27434  -95.59148    0.00020    0.00097         18  0.000e+00
     210643   8776.750     77.689     78.192    22.0903    22.0927   5.164219   5.164458     2.9341     2.5031     100.00   22.27434  -95.59148    0.00017    0.00093         18  0.000e+00
     210644   8776.792     77.601     78.103    22.0903    22.0924   5.164211   5.164405     2.9341     2.5031     100.00   22.27434  -95.59148    0.00014    0.00092         18  0.000e+00
     210645   8776.833     77.689     78.192    22.0903    22.0920   5.164242   5.164390     2.9341     2.5043     100.00   22.27434  -95.59148    0.00013    0.00092         18  0.000e+00
     210646   8776.875     77.641     78.144    22.0901    22.0918   5.164189   5.164390     2.9341     2.5043     100.00   22.27434  -95.59148    0.00012    0.00092         18  0.000e+00
     210647   8776.917     77.601     78.103    22.0899    22.0916   5.164166   5.164352     2.9341     2.5043     100.00   22.27434  -95.59148    0.00011    0.00091         18  0.000e+00
     210648   8776.958     77.641     78.144    22.0899    22.0915   5.164234   5.164314     2.9328     2.5043     100.00   22.27434  -95.59148    0.00008    0.00091         18  0.000e+00
     210649   8777.000     77.648     78.151    22.0901    22.0914   5.164257   5.164306     2.9341     2.5043     100.00   22.27434  -95.59148    0.00007    0.00091         18  0.000e+00
     210650   8777.042     77.641     78.144    22.0901    22.0911   5.164219   5.164306     2.9341     2.5043     100.00   22.27434  -95.59148    0.00006    0.00091         18  0.000e+00
     210651   8777.083     77.648     78.151    22.0901    22.0911   5.164211   5.164329     2.9341     2.5043     100.00   22.27434  -95.59148    0.00005    0.00089         18  0.000e+00
