Gulf of Mexico/GOMECC-4/1db/rb2103_1082.cnv
* Sea-Bird SBE 9 Data File:
* FileName = C:\Users\scs.user.rb\CTD\GOMECC4\data\rb2103_1081.hex
* Software Version Seasave V 7.26.7.107
* Temperature SN = 4799
* Conductivity SN = 3860
* Number of Bytes Per Scan = 41
* Number of Voltage Words = 4
* Number of Scans Averaged by the Deck Unit = 1
* NMEA Latitude = 22 55.36 N
* NMEA Longitude = 086 22.48 W
* NMEA UTC (Time) = Oct 14 2021  21:53:13
* NMEA baud rate = 4800
# nquan = 28
# nvalues = 818                         
# units = specified
# name 0 = scan: Scan Count
# name 1 = timeS: Time, Elapsed [seconds]
# name 2 = depSM: Depth [salt water, m]
# name 3 = prDM: Pressure, Digiquartz [db]
# name 4 = t090C: Temperature [ITS-90, deg C]
# name 5 = t190C: Temperature, 2 [ITS-90, deg C]
# name 6 = c0S/m: Conductivity [S/m]
# name 7 = c1S/m: Conductivity, 2 [S/m]
# name 8 = sbeox0V: Oxygen raw, SBE 43 [V]
# name 9 = sbeox1V: Oxygen raw, SBE 43, 2 [V]
# name 10 = altM: Altimeter [m]
# name 11 = latitude: Latitude [deg]
# name 12 = longitude: Longitude [deg]
# name 13 = sbox0dV/dT: Oxygen, SBE 43 [dov/dt]
# name 14 = sbox1dV/dT: Oxygen, SBE 43, 2 [dov/dt]
# name 15 = sbeox0ML/L: Oxygen, SBE 43 [ml/l], WS = 5
# name 16 = sbeox1ML/L: Oxygen, SBE 43, 2 [ml/l], WS = 5
# name 17 = potemp090C: Potential Temperature [ITS-90, deg C]
# name 18 = potemp190C: Potential Temperature, 2 [ITS-90, deg C]
# name 19 = sal00: Salinity, Practical [PSU]
# name 20 = sal11: Salinity, Practical, 2 [PSU]
# name 21 = sigma-é00: Density [sigma-theta, kg/m^3]
# name 22 = sigma-é11: Density, 2 [sigma-theta, kg/m^3]
# name 23 = avgsvCM: Average Sound Velocity [Chen-Millero, m/s], minP = 20, minS = 20
# name 24 = sbox0Mm/Kg: Oxygen, SBE 43 [umol/kg], WS = 5
# name 25 = sbox1Mm/Kg: Oxygen, SBE 43, 2 [umol/kg], WS = 5
# name 26 = nbin: number of scans per bin
# name 27 = flag: flag
# span 0 =      38556,     156988       
# span 1 =   1606.454,   6541.116       
# span 2 =      0.994,    998.245       
# span 3 =      1.000,   1007.000       
# span 4 =     5.1519,    31.5041       
# span 5 =     5.1523,    31.3718       
# span 6 =   3.397784,   6.300135       
# span 7 =   3.397760,   6.300964       
# span 8 =     1.6186,     3.3133       
# span 9 =     1.3174,     3.3177       
# span 10 =      10.46,     101.96      
# span 11 =   22.69897,   23.93018      
# span 12 =  -90.11651,  -85.48441      
# span 13 =   -0.02245,    0.07825      
# span 14 =   -0.15231,    0.09413      
# span 15 =     2.6663,     4.5121      
# span 16 =     2.6808,     5.5495      
# span 17 =     5.0668,    31.5036      
# span 18 =     5.0672,    31.3713      
# span 19 =    34.8798,    37.7959      
# span 20 =    34.8793,    37.6289      
# span 21 =    21.5297,    27.6182      
# span 22 =    22.4704,    27.6177      
# span 23 =       0.00,    1575.58      
# span 24 =    115.931,    197.060      
# span 25 =    116.563,    242.316      
# span 26 =         30,         73      
# span 27 = 0.0000e+00, 0.0000e+00      
# interval = decibars: 1                
# start_time = Oct 14 2021 21:53:13 [NMEA time, header]
# bad_flag = -9.990e-29
*END*
[from data line 363]
      65617   2734.011    625.086    630.000     9.4296     9.4299   3.793840   3.793844     1.6386     1.3360      94.48   22.92629  -86.37588   -0.00025   -0.00037     2.6852     2.7014     9.3574     9.3576    35.1099    35.1098    27.1460    27.1458    1521.90    116.751    117.455         32 0.0000e+00
      65729   2738.657    629.049    634.000     9.3619     9.3624   3.786795   3.786814     1.6362     1.3346     100.00   22.92605  -86.37491   -0.00059   -0.00033     2.6844     2.7030     9.2895     9.2900    35.1013    35.1010    27.1504    27.1501    1521.73    116.716    117.523         30 0.0000e+00
      65762   2740.054    630.040    635.000     9.3481     9.3481   3.785375   3.785360     1.6360     1.3345     100.00   22.92632  -86.37588   -0.00048   -0.00005     2.6851     2.7041     9.2757     9.2757    35.0997    35.0995    27.1515    27.1513    1521.71    116.745    117.572         36 0.0000e+00
      65797   2741.494    631.030    636.000     9.3195     9.3189   3.782362   3.782299     1.6354     1.3338      70.60   22.92632  -86.37589   -0.00031   -0.00015     2.6860     2.7042     9.2469     9.2465    35.0961    35.0956    27.1534    27.1530    1521.68    116.784    117.578         32 0.0000e+00
      65907   2746.067    634.993    640.000     9.2097     9.2098   3.770768   3.770767     1.6341     1.3321     100.00   22.92585  -86.37406   -0.00029   -0.00044     2.6909     2.7076     9.1373     9.1375    35.0811    35.0810    27.1595    27.1593    1521.49    116.998    117.722         31 0.0000e+00
      65940   2747.458    635.984    641.000     9.2022     9.2031   3.770061   3.770146     1.6341     1.3322     100.00   22.92635  -86.37590   -0.00005   -0.00023     2.6918     2.7085     9.1297     9.1307    35.0808    35.0808    27.1605    27.1603    1521.48    117.039    117.765         33 0.0000e+00
      65973   2748.816    636.975    642.000     9.1928     9.1947   3.769085   3.769269     1.6342     1.3325     100.00   22.92636  -86.37590    0.00010    0.00007     2.6929     2.7104     9.1203     9.1221    35.0794    35.0795    27.1609    27.1607    1521.45    117.086    117.844         31 0.0000e+00
      66050   2752.038    639.946    645.000     9.1321     9.1318   3.762550   3.762488     1.6330     1.3320      99.99   22.92494  -86.37055   -0.00030   -0.00002     2.6948     2.7143     9.0595     9.0592    35.0692    35.0688    27.1627    27.1624    1521.24    117.169    118.014         31 0.0000e+00
      66089   2753.651    640.937    646.000     9.1187     9.1193   3.761350   3.761401     1.6323     1.3312     100.00   22.92637  -86.37591   -0.00039   -0.00031     2.6940     2.7129     9.0461     9.0466    35.0696    35.0696    27.1653    27.1652    1521.29    117.134    117.953         38 0.0000e+00
      66199   2758.260    644.900    650.000     9.0373     9.0376   3.752869   3.752884     1.6305     1.3295     100.00   22.92560  -86.37296   -0.00042   -0.00027     2.6957     2.7145     8.9646     8.9649    35.0591    35.0589    27.1701    27.1699    1521.09    117.206    118.021         30 0.0000e+00
      66232   2759.626    645.890    651.000     9.0263     9.0266   3.751840   3.751847     1.6301     1.3288      94.98   22.92640  -86.37592   -0.00042   -0.00026     2.6958     2.7134     8.9536     8.9539    35.0588    35.0585    27.1717    27.1715    1521.10    117.209    117.973         32 0.0000e+00
      66265   2760.980    646.880    652.000     9.0076     9.0080   3.749919   3.749938     1.6302     1.3284      97.68   22.92640  -86.37592   -0.00025   -0.00038     2.6977     2.7136     8.9348     8.9352    35.0566    35.0565    27.1730    27.1729    1521.07    117.291    117.985         32 0.0000e+00
      66438   2768.215    652.824    658.000     8.8422     8.8415   3.732797   3.732656     1.6280     1.3272     100.00   22.92631  -86.37551   -0.00017   -0.00029     2.7048     2.7233     8.7695     8.7689    35.0372    35.0363    27.1842    27.1836    1520.84    117.598    118.405         30 0.0000e+00
      66470   2769.542    653.815    659.000     8.8198     8.8213   3.730407   3.730556     1.6277     1.3272     100.00   22.92642  -86.37594   -0.00030   -0.00011     2.7058     2.7251     8.7471     8.7486    35.0337    35.0338    27.1850    27.1849    1520.81    117.645    118.482         33 0.0000e+00
      66556   2773.132    656.786    662.000     8.7596     8.7592   3.724274   3.724206     1.6274     1.3261     100.00   22.92633  -86.37552   -0.00004   -0.00023     2.7102     2.7270     8.6869     8.6865    35.0272    35.0268    27.1894    27.1892    1520.69    117.834    118.563         30 0.0000e+00
      66587   2774.426    657.777    663.000     8.7304     8.7308   3.721250   3.721271     1.6265     1.3260     100.00   22.92644  -86.37594   -0.00025   -0.00038     2.7101     2.7288     8.6577     8.6581    35.0237    35.0235    27.1913    27.1911    1520.66    117.830    118.642         31 0.0000e+00
      66672   2777.944    660.748    666.000     8.6550     8.6553   3.713412   3.713408     1.6253     1.3248      86.20   22.92567  -86.37291   -0.00037   -0.00030     2.7131     2.7314     8.5823     8.5826    35.0140    35.0137    27.1954    27.1951    1520.49    117.959    118.756         35 0.0000e+00
      66710   2779.526    661.739    667.000     8.6472     8.6481   3.712731   3.712810     1.6252     1.3250     100.25   22.92646  -86.37596   -0.00023   -0.00035     2.7135     2.7327     8.5745     8.5753    35.0142    35.0142    27.1969    27.1967    1520.51    117.975    118.813         35 0.0000e+00
      66812   2783.774    665.701    671.000     8.5598     8.5600   3.703562   3.703587     1.6235     1.3246     100.00   22.92445  -86.36831   -0.00051   -0.00024     2.7160     2.7391     8.4870     8.4873    35.0015    35.0015    27.2005    27.2004    1520.22    118.086    119.089         36 0.0000e+00
      66858   2785.722    666.692    672.000     8.5562     8.5554   3.703503   3.703411     1.6239     1.3247     100.00   22.92649  -86.37596   -0.00001    0.00009     2.7179     2.7402     8.4834     8.4826    35.0043    35.0041    27.2033    27.2033    1520.32    118.166    119.137         40 0.0000e+00
      66947   2789.397    670.653    676.000     8.4372     8.4388   3.691029   3.691136     1.6226     1.3226      99.99   22.92429  -86.36762   -0.00035   -0.00048     2.7240     2.7431     8.3645     8.3662    34.9877    34.9872    27.2086    27.2080    1520.02    118.431    119.261         31 0.0000e+00
      66989   2791.159    671.644    677.000     8.3868     8.3871   3.686156   3.686155     1.6224     1.3224     100.00   22.92652  -86.37598   -0.00034   -0.00052     2.7272     2.7462     8.3143     8.3146    34.9858    34.9855    27.2150    27.2147    1520.13    118.572    119.398         38 0.0000e+00
      67200   2799.955    679.568    685.000     8.3300     8.3312   3.680627   3.680724     1.6238     1.3235     100.00   22.92602  -86.37394    0.00019   -0.00001     2.7383     2.7565     8.2569     8.2580    34.9796    34.9795    27.2189    27.2186    1519.80    119.053    119.844         30 0.0000e+00
      67362   2806.727    685.510    691.000     8.2770     8.2770   3.675506   3.675476     1.6224     1.3224      84.29   22.92675  -86.37657   -0.00021    0.00006     2.7400     2.7589     8.2035     8.2035    34.9751    34.9747    27.2235    27.2232    1519.62    119.125    119.945         31 0.0000e+00
      67491   2812.069    690.462    696.000     8.2537     8.2576   3.673207   3.673611     1.6218     1.3218      99.55   22.92599  -86.37364   -0.00015   -0.00006     2.7416     2.7602     8.1798     8.1836    34.9716    34.9716    27.2244    27.2238    1519.39    119.196    120.004         30 0.0000e+00
      67681   2819.985    697.395    703.000     8.2037     8.2046   3.668474   3.668544     1.6206     1.3202     100.00   22.92705  -86.37747   -0.00016   -0.00032     2.7441     2.7609     8.1292     8.1301    34.9673    34.9672    27.2288    27.2285    1519.21    119.304    120.033         30 0.0000e+00
      67788   2824.448    701.356    707.000     8.1339     8.1343   3.661342   3.661373     1.6194     1.3199     100.00   22.92590  -86.37314   -0.00027   -0.00004     2.7470     2.7664     8.0593     8.0598    34.9585    34.9584    27.2324    27.2322    1519.00    119.429    120.271         31 0.0000e+00
      67822   2825.859    702.346    708.000     8.1327     8.1332   3.661348   3.661376     1.6198     1.3199     100.00   22.92666  -86.37602   -0.00028   -0.00001     2.7486     2.7668     8.0581     8.0585    34.9594    34.9592    27.2333    27.2331    1519.01    119.500    120.289         32 0.0000e+00
      67959   2831.589    707.298    713.000     8.0712     8.0718   3.655361   3.655383     1.6196     1.3199     100.00   22.92706  -86.37749   -0.00023   -0.00002     2.7542     2.7730     7.9964     7.9969    34.9543    34.9540    27.2385    27.2383    1518.86    119.743    120.559         31 0.0000e+00
      68145   2839.347    714.230    720.000     7.9444     7.9447   3.642787   3.642752     1.6202     1.3211     100.00   22.92616  -86.37391    0.00001    0.00022     2.7678     2.7886     7.8695     7.8697    34.9424    34.9418    27.2481    27.2476    1518.56    120.332    121.238         31 0.0000e+00
      68178   2840.706    715.221    721.000     7.9170     7.9174   3.640126   3.640136     1.6204     1.3211      75.09   22.92674  -86.37604    0.00020    0.00033     2.7710     2.7911     7.8421     7.8425    34.9408    34.9405    27.2510    27.2506    1518.56    120.468    121.342         31 0.0000e+00
      68281   2844.997    719.181    725.000     7.8141     7.8144   3.629912   3.629899     1.6222     1.3230     100.00   22.92638  -86.37469    0.00038    0.00049     2.7853     2.8063     7.7393     7.7396    34.9317    34.9313    27.2590    27.2586    1518.40    121.090    122.003         35 0.0000e+00
      68663   2860.923    733.045    739.000     7.5934     7.5943   3.608410   3.608466     1.6271     1.3272     100.00   22.92668  -86.37563    0.00023    0.00033     2.8221     2.8417     7.5183     7.5192    34.9137    34.9134    27.2772    27.2768    1517.93    122.690    123.542         32 0.0000e+00
      68827   2867.750    738.985    745.000     7.4920     7.4926   3.598547   3.598584     1.6280     1.3282     100.00   22.92633  -86.37421    0.00007    0.00027     2.8350     2.8548     7.4168     7.4174    34.9055    34.9053    27.2854    27.2851    1517.70    123.248    124.109         30 0.0000e+00
      68858   2869.061    739.976    746.000     7.4858     7.4865   3.598071   3.598098     1.6289     1.3290      95.75   22.92684  -86.37610    0.00026    0.00030     2.8386     2.8583     7.4106     7.4113    34.9061    34.9058    27.2867    27.2864    1517.69    123.406    124.261         30 0.0000e+00
      69021   2875.845    745.916    752.000     7.4524     7.4530   3.595037   3.595055     1.6313     1.3307     100.00   22.92645  -86.37458    0.00026    0.00020     2.8507     2.8691     7.3767     7.3773    34.9038    34.9035    27.2898    27.2894    1517.47    123.928    124.730         30 0.0000e+00
      69053   2877.156    746.907    753.000     7.4387     7.4388   3.593786   3.593733     1.6312     1.3309     100.00   22.92686  -86.37612    0.00008    0.00021     2.8517     2.8712     7.3630     7.3631    34.9036    34.9029    27.2916    27.2910    1517.46    123.974    124.820         30 0.0000e+00
      69164   2881.771    750.867    757.000     7.3646     7.3659   3.586668   3.586759     1.6317     1.3324      92.80   22.92737  -86.37803    0.00017    0.00037     2.8604     2.8830     7.2889     7.2902    34.8988    34.8985    27.2984    27.2980    1517.36    124.349    125.335         35 0.0000e+00
      69270   2886.222    754.827    761.000     7.3352     7.3357   3.583849   3.583862     1.6338     1.3345     100.00   22.92651  -86.37469    0.00046    0.00042     2.8708     2.8939     7.2592     7.2598    34.8956    34.8952    27.3001    27.2997    1517.17    124.803    125.809         38 0.0000e+00
      69375   2890.579    758.788    765.000     7.2202     7.2207   3.572765   3.572778     1.6343     1.3352     100.00   22.92620  -86.37351   -0.00001    0.00005     2.8830     2.9067     7.1445     7.1450    34.8883    34.8880    27.3106    27.3102    1517.01    125.331    126.364         31 0.0000e+00
      69410   2892.039    759.778    766.000     7.2101     7.2106   3.571932   3.571932     1.6363     1.3366     100.00   22.92690  -86.37615    0.00047    0.00051     2.8902     2.9126     7.1343     7.1348    34.8890    34.8885    27.3126    27.3121    1517.03    125.643    126.618         33 0.0000e+00
      69547   2897.751    764.728    771.000     7.1246     7.1252   3.564224   3.564251     1.6427     1.3430     100.00   22.92677  -86.37557    0.00115    0.00138     2.9191     2.9429     7.0488     7.0494    34.8885    34.8882    27.3242    27.3238    1516.85    126.900    127.936         30 0.0000e+00
      69657   2902.342    768.688    775.000     7.0992     7.0998   3.561998   3.562033     1.6471     1.3472     100.00   22.92652  -86.37456    0.00094    0.00089     2.9365     2.9609     7.0231     7.0238    34.8877    34.8875    27.3272    27.3269    1516.70    127.654    128.715         30 0.0000e+00
      69689   2903.659    769.678    776.000     7.0937     7.0942   3.561584   3.561606     1.6479     1.3478     100.00   22.92696  -86.37617    0.00067    0.00071     2.9396     2.9639     7.0176     7.0181    34.8883    34.8880    27.3284    27.3281    1516.70    127.793    128.845         30 0.0000e+00
      69797   2908.171    773.638    780.000     7.0071     7.0072   3.553504   3.553468     1.6498     1.3484      96.78   22.92715  -86.37691    0.00035    0.00008     2.9541     2.9741     6.9311     6.9312    34.8851    34.8847    27.3379    27.3376    1516.58    128.418    129.290         32 0.0000e+00
      69960   2914.959    779.578    786.000     6.9491     6.9496   3.549123   3.549152     1.6580     1.3569     100.00   22.92666  -86.37499    0.00127    0.00119     2.9871     3.0102     6.8728     6.8733    34.8927    34.8925    27.3519    27.3517    1516.35    129.851    130.856         31 0.0000e+00
      69992   2916.300    780.568    787.000     6.9377     6.9381   3.548068   3.548081     1.6594     1.3583      85.70   22.92698  -86.37620    0.00133    0.00129     2.9928     3.0164     6.8613     6.8618    34.8922    34.8918    27.3531    27.3528    1516.34    130.099    131.124         31 0.0000e+00
      70290   2928.712    791.457    798.000     6.8573     6.8580   3.541494   3.541525     1.6701     1.3678     100.00   22.92642  -86.37387    0.00097    0.00072     3.0374     3.0597     6.7803     6.7810    34.8957    34.8953    27.3669    27.3666    1515.95    132.039    133.008         31 0.0000e+00
      70324   2930.112    792.447    799.000     6.8580     6.8584   3.541672   3.541701     1.6705     1.3682     100.00   22.92706  -86.37624    0.00065    0.00032     3.0391     3.0615     6.7808     6.7813    34.8966    34.8965    27.3676    27.3675    1515.95    132.110    133.083         31 0.0000e+00
      70487   2936.927    798.386    805.000     6.9009     6.9016   3.547143   3.547170     1.6715     1.3676     100.00   22.92700  -86.37594    0.00015    0.00002     3.0408     3.0580     6.8229     6.8236    34.9105    34.9100    27.3728    27.3723    1515.76    132.185    132.932         30 0.0000e+00
      70653   2943.817    804.326    811.000     6.8830     6.8837   3.546576   3.546600     1.6719     1.3691     100.00   22.92699  -86.37577    0.00009    0.00009     3.0459     3.0667     6.8045     6.8052    34.9194    34.9190    27.3824    27.3819    1515.57    132.406    133.307         31 0.0000e+00
