Gulf of Mexico/GOMECC-4/1db/rb2103_0141.ros
* Sea-Bird SBE 9 Data File:
* FileName = C:\Users\scs.user.rb\CTD\GOMECC4\data\rb2103_0141.hex
* Software Version Seasave V 7.26.7.107
* Temperature SN = 4799
* Conductivity SN = 3860
* Number of Bytes Per Scan = 41
* Number of Voltage Words = 4
* Number of Scans Averaged by the Deck Unit = 1
* NMEA Latitude = 27 06.71 N
* NMEA Longitude = 084 20.03 W
* NMEA UTC (Time) = Sep 18 2021  23:46:35
* NMEA baud rate = 4800
# nquan = 17
# nvalues = 1729                                  
# units = specified
# name 0 = scan: Scan Count
# name 1 = timeS: Time, Elapsed [seconds]
# name 2 = depSM: Depth [salt water, m]
# name 3 = prDM: Pressure, Digiquartz [db]
# name 4 = t090C: Temperature [ITS-90, deg C]
# name 5 = t190C: Temperature, 2 [ITS-90, deg C]
# name 6 = c0S/m: Conductivity [S/m]
# name 7 = c1S/m: Conductivity, 2 [S/m]
# name 8 = sbeox0V: Oxygen raw, SBE 43 [V]
# name 9 = sbeox1V: Oxygen raw, SBE 43, 2 [V]
# name 10 = altM: Altimeter [m]
# name 11 = latitude: Latitude [deg]
# name 12 = longitude: Longitude [deg]
# name 13 = sbox0dV/dT: Oxygen, SBE 43 [dov/dt]
# name 14 = sbox1dV/dT: Oxygen, SBE 43, 2 [dov/dt]
# name 15 = nbf: Bottles Fired
# name 16 = flag:  0.000e+00
# interval = seconds: 0.0416667
# start_time = Sep 18 2021 23:46:35 [NMEA time, header]
# bad_flag = -9.990e-29
*END*
[from data line 681]
      30788   1282.792     59.785     60.190    22.1291    22.1044   5.174129   5.171166     2.8840     2.4676      73.92   27.11214  -84.33272    0.00032   -0.00004          6  0.000e+00
      30789   1282.833     59.785     60.190    22.1293    22.1006   5.174144   5.171357     2.8840     2.4664      73.92   27.11214  -84.33272    0.00034   -0.00007          6  0.000e+00
      30790   1282.875     59.785     60.190    22.1296    22.0961   5.174107   5.171486     2.8840     2.4664      73.92   27.11214  -84.33272    0.00037   -0.00010          6  0.000e+00
      30791   1282.917     59.785     60.190    22.1291    22.0975   5.174032   5.171600     2.8840     2.4664      73.92   27.11214  -84.33272    0.00040   -0.00013          6  0.000e+00
      30792   1282.958     59.785     60.190    22.1288    22.1035   5.173949   5.171821     2.8840     2.4664      73.92   27.11214  -84.33272    0.00043   -0.00015          6  0.000e+00
      30793   1283.000     59.785     60.190    22.1282    22.1066   5.173956   5.171958     2.8840     2.4664      73.92   27.11214  -84.33272    0.00046   -0.00016          6  0.000e+00
      30794   1283.042     59.724     60.129    22.1288    22.1037   5.173941   5.172012     2.8840     2.4664      73.92   27.11214  -84.33272    0.00049   -0.00019          6  0.000e+00
      30795   1283.083     59.785     60.190    22.1286    22.1052   5.173994   5.172019     2.8840     2.4664      73.92   27.11214  -84.33272    0.00050   -0.00022          6  0.000e+00
      30796   1283.125     59.785     60.190    22.1286    22.1060   5.173979   5.172088     2.8840     2.4664      73.92   27.11214  -84.33272    0.00051   -0.00024          6  0.000e+00
      30797   1283.167     59.785     60.190    22.1286    22.1045   5.173971   5.172202     2.8840     2.4664      73.99   27.11214  -84.33272    0.00052   -0.00027          6  0.000e+00
      30798   1283.208     59.785     60.190    22.1286    22.1094   5.174039   5.172370     2.8852     2.4664      74.04   27.11214  -84.33272    0.00055   -0.00030          6  0.000e+00
      30799   1283.250     59.785     60.190    22.1286    22.1108   5.174092   5.172339     2.8840     2.4664      74.04   27.11214  -84.33272    0.00055   -0.00032          6  0.000e+00
      30800   1283.292     59.724     60.129    22.1286    22.1075   5.174069   5.172446     2.8840     2.4664      74.04   27.11214  -84.33272    0.00056   -0.00035          6  0.000e+00
      30801   1283.333     59.785     60.190    22.1286    22.1116   5.174092   5.172598     2.8852     2.4652      74.04   27.11214  -84.33272    0.00059   -0.00039          6  0.000e+00
      30802   1283.375     59.724     60.129    22.1288    22.1172   5.174099   5.172720     2.8852     2.4652      74.04   27.11214  -84.33272    0.00061   -0.00044          6  0.000e+00
      30803   1283.417     59.838     60.243    22.1288    22.1193   5.174099   5.172781     2.8840     2.4652      74.04   27.11214  -84.33272    0.00062   -0.00048          6  0.000e+00
      30804   1283.458     59.724     60.129    22.1290    22.1212   5.174099   5.172834     2.8840     2.4652      74.04   27.11214  -84.33272    0.00063   -0.00051          6  0.000e+00
      30805   1283.500     59.785     60.190    22.1290    22.1223   5.174129   5.172872     2.8840     2.4652      74.04   27.11214  -84.33272    0.00063   -0.00053          6  0.000e+00
      30806   1283.542     59.785     60.190    22.1286    22.1223   5.174114   5.172918     2.8840     2.4652      74.04   27.11214  -84.33272    0.00064   -0.00055          6  0.000e+00
      30807   1283.583     59.724     60.129    22.1282    22.1218   5.174099   5.172888     2.8840     2.4652      74.04   27.11214  -84.33272    0.00064   -0.00058          6  0.000e+00
      30808   1283.625     59.724     60.129    22.1286    22.1212   5.174069   5.172910     2.8840     2.4640      74.04   27.11214  -84.33272    0.00065   -0.00062          6  0.000e+00
      30809   1283.667     59.785     60.190    22.1284    22.1223   5.174092   5.172926     2.8840     2.4640      74.04   27.11214  -84.33272    0.00065   -0.00066          6  0.000e+00
      30810   1283.708     59.785     60.190    22.1284    22.1223   5.174069   5.172888     2.8840     2.4640      74.04   27.11214  -84.33272    0.00066   -0.00069          6  0.000e+00
      30811   1283.750     59.785     60.190    22.1284    22.1200   5.174122   5.172880     2.8840     2.4640      74.04   27.11214  -84.33272    0.00066   -0.00073          6  0.000e+00
      30812   1283.792     59.724     60.129    22.1284    22.1188   5.174107   5.172888     2.8852     2.4640      74.04   27.11214  -84.33272    0.00068   -0.00077          6  0.000e+00
      30813   1283.833     59.785     60.190    22.1282    22.1177   5.174099   5.172850     2.8840     2.4640      74.04   27.11214  -84.33272    0.00069   -0.00078          6  0.000e+00
      30814   1283.875     59.724     60.129    22.1284    22.1150   5.174129   5.172743     2.8840     2.4640      74.04   27.11214  -84.33272    0.00069   -0.00080          6  0.000e+00
      30815   1283.917     59.785     60.190    22.1284    22.1086   5.174144   5.172743     2.8852     2.4628      74.04   27.11214  -84.33272    0.00071   -0.00083          6  0.000e+00
      30816   1283.958     59.785     60.190    22.1282    22.1051   5.174114   5.172614     2.8840     2.4628      74.04   27.11214  -84.33272    0.00071   -0.00088          6  0.000e+00
      30817   1284.000     59.724     60.129    22.1286    22.1073   5.174129   5.172583     2.8840     2.4628      74.04   27.11214  -84.33272    0.00071   -0.00092          6  0.000e+00
      30818   1284.042     59.785     60.190    22.1282    22.1109   5.174144   5.172476     2.8840     2.4628      74.04   27.11214  -84.33272    0.00071   -0.00095          6  0.000e+00
      30819   1284.083     59.724     60.129    22.1286    22.1147   5.174144   5.172377     2.8852     2.4628      74.04   27.11214  -84.33272    0.00073   -0.00098          6  0.000e+00
      30820   1284.125     59.785     60.190    22.1286    22.1133   5.174144   5.172301     2.8852     2.4615      74.04   27.11214  -84.33272    0.00073   -0.00102          6  0.000e+00
      30821   1284.167     59.725     60.129    22.1284    22.1063   5.174114   5.172240     2.8864     2.4628      73.94   27.11214  -84.33272    0.00076   -0.00104          6  0.000e+00
      30822   1284.208     59.785     60.190    22.1284    22.1022   5.174129   5.172134     2.8864     2.4628      73.89   27.11214  -84.33272    0.00080   -0.00108          6  0.000e+00
      30823   1284.250     59.725     60.129    22.1286    22.1007   5.174107   5.172149     2.8852     2.4615      73.89   27.11214  -84.33272    0.00079   -0.00113          6  0.000e+00
      30824   1284.292     59.725     60.129    22.1286    22.1006   5.174099   5.172149     2.8864     2.4628      73.89   27.11214  -84.33272    0.00081   -0.00116          6  0.000e+00
      30825   1284.333     59.785     60.190    22.1286    22.1042   5.174129   5.172172     2.8852     2.4615      73.89   27.11214  -84.33272    0.00080   -0.00121          6  0.000e+00
      30826   1284.375     59.725     60.129    22.1286    22.1072   5.174114   5.172194     2.8852     2.4628      73.87   27.11214  -84.33272    0.00079   -0.00124          6  0.000e+00
      30827   1284.417     59.725     60.129    22.1286    22.1076   5.174069   5.172088     2.8864     2.4628      73.89   27.11214  -84.33272    0.00080   -0.00127          6  0.000e+00
      30828   1284.458     59.785     60.190    22.1284    22.1073   5.174084   5.172103     2.8864     2.4628      73.89   27.11214  -84.33272    0.00083   -0.00130          6  0.000e+00
      30829   1284.500     59.785     60.190    22.1286    22.1067   5.174129   5.172141     2.8864     2.4628      73.87   27.11214  -84.33272    0.00085   -0.00133          6  0.000e+00
      30830   1284.542     59.725     60.129    22.1286    22.1061   5.174144   5.172210     2.8852     2.4628      73.89   27.11214  -84.33272    0.00086   -0.00135          6  0.000e+00
      30831   1284.583     59.725     60.129    22.1288    22.1090   5.174114   5.172370     2.8864     2.4628      73.89   27.11214  -84.33272    0.00088   -0.00138          6  0.000e+00
      30832   1284.625     59.785     60.190    22.1290    22.1099   5.174129   5.172507     2.8864     2.4640      73.89   27.11214  -84.33272    0.00088   -0.00138          6  0.000e+00
      30833   1284.667     59.725     60.129    22.1291    22.1064   5.174107   5.172659     2.8864     2.4628      73.87   27.11214  -84.33272    0.00089   -0.00140          6  0.000e+00
      30834   1284.708     59.725     60.129    22.1293    22.1074   5.174167   5.172842     2.8864     2.4640      73.89   27.11214  -84.33272    0.00089   -0.00141          6  0.000e+00
      30835   1284.750     59.785     60.190    22.1293    22.1113   5.174152   5.172880     2.8852     2.4640      73.89   27.11214  -84.33272    0.00087   -0.00141          6  0.000e+00
      30836   1284.792     59.725     60.129    22.1291    22.1122   5.174144   5.172949     2.8864     2.4640      73.87   27.11214  -84.33272    0.00089   -0.00141          6  0.000e+00
      30837   1284.833     59.785     60.190    22.1286    22.1130   5.174107   5.172964     2.8864     2.4640      73.89   27.11214  -84.33272    0.00090   -0.00141          6  0.000e+00
      30838   1284.875     59.725     60.129    22.1286    22.1177   5.174099   5.173032     2.8864     2.4640      73.87   27.11214  -84.33272    0.00090   -0.00141          6  0.000e+00
      30839   1284.917     59.785     60.190    22.1282    22.1214   5.174032   5.173055     2.8864     2.4640      73.89   27.11214  -84.33272    0.00089   -0.00140          6  0.000e+00
      30840   1284.958     59.725     60.129    22.1275    22.1236   5.173949   5.173116     2.8852     2.4640      73.89   27.11214  -84.33272    0.00087   -0.00140          6  0.000e+00
      30841   1285.000     59.725     60.129    22.1268    22.1248   5.173926   5.173200     2.8864     2.4640      73.89   27.11214  -84.33272    0.00086   -0.00140          6  0.000e+00
      30842   1285.042     59.785     60.190    22.1265    22.1250   5.173866   5.173329     2.8864     2.4652      73.87   27.11214  -84.33272    0.00085   -0.00137          6  0.000e+00
      30843   1285.083     59.725     60.129    22.1261    22.1253   5.173844   5.173421     2.8864     2.4652      73.89   27.11214  -84.33272    0.00084   -0.00135          6  0.000e+00
      30844   1285.125     59.785     60.190    22.1263    22.1257   5.173844   5.173512     2.8864     2.4640      73.89   27.11214  -84.33272    0.00083   -0.00134          6  0.000e+00
      30845   1285.167     59.725     60.129    22.1261    22.1259   5.173874   5.173527     2.8864     2.4640      73.92   27.11214  -84.33272    0.00082   -0.00133          6  0.000e+00
      30846   1285.208     59.725     60.129    22.1263    22.1257   5.173821   5.173588     2.8864     2.4640      73.94   27.11214  -84.33272    0.00080   -0.00132          6  0.000e+00
      30847   1285.250     59.785     60.190    22.1259    22.1261   5.173799   5.173710     2.8864     2.4640      73.94   27.11214  -84.33272    0.00079   -0.00131          6  0.000e+00
      30848   1285.292     59.725     60.129    22.1256    22.1257   5.173829   5.173741     2.8864     2.4640      73.94   27.11214  -84.33272    0.00079   -0.00130          6  0.000e+00
      30849   1285.333     59.785     60.190    22.1258    22.1255   5.173776   5.173779     2.8852     2.4640      73.94   27.11214  -84.33272    0.00077   -0.00131          6  0.000e+00
      30850   1285.375     59.785     60.190    22.1265    22.1255   5.173851   5.173817     2.8852     2.4640      73.92   27.11214  -84.33272    0.00075   -0.00131          6  0.000e+00
      30851   1285.417     59.725     60.129    22.1261    22.1255   5.173889   5.173832     2.8852     2.4640      73.94   27.11214  -84.33272    0.00073   -0.00132          6  0.000e+00
      30852   1285.458     59.725     60.129    22.1266    22.1259   5.173911   5.173802     2.8852     2.4640      73.94   27.11214  -84.33272    0.00073   -0.00130          6  0.000e+00
      30853   1285.500     59.785     60.190    22.1272    22.1254   5.173956   5.173787     2.8852     2.4640      73.94   27.11214  -84.33272    0.00073   -0.00129          6  0.000e+00
      30854   1285.542     59.725     60.129    22.1275    22.1244   5.174039   5.173748     2.8852     2.4640      73.94   27.11214  -84.33272    0.00071   -0.00127          6  0.000e+00
      30855   1285.583     59.785     60.190    22.1279    22.1227   5.174062   5.173718     2.8852     2.4640      73.94   27.11214  -84.33272    0.00070   -0.00125          6  0.000e+00
      30856   1285.625     59.785     60.190    22.1279    22.1216   5.174062   5.173703     2.8852     2.4640      73.94   27.11214  -84.33272    0.00068   -0.00123          6  0.000e+00
      30857   1285.667     59.785     60.190    22.1281    22.1216   5.174062   5.173642     2.8852     2.4640      73.92   27.11214  -84.33272    0.00068   -0.00121          6  0.000e+00
      30858   1285.708     59.725     60.129    22.1281    22.1214   5.174062   5.173611     2.8852     2.4652      73.94   27.11214  -84.33272    0.00067   -0.00117          6  0.000e+00
      30859   1285.750     59.785     60.190    22.1284    22.1198   5.174092   5.173482     2.8840     2.4652      73.94   27.11214  -84.33272    0.00063   -0.00114          6  0.000e+00
      30860   1285.792     59.725     60.129    22.1282    22.1191   5.174069   5.173444     2.8852     2.4652      73.94   27.11214  -84.33272    0.00061   -0.00110          6  0.000e+00
      30861   1285.833     59.785     60.190    22.1282    22.1179   5.174062   5.173375     2.8840     2.4652      73.94   27.11214  -84.33272    0.00058   -0.00106          6  0.000e+00
      30862   1285.875     59.785     60.190    22.1282    22.1181   5.174062   5.173390     2.8852     2.4652      73.94   27.11214  -84.33272    0.00058   -0.00101          6  0.000e+00
      30863   1285.917     59.725     60.129    22.1284    22.1184   5.174122   5.173429     2.8852     2.4664      73.94   27.11214  -84.33272    0.00057   -0.00095          6  0.000e+00
      30864   1285.958     59.785     60.190    22.1284    22.1195   5.174047   5.173444     2.8840     2.4664      73.94   27.11214  -84.33272    0.00055   -0.00090          6  0.000e+00
      30865   1286.000     59.785     60.190    22.1284    22.1200   5.174077   5.173383     2.8852     2.4664      73.94   27.11214  -84.33272    0.00054   -0.00084          6  0.000e+00
      30866   1286.042     59.785     60.190    22.1284    22.1207   5.174099   5.173390     2.8840     2.4664      73.94   27.11214  -84.33272    0.00050   -0.00077          6  0.000e+00
      30867   1286.083     59.785     60.190    22.1286    22.1212   5.174099   5.173398     2.8852     2.4664      73.94   27.11214  -84.33272    0.00049   -0.00071          6  0.000e+00
      30868   1286.125     59.725     60.129    22.1284    22.1214   5.174129   5.173360     2.8840     2.4664      73.94   27.11214  -84.33272    0.00044   -0.00065          6  0.000e+00
      30869   1286.167     59.785     60.190    22.1288    22.1214   5.174174   5.173352     2.8840     2.4676      73.94   27.11214  -84.33272    0.00040   -0.00057          6  0.000e+00
      30870   1286.208     59.785     60.190    22.1286    22.1207   5.174122   5.173291     2.8840     2.4664      73.92   27.11214  -84.33272    0.00037   -0.00051          6  0.000e+00
      30871   1286.250     59.785     60.190    22.1288    22.1184   5.174167   5.173208     2.8840     2.4676      73.92   27.11214  -84.33272    0.00035   -0.00043          6  0.000e+00
