Gulf of Mexico/GOMECC-4/1db/rb2103_1131.cnv
* Sea-Bird SBE 9 Data File:
* FileName = C:\Users\scs.user.rb\CTD\GOMECC4\data\rb2103_1131.hex
* Software Version Seasave V 7.26.7.107
* Temperature SN = 4799
* Conductivity SN = 3860
* Number of Bytes Per Scan = 41
* Number of Voltage Words = 4
* Number of Scans Averaged by the Deck Unit = 1
* NMEA Latitude = 22 12.33 N
* NMEA Longitude = 086 49.99 W
* NMEA UTC (Time) = Oct 15 2021  12:44:10
* NMEA baud rate = 4800
# nquan = 28
# nvalues = 154                         
# units = specified
# name 0 = scan: Scan Count
# name 1 = timeS: Time, Elapsed [seconds]
# name 2 = depSM: Depth [salt water, m]
# name 3 = prDM: Pressure, Digiquartz [db]
# name 4 = t090C: Temperature [ITS-90, deg C]
# name 5 = t190C: Temperature, 2 [ITS-90, deg C]
# name 6 = c0S/m: Conductivity [S/m]
# name 7 = c1S/m: Conductivity, 2 [S/m]
# name 8 = sbeox0V: Oxygen raw, SBE 43 [V]
# name 9 = sbeox1V: Oxygen raw, SBE 43, 2 [V]
# name 10 = altM: Altimeter [m]
# name 11 = latitude: Latitude [deg]
# name 12 = longitude: Longitude [deg]
# name 13 = sbox0dV/dT: Oxygen, SBE 43 [dov/dt]
# name 14 = sbox1dV/dT: Oxygen, SBE 43, 2 [dov/dt]
# name 15 = sbeox0ML/L: Oxygen, SBE 43 [ml/l], WS = 5
# name 16 = sbeox1ML/L: Oxygen, SBE 43, 2 [ml/l], WS = 5
# name 17 = potemp090C: Potential Temperature [ITS-90, deg C]
# name 18 = potemp190C: Potential Temperature, 2 [ITS-90, deg C]
# name 19 = sal00: Salinity, Practical [PSU]
# name 20 = sal11: Salinity, Practical, 2 [PSU]
# name 21 = sigma-é00: Density [sigma-theta, kg/m^3]
# name 22 = sigma-é11: Density, 2 [sigma-theta, kg/m^3]
# name 23 = avgsvCM: Average Sound Velocity [Chen-Millero, m/s], minP = 20, minS = 20
# name 24 = sbox0Mm/Kg: Oxygen, SBE 43 [umol/kg], WS = 5
# name 25 = sbox1Mm/Kg: Oxygen, SBE 43, 2 [umol/kg], WS = 5
# name 26 = nbin: number of scans per bin
# name 27 = flag: flag
# span 0 =       5938,      29949       
# span 1 =    247.394,   1247.852       
# span 2 =      0.994,     91.405       
# span 3 =      1.000,     92.000       
# span 4 =    18.5292,    28.6732       
# span 5 =    18.5304,    28.6765       
# span 6 =   4.816119,   5.871452       
# span 7 =   4.816340,   5.871923       
# span 8 =     2.0525,     3.1140       
# span 9 =     1.7061,     2.6369       
# span 10 =       5.52,      95.33      
# span 11 =   21.95140,   22.25472      
# span 12 =  -87.02542,  -85.83927      
# span 13 =   -0.06262,    0.01103      
# span 14 =   -0.06095,    0.01250      
# span 15 =     2.9309,     4.3295      
# span 16 =     2.9428,     4.3162      
# span 17 =    18.5137,    28.6727      
# span 18 =    18.5150,    28.6760      
# span 19 =    36.1086,    36.5921      
# span 20 =    36.1533,    36.5930      
# span 21 =    23.0978,    26.2651      
# span 22 =    23.0973,    26.2684      
# span 23 =       0.00,    1534.51      
# span 24 =    127.558,    188.989      
# span 25 =    128.081,    188.409      
# span 26 =         30,         71      
# span 27 = 0.0000e+00, 0.0000e+00      
# interval = decibars: 1                
# start_time = Oct 15 2021 12:44:10 [NMEA time, header]
# bad_flag = -9.990e-29
*END*
       5938    247.394      3.975      4.000    28.6580    28.6580   5.869670   5.869812     3.1120     2.6240      91.95   22.20548  -86.83296    0.00142    0.00022     4.3282     4.2928    28.6571    28.6571    36.2290    36.2301    23.1019    23.1027       0.00    188.931    187.389         56 0.0000e+00
       5985    249.322      4.969      5.000    28.6352    28.6336   5.867314   5.867340     3.1094     2.6255      91.29   22.20548  -86.83296    0.00084    0.00062     4.3267     4.2967    28.6341    28.6324    36.2298    36.2314    23.1101    23.1119       0.00    188.866    187.557         40 0.0000e+00
       6033    251.326      5.963      6.000    28.5148    28.5159   5.854914   5.855282     3.1034     2.6185      90.15   22.20548  -86.83296   -0.00221   -0.00117     4.3245     4.2929    28.5133    28.5145    36.2349    36.2366    23.1542    23.1550       0.00    188.761    187.384         59 0.0000e+00
       6090    253.729      6.956      7.000    28.3851    28.3930   5.841772   5.842628     3.0919     2.6117      89.04   22.20548  -86.83296   -0.00402   -0.00350     4.3148     4.2875    28.3835    28.3913    36.2420    36.2425    23.2025    23.2003       0.00    188.331    187.139         48 0.0000e+00
       6132    255.465      7.950      8.000    28.2361    28.2412   5.826300   5.827177     3.0843     2.6067      88.35   22.20548  -86.83296   -0.00489   -0.00236     4.3116     4.2892    28.2342    28.2393    36.2474    36.2497    23.2560    23.2560       0.00    188.182    187.203         40 0.0000e+00
       6179    257.435      8.944      9.000    28.1131    28.0954   5.813727   5.812176     3.0752     2.6026      87.30   22.20548  -86.83296   -0.00460   -0.00277     4.3060     4.2915    28.1109    28.0933    36.2534    36.2560    23.3011    23.3088       0.00    187.925    187.293         57 0.0000e+00
       6236    259.778      9.937     10.000    27.9889    27.9941   5.800994   5.801842     3.0690     2.5926      86.09   22.20548  -86.83295   -0.00357   -0.00350     4.3031     4.2789    27.9866    27.9917    36.2589    36.2609    23.3461    23.3460       0.00    187.792    186.739         47 0.0000e+00
       6277    261.485     10.931     11.000    27.9626    27.9638   5.798336   5.798766     3.0634     2.5893      84.64   22.20548  -86.83294   -0.00267   -0.00312     4.2955     4.2748    27.9600    27.9612    36.2602    36.2622    23.3558    23.3569       0.00    187.457    186.556         43 0.0000e+00
       6328    263.626     11.925     12.000    27.8845    27.8855   5.790877   5.791270     3.0561     2.5851      84.23   22.20548  -86.83294   -0.00330   -0.00229     4.2868     4.2718    27.8816    27.8826    36.2657    36.2675    23.3857    23.3867       0.00    187.076    186.417         55 0.0000e+00
       6376    265.642     12.918     13.000    27.8822    27.8829   5.790600   5.790934     3.0518     2.5812      83.37   22.20548  -86.83294   -0.00296   -0.00176     4.2811     4.2650    27.8791    27.8799    36.2670    36.2687    23.3874    23.3885       0.00    186.825    186.123         44 0.0000e+00
       6426    267.700     13.912     14.000    27.8591    27.8646   5.788479   5.789222     3.0498     2.5798      82.24   22.20548  -86.83294   -0.00137   -0.00119     4.2797     4.2638    27.8558    27.8613    36.2695    36.2705    23.3970    23.3959       0.00    186.760    186.070         56 0.0000e+00
       6478    269.868     14.906     15.000    27.6874    27.7047   5.771651   5.773145     3.0404     2.5756      81.32   22.20548  -86.83294   -0.00263   -0.00167     4.2757     4.2671    27.6881    27.7012    36.2795    36.2800    23.4593    23.4554       0.00    186.575    186.203         45 0.0000e+00
       6521    271.656     15.899     16.000    25.1352    25.1223   5.511538   5.511528     2.9485     2.4599      80.23   22.20548  -86.83294   -0.01999   -0.02354     4.2478     4.1742    25.1318    25.1188    36.4074    36.4083    24.3642    24.3689       0.00    185.193    181.985         45 0.0000e+00
       6571    273.759     16.893     17.000    24.8150    24.8128   5.480193   5.480469     2.8122     2.3504      79.27   22.20548  -86.83294   -0.06262   -0.06095     4.0576     3.9950    24.8113    24.8092    36.4318    36.4357    24.4813    24.4849       0.00    176.884    174.154         53 0.0000e+00
       6620    275.781     17.887     18.000    24.4259    24.4228   5.441723   5.441701     2.7408     2.3043      78.36   22.20548  -86.83294   -0.04506   -0.03235     3.9334     3.9106    24.4221    24.4190    36.4551    36.4568    24.6169    24.6191       0.00    171.447    170.452         44 0.0000e+00
       6666    277.697     18.881     19.000    24.3154    24.3168   5.430561   5.430991     2.6886     2.2614      77.43   22.20548  -86.83294   -0.03247   -0.02337     3.8525     3.8365    24.3113    24.3127    36.4635    36.4655    24.6566    24.6577       0.00    167.915    167.216         52 0.0000e+00
       6721    279.987     19.874     20.000    24.2604    24.2641   5.425771   5.426411     2.6551     2.2393      76.46   22.20548  -86.83294   -0.01924   -0.01492     3.7917     3.7929    24.2562    24.2598    36.4718    36.4737    24.6795    24.6798     692.75    165.260    165.312         49 0.0000e+00
       6762    281.719     20.868     21.000    24.2020    24.2057   5.419973   5.420547     2.6412     2.2302      75.48   22.20548  -86.83294   -0.01124   -0.00680     3.7688     3.7774    24.1975    24.2012    36.4753    36.4766    24.6997    24.6996    1510.57    164.260    164.632         42 0.0000e+00
       6815    283.899     21.862     22.000    23.9939    23.9912   5.398498   5.398524     2.6181     2.2057      74.40   22.20548  -86.83294   -0.00923   -0.00812     3.7339     3.7365    23.9893    23.9866    36.4821    36.4829    24.7671    24.7685    1534.51    162.724    162.837         59 0.0000e+00
       6866    286.041     22.855     23.000    23.8493    23.8493   5.383818   5.383993     2.5891     2.1814      73.52   22.20548  -86.83293   -0.01253   -0.01193     3.6912     3.6951    23.8444    23.8445    36.4886    36.4899    24.8151    24.8161    1534.47    160.859    161.027         44 0.0000e+00
       6911    287.899     23.849     24.000    23.7651    23.7642   5.375600   5.375740     2.5665     2.1583      72.53   22.20548  -86.83292   -0.01317   -0.01236     3.6527     3.6505    23.7600    23.7591    36.4947    36.4965    24.8448    24.8464    1534.43    159.176    159.079         47 0.0000e+00
       6961    290.003     24.842     25.000    23.6822    23.6806   5.367616   5.367679     2.5464     2.1391      71.52   22.20548  -86.83292   -0.01080   -0.01052     3.6188     3.6141    23.6770    23.6753    36.5015    36.5033    24.8745    24.8764    1534.39    157.694    157.488         54 0.0000e+00
       7014    292.218     25.836     26.000    23.4883    23.4790   5.349347   5.349044     2.5301     2.1261      70.58   22.20548  -86.83292   -0.00836   -0.00753     3.5971     3.5959    23.4796    23.4736    36.5209    36.5237    24.9475    24.9514    1534.34    156.737    156.683         49 0.0000e+00
       7061    294.164     26.830     27.000    23.3807    23.3817   5.339515   5.339891     2.5068     2.1026      69.56   22.20548  -86.83292   -0.00894   -0.00829     3.5603     3.5530    23.3751    23.3761    36.5341    36.5361    24.9881    24.9894    1534.27    155.127    154.806         47 0.0000e+00
       7111    296.250     27.823     28.000    23.2685    23.2725   5.328229   5.328797     2.4958     2.1005      68.54   22.20548  -86.83292   -0.00950   -0.00656     3.5457     3.5552    23.2627    23.2667    36.5386    36.5405    25.0245    25.0249    1534.21    154.485    154.900         53 0.0000e+00
       7161    298.353     28.817     29.000    23.2384    23.2388   5.325740   5.326004     2.4916     2.0973      67.59   22.20548  -86.83292   -0.00254   -0.00013     3.5402     3.5509    23.2324    23.2328    36.5451    36.5468    25.0383    25.0395    1534.14    154.241    154.712         46 0.0000e+00
       7207    300.268     29.810     30.000    23.2346    23.2349   5.326002   5.326239     2.4697     2.0747      66.70   22.20548  -86.83292   -0.00533   -0.00528     3.4970     3.5017    23.2284    23.2287    36.5499    36.5515    25.0431    25.0443    1534.07    152.359    152.565         50 0.0000e+00
       7261    302.511     30.804     31.000    23.1996    23.1982   5.322917   5.322988     2.4457     2.0502      65.68   22.20548  -86.83292   -0.01151   -0.01206     3.4515     3.4503    23.1932    23.1918    36.5548    36.5565    25.0571    25.0588    1534.01    150.376    150.324         53 0.0000e+00
       7309    304.483     31.798     32.000    23.0843    23.1007   5.311257   5.313070     2.4088     2.0147      64.68   22.20548  -86.83292   -0.01460   -0.01441     3.3829     3.3772    23.0763    23.0942    36.5612    36.5619    25.0960    25.0919    1533.95    147.380    147.134         45 0.0000e+00
       7355    306.430     32.791     33.000    22.9107    22.9355   5.293221   5.296022     2.3642     1.9761      63.71   22.20548  -86.83292   -0.02105   -0.01920     3.3069     3.3026    22.9039    22.9287    36.5644    36.5654    25.1485    25.1421    1533.88    144.062    143.879         49 0.0000e+00
       7409    308.678     33.785     34.000    22.7147    22.7113   5.272357   5.272257     2.3205     1.9357      62.69   22.20548  -86.83292   -0.02111   -0.01881     3.2315     3.2262    22.7077    22.7044    36.5652    36.5668    25.2058    25.2080    1533.80    140.769    140.537         56 0.0000e+00
       7458    310.723     34.778     35.000    22.5766    22.5747   5.257248   5.257205     2.2934     1.9160      61.79   22.20548  -86.83292   -0.01676   -0.01459     3.1854     3.1904    22.5695    22.5676    36.5624    36.5636    25.2434    25.2449    1533.72    138.758    138.977         43 0.0000e+00
       7504    312.618     35.772     36.000    22.5224    22.5224   5.251031   5.251224     2.2821     1.9090      60.79   22.20548  -86.83292   -0.01003   -0.00684     3.1663     3.1783    22.5152    22.5152    36.5588    36.5603    25.2562    25.2574    1533.63    137.922    138.444         52 0.0000e+00
       7559    314.910     36.766     37.000    22.5039    22.5053   5.248811   5.249184     2.2811     1.9072      59.75   22.20548  -86.83292   -0.00249   -0.00183     3.1657     3.1756    22.4964    22.4978    36.5566    36.5583    25.2600    25.2609    1533.54    137.896    138.329         51 0.0000e+00
       7606    316.859     37.759     38.000    22.4523    22.4532   5.241720   5.242000     2.2823     1.9098      58.76   22.20548  -86.83292    0.00014    0.00026     3.1732     3.1864    22.4446    22.4455    36.5439    36.5453    25.2651    25.2659    1533.47    138.225    138.797         48 0.0000e+00
       7659    319.066     38.753     39.000    22.4381    22.4381   5.239973   5.240129     2.2914     1.9192      57.77   22.20548  -86.83292    0.00265    0.00321     3.1916     3.2074    22.4302    22.4302    36.5418    36.5430    25.2676    25.2686    1533.38    139.023    139.714         55 0.0000e+00
       7708    321.144     39.746     40.000    22.3821    22.3717   5.233557   5.233132     2.2961     1.9201      56.83   22.20548  -86.83292    0.00334    0.00206     3.2053     3.2141    22.3741    22.3636    36.5343    36.5341    25.2780    25.2808    1533.31    139.620    140.004         45 0.0000e+00
       7754    323.030     40.740     41.000    22.2524    22.2520   5.218821   5.218975     2.3066     1.9345      55.83   22.20548  -86.83292    0.00340    0.00364     3.2349     3.2533    22.2441    22.2438    36.5308    36.5322    25.3123    25.3135    1533.23    140.905    141.704         48 0.0000e+00
       7807    325.260     41.734     42.000    22.1562    22.1537   5.208647   5.208566     2.3125     1.9381      54.81   22.20548  -86.83291    0.00466    0.00490     3.2532     3.2676    22.1478    22.1453    36.5313    36.5327    25.3401    25.3419    1533.14    141.699    142.324         56 0.0000e+00
       7859    327.423     42.727     43.000    22.0245    22.0232   5.195074   5.195134     2.3074     1.9304      53.86   22.20548  -86.83290   -0.00059   -0.00183     3.2513     3.2581    22.0159    22.0147    36.5347    36.5362    25.3800    25.3815    1533.06    141.610    141.903         48 0.0000e+00
       7905    329.328     43.721     44.000    21.9340    21.9335   5.185176   5.185306     2.2914     1.9134      52.88   22.20548  -86.83290   -0.00417   -0.00535     3.2254     3.2260    21.9253    21.9247    36.5324    36.5339    25.4038    25.4051    1532.97    140.476    140.505         45 0.0000e+00
       7955    331.432     44.714     45.000    21.7955    21.7967   5.170246   5.170593     2.2684     1.8935      51.84   22.20548  -86.83290   -0.00998   -0.00962     3.1861     3.1886    21.7866    21.7878    36.5307    36.5324    25.4415    25.4425    1532.88    138.762    138.871         57 0.0000e+00
       8009    333.671     45.708     46.000    21.7142    21.7144   5.161644   5.161817     2.2526     1.8809      50.93   22.20548  -86.83290   -0.00997   -0.00757     3.1593     3.1652    21.7051    21.7054    36.5303    36.5319    25.4641    25.4652    1532.78    137.589    137.846         46 0.0000e+00
       8055    335.569     46.701     47.000    21.6847    21.6846   5.158543   5.158715     2.2503     1.8783      49.98   22.20548  -86.83290   -0.00394   -0.00375     3.1564     3.1614    21.6754    21.6754    36.5308    36.5322    25.4727    25.4738    1532.70    137.465    137.679         52 0.0000e+00
       8110    337.873     47.695     48.000    21.6610    21.6606   5.156088   5.156211     2.2495     1.8799      48.97   22.20548  -86.83290   -0.00060    0.00021     3.1566     3.1667    21.6516    21.6511    36.5309    36.5323    25.4795    25.4807    1532.60    137.472    137.912         50 0.0000e+00
       8153    339.686     48.688     49.000    21.5747    21.5730   5.147111   5.147104     2.2477     1.8814      48.07   22.20548  -86.83290   -0.00065    0.00051     3.1584     3.1755    21.5650    21.5634    36.5323    36.5337    25.5047    25.5062    1532.52    137.546    138.289         44 0.0000e+00
       8205    341.847     49.682     50.000    21.4821    21.4798   5.137083   5.137015     2.2485     1.8802      46.99   22.20548  -86.83290    0.00002    0.00081     3.1660     3.1786    21.4723    21.4701    36.5305    36.5319    25.5292    25.5308    1532.43    137.874    138.422         58 0.0000e+00
       8258    344.058     50.675     51.000    21.2837    21.2714   5.115418   5.114291     2.2330     1.8630      46.05   22.20548  -86.83290   -0.00331   -0.00504     3.1465     3.1516    21.2738    21.2615    36.5255    36.5269    25.5804    25.5849    1532.34    137.020    137.237         46 0.0000e+00
       8304    345.977     51.669     52.000    21.0790    21.0773   5.093550   5.093571     2.2119     1.8440      45.06   22.20548  -86.83290   -0.00962   -0.00924     3.1152     3.1197    21.0690    21.0672    36.5240    36.5257    25.6357    25.6375    1532.24    135.649    135.842         49 0.0000e+00
       8355    348.073     52.662     53.000    21.0127    21.0103   5.086471   5.086407     2.2015     1.8367      44.08   22.20548  -86.83289   -0.00812   -0.00678     3.0979     3.1070    21.0025    21.0001    36.5232    36.5248    25.6534    25.6553    1532.14    134.891    135.288         49 0.0000e+00
       8404    350.113     53.656     54.000    20.9396    20.9370   5.078691   5.078595     2.1931     1.8280      43.09   22.20548  -86.83288   -0.00417   -0.00342     3.0852     3.0915    20.9293    20.9267    36.5226    36.5241    25.6730    25.6748    1532.04    134.336    134.608         52 0.0000e+00
