Gulf of Mexico/GOMECC-4/1db/rb2103_0071.ros
* Sea-Bird SBE 9 Data File:
* FileName = C:\Users\scs.user.rb\CTD\GOMECC4\data\rb2103_007.hex
* Software Version Seasave V 7.26.7.107
* Temperature SN = 4799
* Conductivity SN = 3860
* Number of Bytes Per Scan = 41
* Number of Voltage Words = 4
* Number of Scans Averaged by the Deck Unit = 1
* NMEA Latitude = 26 59.68 N
* NMEA Longitude = 080 00.17 W
* NMEA UTC (Time) = Sep 15 2021  04:57:46
* NMEA baud rate = 4800
# nquan = 17
# nvalues = 532                                   
# units = specified
# name 0 = scan: Scan Count
# name 1 = timeS: Time, Elapsed [seconds]
# name 2 = depSM: Depth [salt water, m]
# name 3 = prDM: Pressure, Digiquartz [db]
# name 4 = t090C: Temperature [ITS-90, deg C]
# name 5 = t190C: Temperature, 2 [ITS-90, deg C]
# name 6 = c0S/m: Conductivity [S/m]
# name 7 = c1S/m: Conductivity, 2 [S/m]
# name 8 = sbeox0V: Oxygen raw, SBE 43 [V]
# name 9 = sbeox1V: Oxygen raw, SBE 43, 2 [V]
# name 10 = altM: Altimeter [m]
# name 11 = latitude: Latitude [deg]
# name 12 = longitude: Longitude [deg]
# name 13 = sbox0dV/dT: Oxygen, SBE 43 [dov/dt]
# name 14 = sbox1dV/dT: Oxygen, SBE 43, 2 [dov/dt]
# name 15 = nbf: Bottles Fired
# name 16 = flag:  0.000e+00
# interval = seconds: 0.0416667
# start_time = Sep 15 2021 04:57:46 [NMEA time, header]
# bad_flag = -9.990e-29
*END*
[from data line 426]
      24493   1020.500      4.423      4.452    29.8152    29.8166   5.881999   5.882419     3.1245     2.6545      31.38   26.99482  -80.00248   -0.00012    0.00005          4  0.000e+00
      24494   1020.542      4.491      4.521    29.8150    29.8168   5.882023   5.882370     3.1245     2.6545      31.38   26.99482  -80.00248   -0.00019    0.00006          4  0.000e+00
      24495   1020.583      4.423      4.452    29.8154    29.8166   5.882039   5.882378     3.1245     2.6545      31.38   26.99482  -80.00248   -0.00026    0.00006          4  0.000e+00
      24496   1020.625      4.438      4.468    29.8152    29.8166   5.882047   5.882394     3.1245     2.6545      31.38   26.99482  -80.00248   -0.00033    0.00006          4  0.000e+00
      24497   1020.667      4.438      4.468    29.8148    29.8165   5.882071   5.882354     3.1245     2.6545      31.38   26.99482  -80.00248   -0.00038    0.00007          4  0.000e+00
      24498   1020.708      4.476      4.506    29.8148    29.8166   5.882015   5.882378     3.1245     2.6557      31.38   26.99482  -80.00248   -0.00043    0.00009          4  0.000e+00
      24499   1020.750      4.378      4.407    29.8146    29.8168   5.882031   5.882427     3.1245     2.6557      31.38   26.99482  -80.00248   -0.00048    0.00011          4  0.000e+00
      24500   1020.792      4.536      4.566    29.8150    29.8171   5.881999   5.882443     3.1245     2.6545      31.38   26.99482  -80.00250   -0.00053    0.00012          4  0.000e+00
      24501   1020.833      4.378      4.407    29.8148    29.8172   5.882023   5.882475     3.1245     2.6557      31.38   26.99482  -80.00250   -0.00058    0.00014          4  0.000e+00
      24502   1020.875      4.551      4.582    29.8146    29.8171   5.881968   5.882419     3.1245     2.6557      31.38   26.99482  -80.00250   -0.00063    0.00016          4  0.000e+00
      24503   1020.917      4.363      4.391    29.8148    29.8171   5.882015   5.882427     3.1245     2.6545      31.38   26.99482  -80.00250   -0.00068    0.00015          4  0.000e+00
      24504   1020.958      4.551      4.582    29.8152    29.8166   5.881999   5.882443     3.1245     2.6545      31.38   26.99482  -80.00250   -0.00072    0.00013          4  0.000e+00
      24505   1021.000      4.363      4.391    29.8152    29.8167   5.882103   5.882402     3.1258     2.6557      31.38   26.99482  -80.00250   -0.00075    0.00012          4  0.000e+00
      24506   1021.042      4.491      4.521    29.8157    29.8165   5.882103   5.882354     3.1258     2.6557      31.38   26.99482  -80.00250   -0.00077    0.00011          4  0.000e+00
      24507   1021.083      4.423      4.452    29.8159    29.8166   5.882087   5.882378     3.1258     2.6557      31.38   26.99482  -80.00250   -0.00078    0.00009          4  0.000e+00
      24508   1021.125      4.551      4.582    29.8157    29.8166   5.882127   5.882395     3.1258     2.6557      31.38   26.99482  -80.00250   -0.00081    0.00008          4  0.000e+00
      24509   1021.167      4.438      4.467    29.8157    29.8166   5.882142   5.882394     3.1258     2.6557      31.38   26.99482  -80.00250   -0.00082    0.00006          4  0.000e+00
      24510   1021.208      4.423      4.452    29.8157    29.8164   5.882095   5.882394     3.1258     2.6557      31.38   26.99482  -80.00250   -0.00085    0.00002          4  0.000e+00
      24511   1021.250      4.491      4.521    29.8157    29.8163   5.882087   5.882427     3.1258     2.6557      31.38   26.99482  -80.00250   -0.00086   -0.00001          4  0.000e+00
      24512   1021.292      4.476      4.505    29.8161    29.8162   5.882095   5.882443     3.1258     2.6557      31.38   26.99482  -80.00250   -0.00087   -0.00005          4  0.000e+00
      24513   1021.333      4.378      4.407    29.8155    29.8155   5.882087   5.882330     3.1270     2.6557      31.38   26.99482  -80.00250   -0.00087   -0.00009          4  0.000e+00
      24514   1021.375      4.491      4.521    29.8155    29.8145   5.882087   5.882298     3.1270     2.6557      31.38   26.99482  -80.00250   -0.00086   -0.00012          4  0.000e+00
      24515   1021.417      4.476      4.505    29.8154    29.8138   5.882055   5.882185     3.1282     2.6557      31.40   26.99482  -80.00250   -0.00084   -0.00016          4  0.000e+00
      24516   1021.458      4.438      4.467    29.8155    29.8138   5.882071   5.882185     3.1270     2.6545      31.48   26.99482  -80.00250   -0.00083   -0.00022          4  0.000e+00
      24517   1021.500      4.476      4.505    29.8154    29.8138   5.882055   5.882161     3.1282     2.6545      31.53   26.99482  -80.00250   -0.00081   -0.00028          4  0.000e+00
      24518   1021.542      4.438      4.467    29.8154    29.8149   5.881999   5.882258     3.1282     2.6557      31.53   26.99482  -80.00250   -0.00077   -0.00031          4  0.000e+00
      24519   1021.583      4.476      4.505    29.8152    29.8157   5.882031   5.882298     3.1282     2.6545      31.53   26.99482  -80.00250   -0.00073   -0.00035          4  0.000e+00
      24520   1021.625      4.438      4.467    29.8155    29.8161   5.882071   5.882370     3.1282     2.6557      31.53   26.99482  -80.00250   -0.00070   -0.00036          4  0.000e+00
      24521   1021.667      4.491      4.521    29.8157    29.8166   5.882087   5.882427     3.1294     2.6545      31.53   26.99482  -80.00250   -0.00065   -0.00038          4  0.000e+00
      24522   1021.708      4.476      4.505    29.8155    29.8165   5.882055   5.882403     3.1282     2.6545      31.53   26.99482  -80.00250   -0.00062   -0.00041          4  0.000e+00
      24523   1021.750      4.378      4.407    29.8154    29.8166   5.882071   5.882394     3.1294     2.6545      31.53   26.99482  -80.00250   -0.00058   -0.00043          4  0.000e+00
      24524   1021.792      4.589      4.620    29.8150    29.8166   5.882015   5.882395     3.1282     2.6545      31.53   26.99482  -80.00250   -0.00055   -0.00046          4  0.000e+00
      24525   1021.833      4.378      4.407    29.8142    29.8166   5.881952   5.882427     3.1282     2.6545      31.53   26.99482  -80.00250   -0.00051   -0.00049          4  0.000e+00
      24526   1021.875      4.438      4.467    29.8139    29.8164   5.881944   5.882402     3.1282     2.6545      31.53   26.99482  -80.00250   -0.00047   -0.00051          4  0.000e+00
      24527   1021.917      4.536      4.566    29.8144    29.8159   5.881904   5.882282     3.1282     2.6557      31.53   26.99482  -80.00250   -0.00043   -0.00052          4  0.000e+00
      24528   1021.958      4.438      4.467    29.8150    29.8157   5.881928   5.882282     3.1282     2.6557      31.53   26.99482  -80.00250   -0.00041   -0.00051          4  0.000e+00
      24529   1022.000      4.476      4.505    29.8154    29.8159   5.882015   5.882330     3.1282     2.6557      31.53   26.99482  -80.00250   -0.00037   -0.00050          4  0.000e+00
      24530   1022.042      4.491      4.521    29.8157    29.8164   5.882039   5.882306     3.1282     2.6557      31.53   26.99482  -80.00250   -0.00033   -0.00049          4  0.000e+00
      24531   1022.083      4.438      4.467    29.8155    29.8161   5.882047   5.882330     3.1270     2.6557      31.53   26.99482  -80.00250   -0.00031   -0.00048          4  0.000e+00
      24532   1022.125      4.476      4.505    29.8157    29.8158   5.882071   5.882306     3.1270     2.6557      31.53   26.99482  -80.00250   -0.00029   -0.00046          4  0.000e+00
      24533   1022.167      4.551      4.581    29.8154    29.8166   5.882087   5.882443     3.1270     2.6557      31.53   26.99482  -80.00250   -0.00026   -0.00043          4  0.000e+00
      24534   1022.208      4.310      4.338    29.8146    29.8187   5.882015   5.882587     3.1282     2.6557      31.53   26.99482  -80.00250   -0.00023   -0.00040          4  0.000e+00
      24535   1022.250      4.551      4.581    29.8133    29.8201   5.881920   5.882628     3.1282     2.6557      31.53   26.99482  -80.00250   -0.00019   -0.00037          4  0.000e+00
      24536   1022.292      4.476      4.505    29.8135    29.8206   5.881896   5.882700     3.1282     2.6557      31.53   26.99482  -80.00250   -0.00015   -0.00034          4  0.000e+00
      24537   1022.333      4.491      4.521    29.8150    29.8193   5.882007   5.882652     3.1282     2.6557      31.53   26.99482  -80.00250   -0.00012   -0.00032          4  0.000e+00
      24538   1022.375      4.438      4.467    29.8163    29.8179   5.882118   5.882563     3.1270     2.6545      31.53   26.99482  -80.00250   -0.00012   -0.00030          4  0.000e+00
      24539   1022.417      4.536      4.566    29.8168    29.8171   5.882206   5.882427     3.1270     2.6545      31.53   26.99482  -80.00250   -0.00010   -0.00029          4  0.000e+00
      24540   1022.458      4.491      4.521    29.8172    29.8167   5.882230   5.882354     3.1270     2.6557      31.50   26.99482  -80.00250   -0.00008   -0.00026          4  0.000e+00
      24541   1022.500      4.423      4.452    29.8172    29.8157   5.882309   5.882274     3.1270     2.6557      31.45   26.99482  -80.00250   -0.00005   -0.00023          4  0.000e+00
      24542   1022.542      4.491      4.521    29.8170    29.8140   5.882253   5.882137     3.1270     2.6557      31.45   26.99482  -80.00250   -0.00005   -0.00020          4  0.000e+00
      24543   1022.583      4.491      4.521    29.8170    29.8135   5.882230   5.882105     3.1270     2.6557      31.45   26.99482  -80.00250   -0.00004   -0.00017          4  0.000e+00
      24544   1022.625      4.476      4.505    29.8167    29.8140   5.882166   5.882177     3.1270     2.6557      31.45   26.99482  -80.00250   -0.00002   -0.00014          4  0.000e+00
      24545   1022.667      4.438      4.467    29.8167    29.8153   5.882166   5.882274     3.1270     2.6557      31.45   26.99482  -80.00250    0.00000   -0.00010          4  0.000e+00
      24546   1022.708      4.476      4.505    29.8163    29.8171   5.882182   5.882443     3.1270     2.6557      31.45   26.99482  -80.00250    0.00003   -0.00007          4  0.000e+00
      24547   1022.750      4.438      4.467    29.8159    29.8180   5.882118   5.882523     3.1270     2.6557      31.45   26.99482  -80.00250    0.00003   -0.00006          4  0.000e+00
      24548   1022.792      4.536      4.566    29.8157    29.8179   5.882087   5.882427     3.1270     2.6557      31.45   26.99482  -80.00250    0.00006   -0.00002          4  0.000e+00
      24549   1022.833      4.491      4.521    29.8155    29.8170   5.882087   5.882427     3.1270     2.6557      31.45   26.99482  -80.00250    0.00008   -0.00001          4  0.000e+00
      24550   1022.875      4.438      4.467    29.8153    29.8172   5.882055   5.882443     3.1270     2.6557      31.45   26.99482  -80.00250    0.00011    0.00001          4  0.000e+00
      24551   1022.917      4.476      4.505    29.8150    29.8184   5.882071   5.882515     3.1282     2.6557      31.45   26.99482  -80.00250    0.00013    0.00002          4  0.000e+00
      24552   1022.958      4.491      4.521    29.8152    29.8183   5.882055   5.882539     3.1282     2.6557      31.45   26.99482  -80.00250    0.00016    0.00004          4  0.000e+00
      24553   1023.000      4.423      4.452    29.8148    29.8180   5.882079   5.882539     3.1270     2.6557      31.45   26.99482  -80.00250    0.00016    0.00005          4  0.000e+00
      24554   1023.042      4.551      4.581    29.8150    29.8180   5.882087   5.882499     3.1270     2.6557      31.45   26.99482  -80.00250    0.00017    0.00007          4  0.000e+00
      24555   1023.083      4.438      4.467    29.8148    29.8179   5.882126   5.882491     3.1270     2.6557      31.45   26.99482  -80.00250    0.00019    0.00008          4  0.000e+00
      24556   1023.125      4.476      4.505    29.8148    29.8175   5.882103   5.882491     3.1282     2.6557      31.45   26.99482  -80.00250    0.00024    0.00010          4  0.000e+00
      24557   1023.167      4.551      4.581    29.8148    29.8178   5.882087   5.882451     3.1282     2.6569      31.45   26.99482  -80.00250    0.00028    0.00013          4  0.000e+00
      24558   1023.208      4.476      4.505    29.8148    29.8177   5.882055   5.882443     3.1282     2.6569      31.45   26.99482  -80.00250    0.00032    0.00017          4  0.000e+00
      24559   1023.250      4.491      4.521    29.8148    29.8177   5.882047   5.882475     3.1282     2.6569      31.45   26.99482  -80.00250    0.00036    0.00020          4  0.000e+00
      24560   1023.292      4.325      4.353    29.8150    29.8168   5.882111   5.882523     3.1282     2.6569      31.45   26.99482  -80.00250    0.00041    0.00023          4  0.000e+00
      24561   1023.333      4.642      4.673    29.8148    29.8166   5.882063   5.882427     3.1294     2.6569      31.45   26.99482  -80.00250    0.00047    0.00028          4  0.000e+00
      24562   1023.375      4.438      4.467    29.8146    29.8163   5.881999   5.882394     3.1294     2.6569      31.45   26.99482  -80.00250    0.00052    0.00033          4  0.000e+00
      24563   1023.417      4.476      4.505    29.8146    29.8160   5.881952   5.882394     3.1294     2.6569      31.45   26.99482  -80.00250    0.00060    0.00038          4  0.000e+00
      24564   1023.458      4.438      4.467    29.8144    29.8161   5.881976   5.882427     3.1294     2.6569      31.48   26.99482  -80.00250    0.00066    0.00041          4  0.000e+00
      24565   1023.500      4.589      4.619    29.8142    29.8160   5.881952   5.882403     3.1294     2.6557      31.48   26.99482  -80.00250    0.00072    0.00044          4  0.000e+00
      24566   1023.542      4.491      4.521    29.8142    29.8158   5.881944   5.882354     3.1294     2.6557      31.48   26.99482  -80.00250    0.00078    0.00045          4  0.000e+00
      24567   1023.583      4.551      4.581    29.8133    29.8155   5.881872   5.882306     3.1294     2.6557      31.45   26.99482  -80.00250    0.00082    0.00049          4  0.000e+00
      24568   1023.625      4.423      4.452    29.8124    29.8153   5.881777   5.882298     3.1294     2.6557      31.48   26.99482  -80.00250    0.00086    0.00052          4  0.000e+00
      24569   1023.667      4.491      4.520    29.8124    29.8152   5.881714   5.882298     3.1282     2.6557      31.48   26.99482  -80.00250    0.00090    0.00055          4  0.000e+00
      24570   1023.708      4.536      4.566    29.8121    29.8153   5.881706   5.882330     3.1282     2.6557      31.48   26.99482  -80.00250    0.00092    0.00058          4  0.000e+00
      24571   1023.750      4.438      4.467    29.8117    29.8153   5.881706   5.882306     3.1282     2.6557      31.48   26.99482  -80.00250    0.00094    0.00060          4  0.000e+00
      24572   1023.792      4.377      4.406    29.8118    29.8153   5.881666   5.882258     3.1282     2.6557      31.48   26.99482  -80.00250    0.00096    0.00061          4  0.000e+00
      24573   1023.833      4.589      4.619    29.8118    29.8153   5.881730   5.882282     3.1282     2.6557      31.48   26.99482  -80.00250    0.00098    0.00063          4  0.000e+00
      24574   1023.875      4.551      4.581    29.8126    29.8153   5.881753   5.882258     3.1282     2.6557      31.48   26.99482  -80.00250    0.00100    0.00063          4  0.000e+00
      24575   1023.917      4.423      4.452    29.8126    29.8153   5.881785   5.882282     3.1282     2.6557      31.48   26.99482  -80.00250    0.00102    0.00063          4  0.000e+00
      24576   1023.958      4.491      4.520    29.8124    29.8157   5.881730   5.882370     3.1270     2.6557      31.48   26.99482  -80.00250    0.00102    0.00062          4  0.000e+00
