Gulf of Mexico/GOMECC-4/1db/rb2103_0971.cnv
* Sea-Bird SBE 9 Data File:
* FileName = C:\Users\scs.user.rb\CTD\GOMECC4\data\rb2103_0971.hex
* Software Version Seasave V 7.26.7.107
* Temperature SN = 4799
* Conductivity SN = 3860
* Number of Bytes Per Scan = 41
* Number of Voltage Words = 4
* Number of Scans Averaged by the Deck Unit = 1
* NMEA Latitude = 22 58.24 N
* NMEA Longitude = 090 29.95 W
* NMEA UTC (Time) = Oct 11 2021  11:24:34
* NMEA baud rate = 4800
# nquan = 28
# nvalues = 378                         
# units = specified
# name 0 = scan: Scan Count
# name 1 = timeS: Time, Elapsed [seconds]
# name 2 = depSM: Depth [salt water, m]
# name 3 = prDM: Pressure, Digiquartz [db]
# name 4 = t090C: Temperature [ITS-90, deg C]
# name 5 = t190C: Temperature, 2 [ITS-90, deg C]
# name 6 = c0S/m: Conductivity [S/m]
# name 7 = c1S/m: Conductivity, 2 [S/m]
# name 8 = sbeox0V: Oxygen raw, SBE 43 [V]
# name 9 = sbeox1V: Oxygen raw, SBE 43, 2 [V]
# name 10 = altM: Altimeter [m]
# name 11 = latitude: Latitude [deg]
# name 12 = longitude: Longitude [deg]
# name 13 = sbox0dV/dT: Oxygen, SBE 43 [dov/dt]
# name 14 = sbox1dV/dT: Oxygen, SBE 43, 2 [dov/dt]
# name 15 = sbeox0ML/L: Oxygen, SBE 43 [ml/l], WS = 5
# name 16 = sbeox1ML/L: Oxygen, SBE 43, 2 [ml/l], WS = 5
# name 17 = potemp090C: Potential Temperature [ITS-90, deg C]
# name 18 = potemp190C: Potential Temperature, 2 [ITS-90, deg C]
# name 19 = sal00: Salinity, Practical [PSU]
# name 20 = sal11: Salinity, Practical, 2 [PSU]
# name 21 = sigma-é00: Density [sigma-theta, kg/m^3]
# name 22 = sigma-é11: Density, 2 [sigma-theta, kg/m^3]
# name 23 = avgsvCM: Average Sound Velocity [Chen-Millero, m/s], minP = 20, minS = 20
# name 24 = sbox0Mm/Kg: Oxygen, SBE 43 [umol/kg], WS = 5
# name 25 = sbox1Mm/Kg: Oxygen, SBE 43, 2 [umol/kg], WS = 5
# name 26 = nbin: number of scans per bin
# name 27 = flag: flag
# span 0 =      10013,      96171       
# span 1 =    417.172,   4007.087       
# span 2 =      1.987,    956.703       
# span 3 =      2.000,    965.000       
# span 4 =     5.4044,    29.6045       
# span 5 =     5.4058,    29.6050       
# span 6 =   3.418986,   5.977187       
# span 7 =   3.419085,   5.977574       
# span 8 =     1.5729,     3.1817       
# span 9 =     1.2755,     2.6965       
# span 10 =      10.44,     100.85      
# span 11 =   22.93249,   23.01417      
# span 12 =  -90.66408,  -90.34216      
# span 13 =   -0.03952,    0.03655      
# span 14 =   -0.03770,    0.03660      
# span 15 =     2.4251,     4.6490      
# span 16 =     2.4414,     4.6517      
# span 17 =     5.3206,    29.6035      
# span 18 =     5.3220,    29.6040      
# span 19 =    34.9142,    36.5412      
# span 20 =    34.9139,    36.5416      
# span 21 =    22.7651,    27.5801      
# span 22 =    22.7486,    27.5796      
# span 23 =       0.00,    1546.31      
# span 24 =    105.442,    202.691      
# span 25 =    106.151,    202.812      
# span 26 =         30,         73      
# span 27 = 0.0000e+00, 0.0000e+00      
# interval = decibars: 1                
# start_time = Oct 11 2021 11:24:34 [NMEA time, header]
# bad_flag = -9.990e-29
*END*
[from data line 259]
      36862   1535.885    948.790    957.000     5.4200     5.4206   3.419891   3.419901     1.7936     1.4832      18.89   22.97180  -90.49882    0.00013    0.00023     3.6432     3.6695     5.3369     5.3374    34.9257    34.9252    27.5765    27.5760    1501.38    158.339    159.481         32 0.0000e+00
      36895   1537.256    949.779    958.000     5.4184     5.4188   3.419791   3.419787     1.7939     1.4825      17.84   22.97180  -90.49882    0.00007   -0.00002     3.6448     3.6674     5.3352     5.3356    34.9258    34.9253    27.5767    27.5763    1501.36    158.410    159.391         34 0.0000e+00
      36931   1538.733    950.768    959.000     5.4179     5.4183   3.419786   3.419787     1.7942     1.4825      16.87   22.97180  -90.49882    0.00017   -0.00021     3.6462     3.6682     5.3346     5.3350    34.9257    34.9253    27.5768    27.5764    1501.35    158.469    159.425         36 0.0000e+00
      36965   1540.173    951.757    960.000     5.4169     5.4173   3.419746   3.419738     1.7943     1.4829      15.81   22.97180  -90.49882    0.00016   -0.00004     3.6470     3.6702     5.3335     5.3339    34.9258    34.9253    27.5769    27.5765    1501.34    158.506    159.511         32 0.0000e+00
      36995   1541.430    952.747    961.000     5.4150     5.4156   3.419624   3.419639     1.7943     1.4833      15.00   22.97180  -90.49882    0.00008    0.00022     3.6477     3.6721     5.3315     5.3321    34.9259    34.9255    27.5773    27.5769    1501.32    158.533    159.595         30 0.0000e+00
      37028   1542.804    953.736    962.000     5.4136     5.4140   3.419548   3.419469     1.7944     1.4835      13.88   22.97180  -90.49882    0.00002    0.00028     3.6489     3.6736     5.3300     5.3305    34.9260    34.9255    27.5775    27.5771    1501.31    158.586    159.660         37 0.0000e+00
      37066   1544.378    954.725    963.000     5.4118     5.4126   3.419399   3.419433     1.7943     1.4835      12.82   22.97180  -90.49882    0.00003    0.00014     3.6493     3.6742     5.3282     5.3290    34.9259    34.9254    27.5777    27.5771    1501.29    158.606    159.688         40 0.0000e+00
      39220   1634.127    956.703    965.000     5.4044     5.4058   3.418986   3.419085     1.7965     1.4848      10.44   22.97305  -90.50368    0.00006    0.00006     3.6582     3.6805     5.3206     5.3220    34.9278    34.9274    27.5801    27.5796    1501.34    158.989    159.959         30 0.0000e+00
      39958   1664.892    955.714    964.000     5.4071     5.4085   3.419009   3.419118     1.7966     1.4847      11.10   22.97182  -90.49882    0.00007    0.00001     3.6580     3.6795     5.3234     5.3248    34.9255    34.9254    27.5780    27.5777    1501.26    158.980    159.918         32 0.0000e+00
      44141   1839.172    795.414    802.000     6.1026     6.1040   3.474257   3.474346     1.7143     1.4071     100.00   22.97115  -90.49593   -0.00043   -0.00039     3.2457     3.2619     6.0297     6.0310    34.9142    34.9139    27.4811    27.4807    1501.21    141.074    141.780         34 0.0000e+00
      45345   1889.317    793.435    800.000     6.1146     6.1127   3.475646   3.475467     1.7120     1.4060     100.01   22.97444  -90.50884    0.00007    0.00004     3.2360     3.2560     6.0418     6.0399    34.9177    34.9185    27.4824    27.4833    1501.43    140.653    141.523         34 0.0000e+00
      45644   1901.786    790.465    797.000     6.1166     6.1172   3.475404   3.475432     1.7118     1.4062     100.00   22.97206  -90.49949    0.00012    0.00018     3.2342     3.2554     6.0441     6.0447    34.9153    34.9151    27.4802    27.4799    1501.27    140.578    141.499         32 0.0000e+00
      45756   1906.475    786.505    793.000     6.1483     6.1482   3.478079   3.478070     1.7119     1.4056     100.00   22.97183  -90.49858    0.00005   -0.00016     3.2302     3.2490     6.0760     6.0759    34.9148    34.9148    27.4757    27.4757    1501.26    140.402    141.219         30 0.0000e+00
      46152   1922.949    772.646    779.000     6.2195     6.2187   3.483962   3.483854     1.7035     1.3969     100.00   22.97152  -90.49738   -0.00066   -0.00052     3.1908     3.2061     6.1481     6.1473    34.9147    34.9144    27.4662    27.4661    1501.24    138.694    139.358         30 0.0000e+00
      46236   1926.477    769.676    776.000     6.2303     6.2301   3.484908   3.484866     1.7022     1.3967      88.32   22.97235  -90.50063   -0.00043   -0.00004     3.1842     3.2035     6.1592     6.1589    34.9158    34.9155    27.4657    27.4655    1501.29    138.406    139.243         30 0.0000e+00
      46266   1927.699    768.686    775.000     6.2374     6.2373   3.485427   3.485386     1.7017     1.3961     100.11   22.97188  -90.49878   -0.00040   -0.00012     3.1817     3.2001     6.1663     6.1662    34.9148    34.9145    27.4639    27.4637    1501.26    138.296    139.098         30 0.0000e+00
      46463   1935.904    761.756    768.000     6.2620     6.2616   3.487367   3.487322     1.6993     1.3931     100.00   22.97148  -90.49721   -0.00029   -0.00038     3.1691     3.1847     6.1914     6.1910    34.9147    34.9146    27.4606    27.4606    1501.23    137.750    138.427         30 0.0000e+00
      46576   1940.605    757.795    764.000     6.2886     6.2904   3.489662   3.489786     1.6972     1.3920     100.00   22.97191  -90.49880   -0.00041   -0.00033     3.1584     3.1766     6.2183     6.2201    34.9152    34.9147    27.4575    27.4569    1501.26    137.283    138.076         30 0.0000e+00
      46606   1941.856    756.805    763.000     6.2929     6.2921   3.490031   3.489905     1.6967     1.3911     100.00   22.97190  -90.49878   -0.00044   -0.00036     3.1558     3.1732     6.2226     6.2218    34.9154    34.9148    27.4571    27.4567    1501.26    137.170    137.930         30 0.0000e+00
      46745   1947.674    751.855    758.000     6.3080     6.3078   3.491166   3.491119     1.6939     1.3890     100.00   22.97174  -90.49815   -0.00043   -0.00016     3.1433     3.1624     6.2382     6.2379    34.9150    34.9148    27.4547    27.4546    1501.25    136.631    137.460         30 0.0000e+00
      47310   1971.225    732.052    738.000     6.4016     6.4014   3.498955   3.498907     1.6880     1.3833     100.00   22.97188  -90.49858   -0.00030   -0.00033     3.1084     3.1266     6.3331     6.3330    34.9163    34.9159    27.4433    27.4430    1501.26    135.112    135.904         30 0.0000e+00
      47397   1974.835    729.082    735.000     6.4165     6.4169   3.500202   3.500241     1.6853     1.3806     100.00   22.97169  -90.49786   -0.00078   -0.00077     3.0973     3.1148     6.3483     6.3487    34.9163    34.9164    27.4413    27.4413    1501.25    134.630    135.391         30 0.0000e+00
      47510   1979.537    725.121    731.000     6.4454     6.4454   3.502750   3.502690     1.6834     1.3783     100.00   22.97186  -90.49854   -0.00041   -0.00040     3.0873     3.1028     6.3774     6.3774    34.9172    34.9166    27.4382    27.4377    1501.26    134.198    134.871         31 0.0000e+00
      47623   1984.239    721.160    727.000     6.4731     6.4731   3.505072   3.505046     1.6806     1.3759      96.37   22.97156  -90.49733   -0.00056   -0.00040     3.0743     3.0904     6.4053     6.4053    34.9168    34.9165    27.4341    27.4339    1501.24    133.631    134.333         32 0.0000e+00
      47735   1988.919    717.199    723.000     6.5009     6.5011   3.507502   3.507520     1.6785     1.3736      95.27   22.97147  -90.49697   -0.00043   -0.00030     3.0637     3.0787     6.4334     6.4336    34.9177    34.9175    27.4311    27.4310    1501.23    133.170    133.823         31 0.0000e+00
      47850   1993.697    713.238    719.000     6.5358     6.5349   3.510568   3.510460     1.6756     1.3706     100.00   22.97157  -90.49730   -0.00055   -0.00052     3.0501     3.0640     6.4685     6.4676    34.9179    34.9176    27.4266    27.4265    1501.24    132.583    133.184         30 0.0000e+00
      47935   1997.231    710.267    716.000     6.5490     6.5480   3.511727   3.511649     1.6729     1.3687     100.00   22.97220  -90.49978   -0.00082   -0.00057     3.0391     3.0549     6.4820     6.4810    34.9188    34.9190    27.4255    27.4258    1501.28    132.104    132.791         31 0.0000e+00
      48049   2001.993    706.306    712.000     6.5721     6.5689   3.513658   3.513392     1.6708     1.3677      47.80   22.97210  -90.49939   -0.00041   -0.00023     3.0289     3.0484     6.5053     6.5021    34.9187    34.9190    27.4224    27.4230    1501.27    131.660    132.509         32 0.0000e+00
      48161   2006.651    702.344    708.000     6.6014     6.5998   3.516250   3.516104     1.6689     1.3652     100.00   22.97224  -90.49994   -0.00045   -0.00071     3.0188     3.0354     6.5348     6.5332    34.9196    34.9197    27.4191    27.4194    1501.28    131.222    131.946         31 0.0000e+00
      48274   2011.381    698.383    704.000     6.6359     6.6375   3.519282   3.519410     1.6660     1.3627     100.00   22.97226  -90.49996   -0.00051   -0.00053     3.0055     3.0223     6.5695     6.5711    34.9201    34.9199    27.4148    27.4145    1501.28    130.645    131.373         32 0.0000e+00
      48305   2012.660    697.393    703.000     6.6466     6.6440   3.520194   3.519889     1.6653     1.3618     100.00   22.97195  -90.49876   -0.00047   -0.00055     3.0020     3.0183     6.5803     6.5777    34.9198    34.9191    27.4131    27.4129    1501.26    130.493    131.200         30 0.0000e+00
      48473   2019.684    691.450    697.000     6.7024     6.7019   3.525189   3.525163     1.6608     1.3572      93.06   22.97215  -90.49954   -0.00070   -0.00072     2.9809     2.9955     6.6364     6.6359    34.9213    34.9216    27.4068    27.4070    1501.27    129.576    130.209         31 0.0000e+00
      48613   2025.491    686.499    692.000     6.7404     6.7423   3.528480   3.528642     1.6568     1.3538      99.89   22.97162  -90.49741   -0.00066   -0.00043     2.9634     2.9788     6.6747     6.6766    34.9215    34.9213    27.4017    27.4013    1501.24    128.816    129.486         30 0.0000e+00
      48644   2026.792    685.508    691.000     6.7486     6.7478   3.529231   3.529132     1.6559     1.3528     100.00   22.97196  -90.49876   -0.00070   -0.00067     2.9593     2.9748     6.6829     6.6821    34.9220    34.9217    27.4010    27.4009    1501.26    128.638    129.309         30 0.0000e+00
      48783   2032.597    680.556    686.000     6.7929     6.7918   3.533160   3.533052     1.6531     1.3499     100.00   22.97188  -90.49845   -0.00052   -0.00043     2.9450     2.9594     6.7275     6.7264    34.9229    34.9228    27.3957    27.3957    1501.25    128.017    128.644         30 0.0000e+00
      48814   2033.860    679.566    685.000     6.8007     6.7987   3.533939   3.533727     1.6521     1.3489     100.00   22.97196  -90.49876   -0.00057   -0.00044     2.9410     2.9549     6.7354     6.7334    34.9241    34.9238    27.3955    27.3955    1501.26    127.843    128.448         30 0.0000e+00
      48982   2040.864    673.623    679.000     6.8344     6.8342   3.536739   3.536700     1.6477     1.3455     100.00   22.97137  -90.49643   -0.00066   -0.00051     2.9220     2.9383     6.7695     6.7693    34.9236    34.9233    27.3905    27.3903    1501.22    127.019    127.723         33 0.0000e+00
      49096   2045.609    669.661    675.000     6.8509     6.8530   3.538137   3.538289     1.6462     1.3443     100.00   22.97155  -90.49713   -0.00031   -0.00038     2.9145     2.9312     6.7863     6.7884    34.9243    34.9237    27.3887    27.3880    1501.23    126.694    127.419         32 0.0000e+00
      49181   2049.172    666.690    672.000     6.8822     6.8830   3.541190   3.541250     1.6457     1.3435     100.01   22.97319  -90.50360   -0.00015   -0.00020     2.9093     2.9250     6.8178     6.8186    34.9279    34.9277    27.3872    27.3870    1501.34    126.465    127.148         30 0.0000e+00
      49212   2050.444    665.699    671.000     6.8857     6.8867   3.541312   3.541343     1.6447     1.3427     100.00   22.97196  -90.49874   -0.00031   -0.00039     2.9056     2.9218     6.8213     6.8223    34.9260    34.9253    27.3853    27.3846    1501.26    126.307    127.009         35 0.0000e+00
      49296   2053.978    662.728    668.000     6.9166     6.9189   3.544212   3.544442     1.6436     1.3416     100.00   22.97288  -90.50239   -0.00039   -0.00037     2.8987     2.9143     6.8524     6.8546    34.9282    34.9285    27.3828    27.3826    1501.32    126.008    126.685         30 0.0000e+00
      49407   2058.570    658.765    664.000     6.9363     6.9364   3.545903   3.545904     1.6411     1.3393     100.00   22.97228  -90.49999   -0.00062   -0.00047     2.8876     2.9037     6.8724     6.8725    34.9287    34.9287    27.3803    27.3803    1501.28    125.526    126.224         31 0.0000e+00
      49438   2059.859    657.775    663.000     6.9379     6.9375   3.545978   3.545922     1.6401     1.3387      96.16   22.97196  -90.49874   -0.00053   -0.00034     2.8842     2.9010     6.8741     6.8737    34.9283    34.9282    27.3798    27.3798    1501.26    125.374    126.107         31 0.0000e+00
      49633   2067.989    650.841    656.000     6.9922     6.9920   3.550832   3.550818     1.6384     1.3367     100.00   22.97184  -90.49827   -0.00024   -0.00027     2.8719     2.8878     6.9288     6.9286    34.9302    34.9303    27.3737    27.3738    1501.25    124.843    125.531         31 0.0000e+00
      49828   2076.128    643.907    649.000     7.0353     7.0339   3.554754   3.554635     1.6338     1.3326      89.06   22.97225  -90.49979   -0.00065   -0.00032     2.8518     2.8679     6.9724     6.9711    34.9331    34.9331    27.3700    27.3702    1501.28    123.966    124.668         30 0.0000e+00
      49857   2077.348    642.916    648.000     7.0379     7.0375   3.554895   3.554868     1.6335     1.3323      71.33   22.97198  -90.49874   -0.00045   -0.00028     2.8504     2.8662     6.9751     6.9747    34.9325    34.9325    27.3691    27.3692    1501.26    123.908    124.595         30 0.0000e+00
      50079   2086.584    634.991    640.000     7.0646     7.0646   3.557039   3.557026     1.6317     1.3306     100.00   22.97176  -90.49788    0.00009   -0.00009     2.8397     2.8558     7.0025     7.0025    34.9328    34.9327    27.3655    27.3654    1501.25    123.444    124.142         30 0.0000e+00
      50276   2094.773    628.057    633.000     7.1290     7.1308   3.562886   3.562967     1.6305     1.3289     100.00   22.97203  -90.49883   -0.00020   -0.00024     2.8286     2.8425     7.0673     7.0691    34.9352    34.9343    27.3584    27.3574    1501.26    122.963    123.565         30 0.0000e+00
      50666   2111.055    614.187    619.000     7.2973     7.2937   3.578557   3.578237     1.6189     1.3187      72.69   22.97239  -90.50019   -0.00067   -0.00067     2.7751     2.7909     7.2362     7.2326    34.9436    34.9438    27.3412    27.3418    1501.28    120.636    121.326         30 0.0000e+00
      50696   2112.293    613.196    618.000     7.3034     7.3025   3.579121   3.578938     1.6185     1.3183     100.48   22.97202  -90.49872   -0.00050   -0.00040     2.7730     2.7888     7.2424     7.2415    34.9440    34.9429    27.3406    27.3399    1501.26    120.545    121.235         30 0.0000e+00
      50805   2116.850    609.233    614.000     7.3386     7.3402   3.582412   3.582547     1.6163     1.3157     100.00   22.97242  -90.50031   -0.00050   -0.00058     2.7621     2.7757     7.2778     7.2794    34.9465    34.9464    27.3376    27.3372    1501.29    120.074    120.664         30 0.0000e+00
