Gulf of Mexico/GOMECC-4/1db/rb2103_1401.cnv
* Sea-Bird SBE 9 Data File:
* FileName = C:\Users\scs.user.rb\CTD\GOMECC4\data\rb2103_1401.hex
* Software Version Seasave V 7.26.7.107
* Temperature SN = 4799
* Conductivity SN = 3860
* Number of Bytes Per Scan = 41
* Number of Voltage Words = 4
* Number of Scans Averaged by the Deck Unit = 1
* NMEA Latitude = 25 39.47 N
* NMEA Longitude = 084 42.92 W
* NMEA UTC (Time) = Oct 20 2021  13:16:01
* NMEA baud rate = 4800
# nquan = 28
# nvalues = 746                         
# units = specified
# name 0 = scan: Scan Count
# name 1 = timeS: Time, Elapsed [seconds]
# name 2 = depSM: Depth [salt water, m]
# name 3 = prDM: Pressure, Digiquartz [db]
# name 4 = t090C: Temperature [ITS-90, deg C]
# name 5 = t190C: Temperature, 2 [ITS-90, deg C]
# name 6 = c0S/m: Conductivity [S/m]
# name 7 = c1S/m: Conductivity, 2 [S/m]
# name 8 = sbeox0V: Oxygen raw, SBE 43 [V]
# name 9 = sbeox1V: Oxygen raw, SBE 43, 2 [V]
# name 10 = altM: Altimeter [m]
# name 11 = latitude: Latitude [deg]
# name 12 = longitude: Longitude [deg]
# name 13 = sbox0dV/dT: Oxygen, SBE 43 [dov/dt]
# name 14 = sbox1dV/dT: Oxygen, SBE 43, 2 [dov/dt]
# name 15 = sbeox0ML/L: Oxygen, SBE 43 [ml/l], WS = 5
# name 16 = sbeox1ML/L: Oxygen, SBE 43, 2 [ml/l], WS = 5
# name 17 = potemp090C: Potential Temperature [ITS-90, deg C]
# name 18 = potemp190C: Potential Temperature, 2 [ITS-90, deg C]
# name 19 = sal00: Salinity, Practical [PSU]
# name 20 = sal11: Salinity, Practical, 2 [PSU]
# name 21 = sigma-é00: Density [sigma-theta, kg/m^3]
# name 22 = sigma-é11: Density, 2 [sigma-theta, kg/m^3]
# name 23 = avgsvCM: Average Sound Velocity [Chen-Millero, m/s], minP = 20, minS = 20
# name 24 = sbox0Mm/Kg: Oxygen, SBE 43 [umol/kg], WS = 5
# name 25 = sbox1Mm/Kg: Oxygen, SBE 43, 2 [umol/kg], WS = 5
# name 26 = nbin: number of scans per bin
# name 27 = flag: flag
# span 0 =       8408,     110323       
# span 1 =    350.276,   4596.765       
# span 2 =      0.993,   1086.036       
# span 3 =      1.000,   1096.000       
# span 4 =     5.1345,    28.2243       
# span 5 =     5.1353,    28.2474       
# span 6 =   3.400071,   5.825729       
# span 7 =   3.400054,   5.826145       
# span 8 =     1.6263,     3.1492       
# span 9 =     1.3233,     2.6684       
# span 10 =      11.57,     103.39      
# span 11 =   25.29043,   25.88889      
# span 12 =  -85.47080,  -83.49434      
# span 13 =   -0.04753,    0.05351      
# span 14 =   -0.04648,    0.05321      
# span 15 =     2.5564,     4.5733      
# span 16 =     2.5633,     4.5646      
# span 17 =     5.0414,    28.2210      
# span 18 =     5.0422,    28.2441      
# span 19 =    34.8998,    36.8307      
# span 20 =    34.8989,    36.8251      
# span 21 =    22.8200,    27.6201      
# span 22 =    22.8194,    27.6193      
# span 23 =       0.00,    1576.57      
# span 24 =    111.179,    199.417      
# span 25 =    111.475,    199.062      
# span 26 =         30,         74      
# span 27 = 0.0000e+00, 0.0000e+00      
# interval = decibars: 1                
# start_time = Oct 20 2021 13:16:01 [NMEA time, header]
# bad_flag = -9.990e-29
*END*
[from data line 311]
      34295   1428.931    829.903    837.000     5.8119     5.8121   3.449114   3.449052     1.7610     1.4510      66.06   25.65822  -84.71554    0.00089    0.00085     3.4408     3.4596     5.7375     5.7376    34.9123    34.9115    27.5167    27.5160    1503.54    149.553    150.368         37 0.0000e+00
      34336   1430.608    830.893    838.000     5.8067     5.8070   3.448681   3.448645     1.7628     1.4527     100.07   25.65822  -84.71554    0.00112    0.00096     3.4478     3.4669     5.7322     5.7325    34.9124    34.9116    27.5174    27.5168    1503.52    149.855    150.684         42 0.0000e+00
      34375   1432.237    831.882    839.000     5.8015     5.8025   3.448278   3.448289     1.7643     1.4539     100.00   25.65822  -84.71554    0.00108    0.00093     3.4537     3.4720     5.7269     5.7279    34.9126    34.9117    27.5182    27.5174    1503.50    150.110    150.908         37 0.0000e+00
      34413   1433.847    832.872    840.000     5.7954     5.7961   3.447781   3.447768     1.7656     1.4551     100.00   25.65822  -84.71552    0.00086    0.00077     3.4588     3.4772     5.7208     5.7214    34.9128    34.9120    27.5191    27.5184    1503.48    150.335    151.133         41 0.0000e+00
      34457   1435.676    833.861    841.000     5.7870     5.7873   3.447080   3.447039     1.7666     1.4561     100.00   25.65822  -84.71552    0.00068    0.00064     3.4636     3.4822     5.7123     5.7126    34.9131    34.9123    27.5204    27.5198    1503.46    150.543    151.350         44 0.0000e+00
      34499   1437.426    834.851    842.000     5.7832     5.7841   3.446788   3.446804     1.7678     1.4570     100.00   25.65822  -84.71552    0.00065    0.00052     3.4683     3.4860     5.7084     5.7094    34.9132    34.9123    27.5210    27.5202    1503.44    150.746    151.516         40 0.0000e+00
      34538   1439.025    835.841    843.000     5.7823     5.7830   3.446761   3.446747     1.7690     1.4579     100.00   25.65822  -84.71552    0.00070    0.00056     3.4729     3.4899     5.7074     5.7082    34.9133    34.9124    27.5212    27.5204    1503.42    150.947    151.687         37 0.0000e+00
      34574   1440.526    836.830    844.000     5.7796     5.7803   3.446573   3.446568     1.7695     1.4583     100.00   25.65822  -84.71552    0.00061    0.00044     3.4751     3.4919     5.7047     5.7054    34.9134    34.9126    27.5216    27.5209    1503.41    151.043    151.771         36 0.0000e+00
      34611   1442.100    837.820    845.000     5.7774     5.7782   3.446434   3.446422     1.7700     1.4589     100.00   25.65822  -84.71552    0.00037    0.00035     3.4775     3.4948     5.7024     5.7032    34.9135    34.9125    27.5220    27.5211    1503.39    151.144    151.897         41 0.0000e+00
      34653   1443.830    838.809    846.000     5.7733     5.7742   3.446103   3.446105     1.7705     1.4591     100.00   25.65822  -84.71552    0.00033    0.00031     3.4802     3.4965     5.6982     5.6991    34.9136    34.9127    27.5226    27.5217    1503.37    151.261    151.970         42 0.0000e+00
      34697   1445.679    839.798    847.000     5.7692     5.7698   3.445780   3.445765     1.7708     1.4592     100.00   25.65822  -84.71552    0.00023    0.00009     3.4818     3.4976     5.6940     5.6947    34.9137    34.9129    27.5232    27.5224    1503.36    151.333    152.020         45 0.0000e+00
      34737   1447.327    840.788    848.000     5.7633     5.7639   3.445306   3.445289     1.7711     1.4595     100.00   25.65822  -84.71552    0.00014    0.00005     3.4839     3.4996     5.6881     5.6887    34.9139    34.9130    27.5240    27.5233    1503.34    151.425    152.106         34 0.0000e+00
      34770   1448.709    841.777    849.000     5.7548     5.7558   3.444597   3.444601     1.7717     1.4601     100.00   25.65822  -84.71552    0.00027    0.00027     3.4869     3.5031     5.6796     5.6806    34.9141    34.9132    27.5253    27.5245    1503.32    151.554    152.258         35 0.0000e+00
      34812   1450.447    842.767    850.000     5.7456     5.7463   3.443818   3.443798     1.7721     1.4610      94.39   25.65822  -84.71552    0.00030    0.00045     3.4899     3.5077     5.6703     5.6710    34.9143    34.9134    27.5266    27.5258    1503.30    151.683    152.456         46 0.0000e+00
      34854   1452.209    843.756    851.000     5.7385     5.7394   3.443228   3.443234     1.7730     1.4620      73.02   25.65822  -84.71552    0.00038    0.00054     3.4938     3.5124     5.6632     5.6640    34.9145    34.9136    27.5276    27.5269    1503.28    151.851    152.662         38 0.0000e+00
      34893   1453.843    844.746    852.000     5.7352     5.7359   3.442984   3.442969     1.7741     1.4627      99.81   25.65822  -84.71552    0.00055    0.00051     3.4983     3.5157     5.6598     5.6605    34.9146    34.9137    27.5282    27.5274    1503.26    152.047    152.803         42 0.0000e+00
      34935   1455.587    845.735    853.000     5.7345     5.7352   3.442976   3.442964     1.7751     1.4635     100.00   25.65822  -84.71552    0.00063    0.00040     3.5022     3.5189     5.6591     5.6598    34.9147    34.9138    27.5283    27.5275    1503.24    152.219    152.944         40 0.0000e+00
      34971   1457.097    846.725    854.000     5.7344     5.7350   3.443011   3.442991     1.7755     1.4639      65.07   25.65822  -84.71552    0.00051    0.00038     3.5038     3.5209     5.6588     5.6594    34.9148    34.9138    27.5284    27.5276    1503.22    152.285    153.032         33 0.0000e+00
      35006   1458.531    847.714    855.000     5.7334     5.7340   3.442955   3.442944     1.7760     1.4641      80.06   25.65822  -84.71552    0.00035    0.00029     3.5060     3.5221     5.6577     5.6584    34.9147    34.9138    27.5285    27.5277    1503.21    152.382    153.081         39 0.0000e+00
      35054   1460.558    848.703    856.000     5.7327     5.7335   3.442948   3.442938     1.7761     1.4641     101.26   25.65822  -84.71552    0.00015    0.00008     3.5068     3.5228     5.6570     5.6577    34.9148    34.9138    27.5286    27.5278    1503.19    152.418    153.114         50 0.0000e+00
      35093   1462.178    849.693    857.000     5.7317     5.7325   3.442913   3.442901     1.7764     1.4645     100.00   25.65822  -84.71552    0.00012    0.00008     3.5087     3.5246     5.6559     5.6566    34.9149    34.9140    27.5289    27.5281    1503.17    152.498    153.191         33 0.0000e+00
      35126   1463.561    850.682    858.000     5.7275     5.7279   3.442577   3.442532     1.7764     1.4649     100.00   25.65822  -84.71552    0.00014    0.00022     3.5093     3.5269     5.6516     5.6520    34.9149    34.9141    27.5294    27.5287    1503.15    152.527    153.292         36 0.0000e+00
      35169   1465.342    851.672    859.000     5.7224     5.7231   3.442165   3.442145     1.7765     1.4640     100.00   25.65822  -84.71552    0.00002   -0.00004     3.5106     3.5248     5.6464     5.6471    34.9150    34.9141    27.5302    27.5293    1503.13    152.582    153.198         46 0.0000e+00
      35210   1467.039    852.661    860.000     5.6796     5.6780   3.439468   3.439490     1.7765     1.4639     100.00   25.65822  -84.71552    0.00005   -0.00030     3.5148     3.5293     5.6038     5.6022    34.9160    34.9152    27.5362    27.5358    1503.12    152.766    153.396         36 0.0000e+00
      35248   1468.620    853.651    861.000     5.6739     5.6745   3.437953   3.437940     1.7769     1.4650      97.37   25.65822  -84.71552    0.00004    0.00010     3.5174     3.5338     5.5980     5.5987    34.9160    34.9151    27.5369    27.5361    1503.10    152.878    153.591         43 0.0000e+00
      35293   1470.512    854.640    862.000     5.6708     5.6715   3.437689   3.437681     1.7793     1.4679      95.42   25.65822  -84.71552    0.00066    0.00107     3.5262     3.5451     5.5948     5.5956    34.9160    34.9152    27.5373    27.5366    1503.08    153.258    154.081         42 0.0000e+00
      35359   1473.255    856.619    864.000     5.6613     5.6624   3.436677   3.436695     1.7824     1.4710      98.00   25.65576  -84.70741    0.00127    0.00125     3.5386     3.5580     5.5853     5.5863    34.9131    34.9122    27.5361    27.5353    1502.89    153.797    154.643         42 0.0000e+00
      35416   1475.638    857.608    865.000     5.6532     5.6540   3.436419   3.436430     1.7840     1.4723      80.35   25.65822  -84.71552    0.00074    0.00068     3.5452     3.5642     5.5771     5.5779    34.9166    34.9158    27.5400    27.5392    1503.02    154.084    154.912         43 0.0000e+00
      35480   1478.285    859.587    867.000     5.6487     5.6495   3.435918   3.435916     1.7853     1.4733     100.00   25.65775  -84.71394    0.00057    0.00036     3.5507     3.5690     5.5725     5.5732    34.9161    34.9153    27.5402    27.5395    1502.96    154.326    155.119         32 0.0000e+00
      35526   1480.203    860.577    868.000     5.6482     5.6490   3.435966   3.435965     1.7863     1.4742     100.00   25.65823  -84.71552    0.00051    0.00046     3.5547     3.5726     5.5718     5.5726    34.9168    34.9160    27.5408    27.5400    1502.97    154.496    155.276         59 0.0000e+00
      35575   1482.267    861.566    869.000     5.6479     5.6487   3.436005   3.435993     1.7872     1.4749     100.00   25.65824  -84.71552    0.00048    0.00043     3.5579     3.5758     5.5715     5.5722    34.9170    34.9161    27.5410    27.5402    1502.95    154.637    155.414         32 0.0000e+00
      35638   1484.880    863.545    871.000     5.6398     5.6413   3.435128   3.435199     1.7872     1.4743      99.99   25.65617  -84.70868    0.00015   -0.00007     3.5599     3.5754     5.5632     5.5647    34.9151    34.9135    27.5404    27.5390    1502.80    154.725    155.396         45 0.0000e+00
      35688   1486.963    864.534    872.000     5.6357     5.6369   3.435059   3.435091     1.7876     1.4750     100.00   25.65824  -84.71552    0.00009    0.00002     3.5619     3.5785     5.5591     5.5603    34.9174    34.9165    27.5428    27.5420    1502.90    154.808    155.533         45 0.0000e+00
      35727   1488.583    865.524    873.000     5.6324     5.6328   3.434816   3.434768     1.7882     1.4750     100.00   25.65824  -84.71552    0.00021    0.00018     3.5648     3.5794     5.5557     5.5561    34.9175    34.9166    27.5434    27.5426    1502.88    154.937    155.570         36 0.0000e+00
      35763   1490.071    866.513    874.000     5.6207     5.6217   3.433822   3.433830     1.7886     1.4751     100.00   25.65824  -84.71552    0.00028    0.00006     3.5676     3.5813     5.5440     5.5450    34.9178    34.9169    27.5450    27.5442    1502.86    155.059    155.652         37 0.0000e+00
      35801   1491.669    867.502    875.000     5.6154     5.6162   3.433391   3.433393     1.7891     1.4762      98.10   25.65824  -84.71552    0.00027    0.00026     3.5704     3.5864     5.5387     5.5394    34.9179    34.9171    27.5457    27.5450    1502.84    155.179    155.874         38 0.0000e+00
      35839   1493.236    868.492    876.000     5.6149     5.6157   3.433394   3.433383     1.7902     1.4775      94.73   25.65824  -84.71552    0.00046    0.00067     3.5746     3.5914     5.5380     5.5388    34.9180    34.9171    27.5459    27.5451    1502.83    155.364    156.094         40 0.0000e+00
      35887   1495.232    869.481    877.000     5.6138     5.6144   3.433344   3.433327     1.7913     1.4780     100.18   25.65824  -84.71550    0.00063    0.00058     3.5788     3.5941     5.5369     5.5375    34.9180    34.9172    27.5461    27.5453    1502.81    155.544    156.209         51 0.0000e+00
      35928   1496.952    870.470    878.000     5.6126     5.6135   3.433295   3.433294     1.7914     1.4781     100.00   25.65824  -84.71550    0.00038    0.00021     3.5798     3.5950     5.5356     5.5365    34.9182    34.9173    27.5464    27.5455    1502.79    155.589    156.249         33 0.0000e+00
      35959   1498.235    871.460    879.000     5.6026     5.6036   3.432445   3.432460     1.7912     1.4783      81.31   25.65824  -84.71550    0.00010    0.00011     3.5804     3.5970     5.5255     5.5265    34.9185    34.9175    27.5478    27.5469    1502.77    155.612    156.336         31 0.0000e+00
      35996   1499.810    872.449    880.000     5.5965     5.5971   3.431957   3.431937     1.7914     1.4786      94.61   25.65824  -84.71550   -0.00004    0.00012     3.5822     3.5992     5.5194     5.5200    34.9186    34.9178    27.5487    27.5480    1502.76    155.693    156.430         48 0.0000e+00
      36044   1501.800    873.439    881.000     5.5956     5.5963   3.431924   3.431904     1.7923     1.4796     100.23   25.65824  -84.71550    0.00028    0.00029     3.5859     3.6034     5.5184     5.5191    34.9187    34.9178    27.5489    27.5481    1502.74    155.852    156.612         39 0.0000e+00
      36078   1503.227    874.428    882.000     5.5954     5.5961   3.431947   3.431946     1.7929     1.4802     100.00   25.65824  -84.71550    0.00040    0.00046     3.5882     3.6061     5.5180     5.5188    34.9188    34.9180    27.5489    27.5482    1502.73    155.952    156.732         34 0.0000e+00
      36118   1504.877    875.417    883.000     5.5954     5.5959   3.431994   3.431969     1.7936     1.4805      73.29   25.65824  -84.71550    0.00043    0.00039     3.5910     3.6076     5.5180     5.5185    34.9188    34.9179    27.5490    27.5482    1502.71    156.075    156.794         47 0.0000e+00
      36163   1506.768    876.406    884.000     5.5954     5.5958   3.432049   3.432003     1.7942     1.4805     100.59   25.65824  -84.71550    0.00039    0.00008     3.5936     3.6081     5.5179     5.5183    34.9189    34.9179    27.5491    27.5483    1502.69    156.186    156.818         40 0.0000e+00
      36201   1508.328    877.396    885.000     5.5945     5.5950   3.432024   3.431987     1.7948     1.4806     100.00   25.65824  -84.71550    0.00034   -0.00001     3.5962     3.6090     5.5169     5.5174    34.9190    34.9181    27.5493    27.5485    1502.67    156.300    156.856         36 0.0000e+00
      36235   1509.767    878.385    886.000     5.5939     5.5946   3.432016   3.431999     1.7948     1.4805     100.00   25.65824  -84.71550    0.00027    0.00002     3.5967     3.6091     5.5162     5.5169    34.9191    34.9182    27.5494    27.5486    1502.65    156.322    156.861         35 0.0000e+00
      36278   1511.546    879.374    887.000     5.5938     5.5946   3.432048   3.432036     1.7948     1.4808     100.00   25.65824  -84.71552    0.00005    0.00007     3.5969     3.6106     5.5161     5.5168    34.9190    34.9181    27.5494    27.5486    1502.64    156.332    156.926         52 0.0000e+00
      36327   1513.568    880.364    888.000     5.5938     5.5944   3.432090   3.432074     1.7945     1.4807     100.00   25.65824  -84.71552   -0.00009    0.00007     3.5966     3.6107     5.5159     5.5165    34.9190    34.9183    27.5494    27.5487    1502.62    156.318    156.932         39 0.0000e+00
      36360   1514.966    881.353    889.000     5.5931     5.5937   3.432080   3.432064     1.7944     1.4807     100.00   25.65824  -84.71552   -0.00009   -0.00004     3.5968     3.6112     5.5152     5.5158    34.9191    34.9183    27.5496    27.5489    1502.60    156.328    156.954         31 0.0000e+00
      36392   1516.280    882.342    890.000     5.5917     5.5924   3.431994   3.431980     1.7946     1.4800     100.00   25.65824  -84.71552   -0.00004   -0.00015     3.5981     3.6095     5.5136     5.5143    34.9192    34.9183    27.5498    27.5490    1502.58    156.382    156.878         30 0.0000e+00
