Gulf of Mexico/GOMECC-4/1db/rb2103_1211.ros
* Sea-Bird SBE 9 Data File:
* FileName = C:\Users\scs.user.rb\CTD\GOMECC4\data\rb2103_1211.hex
* Software Version Seasave V 7.26.7.107
* Temperature SN = 4799
* Conductivity SN = 3860
* Number of Bytes Per Scan = 41
* Number of Voltage Words = 4
* Number of Scans Averaged by the Deck Unit = 1
* NMEA Latitude = 24 24.00 N
* NMEA Longitude = 080 37.48 W
* NMEA UTC (Time) = Oct 17 2021  18:24:48
* NMEA baud rate = 4800
# nquan = 17
# nvalues = 2128                                  
# units = specified
# name 0 = scan: Scan Count
# name 1 = timeS: Time, Elapsed [seconds]
# name 2 = depSM: Depth [salt water, m]
# name 3 = prDM: Pressure, Digiquartz [db]
# name 4 = t090C: Temperature [ITS-90, deg C]
# name 5 = t190C: Temperature, 2 [ITS-90, deg C]
# name 6 = c0S/m: Conductivity [S/m]
# name 7 = c1S/m: Conductivity, 2 [S/m]
# name 8 = sbeox0V: Oxygen raw, SBE 43 [V]
# name 9 = sbeox1V: Oxygen raw, SBE 43, 2 [V]
# name 10 = altM: Altimeter [m]
# name 11 = latitude: Latitude [deg]
# name 12 = longitude: Longitude [deg]
# name 13 = sbox0dV/dT: Oxygen, SBE 43 [dov/dt]
# name 14 = sbox1dV/dT: Oxygen, SBE 43, 2 [dov/dt]
# name 15 = nbf: Bottles Fired
# name 16 = flag:  0.000e+00
# interval = seconds: 0.0416667
# start_time = Oct 17 2021 18:24:48 [NMEA time, header]
# bad_flag = -9.990e-29
*END*
[from data line 1618]
      67606   2816.875     25.020     25.183    28.9968    28.9980   5.906644   5.906972     3.1514     2.6630     100.00   24.41304  -80.59968    0.00075   -0.00061         13  0.000e+00
      67607   2816.917     25.034     25.196    28.9967    28.9980   5.906660   5.906940     3.1514     2.6642     100.00   24.41304  -80.59968    0.00075   -0.00051         13  0.000e+00
      67608   2816.958     25.034     25.196    28.9966    28.9981   5.906644   5.906972     3.1514     2.6654     100.00   24.41304  -80.59968    0.00078   -0.00039         13  0.000e+00
      67609   2817.000     25.068     25.231    28.9966    28.9980   5.906668   5.907012     3.1514     2.6654     100.00   24.41304  -80.59968    0.00080   -0.00027         13  0.000e+00
      67610   2817.042     24.987     25.149    28.9967    28.9980   5.906644   5.907028     3.1526     2.6654     100.00   24.41304  -80.59968    0.00082   -0.00015         13  0.000e+00
      67611   2817.083     25.068     25.231    28.9966    28.9980   5.906636   5.907036     3.1526     2.6654     100.00   24.41304  -80.59968    0.00086   -0.00003         13  0.000e+00
      67612   2817.125     25.034     25.197    28.9968    28.9980   5.906660   5.907020     3.1514     2.6654     100.00   24.41304  -80.59968    0.00088    0.00008         13  0.000e+00
      67613   2817.167     25.020     25.183    28.9967    28.9979   5.906644   5.907028     3.1514     2.6654     100.00   24.41304  -80.59968    0.00090    0.00016         13  0.000e+00
      67614   2817.208     25.081     25.244    28.9968    28.9980   5.906668   5.906988     3.1514     2.6654     100.00   24.41304  -80.59968    0.00090    0.00026         13  0.000e+00
      67615   2817.250     25.021     25.183    28.9967    28.9982   5.906612   5.907020     3.1502     2.6667     100.00   24.41304  -80.59968    0.00088    0.00040         13  0.000e+00
      67616   2817.292     25.034     25.197    28.9968    28.9980   5.906660   5.906996     3.1514     2.6679     100.00   24.41304  -80.59968    0.00088    0.00054         13  0.000e+00
      67617   2817.333     25.068     25.231    28.9968    28.9979   5.906644   5.907012     3.1514     2.6654     100.00   24.41304  -80.59968    0.00088    0.00062         13  0.000e+00
      67618   2817.375     24.987     25.149    28.9967    28.9980   5.906660   5.906996     3.1502     2.6654     100.00   24.41304  -80.59968    0.00088    0.00072         13  0.000e+00
      67619   2817.417     25.034     25.197    28.9964    28.9980   5.906644   5.906988     3.1502     2.6654     100.00   24.41304  -80.59968    0.00085    0.00080         13  0.000e+00
      67620   2817.458     25.068     25.231    28.9966    28.9980   5.906668   5.907012     3.1502     2.6654     100.00   24.41304  -80.59968    0.00083    0.00088         13  0.000e+00
      67621   2817.500     25.082     25.245    28.9965    28.9980   5.906612   5.907028     3.1502     2.6654     100.00   24.41304  -80.59968    0.00081    0.00096         13  0.000e+00
      67622   2817.542     25.021     25.183    28.9966    28.9981   5.906660   5.906988     3.1502     2.6679     100.00   24.41304  -80.59968    0.00079    0.00108         13  0.000e+00
      67623   2817.583     25.034     25.197    28.9966    28.9980   5.906604   5.906980     3.1490     2.6667     100.00   24.41304  -80.59968    0.00075    0.00117         13  0.000e+00
      67624   2817.625     25.068     25.231    28.9965    28.9980   5.906620   5.906988     3.1490     2.6654     100.00   24.41304  -80.59968    0.00070    0.00125         13  0.000e+00
      67625   2817.667     25.034     25.197    28.9966    28.9982   5.906668   5.907012     3.1490     2.6654     100.00   24.41304  -80.59968    0.00066    0.00132         13  0.000e+00
      67626   2817.708     25.068     25.231    28.9968    28.9980   5.906644   5.907028     3.1490     2.6654     100.00   24.41304  -80.59968    0.00062    0.00140         13  0.000e+00
      67627   2817.750     25.082     25.245    28.9968    28.9979   5.906668   5.907020     3.1477     2.6679     100.00   24.41304  -80.59968    0.00056    0.00151         13  0.000e+00
      67628   2817.792     25.021     25.183    28.9964    28.9982   5.906683   5.906996     3.1490     2.6667     100.00   24.41304  -80.59968    0.00052    0.00160         13  0.000e+00
      67629   2817.833     25.082     25.245    28.9967    28.9980   5.906636   5.906988     3.1477     2.6654     100.00   24.41304  -80.59968    0.00046    0.00166         13  0.000e+00
      67630   2817.875     25.021     25.184    28.9964    28.9980   5.906628   5.906972     3.1477     2.6654     100.00   24.41304  -80.59968    0.00040    0.00171         13  0.000e+00
      67631   2817.917     25.035     25.197    28.9966    28.9982   5.906668   5.907020     3.1490     2.6679     100.00   24.41304  -80.59968    0.00035    0.00180         13  0.000e+00
      67632   2817.958     25.082     25.245    28.9967    28.9981   5.906684   5.906996     3.1490     2.6667     100.00   24.41304  -80.59968    0.00031    0.00186         13  0.000e+00
      67633   2818.000     25.069     25.231    28.9966    28.9979   5.906683   5.907012     3.1477     2.6654     100.00   24.41304  -80.59968    0.00025    0.00190         13  0.000e+00
      67634   2818.042     25.035     25.197    28.9964    28.9980   5.906644   5.907028     3.1490     2.6654     100.00   24.41304  -80.59968    0.00020    0.00194         13  0.000e+00
      67635   2818.083     25.069     25.231    28.9967    28.9980   5.906660   5.906988     3.1490     2.6679     100.00   24.41304  -80.59968    0.00016    0.00201         13  0.000e+00
      67636   2818.125     25.082     25.245    28.9964    28.9982   5.906604   5.906980     3.1477     2.6667     100.00   24.41304  -80.59968    0.00010    0.00205         13  0.000e+00
      67637   2818.167     25.069     25.232    28.9964    28.9979   5.906620   5.906988     3.1477     2.6654     100.00   24.41304  -80.59968    0.00004    0.00208         13  0.000e+00
      67638   2818.208     25.035     25.198    28.9965    28.9980   5.906668   5.907012     3.1477     2.6654     100.00   24.41304  -80.59968   -0.00003    0.00210         13  0.000e+00
      67639   2818.250     25.069     25.232    28.9966    28.9979   5.906644   5.907028     3.1490     2.6654     100.00   24.41304  -80.59968   -0.00007    0.00212         13  0.000e+00
      67640   2818.292     25.082     25.245    28.9966    28.9982   5.906660   5.906923     3.1477     2.6642     100.00   24.41304  -80.59968   -0.00013    0.00213         13  0.000e+00
      67641   2818.333     25.022     25.184    28.9967    28.9982   5.906644   5.906875     3.1477     2.6630     100.00   24.41304  -80.59968   -0.00018    0.00211         13  0.000e+00
      67642   2818.375     25.082     25.245    28.9966    28.9979   5.906668   5.906956     3.1477     2.6642     100.00   24.41304  -80.59968   -0.00022    0.00212         13  0.000e+00
      67643   2818.417     25.083     25.245    28.9966    28.9982   5.906644   5.906972     3.1490     2.6630     100.00   24.41304  -80.59968   -0.00025    0.00210         13  0.000e+00
      67644   2818.458     25.069     25.232    28.9965    28.9980   5.906636   5.907020     3.1477     2.6630     100.00   24.41304  -80.59968   -0.00029    0.00208         13  0.000e+00
      67645   2818.500     25.083     25.245    28.9964    28.9980   5.906707   5.907036     3.1477     2.6618     100.00   24.41304  -80.59968   -0.00032    0.00205         13  0.000e+00
      67646   2818.542     25.069     25.232    28.9963    28.9980   5.906612   5.906988     3.1477     2.6618     100.00   24.41304  -80.59968   -0.00034    0.00201         13  0.000e+00
      67647   2818.583     25.035     25.198    28.9966    28.9979   5.906580   5.907020     3.1477     2.6618     100.00   24.41304  -80.59968   -0.00038    0.00196         13  0.000e+00
      67648   2818.625     25.069     25.232    28.9966    28.9982   5.906660   5.907020     3.1477     2.6606     100.00   24.41306  -80.59966   -0.00041    0.00188         13  0.000e+00
      67649   2818.667     25.083     25.246    28.9965    28.9980   5.906612   5.906996     3.1477     2.6606     100.00   24.41306  -80.59966   -0.00043    0.00181         13  0.000e+00
      67650   2818.708     25.069     25.232    28.9964    28.9980   5.906660   5.907061     3.1490     2.6606     100.00   24.41306  -80.59966   -0.00044    0.00174         13  0.000e+00
      67651   2818.750     25.083     25.246    28.9964    28.9981   5.906636   5.906996     3.1477     2.6606     100.00   24.41306  -80.59966   -0.00046    0.00167         13  0.000e+00
      67652   2818.792     25.123     25.287    28.9965    28.9980   5.906628   5.906980     3.1477     2.6606     100.00   24.41306  -80.59966   -0.00048    0.00159         13  0.000e+00
      67653   2818.833     25.035     25.198    28.9966    28.9982   5.906668   5.906988     3.1477     2.6606     100.00   24.41306  -80.59966   -0.00050    0.00152         13  0.000e+00
      67654   2818.875     25.069     25.232    28.9964    28.9982   5.906683   5.907012     3.1477     2.6606     100.00   24.41306  -80.59966   -0.00052    0.00145         13  0.000e+00
      67655   2818.917     25.083     25.246    28.9965    28.9980   5.906612   5.906996     3.1477     2.6618     100.00   24.41306  -80.59966   -0.00054    0.00139         13  0.000e+00
      67656   2818.958     25.083     25.246    28.9964    28.9979   5.906660   5.907012     3.1477     2.6618     100.00   24.41306  -80.59966   -0.00056    0.00131         13  0.000e+00
      67657   2819.000     25.069     25.232    28.9962    28.9982   5.906636   5.907028     3.1477     2.6618     100.00   24.41306  -80.59966   -0.00058    0.00124         13  0.000e+00
      67658   2819.042     25.130     25.294    28.9965    28.9982   5.906628   5.907036     3.1477     2.6618     100.00   24.41306  -80.59966   -0.00059    0.00116         13  0.000e+00
      67659   2819.083     25.022     25.185    28.9962    28.9980   5.906596   5.907020     3.1477     2.6630     100.00   24.41306  -80.59966   -0.00061    0.00112         13  0.000e+00
      67660   2819.125     25.083     25.246    28.9965    28.9980   5.906660   5.906996     3.1477     2.6618     100.00   24.41306  -80.59966   -0.00063    0.00105         13  0.000e+00
      67661   2819.167     25.124     25.287    28.9964    28.9979   5.906684   5.906972     3.1477     2.6618     100.00   24.41306  -80.59966   -0.00064    0.00099         13  0.000e+00
      67662   2819.208     25.083     25.246    28.9964    28.9979   5.906636   5.907020     3.1477     2.6618     100.00   24.41306  -80.59966   -0.00066    0.00093         13  0.000e+00
      67663   2819.250     25.070     25.232    28.9967    28.9979   5.906628   5.906996     3.1477     2.6618     100.00   24.41306  -80.59966   -0.00067    0.00086         13  0.000e+00
      67664   2819.292     25.083     25.246    28.9962    28.9980   5.906636   5.906972     3.1477     2.6618     100.00   24.41306  -80.59966   -0.00068    0.00080         13  0.000e+00
      67665   2819.333     25.124     25.287    28.9964    28.9979   5.906668   5.907020     3.1477     2.6618     100.00   24.41306  -80.59966   -0.00069    0.00073         13  0.000e+00
      67666   2819.375     25.036     25.198    28.9963    28.9981   5.906612   5.906996     3.1477     2.6618     100.00   24.41306  -80.59966   -0.00071    0.00069         13  0.000e+00
      67667   2819.417     25.131     25.294    28.9964    28.9979   5.906660   5.907012     3.1477     2.6606     100.00   24.41306  -80.59966   -0.00072    0.00060         13  0.000e+00
      67668   2819.458     25.070     25.232    28.9966    28.9980   5.906676   5.906996     3.1477     2.6606     100.00   24.41306  -80.59966   -0.00075    0.00052         13  0.000e+00
      67669   2819.500     25.083     25.246    28.9965    28.9980   5.906676   5.907012     3.1477     2.6606     100.00   24.41306  -80.59966   -0.00076    0.00043         13  0.000e+00
      67670   2819.542     25.070     25.233    28.9964    28.9979   5.906644   5.906996     3.1490     2.6606     100.00   24.41306  -80.59966   -0.00076    0.00035         13  0.000e+00
      67671   2819.583     25.083     25.246    28.9964    28.9979   5.906636   5.906988     3.1490     2.6606     100.00   24.41306  -80.59966   -0.00077    0.00026         13  0.000e+00
      67672   2819.625     25.124     25.287    28.9967    28.9980   5.906636   5.906972     3.1490     2.6606     100.00   24.41306  -80.59964   -0.00078    0.00018         13  0.000e+00
      67673   2819.667     25.083     25.246    28.9964    28.9980   5.906588   5.907020     3.1490     2.6606     100.00   24.41306  -80.59964   -0.00079    0.00011         13  0.000e+00
      67674   2819.708     25.124     25.287    28.9967    28.9980   5.906652   5.907036     3.1490     2.6606     100.00   24.41306  -80.59964   -0.00078    0.00004         13  0.000e+00
      67675   2819.750     25.083     25.246    28.9962    28.9980   5.906644   5.906988     3.1502     2.6606     100.00   24.41306  -80.59964   -0.00078   -0.00003         13  0.000e+00
      67676   2819.792     25.070     25.233    28.9966    28.9979   5.906636   5.907052     3.1490     2.6606     100.00   24.41306  -80.59964   -0.00079   -0.00010         13  0.000e+00
      67677   2819.833     25.131     25.294    28.9965    28.9980   5.906707   5.906996     3.1490     2.6606     100.00   24.41306  -80.59964   -0.00078   -0.00016         13  0.000e+00
      67678   2819.875     25.070     25.233    28.9964    28.9980   5.906660   5.907020     3.1502     2.6606     100.00   24.41306  -80.59964   -0.00077   -0.00023         13  0.000e+00
      67679   2819.917     25.084     25.247    28.9966    28.9980   5.906628   5.906964     3.1490     2.6606     100.00   24.41306  -80.59964   -0.00076   -0.00030         13  0.000e+00
      67680   2819.958     25.131     25.294    28.9965    28.9980   5.906668   5.906996     3.1490     2.6606     100.00   24.41306  -80.59964   -0.00077   -0.00037         13  0.000e+00
      67681   2820.000     25.070     25.233    28.9964    28.9979   5.906644   5.907028     3.1490     2.6606     100.00   24.41306  -80.59964   -0.00076   -0.00044         13  0.000e+00
      67682   2820.042     25.084     25.247    28.9966    28.9979   5.906668   5.907020     3.1502     2.6606     100.00   24.41306  -80.59964   -0.00074   -0.00051         13  0.000e+00
      67683   2820.083     25.124     25.288    28.9965    28.9979   5.906684   5.906996     3.1502     2.6606     100.00   24.41306  -80.59964   -0.00071   -0.00057         13  0.000e+00
      67684   2820.125     25.084     25.247    28.9964    28.9980   5.906612   5.906988     3.1502     2.6606     100.00   24.41306  -80.59964   -0.00068   -0.00064         13  0.000e+00
      67685   2820.167     25.124     25.288    28.9964    28.9979   5.906612   5.907012     3.1502     2.6606     100.00   24.41306  -80.59964   -0.00066   -0.00071         13  0.000e+00
      67686   2820.208     25.084     25.247    28.9968    28.9980   5.906668   5.906996     3.1502     2.6593     100.00   24.41306  -80.59964   -0.00063   -0.00080         13  0.000e+00
      67687   2820.250     25.070     25.233    28.9966    28.9979   5.906683   5.906988     3.1502     2.6606     100.00   24.41306  -80.59964   -0.00060   -0.00086         13  0.000e+00
      67688   2820.292     25.084     25.247    28.9968    28.9980   5.906683   5.907012     3.1502     2.6606     100.00   24.41306  -80.59964   -0.00058   -0.00093         13  0.000e+00
      67689   2820.333     25.125     25.288    28.9968    28.9980   5.906684   5.907028     3.1502     2.6606     100.00   24.41306  -80.59964   -0.00055   -0.00100         13  0.000e+00
