Gulf of Mexico/GOMECC-4/1db/rb2103_0811.ros
* Sea-Bird SBE 9 Data File:
* FileName = C:\Users\scs.user.rb\CTD\GOMECC4\data\rb2103_0811.hex
* Software Version Seasave V 7.26.7.107
* Temperature SN = 4799
* Conductivity SN = 3860
* Number of Bytes Per Scan = 41
* Number of Voltage Words = 4
* Number of Scans Averaged by the Deck Unit = 1
* NMEA Latitude = 22 16.45 N
* NMEA Longitude = 096 10.82 W
* NMEA UTC (Time) = Oct 06 2021  16:12:43
* NMEA baud rate = 4800
# nquan = 17
# nvalues = 2926                                  
# units = specified
# name 0 = scan: Scan Count
# name 1 = timeS: Time, Elapsed [seconds]
# name 2 = depSM: Depth [salt water, m]
# name 3 = prDM: Pressure, Digiquartz [db]
# name 4 = t090C: Temperature [ITS-90, deg C]
# name 5 = t190C: Temperature, 2 [ITS-90, deg C]
# name 6 = c0S/m: Conductivity [S/m]
# name 7 = c1S/m: Conductivity, 2 [S/m]
# name 8 = sbeox0V: Oxygen raw, SBE 43 [V]
# name 9 = sbeox1V: Oxygen raw, SBE 43, 2 [V]
# name 10 = altM: Altimeter [m]
# name 11 = latitude: Latitude [deg]
# name 12 = longitude: Longitude [deg]
# name 13 = sbox0dV/dT: Oxygen, SBE 43 [dov/dt]
# name 14 = sbox1dV/dT: Oxygen, SBE 43, 2 [dov/dt]
# name 15 = nbf: Bottles Fired
# name 16 = flag:  0.000e+00
# interval = seconds: 0.0416667
# start_time = Oct 06 2021 16:12:43 [NMEA time, header]
# bad_flag = -9.990e-29
*END*
[from data line 1532]
     171332   7138.792    421.941    425.031     9.1810     9.1787   3.761988   3.761672     1.5775     1.2808     100.00   22.27418  -96.18008   -0.00004    0.00009         12  0.000e+00
     171333   7138.833    421.941    425.031     9.1811     9.1791   3.761982   3.761699     1.5775     1.2796     100.00   22.27418  -96.18008   -0.00005    0.00008         12  0.000e+00
     171334   7138.875    421.935    425.024     9.1804     9.1795   3.761975   3.761719     1.5775     1.2808     100.00   22.27418  -96.18008   -0.00005    0.00009         12  0.000e+00
     171335   7138.917    421.941    425.031     9.1801     9.1798   3.761896   3.761746     1.5775     1.2808     100.00   22.27418  -96.18008   -0.00006    0.00010         12  0.000e+00
     171336   7138.958    421.887    424.976     9.1787     9.1801   3.761777   3.761813     1.5775     1.2796     100.00   22.27418  -96.18008   -0.00004    0.00009         12  0.000e+00
     171337   7139.000    421.839    424.928     9.1779     9.1803   3.761691   3.761879     1.5775     1.2808     100.00   22.27418  -96.18008   -0.00005    0.00010         12  0.000e+00
     171338   7139.042    421.880    424.969     9.1781     9.1803   3.761698   3.761819     1.5775     1.2796     100.00   22.27418  -96.18008   -0.00005    0.00009         12  0.000e+00
     171339   7139.083    421.839    424.928     9.1792     9.1803   3.761757   3.761839     1.5775     1.2796     100.00   22.27418  -96.18008   -0.00006    0.00008         12  0.000e+00
     171340   7139.125    421.839    424.928     9.1794     9.1806   3.761823   3.761833     1.5775     1.2796     100.00   22.27418  -96.18008   -0.00006    0.00007         12  0.000e+00
     171341   7139.167    421.778    424.866     9.1799     9.1808   3.761863   3.761879     1.5775     1.2796     100.00   22.27418  -96.18008   -0.00006    0.00006         12  0.000e+00
     171342   7139.208    421.792    424.880     9.1797     9.1806   3.761850   3.761846     1.5775     1.2808     100.00   22.27418  -96.18008   -0.00007    0.00007         12  0.000e+00
     171343   7139.250    421.737    424.825     9.1799     9.1804   3.761889   3.761846     1.5775     1.2808     100.00   22.27418  -96.18008   -0.00007    0.00007         12  0.000e+00
     171344   7139.292    421.683    424.770     9.1797     9.1804   3.761856   3.761859     1.5775     1.2796     100.00   22.27418  -96.18008   -0.00008    0.00008         12  0.000e+00
     171345   7139.333    421.839    424.928     9.1794     9.1806   3.761843   3.761886     1.5775     1.2796     100.00   22.27418  -96.18008   -0.00008    0.00007         12  0.000e+00
     171346   7139.375    421.737    424.825     9.1797     9.1804   3.761863   3.761846     1.5775     1.2808     100.00   22.27418  -96.18008   -0.00009    0.00008         12  0.000e+00
     171347   7139.417    421.690    424.777     9.1799     9.1803   3.761896   3.761846     1.5775     1.2796     100.00   22.27418  -96.18008   -0.00007    0.00009         12  0.000e+00
     171348   7139.458    421.683    424.770     9.1797     9.1803   3.761909   3.761833     1.5775     1.2808     100.00   22.27418  -96.18008   -0.00006    0.00011         12  0.000e+00
     171349   7139.500    421.635    424.722     9.1800     9.1803   3.761929   3.761833     1.5775     1.2808     100.00   22.27418  -96.18008   -0.00006    0.00012         12  0.000e+00
     171350   7139.542    421.635    424.722     9.1801     9.1801   3.761916   3.761853     1.5775     1.2808     100.00   22.27418  -96.18008   -0.00007    0.00015         12  0.000e+00
     171351   7139.583    421.581    424.667     9.1802     9.1804   3.761909   3.761806     1.5775     1.2808     100.00   22.27418  -96.18008   -0.00007    0.00015         12  0.000e+00
     171352   7139.625    421.635    424.722     9.1806     9.1804   3.761955   3.761846     1.5763     1.2808     100.00   22.27418  -96.18008   -0.00009    0.00016         12  0.000e+00
     171353   7139.667    421.588    424.674     9.1805     9.1808   3.761949   3.761839     1.5763     1.2796     100.00   22.27418  -96.18008   -0.00011    0.00015         12  0.000e+00
     171354   7139.708    421.540    424.626     9.1803     9.1804   3.761942   3.761819     1.5775     1.2808     100.00   22.27418  -96.18008   -0.00011    0.00015         12  0.000e+00
     171355   7139.750    421.533    424.619     9.1805     9.1803   3.761962   3.761853     1.5775     1.2796     100.00   22.27418  -96.18008   -0.00012    0.00014         12  0.000e+00
     171356   7139.792    421.540    424.626     9.1808     9.1801   3.761949   3.761812     1.5775     1.2796     100.00   22.27418  -96.18006   -0.00010    0.00015         12  0.000e+00
     171357   7139.833    421.540    424.626     9.1809     9.1798   3.761988   3.761819     1.5775     1.2796     100.00   22.27418  -96.18006   -0.00010    0.00016         12  0.000e+00
     171358   7139.875    421.431    424.516     9.1812     9.1798   3.762008   3.761819     1.5775     1.2796     100.00   22.27418  -96.18006   -0.00011    0.00015         12  0.000e+00
     171359   7139.917    421.486    424.571     9.1809     9.1803   3.762008   3.761853     1.5775     1.2796     100.00   22.27418  -96.18006   -0.00011    0.00014         12  0.000e+00
     171360   7139.958    421.438    424.523     9.1813     9.1803   3.762054   3.761812     1.5775     1.2796     100.00   22.27418  -96.18006   -0.00011    0.00013         12  0.000e+00
     171361   7140.000    421.438    424.523     9.1820     9.1801   3.762094   3.761819     1.5775     1.2796     100.00   22.27418  -96.18006   -0.00010    0.00011         12  0.000e+00
     171362   7140.042    421.431    424.516     9.1820     9.1795   3.762081   3.761792     1.5775     1.2808     100.00   22.27418  -96.18006   -0.00008    0.00012         12  0.000e+00
     171363   7140.083    421.390    424.475     9.1820     9.1790   3.762094   3.761719     1.5775     1.2796     100.00   22.27418  -96.18006   -0.00008    0.00011         12  0.000e+00
     171364   7140.125    421.390    424.475     9.1818     9.1788   3.762081   3.761719     1.5775     1.2796     100.00   22.27418  -96.18006   -0.00008    0.00010         12  0.000e+00
     171365   7140.167    421.377    424.461     9.1818     9.1788   3.762094   3.761732     1.5775     1.2796     100.00   22.27418  -96.18006   -0.00009    0.00011         12  0.000e+00
     171366   7140.208    421.390    424.475     9.1820     9.1788   3.762133   3.761746     1.5763     1.2796     100.00   22.27418  -96.18006   -0.00010    0.00010         12  0.000e+00
     171367   7140.250    421.336    424.420     9.1820     9.1797   3.762114   3.761759     1.5763     1.2796     100.00   22.27418  -96.18006   -0.00012    0.00010         12  0.000e+00
     171368   7140.292    421.329    424.413     9.1818     9.1791   3.762054   3.761739     1.5775     1.2796     100.00   22.27418  -96.18006   -0.00012    0.00009         12  0.000e+00
     171369   7140.333    421.336    424.420     9.1822     9.1792   3.762061   3.761705     1.5775     1.2796     100.00   22.27418  -96.18006   -0.00013    0.00008         12  0.000e+00
     171370   7140.375    421.288    424.372     9.1820     9.1793   3.762047   3.761739     1.5775     1.2796     100.00   22.27418  -96.18006   -0.00013    0.00007         12  0.000e+00
     171371   7140.417    421.289    424.372     9.1820     9.1795   3.762087   3.761759     1.5775     1.2808     100.00   22.27418  -96.18006   -0.00011    0.00008         12  0.000e+00
     171372   7140.458    421.282    424.365     9.1818     9.1795   3.762054   3.761786     1.5775     1.2808     100.00   22.27418  -96.18006   -0.00009    0.00010         12  0.000e+00
     171373   7140.500    421.289    424.372     9.1812     9.1793   3.762061   3.761745     1.5775     1.2808     100.00   22.27418  -96.18006   -0.00008    0.00011         12  0.000e+00
     171374   7140.542    421.289    424.372     9.1812     9.1793   3.762021   3.761719     1.5788     1.2796     100.00   22.27418  -96.18006   -0.00006    0.00010         12  0.000e+00
     171375   7140.583    421.282    424.366     9.1813     9.1793   3.762008   3.761725     1.5775     1.2808     100.00   22.27418  -96.18006   -0.00004    0.00011         12  0.000e+00
     171376   7140.625    421.234    424.317     9.1813     9.1793   3.762008   3.761752     1.5775     1.2808     100.00   22.27418  -96.18006   -0.00004    0.00011         12  0.000e+00
     171377   7140.667    421.234    424.317     9.1816     9.1797   3.762054   3.761812     1.5775     1.2796     100.00   22.27418  -96.18006   -0.00004    0.00010         12  0.000e+00
     171378   7140.708    421.227    424.311     9.1813     9.1814   3.762047   3.761946     1.5775     1.2808     100.00   22.27418  -96.18006   -0.00004    0.00011         12  0.000e+00
     171379   7140.750    421.289    424.372     9.1816     9.1836   3.762061   3.762046     1.5775     1.2796     100.00   22.27418  -96.18006   -0.00004    0.00010         12  0.000e+00
     171380   7140.792    421.234    424.318     9.1813     9.1841   3.762074   3.762087     1.5763     1.2796     100.00   22.27418  -96.18008   -0.00006    0.00010         12  0.000e+00
     171381   7140.833    421.234    424.318     9.1819     9.1836   3.762074   3.762087     1.5775     1.2808     100.00   22.27418  -96.18008   -0.00006    0.00011         12  0.000e+00
     171382   7140.875    421.228    424.311     9.1820     9.1828   3.762127   3.762093     1.5775     1.2808     100.00   22.27418  -96.18008   -0.00006    0.00011         12  0.000e+00
     171383   7140.917    421.234    424.318     9.1823     9.1828   3.762113   3.762100     1.5775     1.2808     100.00   22.27418  -96.18008   -0.00006    0.00012         12  0.000e+00
     171384   7140.958    421.234    424.318     9.1826     9.1829   3.762107   3.762120     1.5775     1.2808     100.00   22.27418  -96.18008   -0.00006    0.00012         12  0.000e+00
     171385   7141.000    421.282    424.366     9.1821     9.1831   3.762080   3.762147     1.5775     1.2808     100.00   22.27418  -96.18008   -0.00006    0.00013         12  0.000e+00
     171386   7141.042    421.235    424.318     9.1814     9.1836   3.762021   3.762187     1.5775     1.2808     100.00   22.27418  -96.18008   -0.00006    0.00013         12  0.000e+00
     171387   7141.083    421.235    424.318     9.1810     9.1842   3.762028   3.762220     1.5775     1.2808     100.00   22.27418  -96.18008   -0.00006    0.00013         12  0.000e+00
     171388   7141.125    421.282    424.366     9.1807     9.1859   3.761988   3.762254     1.5775     1.2808     100.00   22.27418  -96.18008   -0.00006    0.00014         12  0.000e+00
     171389   7141.167    421.235    424.318     9.1806     9.1861   3.761948   3.762280     1.5775     1.2808     100.00   22.27418  -96.18008   -0.00005    0.00014         12  0.000e+00
     171390   7141.208    421.289    424.373     9.1804     9.1855   3.761962   3.762247     1.5775     1.2808     100.00   22.27418  -96.18008   -0.00005    0.00014         12  0.000e+00
     171391   7141.250    421.289    424.373     9.1803     9.1847   3.762021   3.762207     1.5775     1.2808     100.00   22.27418  -96.18008   -0.00005    0.00015         12  0.000e+00
     171392   7141.292    421.282    424.366     9.1805     9.1844   3.762061   3.762187     1.5775     1.2796     100.00   22.27418  -96.18008   -0.00005    0.00013         12  0.000e+00
     171393   7141.333    421.289    424.373     9.1821     9.1844   3.762094   3.762194     1.5775     1.2808     100.00   22.27418  -96.18008   -0.00005    0.00013         12  0.000e+00
     171394   7141.375    421.337    424.421     9.1824     9.1841   3.762081   3.762174     1.5775     1.2808     100.00   22.27418  -96.18008   -0.00005    0.00013         12  0.000e+00
     171395   7141.417    421.330    424.414     9.1813     9.1839   3.762048   3.762167     1.5775     1.2808     100.00   22.27418  -96.18008   -0.00005    0.00013         12  0.000e+00
     176055   7335.583    319.072    321.327    10.7888    10.7876   3.931171   3.930971     1.6081     1.3077     100.00   22.27418  -96.18004    0.00024   -0.00001         13  0.000e+00
     176056   7335.625    318.990    321.245    10.7887    10.7878   3.931158   3.931011     1.6081     1.3077     100.00   22.27418  -96.18004    0.00023   -0.00001         13  0.000e+00
     176057   7335.667    319.290    321.547    10.7888    10.7881   3.931151   3.931011     1.6068     1.3077     100.00   22.27418  -96.18004    0.00021   -0.00002         13  0.000e+00
     176058   7335.708    319.140    321.396    10.7885    10.7880   3.931124   3.931052     1.6081     1.3077     100.00   22.27418  -96.18004    0.00020   -0.00002         13  0.000e+00
     176059   7335.750    319.174    321.430    10.7887    10.7881   3.931164   3.931039     1.6068     1.3077     100.00   22.27418  -96.18004    0.00018   -0.00002         13  0.000e+00
     176060   7335.792    319.194    321.451    10.7887    10.7884   3.931131   3.931066     1.6068     1.3077     100.00   22.27418  -96.18004    0.00016   -0.00003         13  0.000e+00
     176061   7335.833    319.195    321.451    10.7890    10.7885   3.931164   3.931066     1.6081     1.3077     100.00   22.27418  -96.18004    0.00015   -0.00003         13  0.000e+00
     176062   7335.875    319.195    321.451    10.7888    10.7886   3.931185   3.931114     1.6081     1.3077     100.00   22.27418  -96.18004    0.00016   -0.00001         13  0.000e+00
     176063   7335.917    319.222    321.479    10.7885    10.7890   3.931158   3.931093     1.6068     1.3077     100.00   22.27418  -96.18004    0.00014    0.00000         13  0.000e+00
     176064   7335.958    319.195    321.451    10.7882    10.7887   3.931097   3.931093     1.6068     1.3089     100.00   22.27418  -96.18004    0.00011    0.00002         13  0.000e+00
     176065   7336.000    319.242    321.499    10.7875    10.7888   3.931057   3.931107     1.6081     1.3077     100.00   22.27418  -96.18004    0.00011    0.00001         13  0.000e+00
     176066   7336.042    319.242    321.499    10.7872    10.7890   3.930990   3.931154     1.6068     1.3077     100.00   22.27418  -96.18004    0.00008    0.00001         13  0.000e+00
     176067   7336.083    319.222    321.479    10.7869    10.7899   3.930949   3.931188     1.6081     1.3077     100.00   22.27418  -96.18004    0.00008    0.00001         13  0.000e+00
     176068   7336.125    319.243    321.500    10.7868    10.7901   3.930943   3.931161     1.6081     1.3077     100.00   22.27418  -96.18004    0.00009    0.00000         13  0.000e+00
     176069   7336.167    319.290    321.548    10.7869    10.7899   3.930916   3.931188     1.6068     1.3077     100.00   22.27418  -96.18004    0.00006    0.00000         13  0.000e+00
     176070   7336.208    319.243    321.500    10.7870    10.7899   3.930963   3.931148     1.6081     1.3089     100.00   22.27418  -96.18004    0.00005    0.00002         13  0.000e+00
     176071   7336.250    319.277    321.534    10.7875    10.7898   3.931057   3.931216     1.6081     1.3077     100.00   22.27418  -96.18004    0.00005    0.00001         13  0.000e+00
     176072   7336.292    319.290    321.548    10.7878    10.7901   3.931057   3.931209     1.6081     1.3077     100.00   22.27418  -96.18004    0.00006    0.00001         13  0.000e+00
     176073   7336.333    319.290    321.548    10.7880    10.7904   3.931023   3.931222     1.6081     1.3077     100.00   22.27418  -96.18004    0.00007    0.00001         13  0.000e+00
     176074   7336.375    319.291    321.548    10.7872    10.7904   3.930956   3.931216     1.6081     1.3077     100.00   22.27418  -96.18004    0.00008    0.00000         13  0.000e+00
     176075   7336.417    319.372    321.630    10.7863    10.7904   3.930862   3.931175     1.6081     1.3077     100.00   22.27418  -96.18004    0.00007 8.7921e-07         13  0.000e+00
