Gulf of Mexico/GOMECC-4/1db/rb2103_0591.ros
* Sea-Bird SBE 9 Data File:
* FileName = C:\Users\scs.user.rb\CTD\GOMECC4\data\rb2103_0591.hex
* Software Version Seasave V 7.26.7.107
* Temperature SN = 4799
* Conductivity SN = 3860
* Number of Bytes Per Scan = 41
* Number of Voltage Words = 4
* Number of Scans Averaged by the Deck Unit = 1
* NMEA Latitude = 28 41.01 N
* NMEA Longitude = 095 00.01 W
* NMEA UTC (Time) = Sep 29 2021  11:35:17
* NMEA baud rate = 4800
# nquan = 17
# nvalues = 798                                   
# units = specified
# name 0 = scan: Scan Count
# name 1 = timeS: Time, Elapsed [seconds]
# name 2 = depSM: Depth [salt water, m]
# name 3 = prDM: Pressure, Digiquartz [db]
# name 4 = t090C: Temperature [ITS-90, deg C]
# name 5 = t190C: Temperature, 2 [ITS-90, deg C]
# name 6 = c0S/m: Conductivity [S/m]
# name 7 = c1S/m: Conductivity, 2 [S/m]
# name 8 = sbeox0V: Oxygen raw, SBE 43 [V]
# name 9 = sbeox1V: Oxygen raw, SBE 43, 2 [V]
# name 10 = altM: Altimeter [m]
# name 11 = latitude: Latitude [deg]
# name 12 = longitude: Longitude [deg]
# name 13 = sbox0dV/dT: Oxygen, SBE 43 [dov/dt]
# name 14 = sbox1dV/dT: Oxygen, SBE 43, 2 [dov/dt]
# name 15 = nbf: Bottles Fired
# name 16 = flag:  0.000e+00
# interval = seconds: 0.0416667
# start_time = Sep 29 2021 11:35:17 [NMEA time, header]
# bad_flag = -9.990e-29
*END*
      10745    447.667     22.167     22.318    27.7997    27.8013   5.148924   5.149338     3.0281     2.5690       5.37   28.68322  -95.00052   -0.00100   -0.00115          1  0.000e+00
      10746    447.708     22.323     22.475    27.7995    27.8023   5.148954   5.149338     3.0281     2.5690       5.37   28.68322  -95.00052   -0.00100   -0.00118          1  0.000e+00
      10747    447.750     22.127     22.277    27.7995    27.8021   5.148931   5.149300     3.0281     2.5690       5.37   28.68322  -95.00052   -0.00101   -0.00120          1  0.000e+00
      10748    447.792     22.221     22.372    27.7997    27.8021   5.148954   5.149255     3.0281     2.5690       5.37   28.68322  -95.00054   -0.00102   -0.00122          1  0.000e+00
      10749    447.833     22.228     22.379    27.7997    27.8027   5.148931   5.149278     3.0281     2.5690       5.37   28.68322  -95.00054   -0.00101   -0.00124          1  0.000e+00
      10750    447.875     22.079     22.229    27.7997    27.8021   5.148924   5.149315     3.0281     2.5690       5.37   28.68322  -95.00054   -0.00102   -0.00127          1  0.000e+00
      10751    447.917     22.316     22.468    27.7995    27.8023   5.148924   5.149300     3.0281     2.5690       5.37   28.68322  -95.00054   -0.00102   -0.00131          1  0.000e+00
      10752    447.958     22.228     22.379    27.7997    27.8021   5.148916   5.149323     3.0293     2.5690       5.37   28.68322  -95.00054   -0.00100   -0.00134          1  0.000e+00
      10753    448.000     22.221     22.372    27.7994    27.8023   5.148886   5.149338     3.0293     2.5678       5.37   28.68322  -95.00054   -0.00099   -0.00139          1  0.000e+00
      10754    448.042     22.174     22.325    27.7997    27.8021   5.148946   5.149338     3.0293     2.5690       5.37   28.68322  -95.00054   -0.00098   -0.00142          1  0.000e+00
      10755    448.083     22.174     22.325    27.7995    27.8020   5.148901   5.149300     3.0293     2.5690       5.37   28.68322  -95.00054   -0.00095   -0.00145          1  0.000e+00
      10756    448.125     22.221     22.372    27.7997    27.8023   5.148909   5.149255     3.0293     2.5678       5.35   28.68322  -95.00054   -0.00092   -0.00150          1  0.000e+00
      10757    448.167     22.174     22.325    27.7995    27.8023   5.148924   5.149217     3.0293     2.5678       5.35   28.68322  -95.00054   -0.00089   -0.00155          1  0.000e+00
      10758    448.208     22.228     22.379    27.7995    27.8025   5.148924   5.149232     3.0293     2.5690       5.37   28.68322  -95.00054   -0.00087   -0.00157          1  0.000e+00
      10759    448.250     22.167     22.318    27.7997    27.8023   5.148924   5.149277     3.0293     2.5690       5.37   28.68322  -95.00054   -0.00084   -0.00160          1  0.000e+00
      10760    448.292     22.228     22.379    27.7995    27.8025   5.148946   5.149293     3.0293     2.5690       5.37   28.68322  -95.00054   -0.00081   -0.00162          1  0.000e+00
      10761    448.333     22.174     22.325    27.7997    27.8025   5.148894   5.149293     3.0293     2.5690       5.40   28.68322  -95.00054   -0.00078   -0.00163          1  0.000e+00
      10762    448.375     22.221     22.372    27.7997    27.8023   5.148946   5.149255     3.0305     2.5690       5.40   28.68322  -95.00054   -0.00073   -0.00163          1  0.000e+00
      10763    448.417     22.174     22.325    27.7999    27.8023   5.148931   5.149316     3.0305     2.5690       5.40   28.68322  -95.00054   -0.00070   -0.00163          1  0.000e+00
      10764    448.458     22.228     22.379    27.8000    27.8025   5.148984   5.149300     3.0293     2.5690       5.40   28.68322  -95.00054   -0.00067   -0.00163          1  0.000e+00
      10765    448.500     22.221     22.372    27.8000    27.8025   5.148976   5.149293     3.0305     2.5690       5.40   28.68322  -95.00054   -0.00062   -0.00163          1  0.000e+00
      10766    448.542     22.174     22.325    27.8002    27.8023   5.148991   5.149316     3.0293     2.5690       5.40   28.68322  -95.00054   -0.00059   -0.00163          1  0.000e+00
      10767    448.583     22.228     22.379    27.8000    27.8023   5.148969   5.149300     3.0305     2.5690       5.40   28.68322  -95.00054   -0.00055   -0.00163          1  0.000e+00
      10768    448.625     22.221     22.372    27.8004    27.8025   5.148961   5.149323     3.0305     2.5702       5.40   28.68322  -95.00054   -0.00050   -0.00161          1  0.000e+00
      10769    448.667     22.174     22.325    27.8000    27.8027   5.148991   5.149338     3.0305     2.5702       5.40   28.68322  -95.00054   -0.00045   -0.00158          1  0.000e+00
      10770    448.708     22.228     22.379    27.8002    27.8025   5.148976   5.149338     3.0305     2.5702       5.40   28.68322  -95.00054   -0.00040   -0.00156          1  0.000e+00
      10771    448.750     22.221     22.372    27.7999    27.8026   5.148969   5.149300     3.0305     2.5702       5.40   28.68322  -95.00054   -0.00035   -0.00153          1  0.000e+00
      10772    448.792     22.174     22.325    27.7999    27.8025   5.148931   5.149323     3.0305     2.5690       5.40   28.68322  -95.00054   -0.00031   -0.00153          1  0.000e+00
      10773    448.833     22.228     22.379    27.7997    27.8026   5.148954   5.149361     3.0305     2.5702       5.40   28.68322  -95.00054   -0.00028   -0.00150          1  0.000e+00
      10774    448.875     22.269     22.420    27.7997    27.8026   5.148991   5.149369     3.0305     2.5702       5.40   28.68322  -95.00054   -0.00023   -0.00147          1  0.000e+00
      10775    448.917     22.228     22.379    27.7999    27.8025   5.148976   5.149308     3.0305     2.5702       5.40   28.68322  -95.00054   -0.00020   -0.00144          1  0.000e+00
      10776    448.958     22.228     22.379    27.8000    27.8025   5.148969   5.149293     3.0305     2.5702       5.40   28.68322  -95.00054   -0.00015   -0.00141          1  0.000e+00
      10777    449.000     22.221     22.372    27.8002    27.8025   5.148901   5.149354     3.0317     2.5690       5.40   28.68322  -95.00054   -0.00010   -0.00139          1  0.000e+00
      10778    449.042     22.275     22.427    27.8002    27.8025   5.149006   5.149376     3.0305     2.5690       5.40   28.68322  -95.00054   -0.00006   -0.00138          1  0.000e+00
      10779    449.083     22.228     22.379    27.8008    27.8026   5.149014   5.149407     3.0317     2.5690       5.40   28.68322  -95.00054    0.00001   -0.00136          1  0.000e+00
      10780    449.125     22.269     22.420    27.8008    27.8030   5.149074   5.149422     3.0317     2.5690       5.40   28.68322  -95.00054    0.00007   -0.00134          1  0.000e+00
      10781    449.167     22.228     22.379    27.8006    27.8029   5.149089   5.149407     3.0305     2.5690       5.40   28.68322  -95.00054    0.00011   -0.00132          1  0.000e+00
      10782    449.208     22.269     22.420    27.8002    27.8030   5.149059   5.149414     3.0317     2.5690       5.40   28.68322  -95.00054    0.00018   -0.00132          1  0.000e+00
      10783    449.250     22.275     22.427    27.8002    27.8029   5.149051   5.149452     3.0317     2.5690       5.40   28.68322  -95.00054    0.00024   -0.00131          1  0.000e+00
      10784    449.292     22.275     22.427    27.8002    27.8032   5.149051   5.149430     3.0317     2.5690       5.40   28.68322  -95.00054    0.00030   -0.00131          1  0.000e+00
      10785    449.333     22.269     22.420    27.8002    27.8030   5.149051   5.149422     3.0305     2.5702       5.35   28.68322  -95.00054    0.00035   -0.00128          1  0.000e+00
      10786    449.375     22.323     22.475    27.8002    27.8029   5.148984   5.149384     3.0317     2.5702       5.32   28.68322  -95.00054    0.00041   -0.00126          1  0.000e+00
      10787    449.417     22.275     22.427    27.8008    27.8028   5.149029   5.149407     3.0305     2.5702       5.30   28.68322  -95.00054    0.00045   -0.00123          1  0.000e+00
      10788    449.458     22.269     22.420    27.8006    27.8026   5.149014   5.149422     3.0317     2.5702       5.30   28.68322  -95.00054    0.00052   -0.00122          1  0.000e+00
      10789    449.500     22.323     22.475    27.8004    27.8029   5.148999   5.149407     3.0305     2.5702       5.32   28.68322  -95.00054    0.00056   -0.00120          1  0.000e+00
      10790    449.542     22.323     22.475    27.8002    27.8026   5.148999   5.149354     3.0317     2.5702       5.30   28.68322  -95.00054    0.00062   -0.00119          1  0.000e+00
      10791    449.583     22.316     22.468    27.8008    27.8025   5.149074   5.149399     3.0305     2.5702       5.30   28.68322  -95.00054    0.00066   -0.00116          1  0.000e+00
      10792    449.625     22.323     22.475    27.8010    27.8027   5.149059   5.149354     3.0317     2.5714       5.32   28.68322  -95.00054    0.00073   -0.00111          1  0.000e+00
      10793    449.667     22.323     22.475    27.8008    27.8026   5.149051   5.149399     3.0317     2.5714       5.32   28.68322  -95.00054    0.00079   -0.00107          1  0.000e+00
      10794    449.708     22.363     22.516    27.8008    27.8025   5.149051   5.149384     3.0317     2.5714       5.32   28.68322  -95.00054    0.00085   -0.00102          1  0.000e+00
      10795    449.750     22.323     22.475    27.8008    27.8027   5.149081   5.149346     3.0317     2.5714       5.32   28.68322  -95.00054    0.00091   -0.00097          1  0.000e+00
      10796    449.792     22.377     22.529    27.8010    27.8026   5.149089   5.149338     3.0317     2.5714       5.30   28.68322  -95.00054    0.00095   -0.00093          1  0.000e+00
      10797    449.833     22.363     22.516    27.8010    27.8032   5.149126   5.149293     3.0317     2.5714       5.30   28.68322  -95.00054    0.00101   -0.00086          1  0.000e+00
      10798    449.875     22.377     22.529    27.8010    27.8031   5.149164   5.149346     3.0317     2.5714       5.32   28.68322  -95.00054    0.00107   -0.00080          1  0.000e+00
      10799    449.917     22.377     22.529    27.8010    27.8030   5.149179   5.149308     3.0317     2.5714       5.32   28.68322  -95.00054    0.00112   -0.00073          1  0.000e+00
      10800    449.958     22.363     22.516    27.8011    27.8032   5.149149   5.149354     3.0317     2.5714       5.32   28.68322  -95.00054    0.00116   -0.00066          1  0.000e+00
      10801    450.000     22.377     22.529    27.8010    27.8031   5.149104   5.149346     3.0317     2.5714       5.30   28.68322  -95.00054    0.00120   -0.00059          1  0.000e+00
      10802    450.042     22.424     22.577    27.8008    27.8030   5.149126   5.149399     3.0317     2.5714       5.32   28.68322  -95.00054    0.00124   -0.00052          1  0.000e+00
      10803    450.083     22.363     22.516    27.8010    27.8032   5.149134   5.149354     3.0305     2.5714       5.32   28.68322  -95.00054    0.00126   -0.00045          1  0.000e+00
      10804    450.125     22.472     22.625    27.8008    27.8028   5.149104   5.149361     3.0317     2.5714       5.32   28.68322  -95.00054    0.00130   -0.00038          1  0.000e+00
      10805    450.167     22.363     22.516    27.8008    27.8028   5.149126   5.149369     3.0317     2.5714       5.32   28.68322  -95.00054    0.00134   -0.00031          1  0.000e+00
      10806    450.208     22.472     22.625    27.8012    27.8027   5.149201   5.149369     3.0330     2.5714       5.32   28.68322  -95.00054    0.00139   -0.00024          1  0.000e+00
      10807    450.250     22.424     22.577    27.8019    27.8028   5.149089   5.149346     3.0317     2.5714       5.32   28.68322  -95.00054    0.00143   -0.00019          1  0.000e+00
      10808    450.292     22.418     22.570    27.8021    27.8030   5.149051   5.149399     3.0317     2.5714       5.27   28.68322  -95.00054    0.00146   -0.00013          1  0.000e+00
      10809    450.333     22.424     22.577    27.8019    27.8032   5.149081   5.149384     3.0317     2.5714       5.18   28.68322  -95.00054    0.00149   -0.00008          1  0.000e+00
      10810    450.375     22.472     22.625    27.8015    27.8030   5.149126   5.149376     3.0317     2.5714       5.15   28.68322  -95.00054    0.00151   -0.00002          1  0.000e+00
      10811    450.417     22.418     22.570    27.8011    27.8030   5.149164   5.149376     3.0317     2.5714       5.15   28.68322  -95.00054    0.00152    0.00004          1  0.000e+00
      10812    450.458     22.472     22.625    27.8011    27.8031   5.149171   5.149346     3.0317     2.5714       5.18   28.68322  -95.00054    0.00154    0.00011          1  0.000e+00
      10813    450.500     22.472     22.625    27.8013    27.8032   5.149149   5.149323     3.0317     2.5714       5.18   28.68322  -95.00054    0.00155    0.00017          1  0.000e+00
      10814    450.542     22.418     22.570    27.8015    27.8032   5.149141   5.149331     3.0317     2.5702       5.15   28.68322  -95.00054    0.00156    0.00022          1  0.000e+00
      10815    450.583     22.472     22.625    27.8017    27.8031   5.149164   5.149338     3.0317     2.5714       5.15   28.68322  -95.00054    0.00157    0.00028          1  0.000e+00
      10816    450.625     22.472     22.625    27.8015    27.8030   5.149149   5.149361     3.0317     2.5714       5.15   28.68322  -95.00054    0.00158    0.00034          1  0.000e+00
      10817    450.667     22.465     22.618    27.8017    27.8032   5.149164   5.149407     3.0317     2.5714       5.15   28.68322  -95.00054    0.00159    0.00040          1  0.000e+00
      10818    450.708     22.472     22.625    27.8017    27.8031   5.149111   5.149384     3.0317     2.5714       5.15   28.68322  -95.00054    0.00158    0.00046          1  0.000e+00
      10819    450.750     22.472     22.625    27.8017    27.8034   5.149126   5.149376     3.0317     2.5714       5.15   28.68322  -95.00054    0.00156    0.00052          1  0.000e+00
      10820    450.792     22.465     22.618    27.8015    27.8032   5.149164   5.149247     3.0317     2.5714       5.15   28.68322  -95.00054    0.00155    0.00058          1  0.000e+00
      10821    450.833     22.472     22.625    27.8015    27.8034   5.149149   5.149255     3.0317     2.5714       5.15   28.68322  -95.00054    0.00154    0.00064          1  0.000e+00
      10822    450.875     22.472     22.625    27.8019    27.8032   5.149201   5.149346     3.0305     2.5714       5.15   28.68322  -95.00054    0.00148    0.00069          1  0.000e+00
      10823    450.917     22.512     22.666    27.8017    27.8032   5.149186   5.149346     3.0305     2.5714       5.15   28.68322  -95.00054    0.00143    0.00073          1  0.000e+00
      10824    450.958     22.472     22.625    27.8021    27.8032   5.149179   5.149300     3.0305     2.5714       5.15   28.68322  -95.00054    0.00139    0.00077          1  0.000e+00
      10825    451.000     22.465     22.618    27.8017    27.8034   5.149149   5.149293     3.0305     2.5726       5.15   28.68322  -95.00054    0.00134    0.00083          1  0.000e+00
      10826    451.042     22.472     22.625    27.8019    27.8034   5.149134   5.149354     3.0305     2.5714       5.15   28.68322  -95.00054    0.00130    0.00088          1  0.000e+00
      10827    451.083     22.472     22.625    27.8017    27.8036   5.149164   5.149346     3.0305     2.5726       5.18   28.68322  -95.00054    0.00124    0.00094          1  0.000e+00
      10828    451.125     22.465     22.618    27.8019    27.8036   5.149179   5.149300     3.0305     2.5726       5.18   28.68322  -95.00054    0.00118    0.00098          1  0.000e+00
      10829    451.167     22.472     22.625    27.8019    27.8034   5.149111   5.149278     3.0305     2.5726       5.18   28.68322  -95.00054    0.00112    0.00102          1  0.000e+00
