Gulf of Mexico/GOMECC-4/1db/rb2103_0641.ros
* Sea-Bird SBE 9 Data File:
* FileName = C:\Users\scs.user.rb\CTD\GOMECC4\data\rb2103_0641.hex
* Software Version Seasave V 7.26.7.107
* Temperature SN = 4799
* Conductivity SN = 3860
* Number of Bytes Per Scan = 41
* Number of Voltage Words = 4
* Number of Scans Averaged by the Deck Unit = 1
* NMEA Latitude = 26 03.63 N
* NMEA Longitude = 096 34.10 W
* NMEA UTC (Time) = Oct 02 2021  05:28:55
* NMEA baud rate = 4800
# nquan = 17
# nvalues = 798                                   
# units = specified
# name 0 = scan: Scan Count
# name 1 = timeS: Time, Elapsed [seconds]
# name 2 = depSM: Depth [salt water, m]
# name 3 = prDM: Pressure, Digiquartz [db]
# name 4 = t090C: Temperature [ITS-90, deg C]
# name 5 = t190C: Temperature, 2 [ITS-90, deg C]
# name 6 = c0S/m: Conductivity [S/m]
# name 7 = c1S/m: Conductivity, 2 [S/m]
# name 8 = sbeox0V: Oxygen raw, SBE 43 [V]
# name 9 = sbeox1V: Oxygen raw, SBE 43, 2 [V]
# name 10 = altM: Altimeter [m]
# name 11 = latitude: Latitude [deg]
# name 12 = longitude: Longitude [deg]
# name 13 = sbox0dV/dT: Oxygen, SBE 43 [dov/dt]
# name 14 = sbox1dV/dT: Oxygen, SBE 43, 2 [dov/dt]
# name 15 = nbf: Bottles Fired
# name 16 = flag:  0.000e+00
# interval = seconds: 0.0416667
# start_time = Oct 02 2021 05:28:55 [NMEA time, header]
# bad_flag = -9.990e-29
*END*
[from data line 681]
      31123   1296.750      3.362      3.384    29.0839    29.0851   5.810141   5.810375     3.1087     2.6361      53.38   26.06144  -96.56834    0.00018    0.00061          6  0.000e+00
      31124   1296.792      3.362      3.384    29.0839    29.0849   5.810117   5.810359     3.1087     2.6349      53.36   26.06146  -96.56834    0.00017    0.00060          6  0.000e+00
      31125   1296.833      3.314      3.336    29.0835    29.0850   5.810141   5.810327     3.1087     2.6361      53.36   26.06146  -96.56834    0.00015    0.00060          6  0.000e+00
      31126   1296.875      3.362      3.384    29.0838    29.0851   5.810156   5.810343     3.1087     2.6349      53.38   26.06146  -96.56834    0.00013    0.00058          6  0.000e+00
      31127   1296.917      3.314      3.336    29.0837    29.0851   5.810156   5.810367     3.1087     2.6349      53.36   26.06146  -96.56834    0.00012    0.00056          6  0.000e+00
      31128   1296.958      3.314      3.336    29.0837    29.0851   5.810148   5.810351     3.1087     2.6337      53.38   26.06146  -96.56834    0.00010    0.00053          6  0.000e+00
      31129   1297.000      3.362      3.384    29.0835    29.0849   5.810077   5.810351     3.1087     2.6337      53.36   26.06146  -96.56834    0.00008    0.00049          6  0.000e+00
      31130   1297.042      3.267      3.288    29.0836    29.0851   5.810133   5.810367     3.1074     2.6337      53.36   26.06146  -96.56834    0.00004    0.00046          6  0.000e+00
      31131   1297.083      3.314      3.336    29.0835    29.0850   5.810117   5.810391     3.1074     2.6325      53.36   26.06146  -96.56834    0.00001    0.00039          6  0.000e+00
      31132   1297.125      3.260      3.282    29.0835    29.0849   5.810141   5.810327     3.1087     2.6325      53.38   26.06146  -96.56834   -0.00001    0.00031          6  0.000e+00
      31133   1297.167      3.267      3.288    29.0837    29.0847   5.810156   5.810351     3.1074     2.6313      53.46   26.06146  -96.56834   -0.00004    0.00022          6  0.000e+00
      31134   1297.208      3.314      3.336    29.0834    29.0847   5.810148   5.810319     3.1074     2.6325      53.53   26.06146  -96.56834   -0.00008    0.00015          6  0.000e+00
      31135   1297.250      3.267      3.288    29.0837    29.0847   5.810148   5.810303     3.1074     2.6313      53.53   26.06146  -96.56834   -0.00011    0.00006          6  0.000e+00
      31136   1297.292      3.213      3.234    29.0835    29.0847   5.810156   5.810318     3.1074     2.6313      53.53   26.06146  -96.56834   -0.00016   -0.00003          6  0.000e+00
      31137   1297.333      3.267      3.288    29.0835    29.0847   5.810117   5.810375     3.1074     2.6313      53.53   26.06146  -96.56834   -0.00019   -0.00012          6  0.000e+00
      31138   1297.375      3.267      3.288    29.0834    29.0847   5.810141   5.810327     3.1074     2.6313      53.53   26.06146  -96.56834   -0.00024   -0.00021          6  0.000e+00
      31139   1297.417      3.267      3.288    29.0833    29.0847   5.810117   5.810351     3.1062     2.6313      53.53   26.06146  -96.56834   -0.00028   -0.00032          6  0.000e+00
      31140   1297.458      3.267      3.288    29.0835    29.0845   5.810109   5.810351     3.1062     2.6300      53.53   26.06146  -96.56834   -0.00033   -0.00042          6  0.000e+00
      31141   1297.500      3.260      3.281    29.0834    29.0848   5.810172   5.810351     3.1062     2.6300      53.53   26.06146  -96.56834   -0.00038   -0.00053          6  0.000e+00
      31142   1297.542      3.314      3.336    29.0835    29.0847   5.810125   5.810327     3.1062     2.6300      53.53   26.06146  -96.56834   -0.00042   -0.00064          6  0.000e+00
      31143   1297.583      3.267      3.288    29.0835    29.0845   5.810109   5.810343     3.1062     2.6313      53.53   26.06146  -96.56834   -0.00046   -0.00073          6  0.000e+00
      31144   1297.625      3.267      3.288    29.0835    29.0847   5.810109   5.810383     3.1062     2.6300      53.53   26.06146  -96.56834   -0.00051   -0.00083          6  0.000e+00
      31145   1297.667      3.267      3.288    29.0834    29.0845   5.810109   5.810343     3.1062     2.6300      53.53   26.06146  -96.56834   -0.00055   -0.00094          6  0.000e+00
      31146   1297.708      3.314      3.336    29.0835    29.0843   5.810141   5.810303     3.1062     2.6300      53.53   26.06146  -96.56834   -0.00059   -0.00103          6  0.000e+00
      31147   1297.750      3.267      3.288    29.0839    29.0845   5.810109   5.810335     3.1050     2.6313      53.53   26.06146  -96.56834   -0.00065   -0.00110          6  0.000e+00
      31148   1297.792      3.314      3.336    29.0835    29.0843   5.810101   5.810327     3.1050     2.6313      53.53   26.06146  -96.56834   -0.00070   -0.00117          6  0.000e+00
      31149   1297.833      3.314      3.336    29.0834    29.0845   5.810109   5.810343     3.1050     2.6313      53.53   26.06146  -96.56834   -0.00075   -0.00124          6  0.000e+00
      31150   1297.875      3.307      3.329    29.0835    29.0843   5.810141   5.810351     3.1062     2.6313      53.53   26.06146  -96.56834   -0.00079   -0.00131          6  0.000e+00
      31151   1297.917      3.361      3.383    29.0835    29.0844   5.810117   5.810327     3.1062     2.6313      53.53   26.06146  -96.56834   -0.00082   -0.00136          6  0.000e+00
      31152   1297.958      3.314      3.336    29.0837    29.0845   5.810141   5.810343     3.1062     2.6325      53.53   26.06146  -96.56834   -0.00086   -0.00139          6  0.000e+00
      31153   1298.000      3.361      3.383    29.0834    29.0843   5.810109   5.810351     3.1062     2.6325      53.53   26.06146  -96.56834   -0.00089   -0.00142          6  0.000e+00
      31154   1298.042      3.361      3.383    29.0835    29.0843   5.810101   5.810295     3.1062     2.6325      53.53   26.06146  -96.56834   -0.00092   -0.00146          6  0.000e+00
      31155   1298.083      3.361      3.383    29.0839    29.0845   5.810141   5.810327     3.1062     2.6325      53.53   26.06146  -96.56834   -0.00095   -0.00147          6  0.000e+00
      31156   1298.125      3.415      3.438    29.0837    29.0843   5.810156   5.810351     3.1062     2.6325      53.53   26.06146  -96.56834   -0.00098   -0.00148          6  0.000e+00
      31157   1298.167      3.361      3.383    29.0836    29.0847   5.810156   5.810327     3.1062     2.6337      53.53   26.06146  -96.56834   -0.00102   -0.00146          6  0.000e+00
      31158   1298.208      3.415      3.438    29.0839    29.0843   5.810117   5.810375     3.1062     2.6325      53.53   26.06146  -96.56834   -0.00105   -0.00146          6  0.000e+00
      31159   1298.250      3.456      3.479    29.0839    29.0842   5.810093   5.810359     3.1062     2.6337      53.53   26.06146  -96.56834   -0.00108   -0.00143          6  0.000e+00
      31160   1298.292      3.415      3.438    29.0837    29.0845   5.810030   5.810367     3.1062     2.6337      53.53   26.06146  -96.56834   -0.00110   -0.00139          6  0.000e+00
      31161   1298.333      3.463      3.485    29.0838    29.0843   5.810085   5.810319     3.1062     2.6337      53.50   26.06146  -96.56834   -0.00112   -0.00134          6  0.000e+00
      31162   1298.375      3.463      3.485    29.0839    29.0844   5.810141   5.810335     3.1062     2.6337      53.50   26.06146  -96.56834   -0.00115   -0.00130          6  0.000e+00
      31163   1298.417      3.463      3.485    29.0837    29.0845   5.810156   5.810367     3.1062     2.6325      53.50   26.06146  -96.56834   -0.00117   -0.00127          6  0.000e+00
      31164   1298.458      3.510      3.533    29.0839    29.0847   5.810117   5.810351     3.1062     2.6325      53.53   26.06146  -96.56834   -0.00119   -0.00124          6  0.000e+00
      31165   1298.500      3.510      3.533    29.0838    29.0849   5.810062   5.810383     3.1062     2.6325      53.53   26.06146  -96.56834   -0.00121   -0.00121          6  0.000e+00
      31166   1298.542      3.564      3.587    29.0839    29.0849   5.810054   5.810375     3.1062     2.6325      53.53   26.06146  -96.56834   -0.00124   -0.00118          6  0.000e+00
      31167   1298.583      3.510      3.533    29.0837    29.0850   5.810133   5.810351     3.1062     2.6325      53.53   26.06146  -96.56834   -0.00126   -0.00113          6  0.000e+00
      31168   1298.625      3.564      3.587    29.0843    29.0853   5.810085   5.810383     3.1062     2.6325      53.50   26.06146  -96.56834   -0.00128   -0.00107          6  0.000e+00
      31169   1298.667      3.605      3.628    29.0842    29.0857   5.810164   5.810447     3.1062     2.6325      53.53   26.06146  -96.56834   -0.00131   -0.00103          6  0.000e+00
      31170   1298.708      3.564      3.587    29.0843    29.0860   5.810164   5.810487     3.1062     2.6313      53.53   26.06146  -96.56834   -0.00134   -0.00101          6  0.000e+00
      31171   1298.750      3.564      3.587    29.0843    29.0860   5.810156   5.810455     3.1062     2.6325      53.50   26.06146  -96.56834   -0.00138   -0.00097          6  0.000e+00
      31172   1298.792      3.611      3.635    29.0843    29.0861   5.810149   5.810495     3.1062     2.6313      53.53   26.06146  -96.56834   -0.00141   -0.00095          6  0.000e+00
      31173   1298.833      3.659      3.683    29.0842    29.0860   5.810188   5.810423     3.1062     2.6313      53.53   26.06146  -96.56834   -0.00144   -0.00092          6  0.000e+00
      31174   1298.875      3.611      3.635    29.0844    29.0858   5.810204   5.810447     3.1062     2.6313      53.53   26.06146  -96.56834   -0.00147   -0.00089          6  0.000e+00
      31175   1298.917      3.659      3.683    29.0846    29.0857   5.810204   5.810447     3.1062     2.6313      53.53   26.06146  -96.56834   -0.00150   -0.00086          6  0.000e+00
      31176   1298.958      3.611      3.635    29.0846    29.0857   5.810164   5.810479     3.1062     2.6313      53.53   26.06146  -96.56834   -0.00153   -0.00083          6  0.000e+00
      31177   1299.000      3.713      3.737    29.0846    29.0858   5.810228   5.810471     3.1062     2.6313      53.53   26.06146  -96.56834   -0.00155   -0.00080          6  0.000e+00
      31178   1299.042      3.706      3.730    29.0848    29.0857   5.810172   5.810447     3.1062     2.6313      53.53   26.06146  -96.56834   -0.00158   -0.00078          6  0.000e+00
      31179   1299.083      3.659      3.683    29.0848    29.0857   5.810220   5.810447     3.1062     2.6300      53.53   26.06146  -96.56834   -0.00159   -0.00078          6  0.000e+00
      31180   1299.125      3.659      3.683    29.0848    29.0857   5.810212   5.810423     3.1062     2.6313      53.53   26.06146  -96.56834   -0.00160   -0.00076          6  0.000e+00
      31181   1299.167      3.760      3.785    29.0847    29.0855   5.810236   5.810399     3.1062     2.6300      53.46   26.06146  -96.56834   -0.00160   -0.00075          6  0.000e+00
      31182   1299.208      3.713      3.737    29.0848    29.0856   5.810251   5.810399     3.1062     2.6313      53.41   26.06146  -96.56834   -0.00161   -0.00073          6  0.000e+00
      31183   1299.250      3.713      3.737    29.0848    29.0855   5.810212   5.810447     3.1062     2.6313      53.41   26.06146  -96.56834   -0.00161   -0.00070          6  0.000e+00
      31184   1299.292      3.760      3.785    29.0846    29.0853   5.810267   5.810375     3.1062     2.6313      53.41   26.06146  -96.56834   -0.00162   -0.00068          6  0.000e+00
      31185   1299.333      3.713      3.737    29.0846    29.0855   5.810220   5.810383     3.1074     2.6313      53.41   26.06146  -96.56834   -0.00158   -0.00065          6  0.000e+00
      31186   1299.375      3.713      3.737    29.0848    29.0855   5.810204   5.810375     3.1074     2.6313      53.41   26.06146  -96.56834   -0.00157   -0.00062          6  0.000e+00
      31187   1299.417      3.760      3.785    29.0846    29.0852   5.810204   5.810463     3.1062     2.6325      53.41   26.06146  -96.56834   -0.00155   -0.00059          6  0.000e+00
      31188   1299.458      3.753      3.778    29.0848    29.0855   5.810236   5.810423     3.1074     2.6325      53.41   26.06146  -96.56834   -0.00151   -0.00056          6  0.000e+00
      31189   1299.500      3.760      3.785    29.0847    29.0855   5.810212   5.810415     3.1074     2.6337      53.41   26.06146  -96.56834   -0.00148   -0.00053          6  0.000e+00
      31190   1299.542      3.760      3.785    29.0848    29.0853   5.810228   5.810399     3.1074     2.6337      53.41   26.06146  -96.56834   -0.00144   -0.00049          6  0.000e+00
      31191   1299.583      3.760      3.785    29.0848    29.0853   5.810243   5.810399     3.1074     2.6337      53.41   26.06146  -96.56834   -0.00140   -0.00048          6  0.000e+00
      31192   1299.625      3.760      3.785    29.0846    29.0851   5.810212   5.810375     3.1074     2.6337      53.41   26.06146  -96.56834   -0.00136   -0.00047          6  0.000e+00
      31193   1299.667      3.760      3.785    29.0846    29.0854   5.810204   5.810391     3.1074     2.6337      53.41   26.06146  -96.56834   -0.00132   -0.00045          6  0.000e+00
      31194   1299.708      3.760      3.785    29.0846    29.0851   5.810164   5.810431     3.1074     2.6337      53.41   26.06146  -96.56834   -0.00128   -0.00044          6  0.000e+00
      31195   1299.750      3.760      3.785    29.0848    29.0853   5.810228   5.810463     3.1074     2.6337      53.41   26.06146  -96.56834   -0.00123   -0.00043          6  0.000e+00
      31196   1299.792      3.713      3.737    29.0846    29.0855   5.810180   5.810415     3.1074     2.6337      53.41   26.06146  -96.56834   -0.00119   -0.00043          6  0.000e+00
      31197   1299.833      3.760      3.785    29.0847    29.0855   5.810180   5.810431     3.1087     2.6349      53.41   26.06146  -96.56834   -0.00111   -0.00042          6  0.000e+00
      31198   1299.875      3.706      3.730    29.0846    29.0856   5.810164   5.810423     3.1087     2.6349      53.41   26.06146  -96.56834   -0.00103   -0.00041          6  0.000e+00
      31199   1299.917      3.712      3.737    29.0846    29.0857   5.810157   5.810439     3.1087     2.6337      53.41   26.06146  -96.56834   -0.00096   -0.00040          6  0.000e+00
      31200   1299.958      3.760      3.784    29.0846    29.0857   5.810228   5.810407     3.1087     2.6337      53.41   26.06146  -96.56834   -0.00090   -0.00041          6  0.000e+00
      31201   1300.000      3.712      3.737    29.0847    29.0855   5.810251   5.810415     3.1087     2.6337      53.41   26.06146  -96.56834   -0.00083   -0.00040          6  0.000e+00
      31202   1300.042      3.658      3.682    29.0850    29.0855   5.810251   5.810399     3.1087     2.6337      53.41   26.06146  -96.56834   -0.00076   -0.00040          6  0.000e+00
      31203   1300.083      3.658      3.682    29.0846    29.0854   5.810172   5.810431     3.1087     2.6325      53.41   26.06146  -96.56834   -0.00069   -0.00042          6  0.000e+00
      31204   1300.125      3.658      3.682    29.0848    29.0855   5.810188   5.810391     3.1087     2.6325      53.41   26.06146  -96.56834   -0.00062   -0.00043          6  0.000e+00
      31205   1300.167      3.658      3.682    29.0847    29.0853   5.810236   5.810391     3.1087     2.6325      53.43   26.06146  -96.56834   -0.00056   -0.00044          6  0.000e+00
      31206   1300.208      3.611      3.635    29.0846    29.0855   5.810251   5.810431     3.1087     2.6325      53.46   26.06146  -96.56834   -0.00050   -0.00045          6  0.000e+00
