Gulf of Mexico/GOMECC-4/1db/rb2103_1331.ros
* Sea-Bird SBE 9 Data File:
* FileName = C:\Users\scs.user.rb\CTD\GOMECC4\data\rb2103_1331.hex
* Software Version Seasave V 7.26.7.107
* Temperature SN = 4799
* Conductivity SN = 3860
* Number of Bytes Per Scan = 41
* Number of Voltage Words = 4
* Number of Scans Averaged by the Deck Unit = 1
* NMEA Latitude = 26 31.24 N
* NMEA Longitude = 083 24.57 W
* NMEA UTC (Time) = Oct 19 2021  21:06:28
* NMEA baud rate = 4800
# nquan = 17
# nvalues = 798                                   
# units = specified
# name 0 = scan: Scan Count
# name 1 = timeS: Time, Elapsed [seconds]
# name 2 = depSM: Depth [salt water, m]
# name 3 = prDM: Pressure, Digiquartz [db]
# name 4 = t090C: Temperature [ITS-90, deg C]
# name 5 = t190C: Temperature, 2 [ITS-90, deg C]
# name 6 = c0S/m: Conductivity [S/m]
# name 7 = c1S/m: Conductivity, 2 [S/m]
# name 8 = sbeox0V: Oxygen raw, SBE 43 [V]
# name 9 = sbeox1V: Oxygen raw, SBE 43, 2 [V]
# name 10 = altM: Altimeter [m]
# name 11 = latitude: Latitude [deg]
# name 12 = longitude: Longitude [deg]
# name 13 = sbox0dV/dT: Oxygen, SBE 43 [dov/dt]
# name 14 = sbox1dV/dT: Oxygen, SBE 43, 2 [dov/dt]
# name 15 = nbf: Bottles Fired
# name 16 = flag:  0.000e+00
# interval = seconds: 0.0416667
# start_time = Oct 19 2021 21:06:28 [NMEA time, header]
# bad_flag = -9.990e-29
*END*
[from data line 511]
      23578    982.375     20.269     20.403    28.7959    28.7972   5.860047   5.860407     3.1306     2.6447      34.29   26.52084  -83.40948   -0.00080   -0.00088          4  0.000e+00
      23579    982.417     20.323     20.458    28.7959    28.7976   5.860118   5.860423     3.1306     2.6447      34.29   26.52084  -83.40948   -0.00076   -0.00089          4  0.000e+00
      23580    982.458     20.276     20.410    28.7958    28.7978   5.860070   5.860439     3.1306     2.6447      34.29   26.52084  -83.40948   -0.00071   -0.00090          4  0.000e+00
      23581    982.500     20.316     20.451    28.7956    28.7981   5.860078   5.860512     3.1306     2.6447      34.29   26.52084  -83.40948   -0.00067   -0.00091          4  0.000e+00
      23582    982.542     20.323     20.458    28.7954    28.7983   5.860094   5.860536     3.1306     2.6447      34.29   26.52084  -83.40948   -0.00062   -0.00092          4  0.000e+00
      23583    982.583     20.276     20.410    28.7954    28.7987   5.860110   5.860536     3.1306     2.6447      34.29   26.52084  -83.40948   -0.00058   -0.00093          4  0.000e+00
      23584    982.625     20.316     20.451    28.7959    28.7989   5.860134   5.860504     3.1306     2.6447      34.21   26.52084  -83.40948   -0.00053   -0.00093          4  0.000e+00
      23585    982.667     20.276     20.410    28.7956    28.7989   5.860102   5.860520     3.1306     2.6447      34.21   26.52084  -83.40948   -0.00050   -0.00094          4  0.000e+00
      23586    982.708     20.377     20.512    28.7956    28.7991   5.860126   5.860536     3.1306     2.6447      34.19   26.52084  -83.40948   -0.00047   -0.00095          4  0.000e+00
      23587    982.750     20.228     20.362    28.7963    28.7991   5.860102   5.860576     3.1306     2.6447      34.21   26.52084  -83.40948   -0.00042   -0.00096          4  0.000e+00
      23588    982.792     20.418     20.553    28.7963    28.7989   5.860166   5.860584     3.1306     2.6447      34.19   26.52084  -83.40950   -0.00039   -0.00097          4  0.000e+00
      23589    982.833     20.276     20.410    28.7961    28.7991   5.860150   5.860616     3.1306     2.6447      34.19   26.52084  -83.40950   -0.00036   -0.00098          4  0.000e+00
      23590    982.875     20.323     20.458    28.7963    28.7991   5.860118   5.860560     3.1306     2.6447      34.19   26.52084  -83.40950   -0.00033   -0.00098          4  0.000e+00
      23591    982.917     20.370     20.506    28.7958    28.7989   5.860063   5.860640     3.1319     2.6447      34.21   26.52084  -83.40950   -0.00028   -0.00099          4  0.000e+00
      23592    982.958     20.323     20.458    28.7959    28.7989   5.860118   5.860640     3.1319     2.6447      34.19   26.52084  -83.40950   -0.00023   -0.00100          4  0.000e+00
      23593    983.000     20.323     20.458    28.7958    28.7991   5.860070   5.860600     3.1319     2.6435      34.21   26.52084  -83.40950   -0.00018   -0.00103          4  0.000e+00
      23594    983.042     20.316     20.451    28.7961    28.7991   5.860047   5.860584     3.1319     2.6435      34.21   26.52084  -83.40950   -0.00013   -0.00105          4  0.000e+00
      23595    983.083     20.377     20.512    28.7959    28.7991   5.860047   5.860584     3.1319     2.6435      34.19   26.52084  -83.40950   -0.00008   -0.00108          4  0.000e+00
      23596    983.125     20.377     20.512    28.7959    28.7989   5.860118   5.860584     3.1319     2.6435      34.19   26.52084  -83.40950   -0.00004   -0.00110          4  0.000e+00
      23597    983.167     20.316     20.451    28.7959    28.7991   5.860142   5.860656     3.1319     2.6435      34.19   26.52084  -83.40950    0.00001   -0.00113          4  0.000e+00
      23598    983.208     20.377     20.512    28.7961    28.7991   5.860047   5.860640     3.1306     2.6435      34.19   26.52084  -83.40950    0.00005   -0.00113          4  0.000e+00
      26410   1100.375     10.033     10.099    28.7921    28.7917   5.859209   5.859333     3.1355     2.6471      44.13   26.52086  -83.40954    0.00095    0.00009          5  0.000e+00
      26411   1100.417     10.182     10.249    28.7921    28.7915   5.859161   5.859333     3.1368     2.6471      44.13   26.52086  -83.40954    0.00098    0.00011          5  0.000e+00
      26412   1100.458      9.986     10.052    28.7921    28.7915   5.859201   5.859365     3.1355     2.6471      44.13   26.52086  -83.40954    0.00101    0.00013          5  0.000e+00
      26413   1100.500     10.087     10.154    28.7919    28.7919   5.859225   5.859309     3.1355     2.6471      44.13   26.52086  -83.40954    0.00105    0.00013          5  0.000e+00
      26414   1100.542     10.033     10.099    28.7921    28.7915   5.859225   5.859397     3.1355     2.6471      44.13   26.52086  -83.40954    0.00108    0.00012          5  0.000e+00
      26415   1100.583     10.087     10.154    28.7923    28.7915   5.859256   5.859389     3.1355     2.6471      44.13   26.52086  -83.40954    0.00111    0.00010          5  0.000e+00
      26416   1100.625     10.033     10.099    28.7923    28.7915   5.859233   5.859413     3.1355     2.6471      44.15   26.52086  -83.40954    0.00114    0.00009          5  0.000e+00
      26417   1100.667     10.033     10.099    28.7923    28.7915   5.859272   5.859397     3.1355     2.6484      44.15   26.52086  -83.40954    0.00115    0.00009          5  0.000e+00
      26418   1100.708     10.087     10.154    28.7926    28.7915   5.859240   5.859413     3.1355     2.6484      44.15   26.52086  -83.40954    0.00117    0.00009          5  0.000e+00
      26419   1100.750     10.033     10.099    28.7928    28.7913   5.859296   5.859429     3.1355     2.6484      44.15   26.52086  -83.40954    0.00120    0.00008          5  0.000e+00
      26420   1100.792     10.033     10.099    28.7928    28.7917   5.859280   5.859397     3.1355     2.6471      44.15   26.52086  -83.40954    0.00121    0.00006          5  0.000e+00
      26421   1100.833     10.087     10.154    28.7930    28.7913   5.859272   5.859341     3.1355     2.6484      44.15   26.52086  -83.40954    0.00122    0.00006          5  0.000e+00
      26422   1100.875     10.033     10.099    28.7930    28.7915   5.859304   5.859405     3.1343     2.6471      44.15   26.52086  -83.40954    0.00121    0.00004          5  0.000e+00
      26423   1100.917     10.033     10.099    28.7934    28.7915   5.859280   5.859357     3.1343     2.6471      44.15   26.52086  -83.40954    0.00122    0.00002          5  0.000e+00
      26424   1100.958     10.087     10.154    28.7932    28.7915   5.859248   5.859405     3.1343     2.6471      44.15   26.52086  -83.40954    0.00121    0.00000          5  0.000e+00
      26425   1101.000     10.033     10.099    28.7930    28.7913   5.859225   5.859389     3.1343     2.6471      44.15   26.52086  -83.40954    0.00120   -0.00000          5  0.000e+00
      26426   1101.042     10.033     10.099    28.7928    28.7913   5.859256   5.859421     3.1343     2.6471      44.15   26.52086  -83.40954    0.00120   -0.00001          5  0.000e+00
      26427   1101.083     10.033     10.099    28.7926    28.7915   5.859233   5.859429     3.1343     2.6459      44.15   26.52086  -83.40954    0.00119   -0.00003          5  0.000e+00
      26428   1101.125     10.033     10.099    28.7923    28.7915   5.859185   5.859357     3.1331     2.6459      44.15   26.52086  -83.40954    0.00116   -0.00005          5  0.000e+00
      26429   1101.167     10.087     10.154    28.7924    28.7919   5.859177   5.859373     3.1331     2.6459      44.15   26.52086  -83.40954    0.00113   -0.00005          5  0.000e+00
      26430   1101.208     10.033     10.099    28.7921    28.7917   5.859153   5.859381     3.1331     2.6447      44.15   26.52086  -83.40954    0.00111   -0.00007          5  0.000e+00
      26431   1101.250     10.033     10.099    28.7917    28.7921   5.859169   5.859381     3.1331     2.6447      44.15   26.52086  -83.40954    0.00106   -0.00009          5  0.000e+00
      26432   1101.292     10.033     10.099    28.7915    28.7919   5.859106   5.859349     3.1331     2.6447      44.15   26.52086  -83.40954    0.00103   -0.00010          5  0.000e+00
      26433   1101.333     10.033     10.099    28.7915    28.7919   5.859082   5.859365     3.1331     2.6447      44.15   26.52086  -83.40954    0.00101   -0.00012          5  0.000e+00
      26434   1101.375     10.033     10.099    28.7912    28.7919   5.859082   5.859381     3.1331     2.6447      44.15   26.52086  -83.40954    0.00098   -0.00014          5  0.000e+00
      26435   1101.417     10.033     10.099    28.7910    28.7917   5.859114   5.859381     3.1331     2.6447      44.15   26.52086  -83.40954    0.00095   -0.00015          5  0.000e+00
      26436   1101.458     10.033     10.099    28.7912    28.7919   5.859130   5.859381     3.1331     2.6447      44.15   26.52086  -83.40954    0.00093   -0.00016          5  0.000e+00
      26437   1101.500     10.033     10.099    28.7910    28.7917   5.859066   5.859381     3.1331     2.6447      44.15   26.52086  -83.40954    0.00090   -0.00017          5  0.000e+00
      26438   1101.542     10.033     10.099    28.7908    28.7919   5.859074   5.859309     3.1331     2.6447      44.15   26.52086  -83.40954    0.00087   -0.00018          5  0.000e+00
      26439   1101.583      9.985     10.051    28.7910    28.7919   5.859114   5.859357     3.1331     2.6447      44.15   26.52086  -83.40954    0.00083   -0.00019          5  0.000e+00
      26440   1101.625     10.087     10.153    28.7910    28.7919   5.859058   5.859421     3.1319     2.6447      44.15   26.52086  -83.40954    0.00076   -0.00020          5  0.000e+00
      26441   1101.667      9.985     10.051    28.7910    28.7917   5.859106   5.859389     3.1331     2.6447      44.13   26.52086  -83.40954    0.00072   -0.00021          5  0.000e+00
      26442   1101.708     10.033     10.099    28.7912    28.7915   5.859090   5.859381     3.1331     2.6447      44.15   26.52086  -83.40954    0.00067   -0.00022          5  0.000e+00
      26443   1101.750     10.033     10.099    28.7908    28.7915   5.859058   5.859381     3.1319     2.6447      44.15   26.52086  -83.40954    0.00061   -0.00022          5  0.000e+00
      26444   1101.792      9.985     10.051    28.7912    28.7915   5.859074   5.859381     3.1319     2.6447      44.15   26.52086  -83.40954    0.00055   -0.00023          5  0.000e+00
      26445   1101.833     10.032     10.099    28.7908    28.7917   5.859082   5.859381     3.1319     2.6447      44.15   26.52086  -83.40954    0.00047   -0.00023          5  0.000e+00
      26446   1101.875     10.032     10.099    28.7904    28.7917   5.859042   5.859381     3.1319     2.6447      44.15   26.52086  -83.40954    0.00039   -0.00023          5  0.000e+00
      26447   1101.917      9.985     10.051    28.7906    28.7917   5.859034   5.859381     3.1319     2.6447      44.15   26.52086  -83.40954    0.00032   -0.00023          5  0.000e+00
      26448   1101.958     10.032     10.099    28.7904    28.7917   5.859106   5.859381     3.1319     2.6447      44.15   26.52086  -83.40954    0.00026   -0.00023          5  0.000e+00
      26449   1102.000     10.032     10.099    28.7906    28.7915   5.859058   5.859381     3.1319     2.6435      44.15   26.52086  -83.40954    0.00018   -0.00027          5  0.000e+00
      26450   1102.042      9.985     10.051    28.7906    28.7915   5.859042   5.859381     3.1319     2.6447      44.15   26.52086  -83.40954    0.00009   -0.00028          5  0.000e+00
      26451   1102.083      9.985     10.051    28.7906    28.7915   5.859034   5.859413     3.1331     2.6435      44.13   26.52086  -83.40954    0.00005   -0.00032          5  0.000e+00
      26452   1102.125     10.086     10.153    28.7906    28.7915   5.858995   5.859397     3.1319     2.6435      44.15   26.52086  -83.40954   -0.00002   -0.00035          5  0.000e+00
      26453   1102.167      9.938     10.003    28.7904    28.7919   5.859019   5.859381     3.1331     2.6447      44.15   26.52086  -83.40954   -0.00007   -0.00036          5  0.000e+00
      26454   1102.208     10.032     10.099    28.7904    28.7919   5.858995   5.859381     3.1331     2.6447      44.15   26.52086  -83.40954   -0.00013   -0.00039          5  0.000e+00
      26455   1102.250      9.985     10.051    28.7904    28.7917   5.859090   5.859421     3.1319     2.6447      44.15   26.52086  -83.40954   -0.00020   -0.00040          5  0.000e+00
      26456   1102.292     10.032     10.099    28.7904    28.7917   5.859066   5.859357     3.1331     2.6459      44.15   26.52086  -83.40954   -0.00027   -0.00041          5  0.000e+00
      26457   1102.333      9.985     10.051    28.7904    28.7915   5.859074   5.859405     3.1331     2.6459      44.15   26.52086  -83.40954   -0.00033   -0.00043          5  0.000e+00
      26458   1102.375     10.032     10.099    28.7904    28.7915   5.859011   5.859397     3.1331     2.6471      44.13   26.52086  -83.40954   -0.00040   -0.00044          5  0.000e+00
      26459   1102.417      9.985     10.051    28.7906    28.7915   5.859058   5.859413     3.1331     2.6471      44.15   26.52086  -83.40954   -0.00045   -0.00043          5  0.000e+00
      26460   1102.458      9.985     10.051    28.7906    28.7917   5.859042   5.859429     3.1331     2.6471      44.15   26.52086  -83.40954   -0.00050   -0.00043          5  0.000e+00
      26461   1102.500     10.032     10.098    28.7906    28.7917   5.859066   5.859397     3.1331     2.6484      44.15   26.52086  -83.40954   -0.00055   -0.00041          5  0.000e+00
      26462   1102.542      9.985     10.051    28.7904    28.7917   5.859082   5.859341     3.1331     2.6484      44.15   26.52086  -83.40954   -0.00061   -0.00039          5  0.000e+00
      26463   1102.583      9.985     10.051    28.7904    28.7917   5.859058   5.859373     3.1331     2.6484      44.15   26.52086  -83.40954   -0.00066   -0.00036          5  0.000e+00
      26464   1102.625     10.032     10.098    28.7904    28.7915   5.859034   5.859341     3.1331     2.6484      44.15   26.52086  -83.40954   -0.00071   -0.00035          5  0.000e+00
      26465   1102.667      9.985     10.051    28.7904    28.7917   5.859034   5.859333     3.1331     2.6496      44.18   26.52086  -83.40954   -0.00076   -0.00031          5  0.000e+00
      26466   1102.708      9.985     10.051    28.7904    28.7917   5.859034   5.859333     3.1331     2.6496      44.15   26.52086  -83.40954   -0.00080   -0.00027          5  0.000e+00
      26467   1102.750      9.985     10.051    28.7908    28.7917   5.859034   5.859333     3.1331     2.6496      44.18   26.52086  -83.40954   -0.00083   -0.00024          5  0.000e+00
      26468   1102.792      9.985     10.051    28.7908    28.7915   5.859066   5.859365     3.1331     2.6496      44.18   26.52086  -83.40954   -0.00087   -0.00021          5  0.000e+00
      26469   1102.833      9.985     10.051    28.7908    28.7917   5.859058   5.859381     3.1331     2.6484      44.15   26.52086  -83.40954   -0.00091   -0.00019          5  0.000e+00
      26470   1102.875     10.032     10.098    28.7908    28.7915   5.859074   5.859341     3.1331     2.6496      44.18   26.52086  -83.40954   -0.00094   -0.00016          5  0.000e+00
      26471   1102.917      9.985     10.051    28.7906    28.7915   5.859042   5.859365     3.1331     2.6496      44.18   26.52086  -83.40954   -0.00098   -0.00011          5  0.000e+00
      26472   1102.958      9.985     10.051    28.7906    28.7913   5.859034   5.859349     3.1331     2.6484      44.15   26.52086  -83.40954   -0.00101   -0.00010          5  0.000e+00
