Gulf of Mexico/GOMECC-4/1db/rb2103_1061.ros
* Sea-Bird SBE 9 Data File:
* FileName = C:\Users\scs.user.rb\CTD\GOMECC4\data\rb2103_1061.hex
* Software Version Seasave V 7.26.7.107
* Temperature SN = 4799
* Conductivity SN = 3860
* Number of Bytes Per Scan = 41
* Number of Voltage Words = 4
* Number of Scans Averaged by the Deck Unit = 1
* NMEA Latitude = 26 00.02 N
* NMEA Longitude = 088 00.00 W
* NMEA UTC (Time) = Oct 13 2021  21:11:53
* NMEA baud rate = 4800
# nquan = 17
# nvalues = 3192                                  
# units = specified
# name 0 = scan: Scan Count
# name 1 = timeS: Time, Elapsed [seconds]
# name 2 = depSM: Depth [salt water, m]
# name 3 = prDM: Pressure, Digiquartz [db]
# name 4 = t090C: Temperature [ITS-90, deg C]
# name 5 = t190C: Temperature, 2 [ITS-90, deg C]
# name 6 = c0S/m: Conductivity [S/m]
# name 7 = c1S/m: Conductivity, 2 [S/m]
# name 8 = sbeox0V: Oxygen raw, SBE 43 [V]
# name 9 = sbeox1V: Oxygen raw, SBE 43, 2 [V]
# name 10 = altM: Altimeter [m]
# name 11 = latitude: Latitude [deg]
# name 12 = longitude: Longitude [deg]
# name 13 = sbox0dV/dT: Oxygen, SBE 43 [dov/dt]
# name 14 = sbox1dV/dT: Oxygen, SBE 43, 2 [dov/dt]
# name 15 = nbf: Bottles Fired
# name 16 = flag:  0.000e+00
# interval = seconds: 0.0416667
# start_time = Oct 13 2021 21:11:53 [NMEA time, header]
# bad_flag = -9.990e-29
*END*
[from data line 2043]
     208247   8676.917    297.479    299.643    19.4878    19.4804   4.953446   4.952863     2.2882     1.9170      25.67   26.00178  -88.00100    0.00017   -0.00071         16  0.000e+00
     208248   8676.958    297.533    299.698    19.4869    19.4804   4.953387   4.952855     2.2882     1.9170      26.47   26.00178  -88.00100    0.00016   -0.00070         16  0.000e+00
     208249   8677.000    297.431    299.595    19.4860    19.4805   4.953350   4.952780     2.2882     1.9170      26.50   26.00178  -88.00100    0.00016   -0.00070         16  0.000e+00
     208250   8677.042    297.533    299.698    19.4859    19.4803   4.953394   4.952825     2.2882     1.9170      26.40   26.00178  -88.00100    0.00016   -0.00069         16  0.000e+00
     208251   8677.083    297.479    299.643    19.4859    19.4800   4.953424   4.952750     2.2882     1.9170      26.37   26.00178  -88.00100    0.00014   -0.00067         16  0.000e+00
     208252   8677.125    297.479    299.643    19.4869    19.4795   4.953505   4.952750     2.2882     1.9170      26.37   26.00178  -88.00100    0.00013   -0.00066         16  0.000e+00
     208253   8677.167    297.486    299.650    19.4880    19.4792   4.953549   4.952698     2.2882     1.9170      26.37   26.00178  -88.00100    0.00013   -0.00064         16  0.000e+00
     208254   8677.208    297.479    299.643    19.4879    19.4792   4.953571   4.952743     2.2882     1.9170      26.37   26.00178  -88.00100    0.00013   -0.00062         16  0.000e+00
     208255   8677.250    297.479    299.643    19.4879    19.4793   4.953542   4.952728     2.2882     1.9170      26.37   26.00178  -88.00100    0.00012   -0.00061         16  0.000e+00
     208256   8677.292    297.479    299.643    19.4875    19.4790   4.953490   4.952720     2.2882     1.9170      26.37   26.00178  -88.00100    0.00012   -0.00059         16  0.000e+00
     208257   8677.333    297.486    299.650    19.4865    19.4788   4.953490   4.952691     2.2882     1.9170      26.37   26.00178  -88.00100    0.00010   -0.00057         16  0.000e+00
     208258   8677.375    297.432    299.595    19.4867    19.4781   4.953542   4.952705     2.2882     1.9170      26.35   26.00178  -88.00100    0.00009   -0.00055         16  0.000e+00
     208259   8677.417    297.534    299.698    19.4873    19.4783   4.953630   4.952631     2.2869     1.9170      26.37   26.00178  -88.00100    0.00007   -0.00053         16  0.000e+00
     208260   8677.458    297.432    299.596    19.4872    19.4777   4.953660   4.952623     2.2882     1.9170      26.37   26.00178  -88.00100    0.00007   -0.00051         16  0.000e+00
     208261   8677.500    297.479    299.644    19.4874    19.4777   4.953675   4.952638     2.2882     1.9170      26.37   26.00178  -88.00100    0.00007   -0.00049         16  0.000e+00
     208262   8677.542    297.479    299.644    19.4876    19.4781   4.953638   4.952608     2.2882     1.9170      26.37   26.00178  -88.00100    0.00006   -0.00046         16  0.000e+00
     208263   8677.583    297.432    299.596    19.4872    19.4786   4.953630   4.952623     2.2882     1.9158      26.37   26.00178  -88.00100    0.00006   -0.00046         16  0.000e+00
     208264   8677.625    297.534    299.698    19.4874    19.4792   4.953719   4.952668     2.2869     1.9158      26.37   26.00178  -88.00100    0.00004   -0.00045         16  0.000e+00
     208265   8677.667    297.432    299.596    19.4878    19.4792   4.953726   4.952646     2.2882     1.9170      26.37   26.00178  -88.00100    0.00003   -0.00042         16  0.000e+00
     208266   8677.708    297.480    299.644    19.4883    19.4792   4.953800   4.952661     2.2882     1.9170      26.37   26.00178  -88.00100    0.00003   -0.00040         16  0.000e+00
     208267   8677.750    297.486    299.651    19.4883    19.4798   4.953830   4.952676     2.2882     1.9170      53.38   26.00178  -88.00100    0.00003   -0.00037         16  0.000e+00
     208268   8677.792    297.480    299.644    19.4887    19.4805   4.953808   4.952676     2.2882     1.9170      93.14   26.00178  -88.00100    0.00003   -0.00034         16  0.000e+00
     208269   8677.833    297.480    299.644    19.4888    19.4806   4.953852   4.952705     2.2882     1.9170     100.00   26.00178  -88.00100    0.00002   -0.00032         16  0.000e+00
     208270   8677.875    297.486    299.651    19.4883    19.4807   4.953852   4.952690     2.2882     1.9170     100.00   26.00178  -88.00100    0.00002   -0.00029         16  0.000e+00
     208271   8677.917    297.432    299.596    19.4883    19.4802   4.953830   4.952705     2.2882     1.9170     100.00   26.00178  -88.00100    0.00002   -0.00026         16  0.000e+00
     208272   8677.958    297.480    299.644    19.4883    19.4797   4.953830   4.952691     2.2882     1.9170     100.00   26.00178  -88.00100    0.00001   -0.00023         16  0.000e+00
     208273   8678.000    297.480    299.644    19.4880    19.4796   4.953778   4.952743     2.2882     1.9170      99.98   26.00178  -88.00100    0.00003   -0.00021         16  0.000e+00
     208274   8678.042    297.487    299.651    19.4878    19.4798   4.953748   4.952728     2.2882     1.9170     100.00   26.00178  -88.00100    0.00002   -0.00018         16  0.000e+00
     208275   8678.083    297.480    299.644    19.4874    19.4797   4.953726   4.952720     2.2894     1.9170     100.00   26.00178  -88.00100    0.00004   -0.00015         16  0.000e+00
     208276   8678.125    297.480    299.644    19.4882    19.4797   4.953830   4.952720     2.2882     1.9170     100.00   26.00178  -88.00100    0.00004   -0.00014         16  0.000e+00
     208277   8678.167    297.487    299.651    19.4885    19.4794   4.953837   4.952750     2.2882     1.9170     100.00   26.00178  -88.00100    0.00003   -0.00012         16  0.000e+00
     208278   8678.208    297.480    299.644    19.4885    19.4795   4.953904   4.952765     2.2882     1.9170     100.00   26.00178  -88.00100    0.00003   -0.00011         16  0.000e+00
     208279   8678.250    297.480    299.644    19.4889    19.4792   4.953911   4.952728     2.2882     1.9170     100.00   26.00178  -88.00100    0.00003   -0.00009         16  0.000e+00
     208280   8678.292    297.480    299.644    19.4892    19.4792   4.953955   4.952653     2.2894     1.9170     100.00   26.00178  -88.00100    0.00004   -0.00007         16  0.000e+00
     208281   8678.333    297.534    299.699    19.4893    19.4785   4.953985   4.952668     2.2882     1.9170     100.00   26.00178  -88.00100    0.00004   -0.00006         16  0.000e+00
     208282   8678.375    297.480    299.644    19.4890    19.4776   4.953977   4.952646     2.2882     1.9182     100.00   26.00178  -88.00100    0.00003   -0.00002         16  0.000e+00
     208283   8678.417    297.480    299.644    19.4895    19.4779   4.953955   4.952668     2.2882     1.9170     100.00   26.00178  -88.00100    0.00003   -0.00000         16  0.000e+00
     208284   8678.458    297.535    299.699    19.4892    19.4781   4.953918   4.952646     2.2882     1.9182     100.00   26.00178  -88.00100    0.00003    0.00001         16  0.000e+00
     208285   8678.500    297.480    299.644    19.4887    19.4787   4.953867   4.952698     2.2894     1.9170     100.00   26.00178  -88.00100    0.00004    0.00001         16  0.000e+00
     208286   8678.542    297.535    299.699    19.4888    19.4786   4.953896   4.952750     2.2894     1.9182     100.00   26.00178  -88.00100    0.00005    0.00003         16  0.000e+00
     208287   8678.583    297.480    299.644    19.4892    19.4792   4.953926   4.952728     2.2894     1.9182     100.00   26.00178  -88.00100    0.00005    0.00004         16  0.000e+00
     208288   8678.625    297.535    299.699    19.4894    19.4801   4.954007   4.952750     2.2894     1.9182     100.00   26.00178  -88.00100    0.00006    0.00006         16  0.000e+00
     208289   8678.667    297.480    299.644    19.4899    19.4800   4.954066   4.952765     2.2882     1.9182     100.00   26.00178  -88.00100    0.00006    0.00008         16  0.000e+00
     208290   8678.708    297.535    299.699    19.4899    19.4795   4.954029   4.952765     2.2894     1.9182     100.00   26.00178  -88.00100    0.00007    0.00009         16  0.000e+00
     208291   8678.750    297.535    299.699    19.4901    19.4795   4.953992   4.952728     2.2894     1.9170     100.00   26.00178  -88.00100    0.00008    0.00009         16  0.000e+00
     208292   8678.792    297.535    299.699    19.4892    19.4792   4.953911   4.952720     2.2894     1.9182     100.00   26.00178  -88.00100    0.00009    0.00010         16  0.000e+00
     208293   8678.833    297.535    299.699    19.4895    19.4797   4.953844   4.952720     2.2894     1.9182     100.00   26.00178  -88.00100    0.00010    0.00012         16  0.000e+00
     208294   8678.875    297.385    299.549    19.4892    19.4798   4.953830   4.952750     2.2894     1.9170     100.00   26.00178  -88.00100    0.00011    0.00012         16  0.000e+00
     208295   8678.917    297.630    299.795    19.4890    19.4800   4.953749   4.952765     2.2894     1.9170     100.00   26.00178  -88.00100    0.00012    0.00011         16  0.000e+00
     208296   8678.958    297.535    299.699    19.4888    19.4796   4.953645   4.952765     2.2894     1.9170     100.00   26.00178  -88.00100    0.00013    0.00011         16  0.000e+00
     208297   8679.000    297.583    299.747    19.4890    19.4797   4.953667   4.952765     2.2894     1.9170     100.00   26.00178  -88.00100    0.00014    0.00011         16  0.000e+00
     208298   8679.042    297.535    299.700    19.4892    19.4797   4.953793   4.952765     2.2882     1.9170     100.00   26.00178  -88.00100    0.00012    0.00010         16  0.000e+00
     208299   8679.083    297.535    299.700    19.4889    19.4793   4.953778   4.952728     2.2882     1.9170     100.00   26.00178  -88.00100    0.00011    0.00010         16  0.000e+00
     208300   8679.125    297.535    299.700    19.4892    19.4796   4.953748   4.952750     2.2894     1.9182     100.00   26.00178  -88.00100    0.00012    0.00011         16  0.000e+00
     208301   8679.167    297.535    299.700    19.4888    19.4793   4.953749   4.952728     2.2894     1.9182     100.00   26.00178  -88.00100    0.00013    0.00013         16  0.000e+00
     208302   8679.208    297.535    299.700    19.4885    19.4792   4.953756   4.952810     2.2894     1.9170     100.00   26.00178  -88.00100    0.00014    0.00012         16  0.000e+00
     208303   8679.250    297.535    299.700    19.4892    19.4797   4.953904   4.952750     2.2882     1.9170     100.00   26.00178  -88.00100    0.00013    0.00012         16  0.000e+00
     208304   8679.292    297.583    299.748    19.4893    19.4798   4.953933   4.952750     2.2894     1.9182     100.00   26.00178  -88.00100    0.00013    0.00013         16  0.000e+00
     208305   8679.333    297.535    299.700    19.4887    19.4795   4.953881   4.952788     2.2894     1.9182     100.00   26.00178  -88.00100    0.00014    0.00015         16  0.000e+00
     208306   8679.375    297.535    299.700    19.4886    19.4797   4.953800   4.952735     2.2894     1.9182     100.00   26.00178  -88.00100    0.00015    0.00016         16  0.000e+00
     208307   8679.417    297.583    299.748    19.4883    19.4797   4.953830   4.952720     2.2894     1.9182     100.00   26.00178  -88.00100    0.00016    0.00017         16  0.000e+00
     208308   8679.458    297.535    299.700    19.4885    19.4792   4.953830   4.952720     2.2894     1.9182     100.00   26.00178  -88.00100    0.00016    0.00018         16  0.000e+00
     208309   8679.500    297.535    299.700    19.4885    19.4790   4.953808   4.952750     2.2894     1.9182     100.00   26.00178  -88.00100    0.00017    0.00020         16  0.000e+00
     208310   8679.542    297.535    299.700    19.4886    19.4790   4.953852   4.952698     2.2894     1.9182     100.00   26.00178  -88.00100    0.00017    0.00021         16  0.000e+00
     208311   8679.583    297.535    299.700    19.4892    19.4792   4.953896   4.952676     2.2894     1.9182     100.00   26.00178  -88.00100    0.00018    0.00022         16  0.000e+00
     208312   8679.625    297.583    299.748    19.4892    19.4792   4.953889   4.952616     2.2894     1.9182     100.00   26.00178  -88.00100    0.00018    0.00023         16  0.000e+00
     208313   8679.667    297.535    299.700    19.4893    19.4790   4.953867   4.952623     2.2894     1.9182     100.00   26.00178  -88.00100    0.00019    0.00024         16  0.000e+00
     208314   8679.708    297.536    299.700    19.4896    19.4788   4.953911   4.952661     2.2894     1.9182     100.00   26.00178  -88.00100    0.00021    0.00025         16  0.000e+00
     208315   8679.750    297.536    299.700    19.4897    19.4789   4.954007   4.952676     2.2882     1.9182     100.00   26.00178  -88.00100    0.00022    0.00026         16  0.000e+00
     208316   8679.792    297.583    299.748    19.4900    19.4788   4.954036   4.952706     2.2894     1.9182     100.00   26.00178  -88.00100    0.00022    0.00027         16  0.000e+00
     208317   8679.833    297.536    299.700    19.4902    19.4788   4.954051   4.952691     2.2894     1.9182     100.00   26.00178  -88.00100    0.00023    0.00028         16  0.000e+00
     208318   8679.875    297.481    299.645    19.4905    19.4786   4.954103   4.952705     2.2894     1.9182     100.00   26.00178  -88.00100    0.00023    0.00029         16  0.000e+00
     208319   8679.917    297.583    299.748    19.4907    19.4785   4.954132   4.952653     2.2894     1.9182     100.00   26.00178  -88.00100    0.00023    0.00029         16  0.000e+00
     208320   8679.958    297.481    299.646    19.4908    19.4786   4.954118   4.952638     2.2882     1.9182     100.00   26.00178  -88.00100    0.00022    0.00030         16  0.000e+00
     208321   8680.000    297.536    299.700    19.4911    19.4783   4.954036   4.952608     2.2894     1.9182     100.00   26.00178  -88.00100    0.00022    0.00031         16  0.000e+00
     208322   8680.042    297.536    299.700    19.4909    19.4783   4.954029   4.952623     2.2894     1.9182     100.00   26.00178  -88.00100    0.00023    0.00032         16  0.000e+00
     208323   8680.083    297.536    299.700    19.4912    19.4780   4.954036   4.952638     2.2894     1.9182     100.00   26.00178  -88.00100    0.00023    0.00032         16  0.000e+00
     208324   8680.125    297.536    299.701    19.4909    19.4779   4.953992   4.952601     2.2894     1.9182     100.00   26.00178  -88.00100    0.00025    0.00033         16  0.000e+00
     208325   8680.167    297.482    299.646    19.4911    19.4772   4.953985   4.952563     2.2882     1.9182     100.00   26.00178  -88.00100    0.00025    0.00034         16  0.000e+00
     208326   8680.208    297.536    299.701    19.4911    19.4767   4.953977   4.952519     2.2894     1.9182     100.00   26.00178  -88.00100    0.00025    0.00034         16  0.000e+00
     208327   8680.250    297.482    299.646    19.4909    19.4763   4.954022   4.952511     2.2894     1.9182     100.00   26.00178  -88.00100    0.00026    0.00035         16  0.000e+00
     208328   8680.292    297.536    299.701    19.4908    19.4767   4.953999   4.952511     2.2894     1.9194     100.00   26.00178  -88.00100    0.00026    0.00037         16  0.000e+00
     208329   8680.333    297.489    299.653    19.4907    19.4767   4.954007   4.952578     2.2882     1.9182     100.00   26.00178  -88.00100    0.00026    0.00039         16  0.000e+00
     208330   8680.375    297.482    299.646    19.4904    19.4773   4.954125   4.952466     2.2894     1.9194     100.00   26.00178  -88.00100    0.00028    0.00041         16  0.000e+00
