Gulf of Mexico/GOMECC-4/1db/rb2103_1141.ros
* Sea-Bird SBE 9 Data File:
* FileName = C:\Users\scs.user.rb\CTD\GOMECC4\data\rb2103_1141.hex
* Software Version Seasave V 7.26.7.107
* Temperature SN = 4799
* Conductivity SN = 3860
* Number of Bytes Per Scan = 41
* Number of Voltage Words = 4
* Number of Scans Averaged by the Deck Unit = 1
* NMEA Latitude = 22 04.41 N
* NMEA Longitude = 086 54.99 W
* NMEA UTC (Time) = Oct 15 2021  14:20:58
* NMEA baud rate = 4800
# nquan = 17
# nvalues = 532                                   
# units = specified
# name 0 = scan: Scan Count
# name 1 = timeS: Time, Elapsed [seconds]
# name 2 = depSM: Depth [salt water, m]
# name 3 = prDM: Pressure, Digiquartz [db]
# name 4 = t090C: Temperature [ITS-90, deg C]
# name 5 = t190C: Temperature, 2 [ITS-90, deg C]
# name 6 = c0S/m: Conductivity [S/m]
# name 7 = c1S/m: Conductivity, 2 [S/m]
# name 8 = sbeox0V: Oxygen raw, SBE 43 [V]
# name 9 = sbeox1V: Oxygen raw, SBE 43, 2 [V]
# name 10 = altM: Altimeter [m]
# name 11 = latitude: Latitude [deg]
# name 12 = longitude: Longitude [deg]
# name 13 = sbox0dV/dT: Oxygen, SBE 43 [dov/dt]
# name 14 = sbox1dV/dT: Oxygen, SBE 43, 2 [dov/dt]
# name 15 = nbf: Bottles Fired
# name 16 = flag:  0.000e+00
# interval = seconds: 0.0416667
# start_time = Oct 15 2021 14:20:58 [NMEA time, header]
# bad_flag = -9.990e-29
*END*
[from data line 86]
      17733    738.833     38.329     38.573    22.9688    22.9689   5.299194   5.299291     2.1954     1.8254       4.93   22.07078  -86.91774    0.00001   -0.00020          1  0.000e+00
      17734    738.875     38.228     38.471    22.9693    22.9695   5.299262   5.299352     2.1954     1.8254       4.93   22.07078  -86.91774    0.00002   -0.00022          1  0.000e+00
      17735    738.917     38.329     38.573    22.9704    22.9693   5.299285   5.299306     2.1954     1.8254       4.93   22.07078  -86.91774    0.00003   -0.00023          1  0.000e+00
      17736    738.958     38.295     38.539    22.9709    22.9695   5.299308   5.299352     2.1954     1.8254       4.93   22.07078  -86.91774    0.00005   -0.00023          1  0.000e+00
      17737    739.000     38.275     38.519    22.9714    22.9693   5.299391   5.299375     2.1966     1.8254       4.93   22.07078  -86.91774    0.00008   -0.00024          1  0.000e+00
      17738    739.042     38.275     38.519    22.9716    22.9695   5.299414   5.299375     2.1954     1.8254       4.93   22.07078  -86.91774    0.00009   -0.00026          1  0.000e+00
      17739    739.083     38.275     38.519    22.9719    22.9695   5.299414   5.299406     2.1954     1.8254       4.93   22.07078  -86.91774    0.00011   -0.00027          1  0.000e+00
      17740    739.125     38.295     38.539    22.9720    22.9698   5.299376   5.299422     2.1954     1.8254       4.93   22.07078  -86.91774    0.00012   -0.00029          1  0.000e+00
      17741    739.167     38.228     38.471    22.9719    22.9699   5.299399   5.299383     2.1954     1.8254       4.93   22.07078  -86.91774    0.00014   -0.00030          1  0.000e+00
      17742    739.208     38.275     38.519    22.9719    22.9699   5.299445   5.299375     2.1954     1.8254       4.93   22.07078  -86.91774    0.00015   -0.00031          1  0.000e+00
      17743    739.250     38.275     38.519    22.9723    22.9702   5.299437   5.299375     2.1954     1.8254       4.93   22.07078  -86.91774    0.00017   -0.00031          1  0.000e+00
      17744    739.292     38.248     38.491    22.9728    22.9704   5.299483   5.299375     2.1954     1.8254       4.93   22.07078  -86.91774    0.00017   -0.00032          1  0.000e+00
      17745    739.333     38.275     38.519    22.9736    22.9702   5.299505   5.299306     2.1954     1.8254       4.93   22.07078  -86.91774    0.00018   -0.00033          1  0.000e+00
      17746    739.375     38.228     38.471    22.9728    22.9699   5.299505   5.299383     2.1966     1.8254       4.93   22.07078  -86.91774    0.00022   -0.00034          1  0.000e+00
      17747    739.417     38.275     38.519    22.9730    22.9699   5.299505   5.299422     2.1954     1.8254       4.93   22.07078  -86.91774    0.00022   -0.00035          1  0.000e+00
      17748    739.458     38.248     38.491    22.9729    22.9697   5.299566   5.299398     2.1954     1.8254       4.93   22.07078  -86.91774    0.00022   -0.00036          1  0.000e+00
      17749    739.500     38.275     38.519    22.9728    22.9699   5.299589   5.299414     2.1966     1.8254       4.93   22.07078  -86.91774    0.00023   -0.00037          1  0.000e+00
      17750    739.542     38.227     38.471    22.9729    22.9700   5.299657   5.299383     2.1954     1.8254       4.93   22.07078  -86.91774    0.00025   -0.00038          1  0.000e+00
      17751    739.583     38.227     38.471    22.9723    22.9704   5.299612   5.299406     2.1966     1.8254       4.93   22.07078  -86.91774    0.00026   -0.00039          1  0.000e+00
      17752    739.625     38.248     38.491    22.9732    22.9700   5.299665   5.299422     2.1966     1.8254       4.98   22.07078  -86.91774    0.00028   -0.00040          1  0.000e+00
      17753    739.667     38.227     38.471    22.9735    22.9704   5.299680   5.299422     2.1954     1.8254       5.01   22.07078  -86.91774    0.00028   -0.00041          1  0.000e+00
      17754    739.708     38.227     38.471    22.9739    22.9706   5.299642   5.299422     2.1954     1.8254       5.01   22.07078  -86.91774    0.00028   -0.00042          1  0.000e+00
      17755    739.750     38.248     38.491    22.9734    22.9708   5.299634   5.299422     2.1966     1.8254       5.01   22.07078  -86.91774    0.00029   -0.00043          1  0.000e+00
      17756    739.792     38.227     38.471    22.9728    22.9706   5.299703   5.299491     2.1966     1.8254       5.01   22.07078  -86.91772    0.00031   -0.00043          1  0.000e+00
      17757    739.833     38.227     38.471    22.9739    22.9706   5.299688   5.299445     2.1966     1.8254       5.01   22.07078  -86.91772    0.00032   -0.00044          1  0.000e+00
      17758    739.875     38.227     38.471    22.9744    22.9704   5.299680   5.299452     2.1966     1.8254       5.01   22.07078  -86.91772    0.00034   -0.00045          1  0.000e+00
      17759    739.917     38.200     38.444    22.9744    22.9706   5.299680   5.299468     2.1966     1.8254       5.01   22.07078  -86.91772    0.00035   -0.00045          1  0.000e+00
      17760    739.958     38.180     38.423    22.9745    22.9704   5.299680   5.299468     2.1966     1.8254       5.01   22.07078  -86.91772    0.00037   -0.00046          1  0.000e+00
      17761    740.000     38.227     38.471    22.9741    22.9706   5.299688   5.299468     2.1966     1.8242       5.01   22.07078  -86.91772    0.00038   -0.00046          1  0.000e+00
      17762    740.042     38.180     38.423    22.9743    22.9706   5.299650   5.299398     2.1954     1.8254       5.01   22.07078  -86.91772    0.00039   -0.00047          1  0.000e+00
      17763    740.083     38.248     38.491    22.9741    22.9704   5.299665   5.299452     2.1954     1.8254       5.01   22.07078  -86.91772    0.00039   -0.00047          1  0.000e+00
      17764    740.125     38.180     38.423    22.9741    22.9704   5.299710   5.299437     2.1954     1.8242       5.01   22.07078  -86.91772    0.00038   -0.00048          1  0.000e+00
      17765    740.167     38.227     38.471    22.9737    22.9704   5.299688   5.299452     2.1966     1.8254       5.01   22.07078  -86.91772    0.00040   -0.00046          1  0.000e+00
      17766    740.208     38.180     38.423    22.9739    22.9704   5.299642   5.299468     2.1954     1.8254       5.01   22.07078  -86.91772    0.00038   -0.00045          1  0.000e+00
      17767    740.250     38.200     38.444    22.9739    22.9704   5.299665   5.299468     2.1966     1.8254       5.01   22.07078  -86.91772    0.00037   -0.00045          1  0.000e+00
      17768    740.292     38.180     38.423    22.9746    22.9702   5.299680   5.299468     2.1966     1.8254       5.01   22.07078  -86.91772    0.00038   -0.00043          1  0.000e+00
      17769    740.333     38.227     38.471    22.9747    22.9706   5.299710   5.299398     2.1966     1.8254       5.01   22.07078  -86.91772    0.00040   -0.00042          1  0.000e+00
      17770    740.375     38.126     38.369    22.9739    22.9702   5.299634   5.299445     2.1966     1.8254       5.01   22.07078  -86.91772    0.00041   -0.00042          1  0.000e+00
      17771    740.417     38.200     38.444    22.9741    22.9702   5.299695   5.299499     2.1954     1.8242       5.01   22.07078  -86.91772    0.00040   -0.00043          1  0.000e+00
      17772    740.458     38.180     38.423    22.9737    22.9700   5.299657   5.299445     2.1966     1.8242       5.01   22.07078  -86.91772    0.00039   -0.00045          1  0.000e+00
      17773    740.500     38.180     38.423    22.9739    22.9704   5.299634   5.299383     2.1966     1.8242       5.01   22.07078  -86.91772    0.00039   -0.00046          1  0.000e+00
      17774    740.542     38.200     38.444    22.9743    22.9700   5.299665   5.299406     2.1966     1.8242       5.01   22.07078  -86.91772    0.00040   -0.00048          1  0.000e+00
      17775    740.583     38.180     38.423    22.9746    22.9700   5.299710   5.299352     2.1966     1.8242       5.01   22.07078  -86.91772    0.00041   -0.00049          1  0.000e+00
      17776    740.625     38.180     38.423    22.9748    22.9702   5.299756   5.299398     2.1966     1.8242       5.03   22.07078  -86.91772    0.00040   -0.00051          1  0.000e+00
      17777    740.667     38.180     38.423    22.9748    22.9702   5.299703   5.299422     2.1966     1.8242       5.05   22.07078  -86.91772    0.00040   -0.00052          1  0.000e+00
      17778    740.708     38.153     38.396    22.9744    22.9702   5.299710   5.299383     2.1966     1.8242       5.08   22.07078  -86.91772    0.00041   -0.00053          1  0.000e+00
      17779    740.750     38.180     38.423    22.9747    22.9704   5.299771   5.299422     2.1966     1.8242       5.05   22.07078  -86.91772    0.00040   -0.00054          1  0.000e+00
      19779    824.083     24.685     24.841    24.3503    24.0784   5.433391   5.410129     2.5739     2.0720      18.34   22.07078  -86.91774    0.01927    0.00578          2  0.000e+00
      19780    824.125     24.495     24.650    24.3542    24.1714   5.433582   5.415975     2.5739     2.0720      18.34   22.07078  -86.91774    0.01883    0.00543          2  0.000e+00
      19781    824.167     24.644     24.800    24.3580    24.2242   5.434127   5.417637     2.5726     2.0720      18.34   22.07078  -86.91774    0.01835    0.00508          2  0.000e+00
      19782    824.208     24.732     24.889    24.3598    24.2496   5.434695   5.416425     2.5726     2.0720      18.34   22.07078  -86.91774    0.01785    0.00470          2  0.000e+00
      19783    824.250     24.644     24.800    24.3605    24.2478   5.435133   5.415617     2.5726     2.0720      18.34   22.07078  -86.91774    0.01735    0.00433          2  0.000e+00
      19784    824.292     24.685     24.841    24.3610    24.2159   5.435263   5.416697     2.5726     2.0720      18.34   22.07078  -86.91774    0.01684    0.00395          2  0.000e+00
      19785    824.333     24.691     24.848    24.3616    24.2036   5.435486   5.418974     2.5714     2.0720      18.34   22.07078  -86.91774    0.01631    0.00357          2  0.000e+00
      19786    824.375     24.637     24.793    24.3619    24.2282   5.435686   5.421444     2.5726     2.0720      18.34   22.07078  -86.91774    0.01577    0.00319          2  0.000e+00
      19787    824.417     24.691     24.848    24.3614    24.2460   5.435870   5.423138     2.5714     2.0708      18.34   22.07078  -86.91774    0.01519    0.00277          2  0.000e+00
      19788    824.458     24.691     24.848    24.3607    24.2559   5.435939   5.424063     2.5714     2.0708      18.34   22.07078  -86.91774    0.01461    0.00236          2  0.000e+00
      19789    824.500     24.685     24.841    24.3605    24.2686   5.435954   5.424661     2.5714     2.0708      18.34   22.07078  -86.91774    0.01403    0.00194          2  0.000e+00
      19790    824.542     24.691     24.848    24.3599    24.2791   5.435954   5.425198     2.5726     2.0708      18.34   22.07078  -86.91774    0.01347    0.00151          2  0.000e+00
      19791    824.583     24.685     24.841    24.3599    24.2883   5.435893   5.425703     2.5714     2.0708      18.34   22.07078  -86.91774    0.01287    0.00108          2  0.000e+00
      19792    824.625     24.691     24.848    24.3599    24.2922   5.435831   5.425423     2.5714     2.0708      18.29   22.07078  -86.91774    0.01228    0.00063          2  0.000e+00
      19793    824.667     24.746     24.902    24.3594    24.2760   5.435854   5.423876     2.5726     2.0708      18.27   22.07078  -86.91774    0.01169    0.00019          2  0.000e+00
      19794    824.708     24.685     24.841    24.3594    24.2390   5.435831   5.422089     2.5714     2.0708      18.27   22.07078  -86.91774    0.01108   -0.00024          2  0.000e+00
      19795    824.750     24.691     24.848    24.3594    24.2171   5.435824   5.421281     2.5714     2.0708      18.27   22.07078  -86.91774    0.01047   -0.00068          2  0.000e+00
      19796    824.792     24.732     24.889    24.3592    24.2040   5.435824   5.421025     2.5726     2.0708      18.27   22.07078  -86.91774    0.00989   -0.00113          2  0.000e+00
      19797    824.833     24.691     24.848    24.3590    24.2083   5.435824   5.420310     2.5726     2.0720      18.27   22.07078  -86.91774    0.00931   -0.00155          2  0.000e+00
      19798    824.875     24.691     24.848    24.3590    24.2108   5.435854   5.419199     2.5726     2.0708      18.27   22.07078  -86.91774    0.00873   -0.00200          2  0.000e+00
      19799    824.917     24.732     24.889    24.3588    24.1993   5.435801   5.418212     2.5726     2.0720      18.27   22.07078  -86.91774    0.00816   -0.00242          2  0.000e+00
      19800    824.958     24.745     24.902    24.3583    24.1906   5.435808   5.417801     2.5739     2.0720      18.27   22.07078  -86.91774    0.00760   -0.00284          2  0.000e+00
      19801    825.000     24.685     24.841    24.3580    24.1888   5.435755   5.417824     2.5739     2.0733      18.27   22.07078  -86.91774    0.00706   -0.00324          2  0.000e+00
      19802    825.042     24.745     24.902    24.3571    24.1912   5.435732   5.418042     2.5739     2.0733      18.27   22.07078  -86.91774    0.00653   -0.00363          2  0.000e+00
      19803    825.083     24.732     24.889    24.3564    24.1845   5.435693   5.418119     2.5751     2.0745      18.27   22.07078  -86.91774    0.00602   -0.00400          2  0.000e+00
      19804    825.125     24.745     24.902    24.3556    24.1783   5.435617   5.418221     2.5751     2.0757      18.27   22.07078  -86.91774    0.00553   -0.00434          2  0.000e+00
      19805    825.167     24.745     24.902    24.3549    24.1826   5.435594   5.419223     2.5751     2.0757      18.27   22.07078  -86.91774    0.00505   -0.00466          2  0.000e+00
      19806    825.208     24.732     24.888    24.3546    24.2071   5.435594   5.421398     2.5763     2.0769      18.27   22.07078  -86.91774    0.00462   -0.00497          2  0.000e+00
      19807    825.250     24.691     24.848    24.3542    24.2332   5.435563   5.423434     2.5775     2.0781      18.27   22.07078  -86.91774    0.00421   -0.00525          2  0.000e+00
      19808    825.292     24.779     24.936    24.3539    24.2478   5.435555   5.424708     2.5775     2.0781      18.27   22.07078  -86.91774    0.00380   -0.00550          2  0.000e+00
      19809    825.333     24.691     24.847    24.3539    24.2556   5.435578   5.425416     2.5775     2.0794      18.27   22.07078  -86.91774    0.00342   -0.00573          2  0.000e+00
      19810    825.375     24.745     24.902    24.3537    24.2598   5.435525   5.425867     2.5788     2.0806      18.27   22.07078  -86.91774    0.00307   -0.00593          2  0.000e+00
      19811    825.417     24.732     24.888    24.3535    24.2605   5.435509   5.425968     2.5788     2.0818      18.27   22.07078  -86.91774    0.00274   -0.00609          2  0.000e+00
      19812    825.458     24.793     24.950    24.3533    24.2601   5.435540   5.426100     2.5800     2.0830      18.27   22.07078  -86.91774    0.00244   -0.00622          2  0.000e+00
      19813    825.500     24.732     24.888    24.3533    24.2676   5.435517   5.426310     2.5812     2.0855      18.27   22.07078  -86.91774    0.00216   -0.00629          2  0.000e+00
      19814    825.542     24.745     24.902    24.3531    24.2764   5.435540   5.426605     2.5824     2.0867      18.27   22.07078  -86.91774    0.00191   -0.00632          2  0.000e+00
      19815    825.583     24.745     24.902    24.3533    24.2758   5.435555   5.426753     2.5836     2.0879      18.24   22.07078  -86.91774    0.00170   -0.00632          2  0.000e+00
