Gulf of Mexico/GOMECC-4/1db/rb2103_0011.cnv
* Sea-Bird SBE 9 Data File:
* FileName = C:\Users\scs.user.rb\CTD\GOMECC4\data\rb1203_001.hex
* Software Version Seasave V 7.26.7.107
* Temperature SN = 4799
* Conductivity SN = 3860
* Number of Bytes Per Scan = 41
* Number of Voltage Words = 4
* Number of Scans Averaged by the Deck Unit = 1
* NMEA Latitude = 26 59.84 N
* NMEA Longitude = 079 37.07 W
* NMEA UTC (Time) = Sep 14 2021  14:55:20
* NMEA baud rate = 4800
# nquan = 28
# nvalues = 329                         
# units = specified
# name 0 = scan: Scan Count
# name 1 = timeS: Time, Elapsed [seconds]
# name 2 = depSM: Depth [salt water, m]
# name 3 = prDM: Pressure, Digiquartz [db]
# name 4 = t090C: Temperature [ITS-90, deg C]
# name 5 = t190C: Temperature, 2 [ITS-90, deg C]
# name 6 = c0S/m: Conductivity [S/m]
# name 7 = c1S/m: Conductivity, 2 [S/m]
# name 8 = sbeox0V: Oxygen raw, SBE 43 [V]
# name 9 = sbeox1V: Oxygen raw, SBE 43, 2 [V]
# name 10 = altM: Altimeter [m]
# name 11 = latitude: Latitude [deg]
# name 12 = longitude: Longitude [deg]
# name 13 = sbox0dV/dT: Oxygen, SBE 43 [dov/dt]
# name 14 = sbox1dV/dT: Oxygen, SBE 43, 2 [dov/dt]
# name 15 = sbeox0ML/L: Oxygen, SBE 43 [ml/l], WS = 5
# name 16 = sbeox1ML/L: Oxygen, SBE 43, 2 [ml/l], WS = 5
# name 17 = potemp090C: Potential Temperature [ITS-90, deg C]
# name 18 = potemp190C: Potential Temperature, 2 [ITS-90, deg C]
# name 19 = sal00: Salinity, Practical [PSU]
# name 20 = sal11: Salinity, Practical, 2 [PSU]
# name 21 = sigma-é00: Density [sigma-theta, kg/m^3]
# name 22 = sigma-é11: Density, 2 [sigma-theta, kg/m^3]
# name 23 = avgsvCM: Average Sound Velocity [Chen-Millero, m/s], minP = 20, minS = 20
# name 24 = sbox0Mm/Kg: Oxygen, SBE 43 [umol/kg], WS = 5
# name 25 = sbox1Mm/Kg: Oxygen, SBE 43, 2 [umol/kg], WS = 5
# name 26 = nbin: number of scans per bin
# name 27 = flag: flag
# span 0 =      25891,     110923       
# span 1 =   1078.745,   4621.732       
# span 2 =      1.987,    617.974       
# span 3 =      2.000,    623.000       
# span 4 =     7.4703,    29.6723       
# span 5 =     7.4705,    29.6697       
# span 6 =   3.595503,   5.996459       
# span 7 =   3.595390,   5.996522       
# span 8 =     1.6247,     3.2102       
# span 9 =     1.3324,     2.7489       
# span 10 =      14.93,     101.90      
# span 11 =   26.66907,   27.18412      
# span 12 =  -80.14817,  -78.61978      
# span 13 =   -0.05249,    0.16746      
# span 14 =   -0.04657,    0.15850      
# span 15 =     2.6134,     4.5059      
# span 16 =     2.6526,     4.5307      
# span 17 =     7.4080,    29.6664      
# span 18 =     7.4082,    29.6638      
# span 19 =    34.9439,    37.0225      
# span 20 =    34.9440,    37.0264      
# span 21 =    22.5100,    27.3224      
# span 22 =    22.5148,    27.3230      
# span 23 =       0.00,    1546.42      
# span 24 =    113.632,    196.696      
# span 25 =    115.340,    197.786      
# span 26 =         30,         69      
# span 27 = 0.0000e+00, 0.0000e+00      
# interval = decibars: 1                
# start_time = Sep 14 2021 14:55:20 [NMEA time, header]
# bad_flag = -9.990e-29
*END*
[from data line 156]
      37890   1578.693    159.879    161.000    21.0035    21.0050   5.129436   5.130069     2.3701     2.0026      98.47   26.99512  -79.62108    0.00143    0.00093     3.4909     3.5289    20.9724    20.9739    36.8394    36.8432    25.9026    25.9051    1540.70    151.966    153.622         39 0.0000e+00
      37930   1580.355    160.872    162.000    20.8696    20.8563   5.113000   5.111764     2.3663     1.9978      96.26   26.99514  -79.62109   -0.00088   -0.00102     3.4924     3.5280    20.8384    20.8252    36.8216    36.8231    25.9257    25.9305    1540.61    152.029    153.577         40 0.0000e+00
      37967   1581.926    161.864    163.000    20.7418    20.7408   5.096920   5.097145     2.3604     1.9925     100.02   26.99514  -79.62110   -0.00254   -0.00292     3.4895     3.5238    20.7106    20.7096    36.8014    36.8040    25.9452    25.9475    1540.54    151.898    153.394         35 0.0000e+00
      38002   1583.376    162.857    164.000    20.7053    20.7077   5.092163   5.092791     2.3514     1.9830     100.00   26.99514  -79.62110   -0.00414   -0.00429     3.4735     3.5043    20.6739    20.6763    36.7940    36.7970    25.9495    25.9511    1540.47    151.203    152.543         35 0.0000e+00
      38038   1584.872    163.850    165.000    20.6632    20.6688   5.086625   5.087657     2.3433     1.9767      87.30   26.99514  -79.62110   -0.00563   -0.00524     3.4597     3.4928    20.6317    20.6372    36.7850    36.7886    25.9541    25.9554    1540.39    150.599    152.042         37 0.0000e+00
      38077   1586.492    164.842    166.000    20.6290    20.6293   5.082496   5.082830     2.3351     1.9687      82.74   26.99516  -79.62110   -0.00548   -0.00482     3.4449     3.4771    20.5973    20.5976    36.7807    36.7831    25.9602    25.9620    1540.31    149.956    151.356         39 0.0000e+00
      38114   1588.058    165.835    167.000    20.6223    20.6224   5.081798   5.082119     2.3288     1.9641     100.41   26.99516  -79.62110   -0.00476   -0.00426     3.4324     3.4670    20.5905    20.5906    36.7804    36.7829    25.9618    25.9637    1540.24    149.412    150.917         36 0.0000e+00
      38150   1589.539    166.828    168.000    20.6138    20.6153   5.080870   5.081345     2.3261     1.9626     100.00   26.99516  -79.62111   -0.00353   -0.00291     3.4275     3.4644    20.5817    20.5833    36.7799    36.7824    25.9638    25.9653    1540.16    149.198    150.802         37 0.0000e+00
      38189   1591.182    167.820    169.000    20.5884    20.5851   5.078012   5.077835     2.3240     1.9616     100.00   26.99518  -79.62112   -0.00195   -0.00086     3.4252     3.4649    20.5562    20.5529    36.7766    36.7789    25.9682    25.9709    1540.10    149.097    150.826         41 0.0000e+00
      38229   1592.837    168.813    170.000    20.5115    20.5072   5.068380   5.068201     2.3184     1.9570     100.00   26.99518  -79.62112   -0.00196   -0.00139     3.4191     3.4593    20.4792    20.4749    36.7661    36.7683    25.9810    25.9839    1540.02    148.829    150.581         38 0.0000e+00
      38265   1594.317    169.805    171.000    20.4474    20.4522   5.060528   5.061380     2.3136     1.9520     100.00   26.99518  -79.62112   -0.00311   -0.00281     3.4137     3.4517    20.4150    20.4197    36.7572    36.7600    25.9916    25.9924    1539.94    148.592    150.246         34 0.0000e+00
      38300   1595.780    170.798    172.000    20.3821    20.3890   5.052421   5.053557     2.3084     1.9455     100.00   26.99520  -79.62112   -0.00341   -0.00352     3.4075     3.4410    20.3496    20.3564    36.7472    36.7506    26.0016    26.0023    1539.87    148.323    149.781         37 0.0000e+00
      38338   1597.363    171.790    173.000    20.3224    20.3237   5.045190   5.045632     2.3027     1.9403      89.81   26.99520  -79.62112   -0.00354   -0.00388     3.4000     3.4334    20.2897    20.2910    36.7396    36.7421    26.0119    26.0134    1539.80    147.992    149.447         39 0.0000e+00
      38377   1599.003    172.783    174.000    20.2705    20.2652   5.038938   5.038627     2.2971     1.9351      99.78   26.99520  -79.62112   -0.00353   -0.00346     3.3919     3.4254    20.2377    20.2324    36.7330    36.7351    26.0208    26.0238    1539.72    147.642    149.099         39 0.0000e+00
      38414   1600.559    173.776    175.000    20.2005    20.2067   5.030432   5.031582     2.2931     1.9324     100.00   26.99522  -79.62114   -0.00319   -0.00275     3.3884     3.4233    20.1668    20.1738    36.7245    36.7278    26.0334    26.0340    1539.65    147.487    149.006         36 0.0000e+00
      38451   1602.079    174.768    176.000    20.1225    20.1323   5.021159   5.022662     2.2908     1.9306     100.00   26.99522  -79.62114   -0.00237   -0.00169     3.3895     3.4243    20.0895    20.0993    36.7152    36.7190    26.0469    26.0472    1539.58    147.531    149.047         37 0.0000e+00
      38488   1603.622    175.761    177.000    19.9941    19.9959   5.006496   5.006998     2.2872     1.9263      67.20   26.99522  -79.62114   -0.00196   -0.00185     3.3905     3.4233    19.9611    19.9629    36.7063    36.7088    26.0743    26.0757    1539.51    147.572    149.000         36 0.0000e+00
      38523   1605.063    176.753    178.000    19.9800    19.9808   5.005182   5.005694     2.2879     1.9288      99.55   26.99523  -79.62114   -0.00141   -0.00125     3.3938     3.4311    19.9467    19.9475    36.7056    36.7076    26.0776    26.0789    1539.43    147.717    149.340         35 0.0000e+00
      38560   1606.634    177.746    179.000    19.9770    19.9772   5.004802   5.005091     2.2888     1.9320     100.00   26.99524  -79.62114    0.00006    0.00109     3.3962     3.4390    19.9436    19.9438    36.7062    36.7084    26.0789    26.0805    1539.36    147.817    149.683         40 0.0000e+00
      38597   1608.184    178.738    180.000    19.9703    19.9714   5.004226   5.004561     2.2888     1.9323     100.00   26.99524  -79.62114    0.00037    0.00157     3.3971     3.4406    19.9367    19.9379    36.7065    36.7087    26.0809    26.0823    1539.28    147.857    149.752         32 0.0000e+00
      38628   1609.466    179.731    181.000    19.9300    19.9321   4.999698   5.000168     2.2883     1.9325     100.00   26.99524  -79.62114    0.00007    0.00071     3.3992     3.4441    19.8963    19.8984    36.7044    36.7064    26.0901    26.0911    1539.21    147.948    149.901         31 0.0000e+00
      38659   1610.758    180.724    182.000    19.8892    19.8888   4.995143   4.995318     2.2886     1.9342     100.00   26.99525  -79.62114   -0.00013    0.00021     3.4031     3.4513    19.8553    19.8549    36.7021    36.7039    26.0992    26.1007    1539.14    148.115    150.213         32 0.0000e+00
      38691   1612.089    181.716    183.000    19.8520    19.8517   4.990900   4.991086     2.2892     1.9346     100.00   26.99526  -79.62114    0.00008    0.00072     3.4073     3.4553    19.8180    19.8177    36.6992    36.7010    26.1068    26.1083    1539.07    148.300    150.386         30 0.0000e+00
      38721   1613.332    182.709    184.000    19.7844    19.7819   4.982874   4.982775     2.2910     1.9354     100.00   26.99526  -79.62114    0.00060    0.00076     3.4165     3.4621    19.7503    19.7478    36.6914    36.6928    26.1188    26.1205    1538.99    148.697    150.683         31 0.0000e+00
      38753   1614.646    183.701    185.000    19.6556    19.6481   4.967344   4.966697     2.2925     1.9359      99.14   26.99526  -79.62114    0.00110    0.00044     3.4291     3.4729    19.6215    19.6140    36.6751    36.6763    26.1403    26.1432    1538.92    149.243    151.149         32 0.0000e+00
      38784   1615.953    184.694    186.000    19.5443    19.5446   4.953942   4.954138     2.2917     1.9350      85.03   26.99527  -79.62114    0.00088    0.00030     3.4358     3.4781    19.5101    19.5105    36.6609    36.6623    26.1587    26.1596    1538.85    149.532    151.373         30 0.0000e+00
      38866   1619.380    187.671    189.000    19.3791    19.3733   4.933551   4.933103     2.2852     1.9283      99.99   26.99292  -79.61421   -0.00144   -0.00124     3.4346     3.4751    19.3446    19.3388    36.6338    36.6352    26.1810    26.1835    1538.49    149.474    151.238         30 0.0000e+00
      38900   1620.777    188.664    190.000    19.3574    19.3493   4.931075   4.930478     2.2800     1.9233      91.67   26.99529  -79.62116   -0.00277   -0.00295     3.4268     3.4654    19.3227    19.3150    36.6330    36.6341    26.1864    26.1889    1538.55    149.136    150.817         31 0.0000e+00
      38931   1622.088    189.656    191.000    19.2976    19.2969   4.923626   4.923804     2.2748     1.9183      65.36   26.99530  -79.62116   -0.00385   -0.00405     3.4185     3.4570    19.2628    19.2622    36.6229    36.6250    26.1942    26.1960    1538.48    148.774    150.447         31 0.0000e+00
      39017   1625.672    192.634    194.000    19.2254    19.2207   4.915250   4.914994     2.2631     1.9084     100.00   26.99470  -79.61937   -0.00334   -0.00306     3.3990     3.4394    19.1896    19.1854    36.6154    36.6170    26.2074    26.2097    1538.22    147.925    149.681         31 0.0000e+00
      39049   1627.016    193.627    195.000    19.2055    19.2036   4.913213   4.913252     2.2631     1.9090     100.00   26.99532  -79.62118   -0.00220   -0.00149     3.4010     3.4425    19.1702    19.1682    36.6152    36.6173    26.2124    26.2145    1538.19    148.007    149.813         31 0.0000e+00
      39106   1629.365    195.612    197.000    19.1681    19.1675   4.909351   4.909528     2.2691     1.9158      99.99   26.99343  -79.61560    0.00150    0.00141     3.4176     3.4622    19.1324    19.1318    36.6142    36.6163    26.2212    26.2229    1537.93    148.729    150.669         30 0.0000e+00
      39588   1649.469    212.483    214.000    18.8385    18.8378   4.871242   4.871364     2.2959     1.9389     100.00   26.99625  -79.62373   -0.00155   -0.00158     3.5080     3.5484    18.8001    18.7995    36.5795    36.5811    26.2804    26.2818    1536.98    152.656    154.413         31 0.0000e+00
      39619   1650.729    213.475    215.000    18.7943    18.7934   4.865798   4.865860     2.2954     1.9385      99.95   26.99540  -79.62122   -0.00094   -0.00071     3.5106     3.5511    18.7558    18.7549    36.5718    36.5731    26.2858    26.2870    1536.86    152.767    154.529         31 0.0000e+00
      40179   1674.085    233.322    235.000    17.7399    17.7398   4.738453   4.738635     2.2049     1.8584     100.00   26.99586  -79.62233   -0.00440   -0.00415     3.3926     3.4359    17.6995    17.6995    36.4149    36.4165    26.4307    26.4320    1535.60    147.611    149.494         30 0.0000e+00
      40403   1683.417    241.260    243.000    17.5712    17.5721   4.718627   4.718908     2.1975     1.8542     100.00   26.99587  -79.62234   -0.00135   -0.00110     3.3913     3.4405    17.5298    17.5306    36.3914    36.3931    26.4544    26.4554    1535.10    147.551    149.691         30 0.0000e+00
      40821   1700.815    256.144    258.000    17.1357    17.1342   4.666027   4.666015     2.1450     1.8034     100.00   26.99498  -79.61952   -0.00442   -0.00433     3.3082     3.3492    17.0924    17.0909    36.3187    36.3200    26.5046    26.5059    1534.14    143.928    145.715         30 0.0000e+00
      41151   1714.579    268.050    270.000    16.7318    16.7315   4.617835   4.617948     2.1244     1.7858     100.00   26.99493  -79.61920   -0.00255   -0.00250     3.2941     3.3373    16.6872    16.6870    36.2554    36.2566    26.5528    26.5538    1533.44    143.309    145.188         31 0.0000e+00
      41283   1720.095    273.010    275.000    16.6541    16.6551   4.608446   4.608726     2.1155     1.7797      99.99   26.99324  -79.61419   -0.00147   -0.00093     3.2811     3.3291    16.6089    16.6099    36.2403    36.2419    26.5596    26.5606    1533.04    142.742    144.830         31 0.0000e+00
      41318   1721.546    274.002    276.000    16.6397    16.6408   4.607355   4.607653     2.1137     1.7777      25.90   26.99568  -79.62138   -0.00136   -0.00109     3.2773     3.3245    16.5943    16.5954    36.2410    36.2425    26.5638    26.5647    1533.14    142.578    144.629         31 0.0000e+00
      41479   1728.267    279.955    282.000    16.5996    16.5991   4.602493   4.602501     2.1072     1.7715     100.00   26.99629  -79.62315   -0.00098   -0.00079     3.2688     3.3156    16.5534    16.5528    36.2354    36.2359    26.5692    26.5698    1532.84    142.205    144.243         30 0.0000e+00
      42634   1776.358    322.610    325.000    14.4996    14.5001   4.353218   4.353399     1.8932     1.5754      99.99   26.99406  -79.61610   -0.00276   -0.00215     2.9143     2.9552    14.4510    14.4515    35.8863    35.8876    26.7756    26.7765    1530.26    126.760    128.537         30 0.0000e+00
      49273   2053.003    579.343    584.000     7.9268     7.9261   3.637553   3.637449     1.6309     1.3389      55.99   26.99432  -79.61428    0.00049    0.00014     2.7532     2.7997     7.8665     7.8659    34.9677    34.9672    27.2684    27.2681    1516.77    119.695    121.717         53 0.0000e+00
      49333   2055.510    580.333    585.000     7.9115     7.9114   3.636349   3.636298     1.6311     1.3394      54.88   26.99702  -79.62224    0.00014    0.00030     2.7554     2.8030     7.8512     7.8511    34.9694    34.9690    27.2721    27.2718    1516.89    119.788    121.859         61 0.0000e+00
      49398   2058.223    581.324    586.000     7.9019     7.9023   3.635397   3.635405     1.6313     1.3388      53.90   26.99702  -79.62224    0.00002   -0.00014     2.7568     2.8020     7.8415     7.8419    34.9685    34.9682    27.2728    27.2725    1516.84    119.848    121.815         54 0.0000e+00
      49451   2060.426    582.315    587.000     7.8917     7.8922   3.634405   3.634420     1.6314     1.3391      52.92   26.99704  -79.62224    0.00005   -0.00011     2.7582     2.8041     7.8313     7.8318    34.9675    34.9672    27.2736    27.2732    1516.80    119.913    121.905         57 0.0000e+00
      49510   2062.876    583.305    588.000     7.8857     7.8863   3.633828   3.633853     1.6311     1.3393      51.91   26.99705  -79.62226   -0.00005    0.00017     2.7583     2.8054     7.8252     7.8258    34.9668    34.9665    27.2739    27.2736    1516.75    119.916    121.964         58 0.0000e+00
      49564   2065.124    584.296    589.000     7.8701     7.8722   3.632270   3.632440     1.6308     1.3385      50.91   26.99706  -79.62226   -0.00010   -0.00019     2.7587     2.8041     7.8096     7.8117    34.9652    34.9649    27.2750    27.2745    1516.71    119.930    121.905         50 0.0000e+00
      49612   2067.131    585.287    590.000     7.8555     7.8558   3.630860   3.630890     1.6304     1.3382      49.67   26.99706  -79.62226   -0.00021   -0.00034     2.7591     2.8047     7.7950     7.7952    34.9636    34.9632    27.2759    27.2755    1516.66    119.949    121.934         46 0.0000e+00
      49658   2069.023    586.277    591.000     7.8460     7.8462   3.629888   3.629875     1.6301     1.3382      48.95   26.99708  -79.62226   -0.00015   -0.00003     2.7593     2.8060     7.7854     7.7856    34.9626    34.9623    27.2765    27.2763    1516.63    119.957    121.988         48 0.0000e+00
      49711   2071.230    587.268    592.000     7.8366     7.8373   3.629006   3.629044     1.6301     1.3385      47.84   26.99708  -79.62227   -0.00005    0.00010     2.7601     2.8080     7.7759     7.7766    34.9618    34.9614    27.2773    27.2769    1516.58    119.993    122.074         54 0.0000e+00
