Gulf of Mexico/GOMECC-4/1db/rb2103_0291.ros
* Sea-Bird SBE 9 Data File:
* FileName = C:\Users\scs.user.rb\CTD\GOMECC4\data\rb2103_0291.hex
* Software Version Seasave V 7.26.7.107
* Temperature SN = 4799
* Conductivity SN = 3860
* Number of Bytes Per Scan = 41
* Number of Voltage Words = 4
* Number of Scans Averaged by the Deck Unit = 1
* NMEA Latitude = 27 29.98 N
* NMEA Longitude = 086 48.58 W
* NMEA UTC (Time) = Sep 22 2021  01:30:43
* NMEA baud rate = 4800
# nquan = 17
# nvalues = 3192                                  
# units = specified
# name 0 = scan: Scan Count
# name 1 = timeS: Time, Elapsed [seconds]
# name 2 = depSM: Depth [salt water, m]
# name 3 = prDM: Pressure, Digiquartz [db]
# name 4 = t090C: Temperature [ITS-90, deg C]
# name 5 = t190C: Temperature, 2 [ITS-90, deg C]
# name 6 = c0S/m: Conductivity [S/m]
# name 7 = c1S/m: Conductivity, 2 [S/m]
# name 8 = sbeox0V: Oxygen raw, SBE 43 [V]
# name 9 = sbeox1V: Oxygen raw, SBE 43, 2 [V]
# name 10 = altM: Altimeter [m]
# name 11 = latitude: Latitude [deg]
# name 12 = longitude: Longitude [deg]
# name 13 = sbox0dV/dT: Oxygen, SBE 43 [dov/dt]
# name 14 = sbox1dV/dT: Oxygen, SBE 43, 2 [dov/dt]
# name 15 = nbf: Bottles Fired
# name 16 = flag:  0.000e+00
# interval = seconds: 0.0416667
# start_time = Sep 22 2021 01:30:43 [NMEA time, header]
# bad_flag = -9.990e-29
*END*
[from data line 2128]
     214168   8923.625    199.530    200.956    15.4290    15.4424   4.457218   4.458600     1.8376     1.5201      99.98   27.49524  -86.81600   -0.00022    0.00037         17  0.000e+00
     214169   8923.667    199.159    200.582    15.4287    15.4407   4.457204   4.458614     1.8376     1.5201     100.00   27.49524  -86.81600   -0.00021    0.00036         17  0.000e+00
     214170   8923.708    199.416    200.841    15.4286    15.4393   4.457183   4.458564     1.8388     1.5201     100.00   27.49524  -86.81600   -0.00019    0.00035         17  0.000e+00
     214171   8923.750    199.363    200.788    15.4283    15.4388   4.457183   4.458586     1.8376     1.5189     100.00   27.49524  -86.81600   -0.00018    0.00034         17  0.000e+00
     214172   8923.792    199.325    200.750    15.4268    15.4390   4.457197   4.458529     1.8376     1.5201     100.00   27.49524  -86.81600   -0.00017    0.00033         17  0.000e+00
     214173   8923.833    199.416    200.841    15.4234    15.4390   4.457247   4.458514     1.8388     1.5189     100.00   27.49524  -86.81600   -0.00014    0.00032         17  0.000e+00
     214174   8923.875    199.378    200.803    15.4231    15.4392   4.457218   4.458507     1.8388     1.5189     100.00   27.49524  -86.81600   -0.00013    0.00030         17  0.000e+00
     214175   8923.917    199.363    200.788    15.4240    15.4393   4.457211   4.458450     1.8376     1.5189     100.00   27.49524  -86.81600   -0.00014    0.00028         17  0.000e+00
     214176   8923.958    199.325    200.750    15.4254    15.4397   4.457218   4.458414     1.8376     1.5189     100.00   27.49524  -86.81600   -0.00015    0.00024         17  0.000e+00
     214177   8924.000    199.363    200.788    15.4265    15.4392   4.457232   4.458342     1.8376     1.5189     100.00   27.49524  -86.81600   -0.00016    0.00022         17  0.000e+00
     214178   8924.042    199.378    200.803    15.4281    15.4376   4.457218   4.458256     1.8376     1.5189     100.00   27.49524  -86.81600   -0.00016    0.00020         17  0.000e+00
     214179   8924.083    199.363    200.788    15.4290    15.4354   4.457204   4.458192     1.8388     1.5189     100.00   27.49524  -86.81600   -0.00015    0.00018         17  0.000e+00
     214180   8924.125    199.379    200.803    15.4301    15.4344   4.457183   4.458221     1.8376     1.5189     100.00   27.49524  -86.81600   -0.00016    0.00016         17  0.000e+00
     214181   8924.167    199.310    200.735    15.4310    15.4347   4.457119   4.458213     1.8376     1.5189     100.00   27.49524  -86.81600   -0.00017    0.00014         17  0.000e+00
     214182   8924.208    199.379    200.803    15.4305    15.4349   4.457147   4.458185     1.8388     1.5189     100.00   27.49524  -86.81600   -0.00014    0.00013         17  0.000e+00
     214183   8924.250    199.363    200.788    15.4276    15.4366   4.457140   4.458199     1.8388     1.5189     100.00   27.49524  -86.81600   -0.00012    0.00011         17  0.000e+00
     214184   8924.292    199.379    200.803    15.4261    15.4376   4.457183   4.458206     1.8376     1.5189     100.00   27.49524  -86.81600   -0.00011    0.00009         17  0.000e+00
     214185   8924.333    199.363    200.788    15.4252    15.4376   4.457126   4.458206     1.8376     1.5189     100.00   27.49524  -86.81600   -0.00012    0.00007         17  0.000e+00
     214186   8924.375    199.379    200.803    15.4259    15.4369   4.457105   4.458142     1.8388     1.5189     100.00   27.49524  -86.81600   -0.00009    0.00005         17  0.000e+00
     214187   8924.417    199.363    200.788    15.4276    15.4369   4.457091   4.458106     1.8376     1.5189     100.00   27.49524  -86.81600   -0.00008    0.00003         17  0.000e+00
     214188   8924.458    199.379    200.803    15.4273    15.4373   4.457098   4.458149     1.8376     1.5189     100.00   27.49524  -86.81600   -0.00009    0.00001         17  0.000e+00
     214189   8924.500    199.363    200.788    15.4266    15.4387   4.457119   4.458278     1.8376     1.5189     100.00   27.49524  -86.81600   -0.00010   -0.00001         17  0.000e+00
     214190   8924.542    199.379    200.803    15.4256    15.4390   4.457084   4.458385     1.8376     1.5189     100.00   27.49524  -86.81600   -0.00010   -0.00003         17  0.000e+00
     214191   8924.583    199.364    200.788    15.4236    15.4381   4.457070   4.458428     1.8364     1.5189     100.00   27.49524  -86.81600   -0.00013   -0.00005         17  0.000e+00
     214192   8924.625    199.364    200.788    15.4222    15.4387   4.457049   4.458500     1.8376     1.5189     100.00   27.49524  -86.81600   -0.00012   -0.00005         17  0.000e+00
     214193   8924.667    199.379    200.803    15.4212    15.4395   4.457027   4.458564     1.8376     1.5189     100.00   27.49524  -86.81600   -0.00011   -0.00007         17  0.000e+00
     214194   8924.708    199.311    200.735    15.4185    15.4404   4.456985   4.458643     1.8376     1.5189     100.00   27.49524  -86.81600   -0.00011   -0.00009         17  0.000e+00
     214195   8924.750    199.379    200.803    15.4171    15.4412   4.456929   4.458672     1.8376     1.5189     100.00   27.49524  -86.81600   -0.00010   -0.00011         17  0.000e+00
     214196   8924.792    199.417    200.842    15.4171    15.4417   4.456851   4.458751     1.8376     1.5189     100.00   27.49524  -86.81600   -0.00009   -0.00013         17  0.000e+00
     214197   8924.833    199.326    200.750    15.4168    15.4419   4.456794   4.458801     1.8376     1.5189     100.00   27.49524  -86.81600   -0.00008   -0.00015         17  0.000e+00
     214198   8924.875    199.417    200.842    15.4175    15.4421   4.456851   4.458994     1.8376     1.5189     100.00   27.49524  -86.81600   -0.00009   -0.00016         17  0.000e+00
     214199   8924.917    199.326    200.750    15.4195    15.4433   4.456844   4.459130     1.8388     1.5189     100.00   27.49524  -86.81600   -0.00006   -0.00017         17  0.000e+00
     214200   8924.958    199.364    200.788    15.4238    15.4444   4.456964   4.459266     1.8376     1.5189     100.00   27.49524  -86.81600   -0.00006   -0.00018         17  0.000e+00
     214201   8925.000    199.379    200.804    15.4265    15.4453   4.457056   4.459352     1.8376     1.5189     100.00   27.49524  -86.81600   -0.00007   -0.00020         17  0.000e+00
     214202   8925.042    199.417    200.842    15.4255    15.4456   4.457049   4.459431     1.8376     1.5189     100.00   27.49524  -86.81600   -0.00006   -0.00022         17  0.000e+00
     214203   8925.083    199.326    200.750    15.4246    15.4451   4.457112   4.459402     1.8376     1.5189     100.00   27.49524  -86.81600   -0.00006   -0.00024         17  0.000e+00
     214204   8925.125    199.417    200.842    15.4242    15.4439   4.457112   4.459338     1.8376     1.5189     100.00   27.49524  -86.81600   -0.00005   -0.00024         17  0.000e+00
     214205   8925.167    199.326    200.750    15.4234    15.4414   4.457091   4.459195     1.8376     1.5189     100.00   27.49524  -86.81600   -0.00005   -0.00026         17  0.000e+00
     214206   8925.208    199.417    200.842    15.4224    15.4412   4.457098   4.459094     1.8376     1.5189     100.00   27.49524  -86.81600   -0.00004   -0.00026         17  0.000e+00
     214207   8925.250    199.379    200.804    15.4217    15.4417   4.457091   4.459037     1.8388     1.5189     100.00   27.49524  -86.81600   -0.00001   -0.00026         17  0.000e+00
     214208   8925.292    199.364    200.788    15.4220    15.4426   4.457042   4.458980     1.8388     1.5189     100.00   27.49524  -86.81600    0.00002   -0.00028         17  0.000e+00
     214209   8925.333    199.379    200.804    15.4234    15.4436   4.456999   4.458908     1.8388     1.5189     100.00   27.49524  -86.81600    0.00005   -0.00030         17  0.000e+00
     214210   8925.375    199.417    200.842    15.4236    15.4434   4.457006   4.458958     1.8376     1.5189     100.00   27.49524  -86.81600    0.00007   -0.00031         17  0.000e+00
     214211   8925.417    199.326    200.750    15.4240    15.4431   4.457020   4.458937     1.8388     1.5189     100.00   27.49524  -86.81600    0.00010   -0.00031         17  0.000e+00
     214212   8925.458    199.417    200.842    15.4254    15.4433   4.457013   4.458880     1.8388     1.5189     100.00   27.49524  -86.81600    0.00011   -0.00033         17  0.000e+00
     214213   8925.500    199.364    200.788    15.4273    15.4433   4.457056   4.458851     1.8388     1.5201     100.00   27.49524  -86.81600    0.00012   -0.00033         17  0.000e+00
     214214   8925.542    199.379    200.804    15.4285    15.4429   4.457070   4.458794     1.8388     1.5189     100.00   27.49524  -86.81600    0.00013   -0.00033         17  0.000e+00
     214215   8925.583    199.364    200.788    15.4283    15.4426   4.457049   4.458672     1.8376     1.5189     100.00   27.49524  -86.81600    0.00013   -0.00035         17  0.000e+00
     214216   8925.625    199.440    200.865    15.4283    15.4424   4.457006   4.458572     1.8388     1.5189     100.00   27.49524  -86.81600    0.00014   -0.00035         17  0.000e+00
     214217   8925.667    199.364    200.789    15.4259    15.4417   4.456950   4.458435     1.8388     1.5189     100.00   27.49524  -86.81600    0.00015   -0.00035         17  0.000e+00
     214218   8925.708    199.379    200.804    15.4244    15.4398   4.456914   4.458378     1.8388     1.5189     100.00   27.49524  -86.81600    0.00016   -0.00036         17  0.000e+00
     214219   8925.750    199.417    200.842    15.4234    15.4385   4.456830   4.458307     1.8388     1.5189     100.00   27.49524  -86.81600    0.00018   -0.00038         17  0.000e+00
     214220   8925.792    199.379    200.804    15.4213    15.4380   4.456815   4.458307     1.8376     1.5189     100.00   27.49524  -86.81600    0.00017   -0.00040         17  0.000e+00
     214221   8925.833    199.364    200.789    15.4192    15.4381   4.456717   4.458443     1.8388     1.5189     100.00   27.49524  -86.81600    0.00018   -0.00039         17  0.000e+00
     214222   8925.875    199.379    200.804    15.4182    15.4388   4.456667   4.458529     1.8388     1.5189     100.00   27.49524  -86.81600    0.00019   -0.00039         17  0.000e+00
     214223   8925.917    199.417    200.842    15.4173    15.4392   4.456674   4.458557     1.8388     1.5189     100.00   27.49524  -86.81600    0.00020   -0.00039         17  0.000e+00
     214224   8925.958    199.379    200.804    15.4185    15.4392   4.456625   4.458435     1.8376     1.5189     100.00   27.49524  -86.81600    0.00019   -0.00039         17  0.000e+00
     214225   8926.000    199.417    200.842    15.4196    15.4387   4.456568   4.458335     1.8376     1.5189     100.00   27.49524  -86.81600    0.00018   -0.00039         17  0.000e+00
     214226   8926.042    199.379    200.804    15.4185    15.4371   4.456505   4.458213     1.8388     1.5189     100.00   27.49524  -86.81600    0.00019   -0.00038         17  0.000e+00
     214227   8926.083    199.364    200.789    15.4173    15.4364   4.456490   4.458171     1.8388     1.5189     100.00   27.49524  -86.81600    0.00020   -0.00038         17  0.000e+00
     214228   8926.125    199.379    200.804    15.4173    15.4364   4.456476   4.458256     1.8376     1.5189     100.00   27.49524  -86.81600    0.00020   -0.00038         17  0.000e+00
     214229   8926.167    199.417    200.842    15.4201    15.4371   4.456519   4.458436     1.8376     1.5189     100.00   27.49524  -86.81600    0.00019   -0.00039         17  0.000e+00
     214230   8926.208    199.379    200.804    15.4210    15.4387   4.456575   4.458700     1.8376     1.5189     100.00   27.49524  -86.81600    0.00020   -0.00039         17  0.000e+00
     214231   8926.250    199.364    200.789    15.4195    15.4414   4.456603   4.458973     1.8376     1.5189     100.00   27.49524  -86.81600    0.00019   -0.00038         17  0.000e+00
     214232   8926.292    199.440    200.865    15.4226    15.4439   4.456575   4.459051     1.8376     1.5189     100.00   27.49524  -86.81600    0.00018   -0.00038         17  0.000e+00
     214233   8926.333    199.364    200.789    15.4240    15.4444   4.456526   4.459044     1.8376     1.5189     100.00   27.49524  -86.81600    0.00017   -0.00037         17  0.000e+00
     214234   8926.375    199.250    200.674    15.4239    15.4422   4.456497   4.458958     1.8376     1.5189     100.00   27.49524  -86.81600    0.00016   -0.00037         17  0.000e+00
     214235   8926.417    199.553    200.980    15.4229    15.4422   4.456476   4.459023     1.8376     1.5189     100.00   27.49524  -86.81600    0.00016   -0.00036         17  0.000e+00
     214236   8926.458    199.364    200.789    15.4210    15.4433   4.456455   4.459044     1.8376     1.5189     100.00   27.49524  -86.81600    0.00015   -0.00035         17  0.000e+00
     214237   8926.500    199.379    200.804    15.4182    15.4446   4.456392   4.458994     1.8376     1.5177     100.00   27.49524  -86.81600    0.00014   -0.00036         17  0.000e+00
     214238   8926.542    199.417    200.842    15.4161    15.4441   4.456363   4.458879     1.8376     1.5177     100.00   27.49524  -86.81600    0.00013   -0.00037         17  0.000e+00
     214239   8926.583    199.379    200.804    15.4147    15.4431   4.456342   4.458622     1.8388     1.5189     100.00   27.49524  -86.81600    0.00014   -0.00037         17  0.000e+00
     214240   8926.625    199.417    200.842    15.4143    15.4424   4.456307   4.458471     1.8376     1.5189     100.00   27.49524  -86.81600    0.00013   -0.00036         17  0.000e+00
     214241   8926.667    199.326    200.751    15.4140    15.4410   4.456257   4.458321     1.8388     1.5189     100.00   27.49524  -86.81600    0.00014   -0.00035         17  0.000e+00
     214242   8926.708    199.417    200.842    15.4144    15.4398   4.456257   4.458249     1.8388     1.5189     100.00   27.49524  -86.81600    0.00017   -0.00034         17  0.000e+00
     214243   8926.750    199.379    200.804    15.4153    15.4395   4.456307   4.458249     1.8376     1.5189     100.00   27.49524  -86.81600    0.00016   -0.00033         17  0.000e+00
     214244   8926.792    199.417    200.842    15.4146    15.4385   4.456279   4.458278     1.8388     1.5189     100.00   27.49524  -86.81600    0.00017   -0.00032         17  0.000e+00
     214245   8926.833    199.379    200.804    15.4155    15.4381   4.456264   4.458307     1.8388     1.5177     100.00   27.49524  -86.81600    0.00018   -0.00033         17  0.000e+00
     214246   8926.875    199.364    200.789    15.4163    15.4380   4.456278   4.458299     1.8388     1.5189     100.00   27.49524  -86.81600    0.00018   -0.00032         17  0.000e+00
     214247   8926.917    199.379    200.804    15.4176    15.4381   4.456293   4.458314     1.8388     1.5189     100.00   27.49524  -86.81600    0.00019   -0.00031         17  0.000e+00
     214248   8926.958    199.364    200.789    15.4171    15.4387   4.456300   4.458385     1.8388     1.5189     100.00   27.49524  -86.81600    0.00020   -0.00030         17  0.000e+00
     214249   8927.000    199.379    200.804    15.4155    15.4387   4.456236   4.458428     1.8388     1.5189     100.00   27.49524  -86.81600    0.00021   -0.00028         17  0.000e+00
     214250   8927.042    199.417    200.842    15.4149    15.4390   4.456250   4.458457     1.8388     1.5177     100.00   27.49524  -86.81600    0.00021   -0.00029         17  0.000e+00
     214251   8927.083    199.379    200.804    15.4149    15.4388   4.456250   4.458450     1.8388     1.5177     100.00   27.49524  -86.81600    0.00020   -0.00031         17  0.000e+00
