Gulf of Mexico/GOMECC-4/1db/rb2103_1311.ros
* Sea-Bird SBE 9 Data File:
* FileName = C:\Users\scs.user.rb\CTD\GOMECC4\data\rb2103_1311.hex
* Software Version Seasave V 7.26.7.107
* Temperature SN = 4799
* Conductivity SN = 3860
* Number of Bytes Per Scan = 41
* Number of Voltage Words = 4
* Number of Scans Averaged by the Deck Unit = 1
* NMEA Latitude = 26 43.76 N
* NMEA Longitude = 083 06.08 W
* NMEA UTC (Time) = Oct 19 2021  16:24:23
* NMEA baud rate = 4800
# nquan = 17
# nvalues = 1064                                  
# units = specified
# name 0 = scan: Scan Count
# name 1 = timeS: Time, Elapsed [seconds]
# name 2 = depSM: Depth [salt water, m]
# name 3 = prDM: Pressure, Digiquartz [db]
# name 4 = t090C: Temperature [ITS-90, deg C]
# name 5 = t190C: Temperature, 2 [ITS-90, deg C]
# name 6 = c0S/m: Conductivity [S/m]
# name 7 = c1S/m: Conductivity, 2 [S/m]
# name 8 = sbeox0V: Oxygen raw, SBE 43 [V]
# name 9 = sbeox1V: Oxygen raw, SBE 43, 2 [V]
# name 10 = altM: Altimeter [m]
# name 11 = latitude: Latitude [deg]
# name 12 = longitude: Longitude [deg]
# name 13 = sbox0dV/dT: Oxygen, SBE 43 [dov/dt]
# name 14 = sbox1dV/dT: Oxygen, SBE 43, 2 [dov/dt]
# name 15 = nbf: Bottles Fired
# name 16 = flag:  0.000e+00
# interval = seconds: 0.0416667
# start_time = Oct 19 2021 16:24:23 [NMEA time, header]
# bad_flag = -9.990e-29
*END*
[from data line 937]
      29599   1233.250      3.692      3.716    28.4488    28.4497   5.811985   5.812268     3.0659     2.5897      36.36   26.72982  -83.10018    0.00030    0.00078          8  0.000e+00
      29600   1233.292      3.692      3.716    28.4490    28.4496   5.811977   5.812212     3.0647     2.5897      36.36   26.72982  -83.10018    0.00025    0.00077          8  0.000e+00
      29601   1233.333      3.685      3.709    28.4488    28.4496   5.811938   5.812244     3.0659     2.5897      36.36   26.72982  -83.10018    0.00022    0.00076          8  0.000e+00
      29602   1233.375      3.692      3.716    28.4488    28.4495   5.812001   5.812228     3.0659     2.5897      36.36   26.72982  -83.10018    0.00020    0.00075          8  0.000e+00
      29603   1233.417      3.692      3.716    28.4492    28.4496   5.812025   5.812196     3.0647     2.5885      36.34   26.72982  -83.10018    0.00017    0.00072          8  0.000e+00
      29604   1233.458      3.692      3.716    28.4492    28.4496   5.811985   5.812212     3.0659     2.5897      36.29   26.72982  -83.10018    0.00015    0.00070          8  0.000e+00
      29605   1233.500      3.739      3.764    28.4488    28.4496   5.811977   5.812220     3.0647     2.5897      36.26   26.72982  -83.10018    0.00012    0.00069          8  0.000e+00
      29606   1233.542      3.692      3.716    28.4492    28.4497   5.812009   5.812196     3.0647     2.5897      36.26   26.72982  -83.10018    0.00009    0.00067          8  0.000e+00
      29607   1233.583      3.739      3.764    28.4492    28.4496   5.812025   5.812212     3.0647     2.5897      36.29   26.72982  -83.10018    0.00006    0.00065          8  0.000e+00
      29608   1233.625      3.739      3.764    28.4492    28.4494   5.811953   5.812180     3.0659     2.5897      36.26   26.72982  -83.10018    0.00004    0.00064          8  0.000e+00
      29609   1233.667      3.732      3.757    28.4490    28.4497   5.811961   5.812260     3.0647     2.5897      36.26   26.72982  -83.10018    0.00001    0.00064          8  0.000e+00
      29610   1233.708      3.739      3.764    28.4490    28.4496   5.812009   5.812236     3.0647     2.5897      36.26   26.72982  -83.10018   -0.00002    0.00063          8  0.000e+00
      29611   1233.750      3.739      3.764    28.4488    28.4494   5.811985   5.812252     3.0659     2.5897      36.26   26.72982  -83.10018   -0.00001    0.00062          8  0.000e+00
      29612   1233.792      3.786      3.811    28.4488    28.4496   5.811977   5.812228     3.0659     2.5885      36.26   26.72982  -83.10016   -0.00003    0.00059          8  0.000e+00
      29613   1233.833      3.786      3.811    28.4486    28.4495   5.811977   5.812196     3.0659     2.5897      36.29   26.72982  -83.10016   -0.00004    0.00058          8  0.000e+00
      29614   1233.875      3.834      3.859    28.4486    28.4496   5.811977   5.812212     3.0659     2.5885      36.26   26.72982  -83.10016   -0.00005    0.00057          8  0.000e+00
      29615   1233.917      3.786      3.811    28.4488    28.4496   5.811977   5.812284     3.0659     2.5885      36.29   26.72982  -83.10016   -0.00007    0.00054          8  0.000e+00
      29616   1233.958      3.834      3.859    28.4488    28.4497   5.811977   5.812292     3.0647     2.5885      36.29   26.72982  -83.10016   -0.00010    0.00052          8  0.000e+00
      29617   1234.000      3.833      3.859    28.4486    28.4498   5.811938   5.812268     3.0659     2.5885      36.26   26.72982  -83.10016   -0.00011    0.00051          8  0.000e+00
      29618   1234.042      3.833      3.859    28.4488    28.4496   5.811961   5.812268     3.0647     2.5885      36.26   26.72982  -83.10016   -0.00014    0.00049          8  0.000e+00
      29619   1234.083      3.833      3.859    28.4486    28.4497   5.811938   5.812284     3.0659     2.5885      36.26   26.72982  -83.10016   -0.00015    0.00048          8  0.000e+00
      29620   1234.125      3.888      3.913    28.4490    28.4498   5.811961   5.812268     3.0659     2.5885      36.26   26.72982  -83.10016   -0.00016    0.00046          8  0.000e+00
      29621   1234.167      3.935      3.961    28.4486    28.4498   5.811977   5.812228     3.0659     2.5885      36.29   26.72982  -83.10016   -0.00019    0.00046          8  0.000e+00
      29622   1234.208      3.887      3.913    28.4484    28.4496   5.811938   5.812252     3.0659     2.5885      36.26   26.72982  -83.10016   -0.00021    0.00044          8  0.000e+00
      29623   1234.250      3.935      3.961    28.4483    28.4495   5.811961   5.812244     3.0659     2.5885      36.29   26.72982  -83.10016   -0.00022    0.00044          8  0.000e+00
      29624   1234.292      3.935      3.961    28.4483    28.4496   5.811977   5.812220     3.0659     2.5885      36.29   26.72982  -83.10016   -0.00023    0.00044          8  0.000e+00
      29625   1234.333      3.935      3.961    28.4484    28.4496   5.811977   5.812220     3.0659     2.5885      36.26   26.72982  -83.10016   -0.00024    0.00044          8  0.000e+00
      29626   1234.375      3.982      4.008    28.4484    28.4495   5.811977   5.812268     3.0659     2.5897      36.29   26.72982  -83.10016   -0.00026    0.00045          8  0.000e+00
      29627   1234.417      3.982      4.008    28.4483    28.4494   5.811906   5.812268     3.0672     2.5897      36.29   26.72982  -83.10016   -0.00025    0.00047          8  0.000e+00
      29628   1234.458      4.036      4.063    28.4484    28.4496   5.811914   5.812228     3.0659     2.5897      36.29   26.72982  -83.10016   -0.00027    0.00048          8  0.000e+00
      29629   1234.500      3.982      4.008    28.4483    28.4496   5.811930   5.812236     3.0672     2.5897      36.29   26.72982  -83.10016   -0.00024    0.00050          8  0.000e+00
      29630   1234.542      3.982      4.008    28.4483    28.4495   5.811930   5.812220     3.0672     2.5897      36.29   26.72982  -83.10016   -0.00024    0.00051          8  0.000e+00
      29631   1234.583      4.036      4.063    28.4483    28.4494   5.811962   5.812252     3.0672     2.5897      36.29   26.72982  -83.10016   -0.00023    0.00052          8  0.000e+00
      29632   1234.625      4.036      4.063    28.4479    28.4493   5.811906   5.812228     3.0672     2.5897      36.29   26.72982  -83.10016   -0.00023    0.00053          8  0.000e+00
      29633   1234.667      4.083      4.110    28.4475    28.4494   5.811914   5.812236     3.0672     2.5910      36.31   26.72982  -83.10016   -0.00023    0.00056          8  0.000e+00
      29634   1234.708      4.077      4.104    28.4475    28.4494   5.811962   5.812188     3.0684     2.5897      36.31   26.72982  -83.10016   -0.00021    0.00057          8  0.000e+00
      29635   1234.750      4.083      4.110    28.4479    28.4493   5.811867   5.812204     3.0672     2.5897      36.29   26.72982  -83.10016   -0.00021    0.00058          8  0.000e+00
      29636   1234.792      4.083      4.110    28.4477    28.4494   5.811867   5.812196     3.0672     2.5897      36.31   26.72982  -83.10018   -0.00020    0.00060          8  0.000e+00
      29637   1234.833      4.036      4.063    28.4479    28.4494   5.811914   5.812172     3.0684     2.5897      36.29   26.72982  -83.10018   -0.00018    0.00063          8  0.000e+00
      29638   1234.875      4.131      4.158    28.4475    28.4493   5.811930   5.812244     3.0684     2.5897      36.31   26.72982  -83.10018   -0.00017    0.00066          8  0.000e+00
      29639   1234.917      4.083      4.110    28.4481    28.4493   5.811883   5.812172     3.0684     2.5897      36.29   26.72982  -83.10018   -0.00015    0.00068          8  0.000e+00
      29640   1234.958      4.083      4.110    28.4481    28.4496   5.811875   5.812196     3.0684     2.5897      36.29   26.72982  -83.10018   -0.00013    0.00070          8  0.000e+00
      29641   1235.000      4.131      4.158    28.4477    28.4495   5.811883   5.812252     3.0672     2.5897      36.29   26.72982  -83.10018   -0.00011    0.00073          8  0.000e+00
      29642   1235.042      4.083      4.110    28.4479    28.4494   5.811914   5.812228     3.0672     2.5910      36.29   26.72982  -83.10018   -0.00010    0.00077          8  0.000e+00
      29643   1235.083      4.131      4.158    28.4479    28.4494   5.811930   5.812164     3.0672     2.5897      36.29   26.72982  -83.10018   -0.00010    0.00078          8  0.000e+00
      29644   1235.125      4.131      4.158    28.4479    28.4495   5.811891   5.812236     3.0684     2.5897      36.29   26.72982  -83.10018   -0.00008    0.00078          8  0.000e+00
      29645   1235.167      4.131      4.158    28.4473    28.4493   5.811954   5.812228     3.0684     2.5897      36.29   26.72982  -83.10018   -0.00007    0.00078          8  0.000e+00
      29646   1235.208      4.083      4.110    28.4477    28.4490   5.811906   5.812196     3.0684     2.5910      36.29   26.72982  -83.10018   -0.00005    0.00080          8  0.000e+00
      29647   1235.250      4.130      4.158    28.4477    28.4494   5.811875   5.812212     3.0672     2.5897      36.29   26.72982  -83.10018   -0.00006    0.00081          8  0.000e+00
      29648   1235.292      4.083      4.110    28.4477    28.4494   5.811914   5.812220     3.0672     2.5910      36.29   26.72982  -83.10018   -0.00004    0.00083          8  0.000e+00
      29649   1235.333      4.083      4.110    28.4475    28.4494   5.811891   5.812196     3.0672     2.5897      36.29   26.72982  -83.10018   -0.00003    0.00083          8  0.000e+00
      29650   1235.375      4.130      4.158    28.4475    28.4494   5.811954   5.812244     3.0672     2.5897      36.29   26.72982  -83.10018   -0.00002    0.00083          8  0.000e+00
      29651   1235.417      4.083      4.110    28.4477    28.4494   5.811977   5.812228     3.0672     2.5910      36.31   26.72982  -83.10018   -0.00000    0.00084          8  0.000e+00
      29652   1235.458      4.076      4.103    28.4479    28.4494   5.811977   5.812196     3.0672     2.5897      36.31   26.72982  -83.10018   -0.00001    0.00084          8  0.000e+00
      29653   1235.500      4.083      4.110    28.4479    28.4494   5.811938   5.812244     3.0672     2.5910      36.31   26.72982  -83.10018    0.00001    0.00085          8  0.000e+00
      29654   1235.542      4.083      4.110    28.4483    28.4496   5.811962   5.812268     3.0672     2.5910      36.31   26.72982  -83.10018    0.00002    0.00087          8  0.000e+00
      29655   1235.583      4.083      4.110    28.4483    28.4495   5.811977   5.812228     3.0672     2.5910      36.31   26.72982  -83.10018    0.00003    0.00090          8  0.000e+00
      29656   1235.625      4.036      4.062    28.4481    28.4496   5.811977   5.812268     3.0672     2.5910      36.31   26.72982  -83.10018    0.00005    0.00093          8  0.000e+00
      29657   1235.667      4.036      4.062    28.4479    28.4496   5.811906   5.812268     3.0672     2.5910      36.31   26.72982  -83.10018    0.00006    0.00094          8  0.000e+00
      29658   1235.708      4.036      4.062    28.4479    28.4495   5.811954   5.812292     3.0672     2.5910      36.31   26.72982  -83.10018    0.00007    0.00095          8  0.000e+00
      29659   1235.750      4.036      4.062    28.4479    28.4496   5.812009   5.812260     3.0672     2.5897      36.31   26.72982  -83.10018    0.00009    0.00094          8  0.000e+00
      29660   1235.792      4.036      4.062    28.4484    28.4496   5.812025   5.812260     3.0672     2.5910      36.31   26.72982  -83.10018    0.00010    0.00095          8  0.000e+00
      29661   1235.833      3.981      4.008    28.4486    28.4498   5.812025   5.812292     3.0659     2.5897      36.31   26.72982  -83.10018    0.00010    0.00094          8  0.000e+00
      29662   1235.875      3.934      3.960    28.4486    28.4497   5.812025   5.812292     3.0659     2.5897      36.34   26.72982  -83.10018    0.00009    0.00093          8  0.000e+00
      29663   1235.917      3.981      4.008    28.4488    28.4498   5.812025   5.812268     3.0672     2.5897      36.31   26.72982  -83.10018    0.00011    0.00092          8  0.000e+00
      29664   1235.958      3.934      3.960    28.4486    28.4500   5.811985   5.812292     3.0659     2.5897      36.31   26.72982  -83.10018    0.00012    0.00090          8  0.000e+00
      29665   1236.000      3.934      3.960    28.4486    28.4499   5.811977   5.812276     3.0659     2.5897      36.31   26.72982  -83.10018    0.00012    0.00089          8  0.000e+00
      29666   1236.042      3.934      3.960    28.4486    28.4500   5.812009   5.812284     3.0672     2.5897      36.34   26.72982  -83.10018    0.00013    0.00088          8  0.000e+00
      29667   1236.083      3.887      3.912    28.4488    28.4500   5.811985   5.812268     3.0672     2.5897      36.31   26.72982  -83.10018    0.00015    0.00086          8  0.000e+00
      29668   1236.125      3.887      3.912    28.4493    28.4503   5.812048   5.812268     3.0659     2.5897      36.31   26.72982  -83.10018    0.00015    0.00085          8  0.000e+00
      29669   1236.167      3.880      3.905    28.4490    28.4501   5.812072   5.812316     3.0672     2.5897      36.34   26.72982  -83.10018    0.00016    0.00085          8  0.000e+00
      29670   1236.208      3.887      3.912    28.4492    28.4501   5.812033   5.812316     3.0672     2.5897      36.31   26.72982  -83.10018    0.00018    0.00085          8  0.000e+00
      29671   1236.250      3.832      3.858    28.4495    28.4505   5.812096   5.812308     3.0672     2.5897      36.31   26.72982  -83.10018    0.00019    0.00085          8  0.000e+00
      29672   1236.292      3.832      3.858    28.4499    28.4506   5.812080   5.812332     3.0672     2.5897      36.31   26.72982  -83.10018    0.00021    0.00083          8  0.000e+00
      29673   1236.333      3.785      3.810    28.4499    28.4505   5.812072   5.812316     3.0672     2.5897      36.31   26.72982  -83.10018    0.00022    0.00082          8  0.000e+00
      29674   1236.375      3.785      3.810    28.4497    28.4505   5.812104   5.812308     3.0672     2.5897      36.34   26.72982  -83.10018    0.00024    0.00080          8  0.000e+00
      29675   1236.417      3.785      3.810    28.4493    28.4505   5.812048   5.812340     3.0672     2.5897      36.31   26.72982  -83.10018    0.00025    0.00078          8  0.000e+00
      29676   1236.458      3.738      3.762    28.4490    28.4501   5.811985   5.812308     3.0684     2.5897      36.34   26.72982  -83.10018    0.00029    0.00076          8  0.000e+00
      29677   1236.500      3.731      3.755    28.4490    28.4501   5.812009   5.812340     3.0672     2.5897      36.36   26.72982  -83.10018    0.00030    0.00072          8  0.000e+00
      29678   1236.542      3.690      3.715    28.4488    28.4504   5.812025   5.812316     3.0672     2.5897      36.39   26.72982  -83.10018    0.00032    0.00068          8  0.000e+00
      29679   1236.583      3.690      3.714    28.4488    28.4503   5.811985   5.812292     3.0684     2.5897      36.39   26.72982  -83.10018    0.00035    0.00064          8  0.000e+00
      29680   1236.625      3.690      3.714    28.4493    28.4501   5.812009   5.812340     3.0672     2.5897      36.39   26.72982  -83.10018    0.00036    0.00060          8  0.000e+00
      29681   1236.667      3.636      3.660    28.4492    28.4500   5.812024   5.812252     3.0684     2.5897      36.36   26.72982  -83.10018    0.00040    0.00056          8  0.000e+00
      29682   1236.708      3.589      3.612    28.4486    28.4501   5.811953   5.812236     3.0672     2.5897      36.36   26.72982  -83.10018    0.00041    0.00052          8  0.000e+00
