Gulf of Mexico/GOMECC-4/1db/rb2103_0091.ros
* Sea-Bird SBE 9 Data File:
* FileName = C:\Users\scs.user.rb\CTD\GOMECC4\data\rb2103_0091.hex
* Software Version Seasave V 7.26.7.107
* Temperature SN = 4799
* Conductivity SN = 3860
* Number of Bytes Per Scan = 41
* Number of Voltage Words = 4
* Number of Scans Averaged by the Deck Unit = 1
* NMEA Latitude = 26 00.03 N
* NMEA Longitude = 085 59.98 W
* NMEA UTC (Time) = Sep 17 2021  12:33:51
* NMEA baud rate = 4800
# nquan = 17
# nvalues = 3192                                  
# units = specified
# name 0 = scan: Scan Count
# name 1 = timeS: Time, Elapsed [seconds]
# name 2 = depSM: Depth [salt water, m]
# name 3 = prDM: Pressure, Digiquartz [db]
# name 4 = t090C: Temperature [ITS-90, deg C]
# name 5 = t190C: Temperature, 2 [ITS-90, deg C]
# name 6 = c0S/m: Conductivity [S/m]
# name 7 = c1S/m: Conductivity, 2 [S/m]
# name 8 = sbeox0V: Oxygen raw, SBE 43 [V]
# name 9 = sbeox1V: Oxygen raw, SBE 43, 2 [V]
# name 10 = altM: Altimeter [m]
# name 11 = latitude: Latitude [deg]
# name 12 = longitude: Longitude [deg]
# name 13 = sbox0dV/dT: Oxygen, SBE 43 [dov/dt]
# name 14 = sbox1dV/dT: Oxygen, SBE 43, 2 [dov/dt]
# name 15 = nbf: Bottles Fired
# name 16 = flag:  0.000e+00
# interval = seconds: 0.0416667
# start_time = Sep 17 2021 12:33:51 [NMEA time, header]
# bad_flag = -9.990e-29
*END*
[from data line 3064]
     239252   9968.792      4.213      4.240    28.9666    28.9684   5.863213   5.863537     3.1319     2.6618     100.00   25.98996  -85.99608   -0.00017   -0.00065         24  0.000e+00
     239253   9968.833      4.213      4.240    28.9664    28.9682   5.863237   5.863488     3.1319     2.6642     100.00   25.98996  -85.99608   -0.00016   -0.00064         24  0.000e+00
     239254   9968.875      4.145      4.172    28.9666    28.9684   5.863213   5.863488     3.1319     2.6630     100.00   25.98996  -85.99608   -0.00016   -0.00066         24  0.000e+00
     239255   9968.917      4.213      4.240    28.9664    28.9679   5.863205   5.863561     3.1319     2.6630     100.00   25.98996  -85.99608   -0.00016   -0.00065         24  0.000e+00
     239256   9968.958      4.160      4.187    28.9666    28.9679   5.863237   5.863488     3.1331     2.6642     100.00   25.98996  -85.99608   -0.00012   -0.00063         24  0.000e+00
     239257   9969.000      4.145      4.172    28.9668    28.9679   5.863253   5.863480     3.1331     2.6654      94.95   25.98996  -85.99608   -0.00008   -0.00059         24  0.000e+00
     239258   9969.042      4.099      4.126    28.9666    28.9682   5.863253   5.863561     3.1319     2.6630      77.78   25.98996  -85.99608   -0.00006   -0.00057         24  0.000e+00
     239259   9969.083      4.213      4.240    28.9668    28.9686   5.863237   5.863513     3.1331     2.6630      70.96   25.98996  -85.99608   -0.00003   -0.00055         24  0.000e+00
     239260   9969.125      4.160      4.187    28.9664    28.9688   5.863166   5.863537     3.1331     2.6654      70.82   25.98996  -85.99608    0.00001   -0.00049         24  0.000e+00
     239261   9969.167      4.092      4.118    28.9659    28.9686   5.863150   5.863609     3.1331     2.6654      71.67   25.98996  -85.99608    0.00006   -0.00044         24  0.000e+00
     239262   9969.208      4.160      4.187    28.9655    28.9690   5.863110   5.863561     3.1319     2.6642      71.99   25.98996  -85.99608    0.00009   -0.00037         24  0.000e+00
     239263   9969.250      4.099      4.126    28.9655    28.9684   5.863062   5.863569     3.1319     2.6654      71.99   25.98996  -85.99608    0.00013   -0.00031         24  0.000e+00
     239264   9969.292      4.092      4.118    28.9657    28.9679   5.863055   5.863456     3.1331     2.6654      71.94   25.98996  -85.99608    0.00018   -0.00026         24  0.000e+00
     239265   9969.333      4.099      4.126    28.9651    28.9677   5.863015   5.863392     3.1319     2.6679      71.92   25.98996  -85.99608    0.00021   -0.00013         24  0.000e+00
     239266   9969.375      4.099      4.126    28.9649    28.9673   5.863007   5.863392     3.1331     2.6667      71.92   25.98996  -85.99608    0.00026   -0.00003         24  0.000e+00
     239267   9969.417      4.046      4.073    28.9649    28.9670   5.863039   5.863352     3.1319     2.6654      71.92   25.98996  -85.99608    0.00030    0.00006         24  0.000e+00
     239268   9969.458      4.091      4.118    28.9653    28.9671   5.863055   5.863360     3.1319     2.6667      71.92   25.98996  -85.99608    0.00031    0.00016         24  0.000e+00
     239269   9969.500      4.046      4.073    28.9655    28.9671   5.863015   5.863344     3.1319     2.6679      71.92   25.98996  -85.99608    0.00033    0.00027         24  0.000e+00
     239270   9969.542      4.046      4.073    28.9651    28.9671   5.863039   5.863344     3.1319     2.6667      71.94   25.98996  -85.99608    0.00034    0.00034         24  0.000e+00
     239271   9969.583      4.046      4.073    28.9653    28.9664   5.863015   5.863288     3.1319     2.6679      71.92   25.98996  -85.99608    0.00036    0.00044         24  0.000e+00
     239272   9969.625      4.031      4.057    28.9653    28.9662   5.863078   5.863247     3.1306     2.6679      71.92   25.98996  -85.99608    0.00035    0.00056         24  0.000e+00
     239273   9969.667      3.986      4.012    28.9655    28.9660   5.863086   5.863215     3.1306     2.6679      71.92   25.98996  -85.99608    0.00035    0.00066         24  0.000e+00
     239274   9969.708      3.933      3.958    28.9655    28.9658   5.863094   5.863207     3.1306     2.6679      71.92   25.98996  -85.99608    0.00035    0.00072         24  0.000e+00
     239275   9969.750      3.978      4.004    28.9659    28.9657   5.863102   5.863183     3.1306     2.6679      71.94   25.98996  -85.99608    0.00034    0.00082         24  0.000e+00
     239276   9969.792      3.986      4.012    28.9659    28.9656   5.863102   5.863159     3.1294     2.6691      71.94   25.98996  -85.99608    0.00032    0.00093         24  0.000e+00
     239277   9969.833      3.880      3.905    28.9660    28.9658   5.863062   5.863191     3.1294     2.6691      71.92   25.98996  -85.99608    0.00030    0.00103         24  0.000e+00
     239278   9969.875      3.933      3.958    28.9660    28.9660   5.863086   5.863207     3.1294     2.6691      71.92   25.98996  -85.99608    0.00028    0.00116         24  0.000e+00
     239279   9969.917      3.925      3.951    28.9662    28.9658   5.863134   5.863183     3.1294     2.6691      71.92   25.98996  -85.99608    0.00026    0.00125         24  0.000e+00
     239280   9969.958      3.880      3.905    28.9662    28.9653   5.863189   5.863199     3.1294     2.6703      75.31   25.98996  -85.99608    0.00025    0.00136         24  0.000e+00
     239281   9970.000      3.880      3.905    28.9664    28.9655   5.863157   5.863231     3.1294     2.6703      92.80   25.98996  -85.99608    0.00023    0.00148         24  0.000e+00
     239282   9970.042      3.880      3.905    28.9662    28.9654   5.863150   5.863191     3.1294     2.6691     100.00   25.98996  -85.99608    0.00021    0.00155         24  0.000e+00
     239283   9970.083      3.812      3.837    28.9664    28.9657   5.863189   5.863199     3.1294     2.6703     100.00   25.98996  -85.99608    0.00019    0.00165         24  0.000e+00
     239284   9970.125      3.819      3.844    28.9662    28.9655   5.863205   5.863167     3.1294     2.6703     100.00   25.98996  -85.99608    0.00017    0.00173         24  0.000e+00
     239285   9970.167      3.819      3.844    28.9666    28.9656   5.863205   5.863159     3.1294     2.6703     100.00   25.98996  -85.99608    0.00015    0.00183         24  0.000e+00
     239286   9970.208      3.766      3.791    28.9666    28.9653   5.863237   5.863207     3.1294     2.6703     100.00   25.98996  -85.99608    0.00016    0.00191         24  0.000e+00
     239287   9970.250      3.812      3.837    28.9666    28.9655   5.863237   5.863175     3.1294     2.6703     100.00   25.98996  -85.99608    0.00016    0.00198         24  0.000e+00
     239288   9970.292      3.706      3.730    28.9664    28.9656   5.863213   5.863159     3.1294     2.6703     100.00   25.98996  -85.99608    0.00014    0.00205         24  0.000e+00
     239289   9970.333      3.766      3.791    28.9662    28.9655   5.863157   5.863191     3.1306     2.6703     100.00   25.98996  -85.99608    0.00016    0.00212         24  0.000e+00
     239290   9970.375      3.751      3.776    28.9659    28.9654   5.863149   5.863143     3.1306     2.6703     100.00   25.98996  -85.99608    0.00018    0.00219         24  0.000e+00
     239291   9970.417      3.766      3.791    28.9657    28.9658   5.863110   5.863183     3.1294     2.6703     100.00   25.98996  -85.99608    0.00018    0.00225         24  0.000e+00
     239292   9970.458      3.653      3.677    28.9659    28.9658   5.863102   5.863207     3.1294     2.6703     100.00   25.98996  -85.99608    0.00019    0.00232         24  0.000e+00
     239293   9970.500      3.653      3.677    28.9659    28.9658   5.863134   5.863207     3.1306     2.6703     100.00   25.98996  -85.99608    0.00019    0.00239         24  0.000e+00
     239294   9970.542      3.698      3.722    28.9660    28.9657   5.863110   5.863183     3.1306     2.6703     100.00   25.98996  -85.99608    0.00020    0.00247         24  0.000e+00
     239295   9970.583      3.653      3.677    28.9657    28.9657   5.863102   5.863159     3.1306     2.6703     100.00   25.98996  -85.99608    0.00020    0.00254         24  0.000e+00
     239296   9970.625      3.653      3.677    28.9655    28.9658   5.863102   5.863191     3.1294     2.6691     100.00   25.98996  -85.99608    0.00021    0.00260         24  0.000e+00
     239297   9970.667      3.592      3.616    28.9655    28.9658   5.863102   5.863215     3.1306     2.6703     100.00   25.98996  -85.99608    0.00021    0.00267         24  0.000e+00
     239298   9970.708      3.698      3.722    28.9655    28.9657   5.863062   5.863175     3.1306     2.6703     100.00   25.98996  -85.99608    0.00022    0.00273         24  0.000e+00
     239299   9970.750      3.592      3.616    28.9653    28.9656   5.863086   5.863159     3.1306     2.6691     100.00   25.98996  -85.99608    0.00022    0.00278         24  0.000e+00
     239300   9970.792      3.592      3.616    28.9655    28.9657   5.863134   5.863191     3.1319     2.6703     100.00   25.98996  -85.99608    0.00024    0.00285         24  0.000e+00
     239301   9970.833      3.539      3.562    28.9655    28.9657   5.863102   5.863183     3.1306     2.6691     100.00   25.98996  -85.99608    0.00025    0.00289         24  0.000e+00
     239302   9970.875      3.645      3.669    28.9655    28.9656   5.863094   5.863127     3.1306     2.6691     100.00   25.98996  -85.99608    0.00027    0.00293         24  0.000e+00
     239303   9970.917      3.592      3.616    28.9657    28.9655   5.863102   5.863143     3.1306     2.6691     100.00   25.98996  -85.99608    0.00027    0.00297         24  0.000e+00
     239304   9970.958      3.539      3.562    28.9653    28.9654   5.863102   5.863159     3.1306     2.6691     100.00   25.98996  -85.99608    0.00028    0.00301         24  0.000e+00
     239305   9971.000      3.584      3.608    28.9655    28.9657   5.863062   5.863135     3.1319     2.6691     100.00   25.98996  -85.99608    0.00030    0.00305         24  0.000e+00
     239306   9971.042      3.539      3.562    28.9653    28.9653   5.863126   5.863151     3.1306     2.6679     100.00   25.98996  -85.99608    0.00029    0.00307         24  0.000e+00
     239307   9971.083      3.539      3.562    28.9653    28.9654   5.863149   5.863118     3.1306     2.6679     100.00   25.98996  -85.99608    0.00029    0.00308         24  0.000e+00
     239308   9971.125      3.592      3.615    28.9655    28.9655   5.863110   5.863183     3.1306     2.6679     100.00   25.98996  -85.99608    0.00028    0.00308         24  0.000e+00
     239309   9971.167      3.531      3.555    28.9653    28.9653   5.863173   5.863143     3.1306     2.6679     100.00   25.98996  -85.99608    0.00027    0.00308         24  0.000e+00
     239310   9971.208      3.539      3.562    28.9655    28.9654   5.863126   5.863110     3.1306     2.6679     100.00   25.98996  -85.99608    0.00025    0.00307         24  0.000e+00
     239311   9971.250      3.539      3.562    28.9657    28.9657   5.863102   5.863183     3.1294     2.6667     100.00   25.98996  -85.99608    0.00022    0.00303         24  0.000e+00
     239312   9971.292      3.539      3.562    28.9657    28.9655   5.863134   5.863143     3.1294     2.6679     100.00   25.98996  -85.99608    0.00019    0.00300         24  0.000e+00
     239313   9971.333      3.584      3.608    28.9657    28.9656   5.863149   5.863151     3.1306     2.6654     100.00   25.98996  -85.99608    0.00015    0.00292         24  0.000e+00
     239314   9971.375      3.486      3.509    28.9657    28.9653   5.863149   5.863086     3.1306     2.6642     100.00   25.98996  -85.99608    0.00012    0.00282         24  0.000e+00
     239315   9971.417      3.539      3.562    28.9655    28.9647   5.863102   5.862990     3.1306     2.6654     100.00   25.98996  -85.99608    0.00009    0.00273         24  0.000e+00
     239316   9971.458      3.539      3.562    28.9657    28.9643   5.863094   5.862902     3.1294     2.6642     100.00   25.98996  -85.99608    0.00005    0.00263         24  0.000e+00
     239317   9971.500      3.584      3.608    28.9655    28.9640   5.863102   5.862869     3.1306     2.6654     100.00   25.98996  -85.99608    0.00002    0.00254         24  0.000e+00
     239318   9971.542      3.539      3.562    28.9655    28.9638   5.863102   5.862869     3.1306     2.6654     100.00   25.98996  -85.99608   -0.00002    0.00245         24  0.000e+00
     239319   9971.583      3.539      3.562    28.9657    28.9640   5.863102   5.862974     3.1306     2.6654     100.00   25.98996  -85.99608   -0.00005    0.00236         24  0.000e+00
     239320   9971.625      3.592      3.615    28.9653    28.9642   5.863062   5.862918     3.1294     2.6642     100.00   25.98996  -85.99608   -0.00009    0.00226         24  0.000e+00
     239321   9971.667      3.584      3.608    28.9647    28.9641   5.862943   5.862910     3.1294     2.6618     100.00   25.98996  -85.99608   -0.00012    0.00213         24  0.000e+00
     239322   9971.708      3.592      3.615    28.9642    28.9644   5.862840   5.862918     3.1294     2.6642     100.00   25.98996  -85.99608   -0.00016    0.00204         24  0.000e+00
     239323   9971.750      3.539      3.562    28.9636    28.9642   5.862816   5.862926     3.1294     2.6642     100.00   25.98996  -85.99608   -0.00021    0.00194         24  0.000e+00
     239324   9971.792      3.584      3.607    28.9633    28.9643   5.862745   5.862845     3.1294     2.6618     100.00   25.98996  -85.99608   -0.00025    0.00181         24  0.000e+00
     239325   9971.833      3.539      3.562    28.9627    28.9636   5.862721   5.862781     3.1282     2.6642     100.00   25.98996  -85.99608   -0.00031    0.00171         24  0.000e+00
     239326   9971.875      3.652      3.676    28.9623    28.9632   5.862650   5.862805     3.1282     2.6630     100.00   25.98996  -85.99608   -0.00034    0.00162         24  0.000e+00
     239327   9971.917      3.539      3.562    28.9626    28.9629   5.862587   5.862725     3.1282     2.6630     100.00   25.98996  -85.99608   -0.00038    0.00152         24  0.000e+00
     239328   9971.958      3.644      3.668    28.9622    28.9627   5.862484   5.862717     3.1294     2.6642     100.00   25.98996  -85.99608   -0.00039    0.00142         24  0.000e+00
     239329   9972.000      3.652      3.676    28.9620    28.9630   5.862507   5.862757     3.1294     2.6630      98.12   25.98996  -85.99608   -0.00041    0.00130         24  0.000e+00
     239330   9972.042      3.591      3.615    28.9618    28.9627   5.862563   5.862709     3.1282     2.6630      86.91   25.98996  -85.99608   -0.00044    0.00118         24  0.000e+00
     239331   9972.083      3.705      3.729    28.9616    28.9618   5.862539   5.862604     3.1282     2.6630      81.64   25.98996  -85.99608   -0.00046    0.00108         24  0.000e+00
     239332   9972.125      3.644      3.668    28.9616    28.9604   5.862491   5.862508     3.1282     2.6630      81.25   25.98996  -85.99608   -0.00051    0.00096         24  0.000e+00
     239333   9972.167      3.652      3.676    28.9612    28.9592   5.862515   5.862339     3.1282     2.6630      81.81   25.98996  -85.99608   -0.00056    0.00084         24  0.000e+00
     239334   9972.208      3.705      3.729    28.9609    28.9590   5.862420   5.862267     3.1282     2.6618      82.05   25.98996  -85.99608   -0.00061    0.00071         24  0.000e+00
     239335   9972.250      3.652      3.676    28.9603    28.9593   5.862349   5.862315     3.1270     2.6618      82.08   25.98996  -85.99608   -0.00066    0.00058         24  0.000e+00
