Gulf of Mexico/GOMECC-4/1db/rb2103_0971.cnv
* Sea-Bird SBE 9 Data File:
* FileName = C:\Users\scs.user.rb\CTD\GOMECC4\data\rb2103_0971.hex
* Software Version Seasave V 7.26.7.107
* Temperature SN = 4799
* Conductivity SN = 3860
* Number of Bytes Per Scan = 41
* Number of Voltage Words = 4
* Number of Scans Averaged by the Deck Unit = 1
* NMEA Latitude = 22 58.24 N
* NMEA Longitude = 090 29.95 W
* NMEA UTC (Time) = Oct 11 2021  11:24:34
* NMEA baud rate = 4800
# nquan = 28
# nvalues = 378                         
# units = specified
# name 0 = scan: Scan Count
# name 1 = timeS: Time, Elapsed [seconds]
# name 2 = depSM: Depth [salt water, m]
# name 3 = prDM: Pressure, Digiquartz [db]
# name 4 = t090C: Temperature [ITS-90, deg C]
# name 5 = t190C: Temperature, 2 [ITS-90, deg C]
# name 6 = c0S/m: Conductivity [S/m]
# name 7 = c1S/m: Conductivity, 2 [S/m]
# name 8 = sbeox0V: Oxygen raw, SBE 43 [V]
# name 9 = sbeox1V: Oxygen raw, SBE 43, 2 [V]
# name 10 = altM: Altimeter [m]
# name 11 = latitude: Latitude [deg]
# name 12 = longitude: Longitude [deg]
# name 13 = sbox0dV/dT: Oxygen, SBE 43 [dov/dt]
# name 14 = sbox1dV/dT: Oxygen, SBE 43, 2 [dov/dt]
# name 15 = sbeox0ML/L: Oxygen, SBE 43 [ml/l], WS = 5
# name 16 = sbeox1ML/L: Oxygen, SBE 43, 2 [ml/l], WS = 5
# name 17 = potemp090C: Potential Temperature [ITS-90, deg C]
# name 18 = potemp190C: Potential Temperature, 2 [ITS-90, deg C]
# name 19 = sal00: Salinity, Practical [PSU]
# name 20 = sal11: Salinity, Practical, 2 [PSU]
# name 21 = sigma-é00: Density [sigma-theta, kg/m^3]
# name 22 = sigma-é11: Density, 2 [sigma-theta, kg/m^3]
# name 23 = avgsvCM: Average Sound Velocity [Chen-Millero, m/s], minP = 20, minS = 20
# name 24 = sbox0Mm/Kg: Oxygen, SBE 43 [umol/kg], WS = 5
# name 25 = sbox1Mm/Kg: Oxygen, SBE 43, 2 [umol/kg], WS = 5
# name 26 = nbin: number of scans per bin
# name 27 = flag: flag
# span 0 =      10013,      96171       
# span 1 =    417.172,   4007.087       
# span 2 =      1.987,    956.703       
# span 3 =      2.000,    965.000       
# span 4 =     5.4044,    29.6045       
# span 5 =     5.4058,    29.6050       
# span 6 =   3.418986,   5.977187       
# span 7 =   3.419085,   5.977574       
# span 8 =     1.5729,     3.1817       
# span 9 =     1.2755,     2.6965       
# span 10 =      10.44,     100.85      
# span 11 =   22.93249,   23.01417      
# span 12 =  -90.66408,  -90.34216      
# span 13 =   -0.03952,    0.03655      
# span 14 =   -0.03770,    0.03660      
# span 15 =     2.4251,     4.6490      
# span 16 =     2.4414,     4.6517      
# span 17 =     5.3206,    29.6035      
# span 18 =     5.3220,    29.6040      
# span 19 =    34.9142,    36.5412      
# span 20 =    34.9139,    36.5416      
# span 21 =    22.7651,    27.5801      
# span 22 =    22.7486,    27.5796      
# span 23 =       0.00,    1546.31      
# span 24 =    105.442,    202.691      
# span 25 =    106.151,    202.812      
# span 26 =         30,         73      
# span 27 = 0.0000e+00, 0.0000e+00      
# interval = decibars: 1                
# start_time = Oct 11 2021 11:24:34 [NMEA time, header]
# bad_flag = -9.990e-29
*END*
[from data line 363]
      83494   3478.882     45.705     46.000    28.9717    28.9717   5.939432   5.939528     3.1745     2.6906      94.49   22.97217  -90.49863   -0.00211    0.00003     4.4333     4.4203    28.9605    28.9606    36.4617    36.4620    23.1754    23.1755    1501.26    193.507    192.942         40 0.0000e+00
      83587   3482.755     44.712     45.000    29.1374    29.1962   5.955686   5.963219     3.1707     2.6814      94.12   22.97216  -90.49864   -0.00029   -0.00150     4.4133     4.3852    29.1265    29.1852    36.4480    36.4552    23.1092    23.0949    1501.26    192.646    191.423         42 0.0000e+00
      83672   3486.295     43.718     44.000    29.2409    29.2412   5.971092   5.971084     3.1574     2.6709      84.28   22.97216  -90.49864   -0.00388   -0.00212     4.3801     4.3600    29.2301    29.2305    36.4766    36.4755    23.0958    23.0948    1501.26    191.201    190.323         64 0.0000e+00
      83766   3490.220     42.723     43.000    29.2652    29.2657   5.973878   5.974141     3.1545     2.6692      98.17   22.97216  -90.49864   -0.00030   -0.00044     4.3726     4.3542    29.2547    29.2552    36.4770    36.4782    23.0877    23.0885    1501.26    190.876    190.070         32 0.0000e+00
      83851   3493.757     41.713     42.000    29.2465    29.2506   5.968590   5.969490     3.1551     2.6698     100.00   22.97217  -90.49863    0.00069    0.00036     4.3741     4.3564    29.2374    29.2403    36.4549    36.4586    23.0770    23.0788    1501.26    190.939    190.168         34 0.0000e+00
      83957   3498.170     40.743     41.000    29.2211    29.2265   5.961538   5.963342     3.1592     2.6774     100.00   22.97218  -90.49862    0.00068    0.00125     4.3850     4.3736    29.2108    29.2165    36.4259    36.4341    23.0642    23.0684    1501.26    191.421    190.919         40 0.0000e+00
      84162   3506.699     39.744     40.000    29.2469    29.2418   5.961590   5.961626     3.1622     2.6777     100.00   22.97218  -90.49862    0.00089    0.00089     4.3880     4.3729    29.2372    29.2321    36.4069    36.4110    23.0410    23.0458    1501.26    191.553    190.894         61 0.0000e+00
      92169   3840.353      8.943      9.000    29.5704    29.5497   5.963333   5.963567     3.1449     2.6532      99.83   22.93249  -90.34216   -0.00015   -0.00223     4.3237     4.2887    29.5682    29.5475    36.1962    36.1704    22.7651    22.7486    1498.66    188.793    187.268         47 0.0000e+00
      92378   3849.028      7.949      8.000    29.5992    29.6013   5.973430   5.973691     3.1506     2.6648     100.00   22.97220  -90.49860    0.00065   -0.00120     4.3279     4.3095    29.5973    29.5993    36.2311    36.2313    22.7870    22.7865    1501.26    188.980    188.173         50 0.0000e+00
      92424   3850.973      6.956      7.000    29.6011    29.6036   5.973457   5.973746     3.1475     2.6660     100.00   22.97220  -90.49860   -0.00090    0.00242     4.3218     4.3112    29.5994    29.6019    36.2301    36.2302    22.7856    22.7848    1501.26    188.711    188.250         45 0.0000e+00
      92472   3852.938      5.962      6.000    29.6021    29.6041   5.973414   5.973641     3.1458     2.6659     100.00   22.97220  -90.49860   -0.00126    0.00019     4.3182     4.3105    29.6006    29.6026    36.2294    36.2294    22.7846    22.7839    1501.26    188.554    188.218         48 0.0000e+00
      92519   3854.914      4.968      5.000    29.6034    29.6043   5.973375   5.973629     3.1494     2.6642      94.00   22.97222  -90.49860    0.00065   -0.00039     4.3240     4.3066    29.6022    29.6031    36.2284    36.2295    22.7833    22.7838    1501.26    188.809    188.050         46 0.0000e+00
      92601   3858.319      3.975      4.000    29.6045    29.6050   5.973433   5.973691     3.1486     2.6655      73.75   22.97222  -90.49860    0.00068   -0.00023     4.3220     4.3087    29.6035    29.6040    36.2283    36.2297    22.7828    22.7837    1501.26    188.723    188.140         42 0.0000e+00
      95430   3976.208      2.981      3.000    29.6022    29.6029   5.973029   5.973243     3.1479     2.6680      88.55   22.97230  -90.49855    0.00043   -0.00019     4.3204     4.3132    29.6015    29.6021    36.2275    36.2285    22.7829    22.7834    1501.26    188.652    188.338         38 0.0000e+00
      96171   4007.087      1.987      2.000    29.6018    29.6000   5.972875   5.972764     3.1494     2.6710     100.68   22.97232  -90.49854    0.00015    0.00109     4.3226     4.3189    29.6013    29.5995    36.2271    36.2277    22.7826    22.7837    1501.26    188.747    188.586         50 0.0000e+00
