Gulf of Mexico/GOMECC-4/1db/rb2103_1201.ros
* Sea-Bird SBE 9 Data File:
* FileName = C:\Users\scs.user.rb\CTD\GOMECC4\data\rb2103_1201.hex
* Software Version Seasave V 7.26.7.107
* Temperature SN = 4799
* Conductivity SN = 3860
* Number of Bytes Per Scan = 41
* Number of Voltage Words = 4
* Number of Scans Averaged by the Deck Unit = 1
* NMEA Latitude = 21 40.66 N
* NMEA Longitude = 085 53.83 W
* NMEA UTC (Time) = Oct 16 2021  08:41:52
* NMEA baud rate = 4800
# nquan = 17
# nvalues = 2793                                  
# units = specified
# name 0 = scan: Scan Count
# name 1 = timeS: Time, Elapsed [seconds]
# name 2 = depSM: Depth [salt water, m]
# name 3 = prDM: Pressure, Digiquartz [db]
# name 4 = t090C: Temperature [ITS-90, deg C]
# name 5 = t190C: Temperature, 2 [ITS-90, deg C]
# name 6 = c0S/m: Conductivity [S/m]
# name 7 = c1S/m: Conductivity, 2 [S/m]
# name 8 = sbeox0V: Oxygen raw, SBE 43 [V]
# name 9 = sbeox1V: Oxygen raw, SBE 43, 2 [V]
# name 10 = altM: Altimeter [m]
# name 11 = latitude: Latitude [deg]
# name 12 = longitude: Longitude [deg]
# name 13 = sbox0dV/dT: Oxygen, SBE 43 [dov/dt]
# name 14 = sbox1dV/dT: Oxygen, SBE 43, 2 [dov/dt]
# name 15 = nbf: Bottles Fired
# name 16 = flag:  0.000e+00
# interval = seconds: 0.0416667
# start_time = Oct 16 2021 08:41:52 [NMEA time, header]
# bad_flag = -9.990e-29
*END*
[from data line 2383]
     146122   6088.375     34.488     34.707    30.0674    30.0697   6.027680   6.028098     3.1563     2.6618     100.00   21.68858  -85.89982    0.00052    0.00000         18  0.000e+00
     146123   6088.417     34.529     34.748    30.0674    30.0696   6.027696   6.028073     3.1575     2.6618     100.00   21.68858  -85.89982    0.00053   -0.00003         18  0.000e+00
     146124   6088.458     34.542     34.761    30.0674    30.0698   6.027688   6.028098     3.1563     2.6618     100.00   21.68858  -85.89982    0.00053   -0.00007         18  0.000e+00
     146125   6088.500     34.482     34.700    30.0676    30.0698   6.027704   6.028073     3.1563     2.6618     100.00   21.68858  -85.89982    0.00052   -0.00013         18  0.000e+00
     146126   6088.542     34.542     34.761    30.0674    30.0697   6.027712   6.028098     3.1563     2.6606     100.00   21.68858  -85.89982    0.00052   -0.00019         18  0.000e+00
     146127   6088.583     34.481     34.700    30.0674    30.0698   6.027591   6.028041     3.1563     2.6606     100.00   21.68858  -85.89982    0.00051   -0.00024         18  0.000e+00
     146128   6088.625     34.542     34.761    30.0672    30.0700   6.027688   6.028049     3.1575     2.6606     100.00   21.68858  -85.89982    0.00051   -0.00029         18  0.000e+00
     146129   6088.667     34.482     34.700    30.0674    30.0698   6.027640   6.028098     3.1563     2.6606     100.00   21.68858  -85.89982    0.00048   -0.00033         18  0.000e+00
     146130   6088.708     34.488     34.707    30.0672    30.0700   6.027648   6.028114     3.1563     2.6606     100.00   21.68858  -85.89982    0.00045   -0.00037         18  0.000e+00
     146131   6088.750     34.488     34.707    30.0674    30.0700   6.027640   6.028073     3.1575     2.6593     100.00   21.68858  -85.89982    0.00044   -0.00043         18  0.000e+00
     146132   6088.792     34.529     34.748    30.0672    30.0702   6.027656   6.028098     3.1563     2.6593     100.00   21.68858  -85.89982    0.00041   -0.00049         18  0.000e+00
     148184   6174.292     24.406     24.560    30.0676    30.0702   6.027321   6.027661     3.1600     2.6618     100.00   21.68886  -85.89982   -0.00060   -0.00218         19  0.000e+00
     148185   6174.333     25.001     25.159    30.0676    30.0700   6.027289   6.027694     3.1600     2.6618     100.00   21.68886  -85.89982   -0.00059   -0.00216         19  0.000e+00
     148186   6174.375     24.846     25.002    30.0674    30.0698   6.027305   6.027669     3.1600     2.6630     100.00   21.68886  -85.89982   -0.00059   -0.00215         19  0.000e+00
     148187   6174.417     24.852     25.009    30.0676    30.0700   6.027313   6.027661     3.1600     2.6630     100.00   21.68886  -85.89982   -0.00059   -0.00212         19  0.000e+00
     148188   6174.458     24.852     25.009    30.0674    30.0700   6.027265   6.027661     3.1587     2.6654     100.00   21.68886  -85.89982   -0.00059   -0.00203         19  0.000e+00
     148189   6174.500     24.852     25.009    30.0674    30.0698   6.027281   6.027661     3.1600     2.6654     100.00   21.68886  -85.89982   -0.00058   -0.00195         19  0.000e+00
     148190   6174.542     24.751     24.907    30.0672    30.0698   6.027265   6.027694     3.1600     2.6654     100.00   21.68886  -85.89982   -0.00056   -0.00186         19  0.000e+00
     148191   6174.583     24.852     25.009    30.0674    30.0698   6.027297   6.027669     3.1600     2.6654     100.00   21.68886  -85.89982   -0.00054   -0.00178         19  0.000e+00
     148192   6174.625     24.805     24.962    30.0672    30.0698   6.027289   6.027661     3.1587     2.6654     100.00   21.68886  -85.89982   -0.00056   -0.00169         19  0.000e+00
     148193   6174.667     24.852     25.009    30.0672    30.0698   6.027265   6.027661     3.1600     2.6654     100.00   21.68886  -85.89982   -0.00053   -0.00160         19  0.000e+00
     148194   6174.708     24.805     24.962    30.0672    30.0697   6.027257   6.027661     3.1600     2.6654     100.00   21.68886  -85.89982   -0.00051   -0.00150         19  0.000e+00
     148195   6174.750     24.798     24.955    30.0672    30.0697   6.027297   6.027661     3.1600     2.6630     100.00   21.68886  -85.89982   -0.00049   -0.00141         19  0.000e+00
     148196   6174.792     24.805     24.961    30.0674    30.0698   6.027289   6.027694     3.1600     2.6642     100.00   21.68886  -85.89982   -0.00047   -0.00134         19  0.000e+00
     148197   6174.833     24.805     24.961    30.0672    30.0697   6.027265   6.027637     3.1600     2.6654     100.00   21.68886  -85.89982   -0.00044   -0.00122         19  0.000e+00
     148198   6174.875     24.805     24.961    30.0672    30.0698   6.027297   6.027686     3.1600     2.6630     100.00   21.68886  -85.89982   -0.00042   -0.00115         19  0.000e+00
     148199   6174.917     24.798     24.955    30.0672    30.0698   6.027265   6.027637     3.1600     2.6630     100.00   21.68886  -85.89982   -0.00040   -0.00106         19  0.000e+00
     148200   6174.958     24.805     24.961    30.0670    30.0696   6.027281   6.027612     3.1600     2.6618     100.00   21.68886  -85.89982   -0.00037   -0.00099         19  0.000e+00
     148201   6175.000     24.751     24.907    30.0674    30.0697   6.027265   6.027645     3.1600     2.6618      81.00   21.68886  -85.89982   -0.00035   -0.00091         19  0.000e+00
     148202   6175.042     24.805     24.961    30.0670    30.0697   6.027297   6.027661     3.1600     2.6618      56.19   21.68886  -85.89982   -0.00032   -0.00083         19  0.000e+00
     148203   6175.083     24.798     24.955    30.0672    30.0698   6.027289   6.027694     3.1600     2.6618      50.23   21.68886  -85.89982   -0.00030   -0.00075         19  0.000e+00
     148204   6175.125     24.751     24.907    30.0672    30.0698   6.027305   6.027669     3.1600     2.6606      51.26   21.68886  -85.89982   -0.00027   -0.00069         19  0.000e+00
     148205   6175.167     24.805     24.961    30.0672    30.0697   6.027313   6.027621     3.1612     2.6606      52.26   21.68886  -85.89982   -0.00023   -0.00062         19  0.000e+00
     148206   6175.208     24.751     24.907    30.0672    30.0698   6.027265   6.027629     3.1612     2.6606      52.48   21.68886  -85.89982   -0.00019   -0.00057         19  0.000e+00
     148207   6175.250     24.751     24.907    30.0672    30.0694   6.027281   6.027653     3.1612     2.6606      52.43   21.68886  -85.89982   -0.00014   -0.00050         19  0.000e+00
     148208   6175.292     24.751     24.907    30.0672    30.0696   6.027305   6.027620     3.1612     2.6606      52.36   21.68886  -85.89982   -0.00012   -0.00043         19  0.000e+00
     148209   6175.333     24.751     24.907    30.0672    30.0697   6.027313   6.027645     3.1612     2.6606      52.36   21.68886  -85.89982   -0.00009   -0.00039         19  0.000e+00
     148210   6175.375     24.751     24.907    30.0674    30.0697   6.027217   6.027661     3.1624     2.6618      52.36   21.68886  -85.89982   -0.00003   -0.00034         19  0.000e+00
     148211   6175.417     24.751     24.907    30.0672    30.0694   6.027201   6.027620     3.1612     2.6618      52.38   21.68886  -85.89982    0.00001   -0.00024         19  0.000e+00
     148212   6175.458     24.751     24.907    30.0672    30.0696   6.027321   6.027645     3.1612     2.6630      52.38   21.68886  -85.89982    0.00003   -0.00015         19  0.000e+00
     148213   6175.500     24.703     24.859    30.0672    30.0694   6.027321   6.027694     3.1624     2.6630      52.36   21.68886  -85.89982    0.00007   -0.00007         19  0.000e+00
     148214   6175.542     24.751     24.907    30.0674    30.0694   6.027289   6.027637     3.1612     2.6630      52.36   21.68886  -85.89982    0.00012    0.00001         19  0.000e+00
     148215   6175.583     24.751     24.907    30.0676    30.0694   6.027337   6.027572     3.1612     2.6642      52.38   21.68886  -85.89982    0.00014    0.00009         19  0.000e+00
     148216   6175.625     24.696     24.852    30.0674    30.0694   6.027281   6.027596     3.1624     2.6618      52.36   21.68886  -85.89982    0.00018    0.00012         19  0.000e+00
     148217   6175.667     24.751     24.907    30.0674    30.0694   6.027353   6.027645     3.1624     2.6642      52.36   21.68886  -85.89982    0.00024    0.00020         19  0.000e+00
     148218   6175.708     24.703     24.859    30.0674    30.0693   6.027329   6.027620     3.1624     2.6654      52.36   21.68886  -85.89982    0.00028    0.00027         19  0.000e+00
     148219   6175.750     24.703     24.859    30.0676    30.0693   6.027313   6.027645     3.1624     2.6654      52.36   21.68886  -85.89982    0.00032    0.00035         19  0.000e+00
     148220   6175.792     24.751     24.907    30.0674    30.0691   6.027345   6.027588     3.1612     2.6654      52.38   21.68886  -85.89982    0.00035    0.00045         19  0.000e+00
     148221   6175.833     24.703     24.859    30.0676    30.0693   6.027337   6.027596     3.1624     2.6654      52.36   21.68886  -85.89982    0.00039    0.00053         19  0.000e+00
     148222   6175.875     24.703     24.859    30.0674    30.0693   6.027353   6.027612     3.1624     2.6679      52.38   21.68886  -85.89982    0.00043    0.00064         19  0.000e+00
     148223   6175.917     24.703     24.859    30.0676    30.0693   6.027321   6.027612     3.1624     2.6667      52.36   21.68886  -85.89982    0.00048    0.00073         19  0.000e+00
     148224   6175.958     24.751     24.907    30.0676    30.0692   6.027345   6.027612     3.1624     2.6667      72.75   21.68886  -85.89982    0.00054    0.00082         19  0.000e+00
     148225   6176.000     24.703     24.859    30.0674    30.0691   6.027337   6.027572     3.1624     2.6667      96.73   21.68886  -85.89982    0.00057    0.00090         19  0.000e+00
     148226   6176.042     24.703     24.859    30.0674    30.0693   6.027313   6.027596     3.1624     2.6679     100.00   21.68886  -85.89982    0.00063    0.00100         19  0.000e+00
     148227   6176.083     24.703     24.859    30.0674    30.0693   6.027313   6.027612     3.1624     2.6679     100.00   21.68886  -85.89982    0.00066    0.00109         19  0.000e+00
     148228   6176.125     24.751     24.907    30.0672    30.0689   6.027289   6.027572     3.1624     2.6679     100.00   21.68886  -85.89982    0.00069    0.00118         19  0.000e+00
     148229   6176.167     24.696     24.852    30.0674    30.0693   6.027337   6.027596     3.1624     2.6691      99.98   21.68886  -85.89982    0.00073    0.00128         19  0.000e+00
     148230   6176.208     24.703     24.859    30.0674    30.0691   6.027321   6.027588     3.1612     2.6679     100.00   21.68886  -85.89982    0.00074    0.00136         19  0.000e+00
     148231   6176.250     24.703     24.859    30.0674    30.0691   6.027265   6.027604     3.1612     2.6679     100.00   21.68886  -85.89982    0.00076    0.00144         19  0.000e+00
     148232   6176.292     24.751     24.907    30.0674    30.0691   6.027233   6.027572     3.1612     2.6679     100.00   21.68886  -85.89982    0.00077    0.00152         19  0.000e+00
     148233   6176.333     24.696     24.852    30.0672    30.0689   6.027289   6.027596     3.1612     2.6667     100.00   21.68886  -85.89982    0.00079    0.00158         19  0.000e+00
     148234   6176.375     24.703     24.859    30.0672    30.0693   6.027265   6.027612     3.1612     2.6679     100.00   21.68886  -85.89982    0.00080    0.00166         19  0.000e+00
     148235   6176.417     24.703     24.859    30.0672    30.0693   6.027281   6.027572     3.1612     2.6667     100.00   21.68886  -85.89982    0.00081    0.00169         19  0.000e+00
     148236   6176.458     24.750     24.907    30.0674    30.0691   6.027265   6.027669     3.1600     2.6667     100.00   21.68886  -85.89982    0.00081    0.00173         19  0.000e+00
     148237   6176.500     24.696     24.852    30.0674    30.0691   6.027329   6.027596     3.1600     2.6667     100.00   21.68886  -85.89982    0.00081    0.00177         19  0.000e+00
     148238   6176.542     24.750     24.907    30.0676    30.0693   6.027281   6.027669     3.1600     2.6654     100.00   21.68886  -85.89982    0.00080    0.00178         19  0.000e+00
     148239   6176.583     24.703     24.859    30.0676    30.0691   6.027313   6.027596     3.1612     2.6654     100.00   21.68886  -85.89982    0.00082    0.00180         19  0.000e+00
     148240   6176.625     24.750     24.907    30.0677    30.0692   6.027313   6.027596     3.1600     2.6654     100.00   21.68886  -85.89982    0.00081    0.00181         19  0.000e+00
     148241   6176.667     24.750     24.907    30.0676    30.0693   6.027345   6.027612     3.1600     2.6654     100.00   21.68886  -85.89982    0.00079    0.00182         19  0.000e+00
     148242   6176.708     24.696     24.852    30.0679    30.0694   6.027337   6.027645     3.1600     2.6630     100.00   21.68886  -85.89982    0.00078    0.00180         19  0.000e+00
     148243   6176.750     24.750     24.907    30.0676    30.0694   6.027353   6.027661     3.1600     2.6630     100.00   21.68886  -85.89982    0.00078    0.00177         19  0.000e+00
     148244   6176.792     24.703     24.859    30.0677    30.0694   6.027321   6.027620     3.1600     2.6618     100.00   21.68886  -85.89982    0.00077    0.00173         19  0.000e+00
     148245   6176.833     24.750     24.907    30.0676    30.0694   6.027345   6.027645     3.1600     2.6618     100.00   21.68886  -85.89982    0.00077    0.00168         19  0.000e+00
     148246   6176.875     24.750     24.907    30.0678    30.0697   6.027337   6.027620     3.1600     2.6618     100.00   21.68886  -85.89982    0.00076    0.00164         19  0.000e+00
     148247   6176.917     24.750     24.907    30.0677    30.0694   6.027353   6.027645     3.1600     2.6618     100.00   21.68886  -85.89982    0.00076    0.00159         19  0.000e+00
     148248   6176.958     24.750     24.907    30.0677    30.0694   6.027393   6.027661     3.1600     2.6618     100.00   21.68886  -85.89982    0.00074    0.00155         19  0.000e+00
     148249   6177.000     24.750     24.907    30.0677    30.0694   6.027337   6.027661     3.1612     2.6618     100.00   21.68886  -85.89982    0.00075    0.00150         19  0.000e+00
     148250   6177.042     24.750     24.907    30.0677    30.0697   6.027361   6.027620     3.1600     2.6618     100.00   21.68886  -85.89982    0.00072    0.00146         19  0.000e+00
     148251   6177.083     24.750     24.907    30.0678    30.0694   6.027361   6.027645     3.1600     2.6606     100.00   21.68886  -85.89982    0.00072    0.00141         19  0.000e+00
     148252   6177.125     24.750     24.907    30.0677    30.0694   6.027361   6.027661     3.1612     2.6606     100.00   21.68886  -85.89982    0.00071    0.00135         19  0.000e+00
     148253   6177.167     24.750     24.907    30.0679    30.0693   6.027449   6.027637     3.1600     2.6618     100.00   21.68886  -85.89982    0.00069    0.00131         19  0.000e+00
     148254   6177.208     24.703     24.859    30.0676    30.0694   6.027425   6.027653     3.1600     2.6618     100.00   21.68886  -85.89982    0.00068    0.00128         19  0.000e+00
     148255   6177.250     24.845     25.002    30.0677    30.0694   6.027369   6.027661     3.1600     2.6618     100.00   21.68886  -85.89982    0.00066    0.00125         19  0.000e+00
     148256   6177.292     24.805     24.961    30.0679    30.0693   6.027361   6.027621     3.1600     2.6606     100.00   21.68886  -85.89982    0.00063    0.00120         19  0.000e+00
     148257   6177.333     24.750     24.907    30.0678    30.0694   6.027377   6.027612     3.1600     2.6606     100.00   21.68886  -85.89982    0.00061    0.00116         19  0.000e+00
