Gulf of Mexico/GOMECC-4/1db/rb2103_1211.ros
* Sea-Bird SBE 9 Data File:
* FileName = C:\Users\scs.user.rb\CTD\GOMECC4\data\rb2103_1211.hex
* Software Version Seasave V 7.26.7.107
* Temperature SN = 4799
* Conductivity SN = 3860
* Number of Bytes Per Scan = 41
* Number of Voltage Words = 4
* Number of Scans Averaged by the Deck Unit = 1
* NMEA Latitude = 24 24.00 N
* NMEA Longitude = 080 37.48 W
* NMEA UTC (Time) = Oct 17 2021  18:24:48
* NMEA baud rate = 4800
# nquan = 17
# nvalues = 2128                                  
# units = specified
# name 0 = scan: Scan Count
# name 1 = timeS: Time, Elapsed [seconds]
# name 2 = depSM: Depth [salt water, m]
# name 3 = prDM: Pressure, Digiquartz [db]
# name 4 = t090C: Temperature [ITS-90, deg C]
# name 5 = t190C: Temperature, 2 [ITS-90, deg C]
# name 6 = c0S/m: Conductivity [S/m]
# name 7 = c1S/m: Conductivity, 2 [S/m]
# name 8 = sbeox0V: Oxygen raw, SBE 43 [V]
# name 9 = sbeox1V: Oxygen raw, SBE 43, 2 [V]
# name 10 = altM: Altimeter [m]
# name 11 = latitude: Latitude [deg]
# name 12 = longitude: Longitude [deg]
# name 13 = sbox0dV/dT: Oxygen, SBE 43 [dov/dt]
# name 14 = sbox1dV/dT: Oxygen, SBE 43, 2 [dov/dt]
# name 15 = nbf: Bottles Fired
# name 16 = flag:  0.000e+00
# interval = seconds: 0.0416667
# start_time = Oct 17 2021 18:24:48 [NMEA time, header]
# bad_flag = -9.990e-29
*END*
[from data line 426]
      46271   1927.917    198.955    200.332    18.8827    18.8766   4.875321   4.874728     2.2857     1.9170     100.00   24.40778  -80.60968    0.00073   -0.00007          4  0.000e+00
      46272   1927.958    198.996    200.373    18.8827    18.8766   4.875269   4.874750     2.2857     1.9158     100.00   24.40778  -80.60968    0.00075   -0.00009          4  0.000e+00
      46273   1928.000    198.955    200.332    18.8829    18.8767   4.875284   4.874736     2.2857     1.9158     100.00   24.40778  -80.60968    0.00077   -0.00012          4  0.000e+00
      46274   1928.042    199.003    200.380    18.8829    18.8764   4.875269   4.874728     2.2857     1.9158     100.00   24.40778  -80.60968    0.00078   -0.00014          4  0.000e+00
      46275   1928.083    198.996    200.373    18.8832    18.8749   4.875262   4.874617     2.2857     1.9170     100.00   24.40778  -80.60968    0.00078   -0.00014          4  0.000e+00
      46276   1928.125    198.956    200.332    18.8830    18.8727   4.875284   4.874594     2.2857     1.9158     100.00   24.40778  -80.60968    0.00078   -0.00015          4  0.000e+00
      46277   1928.167    199.003    200.380    18.8832    18.8714   4.875299   4.874602     2.2857     1.9158     100.00   24.40778  -80.60968    0.00077   -0.00018          4  0.000e+00
      46278   1928.208    198.942    200.319    18.8834    18.8703   4.875306   4.874565     2.2857     1.9158     100.00   24.40778  -80.60968    0.00077   -0.00021          4  0.000e+00
      46279   1928.250    199.003    200.380    18.8830    18.8710   4.875299   4.874557     2.2857     1.9170     100.00   24.40778  -80.60968    0.00077   -0.00023          4  0.000e+00
      46280   1928.292    198.956    200.332    18.8830    18.8731   4.875299   4.874528     2.2857     1.9158     100.00   24.40778  -80.60968    0.00076   -0.00024          4  0.000e+00
      46281   1928.333    198.996    200.373    18.8827    18.8752   4.875328   4.874580     2.2857     1.9158     100.00   24.40778  -80.60968    0.00076   -0.00026          4  0.000e+00
      46282   1928.375    198.956    200.332    18.8829    18.8758   4.875306   4.874602     2.2857     1.9158     100.00   24.40778  -80.60968    0.00075   -0.00027          4  0.000e+00
      46283   1928.417    198.956    200.332    18.8827    18.8764   4.875328   4.874661     2.2869     1.9158     100.00   24.40778  -80.60968    0.00078   -0.00029          4  0.000e+00
      46284   1928.458    198.942    200.319    18.8829    18.8768   4.875321   4.874646     2.2869     1.9158     100.00   24.40778  -80.60968    0.00079   -0.00030          4  0.000e+00
      46285   1928.500    199.003    200.380    18.8827    18.8762   4.875269   4.874706     2.2857     1.9158     100.00   24.40778  -80.60968    0.00076   -0.00031          4  0.000e+00
      46286   1928.542    198.956    200.333    18.8823    18.8767   4.875262   4.874750     2.2869     1.9158     100.00   24.40778  -80.60968    0.00077   -0.00033          4  0.000e+00
      46287   1928.583    198.942    200.319    18.8818    18.8778   4.875284   4.874884     2.2869     1.9158     100.00   24.40778  -80.60968    0.00077   -0.00034          4  0.000e+00
      46288   1928.625    199.003    200.380    18.8806    18.8787   4.875269   4.874951     2.2857     1.9158     100.00   24.40778  -80.60966    0.00076   -0.00035          4  0.000e+00
      46289   1928.667    198.895    200.271    18.8797    18.8783   4.875262   4.874936     2.2857     1.9158     100.00   24.40778  -80.60966    0.00076   -0.00036          4  0.000e+00
      46290   1928.708    199.004    200.380    18.8802    18.8771   4.875196   4.874899     2.2857     1.9158     100.00   24.40778  -80.60966    0.00075   -0.00037          4  0.000e+00
      46291   1928.750    199.004    200.381    18.8809    18.8761   4.875240   4.874795     2.2869     1.9158     100.00   24.40778  -80.60966    0.00075   -0.00037          4  0.000e+00
      46292   1928.792    198.942    200.319    18.8814    18.8757   4.875167   4.874669     2.2857     1.9158     100.00   24.40778  -80.60966    0.00074   -0.00038          4  0.000e+00
      46293   1928.833    198.956    200.333    18.8814    18.8755   4.875137   4.874639     2.2857     1.9158     100.00   24.40778  -80.60966    0.00072   -0.00039          4  0.000e+00
      46294   1928.875    198.956    200.333    18.8814    18.8754   4.875159   4.874639     2.2869     1.9158     100.00   24.40778  -80.60966    0.00072   -0.00040          4  0.000e+00
      46295   1928.917    198.997    200.374    18.8820    18.8755   4.875145   4.874706     2.2857     1.9158     100.00   24.40778  -80.60966    0.00071   -0.00041          4  0.000e+00
      46296   1928.958    199.004    200.381    18.8818    18.8755   4.875159   4.874817     2.2869     1.9158     100.00   24.40778  -80.60966    0.00072   -0.00042          4  0.000e+00
      46297   1929.000    198.956    200.333    18.8823    18.8755   4.875203   4.874817     2.2869     1.9158     100.00   24.40778  -80.60966    0.00072   -0.00043          4  0.000e+00
      46298   1929.042    198.943    200.319    18.8823    18.8755   4.875196   4.874773     2.2869     1.9158     100.00   24.40778  -80.60966    0.00072   -0.00043          4  0.000e+00
      46299   1929.083    199.004    200.381    18.8825    18.8755   4.875240   4.874698     2.2869     1.9158     100.00   24.40778  -80.60966    0.00072   -0.00044          4  0.000e+00
      46300   1929.125    198.956    200.333    18.8825    18.8754   4.875225   4.874646     2.2869     1.9158     100.00   24.40778  -80.60966    0.00071   -0.00043          4  0.000e+00
      46301   1929.167    198.997    200.374    18.8823    18.8750   4.875218   4.874594     2.2869     1.9158     100.00   24.40778  -80.60966    0.00071   -0.00042          4  0.000e+00
      46302   1929.208    198.956    200.333    18.8825    18.8753   4.875218   4.874594     2.2869     1.9158     100.00   24.40778  -80.60966    0.00070   -0.00043          4  0.000e+00
      46303   1929.250    199.004    200.381    18.8825    18.8750   4.875247   4.874624     2.2857     1.9158     100.00   24.40778  -80.60966    0.00069   -0.00043          4  0.000e+00
      46304   1929.292    198.997    200.374    18.8825    18.8754   4.875299   4.874669     2.2857     1.9158     100.00   24.40778  -80.60966    0.00067   -0.00044          4  0.000e+00
      46305   1929.333    198.956    200.333    18.8825    18.8758   4.875269   4.874743     2.2869     1.9158     100.00   24.40778  -80.60966    0.00066   -0.00044          4  0.000e+00
      46306   1929.375    198.956    200.333    18.8827    18.8757   4.875262   4.874698     2.2869     1.9158     100.00   24.40778  -80.60966    0.00066   -0.00043          4  0.000e+00
      46307   1929.417    198.997    200.374    18.8827    18.8757   4.875284   4.874684     2.2869     1.9158     100.00   24.40778  -80.60966    0.00065   -0.00042          4  0.000e+00
      46308   1929.458    199.004    200.381    18.8825    18.8755   4.875328   4.874713     2.2869     1.9158     100.00   24.40778  -80.60966    0.00064   -0.00042          4  0.000e+00
      46309   1929.500    198.997    200.374    18.8827    18.8762   4.875277   4.874691     2.2869     1.9158     100.00   24.40778  -80.60966    0.00065   -0.00040          4  0.000e+00
      46310   1929.542    199.004    200.381    18.8827    18.8780   4.875284   4.874899     2.2869     1.9158     100.00   24.40778  -80.60966    0.00063   -0.00041          4  0.000e+00
      46311   1929.583    198.957    200.333    18.8825    18.8802   4.875277   4.875092     2.2869     1.9158     100.00   24.40778  -80.60966    0.00064   -0.00041          4  0.000e+00
      46312   1929.625    198.943    200.320    18.8823    18.8811   4.875291   4.875285     2.2869     1.9158     100.00   24.40780  -80.60966    0.00064   -0.00041          4  0.000e+00
      46313   1929.667    199.004    200.381    18.8829    18.8810   4.875328   4.875308     2.2869     1.9158     100.00   24.40780  -80.60966    0.00064   -0.00041          4  0.000e+00
      46314   1929.708    199.004    200.381    18.8826    18.8810   4.875343   4.875263     2.2869     1.9158     100.00   24.40780  -80.60966    0.00062   -0.00041          4  0.000e+00
      46315   1929.750    198.943    200.320    18.8827    18.8809   4.875306   4.875248     2.2869     1.9158     100.00   24.40780  -80.60966    0.00061   -0.00041          4  0.000e+00
      46316   1929.792    199.004    200.381    18.8827    18.8805   4.875269   4.875248     2.2869     1.9158     100.00   24.40780  -80.60966    0.00060   -0.00041          4  0.000e+00
      46317   1929.833    199.004    200.381    18.8827    18.8805   4.875262   4.875189     2.2869     1.9158     100.00   24.40780  -80.60966    0.00060   -0.00041          4  0.000e+00
      46318   1929.875    198.997    200.374    18.8827    18.8802   4.875328   4.875174     2.2869     1.9170     100.00   24.40780  -80.60966    0.00060   -0.00040          4  0.000e+00
      46319   1929.917    198.957    200.333    18.8829    18.8801   4.875313   4.875144     2.2869     1.9170     100.00   24.40780  -80.60966    0.00060   -0.00038          4  0.000e+00
      46320   1929.958    199.004    200.381    18.8830    18.8801   4.875328   4.875159     2.2869     1.9158     100.00   24.40780  -80.60966    0.00059   -0.00038          4  0.000e+00
      46321   1930.000    198.998    200.375    18.8829    18.8804   4.875365   4.875107     2.2869     1.9158     100.00   24.40780  -80.60966    0.00059   -0.00038          4  0.000e+00
      46322   1930.042    199.004    200.381    18.8832    18.8801   4.875350   4.875152     2.2869     1.9158     100.00   24.40780  -80.60966    0.00058   -0.00037          4  0.000e+00
      46323   1930.083    198.957    200.334    18.8834    18.8803   4.875401   4.875107     2.2869     1.9158     100.00   24.40780  -80.60966    0.00058   -0.00037          4  0.000e+00
      46324   1930.125    198.998    200.375    18.8835    18.8796   4.875423   4.875063     2.2869     1.9170     100.00   24.40780  -80.60966    0.00057   -0.00035          4  0.000e+00
      46325   1930.167    199.004    200.381    18.8837    18.8789   4.875401   4.874959     2.2869     1.9170     100.00   24.40780  -80.60966    0.00056   -0.00033          4  0.000e+00
      46326   1930.208    199.005    200.382    18.8837    18.8778   4.875416   4.874862     2.2869     1.9158     100.00   24.40780  -80.60966    0.00057   -0.00033          4  0.000e+00
      46327   1930.250    199.045    200.423    18.8842    18.8776   4.875453   4.874847     2.2869     1.9158     100.00   24.40780  -80.60966    0.00056   -0.00033          4  0.000e+00
      46328   1930.292    198.957    200.334    18.8842    18.8777   4.875431   4.874936     2.2869     1.9158     100.00   24.40780  -80.60966    0.00056   -0.00033          4  0.000e+00
      46329   1930.333    199.045    200.423    18.8841    18.8792   4.875453   4.875085     2.2857     1.9170     100.00   24.40780  -80.60966    0.00053   -0.00031          4  0.000e+00
      46330   1930.375    199.005    200.382    18.8842    18.8812   4.875467   4.875278     2.2869     1.9170     100.00   24.40780  -80.60966    0.00052   -0.00029          4  0.000e+00
      46331   1930.417    199.005    200.382    18.8842    18.8822   4.875467   4.875367     2.2869     1.9170     100.00   24.40780  -80.60966    0.00051   -0.00027          4  0.000e+00
      46332   1930.458    198.998    200.375    18.8848    18.8824   4.875467   4.875404     2.2869     1.9170     100.00   24.40780  -80.60966    0.00051   -0.00025          4  0.000e+00
      46333   1930.500    199.059    200.436    18.8846    18.8821   4.875467   4.875419     2.2857     1.9158     100.00   24.40780  -80.60966    0.00050   -0.00024          4  0.000e+00
      46334   1930.542    199.005    200.382    18.8848    18.8824   4.875431   4.875352     2.2857     1.9158     100.00   24.40780  -80.60966    0.00047   -0.00024          4  0.000e+00
      46335   1930.583    199.045    200.423    18.8846    18.8820   4.875423   4.875338     2.2869     1.9158     100.00   24.40780  -80.60966    0.00046   -0.00024          4  0.000e+00
      46336   1930.625    199.005    200.382    18.8841    18.8818   4.875423   4.875271     2.2857     1.9158     100.00   24.40780  -80.60964    0.00043   -0.00023          4  0.000e+00
      46337   1930.667    199.005    200.382    18.8841    18.8817   4.875423   4.875256     2.2857     1.9170     100.00   24.40780  -80.60964    0.00042   -0.00021          4  0.000e+00
      46338   1930.708    199.046    200.423    18.8839    18.8818   4.875453   4.875226     2.2869     1.9170     100.00   24.40780  -80.60964    0.00040   -0.00019          4  0.000e+00
      46339   1930.750    199.005    200.382    18.8839    18.8805   4.875409   4.875122     2.2857     1.9158     100.00   24.40780  -80.60964    0.00039   -0.00018          4  0.000e+00
      46340   1930.792    199.059    200.437    18.8841    18.8797   4.875475   4.875063     2.2857     1.9170     100.00   24.40780  -80.60964    0.00036   -0.00016          4  0.000e+00
      46341   1930.833    198.998    200.375    18.8853    18.8799   4.875475   4.875144     2.2857     1.9158     100.00   24.40780  -80.60964    0.00033   -0.00016          4  0.000e+00
      46342   1930.875    199.059    200.437    18.8854    18.8802   4.875467   4.875233     2.2869     1.9158     100.00   24.40780  -80.60964    0.00033   -0.00015          4  0.000e+00
      46343   1930.917    199.005    200.382    18.8853    18.8806   4.875431   4.875285     2.2857     1.9158     100.00   24.40780  -80.60964    0.00031   -0.00015          4  0.000e+00
      46344   1930.958    199.046    200.423    18.8846    18.8810   4.875423   4.875352     2.2857     1.9158     100.00   24.40780  -80.60964    0.00028   -0.00014          4  0.000e+00
      46345   1931.000    199.059    200.437    18.8839    18.8812   4.875453   4.875285     2.2857     1.9158     100.00   24.40780  -80.60964    0.00027   -0.00013          4  0.000e+00
      46346   1931.042    199.005    200.382    18.8837    18.8813   4.875409   4.875285     2.2857     1.9170     100.00   24.40780  -80.60964    0.00023   -0.00011          4  0.000e+00
      46347   1931.083    199.046    200.423    18.8835    18.8813   4.875379   4.875233     2.2857     1.9158     100.00   24.40780  -80.60964    0.00020   -0.00010          4  0.000e+00
      46348   1931.125    199.005    200.382    18.8835    18.8805   4.875379   4.875219     2.2857     1.9158     100.00   24.40780  -80.60964    0.00018   -0.00011          4  0.000e+00
      46349   1931.167    199.046    200.423    18.8834    18.8801   4.875379   4.875219     2.2857     1.9158     100.00   24.40780  -80.60964    0.00017   -0.00011          4  0.000e+00
      46350   1931.208    199.005    200.382    18.8834    18.8799   4.875409   4.875181     2.2857     1.9158     100.00   24.40780  -80.60964    0.00015   -0.00010          4  0.000e+00
      46351   1931.250    199.059    200.437    18.8835    18.8800   4.875423   4.875144     2.2857     1.9158     100.00   24.40780  -80.60964    0.00014   -0.00009          4  0.000e+00
      46352   1931.292    199.046    200.423    18.8835    18.8797   4.875401   4.875159     2.2857     1.9158     100.00   24.40780  -80.60964    0.00012   -0.00009          4  0.000e+00
      46353   1931.333    199.060    200.437    18.8837    18.8796   4.875379   4.875085     2.2857     1.9158     100.00   24.40780  -80.60964    0.00011   -0.00008          4  0.000e+00
      46354   1931.375    199.005    200.382    18.8839    18.8788   4.875409   4.875055     2.2857     1.9158     100.00   24.40780  -80.60964    0.00009   -0.00007          4  0.000e+00
