Gulf of Mexico/GOMECC-4/1db/rb2103_0641.ros
* Sea-Bird SBE 9 Data File:
* FileName = C:\Users\scs.user.rb\CTD\GOMECC4\data\rb2103_0641.hex
* Software Version Seasave V 7.26.7.107
* Temperature SN = 4799
* Conductivity SN = 3860
* Number of Bytes Per Scan = 41
* Number of Voltage Words = 4
* Number of Scans Averaged by the Deck Unit = 1
* NMEA Latitude = 26 03.63 N
* NMEA Longitude = 096 34.10 W
* NMEA UTC (Time) = Oct 02 2021  05:28:55
* NMEA baud rate = 4800
# nquan = 17
# nvalues = 798                                   
# units = specified
# name 0 = scan: Scan Count
# name 1 = timeS: Time, Elapsed [seconds]
# name 2 = depSM: Depth [salt water, m]
# name 3 = prDM: Pressure, Digiquartz [db]
# name 4 = t090C: Temperature [ITS-90, deg C]
# name 5 = t190C: Temperature, 2 [ITS-90, deg C]
# name 6 = c0S/m: Conductivity [S/m]
# name 7 = c1S/m: Conductivity, 2 [S/m]
# name 8 = sbeox0V: Oxygen raw, SBE 43 [V]
# name 9 = sbeox1V: Oxygen raw, SBE 43, 2 [V]
# name 10 = altM: Altimeter [m]
# name 11 = latitude: Latitude [deg]
# name 12 = longitude: Longitude [deg]
# name 13 = sbox0dV/dT: Oxygen, SBE 43 [dov/dt]
# name 14 = sbox1dV/dT: Oxygen, SBE 43, 2 [dov/dt]
# name 15 = nbf: Bottles Fired
# name 16 = flag:  0.000e+00
# interval = seconds: 0.0416667
# start_time = Oct 02 2021 05:28:55 [NMEA time, header]
# bad_flag = -9.990e-29
*END*
      18764    781.792     53.207     53.562    23.8737    23.8668   5.358849   5.358641     3.0586     2.6129       5.18   26.06096  -96.56840   -0.00000   -0.00171          1  0.000e+00
      18765    781.833     52.807     53.160    23.8742    23.8659   5.358818   5.358262     3.0574     2.6129       5.18   26.06096  -96.56840    0.00013   -0.00162          1  0.000e+00
      18766    781.875     52.807     53.160    23.8749    23.8659   5.358902   5.358177     3.0586     2.6142       5.18   26.06096  -96.56840    0.00026   -0.00152          1  0.000e+00
      18767    781.917     52.875     53.228    23.8765    23.8691   5.359017   5.358370     3.0586     2.6142       5.18   26.06096  -96.56840    0.00041   -0.00141          1  0.000e+00
      18768    781.958     52.909     53.262    23.8814    23.8752   5.359329   5.358571     3.0586     2.6142       5.18   26.06096  -96.56840    0.00054   -0.00131          1  0.000e+00
      18769    782.000     52.956     53.310    23.8873    23.8747   5.359978   5.358564     3.0586     2.6142       5.18   26.06096  -96.56840    0.00067   -0.00120          1  0.000e+00
      18770    782.042     52.909     53.262    23.8942    23.8693   5.360642   5.358401     3.0586     2.6154       5.18   26.06096  -96.56840    0.00080   -0.00107          1  0.000e+00
      18771    782.083     52.956     53.310    23.9005    23.8729   5.361077   5.358486     3.0586     2.6154       5.18   26.06096  -96.56840    0.00093   -0.00095          1  0.000e+00
      18772    782.125     52.909     53.262    23.9040    23.8785   5.361443   5.358904     3.0586     2.6154       5.15   26.06096  -96.56840    0.00104   -0.00084          1  0.000e+00
      18773    782.167     53.010     53.364    23.9062    23.8795   5.361557   5.359020     3.0586     2.6166       5.08   26.06096  -96.56840    0.00115   -0.00071          1  0.000e+00
      18774    782.208     52.956     53.310    23.9067    23.8709   5.361611   5.358409     3.0586     2.6166       5.03   26.06096  -96.56840    0.00126   -0.00059          1  0.000e+00
      18775    782.250     52.956     53.310    23.9054    23.8628   5.361512   5.357628     3.0586     2.6166       5.03   26.06096  -96.56840    0.00135   -0.00046          1  0.000e+00
      18776    782.292     53.010     53.364    23.9037    23.8601   5.361389   5.357389     3.0586     2.6166       5.01   26.06096  -96.56840    0.00144   -0.00034          1  0.000e+00
      18777    782.333     52.956     53.310    23.9023    23.8639   5.361283   5.357404     3.0586     2.6166       5.03   26.06096  -96.56840    0.00153   -0.00020          1  0.000e+00
      18778    782.375     53.010     53.364    23.8994    23.8617   5.360985   5.357265     3.0598     2.6178       5.03   26.06096  -96.56840    0.00164   -0.00006          1  0.000e+00
      18779    782.417     53.024     53.378    23.8976    23.8608   5.360810   5.357002     3.0598     2.6178       5.03   26.06096  -96.56840    0.00175    0.00009          1  0.000e+00
      18780    782.458     53.010     53.364    23.8962    23.8590   5.360733   5.356592     3.0598     2.6178       5.03   26.06096  -96.56840    0.00185    0.00023          1  0.000e+00
      18781    782.500     53.010     53.364    23.8980    23.8506   5.360764   5.356043     3.0598     2.6178       5.03   26.06096  -96.56840    0.00195    0.00037          1  0.000e+00
      18782    782.542     53.058     53.412    23.8989    23.8445   5.360665   5.355557     3.0598     2.6178       5.03   26.06096  -96.56840    0.00203    0.00050          1  0.000e+00
      18783    782.583     53.010     53.364    23.8983    23.8420   5.360565   5.355356     3.0598     2.6178       5.03   26.06096  -96.56840    0.00213    0.00062          1  0.000e+00
      18784    782.625     53.058     53.412    23.8969    23.8406   5.360550   5.355224     3.0598     2.6178       5.03   26.06096  -96.56840    0.00221    0.00074          1  0.000e+00
      18785    782.667     53.105     53.460    23.8950    23.8387   5.360512   5.355054     3.0598     2.6178       5.03   26.06096  -96.56840    0.00229    0.00086          1  0.000e+00
      18786    782.708     53.058     53.412    23.8950    23.8379   5.359970   5.355039     3.0611     2.6178       5.03   26.06096  -96.56840    0.00238    0.00098          1  0.000e+00
      18787    782.750     53.058     53.412    23.8857    23.8382   5.359017   5.355054     3.0598     2.6178       5.03   26.06096  -96.56840    0.00246    0.00108          1  0.000e+00
      18788    782.792     53.105     53.460    23.8701    23.8391   5.358155   5.355155     3.0611     2.6178       5.03   26.06096  -96.56840    0.00255    0.00119          1  0.000e+00
      18789    782.833     53.105     53.460    23.8678    23.8393   5.357911   5.355162     3.0611     2.6178       5.03   26.06096  -96.56840    0.00264    0.00129          1  0.000e+00
      18790    782.875     53.058     53.412    23.8683    23.8382   5.357270   5.355216     3.0611     2.6178       5.03   26.06096  -96.56840    0.00272    0.00138          1  0.000e+00
      18791    782.917     53.125     53.480    23.8494    23.8380   5.355927   5.355294     3.0598     2.6178       5.03   26.06096  -96.56840    0.00279    0.00148          1  0.000e+00
      18792    782.958     53.105     53.460    23.8387    23.8396   5.354844   5.355387     3.0611     2.6178       5.03   26.06096  -96.56840    0.00287    0.00157          1  0.000e+00
      18793    783.000     53.105     53.460    23.8337    23.8404   5.354379   5.355108     3.0611     2.6178       5.03   26.06096  -96.56840    0.00295    0.00166          1  0.000e+00
      18794    783.042     53.105     53.460    23.8312    23.8350   5.354372   5.354745     3.0611     2.6178       5.03   26.06096  -96.56840    0.00303    0.00175          1  0.000e+00
      18795    783.083     53.159     53.514    23.8342    23.8312   5.354555   5.354552     3.0611     2.6178       5.03   26.06096  -96.56840    0.00310    0.00184          1  0.000e+00
      18796    783.125     53.105     53.460    23.8435    23.8362   5.354783   5.354621     3.0611     2.6178       5.03   26.06096  -96.56840    0.00316    0.00190          1  0.000e+00
      18797    783.167     53.159     53.514    23.8512    23.8418   5.355004   5.354760     3.0611     2.6166       4.98   26.06096  -96.56840    0.00321    0.00195          1  0.000e+00
      18798    783.208     53.159     53.514    23.8540    23.8440   5.355264   5.354822     3.0611     2.6166       4.91   26.06096  -96.56840    0.00326    0.00200          1  0.000e+00
      18799    783.250     53.159     53.514    23.8496    23.8395   5.355287   5.354729     3.0611     2.6166       4.88   26.06096  -96.56840    0.00331    0.00205          1  0.000e+00
      18800    783.292     53.105     53.460    23.8446    23.8303   5.355211   5.354637     3.0598     2.6166       4.86   26.06096  -96.56840    0.00332    0.00209          1  0.000e+00
      18801    783.333     53.159     53.514    23.8424    23.8242   5.355264   5.354552     3.0611     2.6166       4.88   26.06096  -96.56840    0.00336    0.00214          1  0.000e+00
      18802    783.375     53.159     53.514    23.8385    23.8210   5.355348   5.354490     3.0611     2.6166       4.88   26.06096  -96.56840    0.00340    0.00218          1  0.000e+00
      18803    783.417     53.173     53.528    23.8316    23.8206   5.355340   5.354436     3.0611     2.6166       4.88   26.06096  -96.56840    0.00342    0.00222          1  0.000e+00
      18804    783.458     53.206     53.562    23.8278    23.8215   5.355295   5.354467     3.0611     2.6166       4.88   26.06096  -96.56840    0.00344    0.00226          1  0.000e+00
      18805    783.500     53.105     53.460    23.8325    23.8226   5.355211   5.354513     3.0611     2.6166       4.88   26.06096  -96.56840    0.00345    0.00230          1  0.000e+00
      18806    783.542     53.206     53.562    23.8358    23.8265   5.355256   5.354621     3.0611     2.6166       4.86   26.06096  -96.56840    0.00347    0.00233          1  0.000e+00
      18807    783.583     53.159     53.514    23.8392    23.8323   5.355447   5.354691     3.0611     2.6166       4.88   26.06096  -96.56840    0.00346    0.00237          1  0.000e+00
      18808    783.625     53.159     53.514    23.8449    23.8373   5.355607   5.354699     3.0611     2.6166       4.88   26.06096  -96.56840    0.00345    0.00240          1  0.000e+00
      18809    783.667     53.159     53.514    23.8473    23.8402   5.355767   5.354768     3.0598     2.6166       4.86   26.06096  -96.56840    0.00341    0.00243          1  0.000e+00
      18810    783.708     53.159     53.514    23.8455    23.8409   5.355851   5.354961     3.0611     2.6166       4.88   26.06096  -96.56840    0.00340    0.00247          1  0.000e+00
      18811    783.750     53.206     53.562    23.8462    23.8396   5.355897   5.355116     3.0611     2.6166       4.88   26.06096  -96.56840    0.00337    0.00249          1  0.000e+00
      18812    783.792     53.159     53.514    23.8435    23.8418   5.355966   5.355340     3.0611     2.6166       4.88   26.06096  -96.56840    0.00333    0.00252          1  0.000e+00
      18813    783.833     53.159     53.514    23.8381    23.8425   5.356096   5.355510     3.0611     2.6166       4.88   26.06096  -96.56840    0.00329    0.00255          1  0.000e+00
      18814    783.875     53.159     53.514    23.8348    23.8418   5.356530   5.355549     3.0611     2.6166       4.88   26.06096  -96.56840    0.00324    0.00258          1  0.000e+00
      18815    783.917     53.172     53.528    23.8401    23.8421   5.356919   5.355711     3.0598     2.6166       4.88   26.06096  -96.56840    0.00319    0.00260          1  0.000e+00
      18816    783.958     53.159     53.514    23.8505    23.8442   5.357354   5.355959     3.0611     2.6166       4.88   26.06096  -96.56840    0.00313    0.00262          1  0.000e+00
      18817    784.000     53.159     53.514    23.8655    23.8463   5.358002   5.356098     3.0598     2.6154       4.88   26.06096  -96.56840    0.00307    0.00263          1  0.000e+00
      18818    784.042     53.105     53.459    23.8717    23.8486   5.358460   5.356198     3.0598     2.6154       4.86   26.06096  -96.56840    0.00299    0.00263          1  0.000e+00
      18819    784.083     53.159     53.514    23.8671    23.8477   5.358605   5.356515     3.0598     2.6154       4.88   26.06096  -96.56840    0.00293    0.00261          1  0.000e+00
      18820    784.125     53.159     53.514    23.8715    23.8499   5.358490   5.356801     3.0598     2.6154       4.86   26.06096  -96.56840    0.00286    0.00259          1  0.000e+00
      18821    784.167     53.105     53.459    23.8728    23.8565   5.358330   5.356878     3.0598     2.6154       4.86   26.06096  -96.56840    0.00279    0.00258          1  0.000e+00
      18822    784.208     53.159     53.514    23.8693    23.8612   5.358407   5.357048     3.0598     2.6154       4.84   26.06096  -96.56840    0.00270    0.00255          1  0.000e+00
      18823    784.250     53.105     53.459    23.8710    23.8608   5.358765   5.357288     3.0598     2.6154       4.84   26.06096  -96.56840    0.00263    0.00253          1  0.000e+00
      18824    784.292     53.105     53.459    23.8746    23.8603   5.358887   5.357365     3.0598     2.6142       4.84   26.06096  -96.56840    0.00255    0.00249          1  0.000e+00
      18825    784.333     53.105     53.459    23.8765    23.8599   5.358796   5.357536     3.0598     2.6142       4.84   26.06096  -96.56840    0.00247    0.00243          1  0.000e+00
      18826    784.375     53.077     53.432    23.8710    23.8624   5.358475   5.357829     3.0598     2.6142       4.84   26.06096  -96.56840    0.00238    0.00237          1  0.000e+00
      18827    784.417     53.105     53.459    23.8617    23.8671   5.357758   5.358115     3.0598     2.6142       4.84   26.06096  -96.56840    0.00229    0.00233          1  0.000e+00
      18828    784.458     53.057     53.412    23.8508    23.8702   5.356889   5.358340     3.0598     2.6142       4.84   26.06096  -96.56840    0.00220    0.00226          1  0.000e+00
      18829    784.500     53.057     53.412    23.8407    23.8722   5.356385   5.358463     3.0598     2.6142       4.86   26.06096  -96.56840    0.00213    0.00220          1  0.000e+00
      18830    784.542     53.105     53.459    23.8403    23.8754   5.356507   5.358595     3.0598     2.6142       4.84   26.06096  -96.56840    0.00205    0.00213          1  0.000e+00
      18831    784.583     53.010     53.364    23.8441    23.8763   5.356744   5.358687     3.0598     2.6129       4.84   26.06096  -96.56840    0.00197    0.00205          1  0.000e+00
      18832    784.625     53.057     53.412    23.8460    23.8781   5.356591   5.358773     3.0586     2.6129       4.84   26.06096  -96.56840    0.00187    0.00196          1  0.000e+00
      18833    784.667     53.010     53.364    23.8481    23.8781   5.356362   5.358803     3.0598     2.6129       4.84   26.06096  -96.56840    0.00180    0.00188          1  0.000e+00
      18834    784.708     53.057     53.411    23.8483    23.8783   5.356240   5.358927     3.0586     2.6117       4.84   26.06096  -96.56840    0.00170    0.00177          1  0.000e+00
      18835    784.750     53.010     53.364    23.8483    23.8800   5.356141   5.359043     3.0586     2.6117       4.84   26.06096  -96.56840    0.00159    0.00166          1  0.000e+00
      18836    784.792     53.010     53.364    23.8444    23.8811   5.355722   5.359113     3.0598     2.6117       4.84   26.06096  -96.56840    0.00152    0.00156          1  0.000e+00
      18837    784.833     52.955     53.309    23.8367    23.8817   5.355394   5.359144     3.0586     2.6117       4.84   26.06096  -96.56840    0.00143    0.00143          1  0.000e+00
      18838    784.875     52.861     53.214    23.8337    23.8822   5.355188   5.359221     3.0586     2.6105       4.86   26.06096  -96.56840    0.00133    0.00131          1  0.000e+00
      18839    784.917     53.077     53.432    23.8334    23.8821   5.355081   5.359252     3.0586     2.6105       4.84   26.06096  -96.56840    0.00126    0.00118          1  0.000e+00
      18840    784.958     53.010     53.364    23.8365    23.8800   5.355295   5.359144     3.0586     2.6105       4.84   26.06096  -96.56840    0.00116    0.00103          1  0.000e+00
      18841    785.000     52.908     53.261    23.8444    23.8792   5.355943   5.359113     3.0586     2.6105       4.86   26.06096  -96.56840    0.00108    0.00089          1  0.000e+00
      18842    785.042     52.955     53.309    23.8521    23.8799   5.356622   5.359020     3.0586     2.6105       4.84   26.06096  -96.56840    0.00099    0.00074          1  0.000e+00
      18843    785.083     52.908     53.261    23.8596    23.8828   5.357262   5.359244     3.0574     2.6093       4.84   26.06096  -96.56840    0.00087    0.00058          1  0.000e+00
      18844    785.125     52.908     53.261    23.8676    23.8916   5.357857   5.359700     3.0586     2.6093       4.86   26.06096  -96.56840    0.00079    0.00041          1  0.000e+00
      18845    785.167     52.955     53.309    23.8778    23.8993   5.358757   5.360164     3.0586     2.6081       5.01   26.06096  -96.56840    0.00072    0.00023          1  0.000e+00
      18846    785.208     52.861     53.214    23.8839    23.9031   5.359421   5.360497     3.0574     2.6093       5.08   26.06096  -96.56840    0.00063    0.00007          1  0.000e+00
      18847    785.250     52.861     53.214    23.8898    23.9083   5.359978   5.360906     3.0586     2.6093       5.08   26.06096  -96.56840    0.00056   -0.00010          1  0.000e+00
      18848    785.292     52.908     53.261    23.8965    23.9128   5.360573   5.361425     3.0586     2.6081       5.08   26.06096  -96.56840    0.00049   -0.00026          1  0.000e+00
