Gulf of Mexico/GOMECC-4/1db/rb2103_0421.cnv
* Sea-Bird SBE 9 Data File:
* FileName = C:\Users\scs.user.rb\CTD\GOMECC4\data\rb2103_0421.hex
* Software Version Seasave V 7.26.7.107
* Temperature SN = 4799
* Conductivity SN = 3860
* Number of Bytes Per Scan = 41
* Number of Voltage Words = 4
* Number of Scans Averaged by the Deck Unit = 1
* NMEA Latitude = 28 14.68 N
* NMEA Longitude = 089 59.18 W
* NMEA UTC (Time) = Sep 26 2021  04:34:16
* NMEA baud rate = 4800
# nquan = 28
# nvalues = 296                         
# units = specified
# name 0 = scan: Scan Count
# name 1 = timeS: Time, Elapsed [seconds]
# name 2 = depSM: Depth [salt water, m]
# name 3 = prDM: Pressure, Digiquartz [db]
# name 4 = t090C: Temperature [ITS-90, deg C]
# name 5 = t190C: Temperature, 2 [ITS-90, deg C]
# name 6 = c0S/m: Conductivity [S/m]
# name 7 = c1S/m: Conductivity, 2 [S/m]
# name 8 = sbeox0V: Oxygen raw, SBE 43 [V]
# name 9 = sbeox1V: Oxygen raw, SBE 43, 2 [V]
# name 10 = altM: Altimeter [m]
# name 11 = latitude: Latitude [deg]
# name 12 = longitude: Longitude [deg]
# name 13 = sbox0dV/dT: Oxygen, SBE 43 [dov/dt]
# name 14 = sbox1dV/dT: Oxygen, SBE 43, 2 [dov/dt]
# name 15 = sbeox0ML/L: Oxygen, SBE 43 [ml/l], WS = 5
# name 16 = sbeox1ML/L: Oxygen, SBE 43, 2 [ml/l], WS = 5
# name 17 = potemp090C: Potential Temperature [ITS-90, deg C]
# name 18 = potemp190C: Potential Temperature, 2 [ITS-90, deg C]
# name 19 = sal00: Salinity, Practical [PSU]
# name 20 = sal11: Salinity, Practical, 2 [PSU]
# name 21 = sigma-é00: Density [sigma-theta, kg/m^3]
# name 22 = sigma-é11: Density, 2 [sigma-theta, kg/m^3]
# name 23 = avgsvCM: Average Sound Velocity [Chen-Millero, m/s], minP = 20, minS = 20
# name 24 = sbox0Mm/Kg: Oxygen, SBE 43 [umol/kg], WS = 5
# name 25 = sbox1Mm/Kg: Oxygen, SBE 43, 2 [umol/kg], WS = 5
# name 26 = nbin: number of scans per bin
# name 27 = flag: flag
# span 0 =       5930,      40781       
# span 1 =    247.041,   1699.181       
# span 2 =      1.987,    190.631       
# span 3 =      2.000,    192.000       
# span 4 =    14.2869,    28.7515       
# span 5 =    14.2868,    28.7518       
# span 6 =   4.322347,   5.890808       
# span 7 =   4.322188,   5.890907       
# span 8 =     1.8458,     3.1539       
# span 9 =     1.5283,     2.6811       
# span 10 =      10.02,     101.56      
# span 11 =   28.10685,   28.58363      
# span 12 =  -91.06589,  -89.54476      
# span 13 =   -0.02557,    0.01827      
# span 14 =   -0.02252,    0.01677      
# span 15 =     2.7561,     4.4143      
# span 16 =     2.7854,     4.4207      
# span 17 =    14.2602,    28.7491      
# span 18 =    14.2600,    28.7495      
# span 19 =    35.8566,    36.9443      
# span 20 =    35.8553,    36.9437      
# span 21 =    22.9597,    26.8074      
# span 22 =    22.9598,    26.8069      
# span 23 =       0.00,    1543.78      
# span 24 =    119.877,    192.699      
# span 25 =    121.152,    192.979      
# span 26 =         30,         72      
# span 27 = 0.0000e+00, 0.0000e+00      
# interval = decibars: 1                
# start_time = Sep 26 2021 04:34:16 [NMEA time, header]
# bad_flag = -9.990e-29
*END*
[from data line 104]
      11774    490.543    125.121    126.000    19.5232    19.5348   4.941634   4.942977     2.2015     1.8426      76.08   28.24520  -89.98720   -0.01483   -0.01330     3.2173     3.2341    19.5001    19.5117    36.5993    36.6004    26.1142    26.1120    1537.11    140.029    140.761         31 0.0000e+00
      11805    491.825    126.114    127.000    19.3678    19.3670   4.921854   4.921994     2.1715     1.8092      74.54   28.24520  -89.98720   -0.01376   -0.01211     3.1635     3.1666    19.3447    19.3439    36.5704    36.5707    26.1327    26.1332    1537.00    137.683    137.818         32 0.0000e+00
      11840    493.290    127.107    128.000    19.2990    19.3014   4.913774   4.914122     2.1340     1.7774      74.03   28.24520  -89.98720   -0.02105   -0.02029     3.0858     3.0937    19.2757    19.2782    36.5629    36.5637    26.1450    26.1449    1536.89    134.302    134.646         37 0.0000e+00
      11875    494.751    128.099    129.000    19.2279    19.2355   4.904538   4.905751     2.1109     1.7603      72.96   28.24520  -89.98720   -0.02360   -0.02136     3.0428     3.0595    19.2045    19.2121    36.5506    36.5512    26.1540    26.1525    1536.79    132.428    133.156         32 0.0000e+00
      11935    497.244    130.085    131.000    18.7957    18.8059   4.854900   4.856003     2.0822     1.7378      71.05   28.24131  -89.97480   -0.01281   -0.01010     3.0053     3.0294    18.7723    18.7825    36.5093    36.5095    26.2334    26.2310    1536.35    130.785    131.836         34 0.0000e+00
      11972    498.811    131.078    132.000    18.5837    18.5974   4.830054   4.831739     2.0844     1.7443      69.88   28.24520  -89.98720   -0.00757   -0.00481     3.0236     3.0578    18.5604    18.5740    36.4871    36.4893    26.2707    26.2689    1536.46    131.579    133.067         37 0.0000e+00
      12007    500.237    132.070    133.000    18.4930    18.4927   4.819889   4.819889     2.0860     1.7433      69.02   28.24520  -89.98720   -0.00017    0.00165     3.0332     3.0623    18.4696    18.4692    36.4808    36.4811    26.2889    26.2892    1536.34    131.991    133.257         31 0.0000e+00
      12036    501.474    133.063    134.000    18.4516    18.4551   4.815632   4.816044     2.0871     1.7464      68.22   28.24522  -89.98720    0.00153    0.00157     3.0387     3.0723    18.4280    18.4315    36.4809    36.4813    26.2995    26.2989    1536.22    132.229    133.694         30 0.0000e+00
      12068    502.803    134.056    135.000    18.4238    18.4253   4.813171   4.813405     2.0990     1.7607      67.05   28.24522  -89.98720    0.00246    0.00281     3.0671     3.1092    18.4001    18.4016    36.4843    36.4849    26.3091    26.3093    1536.11    133.463    135.297         35 0.0000e+00
      12105    504.334    135.049    136.000    18.3407    18.3499   4.803289   4.804622     2.1175     1.7813      66.03   28.24522  -89.98720    0.00930    0.01123     3.1145     3.1649    18.3153    18.3260    36.4749    36.4767    26.3233    26.3220    1536.00    135.527    137.720         37 0.0000e+00
      12139    505.734    136.041    137.000    18.1451    18.1532   4.779304   4.780163     2.1244     1.7840      65.09   28.24522  -89.98720    0.01022    0.01063     3.1431     3.1844    18.1213    18.1293    36.4421    36.4423    26.3469    26.3450    1535.88    136.767    138.565         30 0.0000e+00
      12199    508.246    138.027    139.000    17.9307    17.9356   4.753333   4.754037     2.1030     1.7596      63.21   28.24381  -89.98271   -0.00460   -0.00674     3.1102     3.1390    17.9067    17.9116    36.4090    36.4107    26.3748    26.3749    1535.56    135.333    136.585         34 0.0000e+00
      12235    509.767    139.019    140.000    17.8923    17.8847   4.748839   4.747943     2.0937     1.7524      62.02   28.24522  -89.98720   -0.00807   -0.00793     3.0921     3.1248    17.8682    17.8606    36.4048    36.4039    26.3812    26.3824    1535.53    134.543    135.967         37 0.0000e+00
      12270    511.215    140.012    141.000    17.8316    17.8331   4.741501   4.741752     2.0851     1.7447      61.08   28.24522  -89.98720   -0.00663   -0.00532     3.0771     3.1096    17.8074    17.8089    36.3954    36.3963    26.3891    26.3894    1535.41    133.891    135.303         32 0.0000e+00
      12328    513.605    141.997    143.000    17.7762    17.7767   4.734738   4.734863     2.0749     1.7335      59.06   28.24184  -89.97644   -0.00487   -0.00504     3.0585     3.0860    17.7516    17.7521    36.3845    36.3852    26.3942    26.3945    1534.99    133.080    134.276         31 0.0000e+00
      12362    515.061    142.990    144.000    17.7499    17.7532   4.732021   4.732475     2.0715     1.7325      58.11   28.24522  -89.98720   -0.00360   -0.00350     3.0529     3.0856    17.7252    17.7285    36.3856    36.3866    26.4018    26.4018    1535.07    132.834    134.257         37 0.0000e+00
      12399    516.586    143.982    145.000    17.6940    17.7003   4.725480   4.726281     2.0678     1.7298      57.12   28.24522  -89.98720   -0.00275   -0.00158     3.0486     3.0825    17.6692    17.6755    36.3787    36.3799    26.4103    26.4097    1534.96    132.649    134.123         34 0.0000e+00
      12490    520.388    146.960    148.000    17.3111    17.3273   4.679619   4.681481     2.0618     1.7258      54.25   28.24482  -89.98592   -0.00145   -0.00087     3.0622     3.0975    17.2861    17.3024    36.3227    36.3243    26.4608    26.4581    1534.61    133.232    134.771         34 0.0000e+00
      12525    521.829    147.953    149.000    16.9816    16.9989   4.640266   4.642365     2.0615     1.7260      53.19   28.24522  -89.98720   -0.00174   -0.00111     3.0831     3.1194    16.9568    16.9741    36.2751    36.2779    26.5038    26.5017    1534.50    134.137    135.715         34 0.0000e+00
      12557    523.166    148.946    150.000    16.7441    16.7564   4.611571   4.612942     2.0582     1.7206      52.25   28.24522  -89.98720   -0.00113   -0.00115     3.0920     3.1220    16.7194    16.7317    36.2368    36.2377    26.5309    26.5287    1534.37    134.519    135.823         31 0.0000e+00
      12588    524.469    149.938    151.000    16.4883    16.5408   4.580878   4.585993     2.0502     1.7138      51.31   28.24522  -89.98721   -0.00252   -0.00286     3.0889     3.1156    16.4637    16.5161    36.1966    36.2013    26.5604    26.5517    1534.25    134.381    135.543         31 0.0000e+00
      12619    525.755    150.931    152.000    15.9891    16.0015   4.520952   4.522410     2.0311     1.6920      50.29   28.24522  -89.98722   -0.00820   -0.00861     3.0750     3.0944    15.9649    15.9773    36.1158    36.1176    26.6145    26.6130    1534.12    133.767    134.612         31 0.0000e+00
      12650    527.030    151.923    153.000    16.0288    16.0297   4.525783   4.525873     2.0149     1.6774      49.38   28.24522  -89.98722   -0.01154   -0.01170     3.0408     3.0602    16.0043    16.0053    36.1227    36.1226    26.6106    26.6103    1533.99    132.282    133.124         31 0.0000e+00
      12681    528.332    152.916    154.000    15.9978    16.0064   4.522259   4.523217     2.0029     1.6685      48.42   28.24522  -89.98720   -0.01223   -0.01174     3.0152     3.0393    15.9732    15.9818    36.1190    36.1197    26.6149    26.6135    1533.85    131.168    132.215         31 0.0000e+00
      12712    529.635    153.909    155.000    15.7772    15.8289   4.495906   4.501186     1.9933     1.6619      47.46   28.24522  -89.98720   -0.00976   -0.00786     3.0044     3.0315    15.7527    15.8043    36.0830    36.0833    26.6377    26.6263    1533.71    130.697    131.873         31 0.0000e+00
      12744    530.950    154.901    156.000    15.6319    15.6765   4.478810   4.484083     1.9802     1.6504      46.34   28.24522  -89.98720   -0.00836   -0.00619     2.9869     3.0146    15.6074    15.6520    36.0615    36.0683    26.6544    26.6495    1533.57    129.931    131.139         32 0.0000e+00
      12776    532.275    155.894    157.000    15.5807    15.6023   4.472603   4.475285     1.9664     1.6377      45.44   28.24522  -89.98720   -0.00937   -0.00801     2.9581     2.9869    15.5562    15.5777    36.0518    36.0563    26.6586    26.6572    1533.44    128.678    129.931         32 0.0000e+00
      12836    534.778    157.879    159.000    15.4565    15.4566   4.458364   4.458339     1.9458     1.6188      43.40   28.24561  -89.98843   -0.00916   -0.00847     2.9178     2.9478    15.4318    15.4319    36.0361    36.0358    26.6747    26.6744    1533.18    126.924    128.228         30 0.0000e+00
      12866    536.059    158.871    160.000    15.4334    15.4411   4.455709   4.456639     1.9377     1.6123      42.51   28.24522  -89.98720   -0.00777   -0.00695     2.9005     2.9321    15.4085    15.4162    36.0327    36.0341    26.6773    26.6766    1533.03    126.172    127.547         32 0.0000e+00
      12899    537.407    159.864    161.000    15.3860    15.3913   4.450259   4.450860     1.9305     1.6069      41.53   28.24522  -89.98720   -0.00638   -0.00526     2.8870     2.9217    15.3610    15.3663    36.0263    36.0270    26.6830    26.6823    1532.90    125.582    127.090         32 0.0000e+00
      12958    539.875    161.849    163.000    15.2726    15.2707   4.436995   4.436566     1.9193     1.5957      39.58   28.24412  -89.98367   -0.00485   -0.00421     2.8682     2.9006    15.2474    15.2456    36.0088    36.0065    26.6949    26.6936    1532.57    124.762    126.174         30 0.0000e+00
      12989    541.158    162.842    164.000    15.2033    15.2027   4.428964   4.428954     1.9139     1.5905      38.65   28.24524  -89.98720   -0.00446   -0.00452     2.8602     2.8918    15.1780    15.1775    35.9993    35.9997    26.7032    26.7036    1532.50    124.413    125.789         32 0.0000e+00
      13022    542.524    163.834    165.000    15.1667    15.1728   4.424666   4.425388     1.9093     1.5863      37.67   28.24524  -89.98721   -0.00404   -0.00415     2.8518     2.8830    15.1413    15.1474    35.9934    35.9943    26.7068    26.7062    1532.37    124.050    125.404         32 0.0000e+00
      13053    543.833    164.827    166.000    15.0590    15.0563   4.411998   4.411670     1.9040     1.5826      36.60   28.24524  -89.98722   -0.00376   -0.00322     2.8465     2.8809    15.0336    15.0309    35.9764    35.9759    26.7176    26.7178    1532.24    123.815    125.313         31 0.0000e+00
      13113    546.322    166.812    168.000    14.7662    14.7593   4.377551   4.376535     1.8924     1.5712      34.67   28.24574  -89.98880   -0.00446   -0.00390     2.8360     2.8675    14.7409    14.7340    35.9298    35.9269    26.7463    26.7455    1532.00    123.355    124.728         30 0.0000e+00
      13143    547.603    167.804    169.000    14.6514    14.6533   4.364209   4.364359     1.8848     1.5631      33.60   28.24524  -89.98722   -0.00495   -0.00497     2.8275     2.8557    14.6260    14.6280    35.9126    35.9122    26.7580    26.7573    1531.84    122.987    124.211         32 0.0000e+00
      13176    548.970    168.797    170.000    14.5411    14.5425   4.351314   4.351404     1.8760     1.5546      32.64   28.24524  -89.98722   -0.00572   -0.00596     2.8136     2.8405    14.5157    14.5171    35.8952    35.8948    26.7686    26.7680    1531.70    122.381    123.551         33 0.0000e+00
      13235    551.431    170.782    172.000    14.4941    14.4942   4.345858   4.345857     1.8643     1.5449      31.11   28.24279  -89.97941   -0.00531   -0.00490     2.7888     2.8184    14.4685    14.4686    35.8866    35.8865    26.7720    26.7719    1531.30    121.301    122.587         30 0.0000e+00
      13268    552.778    171.774    173.000    14.4883    14.4897   4.345520   4.345684     1.8598     1.5435      53.21   28.24524  -89.98722   -0.00436   -0.00306     2.7786     2.8152    14.4626    14.4640    35.8892    35.8894    26.7755    26.7754    1531.30    120.858    122.448         33 0.0000e+00
      13300    554.132    172.767    174.000    14.4787    14.4788   4.344593   4.344621     1.8574     1.5410      28.51   28.24524  -89.98722   -0.00336   -0.00177     2.7736     2.8096    14.4528    14.4538    35.8882    35.8880    26.7768    26.7767    1531.17    120.637    122.203         31 0.0000e+00
      13360    556.637    174.752    176.000    14.4315    14.4371   4.339082   4.339730     1.8549     1.5393      26.52   28.24481  -89.98584   -0.00124   -0.00111     2.7712     2.8084    14.4054    14.4109    35.8809    35.8817    26.7814    26.7808    1530.89    120.535    122.153         32 0.0000e+00
      13393    557.988    175.744    177.000    14.4216    14.4229   4.338074   4.338211     1.8537     1.5381      25.55   28.24524  -89.98722   -0.00096   -0.00066     2.7692     2.8064    14.3953    14.3967    35.8805    35.8805    26.7833    26.7830    1530.79    120.447    122.064         32 0.0000e+00
      13424    559.277    176.737    178.000    14.4077    14.4114   4.336471   4.336885     1.8529     1.5371      24.66   28.24524  -89.98722   -0.00086   -0.00078     2.7686     2.8048    14.3813    14.3850    35.8780    35.8785    26.7844    26.7840    1530.67    120.421    121.995         30 0.0000e+00
      13483    561.730    178.722    180.000    14.3568    14.3564   4.330588   4.330553     1.8506     1.5360      22.53   28.24422  -89.98395   -0.00085   -0.00047     2.7669     2.8060    14.3301    14.3298    35.8696    35.8696    26.7888    26.7889    1530.36    120.345    122.045         33 0.0000e+00
      13517    563.184    179.714    181.000    14.3160    14.3229   4.325843   4.326545     1.8501     1.5348      21.54   28.24524  -89.98721   -0.00071   -0.00056     2.7680     2.8043    14.2892    14.2961    35.8632    35.8633    26.7928    26.7914    1530.29    120.395    121.975         35 0.0000e+00
      13604    566.786    182.692    184.000    14.2950    14.2939   4.323275   4.323116     1.8486     1.5341      18.63   28.24185  -89.97641   -0.00040   -0.00008     2.7675     2.8062    14.2678    14.2667    35.8566    35.8562    26.7920    26.7919    1529.75    120.369    122.053         30 0.0000e+00
      13638    568.219    183.684    185.000    14.2934    14.2952   4.323490   4.323667     1.8483     1.5336      17.62   28.24524  -89.98720   -0.00014   -0.00028     2.7671     2.8052    14.2661    14.2679    35.8607    35.8607    26.7958    26.7954    1529.81    120.354    122.012         36 0.0000e+00
      13674    569.688    184.676    186.000    14.2955    14.2991   4.323759   4.324145     1.8483     1.5333      16.55   28.24522  -89.98720   -0.00020   -0.00036     2.7672     2.8044    14.2680    14.2716    35.8609    35.8611    26.7956    26.7949    1529.70    120.359    121.975         33 0.0000e+00
      16292    678.794    190.631    192.000    14.2918    14.2919   4.325329   4.325203     1.8469     1.5285      10.02   28.26240  -90.04198    0.00020   -0.00031     2.7654     2.7932    14.2634    14.2635    35.8737    35.8731    26.8074    26.8069    1529.90    120.278    121.491         40 0.0000e+00
      16352    681.275    189.638    191.000    14.2935    14.2957   4.323404   4.323513     1.8459     1.5283      10.83   28.24520  -89.98719   -0.00003    0.00013     2.7633     2.7930    14.2653    14.2675    35.8574    35.8563    26.7934    26.7922    1528.97    120.190    121.482         66 0.0000e+00
      16411    683.737    188.646    190.000    14.2991    14.2991   4.323874   4.323657     1.8459     1.5288      11.82   28.24520  -89.98720    0.00010    0.00027     2.7625     2.7940    14.2710    14.2710    35.8572    35.8553    26.7921    26.7906    1528.97    120.156    121.524         58 0.0000e+00
