Gulf of Mexico/GOMECC-4/1db/rb2103_0531.cnv
* Sea-Bird SBE 9 Data File:
* FileName = C:\Users\scs.user.rb\CTD\GOMECC4\data\rb2103_0531.hex
* Software Version Seasave V 7.26.7.107
* Temperature SN = 4799
* Conductivity SN = 3860
* Number of Bytes Per Scan = 41
* Number of Voltage Words = 4
* Number of Scans Averaged by the Deck Unit = 1
* NMEA Latitude = 27 19.96 N
* NMEA Longitude = 095 00.01 W
* NMEA UTC (Time) = Sep 28 2021  09:37:15
* NMEA baud rate = 4800
# nquan = 28
# nvalues = 547                         
# units = specified
# name 0 = scan: Scan Count
# name 1 = timeS: Time, Elapsed [seconds]
# name 2 = depSM: Depth [salt water, m]
# name 3 = prDM: Pressure, Digiquartz [db]
# name 4 = t090C: Temperature [ITS-90, deg C]
# name 5 = t190C: Temperature, 2 [ITS-90, deg C]
# name 6 = c0S/m: Conductivity [S/m]
# name 7 = c1S/m: Conductivity, 2 [S/m]
# name 8 = sbeox0V: Oxygen raw, SBE 43 [V]
# name 9 = sbeox1V: Oxygen raw, SBE 43, 2 [V]
# name 10 = altM: Altimeter [m]
# name 11 = latitude: Latitude [deg]
# name 12 = longitude: Longitude [deg]
# name 13 = sbox0dV/dT: Oxygen, SBE 43 [dov/dt]
# name 14 = sbox1dV/dT: Oxygen, SBE 43, 2 [dov/dt]
# name 15 = sbeox0ML/L: Oxygen, SBE 43 [ml/l], WS = 5
# name 16 = sbeox1ML/L: Oxygen, SBE 43, 2 [ml/l], WS = 5
# name 17 = potemp090C: Potential Temperature [ITS-90, deg C]
# name 18 = potemp190C: Potential Temperature, 2 [ITS-90, deg C]
# name 19 = sal00: Salinity, Practical [PSU]
# name 20 = sal11: Salinity, Practical, 2 [PSU]
# name 21 = sigma-é00: Density [sigma-theta, kg/m^3]
# name 22 = sigma-é11: Density, 2 [sigma-theta, kg/m^3]
# name 23 = avgsvCM: Average Sound Velocity [Chen-Millero, m/s], minP = 20, minS = 20
# name 24 = sbox0Mm/Kg: Oxygen, SBE 43 [umol/kg], WS = 5
# name 25 = sbox1Mm/Kg: Oxygen, SBE 43, 2 [umol/kg], WS = 5
# name 26 = nbin: number of scans per bin
# name 27 = flag: flag
# span 0 =      12725,     204286       
# span 1 =    530.163,   8511.248       
# span 2 =      1.987,   1098.748       
# span 3 =      2.000,   1109.000       
# span 4 =     4.6670,   277.3591       
# span 5 =     4.6674,   463.5125       
# span 6 =   3.360456,  93.491392       
# span 7 =   3.360281,  93.497565       
# span 8 =     1.5863,    39.8447       
# span 9 =     1.2905,    42.3640       
# span 10 =      10.32,    1454.59      
# span 11 =   26.71391,  433.54736      
# span 12 =-1506.87161,  -92.84898      
# span 13 =   -0.04120,    0.05006      
# span 14 =   -0.03911,    0.05091      
# span 15 =     2.4381,    41.2798      
# span 16 =     2.4632,    69.0484      
# span 17 =     4.5757,   277.3476      
# span 18 =     4.5761,   463.4928      
# span 19 =    34.9092,   341.4786      
# span 20 =    34.9075,   570.6071      
# span 21 =    22.4272,   215.6892      
# span 22 =    22.2067,   360.3985      
# span 23 =       0.00,    1552.52      
# span 24 =    106.021,   1802.601      
# span 25 =    107.114,   3015.198      
# span 26 =         30,         71      
# span 27 = 0.0000e+00, 0.0000e+00      
# interval = decibars: 1                
# start_time = Sep 28 2021 09:37:15 [NMEA time, header]
# bad_flag = -9.990e-29
*END*
[from data line 467]
      83408   3475.303    273.003    275.000    14.5360    14.5184   4.355575   4.353561     1.7373     1.4271      82.91   27.33220  -94.99714    0.00020    0.00017     2.5090     2.5362    14.4948    14.4772    35.8957    35.8930    26.7735    26.7753    1501.70    109.132    110.315         34 0.0000e+00
      85119   3546.587    210.493    212.000    16.4212    16.4423   4.575559   4.577770     1.7853     1.4677     100.02   27.33695  -95.01363    0.00139    0.00113     2.4980     2.5185    16.3867    16.4078    36.1878    36.1896    26.5722    26.5687    1501.96    108.674    109.563         32 0.0000e+00
      85534   3563.895    208.508    210.000    16.5100    16.5167   4.585782   4.586828     1.7886     1.4700     100.02   27.33823  -95.01810    0.00077    0.00028     2.5002     2.5195    16.4757    16.4827    36.1980    36.1987    26.5592    26.5572    1502.03    108.768    109.611         30 0.0000e+00
      86645   3610.175    207.515    209.000    16.6194    16.6421   4.598302   4.600876     1.7927     1.4759      91.60   27.33218  -94.99706    0.00019    0.00013     2.5036     2.5278    16.5851    16.6078    36.2090    36.2111    26.5414    26.5377    1501.70    108.918    109.975         35 0.0000e+00
      86906   3621.046    201.561    203.000    16.7314    16.7296   4.611367   4.610902     1.7963     1.4770     100.00   27.33205  -94.99663    0.00083    0.00020     2.5040     2.5240    16.6980    16.6962    36.2254    36.2229    26.5273    26.5258    1501.69    108.939    109.810         30 0.0000e+00
      87035   3626.435    196.599    198.000    16.8567    16.8636   4.626073   4.626653     1.8017     1.4821     100.01   27.33357  -95.00190    0.00122    0.00103     2.5080     2.5283    16.8239    16.8309    36.2443    36.2431    26.5120    26.5094    1501.78    109.116    109.998         31 0.0000e+00
      87166   3631.895    191.637    193.000    17.0331    17.0358   4.646966   4.647229     1.8062     1.4848      51.33   27.33563  -95.00904    0.00110    0.00075     2.5073     2.5247    17.0009    17.0037    36.2715    36.2713    26.4907    26.4899    1501.89    109.084    109.844         32 0.0000e+00
      87283   3636.743    186.674    188.000    17.2569    17.2649   4.673020   4.673742     1.8102     1.4872     100.01   27.33385  -95.00286    0.00132    0.00085     2.5027     2.5173    17.2253    17.2332    36.2991    36.2982    26.4577    26.4551    1501.79    108.890    109.523         30 0.0000e+00
      88087   3670.230    154.912    156.000    18.8378    18.8484   4.856912   4.858000     1.8782     1.5497     100.01   27.33405  -95.00355    0.00279    0.00203     2.5610     2.5805    18.8099    18.8205    36.4815    36.4813    26.2030    26.2002    1501.80    111.455    112.304         30 0.0000e+00
      88216   3675.630    151.934    153.000    19.0162    19.0288   4.877911   4.879517     1.8950     1.5695      87.40   27.33954  -95.02263    0.00220    0.00271     2.5875     2.6181    18.9887    19.0013    36.5047    36.5071    26.1755    26.1742    1502.10    112.612    113.944         30 0.0000e+00
      88351   3681.250    150.941    152.000    18.9440    19.0084   4.870967   4.875196     1.9030     1.5805      67.22   27.33217  -94.99706   -0.00126   -0.00030     2.6033     2.6400    18.9167    18.9814    36.5025    36.4858    26.1915    26.1622    1501.70    113.294    114.896         36 0.0000e+00
      90056   3752.295    147.963    149.000    19.4372    19.4597   4.924557   4.926950     1.9361     1.6023     100.02   27.33792  -95.01700   -0.00016   -0.00045     2.6539     2.6740    19.4100    19.4324    36.5265    36.5267    26.0828    26.0771    1502.02    115.509    116.387         32 0.0000e+00
      90343   3764.266    136.050    137.000    19.8238    19.8296   4.964893   4.965400     1.9587     1.6233      74.93   27.33137  -94.99421    0.00206    0.00155     2.6787     2.7013    19.7985    19.8042    36.5252    36.5244    25.9791    25.9769    1501.66    116.599    117.585         31 0.0000e+00
      90473   3769.654    131.087    132.000    20.0914    20.1126   4.991781   4.993896     1.9868     1.6524      59.01   27.33086  -94.99245    0.00722    0.00792     2.7234     2.7544    20.0667    20.0880    36.5161    36.5150    25.9008    25.8943    1501.63    118.555    119.907         35 0.0000e+00
      90606   3775.196    126.123    127.000    20.3992    20.4528   5.019036   5.023792     2.0515     1.7246     100.00   27.33117  -94.99349    0.01580    0.01967     2.8444     2.9056    20.3753    20.4287    36.4752    36.4680    25.7871    25.7671    1501.65    123.837    126.502         37 0.0000e+00
      90956   3789.810    121.159    122.000    20.6429    20.5965   5.040060   5.036888     2.1639     1.8019     100.09   27.35542  -95.07776    0.00947    0.00643     3.0686     3.0778    20.6197    20.5734    36.4505    36.4645    25.7052    25.7285    1502.98    133.612    134.008         35 0.0000e+00
      91022   3792.545    120.166    121.000    20.6593    20.7192   5.038584   5.043138     2.2027     1.8568      99.74   27.33216  -94.99692    0.00901    0.01387     3.1501     3.1989    20.6363    20.6961    36.4135    36.3992    25.6696    25.6425    1501.70    137.161    139.292         54 0.0000e+00
      92396   3849.801    115.202    116.000    21.0465    21.0303   5.075857   5.072755     2.3127     1.9473     100.05   27.34627  -95.04597    0.00259    0.00233     3.3570     3.3895    21.0242    21.0079    36.3929    36.3817    25.5500    25.5459    1502.48    146.192    147.605         32 0.0000e+00
      92383   3849.249    114.209    115.000    21.0843    21.0662   5.079260   5.076922     2.3044     1.9352     100.00   27.33214  -94.99686   -0.00034   -0.00333     3.3377     3.3583    21.0620    21.0439    36.3816    36.3751    25.5291    25.5291    1501.70    145.350    146.248         37 0.0000e+00
      92417   3850.677    113.216    114.000    21.1979    21.1873   5.090045   5.090064     2.2903     1.9267      54.20   27.33214  -94.99686   -0.00619   -0.00663     3.2959     3.3266    21.1759    21.1653    36.3858    36.3867    25.5010    25.5046    1501.70    143.535    144.872         30 0.0000e+00
      92447   3851.923    112.223    113.000    21.2116    21.2128   5.091763   5.091892     2.2897     1.9248      99.58   27.33214  -94.99686   -0.00649   -0.00572     3.2968     3.3247    21.1897    21.1909    36.3745    36.3745    25.4886    25.4883    1501.70    143.576    144.790         31 0.0000e+00
      92480   3853.286    111.231    112.000    21.2095    21.2184   5.089577   5.090436     2.3001     1.9372      99.99   27.33214  -94.99686   -0.00158   -0.00113     3.3186     3.3530    21.1878    21.1967    36.3591    36.3585    25.4774    25.4745    1501.70    144.528    146.026         36 0.0000e+00
      92514   3854.720    110.238    111.000    21.2116    21.2288   5.088520   5.089887     2.3304     1.9667     100.00   27.33214  -94.99686    0.01230    0.01302     3.3819     3.4201    21.1901    21.2073    36.3492    36.3456    25.4692    25.4617    1501.70    147.283    148.949         31 0.0000e+00
      92581   3857.512    108.252    109.000    21.3249    21.3392   5.099697   5.101003     2.3735     2.0095     100.01   27.33385  -95.00280    0.01659    0.01666     3.4642     3.5112    21.3037    21.3180    36.3443    36.3427    25.4344    25.4292    1501.79    150.875    152.923         34 0.0000e+00
      92611   3858.741    107.259    108.000    21.4080    21.4108   5.109812   5.110094     2.3913     2.0204     100.00   27.33214  -94.99686    0.01650    0.01472     3.4936     3.5310    21.3870    21.3897    36.3544    36.3542    25.4187    25.4179    1501.70    152.157    153.786         36 0.0000e+00
      92643   3860.103    106.266    107.000    21.5529    21.5259   5.126841   5.123257     2.3973     2.0224     100.00   27.33214  -94.99686    0.01189    0.00814     3.4972     3.5278    21.5319    21.5050    36.3682    36.3624    25.3891    25.3921    1501.70    152.320    153.652         30 0.0000e+00
      92673   3861.333    105.273    106.000    21.6525    21.6400   5.139040   5.137002     2.4000     2.0239     100.00   27.33214  -94.99686    0.00609    0.00283     3.4954     3.5232    21.6316    21.6192    36.3816    36.3759    25.3715    25.3706    1501.70    152.242    153.455         30 0.0000e+00
      92708   3862.803    104.280    105.000    21.7116    21.7264   5.144961   5.146152     2.4025     2.0253     100.00   27.33214  -94.99686    0.00262    0.00121     3.4964     3.5206    21.6909    21.7057    36.3793    36.3761    25.3531    25.3466    1501.70    152.288    153.342         41 0.0000e+00
      92749   3864.519    103.288    104.000    21.7031    21.7123   5.143657   5.144961     2.4051     2.0277     100.00   27.33214  -94.99686    0.00174    0.00103     3.5020     3.5264    21.6826    21.6918    36.3764    36.3790    25.3532    25.3526    1501.70    152.531    153.597         36 0.0000e+00
      92842   3868.378    101.302    102.000    21.8426    21.8557   5.156349   5.156887     2.4332     2.0556     100.04   27.34203  -95.03125    0.00432    0.00449     3.5508     3.5805    21.8261    21.8355    36.3663    36.3607    25.3067    25.2997    1502.24    154.666    155.962         30 0.0000e+00
      92845   3868.502    100.309    101.000    21.8596    21.8557   5.157238   5.156744     2.4592     2.0788     100.00   27.33214  -94.99686    0.01390    0.01283     3.6027     3.6330    21.8397    21.8357    36.3534    36.3528    25.2917    25.2924    1501.70    156.927    158.249         44 0.0000e+00
      92886   3870.214     99.316    100.000    21.8514    21.8538   5.156365   5.156641     2.4759     2.0910     100.00   27.33214  -94.99686    0.01766    0.01580     3.6367     3.6605    21.8298    21.8340    36.3552    36.3539    25.2959    25.2937    1501.70    158.407    159.446         34 0.0000e+00
      92972   3873.801     97.330     98.000    22.0483    22.0734   5.176234   5.177969     2.5057     2.1187     100.00   27.34030  -95.02521    0.00885    0.00717     3.6838     3.7078    22.0288    22.0539    36.3484    36.3404    25.2353    25.2220    1502.15    160.472    161.518         32 0.0000e+00
      92982   3874.192     96.337     97.000    22.0507    22.0830   5.175726   5.178501     2.5301     2.1501      98.84   27.33214  -94.99686    0.01476    0.01591     3.7344     3.7789    22.0314    22.0636    36.3405    36.3354    25.2280    25.2150    1501.70    162.672    164.615         43 0.0000e+00
      93021   3875.847     95.344     96.000    22.0649    22.0667   5.176672   5.176842     2.5433     2.1619     100.04   27.33214  -94.99686    0.01419    0.01663     3.7602     3.8064    22.0457    22.0476    36.3365    36.3363    25.2208    25.2202    1501.70    163.797    165.810         33 0.0000e+00
      93127   3880.237     93.358     94.000    22.1563    22.1693   5.186169   5.187062     2.5737     2.1852      96.03   27.34556  -95.04351    0.00910    0.00648     3.8157     3.8516    22.1375    22.1505    36.3423    36.3385    25.2012    25.1946    1502.44    166.221    167.786         35 0.0000e+00
      95529   3980.322     88.393     89.000    22.5214    22.5257   5.222840   5.223223     2.7911     2.3764     100.19   27.38489  -95.18016   -0.00040    0.00065     4.2328     4.2573    22.5034    22.5077    36.3477    36.3472    25.1068    25.1052    1504.60    184.415    185.484         38 0.0000e+00
      95453   3977.164     87.401     88.000    22.4769    22.4838   5.212655   5.213340     2.7865     2.3724      81.18   27.33214  -94.99682    0.00010    0.00091     4.2259     4.2499    22.4592    22.4661    36.2779    36.2775    25.0589    25.0566    1501.70    184.114    185.162         38 0.0000e+00
      96842   4035.033     76.477     77.000    23.1197    23.2412   5.280415   5.293286     2.9003     2.4880      99.97   27.32397  -94.96849    0.00244    0.00274     4.3991     4.4440    23.1039    23.2252    36.2725    36.2719    24.8678    24.8319    1501.25    191.695    193.659         46 0.0000e+00
      98570   4107.062     71.512     72.000    23.5224    23.5481   5.321934   5.323721     2.9978     2.5624      99.93   27.31333  -94.93139    0.00109    0.00131     4.5581     4.5819    23.5074    23.5330    36.2565    36.2624    24.7359    24.7338    1500.67    198.648    199.687         33 0.0000e+00
      98754   4114.708     70.519     71.000    23.5513    23.5766   5.326854   5.329659     3.0029     2.5713     100.00   27.33212  -94.99670    0.00013    0.00204     4.5656     4.5987    23.5365    23.5617    36.2810    36.2818    24.7488    24.7420    1501.70    198.974    200.418         44 0.0000e+00
      98865   4119.314     69.526     70.000    23.6408    23.7045   5.336906   5.343091     3.0165     2.5797     100.00   27.33212  -94.99670    0.00318    0.00183     4.5845     4.6080    23.6261    23.6898    36.2851    36.2834    24.7255    24.7054    1501.70    199.803    200.832         47 0.0000e+00
      98967   4123.568     68.533     69.000    23.7222    23.7886   5.345700   5.351071     3.0255     2.5978     100.00   27.33212  -94.99670    0.00145    0.00517     4.5948     4.6404    23.7077    23.7741    36.2860    36.2830    24.7021    24.6802    1501.70    200.259    202.249         45 0.0000e+00
      99077   4128.150     67.540     68.000    23.7591    23.8625   5.349635   5.360330     3.0388     2.6064     100.00   27.33212  -94.99668    0.00330    0.00316     4.6176     4.6522    23.7448    23.8482    36.2862    36.2883    24.6913    24.6622    1501.70    201.254    202.765         44 0.0000e+00
      99187   4132.737     66.547     67.000    23.8997    23.9449   5.365010   5.370458     3.0532     2.6321     100.00   27.33212  -94.99668    0.00438    0.00755     4.6361     4.6999    23.8856    23.9308    36.2889    36.2931    24.6516    24.6413    1501.70    202.064    204.849         51 0.0000e+00
      99576   4148.942     64.561     65.000    24.1378    24.1499   5.397389   5.398427     3.1203     2.6731      91.07   27.37718  -95.15329    0.00644    0.00296     4.7446     4.7728    24.1240    24.1362    36.3596    36.3649    24.6407    24.6416    1504.18    206.806    208.037         31 0.0000e+00
      99509   4146.161     63.568     64.000    24.1182    24.1499   5.390699   5.394399     3.1259     2.6856      99.17   27.33212  -94.99666    0.00292    0.00300     4.7564     4.7979    24.1046    24.1364    36.3072    36.3084    24.6002    24.5913    1501.70    207.323    209.133         47 0.0000e+00
      99613   4150.519     62.575     63.000    24.1476    24.1970   5.393845   5.399526     3.1399     2.7026      84.09   27.33212  -94.99666    0.00165    0.00307     4.7809     4.8310    24.1342    24.1836    36.3074    36.3103    24.5915    24.5793    1501.70    208.391    210.576         36 0.0000e+00
      99488   4145.308     60.588     61.000    24.1361    24.2807   5.384595   5.400627     3.1585     2.7179      99.68   27.24361  -94.68908    0.00533    0.00247     4.8152     4.8606    24.1231    24.2681    36.1985    36.2339    24.4983    24.4878    1496.84    209.888    211.870         33 0.0000e+00
      99941   4164.171     59.596     60.000    24.3886    24.3979   5.421096   5.422296     3.1891     2.7388     100.00   27.33210  -94.99664    0.00401    0.00200     4.8562     4.8906    24.3796    24.3850    36.3156    36.3215    24.5240    24.5267    1501.70    211.686    213.186         30 0.0000e+00
