Gulf of Mexico/GOMECC-4/1db/rb2103_0941.ros
* Sea-Bird SBE 9 Data File:
* FileName = C:\Users\scs.user.rb\CTD\GOMECC4\data\rb2103_0941.hex
* Software Version Seasave V 7.26.7.107
* Temperature SN = 4799
* Conductivity SN = 3860
* Number of Bytes Per Scan = 41
* Number of Voltage Words = 4
* Number of Scans Averaged by the Deck Unit = 1
* NMEA Latitude = 21 42.03 N
* NMEA Longitude = 089 40.01 W
* NMEA UTC (Time) = Oct 10 2021  22:28:41
* NMEA baud rate = 4800
# nquan = 17
# nvalues = 1197                                  
# units = specified
# name 0 = scan: Scan Count
# name 1 = timeS: Time, Elapsed [seconds]
# name 2 = depSM: Depth [salt water, m]
# name 3 = prDM: Pressure, Digiquartz [db]
# name 4 = t090C: Temperature [ITS-90, deg C]
# name 5 = t190C: Temperature, 2 [ITS-90, deg C]
# name 6 = c0S/m: Conductivity [S/m]
# name 7 = c1S/m: Conductivity, 2 [S/m]
# name 8 = sbeox0V: Oxygen raw, SBE 43 [V]
# name 9 = sbeox1V: Oxygen raw, SBE 43, 2 [V]
# name 10 = altM: Altimeter [m]
# name 11 = latitude: Latitude [deg]
# name 12 = longitude: Longitude [deg]
# name 13 = sbox0dV/dT: Oxygen, SBE 43 [dov/dt]
# name 14 = sbox1dV/dT: Oxygen, SBE 43, 2 [dov/dt]
# name 15 = nbf: Bottles Fired
# name 16 = flag:  0.000e+00
# interval = seconds: 0.0416667
# start_time = Oct 10 2021 22:28:41 [NMEA time, header]
# bad_flag = -9.990e-29
*END*
[from data line 511]
      25903   1079.250     10.169     10.233    28.8278    28.8229   5.927253   5.926958     3.1905     2.7094      18.88   21.70052  -89.66702   -0.00126   -0.00091          4  0.000e+00
      25904   1079.292     10.216     10.281    28.8276    28.8229   5.927205   5.926934     3.1893     2.7094      18.88   21.70052  -89.66702   -0.00129   -0.00094          4  0.000e+00
      25905   1079.333     10.169     10.233    28.8276    28.8231   5.927125   5.926999     3.1905     2.7094      18.88   21.70052  -89.66702   -0.00128   -0.00097          4  0.000e+00
      25906   1079.375     10.216     10.281    28.8269    28.8231   5.927086   5.926982     3.1905     2.7094      18.88   21.70052  -89.66702   -0.00129   -0.00098          4  0.000e+00
      25907   1079.417     10.169     10.233    28.8269    28.8233   5.927133   5.926974     3.1893     2.7094      18.88   21.70052  -89.66702   -0.00129   -0.00099          4  0.000e+00
      25908   1079.458     10.216     10.281    28.8267    28.8233   5.927181   5.926974     3.1905     2.7094      18.88   21.70052  -89.66702   -0.00130   -0.00099          4  0.000e+00
      25909   1079.500     10.216     10.281    28.8266    28.8233   5.927157   5.927007     3.1905     2.7094      18.88   21.70052  -89.66702   -0.00129   -0.00100          4  0.000e+00
      25910   1079.542     10.169     10.233    28.8265    28.8231   5.927133   5.926950     3.1905     2.7094      18.90   21.70052  -89.66702   -0.00129   -0.00100          4  0.000e+00
      25911   1079.583     10.216     10.281    28.8271    28.8233   5.927181   5.926958     3.1917     2.7094      18.90   21.70052  -89.66702   -0.00126   -0.00101          4  0.000e+00
      25912   1079.625     10.169     10.233    28.8267    28.8233   5.927125   5.926934     3.1917     2.7094      18.90   21.70052  -89.66702   -0.00123   -0.00101          4  0.000e+00
      25913   1079.667     10.271     10.335    28.8262    28.8233   5.927101   5.926958     3.1917     2.7094      18.90   21.70052  -89.66702   -0.00122   -0.00099          4  0.000e+00
      25914   1079.708     10.216     10.281    28.8258    28.8231   5.927086   5.926974     3.1917     2.7094      18.90   21.70052  -89.66702   -0.00121   -0.00098          4  0.000e+00
      25915   1079.750     10.169     10.233    28.8260    28.8233   5.927093   5.927007     3.1917     2.7094      18.90   21.70052  -89.66702   -0.00118   -0.00098          4  0.000e+00
      25916   1079.792     10.216     10.281    28.8258    28.8233   5.927101   5.926982     3.1917     2.7094      18.90   21.70052  -89.66702   -0.00114   -0.00099          4  0.000e+00
      25917   1079.833     10.216     10.281    28.8260    28.8233   5.927030   5.926934     3.1917     2.7094      18.90   21.70052  -89.66702   -0.00111   -0.00100          4  0.000e+00
      25918   1079.875     10.216     10.281    28.8260    28.8235   5.927062   5.926958     3.1917     2.7094      18.90   21.70052  -89.66702   -0.00108   -0.00100          4  0.000e+00
      25919   1079.917     10.216     10.281    28.8256    28.8237   5.927062   5.927047     3.1917     2.7094      18.90   21.70052  -89.66702   -0.00105   -0.00103          4  0.000e+00
      25920   1079.958     10.216     10.281    28.8258    28.8239   5.927054   5.927071     3.1917     2.7094      18.90   21.70052  -89.66702   -0.00102   -0.00105          4  0.000e+00
      25921   1080.000     10.216     10.281    28.8255    28.8240   5.927014   5.927103     3.1917     2.7094      18.90   21.70052  -89.66702   -0.00098   -0.00109          4  0.000e+00
      25922   1080.042     10.216     10.281    28.8258    28.8239   5.927038   5.927079     3.1905     2.7094      18.90   21.70052  -89.66702   -0.00097   -0.00113          4  0.000e+00
      25923   1080.083     10.216     10.281    28.8258    28.8242   5.927038   5.927103     3.1905     2.7094      18.90   21.70052  -89.66702   -0.00095   -0.00117          4  0.000e+00
      26149   1089.500     10.216     10.281    28.8225    28.8264   5.926871   5.927531     3.1929     2.7143      18.88   21.70054  -89.66702    0.00060    0.00036          5  0.000e+00
      26150   1089.542     10.122     10.185    28.8225    28.8268   5.926823   5.927588     3.1929     2.7143      18.88   21.70054  -89.66702    0.00053    0.00037          5  0.000e+00
      26151   1089.583     10.122     10.185    28.8227    28.8277   5.926815   5.927604     3.1929     2.7143      18.88   21.70054  -89.66702    0.00045    0.00037          5  0.000e+00
      26152   1089.625     10.169     10.233    28.8235    28.8277   5.926870   5.927564     3.1929     2.7143      18.85   21.70054  -89.66702    0.00040    0.00038          5  0.000e+00
      26153   1089.667     10.068     10.131    28.8232    28.8276   5.926870   5.927555     3.1929     2.7143      18.88   21.70054  -89.66702    0.00032    0.00038          5  0.000e+00
      26154   1089.708     10.169     10.233    28.8236    28.8281   5.926783   5.927556     3.1929     2.7143      18.88   21.70054  -89.66702    0.00025    0.00039          5  0.000e+00
      26155   1089.750     10.169     10.233    28.8245    28.8276   5.926831   5.927556     3.1941     2.7155      18.88   21.70054  -89.66702    0.00019    0.00039          5  0.000e+00
      26156   1089.792     10.122     10.185    28.8249    28.8279   5.926918   5.927628     3.1941     2.7155      18.85   21.70052  -89.66702    0.00015    0.00040          5  0.000e+00
      26157   1089.833     10.169     10.233    28.8251    28.8283   5.926918   5.927725     3.1941     2.7155      18.85   21.70052  -89.66702    0.00010    0.00040          5  0.000e+00
      26158   1089.875     10.122     10.185    28.8239    28.8290   5.926942   5.927782     3.1954     2.7155      18.88   21.70052  -89.66702    0.00008    0.00039          5  0.000e+00
      26159   1089.917     10.122     10.185    28.8223    28.8290   5.926958   5.927757     3.1941     2.7155      18.88   21.70052  -89.66702    0.00003    0.00038          5  0.000e+00
      26160   1089.958     10.169     10.233    28.8219    28.8294   5.927030   5.927782     3.1941     2.7155      18.88   21.70052  -89.66702   -0.00001    0.00036          5  0.000e+00
      26161   1090.000     10.068     10.131    28.8223    28.8294   5.927006   5.927757     3.1954     2.7155      18.88   21.70052  -89.66702   -0.00004    0.00033          5  0.000e+00
      26162   1090.042     10.169     10.233    28.8233    28.8296   5.926966   5.927709     3.1954     2.7155      18.88   21.70052  -89.66702   -0.00007    0.00030          5  0.000e+00
      26163   1090.083     10.169     10.233    28.8243    28.8294   5.927030   5.927773     3.1954     2.7155      18.85   21.70052  -89.66702   -0.00008    0.00026          5  0.000e+00
      26164   1090.125     10.122     10.185    28.8244    28.8296   5.926942   5.927725     3.1954     2.7155      18.85   21.70052  -89.66702   -0.00010    0.00022          5  0.000e+00
      26165   1090.167     10.115     10.178    28.8236    28.8294   5.926894   5.927806     3.1954     2.7167      18.85   21.70052  -89.66702   -0.00011    0.00020          5  0.000e+00
      26166   1090.208     10.122     10.185    28.8231    28.8298   5.926902   5.927733     3.1966     2.7167      18.85   21.70052  -89.66702   -0.00011    0.00017          5  0.000e+00
      26167   1090.250     10.122     10.185    28.8210    28.8294   5.926839   5.927733     3.1966     2.7167      18.88   21.70052  -89.66702   -0.00011    0.00012          5  0.000e+00
      26168   1090.292     10.122     10.185    28.8200    28.8294   5.926847   5.927782     3.1966     2.7167      18.88   21.70052  -89.66702   -0.00011    0.00010          5  0.000e+00
      26169   1090.333     10.169     10.233    28.8198    28.8294   5.926847   5.927757     3.1966     2.7167      18.88   21.70052  -89.66702   -0.00009    0.00007          5  0.000e+00
      26170   1090.375     10.122     10.185    28.8210    28.8292   5.926855   5.927677     3.1966     2.7167      18.85   21.70052  -89.66702   -0.00009    0.00005          5  0.000e+00
      26171   1090.417     10.122     10.185    28.8227    28.8288   5.926894   5.927539     3.1978     2.7167      18.88   21.70052  -89.66702   -0.00008    0.00002          5  0.000e+00
      26172   1090.458     10.122     10.185    28.8245    28.8292   5.926910   5.927612     3.1966     2.7155      18.88   21.70052  -89.66702   -0.00007   -0.00003          5  0.000e+00
      26173   1090.500     10.115     10.178    28.8256    28.8292   5.926966   5.927652     3.1966     2.7167      18.90   21.70052  -89.66702   -0.00005   -0.00004          5  0.000e+00
      26174   1090.542     10.169     10.233    28.8258    28.8290   5.926998   5.927685     3.1966     2.7167      18.93   21.70052  -89.66702   -0.00004   -0.00006          5  0.000e+00
      26175   1090.583     10.122     10.185    28.8260    28.8290   5.927038   5.927660     3.1966     2.7167      18.93   21.70052  -89.66702   -0.00003   -0.00007          5  0.000e+00
      26176   1090.625     10.122     10.185    28.8256    28.8288   5.927014   5.927644     3.1966     2.7167      18.93   21.70052  -89.66702   -0.00002   -0.00007          5  0.000e+00
      26177   1090.667     10.122     10.185    28.8252    28.8287   5.927038   5.927685     3.1966     2.7179      18.93   21.70052  -89.66702   -0.00001   -0.00005          5  0.000e+00
      26178   1090.708     10.122     10.185    28.8247    28.8287   5.927038   5.927628     3.1966     2.7167      18.93   21.70052  -89.66702    0.00000   -0.00006          5  0.000e+00
      26179   1090.750     10.122     10.185    28.8256    28.8287   5.927046   5.927636     3.1966     2.7179      18.93   21.70052  -89.66702    0.00001   -0.00002          5  0.000e+00
      26180   1090.792     10.122     10.185    28.8258    28.8285   5.927014   5.927685     3.1966     2.7167      18.93   21.70054  -89.66702    0.00002   -0.00001          5  0.000e+00
      26181   1090.833     10.115     10.178    28.8255    28.8287   5.927006   5.927660     3.1954     2.7179      18.93   21.70054  -89.66702    0.00001    0.00003          5  0.000e+00
      26182   1090.875     10.169     10.233    28.8245    28.8287   5.927030   5.927685     3.1954     2.7179      18.93   21.70054  -89.66702   -0.00000    0.00006          5  0.000e+00
      26183   1090.917     10.122     10.185    28.8238    28.8285   5.927014   5.927628     3.1954     2.7179      18.93   21.70054  -89.66702   -0.00001    0.00009          5  0.000e+00
      26184   1090.958     10.122     10.185    28.8230    28.8288   5.926966   5.927636     3.1941     2.7167      18.93   21.70054  -89.66702   -0.00002    0.00012          5  0.000e+00
      26185   1091.000     10.122     10.185    28.8233    28.8287   5.926990   5.927612     3.1941     2.7167      18.93   21.70054  -89.66702   -0.00003    0.00015          5  0.000e+00
      26186   1091.042     10.122     10.185    28.8238    28.8288   5.926958   5.927636     3.1941     2.7167      18.93   21.70054  -89.66702   -0.00004    0.00018          5  0.000e+00
      26187   1091.083     10.169     10.233    28.8234    28.8288   5.926878   5.927612     3.1941     2.7155      18.93   21.70054  -89.66702   -0.00005    0.00020          5  0.000e+00
      26188   1091.125     10.122     10.185    28.8231    28.8287   5.926934   5.927604     3.1941     2.7155      18.93   21.70054  -89.66702   -0.00006    0.00021          5  0.000e+00
      26189   1091.167      9.973     10.035    28.8219    28.8285   5.926847   5.927531     3.1941     2.7155      18.93   21.70054  -89.66702   -0.00007    0.00021          5  0.000e+00
      26190   1091.208     10.264     10.328    28.8214    28.8281   5.926767   5.927539     3.1941     2.7155      18.93   21.70054  -89.66702   -0.00006    0.00020          5  0.000e+00
      26191   1091.250     10.122     10.185    28.8208    28.8281   5.926647   5.927628     3.1941     2.7155      18.93   21.70054  -89.66702   -0.00007    0.00020          5  0.000e+00
      26192   1091.292     10.169     10.233    28.8203    28.8283   5.926616   5.927580     3.1954     2.7143      18.93   21.70054  -89.66702   -0.00006    0.00018          5  0.000e+00
      26193   1091.333     10.122     10.185    28.8209    28.8283   5.926576   5.927555     3.1941     2.7143      18.93   21.70054  -89.66702   -0.00007    0.00016          5  0.000e+00
      26194   1091.375     10.122     10.185    28.8213    28.8279   5.926600   5.927483     3.1941     2.7131      18.93   21.70054  -89.66702   -0.00007    0.00012          5  0.000e+00
      26195   1091.417     10.122     10.185    28.8223    28.8268   5.926568   5.927459     3.1941     2.7131      18.93   21.70054  -89.66702   -0.00008    0.00008          5  0.000e+00
      26196   1091.458     10.122     10.185    28.8215    28.8263   5.926600   5.927386     3.1941     2.7131      18.93   21.70054  -89.66702   -0.00009    0.00005          5  0.000e+00
      26197   1091.500     10.068     10.131    28.8205    28.8261   5.926544   5.927362     3.1941     2.7131      18.93   21.70054  -89.66702   -0.00009    0.00001          5  0.000e+00
      26198   1091.542     10.216     10.281    28.8191    28.8259   5.926520   5.927321     3.1941     2.7131      18.90   21.70054  -89.66702   -0.00008   -0.00002          5  0.000e+00
      26199   1091.583     10.122     10.185    28.8176    28.8253   5.926472   5.927241     3.1941     2.7131      18.93   21.70054  -89.66702   -0.00007   -0.00006          5  0.000e+00
      26200   1091.625     10.122     10.185    28.8171    28.8253   5.926433   5.927176     3.1941     2.7131      18.93   21.70054  -89.66702   -0.00006   -0.00009          5  0.000e+00
      26201   1091.667     10.169     10.233    28.8177    28.8244   5.926385   5.927168     3.1941     2.7131      18.93   21.70054  -89.66702   -0.00004   -0.00012          5  0.000e+00
      26202   1091.708     10.122     10.185    28.8174    28.8242   5.926448   5.927128     3.1941     2.7131      18.93   21.70054  -89.66702   -0.00003   -0.00016          5  0.000e+00
      26203   1091.750     10.169     10.233    28.8189    28.8244   5.926576   5.927047     3.1941     2.7131      18.93   21.70054  -89.66702   -0.00003   -0.00019          5  0.000e+00
      26204   1091.792     10.122     10.185    28.8214    28.8240   5.926711   5.926982     3.1941     2.7131      18.93   21.70052  -89.66702   -0.00001   -0.00022          5  0.000e+00
      26205   1091.833     10.169     10.233    28.8228    28.8233   5.926751   5.927007     3.1954     2.7118      18.93   21.70052  -89.66702    0.00000   -0.00026          5  0.000e+00
      26206   1091.875     10.115     10.178    28.8235    28.8231   5.926719   5.926950     3.1941     2.7131      18.93   21.70052  -89.66702    0.00002   -0.00029          5  0.000e+00
      26207   1091.917     10.169     10.233    28.8234    28.8229   5.926823   5.926926     3.1954     2.7131      18.93   21.70052  -89.66702    0.00004   -0.00032          5  0.000e+00
      26208   1091.958     10.122     10.185    28.8227    28.8227   5.926847   5.926958     3.1954     2.7131      18.93   21.70052  -89.66702    0.00005   -0.00033          5  0.000e+00
      26209   1092.000     10.122     10.185    28.8231    28.8231   5.926894   5.926070     3.1954     2.7131      18.93   21.70052  -89.66702    0.00007   -0.00034          5  0.000e+00
      26210   1092.042     10.169     10.233    28.8232    28.8233   5.926910   5.925771     3.1954     2.7131      18.93   21.70052  -89.66702    0.00009   -0.00035          5  0.000e+00
      26211   1092.083     10.122     10.185    28.8227    28.8237   5.926942   5.926563     3.1954     2.7131      18.93   21.70052  -89.66702    0.00010   -0.00035          5  0.000e+00
