Gulf of Mexico/GOMECC-4/1db/rb2103_0341.ros
* Sea-Bird SBE 9 Data File:
* FileName = C:\Users\scs.user.rb\CTD\GOMECC4\data\rb2103_0341.hex
* Software Version Seasave V 7.26.7.107
* Temperature SN = 4799
* Conductivity SN = 3860
* Number of Bytes Per Scan = 41
* Number of Voltage Words = 4
* Number of Scans Averaged by the Deck Unit = 1
* NMEA Latitude = 29 03.10 N
* NMEA Longitude = 087 31.28 W
* NMEA UTC (Time) = Sep 24 2021  06:51:00
* NMEA baud rate = 4800
# nquan = 17
# nvalues = 2660                                  
# units = specified
# name 0 = scan: Scan Count
# name 1 = timeS: Time, Elapsed [seconds]
# name 2 = depSM: Depth [salt water, m]
# name 3 = prDM: Pressure, Digiquartz [db]
# name 4 = t090C: Temperature [ITS-90, deg C]
# name 5 = t190C: Temperature, 2 [ITS-90, deg C]
# name 6 = c0S/m: Conductivity [S/m]
# name 7 = c1S/m: Conductivity, 2 [S/m]
# name 8 = sbeox0V: Oxygen raw, SBE 43 [V]
# name 9 = sbeox1V: Oxygen raw, SBE 43, 2 [V]
# name 10 = altM: Altimeter [m]
# name 11 = latitude: Latitude [deg]
# name 12 = longitude: Longitude [deg]
# name 13 = sbox0dV/dT: Oxygen, SBE 43 [dov/dt]
# name 14 = sbox1dV/dT: Oxygen, SBE 43, 2 [dov/dt]
# name 15 = nbf: Bottles Fired
# name 16 = flag:  0.000e+00
# interval = seconds: 0.0416667
# start_time = Sep 24 2021 06:51:00 [NMEA time, header]
# bad_flag = -9.990e-29
*END*
[from data line 1618]
     114189   4757.833    109.268    110.038    19.4703    19.4336   4.919499   4.914928     1.9499     1.6154     100.00   29.05218  -87.52172    0.00017    0.00038         13  0.000e+00
     114190   4757.875    109.290    110.060    19.4700    19.4339   4.919433   4.915033     1.9499     1.6154     100.00   29.05218  -87.52172    0.00015    0.00038         13  0.000e+00
     114191   4757.917    109.290    110.060    19.4700    19.4308   4.919440   4.915055     1.9499     1.6154     100.00   29.05218  -87.52172    0.00013    0.00039         13  0.000e+00
     114192   4757.958    109.268    110.038    19.4698    19.4318   4.919418   4.915070     1.9499     1.6154     100.00   29.05218  -87.52172    0.00010    0.00040         13  0.000e+00
     114193   4758.000    109.351    110.121    19.4695    19.4343   4.919389   4.915137     1.9499     1.6142     100.00   29.05218  -87.52172    0.00008    0.00039         13  0.000e+00
     114194   4758.042    109.268    110.038    19.4695    19.4363   4.919433   4.915122     1.9512     1.6154     100.00   29.05218  -87.52172    0.00007    0.00039         13  0.000e+00
     114195   4758.083    109.291    110.061    19.4695    19.4369   4.919389   4.915144     1.9499     1.6154     100.00   29.05218  -87.52172    0.00005    0.00040         13  0.000e+00
     114196   4758.125    109.291    110.061    19.4696    19.4357   4.919396   4.915115     1.9499     1.6166     100.00   29.05218  -87.52172    0.00002    0.00042         13  0.000e+00
     114197   4758.167    109.268    110.038    19.4696    19.4334   4.919411   4.915047     1.9499     1.6154     100.00   29.05218  -87.52172 7.0337e-07    0.00043         13  0.000e+00
     114198   4758.208    109.291    110.061    19.4693    19.4315   4.919381   4.915003     1.9499     1.6154     100.00   29.05218  -87.52172   -0.00002    0.00044         13  0.000e+00
     114199   4758.250    109.268    110.038    19.4690    19.4309   4.919322   4.914958     1.9499     1.6154     100.00   29.05218  -87.52172   -0.00005    0.00044         13  0.000e+00
     114200   4758.292    109.291    110.061    19.4690    19.4304   4.919322   4.914794     1.9499     1.6154     100.00   29.05218  -87.52172   -0.00007    0.00044         13  0.000e+00
     114201   4758.333    109.238    110.007    19.4689    19.4297   4.919330   4.914637     1.9512     1.6154     100.00   29.05218  -87.52172   -0.00008    0.00045         13  0.000e+00
     114202   4758.375    109.268    110.038    19.4691    19.4285   4.919359   4.914458     1.9487     1.6154     100.00   29.05218  -87.52172   -0.00012    0.00045         13  0.000e+00
     114203   4758.417    109.291    110.061    19.4686    19.4276   4.919337   4.914257     1.9499     1.6154     100.00   29.05218  -87.52172   -0.00014    0.00046         13  0.000e+00
     114204   4758.458    109.268    110.038    19.4674    19.4271   4.919330   4.914078     1.9499     1.6154     100.00   29.05218  -87.52172   -0.00017    0.00046         13  0.000e+00
     114205   4758.500    109.238    110.007    19.4677    19.4265   4.919337   4.914011     1.9499     1.6154     100.00   29.05218  -87.52172   -0.00019    0.00048         13  0.000e+00
     114206   4758.542    109.291    110.061    19.4681    19.4252   4.919330   4.913981     1.9499     1.6154     100.00   29.05218  -87.52172   -0.00021    0.00048         13  0.000e+00
     114207   4758.583    109.155    109.924    19.4677    19.4234   4.919263   4.913959     1.9499     1.6154     100.00   29.05218  -87.52172   -0.00024    0.00048         13  0.000e+00
     114208   4758.625    109.291    110.061    19.4674    19.4217   4.919182   4.913929     1.9499     1.6154     100.00   29.05218  -87.52172   -0.00024    0.00049         13  0.000e+00
     114209   4758.667    109.215    109.985    19.4672    19.4197   4.919190   4.913884     1.9499     1.6154     100.00   29.05218  -87.52172   -0.00027    0.00049         13  0.000e+00
     114210   4758.708    109.291    110.061    19.4667    19.4192   4.919109   4.913698     1.9499     1.6154     100.00   29.05218  -87.52172   -0.00027    0.00049         13  0.000e+00
     114211   4758.750    109.238    110.008    19.4653    19.4195   4.919057   4.913474     1.9499     1.6154     100.00   29.05218  -87.52172   -0.00028    0.00049         13  0.000e+00
     114212   4758.792    109.215    109.985    19.4648    19.4175   4.918976   4.913333     1.9499     1.6154     100.00   29.05218  -87.52172   -0.00028    0.00049         13  0.000e+00
     114213   4758.833    109.238    110.008    19.4632    19.4153   4.918984   4.913303     1.9499     1.6154     100.00   29.05218  -87.52172   -0.00029    0.00049         13  0.000e+00
     114214   4758.875    109.215    109.985    19.4614    19.4127   4.918932   4.913422     1.9499     1.6154     100.00   29.05218  -87.52172   -0.00029    0.00049         13  0.000e+00
     114215   4758.917    109.238    110.008    19.4618    19.4114   4.918881   4.913504     1.9499     1.6154     100.00   29.05218  -87.52172   -0.00030    0.00049         13  0.000e+00
     114216   4758.958    109.178    109.947    19.4622    19.4113   4.918822   4.913542     1.9499     1.6154     100.00   29.05218  -87.52172   -0.00032    0.00049         13  0.000e+00
     114217   4759.000    109.215    109.985    19.4629    19.4126   4.918792   4.913512     1.9499     1.6154     100.00   29.05218  -87.52172   -0.00032    0.00049         13  0.000e+00
     114218   4759.042    109.238    110.008    19.4620    19.4141   4.918756   4.913504     1.9499     1.6154     100.00   29.05218  -87.52172   -0.00034    0.00049         13  0.000e+00
     114219   4759.083    109.215    109.985    19.4610    19.4131   4.918719   4.913452     1.9499     1.6154     100.00   29.05218  -87.52172   -0.00035    0.00048         13  0.000e+00
     114220   4759.125    109.178    109.947    19.4602    19.4122   4.918734   4.913392     1.9512     1.6154     100.00   29.05218  -87.52172   -0.00033    0.00048         13  0.000e+00
     114221   4759.167    109.178    109.947    19.4610    19.4128   4.918653   4.913318     1.9499     1.6154     100.00   29.05218  -87.52172   -0.00035    0.00048         13  0.000e+00
     114222   4759.208    109.216    109.985    19.4623    19.4130   4.918631   4.913266     1.9499     1.6154     100.00   29.05218  -87.52172   -0.00036    0.00048         13  0.000e+00
     114223   4759.250    109.178    109.947    19.4634    19.4143   4.918564   4.913206     1.9499     1.6154     100.00   29.05218  -87.52172   -0.00034    0.00047         13  0.000e+00
     114224   4759.292    109.216    109.985    19.4636    19.4165   4.918572   4.913176     1.9499     1.6154     100.00   29.05218  -87.52172   -0.00034    0.00045         13  0.000e+00
     114225   4759.333    109.178    109.947    19.4631    19.4184   4.918586   4.913176     1.9512     1.6154     100.00   29.05218  -87.52172   -0.00033    0.00045         13  0.000e+00
     114226   4759.375    109.178    109.947    19.4630    19.4174   4.918608   4.913109     1.9499     1.6142     100.00   29.05218  -87.52172   -0.00033    0.00042         13  0.000e+00
     114227   4759.417    109.216    109.985    19.4636    19.4151   4.918630   4.913005     1.9499     1.6142     100.00   29.05218  -87.52172   -0.00035    0.00038         13  0.000e+00
     114228   4759.458    109.125    109.894    19.4637    19.4127   4.918689   4.912796     1.9499     1.6142     100.00   29.05218  -87.52172   -0.00035    0.00036         13  0.000e+00
     114229   4759.500    109.216    109.985    19.4631    19.4086   4.918734   4.912632     1.9499     1.6154     100.00   29.05218  -87.52172   -0.00037    0.00034         13  0.000e+00
     114230   4759.542    109.178    109.947    19.4630    19.4065   4.918748   4.912535     1.9499     1.6154     100.00   29.05218  -87.52172   -0.00039    0.00032         13  0.000e+00
     114231   4759.583    109.178    109.947    19.4637    19.4080   4.918778   4.912520     1.9499     1.6154     100.00   29.05218  -87.52172   -0.00039    0.00031         13  0.000e+00
     114232   4759.625    109.216    109.985    19.4636    19.4077   4.918829   4.912401     1.9499     1.6154     100.00   29.05218  -87.52172   -0.00041    0.00030         13  0.000e+00
     114233   4759.667    109.125    109.894    19.4644    19.4065   4.918837   4.912349     1.9499     1.6154     100.00   29.05218  -87.52172   -0.00041    0.00030         13  0.000e+00
     114234   4759.708    109.216    109.985    19.4653    19.4025   4.918895   4.912282     1.9499     1.6154     100.00   29.05218  -87.52172   -0.00041    0.00027         13  0.000e+00
     114235   4759.750    109.178    109.947    19.4653    19.3981   4.918917   4.912267     1.9499     1.6154     100.00   29.05218  -87.52172   -0.00041    0.00026         13  0.000e+00
     114236   4759.792    109.178    109.947    19.4641    19.3981   4.918918   4.912274     1.9512     1.6154     100.00   29.05218  -87.52172   -0.00039    0.00025         13  0.000e+00
     114237   4759.833    109.216    109.985    19.4625    19.3953   4.918940   4.912237     1.9512     1.6154     100.00   29.05218  -87.52172   -0.00037    0.00024         13  0.000e+00
     114238   4759.875    109.178    109.947    19.4629    19.3913   4.918903   4.912163     1.9512     1.6154     100.00   29.05218  -87.52172   -0.00035    0.00022         13  0.000e+00
     114239   4759.917    109.156    109.925    19.4643    19.3925   4.918910   4.912058     1.9499     1.6154     100.00   29.05218  -87.52172   -0.00033    0.00021         13  0.000e+00
     114240   4759.958    109.178    109.947    19.4648    19.3938   4.918940   4.911894     1.9499     1.6154     100.00   29.05218  -87.52172   -0.00033    0.00020         13  0.000e+00
     114241   4760.000    109.178    109.947    19.4648    19.3945   4.918925   4.911760     1.9499     1.6154     100.00   29.05218  -87.52172   -0.00033    0.00019         13  0.000e+00
     114242   4760.042    109.216    109.986    19.4648    19.3925   4.918940   4.911603     1.9499     1.6154     100.00   29.05218  -87.52172   -0.00033    0.00017         13  0.000e+00
     114243   4760.083    109.178    109.947    19.4650    19.3924   4.918903   4.911507     1.9499     1.6154     100.00   29.05218  -87.52172   -0.00033    0.00016         13  0.000e+00
     114244   4760.125    109.216    109.986    19.4644    19.3960   4.918873   4.911670     1.9499     1.6154     100.00   29.05218  -87.52172   -0.00032    0.00015         13  0.000e+00
     114245   4760.167    109.239    110.009    19.4639    19.4006   4.918962   4.911916     1.9499     1.6154     100.00   29.05218  -87.52172   -0.00034    0.00014         13  0.000e+00
     114246   4760.208    109.178    109.948    19.4639    19.4053   4.918998   4.912192     1.9512     1.6154     100.00   29.05218  -87.52172   -0.00032    0.00014         13  0.000e+00
     114247   4760.250    109.216    109.986    19.4648    19.4053   4.919028   4.912274     1.9499     1.6154     100.00   29.05218  -87.52172   -0.00032    0.00013         13  0.000e+00
     114248   4760.292    109.178    109.948    19.4648    19.4059   4.919043   4.912267     1.9512     1.6154     100.00   29.05218  -87.52172   -0.00028    0.00012         13  0.000e+00
     114249   4760.333    109.269    110.039    19.4651    19.4072   4.919050   4.912200     1.9512     1.6154     100.00   29.05218  -87.52172   -0.00026    0.00011         13  0.000e+00
     114250   4760.375    109.179    109.948    19.4655    19.4051   4.919072   4.912155     1.9512     1.6154     100.00   29.05218  -87.52172   -0.00022    0.00011         13  0.000e+00
     114251   4760.417    109.239    110.009    19.4653    19.4032   4.919050   4.912185     1.9499     1.6154     100.00   29.05218  -87.52172   -0.00021    0.00010         13  0.000e+00
     114252   4760.458    109.216    109.986    19.4646    19.4013   4.919102   4.912312     1.9499     1.6154     100.00   29.05218  -87.52172   -0.00021    0.00008         13  0.000e+00
     114253   4760.500    109.239    110.009    19.4655    19.4002   4.919087   4.912565     1.9499     1.6154     100.00   29.05218  -87.52172   -0.00020    0.00007         13  0.000e+00
     114254   4760.542    109.216    109.986    19.4669    19.4041   4.919234   4.912818     1.9499     1.6154     100.00   29.05218  -87.52172   -0.00020    0.00005         13  0.000e+00
     114255   4760.583    109.239    110.009    19.4686    19.4065   4.919359   4.912990     1.9499     1.6154     100.00   29.05218  -87.52172   -0.00019    0.00004         13  0.000e+00
     114256   4760.625    109.239    110.009    19.4693    19.4072   4.919403   4.913139     1.9512     1.6154     100.00   29.05218  -87.52172   -0.00017    0.00002         13  0.000e+00
     114257   4760.667    109.269    110.039    19.4698    19.4088   4.919477   4.913422     1.9499     1.6154     100.00   29.05218  -87.52172   -0.00017    0.00003         13  0.000e+00
     114258   4760.708    109.179    109.948    19.4700    19.4130   4.919462   4.913661     1.9512     1.6154     100.00   29.05218  -87.52172   -0.00014    0.00001         13  0.000e+00
     114259   4760.750    109.270    110.039    19.4705    19.4199   4.919514   4.913720     1.9499     1.6154     100.00   29.05218  -87.52172   -0.00014    0.00001         13  0.000e+00
     114260   4760.792    109.239    110.009    19.4703    19.4219   4.919470   4.913773     1.9512     1.6154     100.00   29.05218  -87.52172   -0.00011    0.00001         13  0.000e+00
     114261   4760.833    109.292    110.062    19.4705    19.4209   4.919462   4.913825     1.9512     1.6166     100.00   29.05218  -87.52172   -0.00009    0.00002         13  0.000e+00
     114262   4760.875    109.217    109.986    19.4700    19.4217   4.919455   4.913840     1.9512     1.6154     100.00   29.05218  -87.52172   -0.00006    0.00002         13  0.000e+00
     114263   4760.917    109.292    110.062    19.4703    19.4218   4.919389   4.914116     1.9499     1.6154     100.00   29.05218  -87.52172   -0.00006    0.00002         13  0.000e+00
     114264   4760.958    109.270    110.040    19.4705    19.4231   4.919396   4.914377     1.9499     1.6154     100.00   29.05218  -87.52172   -0.00005    0.00002         13  0.000e+00
     114265   4761.000    109.239    110.009    19.4702    19.4239   4.919440   4.914481     1.9499     1.6154     100.00   29.05218  -87.52172   -0.00004    0.00002         13  0.000e+00
     114266   4761.042    109.292    110.062    19.4705    19.4253   4.919418   4.914406     1.9499     1.6154     100.00   29.05218  -87.52172   -0.00004    0.00002         13  0.000e+00
     114267   4761.083    109.270    110.040    19.4705    19.4257   4.919455   4.914339     1.9512     1.6154     100.00   29.05218  -87.52172   -0.00001    0.00002         13  0.000e+00
     114268   4761.125    109.292    110.063    19.4703    19.4262   4.919425   4.914302     1.9512     1.6166     100.00   29.05218  -87.52172   -0.00000    0.00004         13  0.000e+00
     114269   4761.167    109.270    110.040    19.4693    19.4259   4.919381   4.914272     1.9512     1.6154     100.00   29.05218  -87.52172    0.00000    0.00004         13  0.000e+00
     114270   4761.208    109.293    110.063    19.4688    19.4255   4.919308   4.914220     1.9499     1.6154     100.00   29.05218  -87.52172    0.00001    0.00004         13  0.000e+00
     114271   4761.250    109.293    110.063    19.4684    19.4257   4.919352   4.914302     1.9512     1.6154     100.00   29.05218  -87.52172    0.00004    0.00004         13  0.000e+00
     114272   4761.292    109.270    110.040    19.4683    19.4253   4.919352   4.914242     1.9499     1.6154     100.00   29.05218  -87.52172    0.00003    0.00004         13  0.000e+00
