Gulf of Mexico/GOMECC-4/1db/rb2103_0371.cnv
* Sea-Bird SBE 9 Data File:
* FileName = C:\Users\scs.user.rb\CTD\GOMECC4\data\rb2103_0371.hex
* Software Version Seasave V 7.26.7.107
* Temperature SN = 4799
* Conductivity SN = 3860
* Number of Bytes Per Scan = 41
* Number of Voltage Words = 4
* Number of Scans Averaged by the Deck Unit = 1
* NMEA Latitude = 27 00.07 N
* NMEA Longitude = 089 59.96 W
* NMEA UTC (Time) = Sep 25 2021  07:16:47
* NMEA baud rate = 4800
# nquan = 28
# nvalues = 1279                        
# units = specified
# name 0 = scan: Scan Count
# name 1 = timeS: Time, Elapsed [seconds]
# name 2 = depSM: Depth [salt water, m]
# name 3 = prDM: Pressure, Digiquartz [db]
# name 4 = t090C: Temperature [ITS-90, deg C]
# name 5 = t190C: Temperature, 2 [ITS-90, deg C]
# name 6 = c0S/m: Conductivity [S/m]
# name 7 = c1S/m: Conductivity, 2 [S/m]
# name 8 = sbeox0V: Oxygen raw, SBE 43 [V]
# name 9 = sbeox1V: Oxygen raw, SBE 43, 2 [V]
# name 10 = altM: Altimeter [m]
# name 11 = latitude: Latitude [deg]
# name 12 = longitude: Longitude [deg]
# name 13 = sbox0dV/dT: Oxygen, SBE 43 [dov/dt]
# name 14 = sbox1dV/dT: Oxygen, SBE 43, 2 [dov/dt]
# name 15 = sbeox0ML/L: Oxygen, SBE 43 [ml/l], WS = 5
# name 16 = sbeox1ML/L: Oxygen, SBE 43, 2 [ml/l], WS = 5
# name 17 = potemp090C: Potential Temperature [ITS-90, deg C]
# name 18 = potemp190C: Potential Temperature, 2 [ITS-90, deg C]
# name 19 = sal00: Salinity, Practical [PSU]
# name 20 = sal11: Salinity, Practical, 2 [PSU]
# name 21 = sigma-é00: Density [sigma-theta, kg/m^3]
# name 22 = sigma-é11: Density, 2 [sigma-theta, kg/m^3]
# name 23 = avgsvCM: Average Sound Velocity [Chen-Millero, m/s], minP = 20, minS = 20
# name 24 = sbox0Mm/Kg: Oxygen, SBE 43 [umol/kg], WS = 5
# name 25 = sbox1Mm/Kg: Oxygen, SBE 43, 2 [umol/kg], WS = 5
# name 26 = nbin: number of scans per bin
# name 27 = flag: flag
# span 0 =      23122,     192814       
# span 1 =    963.363,   8033.865       
# span 2 =      1.987,   2375.565       
# span 3 =      2.000,   2405.000       
# span 4 =     4.2721,    29.2290       
# span 5 =     4.2722,    29.2329       
# span 6 =   3.349215,   5.943736       
# span 7 =   3.349130,   5.944230       
# span 8 =     1.5884,     3.1530       
# span 9 =     1.2931,     2.6777       
# span 10 =      10.65,     102.50      
# span 11 =   26.90647,   27.25811      
# span 12 =  -90.72884,  -89.56011      
# span 13 =   -0.01965,    0.02672      
# span 14 =   -0.02024,    0.03204      
# span 15 =     2.5624,     4.7243      
# span 16 =     2.5885,     4.7616      
# span 17 =     4.0826,    29.2258      
# span 18 =     4.0833,    29.2298      
# span 19 =    34.8997,    36.8755      
# span 20 =    34.8990,    36.8767      
# span 21 =    22.8260,    27.7575      
# span 22 =    22.8250,    27.7559      
# span 23 =       0.00,    1546.32      
# span 24 =    111.419,    205.289      
# span 25 =    112.556,    206.909      
# span 26 =         30,         66      
# span 27 = 0.0000e+00, 0.0000e+00      
# interval = decibars: 1                
# start_time = Sep 25 2021 07:16:47 [NMEA time, header]
# bad_flag = -9.990e-29
*END*
[from data line 1140]
     163499   6812.427    337.486    340.000    14.6711    14.6890   4.374415   4.376422     1.8836     1.5655      85.32   27.02657  -89.98134    0.00485    0.00480     2.8843     2.9217    14.6198    14.6376    35.9174    35.9194    26.7630    26.7607    1501.09    125.456    127.083         35 0.0000e+00
     163623   6817.590    332.527    335.000    14.8035    14.8234   4.389633   4.392036     1.8995     1.5767      66.45   27.02617  -89.97990    0.00304    0.00184     2.9132     2.9415    14.7526    14.7725    35.9371    35.9408    26.7492    26.7476    1501.06    126.714    127.944         32 0.0000e+00
     163751   6822.904    327.568    330.000    14.9366    14.9538   4.405450   4.407471     1.9119     1.5880     100.00   27.02685  -89.98213    0.00274    0.00281     2.9328     2.9616    14.8861    14.9033    35.9617    35.9643    26.7389    26.7371    1501.10    127.567    128.822         31 0.0000e+00
     163889   6828.687    322.608    325.000    15.1163    15.1419   4.426568   4.429393     1.9129     1.5843     100.01   27.02956  -89.99106    0.00008   -0.00080     2.9213     2.9376    15.0662    15.0918    35.9923    35.9945    26.7229    26.7188    1501.25    127.072    127.778         34 0.0000e+00
     164017   6833.980    316.657    319.000    15.3694    15.4068   4.455741   4.460259     1.9000     1.5749      83.93   27.02523  -89.97651   -0.00056    0.00001     2.8711     2.8937    15.3197    15.3570    36.0261    36.0328    26.6919    26.6887    1501.01    124.888    125.874         39 0.0000e+00
     164182   6840.881    311.698    314.000    15.5323    15.5573   4.475749   4.478682     1.9061     1.5802     100.02   27.03309  -90.00260    0.00148    0.00129     2.8734     2.8964    15.4831    15.5080    36.0624    36.0666    26.6838    26.6814    1501.44    124.990    125.991         33 0.0000e+00
     164185   6841.009    310.706    313.000    15.5089    15.5406   4.472327   4.475999     1.9063     1.5812     100.00   27.02780  -89.98498    0.00155    0.00164     2.8752     2.8999    15.4599    15.4915    36.0519    36.0561    26.6804    26.6765    1501.15    125.069    126.144         34 0.0000e+00
     164310   6846.213    305.746    308.000    15.6480    15.6574   4.488531   4.489447     1.8916     1.5605      70.29   27.02898  -89.98888   -0.00236   -0.00462     2.8285     2.8361    15.5995    15.6088    36.0734    36.0731    26.6655    26.6632    1501.22    123.038    123.370         33 0.0000e+00
     164491   6853.739    301.778    304.000    15.6776    15.6897   4.490326   4.491630     1.8540     1.5180      99.96   27.01706  -89.94897    0.00325    0.00396     2.7352     2.7210    15.6296    15.6416    36.0597    36.0605    26.6470    26.6449    1500.55    118.982    118.366         47 0.0000e+00
     164883   6870.104    299.795    302.000    15.8037    15.8247   4.506124   4.508547     1.8069     1.4857      81.23   27.02943  -89.98995    0.00091    0.00063     2.6132     2.6274    15.7558    15.7767    36.0922    36.0946    26.6444    26.6414    1501.23    113.677    114.296         56 0.0000e+00
     165046   6876.862    298.802    301.000    15.8457    15.8980   4.511001   4.517361     1.8155     1.5058      56.58   27.02794  -89.98489    0.00209    0.00335     2.6310     2.6758    15.7978    15.8500    36.0975    36.1069    26.6387    26.6340    1501.15    114.453    116.399         41 0.0000e+00
     165585   6899.351    297.811    300.000    15.9207    15.9958   4.520281   4.529314     1.8563     1.5508     101.40   27.02804  -89.98480    0.00260    0.00392     2.7239     2.7877    15.8729    15.9478    36.1127    36.1257    26.6332    26.6260    1501.15    118.494    121.271         45 0.0000e+00
     166303   6929.264    296.818    299.000    16.0067    16.0270   4.530661   4.532992     1.8944     1.5775     100.34   27.02819  -89.98468   -0.00157   -0.00003     2.8097     2.8550    15.9588    15.9791    36.1278    36.1302    26.6251    26.6222    1501.15    122.226    124.198         33 0.0000e+00
     166668   6944.438    279.954    282.000    16.3227    16.3413   4.566931   4.568595     1.8744     1.5355     100.00   27.02745  -89.98191   -0.00860   -0.01088     2.7368     2.7213    16.2770    16.2955    36.1705    36.1685    26.5840    26.5782    1501.11    119.058    118.387         32 0.0000e+00
     166809   6950.339    274.994    277.000    16.5141    16.5187   4.589901   4.590505     1.8573     1.5352     100.01   27.02984  -89.98977   -0.00168    0.00140     2.6830     2.7085    16.4688    16.4734    36.2037    36.2049    26.5649    26.5647    1501.24    116.723    117.831         30 0.0000e+00
     166831   6951.262    274.001    276.000    16.5170    16.5316   4.590222   4.591953     1.8669     1.5447     100.00   27.02828  -89.98456    0.00243    0.00563     2.7052     2.7322    16.4719    16.4865    36.2037    36.2058    26.5640    26.5622    1501.15    117.688    118.862         32 0.0000e+00
     166959   6956.570    269.041    271.000    16.7862    16.7912   4.623763   4.624317     1.9796     1.6782     100.00   27.02810  -89.98385    0.02672    0.03204     2.9513     3.0577    16.7414    16.7463    36.2582    36.2586    26.5422    26.5413    1501.14    128.397    133.028         37 0.0000e+00
     167077   6961.506    265.073    267.000    16.9563    16.9835   4.645104   4.648589     2.0701     1.7529     100.01   27.03119  -89.99405    0.02036    0.01675     3.1499     3.2345    16.9118    16.9390    36.2950    36.3011    26.5301    26.5283    1501.31    137.040    140.720         30 0.0000e+00
     167091   6962.073    264.080    266.000    16.9507    16.9791   4.643880   4.647735     2.0905     1.7688     100.00   27.02834  -89.98454    0.02039    0.01923     3.1976     3.2749    16.9064    16.9348    36.2919    36.2968    26.5288    26.5257    1501.15    139.114    142.480         31 0.0000e+00
     167276   6969.806    257.135    259.000    17.1545    17.1754   4.668036   4.670531     2.1091     1.7667     100.00   27.02892  -89.98630    0.00027    0.00027     3.2238     3.2535    17.1111    17.1319    36.3194    36.3224    26.5008    26.4981    1501.18    140.258    141.551         31 0.0000e+00
     167408   6975.305    253.167    255.000    17.3681    17.3909   4.694347   4.697172     2.1247     1.7837     100.02   27.03451  -90.00484    0.00330    0.00357     3.2431     3.2805    17.3249    17.3477    36.3607    36.3647    26.4813    26.4789    1501.49    141.100    142.729         32 0.0000e+00
     167407   6975.247    252.174    254.000    17.3378    17.3643   4.689983   4.693137     2.1361     1.7933     100.00   27.02840  -89.98450    0.00663    0.00641     3.2714     3.3063    17.2948    17.3213    36.3477    36.3514    26.4780    26.4745    1501.15    142.334    143.850         36 0.0000e+00
     167517   6979.836    248.205    250.000    17.5484    17.5712   4.716132   4.719005     2.1633     1.8240     100.01   27.03109  -89.99338    0.00642    0.00783     3.3172     3.3678    17.5057    17.5286    36.3886    36.3930    26.4583    26.4561    1501.30    144.328    146.530         34 0.0000e+00
     167534   6980.523    247.213    249.000    17.5422    17.5639   4.715136   4.717742     2.1746     1.8329     100.00   27.02843  -89.98448    0.00958    0.01010     3.3433     3.3901    17.4997    17.5214    36.3847    36.3878    26.4565    26.4536    1501.15    145.462    147.499         30 0.0000e+00
     167710   6987.865    240.267    242.000    17.7674    17.7754   4.741921   4.742654     2.1983     1.8474     100.00   27.02787  -89.98245    0.00209    0.00085     3.3783     3.4088    17.7258    17.7337    36.4171    36.4163    26.4258    26.4232    1501.12    146.989    148.319         32 0.0000e+00
     167860   6994.137    235.306    237.000    17.9481    17.9702   4.763137   4.765713     2.2001     1.8459     100.01   27.03225  -89.99693    0.00014   -0.00045     3.3672     3.3896    17.9070    17.9292    36.4415    36.4446    26.4001    26.3970    1501.36    146.510    147.488         33 0.0000e+00
     167873   6994.656    234.314    236.000    17.9447    17.9549   4.762283   4.763279     2.1978     1.8432     100.00   27.02851  -89.98444   -0.00056   -0.00140     3.3620     3.3837    17.9038    17.9140    36.4367    36.4361    26.3968    26.3939    1501.15    146.286    147.232         34 0.0000e+00
     168001   7000.013    230.345    232.000    18.0729    18.0954   4.778193   4.780844     2.2026     1.8509     100.02   27.03478  -90.00521    0.00116    0.00213     3.3620     3.3913    18.0326    18.0550    36.4631    36.4658    26.3858    26.3822    1501.50    146.287    147.564         32 0.0000e+00
     167999   6999.927    229.352    231.000    18.0695    18.0980   4.777068   4.780537     2.2040     1.8518     100.00   27.02854  -89.98442    0.00128    0.00174     3.3650     3.3931    18.0293    18.0578    36.4542    36.4585    26.3791    26.3753    1501.15    146.418    147.641         38 0.0000e+00
     168115   7004.762    224.391    226.000    18.2757    18.3074   4.801718   4.805576     2.2150     1.8611     100.00   27.02748  -89.98081    0.00258    0.00268     3.3730     3.3995    18.2361    18.2678    36.4829    36.4876    26.3493    26.3449    1501.09    146.771    147.925         37 0.0000e+00
     168445   7018.495    212.482    214.000    18.7070    18.7293   4.853024   4.855825     2.2000     1.8386     100.00   27.03151  -89.99389   -0.00571   -0.00701     3.3040     3.3110    18.6689    18.6911    36.5427    36.5467    26.2860    26.2834    1501.31    143.779    144.084         33 0.0000e+00
     168460   7019.127    211.490    213.000    18.7073    18.6939   4.852730   4.851204     2.1967     1.8403     100.00   27.02864  -89.98434   -0.00440   -0.00354     3.2962     3.3171    18.6693    18.6559    36.5391    36.5380    26.2828    26.2854    1501.15    143.437    144.345         31 0.0000e+00
     168571   7023.755    206.528    208.000    18.8787    18.8905   4.870935   4.872310     2.2085     1.8531      99.99   27.02669  -89.97770    0.00348    0.00323     3.3090     3.3338    18.8414    18.8532    36.5423    36.5435    26.2410    26.2389    1501.04    144.000    145.078         34 0.0000e+00
     169194   7049.721    201.566    203.000    19.2822    19.3240   4.923566   4.928977     2.2420     1.8877     100.09   27.05437  -90.06945    0.00224    0.00184     3.3523     3.3866    19.2453    19.2870    36.6433    36.6518    26.2173    26.2130    1502.57    145.892    147.388         36 0.0000e+00
     169183   7049.253    200.573    202.000    19.3909    19.4030   4.934864   4.936415     2.2535     1.8973      98.72   27.02880  -89.98420    0.00261    0.00194     3.3698     3.4040    19.3540    19.3661    36.6307    36.6330    26.1764    26.1750    1501.15    146.658    148.145         51 0.0000e+00
     169352   7056.305    199.581    201.000    19.4060    19.4584   4.936906   4.942709     2.2623     1.9069      99.97   27.02883  -89.98418    0.00125    0.00145     3.3875     3.4235    19.3693    19.4216    36.6348    36.6430    26.1756    26.1682    1501.15    147.427    148.996         43 0.0000e+00
     170049   7085.317    198.588    200.000    19.4614    19.4969   4.943537   4.947800     2.2679     1.9098     100.00   27.02898  -89.98408    0.00028    0.00047     3.3955     3.4270    19.4248    19.4602    36.6418    36.6462    26.1664    26.1605    1501.15    147.777    149.148         59 0.0000e+00
     170813   7117.151    185.686    187.000    20.0746    20.0841   5.017594   5.019522     2.2891     1.9265     100.00   27.02948  -89.98509    0.00147    0.00204     3.3928     3.4219    20.0396    20.0493    36.7261    36.7310    26.0686    26.0697    1501.17    147.674    148.942         32 0.0000e+00
     171087   7128.567    175.760    177.000    20.5669    20.5689   5.076133   5.076495     2.3169     1.9490     100.01   27.03238  -89.99452    0.00273    0.00339     3.4149     3.4394    20.5332    20.5352    36.7803    36.7814    25.9776    25.9780    1501.33    148.649    149.717         32 0.0000e+00
     171353   7139.648    164.842    166.000    21.1719    21.1760   5.148634   5.149135     2.3560     1.9832     100.00   27.02972  -89.98548    0.00463    0.00429     3.4515     3.4749    21.1396    21.1438    36.8475    36.8480    25.8628    25.8620    1501.18    150.258    151.276         30 0.0000e+00
     171462   7144.222    160.871    162.000    21.2514    21.2504   5.154999   5.154898     2.3511     1.9746     100.00   27.03089  -89.98928   -0.00135   -0.00288     3.4345     3.4488    21.2198    21.2188    36.8324    36.8324    25.8293    25.8296    1501.24    149.521    150.145         33 0.0000e+00
     171586   7149.356    155.908    157.000    21.6160    21.5434   5.198108   5.189893     2.3626     1.9848      73.06   27.03017  -89.98675    0.00400    0.00233     3.4317     3.4513    21.5850    21.5125    36.8663    36.8629    25.7535    25.7712    1501.20    149.414    150.263         35 0.0000e+00
     171706   7154.376    150.945    152.000    21.8729    21.8645   5.225574   5.224843     2.3755     1.9987      46.53   27.02901  -89.98278    0.00325    0.00310     3.4395     3.4610    21.8427    21.8343    36.8666    36.8679    25.6813    25.6846    1501.13    149.760    150.698         35 0.0000e+00
     171841   7160.015    145.981    147.000    22.4396    22.4709   5.286452   5.290403     2.3990     2.0182     100.00   27.03051  -89.98765    0.00547    0.00491     3.4488     3.4655    22.4099    22.4411    36.8684    36.8728    25.5218    25.5162    1501.21    150.192    150.921         33 0.0000e+00
     172201   7174.993    138.039    139.000    22.9645    23.0022   5.328763   5.333851     2.4375     2.0545      91.68   27.05009  -90.05262    0.00125    0.00124     3.4927     3.5134    22.8979    22.9737    36.7916    36.7762    25.3250    25.2929    1502.30    152.131    153.041         33 0.0000e+00
     172192   7174.640    137.046    138.000    23.1503    23.6146   5.352655   5.401029     2.4728     2.1030      90.33   27.02942  -89.98373    0.00840    0.00659     3.5408     3.5798    23.1164    23.5857    36.7862    36.7750    25.2547    25.1085    1501.15    154.238    155.956         53 0.0000e+00
     172332   7180.439    136.054    137.000    23.8080    23.9629   5.423584   5.442977     2.5306     2.1514      88.82   27.02944  -89.98371    0.01409    0.00789     3.6232     3.6670    23.7798    23.9339    36.7883    36.8114    25.0617    25.0332    1501.15    157.854    159.769         45 0.0000e+00
     172481   7186.653    135.061    136.000    23.8891    24.0275   5.434265   5.450990     2.5433     2.1583      98.53   27.02947  -89.98368    0.00286    0.00291     3.6412     3.6774    23.8604    23.9988    36.8027    36.8173    25.0485    25.0188    1501.15    158.643    160.223         44 0.0000e+00
     173182   7215.858    134.068    135.000    24.0130    24.0488   5.447636   5.451937     2.5610     2.1661      98.29   27.02961  -89.98356    0.00050    0.00133     3.6677     3.6923    23.9843    24.0201    36.8026    36.8057    25.0115    25.0031    1501.15    159.802    160.877         59 0.0000e+00
     173812   7242.143    133.075    134.000    24.0430    24.0440   5.450070   5.449971     2.5685     2.1694      97.50   27.02975  -89.98345   -0.00031    0.00050     3.6803     3.6997    24.0146    24.0155    36.7966    36.7950    24.9979    24.9964    1501.15    160.354    161.198         40 0.0000e+00
