Gulf of Mexico/GOMECC-4/1db/rb2103_0091.ros
* Sea-Bird SBE 9 Data File:
* FileName = C:\Users\scs.user.rb\CTD\GOMECC4\data\rb2103_0091.hex
* Software Version Seasave V 7.26.7.107
* Temperature SN = 4799
* Conductivity SN = 3860
* Number of Bytes Per Scan = 41
* Number of Voltage Words = 4
* Number of Scans Averaged by the Deck Unit = 1
* NMEA Latitude = 26 00.03 N
* NMEA Longitude = 085 59.98 W
* NMEA UTC (Time) = Sep 17 2021  12:33:51
* NMEA baud rate = 4800
# nquan = 17
# nvalues = 3192                                  
# units = specified
# name 0 = scan: Scan Count
# name 1 = timeS: Time, Elapsed [seconds]
# name 2 = depSM: Depth [salt water, m]
# name 3 = prDM: Pressure, Digiquartz [db]
# name 4 = t090C: Temperature [ITS-90, deg C]
# name 5 = t190C: Temperature, 2 [ITS-90, deg C]
# name 6 = c0S/m: Conductivity [S/m]
# name 7 = c1S/m: Conductivity, 2 [S/m]
# name 8 = sbeox0V: Oxygen raw, SBE 43 [V]
# name 9 = sbeox1V: Oxygen raw, SBE 43, 2 [V]
# name 10 = altM: Altimeter [m]
# name 11 = latitude: Latitude [deg]
# name 12 = longitude: Longitude [deg]
# name 13 = sbox0dV/dT: Oxygen, SBE 43 [dov/dt]
# name 14 = sbox1dV/dT: Oxygen, SBE 43, 2 [dov/dt]
# name 15 = nbf: Bottles Fired
# name 16 = flag:  0.000e+00
# interval = seconds: 0.0416667
# start_time = Sep 17 2021 12:33:51 [NMEA time, header]
# bad_flag = -9.990e-29
*END*
[from data line 256]
     114234   4759.708   3101.487   3145.063     4.3769     4.3782   3.417858   3.417815     1.7289     1.4249     100.00   25.99884  -85.98368    0.00002    0.00019          2  0.000e+00
     114235   4759.750   3101.487   3145.063     4.3771     4.3782   3.417858   3.417822     1.7289     1.4249     100.00   25.99884  -85.98368    0.00001    0.00020          2  0.000e+00
     114236   4759.792   3101.542   3145.119     4.3771     4.3781   3.417845   3.417783     1.7289     1.4249     100.00   25.99884  -85.98366   -0.00000    0.00020          2  0.000e+00
     114237   4759.833   3101.455   3145.031     4.3769     4.3781   3.417864   3.417783     1.7289     1.4237     100.00   25.99884  -85.98366   -0.00001    0.00019          2  0.000e+00
     114238   4759.875   3101.542   3145.119     4.3771     4.3781   3.417877   3.417809     1.7289     1.4237     100.00   25.99884  -85.98366   -0.00001    0.00018          2  0.000e+00
     114239   4759.917   3101.542   3145.119     4.3770     4.3782   3.417877   3.417796     1.7289     1.4237     100.00   25.99884  -85.98366   -0.00002    0.00017          2  0.000e+00
     114240   4759.958   3101.487   3145.063     4.3769     4.3781   3.417877   3.417796     1.7277     1.4237     100.00   25.99884  -85.98366   -0.00003    0.00015          2  0.000e+00
     114241   4760.000   3101.542   3145.119     4.3771     4.3781   3.417877   3.417789     1.7289     1.4249     100.00   25.99884  -85.98366   -0.00003    0.00016          2  0.000e+00
     114242   4760.042   3101.518   3145.095     4.3769     4.3780   3.417851   3.417789     1.7277     1.4237     100.00   25.99884  -85.98366   -0.00004    0.00015          2  0.000e+00
     114243   4760.083   3101.542   3145.119     4.3771     4.3782   3.417864   3.417770     1.7277     1.4237     100.00   25.99884  -85.98366   -0.00005    0.00013          2  0.000e+00
     121739   5072.417   2861.416   2899.980     4.3531     4.3540   3.406440   3.406346     1.7534     1.4457     100.00   25.99674  -85.98358    0.00002    0.00003          3  0.000e+00
     121740   5072.458   2861.353   2899.917     4.3530     4.3538   3.406421   3.406371     1.7534     1.4457     100.00   25.99674  -85.98358    0.00005    0.00004          3  0.000e+00
     121741   5072.500   2861.479   2900.044     4.3531     4.3540   3.406433   3.406371     1.7534     1.4457     100.00   25.99674  -85.98358    0.00007    0.00005          3  0.000e+00
     121742   5072.542   2861.291   2899.853     4.3531     4.3540   3.406420   3.406378     1.7521     1.4457     100.00   25.99674  -85.98358    0.00006    0.00005          3  0.000e+00
     121743   5072.583   2861.416   2899.981     4.3532     4.3539   3.406433   3.406346     1.7521     1.4457     100.00   25.99674  -85.98358    0.00005    0.00005          3  0.000e+00
     121744   5072.625   2861.354   2899.917     4.3531     4.3541   3.406421   3.406346     1.7521     1.4457     100.00   25.99674  -85.98358    0.00004    0.00004          3  0.000e+00
     121745   5072.667   2861.354   2899.917     4.3531     4.3541   3.406414   3.406320     1.7521     1.4469     100.00   25.99674  -85.98358    0.00004    0.00006          3  0.000e+00
     121746   5072.708   2861.416   2899.981     4.3531     4.3540   3.406414   3.406352     1.7521     1.4457     100.00   25.99674  -85.98358    0.00005    0.00005          3  0.000e+00
     121747   5072.750   2861.346   2899.909     4.3534     4.3540   3.406433   3.406333     1.7521     1.4457     100.00   25.99674  -85.98358    0.00004    0.00005          3  0.000e+00
     121748   5072.792   2861.416   2899.981     4.3532     4.3539   3.406471   3.406358     1.7521     1.4457     100.00   25.99672  -85.98360    0.00005    0.00004          3  0.000e+00
     121749   5072.833   2861.354   2899.917     4.3531     4.3540   3.406427   3.406352     1.7521     1.4457     100.00   25.99672  -85.98360    0.00004    0.00004          3  0.000e+00
     121750   5072.875   2861.417   2899.981     4.3530     4.3540   3.406414   3.406320     1.7521     1.4457     100.00   25.99672  -85.98360    0.00004    0.00004          3  0.000e+00
     121751   5072.917   2861.417   2899.981     4.3530     4.3540   3.406414   3.406352     1.7521     1.4457     100.00   25.99672  -85.98360    0.00003    0.00003          3  0.000e+00
     121752   5072.958   2861.346   2899.909     4.3531     4.3540   3.406459   3.406378     1.7521     1.4457     100.00   25.99672  -85.98360    0.00002    0.00003          3  0.000e+00
     121753   5073.000   2861.354   2899.917     4.3530     4.3541   3.406427   3.406346     1.7521     1.4457     100.00   25.99672  -85.98360    0.00002    0.00002          3  0.000e+00
     121754   5073.042   2861.417   2899.981     4.3530     4.3538   3.406414   3.406371     1.7534     1.4469     100.00   25.99672  -85.98360    0.00002    0.00004          3  0.000e+00
     121755   5073.083   2861.354   2899.917     4.3533     4.3540   3.406414   3.406397     1.7521     1.4469     100.00   25.99672  -85.98360    0.00001    0.00005          3  0.000e+00
     121756   5073.125   2861.417   2899.981     4.3533     4.3538   3.406440   3.406365     1.7521     1.4469     100.00   25.99672  -85.98360    0.00000    0.00006          3  0.000e+00
     121757   5073.167   2861.346   2899.909     4.3533     4.3540   3.406446   3.406365     1.7521     1.4469     100.00   25.99672  -85.98360   -0.00001    0.00007          3  0.000e+00
     121758   5073.208   2861.417   2899.981     4.3531     4.3538   3.406446   3.406346     1.7521     1.4457     100.00   25.99672  -85.98360   -0.00002    0.00007          3  0.000e+00
     121759   5073.250   2861.354   2899.918     4.3532     4.3539   3.406446   3.406371     1.7521     1.4457     100.00   25.99672  -85.98360   -0.00003    0.00006          3  0.000e+00
     121760   5073.292   2861.417   2899.982     4.3531     4.3540   3.406421   3.406397     1.7521     1.4457     100.00   25.99672  -85.98360   -0.00004    0.00006          3  0.000e+00
     121761   5073.333   2861.354   2899.918     4.3531     4.3540   3.406395   3.406365     1.7521     1.4457     100.00   25.99672  -85.98360   -0.00005    0.00005          3  0.000e+00
     121762   5073.375   2861.347   2899.910     4.3530     4.3541   3.406427   3.406339     1.7521     1.4457     100.00   25.99672  -85.98360   -0.00006    0.00006          3  0.000e+00
     121763   5073.417   2861.355   2899.918     4.3530     4.3540   3.406401   3.406358     1.7521     1.4457     100.00   25.99672  -85.98360   -0.00009    0.00006          3  0.000e+00
     121764   5073.458   2861.417   2899.982     4.3530     4.3539   3.406408   3.406352     1.7534     1.4469     100.00   25.99672  -85.98360   -0.00008    0.00007          3  0.000e+00
     121765   5073.500   2861.300   2899.862     4.3533     4.3540   3.406395   3.406365     1.7521     1.4469     100.00   25.99672  -85.98360   -0.00007    0.00008          3  0.000e+00
     121766   5073.542   2861.355   2899.918     4.3530     4.3540   3.406389   3.406378     1.7534     1.4457     100.00   25.99672  -85.98360   -0.00005    0.00008          3  0.000e+00
     121767   5073.583   2861.410   2899.974     4.3528     4.3540   3.406427   3.406371     1.7521     1.4457     100.00   25.99672  -85.98360   -0.00006    0.00007          3  0.000e+00
     121768   5073.625   2861.355   2899.918     4.3531     4.3540   3.406421   3.406352     1.7534     1.4457     100.00   25.99672  -85.98360   -0.00003    0.00006          3  0.000e+00
     121769   5073.667   2861.300   2899.862     4.3530     4.3538   3.406433   3.406365     1.7521     1.4469     100.00   25.99672  -85.98360   -0.00003    0.00007          3  0.000e+00
     121770   5073.708   2861.355   2899.918     4.3530     4.3543   3.406465   3.406346     1.7534     1.4457     100.00   25.99672  -85.98360   -0.00002    0.00007          3  0.000e+00
     121771   5073.750   2861.300   2899.862     4.3530     4.3540   3.406427   3.406320     1.7534     1.4469     100.00   25.99672  -85.98360    0.00000    0.00008          3  0.000e+00
     121772   5073.792   2861.347   2899.910     4.3531     4.3538   3.406414   3.406358     1.7534     1.4457     100.00   25.99672  -85.98360    0.00003    0.00007          3  0.000e+00
     121773   5073.833   2861.355   2899.918     4.3530     4.3538   3.406395   3.406352     1.7534     1.4469     100.00   25.99672  -85.98360    0.00004    0.00008          3  0.000e+00
     121774   5073.875   2861.300   2899.862     4.3530     4.3540   3.406427   3.406339     1.7521     1.4469     100.00   25.99672  -85.98360    0.00003    0.00009          3  0.000e+00
     121775   5073.917   2861.300   2899.862     4.3532     4.3541   3.406446   3.406371     1.7521     1.4457     100.00   25.99672  -85.98360    0.00001    0.00009          3  0.000e+00
     121776   5073.958   2861.300   2899.862     4.3531     4.3538   3.406446   3.406346     1.7534     1.4469     100.00   25.99672  -85.98360    0.00004    0.00010          3  0.000e+00
     121777   5074.000   2861.293   2899.855     4.3530     4.3541   3.406446   3.406339     1.7534     1.4457     100.00   25.99672  -85.98360    0.00006    0.00009          3  0.000e+00
     121778   5074.042   2861.300   2899.863     4.3531     4.3538   3.406420   3.406346     1.7534     1.4469     100.00   25.99672  -85.98360    0.00007    0.00010          3  0.000e+00
     121779   5074.083   2861.301   2899.863     4.3530     4.3541   3.406433   3.406391     1.7534     1.4469     100.00   25.99672  -85.98360    0.00008    0.00011          3  0.000e+00
     121780   5074.125   2861.301   2899.863     4.3533     4.3538   3.406446   3.406384     1.7521     1.4469     100.00   25.99672  -85.98360    0.00008    0.00012          3  0.000e+00
     121781   5074.167   2861.238   2899.799     4.3530     4.3540   3.406446   3.406326     1.7521     1.4457     100.00   25.99672  -85.98360    0.00009    0.00011          3  0.000e+00
     121782   5074.208   2861.293   2899.855     4.3531     4.3541   3.406420   3.406313     1.7521     1.4457     100.00   25.99672  -85.98360    0.00008    0.00012          3  0.000e+00
     121783   5074.250   2861.238   2899.799     4.3533     4.3538   3.406414   3.406365     1.7521     1.4457     100.00   25.99672  -85.98360    0.00007    0.00013          3  0.000e+00
     121784   5074.292   2861.238   2899.799     4.3530     4.3540   3.406433   3.406371     1.7521     1.4469     100.00   25.99672  -85.98360    0.00006    0.00014          3  0.000e+00
     121785   5074.333   2861.238   2899.799     4.3533     4.3540   3.406446   3.406352     1.7521     1.4469     100.00   25.99672  -85.98360    0.00006    0.00014          3  0.000e+00
     121786   5074.375   2861.238   2899.799     4.3531     4.3538   3.406420   3.406320     1.7521     1.4457     100.00   25.99672  -85.98360    0.00005    0.00014          3  0.000e+00
     121787   5074.417   2861.230   2899.791     4.3533     4.3540   3.406414   3.406339     1.7521     1.4469     100.00   25.99672  -85.98360    0.00004    0.00014          3  0.000e+00
     121788   5074.458   2861.176   2899.735     4.3530     4.3540   3.406414   3.406339     1.7534     1.4469     100.00   25.99672  -85.98360    0.00005    0.00015          3  0.000e+00
     121789   5074.500   2861.238   2899.799     4.3531     4.3540   3.406414   3.406339     1.7521     1.4469     100.00   25.99672  -85.98360    0.00004    0.00016          3  0.000e+00
     121790   5074.542   2861.176   2899.735     4.3531     4.3538   3.406414   3.406346     1.7521     1.4469     100.00   25.99672  -85.98360    0.00003    0.00017          3  0.000e+00
     121791   5074.583   2861.238   2899.799     4.3529     4.3539   3.406440   3.406339     1.7521     1.4469     100.00   25.99672  -85.98360    0.00002    0.00018          3  0.000e+00
     121792   5074.625   2861.168   2899.727     4.3533     4.3540   3.406420   3.406371     1.7521     1.4469     100.00   25.99672  -85.98360   -0.00001    0.00018          3  0.000e+00
     121793   5074.667   2861.176   2899.736     4.3533     4.3537   3.406414   3.406326     1.7521     1.4469     100.00   25.99672  -85.98360   -0.00002    0.00019          3  0.000e+00
     121794   5074.708   2861.176   2899.736     4.3530     4.3538   3.406395   3.406333     1.7521     1.4457     100.00   25.99672  -85.98360   -0.00004    0.00018          3  0.000e+00
     121795   5074.750   2861.121   2899.680     4.3528     4.3540   3.406408   3.406391     1.7521     1.4457     100.00   25.99672  -85.98360   -0.00005    0.00017          3  0.000e+00
     121796   5074.792   2861.176   2899.736     4.3532     4.3538   3.406414   3.406352     1.7521     1.4457     100.00   25.99672  -85.98360   -0.00006    0.00016          3  0.000e+00
     121797   5074.833   2861.106   2899.664     4.3531     4.3537   3.406414   3.406371     1.7534     1.4469     100.00   25.99672  -85.98360   -0.00005    0.00016          3  0.000e+00
     121798   5074.875   2861.176   2899.736     4.3528     4.3540   3.406414   3.406346     1.7521     1.4457     100.00   25.99672  -85.98360   -0.00006    0.00015          3  0.000e+00
     121799   5074.917   2861.121   2899.680     4.3530     4.3537   3.406439   3.406345     1.7534     1.4469     100.00   25.99672  -85.98360   -0.00004    0.00017          3  0.000e+00
     121800   5074.958   2861.121   2899.680     4.3533     4.3541   3.406420   3.406320     1.7534     1.4469     100.00   25.99672  -85.98360   -0.00002    0.00020          3  0.000e+00
     121801   5075.000   2861.122   2899.680     4.3530     4.3537   3.406433   3.406378     1.7534     1.4469     100.00   25.99672  -85.98360   -0.00001    0.00020          3  0.000e+00
     121802   5075.042   2861.106   2899.664     4.3530     4.3541   3.406420   3.406339     1.7521     1.4457     100.00   25.99672  -85.98360   -0.00001    0.00019          3  0.000e+00
     121803   5075.083   2861.059   2899.616     4.3530     4.3540   3.406414   3.406358     1.7534     1.4457     100.00   25.99672  -85.98360 7.0337e-07    0.00018          3  0.000e+00
     121804   5075.125   2861.122   2899.680     4.3528     4.3540   3.406414   3.406333     1.7521     1.4457     100.00   25.99672  -85.98360    0.00001    0.00018          3  0.000e+00
     121805   5075.167   2861.122   2899.680     4.3531     4.3541   3.406414   3.406313     1.7521     1.4457     100.00   25.99672  -85.98360    0.00001    0.00019          3  0.000e+00
     121806   5075.208   2861.051   2899.608     4.3530     4.3538   3.406439   3.406365     1.7521     1.4469     100.00   25.99672  -85.98360    0.00002    0.00020          3  0.000e+00
     121807   5075.250   2861.122   2899.680     4.3531     4.3541   3.406420   3.406345     1.7521     1.4457     100.00   25.99672  -85.98360    0.00003    0.00019          3  0.000e+00
     121808   5075.292   2861.059   2899.616     4.3530     4.3540   3.406414   3.406358     1.7534     1.4457     100.00   25.99672  -85.98360    0.00005    0.00017          3  0.000e+00
     121809   5075.333   2861.059   2899.616     4.3530     4.3540   3.406414   3.406352     1.7521     1.4469     100.00   25.99672  -85.98360    0.00004    0.00018          3  0.000e+00
     121810   5075.375   2860.997   2899.553     4.3531     4.3540   3.406414   3.406339     1.7534     1.4457     100.00   25.99672  -85.98360    0.00005    0.00017          3  0.000e+00
     121811   5075.417   2861.106   2899.664     4.3530     4.3538   3.406414   3.406320     1.7534     1.4469     100.00   25.99672  -85.98360    0.00007    0.00017          3  0.000e+00
     121812   5075.458   2860.997   2899.553     4.3532     4.3539   3.406414   3.406358     1.7534     1.4469     100.00   25.99672  -85.98360    0.00008    0.00018          3  0.000e+00
