Gulf of Mexico/GOMECC-4/1db/rb2103_1071.ros
* Sea-Bird SBE 9 Data File:
* FileName = C:\Users\scs.user.rb\CTD\GOMECC4\data\rb2103_1071.hex
* Software Version Seasave V 7.26.7.107
* Temperature SN = 4799
* Conductivity SN = 3860
* Number of Bytes Per Scan = 41
* Number of Voltage Words = 4
* Number of Scans Averaged by the Deck Unit = 1
* NMEA Latitude = 23 05.26 N
* NMEA Longitude = 086 16.38 W
* NMEA UTC (Time) = Oct 14 2021  17:43:34
* NMEA baud rate = 4800
# nquan = 17
# nvalues = 3192                                  
# units = specified
# name 0 = scan: Scan Count
# name 1 = timeS: Time, Elapsed [seconds]
# name 2 = depSM: Depth [salt water, m]
# name 3 = prDM: Pressure, Digiquartz [db]
# name 4 = t090C: Temperature [ITS-90, deg C]
# name 5 = t190C: Temperature, 2 [ITS-90, deg C]
# name 6 = c0S/m: Conductivity [S/m]
# name 7 = c1S/m: Conductivity, 2 [S/m]
# name 8 = sbeox0V: Oxygen raw, SBE 43 [V]
# name 9 = sbeox1V: Oxygen raw, SBE 43, 2 [V]
# name 10 = altM: Altimeter [m]
# name 11 = latitude: Latitude [deg]
# name 12 = longitude: Longitude [deg]
# name 13 = sbox0dV/dT: Oxygen, SBE 43 [dov/dt]
# name 14 = sbox1dV/dT: Oxygen, SBE 43, 2 [dov/dt]
# name 15 = nbf: Bottles Fired
# name 16 = flag:  0.000e+00
# interval = seconds: 0.0416667
# start_time = Oct 14 2021 17:43:34 [NMEA time, header]
# bad_flag = -9.990e-29
*END*
[from data line 171]
      47689   1987.000   1220.254   1231.627     4.3649     4.3659   3.339776   3.339852     1.9792     1.6532      10.45   23.08772  -86.27310   -0.00004   -0.00007          2  0.000e+00
      47690   1987.042   1220.254   1231.627     4.3650     4.3660   3.339745   3.339839     1.9792     1.6532      10.43   23.08772  -86.27310   -0.00005   -0.00006          2  0.000e+00
      47691   1987.083   1220.254   1231.628     4.3648     4.3661   3.339776   3.339852     1.9792     1.6532      10.43   23.08772  -86.27310   -0.00005   -0.00005          2  0.000e+00
      47692   1987.125   1220.254   1231.628     4.3647     4.3658   3.339776   3.339839     1.9792     1.6520      10.43   23.08772  -86.27310   -0.00005   -0.00006          2  0.000e+00
      47693   1987.167   1220.309   1231.683     4.3649     4.3661   3.339770   3.339871     1.9792     1.6520      10.45   23.08772  -86.27310   -0.00005   -0.00007          2  0.000e+00
      47694   1987.208   1220.254   1231.628     4.3650     4.3660   3.339751   3.339845     1.9792     1.6532      10.45   23.08772  -86.27310   -0.00006   -0.00007          2  0.000e+00
      47695   1987.250   1220.309   1231.684     4.3647     4.3662   3.339713   3.339833     1.9792     1.6532      10.43   23.08772  -86.27310   -0.00006   -0.00006          2  0.000e+00
      47696   1987.292   1220.254   1231.628     4.3647     4.3661   3.339726   3.339852     1.9792     1.6532      10.43   23.08772  -86.27310   -0.00006   -0.00005          2  0.000e+00
      47697   1987.333   1220.310   1231.684     4.3647     4.3661   3.339757   3.339858     1.9792     1.6532      10.45   23.08772  -86.27310   -0.00006   -0.00004          2  0.000e+00
      47698   1987.375   1220.172   1231.544     4.3647     4.3661   3.339720   3.339858     1.9792     1.6520      10.31   23.08772  -86.27310   -0.00005   -0.00005          2  0.000e+00
      47699   1987.417   1220.413   1231.788     4.3647     4.3661   3.339757   3.339858     1.9792     1.6532      10.21   23.08772  -86.27310   -0.00003   -0.00004          2  0.000e+00
      47700   1987.458   1220.310   1231.684     4.3647     4.3663   3.339745   3.339839     1.9805     1.6532      10.18   23.08772  -86.27310   -0.00001   -0.00003          2  0.000e+00
      47701   1987.500   1220.310   1231.684     4.3647     4.3663   3.339738   3.339852     1.9792     1.6532      10.18   23.08772  -86.27310    0.00000   -0.00002          2  0.000e+00
      47702   1987.542   1220.255   1231.628     4.3645     4.3663   3.339738   3.339858     1.9792     1.6532      10.18   23.08772  -86.27310 7.0337e-07   -0.00002          2  0.000e+00
      47703   1987.583   1220.310   1231.684     4.3647     4.3661   3.339757   3.339858     1.9792     1.6520      10.18   23.08772  -86.27310 -7.034e-07   -0.00003          2  0.000e+00
      47704   1987.625   1220.255   1231.628     4.3644     4.3663   3.339745   3.339858     1.9792     1.6532      10.18   23.08772  -86.27310   -0.00000   -0.00002          2  0.000e+00
      47705   1987.667   1220.310   1231.684     4.3644     4.3661   3.339738   3.339839     1.9792     1.6532      10.18   23.08772  -86.27310   -0.00000   -0.00001          2  0.000e+00
      47706   1987.708   1220.255   1231.628     4.3647     4.3661   3.339713   3.339871     1.9792     1.6532      10.18   23.08772  -86.27310   -0.00000 8.7921e-07          2  0.000e+00
      47707   1987.750   1220.255   1231.628     4.3644     4.3665   3.339726   3.339871     1.9792     1.6532      10.18   23.08772  -86.27310   -0.00001    0.00001          2  0.000e+00
      47708   1987.792   1220.310   1231.684     4.3644     4.3666   3.339776   3.339884     1.9792     1.6532      10.18   23.08774  -86.27310   -0.00001    0.00002          2  0.000e+00
      47709   1987.833   1220.255   1231.629     4.3644     4.3667   3.339751   3.339909     1.9792     1.6532      10.18   23.08774  -86.27310   -0.00001    0.00003          2  0.000e+00
      47710   1987.875   1220.255   1231.629     4.3644     4.3666   3.339738   3.339871     1.9792     1.6520      10.18   23.08774  -86.27310   -0.00001    0.00002          2  0.000e+00
      47711   1987.917   1220.255   1231.629     4.3644     4.3666   3.339738   3.339877     1.9792     1.6532      10.18   23.08774  -86.27310   -0.00001    0.00003          2  0.000e+00
      47712   1987.958   1220.221   1231.594     4.3647     4.3666   3.339738   3.339890     1.9792     1.6532      10.18   23.08774  -86.27310   -0.00001    0.00004          2  0.000e+00
      47713   1988.000   1220.255   1231.629     4.3647     4.3666   3.339757   3.339864     1.9792     1.6532      10.18   23.08774  -86.27310   -0.00001    0.00003          2  0.000e+00
      47714   1988.042   1220.207   1231.580     4.3649     4.3666   3.339770   3.339858     1.9805     1.6532      10.18   23.08774  -86.27310    0.00000    0.00004          2  0.000e+00
      47715   1988.083   1220.207   1231.580     4.3649     4.3668   3.339745   3.339877     1.9792     1.6532      10.18   23.08774  -86.27310 -5.275e-07    0.00005          2  0.000e+00
      47716   1988.125   1220.207   1231.580     4.3652     4.3665   3.339738   3.339890     1.9792     1.6532      10.18   23.08774  -86.27310   -0.00000    0.00004          2  0.000e+00
      47717   1988.167   1220.207   1231.580     4.3653     4.3666   3.339764   3.339890     1.9792     1.6532      10.18   23.08774  -86.27310   -0.00000    0.00003          2  0.000e+00
      47718   1988.208   1220.152   1231.525     4.3655     4.3666   3.339789   3.339890     1.9792     1.6532      10.18   23.08774  -86.27310   -0.00001    0.00004          2  0.000e+00
      47719   1988.250   1220.208   1231.580     4.3653     4.3665   3.339814   3.339890     1.9792     1.6532      10.18   23.08774  -86.27310   -0.00001    0.00004          2  0.000e+00
      47720   1988.292   1220.152   1231.525     4.3658     4.3668   3.339827   3.339890     1.9792     1.6532      10.18   23.08774  -86.27310   -0.00001    0.00005          2  0.000e+00
      47721   1988.333   1220.153   1231.525     4.3661     4.3666   3.339833   3.339864     1.9792     1.6532      10.18   23.08774  -86.27310   -0.00001    0.00006          2  0.000e+00
      47722   1988.375   1220.104   1231.476     4.3660     4.3669   3.339827   3.339903     1.9792     1.6532      10.21   23.08774  -86.27310   -0.00001    0.00007          2  0.000e+00
      47723   1988.417   1220.104   1231.476     4.3660     4.3668   3.339846   3.339922     1.9792     1.6532      10.26   23.08774  -86.27310   -0.00001    0.00008          2  0.000e+00
      47724   1988.458   1220.153   1231.525     4.3661     4.3671   3.339858   3.339896     1.9792     1.6532      10.26   23.08774  -86.27310    0.00000    0.00008          2  0.000e+00
      47725   1988.500   1220.070   1231.441     4.3663     4.3669   3.339858   3.339909     1.9805     1.6532      10.26   23.08774  -86.27310    0.00002    0.00009          2  0.000e+00
      47726   1988.542   1220.105   1231.476     4.3660     4.3669   3.339858   3.339896     1.9792     1.6532      10.26   23.08774  -86.27310    0.00002    0.00008          2  0.000e+00
      47727   1988.583   1220.105   1231.476     4.3655     4.3671   3.339839   3.339909     1.9792     1.6532      10.23   23.08774  -86.27310    0.00001    0.00007          2  0.000e+00
      47728   1988.625   1220.056   1231.427     4.3658     4.3671   3.339827   3.339941     1.9805     1.6532      10.26   23.08774  -86.27310    0.00003    0.00006          2  0.000e+00
      47729   1988.667   1220.001   1231.372     4.3656     4.3674   3.339846   3.339954     1.9792     1.6532      10.26   23.08774  -86.27310    0.00003    0.00007          2  0.000e+00
      47730   1988.708   1220.057   1231.428     4.3658     4.3675   3.339858   3.339954     1.9792     1.6532      10.26   23.08774  -86.27310    0.00003    0.00008          2  0.000e+00
      47731   1988.750   1220.057   1231.428     4.3661     4.3674   3.339877   3.339954     1.9805     1.6532      10.23   23.08774  -86.27310    0.00004    0.00008          2  0.000e+00
      47732   1988.792   1219.953   1231.323     4.3661     4.3674   3.339871   3.339928     1.9792     1.6532      10.26   23.08774  -86.27310    0.00004    0.00009          2  0.000e+00
      47733   1988.833   1220.002   1231.372     4.3663     4.3674   3.339909   3.339941     1.9792     1.6532      10.26   23.08774  -86.27310    0.00004    0.00010          2  0.000e+00
      47734   1988.875   1220.002   1231.372     4.3664     4.3673   3.339896   3.339928     1.9805     1.6532      10.26   23.08774  -86.27310    0.00005    0.00010          2  0.000e+00
      47735   1988.917   1219.953   1231.323     4.3667     4.3671   3.339909   3.339941     1.9792     1.6532      10.26   23.08774  -86.27310    0.00005    0.00011          2  0.000e+00
      47736   1988.958   1219.954   1231.323     4.3664     4.3671   3.339921   3.339928     1.9805     1.6532      10.26   23.08774  -86.27310    0.00006    0.00012          2  0.000e+00
      47737   1989.000   1219.912   1231.281     4.3667     4.3673   3.339921   3.339922     1.9805     1.6532      10.26   23.08774  -86.27310    0.00008    0.00013          2  0.000e+00
      47738   1989.042   1219.954   1231.323     4.3670     4.3671   3.339902   3.339896     1.9792     1.6532      10.26   23.08774  -86.27310    0.00007    0.00013          2  0.000e+00
      47739   1989.083   1219.899   1231.268     4.3670     4.3673   3.339890   3.339909     1.9805     1.6532      10.26   23.08774  -86.27310    0.00009    0.00014          2  0.000e+00
      47740   1989.125   1219.850   1231.219     4.3669     4.3674   3.339890   3.339941     1.9792     1.6532      10.26   23.08774  -86.27310    0.00008    0.00013          2  0.000e+00
      47741   1989.167   1219.899   1231.268     4.3673     4.3674   3.339909   3.339928     1.9792     1.6532      10.26   23.08774  -86.27310    0.00010    0.00014          2  0.000e+00
      47742   1989.208   1219.899   1231.268     4.3669     4.3674   3.339921   3.339922     1.9805     1.6532      10.26   23.08774  -86.27310    0.00011    0.00012          2  0.000e+00
      47743   1989.250   1219.851   1231.219     4.3669     4.3673   3.339921   3.339941     1.9792     1.6532      10.26   23.08774  -86.27310    0.00012    0.00013          2  0.000e+00
      47744   1989.292   1219.796   1231.163     4.3669     4.3675   3.339896   3.339928     1.9792     1.6532      10.26   23.08774  -86.27310    0.00012    0.00014          2  0.000e+00
      47745   1989.333   1219.851   1231.219     4.3666     4.3674   3.339890   3.339941     1.9792     1.6532      10.23   23.08774  -86.27310    0.00012    0.00013          2  0.000e+00
      47746   1989.375   1219.796   1231.163     4.3663     4.3676   3.339890   3.339928     1.9792     1.6532      10.38   23.08774  -86.27310    0.00011    0.00011          2  0.000e+00
      47747   1989.417   1219.796   1231.164     4.3661     4.3674   3.339890   3.339941     1.9792     1.6532      10.55   23.08774  -86.27310    0.00011    0.00010          2  0.000e+00
      47748   1989.458   1219.796   1231.164     4.3664     4.3674   3.339890   3.339954     1.9805     1.6532      10.57   23.08774  -86.27310    0.00012    0.00011          2  0.000e+00
      47749   1989.500   1219.761   1231.129     4.3664     4.3676   3.339890   3.339954     1.9792     1.6532      10.57   23.08774  -86.27310    0.00012    0.00011          2  0.000e+00
      47750   1989.542   1219.796   1231.164     4.3666     4.3676   3.339890   3.339928     1.9792     1.6532      10.57   23.08774  -86.27310    0.00012    0.00012          2  0.000e+00
      47751   1989.583   1219.748   1231.115     4.3667     4.3674   3.339908   3.339922     1.9792     1.6532      10.55   23.08774  -86.27310    0.00011    0.00012          2  0.000e+00
      47752   1989.625   1219.748   1231.115     4.3667     4.3669   3.339921   3.339896     1.9792     1.6532      10.55   23.08774  -86.27310    0.00011    0.00013          2  0.000e+00
      47753   1989.667   1219.693   1231.059     4.3670     4.3671   3.339896   3.339934     1.9792     1.6532      10.57   23.08774  -86.27310    0.00011    0.00013          2  0.000e+00
      47754   1989.708   1219.748   1231.115     4.3669     4.3671   3.339890   3.339903     1.9805     1.6545      10.55   23.08774  -86.27310    0.00012    0.00016          2  0.000e+00
      47755   1989.750   1219.693   1231.059     4.3666     4.3669   3.339890   3.339909     1.9792     1.6532      10.57   23.08774  -86.27310    0.00011    0.00014          2  0.000e+00
      47756   1989.792   1219.693   1231.059     4.3669     4.3669   3.339864   3.339896     1.9805     1.6532      10.55   23.08774  -86.27310    0.00013    0.00015          2  0.000e+00
      47757   1989.833   1219.693   1231.060     4.3664     4.3670   3.339902   3.339890     1.9792     1.6532      10.57   23.08774  -86.27310    0.00012    0.00015          2  0.000e+00
      47758   1989.875   1219.693   1231.060     4.3666     4.3671   3.339921   3.339890     1.9792     1.6532      10.55   23.08774  -86.27310    0.00012    0.00016          2  0.000e+00
      47759   1989.917   1219.693   1231.060     4.3666     4.3674   3.339896   3.339909     1.9805     1.6532      10.57   23.08774  -86.27310    0.00013    0.00014          2  0.000e+00
      47760   1989.958   1219.659   1231.025     4.3664     4.3673   3.339871   3.339922     1.9805     1.6532      10.55   23.08774  -86.27310    0.00014    0.00013          2  0.000e+00
      47761   1990.000   1219.645   1231.011     4.3663     4.3671   3.339883   3.339896     1.9792     1.6532      10.57   23.08774  -86.27310    0.00014    0.00013          2  0.000e+00
      47762   1990.042   1219.645   1231.011     4.3664     4.3669   3.339864   3.339890     1.9805     1.6532      10.57   23.08774  -86.27310    0.00015    0.00014          2  0.000e+00
      47763   1990.083   1219.645   1231.011     4.3663     4.3671   3.339877   3.339890     1.9805     1.6532      10.55   23.08774  -86.27310    0.00016    0.00014          2  0.000e+00
      47764   1990.125   1219.645   1231.011     4.3664     4.3670   3.339864   3.339890     1.9792     1.6532      10.57   23.08774  -86.27310    0.00016    0.00013          2  0.000e+00
      47765   1990.167   1219.693   1231.060     4.3663     4.3671   3.339883   3.339890     1.9805     1.6532      10.57   23.08774  -86.27310    0.00015    0.00013          2  0.000e+00
      47766   1990.208   1219.590   1230.955     4.3663     4.3671   3.339839   3.339909     1.9792     1.6532      10.57   23.08774  -86.27310    0.00014    0.00014          2  0.000e+00
      47767   1990.250   1219.645   1231.011     4.3663     4.3674   3.339871   3.339896     1.9792     1.6532      10.57   23.08774  -86.27310    0.00014    0.00012          2  0.000e+00
      47768   1990.292   1219.645   1231.011     4.3661     4.3673   3.339864   3.339890     1.9792     1.6532      10.55   23.08774  -86.27310    0.00013    0.00011          2  0.000e+00
      47769   1990.333   1219.645   1231.011     4.3663     4.3673   3.339877   3.339890     1.9792     1.6532      10.57   23.08774  -86.27310    0.00014    0.00009          2  0.000e+00
      47770   1990.375   1219.590   1230.956     4.3663     4.3673   3.339864   3.339871     1.9792     1.6532      10.65   23.08774  -86.27310    0.00014    0.00009          2  0.000e+00
      47771   1990.417   1219.659   1231.025     4.3661     4.3671   3.339864   3.339903     1.9792     1.6532      10.74   23.08774  -86.27310    0.00013    0.00008          2  0.000e+00
      47772   1990.458   1219.590   1230.956     4.3660     4.3671   3.339814   3.339922     1.9792     1.6532      10.77   23.08774  -86.27310    0.00012    0.00008          2  0.000e+00
