Gulf of Mexico/GOMECC-4/1db/rb2103_0411.ros
* Sea-Bird SBE 9 Data File:
* FileName = C:\Users\scs.user.rb\CTD\GOMECC4\data\rb2103_0411.hex
* Software Version Seasave V 7.26.7.107
* Temperature SN = 4799
* Conductivity SN = 3860
* Number of Bytes Per Scan = 41
* Number of Voltage Words = 4
* Number of Scans Averaged by the Deck Unit = 1
* NMEA Latitude = 28 04.43 N
* NMEA Longitude = 089 59.85 W
* NMEA UTC (Time) = Sep 26 2021  02:13:04
* NMEA baud rate = 4800
# nquan = 17
# nvalues = 1862                                  
# units = specified
# name 0 = scan: Scan Count
# name 1 = timeS: Time, Elapsed [seconds]
# name 2 = depSM: Depth [salt water, m]
# name 3 = prDM: Pressure, Digiquartz [db]
# name 4 = t090C: Temperature [ITS-90, deg C]
# name 5 = t190C: Temperature, 2 [ITS-90, deg C]
# name 6 = c0S/m: Conductivity [S/m]
# name 7 = c1S/m: Conductivity, 2 [S/m]
# name 8 = sbeox0V: Oxygen raw, SBE 43 [V]
# name 9 = sbeox1V: Oxygen raw, SBE 43, 2 [V]
# name 10 = altM: Altimeter [m]
# name 11 = latitude: Latitude [deg]
# name 12 = longitude: Longitude [deg]
# name 13 = sbox0dV/dT: Oxygen, SBE 43 [dov/dt]
# name 14 = sbox1dV/dT: Oxygen, SBE 43, 2 [dov/dt]
# name 15 = nbf: Bottles Fired
# name 16 = flag:  0.000e+00
# interval = seconds: 0.0416667
# start_time = Sep 26 2021 02:13:04 [NMEA time, header]
# bad_flag = -9.990e-29
*END*
[from data line 1532]
      71930   2997.042     20.004     20.140    28.5005    28.5060   5.859965   5.860614     3.1258     2.6532     100.00   28.08278  -89.99956    0.00091   -0.00026         12  0.000e+00
      71931   2997.083     20.035     20.170    28.5005    28.5061   5.859989   5.860630     3.1258     2.6532     100.00   28.08278  -89.99956    0.00100   -0.00026         12  0.000e+00
      71932   2997.125     20.035     20.170    28.5003    28.5057   5.860036   5.860597     3.1258     2.6545     100.00   28.08278  -89.99956    0.00108   -0.00024         12  0.000e+00
      71933   2997.167     20.035     20.170    28.5003    28.5061   5.859957   5.860589     3.1270     2.6545     100.00   28.08278  -89.99956    0.00118   -0.00021         12  0.000e+00
      71934   2997.208     20.057     20.193    28.5003    28.5059   5.859949   5.860630     3.1270     2.6545     100.00   28.08278  -89.99956    0.00129   -0.00018         12  0.000e+00
      71935   2997.250     19.982     20.117    28.5005    28.5058   5.859957   5.860597     3.1258     2.6557     100.00   28.08278  -89.99956    0.00137   -0.00013         12  0.000e+00
      71936   2997.292     20.088     20.223    28.5001    28.5061   5.860028   5.860622     3.1258     2.6557     100.00   28.08278  -89.99956    0.00146   -0.00008         12  0.000e+00
      71937   2997.333     20.057     20.193    28.5005    28.5058   5.860013   5.860638     3.1270     2.6557     100.00   28.08278  -89.99956    0.00154   -0.00005         12  0.000e+00
      71938   2997.375     20.088     20.223    28.5005    28.5063   5.860076   5.860638     3.1258     2.6557     100.00   28.08278  -89.99956    0.00161   -0.00002         12  0.000e+00
      71939   2997.417     20.035     20.170    28.5009    28.5058   5.860060   5.860597     3.1258     2.6557     100.00   28.08278  -89.99956    0.00168    0.00001         12  0.000e+00
      71940   2997.458     20.088     20.223    28.5011    28.5057   5.860028   5.860630     3.1258     2.6557     100.00   28.08278  -89.99956    0.00174    0.00004         12  0.000e+00
      71941   2997.500     20.057     20.193    28.5014    28.5058   5.860116   5.860638     3.1258     2.6569     100.00   28.08278  -89.99956    0.00179    0.00009         12  0.000e+00
      71942   2997.542     20.088     20.223    28.5014    28.5059   5.860147   5.860670     3.1258     2.6569     100.00   28.08278  -89.99956    0.00184    0.00014         12  0.000e+00
      71943   2997.583     20.088     20.223    28.5018    28.5062   5.860147   5.860614     3.1258     2.6569     100.00   28.08278  -89.99956    0.00189    0.00018         12  0.000e+00
      71944   2997.625     20.088     20.223    28.5018    28.5059   5.860108   5.860622     3.1258     2.6569     100.00   28.08278  -89.99956    0.00194    0.00021         12  0.000e+00
      71945   2997.667     20.118     20.254    28.5020    28.5061   5.860171   5.860638     3.1258     2.6569     100.00   28.08278  -89.99956    0.00199    0.00024         12  0.000e+00
      71946   2997.708     20.088     20.223    28.5031    28.5057   5.860266   5.860606     3.1258     2.6569     100.00   28.08278  -89.99956    0.00202    0.00027         12  0.000e+00
      71947   2997.750     20.088     20.223    28.5037    28.5061   5.860290   5.860662     3.1258     2.6569     100.00   28.08278  -89.99956    0.00205    0.00030         12  0.000e+00
      71948   2997.792     20.171     20.307    28.5035    28.5058   5.860266   5.860646     3.1258     2.6569     100.00   28.08278  -89.99956    0.00207    0.00032         12  0.000e+00
      71949   2997.833     20.088     20.223    28.5038    28.5059   5.860242   5.860606     3.1258     2.6569     100.00   28.08278  -89.99956    0.00208    0.00035         12  0.000e+00
      71950   2997.875     20.148     20.284    28.5038    28.5058   5.860345   5.860622     3.1270     2.6569     100.00   28.08278  -89.99956    0.00211    0.00037         12  0.000e+00
      71951   2997.917     20.088     20.223    28.5042    28.5061   5.860345   5.860670     3.1258     2.6569     100.00   28.08278  -89.99956    0.00214    0.00040         12  0.000e+00
      71952   2997.958     20.171     20.307    28.5042    28.5058   5.860338   5.860614     3.1258     2.6569     100.00   28.08278  -89.99956    0.00214    0.00042         12  0.000e+00
      71953   2998.000     20.148     20.284    28.5040    28.5059   5.860369   5.860622     3.1258     2.6569     100.00   28.08278  -89.99956    0.00215    0.00044         12  0.000e+00
      71954   2998.042     20.148     20.284    28.5044    28.5058   5.860345   5.860638     3.1258     2.6569     100.00   28.08278  -89.99956    0.00213    0.00047         12  0.000e+00
      71955   2998.083     20.058     20.193    28.5041    28.5055   5.860337   5.860638     3.1258     2.6569     100.00   28.08278  -89.99956    0.00212    0.00049         12  0.000e+00
      71956   2998.125     20.201     20.338    28.5042    28.5058   5.860314   5.860606     3.1245     2.6569     100.00   28.08278  -89.99956    0.00209    0.00051         12  0.000e+00
      71957   2998.167     20.148     20.284    28.5044    28.5059   5.860290   5.860622     3.1245     2.6557     100.00   28.08278  -89.99956    0.00204    0.00051         12  0.000e+00
      71958   2998.208     20.201     20.338    28.5044    28.5057   5.860361   5.860638     3.1233     2.6557     100.00   28.08278  -89.99956    0.00196    0.00051         12  0.000e+00
      71959   2998.250     20.118     20.254    28.5044    28.5058   5.860385   5.860638     3.1233     2.6557     100.00   28.08278  -89.99956    0.00189    0.00053         12  0.000e+00
      71960   2998.292     20.262     20.398    28.5046    28.5059   5.860385   5.860638     3.1221     2.6557     100.00   28.08278  -89.99956    0.00180    0.00055         12  0.000e+00
      71961   2998.333     20.148     20.284    28.5044    28.5060   5.860385   5.860670     3.1221     2.6545     100.00   28.08278  -89.99956    0.00169    0.00056         12  0.000e+00
      71962   2998.375     20.148     20.284    28.5045    28.5059   5.860417   5.860654     3.1221     2.6545     100.00   28.08278  -89.99956    0.00158    0.00056         12  0.000e+00
      71963   2998.417     20.231     20.368    28.5046    28.5060   5.860393   5.860638     3.1221     2.6545     100.00   28.08278  -89.99956    0.00147    0.00056         12  0.000e+00
      71964   2998.458     20.148     20.284    28.5046    28.5059   5.860361   5.860638     3.1221     2.6545     100.00   28.08278  -89.99956    0.00136    0.00056         12  0.000e+00
      71965   2998.500     20.201     20.338    28.5046    28.5060   5.860338   5.860638     3.1221     2.6545     100.00   28.08278  -89.99956    0.00125    0.00057         12  0.000e+00
      71966   2998.542     20.171     20.307    28.5044    28.5061   5.860338   5.860670     3.1221     2.6532     100.00   28.08278  -89.99956    0.00113    0.00055         12  0.000e+00
      71967   2998.583     20.201     20.338    28.5042    28.5058   5.860338   5.860646     3.1221     2.6532     100.00   28.08278  -89.99956    0.00102    0.00054         12  0.000e+00
      71968   2998.625     20.201     20.338    28.5041    28.5059   5.860338   5.860606     3.1221     2.6520     100.00   28.08278  -89.99956    0.00090    0.00051         12  0.000e+00
      71969   2998.667     20.201     20.338    28.5042    28.5057   5.860338   5.860590     3.1221     2.6520     100.00   28.08278  -89.99956    0.00078    0.00048         12  0.000e+00
      71970   2998.708     20.171     20.307    28.5040    28.5057   5.860369   5.860662     3.1221     2.6520     100.00   28.08278  -89.99956    0.00067    0.00044         12  0.000e+00
      71971   2998.750     20.201     20.338    28.5044    28.5055   5.860401   5.860654     3.1221     2.6532     100.00   28.08278  -89.99956    0.00056    0.00041         12  0.000e+00
      71972   2998.792     20.262     20.399    28.5044    28.5057   5.860314   5.860638     3.1221     2.6532     100.00   28.08278  -89.99956    0.00046    0.00039         12  0.000e+00
      71973   2998.833     20.201     20.338    28.5044    28.5057   5.860361   5.860598     3.1233     2.6532     100.00   28.08278  -89.99956    0.00038    0.00034         12  0.000e+00
      71974   2998.875     20.171     20.307    28.5043    28.5054   5.860345   5.860557     3.1221     2.6532     100.00   28.08278  -89.99956    0.00027    0.00030         12  0.000e+00
      71975   2998.917     20.201     20.338    28.5044    28.5055   5.860369   5.860614     3.1233     2.6532     100.00   28.08278  -89.99956    0.00018    0.00025         12  0.000e+00
      71976   2998.958     20.201     20.338    28.5044    28.5057   5.860345   5.860598     3.1233     2.6532     100.00   28.08278  -89.99956    0.00011    0.00021         12  0.000e+00
      71977   2999.000     20.171     20.307    28.5044    28.5057   5.860409   5.860589     3.1233     2.6532     100.00   28.08278  -89.99956    0.00004    0.00017         12  0.000e+00
      71978   2999.042     20.262     20.399    28.5046    28.5057   5.860393   5.860590     3.1233     2.6545     100.00   28.08278  -89.99956   -0.00003    0.00014         12  0.000e+00
      71979   2999.083     20.201     20.338    28.5046    28.5057   5.860361   5.860590     3.1221     2.6545     100.00   28.08278  -89.99956   -0.00012    0.00011         12  0.000e+00
      71980   2999.125     20.262     20.399    28.5044    28.5055   5.860377   5.860590     3.1233     2.6532     100.00   28.08278  -89.99956   -0.00019    0.00007         12  0.000e+00
      71981   2999.167     20.171     20.307    28.5045    28.5058   5.860385   5.860622     3.1221     2.6545     100.00   28.08278  -89.99956   -0.00028    0.00004         12  0.000e+00
      71982   2999.208     20.262     20.399    28.5044    28.5055   5.860346   5.860525     3.1221     2.6545     100.00   28.08278  -89.99956   -0.00038    0.00001         12  0.000e+00
      71983   2999.250     20.148     20.284    28.5046    28.5057   5.860369   5.860525     3.1221     2.6545     100.00   28.08278  -89.99956   -0.00047   -0.00001         12  0.000e+00
      71984   2999.292     20.201     20.338    28.5042    28.5057   5.860385   5.860581     3.1221     2.6545     100.00   28.08278  -89.99956   -0.00054   -0.00004         12  0.000e+00
      71985   2999.333     20.232     20.368    28.5046    28.5058   5.860417   5.860622     3.1209     2.6545     100.00   28.08278  -89.99956   -0.00063   -0.00007         12  0.000e+00
      71986   2999.375     20.201     20.338    28.5042    28.5055   5.860393   5.860638     3.1209     2.6545     100.00   28.08278  -89.99956   -0.00073   -0.00010         12  0.000e+00
      71987   2999.417     20.201     20.338    28.5045    28.5057   5.860361   5.860638     3.1209     2.6532     100.00   28.08278  -89.99956   -0.00082   -0.00015         12  0.000e+00
      71988   2999.458     20.058     20.193    28.5044    28.5057   5.860377   5.860597     3.1209     2.6532     100.00   28.08278  -89.99956   -0.00091   -0.00019         12  0.000e+00
      71989   2999.500     20.368     20.505    28.5046    28.5058   5.860385   5.860694     3.1197     2.6532     100.00   28.08278  -89.99956   -0.00102   -0.00024         12  0.000e+00
      71990   2999.542     20.149     20.285    28.5042    28.5055   5.860345   5.860630     3.1197     2.6520     100.00   28.08278  -89.99956   -0.00111   -0.00031         12  0.000e+00
      71991   2999.583     20.201     20.338    28.5044    28.5057   5.860369   5.860590     3.1197     2.6520     100.00   28.08278  -89.99956   -0.00119   -0.00037         12  0.000e+00
      71992   2999.625     20.171     20.307    28.5044    28.5055   5.860314   5.860622     3.1197     2.6520     100.00   28.08278  -89.99956   -0.00128   -0.00043         12  0.000e+00
      71993   2999.667     20.201     20.338    28.5043    28.5057   5.860361   5.860606     3.1184     2.6520     100.00   28.08278  -89.99956   -0.00138   -0.00050         12  0.000e+00
      74403   3100.083     10.565     10.636    28.4983    28.5037   5.844267   5.845095     3.1233     2.6593     100.00   28.08292  -89.99976   -0.00135    0.00065         13  0.000e+00
      74404   3100.125      9.704      9.769    28.4980    28.5043   5.844172   5.845094     3.1233     2.6593     100.00   28.08292  -89.99976   -0.00136    0.00073         13  0.000e+00
      74405   3100.167     10.059     10.126    28.4976    28.5039   5.844219   5.845054     3.1245     2.6593     100.00   28.08292  -89.99976   -0.00135    0.00081         13  0.000e+00
      74406   3100.208     10.096     10.164    28.4974    28.5036   5.844172   5.845078     3.1245     2.6593     100.00   28.08292  -89.99976   -0.00134    0.00087         13  0.000e+00
      74407   3100.250     10.112     10.180    28.4974    28.5035   5.844148   5.845054     3.1245     2.6593     100.00   28.08292  -89.99976   -0.00133    0.00093         13  0.000e+00
      74408   3100.292     10.044     10.111    28.4972    28.5034   5.844148   5.845006     3.1245     2.6593     100.00   28.08292  -89.99976   -0.00134    0.00100         13  0.000e+00
      74409   3100.333     10.059     10.126    28.4967    28.5029   5.844077   5.845030     3.1245     2.6593     100.00   28.08292  -89.99976   -0.00134    0.00104         13  0.000e+00
      74410   3100.375     10.044     10.111    28.4968    28.5031   5.844124   5.845046     3.1245     2.6593     100.00   28.08292  -89.99976   -0.00134    0.00108         13  0.000e+00
      74411   3100.417     10.006     10.073    28.4965    28.5031   5.844045   5.845078     3.1245     2.6606     100.00   28.08292  -89.99976   -0.00135    0.00112         13  0.000e+00
      74412   3100.458     10.044     10.111    28.4967    28.5036   5.844077   5.845054     3.1245     2.6606     100.00   28.08292  -89.99976   -0.00135    0.00116         13  0.000e+00
      74413   3100.500     10.059     10.126    28.4967    28.5035   5.844100   5.845078     3.1245     2.6606     100.00   28.08292  -89.99976   -0.00135    0.00120         13  0.000e+00
      74414   3100.542      9.983     10.050    28.4969    28.5037   5.844100   5.845054     3.1245     2.6606     100.00   28.08292  -89.99976   -0.00134    0.00122         13  0.000e+00
      74415   3100.583     10.006     10.073    28.4967    28.5038   5.844069   5.845078     3.1245     2.6606     100.00   28.08292  -89.99976   -0.00136    0.00124         13  0.000e+00
      74416   3100.625      9.983     10.050    28.4969    28.5041   5.844085   5.845126     3.1245     2.6606     100.00   28.08292  -89.99976   -0.00136    0.00123         13  0.000e+00
      74417   3100.667      9.945     10.012    28.4969    28.5038   5.844029   5.845102     3.1258     2.6618     100.00   28.08292  -89.99976   -0.00133    0.00125         13  0.000e+00
      74418   3100.708      9.983     10.050    28.4965    28.5041   5.844108   5.845126     3.1245     2.6618     100.00   28.08292  -89.99976   -0.00133    0.00124         13  0.000e+00
      74419   3100.750      9.945     10.012    28.4970    28.5038   5.844116   5.845102     3.1245     2.6618     100.00   28.08292  -89.99976   -0.00130    0.00125         13  0.000e+00
      74420   3100.792      9.983     10.050    28.4972    28.5041   5.844100   5.845094     3.1258     2.6630      74.58   28.08294  -89.99976   -0.00128    0.00127         13  0.000e+00
      74421   3100.833      9.945     10.012    28.4974    28.5038   5.844100   5.845094     3.1245     2.6618      39.51   28.08294  -89.99976   -0.00125    0.00127         13  0.000e+00
      74422   3100.875      9.983     10.050    28.4974    28.5037   5.844100   5.845094     3.1258     2.6618      30.06   28.08294  -89.99976   -0.00123    0.00127         13  0.000e+00
      74423   3100.917      9.945     10.012    28.4974    28.5042   5.844100   5.845126     3.1258     2.6630      31.36   28.08294  -89.99976   -0.00120    0.00127         13  0.000e+00
