Gulf of Mexico/GOMECC-4/1db/rb2103_0781.ros
* Sea-Bird SBE 9 Data File:
* FileName = C:\Users\scs.user.rb\CTD\GOMECC4\data\rb2103_0781.hex
* Software Version Seasave V 7.26.7.107
* Temperature SN = 4799
* Conductivity SN = 3860
* Number of Bytes Per Scan = 41
* Number of Voltage Words = 4
* Number of Scans Averaged by the Deck Unit = 1
* NMEA Latitude = 22 16.52 N
* NMEA Longitude = 097 27.17 W
* NMEA UTC (Time) = Oct 06 2021  03:00:19
* NMEA baud rate = 4800
# nquan = 17
# nvalues = 931                                   
# units = specified
# name 0 = scan: Scan Count
# name 1 = timeS: Time, Elapsed [seconds]
# name 2 = depSM: Depth [salt water, m]
# name 3 = prDM: Pressure, Digiquartz [db]
# name 4 = t090C: Temperature [ITS-90, deg C]
# name 5 = t190C: Temperature, 2 [ITS-90, deg C]
# name 6 = c0S/m: Conductivity [S/m]
# name 7 = c1S/m: Conductivity, 2 [S/m]
# name 8 = sbeox0V: Oxygen raw, SBE 43 [V]
# name 9 = sbeox1V: Oxygen raw, SBE 43, 2 [V]
# name 10 = altM: Altimeter [m]
# name 11 = latitude: Latitude [deg]
# name 12 = longitude: Longitude [deg]
# name 13 = sbox0dV/dT: Oxygen, SBE 43 [dov/dt]
# name 14 = sbox1dV/dT: Oxygen, SBE 43, 2 [dov/dt]
# name 15 = nbf: Bottles Fired
# name 16 = flag:  0.000e+00
# interval = seconds: 0.0416667
# start_time = Oct 06 2021 03:00:19 [NMEA time, header]
# bad_flag = -9.990e-29
*END*
[from data line 341]
      22456    935.625     44.945     45.232    29.1433    29.2110   5.928923   5.937381     3.2027     2.7131      27.11   22.27548  -97.45366    0.00443    0.00547          3  0.000e+00
      22457    935.667     44.945     45.232    29.1540    29.2062   5.930301   5.937212     3.2027     2.7131      27.28   22.27548  -97.45366    0.00458    0.00569          3  0.000e+00
      22458    935.708     44.897     45.184    29.1742    29.2060   5.931400   5.937341     3.2039     2.7131      27.33   22.27548  -97.45366    0.00474    0.00590          3  0.000e+00
      22459    935.750     44.897     45.184    29.1813    29.2082   5.932380   5.937914     3.2039     2.7131      27.35   22.27548  -97.45366    0.00490    0.00610          3  0.000e+00
      22460    935.792     44.897     45.184    29.1645    29.2071   5.932851   5.938779     3.2039     2.7118      27.33   22.27548  -97.45366    0.00507    0.00628          3  0.000e+00
      22461    935.833     44.877     45.164    29.1650    29.2115   5.933225   5.939442     3.2039     2.7118      27.33   22.27548  -97.45366    0.00522    0.00646          3  0.000e+00
      22462    935.875     44.897     45.184    29.1888    29.2117   5.934683   5.939369     3.2039     2.7118      27.33   22.27548  -97.45366    0.00538    0.00664          3  0.000e+00
      22463    935.917     44.897     45.184    29.2063    29.2047   5.936333   5.938900     3.2039     2.7118      27.33   22.27548  -97.45366    0.00553    0.00682          3  0.000e+00
      22464    935.958     44.796     45.082    29.2069    29.2136   5.937345   5.938771     3.2039     2.7118      27.33   22.27548  -97.45366    0.00567    0.00701          3  0.000e+00
      22465    936.000     44.897     45.184    29.2193    29.2218   5.938325   5.939490     3.2027     2.7118      27.33   22.27548  -97.45366    0.00580    0.00719          3  0.000e+00
      22466    936.042     44.850     45.137    29.2356    29.2199   5.939879   5.941268     3.2015     2.7106      27.33   22.27548  -97.45366    0.00591    0.00735          3  0.000e+00
      22467    936.083     44.850     45.137    29.2390    29.2380   5.939696   5.944371     3.2027     2.7106      27.33   22.27548  -97.45366    0.00604    0.00750          3  0.000e+00
      22468    936.125     44.796     45.082    29.2285    29.2777   5.936898   5.947645     3.2015     2.7094      27.33   22.27548  -97.45366    0.00615    0.00764          3  0.000e+00
      22469    936.167     44.850     45.137    29.1952    29.3065   5.934006   5.949892     3.2015     2.7094      27.33   22.27548  -97.45366    0.00625    0.00777          3  0.000e+00
      22470    936.208     44.796     45.082    29.1791    29.3223   5.932197   5.950781     3.2002     2.7094      27.33   22.27548  -97.45366    0.00631    0.00790          3  0.000e+00
      22471    936.250     44.850     45.137    29.1740    29.3282   5.932054   5.950725     3.2002     2.7094      27.33   22.27548  -97.45366    0.00639    0.00800          3  0.000e+00
      22472    936.292     44.823     45.109    29.1774    29.3286   5.933169   5.950053     3.1990     2.7082      27.33   22.27548  -97.45366    0.00644    0.00807          3  0.000e+00
      22473    936.333     44.796     45.082    29.1730    29.3249   5.933775   5.949552     3.1990     2.7082      27.33   22.27548  -97.45366    0.00649    0.00814          3  0.000e+00
      22474    936.375     44.796     45.082    29.1809    29.3245   5.933719   5.949350     3.1990     2.7082      27.33   22.27548  -97.45366    0.00653    0.00818          3  0.000e+00
      22475    936.417     44.850     45.137    29.1930    29.3210   5.933918   5.949196     3.1978     2.7070      27.33   22.27548  -97.45366    0.00656    0.00820          3  0.000e+00
      22476    936.458     44.748     45.034    29.1943    29.3102   5.934364   5.948800     3.1978     2.7070      27.33   22.27548  -97.45366    0.00658    0.00821          3  0.000e+00
      22477    936.500     44.796     45.082    29.1860    29.3036   5.934930   5.948711     3.1966     2.7070      27.33   22.27548  -97.45366    0.00657    0.00818          3  0.000e+00
      22478    936.542     44.796     45.082    29.1733    29.3039   5.935480   5.949132     3.1966     2.7057      27.33   22.27548  -97.45366    0.00657    0.00814          3  0.000e+00
      22479    936.583     44.796     45.082    29.1709    29.3095   5.935863   5.949512     3.1966     2.7057      27.33   22.27548  -97.45366    0.00658    0.00808          3  0.000e+00
      22480    936.625     44.796     45.082    29.1781    29.3134   5.936309   5.949932     3.1954     2.7057      27.33   22.27548  -97.45366    0.00655    0.00801          3  0.000e+00
      22481    936.667     44.796     45.082    29.1914    29.3142   5.937162   5.950183     3.1954     2.7057      27.45   22.27548  -97.45366    0.00653    0.00792          3  0.000e+00
      22482    936.708     44.796     45.082    29.2083    29.3139   5.938285   5.950232     3.1954     2.7057      27.47   22.27548  -97.45366    0.00649    0.00783          3  0.000e+00
      22483    936.750     44.775     45.062    29.2165    29.3143   5.939840   5.950013     3.1954     2.7057      27.47   22.27548  -97.45366    0.00646    0.00771          3  0.000e+00
      22484    936.792     44.796     45.082    29.2285    29.3104   5.941737   5.949544     3.1954     2.7057      27.47   22.27548  -97.45366    0.00641    0.00759          3  0.000e+00
      22485    936.833     44.796     45.082    29.2437    29.3076   5.943260   5.949003     3.1954     2.7057      27.47   22.27548  -97.45366    0.00639    0.00744          3  0.000e+00
      22486    936.875     44.796     45.082    29.2458    29.3090   5.943922   5.949310     3.1941     2.7057      27.47   22.27548  -97.45366    0.00634    0.00729          3  0.000e+00
      22487    936.917     44.796     45.082    29.2408    29.3202   5.943970   5.950474     3.1941     2.7057      27.47   22.27548  -97.45366    0.00627    0.00712          3  0.000e+00
      22488    936.958     44.796     45.082    29.2464    29.3342   5.944440   5.951768     3.1941     2.7057      27.47   22.27548  -97.45366    0.00620    0.00694          3  0.000e+00
      22489    937.000     44.796     45.082    29.2617    29.3601   5.945022   5.953798     3.1941     2.7057      27.47   22.27548  -97.45366    0.00612    0.00676          3  0.000e+00
      22490    937.042     44.796     45.082    29.2689    29.3788   5.945014   5.956184     3.1941     2.7057      27.47   22.27548  -97.45366    0.00605    0.00657          3  0.000e+00
      22491    937.083     44.796     45.082    29.2662    29.3918   5.944623   5.957745     3.1941     2.7057      27.47   22.27548  -97.45366    0.00597    0.00636          3  0.000e+00
      22492    937.125     44.850     45.137    29.2608    29.3990   5.943866   5.958384     3.1941     2.7057      27.47   22.27548  -97.45366    0.00589    0.00614          3  0.000e+00
      22493    937.167     44.823     45.109    29.2496    29.4024   5.942686   5.958449     3.1929     2.7057      27.47   22.27548  -97.45366    0.00578    0.00591          3  0.000e+00
      22494    937.208     44.796     45.082    29.2425    29.4035   5.941657   5.958489     3.1929     2.7057      27.47   22.27548  -97.45366    0.00568    0.00566          3  0.000e+00
      22495    937.250     44.850     45.137    29.2351    29.3979   5.941067   5.958052     3.1917     2.7057      27.47   22.27548  -97.45366    0.00554    0.00541          3  0.000e+00
      22496    937.292     44.850     45.137    29.2294    29.3857   5.940653   5.956799     3.1917     2.7057      27.47   22.27548  -97.45366    0.00539    0.00515          3  0.000e+00
      22497    937.333     44.796     45.082    29.2279    29.3684   5.940453   5.955432     3.1917     2.7057      27.47   22.27548  -97.45366    0.00524    0.00490          3  0.000e+00
      22498    937.375     44.850     45.137    29.2286    29.3546   5.940517   5.954146     3.1917     2.7045      27.47   22.27548  -97.45366    0.00509    0.00461          3  0.000e+00
      22499    937.417     44.850     45.137    29.2290    29.3468   5.940637   5.952698     3.1917     2.7045      27.47   22.27548  -97.45366    0.00492    0.00431          3  0.000e+00
      22500    937.458     44.897     45.184    29.2303    29.3320   5.941019   5.951485     3.1905     2.7045      27.47   22.27548  -97.45366    0.00473    0.00403          3  0.000e+00
      22501    937.500     44.850     45.137    29.2331    29.3223   5.941657   5.950620     3.1905     2.7045      27.47   22.27548  -97.45366    0.00454    0.00373          3  0.000e+00
      22502    937.542     44.897     45.184    29.2353    29.3137   5.942112   5.950029     3.1905     2.7045      27.47   22.27548  -97.45366    0.00433    0.00344          3  0.000e+00
      22503    937.583     44.897     45.184    29.2436    29.3072   5.942606   5.949601     3.1905     2.7045      27.47   22.27548  -97.45366    0.00411    0.00315          3  0.000e+00
      22504    937.625     44.877     45.164    29.2542    29.3164   5.943044   5.950490     3.1905     2.7045      27.47   22.27548  -97.45366    0.00389    0.00286          3  0.000e+00
      22505    937.667     44.897     45.184    29.2556    29.3284   5.942949   5.951873     3.1905     2.7045      27.50   22.27548  -97.45366    0.00367    0.00259          3  0.000e+00
      22506    937.708     44.944     45.232    29.2555    29.3353   5.942566   5.952552     3.1905     2.7033      27.50   22.27548  -97.45366    0.00343    0.00229          3  0.000e+00
      22507    937.750     44.897     45.184    29.2486    29.3440   5.941936   5.953248     3.1905     2.7033      27.50   22.27548  -97.45366    0.00318    0.00200          3  0.000e+00
      22508    937.792     44.944     45.232    29.2375    29.3500   5.941083   5.953733     3.1905     2.7033      27.52   22.27548  -97.45366    0.00292    0.00173          3  0.000e+00
      22509    937.833     44.944     45.232    29.2414    29.3445   5.941139   5.953426     3.1905     2.7021      27.50   22.27548  -97.45366    0.00265    0.00145          3  0.000e+00
      22510    937.875     44.944     45.232    29.2395    29.3420   5.940948   5.953515     3.1905     2.7021      27.50   22.27548  -97.45366    0.00236    0.00117          3  0.000e+00
      22511    937.917     44.944     45.232    29.2331    29.3427   5.940589   5.952196     3.1905     2.7033      27.50   22.27548  -97.45366    0.00206    0.00093          3  0.000e+00
      22512    937.958     44.944     45.232    29.2332    29.3175   5.940589   5.949294     3.1905     2.7021      27.50   22.27548  -97.45366    0.00176    0.00066          3  0.000e+00
      22513    938.000     44.999     45.287    29.2310    29.2850   5.940278   5.946505     3.1905     2.7021      27.50   22.27548  -97.45366    0.00146    0.00040          3  0.000e+00
      24843   1035.083     35.074     35.298    29.5678    29.5697   5.973432   5.973799     3.1453     2.6593      36.78   22.27552  -97.45374    0.00028   -0.00139          4  0.000e+00
      24844   1035.125     35.074     35.298    29.5679    29.5695   5.973432   5.973799     3.1453     2.6581      36.78   22.27552  -97.45374    0.00031   -0.00132          4  0.000e+00
      24845   1035.167     35.088     35.311    29.5676    29.5697   5.973432   5.973799     3.1453     2.6593      36.78   22.27552  -97.45374    0.00034   -0.00124          4  0.000e+00
      24846   1035.208     35.121     35.345    29.5676    29.5697   5.973440   5.973831     3.1453     2.6581      36.78   22.27552  -97.45374    0.00037   -0.00115          4  0.000e+00
      24847   1035.250     35.020     35.243    29.5674    29.5695   5.973400   5.973847     3.1453     2.6581      36.78   22.27552  -97.45374    0.00040   -0.00108          4  0.000e+00
      24848   1035.292     35.088     35.311    29.5674    29.5699   5.973456   5.973807     3.1453     2.6581      36.78   22.27552  -97.45374    0.00043   -0.00099          4  0.000e+00
      24849   1035.333     35.074     35.298    29.5676    29.5695   5.973408   5.973799     3.1453     2.6581      36.78   22.27552  -97.45374    0.00045   -0.00092          4  0.000e+00
      24850   1035.375     35.020     35.243    29.5676    29.5699   5.973416   5.973758     3.1453     2.6581      36.78   22.27552  -97.45374    0.00048   -0.00085          4  0.000e+00
      24851   1035.417     35.088     35.311    29.5674    29.5697   5.973392   5.973807     3.1453     2.6581      36.78   22.27552  -97.45374    0.00049   -0.00077          4  0.000e+00
      24852   1035.458     35.020     35.243    29.5674    29.5697   5.973432   5.973807     3.1453     2.6581      36.78   22.27552  -97.45374    0.00050   -0.00070          4  0.000e+00
      24853   1035.500     35.074     35.298    29.5676    29.5695   5.973360   5.973799     3.1453     2.6581      36.78   22.27552  -97.45374    0.00051   -0.00062          4  0.000e+00
      24854   1035.542     35.087     35.311    29.5676    29.5695   5.973408   5.973799     3.1453     2.6593      36.78   22.27552  -97.45374    0.00053   -0.00054          4  0.000e+00
      24855   1035.583     35.020     35.243    29.5674    29.5695   5.973432   5.973799     3.1453     2.6593      36.78   22.27552  -97.45374    0.00054   -0.00044          4  0.000e+00
      24856   1035.625     35.074     35.297    29.5674    29.5695   5.973392   5.973799     3.1453     2.6593      36.78   22.27552  -97.45374    0.00054   -0.00036          4  0.000e+00
      24857   1035.667     35.087     35.311    29.5672    29.5695   5.973392   5.973831     3.1453     2.6593      36.85   22.27552  -97.45374    0.00055   -0.00028          4  0.000e+00
      24858   1035.708     35.020     35.243    29.5673    29.5693   5.973384   5.973775     3.1465     2.6593      36.90   22.27552  -97.45374    0.00057   -0.00020          4  0.000e+00
      24859   1035.750     35.074     35.297    29.5670    29.5695   5.973344   5.973783     3.1453     2.6593      36.92   22.27552  -97.45374    0.00059   -0.00011          4  0.000e+00
      24860   1035.792     35.040     35.263    29.5667    29.5693   5.973296   5.973831     3.1465     2.6593      36.90   22.27552  -97.45374    0.00063   -0.00003          4  0.000e+00
      24861   1035.833     35.074     35.297    29.5665    29.5695   5.973320   5.973807     3.1453     2.6606      36.90   22.27552  -97.45374    0.00065    0.00005          4  0.000e+00
      24862   1035.875     35.074     35.297    29.5665    29.5695   5.973344   5.973799     3.1453     2.6593      36.90   22.27552  -97.45374    0.00069    0.00012          4  0.000e+00
      24863   1035.917     35.087     35.311    29.5661    29.5695   5.973336   5.973831     3.1453     2.6593      36.90   22.27552  -97.45374    0.00069    0.00019          4  0.000e+00
      24864   1035.958     35.020     35.243    29.5663    29.5697   5.973296   5.973847     3.1453     2.6606      36.90   22.27552  -97.45374    0.00071    0.00027          4  0.000e+00
      24865   1036.000     35.074     35.297    29.5661    29.5695   5.973320   5.973734     3.1453     2.6606      36.90   22.27552  -97.45374    0.00073    0.00034          4  0.000e+00
      24866   1036.042     35.020     35.243    29.5663    29.5693   5.973296   5.973775     3.1453     2.6606      36.90   22.27552  -97.45374    0.00075    0.00041          4  0.000e+00
      24867   1036.083     35.087     35.311    29.5661    29.5695   5.973288   5.973799     3.1453     2.6606      36.90   22.27552  -97.45374    0.00076    0.00047          4  0.000e+00
      24868   1036.125     35.020     35.243    29.5661    29.5693   5.973296   5.973831     3.1453     2.6606      36.90   22.27552  -97.45374    0.00078    0.00054          4  0.000e+00
