Gulf of Mexico/GOMECC-4/1db/rb2103_0391.cnv
* Sea-Bird SBE 9 Data File:
* FileName = C:\Users\scs.user.rb\CTD\GOMECC4\data\rb2103_0391.hex
* Software Version Seasave V 7.26.7.107
* Temperature SN = 4799
* Conductivity SN = 3860
* Number of Bytes Per Scan = 41
* Number of Voltage Words = 4
* Number of Scans Averaged by the Deck Unit = 1
* NMEA Latitude = 27 44.23 N
* NMEA Longitude = 089 59.91 W
* NMEA UTC (Time) = Sep 25 2021  20:49:51
* NMEA baud rate = 4800
# nquan = 28
# nvalues = 626                         
# units = specified
# name 0 = scan: Scan Count
# name 1 = timeS: Time, Elapsed [seconds]
# name 2 = depSM: Depth [salt water, m]
# name 3 = prDM: Pressure, Digiquartz [db]
# name 4 = t090C: Temperature [ITS-90, deg C]
# name 5 = t190C: Temperature, 2 [ITS-90, deg C]
# name 6 = c0S/m: Conductivity [S/m]
# name 7 = c1S/m: Conductivity, 2 [S/m]
# name 8 = sbeox0V: Oxygen raw, SBE 43 [V]
# name 9 = sbeox1V: Oxygen raw, SBE 43, 2 [V]
# name 10 = altM: Altimeter [m]
# name 11 = latitude: Latitude [deg]
# name 12 = longitude: Longitude [deg]
# name 13 = sbox0dV/dT: Oxygen, SBE 43 [dov/dt]
# name 14 = sbox1dV/dT: Oxygen, SBE 43, 2 [dov/dt]
# name 15 = sbeox0ML/L: Oxygen, SBE 43 [ml/l], WS = 5
# name 16 = sbeox1ML/L: Oxygen, SBE 43, 2 [ml/l], WS = 5
# name 17 = potemp090C: Potential Temperature [ITS-90, deg C]
# name 18 = potemp190C: Potential Temperature, 2 [ITS-90, deg C]
# name 19 = sal00: Salinity, Practical [PSU]
# name 20 = sal11: Salinity, Practical, 2 [PSU]
# name 21 = sigma-é00: Density [sigma-theta, kg/m^3]
# name 22 = sigma-é11: Density, 2 [sigma-theta, kg/m^3]
# name 23 = avgsvCM: Average Sound Velocity [Chen-Millero, m/s], minP = 20, minS = 20
# name 24 = sbox0Mm/Kg: Oxygen, SBE 43 [umol/kg], WS = 5
# name 25 = sbox1Mm/Kg: Oxygen, SBE 43, 2 [umol/kg], WS = 5
# name 26 = nbin: number of scans per bin
# name 27 = flag: flag
# span 0 =       6972,     204711       
# span 1 =    290.479,   8528.424       
# span 2 =      2.980,    941.546       
# span 3 =      3.000,    950.000       
# span 4 =     5.5766,   833.2382       
# span 5 =     5.5767,   833.2580       
# span 6 =   3.433148, 171.458437       
# span 7 =   3.433056, 171.464385       
# span 8 =     1.6131,    91.4584       
# span 9 =     1.3167,    77.7876       
# span 10 =       4.09,    2507.85      
# span 11 =   27.19040,  811.80593      
# span 12 =-2634.04879,  -88.22409      
# span 13 =   -0.03628,    0.03879      
# span 14 =   -0.03551,    0.03946      
# span 15 =     2.5851,   127.7504      
# span 16 =     2.6084,   127.9958      
# span 17 =     5.4931,   833.2033      
# span 18 =     5.4932,   833.2231      
# span 19 =    34.9057,  1062.2220      
# span 20 =    34.9049,  1062.2479      
# span 21 =    22.7553,   679.3897      
# span 22 =    22.7556,   679.4033      
# span 23 =       0.00,    1565.91      
# span 24 =    112.402,   5575.904      
# span 25 =    113.415,   5586.616      
# span 26 =         30,         67      
# span 27 = 0.0000e+00, 0.0000e+00      
# interval = decibars: 1                
# start_time = Sep 25 2021 20:49:51 [NMEA time, header]
# bad_flag = -9.990e-29
*END*
     204711   8528.424    144.170      4.000   833.2382   833.2580 171.458437 171.464385    91.4584    77.7876    2507.85  811.80593-2634.04879   -0.01463    0.01576   127.7504   127.9958   833.2033   833.2231  1062.2220  1062.2479   679.3897   679.4033       0.00   5575.904   5586.616         34 0.0000e+00
       6972    290.479      5.960      6.000    27.9081    27.9092   5.742784   5.743041     3.0643     2.6038      98.32   27.19040  -88.22409    0.00019   -0.00032     4.2812     4.2845    27.9066    27.9078    35.5776    35.5785    22.7553    22.7556       0.00    186.862    187.006         37 0.0000e+00
       7171    298.748      6.954      7.000    28.4697    28.4706   5.858394   5.858621     3.1263     2.6554      73.45   27.73744  -89.99906    0.00008   -0.00027     4.3684     4.3695    28.4680    28.4689    36.2935    36.2944    23.2132    23.2136       0.00    190.668    190.714         44 0.0000e+00
       7252    302.121      7.947      8.000    28.4698    28.4709   5.858390   5.858628     3.1266     2.6571      99.11   27.73744  -89.99908    0.00073    0.00025     4.3697     4.3734    28.4679    28.4690    36.2931    36.2939    23.2130    23.2132       0.00    190.722    190.884         43 0.0000e+00
       7303    304.266      8.940      9.000    28.4707    28.4715   5.858482   5.858713     3.1262     2.6582      99.98   27.73744  -89.99908   -0.00010    0.00033     4.3694     4.3762    28.4685    28.4694    36.2927    36.2937    23.2125    23.2130       0.00    190.710    191.006         65 0.0000e+00
       7361    306.655      9.934     10.000    28.4705    28.4715   5.858535   5.858769     3.1275     2.6589      97.12   27.73744  -89.99908    0.00038    0.00075     4.3723     4.3780    28.4681    28.4691    36.2929    36.2938    23.2128    23.2131       0.00    190.835    191.085         48 0.0000e+00
       7425    309.342     10.927     11.000    28.4703    28.4718   5.858560   5.858824     3.1244     2.6562      95.74   27.73744  -89.99908   -0.00078   -0.00057     4.3671     4.3731    28.4677    28.4692    36.2929    36.2936    23.2129    23.2129       0.00    190.610    190.873         42 0.0000e+00
       7476    311.465     11.920     12.000    28.4702    28.4709   5.858595   5.858829     3.1236     2.6540     100.10   27.73744  -89.99910   -0.00042   -0.00024     4.3662     4.3693    28.4673    28.4680    36.2930    36.2941    23.2131    23.2137       0.00    190.569    190.705         31 0.0000e+00
       7680    319.945     15.893     16.000    28.4790    28.4801   5.860726   5.860974     3.1233     2.6546      86.24   27.74650  -90.02842   -0.00042   -0.00038     4.3672     4.3723    28.4752    28.4763    36.3055    36.3064    23.2216    23.2219       0.00    190.616    190.836         42 0.0000e+00
       7739    322.403     16.887     17.000    28.4687    28.4701   5.858790   5.859063     3.1217     2.6506     100.27   27.73746  -89.99910    0.00007   -0.00102     4.3654     4.3651    28.4646    28.4660    36.2940    36.2948    23.2148    23.2149       0.00    190.536    190.520         38 0.0000e+00
       7776    323.971     17.880     18.000    28.4699    28.4715   5.858943   5.859228     3.1208     2.6505      72.92   27.73746  -89.99911   -0.00037   -0.00028     4.3643     4.3654    28.4656    28.4672    36.2938    36.2946    23.2143    23.2143       0.00    190.487    190.534         43 0.0000e+00
       7827    326.088     18.873     19.000    28.4722    28.4732   5.859181   5.859418     3.1230     2.6540      99.77   27.73746  -89.99912    0.00043    0.00094     4.3686     4.3728    28.4676    28.4687    36.2934    36.2943    23.2133    23.2136       0.00    190.678    190.858         56 0.0000e+00
       7888    328.607     19.866     20.000    28.4726    28.4733   5.859279   5.859514     3.1233     2.6559     100.00   27.73748  -89.99912    0.00065    0.00114     4.3696     4.3772    28.4678    28.4685    36.2935    36.2946    23.2134    23.2139     727.61    190.719    191.050         61 0.0000e+00
       7935    330.594     20.860     21.000    28.4725    28.4735   5.859326   5.859581     3.1194     2.6531     100.00   27.73748  -89.99912   -0.00133    0.00000     4.3630     4.3720    28.4674    28.4685    36.2936    36.2946    23.2135    23.2139    1565.91    190.433    190.824         35 0.0000e+00
       7970    332.031     21.853     22.000    28.4729    28.4739   5.859416   5.859661     3.1239     2.6512      97.58   27.73748  -89.99912   -0.00032   -0.00165     4.3718     4.3686    28.4676    28.4686    36.2936    36.2946    23.2135    23.2138    1544.06    190.814    190.677         43 0.0000e+00
       8050    335.358     22.846     23.000    28.4728    28.4739   5.859433   5.859675     3.1186     2.6471      99.83   27.73750  -89.99913   -0.00194   -0.00140     4.3627     4.3609    28.4673    28.4684    36.2935    36.2944    23.2135    23.2138    1544.07    190.418    190.338         31 0.0000e+00
       8197    341.497     25.826     26.000    28.4769    28.4792   5.861804   5.861982     3.1205     2.6540     100.03   27.75070  -90.04197   -0.00103    0.00040     4.3672     4.3763    28.4707    28.4730    36.3094    36.3125    23.2264    23.2284    1544.81    190.614    191.010         37 0.0000e+00
       8229    342.834     26.819     27.000    28.4632    28.4648   5.858855   5.859140     3.1198     2.6498     100.00   27.73751  -89.99914   -0.00094    0.00011     4.3676     4.3690    28.4568    28.4583    36.2956    36.2964    23.2185    23.2186    1544.08    190.632    190.690         32 0.0000e+00
       8275    344.752     27.812     28.000    28.4626    28.4639   5.858893   5.859162     3.1188     2.6535     100.00   27.73752  -89.99914   -0.00015    0.00046     4.3664     4.3770    28.4559    28.4572    36.2960    36.2968    23.2192    23.2193    1544.08    190.577    191.042         65 0.0000e+00
       8335    347.240     28.806     29.000    28.4611    28.4616   5.858921   5.859145     3.1188     2.6495     100.00   27.73752  -89.99914 7.7846e-07   -0.00062     4.3670     4.3697    28.4541    28.4547    36.2971    36.2982    23.2206    23.2212    1544.08    190.603    190.722         45 0.0000e+00
       8377    349.008     29.799     30.000    28.4600    28.4609   5.858947   5.859189     3.1179     2.6512     100.00   27.73752  -89.99914   -0.00027   -0.00048     4.3658     4.3736    28.4529    28.4538    36.2978    36.2988    23.2215    23.2219    1544.09    190.551    190.893         46 0.0000e+00
       8425    351.008     30.792     31.000    28.4591    28.4598   5.858991   5.859219     3.1177     2.6486      96.07   27.73752  -89.99914   -0.00053   -0.00073     4.3661     4.3689    28.4517    28.4524    36.2985    36.2995    23.2224    23.2230    1544.09    190.565    190.686         46 0.0000e+00
       8475    353.069     31.785     32.000    28.4576    28.4588   5.858967   5.859221     3.1183     2.6481      99.90   27.73752  -89.99914    0.00042   -0.00039     4.3678     4.3686    28.4499    28.4511    36.2992    36.3000    23.2236    23.2238    1544.10    190.639    190.673         57 0.0000e+00
       8532    355.452     32.778     33.000    28.4509    28.4483   5.858388   5.858259     3.1169     2.6490     100.00   27.73754  -89.99914   -0.00074    0.00003     4.3663     4.3716    28.4430    28.4404    36.3000    36.3011    23.2264    23.2281    1544.10    190.572    190.802         47 0.0000e+00
       8569    357.016     33.772     34.000    28.4362    28.4375   5.856973   5.857235     3.1183     2.6498      73.42   27.73754  -89.99915    0.00015    0.00039     4.3704     4.3746    28.4281    28.4293    36.3010    36.3019    23.2321    23.2324    1544.11    190.750    190.934         37 0.0000e+00
       8621    359.174     34.765     35.000    28.4342    28.4352   5.856778   5.857039     3.1187     2.6484      99.47   27.73755  -89.99916    0.00031   -0.00042     4.3719     4.3724    28.4258    28.4269    36.3009    36.3019    23.2328    23.2332    1544.11    190.816    190.836         61 0.0000e+00
       8681    361.671     35.758     36.000    28.4280    28.4296   5.856124   5.856430     3.1187     2.6526     100.00   27.73756  -89.99916    0.00060    0.00154     4.3729     4.3818    28.4194    28.4210    36.3007    36.3017    23.2348    23.2350    1544.11    190.859    191.249         37 0.0000e+00
       8718    363.210     36.751     37.000    28.4271    28.4279   5.856054   5.856301     3.1181     2.6489     100.00   27.73756  -89.99916   -0.00041    0.00004     4.3724     4.3749    28.4182    28.4190    36.3007    36.3017    23.2351    23.2356    1544.12    190.839    190.947         31 0.0000e+00
       8771    365.416     37.745     38.000    28.4178    28.4183   5.855039   5.855213     3.1183     2.6461     100.00   27.73756  -89.99916   -0.00019   -0.00117     4.3739     4.3708    28.4087    28.4092    36.3004    36.3013    23.2381    23.2386    1544.12    190.901    190.766         63 0.0000e+00
       8827    367.734     38.738     39.000    27.4987    27.4269   5.766394   5.762086     3.1035     2.6372      99.58   27.73757  -89.99916   -0.00226   -0.00263     4.4075     4.4146    27.4896    27.4178    36.3845    36.3995    23.6028    23.6375    1544.11    192.302    192.608         41 0.0000e+00
       8870    369.539     39.731     40.000    27.1299    27.1269   5.729266   5.729328     3.1247     2.6738      99.12   27.73758  -89.99918   -0.00312    0.00267     4.4853     4.5209    27.1206    27.1177    36.4069    36.4095    23.7391    23.7420    1544.05    195.668    197.219         48 0.0000e+00
       8919    371.598     40.724     41.000    26.9848    26.9842   5.713139   5.713366     3.1893     2.7271      99.96   27.73758  -89.99918    0.02178    0.02320     4.6196     4.6432    26.9754    26.9747    36.4045    36.4066    23.7840    23.7858    1543.99    201.517    202.547         54 0.0000e+00
       8979    374.078     41.717     42.000    26.9049    26.9106   5.703891   5.704859     3.2098     2.7448     100.00   27.73758  -89.99918    0.01908    0.01540     4.6641     4.6858    26.8952    26.9009    36.4004    36.4029    23.8066    23.8067    1543.92    203.457    204.403         49 0.0000e+00
       9069    377.814     43.704     44.000    26.6010    26.6052   5.673016   5.673823     3.2280     2.7594     100.01   27.74078  -90.00949    0.00601    0.00548     4.7247     4.7412    26.5909    26.5952    36.4174    36.4199    23.9170    23.9175    1543.95    206.077    206.798         64 0.0000e+00
       9122    380.028     44.697     45.000    26.4160    26.4175   5.656394   5.656764     3.2207     2.7530     100.00   27.73760  -89.99918   -0.00132   -0.00224     4.7258     4.7425    26.4058    26.4073    36.4175    36.4226    23.9754    23.9788    1543.70    206.114    206.841         44 0.0000e+00
       9167    381.925     45.690     46.000    26.4539    26.4541   5.666524   5.666832     3.2032     2.7294     100.00   27.73760  -89.99920   -0.00450   -0.00419     4.6896     4.6897    26.4435    26.4436    36.4844    36.4866    24.0139    24.0155    1543.62    204.526    204.528         48 0.0000e+00
       9216    383.940     46.683     47.000    26.3029    26.3009   5.647538   5.647560     3.1495     2.6852     100.00   27.73760  -89.99920   -0.02137   -0.02188     4.6046     4.6168    26.2922    26.2903    36.4652    36.4667    24.0473    24.0490    1543.54    200.810    201.342         47 0.0000e+00
       9264    385.976     47.676     48.000    26.2709    26.2720   5.646234   5.646676     3.1585     2.6970      97.58   27.73761  -89.99920   -0.00904   -0.00511     4.6217     4.6375    26.2601    26.2612    36.4815    36.4838    24.0697    24.0711    1543.46    201.552    202.244         53 0.0000e+00
       9317    388.156     48.669     49.000    26.2099    26.2076   5.641496   5.641527     3.1357     2.6776      99.55   27.73762  -89.99920   -0.00487   -0.00430     4.5839     4.6017    26.1952    26.1966    36.4980    36.5000    24.1026    24.1049    1543.38    199.898    200.673         49 0.0000e+00
       9364    390.134     49.663     50.000    26.0917    26.0902   5.630547   5.630767     3.1248     2.6672     100.00   27.73762  -89.99920   -0.00903   -0.00762     4.5729     4.5893    26.0805    26.0789    36.5088    36.5117    24.1469    24.1496    1543.31    199.410    200.124         47 0.0000e+00
       9408    391.954     50.656     51.000    26.0404    26.0407   5.631821   5.632238     3.1009     2.6391      88.94   27.73762  -89.99920   -0.00688   -0.00741     4.5309     4.5333    26.0289    26.0292    36.5588    36.5616    24.2009    24.2029    1543.23    197.570    197.674         40 0.0000e+00
       9457    394.003     51.649     52.000    26.0055    26.0072   5.631076   5.631482     3.0502     2.5961      92.90   27.73762  -89.99922   -0.01964   -0.01895     4.4372     4.4452    25.9939    25.9955    36.5808    36.5825    24.2285    24.2293    1543.16    193.478    193.828         63 0.0000e+00
       9514    396.395     52.642     53.000    25.9409    25.9405   5.624959   5.625096     3.0190     2.5736     100.26   27.73762  -89.99922   -0.01798   -0.01390     4.3833     4.4032    25.9290    25.9287    36.5873    36.5894    24.2537    24.2558    1543.08    191.122    191.992         44 0.0000e+00
       9553    398.014     53.635     54.000    25.8854    25.8845   5.620726   5.620848     3.0067     2.5616     100.00   27.73763  -89.99922   -0.00968   -0.00730     4.3643     4.3823    25.8733    25.8724    36.6004    36.6020    24.2810    24.2826    1543.01    190.291    191.074         40 0.0000e+00
       9602    400.057     54.628     55.000    25.8414    25.8407   5.615714   5.615863     2.9963     2.5512     100.00   27.73764  -89.99922   -0.00678   -0.00652     4.3485     4.3641    25.8291    25.8284    36.5985    36.6001    24.2934    24.2949    1542.94    189.598    190.280         58 0.0000e+00
       9661    402.490     55.621     56.000    25.7590    25.7573   5.608344   5.608445     2.9899     2.5410     100.00   27.73764  -89.99924   -0.00310   -0.00409     4.3430     4.3489    25.7465    25.7448    36.6100    36.6121    24.3279    24.3300    1542.87    189.353    189.608         51 0.0000e+00
       9701    404.180     56.614     57.000    25.6333    25.6318   5.596934   5.597461     2.9718     2.5276      99.84   27.73764  -89.99924   -0.00448   -0.00537     4.3189     4.3298    25.6153    25.6194    36.6308    36.6321    24.3845    24.3844    1542.81    188.291    188.765         30 0.0000e+00
       9742    405.869     57.607     58.000    25.5621    25.5605   5.590691   5.590816     2.9589     2.5160      99.94   27.73764  -89.99924   -0.00875   -0.00726     4.2994     4.3109    25.5489    25.5477    36.6378    36.6397    24.4104    24.4122    1542.72    187.437    187.935         50 0.0000e+00
       9801    408.354     58.601     59.000    25.5065    25.5075   5.585233   5.585548     2.9444     2.5086      98.55   27.73764  -89.99924   -0.00733   -0.00467     4.2763     4.2993    25.4935    25.4945    36.6415    36.6431    24.4304    24.4313    1542.65    186.424    187.428         56 0.0000e+00
       9846    410.201     59.594     60.000    25.4127    25.4091   5.574697   5.574497     2.9366     2.5010      71.45   27.73764  -89.99924   -0.00477   -0.00296     4.2691     4.2910    25.3994    25.3958    36.6389    36.6403    24.4576    24.4597    1542.58    186.108    187.059         41 0.0000e+00
       9889    412.009     60.587     61.000    25.3353    25.3337   5.565545   5.565667     2.9375     2.5003      99.49   27.73764  -89.99924   -0.00261   -0.00292     4.2775     4.2956    25.3219    25.3203    36.6332    36.6353    24.4771    24.4793    1542.50    186.469    187.259         47 0.0000e+00
