Gulf of Mexico/GOMECC-4/1db/rb2103_1101.ros
* Sea-Bird SBE 9 Data File:
* FileName = C:\Users\scs.user.rb\CTD\GOMECC4\data\rb2103_1101.hex
* Software Version Seasave V 7.26.7.107
* Temperature SN = 4799
* Conductivity SN = 3860
* Number of Bytes Per Scan = 41
* Number of Voltage Words = 4
* Number of Scans Averaged by the Deck Unit = 1
* NMEA Latitude = 22 32.38 N
* NMEA Longitude = 086 36.68 W
* NMEA UTC (Time) = Oct 15 2021  05:55:57
* NMEA baud rate = 4800
# nquan = 17
# nvalues = 1862                                  
# units = specified
# name 0 = scan: Scan Count
# name 1 = timeS: Time, Elapsed [seconds]
# name 2 = depSM: Depth [salt water, m]
# name 3 = prDM: Pressure, Digiquartz [db]
# name 4 = t090C: Temperature [ITS-90, deg C]
# name 5 = t190C: Temperature, 2 [ITS-90, deg C]
# name 6 = c0S/m: Conductivity [S/m]
# name 7 = c1S/m: Conductivity, 2 [S/m]
# name 8 = sbeox0V: Oxygen raw, SBE 43 [V]
# name 9 = sbeox1V: Oxygen raw, SBE 43, 2 [V]
# name 10 = altM: Altimeter [m]
# name 11 = latitude: Latitude [deg]
# name 12 = longitude: Longitude [deg]
# name 13 = sbox0dV/dT: Oxygen, SBE 43 [dov/dt]
# name 14 = sbox1dV/dT: Oxygen, SBE 43, 2 [dov/dt]
# name 15 = nbf: Bottles Fired
# name 16 = flag:  0.000e+00
# interval = seconds: 0.0416667
# start_time = Oct 15 2021 05:55:57 [NMEA time, header]
# bad_flag = -9.990e-29
*END*
[from data line 256]
      24627   1026.083    309.065    311.248    13.3684    13.3734   4.221301   4.221899     1.8742     1.5495      62.88   22.54932  -86.61616    0.00005    0.00015          2  0.000e+00
      24628   1026.125    309.099    311.282    13.3677    13.3731   4.221239   4.221815     1.8742     1.5495      62.91   22.54932  -86.61616    0.00004    0.00015          2  0.000e+00
      24629   1026.167    309.018    311.200    13.3679    13.3719   4.221260   4.221717     1.8742     1.5495      62.91   22.54932  -86.61616    0.00004    0.00014          2  0.000e+00
      24630   1026.208    309.113    311.296    13.3684    13.3700   4.221294   4.221570     1.8742     1.5495      62.91   22.54932  -86.61616    0.00004    0.00014          2  0.000e+00
      24631   1026.250    309.065    311.248    13.3690    13.3679   4.221391   4.221311     1.8742     1.5495      62.91   22.54932  -86.61616    0.00003    0.00013          2  0.000e+00
      24632   1026.292    309.113    311.296    13.3694    13.3670   4.221439   4.221241     1.8742     1.5495      62.88   22.54932  -86.61616    0.00003    0.00013          2  0.000e+00
      24633   1026.333    309.099    311.282    13.3698    13.3690   4.221474   4.221402     1.8755     1.5495      62.91   22.54932  -86.61616    0.00005    0.00013          2  0.000e+00
      24634   1026.375    309.065    311.248    13.3708    13.3695   4.221515   4.221521     1.8742     1.5495      62.91   22.54932  -86.61616    0.00004    0.00014          2  0.000e+00
      24635   1026.417    309.113    311.296    13.3722    13.3699   4.221605   4.221507     1.8742     1.5495      62.91   22.54932  -86.61616    0.00004    0.00012          2  0.000e+00
      24636   1026.458    309.167    311.351    13.3706    13.3697   4.221550   4.221521     1.8742     1.5495      62.91   22.54932  -86.61616    0.00004    0.00013          2  0.000e+00
      27092   1128.792    274.068    275.980    14.9495    14.9446   4.404656   4.404056     1.9866     1.6484      97.56   22.55000  -86.61640   -0.00004   -0.00035          3  0.000e+00
      27093   1128.833    273.626    275.535    14.9497    14.9442   4.404705   4.404099     1.9866     1.6496      97.56   22.55000  -86.61640   -0.00002   -0.00034          3  0.000e+00
      27094   1128.875    273.667    275.576    14.9497    14.9456   4.404656   4.404177     1.9866     1.6496      97.56   22.55000  -86.61640   -0.00002   -0.00032          3  0.000e+00
      27095   1128.917    273.667    275.576    14.9495    14.9466   4.404579   4.404334     1.9866     1.6484      97.56   22.55000  -86.61640   -0.00002   -0.00032          3  0.000e+00
      27096   1128.958    273.674    275.583    14.9492    14.9462   4.404536   4.404298     1.9866     1.6496      97.56   22.55000  -86.61640   -0.00002   -0.00030          3  0.000e+00
      27097   1129.000    273.667    275.576    14.9473    14.9452   4.404466   4.404163     1.9866     1.6484      97.68   22.55000  -86.61640   -0.00002   -0.00030          3  0.000e+00
      27098   1129.042    273.674    275.583    14.9459    14.9452   4.404368   4.404149     1.9866     1.6484      97.75   22.55000  -86.61640   -0.00002   -0.00030          3  0.000e+00
      27099   1129.083    273.667    275.576    14.9458    14.9461   4.404255   4.404220     1.9866     1.6484      97.75   22.55000  -86.61640   -0.00002   -0.00030          3  0.000e+00
      27100   1129.125    273.619    275.528    14.9451    14.9459   4.404199   4.404263     1.9853     1.6496      97.75   22.55000  -86.61640   -0.00004   -0.00028          3  0.000e+00
      27101   1129.167    273.674    275.583    14.9454    14.9459   4.404213   4.404270     1.9866     1.6484      97.75   22.55000  -86.61640   -0.00004   -0.00028          3  0.000e+00
      27102   1129.208    273.619    275.528    14.9458    14.9471   4.404283   4.404362     1.9853     1.6496      97.75   22.55000  -86.61640   -0.00005   -0.00026          3  0.000e+00
      27103   1129.250    273.674    275.583    14.9456    14.9468   4.404326   4.404355     1.9866     1.6484      97.75   22.55000  -86.61640   -0.00005   -0.00026          3  0.000e+00
      27104   1129.292    273.619    275.528    14.9463    14.9466   4.404368   4.404320     1.9853     1.6484      97.75   22.55000  -86.61640   -0.00007   -0.00026          3  0.000e+00
      27105   1129.333    273.619    275.528    14.9473    14.9457   4.404318   4.404220     1.9866     1.6496      97.75   22.55000  -86.61640   -0.00007   -0.00024          3  0.000e+00
      27106   1129.375    273.674    275.583    14.9464    14.9442   4.404241   4.404077     1.9866     1.6484      97.75   22.55000  -86.61640   -0.00007   -0.00024          3  0.000e+00
      27107   1129.417    273.619    275.528    14.9461    14.9430   4.404199   4.403935     1.9853     1.6484      97.75   22.55000  -86.61640   -0.00007   -0.00024          3  0.000e+00
      27108   1129.458    273.572    275.480    14.9458    14.9423   4.404157   4.403864     1.9866     1.6484      97.75   22.55000  -86.61640   -0.00006   -0.00023          3  0.000e+00
      27109   1129.500    273.626    275.535    14.9454    14.9435   4.404150   4.403999     1.9853     1.6484      97.75   22.55000  -86.61640   -0.00008   -0.00023          3  0.000e+00
      27110   1129.542    273.619    275.528    14.9454    14.9456   4.404150   4.404213     1.9866     1.6484      97.75   22.55000  -86.61640   -0.00008   -0.00023          3  0.000e+00
      27111   1129.583    273.674    275.583    14.9453    14.9464   4.404122   4.404291     1.9866     1.6484      97.75   22.55000  -86.61640   -0.00007   -0.00022          3  0.000e+00
      27112   1129.625    273.572    275.480    14.9456    14.9476   4.404051   4.404426     1.9866     1.6484      97.75   22.55000  -86.61640   -0.00009   -0.00022          3  0.000e+00
      27113   1129.667    273.619    275.528    14.9449    14.9473   4.404093   4.404427     1.9866     1.6496      97.75   22.55000  -86.61640   -0.00009   -0.00020          3  0.000e+00
      27114   1129.708    273.626    275.535    14.9448    14.9471   4.404136   4.404427     1.9866     1.6484      97.75   22.55000  -86.61640   -0.00008   -0.00019          3  0.000e+00
      27115   1129.750    273.619    275.528    14.9444    14.9483   4.404122   4.404562     1.9866     1.6484      97.75   22.55000  -86.61640   -0.00008   -0.00019          3  0.000e+00
      27116   1129.792    273.578    275.487    14.9446    14.9492   4.404115   4.404605     1.9866     1.6496      97.75   22.55000  -86.61640   -0.00006   -0.00017          3  0.000e+00
      27117   1129.833    273.619    275.528    14.9446    14.9483   4.404079   4.404533     1.9866     1.6484      97.75   22.55000  -86.61640   -0.00006   -0.00016          3  0.000e+00
      27118   1129.875    273.619    275.528    14.9449    14.9478   4.404044   4.404469     1.9866     1.6496      97.75   22.55000  -86.61640   -0.00006   -0.00014          3  0.000e+00
      27119   1129.917    273.578    275.487    14.9451    14.9469   4.404058   4.404348     1.9866     1.6496      97.75   22.55000  -86.61640   -0.00006   -0.00012          3  0.000e+00
      27120   1129.958    273.619    275.528    14.9448    14.9446   4.404101   4.404134     1.9866     1.6496      97.75   22.55000  -86.61640   -0.00005   -0.00009          3  0.000e+00
      27121   1130.000    273.578    275.487    14.9446    14.9437   4.404115   4.404077     1.9866     1.6496      97.75   22.55000  -86.61640   -0.00005   -0.00007          3  0.000e+00
      27122   1130.042    273.619    275.528    14.9441    14.9441   4.404079   4.404120     1.9866     1.6496      97.73   22.55000  -86.61640   -0.00005   -0.00005          3  0.000e+00
      27123   1130.083    273.572    275.480    14.9444    14.9446   4.403988   4.404113     1.9866     1.6496      97.70   22.55000  -86.61640   -0.00005   -0.00002          3  0.000e+00
      27124   1130.125    273.626    275.535    14.9444    14.9452   4.403988   4.404213     1.9866     1.6496      97.70   22.55000  -86.61640   -0.00004   -0.00000          3  0.000e+00
      27125   1130.167    273.572    275.480    14.9441    14.9473   4.403967   4.404398     1.9866     1.6496      97.70   22.55000  -86.61640   -0.00004    0.00000          3  0.000e+00
      27126   1130.208    273.619    275.528    14.9439    14.9492   4.403988   4.404562     1.9866     1.6496      97.70   22.55000  -86.61640   -0.00004    0.00001          3  0.000e+00
      27127   1130.250    273.578    275.487    14.9439    14.9493   4.404002   4.404562     1.9866     1.6496      97.70   22.55000  -86.61640   -0.00004    0.00001          3  0.000e+00
      27128   1130.292    273.572    275.480    14.9434    14.9464   4.403939   4.404334     1.9866     1.6496      97.70   22.55000  -86.61640   -0.00003    0.00003          3  0.000e+00
      27129   1130.333    273.626    275.535    14.9429    14.9444   4.403925   4.404077     1.9866     1.6496      97.70   22.55000  -86.61640   -0.00003    0.00006          3  0.000e+00
      27130   1130.375    273.619    275.528    14.9431    14.9434   4.403925   4.403949     1.9866     1.6496      97.70   22.55000  -86.61640   -0.00003    0.00006          3  0.000e+00
      27131   1130.417    273.572    275.480    14.9433    14.9427   4.403925   4.403899     1.9866     1.6496      97.70   22.55000  -86.61640   -0.00003    0.00006          3  0.000e+00
      27132   1130.458    273.626    275.535    14.9439    14.9420   4.403925   4.403842     1.9866     1.6496      97.70   22.55000  -86.61640   -0.00002    0.00009          3  0.000e+00
      27133   1130.500    273.572    275.480    14.9434    14.9420   4.403925   4.403814     1.9866     1.6508      97.70   22.55000  -86.61640   -0.00002    0.00011          3  0.000e+00
      27134   1130.542    273.626    275.535    14.9429    14.9423   4.403840   4.403906     1.9866     1.6496      97.70   22.55000  -86.61640   -0.00002    0.00011          3  0.000e+00
      27135   1130.583    273.619    275.528    14.9426    14.9429   4.403749   4.403956     1.9866     1.6496      97.70   22.55000  -86.61640   -0.00002    0.00013          3  0.000e+00
      27136   1130.625    273.619    275.528    14.9422    14.9430   4.403707   4.403935     1.9866     1.6496      97.70   22.55000  -86.61640   -0.00001    0.00013          3  0.000e+00
      27137   1130.667    273.578    275.487    14.9421    14.9430   4.403721   4.403970     1.9866     1.6508      97.70   22.55000  -86.61640   -0.00001    0.00017          3  0.000e+00
      27138   1130.708    273.619    275.528    14.9415    14.9429   4.403756   4.403942     1.9866     1.6508      97.70   22.55000  -86.61640   -0.00001    0.00020          3  0.000e+00
      27139   1130.750    273.626    275.535    14.9426    14.9430   4.403798   4.403906     1.9853     1.6508      97.70   22.55000  -86.61640   -0.00002    0.00022          3  0.000e+00
      27140   1130.792    273.619    275.528    14.9436    14.9432   4.403833   4.403949     1.9866     1.6508      97.70   22.55000  -86.61640   -0.00002    0.00026          3  0.000e+00
      27141   1130.833    273.619    275.528    14.9434    14.9430   4.403847   4.403935     1.9866     1.6496      97.70   22.55000  -86.61640   -0.00002    0.00026          3  0.000e+00
      27142   1130.875    273.626    275.535    14.9431    14.9430   4.403847   4.403935     1.9866     1.6508      97.70   22.55000  -86.61640   -0.00002    0.00029          3  0.000e+00
      27143   1130.917    273.667    275.576    14.9426    14.9432   4.403784   4.403985     1.9866     1.6508      97.70   22.55000  -86.61640   -0.00001    0.00033          3  0.000e+00
      27144   1130.958    273.619    275.528    14.9429    14.9434   4.403854   4.403985     1.9866     1.6508      97.70   22.55000  -86.61640   -0.00001    0.00036          3  0.000e+00
      27145   1131.000    273.626    275.535    14.9433    14.9444   4.403967   4.404049     1.9866     1.6496      97.80   22.55000  -86.61640   -0.00001    0.00038          3  0.000e+00
      27146   1131.042    273.667    275.576    14.9439    14.9457   4.404002   4.404220     1.9866     1.6508      97.88   22.55000  -86.61640   -0.00000    0.00041          3  0.000e+00
      27147   1131.083    273.674    275.583    14.9439    14.9457   4.403939   4.404220     1.9866     1.6508      97.88   22.55000  -86.61640   -0.00000    0.00045          3  0.000e+00
      27148   1131.125    273.667    275.576    14.9441    14.9446   4.403925   4.404077     1.9866     1.6508      97.88   22.55000  -86.61640    0.00000    0.00048          3  0.000e+00
      27149   1131.167    273.619    275.528    14.9436    14.9437   4.403925   4.404020     1.9853     1.6508      97.88   22.55000  -86.61640   -0.00001    0.00051          3  0.000e+00
      27150   1131.208    273.728    275.638    14.9433    14.9432   4.403925   4.403921     1.9853     1.6508      97.88   22.55000  -86.61640   -0.00003    0.00055          3  0.000e+00
      27151   1131.250    273.619    275.528    14.9433    14.9423   4.403897   4.403828     1.9866     1.6508      97.88   22.55000  -86.61640   -0.00002    0.00056          3  0.000e+00
      27152   1131.292    273.674    275.583    14.9429    14.9410   4.403883   4.403742     1.9866     1.6508      97.85   22.55000  -86.61640   -0.00002    0.00057          3  0.000e+00
      27153   1131.333    273.721    275.631    14.9437    14.9396   4.403939   4.403564     1.9866     1.6508      97.88   22.55000  -86.61640   -0.00002    0.00060          3  0.000e+00
      27154   1131.375    273.721    275.631    14.9444    14.9388   4.403960   4.403386     1.9853     1.6508      97.88   22.55000  -86.61640   -0.00003    0.00064          3  0.000e+00
      27155   1131.417    273.674    275.583    14.9446    14.9372   4.403960   4.403265     1.9866     1.6508      97.88   22.55000  -86.61640   -0.00003    0.00065          3  0.000e+00
      27156   1131.458    273.667    275.576    14.9448    14.9365   4.404072   4.403187     1.9853     1.6508      97.88   22.55000  -86.61640   -0.00004    0.00066          3  0.000e+00
      27157   1131.500    273.728    275.638    14.9451    14.9369   4.404136   4.403237     1.9853     1.6508      97.88   22.55000  -86.61640   -0.00007    0.00067          3  0.000e+00
      27158   1131.542    273.667    275.576    14.9454    14.9383   4.404086   4.403365     1.9866     1.6508      97.88   22.55000  -86.61640   -0.00007    0.00068          3  0.000e+00
      27159   1131.583    273.721    275.631    14.9453    14.9393   4.404072   4.403486     1.9853     1.6508      97.85   22.55000  -86.61640   -0.00008    0.00069          3  0.000e+00
      27160   1131.625    273.775    275.685    14.9436    14.9405   4.403904   4.403636     1.9853     1.6508      97.88   22.55000  -86.61640   -0.00009    0.00070          3  0.000e+00
      27161   1131.667    273.667    275.576    14.9433    14.9411   4.403847   4.403693     1.9853     1.6508      97.88   22.55000  -86.61640   -0.00011    0.00071          3  0.000e+00
      27162   1131.708    273.728    275.638    14.9434    14.9413   4.403876   4.403742     1.9866     1.6508      97.88   22.55000  -86.61640   -0.00010    0.00071          3  0.000e+00
      27163   1131.750    273.769    275.679    14.9417    14.9418   4.403651   4.403771     1.9866     1.6520      97.88   22.55000  -86.61640   -0.00009    0.00074          3  0.000e+00
      27164   1131.792    273.721    275.631    14.9402    14.9423   4.403411   4.403799     1.9853     1.6508      97.88   22.55000  -86.61640   -0.00011    0.00074          3  0.000e+00
      27165   1131.833    273.775    275.685    14.9392    14.9418   4.403327   4.403771     1.9866     1.6508      97.88   22.55000  -86.61640   -0.00010    0.00075          3  0.000e+00
