Gulf of Mexico/GOMECC-4/1db/rb2103_0421.cnv
* Sea-Bird SBE 9 Data File:
* FileName = C:\Users\scs.user.rb\CTD\GOMECC4\data\rb2103_0421.hex
* Software Version Seasave V 7.26.7.107
* Temperature SN = 4799
* Conductivity SN = 3860
* Number of Bytes Per Scan = 41
* Number of Voltage Words = 4
* Number of Scans Averaged by the Deck Unit = 1
* NMEA Latitude = 28 14.68 N
* NMEA Longitude = 089 59.18 W
* NMEA UTC (Time) = Sep 26 2021  04:34:16
* NMEA baud rate = 4800
# nquan = 28
# nvalues = 296                         
# units = specified
# name 0 = scan: Scan Count
# name 1 = timeS: Time, Elapsed [seconds]
# name 2 = depSM: Depth [salt water, m]
# name 3 = prDM: Pressure, Digiquartz [db]
# name 4 = t090C: Temperature [ITS-90, deg C]
# name 5 = t190C: Temperature, 2 [ITS-90, deg C]
# name 6 = c0S/m: Conductivity [S/m]
# name 7 = c1S/m: Conductivity, 2 [S/m]
# name 8 = sbeox0V: Oxygen raw, SBE 43 [V]
# name 9 = sbeox1V: Oxygen raw, SBE 43, 2 [V]
# name 10 = altM: Altimeter [m]
# name 11 = latitude: Latitude [deg]
# name 12 = longitude: Longitude [deg]
# name 13 = sbox0dV/dT: Oxygen, SBE 43 [dov/dt]
# name 14 = sbox1dV/dT: Oxygen, SBE 43, 2 [dov/dt]
# name 15 = sbeox0ML/L: Oxygen, SBE 43 [ml/l], WS = 5
# name 16 = sbeox1ML/L: Oxygen, SBE 43, 2 [ml/l], WS = 5
# name 17 = potemp090C: Potential Temperature [ITS-90, deg C]
# name 18 = potemp190C: Potential Temperature, 2 [ITS-90, deg C]
# name 19 = sal00: Salinity, Practical [PSU]
# name 20 = sal11: Salinity, Practical, 2 [PSU]
# name 21 = sigma-é00: Density [sigma-theta, kg/m^3]
# name 22 = sigma-é11: Density, 2 [sigma-theta, kg/m^3]
# name 23 = avgsvCM: Average Sound Velocity [Chen-Millero, m/s], minP = 20, minS = 20
# name 24 = sbox0Mm/Kg: Oxygen, SBE 43 [umol/kg], WS = 5
# name 25 = sbox1Mm/Kg: Oxygen, SBE 43, 2 [umol/kg], WS = 5
# name 26 = nbin: number of scans per bin
# name 27 = flag: flag
# span 0 =       5930,      40781       
# span 1 =    247.041,   1699.181       
# span 2 =      1.987,    190.631       
# span 3 =      2.000,    192.000       
# span 4 =    14.2869,    28.7515       
# span 5 =    14.2868,    28.7518       
# span 6 =   4.322347,   5.890808       
# span 7 =   4.322188,   5.890907       
# span 8 =     1.8458,     3.1539       
# span 9 =     1.5283,     2.6811       
# span 10 =      10.02,     101.56      
# span 11 =   28.10685,   28.58363      
# span 12 =  -91.06589,  -89.54476      
# span 13 =   -0.02557,    0.01827      
# span 14 =   -0.02252,    0.01677      
# span 15 =     2.7561,     4.4143      
# span 16 =     2.7854,     4.4207      
# span 17 =    14.2602,    28.7491      
# span 18 =    14.2600,    28.7495      
# span 19 =    35.8566,    36.9443      
# span 20 =    35.8553,    36.9437      
# span 21 =    22.9597,    26.8074      
# span 22 =    22.9598,    26.8069      
# span 23 =       0.00,    1543.78      
# span 24 =    119.877,    192.699      
# span 25 =    121.152,    192.979      
# span 26 =         30,         72      
# span 27 = 0.0000e+00, 0.0000e+00      
# interval = decibars: 1                
# start_time = Sep 26 2021 04:34:16 [NMEA time, header]
# bad_flag = -9.990e-29
*END*
[from data line 208]
      20146    839.368    126.114    127.000    18.9843    19.0355   4.877523   4.883085     2.0795     1.7298      73.86   28.24526  -89.98724   -0.00377   -0.00430     2.9857     2.9948    18.9613    19.0127    36.5363    36.5377    26.2059    26.1938    1528.97    129.937    130.333         41 0.0000e+00
      20181    840.841    125.121    126.000    19.2085    19.1371   4.903405   4.895901     2.0802     1.7314      74.77   28.24526  -89.98724   -0.00356   -0.00116     2.9731     2.9927    19.1856    19.1143    36.5564    36.5519    26.1634    26.1784    1528.97    129.391    130.244         33 0.0000e+00
      20214    842.191    124.129    125.000    19.3209    19.3713   4.918452   4.923395     2.0877     1.7442      75.76   28.24526  -89.98724    0.00063    0.00301     2.9828     3.0087    19.3031    19.3486    36.5796    36.5809    26.1506    26.1398    1528.97    129.817    130.946         32 0.0000e+00
      20246    843.531    123.136    124.000    19.3738    19.4493   4.925205   4.933552     2.0988     1.7600      76.99   28.24526  -89.98724    0.00511    0.00742     3.0019     3.0415    19.3513    19.4266    36.5942    36.5976    26.1492    26.1321    1528.97    130.648    132.374         33 0.0000e+00
      20291    845.428    122.143    123.000    19.4721    19.5693   4.936416   4.949330     2.1170     1.7832      78.01   28.24526  -89.98724    0.00824    0.01131     3.0359     3.0891    19.4496    19.5467    36.6024    36.6242    26.1297    26.1210    1528.97    132.130    134.449         31 0.0000e+00
      20427    851.091    121.150    122.000    19.9790    19.7383   5.000409   4.970165     2.1977     1.8318      73.46   28.24527  -89.98724    0.01503    0.00939     3.1767     3.1936    19.9563    19.7158    36.6893    36.6493    26.0626    26.0956    1528.97    138.270    139.000         43 0.0000e+00
      21753    906.318    118.172    119.000    20.3782    20.3155   5.052152   5.044481     2.2907     1.9262      81.89   28.25658  -90.02314    0.00204    0.00120     3.3477     3.3781    20.3557    20.2930    36.7731    36.7649    26.0211    26.0316    1529.58    145.719    147.041         49 0.0000e+00
      21805    908.492    117.179    118.000    20.3848    20.3450   5.051943   5.047141     2.2923     1.9267      82.82   28.24532  -89.98728    0.00163    0.00045     3.3504     3.3765    20.3626    20.3231    36.7607    36.7567    26.0084    26.0162    1528.97    145.836    146.971         60 0.0000e+00
      21884    911.788    116.187    117.000    20.4998    20.3702   5.065635   5.050274     2.2988     1.9302      83.69   28.24532  -89.98730    0.00193    0.00129     3.3560     3.3796    20.4776    20.3481    36.7732    36.7592    25.9869    26.0111    1528.97    146.083    147.106         65 0.0000e+00
      21943    914.242    115.194    116.000    20.5299    20.4938   5.069803   5.065336     2.3020     1.9342      84.71   28.24532  -89.98730    0.00155    0.00098     3.3602     3.3840    20.5079    20.4718    36.7814    36.7764    25.9850    25.9909    1528.97    146.265    147.300         59 0.0000e+00
      22001    916.677    114.201    115.000    20.6491    20.5277   5.083817   5.069871     2.3068     1.9366      85.66   28.24533  -89.98730    0.00173    0.00175     3.3621     3.3868    20.6272    20.5059    36.7914    36.7843    25.9602    25.9877    1528.97    146.352    147.424         56 0.0000e+00
      22059    919.075    113.209    114.000    20.7063    20.5772   5.090854   5.075764     2.3105     1.9387      88.66   28.24534  -89.98730    0.00172    0.00072     3.3653     3.3881    20.6845    20.5555    36.7989    36.7898    25.9504    25.9784    1528.97    146.493    147.480         62 0.0000e+00
      22116    921.471    112.216    113.000    20.8337    20.6590   5.105361   5.085183     2.3135     1.9416      87.59   28.24534  -89.98730    0.00141    0.00093     3.3631     3.3893    20.8121    20.6374    36.8086    36.7959    25.9230    25.9608    1528.97    146.401    147.537         51 0.0000e+00
      22173    923.813    111.223    112.000    20.9014    20.8515   5.113677   5.107703     2.3171     1.9464      87.78   28.24534  -89.98730    0.00131    0.00188     3.3654     3.3878    20.8798    20.8300    36.8172    36.8126    25.9110    25.9211    1528.97    146.503    147.475         66 0.0000e+00
      22236    926.457    110.230    111.000    20.9776    20.8894   5.121750   5.111427     2.3218     1.9506      89.68   28.24534  -89.98730    0.00190    0.00169     3.3699     3.3947    20.9562    20.8681    36.8177    36.8103    25.8905    25.9090    1528.97    146.704    147.778         54 0.0000e+00
      22284    928.446    109.237    110.000    21.0126    20.9862   5.126420   5.123493     2.3236     1.9546      90.51   28.24534  -89.98730    0.00130    0.00163     3.3708     3.3972    20.9913    20.9650    36.8256    36.8248    25.8869    25.8935    1528.97    146.743    147.891         38 0.0000e+00
      22336    930.607    108.245    109.000    21.0733    21.0316   5.133909   5.129205     2.3273     1.9559      91.60   28.24534  -89.98730    0.00119    0.00154     3.3740     3.3969    21.0522    21.0106    36.8341    36.8321    25.8766    25.8865    1528.97    146.882    147.879         48 0.0000e+00
      22823    950.916    105.266    106.000    21.4318    21.3932   5.182113   5.178020     2.3570     1.9831      71.63   28.30489  -90.17697    0.00002    0.00087     3.4104     3.4355    21.4111    21.3725    36.9443    36.9437    25.8690    25.8792    1532.19    148.474    149.567         39 0.0000e+00
      23909    996.167    103.280    104.000    21.5335    21.5265   5.181463   5.180444     2.3583     1.9869      96.13   28.17206  -89.75364    0.00138   -0.00012     3.4066     3.4340    21.5130    21.5060    36.7878    36.7842    25.7044    25.7033    1525.00    148.315    149.511         34 0.0000e+00
      24104   1004.310    102.288    103.000    21.6394    21.6069   5.200584   5.196875     2.3702     1.9942      97.64   28.24544  -89.98740    0.00134    0.00036     3.4230     3.4457    21.6191    21.5866    36.8849    36.8834    25.7580    25.7660    1528.97    149.033    150.021         50 0.0000e+00
      24195   1008.066    101.295    102.000    21.6683    21.6358   5.204000   5.200291     2.3717     1.9955      98.70   28.24544  -89.98740    0.00072    0.00037     3.4237     3.4460    21.6481    21.6157    36.8879    36.8863    25.7522    25.7600    1528.97    149.066    150.033         36 0.0000e+00
      24267   1011.087    100.302    101.000    21.6774    21.6637   5.205299   5.203508     2.3718     1.9985      99.61   28.24544  -89.98740    0.00004    0.00131     3.4224     3.4511    21.6574    21.6438    36.8884    36.8881    25.7500    25.7535    1528.97    149.006    150.258         67 0.0000e+00
      24331   1013.743     99.309    100.000    21.6948    21.7059   5.207104   5.208260     2.3735     2.0008      99.99   28.24544  -89.98740    0.00069    0.00090     3.4248     3.4534    21.6750    21.6862    36.8905    36.8910    25.7466    25.7439    1528.97    149.114    150.358         66 0.0000e+00
      24397   1016.500     98.316     99.000    21.8764    21.7341   5.226411   5.211654     2.3812     2.0002     100.00   28.24544  -89.98740    0.00157    0.00029     3.4294     3.4496    21.8538    21.7145    36.8911    36.8935    25.6968    25.7379    1528.97    149.322    150.194         60 0.0000e+00
      24448   1018.646     97.323     98.000    21.9743    21.9259   5.238698   5.231607     2.3876     2.0067      60.62   28.24544  -89.98740    0.00421    0.00050     3.4345     3.4523    21.9548    21.9064    36.9036    36.8887    25.6778    25.6801    1528.97    149.543    150.319         44 0.0000e+00
      24500   1020.795     96.331     97.000    22.1275    22.1030   5.254988   5.251939     2.3940     2.0168      99.36   28.24545  -89.98742    0.00266    0.00447     3.4371     3.4636    22.1094    22.0836    36.9021    36.8991    25.6329    25.6380    1528.97    149.665    150.817         54 0.0000e+00
      24567   1023.586     95.338     96.000    22.2788    22.1327   5.271393   5.255160     2.4027     2.0206     100.00   28.24546  -89.98742    0.00299    0.00190     3.4446     3.4696    22.2594    22.1135    36.9037    36.8997    25.5915    25.6299    1528.97    149.999    151.078         48 0.0000e+00
      24611   1025.407     94.345     95.000    22.3037    22.3242   5.274650   5.277043     2.4061     2.0251     100.00   28.24546  -89.98742    0.00271    0.00129     3.4495     3.4685    22.2846    22.3051    36.9085    36.9100    25.5879    25.5832    1528.97    150.209    151.041         47 0.0000e+00
      24679   1028.232     93.352     94.000    22.4133    22.3586   5.285860   5.280802     2.4148     2.0316     100.00   28.24546  -89.98742    0.00243    0.00314     3.4589     3.4797    22.3919    22.3396    36.9047    36.9107    25.5544    25.5739    1528.97    150.626    151.526         51 0.0000e+00
      24722   1030.026     92.359     93.000    22.5467    22.5142   5.301312   5.298257     2.4211     2.0338     100.00   28.24546  -89.98742    0.00356    0.00127     3.4650     3.4764    22.5279    22.4956    36.9137    36.9132    25.5223    25.5302    1528.97    150.897    151.392         37 0.0000e+00
      24762   1031.691     91.366     92.000    22.5660    22.5896   5.303512   5.306109     2.4270     2.0435     100.00   28.24546  -89.98742    0.00359    0.00308     3.4736     3.4912    22.5473    22.5709    36.9140    36.9143    25.5170    25.5104    1528.97    151.269    152.039         44 0.0000e+00
      24809   1033.667     90.373     91.000    22.5943    22.5835   5.306444   5.305414     2.4299     2.0480     100.00   28.24546  -89.98742    0.00257    0.00422     3.4773     3.5011    22.5758    22.5650    36.9134    36.9145    25.5083    25.5122    1528.97    151.435    152.469         50 0.0000e+00
      24860   1035.792     89.381     90.000    22.6482    22.6737   5.312318   5.315451     2.4338     2.0511      95.26   28.24546  -89.98742    0.00148    0.00140     3.4811     3.5019    22.6298    22.6554    36.9142    36.9171    25.4933    25.4882    1528.97    151.602    152.509         48 0.0000e+00
      26016   1083.952     84.416     85.000    23.2289    23.2177   5.368102   5.367071     2.4986     2.1066      99.99   28.24273  -89.97855    0.00037    0.00055     3.5725     3.5905    23.2113    23.2001    36.8602    36.8613    25.2832    25.2873    1528.82    155.612    156.398         67 0.0000e+00
      26507   1104.412     83.423     84.000    23.2541    23.2680   5.370351   5.371705     2.5015     2.1093     100.00   28.24556  -89.98752    0.00017    0.00030     3.5774     3.5936    23.2367    23.2506    36.8616    36.8599    25.2772    25.2719    1528.97    155.830    156.535         59 0.0000e+00
      26596   1108.123     82.430     83.000    23.3765    23.2927   5.381944   5.374823     2.5068     2.1122     100.00   28.24557  -89.98752    0.00163    0.00087     3.5786     3.5967    23.3592    23.2756    36.8456    36.8591    25.2292    25.2636    1528.97    155.887    156.672         65 0.0000e+00
      26669   1111.170     81.437     82.000    23.4298    23.4248   5.379327   5.379274     2.5370     2.1243      79.23   28.24558  -89.98752    0.00680    0.00331     3.6259     3.6182    23.4127    23.4077    36.7785    36.7850    25.1625    25.1690    1528.97    157.956    157.619         64 0.0000e+00
      26734   1113.869     80.444     81.000    23.5782    23.4381   5.393133   5.379484     2.5842     2.1741      99.95   28.24558  -89.98753    0.01827    0.01677     3.7203     3.7256    23.5613    23.4212    36.7643    36.7757    25.1080    25.1579    1528.97    162.078    162.302         57 0.0000e+00
      26798   1116.557     79.451     80.000    23.8382    23.6805   5.421929   5.406234     2.5988     2.1795      78.39   28.24558  -89.98754    0.00799    0.00414     3.7303     3.7194    23.8213    23.6640    36.7705    36.7688    25.0357    25.0768    1528.97    162.526    162.045         69 0.0000e+00
      26859   1119.081     78.458     79.000    23.9541    23.9336   5.434220   5.431903     2.6041     2.2018      99.08   28.24558  -89.98754    0.00236    0.00831     3.7333     3.7535    23.9374    23.9169    36.7740    36.7674    25.0038    25.0049    1528.97    162.662    163.543         49 0.0000e+00
      26907   1121.093     77.465     78.000    24.0644    23.9514   5.445626   5.430542     2.6146     2.2043      99.95   28.24558  -89.98754    0.00361    0.00440     3.7469     3.7571    24.0479    23.9349    36.7646    36.7637    24.9637    24.9967    1528.97    163.262    163.702         54 0.0000e+00
      26973   1123.830     76.472     77.000    24.2044    24.0802   5.460038   5.445973     2.6381     2.2154     100.00   28.24558  -89.98754    0.00804    0.00354     3.7821     3.7730    24.1880    24.0638    36.7584    36.7509    24.9170    24.9485    1528.97    164.800    164.402         64 0.0000e+00
      27024   1125.961     75.479     76.000    24.2872    24.1455   5.468953   5.453623     2.6469     2.2307     100.00   28.24558  -89.98754    0.00599    0.00613     3.7931     3.8016    24.2709    24.1293    36.7583    36.7586    24.8920    24.9348    1528.97    165.286    165.651         44 0.0000e+00
      27080   1128.301     74.486     75.000    24.3655    24.2657   5.476150   5.466388     2.6514     2.2369     100.00   28.24559  -89.98754    0.00328    0.00418     3.7998     3.8077    24.3495    24.2497    36.7487    36.7569    24.8611    24.8973    1528.97    165.581    165.918         70 0.0000e+00
      27149   1131.156     73.493     74.000    24.5465    24.3634   5.493352   5.475841     2.6753     2.2520     100.00   28.24560  -89.98754    0.00696    0.00509     3.8301     3.8328    24.5306    24.3476    36.7305    36.7484    24.7926    24.8615    1528.97    166.915    167.023         53 0.0000e+00
      27193   1132.986     72.500     73.000    24.5819    24.4519   5.497999   5.485251     2.6767     2.2542     100.00   28.24560  -89.98755    0.00466    0.00317     3.8302     3.8329    24.5637    24.4362    36.7389    36.7472    24.7890    24.8338    1528.97    166.917    167.029         45 0.0000e+00
      27251   1135.430     71.507     72.000    24.7823    24.6614   5.519137   5.506805     2.6811     2.2669     100.00   28.24560  -89.98755    0.00137    0.00421     3.8243     3.8446    24.7667    24.6459    36.7323    36.7384    24.7223    24.7637    1528.97    166.671    167.551         67 0.0000e+00
      27312   1137.951     70.514     71.000    24.8104    24.7020   5.522393   5.510718     2.6850     2.2664     100.00   28.24560  -89.98756    0.00185    0.00089     3.8296     3.8406    24.7942    24.6867    36.7347    36.7349    24.7158    24.7487    1528.97    166.902    167.377         55 0.0000e+00
      27368   1140.284     69.522     70.000    24.9090    24.8417   5.532043   5.524796     2.6902     2.2688      98.88   28.24560  -89.98756    0.00189    0.00045     3.8323     3.8373    24.8938    24.8265    36.7264    36.7270    24.6791    24.7001    1528.97    167.029    167.243         56 0.0000e+00
      27427   1142.760     68.528     69.000    24.9926    24.9481   5.540412   5.535911     2.6950     2.2795     100.01   28.24562  -89.98756    0.00192    0.00356     3.8354     3.8516    24.9776    24.9331    36.7206    36.7238    24.6491    24.6651    1528.97    167.168    167.870         62 0.0000e+00
