Gulf of Mexico/GOMECC-4/1db/urb2103_0721.cnv
* Sea-Bird SBE 9 Data File:
* FileName = C:\Users\scs.user.rb\CTD\GOMECC4\data\rb2103_0721.hex
* Software Version Seasave V 7.26.7.107
* Temperature SN = 4799
* Conductivity SN = 3860
* Number of Bytes Per Scan = 41
* Number of Voltage Words = 4
* Number of Scans Averaged by the Deck Unit = 1
* NMEA Latitude = 26 03.50 N
* NMEA Longitude = 093 43.74 W
* NMEA UTC (Time) = Oct 04 2021  04:36:25
* NMEA baud rate = 4800
# nquan = 28
# nvalues = 200                         
# units = specified
# name 0 = scan: Scan Count
# name 1 = timeS: Time, Elapsed [seconds]
# name 2 = depSM: Depth [salt water, m]
# name 3 = prDM: Pressure, Digiquartz [db]
# name 4 = t090C: Temperature [ITS-90, deg C]
# name 5 = t190C: Temperature, 2 [ITS-90, deg C]
# name 6 = c0S/m: Conductivity [S/m]
# name 7 = c1S/m: Conductivity, 2 [S/m]
# name 8 = sbeox0V: Oxygen raw, SBE 43 [V]
# name 9 = sbeox1V: Oxygen raw, SBE 43, 2 [V]
# name 10 = altM: Altimeter [m]
# name 11 = latitude: Latitude [deg]
# name 12 = longitude: Longitude [deg]
# name 13 = sbox0dV/dT: Oxygen, SBE 43 [dov/dt]
# name 14 = sbox1dV/dT: Oxygen, SBE 43, 2 [dov/dt]
# name 15 = sbeox0ML/L: Oxygen, SBE 43 [ml/l], WS = 5
# name 16 = sbeox1ML/L: Oxygen, SBE 43, 2 [ml/l], WS = 5
# name 17 = potemp090C: Potential Temperature [ITS-90, deg C]
# name 18 = potemp190C: Potential Temperature, 2 [ITS-90, deg C]
# name 19 = sal00: Salinity, Practical [PSU]
# name 20 = sal11: Salinity, Practical, 2 [PSU]
# name 21 = sigma-é00: Density [sigma-theta, kg/m^3]
# name 22 = sigma-é11: Density, 2 [sigma-theta, kg/m^3]
# name 23 = avgsvCM: Average Sound Velocity [Chen-Millero, m/s], minP = 20, minS = 20
# name 24 = sbox0Mm/Kg: Oxygen, SBE 43 [umol/kg], WS = 5
# name 25 = sbox1Mm/Kg: Oxygen, SBE 43, 2 [umol/kg], WS = 5
# name 26 = nbin: number of scans per bin
# name 27 = flag: flag
# span 0 =     106173,     223622       
# span 1 =   4423.838,   9317.554       
# span 2 =      0.993,   3081.830       
# span 3 =      1.000,   3125.000       
# span 4 =     4.2856,    29.1104       
# span 5 =     4.2865,    29.2004       
# span 6 =   3.348682,   5.889662       
# span 7 =   3.348636,   5.899107       
# span 8 =     1.6345,     3.2183       
# span 9 =     1.3326,     2.7435       
# span 10 =      14.62,     100.94      
# span 11 =   26.04188,   26.30996      
# span 12 =  -94.62395,  -93.65994      
# span 13 =   -0.01775,    0.02670      
# span 14 =   -0.01777,    0.02615      
# span 15 =     2.5642,     4.7782      
# span 16 =     2.5819,     4.7801      
# span 17 =     4.0797,    29.1082      
# span 18 =     4.0810,    29.1999      
# span 19 =    34.9071,    36.8166      
# span 20 =    34.9054,    36.8139      
# span 21 =    22.7239,    27.7594      
# span 22 =    22.7240,    27.7579      
# span 23 =    1502.01,    1517.47      
# span 24 =    111.524,    208.368      
# span 25 =    112.294,    208.440      
# span 26 =         30,         71      
# span 27 = 0.0000e+00, 0.0000e+00      
# interval = decibars: 1                
# start_time = Oct 04 2021 04:36:25 [NMEA time, header]
# bad_flag = -9.990e-29
*END*
[from data line 104]
     176898   7370.689    868.467    876.000     5.9380     5.9403   3.462241   3.462291     1.7252     1.4173     100.00   26.05945  -93.72379   -0.00040   -0.00038     3.3276     3.3444     5.8590     5.8612    34.9119    34.9101    27.5010    27.4994    1503.03    144.633    145.362         30 0.0000e+00
     177113   7379.686    860.552    868.000     5.9818     5.9879   3.465913   3.466317     1.7214     1.4134      99.28   26.05966  -93.72455   -0.00036   -0.00053     3.3079     3.3227     5.9033     5.9094    34.9122    34.9105    27.4957    27.4936    1503.04    143.777    144.421         33 0.0000e+00
     177245   7385.181    855.605    863.000     6.0205     6.0250   3.469208   3.469465     1.7176     1.4089      85.22   26.05957  -93.72422   -0.00062   -0.00095     3.2895     3.3010     5.9422     5.9467    34.9120    34.9103    27.4906    27.4887    1503.04    142.978    143.479         30 0.0000e+00
     177274   7386.371    854.615    862.000     6.0260     6.0294   3.469592   3.469780     1.7163     1.4076     100.20   26.05930  -93.72324   -0.00089   -0.00100     3.2844     3.2957     5.9478     5.9512    34.9112    34.9098    27.4892    27.4877    1503.02    142.758    143.247         30 0.0000e+00
     177568   7398.635    843.732    851.000     6.1173     6.1202   3.477402   3.477476     1.7048     1.3978     100.00   26.05926  -93.72310   -0.00102   -0.00074     3.2338     3.2482     6.0396     6.0424    34.9107    34.9086    27.4771    27.4751    1503.02    140.557    141.184         30 0.0000e+00
     177674   7403.049    839.774    847.000     6.1266     6.1276   3.477966   3.477882     1.7022     1.3961     100.00   26.05940  -93.72360   -0.00061   -0.00029     3.2228     3.2398     6.0492     6.0502    34.9095    34.9075    27.4749    27.4732    1503.03    140.081    140.820         32 0.0000e+00
     178025   7417.679    826.911    834.000     6.2128     6.2153   3.485218   3.485314     1.6988     1.3926     100.00   26.06002  -93.72576   -0.00043   -0.00026     3.1988     3.2140     6.1360     6.1386    34.9085    34.9072    27.4629    27.4615    1503.06    139.038    139.703         30 0.0000e+00
     178053   7418.818    825.921    833.000     6.2159     6.2212   3.485383   3.485710     1.6977     1.3914     100.00   26.05932  -93.72324   -0.00061   -0.00041     3.1946     3.2092     6.1393     6.1445    34.9081    34.9063    27.4621    27.4601    1503.02    138.859    139.491         33 0.0000e+00
     178158   7423.213    821.963    829.000     6.2476     6.2545   3.488155   3.488612     1.6943     1.3883     100.00   26.05978  -93.72488   -0.00080   -0.00078     3.1789     3.1937     6.1712     6.1780    34.9087    34.9068    27.4585    27.4561    1503.05    138.176    138.819         31 0.0000e+00
     178186   7424.371    820.974    828.000     6.2550     6.2601   3.488736   3.489029     1.6932     1.3873     100.00   26.05932  -93.72324   -0.00071   -0.00065     3.1743     3.1892     6.1787     6.1837    34.9080    34.9061    27.4570    27.4548    1503.02    137.976    138.624         30 0.0000e+00
     178343   7430.906    815.036    822.000     6.3105     6.3182   3.493471   3.494021     1.6888     1.3824     100.00   26.05877  -93.72125   -0.00059   -0.00079     3.1528     3.1645     6.2344     6.2420    34.9071    34.9054    27.4490    27.4467    1502.99    137.044    137.551         30 0.0000e+00
     179365   7473.497    777.429    784.000     6.5541     6.5572   3.514156   3.514334     1.6644     1.3607      99.54   26.05889  -93.72164   -0.00066   -0.00045     3.0383     3.0536     6.4803     6.4834    34.9077    34.9065    27.4169    27.4156    1502.99    132.068    132.733         31 0.0000e+00
     179476   7478.140    773.470    780.000     6.5801     6.5876   3.516452   3.516966     1.6631     1.3598      64.02   26.05999  -93.72551   -0.00036   -0.00011     3.0303     3.0462     6.5065     6.5140    34.9088    34.9068    27.4143    27.4118    1503.06    131.722    132.413         31 0.0000e+00
     180119   7504.902    749.714    756.000     6.7340     6.7371   3.529677   3.529814     1.6520     1.3491     100.00   26.05936  -93.72331   -0.00008   -0.00019     2.9733     2.9880     6.6619     6.6650    34.9104    34.9088    27.3947    27.3930    1503.02    129.246    129.887         32 0.0000e+00
     180312   7512.972    742.784    749.000     6.8067     6.8138   3.536157   3.536652     1.6485     1.3454     100.00   26.06033  -93.72678   -0.00057   -0.00063     2.9530     2.9663     6.7349     6.7420    34.9135    34.9119    27.3873    27.3850    1503.08    128.366    128.945         30 0.0000e+00
     180336   7513.944    741.795    748.000     6.8147     6.8244   3.536853   3.537519     1.6478     1.3443     100.00   26.05934  -93.72323   -0.00056   -0.00053     2.9504     2.9616     6.7430     6.7526    34.9117    34.9092    27.3847    27.3814    1503.02    128.252    128.739         30 0.0000e+00
     180848   7535.302    722.985    729.000     6.9677     6.9731   3.550375   3.550744     1.6366     1.3346     100.00   26.05983  -93.72492   -0.00046   -0.00027     2.8957     2.9095     6.8970     6.9025    34.9150    34.9135    27.3661    27.3643    1503.05    125.877    126.477         31 0.0000e+00
     182844   7618.461    709.124    715.000     7.0523     7.0640   3.557712   3.558622     1.6345     1.3326     100.00   26.05960  -93.72402   -0.00007   -0.00019     2.8773     2.8906     6.9826     6.9943    34.9167    34.9148    27.3557    27.3525    1503.03    125.079    125.657         30 0.0000e+00
     191498   7979.022    424.776    428.000    10.7450    10.7786   3.929610   3.933169     1.6838     1.3786      97.18   26.06608  -93.74709    0.00074    0.00075     2.6550     2.6738    10.6923    10.7257    35.3099    35.3134    27.0729    27.0696    1503.40    115.448    116.267         35 0.0000e+00
     192790   8032.884    420.810    424.000    10.9598    10.9601   3.951821   3.951781     1.6898     1.3837      99.98   26.05325  -93.70092    0.00004   -0.00011     2.6564     2.6767    10.9069    10.9072    35.3244    35.3238    27.0448    27.0443    1502.66    115.509    116.391         41 0.0000e+00
     195731   8155.430    309.736    312.000    13.8191    13.8339   4.274614   4.276163     1.7771     1.4551     100.00   26.07031  -93.76220   -0.00888   -0.00922     2.6637     2.6643    13.7739    13.7887    35.7962    35.7969    26.8512    26.8487    1503.65    115.850    115.877         37 0.0000e+00
     196880   8203.288    305.768    308.000    13.9604    13.9637   4.290174   4.290462     1.7454     1.4318     100.02   26.06342  -93.73742   -0.00010    0.00004     2.5735     2.5911    13.9155    13.9187    35.8096    35.8093    26.8313    26.8304    1503.25    111.929    112.694         33 0.0000e+00
     196907   8204.428    303.784    306.000    14.0049    14.0023   4.294753   4.294351     1.7429     1.4295     100.00   26.05903  -93.72164   -0.00081   -0.00082     2.5642     2.5819    13.9602    13.9576    35.8105    35.8090    26.8221    26.8216    1503.00    111.524    112.294         32 0.0000e+00
     200898   8370.706    192.647    194.000    17.8945    17.8946   4.750067   4.749826     1.9210     1.5888     100.00   26.05991  -93.72478    0.00587    0.00579     2.7211     2.7390    17.8610    17.8611    36.3905    36.3906    26.3721    26.3722    1503.05    118.400    119.182         30 0.0000e+00
     201619   8400.740    160.883    162.000    19.0527    19.0460   4.882504   4.883306     1.9788     1.6423      99.93   26.04188  -93.65994    0.01102    0.00818     2.7734     2.7961    19.0235    19.0177    36.4962    36.5054    26.1571    26.1648    1502.01    120.699    121.687         37 0.0000e+00
     203030   8459.540    157.905    159.000    19.5348    19.5314   4.942898   4.942559     2.0854     1.7350      99.99   26.05778  -93.71715   -0.00008    0.00047     2.9766     2.9902    19.5057    19.5023    36.5871    36.5870    26.1032    26.1041    1502.92    129.555    130.144         45 0.0000e+00
     204347   8514.403    111.241    112.000    22.6502    22.6561   5.293989   5.294227     2.4357     2.0506     100.03   26.06726  -93.75124    0.00708    0.00710     3.4970     3.5145    22.6274    22.6334    36.7656    36.7654    25.3823    25.3803    1503.47    152.313    153.075         45 0.0000e+00
     204846   8535.215    109.255    110.000    22.8370    22.9140   5.308765   5.316990     2.4867     2.1051      99.63   26.05490  -93.70677    0.00029    0.00563     3.5880     3.6201    22.8144    22.8914    36.7178    36.7173    25.2901    25.2675    1502.76    156.286    157.690         50 0.0000e+00
     205503   8562.600    108.262    109.000    23.0057    23.0171   5.325261   5.326440     2.5438     2.1464      99.98   26.05946  -93.72318    0.00042    0.00092     3.6927     3.7058    22.9833    22.9947    36.7078    36.7074    25.2343    25.2307    1503.02    160.857    161.427         47 0.0000e+00
     205600   8566.638    107.269    108.000    23.0075    23.0141   5.324658   5.325695     2.5506     2.1502     100.00   26.05946  -93.72318    0.00063   -0.00008     3.7060     3.7141    22.9853    22.9919    36.7019    36.7044    25.2293    25.2293    1503.02    161.437    161.790         52 0.0000e+00
     205647   8568.600    106.276    107.000    22.9697    22.9946   5.315753   5.321571     2.5567     2.1533     100.00   26.05946  -93.72318    0.00192    0.00077     3.7215     3.7221    22.9477    22.9726    36.6647    36.6891    25.2120    25.2233    1503.02    162.113    162.139         46 0.0000e+00
     205690   8570.366    105.283    106.000    22.9250    22.9324   5.304530   5.307391     2.5739     2.1654     100.00   26.05946  -93.72318    0.00516    0.00320     3.7577     3.7540    22.9078    22.9115    36.6112    36.6305    25.1829    25.1962    1503.02    163.698    163.532         33 0.0000e+00
     205722   8571.690    104.290    105.000    22.9954    22.9441   5.300840   5.297261     2.6188     2.2041     100.00   26.05946  -93.72318    0.01499    0.01176     3.8629     3.8491    22.9738    22.9232    36.5282    36.5341    25.1007    25.1171    1503.02    168.291    167.690         35 0.0000e+00
     205756   8573.111    103.297    104.000    23.0274    23.0074   5.305724   5.303570     2.6596     2.2466     100.00   26.05946  -93.72318    0.02623    0.02424     3.9270     3.9316    23.0060    22.9860    36.5397    36.5397    25.1002    25.1060    1503.02    171.086    171.284         34 0.0000e+00
     205788   8574.443    102.304    103.000    23.0876    23.0442   5.312744   5.308174     2.6761     2.2635     100.00   26.05947  -93.72318    0.02670    0.02615     3.9555     3.9659    23.0664    23.0230    36.5443    36.5450    25.0861    25.0992    1503.02    172.330    172.779         30 0.0000e+00
     205818   8575.697    101.311    102.000    23.1462    23.1452   5.320064   5.319721     2.6881     2.2741     100.00   26.05948  -93.72318    0.01456    0.01459     3.9736     3.9808    23.1251    23.1241    36.5527    36.5509    25.0754    25.0743    1503.02    173.119    173.435         30 0.0000e+00
     205848   8576.950    100.318    101.000    23.2515    23.2194   5.334855   5.330433     2.6957     2.2807     100.00   26.05948  -93.72318    0.00938    0.00881     3.9810     3.9905    23.2306    23.1985    36.5799    36.5724    25.0653    25.0689    1503.02    173.443    173.857         31 0.0000e+00
     205878   8578.223     99.325    100.000    23.3738    23.3575   5.351935   5.348732     2.6954     2.2812     100.00   26.05948  -93.72318    0.00634    0.00561     3.9701     3.9809    23.3530    23.3367    36.6105    36.5994    25.0526    25.0489    1503.02    172.973    173.444         30 0.0000e+00
     205909   8579.516     98.332     99.000    23.5133    23.4535   5.371776   5.363546     2.6867     2.2717     100.00   26.05948  -93.72318    0.00062    0.00063     3.9411     3.9519    23.4927    23.4328    36.6478    36.6342    25.0399    25.0471    1503.02    171.709    172.181         32 0.0000e+00
     205942   8580.877     97.339     98.000    23.7800    23.7613   5.410143   5.405109     2.6748     2.2608     100.00   26.05948  -93.72318   -0.00537   -0.00515     3.8956     3.9049    23.7594    23.7407    36.7215    36.6985    25.0169    25.0050    1503.02    169.733    170.137         33 0.0000e+00
     205975   8582.247     96.346     97.000    23.9680    23.9371   5.436352   5.431664     2.6495     2.2299      98.34   26.05948  -93.72318   -0.01040   -0.01138     3.8304     3.8235    23.9474    23.9165    36.7666    36.7564    24.9952    24.9967    1503.02    166.894    166.593         32 0.0000e+00
     206006   8583.536     95.353     96.000    24.0911    24.0360   5.453169   5.445288     2.6251     2.2074      99.79   26.05948  -93.72318   -0.01611   -0.01777     3.7723     3.7665    24.0706    24.0157    36.7933    36.7783    24.9786    24.9835    1503.02    164.365    164.114         30 0.0000e+00
     206036   8584.791     94.360     95.000    24.1738    24.1344   5.464819   5.459052     2.6093     2.1966     100.00   26.05948  -93.72318   -0.01775   -0.01744     3.7343     3.7356    24.1535    24.1142    36.8139    36.8026    24.9694    24.9726    1503.02    162.713    162.768         30 0.0000e+00
     206067   8586.079     93.367     94.000    24.2388    24.2296   5.472184   5.470831     2.5996     2.1888     100.00   26.05948  -93.72318   -0.01356   -0.01095     3.7101     3.7118    24.2187    24.2095    36.8166    36.8139    24.9519    24.9526    1503.02    161.660    161.733         31 0.0000e+00
     206099   8587.413     92.374     93.000    24.2486    24.2376   5.469114   5.469462     2.5953     2.1869      99.75   26.05948  -93.72318   -0.00819   -0.00572     3.7013     3.7071    24.2287    24.2177    36.7855    36.7972    24.9254    24.9375    1503.02    161.279    161.532         33 0.0000e+00
     206132   8588.786     91.381     92.000    24.2829    24.2497   5.470401   5.468227     2.6030     2.1913     100.00   26.05948  -93.72318   -0.00227   -0.00168     3.7140     3.7158    24.2632    24.2300    36.7674    36.7783    24.9012    24.9195    1503.02    161.837    161.913         33 0.0000e+00
     206164   8590.118     90.388     91.000    24.3555    24.3220   5.480261   5.475658     2.6139     2.2004     100.00   26.05948  -93.72318    0.00410    0.00288     3.7297     3.7307    24.3360    24.3026    36.7827    36.7753    24.8910    24.8954    1503.02    162.522    162.567         31 0.0000e+00
     206194   8591.388     89.395     90.000    24.4192    24.3759   5.487549   5.482872     2.6187     2.2058     100.00   26.05948  -93.72318    0.00676    0.00558     3.7343     3.7382    24.3999    24.3566    36.7857    36.7860    24.8740    24.8873    1503.02    162.724    162.896         30 0.0000e+00
     206225   8592.649     88.402     89.000    24.4789    24.4312   5.492447   5.488087     2.6231     2.2084      92.01   26.05948  -93.72318    0.00511    0.00459     3.7386     3.7399    24.4598    24.4121    36.7741    36.7803    24.8471    24.8662    1503.02    162.916    162.971         30 0.0000e+00
     206255   8593.920     87.409     88.000    24.5265    24.4991   5.495380   5.493183     2.6314     2.2161      75.37   26.05948  -93.72318    0.00407    0.00356     3.7515     3.7523    24.5075    24.4802    36.7575    36.7634    24.8201    24.8328    1503.02    163.486    163.516         32 0.0000e+00
     206288   8595.291     86.416     87.000    24.5740    24.5362   5.499618   5.495867     2.6446     2.2272      99.62   26.05948  -93.72318    0.00649    0.00550     3.7739     3.7734    24.5552    24.5176    36.7508    36.7539    24.8006    24.8145    1503.02    164.464    164.439         34 0.0000e+00
