Gulf of Mexico/GOMECC-4/1db/urb2103_0581.cnv
* Sea-Bird SBE 9 Data File:
* FileName = C:\Users\scs.user.rb\CTD\GOMECC4\data\rb2103_0581.hex
* Software Version Seasave V 7.26.7.107
* Temperature SN = 4799
* Conductivity SN = 3860
* Number of Bytes Per Scan = 41
* Number of Voltage Words = 4
* Number of Scans Averaged by the Deck Unit = 1
* NMEA Latitude = 28 20.02 N
* NMEA Longitude = 094 59.97 W
* NMEA UTC (Time) = Sep 29 2021  08:15:55
* NMEA baud rate = 4800
# nquan = 28
# nvalues = 27                          
# units = specified
# name 0 = scan: Scan Count
# name 1 = timeS: Time, Elapsed [seconds]
# name 2 = depSM: Depth [salt water, m]
# name 3 = prDM: Pressure, Digiquartz [db]
# name 4 = t090C: Temperature [ITS-90, deg C]
# name 5 = t190C: Temperature, 2 [ITS-90, deg C]
# name 6 = c0S/m: Conductivity [S/m]
# name 7 = c1S/m: Conductivity, 2 [S/m]
# name 8 = sbeox0V: Oxygen raw, SBE 43 [V]
# name 9 = sbeox1V: Oxygen raw, SBE 43, 2 [V]
# name 10 = altM: Altimeter [m]
# name 11 = latitude: Latitude [deg]
# name 12 = longitude: Longitude [deg]
# name 13 = sbox0dV/dT: Oxygen, SBE 43 [dov/dt]
# name 14 = sbox1dV/dT: Oxygen, SBE 43, 2 [dov/dt]
# name 15 = sbeox0ML/L: Oxygen, SBE 43 [ml/l], WS = 5
# name 16 = sbeox1ML/L: Oxygen, SBE 43, 2 [ml/l], WS = 5
# name 17 = potemp090C: Potential Temperature [ITS-90, deg C]
# name 18 = potemp190C: Potential Temperature, 2 [ITS-90, deg C]
# name 19 = sal00: Salinity, Practical [PSU]
# name 20 = sal11: Salinity, Practical, 2 [PSU]
# name 21 = sigma-é00: Density [sigma-theta, kg/m^3]
# name 22 = sigma-é11: Density, 2 [sigma-theta, kg/m^3]
# name 23 = avgsvCM: Average Sound Velocity [Chen-Millero, m/s], minP = 20, minS = 20
# name 24 = sbox0Mm/Kg: Oxygen, SBE 43 [umol/kg], WS = 5
# name 25 = sbox1Mm/Kg: Oxygen, SBE 43, 2 [umol/kg], WS = 5
# name 26 = nbin: number of scans per bin
# name 27 = flag: flag
# span 0 =      16343,      25530       
# span 1 =    680.926,   1063.711       
# span 2 =      0.993,     35.756       
# span 3 =      1.000,     36.000       
# span 4 =    28.2868,    28.8290       
# span 5 =    28.2932,    28.8285       
# span 6 =   4.622453,   5.701495       
# span 7 =   4.693183,   5.702567       
# span 8 =     3.0963,     3.1340       
# span 9 =     2.6276,     2.6614       
# span 10 =       4.74,      41.74      
# span 11 =   28.29529,   28.59416      
# span 12 =  -95.87062,  -94.86881      
# span 13 =   -0.00073,    0.00128      
# span 14 =   -0.00141,    0.00128      
# span 15 =     4.3537,     4.5516      
# span 16 =     4.3509,     4.5449      
# span 17 =    28.2866,    28.8230      
# span 18 =    28.2930,    28.8225      
# span 19 =    28.3692,    35.0524      
# span 20 =    28.7818,    35.0604      
# span 21 =    17.3436,    22.2028      
# span 22 =    17.6492,    22.2089      
# span 23 =    1540.40,    1556.67      
# span 24 =    190.236,    199.944      
# span 25 =    190.113,    199.575      
# span 26 =         30,         55      
# span 27 = 0.0000e+00, 0.0000e+00      
# interval = decibars: 1                
# start_time = Sep 29 2021 08:15:55 [NMEA time, header]
# bad_flag = -9.990e-29
*END*
      16343    680.926     35.756     36.000    28.6254    28.6389   5.668902   5.669030     3.0998     2.6287       4.74   28.29529  -94.86881   -0.00031    0.00032     4.3588     4.3546    28.6168    28.6303    34.8468    34.8633    22.0711    22.0815    1540.40    190.457    190.271         43 0.0000e+00
      16603    691.760     34.763     35.000    28.6484    28.6510   5.675362   5.675951     3.1017     2.6335       5.84   28.33408  -94.99886    0.00009    0.00128     4.3589     4.3612    28.6400    28.6427    34.8773    34.8794    22.0917    22.0925    1542.51    190.461    190.560         39 0.0000e+00
      16727    696.905     33.770     34.000    28.6231    28.6278   5.670504   5.671801     3.1023     2.6317       6.82   28.33410  -94.99886    0.00016   -0.00028     4.3617     4.3590    28.6149    28.6197    34.8625    34.8680    22.0889    22.0915    1542.51    190.584    190.465         39 0.0000e+00
      16825    701.011     32.777     33.000    28.6198    28.6234   5.669832   5.670377     3.1026     2.6309       7.76   28.33410  -94.99886    0.00015    0.00032     4.3622     4.3573    28.6119    28.6155    34.8605    34.8631    22.0884    22.0892    1542.51    190.603    190.391         46 0.0000e+00
      17148    714.446     29.798     30.000    28.6055    28.5921   5.662370   5.663629     3.0963     2.6276      10.66   28.31156  -94.92323    0.00056   -0.00098     4.3537     4.3509    28.5983    28.5849    34.8455    34.8317    22.0811    22.0721    1541.28    190.236    190.113         38 0.0000e+00
      17274    719.702     28.804     29.000    28.6049    28.6074   5.665142   5.666103     3.1014     2.6294      11.66   28.33410  -94.99883    0.00064   -0.00026     4.3596     4.3536    28.5980    28.6005    34.8393    34.8450    22.0771    22.0806    1542.51    190.496    190.233         36 0.0000e+00
      17389    724.498     27.811     28.000    28.6049    28.6059   5.664192   5.664809     3.1020     2.6295      12.60   28.33410  -94.99882    0.00007   -0.00010     4.3603     4.3538    28.5982    28.5992    34.8337    34.8374    22.0729    22.0753    1542.51    190.526    190.240         37 0.0000e+00
      17500    729.126     26.818     27.000    28.6071    28.6073   5.662624   5.663342     3.1035     2.6285      13.58   28.33410  -94.99882    0.00026   -0.00141     4.3626     4.3513    28.6007    28.6008    34.8216    34.8265    22.0629    22.0665    1542.51    190.628    190.134         42 0.0000e+00
      17866    744.370     24.832     25.000    28.8290    28.8285   5.701495   5.702567     3.1300     2.6533      15.89   28.54536  -95.70708    0.00110   -0.00048     4.4001     4.3932    28.8230    28.8225    35.0524    35.0604    22.2028    22.2089    1554.01    192.272    191.969         43 0.0000e+00
      17833    743.007     23.838     24.000    28.6207    28.6201   5.658591   5.659123     3.1067     2.6362      16.53   28.33414  -94.99882    0.00060    0.00031     4.3668     4.3653    28.6149    28.6144    34.7843    34.7893    22.0302    22.0341    1542.51    190.817    190.751         38 0.0000e+00
      17938    747.369     22.845     23.000    28.6221    28.6222   5.657991   5.658480     3.1083     2.6358      17.42   28.33414  -94.99882    0.00012   -0.00109     4.3692     4.3639    28.6166    28.6167    34.7797    34.7831    22.0262    22.0287    1542.51    190.921    190.693         46 0.0000e+00
      18278    761.557     20.859     21.000    28.7684    28.7740   5.675539   5.682760     3.1258     2.6544      19.59   28.48780  -95.51401   -0.00008    0.00061     4.3959     4.3966    28.7634    28.7689    34.8849    34.9305    22.0857    22.1181    1550.88    192.103    192.124         40 0.0000e+00
      19708    821.130     18.872     19.000    28.6924    28.7131   5.642402   5.647705     3.1238     2.6540      21.63   28.46451  -95.43601    0.00128    0.00015     4.3959     4.4027    28.6879    28.7086    34.6906    34.7192    21.9573    21.9750    1549.61    192.119    192.418         30 0.0000e+00
      19954    831.361     16.886     17.000    28.5028    28.4591   5.593667   5.572223     3.1043     2.6349      23.26   28.29701  -94.87444   -0.00018   -0.00020     4.3760     4.3783    28.5001    28.4551    34.4059    34.2859    21.7779    21.7023    1540.49    191.264    191.370         47 0.0000e+00
      20316    846.472     14.899     15.000    28.4984    28.5004   5.558035   5.556769     3.1150     2.6457      25.36   28.43181  -95.32632   -0.00043    0.00085     4.4055     4.4090    28.4948    28.4969    34.2310    34.2254    21.6719    21.6677    1547.83    192.591    192.743         55 0.0000e+00
      20470    852.857     12.913     13.000    28.4176    28.4049   5.546366   5.540125     3.1044     2.6388      27.10   28.32378  -94.96410   -0.00034    0.00058     4.3878     4.3967    28.4160    28.4018    34.1535    34.1234    21.6205    21.6027    1541.95    191.812    192.202         48 0.0000e+00
      20895    870.595     10.926     11.000    28.6476    28.6336   5.582695   5.576821     3.1340     2.6614      29.46   28.59416  -95.87062   -0.00049   -0.00063     4.4333     4.4369    28.6450    28.6310    34.3929    34.3623    21.7753    21.7569    1556.67    193.812    193.970         37 0.0000e+00
      20834    868.027      9.933     10.000    28.3563    28.3563   5.520266   5.520014     3.1045     2.6367      30.03   28.33412  -94.99878   -0.00009   -0.00001     4.3945     4.3970    28.3540    28.3539    34.0218    34.0200    21.5434    21.5421    1542.51    192.118    192.230         55 0.0000e+00
      22061    919.174      8.940      9.000    28.3530    28.3539   5.517997   5.518682     3.1078     2.6380      31.08   28.33411  -94.99879    0.00008    0.00018     4.4002     4.3994    28.3509    28.3517    34.0106    34.0128    21.5361    21.5374    1542.51    192.370    192.336         49 0.0000e+00
      22503    937.563      7.946      8.000    28.3558    28.3338   5.519748   5.511871     3.1073     2.6370      32.10   28.33410  -94.99878   -0.00007   -0.00004     4.3986     4.3993    28.3539    28.3319    34.0192    33.9802    21.5415    21.5195    1542.51    192.299    192.333         42 0.0000e+00
      22677    944.815      6.953      7.000    28.3241    28.3051   5.507992   5.501450     3.1074     2.6374      32.97   28.33410  -94.99878    0.00042   -0.00015     4.4032     4.4028    28.3224    28.3034    33.9623    33.9288    21.5091    21.4902    1542.51    192.504    192.491         33 0.0000e+00
      22800    949.942      5.960      6.000    28.3221    28.3038   5.507597   5.501127     3.1061     2.6362      34.04   28.33410  -94.99878   -0.00073   -0.00000     4.3994     4.3999    28.3207    28.3024    33.9596    33.9278    21.5077    21.4898    1542.51    192.343    192.366         38 0.0000e+00
      22903    954.265      4.967      5.000    28.3098    28.2996   5.503434   5.499727     3.1080     2.6358      34.76   28.33410  -94.99878    0.00011   -0.00134     4.4039     4.3991    28.3086    28.2984    33.9398    33.9214    21.4967    21.4863    1542.51    192.538    192.330         42 0.0000e+00
      25014   1042.201      3.973      4.000    28.2993    28.2995   5.499964   5.499885     3.1073     2.6379      35.82   28.33414  -94.99879    0.00016   -0.00014     4.4033     4.4029    28.2983    28.2985    33.9235    33.9228    21.4879    21.4873    1542.51    192.514    192.498         46 0.0000e+00
      25299   1054.099      2.980      3.000    28.2986    28.3017   5.499693   5.500440     3.1064     2.6383      36.99   28.33414  -94.99878    0.00010   -0.00052     4.4013     4.4029    28.2979    28.3010    33.9224    33.9254    21.4872    21.4884    1542.51    192.428    192.496         30 0.0000e+00
      25363   1056.747      1.987      2.000    28.2997    28.3024   5.500070   5.500737     3.1066     2.6371      37.87   28.33414  -94.99878   -0.00035   -0.00065     4.4008     4.3998    28.2993    28.3020    33.9245    33.9272    21.4883    21.4895    1542.51    192.407    192.362         38 0.0000e+00
      25530   1063.711      0.993      1.000    28.2868    28.2932   4.622453   4.693183     3.1075     2.6409      41.74   28.33414  -94.99878   -0.00044   -0.00003     4.5516     4.5449    28.2866    28.2930    28.3692    28.7818    17.3436    17.6492    1542.51    199.944    199.575         38 0.0000e+00
