Gulf of Mexico/GOMECC-4/1db/urb2103_0851.cnv
* Sea-Bird SBE 9 Data File:
* FileName = C:\Users\scs.user.rb\CTD\GOMECC4\data\rb2103_0851.hex
* Software Version Seasave V 7.26.7.107
* Temperature SN = 4799
* Conductivity SN = 3860
* Number of Bytes Per Scan = 41
* Number of Voltage Words = 4
* Number of Scans Averaged by the Deck Unit = 1
* NMEA Latitude = 20 36.04 N
* NMEA Longitude = 094 17.37 W
* NMEA UTC (Time) = Oct 07 2021  22:53:37
* NMEA baud rate = 4800
# nquan = 28
# nvalues = 395                         
# units = specified
# name 0 = scan: Scan Count
# name 1 = timeS: Time, Elapsed [seconds]
# name 2 = depSM: Depth [salt water, m]
# name 3 = prDM: Pressure, Digiquartz [db]
# name 4 = t090C: Temperature [ITS-90, deg C]
# name 5 = t190C: Temperature, 2 [ITS-90, deg C]
# name 6 = c0S/m: Conductivity [S/m]
# name 7 = c1S/m: Conductivity, 2 [S/m]
# name 8 = sbeox0V: Oxygen raw, SBE 43 [V]
# name 9 = sbeox1V: Oxygen raw, SBE 43, 2 [V]
# name 10 = altM: Altimeter [m]
# name 11 = latitude: Latitude [deg]
# name 12 = longitude: Longitude [deg]
# name 13 = sbox0dV/dT: Oxygen, SBE 43 [dov/dt]
# name 14 = sbox1dV/dT: Oxygen, SBE 43, 2 [dov/dt]
# name 15 = sbeox0ML/L: Oxygen, SBE 43 [ml/l], WS = 5
# name 16 = sbeox1ML/L: Oxygen, SBE 43, 2 [ml/l], WS = 5
# name 17 = potemp090C: Potential Temperature [ITS-90, deg C]
# name 18 = potemp190C: Potential Temperature, 2 [ITS-90, deg C]
# name 19 = sal00: Salinity, Practical [PSU]
# name 20 = sal11: Salinity, Practical, 2 [PSU]
# name 21 = sigma-é00: Density [sigma-theta, kg/m^3]
# name 22 = sigma-é11: Density, 2 [sigma-theta, kg/m^3]
# name 23 = avgsvCM: Average Sound Velocity [Chen-Millero, m/s], minP = 20, minS = 20
# name 24 = sbox0Mm/Kg: Oxygen, SBE 43 [umol/kg], WS = 5
# name 25 = sbox1Mm/Kg: Oxygen, SBE 43, 2 [umol/kg], WS = 5
# name 26 = nbin: number of scans per bin
# name 27 = flag: flag
# span 0 =      69368,     160673       
# span 1 =   2890.286,   6694.685       
# span 2 =      0.994,   1862.053       
# span 3 =      1.000,   1882.000       
# span 4 =     4.2605,    31.5653       
# span 5 =     4.2611,    29.4144       
# span 6 =   3.342194,   5.988170       
# span 7 =   3.342161,   5.987266       
# span 8 =     1.5727,     3.3151       
# span 9 =     1.2749,     2.8294       
# span 10 =      12.70,     103.95      
# span 11 =   20.55327,   20.62894      
# span 12 =  -94.42086,  -94.07455      
# span 13 =   -0.00984,    0.02719      
# span 14 =   -0.01310,    0.02323      
# span 15 =     2.3954,     4.8947      
# span 16 =     2.4123,     4.8920      
# span 17 =     4.1018,    31.5631      
# span 18 =     4.1025,    29.4070      
# span 19 =    34.9133,    39.1364      
# span 20 =    34.9116,    36.5178      
# span 21 =    23.0082,    27.7539      
# span 22 =    23.0074,    27.7528      
# span 23 =    1492.37,    1497.87      
# span 24 =    104.154,    213.506      
# span 25 =    104.890,    213.393      
# span 26 =         30,         73      
# span 27 = 0.0000e+00, 0.0000e+00      
# interval = decibars: 1                
# start_time = Oct 07 2021 22:53:37 [NMEA time, header]
# bad_flag = -9.990e-29
*END*
[from data line 104]
     107724   4488.472    789.594    796.000     5.7907     5.7913   3.445692   3.445701     1.7554     1.4467     100.00   20.60064  -94.29068    0.00017    0.00003     3.4060     3.4280     5.7203     5.7209    34.9162    34.9156    27.5219    27.5214    1495.81    148.037    148.994         59 0.0000e+00
     107769   4490.322    788.604    795.000     5.7907     5.7935   3.445777   3.446006     1.7551     1.4461     100.00   20.60064  -94.29068    0.00002   -0.00010     3.4049     3.4253     5.7203     5.7231    34.9171    34.9163    27.5226    27.5216    1495.81    147.989    148.876         34 0.0000e+00
     107809   4492.019    787.614    794.000     5.7994     5.8042   3.446456   3.446737     1.7547     1.4456      93.52   20.60064  -94.29068   -0.00020   -0.00029     3.4023     3.4217     5.7291     5.7338    34.9169    34.9157    27.5214    27.5198    1495.81    147.876    148.720         50 0.0000e+00
     107854   4493.858    786.624    793.000     5.8038     5.8064   3.446873   3.447026     1.7546     1.4447      98.85   20.60063  -94.29068   -0.00015   -0.00039     3.4011     3.4181     5.7336     5.7361    34.9169    34.9160    27.5208    27.5198    1495.81    147.826    148.562         33 0.0000e+00
     107883   4495.076    785.634    792.000     5.8122     5.8160   3.447571   3.447835     1.7544     1.4444      99.97   20.60062  -94.29068   -0.00007   -0.00040     3.3990     3.4158     5.7420     5.7458    34.9167    34.9158    27.5196    27.5184    1495.81    147.735    148.462         30 0.0000e+00
     107919   4496.584    784.644    791.000     5.8175     5.8204   3.448014   3.448182     1.7539     1.4437     100.00   20.60062  -94.29068   -0.00019   -0.00036     3.3967     3.4123     5.7474     5.7502    34.9168    34.9157    27.5190    27.5178    1495.81    147.633    148.312         41 0.0000e+00
     107956   4498.112    783.653    790.000     5.8198     5.8213   3.448148   3.448232     1.7533     1.4429      84.40   20.60062  -94.29068   -0.00035   -0.00047     3.3941     3.4090     5.7497     5.7512    34.9164    34.9159    27.5184    27.5178    1495.81    147.520    148.169         30 0.0000e+00
     108038   4501.557    780.683    787.000     5.8274     5.8288   3.448680   3.448706     1.7519     1.4425     100.00   20.60031  -94.28926   -0.00040   -0.00010     3.3873     3.4055     5.7576     5.7589    34.9161    34.9151    27.5171    27.5162    1495.79    147.223    148.014         33 0.0000e+00
     108145   4506.015    776.723    783.000     5.8376     5.8389   3.449507   3.449516     1.7510     1.4416     100.00   20.60078  -94.29142   -0.00022   -0.00024     3.3817     3.3996     5.7681     5.7694    34.9169    34.9157    27.5165    27.5154    1495.82    146.984    147.759         32 0.0000e+00
     108437   4518.179    764.841    771.000     5.9247     5.9275   3.456689   3.456848     1.7430     1.4320     100.00   20.59925  -94.28444   -0.00117   -0.00114     3.3425     3.3524     5.8558     5.8586    34.9142    34.9131    27.5032    27.5021    1495.71    145.279    145.709         30 0.0000e+00
     108986   4541.047    743.056    749.000     6.0587     6.0604   3.468126   3.468164     1.7247     1.4164     100.00   20.60095  -94.29211   -0.00042   -0.00058     3.2611     3.2761     5.9911     5.9928    34.9165    34.9151    27.4879    27.4866    1495.83    141.747    142.397         30 0.0000e+00
     109281   4553.313    731.172    737.000     6.1027     6.1050   3.471542   3.471628     1.7199     1.4120     100.00   20.60062  -94.29071   -0.00045   -0.00045     3.2366     3.2517     6.0361     6.0383    34.9155    34.9143    27.4814    27.4801    1495.81    140.681    141.338         30 0.0000e+00
     110059   4585.733    700.469    706.000     6.3087     6.3094   3.488962   3.488949     1.7005     1.3934      91.75   20.60075  -94.29124   -0.00066   -0.00031     3.1437     3.1563     6.2439     6.2446    34.9152    34.9143    27.4541    27.4534    1495.82    136.648    137.193         39 0.0000e+00
     110097   4587.322    699.479    705.000     6.3111     6.3127   3.489090   3.489193     1.6988     1.3920      99.64   20.60064  -94.29072   -0.00072   -0.00060     3.1377     3.1508     6.2464     6.2480    34.9146    34.9142    27.4534    27.4528    1495.81    136.384    136.954         42 0.0000e+00
     110142   4589.208    698.488    704.000     6.3134     6.3164   3.489145   3.489463     1.6972     1.3907     100.00   20.60064  -94.29072   -0.00097   -0.00073     3.1318     3.1456     6.2488     6.2518    34.9133    34.9138    27.4520    27.4520    1495.81    136.128    136.730         42 0.0000e+00
     110191   4591.230    697.498    703.000     6.3135     6.3316   3.489511   3.490864     1.6960     1.3905      99.93   20.60064  -94.29072   -0.00075   -0.00041     3.1274     3.1434     6.2489     6.2669    34.9156    34.9142    27.4538    27.4504    1495.81    135.937    136.632         59 0.0000e+00
     110247   4593.571    696.507    702.000     6.3183     6.3346   3.489625   3.490985     1.6950     1.3896     100.00   20.60064  -94.29072   -0.00045   -0.00027     3.1236     3.1395     6.2538     6.2701    34.9148    34.9132    27.4525    27.4492    1495.81    135.774    136.465         52 0.0000e+00
     110306   4596.032    695.517    701.000     6.3221     6.3371   3.489987   3.491016     1.6950     1.3884      98.12   20.60064  -94.29072   -0.00016   -0.00044     3.1226     3.1346     6.2577     6.2726    34.9148    34.9116    27.4521    27.4475    1495.81    135.730    136.252         66 0.0000e+00
     110744   4614.275    694.526    700.000     6.3358     6.3513   3.491156   3.492508     1.6912     1.3853      91.22   20.60064  -94.29073   -0.00008   -0.00039     3.1093     3.1224     6.2715     6.2868    34.9149    34.9142    27.4503    27.4477    1495.81    135.150    135.721         63 0.0000e+00
     111664   4652.615    693.536    699.000     6.4106     6.4055   3.498010   3.497429     1.6837     1.3797     100.81   20.60064  -94.29076   -0.00000   -0.00002     3.0785     3.0980     6.3459     6.3409    34.9156    34.9148    27.4410    27.4411    1495.81    133.815    134.660         48 0.0000e+00
     111675   4653.070    692.545    698.000     6.4016     6.3998   3.497123   3.496885     1.6851     1.3804     100.00   20.60064  -94.29078    0.00021    0.00012     3.0832     3.1007     6.3370     6.3353    34.9154    34.9142    27.4421    27.4414    1495.81    134.016    134.778         55 0.0000e+00
     111728   4655.296    691.555    697.000     6.4127     6.4183   3.498030   3.498428     1.6851     1.3807      84.87   20.60064  -94.29078    0.00005   -0.00005     3.0820     3.0998     6.3482     6.3538    34.9146    34.9133    27.4399    27.4382    1495.81    133.968    134.739         50 0.0000e+00
     111775   4657.244    690.564    696.000     6.4193     6.4279   3.498980   3.499682     1.6851     1.3806      99.95   20.60064  -94.29078    0.00002    0.00019     3.0809     3.0986     6.3549     6.3634    34.9155    34.9147    27.4398    27.4381    1495.81    133.919    134.690         47 0.0000e+00
     111823   4659.268    689.573    695.000     6.4508     6.4610   3.501395   3.502289     1.6850     1.3796     100.00   20.60064  -94.29078   -0.00003   -0.00033     3.0776     3.0916     6.3863     6.3965    34.9147    34.9144    27.4350    27.4334    1495.81    133.775    134.383         48 0.0000e+00
     111867   4661.063    688.583    694.000     6.4736     6.4802   3.503620   3.504177     1.6842     1.3783      57.98   20.60064  -94.29078   -0.00020   -0.00056     3.0727     3.0850     6.4090     6.4157    34.9162    34.9156    27.4332    27.4318    1495.81    133.562    134.099         39 0.0000e+00
     111901   4662.505    687.592    693.000     6.4875     6.4977   3.505003   3.505756     1.6830     1.3768     100.14   20.60064  -94.29078   -0.00052   -0.00079     3.0689     3.0788     6.4230     6.4332    34.9162    34.9153    27.4314    27.4293    1495.81    133.397    133.826         31 0.0000e+00
     111931   4663.766    686.602    692.000     6.5047     6.5098   3.506448   3.506871     1.6816     1.3753     100.00   20.60064  -94.29078   -0.00080   -0.00102     3.0610     3.0715     6.4402     6.4453    34.9169    34.9165    27.4296    27.4286    1495.81    133.056    133.511         30 0.0000e+00
     111963   4665.080    685.612    691.000     6.5117     6.5164   3.507087   3.507427     1.6800     1.3739     100.00   20.60064  -94.29078   -0.00103   -0.00112     3.0551     3.0658     6.4473     6.4520    34.9174    34.9163    27.4291    27.4276    1495.81    132.799    133.263         33 0.0000e+00
     112080   4669.963    681.649    687.000     6.5264     6.5286   3.508294   3.508379     1.6753     1.3711     100.00   20.60084  -94.29173   -0.00087   -0.00055     3.0374     3.0537     6.4623     6.4645    34.9179    34.9166    27.4274    27.4261    1495.82    132.029    132.736         35 0.0000e+00
     114090   4753.698    602.388    607.000     7.1968     7.2033   3.568611   3.569168     1.6239     1.3228     100.01   20.60175  -94.29605   -0.00086   -0.00067     2.7936     2.8068     7.1374     7.1439    34.9422    34.9417    27.3541    27.3528    1495.89    121.440    122.016         50 0.0000e+00
     114140   4755.794    601.397    606.000     7.1731     7.1802   3.565757   3.566737     1.6218     1.3215     100.00   20.60062  -94.29090   -0.00093   -0.00053     2.7888     2.8039     7.1140     7.1210    34.9385    34.9387    27.3544    27.3536    1495.81    121.233    121.888         58 0.0000e+00
     114198   4758.188    600.406    605.000     7.1838     7.1630   3.567025   3.564967     1.6221     1.3219     100.00   20.60062  -94.29090   -0.00032   -0.00013     2.7882     2.8064     7.1247     7.1040    34.9387    34.9372    27.3531    27.3548    1495.81    121.205    121.996         60 0.0000e+00
     114275   4761.429    599.415    604.000     7.1724     7.1675   3.566058   3.565351     1.6225     1.3235     100.00   20.60063  -94.29090    0.00010    0.00044     2.7899     2.8110     7.1134     7.1085    34.9402    34.9373    27.3558    27.3543    1495.81    121.280    122.198         46 0.0000e+00
     114364   4765.106    598.424    603.000     7.2095     7.2114   3.569406   3.569564     1.6227     1.3233     100.00   20.60062  -94.29090    0.00010   -0.00001     2.7874     2.8068     7.1505     7.1524    34.9398    34.9389    27.3503    27.3493    1495.81    121.173    122.015         51 0.0000e+00
     114481   4769.995    597.433    602.000     7.2226     7.2376   3.570833   3.572230     1.6208     1.3195     100.00   20.60062  -94.29090   -0.00057   -0.00097     2.7804     2.7917     7.1636     7.1785    34.9427    34.9418    27.3507    27.3479    1495.81    120.867    121.358         30 0.0000e+00
     115281   4803.318    595.451    600.000     7.2663     7.2674   3.575057   3.574890     1.6170     1.3175     100.00   20.59992  -94.28773   -0.00011   -0.00009     2.7656     2.7821     7.2073     7.2084    34.9424    34.9414    27.3444    27.3434    1495.76    120.223    120.942         36 0.0000e+00
     115743   4822.596    594.460    599.000     7.2834     7.2853   3.576500   3.576549     1.6160     1.3164      98.83   20.60062  -94.29093   -0.00006   -0.00006     2.7600     2.7768     7.2245     7.2263    34.9445    34.9433    27.3435    27.3423    1495.81    119.981    120.712         30 0.0000e+00
     115847   4826.923    593.469    598.000     7.2892     7.2908   3.577018   3.577047     1.6161     1.3162      99.84   20.60062  -94.29094    0.00000   -0.00006     2.7595     2.7753     7.2303     7.2319    34.9450    34.9441    27.3431    27.3422    1495.81    119.959    120.648         64 0.0000e+00
     115919   4829.911    592.478    597.000     7.2970     7.2982   3.577726   3.577760     1.6160     1.3162      99.14   20.60062  -94.29094    0.00001   -0.00000     2.7583     2.7745     7.2382     7.2393    34.9454    34.9446    27.3423    27.3415    1495.81    119.905    120.611         60 0.0000e+00
     115980   4832.472    591.487    596.000     7.3016     7.3061   3.578026   3.578496     1.6157     1.3162      99.99   20.60062  -94.29094   -0.00013   -0.00002     2.7563     2.7735     7.2429     7.2473    34.9455    34.9451    27.3417    27.3408    1495.81    119.819    120.568         58 0.0000e+00
     116047   4835.251    590.496    595.000     7.3100     7.3154   3.578919   3.579358     1.6155     1.3155     100.00   20.60062  -94.29094   -0.00009   -0.00014     2.7550     2.7702     7.2513     7.2567    34.9462    34.9455    27.3411    27.3398    1495.81    119.761    120.427         50 0.0000e+00
     116095   4837.269    589.505    594.000     7.3205     7.3248   3.579891   3.580235     1.6151     1.3149     100.00   20.60062  -94.29094   -0.00013   -0.00033     2.7525     2.7671     7.2619     7.2662    34.9467    34.9462    27.3399    27.3389    1495.81    119.657    120.289         58 0.0000e+00
     116153   4839.687    588.514    593.000     7.3247     7.3302   3.580293   3.580742     1.6140     1.3141     100.00   20.60062  -94.29094   -0.00038   -0.00031     2.7487     2.7638     7.2662     7.2717    34.9473    34.9467    27.3399    27.3386    1495.81    119.490    120.148         42 0.0000e+00
     116210   4842.052    586.532    591.000     7.3314     7.3355   3.580797   3.581086     1.6140     1.3140     100.00   20.60004  -94.28829   -0.00013   -0.00004     2.7475     2.7624     7.2730     7.2771    34.9470    34.9463    27.3386    27.3375    1495.77    119.438    120.087         32 0.0000e+00
     116947   4872.734    558.781    563.000     7.6514     7.6547   3.611357   3.611571     1.5994     1.2998     100.00   20.60143  -94.29466   -0.00052   -0.00022     2.6699     2.6828     7.5946     7.5978    34.9709    34.9699    27.3111    27.3099    1495.87    116.069    116.627         31 0.0000e+00
     117068   4877.778    553.825    558.000     7.6931     7.7006   3.615021   3.615660     1.5972     1.2977     100.00   20.59977  -94.28704   -0.00028   -0.00039     2.6585     2.6711     7.6366     7.6441    34.9708    34.9702    27.3049    27.3032    1495.75    115.572    116.119         30 0.0000e+00
     118069   4919.490    515.165    519.000     8.1667     8.1748   3.661188   3.661884     1.5806     1.2821     100.00   20.60077  -94.29159   -0.00014   -0.00037     2.5627     2.5747     8.1124     8.1205    35.0124    35.0118    27.2667    27.2650    1495.82    111.413    111.935         31 0.0000e+00
     118438   4934.886    501.286    505.000     8.2908     8.2922   3.673117   3.673151     1.5757     1.2788     100.00   20.59996  -94.28791   -0.00027   -0.00019     2.5354     2.5519     8.2376     8.2389    35.0226    35.0216    27.2556    27.2546    1495.76    110.225    110.945         46 0.0000e+00
     118498   4937.379    500.294    504.000     8.2897     8.2901   3.673020   3.672919     1.5753     1.2781      99.73   20.60064  -94.29100   -0.00026   -0.00031     2.5341     2.5495     8.2366     8.2370    35.0232    35.0223    27.2563    27.2555    1495.81    110.168    110.841         60 0.0000e+00
     118560   4939.958    499.303    503.000     8.2905     8.2895   3.673058   3.672851     1.5756     1.2785     100.00   20.60064  -94.29100    0.00002   -0.00003     2.5345     2.5502     8.2375     8.2364    35.0233    35.0222    27.2562    27.2555    1495.81    110.188    110.872         63 0.0000e+00
     118628   4942.786    498.312    502.000     8.3087     8.2909   3.674936   3.673097     1.5760     1.2790     100.00   20.60064  -94.29100    0.00015    0.00016     2.5340     2.5513     8.2557     8.2379    35.0257    35.0227    27.2553    27.2556    1495.81    110.164    110.919         68 0.0000e+00
