Gulf of Mexico/GOMECC-4/1db/urb2103_0371.cnv
* Sea-Bird SBE 9 Data File:
* FileName = C:\Users\scs.user.rb\CTD\GOMECC4\data\rb2103_0371.hex
* Software Version Seasave V 7.26.7.107
* Temperature SN = 4799
* Conductivity SN = 3860
* Number of Bytes Per Scan = 41
* Number of Voltage Words = 4
* Number of Scans Averaged by the Deck Unit = 1
* NMEA Latitude = 27 00.07 N
* NMEA Longitude = 089 59.96 W
* NMEA UTC (Time) = Sep 25 2021  07:16:47
* NMEA baud rate = 4800
# nquan = 28
# nvalues = 521                         
# units = specified
# name 0 = scan: Scan Count
# name 1 = timeS: Time, Elapsed [seconds]
# name 2 = depSM: Depth [salt water, m]
# name 3 = prDM: Pressure, Digiquartz [db]
# name 4 = t090C: Temperature [ITS-90, deg C]
# name 5 = t190C: Temperature, 2 [ITS-90, deg C]
# name 6 = c0S/m: Conductivity [S/m]
# name 7 = c1S/m: Conductivity, 2 [S/m]
# name 8 = sbeox0V: Oxygen raw, SBE 43 [V]
# name 9 = sbeox1V: Oxygen raw, SBE 43, 2 [V]
# name 10 = altM: Altimeter [m]
# name 11 = latitude: Latitude [deg]
# name 12 = longitude: Longitude [deg]
# name 13 = sbox0dV/dT: Oxygen, SBE 43 [dov/dt]
# name 14 = sbox1dV/dT: Oxygen, SBE 43, 2 [dov/dt]
# name 15 = sbeox0ML/L: Oxygen, SBE 43 [ml/l], WS = 5
# name 16 = sbeox1ML/L: Oxygen, SBE 43, 2 [ml/l], WS = 5
# name 17 = potemp090C: Potential Temperature [ITS-90, deg C]
# name 18 = potemp190C: Potential Temperature, 2 [ITS-90, deg C]
# name 19 = sal00: Salinity, Practical [PSU]
# name 20 = sal11: Salinity, Practical, 2 [PSU]
# name 21 = sigma-é00: Density [sigma-theta, kg/m^3]
# name 22 = sigma-é11: Density, 2 [sigma-theta, kg/m^3]
# name 23 = avgsvCM: Average Sound Velocity [Chen-Millero, m/s], minP = 20, minS = 20
# name 24 = sbox0Mm/Kg: Oxygen, SBE 43 [umol/kg], WS = 5
# name 25 = sbox1Mm/Kg: Oxygen, SBE 43, 2 [umol/kg], WS = 5
# name 26 = nbin: number of scans per bin
# name 27 = flag: flag
# span 0 =      93377,     192814       
# span 1 =   3890.658,   8033.865       
# span 2 =      1.987,   2375.565       
# span 3 =      2.000,   2405.000       
# span 4 =     4.2721,    29.2290       
# span 5 =     4.2722,    29.2329       
# span 6 =   3.349215,   5.943736       
# span 7 =   3.349130,   5.944230       
# span 8 =     1.5884,     3.1530       
# span 9 =     1.2931,     2.6777       
# span 10 =      10.65,     102.19      
# span 11 =   26.90647,   27.25811      
# span 12 =  -90.72884,  -89.56011      
# span 13 =   -0.00860,    0.02672      
# span 14 =   -0.01088,    0.03204      
# span 15 =     2.5624,     4.7164      
# span 16 =     2.5885,     4.7504      
# span 17 =     4.0828,    29.2258      
# span 18 =     4.0837,    29.2298      
# span 19 =    34.9027,    36.8684      
# span 20 =    34.9018,    36.8728      
# span 21 =    22.8260,    27.7575      
# span 22 =    22.8250,    27.7559      
# span 23 =    1494.14,    1513.64      
# span 24 =    111.419,    204.945      
# span 25 =    112.556,    206.422      
# span 26 =         30,         62      
# span 27 = 0.0000e+00, 0.0000e+00      
# interval = decibars: 1                
# start_time = Sep 25 2021 07:16:47 [NMEA time, header]
# bad_flag = -9.990e-29
*END*
[from data line 52]
     106660   4444.140   1943.931   1966.000     4.2727     4.2733   3.362554   3.362461     1.8928     1.5751     100.00   27.01978  -89.98942    0.00007   -0.00000     4.6843     4.7148     4.1045     4.1051    34.9720    34.9703    27.7529    27.7515    1501.15    203.551    204.877         32 0.0000e+00
     106778   4449.046   1939.010   1961.000     4.2726     4.2731   3.362356   3.362266     1.8936     1.5762     100.00   27.01995  -89.98993    0.00013    0.00029     4.6843     4.7166     4.1050     4.1055    34.9721    34.9705    27.7530    27.7517    1501.16    203.550    204.956         30 0.0000e+00
     106809   4450.330   1938.026   1960.000     4.2726     4.2730   3.362295   3.362198     1.8933     1.5763      99.54   27.01980  -89.98942    0.00009    0.00015     4.6826     4.7165     4.1051     4.1055    34.9719    34.9703    27.7528    27.7515    1501.15    203.477    204.949         32 0.0000e+00
     106957   4456.508   1932.120   1954.000     4.2724     4.2729   3.362022   3.361937     1.8943     1.5775     100.00   27.01974  -89.98917    0.00013    0.00026     4.6829     4.7178     4.1054     4.1059    34.9717    34.9702    27.7526    27.7514    1501.15    203.489    205.008         32 0.0000e+00
     107078   4461.546   1927.198   1949.000     4.2729     4.2734   3.361887   3.361799     1.8950     1.5776     100.00   27.01998  -89.98990    0.00012    0.00001     4.6826     4.7150     4.1064     4.1069    34.9720    34.9705    27.7527    27.7515    1501.16    203.479    204.884         30 0.0000e+00
     107110   4462.860   1926.214   1948.000     4.2728     4.2732   3.361819   3.361719     1.8953     1.5776      85.49   27.01984  -89.98940    0.00014    0.00002     4.6832     4.7147     4.1064     4.1068    34.9717    34.9702    27.7525    27.7513    1501.15    203.504    204.872         33 0.0000e+00
     107261   4469.154   1920.308   1942.000     4.2729     4.2733   3.361570   3.361482     1.8959     1.5788     100.00   27.01978  -89.98914    0.00009    0.00017     4.6822     4.7162     4.1071     4.1075    34.9716    34.9701    27.7523    27.7511    1501.15    203.459    204.939         33 0.0000e+00
     107413   4475.495   1914.403   1936.000     4.2732     4.2738   3.361364   3.361279     1.8962     1.5798      86.15   27.01985  -89.98930   -0.00002    0.00028     4.6796     4.7167     4.1080     4.1086    34.9717    34.9701    27.7523    27.7510    1501.15    203.348    204.959         31 0.0000e+00
     107790   4491.221   1899.637   1921.000     4.2725     4.2730   3.360709   3.360624     1.8983     1.5813     100.00   27.02012  -89.99003    0.00009    0.00022     4.6787     4.7138     4.1088     4.1093    34.9718    34.9704    27.7524    27.7511    1501.16    203.310    204.835         30 0.0000e+00
     107942   4497.543   1893.730   1915.000     4.2721     4.2727   3.360411   3.360333     1.8992     1.5822     100.00   27.01995  -89.98939    0.00020    0.00024     4.6786     4.7144     4.1090     4.1097    34.9716    34.9701    27.7521    27.7508    1501.15    203.306    204.862         31 0.0000e+00
     108064   4502.606   1888.808   1910.000     4.2722     4.2727   3.360234   3.360154     1.9001     1.5823     100.00   27.02022  -89.99023    0.00009    0.00002     4.6794     4.7116     4.1096     4.1101    34.9719    34.9704    27.7523    27.7510    1501.16    203.338    204.737         30 0.0000e+00
     108094   4503.878   1887.823   1909.000     4.2721     4.2725   3.360168   3.360071     1.9001     1.5824     100.00   27.01996  -89.98936    0.00007    0.00011     4.6787     4.7115     4.1096     4.1100    34.9716    34.9700    27.7521    27.7508    1501.15    203.307    204.735         32 0.0000e+00
     108244   4510.122   1881.916   1903.000     4.2721     4.2722   3.359852   3.359745     1.9007     1.5832     100.00   27.01934  -89.98720    0.00012    0.00014     4.6774     4.7116     4.1102     4.1103    34.9708    34.9694    27.7513    27.7502    1501.11    203.253    204.737         34 0.0000e+00
     108470   4519.559   1879.947   1901.000     4.2725     4.2730   3.359865   3.359788     1.9013     1.5836      98.94   27.01998  -89.98924    0.00002    0.00001     4.6785     4.7117     4.1108     4.1112    34.9715    34.9701    27.7518    27.7507    1501.15    203.299    204.743         48 0.0000e+00
     108977   4540.652   1878.963   1900.000     4.2726     4.2732   3.359842   3.359761     1.9010     1.5837      77.62   27.02007  -89.98927   -0.00008   -0.00001     4.6768     4.7115     4.1110     4.1116    34.9716    34.9699    27.7519    27.7506    1501.15    203.224    204.736         36 0.0000e+00
     110416   4600.607   1848.440   1869.000     4.2738     4.2741   3.358649   3.358550     1.9052     1.5873      88.09   27.02013  -89.98885    0.00005    0.00031     4.6744     4.7077     4.1152     4.1155    34.9711    34.9696    27.7511    27.7498    1501.14    203.122    204.568         31 0.0000e+00
     110693   4612.176   1837.609   1858.000     4.2754     4.2759   3.358349   3.358255     1.9059     1.5883     100.00   27.02021  -89.98895    0.00012    0.00007     4.6704     4.7050     4.1178     4.1184    34.9711    34.9695    27.7508    27.7495    1501.15    202.947    204.452         30 0.0000e+00
     110848   4618.614   1831.701   1852.000     4.2758     4.2762   3.358119   3.358019     1.9068     1.5885     100.00   27.02010  -89.98855    0.00014    0.00014     4.6701     4.7025     4.1188     4.1193    34.9708    34.9692    27.7505    27.7492    1501.14    202.936    204.342         30 0.0000e+00
     110974   4623.875   1826.777   1847.000     4.2757     4.2761   3.357863   3.357778     1.9071     1.5896     100.00   27.01983  -89.98752    0.00006    0.00023     4.6685     4.7039     4.1192     4.1197    34.9703    34.9688    27.7500    27.7488    1501.12    202.864    204.402         33 0.0000e+00
     111101   4629.175   1821.853   1842.000     4.2758     4.2763   3.357731   3.357631     1.9077     1.5899     100.00   27.02037  -89.98931    0.00011    0.00006     4.6677     4.7023     4.1198     4.1203    34.9711    34.9694    27.7506    27.7492    1501.15    202.832    204.335         33 0.0000e+00
     111708   4654.476   1798.217   1818.000     4.2755     4.2759   3.356735   3.356644     1.9113     1.5924     100.00   27.02062  -89.98982    0.00014    0.00002     4.6674     4.6981     4.1219     4.1223    34.9712    34.9697    27.7504    27.7492    1501.16    202.818    204.153         34 0.0000e+00
     111830   4659.535   1793.293   1813.000     4.2760     4.2765   3.356591   3.356497     1.9119     1.5934     100.00   27.02074  -89.99015    0.00018    0.00024     4.6664     4.6992     4.1229     4.1233    34.9713    34.9698    27.7504    27.7492    1501.17    202.774    204.202         34 0.0000e+00
     111862   4660.858   1792.308   1812.000     4.2758     4.2762   3.356492   3.356388     1.9121     1.5933      76.14   27.02043  -89.98908    0.00020    0.00007     4.6666     4.6983     4.1228     4.1232    34.9708    34.9692    27.7501    27.7487    1501.15    202.784    204.159         30 0.0000e+00
     112106   4671.062   1782.459   1802.000     4.2780     4.2785   3.356281   3.356185     1.9130     1.5944     100.00   27.02046  -89.98904    0.00010    0.00003     4.6638     4.6965     4.1259     4.1264    34.9708    34.9692    27.7497    27.7484    1501.15    202.663    204.080         30 0.0000e+00
     112257   4677.314   1776.549   1796.000     4.2788     4.2792   3.356102   3.356004     1.9128     1.5945     100.00   27.02051  -89.98910   -0.00000   -0.00002     4.6595     4.6934     4.1273     4.1277    34.9707    34.9692    27.7495    27.7482    1501.15    202.474    203.947         30 0.0000e+00
     112409   4683.658   1770.638   1790.000     4.2798     4.2801   3.355909   3.355800     1.9132     1.5946     100.00   27.02023  -89.98806    0.00004    0.00004     4.6573     4.6901     4.1289     4.1291    34.9703    34.9688    27.7490    27.7477    1501.13    202.380    203.805         31 0.0000e+00
     113086   4711.864   1744.042   1763.000     4.2816     4.2821   3.354932   3.354845     1.9161     1.5974     100.00   27.02032  -89.98797    0.00008    0.00002     4.6520     4.6853     4.1333     4.1337    34.9699    34.9684    27.7482    27.7469    1501.13    202.147    203.594         31 0.0000e+00
     113212   4717.137   1739.115   1758.000     4.2825     4.2830   3.354810   3.354720     1.9169     1.5985     100.00   27.02035  -89.98801    0.00018    0.00026     4.6520     4.6865     4.1346     4.1351    34.9699    34.9684    27.7481    27.7468    1501.13    202.151    203.650         34 0.0000e+00
     113340   4722.452   1734.190   1753.000     4.2828     4.2834   3.354688   3.354609     1.9173     1.5988     100.00   27.02096  -89.99004    0.00007    0.00005     4.6505     4.6848     4.1354     4.1360    34.9707    34.9691    27.7486    27.7473    1501.17    202.082    203.575         34 0.0000e+00
     113494   4728.856   1728.279   1747.000     4.2835     4.2838   3.354434   3.354338     1.9176     1.5992     100.00   27.02045  -89.98821    0.00008    0.00002     4.6480     4.6829     4.1366     4.1369    34.9698    34.9684    27.7478    27.7466    1501.14    201.975    203.493         34 0.0000e+00
     113617   4734.010   1723.353   1742.000     4.2839     4.2843   3.354324   3.354236     1.9184     1.5997      82.54   27.02099  -89.98993    0.00017   -0.00003     4.6479     4.6815     4.1376     4.1380    34.9705    34.9690    27.7482    27.7470    1501.17    201.972    203.432         33 0.0000e+00
     113648   4735.280   1722.367   1741.000     4.2837     4.2841   3.354231   3.354147     1.9186     1.5995      90.44   27.02070  -89.98896    0.00009   -0.00010     4.6479     4.6804     4.1374     4.1379    34.9701    34.9686    27.7479    27.7467    1501.15    201.973    203.386         30 0.0000e+00
     113770   4740.389   1717.441   1736.000     4.2859     4.2862   3.354255   3.354158     1.9193     1.6003     100.00   27.02116  -89.99040    0.00016    0.00025     4.6476     4.6801     4.1401     4.1404    34.9705    34.9691    27.7479    27.7468    1501.17    201.957    203.371         34 0.0000e+00
     113803   4741.737   1716.455   1735.000     4.2854     4.2859   3.354135   3.354044     1.9191     1.6004     100.00   27.02072  -89.98894    0.00007    0.00019     4.6463     4.6802     4.1397     4.1402    34.9700    34.9685    27.7476    27.7463    1501.15    201.901    203.373         31 0.0000e+00
     113923   4746.760   1711.529   1730.000     4.2868     4.2872   3.353972   3.353891     1.9193     1.6001      86.94   27.02008  -89.98676   -0.00002   -0.00005     4.6440     4.6760     4.1415     4.1420    34.9691    34.9677    27.7467    27.7455    1501.11    201.801    203.192         43 0.0000e+00
     114051   4752.087   1706.603   1725.000     4.2888     4.2892   3.354069   3.353973     1.9195     1.6008     100.00   27.02125  -89.99056   -0.00001    0.00006     4.6412     4.6752     4.1441     4.1444    34.9705    34.9690    27.7475    27.7463    1501.18    201.681    203.159         39 0.0000e+00
     114086   4753.521   1705.618   1724.000     4.2882     4.2895   3.353925   3.353894     1.9194     1.6009     100.00   27.02076  -89.98893   -0.00003    0.00013     4.6405     4.6751     4.1436     4.1449    34.9699    34.9682    27.7471    27.7456    1501.15    201.649    203.152         30 0.0000e+00
     114204   4758.442   1700.691   1719.000     4.2900     4.2904   3.353878   3.353775     1.9196     1.6017      99.93   27.02092  -89.98942   -0.00002    0.00013     4.6380     4.6754     4.1458     4.1461    34.9699    34.9683    27.7469    27.7456    1501.16    201.540    203.166         35 0.0000e+00
     114357   4764.836   1694.779   1713.000     4.2927     4.2927   3.353825   3.353704     1.9204     1.6019      65.47   27.02069  -89.98856    0.00013    0.00012     4.6371     4.6721     4.1490     4.1491    34.9693    34.9679    27.7461    27.7449    1501.14    201.501    203.021         30 0.0000e+00
     114983   4790.922   1683.939   1702.000     4.2972     4.2981   3.353902   3.353841     1.9201     1.6021      97.33   27.02202  -89.99265   -0.00005   -0.00000     4.6285     4.6655     4.1546     4.1554    34.9708    34.9692    27.7466    27.7453    1501.21    201.126    202.735         33 0.0000e+00
     115099   4795.762   1682.954   1701.000     4.2973     4.2982   3.353741   3.353691     1.9198     1.6020     100.11   27.02089  -89.98883 5.2489e-07   -0.00001     4.6268     4.6646     4.1547     4.1556    34.9693    34.9678    27.7454    27.7441    1501.15    201.055    202.696         52 0.0000e+00
     115504   4812.621   1681.968   1700.000     4.2975     4.2980   3.353717   3.353640     1.9196     1.6020     100.00   27.02096  -89.98881    0.00003   -0.00000     4.6256     4.6640     4.1550     4.1556    34.9693    34.9678    27.7454    27.7442    1501.15    201.001    202.669         42 0.0000e+00
     116774   4865.537   1664.230   1682.000     4.2988     4.2992   3.353114   3.353021     1.9229     1.6039     100.00   27.02148  -89.98983    0.00018    0.00004     4.6272     4.6611     4.1580     4.1585    34.9695    34.9680    27.7453    27.7440    1501.17    201.073    202.546         32 0.0000e+00
     116896   4870.632   1659.303   1677.000     4.3001     4.3002   3.353014   3.352901     1.9232     1.6044     100.00   27.02156  -89.99002    0.00003    0.00015     4.6251     4.6600     4.1598     4.1599    34.9694    34.9680    27.7450    27.7439    1501.17    200.979    202.496         30 0.0000e+00
     116926   4871.854   1658.317   1676.000     4.3001     4.3000   3.352932   3.352802     1.9233     1.6047     100.00   27.02118  -89.98874   -0.00000    0.00005     4.6248     4.6605     4.1599     4.1598    34.9689    34.9675    27.7446    27.7435    1501.15    200.970    202.518         31 0.0000e+00
     117046   4876.874   1653.389   1671.000     4.3012     4.3015   3.352808   3.352707     1.9237     1.6053     100.00   27.02108  -89.98834    0.00007    0.00007     4.6235     4.6599     4.1614     4.1618    34.9687    34.9672    27.7443    27.7430    1501.14    200.913    202.494         30 0.0000e+00
     117525   4896.823   1634.662   1652.000     4.3052     4.3055   3.352425   3.352322     1.9257     1.6065      99.77   27.02179  -89.99044    0.00014   -0.00002     4.6190     4.6529     4.1672     4.1675    34.9692    34.9677    27.7440    27.7428    1501.18    200.718    202.190         32 0.0000e+00
     117673   4903.019   1628.748   1646.000     4.3072     4.3077   3.352258   3.352158     1.9256     1.6069      71.90   27.02094  -89.98752   -0.00004    0.00006     4.6150     4.6507     4.1698     4.1702    34.9680    34.9664    27.7428    27.7415    1501.13    200.541    202.093         39 0.0000e+00
     117798   4908.209   1623.820   1641.000     4.3093     4.3095   3.352361   3.352264     1.9257     1.6069     100.00   27.02233  -89.99213    0.00001   -0.00006     4.6118     4.6474     4.1723     4.1726    34.9695    34.9681    27.7438    27.7426    1501.21    200.405    201.949         34 0.0000e+00
     117829   4909.521   1622.834   1640.000     4.3087     4.3094   3.352170   3.352103     1.9255     1.6070     100.00   27.02132  -89.98868   -0.00008    0.00004     4.6107     4.6470     4.1719     4.1725    34.9683    34.9669    27.7428    27.7416    1501.15    200.356    201.934         35 0.0000e+00
     117949   4914.517   1617.905   1635.000     4.3098     4.3101   3.352082   3.351975     1.9261     1.6071      96.55   27.02153  -89.98937    0.00016    0.00011     4.6100     4.6444     4.1734     4.1737    34.9686    34.9670    27.7428    27.7415    1501.16    200.327    201.822         32 0.0000e+00
