Gulf of Mexico/GOMECC-4/1db/urb2103_1191.cnv
* Sea-Bird SBE 9 Data File:
* FileName = C:\Users\scs.user.rb\CTD\GOMECC4\data\rb2103_1191.hex
* Software Version Seasave V 7.26.7.107
* Temperature SN = 4799
* Conductivity SN = 3860
* Number of Bytes Per Scan = 41
* Number of Voltage Words = 4
* Number of Scans Averaged by the Deck Unit = 1
* NMEA Latitude = 21 39.90 N
* NMEA Longitude = 085 58.80 W
* NMEA UTC (Time) = Oct 16 2021  05:31:44
* NMEA baud rate = 4800
# nquan = 28
# nvalues = 432                         
# units = specified
# name 0 = scan: Scan Count
# name 1 = timeS: Time, Elapsed [seconds]
# name 2 = depSM: Depth [salt water, m]
# name 3 = prDM: Pressure, Digiquartz [db]
# name 4 = t090C: Temperature [ITS-90, deg C]
# name 5 = t190C: Temperature, 2 [ITS-90, deg C]
# name 6 = c0S/m: Conductivity [S/m]
# name 7 = c1S/m: Conductivity, 2 [S/m]
# name 8 = sbeox0V: Oxygen raw, SBE 43 [V]
# name 9 = sbeox1V: Oxygen raw, SBE 43, 2 [V]
# name 10 = altM: Altimeter [m]
# name 11 = latitude: Latitude [deg]
# name 12 = longitude: Longitude [deg]
# name 13 = sbox0dV/dT: Oxygen, SBE 43 [dov/dt]
# name 14 = sbox1dV/dT: Oxygen, SBE 43, 2 [dov/dt]
# name 15 = sbeox0ML/L: Oxygen, SBE 43 [ml/l], WS = 5
# name 16 = sbeox1ML/L: Oxygen, SBE 43, 2 [ml/l], WS = 5
# name 17 = potemp090C: Potential Temperature [ITS-90, deg C]
# name 18 = potemp190C: Potential Temperature, 2 [ITS-90, deg C]
# name 19 = sal00: Salinity, Practical [PSU]
# name 20 = sal11: Salinity, Practical, 2 [PSU]
# name 21 = sigma-é00: Density [sigma-theta, kg/m^3]
# name 22 = sigma-é11: Density, 2 [sigma-theta, kg/m^3]
# name 23 = avgsvCM: Average Sound Velocity [Chen-Millero, m/s], minP = 20, minS = 20
# name 24 = sbox0Mm/Kg: Oxygen, SBE 43 [umol/kg], WS = 5
# name 25 = sbox1Mm/Kg: Oxygen, SBE 43, 2 [umol/kg], WS = 5
# name 26 = nbin: number of scans per bin
# name 27 = flag: flag
# span 0 =      63466,     147189       
# span 1 =   2644.375,   6132.813       
# span 2 =      0.994,   1858.973       
# span 3 =      1.000,   1879.000       
# span 4 =     4.2768,    30.1593       
# span 5 =     4.2775,    30.1586       
# span 6 =   3.349645,   6.041090       
# span 7 =   3.349642,   6.041261       
# span 8 =     1.6251,     3.1930       
# span 9 =     1.3222,     2.6912       
# span 10 =      14.49,     100.86      
# span 11 =   21.65005,   21.89387      
# span 12 =  -86.79126,  -85.82283      
# span 13 =   -0.00198,    0.01599      
# span 14 =   -0.00200,    0.01220      
# span 15 =     2.6972,     4.8206      
# span 16 =     2.7058,     4.8303      
# span 17 =     4.1188,    30.1551      
# span 18 =     4.1194,    30.1544      
# span 19 =    34.8772,    36.9927      
# span 20 =    34.8779,    36.9946      
# span 21 =    22.5087,    27.7539      
# span 22 =    22.5043,    27.7531      
# span 23 =    1498.91,    1515.83      
# span 24 =    117.285,    209.476      
# span 25 =    117.658,    209.895      
# span 26 =         30,         70      
# span 27 = 0.0000e+00, 0.0000e+00      
# interval = decibars: 1                
# start_time = Oct 16 2021 05:31:44 [NMEA time, header]
# bad_flag = -9.990e-29
*END*
[from data line 104]
      67434   2809.711   1753.555   1772.000     4.2903     4.2909   3.356325   3.356308     1.9427     1.6161     100.00   21.67795  -85.98422    0.00004    0.00017     4.7598     4.7681     4.1409     4.1415    34.9728    34.9720    27.7497    27.7489    1501.83    206.832    207.195         33 0.0000e+00
      67467   2811.090   1752.570   1771.000     4.2903     4.2909   3.356291   3.356259     1.9427     1.6161     100.00   21.67794  -85.98421    0.00004   -0.00008     4.7590     4.7677     4.1411     4.1417    34.9728    34.9718    27.7497    27.7488    1501.83    206.798    207.177         33 0.0000e+00
      67499   2812.437   1751.584   1770.000     4.2903     4.2909   3.356249   3.356223     1.9430     1.6164     100.00   21.67793  -85.98420    0.00006    0.00001     4.7595     4.7684     4.1411     4.1418    34.9729    34.9719    27.7497    27.7489    1501.83    206.819    207.206         33 0.0000e+00
      67534   2813.866   1750.599   1769.000     4.2903     4.2909   3.356210   3.356180     1.9431     1.6166     100.00   21.67792  -85.98420    0.00011    0.00019     4.7596     4.7684     4.1413     4.1418    34.9729    34.9719    27.7497    27.7489    1501.83    206.825    207.208         35 0.0000e+00
      67567   2815.261   1749.613   1768.000     4.2904     4.2911   3.356169   3.356152     1.9431     1.6166     100.00   21.67790  -85.98420    0.00012    0.00010     4.7587     4.7678     4.1414     4.1421    34.9728    34.9719    27.7496    27.7488    1501.83    206.783    207.180         32 0.0000e+00
      67600   2816.611   1748.628   1767.000     4.2905     4.2911   3.356141   3.356107     1.9431     1.6167     100.00   21.67790  -85.98420    0.00005    0.00003     4.7584     4.7676     4.1416     4.1422    34.9728    34.9718    27.7496    27.7488    1501.83    206.770    207.173         33 0.0000e+00
      67634   2818.042   1747.642   1766.000     4.2907     4.2911   3.356112   3.356069     1.9434     1.6167     100.00   21.67789  -85.98420    0.00006    0.00003     4.7588     4.7670     4.1419     4.1423    34.9727    34.9718    27.7495    27.7487    1501.83    206.788    207.146         34 0.0000e+00
      67667   2819.400   1746.657   1765.000     4.2906     4.2914   3.356068   3.356045     1.9438     1.6166     100.00   21.67788  -85.98420    0.00018    0.00001     4.7595     4.7659     4.1419     4.1427    34.9728    34.9717    27.7496    27.7487    1501.83    206.819    207.098         32 0.0000e+00
      67698   2820.726   1745.671   1764.000     4.2907     4.2914   3.356029   3.356011     1.9438     1.6166     100.00   21.67787  -85.98418    0.00017   -0.00003     4.7589     4.7653     4.1421     4.1428    34.9727    34.9718    27.7495    27.7487    1501.83    206.793    207.071         33 0.0000e+00
      67734   2822.207   1744.686   1763.000     4.2908     4.2913   3.355990   3.355964     1.9438     1.6166     100.00   21.67786  -85.98418    0.00007   -0.00003     4.7584     4.7647     4.1423     4.1428    34.9727    34.9718    27.7494    27.7487    1501.83    206.772    207.045         37 0.0000e+00
      67768   2823.646   1743.700   1762.000     4.2908     4.2914   3.355954   3.355929     1.9439     1.6167      93.95   21.67785  -85.98418    0.00004    0.00001     4.7583     4.7643     4.1424     4.1430    34.9727    34.9718    27.7495    27.7487    1501.83    206.767    207.030         31 0.0000e+00
      67798   2824.891   1742.715   1761.000     4.2907     4.2913   3.355909   3.355875     1.9441     1.6171      99.98   21.67784  -85.98418    0.00006    0.00010     4.7582     4.7655     4.1424     4.1430    34.9727    34.9717    27.7495    27.7486    1501.83    206.762    207.081         30 0.0000e+00
      67830   2826.194   1741.729   1760.000     4.2906     4.2911   3.355847   3.355820     1.9440     1.6174     100.00   21.67784  -85.98416    0.00007    0.00023     4.7573     4.7662     4.1424     4.1429    34.9726    34.9718    27.7494    27.7487    1501.83    206.725    207.112         34 0.0000e+00
      67866   2827.700   1740.744   1759.000     4.2906     4.2910   3.355808   3.355774     1.9441     1.6175     100.00   21.67782  -85.98416    0.00003    0.00022     4.7572     4.7659     4.1426     4.1429    34.9726    34.9718    27.7494    27.7487    1501.83    206.719    207.099         37 0.0000e+00
      67902   2829.207   1739.758   1758.000     4.2905     4.2911   3.355756   3.355746     1.9442     1.6173      82.08   21.67782  -85.98416    0.00003    0.00006     4.7569     4.7647     4.1425     4.1431    34.9726    34.9718    27.7494    27.7487    1501.83    206.710    207.047         34 0.0000e+00
      67935   2830.591   1738.773   1757.000     4.2904     4.2911   3.355715   3.355698     1.9444     1.6175      97.84   21.67780  -85.98416    0.00008   -0.00005     4.7569     4.7648     4.1425     4.1432    34.9727    34.9718    27.7494    27.7487    1501.83    206.707    207.049         32 0.0000e+00
      67967   2831.933   1737.787   1756.000     4.2903     4.2910   3.355667   3.355647     1.9447     1.6176      99.99   21.67780  -85.98415    0.00013    0.00005     4.7574     4.7648     4.1425     4.1432    34.9727    34.9718    27.7495    27.7486    1501.83    206.731    207.051         32 0.0000e+00
      68000   2833.280   1736.802   1755.000     4.2903     4.2910   3.355621   3.355602     1.9448     1.6177     100.00   21.67780  -85.98414    0.00017    0.00011     4.7573     4.7645     4.1426     4.1433    34.9727    34.9718    27.7494    27.7486    1501.83    206.725    207.038         32 0.0000e+00
      68032   2834.618   1735.816   1754.000     4.2903     4.2909   3.355583   3.355559     1.9449     1.6178      92.19   21.67778  -85.98414    0.00012    0.00006     4.7572     4.7642     4.1427     4.1433    34.9727    34.9718    27.7494    27.7486    1501.83    206.718    207.025         33 0.0000e+00
      68067   2836.096   1734.831   1753.000     4.2903     4.2908   3.355537   3.355508     1.9447     1.6178      79.85   21.67778  -85.98414    0.00000    0.00004     4.7560     4.7635     4.1428     4.1433    34.9726    34.9718    27.7493    27.7486    1501.83    206.667    206.993         37 0.0000e+00
      68101   2837.504   1733.845   1752.000     4.2904     4.2912   3.355503   3.355492     1.9450     1.6177     100.06   21.67777  -85.98414   -0.00001   -0.00002     4.7564     4.7626     4.1430     4.1438    34.9726    34.9717    27.7493    27.7485    1501.83    206.685    206.956         31 0.0000e+00
      68132   2838.773   1732.859   1751.000     4.2906     4.2913   3.355478   3.355466     1.9451     1.6178     100.00   21.67776  -85.98413    0.00008   -0.00002     4.7559     4.7621     4.1433     4.1440    34.9726    34.9717    27.7493    27.7485    1501.83    206.663    206.935         31 0.0000e+00
      68165   2840.179   1731.874   1750.000     4.2908     4.2914   3.355467   3.355437     1.9451     1.6177     100.00   21.67776  -85.98412    0.00009 7.4959e-07     4.7555     4.7612     4.1436     4.1442    34.9727    34.9717    27.7494    27.7485    1501.83    206.648    206.896         36 0.0000e+00
      68201   2841.683   1730.888   1749.000     4.2908     4.2918   3.355416   3.355418     1.9452     1.6178     100.00   21.67776  -85.98412    0.00006   -0.00001     4.7551     4.7609     4.1437     4.1446    34.9726    34.9717    27.7492    27.7484    1501.83    206.627    206.880         35 0.0000e+00
      68235   2843.080   1729.903   1748.000     4.2910     4.2918   3.355392   3.355384     1.9453     1.6180     100.00   21.67775  -85.98412    0.00003    0.00003     4.7548     4.7611     4.1440     4.1448    34.9726    34.9717    27.7492    27.7484    1501.83    206.617    206.890         33 0.0000e+00
      68269   2844.488   1728.917   1747.000     4.2910     4.2917   3.355348   3.355334     1.9455     1.6180     100.00   21.67774  -85.98412    0.00009    0.00013     4.7552     4.7607     4.1441     4.1448    34.9726    34.9717    27.7492    27.7484    1501.83    206.634    206.873         34 0.0000e+00
      68302   2845.888   1727.931   1746.000     4.2914     4.2923   3.355333   3.355334     1.9460     1.6185     100.00   21.67774  -85.98412    0.00023    0.00015     4.7564     4.7621     4.1445     4.1455    34.9725    34.9715    27.7491    27.7482    1501.83    206.684    206.933         32 0.0000e+00
      68332   2847.138   1726.946   1745.000     4.2918     4.2928   3.355323   3.355336     1.9459     1.6186     100.00   21.67772  -85.98412    0.00018    0.00018     4.7555     4.7619     4.1450     4.1461    34.9725    34.9715    27.7490    27.7481    1501.83    206.645    206.926         30 0.0000e+00
      68364   2848.458   1725.960   1744.000     4.2923     4.2928   3.355327   3.355289     1.9463     1.6185     100.00   21.67772  -85.98412    0.00015    0.00013     4.7560     4.7608     4.1456     4.1461    34.9724    34.9715    27.7489    27.7481    1501.83    206.668    206.878         35 0.0000e+00
      68403   2850.075   1724.975   1743.000     4.2923     4.2927   3.355284   3.355246     1.9461     1.6181     100.00   21.67772  -85.98411    0.00009   -0.00010     4.7549     4.7586     4.1457     4.1461    34.9724    34.9716    27.7489    27.7482    1501.83    206.623    206.781         39 0.0000e+00
      68466   2852.705   1723.004   1741.000     4.2925     4.2931   3.355233   3.355220     1.9460     1.6180     100.00   21.67785  -85.98464   -0.00006   -0.00012     4.7531     4.7566     4.1462     4.1467    34.9725    34.9717    27.7489    27.7482    1501.84    206.541    206.694         30 0.0000e+00
      68496   2853.958   1722.018   1740.000     4.2925     4.2930   3.355171   3.355144     1.9458     1.6182     100.00   21.67770  -85.98410   -0.00010   -0.00003     4.7518     4.7571     4.1462     4.1467    34.9723    34.9714    27.7487    27.7480    1501.83    206.487    206.717         32 0.0000e+00
      68531   2855.411   1721.032   1739.000     4.2927     4.2930   3.355145   3.355110     1.9454     1.6184     100.00   21.67770  -85.98409   -0.00013    0.00010     4.7495     4.7571     4.1465     4.1469    34.9723    34.9715    27.7487    27.7480    1501.83    206.387    206.716         36 0.0000e+00
      68566   2856.881   1720.047   1738.000     4.2926     4.2934   3.355101   3.355095     1.9453     1.6181     100.00   21.67769  -85.98408   -0.00018    0.00007     4.7487     4.7554     4.1465     4.1473    34.9723    34.9714    27.7487    27.7479    1501.83    206.351    206.644         35 0.0000e+00
      68600   2858.274   1719.061   1737.000     4.2928     4.2934   3.355067   3.355060     1.9452     1.6178     100.00   21.67768  -85.98408   -0.00014   -0.00016     4.7477     4.7535     4.1468     4.1474    34.9722    34.9715    27.7486    27.7480    1501.83    206.309    206.560         32 0.0000e+00
      68631   2859.579   1718.075   1736.000     4.2930     4.2935   3.355054   3.355020     1.9453     1.6178     100.00   21.67768  -85.98408   -0.00002   -0.00016     4.7473     4.7528     4.1471     4.1476    34.9723    34.9714    27.7487    27.7479    1501.83    206.288    206.529         30 0.0000e+00
      68661   2860.835   1717.090   1735.000     4.2931     4.2935   3.355013   3.354984     1.9453     1.6179     100.00   21.67768  -85.98408   -0.00001   -0.00006     4.7468     4.7526     4.1473     4.1477    34.9723    34.9714    27.7486    27.7479    1501.83    206.267    206.522         31 0.0000e+00
      68693   2862.186   1716.104   1734.000     4.2930     4.2935   3.354976   3.354940     1.9453     1.6183     100.00   21.67768  -85.98408    0.00004    0.00007     4.7461     4.7534     4.1473     4.1478    34.9723    34.9714    27.7486    27.7478    1501.83    206.237    206.557         34 0.0000e+00
      68729   2863.654   1715.119   1733.000     4.2931     4.2935   3.354932   3.354894     1.9454     1.6186      92.72   21.67767  -85.98408    0.00002    0.00022     4.7457     4.7544     4.1475     4.1479    34.9722    34.9714    27.7485    27.7478    1501.83    206.219    206.598         36 0.0000e+00
      68762   2865.060   1714.133   1732.000     4.2929     4.2936   3.354876   3.354863     1.9454     1.6190      84.74   21.67766  -85.98407    0.00001    0.00030     4.7453     4.7552     4.1474     4.1480    34.9723    34.9714    27.7486    27.7478    1501.83    206.204    206.632         32 0.0000e+00
      68794   2866.359   1713.147   1731.000     4.2929     4.2935   3.354837   3.354814     1.9459     1.6190     100.06   21.67766  -85.98406    0.00011    0.00020     4.7465     4.7547     4.1475     4.1480    34.9723    34.9714    27.7486    27.7479    1501.83    206.257    206.612         30 0.0000e+00
      68855   2868.898   1711.176   1729.000     4.2931     4.2937   3.354797   3.354775     1.9461     1.6191     100.00   21.67782  -85.98475    0.00016    0.00001     4.7460     4.7538     4.1479     4.1484    34.9726    34.9717    27.7488    27.7480    1501.84    206.234    206.573         33 0.0000e+00
      68888   2870.294   1710.190   1728.000     4.2931     4.2936   3.354726   3.354709     1.9464     1.6193     100.00   21.67764  -85.98406    0.00013    0.00008     4.7464     4.7540     4.1479     4.1485    34.9723    34.9715    27.7485    27.7478    1501.83    206.253    206.583         36 0.0000e+00
      68923   2871.735   1709.205   1727.000     4.2931     4.2939   3.354694   3.354685     1.9465     1.6193     100.00   21.67764  -85.98404    0.00018    0.00009     4.7465     4.7535     4.1480     4.1488    34.9724    34.9714    27.7486    27.7477    1501.83    206.254    206.562         32 0.0000e+00
      68984   2874.295   1707.233   1725.000     4.2932     4.2937   3.354640   3.354618     1.9470     1.6199     100.00   21.67782  -85.98476    0.00016    0.00018     4.7470     4.7546     4.1484     4.1489    34.9726    34.9717    27.7487    27.7480    1501.84    206.277    206.607         32 0.0000e+00
      69017   2875.651   1706.248   1724.000     4.2932     4.2936   3.354565   3.354538     1.9470     1.6202     100.00   21.67764  -85.98404    0.00014    0.00018     4.7464     4.7553     4.1485     4.1489    34.9721    34.9714    27.7483    27.7477    1501.83    206.250    206.640         35 0.0000e+00
      69051   2877.094   1705.262   1723.000     4.2930     4.2937   3.354514   3.354494     1.9470     1.6203     100.00   21.67763  -85.98404    0.00004    0.00011     4.7457     4.7552     4.1484     4.1490    34.9722    34.9713    27.7484    27.7476    1501.83    206.219    206.633         33 0.0000e+00
      69082   2878.381   1704.276   1722.000     4.2931     4.2937   3.354475   3.354452     1.9471     1.6203     100.00   21.67762  -85.98404    0.00003    0.00012     4.7458     4.7548     4.1485     4.1491    34.9722    34.9713    27.7484    27.7476    1501.83    206.223    206.614         30 0.0000e+00
      69112   2879.634   1703.290   1721.000     4.2930     4.2937   3.354417   3.354405     1.9472     1.6203     100.00   21.67762  -85.98404    0.00007    0.00004     4.7453     4.7538     4.1485     4.1492    34.9721    34.9712    27.7483    27.7476    1501.83    206.204    206.573         30 0.0000e+00
      69144   2880.958   1702.305   1720.000     4.2931     4.2934   3.354386   3.354351     1.9475     1.6202     100.00   21.67762  -85.98403    0.00013   -0.00003     4.7459     4.7529     4.1487     4.1491    34.9721    34.9713    27.7483    27.7477    1501.83    206.231    206.533         33 0.0000e+00
      69178   2882.366   1701.319   1719.000     4.2930     4.2934   3.354333   3.354311     1.9474     1.6204      86.04   21.67762  -85.98402    0.00010   -0.00003     4.7450     4.7532     4.1487     4.1492    34.9721    34.9713    27.7483    27.7477    1501.83    206.193    206.547         34 0.0000e+00
