Gulf of Mexico/GOMECC-4/1db/urb2103_1061.cnv
* Sea-Bird SBE 9 Data File:
* FileName = C:\Users\scs.user.rb\CTD\GOMECC4\data\rb2103_1061.hex
* Software Version Seasave V 7.26.7.107
* Temperature SN = 4799
* Conductivity SN = 3860
* Number of Bytes Per Scan = 41
* Number of Voltage Words = 4
* Number of Scans Averaged by the Deck Unit = 1
* NMEA Latitude = 26 00.02 N
* NMEA Longitude = 088 00.00 W
* NMEA UTC (Time) = Oct 13 2021  21:11:53
* NMEA baud rate = 4800
# nquan = 28
# nvalues = 795                         
# units = specified
# name 0 = scan: Scan Count
# name 1 = timeS: Time, Elapsed [seconds]
# name 2 = depSM: Depth [salt water, m]
# name 3 = prDM: Pressure, Digiquartz [db]
# name 4 = t090C: Temperature [ITS-90, deg C]
# name 5 = t190C: Temperature, 2 [ITS-90, deg C]
# name 6 = c0S/m: Conductivity [S/m]
# name 7 = c1S/m: Conductivity, 2 [S/m]
# name 8 = sbeox0V: Oxygen raw, SBE 43 [V]
# name 9 = sbeox1V: Oxygen raw, SBE 43, 2 [V]
# name 10 = altM: Altimeter [m]
# name 11 = latitude: Latitude [deg]
# name 12 = longitude: Longitude [deg]
# name 13 = sbox0dV/dT: Oxygen, SBE 43 [dov/dt]
# name 14 = sbox1dV/dT: Oxygen, SBE 43, 2 [dov/dt]
# name 15 = sbeox0ML/L: Oxygen, SBE 43 [ml/l], WS = 5
# name 16 = sbeox1ML/L: Oxygen, SBE 43, 2 [ml/l], WS = 5
# name 17 = potemp090C: Potential Temperature [ITS-90, deg C]
# name 18 = potemp190C: Potential Temperature, 2 [ITS-90, deg C]
# name 19 = sal00: Salinity, Practical [PSU]
# name 20 = sal11: Salinity, Practical, 2 [PSU]
# name 21 = sigma-é00: Density [sigma-theta, kg/m^3]
# name 22 = sigma-é11: Density, 2 [sigma-theta, kg/m^3]
# name 23 = avgsvCM: Average Sound Velocity [Chen-Millero, m/s], minP = 20, minS = 20
# name 24 = sbox0Mm/Kg: Oxygen, SBE 43 [umol/kg], WS = 5
# name 25 = sbox1Mm/Kg: Oxygen, SBE 43, 2 [umol/kg], WS = 5
# name 26 = nbin: number of scans per bin
# name 27 = flag: flag
# span 0 =      99528,     247079       
# span 1 =   4146.948,  10294.928       
# span 2 =      0.993,   3015.255       
# span 3 =      1.000,   3057.000       
# span 4 =     4.2991,    30.2009       
# span 5 =     4.3000,    30.2009       
# span 6 =   3.354733,   6.102674       
# span 7 =   3.354687,   6.102775       
# span 8 =     1.5775,     3.2291       
# span 9 =     1.2752,     2.7314       
# span 10 =      10.62,     106.20      
# span 11 =   25.60159,   26.51751      
# span 12 =  -89.74020,  -86.64218      
# span 13 =   -0.00313,    0.00988      
# span 14 =   -0.00219,    0.00973      
# span 15 =     2.4762,     4.7008      
# span 16 =     2.4841,     4.6989      
# span 17 =     4.0797,    30.2004      
# span 18 =     4.0806,    30.2004      
# span 19 =    34.9033,    37.0130      
# span 20 =    34.9020,    37.0136      
# span 21 =    22.4729,    27.7598      
# span 22 =    22.4747,    27.7586      
# span 23 =    1483.00,    1536.03      
# span 24 =    107.667,    204.266      
# span 25 =    108.008,    204.185      
# span 26 =         30,         74      
# span 27 = 0.0000e+00, 0.0000e+00      
# interval = decibars: 1                
# start_time = Oct 13 2021 21:11:53 [NMEA time, header]
# bad_flag = -9.990e-29
*END*
[from data line 259]
     154973   6457.163   1575.634   1592.000     4.3656     4.3665   3.355085   3.355043     1.9134     1.5882     100.00   26.00086  -88.00058    0.00017    0.00012     4.5287     4.5336     4.2326     4.2335    34.9659    34.9645    27.7344    27.7332    1506.27    196.792    197.005         32 0.0000e+00
     155063   6460.923   1572.676   1589.000     4.3676     4.3685   3.355194   3.355140     1.9138     1.5884     100.00   26.00131  -88.00209    0.00012    0.00007     4.5282     4.5324     4.2349     4.2357    34.9665    34.9650    27.7347    27.7334    1506.30    196.770    196.954         32 0.0000e+00
     155093   6462.185   1571.690   1588.000     4.3680     4.3690   3.355132   3.355091     1.9141     1.5881      97.55   26.00086  -88.00058    0.00011    0.00001     4.5287     4.5305     4.2354     4.2363    34.9659    34.9643    27.7340    27.7327    1506.27    196.795    196.872         33 0.0000e+00
     155199   6466.590   1567.745   1584.000     4.3696     4.3706   3.355123   3.355080     1.9144     1.5885     100.00   26.00097  -88.00095    0.00005    0.00015     4.5273     4.5296     4.2374     4.2383    34.9660    34.9645    27.7339    27.7326    1506.28    196.733    196.833         30 0.0000e+00
     155333   6472.149   1562.815   1579.000     4.3703     4.3712   3.354907   3.354875     1.9144     1.5885     100.00   26.00054  -87.99949   -0.00002    0.00001     4.5245     4.5265     4.2385     4.2394    34.9652    34.9638    27.7332    27.7320    1506.25    196.609    196.699         30 0.0000e+00
     155691   6487.069   1549.010   1565.000     4.3749     4.3761   3.354785   3.354764     1.9160     1.5897     100.00   26.00105  -88.00124    0.00009    0.00003     4.5214     4.5225     4.2444     4.2456    34.9657    34.9642    27.7330    27.7317    1506.28    196.478    196.525         30 0.0000e+00
     156404   6516.804   1521.397   1537.000     4.3885     4.3894   3.354733   3.354687     1.9161     1.5903     100.00   26.00074  -88.00018   -0.00012   -0.00015     4.5040     4.5072     4.2604     4.2614    34.9645    34.9629    27.7302    27.7289    1506.26    195.721    195.859         33 0.0000e+00
     156762   6531.714   1507.589   1523.000     4.3955     4.3966   3.354765   3.354725     1.9159     1.5902     100.00   26.00082  -88.00037   -0.00004   -0.00011     4.4939     4.4976     4.2687     4.2697    34.9642    34.9627    27.7292    27.7278    1506.27    195.281    195.443         32 0.0000e+00
     157326   6555.225   1485.889   1501.000     4.4137     4.4146   3.355414   3.355377     1.9145     1.5885     100.00   26.00101  -88.00108   -0.00020   -0.00034     4.4738     4.4756     4.2887     4.2896    34.9635    34.9621    27.7264    27.7252    1506.28    194.408    194.487         36 0.0000e+00
     157452   6560.455   1480.956   1496.000     4.4134     4.4144   3.355130   3.355102     1.9149     1.5892     100.00   26.00060  -87.99970    0.00011    0.00014     4.4724     4.4757     4.2889     4.2899    34.9629    34.9615    27.7259    27.7247    1506.25    194.349    194.491         32 0.0000e+00
     157581   6565.815   1476.024   1491.000     4.4132     4.4142   3.354926   3.354893     1.9153     1.5906      81.69   26.00079  -88.00031 6.8930e-07    0.00022     4.4708     4.4783     4.2892     4.2902    34.9631    34.9617    27.7261    27.7248    1506.27    194.281    194.608         31 0.0000e+00
     157709   6571.180   1471.092   1486.000     4.4150     4.4159   3.354839   3.354795     1.9162     1.5910     100.00   26.00050  -87.99935    0.00014    0.00012     4.4710     4.4768     4.2914     4.2923    34.9627    34.9612    27.7255    27.7242    1506.25    194.287    194.539         34 0.0000e+00
     157837   6576.485   1466.159   1481.000     4.4210     4.4221   3.355194   3.355172     1.9167     1.5908      90.82   26.00096  -88.00091    0.00019   -0.00003     4.4695     4.4724     4.2979     4.2989    34.9630    34.9616    27.7250    27.7238    1506.28    194.221    194.349         35 0.0000e+00
     158146   6589.356   1454.321   1469.000     4.4371     4.4381   3.356072   3.356036     1.9142     1.5886      97.23   26.00093  -88.00088   -0.00010   -0.00027     4.4511     4.4544     4.3149     4.3159    34.9622    34.9607    27.7225    27.7213    1506.28    193.425    193.568         31 0.0000e+00
     158272   6594.630   1449.388   1464.000     4.4381     4.4391   3.355972   3.355920     1.9140     1.5885     100.00   26.00102  -88.00120    0.00005   -0.00001     4.4474     4.4509     4.3164     4.3174    34.9624    34.9607    27.7225    27.7211    1506.28    193.263    193.417         31 0.0000e+00
     158734   6613.893   1431.629   1446.000     4.4594     4.4599   3.357063   3.356975     1.9126     1.5867      99.61   26.00124  -88.00193   -0.00018   -0.00013     4.4288     4.4310     4.3391     4.3396    34.9616    34.9601    27.7195    27.7182    1506.29    192.456    192.551         37 0.0000e+00
     158860   6619.141   1426.695   1441.000     4.4737     4.4749   3.358098   3.358074     1.9119     1.5862     100.00   26.00131  -88.00217   -0.00013   -0.00004     4.4217     4.4240     4.3538     4.3549    34.9611    34.9596    27.7174    27.7161    1506.30    192.145    192.247         30 0.0000e+00
     158889   6620.321   1425.708   1440.000     4.4741     4.4747   3.358025   3.357965     1.9112     1.5858      63.85   26.00084  -88.00058   -0.00026   -0.00011     4.4187     4.4221     4.3542     4.3548    34.9603    34.9590    27.7168    27.7156    1506.27    192.019    192.167         31 0.0000e+00
     158991   6624.588   1421.762   1436.000     4.4795     4.4808   3.358383   3.358368     1.9098     1.5844     100.00   26.00127  -88.00202   -0.00034   -0.00027     4.4102     4.4134     4.3600     4.3612    34.9608    34.9593    27.7165    27.7152    1506.29    191.650    191.786         34 0.0000e+00
     159121   6629.983   1416.828   1431.000     4.4883     4.4898   3.358957   3.358970     1.9085     1.5838     100.00   26.00168  -88.00340   -0.00014    0.00003     4.4016     4.4067     4.3691     4.3706    34.9608    34.9593    27.7155    27.7142    1506.32    191.275    191.494         38 0.0000e+00
     159152   6631.294   1415.841   1430.000     4.4870     4.4885   3.358727   3.358712     1.9081     1.5835      98.07   26.00086  -88.00058   -0.00023   -0.00002     4.3998     4.4055     4.3680     4.3694    34.9598    34.9582    27.7149    27.7134    1506.27    191.197    191.444         30 0.0000e+00
     159248   6635.288   1411.894   1426.000     4.4956     4.4968   3.359379   3.359356     1.9077     1.5825     100.00   26.00166  -88.00330   -0.00006   -0.00028     4.3949     4.3980     4.3767     4.3780    34.9605    34.9589    27.7144    27.7131    1506.32    190.985    191.117         35 0.0000e+00
     159278   6636.524   1410.907   1425.000     4.4949     4.4963   3.359177   3.359177     1.9075     1.5824     100.00   26.00086  -88.00058   -0.00019   -0.00034     4.3935     4.3969     4.3762     4.3776    34.9593    34.9578    27.7135    27.7122    1506.27    190.923    191.070         30 0.0000e+00
     159373   6640.521   1406.960   1421.000     4.4971     4.4983   3.359212   3.359203     1.9066     1.5820     100.00   26.00094  -88.00085   -0.00025   -0.00003     4.3877     4.3931     4.3787     4.3800    34.9594    34.9579    27.7133    27.7121    1506.27    190.672    190.905         33 0.0000e+00
     159498   6645.727   1402.026   1416.000     4.4978     4.4989   3.359043   3.359028     1.9061     1.5817     100.00   26.00085  -88.00055   -0.00006   -0.00001     4.3831     4.3888     4.3799     4.3810    34.9591    34.9577    27.7130    27.7118    1506.27    190.473    190.717         32 0.0000e+00
     159627   6651.072   1397.092   1411.000     4.5013     4.5021   3.359200   3.359136     1.9063     1.5813     100.00   26.00131  -88.00209   -0.00003   -0.00001     4.3804     4.3840     4.3839     4.3846    34.9597    34.9582    27.7130    27.7117    1506.30    190.353    190.510         31 0.0000e+00
     159655   6652.263   1396.105   1410.000     4.5013     4.5018   3.359089   3.359018     1.9064     1.5813     100.00   26.00086  -88.00058   -0.00001   -0.00002     4.3801     4.3833     4.3839     4.3844    34.9589    34.9575    27.7124    27.7112    1506.27    190.341    190.481         30 0.0000e+00
     159735   6655.588   1393.145   1407.000     4.5078     4.5086   3.359596   3.359563     1.9065     1.5823      92.00   26.00137  -88.00229    0.00006    0.00031     4.3779     4.3847     4.3906     4.3915    34.9589    34.9576    27.7116    27.7105    1506.30    190.244    190.542         33 0.0000e+00
     159800   6658.286   1392.158   1406.000     4.5050     4.5029   3.359211   3.358935     1.9059     1.5813     100.48   26.00086  -88.00058   -0.00022   -0.00019     4.3756     4.3812     4.3879     4.3859    34.9588    34.9575    27.7119    27.7110    1506.27    190.147    190.389         45 0.0000e+00
     159835   6659.744   1391.171   1405.000     4.5089     4.5103   3.359529   3.359512     1.9060     1.5813     100.00   26.00086  -88.00058   -0.00008   -0.00029     4.3751     4.3794     4.3919     4.3933    34.9585    34.9568    27.7112    27.7097    1506.27    190.124    190.312         34 0.0000e+00
     159891   6662.074   1390.184   1404.000     4.5121     4.5098   3.359744   3.359454     1.9058     1.5813     100.00   26.00086  -88.00058   -0.00000   -0.00006     4.3734     4.3792     4.3952     4.3929    34.9584    34.9571    27.7108    27.7100    1506.27    190.051    190.303         42 0.0000e+00
     159953   6664.662   1389.197   1403.000     4.5138     4.5136   3.359727   3.359728     1.9053     1.5811     100.00   26.00086  -88.00060   -0.00025   -0.00023     4.3705     4.3771     4.3970     4.3967    34.9580    34.9569    27.7103    27.7094    1506.27    189.924    190.210         42 0.0000e+00
     160035   6668.074   1388.210   1402.000     4.5108     4.5140   3.359571   3.359733     1.9049     1.5805      95.87   26.00086  -88.00060   -0.00021   -0.00018     4.3690     4.3742     4.3941     4.3973    34.9585    34.9569    27.7109    27.7094    1506.27    189.859    190.085         43 0.0000e+00
     160116   6671.439   1387.223   1401.000     4.5177     4.5191   3.360103   3.360134     1.9048     1.5803     100.72   26.00086  -88.00060   -0.00015   -0.00031     4.3674     4.3721     4.4010     4.4024    34.9579    34.9568    27.7098    27.7087    1506.27    189.787    189.996         35 0.0000e+00
     161694   6737.203   1386.237   1400.000     4.5237     4.5252   3.360609   3.360607     1.9027     1.5790     100.00   26.00088  -88.00060    0.00002    0.00001     4.3582     4.3656     4.4070     4.4085    34.9580    34.9565    27.7091    27.7078    1506.27    189.388    189.710         53 0.0000e+00
     162093   6753.835   1385.250   1399.000     4.5239     4.5249   3.360577   3.360554     1.9027     1.5788      90.66   26.00088  -88.00060    0.00006 7.1970e-07     4.3574     4.3645     4.4073     4.4084    34.9579    34.9565    27.7091    27.7079    1506.27    189.355    189.662         44 0.0000e+00
     162163   6756.741   1384.263   1398.000     4.5239     4.5250   3.360532   3.360512     1.9028     1.5789     100.27   26.00088  -88.00060    0.00007   -0.00001     4.3572     4.3641     4.4074     4.4085    34.9579    34.9565    27.7090    27.7078    1506.27    189.347    189.648         42 0.0000e+00
     162204   6758.440   1383.276   1397.000     4.5246     4.5255   3.360554   3.360511     1.9029     1.5790     100.00   26.00088  -88.00060    0.00005    0.00007     4.3572     4.3638     4.4082     4.4091    34.9579    34.9565    27.7089    27.7077    1506.27    189.345    189.635         46 0.0000e+00
     162274   6761.383   1382.289   1396.000     4.5247     4.5261   3.360525   3.360513     1.9034     1.5789     100.00   26.00088  -88.00060    0.00018   -0.00007     4.3582     4.3628     4.4085     4.4098    34.9579    34.9563    27.7089    27.7075    1506.27    189.388    189.590         38 0.0000e+00
     162343   6764.234   1380.315   1394.000     4.5271     4.5281   3.360689   3.360656     1.9034     1.5792      97.20   26.00122  -88.00175    0.00004    0.00007     4.3571     4.3627     4.4110     4.4119    34.9583    34.9569    27.7090    27.7078    1506.29    189.340    189.587         34 0.0000e+00
     162379   6765.733   1379.328   1393.000     4.5272     4.5282   3.360617   3.360586     1.9033     1.5796      77.54   26.00088  -88.00060    0.00001    0.00020     4.3561     4.3638     4.4112     4.4122    34.9578    34.9564    27.7085    27.7073    1506.27    189.300    189.631         40 0.0000e+00
     162414   6767.227   1378.342   1392.000     4.5277     4.5287   3.360607   3.360579     1.9032     1.5798     100.26   26.00088  -88.00060   -0.00005    0.00025     4.3551     4.3641     4.4117     4.4127    34.9577    34.9564    27.7084    27.7072    1506.27    189.253    189.644         33 0.0000e+00
     162828   6784.447   1363.537   1377.000     4.5542     4.5550   3.362295   3.362239     1.9024     1.5783     100.00   26.00107  -88.00126   -0.00019   -0.00011     4.3403     4.3464     4.4393     4.4402    34.9569    34.9554    27.7048    27.7035    1506.28    188.611    188.878         30 0.0000e+00
     162961   6790.015   1358.602   1372.000     4.5602     4.5610   3.362549   3.362492     1.9006     1.5764     100.00   26.00062  -87.99971   -0.00024   -0.00030     4.3304     4.3351     4.4458     4.4465    34.9560    34.9546    27.7033    27.7021    1506.25    188.180    188.387         33 0.0000e+00
     163071   6794.568   1354.654   1368.000     4.5631     4.5640   3.362645   3.362594     1.8998     1.5756      79.13   26.00074  -88.00013   -0.00018   -0.00015     4.3245     4.3295     4.4490     4.4499    34.9561    34.9545    27.7030    27.7017    1506.26    187.925    188.145         36 0.0000e+00
     163179   6799.071   1350.706   1364.000     4.5727     4.5741   3.363375   3.363383     1.8996     1.5752     100.00   26.00139  -88.00233   -0.00005   -0.00008     4.3205     4.3244     4.4589     4.4603    34.9566    34.9551    27.7023    27.7010    1506.30    187.751    187.920         32 0.0000e+00
     163208   6800.282   1349.719   1363.000     4.5725     4.5733   3.363256   3.363198     1.8988     1.5747     100.00   26.00088  -88.00060   -0.00012   -0.00013     4.3171     4.3219     4.4588     4.4596    34.9558    34.9544    27.7017    27.7005    1506.27    187.606    187.814         30 0.0000e+00
     163632   6817.973   1333.925   1347.000     4.5934     4.5936   3.364368   3.364256     1.8971     1.5728     100.00   26.00070  -87.99998   -0.00010    0.00009     4.2992     4.3028     4.4809     4.4812    34.9547    34.9532    27.6984    27.6971    1506.26    186.827    186.986         32 0.0000e+00
     163742   6822.553   1329.977   1343.000     4.5973     4.5985   3.364599   3.364577     1.8960     1.5715     100.00   26.00132  -88.00209   -0.00022   -0.00032     4.2925     4.2949     4.4852     4.4864    34.9553    34.9538    27.6984    27.6971    1506.30    186.537    186.640         30 0.0000e+00
     163770   6823.728   1328.990   1342.000     4.5978     4.5987   3.364537   3.364505     1.8955     1.5716     100.00   26.00088  -88.00060   -0.00020   -0.00034     4.2901     4.2947     4.4858     4.4867    34.9546    34.9532    27.6977    27.6966    1506.27    186.434    186.632         31 0.0000e+00
     163874   6828.044   1325.041   1338.000     4.6001     4.6011   3.364542   3.364521     1.8950     1.5711     100.00   26.00065  -87.99983   -0.00010   -0.00013     4.2859     4.2903     4.4885     4.4895    34.9541    34.9528    27.6971    27.6959    1506.26    186.252    186.441         30 0.0000e+00
