Gulf of Mexico/GOMECC-4/1db/urb2103_1411.cnv
* Sea-Bird SBE 9 Data File:
* FileName = C:\Users\scs.user.rb\CTD\GOMECC4\data\rb2103_1411.hex
* Software Version Seasave V 7.26.7.107
* Temperature SN = 4799
* Conductivity SN = 3860
* Number of Bytes Per Scan = 41
* Number of Voltage Words = 4
* Number of Scans Averaged by the Deck Unit = 1
* NMEA Latitude = 25 34.46 N
* NMEA Longitude = 084 50.56 W
* NMEA UTC (Time) = Oct 20 2021  15:46:56
* NMEA baud rate = 4800
# nquan = 28
# nvalues = 951                         
# units = specified
# name 0 = scan: Scan Count
# name 1 = timeS: Time, Elapsed [seconds]
# name 2 = depSM: Depth [salt water, m]
# name 3 = prDM: Pressure, Digiquartz [db]
# name 4 = t090C: Temperature [ITS-90, deg C]
# name 5 = t190C: Temperature, 2 [ITS-90, deg C]
# name 6 = c0S/m: Conductivity [S/m]
# name 7 = c1S/m: Conductivity, 2 [S/m]
# name 8 = sbeox0V: Oxygen raw, SBE 43 [V]
# name 9 = sbeox1V: Oxygen raw, SBE 43, 2 [V]
# name 10 = altM: Altimeter [m]
# name 11 = latitude: Latitude [deg]
# name 12 = longitude: Longitude [deg]
# name 13 = sbox0dV/dT: Oxygen, SBE 43 [dov/dt]
# name 14 = sbox1dV/dT: Oxygen, SBE 43, 2 [dov/dt]
# name 15 = sbeox0ML/L: Oxygen, SBE 43 [ml/l], WS = 5
# name 16 = sbeox1ML/L: Oxygen, SBE 43, 2 [ml/l], WS = 5
# name 17 = potemp090C: Potential Temperature [ITS-90, deg C]
# name 18 = potemp190C: Potential Temperature, 2 [ITS-90, deg C]
# name 19 = sal00: Salinity, Practical [PSU]
# name 20 = sal11: Salinity, Practical, 2 [PSU]
# name 21 = sigma-é00: Density [sigma-theta, kg/m^3]
# name 22 = sigma-é11: Density, 2 [sigma-theta, kg/m^3]
# name 23 = avgsvCM: Average Sound Velocity [Chen-Millero, m/s], minP = 20, minS = 20
# name 24 = sbox0Mm/Kg: Oxygen, SBE 43 [umol/kg], WS = 5
# name 25 = sbox1Mm/Kg: Oxygen, SBE 43, 2 [umol/kg], WS = 5
# name 26 = nbin: number of scans per bin
# name 27 = flag: flag
# span 0 =     111573,     264710       
# span 1 =   4648.849,  11029.536       
# span 2 =      1.987,   3325.605       
# span 3 =      2.000,   3374.000       
# span 4 =     4.3114,    28.5287       
# span 5 =     4.3130,    28.5438       
# span 6 =   3.349427,   5.850864       
# span 7 =   3.349362,   5.852043       
# span 8 =     1.6093,     3.1811       
# span 9 =     1.3061,     2.6957       
# span 10 =       2.02,     103.88      
# span 11 =   25.53453,   25.67780      
# span 12 =  -85.18789,  -84.71259      
# span 13 =   -0.01191,    0.01915      
# span 14 =   -0.01247,    0.01703      
# span 15 =     2.5148,     4.6786      
# span 16 =     2.5187,     4.6638      
# span 17 =     4.0816,    28.5206      
# span 18 =     4.0831,    28.5356      
# span 19 =    34.9003,    36.7076      
# span 20 =    34.8985,    36.7035      
# span 21 =    22.8855,    27.7599      
# span 22 =    22.8849,    27.7582      
# span 23 =    1501.33,    1509.75      
# span 24 =    109.380,    203.302      
# span 25 =    109.548,    202.660      
# span 26 =         30,         66      
# span 27 = 0.0000e+00, 0.0000e+00      
# interval = decibars: 1                
# start_time = Oct 20 2021 15:46:56 [NMEA time, header]
# bad_flag = -9.990e-29
*END*
[from data line 208]
     137804   5741.797   2580.044   2613.000     4.3387     4.3399   3.394151   3.394119     1.7923     1.4724     100.00   25.57388  -84.84292    0.00017    0.00021     4.6485     4.6350     4.1022     4.1033    34.9742    34.9726    27.7549    27.7535    1503.66    201.997    201.411         35 0.0000e+00
     137838   5743.188   2579.062   2612.000     4.3387     4.3399   3.394105   3.394077     1.7923     1.4724     100.00   25.57386  -84.84284    0.00006    0.00020     4.6482     4.6347     4.1023     4.1034    34.9741    34.9725    27.7548    27.7535    1503.66    201.982    201.396         30 0.0000e+00
     137942   5747.529   2575.137   2608.000     4.3382     4.3394   3.393923   3.393902     1.7929     1.4728      92.99   25.57399  -84.84325    0.00013    0.00008     4.6485     4.6340     4.1022     4.1033    34.9743    34.9728    27.7550    27.7537    1503.67    201.993    201.367         35 0.0000e+00
     137975   5748.902   2574.155   2607.000     4.3382     4.3393   3.393865   3.393832     1.7929     1.4729     100.14   25.57386  -84.84282    0.00009    0.00013     4.6478     4.6341     4.1023     4.1034    34.9741    34.9725    27.7548    27.7534    1503.66    201.963    201.372         31 0.0000e+00
     138076   5753.109   2570.230   2603.000     4.3379     4.3391   3.393763   3.393738     1.7937     1.4735     100.00   25.57452  -84.84505    0.00022    0.00015     4.6486     4.6344     4.1025     4.1037    34.9750    34.9734    27.7555    27.7542    1503.70    202.001    201.382         35 0.0000e+00
     138113   5754.647   2569.248   2602.000     4.3377     4.3389   3.393635   3.393614     1.7937     1.4734     100.00   25.57385  -84.84282    0.00003    0.00008     4.6482     4.6335     4.1024     4.1035    34.9741    34.9727    27.7548    27.7536    1503.66    201.985    201.346         40 0.0000e+00
     138299   5762.416   2562.378   2595.000     4.3372     4.3385   3.393326   3.393293     1.7947     1.4748     100.00   25.57384  -84.84281    0.00009    0.00022     4.6485     4.6360     4.1027     4.1039    34.9742    34.9725    27.7548    27.7534    1503.66    201.994    201.452         39 0.0000e+00
     138424   5767.630   2557.471   2590.000     4.3371     4.3383   3.393157   3.393123     1.7950     1.4753     100.00   25.57415  -84.84385    0.00006    0.00005     4.6468     4.6350     4.1031     4.1042    34.9746    34.9730    27.7552    27.7538    1503.68    201.920    201.411         35 0.0000e+00
     138588   5774.444   2551.582   2584.000     4.3368     4.3379   3.392916   3.392881     1.7959     1.4760     100.00   25.57431  -84.84441    0.00015    0.00010     4.6470     4.6346     4.1035     4.1045    34.9748    34.9732    27.7553    27.7539    1503.69    201.931    201.393         36 0.0000e+00
     138774   5782.220   2544.711   2577.000     4.3362     4.3374   3.392570   3.392529     1.7971     1.4766     100.00   25.57409  -84.84361    0.00019    0.00010     4.6481     4.6337     4.1036     4.1048    34.9745    34.9728    27.7550    27.7536    1503.67    201.979    201.354         31 0.0000e+00
     138810   5783.705   2543.729   2576.000     4.3361     4.3372   3.392485   3.392451     1.7973     1.4768     100.00   25.57385  -84.84282    0.00019    0.00014     4.6482     4.6337     4.1036     4.1047    34.9741    34.9725    27.7547    27.7533    1503.66    201.985    201.355         43 0.0000e+00
     138968   5790.282   2537.840   2570.000     4.3360     4.3370   3.392352   3.392318     1.7976     1.4775      79.60   25.57481  -84.84604    0.00006    0.00008     4.6459     4.6336     4.1041     4.1052    34.9754    34.9739    27.7557    27.7544    1503.72    201.883    201.348         40 0.0000e+00
     139013   5792.164   2536.858   2569.000     4.3357     4.3367   3.392172   3.392137     1.7979     1.4777     102.98   25.57384  -84.84283    0.00006    0.00009     4.6468     4.6342     4.1039     4.1049    34.9741    34.9726    27.7546    27.7533    1503.66    201.921    201.373         48 0.0000e+00
     139148   5797.783   2530.968   2563.000     4.3354     4.3366   3.392002   3.391970     1.7986     1.4786     100.00   25.57454  -84.84516    0.00012    0.00014     4.6463     4.6344     4.1043     4.1054    34.9751    34.9735    27.7554    27.7540    1503.70    201.899    201.381         31 0.0000e+00
     139481   5811.650   2519.189   2551.000     4.3349     4.3361   3.391459   3.391426     1.8002     1.4802     100.00   25.57424  -84.84412    0.00008    0.00010     4.6458     4.6349     4.1051     4.1063    34.9746    34.9731    27.7550    27.7536    1503.68    201.879    201.407         37 0.0000e+00
     139534   5813.874   2518.207   2550.000     4.3348     4.3359   3.391348   3.391315     1.8003     1.4806      83.19   25.57386  -84.84284    0.00000    0.00025     4.6457     4.6364     4.1051     4.1062    34.9739    34.9724    27.7544    27.7531    1503.66    201.876    201.471         31 0.0000e+00
     139647   5818.587   2513.299   2545.000     4.3345     4.3356   3.391187   3.391156     1.8011     1.4810      84.80   25.57433  -84.84441    0.00017    0.00007     4.6461     4.6352     4.1053     4.1065    34.9746    34.9731    27.7550    27.7536    1503.69    201.892    201.419         52 0.0000e+00
     139812   5825.441   2507.408   2539.000     4.3340     4.3352   3.390857   3.390829     1.8021     1.4816      96.23   25.57387  -84.84291    0.00016    0.00014     4.6469     4.6345     4.1055     4.1067    34.9740    34.9724    27.7544    27.7530    1503.66    201.927    201.389         38 0.0000e+00
     139974   5832.212   2501.517   2533.000     4.3342     4.3354   3.390627   3.390588     1.8026     1.4823      78.53   25.57378  -84.84261    0.00007    0.00005     4.6454     4.6340     4.1064     4.1076    34.9738    34.9721    27.7541    27.7527    1503.66    201.861    201.365         32 0.0000e+00
     140138   5839.045   2495.627   2527.000     4.3348     4.3359   3.390476   3.390445     1.8033     1.4829     100.00   25.57406  -84.84351    0.00013    0.00005     4.6450     4.6332     4.1076     4.1087    34.9741    34.9726    27.7543    27.7530    1503.67    201.844    201.331         37 0.0000e+00
     140244   5843.449   2491.700   2523.000     4.3345     4.3356   3.390302   3.390268     1.8039     1.4834      65.48   25.57409  -84.84364    0.00017    0.00013     4.6452     4.6328     4.1077     4.1088    34.9742    34.9727    27.7543    27.7530    1503.67    201.850    201.315         30 0.0000e+00
     140274   5844.689   2490.718   2522.000     4.3344     4.3356   3.390222   3.390195     1.8041     1.4835      98.57   25.57386  -84.84286    0.00016    0.00008     4.6451     4.6329     4.1078     4.1090    34.9738    34.9722    27.7540    27.7526    1503.66    201.849    201.320         31 0.0000e+00
     140682   5861.717   2475.991   2507.000     4.3335     4.3347   3.389650   3.389622     1.8061     1.4847     100.00   25.57462  -84.84540    0.00013 2.5065e-07     4.6448     4.6297     4.1085     4.1097    34.9749    34.9733    27.7548    27.7535    1503.70    201.836    201.180         41 0.0000e+00
     140721   5863.337   2475.008   2506.000     4.3333     4.3344   3.389504   3.389468     1.8060     1.4848     100.00   25.57386  -84.84286    0.00003    0.00002     4.6439     4.6294     4.1084     4.1095    34.9738    34.9722    27.7539    27.7526    1503.66    201.796    201.166         37 0.0000e+00
     140888   5870.311   2469.116   2500.000     4.3329     4.3341   3.389115   3.389083     1.8071     1.4860     100.00   25.57285  -84.83953    0.00012    0.00007     4.6451     4.6317     4.1087     4.1098    34.9723    34.9708    27.7527    27.7514    1503.60    201.849    201.267         30 0.0000e+00
     141519   5896.574   2445.550   2476.000     4.3317     4.3328   3.388191   3.388155     1.8104     1.4893      96.55   25.57391  -84.84306    0.00009    0.00020     4.6448     4.6325     4.1100     4.1111    34.9738    34.9723    27.7538    27.7524    1503.66    201.833    201.302         36 0.0000e+00
     141811   5908.766   2434.748   2465.000     4.3303     4.3316   3.387672   3.387636     1.8119     1.4906     100.00   25.57411  -84.84373    0.00021    0.00015     4.6449     4.6320     4.1098     4.1111    34.9742    34.9724    27.7541    27.7526    1503.67    201.840    201.277         31 0.0000e+00
     141843   5910.085   2433.765   2464.000     4.3303     4.3314   3.387593   3.387557     1.8120     1.4906      78.62   25.57387  -84.84290    0.00010    0.00006     4.6448     4.6313     4.1100     4.1110    34.9736    34.9721    27.7536    27.7523    1503.66    201.834    201.247         34 0.0000e+00
     141875   5911.411   2432.783   2463.000     4.3302     4.3313   3.387540   3.387508     1.8121     1.4908      88.94   25.57386  -84.84290    0.00006    0.00006     4.6446     4.6318     4.1099     4.1110    34.9736    34.9721    27.7537    27.7523    1503.66    201.826    201.272         30 0.0000e+00
     142050   5918.694   2426.891   2457.000     4.3309     4.3320   3.387497   3.387456     1.8131     1.4920     100.00   25.57494  -84.84649    0.00008    0.00022     4.6447     4.6334     4.1112     4.1124    34.9752    34.9735    27.7548    27.7533    1503.72    201.830    201.338         33 0.0000e+00
     142277   5928.154   2423.945   2454.000     4.3306     4.3317   3.387280   3.387237     1.8133     1.4922      96.48   25.57433  -84.84446    0.00006    0.00005     4.6441     4.6325     4.1113     4.1123    34.9743    34.9727    27.7541    27.7526    1503.69    201.803    201.303         46 0.0000e+00
     142368   5931.970   2422.963   2453.000     4.3306     4.3317   3.387181   3.387146     1.8133     1.4921     100.09   25.57386  -84.84290   -0.00002   -0.00001     4.6437     4.6317     4.1114     4.1125    34.9736    34.9720    27.7534    27.7521    1503.66    201.786    201.268         35 0.0000e+00
     142557   5939.845   2420.999   2451.000     4.3307     4.3318   3.387188   3.387146     1.8134     1.4926     100.00   25.57449  -84.84500    0.00002    0.00011     4.6424     4.6327     4.1117     4.1128    34.9745    34.9729    27.7541    27.7527    1503.70    201.731    201.311         34 0.0000e+00
     143166   5965.223   2420.016   2450.000     4.3310     4.3321   3.387108   3.387060     1.8134     1.4927     100.00   25.57388  -84.84291    0.00005    0.00010     4.6422     4.6325     4.1121     4.1132    34.9737    34.9719    27.7534    27.7519    1503.66    201.721    201.301         38 0.0000e+00
     143978   5999.050   2419.034   2449.000     4.3315     4.3326   3.387101   3.387058     1.8138     1.4930     100.00   25.57390  -84.84292    0.00000    0.00019     4.6433     4.6335     4.1127     4.1138    34.9735    34.9718    27.7533    27.7518    1503.66    201.768    201.345         36 0.0000e+00
     143978   5999.057   2418.052   2448.000     4.3314     4.3326   3.387057   3.387022     1.8140     1.4932     100.00   25.57390  -84.84292    0.00003    0.00024     4.6434     4.6338     4.1127     4.1139    34.9736    34.9719    27.7533    27.7518    1503.66    201.775    201.357         42 0.0000e+00
     144031   6001.252   2417.070   2447.000     4.3312     4.3324   3.386996   3.386966     1.8142     1.4932     100.00   25.57390  -84.84293    0.00014    0.00002     4.6435     4.6331     4.1126     4.1138    34.9735    34.9719    27.7533    27.7519    1503.66    201.776    201.326         46 0.0000e+00
     144128   6005.293   2413.141   2443.000     4.3308     4.3320   3.386832   3.386795     1.8146     1.4933     100.00   25.57402  -84.84335    0.00013 9.1774e-07     4.6428     4.6312     4.1126     4.1138    34.9738    34.9722    27.7535    27.7521    1503.67    201.747    201.246         33 0.0000e+00
     144278   6011.543   2408.231   2438.000     4.3313     4.3326   3.386806   3.386777     1.8157     1.4942     100.00   25.57515  -84.84707    0.00024    0.00021     4.6442     4.6323     4.1137     4.1149    34.9753    34.9736    27.7546    27.7531    1503.73    201.808    201.293         41 0.0000e+00
     144314   6013.042   2407.248   2437.000     4.3311     4.3322   3.386585   3.386554     1.8159     1.4945     100.00   25.57390  -84.84294    0.00018    0.00037     4.6449     4.6331     4.1135     4.1147    34.9734    34.9718    27.7531    27.7517    1503.66    201.840    201.328         36 0.0000e+00
     144411   6017.076   2403.319   2433.000     4.3309     4.3322   3.386450   3.386414     1.8163     1.4946     100.00   25.57405  -84.84342    0.00012    0.00002     4.6443     4.6310     4.1138     4.1151    34.9738    34.9720    27.7533    27.7518    1503.67    201.813    201.237         35 0.0000e+00
     144517   6021.506   2399.390   2429.000     4.3308     4.3321   3.386306   3.386266     1.8168     1.4950     100.00   25.57428  -84.84419    0.00007    0.00009     4.6439     4.6304     4.1141     4.1154    34.9741    34.9723    27.7535    27.7520    1503.68    201.794    201.211         35 0.0000e+00
     144551   6022.912   2398.408   2428.000     4.3308     4.3320   3.386214   3.386178     1.8170     1.4948     100.00   25.57390  -84.84294    0.00009    0.00011     4.6440     4.6292     4.1142     4.1154    34.9735    34.9718    27.7531    27.7516    1503.66    201.799    201.156         33 0.0000e+00
     144649   6026.979   2394.479   2424.000     4.3316     4.3329   3.386181   3.386144     1.8174     1.4954     100.00   25.57434  -84.84441    0.00009    0.00016     4.6430     4.6294     4.1154     4.1167    34.9741    34.9723    27.7534    27.7519    1503.69    201.759    201.165         31 0.0000e+00
     144679   6028.240   2393.497   2423.000     4.3315     4.3328   3.386076   3.386050     1.8173     1.4957     100.00   25.57390  -84.84294    0.00010    0.00021     4.6423     4.6302     4.1155     4.1168    34.9734    34.9717    27.7528    27.7514    1503.66    201.728    201.199         33 0.0000e+00
     144808   6033.630   2388.586   2418.000     4.3315     4.3328   3.385885   3.385852     1.8181     1.4965     100.00   25.57394  -84.84302    0.00019    0.00019     4.6428     4.6307     4.1160     4.1173    34.9734    34.9716    27.7528    27.7513    1503.66    201.750    201.222         31 0.0000e+00
     144938   6039.040   2383.674   2413.000     4.3323     4.3342   3.385785   3.385805     1.8187     1.4969     100.00   25.57418  -84.84379    0.00006    0.00005     4.6421     4.6295     4.1173     4.1192    34.9737    34.9720    27.7529    27.7514    1503.68    201.719    201.170         30 0.0000e+00
     144970   6040.388   2382.692   2412.000     4.3326     4.3344   3.385743   3.385745     1.8187     1.4969     100.00   25.57392  -84.84294    0.00005    0.00005     4.6412     4.6287     4.1177     4.1194    34.9733    34.9715    27.7526    27.7510    1503.66    201.680    201.135         37 0.0000e+00
     145128   6046.949   2376.798   2406.000     4.3322     4.3335   3.385469   3.385435     1.8196     1.4978     100.00   25.57387  -84.84277    0.00011    0.00018     4.6415     4.6296     4.1179     4.1192    34.9733    34.9716    27.7526    27.7511    1503.66    201.692    201.174         42 0.0000e+00
     145283   6053.401   2370.905   2400.000     4.3348     4.3360   3.385625   3.385595     1.8205     1.4985     100.01   25.57533  -84.84762    0.00016    0.00007     4.6414     4.6285     4.1211     4.1223    34.9752    34.9736    27.7537    27.7523    1503.74    201.687    201.125         34 0.0000e+00
