Gulf of Mexico/GOMECC-4/1db/urb2103_0221.cnv
* Sea-Bird SBE 9 Data File:
* FileName = C:\Users\scs.user.rb\CTD\GOMECC4\data\rb2103_0221.hex
* Software Version Seasave V 7.26.7.107
* Temperature SN = 4799
* Conductivity SN = 3860
* Number of Bytes Per Scan = 41
* Number of Voltage Words = 4
* Number of Scans Averaged by the Deck Unit = 1
* NMEA Latitude = 29 02.28 N
* NMEA Longitude = 085 46.96 W
* NMEA UTC (Time) = Sep 21 2021  00:10:54
* NMEA baud rate = 4800
# nquan = 28
# nvalues = 147                         
# units = specified
# name 0 = scan: Scan Count
# name 1 = timeS: Time, Elapsed [seconds]
# name 2 = depSM: Depth [salt water, m]
# name 3 = prDM: Pressure, Digiquartz [db]
# name 4 = t090C: Temperature [ITS-90, deg C]
# name 5 = t190C: Temperature, 2 [ITS-90, deg C]
# name 6 = c0S/m: Conductivity [S/m]
# name 7 = c1S/m: Conductivity, 2 [S/m]
# name 8 = sbeox0V: Oxygen raw, SBE 43 [V]
# name 9 = sbeox1V: Oxygen raw, SBE 43, 2 [V]
# name 10 = altM: Altimeter [m]
# name 11 = latitude: Latitude [deg]
# name 12 = longitude: Longitude [deg]
# name 13 = sbox0dV/dT: Oxygen, SBE 43 [dov/dt]
# name 14 = sbox1dV/dT: Oxygen, SBE 43, 2 [dov/dt]
# name 15 = sbeox0ML/L: Oxygen, SBE 43 [ml/l], WS = 5
# name 16 = sbeox1ML/L: Oxygen, SBE 43, 2 [ml/l], WS = 5
# name 17 = potemp090C: Potential Temperature [ITS-90, deg C]
# name 18 = potemp190C: Potential Temperature, 2 [ITS-90, deg C]
# name 19 = sal00: Salinity, Practical [PSU]
# name 20 = sal11: Salinity, Practical, 2 [PSU]
# name 21 = sigma-é00: Density [sigma-theta, kg/m^3]
# name 22 = sigma-é11: Density, 2 [sigma-theta, kg/m^3]
# name 23 = avgsvCM: Average Sound Velocity [Chen-Millero, m/s], minP = 20, minS = 20
# name 24 = sbox0Mm/Kg: Oxygen, SBE 43 [umol/kg], WS = 5
# name 25 = sbox1Mm/Kg: Oxygen, SBE 43, 2 [umol/kg], WS = 5
# name 26 = nbin: number of scans per bin
# name 27 = flag: flag
# span 0 =      30079,      55439       
# span 1 =   1253.234,   2309.931       
# span 2 =      2.980,    180.696       
# span 3 =      3.000,    182.000       
# span 4 =    14.7998,    28.7162       
# span 5 =    14.7980,    28.7174       
# span 6 =   4.378343,   5.745458       
# span 7 =   4.378279,   5.740766       
# span 8 =     1.7991,     3.1696       
# span 9 =     1.4874,     2.6964       
# span 10 =       5.78,     101.23      
# span 11 =   28.92714,   29.41577      
# span 12 =  -86.91772,  -85.47393      
# span 13 =   -0.00785,    0.02373      
# span 14 =   -0.00870,    0.02133      
# span 15 =     2.6132,     4.5361      
# span 16 =     2.6491,     4.5220      
# span 17 =    14.7732,    28.7153      
# span 18 =    14.7714,    28.7165      
# span 19 =    33.4228,    36.5049      
# span 20 =    33.4239,    36.5044      
# span 21 =    21.0980,    26.7842      
# span 22 =    21.0977,    26.7845      
# span 23 =    1520.83,    1546.52      
# span 24 =    113.665,    197.975      
# span 25 =    115.226,    197.634      
# span 26 =         30,         76      
# span 27 = 0.0000e+00, 0.0000e+00      
# interval = decibars: 1                
# start_time = Sep 21 2021 00:10:54 [NMEA time, header]
# bad_flag = -9.990e-29
*END*
[from data line 104]
      42314   1763.042     63.559     64.000    22.0157    22.0163   5.166826   5.166912     2.6147     2.2206     100.00   29.03256  -85.78546   -0.00016    0.00031     3.8961     3.9274    22.0015    22.0037    36.3142    36.3140    25.2164    25.2168    1526.37    169.720    171.082         71 0.0000e+00
      42401   1766.650     62.566     63.000    22.1539    21.9283   5.181463   5.158954     2.6103     2.2057     100.00   29.03256  -85.78546   -0.00204   -0.00385     3.8785     3.8999    22.1412    21.9158    36.3113    36.3227    25.1746    25.2471    1526.37    168.961    169.879         64 0.0000e+00
      42478   1769.886     61.574     62.000    22.5355    22.0234   5.219720   5.170619     2.6624     2.2081     100.00   29.03256  -85.78546    0.01335   -0.00095     3.9545     3.8884    22.5229    22.0110    36.2935    36.3260    25.0526    25.2226    1526.37    172.293    169.393         44 0.0000e+00
      42567   1773.571     60.580     61.000    22.6486    22.7100   5.230360   5.236160     2.6988     2.2742     100.00   29.03256  -85.78546    0.01036    0.01674     4.0175     3.9995    22.6362    22.6976    36.2829    36.2774    25.0119    24.9902    1526.37    175.044    174.262         71 0.0000e+00
      43963   1831.747     58.595     59.000    23.0122    23.1339   5.270622   5.282860     2.7885     2.3895      99.95   29.01917  -85.74591    0.00568    0.00358     4.1716     4.2239    23.0001    23.1217    36.2891    36.2849    24.9099    24.8719    1525.67    181.774    184.060         49 0.0000e+00
      44049   1835.334     57.602     58.000    23.4793    23.4840   5.321567   5.322025     2.8298     2.4242     100.00   29.03257  -85.78548    0.00986    0.00932     4.2179     4.2740    23.4672    23.4719    36.3040    36.3037    24.7865    24.7850    1526.37    183.814    186.259         70 0.0000e+00
      44112   1837.970     56.609     57.000    23.6673    23.7105   5.338365   5.342629     2.8865     2.4620     100.00   29.03257  -85.78548    0.02373    0.01574     4.3163     4.3406    23.6553    23.6985    36.2789    36.2761    24.7122    24.6973    1526.37    188.115    189.179         53 0.0000e+00
      44165   1840.157     55.616     56.000    24.0175    23.9725   5.371828   5.366155     2.8950     2.4627     100.00   29.03257  -85.78548    0.01111    0.00680     4.3052     4.3224    24.0056    23.9606    36.2485    36.2420    24.5852    24.5937    1526.37    187.657    188.405         58 0.0000e+00
      44223   1842.592     54.623     55.000    24.2609    24.3199   5.395485   5.399592     2.8971     2.4663     100.00   29.03258  -85.78548    0.00042   -0.00130     4.2900     4.3056    24.2524    24.3082    36.2278    36.2132    24.4959    24.4678    1526.37    187.012    187.695         52 0.0000e+00
      44274   1844.715     53.629     54.000    24.4424    24.4299   5.413672   5.411400     2.9086     2.4773     100.00   29.03258  -85.78548    0.00343    0.00424     4.2978     4.3197    24.4310    24.4183    36.2199    36.2140    24.4361    24.4355    1526.37    187.361    188.316         59 0.0000e+00
      44337   1847.331     52.637     53.000    24.6305    24.5934   5.432186   5.428687     2.9234     2.4898     100.00   29.03258  -85.78548    0.00604    0.00470     4.3118     4.3340    24.6191    24.5820    36.2089    36.2125    24.3710    24.3849    1526.37    187.985    188.950         55 0.0000e+00
      44388   1849.439     51.644     52.000    24.8094    24.7978   5.452004   5.448615     2.9392     2.5068     100.00   29.03258  -85.78548    0.00694    0.00751     4.3308     4.3562    24.7981    24.7868    36.2129    36.2044    24.3197    24.3193    1526.37    188.818    189.925         55 0.0000e+00
      44449   1851.988     50.651     51.000    25.0656    24.9741   5.477288   5.469241     2.9792     2.5332     100.00   29.03258  -85.78548    0.01360    0.01007     4.3850     4.3967    25.0545    24.9630    36.1971    36.1995    24.2296    24.2593    1526.37    191.200    191.709         52 0.0000e+00
      44535   1855.597     49.657     50.000    25.2433    25.1099   5.486837   5.479340     2.9759     2.5320     100.00   29.03258  -85.78548    0.00024    0.00085     4.3645     4.3855    25.2264    25.0990    36.1336    36.1765    24.1289    24.2004    1526.37    190.327    191.228         53 0.0000e+00
      44619   1859.081     48.665     49.000    25.2275    25.2425   5.488701   5.489400     2.9673     2.5242     100.00   29.03258  -85.78548   -0.00320   -0.00294     4.3493     4.3592    25.2167    25.2318    36.1513    36.1471    24.1452    24.1374    1526.37    189.659    190.092         76 0.0000e+00
      44616   1858.959     46.678     47.000    25.5746    25.3774   5.509662   5.491299     2.9722     2.5232      99.48   28.92714  -85.47393    0.00442    0.00253     4.3305     4.3435    25.5642    25.3671    35.9903    35.9969    23.9007    23.9655    1520.83    188.870    189.427         47 0.0000e+00
      44888   1870.282     45.685     46.000    25.8133    25.6990   5.543918   5.532069     2.9759     2.5335      99.99   29.03258  -85.78548   -0.00173   -0.00046     4.3201     4.3443    25.8064    25.6888    36.0984    36.0990    23.9227    23.9598    1526.37    188.430    189.478         52 0.0000e+00
      45539   1897.437     44.692     45.000    26.3983    26.1858   5.600079   5.587206     3.0143     2.5631     100.00   29.03258  -85.78548    0.00408    0.00325     4.3471     4.3664    26.3876    26.1757    36.0458    36.0675    23.7004    23.7833    1526.37    189.648    190.477         40 0.0000e+00
      46396   1933.130     43.699     44.000    26.6926    26.7026   5.632701   5.634455     3.0586     2.6068     100.00   29.03258  -85.78548    0.00199    0.00238     4.4072     4.4246    26.6825    26.6926    36.0527    36.0552    23.6123    23.6110    1526.37    192.287    193.045         54 0.0000e+00
      46468   1936.134     42.706     43.000    26.7840    26.7635   5.643591   5.640751     3.0681     2.6134     100.00   29.03258  -85.78548    0.00131    0.00145     4.4173     4.4334    26.7742    26.7537    36.0602    36.0558    23.5888    23.5920    1526.37    192.731    193.434         60 0.0000e+00
      46522   1938.373     41.713     42.000    26.9644    26.8725   5.666153   5.659426     3.0969     2.6316     100.00   29.03258  -85.78548    0.00909    0.00536     4.4583     4.4627    26.9604    26.8630    36.0780    36.0953    23.5427    23.5826    1526.37    194.528    194.712         51 0.0000e+00
      46579   1940.749     40.720     41.000    27.1957    27.0439   5.688909   5.674562     3.1377     2.6636     100.00   29.03258  -85.78548    0.01662    0.01226     4.5137     4.5150    27.1863    27.0344    36.0662    36.0812    23.4613    23.5212    1526.37    196.959    197.007         65 0.0000e+00
      46639   1943.254     39.727     40.000    27.5074    27.2807   5.707643   5.690220     3.1621     2.6750     100.00   29.03258  -85.78548    0.01231    0.00734     4.5361     4.5220    27.4981    27.2714    35.9595    36.0103    23.2801    23.3916    1526.37    197.975    197.338         50 0.0000e+00
      46688   1945.293     38.734     39.000    27.7718    27.6134   5.719828   5.708684     3.1512     2.6701     100.00   29.03258  -85.78548    0.00222    0.00162     4.4978     4.4896    27.7627    27.6043    35.8435    35.8859    23.1067    23.1901    1526.37    196.336    195.963         55 0.0000e+00
      46749   1947.853     37.741     38.000    27.9588    27.7823   5.733220   5.721376     3.1350     2.6572     100.00   29.03258  -85.78548   -0.00785   -0.00594     4.4528     4.4509    27.9499    27.7733    35.7957    35.8467    23.0096    23.1057    1526.37    194.389    194.289         60 0.0000e+00
      46803   1950.103     36.748     37.000    28.2191    28.1222   5.745458   5.740766     3.1391     2.6667     100.00   29.03258  -85.78548   -0.00074    0.00052     4.4424     4.4461    28.2103    28.1135    35.6852    35.7205    22.8410    22.8973    1526.37    193.968    194.121         39 0.0000e+00
      49156   2048.141     29.796     30.000    28.5364    28.6097   5.633660   5.633849     3.1270     2.6574      91.78   29.15145  -86.13665    0.00017    0.00096     4.4069     4.4228    28.5293    28.6025    34.6030    34.6869    21.9311    21.9831    1532.62    192.597    193.292         32 0.0000e+00
      49048   2043.642     28.803     29.000    28.4837    28.4900   5.611184   5.609894     3.1134     2.6471     100.35   29.03260  -85.78548    0.00028   -0.00067     4.3977     4.4057    28.4769    28.4831    34.5516    34.5407    21.9010    21.8908    1526.37    192.192    192.545         33 0.0000e+00
      49131   2047.100     27.810     28.000    28.4842    28.4883   5.609885   5.609164     3.1152     2.6436     100.00   29.03260  -85.78548    0.00019   -0.00066     4.4008     4.3981    28.4775    28.4816    34.5456    34.5376    21.8963    21.8889    1526.37    192.327    192.213         67 0.0000e+00
      49221   2050.817     26.817     27.000    28.4858    28.5014   5.609151   5.609196     3.1145     2.6441      90.25   29.03260  -85.78548   -0.00042   -0.00003     4.3990     4.3980    28.4794    28.4949    34.5396    34.5286    21.8912    21.8778    1526.37    192.252    192.209         38 0.0000e+00
      49303   2054.255     25.823     26.000    28.4931    28.5125   5.608626   5.609477     3.1139     2.6466     101.23   29.03260  -85.78548    0.00057   -0.00095     4.3984     4.4019    28.4869    28.5063    34.5317    34.5227    21.8827    21.8696    1526.37    192.228    192.382         65 0.0000e+00
      49390   2057.865     24.830     25.000    28.5016    28.5220   5.609159   5.609815     3.1142     2.6456      93.85   29.03260  -85.78548    0.00017   -0.00009     4.3965     4.3988    28.4957    28.5160    34.5287    34.5184    21.8776    21.8631    1526.37    192.142    192.246         69 0.0000e+00
      49478   2061.551     23.837     24.000    28.5137    28.5228   5.609264   5.607733     3.1151     2.6457      99.23   29.03260  -85.78548    0.00044   -0.00015     4.3968     4.3988    28.5080    28.5171    34.5210    34.5031    21.8677    21.8510    1526.37    192.157    192.249         54 0.0000e+00
      49565   2065.153     22.844     23.000    28.5214    28.5107   5.607699   5.603278     3.1134     2.6474      97.76   29.03260  -85.78548   -0.00073    0.00051     4.3928     4.4032    28.5159    28.5052    34.5051    34.4819    21.8532    21.8393    1526.37    191.987    192.442         57 0.0000e+00
      49650   2068.718     21.851     22.000    28.5130    28.5042   5.604819   5.601669     3.1125     2.6494      90.18   29.03260  -85.78548    0.00026    0.00032     4.3918     4.4072    28.5077    28.4989    34.4912    34.4762    21.8455    21.8371    1526.37    191.943    192.621         54 0.0000e+00
      49740   2072.459     20.858     21.000    28.4934    28.4773   5.599393   5.594927     3.1158     2.6532      99.44   29.03260  -85.78548    0.00045    0.00159     4.3995     4.4170    28.4884    28.4723    34.4688    34.4491    21.8350    21.8256    1526.37    192.282    193.050         61 0.0000e+00
      49822   2075.875     19.864     20.000    28.4697    28.4624   5.592860   5.590150     3.1150     2.6524      99.87   29.03260  -85.78548   -0.00056   -0.00047     4.4008     4.4166    28.4650    28.4576    34.4320    34.4268    21.8151    21.8136    1526.37    192.343    193.035         40 0.0000e+00
      49924   2080.117     18.872     19.000    28.4624    28.4249   5.589161   5.574364     3.1194     2.6559      98.55   29.03259  -85.78548    0.00070    0.00153     4.4085     4.4277    28.4579    28.4204    34.4219    34.3449    21.8098    21.7644    1526.37    192.680    193.530         35 0.0000e+00
      53265   2219.315      8.939      9.000    28.6525    28.6558   5.492976   5.492183     3.1603     2.6855      84.88   29.34916  -86.72089    0.00008   -0.00021     4.4980     4.5021    28.6504    28.6537    33.7963    33.7885    21.3346    21.3276    1543.01    196.730    196.912         32 0.0000e+00
      53504   2229.310      6.953      7.000    28.6666    28.6670   5.494756   5.494555     3.1623     2.6925      85.45   29.36298  -86.76172   -0.00048   -0.00038     4.5002     4.5139    28.6649    28.6653    33.8068    33.8051    21.3402    21.3388    1543.74    196.826    197.426         37 0.0000e+00
      53002   2208.385      5.960      6.000    28.3435    28.3447   5.432716   5.432963     3.1270     2.6622      92.74   29.03258  -85.78546   -0.00012    0.00002     4.4496     4.4626    28.3421    28.3433    33.4256    33.4264    21.0996    21.0998    1526.37    194.611    195.180         50 0.0000e+00
      53922   2246.723      3.973      4.000    28.7162    28.7174   5.504092   5.504160     3.1696     2.6964     100.99   29.41577  -86.91772    0.00013    0.00035     4.5098     4.5187    28.7153    28.7165    33.8660    33.8656    21.3778    21.3771    1546.52    197.245    197.634         34 0.0000e+00
      55439   2309.931      2.980      3.000    28.3411    28.3447   5.431955   5.432480     3.1295     2.6598     100.00   29.03256  -85.78548   -0.00066    0.00015     4.4529     4.4561    28.3404    28.3440    33.4228    33.4239    21.0980    21.0977    1526.37    194.756    194.900         44 0.0000e+00
