Gulf of Mexico/GOMECC-4/1db/urb2103_0301.cnv
* Sea-Bird SBE 9 Data File:
* FileName = C:\Users\scs.user.rb\CTD\GOMECC4\data\rb2103_0301.hex
* Software Version Seasave V 7.26.7.107
* Temperature SN = 4799
* Conductivity SN = 3860
* Number of Bytes Per Scan = 41
* Number of Voltage Words = 4
* Number of Scans Averaged by the Deck Unit = 1
* NMEA Latitude = 27 00.64 N
* NMEA Longitude = 086 59.98 W
* NMEA UTC (Time) = Sep 22 2021  07:53:47
* NMEA baud rate = 4800
# nquan = 28
# nvalues = 167                         
# units = specified
# name 0 = scan: Scan Count
# name 1 = timeS: Time, Elapsed [seconds]
# name 2 = depSM: Depth [salt water, m]
# name 3 = prDM: Pressure, Digiquartz [db]
# name 4 = t090C: Temperature [ITS-90, deg C]
# name 5 = t190C: Temperature, 2 [ITS-90, deg C]
# name 6 = c0S/m: Conductivity [S/m]
# name 7 = c1S/m: Conductivity, 2 [S/m]
# name 8 = sbeox0V: Oxygen raw, SBE 43 [V]
# name 9 = sbeox1V: Oxygen raw, SBE 43, 2 [V]
# name 10 = altM: Altimeter [m]
# name 11 = latitude: Latitude [deg]
# name 12 = longitude: Longitude [deg]
# name 13 = sbox0dV/dT: Oxygen, SBE 43 [dov/dt]
# name 14 = sbox1dV/dT: Oxygen, SBE 43, 2 [dov/dt]
# name 15 = sbeox0ML/L: Oxygen, SBE 43 [ml/l], WS = 5
# name 16 = sbeox1ML/L: Oxygen, SBE 43, 2 [ml/l], WS = 5
# name 17 = potemp090C: Potential Temperature [ITS-90, deg C]
# name 18 = potemp190C: Potential Temperature, 2 [ITS-90, deg C]
# name 19 = sal00: Salinity, Practical [PSU]
# name 20 = sal11: Salinity, Practical, 2 [PSU]
# name 21 = sigma-é00: Density [sigma-theta, kg/m^3]
# name 22 = sigma-é11: Density, 2 [sigma-theta, kg/m^3]
# name 23 = avgsvCM: Average Sound Velocity [Chen-Millero, m/s], minP = 20, minS = 20
# name 24 = sbox0Mm/Kg: Oxygen, SBE 43 [umol/kg], WS = 5
# name 25 = sbox1Mm/Kg: Oxygen, SBE 43, 2 [umol/kg], WS = 5
# name 26 = nbin: number of scans per bin
# name 27 = flag: flag
# span 0 =      92333,     208423       
# span 1 =   3847.159,   8684.257       
# span 2 =      1.987,   2920.998       
# span 3 =      2.000,   2961.000       
# span 4 =     4.2818,    29.3822       
# span 5 =     4.2827,    29.4449       
# span 6 =   3.342849,   5.942344       
# span 7 =   3.342781,   5.941575       
# span 8 =     1.6173,     3.1884       
# span 9 =     1.3202,     2.6990       
# span 10 =      14.50,     102.39      
# span 11 =   26.14856,   27.52997      
# span 12 =  -88.78837,  -84.33053      
# span 13 =   -0.00149,    0.03195      
# span 14 =   -0.00363,    0.02947      
# span 15 =     2.5551,     4.7030      
# span 16 =     2.5814,     4.7293      
# span 17 =     4.0808,    29.3800      
# span 18 =     4.0819,    29.4444      
# span 19 =    34.7247,    36.5921      
# span 20 =    34.7377,    36.5759      
# span 21 =    21.9884,    27.7585      
# span 22 =    21.9987,    27.7569      
# span 23 =    1455.18,    1532.11      
# span 24 =    111.109,    204.364      
# span 25 =    112.253,    205.506      
# span 26 =         30,         81      
# span 27 = 0.0000e+00, 0.0000e+00      
# interval = decibars: 1                
# start_time = Sep 22 2021 07:53:47 [NMEA time, header]
# bad_flag = -9.990e-29
*END*
[from data line 52]
     139221   5800.852   1518.327   1534.000     4.2939     4.2945   3.346504   3.346421     1.9453     1.6241     100.00   26.98912  -86.99828    0.00013    0.00005     4.6244     4.6558     4.1672     4.1678    34.9689    34.9674    27.7438    27.7425    1501.19    200.953    202.314         37 0.0000e+00
     143833   5992.991   1339.751   1353.000     4.3413     4.3410   3.343000   3.342860     1.9587     1.6376      93.37   26.98944  -87.00132   -0.00003   -0.00020     4.5601     4.5953     4.2308     4.2306    34.9669    34.9655    27.7354    27.7343    1501.24    198.159    199.687         31 0.0000e+00
     143908   5996.135   1338.764   1352.000     4.3411     4.3418   3.342849   3.342781     1.9582     1.6375      99.79   26.98852  -86.99844   -0.00011   -0.00007     4.5580     4.5942     4.2308     4.2315    34.9657    34.9642    27.7344    27.7332    1501.19    198.069    199.641         58 0.0000e+00
     143993   5999.685   1337.776   1351.000     4.3419     4.3426   3.342873   3.342812     1.9584     1.6375     100.00   26.98852  -86.99844    0.00005   -0.00000     4.5580     4.5935     4.2317     4.2323    34.9657    34.9643    27.7343    27.7331    1501.19    198.065    199.612         59 0.0000e+00
     144533   6022.171   1336.789   1350.000     4.3438     4.3443   3.342984   3.342906     1.9583     1.6374     100.00   26.98845  -86.99846    0.00004   -0.00001     4.5567     4.5924     4.2336     4.2341    34.9655    34.9640    27.7340    27.7328    1501.19    198.009    199.563         30 0.0000e+00
     154149   6422.827   1040.466   1050.000     4.7435     4.7431   3.364314   3.364174     1.9063     1.5904      99.99   26.98476  -86.99048    0.00004    0.00018     4.1520     4.1903     4.6570     4.6566    34.9436    34.9425    27.6699    27.6690    1501.05    180.435    182.099         46 0.0000e+00
     154284   6428.472   1037.501   1047.000     4.7491     4.7489   3.364978   3.364841     1.9067     1.5901     100.00   26.98764  -86.99978    0.00013   -0.00026     4.1509     4.1866     4.6627     4.6625    34.9472    34.9458    27.6721    27.6711    1501.21    180.387    181.941         30 0.0000e+00
     154313   6429.681   1036.513   1046.000     4.7514     4.7508   3.365089   3.364930     1.9065     1.5899     100.00   26.98731  -86.99874    0.00001   -0.00021     4.1493     4.1851     4.6651     4.6645    34.9465    34.9453    27.6713    27.6704    1501.19    180.320    181.876         31 0.0000e+00
     160640   6693.288    841.695    849.000     5.5152     5.5156   3.423071   3.422996     1.7984     1.4895      99.99   26.98451  -86.99235    0.00004    0.00001     3.5995     3.6323     5.4415     5.4418    34.9167    34.9155    27.5566    27.5556    1501.08    156.444    157.869         35 0.0000e+00
     160753   6697.993    837.738    845.000     5.5212     5.5218   3.423724   3.423672     1.7995     1.4904     100.00   26.98725  -87.00125    0.00023    0.00024     3.6004     3.6329     5.4478     5.4484    34.9202    34.9190    27.5586    27.5576    1501.23    156.481    157.893         30 0.0000e+00
     160779   6699.064    836.749    844.000     5.5234     5.5251   3.423782   3.423830     1.7997     1.4906     100.00   26.98652  -86.99890    0.00022    0.00008     3.6003     3.6329     5.4501     5.4518    34.9189    34.9177    27.5574    27.5562    1501.19    156.479    157.895         30 0.0000e+00
     164039   6834.927    717.986    724.000     6.2345     6.2569   3.481901   3.484036     1.7211     1.4141      96.41   26.98879  -87.00777    0.00017   -0.00062     3.2237     3.2406     6.1684     6.1906    34.9040    34.9045    27.4552    27.4528    1501.34    140.124    140.860         46 0.0000e+00
     168656   7027.277    572.409    577.000     7.6102     7.6115   3.605888   3.606003     1.6252     1.3274     100.01   26.98878  -87.01063   -0.00035   -0.00012     2.7563     2.7822     7.5521     7.5533    34.9479    34.9468    27.2993    27.2983    1501.39    119.826    120.950         45 0.0000e+00
     168714   7029.716    571.418    576.000     7.6083     7.6221   3.605366   3.606624     1.6247     1.3280     100.00   26.98514  -86.99894   -0.00005    0.00022     2.7550     2.7830     7.5503     7.5641    34.9430    34.9428    27.2956    27.2934    1501.19    119.768    120.985         42 0.0000e+00
     169949   7081.169    569.437    574.000     7.6484     7.6498   3.608890   3.608937     1.6239     1.3269      99.99   26.98161  -86.98847   -0.00002   -0.00003     2.7489     2.7770     7.5904     7.5918    34.9414    34.9409    27.2884    27.2878    1501.01    119.505    120.726         42 0.0000e+00
     173891   7245.405    466.380    470.000     9.0132     9.0121   3.744951   3.744829     1.6173     1.3202     100.01   26.98712  -87.00901    0.00004   -0.00002     2.5974     2.6249     8.9612     8.9601    35.0841    35.0833    27.1904    27.1900    1501.37    112.929    114.125         36 0.0000e+00
     178897   7454.019    347.405    350.000    11.4776    11.4782   4.007589   4.007556     1.6739     1.3710     100.00   26.98144  -86.99446    0.00001   -0.00001     2.5551     2.5814    11.4327    11.4334    35.4163    35.4175    27.0199    27.0209    1501.12    111.109    112.253         31 0.0000e+00
     181470   7561.211    252.175    254.000    13.9322    13.9563   4.285266   4.287947     1.7698     1.4567     100.04   26.99282  -87.03316    0.00172    0.00157     2.6184     2.6416    13.8952    13.9193    35.8148    35.8174    26.8401    26.8370    1501.79    113.881    114.892         40 0.0000e+00
     183326   7638.546    247.214    249.000    14.2843    14.2812   4.324798   4.324449     1.8579     1.5379     100.00   26.98037  -86.99453    0.00034   -0.00007     2.8138     2.8402    14.2475    14.2444    35.8542    35.8538    26.7947    26.7951    1501.12    122.385    123.532         40 0.0000e+00
     183375   7640.582    246.222    248.000    14.2942    14.2838   4.326082   4.325050     1.8581     1.5393     100.00   26.98160  -86.99852   -0.00004    0.00040     2.8133     2.8431    14.2576    14.2471    35.8574    35.8566    26.7951    26.7967    1501.19    122.364    123.661         41 0.0000e+00
     183418   7642.358    245.230    247.000    14.3220    14.2970   4.328766   4.326328     1.8596     1.5396     100.00   26.98159  -86.99852    0.00035    0.00052     2.8149     2.8430    14.2854    14.2605    35.8595    35.8582    26.7908    26.7951    1501.19    122.433    123.655         43 0.0000e+00
     183459   7644.102    244.237    246.000    14.3493    14.3339   4.332220   4.330179     1.8605     1.5406     100.00   26.98158  -86.99851    0.00070    0.00032     2.8148     2.8433    14.3128    14.2975    35.8645    35.8598    26.7887    26.7884    1501.19    122.428    123.668         41 0.0000e+00
     183497   7645.658    243.245    245.000    14.3679    14.3583   4.334758   4.333771     1.8625     1.5428     100.00   26.98157  -86.99850    0.00076    0.00082     2.8175     2.8465    14.3316    14.3219    35.8697    35.8670    26.7887    26.7887    1501.19    122.548    123.807         34 0.0000e+00
     183530   7647.062    242.253    244.000    14.3863    14.3818   4.336704   4.336039     1.8648     1.5452     100.00   26.98156  -86.99850    0.00123    0.00140     2.8223     2.8519    14.3501    14.3456    35.8727    35.8709    26.7870    26.7866    1501.19    122.758    124.044         34 0.0000e+00
     183565   7648.501    241.261    243.000    14.3892    14.3898   4.337048   4.337073     1.8663     1.5469     100.00   26.98155  -86.99850    0.00152    0.00155     2.8255     2.8554    14.3531    14.3537    35.8735    35.8732    26.7870    26.7866    1501.19    122.897    124.194         35 0.0000e+00
     183599   7649.923    240.268    242.000    14.3889    14.3917   4.336905   4.337144     1.8670     1.5472     100.00   26.98154  -86.99850    0.00099    0.00100     2.8269     2.8557    14.3529    14.3557    35.8736    35.8734    26.7871    26.7863    1501.19    122.955    124.209         32 0.0000e+00
     183629   7651.179    239.276    241.000    14.4014    14.4018   4.338343   4.338362     1.8682     1.5480     100.00   26.98154  -86.99850    0.00068    0.00054     2.8287     2.8571    14.3656    14.3659    35.8750    35.8749    26.7855    26.7853    1501.19    123.035    124.268         30 0.0000e+00
     183661   7652.480    238.284    240.000    14.4105    14.4095   4.339432   4.339212     1.8692     1.5482     100.00   26.98153  -86.99850    0.00081    0.00042     2.8302     2.8567    14.3749    14.3738    35.8771    35.8760    26.7851    26.7844    1501.19    123.098    124.251         32 0.0000e+00
     183693   7653.816    237.292    239.000    14.4171    14.4163   4.340137   4.339972     1.8689     1.5482     100.00   26.98152  -86.99850    0.00057    0.00025     2.8287     2.8560    14.3816    14.3808    35.8779    35.8771    26.7843    26.7838    1501.19    123.036    124.222         31 0.0000e+00
     183774   7657.219    234.315    236.000    14.4956    14.4975   4.349383   4.348592     1.8707     1.5484     100.00   26.98088  -86.99647    0.00056    0.00002     2.8269     2.8501    14.4604    14.4626    35.8887    35.8837    26.7755    26.7715    1501.16    122.957    123.965         32 0.0000e+00
     186174   7757.196    143.996    145.000    21.1425    21.1668   5.078520   5.080787     2.5267     2.1462     100.05   26.99307  -87.03754    0.03195    0.02947     3.8163     3.8563    21.1145    21.1388    36.3214    36.3190    25.4705    25.4620    1501.87    166.204    167.949         43 0.0000e+00
     187827   7826.086    137.047    138.000    22.3701    22.3544   5.218707   5.216881     2.6392     2.2364      99.99   26.97874  -86.99273    0.00719    0.00863     3.9539     3.9738    22.3423    22.3266    36.3964    36.3951    25.1820    25.1855    1501.09    172.243    173.112         31 0.0000e+00
     187870   7827.892    136.054    137.000    22.3854    22.3914   5.220222   5.220847     2.6456     2.2410     100.00   26.98044  -86.99826    0.00957    0.00870     3.9656     3.9812    22.3578    22.3638    36.3967    36.3965    25.1781    25.1762    1501.19    172.753    173.434         31 0.0000e+00
     187901   7829.177    135.062    136.000    22.4072    22.4099   5.221143   5.221662     2.6494     2.2462     100.00   26.98042  -86.99826    0.00606    0.00486     3.9713     3.9915    22.3798    22.3825    36.3860    36.3878    25.1637    25.1642    1501.19    173.007    173.884         31 0.0000e+00
     187932   7830.455    134.069    135.000    22.4487    22.4509   5.224640   5.224989     2.6573     2.2531     100.00   26.98042  -86.99826    0.00411    0.00417     3.9841     4.0040    22.4215    22.4236    36.3791    36.3800    25.1465    25.1466    1501.19    173.567    174.432         31 0.0000e+00
     188717   7863.150    105.276    106.000    26.8897    26.9114   5.727790   5.730725     2.8562     2.4257     100.03   26.98817  -87.02384    0.00834    0.00770     4.0301     4.0515    26.8653    26.8870    36.5692    36.5733    23.9450    23.9411    1501.63    175.779    176.709         33 0.0000e+00
     188700   7862.454    104.283    105.000    26.6445    26.7625   5.704740   5.715420     2.8581     2.4290     100.00   26.98021  -86.99820    0.00831    0.00642     4.0491     4.0676    26.6205    26.7385    36.5921    36.5759    24.0388    23.9890    1501.19    176.588    177.402         48 0.0000e+00
     188748   7864.461    103.290    104.000    26.7346    26.8023   5.712630   5.719023     2.8531     2.4200     100.00   26.98019  -86.99819   -0.00149   -0.00133     4.0340     4.0456    26.7108    26.7784    36.5781    36.5708    23.9995    23.9724    1501.19    175.935    176.448         43 0.0000e+00
     188786   7866.061    102.297    103.000    27.0879    27.0898   5.744431   5.744238     2.8666     2.4371     100.00   26.98018  -86.99818    0.00222    0.00081     4.0371     4.0636    27.0641    27.0661    36.5290    36.5273    23.8493    23.8480    1501.19    176.093    177.250         36 0.0000e+00
     188821   7867.502    101.304    102.000    27.1381    27.1388   5.748848   5.749719     2.9033     2.4608     100.00   26.98017  -86.99818    0.01363    0.01189     4.0999     4.1078    27.1145    27.1152    36.5252    36.5272    23.8302    23.8315    1501.19    178.839    179.184         33 0.0000e+00
     188855   7868.926    100.312    101.000    27.1605    27.1673   5.751633   5.752227     2.9116     2.4664      74.12   26.98016  -86.99818    0.01531    0.01132     4.1130     4.1169    27.1371    27.1439    36.5242    36.5231    23.8222    23.8192    1501.19    179.413    179.584         33 0.0000e+00
     188889   7870.322     99.319    100.000    27.1805    27.1886   5.753392   5.754119     2.9163     2.4704     100.18   26.98016  -86.99818    0.00886    0.00522     4.1199     4.1234    27.1573    27.1654    36.5214    36.5202    23.8136    23.8101    1501.19    179.714    179.870         34 0.0000e+00
     188922   7871.690     98.326     99.000    27.2207    27.2266   5.756769   5.757520     2.9228     2.4721     100.00   26.98014  -86.99818    0.00439    0.00292     4.1287     4.1239    27.1977    27.2036    36.5144    36.5151    23.7953    23.7940    1501.19    180.101    179.892         33 0.0000e+00
     188955   7873.079     97.333     98.000    27.2774    27.2942   5.761547   5.762859     2.9290     2.4783     100.00   26.98014  -86.99818    0.00421    0.00207     4.1360     4.1319    27.2546    27.2715    36.5044    36.5006    23.7694    23.7611    1501.19    180.424    180.249         33 0.0000e+00
     188988   7874.442     96.340     97.000    27.3182    27.3229   5.765056   5.765258     2.9370     2.4845     100.00   26.98012  -86.99818    0.00500    0.00371     4.1470     4.1426    27.2956    27.3004    36.4977    36.4958    23.7511    23.7481    1501.19    180.910    180.718         32 0.0000e+00
     189019   7875.767     95.347     96.000    27.3443    27.3403   5.767003   5.766917     2.9410     2.4927     100.00   26.98012  -86.99818    0.00497    0.00469     4.1531     4.1575    27.3220    27.3179    36.4948    36.4953    23.7404    23.7421    1501.19    181.174    181.369         32 0.0000e+00
     189053   7877.148     94.354     95.000    27.3520    27.3526   5.767961   5.768094     2.9452     2.4937     100.00   26.98010  -86.99818    0.00371    0.00403     4.1595     4.1586    27.3299    27.3305    36.4929    36.4933    23.7364    23.7365    1501.19    181.457    181.417         35 0.0000e+00
     189088   7878.617     93.361     94.000    27.3572    27.3596   5.768380   5.768697     2.9493     2.4939     100.00   26.98009  -86.99818    0.00293    0.00233     4.1662     4.1579    27.3353    27.3377    36.4921    36.4924    23.7340    23.7335    1501.19    181.750    181.388         35 0.0000e+00
     189122   7880.036     92.368     93.000    27.3615    27.3705   5.768671   5.769505     2.9477     2.4965      83.10   26.98008  -86.99817    0.00197    0.00075     4.1625     4.1623    27.3399    27.3489    36.4910    36.4900    23.7317    23.7280    1501.19    181.587    181.579         32 0.0000e+00
     189154   7881.379     91.375     92.000    27.3807    27.3798   5.770254   5.770342     2.9513     2.4963      71.79   26.98008  -86.99816    0.00057    0.00098     4.1673     4.1607    27.3593    27.3584    36.4876    36.4890    23.7229    23.7242    1501.19    181.800    181.510         32 0.0000e+00
     189187   7882.745     90.382     91.000    27.4051    27.3978   5.772375   5.771879     2.9557     2.4982      99.90   26.98006  -86.99816    0.00175    0.00090     4.1730     4.1629    27.3839    27.3766    36.4839    36.4862    23.7121    23.7163    1501.19    182.048    181.609         33 0.0000e+00
