Gulf of Mexico/GOMECC-4/1db/urb2103_1181.cnv
* Sea-Bird SBE 9 Data File:
* FileName = C:\Users\scs.user.rb\CTD\GOMECC4\data\rb2103_1181.hex
* Software Version Seasave V 7.26.7.107
* Temperature SN = 4799
* Conductivity SN = 3860
* Number of Bytes Per Scan = 41
* Number of Voltage Words = 4
* Number of Scans Averaged by the Deck Unit = 1
* NMEA Latitude = 21 37.95 N
* NMEA Longitude = 086 14.49 W
* NMEA UTC (Time) = Oct 16 2021  02:01:26
* NMEA baud rate = 4800
# nquan = 28
# nvalues = 290                         
# units = specified
# name 0 = scan: Scan Count
# name 1 = timeS: Time, Elapsed [seconds]
# name 2 = depSM: Depth [salt water, m]
# name 3 = prDM: Pressure, Digiquartz [db]
# name 4 = t090C: Temperature [ITS-90, deg C]
# name 5 = t190C: Temperature, 2 [ITS-90, deg C]
# name 6 = c0S/m: Conductivity [S/m]
# name 7 = c1S/m: Conductivity, 2 [S/m]
# name 8 = sbeox0V: Oxygen raw, SBE 43 [V]
# name 9 = sbeox1V: Oxygen raw, SBE 43, 2 [V]
# name 10 = altM: Altimeter [m]
# name 11 = latitude: Latitude [deg]
# name 12 = longitude: Longitude [deg]
# name 13 = sbox0dV/dT: Oxygen, SBE 43 [dov/dt]
# name 14 = sbox1dV/dT: Oxygen, SBE 43, 2 [dov/dt]
# name 15 = sbeox0ML/L: Oxygen, SBE 43 [ml/l], WS = 5
# name 16 = sbeox1ML/L: Oxygen, SBE 43, 2 [ml/l], WS = 5
# name 17 = potemp090C: Potential Temperature [ITS-90, deg C]
# name 18 = potemp190C: Potential Temperature, 2 [ITS-90, deg C]
# name 19 = sal00: Salinity, Practical [PSU]
# name 20 = sal11: Salinity, Practical, 2 [PSU]
# name 21 = sigma-é00: Density [sigma-theta, kg/m^3]
# name 22 = sigma-é11: Density, 2 [sigma-theta, kg/m^3]
# name 23 = avgsvCM: Average Sound Velocity [Chen-Millero, m/s], minP = 20, minS = 20
# name 24 = sbox0Mm/Kg: Oxygen, SBE 43 [umol/kg], WS = 5
# name 25 = sbox1Mm/Kg: Oxygen, SBE 43, 2 [umol/kg], WS = 5
# name 26 = nbin: number of scans per bin
# name 27 = flag: flag
# span 0 =      52707,     117941       
# span 1 =   2196.063,   4914.157       
# span 2 =      0.994,   1043.817       
# span 3 =      1.000,   1053.000       
# span 4 =     5.1826,    29.5843       
# span 5 =     5.1828,    29.5839       
# span 6 =   3.402819,   5.942587       
# span 7 =   3.402944,   5.942556       
# span 8 =     1.6308,     3.1910       
# span 9 =     1.3276,     2.6924       
# span 10 =       8.27,     105.77      
# span 11 =   20.28460,   21.74951      
# span 12 =  -86.63535,  -80.78671      
# span 13 =   -0.00701,    0.01063      
# span 14 =   -0.00656,    0.01036      
# span 15 =     2.6982,     4.4119      
# span 16 =     2.7064,     4.3757      
# span 17 =     5.0925,    29.5841      
# span 18 =     5.0925,    29.5836      
# span 19 =    33.7506,    37.0139      
# span 20 =    33.7507,    37.0127      
# span 21 =    21.2093,    27.6116      
# span 22 =    21.2099,    27.6113      
# span 23 =    1409.83,    1511.94      
# span 24 =    117.314,    192.660      
# span 25 =    117.669,    191.079      
# span 26 =         30,         77      
# span 27 = 0.0000e+00, 0.0000e+00      
# interval = decibars: 1                
# start_time = Oct 16 2021 02:01:26 [NMEA time, header]
# bad_flag = -9.990e-29
*END*
[from data line 259]
     107194   4466.392     42.729     43.000    28.4308    28.4522   5.856651   5.858853     3.0854     2.6040      99.70   21.65268  -86.24704    0.00024   -0.00047     4.3154     4.2855    28.4205    28.4419    36.2986    36.2991    23.2328    23.2261    1505.16    188.352    187.044         55 0.0000e+00
     107287   4470.234     41.735     42.000    28.4603    28.5662   5.859289   5.870052     3.0859     2.6148      99.95   21.65271  -86.24706    0.00014    0.00270     4.3141     4.2986    28.4507    28.5562    36.2975    36.2904    23.2220    23.1816    1505.16    188.294    187.625         43 0.0000e+00
     107366   4473.530     40.741     41.000    28.5465    28.6478   5.867988   5.877779     3.0926     2.6235      97.79   21.65275  -86.24706    0.00178    0.00363     4.3190     4.3104    28.5367    28.6380    36.2912    36.2822    23.1887    23.1482    1505.16    188.516    188.148         43 0.0000e+00
     107457   4477.314     39.748     40.000    28.6489    28.7298   5.876791   5.884691     3.1012     2.6319     100.36   21.65277  -86.24708    0.00235    0.00222     4.3267     4.3224    28.6393    28.7202    36.2748    36.2715    23.1423    23.1128    1505.16    188.862    188.677         48 0.0000e+00
     107543   4480.915     38.754     39.000    28.7152    28.7779   5.883499   5.889613     3.1106     2.6324     100.00   21.65280  -86.24709    0.00261    0.00052     4.3384     4.3185    28.7058    28.7685    36.2706    36.2657    23.1169    23.0923    1505.16    189.376    188.509         61 0.0000e+00
     107633   4484.663     37.761     38.000    28.7376    28.8269   5.885531   5.893728     3.1162     2.6323      98.28   21.65283  -86.24713    0.00177   -0.00010     4.3463     4.3148    28.7285    28.8177    36.2685    36.2582    23.1077    23.0703    1505.16    189.722    188.353         43 0.0000e+00
     107718   4488.202     36.767     37.000    28.7962    28.8455   5.890357   5.895608     3.1176     2.6317      99.09   21.65286  -86.24714    0.00017   -0.00038     4.3443     4.3113    28.7873    28.8365    36.2609    36.2565    23.0824    23.0627    1505.16    189.639    188.202         58 0.0000e+00
     107810   4492.062     35.773     36.000    28.8394    28.8754   5.893853   5.897814     3.1166     2.6319      85.84   21.65289  -86.24717   -0.00036   -0.00084     4.3387     4.3094    28.8307    28.8667    36.2519    36.2501    23.0611    23.0477    1505.16    189.397    188.124         44 0.0000e+00
     107891   4495.399     34.780     35.000    28.8554    28.9048   5.896055   5.900134     3.1184     2.6345     103.74   21.65291  -86.24719    0.00026    0.00035     4.3402     4.3120    28.8470    28.8963    36.2522    36.2433    23.0559    23.0327    1505.16    189.463    188.239         32 0.0000e+00
     107986   4499.391     33.786     34.000    28.8729    28.9303   5.897265   5.902041     3.1206     2.6362     100.00   21.65294  -86.24722    0.00054    0.00013     4.3420     4.3130    28.8646    28.9220    36.2486    36.2385    23.0473    23.0205    1505.16    189.545    188.283         70 0.0000e+00
     108069   4502.854     32.792     33.000    28.9072    28.9416   5.900080   5.903071     3.1229     2.6389     100.00   21.65297  -86.24724    0.00063    0.00076     4.3436     4.3175    28.8992    28.9336    36.2418    36.2361    23.0306    23.0148    1505.16    189.617    188.483         70 0.0000e+00
     108162   4506.702     31.799     32.000    28.9276    28.9761   5.901659   5.905483     3.1250     2.6472     100.00   21.65300  -86.24726    0.00004    0.00179     4.3453     4.3314    28.9199    28.9683    36.2376    36.2272    23.0205    22.9965    1505.16    189.694    189.094         45 0.0000e+00
     108244   4510.144     30.805     31.000    28.9869    29.0823   5.906173   5.912076     3.1317     2.6557      90.03   21.65303  -86.24728    0.00221    0.00238     4.3548     4.3420    28.9803    29.0748    36.2235    36.1945    22.9897    22.9361    1505.16    190.112    189.564         51 0.0000e+00
     108373   4515.520     29.812     30.000    29.0677    29.0971   5.909692   5.911944     3.1414     2.6602     101.57   21.65306  -86.24731    0.00251    0.00049     4.3640     4.3487    29.0602    29.0898    36.1880    36.1805    22.9362    22.9206    1505.16    190.527    189.862         33 0.0000e+00
     109591   4566.251     28.818     29.000    29.1141    29.1171   5.910638   5.911007     3.1559     2.6687     100.00   21.65350  -86.24757    0.00030    0.00100     4.3871     4.3644    29.1070    29.1100    36.1592    36.1595    22.8988    22.8980    1505.16    191.541    190.549         45 0.0000e+00
     109826   4576.047     27.824     28.000    29.1200    29.1201   5.910641   5.910827     3.1571     2.6685     100.00   21.65358  -86.24763   -0.00060   -0.00043     4.3884     4.3634    29.1132    29.1133    36.1551    36.1562    22.8936    22.8945    1505.16    191.598    190.507         30 0.0000e+00
     110297   4595.658     25.837     26.000    29.2092    29.2035   5.927297   5.928249     3.1672     2.6762     100.25   21.70776  -86.46317   -0.00062   -0.00011     4.3992     4.3718    29.2030    29.1972    36.2252    36.2131    22.9275    22.9183    1508.92    192.072    190.880         55 0.0000e+00
     110116   4588.118     24.843     25.000    29.1559    29.1581   5.913686   5.914118     3.1624     2.6733     100.00   21.65369  -86.24769    0.00033    0.00112     4.3939     4.3687    29.1498    29.1520    36.1506    36.1515    22.8779    22.8779    1505.16    191.840    190.741         39 0.0000e+00
     110209   4591.986     23.850     24.000    29.1610    29.1603   5.913771   5.913910     3.1627     2.6714     100.00   21.65372  -86.24771    0.00034   -0.00090     4.3935     4.3643    29.1551    29.1545    36.1469    36.1483    22.8734    22.8746    1505.16    191.826    190.549         40 0.0000e+00
     110306   4596.047     22.856     23.000    29.1650    29.1636   5.912750   5.913235     3.1640     2.6737     100.00   21.65375  -86.24774    0.00060    0.00119     4.3952     4.3684    29.1594    29.1580    36.1371    36.1415    22.8646    22.8683    1505.16    191.902    190.730         51 0.0000e+00
     110317   4596.518     20.869     21.000    29.1469    29.1442   5.906329   5.906344     3.1598     2.6665      85.12   21.62000  -86.11306   -0.00026    0.00005     4.3866     4.3526    29.1418    29.1391    36.0799    36.0810    22.8189    22.8206    1502.81    191.526    190.045         63 0.0000e+00
     110593   4608.020     19.875     20.000    29.2005    29.1963   5.916394   5.916038     3.1677     2.6747      97.00   21.65385  -86.24779    0.00080    0.00178     4.3975     4.3666    29.1957    29.1914    36.1366    36.1368    22.8520    22.8535    1505.16    192.004    190.654         33 0.0000e+00
     110675   4611.399     18.881     19.000    29.2063    29.2005   5.916436   5.915918     3.1636     2.6745      32.24   21.65389  -86.24780   -0.00086    0.00028     4.3893     4.3651    29.2017    29.1959    36.1323    36.1314    22.8467    22.8480    1505.16    191.649    190.592         39 0.0000e+00
     110781   4615.821     17.888     18.000    29.2003    29.1994   5.914436   5.914960     3.1678     2.6759     105.77   21.65393  -86.24782    0.00094    0.00056     4.3971     4.3679    29.1959    29.1950    36.1250    36.1280    22.8432    22.8457    1505.16    191.989    190.715         54 0.0000e+00
     110871   4619.570     16.894     17.000    29.1930    29.1954   5.912568   5.913304     3.1688     2.6783      99.99   21.65396  -86.24785    0.00035    0.00089     4.3990     4.3726    29.1888    29.1913    36.1165    36.1197    22.8392    22.8407    1505.16    192.073    190.920         63 0.0000e+00
     110968   4623.635     15.900     16.000    29.1907    29.1919   5.912033   5.912348     3.1691     2.6782      98.64   21.65399  -86.24787    0.00022   -0.00006     4.3994     4.3722    29.1868    29.1880    36.1148    36.1161    22.8386    22.8392    1505.16    192.088    190.900         30 0.0000e+00
     111056   4627.282     14.906     15.000    29.1900    29.1937   5.911475   5.911760     3.1729     2.6717      98.95   21.65403  -86.24788    0.00100   -0.00139     4.4057     4.3587    29.1864    29.1900    36.1117    36.1109    22.8364    22.8346    1505.16    192.364    190.313         41 0.0000e+00
     114209   4758.665      5.963      6.000    29.4821    29.4813   5.937197   5.937107     3.1910     2.6924     100.00   21.65520  -86.24867   -0.00035    0.00037     4.4119     4.3757    29.4807    29.4798    36.0714    36.0693    22.7067    22.7054    1505.16    192.660    191.079         34 0.0000e+00
     114327   4763.603      4.969      5.000    29.5437    29.5340   5.940510   5.940282     3.1631     2.6654      98.36   21.65525  -86.24869   -0.00701   -0.00656     4.3573     4.3164    29.5425    29.5328    36.0490    36.0529    22.6689    22.6752    1505.16    190.281    188.494         31 0.0000e+00
     109357   4556.504      1.987      2.000    27.7083    27.7072   5.565955   5.566015     2.9608     2.5001      93.67   20.28460  -80.78671   -0.00049    0.00036     4.0740     4.0475    27.7078    27.7067    33.7506    33.7507    21.2093    21.2099    1409.83    177.917    176.758         36 0.0000e+00
     117941   4914.157      0.994      1.000    29.5843    29.5839   5.942587   5.942556     3.1620     2.6678     100.00   21.65666  -86.24956   -0.00024   -0.00030     4.3505     4.3177    29.5841    29.5836    36.0331    36.0336    22.6429    22.6434    1505.16    189.990    188.560         33 0.0000e+00
