Gulf of Mexico/GOMECC-4/1db/urb2103_0571.cnv
* Sea-Bird SBE 9 Data File:
* FileName = C:\Users\scs.user.rb\CTD\GOMECC4\data\rb2103_0571.hex
* Software Version Seasave V 7.26.7.107
* Temperature SN = 4799
* Conductivity SN = 3860
* Number of Bytes Per Scan = 41
* Number of Voltage Words = 4
* Number of Scans Averaged by the Deck Unit = 1
* NMEA Latitude = 28 05.10 N
* NMEA Longitude = 095 00.06 W
* NMEA UTC (Time) = Sep 29 2021  05:34:51
* NMEA baud rate = 4800
# nquan = 28
# nvalues = 28                          
# units = specified
# name 0 = scan: Scan Count
# name 1 = timeS: Time, Elapsed [seconds]
# name 2 = depSM: Depth [salt water, m]
# name 3 = prDM: Pressure, Digiquartz [db]
# name 4 = t090C: Temperature [ITS-90, deg C]
# name 5 = t190C: Temperature, 2 [ITS-90, deg C]
# name 6 = c0S/m: Conductivity [S/m]
# name 7 = c1S/m: Conductivity, 2 [S/m]
# name 8 = sbeox0V: Oxygen raw, SBE 43 [V]
# name 9 = sbeox1V: Oxygen raw, SBE 43, 2 [V]
# name 10 = altM: Altimeter [m]
# name 11 = latitude: Latitude [deg]
# name 12 = longitude: Longitude [deg]
# name 13 = sbox0dV/dT: Oxygen, SBE 43 [dov/dt]
# name 14 = sbox1dV/dT: Oxygen, SBE 43, 2 [dov/dt]
# name 15 = sbeox0ML/L: Oxygen, SBE 43 [ml/l], WS = 5
# name 16 = sbeox1ML/L: Oxygen, SBE 43, 2 [ml/l], WS = 5
# name 17 = potemp090C: Potential Temperature [ITS-90, deg C]
# name 18 = potemp190C: Potential Temperature, 2 [ITS-90, deg C]
# name 19 = sal00: Salinity, Practical [PSU]
# name 20 = sal11: Salinity, Practical, 2 [PSU]
# name 21 = sigma-é00: Density [sigma-theta, kg/m^3]
# name 22 = sigma-é11: Density, 2 [sigma-theta, kg/m^3]
# name 23 = avgsvCM: Average Sound Velocity [Chen-Millero, m/s], minP = 20, minS = 20
# name 24 = sbox0Mm/Kg: Oxygen, SBE 43 [umol/kg], WS = 5
# name 25 = sbox1Mm/Kg: Oxygen, SBE 43, 2 [umol/kg], WS = 5
# name 26 = nbin: number of scans per bin
# name 27 = flag: flag
# span 0 =      13431,      14481       
# span 1 =    559.594,    603.347       
# span 2 =      5.553,     36.307       
# span 3 =      6.000,    776.000       
# span 4 =    26.7476,    28.8481       
# span 5 =    26.7482,    28.8496       
# span 6 =   5.331164,   5.750099       
# span 7 =   5.331593,   5.750279       
# span 8 =     2.9144,     3.1434       
# span 9 =     2.4732,     2.6672       
# span 10 =      23.05,      25.13      
# span 11 =   26.28923,   28.35457      
# span 12 =  -95.91026,  -88.92417      
# span 13 =   -0.00186,   -0.00013      
# span 14 =   -0.00172,   -0.00059      
# span 15 =     4.0872,     4.7865      
# span 16 =     4.0852,     4.7874      
# span 17 =    26.7461,    28.8407      
# span 18 =    26.7468,    28.8422      
# span 19 =    32.8351,    35.4088      
# span 20 =    32.8376,    35.4089      
# span 21 =    20.8410,    22.4761      
# span 22 =    20.8427,    22.5669      
# span 23 =    1451.55,    1565.59      
# span 24 =    178.559,    209.128      
# span 25 =    178.474,    209.170      
# span 26 =          1,          1      
# span 27 = 0.0000e+00, 0.0000e+00      
# interval = decibars: 1                
# start_time = Sep 29 2021 05:34:51 [NMEA time, header]
# bad_flag = -9.990e-29
*END*
      14313    596.344     36.202    776.000    28.5568    28.5581   5.692245   5.692350     3.1101     2.6406      25.11   28.06852  -94.94267   -0.00186   -0.00172     4.7865     4.7874    28.3703    28.3715    34.8406    34.8404    22.1501    22.1495    1549.79    209.128    209.170          1 0.0000e+00
      14323    596.753     36.236    596.000    28.5741    28.1364   5.695765   5.694518     3.1123     2.6422      25.13   28.08580  -95.00114   -0.00180   -0.00169     4.6866     4.7134    28.4310    27.9948    34.9126    35.2269    22.1874    22.5669    1550.75    204.763    205.858          1 0.0000e+00
      14338    597.389     36.282    460.000    28.6024    28.6042   5.701381   5.701510     3.1154     2.6448      24.86   28.11377  -95.09576   -0.00174   -0.00166     4.6146     4.6149    28.4921    28.4939    34.9857    34.9852    22.2274    22.2265    1552.29    201.611    201.625          1 0.0000e+00
      14310    596.223     36.216    356.000    28.5446    28.5466   5.689870   5.689950     3.1082     2.6395      24.81   28.05697  -94.90362   -0.00170   -0.00164     4.5465     4.5484    28.4593    28.4613    34.9444    34.9435    22.1965    22.1951    1549.16    198.632    198.720          1 0.0000e+00
      14308    596.124     36.208    278.000    28.5381    28.5401   5.688527   5.688591     3.1081     2.6380      24.78   28.05034  -94.88121   -0.00164   -0.00163     4.5038     4.5028    28.4715    28.4735    34.9583    34.9573    22.2016    22.2003    1548.79    196.767    196.723          1 0.0000e+00
      14304    595.943     36.191    219.000    28.5272    28.5294   5.686393   5.686457     3.1072     2.6367      24.80   28.03982  -94.84562   -0.00158   -0.00164     4.4707     4.4685    28.4748    28.4769    34.9623    34.9611    22.2016    22.2000    1548.21    195.319    195.224          1 0.0000e+00
      14349    597.815     36.293    175.000    28.6150    28.6170   5.703839   5.703934     3.1159     2.6448      24.88   28.12600  -95.13711   -0.00152   -0.00164     4.4587     4.4582    28.5732    28.5752    35.0823    35.0815    22.2756    22.2743    1552.97    194.790    194.768          1 0.0000e+00
      14328    596.962     36.222    141.000    28.5724    28.5740   5.695318   5.695460     3.1118     2.6408      24.84   28.08387  -94.99460   -0.00145   -0.00163     4.4349     4.4333    28.5387    28.5403    35.0396    35.0394    22.2469    22.2463    1550.64    193.754    193.684          1 0.0000e+00
      14270    594.540     36.044    115.000    28.4544    28.4561   5.671819   5.671937     3.0993     2.6299      24.74   27.96795  -94.60251   -0.00135   -0.00162     4.4036     4.4015    28.4270    28.4287    34.9024    34.9020    22.1586    22.1577    1544.24    192.382    192.290          1 0.0000e+00
      14306    596.052     36.095     96.000    28.5247    28.5263   5.685857   5.685991     3.1069     2.6364      24.80   28.03718  -94.83667   -0.00129   -0.00163     4.4042     4.4021    28.5017    28.5033    34.9946    34.9943    22.2164    22.2157    1548.06    192.409    192.315          1 0.0000e+00
      14414    600.538     36.307     82.000 -9.990e-29    28.7389   5.728390   5.728369     3.1301     2.6561      24.95   28.24618  -95.54363   -0.00120   -0.00165 -9.990e-29     4.4271 -9.990e-29    28.7193 -9.990e-29    35.2594 -9.990e-29    22.3833    1559.60 -9.990e-29    193.406          1 0.0000e+00
      14244    593.471     35.802     70.000    28.3975    28.3989   5.660404   5.660574     3.0930     2.6247      24.73   27.91181  -94.41260   -0.00114   -0.00159     4.3709     4.3687    28.3808    28.3821    34.8451    34.8452    22.1201    22.1198    1541.14    190.952    190.859          1 0.0000e+00
      14334    597.208     35.922     62.000    28.5744    28.5756   5.695676   5.695870     3.1133     2.6410      24.84   28.08566  -95.00066   -0.00112   -0.00155     4.3954     4.3915    28.5596    28.5608    35.0647    35.0651    22.2592    22.2591    1550.74    192.025    191.852          1 0.0000e+00
      14449    602.002     36.067     56.000    28.8015    28.8028   5.740932   5.741209     3.1374     2.6620      25.01   28.30910  -95.75645   -0.00110   -0.00152     4.4256     4.4229    28.7881    28.7894    35.3453    35.3463    22.4371    22.4373    1563.08    193.346    193.228          1 0.0000e+00
      14448    601.966     35.872     51.000    28.7978    28.7991   5.740167   5.740427     3.1377     2.6617      25.03   28.30544  -95.74408   -0.00106   -0.00147     4.4237     4.4197    28.7856    28.7869    35.3420    35.3428    22.4347    22.4349    1562.88    193.263    193.087          1 0.0000e+00
      14414    600.540     35.531     47.000    28.7276    28.7290   5.726176   5.726420     3.1303     2.6561      24.94   28.23645  -95.51073   -0.00102   -0.00141     4.4115     4.4087    28.7164    28.7178    35.2570    35.2577    22.3806    22.3806    1559.07    192.725    192.608          1 0.0000e+00
      14440    601.641     35.255     44.000    28.7785    28.7797   5.736272   5.736563     3.1358     2.6611      25.02   28.28624  -95.67911   -0.00097   -0.00133     4.4176     4.4155    28.7680    28.7692    35.3200    35.3211    22.4203    22.4208    1561.81    192.993    192.902          1 0.0000e+00
      14276    594.806     34.408     41.000    28.4496    28.4507   5.670670   5.670957     3.0990     2.6298      24.73   27.96290  -94.58541   -0.00092   -0.00125     4.3639     4.3619    28.4398    28.4409    34.9166    34.9178    22.1641    22.1647    1543.96    190.649    190.559          1 0.0000e+00
      14330    597.029     33.942     39.000    28.5539    28.5553   5.691535   5.691722     3.1111     2.6400      24.82   28.06551  -94.93250   -0.00086   -0.00120     4.3801     4.3780    28.5446    28.5460    35.0458    35.0461    22.2461    22.2459    1549.63    191.355    191.262          1 0.0000e+00
      14317    596.517     33.125     37.000    28.5275    28.5288   5.686199   5.686425     3.1085     2.6379      24.80   28.03943  -94.84430   -0.00081   -0.00113     4.3755     4.3735    28.5186    28.5199    35.0135    35.0141    22.2255    22.2255    1548.19    191.156    191.066          1 0.0000e+00
      14292    595.466     32.025     35.000    28.4752    28.4765   5.675727   5.675974     3.1028     2.6321      24.75   27.98810  -94.67067   -0.00074   -0.00108     4.3665     4.3626    28.4669    28.4682    34.9495    34.9503    22.1847    22.1848    1545.35    190.761    190.592          1 0.0000e+00
      14318    596.535     30.699     33.000    28.5244    28.5259   5.685581   5.685719     3.1081     2.6364      24.77   28.03638  -94.83398   -0.00066   -0.00103     4.3729     4.3684    28.5165    28.5180    35.0109    35.0107    22.2235    22.2229    1548.02    191.042    190.847          1 0.0000e+00
      14481    603.347     29.197     31.000    28.8481    28.8496   5.750099   5.750279     3.1434     2.6672      25.03   28.35457  -95.91026   -0.00058   -0.00097     4.4213     4.4186    28.8407    28.8422    35.4088    35.4089    22.4761    22.4757    1565.59    193.156    193.038          1 0.0000e+00
      14406    600.218     26.606     28.000    28.6965    28.6982   5.719892   5.720063     3.1269     2.6526      24.77   28.20553  -95.40614   -0.00049   -0.00091     4.3966     4.3927    28.6897    28.6914    35.2236    35.2236    22.3584    22.3578    1557.36    192.074    191.904          1 0.0000e+00
      14133    588.851     22.935     24.000    28.1511    28.1527   5.611165   5.611380     3.0675     2.6019      24.26   27.66947  -93.59287   -0.00039   -0.00086     4.3112     4.3067    28.1453    28.1470    34.5551    34.5553    21.9339    21.9335    1527.76    188.344    188.149          1 0.0000e+00
      14445    601.812     19.155     20.000    28.7687    28.7713   5.734304   5.734463     3.1348     2.6599      24.79   28.27653  -95.64627   -0.00032   -0.00081     4.4033     4.4006    28.7639    28.7665    35.3148    35.3140    22.4159    22.4144    1561.28    192.371    192.251          1 0.0000e+00
      14312    596.301     13.359     14.000    28.5032    28.5054   5.681285   5.681622     3.1058     2.6356      24.56   28.01562  -94.76375   -0.00023   -0.00071     4.3597     4.3575    28.4999    28.5020    34.9898    34.9906    22.2094    22.2092    1546.87    190.462    190.370          1 0.0000e+00
      13431    559.594      5.553      6.000    26.7476    26.7482   5.331164   5.331593     2.9144     2.4732      23.05   26.28923  -88.92417   -0.00013   -0.00059     4.0872     4.0852    26.7461    26.7468    32.8351    32.8376    20.8410    20.8427    1451.55    178.559    178.474          1 0.0000e+00
