Gulf of Mexico/GOMECC-4/1db/urb2103_1091.cnv
* Sea-Bird SBE 9 Data File:
* FileName = C:\Users\scs.user.rb\CTD\GOMECC4\data\rb2103_1091.hex
* Software Version Seasave V 7.26.7.107
* Temperature SN = 4799
* Conductivity SN = 3860
* Number of Bytes Per Scan = 41
* Number of Voltage Words = 4
* Number of Scans Averaged by the Deck Unit = 1
* NMEA Latitude = 22 44.06 N
* NMEA Longitude = 086 29.42 W
* NMEA UTC (Time) = Oct 15 2021  01:38:41
* NMEA baud rate = 4800
# nquan = 28
# nvalues = 325                         
# units = specified
# name 0 = scan: Scan Count
# name 1 = timeS: Time, Elapsed [seconds]
# name 2 = depSM: Depth [salt water, m]
# name 3 = prDM: Pressure, Digiquartz [db]
# name 4 = t090C: Temperature [ITS-90, deg C]
# name 5 = t190C: Temperature, 2 [ITS-90, deg C]
# name 6 = c0S/m: Conductivity [S/m]
# name 7 = c1S/m: Conductivity, 2 [S/m]
# name 8 = sbeox0V: Oxygen raw, SBE 43 [V]
# name 9 = sbeox1V: Oxygen raw, SBE 43, 2 [V]
# name 10 = altM: Altimeter [m]
# name 11 = latitude: Latitude [deg]
# name 12 = longitude: Longitude [deg]
# name 13 = sbox0dV/dT: Oxygen, SBE 43 [dov/dt]
# name 14 = sbox1dV/dT: Oxygen, SBE 43, 2 [dov/dt]
# name 15 = sbeox0ML/L: Oxygen, SBE 43 [ml/l], WS = 5
# name 16 = sbeox1ML/L: Oxygen, SBE 43, 2 [ml/l], WS = 5
# name 17 = potemp090C: Potential Temperature [ITS-90, deg C]
# name 18 = potemp190C: Potential Temperature, 2 [ITS-90, deg C]
# name 19 = sal00: Salinity, Practical [PSU]
# name 20 = sal11: Salinity, Practical, 2 [PSU]
# name 21 = sigma-é00: Density [sigma-theta, kg/m^3]
# name 22 = sigma-é11: Density, 2 [sigma-theta, kg/m^3]
# name 23 = avgsvCM: Average Sound Velocity [Chen-Millero, m/s], minP = 20, minS = 20
# name 24 = sbox0Mm/Kg: Oxygen, SBE 43 [umol/kg], WS = 5
# name 25 = sbox1Mm/Kg: Oxygen, SBE 43, 2 [umol/kg], WS = 5
# name 26 = nbin: number of scans per bin
# name 27 = flag: flag
# span 0 =      36203,      95239       
# span 1 =   1508.398,   3968.248       
# span 2 =      0.994,    650.851       
# span 3 =      1.000,    656.000       
# span 4 =     7.7899,    30.5183       
# span 5 =     7.7896,    30.5158       
# span 6 =   3.626191,   6.125344       
# span 7 =   3.626222,   6.125043       
# span 8 =     1.6383,     3.2211       
# span 9 =     1.3353,     2.7184       
# span 10 =      12.01,     105.33      
# span 11 =   22.33275,   23.14537      
# span 12 =  -87.96685,  -84.87569      
# span 13 =   -0.00402,    0.00960      
# span 14 =   -0.00385,    0.01251      
# span 15 =     2.6770,     4.4206      
# span 16 =     2.6882,     4.3962      
# span 17 =     7.7226,    30.5153      
# span 18 =     7.7224,    30.5128      
# span 19 =    34.9496,    37.0003      
# span 20 =    34.9493,    37.0012      
# span 21 =    22.3512,    27.2759      
# span 22 =    22.2437,    27.2759      
# span 23 =    1488.45,    1542.68      
# span 24 =    116.397,    193.013      
# span 25 =    116.883,    191.934      
# span 26 =         30,         75      
# span 27 = 0.0000e+00, 0.0000e+00      
# interval = decibars: 1                
# start_time = Oct 15 2021 01:38:41 [NMEA time, header]
# bad_flag = -9.990e-29
*END*
[from data line 104]
      52366   2181.878    322.706    325.000    16.6681    16.6846   4.613449   4.615400     2.1101     1.7629     100.01   22.75015  -86.50375    0.00291    0.00347     3.2874     3.3040    16.6145    16.6310    36.2536    36.2558    26.5689    26.5667    1517.17    143.014    143.740         31 0.0000e+00
      52394   2183.050    321.714    324.000    16.6864    16.7077   4.615448   4.617849     2.1138     1.7660     100.00   22.74882  -86.49868    0.00317    0.00326     3.2944     3.3102    16.6330    16.6542    36.2544    36.2563    26.5650    26.5614    1517.08    143.321    144.008         31 0.0000e+00
      52502   2187.551    317.745    320.000    16.8343    16.8454   4.633126   4.634615     2.1276     1.7765     100.00   22.74917  -86.49988    0.00316    0.00243     3.3147     3.3260    16.7812    16.7922    36.2781    36.2812    26.5481    26.5478    1517.10    144.206    144.697         32 0.0000e+00
      52613   2192.168    313.776    316.000    16.9000    16.9010   4.641043   4.641289     2.1367     1.7849     100.01   22.75107  -86.50698    0.00187    0.00162     3.3296     3.3420    16.8474    16.8484    36.2909    36.2921    26.5423    26.5431    1517.23    144.855    145.396         31 0.0000e+00
      52639   2193.254    312.784    315.000    16.9087    16.9044   4.641750   4.641414     2.1379     1.7856     100.00   22.74890  -86.49870    0.00187    0.00145     3.3314     3.3433    16.8562    16.8520    36.2886    36.2895    26.5382    26.5399    1517.08    144.933    145.451         31 0.0000e+00
      52847   2201.910    305.838    308.000    16.9988    17.0212   4.652717   4.655330     2.1462     1.7936     100.01   22.75020  -86.50345    0.00079    0.00097     3.3412     3.3526    16.9474    16.9697    36.3060    36.3086    26.5299    26.5265    1517.16    145.360    145.858         50 0.0000e+00
      52897   2204.001    304.846    307.000    16.9728    17.0239   4.649148   4.655720     2.1459     1.7949     100.00   22.74897  -86.49874    0.00053    0.00055     3.3421     3.3571    16.9216    16.9726    36.2988    36.3073    26.5304    26.5247    1517.08    145.402    146.054         42 0.0000e+00
      52947   2206.076    303.854    306.000    16.9809    17.0725   4.650185   4.661043     2.1465     1.7960     100.00   22.74899  -86.49874   -0.00011    0.00072     3.3426     3.3544    16.9299    17.0213    36.3009    36.3138    26.5301    26.5180    1517.08    145.422    145.938         35 0.0000e+00
      53051   2210.419    302.861    305.000    16.9774    17.0835   4.649713   4.662407     2.1466     1.7995      90.85   22.74902  -86.49876   -0.00003    0.00091     3.3427     3.3645    16.9265    17.0324    36.3004    36.3169    26.5304    26.5177    1517.08    145.425    146.375         30 0.0000e+00
      55134   2297.209    297.900    300.000    17.2078    17.2077   4.676343   4.676447     2.1606     1.8067      99.83   22.74378  -86.47707   -0.00011   -0.00022     3.3565     3.3699    17.1572    17.1572    36.3250    36.3259    26.4932    26.4939    1516.69    146.033    146.614         35 0.0000e+00
      55260   2302.456    296.908    299.000    17.2109    17.2136   4.677384   4.677847     2.1617     1.8061      76.95   22.74961  -86.49912    0.00013   -0.00039     3.3583     3.3676    17.1606    17.1633    36.3345    36.3358    26.5004    26.5007    1517.08    146.108    146.516         53 0.0000e+00
      55313   2304.679    295.916    298.000    17.2169    17.2159   4.677962   4.678031     2.1625     1.8071     100.12   22.74963  -86.49912    0.00035    0.00001     3.3595     3.3694    17.1667    17.1657    36.3349    36.3360    26.4992    26.5003    1517.08    146.160    146.594         59 0.0000e+00
      55365   2306.834    294.923    297.000    17.2147    17.2155   4.677628   4.677752     2.1631     1.8071      57.31   22.74965  -86.49912    0.00037    0.00024     3.3607     3.3693    17.1647    17.1655    36.3349    36.3359    26.4997    26.5003    1517.08    146.213    146.586         43 0.0000e+00
      55405   2308.498    293.931    296.000    17.2148    17.2203   4.677674   4.678489     2.1630     1.8077     100.99   22.74967  -86.49913    0.00012    0.00007     3.3599     3.3699    17.1650    17.1704    36.3348    36.3368    26.4995    26.4997    1517.08    146.178    146.615         37 0.0000e+00
      55440   2309.964    292.938    295.000    17.2200    17.2237   4.678349   4.678895     2.1635     1.8082     100.00   22.74968  -86.49914    0.00006    0.00038     3.3602     3.3705    17.1703    17.1740    36.3362    36.3377    26.4994    26.4996    1517.08    146.190    146.639         35 0.0000e+00
      55476   2311.473    291.946    294.000    17.2372    17.2400   4.680317   4.680673     2.1648     1.8093     100.00   22.74968  -86.49914    0.00039    0.00043     3.3615     3.3719    17.1877    17.1905    36.3383    36.3389    26.4968    26.4966    1517.08    146.251    146.700         37 0.0000e+00
      55512   2312.940    290.954    293.000    17.2618    17.2612   4.683314   4.683308     2.1662     1.8116     100.00   22.74968  -86.49915    0.00083    0.00088     3.3625     3.3756    17.2124    17.2118    36.3428    36.3432    26.4942    26.4947    1517.08    146.294    146.864         33 0.0000e+00
      55543   2314.270    289.962    292.000    17.2721    17.2775   4.684517   4.685235     2.1677     1.8118     100.00   22.74970  -86.49916    0.00097    0.00115     3.3647     3.3747    17.2228    17.2282    36.3444    36.3458    26.4929    26.4927    1517.08    146.391    146.823         31 0.0000e+00
      55687   2320.247    285.000    287.000    17.4771    17.4767   4.709515   4.709547     2.1817     1.8245     100.00   22.74990  -86.49988    0.00264    0.00216     3.3801     3.3910    17.4282    17.4278    36.3797    36.3804    26.4702    26.4708    1517.09    147.060    147.535         30 0.0000e+00
      56099   2337.433    270.114    272.000    17.8214    17.8213   4.750625   4.750745     2.2099     1.8494     100.00   22.75101  -86.50373    0.00050    0.00023     3.4134     3.4233    17.7745    17.7744    36.4332    36.4340    26.4263    26.4270    1517.16    148.518    148.947         30 0.0000e+00
      56211   2342.068    266.145    268.000    17.8658    17.8670   4.756008   4.756247     2.2103     1.8510      99.70   22.75276  -86.51026    0.00006    0.00029     3.4093     3.4223    17.8195    17.8207    36.4423    36.4433    26.4224    26.4229    1517.27    148.340    148.905         32 0.0000e+00
      56237   2343.158    265.152    267.000    17.8664    17.8657   4.755708   4.755715     2.2105     1.8507     100.01   22.74988  -86.49930   -0.00004   -0.00017     3.4093     3.4213    17.8203    17.8196    36.4381    36.4388    26.4186    26.4193    1517.08    148.341    148.862         32 0.0000e+00
      56343   2347.581    261.182    263.000    17.9478    17.9563   4.765390   4.766419     2.2147     1.8546      83.85   22.75009  -86.49996    0.00121    0.00091     3.4113     3.4229    17.9023    17.9107    36.4502    36.4516    26.4077    26.4066    1517.09    148.428    148.936         34 0.0000e+00
      56452   2352.140    257.213    259.000    18.0522    18.0546   4.778157   4.778601     2.2224     1.8616      87.57   22.75109  -86.50369    0.00174    0.00183     3.4194     3.4320    18.0071    18.0095    36.4687    36.4699    26.3958    26.3962    1517.16    148.783    149.332         30 0.0000e+00
      56480   2353.286    256.220    258.000    18.0583    18.0588   4.778718   4.778910     2.2240     1.8622      72.73   22.74996  -86.49932    0.00185    0.00125     3.4222     3.4327    18.0134    18.0139    36.4679    36.4691    26.3936    26.3944    1517.08    148.904    149.361         30 0.0000e+00
      56541   2355.819    255.228    257.000    18.0511    18.0529   4.777820   4.778047     2.2251     1.8627      99.93   22.74997  -86.49934    0.00078    0.00038     3.4248     3.4339    18.0064    18.0082    36.4670    36.4674    26.3946    26.3944    1517.08    149.017    149.412         54 0.0000e+00
      56596   2358.128    254.235    256.000    18.0607    18.0690   4.778829   4.779898     2.2253     1.8631      80.30   22.74998  -86.49934    0.00017   -0.00016     3.4243     3.4333    18.0162    18.0244    36.4659    36.4693    26.3913    26.3919    1517.08    148.997    149.390         42 0.0000e+00
      56691   2362.097    253.243    255.000    18.1551    18.1508   4.790177   4.789423     2.2406     1.8762      96.53   22.75001  -86.49936    0.00366    0.00264     3.4518     3.4601    18.1106    18.1063    36.4807    36.4792    26.3791    26.3790    1517.08    150.194    150.557         32 0.0000e+00
      56770   2365.373    252.250    254.000    18.1700    18.1801   4.792362   4.793370     2.2520     1.8889     100.00   22.75003  -86.49937    0.00470    0.00596     3.4758     3.4890    18.1257    18.1357    36.4868    36.4899    26.3800    26.3798    1517.08    151.241    151.813         41 0.0000e+00
      56881   2369.994    251.258    253.000    18.2237    18.2205   4.798628   4.798361     2.2628     1.8983     100.00   22.75006  -86.49940    0.00253    0.00232     3.4960     3.5091    18.1794    18.1762    36.4930    36.4935    26.3713    26.3725    1517.08    152.120    152.689         41 0.0000e+00
      56977   2374.009    250.265    252.000    18.2328    18.2196   4.799663   4.798250     2.2688     1.9001     100.00   22.75009  -86.49940    0.00176    0.00094     3.5085     3.5132    18.1886    18.1755    36.4937    36.4943    26.3695    26.3733    1517.08    152.662    152.869         38 0.0000e+00
      57061   2377.515    249.273    251.000    18.2425    18.2226   4.801039   4.798838     2.2722     1.9014     100.00   22.75013  -86.49942    0.00156    0.00015     3.5150     3.5157    18.1986    18.1787    36.4986    36.4963    26.3708    26.3740    1517.08    152.945    152.975         43 0.0000e+00
      57716   2404.784    248.280    250.000    18.2620    18.2628   4.803525   4.803894     2.2820     1.9163      96.08   22.75031  -86.49952    0.00017    0.00039     3.5353     3.5492    18.2182    18.2189    36.5018    36.5036    26.3684    26.3696    1517.08    153.829    154.434         41 0.0000e+00
      58643   2443.407    246.295    248.000    18.3012    18.2964   4.808476   4.808070     2.2973     1.9308     100.00   22.75010  -86.49782    0.00044    0.00026     3.5660     3.5821    18.2576    18.2529    36.5098    36.5108    26.3645    26.3664    1517.05    155.168    155.865         57 0.0000e+00
      58719   2446.582    245.303    247.000    18.3106    18.3108   4.809567   4.809712     2.2982     1.9310     100.00   22.75060  -86.49966    0.00031    0.00015     3.5669     3.5809    18.2672    18.2674    36.5113    36.5124    26.3633    26.3641    1517.08    155.207    155.817         49 0.0000e+00
      58782   2449.188    244.310    246.000    18.3215    18.3150   4.811077   4.810509     2.2981     1.9302     100.00   22.75062  -86.49966    0.00018    0.00029     3.5652     3.5779    18.2783    18.2717    36.5139    36.5133    26.3625    26.3637    1517.08    155.133    155.686         42 0.0000e+00
      58835   2451.397    243.317    245.000    18.3683    18.3938   4.816507   4.819325     2.3021     1.9359      83.13   22.75063  -86.49968    0.00071    0.00095     3.5703     3.5867    18.3251    18.3506    36.5200    36.5247    26.3554    26.3526    1517.08    155.355    156.068         64 0.0000e+00
      58930   2455.357    241.332    243.000    18.4635    18.4819   4.828460   4.830806     2.3125     1.9445     100.02   22.75493  -86.51597    0.00306    0.00276     3.5859     3.6000    18.4206    18.4389    36.5401    36.5445    26.3472    26.3460    1517.37    156.037    156.651         30 0.0000e+00
      58949   2456.162    240.340    242.000    18.4822    18.4932   4.830352   4.831859     2.3148     1.9461     100.00   22.75066  -86.49970    0.00250    0.00139     3.5890     3.6030    18.4394    18.4504    36.5378    36.5408    26.3402    26.3397    1517.08    156.172    156.780         31 0.0000e+00
      59013   2458.820    238.355    240.000    18.5167    18.5237   4.834926   4.835832     2.3220     1.9529     100.01   22.75210  -86.50513    0.00258    0.00241     3.6017     3.6165    18.4742    18.4812    36.5475    36.5490    26.3390    26.3384    1517.17    156.723    157.368         31 0.0000e+00
      59040   2459.973    237.362    239.000    18.5324    18.5394   4.836655   4.837438     2.3251     1.9544     100.00   22.75068  -86.49972    0.00281    0.00229     3.6070     3.6185    18.4901    18.4971    36.5479    36.5483    26.3351    26.3337    1517.08    156.953    157.458         32 0.0000e+00
      59158   2464.861    233.392    235.000    18.6712    18.6827   4.853443   4.854787     2.3419     1.9682     100.00   22.75040  -86.49853    0.00371    0.00266     3.6321     3.6403    18.6293    18.6409    36.5686    36.5697    26.3155    26.3135    1517.06    158.050    158.408         30 0.0000e+00
      59268   2469.457    229.421    231.000    18.7806    18.7787   4.866676   4.866542     2.3532     1.9813     100.01   22.75190  -86.50411    0.00268    0.00277     3.6473     3.6636    18.7393    18.7374    36.5859    36.5864    26.3010    26.3019    1517.16    158.714    159.425         33 0.0000e+00
      59297   2470.683    228.429    230.000    18.8001    18.7987   4.868665   4.868642     2.3533     1.9807     100.00   22.75076  -86.49977    0.00150    0.00121     3.6456     3.6603    18.7589    18.7575    36.5852    36.5863    26.2953    26.2964    1517.08    158.641    159.282         30 0.0000e+00
      59403   2475.064    224.458    226.000    18.9264    18.9376   4.884019   4.885250     2.3454     1.9679     100.00   22.75119  -86.50130   -0.00159   -0.00267     3.6160     3.6170    18.8858    18.8969    36.6047    36.6053    26.2778    26.2753    1517.11    157.356    157.400         32 0.0000e+00
      59435   2476.398    223.466    225.000    18.9378    18.9408   4.885160   4.885669     2.3425     1.9643     100.00   22.75080  -86.49980   -0.00294   -0.00385     3.6087     3.6076    18.8973    18.9003    36.6045    36.6061    26.2746    26.2751    1517.08    157.038    156.992         33 0.0000e+00
      59599   2483.232    217.509    219.000    19.2026    19.1956   4.917005   4.916236     2.3470     1.9724     100.00   22.75106  -86.50066    0.00213    0.00155     3.5961     3.6065    19.1629    19.1558    36.6407    36.6405    26.2338    26.2354    1517.09    156.496    156.948         31 0.0000e+00
      59734   2488.892    212.546    214.000    19.4007    19.3971   4.940593   4.940260     2.3491     1.9692     100.01   22.75351  -86.50985    0.00039   -0.00099     3.5834     3.5823    19.3615    19.3580    36.6664    36.6668    26.2020    26.2033    1517.26    155.950    155.902         30 0.0000e+00
      59760   2489.954    211.554    213.000    19.4079    19.4211   4.941208   4.942597     2.3430     1.9641     100.00   22.75089  -86.49986   -0.00166   -0.00282     3.5694     3.5681    19.3690    19.3821    36.6645    36.6646    26.1984    26.1950    1517.08    155.339    155.285         34 0.0000e+00
      59897   2495.659    206.590    208.000    19.5176    19.5249   4.954207   4.955035     2.3225     1.9454     100.01   22.75227  -86.50492   -0.00402   -0.00364     3.5142     3.5137    19.4794    19.4866    36.6789    36.6793    26.1807    26.1791    1517.17    152.939    152.921         32 0.0000e+00
      59942   2497.546    205.597    207.000    19.5087    19.5071   4.952881   4.952760     2.3179     1.9437     100.00   22.75094  -86.49988   -0.00311   -0.00180     3.5044     3.5103    19.4707    19.4691    36.6755    36.6759    26.1802    26.1809    1517.08    152.512    152.773         42 0.0000e+00
