Gulf of Mexico/GOMECC-4/1db/urb2103_0681.cnv
* Sea-Bird SBE 9 Data File:
* FileName = C:\Users\scs.user.rb\CTD\GOMECC4\data\rb2103_0681.hex
* Software Version Seasave V 7.26.7.107
* Temperature SN = 4799
* Conductivity SN = 3860
* Number of Bytes Per Scan = 41
* Number of Voltage Words = 4
* Number of Scans Averaged by the Deck Unit = 1
* NMEA Latitude = 26 03.52 N
* NMEA Longitude = 095 32.99 W
* NMEA UTC (Time) = Oct 03 2021  07:00:55
* NMEA baud rate = 4800
# nquan = 28
# nvalues = 194                         
# units = specified
# name 0 = scan: Scan Count
# name 1 = timeS: Time, Elapsed [seconds]
# name 2 = depSM: Depth [salt water, m]
# name 3 = prDM: Pressure, Digiquartz [db]
# name 4 = t090C: Temperature [ITS-90, deg C]
# name 5 = t190C: Temperature, 2 [ITS-90, deg C]
# name 6 = c0S/m: Conductivity [S/m]
# name 7 = c1S/m: Conductivity, 2 [S/m]
# name 8 = sbeox0V: Oxygen raw, SBE 43 [V]
# name 9 = sbeox1V: Oxygen raw, SBE 43, 2 [V]
# name 10 = altM: Altimeter [m]
# name 11 = latitude: Latitude [deg]
# name 12 = longitude: Longitude [deg]
# name 13 = sbox0dV/dT: Oxygen, SBE 43 [dov/dt]
# name 14 = sbox1dV/dT: Oxygen, SBE 43, 2 [dov/dt]
# name 15 = sbeox0ML/L: Oxygen, SBE 43 [ml/l], WS = 5
# name 16 = sbeox1ML/L: Oxygen, SBE 43, 2 [ml/l], WS = 5
# name 17 = potemp090C: Potential Temperature [ITS-90, deg C]
# name 18 = potemp190C: Potential Temperature, 2 [ITS-90, deg C]
# name 19 = sal00: Salinity, Practical [PSU]
# name 20 = sal11: Salinity, Practical, 2 [PSU]
# name 21 = sigma-é00: Density [sigma-theta, kg/m^3]
# name 22 = sigma-é11: Density, 2 [sigma-theta, kg/m^3]
# name 23 = avgsvCM: Average Sound Velocity [Chen-Millero, m/s], minP = 20, minS = 20
# name 24 = sbox0Mm/Kg: Oxygen, SBE 43 [umol/kg], WS = 5
# name 25 = sbox1Mm/Kg: Oxygen, SBE 43, 2 [umol/kg], WS = 5
# name 26 = nbin: number of scans per bin
# name 27 = flag: flag
# span 0 =      47939,     116517       
# span 1 =   1997.433,   4854.843       
# span 2 =      0.994,   1361.557       
# span 3 =      1.000,   1375.000       
# span 4 =     4.4285,    29.7754       
# span 5 =     4.4289,    29.7762       
# span 6 =   3.350828,   5.952940       
# span 7 =   3.350789,   5.953215       
# span 8 =     1.5786,     3.3257       
# span 9 =     1.2834,     2.8326       
# span 10 =       9.65,     103.24      
# span 11 =   25.85145,   26.55610      
# span 12 =  -97.36924,  -94.78559      
# span 13 =   -0.01175,    0.02130      
# span 14 =   -0.00937,    0.02128      
# span 15 =     2.4130,     4.8833      
# span 16 =     2.4350,     4.8842      
# span 17 =     4.3163,    29.7732      
# span 18 =     4.3167,    29.7740      
# span 19 =    34.9154,    36.5137      
# span 20 =    34.9148,    36.5174      
# span 21 =    22.2651,    27.7226      
# span 22 =    22.2653,    27.7218      
# span 23 =    1486.43,    1526.95      
# span 24 =    104.922,    213.046      
# span 25 =    105.879,    212.925      
# span 26 =         30,         75      
# span 27 = 0.0000e+00, 0.0000e+00      
# interval = decibars: 1                
# start_time = Oct 03 2021 07:00:55 [NMEA time, header]
# bad_flag = -9.990e-29
*END*
[from data line 156]
      98147   4089.397     74.498     75.000    22.5688    22.6387   5.220081   5.227290     2.9000     2.4808      99.77   26.05976  -95.54924    0.00617    0.00436     4.4436     4.4751    22.5536    22.6235    36.2641    36.2623    25.0213    25.0000    1498.41    193.609    194.982         53 0.0000e+00
      98197   4091.506     71.519     72.000    22.8625    22.9833   5.244903   5.257475     2.9692     2.5713      63.20   25.99649  -95.31720    0.01457    0.00571     4.5617     4.6459    22.8526    22.9686    36.1780    36.1767    24.8618    24.8253    1494.77    198.774    202.449         43 0.0000e+00
      98569   4107.020     70.526     71.000    23.0403    23.1074   5.268803   5.275068     3.0173     2.6129     103.24   26.05978  -95.54924    0.00529    0.00896     4.6392     4.7306    23.0253    23.0927    36.2547    36.2486    24.8782    24.8541    1498.41    202.159    206.143         31 0.0000e+00
      99873   4161.340     68.540     69.000    23.1816    23.1871   5.283888   5.284559     3.0800     2.6339      71.43   26.07123  -95.59114    0.00097    0.00029     4.7528     4.7694    23.1673    23.1729    36.2613    36.2619    24.8437    24.8425    1499.07    207.116    207.842         56 0.0000e+00
      99889   4162.012     67.546     68.000    23.1823    23.1798   5.282503   5.282454     3.0786     2.6318      99.20   26.05980  -95.54922   -0.00006   -0.00019     4.7492     4.7643    23.1683    23.1658    36.2435    36.2456    24.8282    24.8305    1498.41    206.962    207.620         67 0.0000e+00
      99960   4164.949     66.553     67.000    23.2090    23.2122   5.284981   5.286129     3.0817     2.6391     100.00   26.05980  -95.54922    0.00109    0.00199     4.7525     4.7774    23.1952    23.1984    36.2414    36.2450    24.8187    24.8205    1498.41    207.107    208.193         65 0.0000e+00
     100015   4167.267     65.560     66.000    23.3327    23.2957   5.299499   5.295013     3.0959     2.6419     100.00   26.05980  -95.54922    0.00275    0.00154     4.7653     4.7760    23.3208    23.2821    36.2505    36.2496    24.7889    24.7996    1498.41    207.672    208.134         51 0.0000e+00
     100073   4169.687     64.567     65.000    23.3981    23.3850   5.307340   5.306498     3.0969     2.6485     100.00   26.05980  -95.54922    0.00344    0.00241     4.7645     4.7819    23.3846    23.3715    36.2589    36.2620    24.7766    24.7832    1498.41    207.636    208.395         68 0.0000e+00
     100137   4172.331     63.574     64.000    23.5121    23.4801   5.321308   5.317651     3.1007     2.6521     100.00   26.05980  -95.54922    0.00080    0.00167     4.7609     4.7812    23.4988    23.4668    36.2729    36.2712    24.7537    24.7618    1498.41    207.486    208.369         55 0.0000e+00
     100192   4174.616     62.581     63.000    23.6158    23.6032   5.333705   5.332117     3.1087     2.6587     100.00   26.05980  -95.54922    0.00338    0.00222     4.7669     4.7846    23.6027    23.5901    36.2833    36.2815    24.7311    24.7334    1498.41    207.751    208.524         59 0.0000e+00
     100256   4177.273     61.587     62.000    23.6420    23.6435   5.337721   5.337300     3.1125     2.6604      99.99   26.05980  -95.54922    0.00155    0.00151     4.7713     4.7841    23.6290    23.6305    36.2930    36.2886    24.7306    24.7268    1498.41    207.942    208.504         62 0.0000e+00
     100311   4179.575     60.594     61.000    23.7059    23.6943   5.343902   5.343100     3.1170     2.6627     100.00   26.05980  -95.54922    0.00189    0.00059     4.7744     4.7841    23.6939    23.6817    36.2886    36.2920    24.7081    24.7141    1498.41    208.082    208.506         56 0.0000e+00
     100375   4182.257     59.601     60.000    23.7149    23.7259   5.345176   5.346964     3.1217     2.6646      99.65   26.05980  -95.54922    0.00173    0.00091     4.7807     4.7841    23.7019    23.7135    36.2913    36.2946    24.7078    24.7068    1498.41    208.358    208.507         63 0.0000e+00
     100431   4184.584     58.608     59.000    23.9295    23.8118   5.368666   5.356381     3.1343     2.6754      94.07   26.05981  -95.54922    0.00362    0.00299     4.7898     4.8010    23.9194    23.7994    36.2932    36.2977    24.6448    24.6838    1498.41    208.766    209.248         53 0.0000e+00
     100492   4187.118     57.614     58.000    23.9314    23.9263   5.369278   5.369047     3.1533     2.6894     100.14   26.05981  -95.54922    0.00779    0.00535     4.8241     4.8216    23.9191    23.9141    36.2986    36.3006    24.6490    24.6520    1498.41    210.260    210.151         64 0.0000e+00
     100548   4189.447     56.621     57.000    24.0446    24.0150   5.381803   5.378627     3.1601     2.7044      77.91   26.05981  -95.54922    0.00356    0.00651     4.8267     4.8463    24.0325    24.0029    36.3019    36.3019    24.6177    24.6265    1498.41    210.382    211.232         51 0.0000e+00
     100601   4191.649     55.628     56.000    24.0698    24.0799   5.384587   5.385970     3.1734     2.7143      99.82   26.05981  -95.54922    0.00553    0.00490     4.8502     4.8616    24.0579    24.0681    36.3028    36.3051    24.6108    24.6095    1498.41    211.407    211.904         55 0.0000e+00
     100658   4194.048     54.635     55.000    24.1053    24.1013   5.388533   5.388319     3.1790     2.7192      77.67   26.05981  -95.54922    0.00314    0.00321     4.8573     4.8699    24.0936    24.0896    36.3035    36.3058    24.6007    24.6038    1498.41    211.720    212.266         57 0.0000e+00
     100708   4196.119     53.642     54.000    24.1659    24.1465   5.394854   5.392945     3.1859     2.7277      91.07   26.05981  -95.54922    0.00287    0.00279     4.8657     4.8836    24.1544    24.1350    36.3037    36.3048    24.5826    24.5893    1498.41    212.089    212.868         43 0.0000e+00
     100751   4197.901     52.648     53.000    24.1957    24.2015   5.398190   5.399093     3.1914     2.7301      99.92   26.05981  -95.54922    0.00336    0.00286     4.8726     4.8842    24.1844    24.1902    36.3037    36.3066    24.5737    24.5741    1498.41    212.390    212.895         45 0.0000e+00
     106911   4454.564     39.736     40.000    26.7339    26.7301   5.657805   5.657682     3.3121     2.8249     100.55   26.20387  -96.07750    0.00110   -0.00142     4.8833     4.8806    26.7248    26.7210    36.2927    36.2948    23.8070    23.8098    1506.69    213.046    212.925         39 0.0000e+00
     106402   4433.380     38.743     39.000    26.7427    26.7399   5.640577   5.640119     3.2941     2.8105      87.62   26.05980  -95.54926    0.00022   -0.00045     4.8434     4.8432    26.7338    26.7310    36.0719    36.0708    23.6105    23.6105    1498.41    211.315    211.310         40 0.0000e+00
     106479   4436.582     37.749     38.000    26.8859    26.8608   5.653126   5.651163     3.3081     2.8221     100.88   26.05980  -95.54926    0.00362    0.00307     4.8572     4.8573    26.8772    26.8521    36.0511    36.0565    23.5491    23.5611    1498.41    211.933    211.936         53 0.0000e+00
     106569   4440.335     36.756     37.000    27.3334    27.3830   5.700796   5.703701     3.3257     2.8326      82.38   26.05980  -95.54926    0.00519    0.00368     4.8523     4.8380    27.3248    27.3744    36.0341    36.0282    23.3923    23.3718    1498.41    211.751    211.129         59 0.0000e+00
     106659   4444.089     35.763     36.000    28.0156    28.0935   5.773750   5.779812     3.2955     2.7970      96.96   26.05980  -95.54926   -0.00733   -0.00937     4.7371     4.7077    28.0071    28.0850    36.0362    36.0214    23.1715    23.1347    1498.41    206.767    205.493         45 0.0000e+00
     106753   4448.010     34.769     35.000    28.2283    28.1489   5.798684   5.788999     3.2529     2.7727     100.00   26.05980  -95.54926   -0.01088   -0.00624     4.6404     4.6529    28.2143    28.1405    36.0557    36.0441    23.1182    23.1338    1498.41    202.557    203.100         40 0.0000e+00
     106668   4444.474     32.783     33.000    29.2033    28.2235   5.912231   5.796938     3.1834     2.7480      99.76   25.99691  -95.31868   -0.01175   -0.00598     4.4295     4.5915    29.1979    28.2156    36.0498    36.0025    22.7726    23.0650    1494.79    193.406    200.421         58 0.0000e+00
     106637   4443.149     30.796     31.000    29.2877    29.0345   5.908585   5.883662     3.1585     2.6957      99.60   25.94632  -95.13320   -0.00095   -0.00825     4.3770     4.4205    29.2801    29.0269    35.9376    35.9569    22.6497    22.7494    1491.89    191.127    193.013         39 0.0000e+00
     107390   4474.556     29.803     30.000    29.4878    29.3816   5.928015   5.924998     3.1565     2.6795      94.15   26.05980  -95.54926   -0.00216   -0.00467     4.3638     4.3695    29.4805    29.3743    35.9962    36.0578    22.6503    22.7325    1498.41    190.572    190.808         34 0.0000e+00
     108098   4504.051     28.809     29.000    29.5003    29.4842   5.917502   5.918711     3.1462     2.6648      98.74   26.05978  -95.54926   -0.00060   -0.00086     4.3460     4.3357    29.4932    29.4771    35.9158    35.9367    22.5856    22.6068    1498.41    189.805    189.351         35 0.0000e+00
     108878   4536.541     24.836     25.000    29.3471    29.4144   5.877305   5.892176     3.1408     2.6614     100.11   26.08866  -95.65517   -0.00064    0.00018     4.3513     4.3366    29.3410    29.4083    35.7750    35.8269    22.5376    22.5538    1500.07    190.051    189.405         33 0.0000e+00
     115715   4821.428      8.941      9.000    29.7754    29.7762   5.952940   5.953215     3.1974     2.7141      70.27   26.55610  -97.36924   -0.00115    0.00019     4.4319     4.4319    29.7732    29.7740    36.2894    36.2908    22.8779    22.8786    1526.95    193.581    193.584         46 0.0000e+00
     113613   4733.836      7.948      8.000    29.2189    29.2207   5.841617   5.841879     3.1423     2.6613      83.89   26.05973  -95.54927    0.00139   -0.00021     4.3570     4.3444    29.2169    29.2187    35.6110    35.6115    22.4501    22.4499    1498.41    190.310    189.763         72 0.0000e+00
     113676   4736.466      6.954      7.000    29.2211    29.2220   5.841653   5.841868     3.1414     2.6596     100.58   26.05972  -95.54927   -0.00019   -0.00102     4.3547     4.3404    29.2194    29.2203    35.6099    35.6107    22.4485    22.4487    1498.41    190.213    189.589         49 0.0000e+00
     113723   4738.429      5.961      6.000    29.2217    29.2230   5.841528   5.841785     3.1399     2.6595      94.24   26.05973  -95.54928   -0.00044   -0.00051     4.3514     4.3397    29.2202    29.2215    35.6089    35.6097    22.4474    22.4476    1498.41    190.068    189.557         54 0.0000e+00
     113845   4743.503      2.980      3.000    28.9859    28.9868   5.793806   5.793997     3.1174     2.6405      97.74   25.85145  -94.78559    0.00029    0.00008     4.3200     4.3083    28.9851    28.9861    35.3198    35.3204    22.2651    22.2653    1486.43    188.698    188.187         40 0.0000e+00
     116446   4851.885      1.987      2.000    29.2042    29.2057   5.835947   5.836475     3.1413     2.6608      82.75   26.05972  -95.54930    0.00094    0.00021     4.3537     4.3419    29.2038    29.2052    35.5847    35.5872    22.4348    22.4362    1498.41    190.171    189.656         47 0.0000e+00
     116517   4854.843      0.994      1.000    29.1413    29.1864   5.813671   5.829326     3.1380     2.6621      84.69   26.05972  -95.54930   -0.00089   -0.00067     4.3547     4.3464    29.1410    29.1861    35.4784    35.5527    22.3761    22.4167    1498.41    190.223    189.856         34 0.0000e+00
