Gulf of Mexico/GOMECC-4/1db/urb2103_0141.cnv
* Sea-Bird SBE 9 Data File:
* FileName = C:\Users\scs.user.rb\CTD\GOMECC4\data\rb2103_0141.hex
* Software Version Seasave V 7.26.7.107
* Temperature SN = 4799
* Conductivity SN = 3860
* Number of Bytes Per Scan = 41
* Number of Voltage Words = 4
* Number of Scans Averaged by the Deck Unit = 1
* NMEA Latitude = 27 06.71 N
* NMEA Longitude = 084 20.03 W
* NMEA UTC (Time) = Sep 18 2021  23:46:35
* NMEA baud rate = 4800
# nquan = 28
# nvalues = 85                          
# units = specified
# name 0 = scan: Scan Count
# name 1 = timeS: Time, Elapsed [seconds]
# name 2 = depSM: Depth [salt water, m]
# name 3 = prDM: Pressure, Digiquartz [db]
# name 4 = t090C: Temperature [ITS-90, deg C]
# name 5 = t190C: Temperature, 2 [ITS-90, deg C]
# name 6 = c0S/m: Conductivity [S/m]
# name 7 = c1S/m: Conductivity, 2 [S/m]
# name 8 = sbeox0V: Oxygen raw, SBE 43 [V]
# name 9 = sbeox1V: Oxygen raw, SBE 43, 2 [V]
# name 10 = altM: Altimeter [m]
# name 11 = latitude: Latitude [deg]
# name 12 = longitude: Longitude [deg]
# name 13 = sbox0dV/dT: Oxygen, SBE 43 [dov/dt]
# name 14 = sbox1dV/dT: Oxygen, SBE 43, 2 [dov/dt]
# name 15 = sbeox0ML/L: Oxygen, SBE 43 [ml/l], WS = 5
# name 16 = sbeox1ML/L: Oxygen, SBE 43, 2 [ml/l], WS = 5
# name 17 = potemp090C: Potential Temperature [ITS-90, deg C]
# name 18 = potemp190C: Potential Temperature, 2 [ITS-90, deg C]
# name 19 = sal00: Salinity, Practical [PSU]
# name 20 = sal11: Salinity, Practical, 2 [PSU]
# name 21 = sigma-é00: Density [sigma-theta, kg/m^3]
# name 22 = sigma-é11: Density, 2 [sigma-theta, kg/m^3]
# name 23 = avgsvCM: Average Sound Velocity [Chen-Millero, m/s], minP = 20, minS = 20
# name 24 = sbox0Mm/Kg: Oxygen, SBE 43 [umol/kg], WS = 5
# name 25 = sbox1Mm/Kg: Oxygen, SBE 43, 2 [umol/kg], WS = 5
# name 26 = nbin: number of scans per bin
# name 27 = flag: flag
# span 0 =      17647,      49425       
# span 1 =    735.261,   2059.348       
# span 2 =      1.987,    123.146       
# span 3 =      2.000,    124.000       
# span 4 =    16.6910,    29.3488       
# span 5 =    16.7031,    29.1693       
# span 6 =   4.601735,   5.862862       
# span 7 =   4.603438,   5.863597       
# span 8 =     1.8522,     3.2661       
# span 9 =     1.5364,     2.8008       
# span 10 =      11.15,     100.62      
# span 11 =   26.76956,   27.54226      
# span 12 =  -85.66983,  -83.26618      
# span 13 =   -0.00410,    0.01217      
# span 14 =   -0.00565,    0.01201      
# span 15 =     2.6108,     4.8388      
# span 16 =     2.6480,     4.8479      
# span 17 =    16.6706,    29.3461      
# span 18 =    16.6830,    29.1667      
# span 19 =    34.5518,    36.5754      
# span 20 =    34.5529,    36.5756      
# span 21 =    21.7816,    26.5219      
# span 22 =    21.7818,    26.5212      
# span 23 =    1512.29,    1555.95      
# span 24 =    113.586,    211.027      
# span 25 =    115.205,    211.424      
# span 26 =         30,         70      
# span 27 = 0.0000e+00, 0.0000e+00      
# interval = decibars: 1                
# start_time = Sep 18 2021 23:46:35 [NMEA time, header]
# bad_flag = -9.990e-29
*END*
      17647    735.261    123.146    124.000    16.6910    16.7094   4.601735   4.604151     1.8522     1.5381      11.15   27.11204  -84.33325   -0.00018    0.00047     2.6108     2.6547    16.6706    16.6891    36.2091    36.2131    26.5212    26.5199    1531.66    113.586    115.494         33 0.0000e+00
      18066    752.706    122.154    123.000    16.6959    16.7031   4.602541   4.603438     1.8532     1.5365      12.04   27.11204  -84.33324    0.00057    0.00012     2.6124     2.6507    16.6757    16.6830    36.2115    36.2128    26.5219    26.5212    1531.65    113.654    115.320         70 0.0000e+00
      18133    755.507    121.161    122.000    16.7168    16.7405   4.604635   4.607538     1.8539     1.5364      12.98   27.11204  -84.33324    0.00031   -0.00036     2.6125     2.6480    16.6968    16.7204    36.2114    36.2156    26.5168    26.5144    1531.65    113.661    115.205         57 0.0000e+00
      18189    757.837    120.168    121.000    16.8114    16.8593   4.615798   4.621315     1.8583     1.5428      13.89   27.11204  -84.33324    0.00117    0.00179     2.6172     2.6573    16.7914    16.8393    36.2248    36.2300    26.5046    26.4972    1531.65    113.866    115.613         55 0.0000e+00
      18240    759.964    119.175    120.000    16.9085    16.9613   4.626112   4.632670     1.8660     1.5518      14.87   27.11204  -84.33324    0.00293    0.00357     2.6289     2.6741    16.8886    16.9414    36.2282    36.2382    26.4840    26.4791    1531.65    114.378    116.345         45 0.0000e+00
      18280    761.611    118.183    119.000    17.0746    17.0639   4.646420   4.646140     1.8747     1.5602      15.66   27.11204  -84.33323    0.00413    0.00456     2.6391     2.6890    17.0548    17.0441    36.2571    36.2642    26.4664    26.4744    1531.65    114.821    116.992         36 0.0000e+00
      18322    763.374    117.190    118.000    17.1867    17.1926   4.659954   4.660937     1.8881     1.5697      16.82   27.11204  -84.33322    0.00596    0.00516     2.6624     2.7054    17.1670    17.1728    36.2749    36.2782    26.4531    26.4542    1531.65    115.840    117.708         38 0.0000e+00
      18394    766.383    116.197    117.000    17.1401    17.1425   4.654425   4.654768     1.8991     1.5782      17.94   27.11204  -84.33322    0.00510    0.00400     2.6903     2.7289    17.1205    17.1230    36.2706    36.2697    26.4610    26.4597    1531.65    117.051    118.733         65 0.0000e+00
      18474    769.690    115.204    116.000    17.0794    17.0561   4.647471   4.645724     1.8973     1.5741      18.95   27.11204  -84.33322    0.00013   -0.00062     2.6894     2.7231    17.0601    17.0368    36.2630    36.2672    26.4697    26.4785    1531.65    117.009    118.474         38 0.0000e+00
      18570    773.688    114.211    115.000    17.1447    17.1211   4.654199   4.653824     1.8977     1.5739      19.94   27.11204  -84.33322    0.00015   -0.00007     2.6863     2.7186    17.1254    17.1019    36.2636    36.2831    26.4544    26.4750    1531.65    116.880    118.281         39 0.0000e+00
      18650    777.039    113.218    114.000    17.7359    17.5738   4.724021   4.708752     1.9095     1.5818      20.84   27.11204  -84.33322    0.00224    0.00164     2.6783     2.7125    17.7164    17.5544    36.3407    36.3535    26.3696    26.4192    1531.65    116.541    118.023         46 0.0000e+00
      18754    781.382    112.225    113.000    17.8076    17.8577   4.732549   4.737930     1.9366     1.6133      21.83   27.11204  -84.33320    0.00428    0.00559     2.7350     2.7746    17.7882    17.8382    36.3506    36.3522    26.3594    26.3483    1531.65    119.008    120.732         53 0.0000e+00
      18940    789.131    110.240    111.000    17.9818    17.9656   4.752654   4.750620     1.9493     1.6209      23.85   27.12518  -84.37406    0.00063   -0.00016     2.7527     2.7866    17.9626    17.9465    36.3699    36.3704    26.3321    26.3366    1532.39    119.782    121.257         53 0.0000e+00
      20555    856.436    107.261    108.000    18.5499    18.5593   4.819455   4.821041     2.0102     1.6808      26.80   27.11135  -84.33088    0.00270    0.00253     2.8535     2.8981    18.5309    18.5402    36.4359    36.4410    26.2389    26.2405    1531.61    124.178    126.118         69 0.0000e+00
      20625    859.352    106.268    107.000    18.6865    18.7062   4.836451   4.840205     2.0273     1.7019      27.79   27.11208  -84.33314    0.00505    0.00625     2.8827     2.9395    18.6675    18.6875    36.4599    36.4717    26.2227    26.2260    1531.65    125.451    127.923         63 0.0000e+00
      20676    861.461    105.275    106.000    18.6603    18.7653   4.835577   4.846630     2.0427     1.7162      28.53   27.11208  -84.33314    0.00742    0.00755     2.9138     2.9692    18.6402    18.7466    36.4772    36.4779    26.2428    26.2167    1531.65    126.804    129.219         46 0.0000e+00
      20726    863.536    104.282    105.000    18.8965    18.9516   4.862633   4.869212     2.0607     1.7364      29.68   27.11208  -84.33314    0.00749    0.00758     2.9460     3.0087    18.8777    18.9328    36.5006    36.5053    26.2001    26.1896    1531.65    128.210    130.939         52 0.0000e+00
      20786    866.034    103.289    104.000    18.9562    18.9923   4.871057   4.875066     2.0809     1.7487      30.68   27.11208  -84.33314    0.00869    0.00732     2.9818     3.0346    18.9376    18.9736    36.5143    36.5171    26.1952    26.1881    1531.65    129.767    132.067         48 0.0000e+00
      20867    869.434    102.297    103.000    18.9917    18.9825   4.875378   4.873942     2.0941     1.7534      31.73   27.11208  -84.33314    0.00407    0.00153     3.0095     3.0461    18.9732    18.9640    36.5199    36.5160    26.1903    26.1895    1531.65    130.973    132.567         61 0.0000e+00
      20955    873.083    101.303    102.000    19.0288    19.0137   4.879659   4.877987     2.0976     1.7514      32.74   27.11208  -84.33313    0.00123   -0.00052     3.0137     3.0392    19.0086    18.9954    36.5259    36.5184    26.1858    26.1835    1531.65    131.156    132.268         63 0.0000e+00
      21042    876.727    100.311    101.000    19.1626    19.0884   4.894279   4.885316     2.1032     1.7557      33.71   27.11208  -84.33312    0.00151    0.00112     3.0175     3.0445    19.1450    19.0702    36.5291    36.5194    26.1530    26.1649    1531.65    131.327    132.502         61 0.0000e+00
      21132    880.439     99.318    100.000    19.2032    19.1868   4.899508   4.897412     2.1042     1.7600      34.67   27.11208  -84.33312    0.00053    0.00106     3.0167     3.0488    19.1851    19.1686    36.5382    36.5351    26.1496    26.1515    1531.65    131.291    132.689         39 0.0000e+00
      21213    883.839     98.325     99.000    19.2525    19.2633   4.904794   4.905878     2.1037     1.7621      35.59   27.11208  -84.33312   -0.00055    0.00075     3.0123     3.0489    19.2345    19.2453    36.5401    36.5407    26.1382    26.1359    1531.65    131.101    132.697         39 0.0000e+00
      21307    887.729     97.332     98.000    19.2673    19.2989   4.906697   4.910037     2.1037     1.7597      36.65   27.11208  -84.33311   -0.00026   -0.00030     3.0108     3.0412    19.2496    19.2812    36.5428    36.5429    26.1364    26.1282    1531.65    131.037    132.363         60 0.0000e+00
      21392    891.285     96.339     97.000    19.3408    19.3457   4.914488   4.915012     2.1050     1.7605      37.63   27.11208  -84.33310    0.00042    0.00027     3.0089     3.0398    19.3231    19.3280    36.5438    36.5440    26.1180    26.1169    1531.65    130.957    132.301         46 0.0000e+00
      21483    895.095     95.346     96.000    19.3868    19.3825   4.919536   4.919054     2.1052     1.7626      38.61   27.11209  -84.33310    0.00006    0.00066     3.0062     3.0420    19.3694    19.3650    36.5458    36.5457    26.1075    26.1086    1531.65    130.841    132.401         43 0.0000e+00
      21563    898.406     94.353     95.000    19.4335    19.4129   4.924482   4.922343     2.1060     1.7648      39.55   27.11209  -84.33310    0.00001    0.00034     3.0047     3.0444    19.4161    19.3958    36.5467    36.5485    26.0960    26.1030    1531.65    130.776    132.505         39 0.0000e+00
      22962    956.711     93.360     94.000    19.5241    19.5477   4.935057   4.938013     2.1175     1.7742      40.60   27.11210  -84.33303    0.00036    0.00054     3.0235     3.0590    19.5069    19.5305    36.5558    36.5598    26.0792    26.0761    1531.65    131.599    133.143         31 0.0000e+00
      23153    964.684     92.367     93.000    19.5457    19.5679   4.937388   4.940367     2.1177     1.7750      41.47   27.11210  -84.33302   -0.00050    0.00020     3.0223     3.0594    19.5286    19.5509    36.5567    36.5620    26.0742    26.0724    1531.65    131.546    133.159         53 0.0000e+00
      23201    966.672     91.374     92.000    19.5651    19.5922   4.939526   4.942811     2.1199     1.7761      42.38   27.11210  -84.33302    0.00038   -0.00004     3.0256     3.0603    19.5482    19.5753    36.5576    36.5615    26.0698    26.0656    1531.65    131.692    133.201         48 0.0000e+00
      23256    968.969     90.381     91.000    19.5912    19.6160   4.942662   4.946072     2.1210     1.7789      43.40   27.11210  -84.33302    0.00078    0.00098     3.0259     3.0651    19.5745    19.5993    36.5615    36.5642    26.0658    26.0614    1531.65    131.703    133.410         61 0.0000e+00
      23310    971.193     89.388     90.000    19.7351    19.7165   4.957372   4.956902     2.1269     1.7829      44.35   27.11210  -84.33302    0.00121    0.00147     3.0320     3.0685    19.7251    19.6999    36.5678    36.5716    26.0311    26.0406    1531.65    131.971    133.560         44 0.0000e+00
      23354    973.052     88.395     89.000    19.7840    19.8040   4.964173   4.966657     2.1369     1.7940      45.31   27.11210  -84.33302    0.00408    0.00363     3.0477     3.0890    19.7679    19.7876    36.5727    36.5754    26.0235    26.0203    1531.65    132.657    134.457         52 0.0000e+00
      23415    975.602     87.402     88.000    19.8231    19.8153   4.968641   4.967724     2.1484     1.8037      46.41   27.11210  -84.33301    0.00504    0.00492     3.0695     3.1110    19.8069    19.7990    36.5754    36.5747    26.0153    26.0168    1531.65    133.607    135.416         61 0.0000e+00
      23470    977.863     86.409     87.000    19.8431    19.8360   4.970475   4.969974     2.1518     1.8049      47.32   27.11210  -84.33300    0.00263    0.00165     3.0752     3.1122    19.8270    19.8199    36.5736    36.5756    26.0085    26.0120    1531.65    133.858    135.468         42 0.0000e+00
      23563    981.748     85.416     86.000    19.8244    19.8378   4.968607   4.969925     2.1547     1.8064      48.34   27.11210  -84.33300    0.00097    0.00040     3.0823     3.1154    19.8085    19.8218    36.5744    36.5740    26.0140    26.0103    1531.65    134.164    135.605         50 0.0000e+00
      23646    985.209     84.423     85.000    19.8367    19.8320   4.969609   4.969264     2.1551     1.8063      49.39   27.11210  -84.33300    0.00037    0.00029     3.0821     3.1149    19.8209    19.8162    36.5693    36.5740    26.0069    26.0117    1531.65    134.158    135.583         35 0.0000e+00
      23737    988.997     83.430     84.000    19.8286    19.8598   4.968521   4.971670     2.1529     1.8078      50.35   27.11210  -84.33300   -0.00174   -0.00005     3.0775     3.1167    19.8130    19.8442    36.5716    36.5700    26.0107    26.0013    1531.65    133.957    135.665         47 0.0000e+00
      23837    993.173     81.444     82.000    19.9087    19.9243   4.968357   4.969220     2.1622     1.8171      51.96   27.03916  -84.10611    0.00111    0.00143     3.0924     3.1355    19.8926    19.9093    36.4670    36.4902    25.9007    25.9157    1527.53    134.612    136.485         30 0.0000e+00
      24021   1000.843     80.451     81.000    20.0429    20.0173   4.988345   4.987601     2.1815     1.8316      53.31   27.11210  -84.33298    0.00262    0.00202     3.1253     3.1623    20.0278    20.0023    36.5526    36.5654    25.9392    25.9558    1531.65    136.045    137.654         54 0.0000e+00
      25813   1075.512     77.472     78.000    20.0934    20.0923   4.989625   4.989677     2.2060     1.8531      56.30   27.11515  -84.34239    0.00113    0.00224     3.1733     3.2081    20.0788    20.0777    36.5182    36.5168    25.8997    25.8988    1531.82    138.143    139.655         62 0.0000e+00
      25908   1079.477     76.479     77.000    20.0778    20.0846   4.984342   4.985543     2.2102     1.8608      57.23   27.11210  -84.33290    0.00087    0.00218     3.1836     3.2267    20.0634    20.0702    36.4877    36.4915    25.8802    25.8813    1531.65    138.594    140.467         36 0.0000e+00
      26004   1083.442     75.486     76.000    20.0597    20.0640   4.977755   4.978282     2.2228     1.8714      58.21   27.11210  -84.33290    0.00334    0.00273     3.2121     3.2532    20.0456    20.0498    36.4493    36.4500    25.8556    25.8550    1531.65    139.837    141.627         44 0.0000e+00
      26102   1087.534     74.493     75.000    20.0701    20.0636   4.975277   4.974731     2.2396     1.8866      59.20   27.11210  -84.33290    0.00428    0.00403     3.2475     3.2892    20.0561    20.0496    36.4204    36.4215    25.8307    25.8333    1531.65    141.383    143.196         38 0.0000e+00
      26177   1090.659     72.507     73.000    20.0699    20.0788   4.963322   4.964452     2.2553     1.8985      60.66   27.01763  -84.03903    0.00250    0.00233     3.2814     3.3154    20.0563    20.0652    36.2779    36.2796    25.7102    25.7091    1526.31    142.861    144.340         37 0.0000e+00
      26394   1099.715     71.514     72.000    20.2389    20.2526   4.991801   4.992694     2.2803     1.9237      62.15   27.11210  -84.33288    0.00263    0.00257     3.3214     3.3643    20.2253    20.2393    36.4092    36.4096    25.7771    25.7745    1531.65    144.607    146.474         53 0.0000e+00
      26581   1107.520     69.527     70.000    20.3464    20.3560   4.991362   4.992352     2.3249     1.9698      63.73   27.03969  -84.10765    0.00309    0.00356     3.4103     3.4640    20.3332    20.3428    36.2810    36.2808    25.6411    25.6383    1527.56    148.488    150.823         37 0.0000e+00
      28246   1176.866     67.541     68.000    20.5460    20.5295   5.006349   5.005319     2.4425     2.0682      65.58   27.01752  -84.03850    0.00215    0.00168     3.6457     3.6811    20.5331    20.5166    36.2217    36.2275    25.5391    25.5480    1526.30    158.750    160.290         38 0.0000e+00
      28470   1186.203     66.548     67.000    20.8991    20.8203   5.051178   5.044483     2.5051     2.1234      67.07   27.11214  -84.33282    0.01217    0.01201     3.7520     3.7902    20.8862    20.8075    36.3300    36.3430    25.5380    25.5693    1531.65    163.391    165.049         61 0.0000e+00
      28606   1191.882     64.562     65.000    21.0290    20.9696   5.059711   5.057717     2.5833     2.1927      68.80   27.06917  -84.19917    0.00853    0.00681     3.9046     3.9368    21.0165    20.9571    36.2698    36.2897    25.4508    25.4822    1529.22    170.046    171.443         57 0.0000e+00
      28764   1198.450     63.569     64.000    21.1243    21.1398   5.074533   5.076753     2.6037     2.2328      69.99   27.11214  -84.33282    0.00297    0.00805     3.9410     4.0184    21.1102    21.1274    36.3295    36.3306    25.4762    25.4723    1531.65    171.629    175.005         44 0.0000e+00
