Gulf of Mexico/GOMECC-4/1db/urb2103_0531.cnv
* Sea-Bird SBE 9 Data File:
* FileName = C:\Users\scs.user.rb\CTD\GOMECC4\data\rb2103_0531.hex
* Software Version Seasave V 7.26.7.107
* Temperature SN = 4799
* Conductivity SN = 3860
* Number of Bytes Per Scan = 41
* Number of Voltage Words = 4
* Number of Scans Averaged by the Deck Unit = 1
* NMEA Latitude = 27 19.96 N
* NMEA Longitude = 095 00.01 W
* NMEA UTC (Time) = Sep 28 2021  09:37:15
* NMEA baud rate = 4800
# nquan = 28
# nvalues = 209                         
# units = specified
# name 0 = scan: Scan Count
# name 1 = timeS: Time, Elapsed [seconds]
# name 2 = depSM: Depth [salt water, m]
# name 3 = prDM: Pressure, Digiquartz [db]
# name 4 = t090C: Temperature [ITS-90, deg C]
# name 5 = t190C: Temperature, 2 [ITS-90, deg C]
# name 6 = c0S/m: Conductivity [S/m]
# name 7 = c1S/m: Conductivity, 2 [S/m]
# name 8 = sbeox0V: Oxygen raw, SBE 43 [V]
# name 9 = sbeox1V: Oxygen raw, SBE 43, 2 [V]
# name 10 = altM: Altimeter [m]
# name 11 = latitude: Latitude [deg]
# name 12 = longitude: Longitude [deg]
# name 13 = sbox0dV/dT: Oxygen, SBE 43 [dov/dt]
# name 14 = sbox1dV/dT: Oxygen, SBE 43, 2 [dov/dt]
# name 15 = sbeox0ML/L: Oxygen, SBE 43 [ml/l], WS = 5
# name 16 = sbeox1ML/L: Oxygen, SBE 43, 2 [ml/l], WS = 5
# name 17 = potemp090C: Potential Temperature [ITS-90, deg C]
# name 18 = potemp190C: Potential Temperature, 2 [ITS-90, deg C]
# name 19 = sal00: Salinity, Practical [PSU]
# name 20 = sal11: Salinity, Practical, 2 [PSU]
# name 21 = sigma-é00: Density [sigma-theta, kg/m^3]
# name 22 = sigma-é11: Density, 2 [sigma-theta, kg/m^3]
# name 23 = avgsvCM: Average Sound Velocity [Chen-Millero, m/s], minP = 20, minS = 20
# name 24 = sbox0Mm/Kg: Oxygen, SBE 43 [umol/kg], WS = 5
# name 25 = sbox1Mm/Kg: Oxygen, SBE 43, 2 [umol/kg], WS = 5
# name 26 = nbin: number of scans per bin
# name 27 = flag: flag
# span 0 =      47308,     116726       
# span 1 =   1971.144,   4863.525       
# span 2 =      1.987,   1095.784       
# span 3 =      2.000,   1106.000       
# span 4 =     4.6691,    29.5952       
# span 5 =     4.6690,    29.6005       
# span 6 =   3.360456,   5.972469       
# span 7 =   3.360281,   5.973009       
# span 8 =     1.5863,     3.4049       
# span 9 =     1.2905,     2.9290       
# span 10 =      13.16,     101.21      
# span 11 =   27.24361,   27.68410      
# span 12 =  -96.21991,  -94.68908      
# span 13 =   -0.00649,    0.01766      
# span 14 =   -0.00663,    0.01967      
# span 15 =     2.4381,     5.0856      
# span 16 =     2.4632,     5.1076      
# span 17 =     4.5781,    29.5918      
# span 18 =     4.5780,    29.5971      
# span 19 =    34.9093,    36.5265      
# span 20 =    34.9076,    36.5267      
# span 21 =    22.7317,    27.6838      
# span 22 =    22.7306,    27.6824      
# span 23 =    1496.84,    1521.05      
# span 24 =    106.021,    221.821      
# span 25 =    107.114,    222.792      
# span 26 =         30,         71      
# span 27 = 0.0000e+00, 0.0000e+00      
# interval = decibars: 1                
# start_time = Sep 28 2021 09:37:15 [NMEA time, header]
# bad_flag = -9.990e-29
*END*
      47308   1971.144   1095.784   1106.000     4.6691     4.6690   3.360456   3.360281     1.9224     1.6058      13.16   27.33082  -94.99265    0.00005    0.00005     4.2477     4.2884     4.5781     4.5780    34.9489    34.9469    27.6829    27.6814    1501.60    184.593    186.362         42 0.0000e+00
      47378   1974.052   1093.808   1104.000     4.6777     4.6776   3.361332   3.361168     1.9228     1.6056      15.05   27.33300  -95.00026    0.00002   -0.00017     4.2468     4.2855     4.5868     4.5867    34.9512    34.9493    27.6838    27.6824    1501.72    184.551    186.236         30 0.0000e+00
      47413   1975.517   1092.819   1103.000     4.6810     4.6816   3.361542   3.361414     1.9226     1.6055      16.11   27.33256  -94.99876    0.00005   -0.00002     4.2452     4.2841     4.5901     4.5907    34.9507    34.9486    27.6830    27.6813    1501.70    184.484    186.174         41 0.0000e+00
      47529   1980.346   1088.867   1099.000     4.6941     4.6937   3.362492   3.362309     1.9211     1.6038      20.05   27.33245  -94.99838   -0.00025   -0.00029     4.2363     4.2739     4.6035     4.6031    34.9500    34.9482    27.6810    27.6796    1501.69    184.097    185.731         38 0.0000e+00
      47649   1985.330   1084.914   1095.000     4.7021     4.7019   3.362999   3.362806     1.9187     1.6018      23.91   27.33222  -94.99757   -0.00040   -0.00035     4.2247     4.2630     4.6118     4.6116    34.9494    34.9474    27.6796    27.6780    1501.68    183.592    185.256         30 0.0000e+00
      47680   1986.617   1083.926   1094.000     4.7034     4.7031   3.363080   3.362903     1.9184     1.6012      24.89   27.33256  -94.99874   -0.00029   -0.00020     4.2227     4.2602     4.6132     4.6129    34.9496    34.9478    27.6796    27.6782    1501.70    183.508    185.136         31 0.0000e+00
      47711   1987.929   1082.938   1093.000     4.7050     4.7047   3.363198   3.363011     1.9180     1.6004      26.15   27.33256  -94.99874   -0.00029   -0.00040     4.2208     4.2563     4.6149     4.6146    34.9497    34.9478    27.6795    27.6780    1501.70    183.422    184.965         32 0.0000e+00
      47744   1989.280   1081.949   1092.000     4.7075     4.7080   3.363370   3.363217     1.9174     1.6001      26.97   27.33256  -94.99874   -0.00032   -0.00047     4.2177     4.2543     4.6174     4.6179    34.9496    34.9473    27.6792    27.6773    1501.70    183.289    184.880         31 0.0000e+00
      47829   1992.852   1078.985   1089.000     4.7149     4.7148   3.363944   3.363766     1.9167     1.5995      29.97   27.33310  -95.00062   -0.00023   -0.00013     4.2126     4.2493     4.6251     4.6250    34.9500    34.9481    27.6786    27.6771    1501.73    183.068    184.664         32 0.0000e+00
      47864   1994.280   1077.996   1088.000     4.7153     4.7154   3.363868   3.363701     1.9158     1.5986      31.06   27.33256  -94.99872   -0.00024   -0.00038     4.2090     4.2456     4.6255     4.6256    34.9492    34.9472    27.6779    27.6763    1501.70    182.910    184.501         37 0.0000e+00
      47981   1999.186   1074.043   1084.000     4.7170     4.7175   3.363843   3.363714     1.9148     1.5980      35.02   27.33254  -94.99866   -0.00012   -0.00015     4.2031     4.2405     4.6276     4.6281    34.9491    34.9471    27.6776    27.6760    1501.70    182.654    184.283         36 0.0000e+00
      48016   2000.640   1073.055   1083.000     4.7171     4.7177   3.363806   3.363679     1.9149     1.5979      36.04   27.33256  -94.99872   -0.00003   -0.00018     4.2029     4.2397     4.6278     4.6283    34.9491    34.9471    27.6776    27.6759    1501.70    182.647    184.245         32 0.0000e+00
      48101   2004.161   1070.090   1080.000     4.7213     4.7213   3.364090   3.363922     1.9146     1.5984      39.06   27.33305  -95.00043   -0.00009    0.00013     4.1996     4.2394     4.6322     4.6322    34.9495    34.9476    27.6774    27.6759    1501.73    182.503    184.233         33 0.0000e+00
      48135   2005.580   1069.102   1079.000     4.7211     4.7217   3.363982   3.363848     1.9144     1.5982      40.03   27.33256  -94.99872   -0.00009    0.00003     4.1985     4.2381     4.6321     4.6327    34.9489    34.9468    27.6769    27.6752    1501.70    182.455    184.175         36 0.0000e+00
      48220   2009.134   1066.137   1076.000     4.7297     4.7296   3.364641   3.364461     1.9146     1.5986      42.98   27.33297  -95.00013    0.00005    0.00016     4.1966     4.2372     4.6409     4.6408    34.9487    34.9468    27.6758    27.6743    1501.72    182.375    184.139         30 0.0000e+00
      48254   2010.538   1065.149   1075.000     4.7307     4.7304   3.364641   3.364450     1.9145     1.5985      44.11   27.33256  -94.99870    0.00008    0.00012     4.1955     4.2362     4.6420     4.6417    34.9485    34.9467    27.6755    27.6741    1501.70    182.327    184.095         39 0.0000e+00
      48374   2015.548   1061.196   1071.000     4.7921     4.7822   3.369800   3.368792     1.9132     1.5959      48.03   27.33264  -94.99898   -0.00007   -0.00049     4.1816     4.2179     4.7033     4.6935    34.9462    34.9448    27.6667    27.6668    1501.70    181.722    183.299         39 0.0000e+00
      48450   2018.703   1059.219   1069.000     4.7981     4.8000   3.370308   3.370368     1.9072     1.5903      50.11   27.33328  -95.00121   -0.00176   -0.00186     4.1589     4.1934     4.7094     4.7113    34.9468    34.9456    27.6666    27.6654    1501.74    180.736    182.235         34 0.0000e+00
      48539   2022.412   1058.231   1068.000     4.7811     4.7941   3.368730   3.369678     1.9019     1.5850      51.31   27.33256  -94.99868   -0.00149   -0.00155     4.1418     4.1735     4.6926     4.7055    34.9468    34.9442    27.6684    27.6649    1501.70    179.992    181.372         54 0.0000e+00
      48624   2025.955   1057.243   1067.000     4.7767     4.7673   3.368278   3.367370     1.9021     1.5854      52.32   27.33256  -94.99868   -0.00006   -0.00006     4.1423     4.1776     4.6883     4.6790    34.9466    34.9459    27.6688    27.6693    1501.70    180.016    181.548         42 0.0000e+00
      48708   2029.446   1056.254   1066.000     4.7829     4.7901   3.368796   3.369208     1.9028     1.5870      53.35   27.33256  -94.99868    0.00026    0.00047     4.1435     4.1807     4.6946     4.7017    34.9467    34.9439    27.6681    27.6651    1501.70    180.068    181.686         44 0.0000e+00
      48781   2032.518   1055.266   1065.000     4.8128     4.8162   3.371281   3.371387     1.9021     1.5858      54.28   27.33256  -94.99868   -0.00018   -0.00043     4.1372     4.1724     4.7243     4.7277    34.9447    34.9424    27.6632    27.6610    1501.70    179.794    181.326         46 0.0000e+00
      48866   2036.040   1054.277   1064.000     4.8294     4.8372   3.372677   3.373185     1.8988     1.5828      55.27   27.33256  -94.99868   -0.00130   -0.00114     4.1230     4.1583     4.7408     4.7486    34.9441    34.9418    27.6608    27.6581    1501.70    179.178    180.711         45 0.0000e+00
      48955   2039.753   1053.289   1063.000     4.8380     4.8388   3.373344   3.373399     1.8952     1.5790      56.37   27.33256  -94.99866   -0.00118   -0.00130     4.1088     4.1429     4.7495     4.7503    34.9433    34.9431    27.6592    27.6590    1501.70    178.562    180.042         38 0.0000e+00
      49121   2046.686   1051.312   1061.000     4.9118     4.9103   3.379972   3.379847     1.8883     1.5711      58.50   27.33559  -95.00919   -0.00187   -0.00196     4.0750     4.1037     4.8229     4.8214    34.9441    34.9442    27.6515    27.6518    1501.87    177.092    178.339         34 0.0000e+00
      49197   2049.814   1050.324   1060.000     4.9160     4.9296   3.380106   3.381061     1.8828     1.5660      59.39   27.33256  -94.99866   -0.00154   -0.00152     4.0549     4.0819     4.8272     4.8407    34.9419    34.9384    27.6493    27.6449    1501.70    176.217    177.394         38 0.0000e+00
      49268   2052.791   1049.335   1059.000     4.9549     4.9605   3.383422   3.383631     1.8796     1.5617      60.38   27.33256  -94.99865   -0.00157   -0.00164     4.0392     4.0616     4.8658     4.8714    34.9398    34.9364    27.6431    27.6398    1501.70    175.537    176.513         43 0.0000e+00
      49349   2056.183   1048.347   1058.000     4.9696     4.9747   3.384701   3.384859     1.8742     1.5570      61.36   27.33256  -94.99864   -0.00168   -0.00148     4.0180     4.0419     4.8805     4.8856    34.9397    34.9362    27.6414    27.6380    1501.70    174.617    175.657         61 0.0000e+00
      49435   2059.764   1047.359   1057.000     4.9819     4.9802   3.385783   3.385618     1.8689     1.5523      62.43   27.33256  -94.99864   -0.00151   -0.00135     3.9978     4.0229     4.8928     4.8912    34.9399    34.9397    27.6401    27.6401    1501.70    173.741    174.830         43 0.0000e+00
      49516   2063.108   1046.370   1056.000     5.0077     5.0059   3.387932   3.387570     1.8650     1.5497      63.51   27.33256  -94.99864   -0.00123   -0.00088     3.9800     4.0097     4.9184     4.9167    34.9382    34.9360    27.6358    27.6343    1501.70    172.965    174.258         49 0.0000e+00
      49593   2066.351   1045.382   1055.000     5.0182     5.0236   3.388782   3.389103     1.8613     1.5467      64.36   27.33256  -94.99862   -0.00110   -0.00095     3.9664     3.9964     4.9290     4.9344    34.9374    34.9352    27.6340    27.6316    1501.70    172.377    173.682         51 0.0000e+00
      49681   2069.986   1044.394   1054.000     5.0278     5.0366   3.389552   3.390175     1.8578     1.5436      65.49   27.33255  -94.99862   -0.00101   -0.00096     3.9529     3.9826     4.9386     4.9474    34.9376    34.9349    27.6329    27.6299    1501.70    171.787    173.080         38 0.0000e+00
      49751   2072.897   1043.405   1053.000     5.0541     5.0518   3.391784   3.391384     1.8557     1.5416      66.33   27.33254  -94.99862   -0.00077   -0.00082     3.9419     3.9729     4.9648     4.9625    34.9359    34.9336    27.6286    27.6271    1501.70    171.311    172.658         44 0.0000e+00
      49845   2076.848   1042.417   1052.000     5.0622     5.0593   3.392476   3.392118     1.8516     1.5383      67.44   27.33254  -94.99861   -0.00124   -0.00117     3.9261     3.9588     4.9729     4.9701    34.9359    34.9348    27.6276    27.6271    1501.70    170.626    172.048         41 0.0000e+00
      49915   2079.760   1041.428   1051.000     5.0758     5.0726   3.393590   3.393058     1.8492     1.5372      68.46   27.33254  -94.99860   -0.00111   -0.00078     3.9157     3.9527     4.9865     4.9833    34.9351    34.9337    27.6254    27.6247    1501.70    170.175    171.784         43 0.0000e+00
      49994   2083.023   1040.440   1050.000     5.0810     5.0823   3.394004   3.393957     1.8473     1.5354      69.43   27.33254  -94.99860   -0.00068   -0.00064     3.9081     3.9446     4.9917     4.9931    34.9349    34.9329    27.6247    27.6230    1501.70    169.843    171.432         37 0.0000e+00
      50161   2089.989   1038.463   1048.000     5.1003     5.0924   3.395663   3.394915     1.8449     1.5332      71.54   27.33294  -94.99999   -0.00035   -0.00021     3.8968     3.9343     5.0111     5.0033    34.9351    34.9345    27.6226    27.6230    1501.72    169.353    170.983         47 0.0000e+00
      50242   2093.357   1037.475   1047.000     5.1045     5.1031   3.395943   3.395662     1.8432     1.5321      72.48   27.33254  -94.99860   -0.00052   -0.00044     3.8899     3.9282     5.0153     5.0139    34.9343    34.9325    27.6214    27.6202    1501.70    169.052    170.719         71 0.0000e+00
      50324   2096.804   1036.486   1046.000     5.1107     5.1118   3.396403   3.396400     1.8417     1.5306      73.55   27.33254  -94.99859   -0.00049   -0.00039     3.8835     3.9214     5.0216     5.0227    34.9339    34.9324    27.6204    27.6190    1501.70    168.774    170.422         60 0.0000e+00
      50407   2100.246   1035.498   1045.000     5.1127     5.1166   3.396541   3.396761     1.8409     1.5293      74.53   27.33254  -94.99858   -0.00022   -0.00036     3.8802     3.9155     5.0237     5.0276    34.9336    34.9321    27.6199    27.6182    1501.70    168.630    170.169         57 0.0000e+00
      50486   2103.562   1034.510   1044.000     5.1126     5.1188   3.396527   3.396901     1.8402     1.5284      75.51   27.33253  -94.99858   -0.00025   -0.00027     3.8770     3.9112     5.0236     5.0298    34.9340    34.9319    27.6203    27.6178    1501.70    168.492    169.982         53 0.0000e+00
      50565   2106.847   1033.521   1043.000     5.1188     5.1220   3.397005   3.397173     1.8400     1.5281      76.54   27.33252  -94.99858   -0.00001   -0.00012     3.8753     3.9092     5.0299     5.0331    34.9336    34.9322    27.6192    27.6177    1501.70    168.421    169.892         46 0.0000e+00
      50643   2110.084   1032.532   1042.000     5.1257     5.1272   3.397529   3.397573     1.8400     1.5275      77.45   27.33252  -94.99856   -0.00006   -0.00030     3.8739     3.9059     5.0369     5.0383    34.9329    34.9319    27.6178    27.6169    1501.70    168.360    169.748         54 0.0000e+00
      50819   2117.423   1026.602   1036.000     5.1912     5.1894   3.403073   3.402691     1.8368     1.5238      83.23   27.33260  -94.99884   -0.00056   -0.00065     3.8529     3.8826     5.1024     5.1006    34.9315    34.9290    27.6090    27.6072    1501.70    167.450    168.739         31 0.0000e+00
      50951   2122.907   1021.659   1031.000     5.2371     5.2368   3.406903   3.406632     1.8291     1.5172      88.26   27.33267  -94.99908   -0.00132   -0.00127     3.8190     3.8502     5.1484     5.1481    34.9303    34.9275    27.6026    27.6005    1501.71    165.976    167.332         30 0.0000e+00
      51188   2132.773   1017.705   1027.000     5.2511     5.2543   3.407989   3.408055     1.8190     1.5084      92.45   27.33346  -95.00180   -0.00066   -0.00063     3.7807     3.8138     5.1627     5.1659    34.9302    34.9276    27.6008    27.5984    1501.75    164.310    165.749         57 0.0000e+00
      52537   2189.012   1015.728   1025.000     5.2822     5.2799   3.410636   3.410295     1.8130     1.5040      94.74   27.33359  -95.00222   -0.00002    0.00001     3.7557     3.7936     5.1937     5.1914    34.9293    34.9278    27.5965    27.5956    1501.76    163.226    164.871         35 0.0000e+00
      54198   2258.215    959.374    968.000     5.5810     5.5825   3.434440   3.434390     1.7769     1.4690     100.00   27.33331  -95.00124   -0.00026   -0.00038     3.5757     3.6064     5.4957     5.4972    34.9197    34.9176    27.5525    27.5506    1501.75    155.407    156.744         30 0.0000e+00
      55032   2292.973    926.741    935.000     5.6796     5.6796   3.441728   3.441565     1.7659     1.4588     100.00   27.33315  -95.00064   -0.00057   -0.00059     3.5138     3.5445     5.5967     5.5967    34.9170    34.9151    27.5379    27.5364    1501.74    152.722    154.057         31 0.0000e+00
      55158   2298.219    921.796    930.000     5.6899     5.6903   3.442431   3.442302     1.7634     1.4564     100.00   27.33335  -95.00134   -0.00044   -0.00041     3.5020     3.5327     5.6074     5.6078    34.9168    34.9149    27.5364    27.5348    1501.75    152.209    153.543         32 0.0000e+00
      56640   2359.954    916.852    925.000     5.7259     5.7259   3.445455   3.445301     1.7549     1.4496     100.00   27.33362  -95.00220    0.00005   -0.00015     3.4678     3.5023     5.6436     5.6436    34.9165    34.9147    27.5317    27.5303    1501.76    150.721    152.224         60 0.0000e+00
