Gulf of Mexico/GOMECC-4/1db/urb2103_0551.cnv
* Sea-Bird SBE 9 Data File:
* FileName = C:\Users\scs.user.rb\CTD\GOMECC4\data\rb2103_0551.hex
* Software Version Seasave V 7.26.7.107
* Temperature SN = 4799
* Conductivity SN = 3860
* Number of Bytes Per Scan = 41
* Number of Voltage Words = 4
* Number of Scans Averaged by the Deck Unit = 1
* NMEA Latitude = 27 38.90 N
* NMEA Longitude = 094 59.93 W
* NMEA UTC (Time) = Sep 28 2021  16:15:21
* NMEA baud rate = 4800
# nquan = 28
# nvalues = 215                         
# units = specified
# name 0 = scan: Scan Count
# name 1 = timeS: Time, Elapsed [seconds]
# name 2 = depSM: Depth [salt water, m]
# name 3 = prDM: Pressure, Digiquartz [db]
# name 4 = t090C: Temperature [ITS-90, deg C]
# name 5 = t190C: Temperature, 2 [ITS-90, deg C]
# name 6 = c0S/m: Conductivity [S/m]
# name 7 = c1S/m: Conductivity, 2 [S/m]
# name 8 = sbeox0V: Oxygen raw, SBE 43 [V]
# name 9 = sbeox1V: Oxygen raw, SBE 43, 2 [V]
# name 10 = altM: Altimeter [m]
# name 11 = latitude: Latitude [deg]
# name 12 = longitude: Longitude [deg]
# name 13 = sbox0dV/dT: Oxygen, SBE 43 [dov/dt]
# name 14 = sbox1dV/dT: Oxygen, SBE 43, 2 [dov/dt]
# name 15 = sbeox0ML/L: Oxygen, SBE 43 [ml/l], WS = 5
# name 16 = sbeox1ML/L: Oxygen, SBE 43, 2 [ml/l], WS = 5
# name 17 = potemp090C: Potential Temperature [ITS-90, deg C]
# name 18 = potemp190C: Potential Temperature, 2 [ITS-90, deg C]
# name 19 = sal00: Salinity, Practical [PSU]
# name 20 = sal11: Salinity, Practical, 2 [PSU]
# name 21 = sigma-é00: Density [sigma-theta, kg/m^3]
# name 22 = sigma-é11: Density, 2 [sigma-theta, kg/m^3]
# name 23 = avgsvCM: Average Sound Velocity [Chen-Millero, m/s], minP = 20, minS = 20
# name 24 = sbox0Mm/Kg: Oxygen, SBE 43 [umol/kg], WS = 5
# name 25 = sbox1Mm/Kg: Oxygen, SBE 43, 2 [umol/kg], WS = 5
# name 26 = nbin: number of scans per bin
# name 27 = flag: flag
# span 0 =      30860,      84341       
# span 1 =   1285.775,   3514.171       
# span 2 =      1.987,    615.963       
# span 3 =      2.000,    621.000       
# span 4 =     7.8482,    29.6282       
# span 5 =     7.8483,    29.6290       
# span 6 =   3.632257,   5.919402       
# span 7 =   3.632141,   5.919412       
# span 8 =     1.5856,     3.2734       
# span 9 =     1.2909,     2.8066       
# span 10 =      13.03,     102.81      
# span 11 =   27.55847,   28.15903      
# span 12 =  -96.75594,  -94.69200      
# span 13 =   -0.00629,    0.03712      
# span 14 =   -0.01190,    0.03689      
# span 15 =     2.4552,     4.9027      
# span 16 =     2.4813,     4.9174      
# span 17 =     7.7850,    29.6274      
# span 18 =     7.7851,    29.6283      
# span 19 =    34.9752,    36.4638      
# span 20 =    34.9736,    36.4640      
# span 21 =    22.4116,    27.2868      
# span 22 =    22.4104,    27.2857      
# span 23 =    1503.16,    1535.92      
# span 24 =    106.754,    213.707      
# span 25 =    107.887,    214.337      
# span 26 =         30,         65      
# span 27 = 0.0000e+00, 0.0000e+00      
# interval = decibars: 1                
# start_time = Sep 28 2021 16:15:21 [NMEA time, header]
# bad_flag = -9.990e-29
*END*
[from data line 156]
      66767   2781.906     70.517     71.000    22.7899    22.8201   5.248640   5.251098     2.9786     2.5499     100.16   27.69163  -95.14943    0.00129    0.00116     4.5854     4.6141    22.7789    22.8056    36.3221    36.3217    25.0068    24.9990    1510.42    199.796    201.048         49 0.0000e+00
      67491   2812.097     68.532     69.000    22.7954    22.8148   5.244668   5.247125     2.9749     2.5456     100.02   27.65174  -95.01236   -0.00093    0.00055     4.5735     4.6034    22.7813    22.8007    36.2717    36.2741    24.9623    24.9586    1508.24    199.280    200.580         40 0.0000e+00
      67529   2813.676     67.538     68.000    22.8611    22.8608   5.250444   5.250841     2.9775     2.5459     100.00   27.64750  -94.99780   -0.00001    0.00070     4.5725     4.5989    22.8472    22.8469    36.2607    36.2641    24.9343    24.9370    1508.01    199.239    200.391         34 0.0000e+00
      67568   2815.281     66.545     67.000    22.9507    22.9754   5.258225   5.260619     3.0086     2.5743     100.00   27.64750  -94.99780    0.00685    0.00429     4.6276     4.6530    22.9370    22.9617    36.2474    36.2456    24.8983    24.8898    1508.01    201.647    202.755         47 0.0000e+00
      67625   2817.658     65.552     66.000    22.9750    22.9654   5.260830   5.259948     3.0566     2.6106     100.00   27.64750  -94.99780    0.02221    0.01931     4.7218     4.7339    22.9615    22.9519    36.2479    36.2489    24.8916    24.8951    1508.01    205.756    206.280         56 0.0000e+00
      67667   2819.424     64.559     65.000    23.0296    23.0580   5.266543   5.269257     3.0626     2.6100     100.00   27.64750  -94.99780    0.01239    0.00635     4.7285     4.7243    23.0163    23.0447    36.2474    36.2449    24.8753    24.8652    1508.01    206.049    205.869         35 0.0000e+00
      67704   2820.967     63.566     64.000    23.1751    23.2187   5.281019   5.284624     3.0819     2.6581     100.00   27.64750  -94.99780    0.00710    0.00765     4.7640     4.8179    23.1619    23.2055    36.2398    36.2348    24.8272    24.8107    1508.01    207.606    209.955         43 0.0000e+00
      67755   2823.069     62.573     63.000    23.2075    23.1925   5.284251   5.282939     3.1098     2.6724     100.00   27.64750  -94.99780    0.01311    0.01868     4.8065     4.8507    23.1945    23.1795    36.2384    36.2405    24.8166    24.8226    1508.01    209.460    211.385         50 0.0000e+00
      67798   2824.862     61.580     62.000    23.3357    23.2965   5.295683   5.292803     3.1215     2.6710     100.00   27.64750  -94.99780    0.01120    0.00663     4.8149     4.8399    23.3177    23.2836    36.2255    36.2309    24.7709    24.7849    1508.01    209.835    210.922         30 0.0000e+00
      67836   2826.438     60.587     61.000    23.5702    23.6157   5.323015   5.327337     3.1351     2.6862     100.00   27.64750  -94.99780    0.00788    0.00288     4.8240     4.8443    23.5574    23.6030    36.2421    36.2353    24.7131    24.6945    1508.01    210.242    211.133         41 0.0000e+00
      68172   2840.439     58.601     59.000    23.7072    23.8282   5.341669   5.354850     3.1664     2.7185      96.82   27.69493  -95.16083    0.00743    0.00465     4.8739     4.8974    23.6949    23.8158    36.2992    36.2981    24.7231    24.6865    1510.60    212.425    213.458         33 0.0000e+00
      68155   2839.757     57.608     58.000    23.8178    23.8925   5.347688   5.355891     3.1757     2.7312      82.68   27.64748  -94.99779    0.00301    0.00361     4.8807     4.9174    23.8031    23.8803    36.2286    36.2257    24.6304    24.6053    1508.01    212.735    214.337         36 0.0000e+00
      68412   2850.471     55.621     56.000    24.0818    24.2489   5.376333   5.393916     3.1989     2.7244     100.04   27.66432  -95.05566   -0.00175   -0.00323     4.9027     4.8724    24.0700    24.2370    36.2395    36.2335    24.5618    24.5071    1508.93    213.707    212.399         45 0.0000e+00
      68794   2866.391     54.629     55.000    24.2820    24.4463   5.394460   5.410929     3.1625     2.6704     100.00   27.64747  -94.99777   -0.00214   -0.00557     4.8122     4.7383    24.2703    24.4345    36.2055    36.1969    24.4734    24.4177    1508.01    209.778    206.570         51 0.0000e+00
      69947   2914.435     52.642     53.000    24.6445    24.6669   5.420392   5.420808     3.0776     2.6300      99.68   27.55847  -94.69200    0.00423    0.00393     4.6091     4.6303    24.6331    24.6555    36.0584    36.0806    24.2387    24.2516    1503.16    200.956    201.880         39 0.0000e+00
      70229   2926.158     51.649     52.000    24.9549    25.0358   5.460978   5.469299     3.0990     2.6530     100.00   27.64744  -94.99772    0.00374    0.00388     4.6292     4.6545    24.9436    25.0245    36.1606    36.1649    24.2359    24.2144    1508.01    201.846    202.956         45 0.0000e+00
      70299   2929.096     50.656     51.000    24.9794    25.1030   5.464792   5.477996     3.1211     2.6958     100.00   27.64745  -94.99772    0.01020    0.01593     4.6685     4.7377    24.9683    25.0918    36.1733    36.1722    24.2379    24.1993    1508.01    203.563    206.585         53 0.0000e+00
      70344   2930.948     49.663     50.000    25.4437    25.5917   5.518842   5.533793     3.1562     2.7136     100.00   27.64745  -94.99772    0.00837    0.00928     4.6955     4.7351    25.4326    25.5806    36.2036    36.1960    24.1181    24.0665    1508.01    204.762    206.499         47 0.0000e+00
      70433   2934.682     48.670     49.000    25.6415    25.8445   5.543404   5.566365     3.2078     2.7589     100.00   27.64745  -94.99772    0.01021    0.00664     4.7766     4.8093    25.6306    25.8335    36.2277    36.2354    24.0751    24.0177    1508.01    208.309    209.747         32 0.0000e+00
      70641   2943.343     47.677     48.000    26.0386    26.6625   5.585658   5.645901     3.2456     2.7872     100.00   27.64744  -94.99772    0.01022    0.00492     4.8040     4.8036    26.0279    26.6516    36.2116    36.1734    23.9387    23.7145    1508.01    209.529    209.558         38 0.0000e+00
      70791   2949.592     46.683     47.000    26.6343    27.0031   5.643082   5.681365     3.2701     2.8066     100.00   27.64744  -94.99771    0.00478    0.00573     4.8096     4.8161    26.6236    26.9923    36.1723    36.1600    23.7212    23.5942    1508.01    209.820    210.131         59 0.0000e+00
      70945   2955.981     45.690     46.000    26.8355    27.3171   5.664611   5.715735     3.2734     2.7902      97.41   27.64744  -94.99772   -0.00174   -0.00412     4.7979     4.7564    26.8200    27.3064    36.1745    36.1623    23.6603    23.4948    1508.01    209.321    207.544         52 0.0000e+00
      72558   3023.221     44.697     45.000    28.0456    28.1114   5.793446   5.799776     3.2290     2.7499      80.84   27.64740  -94.99767   -0.00116   -0.00118     4.6147     4.6132    28.0346    28.1007    36.1491    36.1454    23.2472    23.2230    1508.01    201.411    201.347         44 0.0000e+00
      72889   3037.004     43.704     44.000    28.1872    28.2024   5.807723   5.809372     3.2219     2.7390     100.35   27.64738  -94.99766   -0.00081   -0.00243     4.5888     4.5821    28.1767    28.1920    36.1436    36.1434    23.1968    23.1917    1508.01    200.291    200.000         62 0.0000e+00
      72935   3038.919     42.711     43.000    28.2598    28.2361   5.814445   5.812320     3.2245     2.7397     100.00   27.64738  -94.99766   -0.00025   -0.00141     4.5875     4.5805    28.2495    28.2259    36.1355    36.1387    23.1667    23.1769    1508.01    200.237    199.932         34 0.0000e+00
      72976   3040.615     41.718     42.000    28.3599    28.3513   5.823145   5.822541     3.2277     2.7439      78.35   27.64739  -94.99766    0.00182    0.00110     4.5849     4.5802    28.3499    28.3413    36.1202    36.1226    23.1221    23.1267    1508.01    200.135    199.928         56 0.0000e+00
      73036   3043.143     40.724     41.000    28.3315    28.3955   5.820930   5.826812     3.2235     2.7436     101.68   27.64740  -94.99767   -0.00062    0.00110     4.5789     4.5758    28.3217    28.3857    36.1267    36.1190    23.1363    23.1092    1508.01    199.870    199.739         52 0.0000e+00
      73081   3044.997     39.731     40.000    28.4720    28.7802   5.834252   5.861114     3.2239     2.7445     100.00   27.64740  -94.99767   -0.00109   -0.00050     4.5684     4.5539    28.4619    28.7705    36.1139    36.0658    23.0802    22.9413    1508.01    199.421    198.812         48 0.0000e+00
      73143   3047.564     38.738     39.000    28.8756    28.9003   5.870076   5.873162     3.2024     2.6948     100.00   27.64740  -94.99768   -0.00462   -0.01190     4.4976     4.4397    28.8662    28.8909    36.0559    36.0587    22.9020    22.8958    1508.01    196.367    193.840         49 0.0000e+00
      73572   3065.438     36.752     37.000    29.1400    29.1815   5.898091   5.901613     3.1605     2.6711     100.24   27.71284  -95.22253   -0.00629   -0.00202     4.4094     4.3764    29.1316    29.1725    36.0997    36.0873    22.8589    22.8359    1511.58    192.535    191.095         41 0.0000e+00
      73499   3062.418     35.758     36.000    29.0438    29.1098   5.882776   5.886932     3.1461     2.6641     100.00   27.64740  -94.99768   -0.00226   -0.00066     4.3824     4.3633    29.0351    29.1011    36.0182    35.9968    22.8170    22.7788    1508.01    191.351    190.526         34 0.0000e+00
      74683   3111.752     34.765     35.000    29.0984    29.0959   5.881406   5.881125     3.1370     2.6629     100.00   27.64737  -94.99765    0.00013   -0.00007     4.3620     4.3621    29.0898    29.0874    35.9674    35.9673    22.7605    22.7613    1508.01    190.471    190.476         43 0.0000e+00
      75277   3136.500     31.785     32.000    29.1440    29.1470   5.889209   5.888545     3.1393     2.6628      96.24   27.67099  -95.07880   -0.00021   -0.00060     4.3618     4.3577    29.1363    29.1392    36.0026    35.9958    22.7760    22.7699    1509.30    190.464    190.285         47 0.0000e+00
      75316   3138.142     30.792     31.000    29.1116    29.1116   5.880752   5.880359     3.1370     2.6621      99.96   27.64736  -94.99762   -0.00001   -0.00140     4.3593     4.3575    29.1041    29.1040    35.9541    35.9517    22.7458    22.7439    1508.01    190.358    190.278         52 0.0000e+00
      75425   3142.677     29.799     30.000    29.1018    29.1011   5.878029   5.877743     3.1399     2.6609      86.47   27.64736  -94.99762    0.00045   -0.00114     4.3649     4.3557    29.0946    29.0938    35.9430    35.9416    22.7406    22.7398    1508.01    190.604    190.202         48 0.0000e+00
      75569   3148.657     28.806     29.000    29.0872    29.0868   5.874158   5.873387     3.1379     2.6629      93.50   27.64736  -94.99761    0.00056    0.00028     4.3623     4.3606    29.0801    29.0797    35.9271    35.9226    22.7335    22.7302    1508.01    190.491    190.417         38 0.0000e+00
      75716   3154.788     27.813     28.000    29.0844    29.0904   5.872452   5.871653     3.1375     2.6627     100.28   27.64736  -94.99761    0.00062   -0.00029     4.3616     4.3599    29.0776    29.0836    35.9183    35.9082    22.7277    22.7181    1508.01    190.459    190.387         47 0.0000e+00
      75852   3160.439     26.819     27.000    29.0879    29.0946   5.871991   5.871854     3.1370     2.6628     100.00   27.64736  -94.99761    0.00008    0.00017     4.3601     4.3593    29.0814    29.0880    35.9127    35.9067    22.7222    22.7155    1508.01    190.395    190.363         35 0.0000e+00
      76008   3166.963     25.826     26.000    29.0944    29.1057   5.872460   5.873047     3.1390     2.6638     100.00   27.64736  -94.99760   -0.00060   -0.00050     4.3628     4.3599    29.0881    29.0994    35.9113    35.9069    22.7189    22.7118    1508.01    190.515    190.388         58 0.0000e+00
      77063   3210.915     24.833     25.000    29.1127    29.1199   5.873663   5.874343     3.1395     2.6659      92.90   27.64737  -94.99761   -0.00039   -0.00057     4.3618     4.3626    29.1066    29.1138    35.9062    35.9054    22.7089    22.7059    1508.01    190.472    190.509         46 0.0000e+00
      77538   3230.694     22.846     23.000    29.1186    29.1173   5.874096   5.873347     3.1403     2.6691      74.70   27.66010  -95.04137   -0.00085    0.00089     4.3625     4.3689    29.1131    29.1118    35.9132    35.9108    22.7145    22.7132    1508.70    190.503    190.785         38 0.0000e+00
      77545   3230.980     21.853     22.000    29.0797    29.0907   5.861626   5.867366     3.1405     2.6647      98.34   27.64737  -94.99762   -0.00034    0.00035     4.3660     4.3614    29.0743    29.0854    35.8488    35.8802    22.6766    22.6965    1508.01    190.662    190.457         50 0.0000e+00
      77613   3233.822     20.860     21.000    29.0835    29.0747   5.861741   5.855271     3.1356     2.6658     100.00   27.64736  -94.99762   -0.00146   -0.00040     4.3563     4.3659    29.0784    29.0696    35.8470    35.8023    22.6739    22.6433    1508.01    190.240    190.660         43 0.0000e+00
      77653   3235.515     19.867     20.000    29.0689    29.0643   5.841054   5.838894     3.1412     2.6648     100.00   27.64737  -94.99762   -0.00002    0.00098     4.3702     4.3668    29.0641    29.0594    35.7155    35.7039    22.5799    22.5728    1508.01    190.864    190.716         36 0.0000e+00
      77697   3237.337     18.873     19.000    29.0758    29.0706   5.835382   5.833511     3.1425     2.6662     100.00   27.64737  -94.99762    0.00304   -0.00077     4.3725     4.3696    29.0712    29.0660    35.6715    35.6625    22.5445    22.5395    1508.01    190.972    190.842         33 0.0000e+00
      78501   3270.841     16.887     17.000    29.2482    29.2433   5.855679   5.852902     3.1612     2.6814     100.54   27.80986  -95.55598   -0.00075   -0.00048     4.3998     4.3955    29.2440    29.2392    35.7841    35.7686    22.6035    22.5934    1516.87    192.177    191.991         37 0.0000e+00
      78154   3256.361     15.893     16.000    29.0675    29.0615   5.817648   5.814605     3.1416     2.6689     100.00   27.64736  -94.99762   -0.00020    0.00126     4.3729     4.3769    29.0636    29.0577    35.5562    35.5392    22.4605    22.4497    1508.01    191.004    191.180         49 0.0000e+00
      79282   3303.370     14.900     15.000    29.0540    29.0582   5.810847   5.810601     3.1366     2.6633      87.19   27.64737  -94.99764   -0.00101   -0.00086     4.3651     4.3661    29.0504    29.0545    35.5197    35.5152    22.4375    22.4327    1508.01    190.669    190.713         61 0.0000e+00
      79689   3320.350     13.907     14.000    29.0568    29.0590   5.809735   5.809897     3.1390     2.6636      85.96   27.64738  -94.99764    0.00106    0.00037     4.3690     4.3662    29.0534    29.0556    35.5102    35.5097    22.4293    22.4282    1508.01    190.839    190.719         65 0.0000e+00
      79779   3324.100     12.914     13.000    29.0585    29.0611   5.809628   5.809701     3.1397     2.6637      87.36   27.64738  -94.99764   -0.00060   -0.00015     4.3696     4.3658    29.0553    29.0580    35.5086    35.5071    22.4275    22.4254    1508.01    190.867    190.702         63 0.0000e+00
      79832   3326.294     11.920     12.000    29.0629    29.0634   5.809680   5.809644     3.1417     2.6654      99.60   27.64738  -94.99764    0.00121    0.00053     4.3725     4.3686    29.0600    29.0605    35.5059    35.5053    22.4239    22.4233    1508.01    190.991    190.822         54 0.0000e+00
