Gulf of Mexico/GOMECC-4/1db/urb2103_1371.cnv
* Sea-Bird SBE 9 Data File:
* FileName = C:\Users\scs.user.rb\CTD\GOMECC4\data\rb2103_1371.hex
* Software Version Seasave V 7.26.7.107
* Temperature SN = 4799
* Conductivity SN = 3860
* Number of Bytes Per Scan = 41
* Number of Voltage Words = 4
* Number of Scans Averaged by the Deck Unit = 1
* NMEA Latitude = 26 00.14 N
* NMEA Longitude = 084 11.82 W
* NMEA UTC (Time) = Oct 20 2021  06:05:28
* NMEA baud rate = 4800
# nquan = 28
# nvalues = 123                         
# units = specified
# name 0 = scan: Scan Count
# name 1 = timeS: Time, Elapsed [seconds]
# name 2 = depSM: Depth [salt water, m]
# name 3 = prDM: Pressure, Digiquartz [db]
# name 4 = t090C: Temperature [ITS-90, deg C]
# name 5 = t190C: Temperature, 2 [ITS-90, deg C]
# name 6 = c0S/m: Conductivity [S/m]
# name 7 = c1S/m: Conductivity, 2 [S/m]
# name 8 = sbeox0V: Oxygen raw, SBE 43 [V]
# name 9 = sbeox1V: Oxygen raw, SBE 43, 2 [V]
# name 10 = altM: Altimeter [m]
# name 11 = latitude: Latitude [deg]
# name 12 = longitude: Longitude [deg]
# name 13 = sbox0dV/dT: Oxygen, SBE 43 [dov/dt]
# name 14 = sbox1dV/dT: Oxygen, SBE 43, 2 [dov/dt]
# name 15 = sbeox0ML/L: Oxygen, SBE 43 [ml/l], WS = 5
# name 16 = sbeox1ML/L: Oxygen, SBE 43, 2 [ml/l], WS = 5
# name 17 = potemp090C: Potential Temperature [ITS-90, deg C]
# name 18 = potemp190C: Potential Temperature, 2 [ITS-90, deg C]
# name 19 = sal00: Salinity, Practical [PSU]
# name 20 = sal11: Salinity, Practical, 2 [PSU]
# name 21 = sigma-é00: Density [sigma-theta, kg/m^3]
# name 22 = sigma-é11: Density, 2 [sigma-theta, kg/m^3]
# name 23 = avgsvCM: Average Sound Velocity [Chen-Millero, m/s], minP = 20, minS = 20
# name 24 = sbox0Mm/Kg: Oxygen, SBE 43 [umol/kg], WS = 5
# name 25 = sbox1Mm/Kg: Oxygen, SBE 43, 2 [umol/kg], WS = 5
# name 26 = nbin: number of scans per bin
# name 27 = flag: flag
# span 0 =      14399,      39060       
# span 1 =    599.931,   1627.441       
# span 2 =      1.987,    161.876       
# span 3 =      2.000,    163.000       
# span 4 =    16.4139,    28.5494       
# span 5 =    16.4206,    28.5488       
# span 6 =   4.572568,   5.773424       
# span 7 =   4.573377,   5.774873       
# span 8 =     1.9323,     3.1942       
# span 9 =     1.5979,     2.7055       
# span 10 =      11.18,     100.93      
# span 11 =   25.76177,   26.18083      
# span 12 =  -84.77237,  -83.41563      
# span 13 =   -0.00622,    0.01426      
# span 14 =   -0.00664,    0.01857      
# span 15 =     2.7942,     4.6471      
# span 16 =     2.8009,     4.6469      
# span 17 =    16.3874,    28.5435      
# span 18 =    16.3941,    28.5448      
# span 19 =    35.2989,    36.7098      
# span 20 =    35.2631,    36.7204      
# span 21 =    22.4817,    26.5699      
# span 22 =    22.4594,    26.5692      
# span 23 =    1514.45,    1539.09      
# span 24 =    121.573,    202.525      
# span 25 =    121.861,    202.516      
# span 26 =         30,         77      
# span 27 = 0.0000e+00, 0.0000e+00      
# interval = decibars: 1                
# start_time = Oct 20 2021 06:05:28 [NMEA time, header]
# bad_flag = -9.990e-29
*END*
[from data line 52]
      18695    778.928    108.263    109.000    18.3898    18.3864   4.806142   4.805981     2.0986     1.7468      64.07   26.00290  -84.19702   -0.00065   -0.00054     3.0592     3.0681    18.3706    18.3672    36.4663    36.4671    26.3028    26.3043    1528.64    133.121    133.511         46 0.0000e+00
      18762    781.724    107.270    108.000    18.3956    18.3943   4.806786   4.806693     2.0990     1.7469      65.05   26.00290  -84.19702   -0.00033   -0.00002     3.0591     3.0675    18.3766    18.3754    36.4653    36.4656    26.3005    26.3011    1528.64    133.119    133.482         52 0.0000e+00
      18829    784.503    106.276    107.000    18.4053    18.4062   4.807802   4.807896     2.0982     1.7458      66.01   26.00290  -84.19702    0.00006   -0.00010     3.0563     3.0639    18.3865    18.3874    36.4658    36.4657    26.2984    26.2981    1528.64    132.996    133.325         53 0.0000e+00
      18872    786.288    105.284    106.000    18.4429    18.4908   4.811786   4.816915     2.0976     1.7454      66.92   26.00291  -84.19702   -0.00050   -0.00052     3.0525     3.0580    18.4231    18.4721    36.4667    36.4678    26.2899    26.2783    1528.64    132.831    133.071         48 0.0000e+00
      18932    788.803    104.291    105.000    18.4835    18.5230   4.816204   4.820519     2.0942     1.7393      68.03   26.00292  -84.19702   -0.00088   -0.00176     3.0416     3.0404    18.4650    18.5045    36.4686    36.4703    26.2807    26.2720    1528.64    132.358    132.308         58 0.0000e+00
      18980    790.775    103.298    104.000    18.5894    18.5711   4.827269   4.825471     2.0938     1.7386      68.85   26.00292  -84.19702   -0.00099   -0.00128     3.0340     3.0347    18.5710    18.5528    36.4691    36.4708    26.2543    26.2604    1528.64    132.033    132.061         45 0.0000e+00
      19039    793.230    102.305    103.000    18.6425    18.6919   4.833853   4.839241     2.0926     1.7397      70.04   26.00292  -84.19702   -0.00023    0.00027     3.0275     3.0306    18.6243    18.6736    36.4783    36.4803    26.2478    26.2367    1528.64    131.749    131.887         64 0.0000e+00
      19091    795.417    101.312    102.000    18.6547    18.6980   4.834649   4.839269     2.0922     1.7386      70.83   26.00292  -84.19702   -0.00054   -0.00008     3.0245     3.0283    18.6316    18.6805    36.4790    36.4836    26.2464    26.2400    1528.64    131.621    131.786         38 0.0000e+00
      19142    797.534    100.319    101.000    18.7803    18.8123   4.849375   4.852886     2.0947     1.7395      71.88   26.00294  -84.19702    0.00066   -0.00009     3.0230     3.0224    18.7623    18.7943    36.4887    36.4919    26.2205    26.2148    1528.64    131.557    131.534         62 0.0000e+00
      19197    799.845     99.326    100.000    18.8241    18.8266   4.854737   4.854715     2.0951     1.7408      72.83   26.00294  -84.19702    0.00052    0.00060     3.0204     3.0241    18.8066    18.8088    36.4939    36.4934    26.2132    26.2123    1528.64    131.445    131.608         47 0.0000e+00
      19249    801.992     98.333     99.000    18.9069    18.9178   4.863717   4.865496     2.0984     1.7436      73.87   26.00294  -84.19702    0.00086    0.00086     3.0223     3.0249    18.8892    18.9001    36.4986    36.5040    26.1956    26.1970    1528.64    131.531    131.643         60 0.0000e+00
      19310    804.542     97.340     98.000    18.9595    19.0068   4.869483   4.874625     2.1014     1.7471      74.86   26.00294  -84.19702    0.00146    0.00145     3.0252     3.0283    18.9419    18.9892    36.5013    36.5063    26.1841    26.1758    1528.64    131.656    131.795         51 0.0000e+00
      19353    806.326     96.347     97.000    19.1218    19.1523   4.887840   4.891969     2.1070     1.7538      75.78   26.00294  -84.19702    0.00175    0.00222     3.0269     3.0350    19.1042    19.1348    36.5131    36.5210    26.1513    26.1495    1528.64    131.738    132.089         46 0.0000e+00
      19415    808.916     95.354     96.000    19.2012    19.1547   4.896730   4.891530     2.1164     1.7603      76.85   26.00294  -84.19702    0.00383    0.00343     3.0421     3.0500    19.1839    19.1373    36.5182    36.5155    26.1346    26.1446    1528.64    132.399    132.744         66 0.0000e+00
      19466    811.057     94.361     95.000    19.2899    19.2660   4.906032   4.903165     2.1195     1.7608      77.73   26.00294  -84.19702    0.00206    0.00049     3.0431     3.0448    19.2726    19.2488    36.5185    36.5155    26.1118    26.1157    1528.64    132.444    132.521         44 0.0000e+00
      19516    813.129     93.367     94.000    19.4224    19.4300   4.921326   4.921869     2.1252     1.7669      78.86   26.00295  -84.19702    0.00234    0.00180     3.0469     3.0488    19.4052    19.4131    36.5277    36.5285    26.0843    26.0830    1528.64    132.617    132.699         58 0.0000e+00
      19576    815.614     92.374     93.000    19.4411    19.4625   4.923331   4.926044     2.1247     1.7678      79.76   26.00296  -84.19702    0.00099    0.00142     3.0443     3.0489    19.4241    19.4455    36.5313    36.5344    26.0822    26.0789    1528.64    132.502    132.702         52 0.0000e+00
      19664    819.299     91.382     92.000    19.4451    19.4303   4.924179   4.921817     2.1204     1.7642      80.86   26.00296  -84.19702   -0.00052    0.00005     3.0339     3.0421    19.4284    19.4136    36.5318    36.5271    26.0814    26.0813    1528.64    132.050    132.406         36 0.0000e+00
      19841    826.664     90.388     91.000    19.5970    19.4628   4.939460   4.925468     2.1244     1.7643      81.85   26.00298  -84.19702    0.00309    0.00001     3.0334     3.0398    19.5803    19.4461    36.5339    36.5308    26.0432    26.0760    1528.64    132.035    132.308         30 0.0000e+00
      21026    876.037     88.402     89.000    19.7505    19.7445   4.954414   4.954002     2.1296     1.7717      83.73   25.99800  -84.18065    0.00008    0.00014     3.0347     3.0407    19.7341    19.7281    36.5193    36.5199    25.9910    25.9930    1528.34    132.098    132.357         62 0.0000e+00
      21091    878.739     87.409     88.000    19.7650    19.7704   4.956056   4.956018     2.1295     1.7711      84.69   26.00306  -84.19703    0.00018    0.00018     3.0332     3.0375    19.7487    19.7542    36.5227    36.5209    25.9903    25.9876    1528.64    132.030    132.220         61 0.0000e+00
      21152    881.311     86.416     87.000    19.7950    19.7922   4.958736   4.958264     2.1202     1.7583      85.63   26.00306  -84.19703   -0.00254   -0.00367     3.0113     3.0057    19.7789    19.7761    36.5184    36.5169    25.9791    25.9787    1528.64    131.081    130.837         57 0.0000e+00
      21223    884.244     85.423     86.000    19.7970    19.8180   4.958283   4.960537     2.1085     1.7511      86.37   26.00306  -84.19703   -0.00420   -0.00338     2.9847     2.9870    19.7811    19.8021    36.5148    36.5138    25.9757    25.9694    1528.64    129.920    130.023         51 0.0000e+00
      21283    886.743     84.430     85.000    19.8457    19.8610   4.962987   4.965073     2.1064     1.7495      87.56   26.00307  -84.19702   -0.00159   -0.00097     2.9779     2.9805    19.8299    19.8453    36.5100    36.5114    25.9592    25.9562    1528.64    129.627    129.742         50 0.0000e+00
      21350    889.546     83.437     84.000    19.9162    19.9081   4.969355   4.968681     2.1018     1.7428      88.63   26.00307  -84.19702   -0.00104   -0.00188     2.9636     2.9619    19.9006    19.8925    36.5018    36.5032    25.9342    25.9375    1528.64    129.010    128.933         66 0.0000e+00
      21418    892.393     82.444     83.000    19.9771    19.9820   4.975745   4.976000     2.0974     1.7405      89.62   26.00306  -84.19702   -0.00235   -0.00145     2.9504     2.9520    19.9617    19.9666    36.5019    36.4997    25.9181    25.9151    1528.64    128.438    128.508         62 0.0000e+00
      21473    894.650     81.451     82.000    20.1060    20.1615   4.990721   4.995934     2.1049     1.7512      90.52   26.00307  -84.19702    0.00183    0.00222     2.9590     2.9680    20.0906    20.1461    36.5080    36.5085    25.8884    25.8739    1528.64    128.815    129.206         48 0.0000e+00
      21528    896.972     80.458     81.000    20.2739    20.3309   5.008249   5.014708     2.1396     1.7918      91.60   26.00308  -84.19702    0.01072    0.01319     3.0324     3.0520    20.2600    20.3158    36.5132    36.5215    25.8471    25.8401    1528.64    132.017    132.870         67 0.0000e+00
      21596    899.810     79.464     80.000    20.3127    20.3507   5.013590   5.018040     2.1671     1.8149      92.49   26.00308  -84.19702    0.01251    0.01175     3.0772     3.1043    20.2976    20.3356    36.5231    36.5264    25.8446    25.8368    1528.64    133.965    135.144         53 0.0000e+00
      21641    901.669     78.471     79.000    20.4550    20.5199   5.031954   5.039558     2.1773     1.8219      93.43   26.00308  -84.19702    0.00632    0.00439     3.0899     3.1100    20.4401    20.5049    36.5507    36.5567    25.8272    25.8143    1528.64    134.523    135.399         44 0.0000e+00
      21699    904.073     77.478     78.000    20.6722    20.6563   5.057031   5.057794     2.2115     1.8562      94.50   26.00308  -84.19701    0.01099    0.01055     3.1481     3.1810    20.6573    20.6414    36.5681    36.5880    25.7818    25.8013    1528.64    137.062    138.490         59 0.0000e+00
      21766    906.871     76.485     77.000    20.6623    20.6833   5.058172   5.060108     2.2326     1.8685      95.37   26.00308  -84.19700    0.00976    0.00711     3.1928     3.2075    20.6476    20.6686    36.5863    36.5840    25.7983    25.7908    1528.64    139.002    139.646         46 0.0000e+00
      21811    908.749     75.492     76.000    20.9544    20.9838   5.093824   5.095253     2.2527     1.8890      96.38   26.00308  -84.19700    0.00687    0.00387     3.2233     3.2383    20.9531    20.9692    36.6130    36.6165    25.7353    25.7335    1528.64    140.341    140.991         54 0.0000e+00
      21875    911.405     74.499     75.000    21.0442    21.0052   5.102690   5.098365     2.2833     1.9130      97.34   26.00308  -84.19700    0.01241    0.01176     3.2722     3.2887    21.0292    20.9909    36.6197    36.6187    25.7196    25.7297    1528.64    142.472    143.189         64 0.0000e+00
      21932    913.792     73.506     74.000    21.0999    21.0971   5.106253   5.108474     2.2992     1.9270      82.69   26.00308  -84.19700    0.00821    0.00668     3.3059     3.3184    21.0856    21.0833    36.6007    36.6084    25.6896    25.6922    1528.64    143.942    144.487         55 0.0000e+00
      21985    915.986     72.512     73.000    21.1346    21.1507   5.107301   5.108976     2.3175     1.9421     100.93   26.00308  -84.19700    0.00689    0.00649     3.3391     3.3477    21.1178    21.1365    36.5808    36.5808    25.6656    25.6609    1528.64    145.391    145.768         40 0.0000e+00
      22414    933.861     70.526     71.000    21.2550    21.3476   5.129241   5.140266     2.3691     1.9902     100.42   26.11197  -84.54958    0.01137    0.00903     3.4364     3.4474    21.2301    21.3338    36.7098    36.7204    25.7451    25.7275    1535.04    149.629    150.113         31 0.0000e+00
      23267    969.417     69.533     70.000    21.6409    21.7470   5.154724   5.167907     2.4540     2.0898     100.00   26.00310  -84.19700    0.00295    0.00486     3.5887     3.6457    21.6184    21.7335    36.5367    36.5389    25.4931    25.4609    1528.64    156.287    158.774         36 0.0000e+00
      23541    980.829     67.547     68.000    21.7388    21.7954   5.168651   5.173091     2.4735     2.0951     100.00   26.00379  -84.19918    0.00338    0.00044     3.6211     3.6555    21.7254    21.7820    36.5466    36.5435    25.4708    25.4526    1528.68    157.704    159.201         60 0.0000e+00
      23614    983.892     66.553     67.000    22.0409    22.0177   5.199757   5.195719     2.5083     2.1075     100.00   26.00312  -84.19700    0.00790    0.00252     3.6720     3.6686    22.0276    22.0044    36.5510    36.5443    25.3891    25.3899    1528.64    159.930    159.782         56 0.0000e+00
      23700    987.452     65.560     66.000    22.1715    22.1207   5.213580   5.209423     2.5333     2.1350     100.00   26.00312  -84.19700    0.00778    0.00731     3.7137     3.7230    22.1587    22.1075    36.5491    36.5597    25.3505    25.3730    1528.64    161.754    162.153         52 0.0000e+00
      23777    990.669     64.567     65.000    22.2726    22.2205   5.225289   5.219964     2.5571     2.1502     100.00   26.00312  -84.19700    0.00762    0.00496     3.7522     3.7498    22.2547    22.2076    36.5583    36.5603    25.3303    25.3458    1528.64    163.435    163.326         69 0.0000e+00
      23847    993.590     63.574     64.000    22.4178    22.4443   5.243261   5.243194     2.5779     2.1720     100.00   26.00312  -84.19700    0.00640    0.00488     3.7895     3.7840    22.4261    22.4313    36.5586    36.5526    25.2817    25.2754    1528.64    165.065    164.826         36 0.0000e+00
      23941    997.496     62.581     63.000    22.6078    22.6275   5.255975   5.258257     2.6318     2.2262     100.00   26.00312  -84.19700    0.01263    0.01327     3.8825     3.8941    22.5949    22.6147    36.5167    36.5179    25.2013    25.1966    1528.64    169.132    169.635         58 0.0000e+00
      24073   1002.997     60.594     61.000    22.7784    22.8145   5.268874   5.272710     2.7245     2.3183      99.91   25.98086  -84.12494    0.01003    0.01554     4.0573     4.0849    22.7660    22.8020    36.4660    36.4624    25.1102    25.0971    1527.33    176.759    177.962         50 0.0000e+00
      24176   1007.279     59.601     60.000    22.8395    22.8532   5.273290   5.276695     2.7703     2.3476      99.24   26.00312  -84.19700    0.01178    0.00880     4.1281     4.1477    22.8272    22.8410    36.4659    36.4743    25.0959    25.0983    1528.64    179.848    180.701         35 0.0000e+00
      24244   1010.144     58.608     59.000    22.8672    22.8689   5.270871   5.274276     2.8041     2.3738     100.10   26.00312  -84.19700    0.01426    0.01030     4.2196     4.2052    22.8572    22.8569    36.4145    36.4427    25.0483    25.0697    1528.64    183.842    183.212         40 0.0000e+00
      24346   1014.358     57.615     58.000    22.8478    22.8867   5.271072   5.272683     2.8323     2.4424     100.00   26.00312  -84.19700    0.00658    0.01857     4.2675     4.3568    22.8360    22.8748    36.4363    36.4159    25.0709    25.0442    1528.64    185.926    189.822         49 0.0000e+00
      26109   1087.846     53.642     54.000    23.5649    23.6206   5.329039   5.335767     3.0500     2.6002      99.86   25.96730  -84.08101   -0.00021    0.00102     4.6471     4.6469    23.5536    23.6093    36.2720    36.2779    24.7312    24.7192    1526.53    202.525    202.516         45 0.0000e+00
      29409   1225.323     41.723     42.000    25.8911    25.9106   5.561369   5.558432     3.0745     2.6056      99.75   25.93843  -83.98748    0.00080   -0.00020     4.5042     4.4755    25.8866    25.9012    36.1419    36.0865    23.9252    23.8724    1524.84    196.450    195.203         47 0.0000e+00
      29614   1233.856     40.729     41.000    26.1444    26.2085   5.585424   5.591217     3.0834     2.6126     100.00   26.00314  -84.19700   -0.00023   -0.00049     4.4945     4.4703    26.1352    26.1992    36.1403    36.1320    23.8515    23.8251    1528.64    196.047    194.997         37 0.0000e+00
