Gulf of Mexico/GOMECC-4/1db/urb2103_1411.cnv
* Sea-Bird SBE 9 Data File:
* FileName = C:\Users\scs.user.rb\CTD\GOMECC4\data\rb2103_1411.hex
* Software Version Seasave V 7.26.7.107
* Temperature SN = 4799
* Conductivity SN = 3860
* Number of Bytes Per Scan = 41
* Number of Voltage Words = 4
* Number of Scans Averaged by the Deck Unit = 1
* NMEA Latitude = 25 34.46 N
* NMEA Longitude = 084 50.56 W
* NMEA UTC (Time) = Oct 20 2021  15:46:56
* NMEA baud rate = 4800
# nquan = 28
# nvalues = 951                         
# units = specified
# name 0 = scan: Scan Count
# name 1 = timeS: Time, Elapsed [seconds]
# name 2 = depSM: Depth [salt water, m]
# name 3 = prDM: Pressure, Digiquartz [db]
# name 4 = t090C: Temperature [ITS-90, deg C]
# name 5 = t190C: Temperature, 2 [ITS-90, deg C]
# name 6 = c0S/m: Conductivity [S/m]
# name 7 = c1S/m: Conductivity, 2 [S/m]
# name 8 = sbeox0V: Oxygen raw, SBE 43 [V]
# name 9 = sbeox1V: Oxygen raw, SBE 43, 2 [V]
# name 10 = altM: Altimeter [m]
# name 11 = latitude: Latitude [deg]
# name 12 = longitude: Longitude [deg]
# name 13 = sbox0dV/dT: Oxygen, SBE 43 [dov/dt]
# name 14 = sbox1dV/dT: Oxygen, SBE 43, 2 [dov/dt]
# name 15 = sbeox0ML/L: Oxygen, SBE 43 [ml/l], WS = 5
# name 16 = sbeox1ML/L: Oxygen, SBE 43, 2 [ml/l], WS = 5
# name 17 = potemp090C: Potential Temperature [ITS-90, deg C]
# name 18 = potemp190C: Potential Temperature, 2 [ITS-90, deg C]
# name 19 = sal00: Salinity, Practical [PSU]
# name 20 = sal11: Salinity, Practical, 2 [PSU]
# name 21 = sigma-é00: Density [sigma-theta, kg/m^3]
# name 22 = sigma-é11: Density, 2 [sigma-theta, kg/m^3]
# name 23 = avgsvCM: Average Sound Velocity [Chen-Millero, m/s], minP = 20, minS = 20
# name 24 = sbox0Mm/Kg: Oxygen, SBE 43 [umol/kg], WS = 5
# name 25 = sbox1Mm/Kg: Oxygen, SBE 43, 2 [umol/kg], WS = 5
# name 26 = nbin: number of scans per bin
# name 27 = flag: flag
# span 0 =     111573,     264710       
# span 1 =   4648.849,  11029.536       
# span 2 =      1.987,   3325.605       
# span 3 =      2.000,   3374.000       
# span 4 =     4.3114,    28.5287       
# span 5 =     4.3130,    28.5438       
# span 6 =   3.349427,   5.850864       
# span 7 =   3.349362,   5.852043       
# span 8 =     1.6093,     3.1811       
# span 9 =     1.3061,     2.6957       
# span 10 =       2.02,     103.88      
# span 11 =   25.53453,   25.67780      
# span 12 =  -85.18789,  -84.71259      
# span 13 =   -0.01191,    0.01915      
# span 14 =   -0.01247,    0.01703      
# span 15 =     2.5148,     4.6786      
# span 16 =     2.5187,     4.6638      
# span 17 =     4.0816,    28.5206      
# span 18 =     4.0831,    28.5356      
# span 19 =    34.9003,    36.7076      
# span 20 =    34.8985,    36.7035      
# span 21 =    22.8855,    27.7599      
# span 22 =    22.8849,    27.7582      
# span 23 =    1501.33,    1509.75      
# span 24 =    109.380,    203.302      
# span 25 =    109.548,    202.660      
# span 26 =         30,         66      
# span 27 = 0.0000e+00, 0.0000e+00      
# interval = decibars: 1                
# start_time = Oct 20 2021 15:46:56 [NMEA time, header]
# bad_flag = -9.990e-29
*END*
[from data line 363]
     160319   6679.924   1925.434   1947.000     4.3253     4.3266   3.366399   3.366363     1.8841     1.5583     100.00   25.57351  -84.84158    0.00013    0.00005     4.6312     4.6237     4.1582     4.1595    34.9707    34.9689    27.7462    27.7446    1503.63    201.245    200.920         41 0.0000e+00
     160451   6685.401   1920.512   1942.000     4.3256     4.3271   3.366381   3.366346     1.8851     1.5586     100.00   25.57480  -84.84585    0.00025    0.00005     4.6318     4.6217     4.1591     4.1605    34.9725    34.9706    27.7476    27.7459    1503.71    201.273    200.835         32 0.0000e+00
     160484   6686.796   1919.527   1941.000     4.3253     4.3268   3.366218   3.366193     1.8850     1.5589     100.00   25.57398  -84.84314    0.00020    0.00014     4.6309     4.6224     4.1589     4.1603    34.9714    34.9696    27.7467    27.7451    1503.66    201.233    200.864         42 0.0000e+00
     160617   6692.348   1914.605   1936.000     4.3254     4.3268   3.366111   3.366075     1.8857     1.5596     100.00   25.57483  -84.84597    0.00008    0.00005     4.6305     4.6223     4.1595     4.1608    34.9725    34.9706    27.7475    27.7458    1503.71    201.214    200.858         35 0.0000e+00
     160652   6693.805   1913.621   1935.000     4.3251     4.3265   3.365953   3.365917     1.8859     1.5595     100.00   25.57398  -84.84316    0.00015    0.00014     4.6311     4.6217     4.1593     4.1607    34.9713    34.9695    27.7466    27.7449    1503.66    201.241    200.833         41 0.0000e+00
     160786   6699.385   1908.698   1930.000     4.3246     4.3259   3.365792   3.365754     1.8865     1.5604      98.78   25.57476  -84.84574    0.00002    0.00006     4.6302     4.6226     4.1592     4.1606    34.9724    34.9706    27.7475    27.7459    1503.71    201.204    200.874         44 0.0000e+00
     160918   6704.864   1903.776   1925.000     4.3244     4.3259   3.365632   3.365594     1.8874     1.5616     100.00   25.57521  -84.84722    0.00025    0.00024     4.6307     4.6247     4.1596     4.1610    34.9731    34.9712    27.7480    27.7463    1503.73    201.223    200.964         37 0.0000e+00
     160954   6706.367   1902.791   1924.000     4.3240     4.3255   3.365414   3.365378     1.8875     1.5617     100.00   25.57398  -84.84314    0.00019    0.00029     4.6309     4.6246     4.1593     4.1607    34.9714    34.9695    27.7466    27.7449    1503.66    201.230    200.960         43 0.0000e+00
     161110   6712.888   1896.884   1918.000     4.3233     4.3247   3.365110   3.365067     1.8885     1.5627      95.20   25.57397  -84.84310    0.00015    0.00016     4.6314     4.6252     4.1592     4.1606    34.9714    34.9695    27.7466    27.7450    1503.66    201.254    200.986         36 0.0000e+00
     161411   6725.436   1886.054   1907.000     4.3219     4.3231   3.364476   3.364432     1.8901     1.5637      99.95   25.57349  -84.84152    0.00009    0.00020     4.6314     4.6234     4.1589     4.1601    34.9707    34.9689    27.7461    27.7446    1503.63    201.254    200.906         33 0.0000e+00
     161540   6730.777   1881.131   1902.000     4.3213     4.3226   3.364432   3.364401     1.8912     1.5649      83.89   25.57535  -84.84767    0.00024    0.00019     4.6325     4.6253     4.1588     4.1601    34.9733    34.9715    27.7482    27.7466    1503.74    201.301    200.989         31 0.0000e+00
     161715   6738.098   1875.224   1896.000     4.3205     4.3219   3.364154   3.364108     1.8927     1.5660     100.01   25.57554  -84.84829    0.00031    0.00013     4.6347     4.6265     4.1586     4.1600    34.9737    34.9717    27.7485    27.7468    1503.75    201.395    201.043         48 0.0000e+00
     161751   6739.593   1874.238   1895.000     4.3203     4.3216   3.363894   3.363857     1.8927     1.5663     100.00   25.57398  -84.84314    0.00012    0.00030     4.6344     4.6273     4.1585     4.1598    34.9713    34.9695    27.7466    27.7451    1503.66    201.386    201.078         34 0.0000e+00
     161852   6743.786   1870.300   1891.000     4.3200     4.3214   3.363873   3.363834     1.8933     1.5666     100.00   25.57530  -84.84752    0.00014    0.00008     4.6342     4.6262     4.1587     4.1600    34.9732    34.9713    27.7482    27.7465    1503.74    201.377    201.029         48 0.0000e+00
     161959   6748.251   1866.362   1887.000     4.3198     4.3211   3.363727   3.363687     1.8940     1.5673     100.01   25.57564  -84.84865    0.00019    0.00015     4.6347     4.6269     4.1588     4.1601    34.9737    34.9718    27.7485    27.7469    1503.76    201.398    201.057         40 0.0000e+00
     161995   6749.745   1865.376   1886.000     4.3195     4.3208   3.363461   3.363412     1.8941     1.5675     100.00   25.57398  -84.84314    0.00006    0.00017     4.6346     4.6271     4.1586     4.1599    34.9713    34.9694    27.7466    27.7450    1503.66    201.394    201.066         33 0.0000e+00
     162084   6753.472   1861.437   1882.000     4.3189     4.3203   3.363107   3.363071     1.8949     1.5677      87.88   25.57269  -84.83884    0.00024    0.00010     4.6357     4.6261     4.1584     4.1598    34.9696    34.9678    27.7453    27.7437    1503.58    201.442    201.024         50 0.0000e+00
     162200   6758.312   1857.499   1878.000     4.3190     4.3205   3.363204   3.363162     1.8956     1.5689     100.00   25.57485  -84.84601    0.00015    0.00032     4.6360     4.6285     4.1589     4.1604    34.9726    34.9706    27.7477    27.7459    1503.71    201.452    201.130         41 0.0000e+00
     162233   6759.676   1856.514   1877.000     4.3188     4.3202   3.363040   3.363001     1.8957     1.5689     100.00   25.57398  -84.84314    0.00011    0.00021     4.6356     4.6278     4.1589     4.1602    34.9713    34.9695    27.7466    27.7450    1503.66    201.439    201.099         30 0.0000e+00
     162309   6762.828   1853.560   1874.000     4.3187     4.3201   3.363010   3.362968     1.8963     1.5691     100.00   25.57483  -84.84595    0.00020    0.00003     4.6361     4.6267     4.1590     4.1604    34.9726    34.9707    27.7476    27.7459    1503.71    201.456    201.050         34 0.0000e+00
     162342   6764.221   1852.575   1873.000     4.3185     4.3199   3.362848   3.362811     1.8964     1.5690     100.00   25.57398  -84.84314    0.00008    0.00001     4.6360     4.6260     4.1589     4.1603    34.9713    34.9694    27.7466    27.7450    1503.66    201.453    201.019         37 0.0000e+00
     162445   6768.499   1848.637   1869.000     4.3182     4.3196   3.362767   3.362728     1.8968     1.5700     100.00   25.57492  -84.84627    0.00013    0.00023     4.6353     4.6279     4.1590     4.1604    34.9727    34.9708    27.7477    27.7460    1503.72    201.423    201.101         35 0.0000e+00
     162481   6770.020   1847.651   1868.000     4.3180     4.3193   3.362592   3.362551     1.8971     1.5702     100.00   25.57398  -84.84314    0.00012    0.00034     4.6359     4.6283     4.1589     4.1602    34.9713    34.9694    27.7466    27.7450    1503.66    201.449    201.119         42 0.0000e+00
     162610   6775.373   1842.728   1863.000     4.3173     4.3187   3.362313   3.362266     1.8979     1.5709     100.00   25.57375  -84.84237    0.00015    0.00019     4.6363     4.6285     4.1587     4.1601    34.9711    34.9691    27.7464    27.7447    1503.65    201.468    201.128         33 0.0000e+00
     162742   6780.875   1837.804   1858.000     4.3175     4.3188   3.362248   3.362208     1.8988     1.5718     100.00   25.57492  -84.84627    0.00018    0.00010     4.6367     4.6290     4.1594     4.1607    34.9726    34.9707    27.7476    27.7460    1503.72    201.483    201.148         39 0.0000e+00
     162775   6782.248   1836.819   1857.000     4.3171     4.3185   3.362073   3.362030     1.8988     1.5720     100.00   25.57398  -84.84312    0.00003    0.00017     4.6360     4.6295     4.1591     4.1605    34.9713    34.9694    27.7466    27.7449    1503.66    201.452    201.173         36 0.0000e+00
     162842   6785.030   1834.849   1855.000     4.3174     4.3187   3.362016   3.361974     1.8993     1.5725     100.00   25.57401  -84.84323    0.00014    0.00023     4.6367     4.6304     4.1596     4.1609    34.9714    34.9695    27.7466    27.7449    1503.66    201.485    201.213         42 0.0000e+00
     162882   6786.728   1833.864   1854.000     4.3173     4.3187   3.361969   3.361928     1.8994     1.5726     100.00   25.57398  -84.84314    0.00016    0.00008     4.6367     4.6301     4.1596     4.1610    34.9713    34.9694    27.7465    27.7448    1503.66    201.486    201.197         43 0.0000e+00
     163253   6802.182   1830.910   1851.000     4.3179     4.3193   3.362051   3.362018     1.9000     1.5729      99.16   25.57537  -84.84777    0.00012    0.00005     4.6371     4.6295     4.1605     4.1618    34.9732    34.9714    27.7479    27.7463    1503.74    201.502    201.172         31 0.0000e+00
     164588   6857.796   1829.925   1850.000     4.3179     4.3195   3.361861   3.361830     1.9000     1.5734      98.98   25.57399  -84.84319    0.00008    0.00005     4.6365     4.6308     4.1606     4.1621    34.9713    34.9694    27.7464    27.7447    1503.66    201.474    201.230         44 0.0000e+00
     165292   6887.125   1825.001   1845.000     4.3174     4.3189   3.361607   3.361570     1.9010     1.5740      89.67   25.57398  -84.84307    0.00005    0.00010     4.6375     4.6306     4.1606     4.1621    34.9713    34.9693    27.7464    27.7446    1503.66    201.521    201.218         40 0.0000e+00
     165579   6899.068   1814.167   1834.000     4.3176     4.3190   3.361233   3.361193     1.9028     1.5754     100.00   25.57448  -84.84483    0.00017    0.00006     4.6380     4.6299     4.1619     4.1633    34.9720    34.9700    27.7468    27.7451    1503.69    201.543    201.191         30 0.0000e+00
     165637   6901.503   1813.182   1833.000     4.3174     4.3187   3.361104   3.361067     1.9028     1.5756      90.92   25.57400  -84.84322    0.00010   -0.00003     4.6375     4.6301     4.1617     4.1631    34.9712    34.9693    27.7462    27.7445    1503.66    201.521    201.198         31 0.0000e+00
     165753   6906.346   1808.257   1828.000     4.3170     4.3185   3.360889   3.360858     1.9038     1.5763     100.00   25.57410  -84.84351    0.00018    0.00015     4.6385     4.6300     4.1619     4.1634    34.9714    34.9694    27.7463    27.7446    1503.66    201.562    201.195         49 0.0000e+00
     165885   6911.853   1803.333   1823.000     4.3167     4.3183   3.360653   3.360624     1.9045     1.5768     100.00   25.57409  -84.84348    0.00013    0.00013     4.6381     4.6292     4.1621     4.1636    34.9713    34.9694    27.7462    27.7445    1503.66    201.546    201.161         31 0.0000e+00
     165916   6913.122   1802.347   1822.000     4.3167     4.3182   3.360596   3.360559     1.9048     1.5771      99.70   25.57402  -84.84322    0.00018    0.00025     4.6388     4.6301     4.1622     4.1636    34.9711    34.9692    27.7461    27.7444    1503.66    201.575    201.198         30 0.0000e+00
     165999   6916.576   1799.393   1819.000     4.3164     4.3179   3.360485   3.360451     1.9051     1.5776     100.00   25.57438  -84.84443    0.00007    0.00015     4.6379     4.6302     4.1622     4.1636    34.9716    34.9697    27.7465    27.7448    1503.68    201.538    201.204         34 0.0000e+00
     166031   6917.910   1798.408   1818.000     4.3163     4.3178   3.360394   3.360360     1.9049     1.5775     100.00   25.57402  -84.84324    0.00001    0.00005     4.6369     4.6294     4.1621     4.1636    34.9711    34.9691    27.7461    27.7444    1503.66    201.492    201.168         32 0.0000e+00
     166134   6922.193   1794.468   1814.000     4.3159     4.3173   3.360242   3.360203     1.9055     1.5776     100.00   25.57431  -84.84422    0.00014    0.00003     4.6368     4.6276     4.1621     4.1636    34.9717    34.9697    27.7466    27.7448    1503.68    201.488    201.088         37 0.0000e+00
     166294   6928.873   1788.558   1808.000     4.3156     4.3171   3.359931   3.359904     1.9069     1.5789     100.00   25.57401  -84.84324    0.00019    0.00012     4.6387     4.6295     4.1625     4.1639    34.9712    34.9694    27.7461    27.7445    1503.66    201.571    201.174         36 0.0000e+00
     166421   6934.168   1783.632   1803.000     4.3152     4.3165   3.359768   3.359716     1.9076     1.5800     100.00   25.57464  -84.84533    0.00017    0.00034     4.6384     4.6313     4.1625     4.1638    34.9721    34.9702    27.7469    27.7452    1503.70    201.560    201.249         31 0.0000e+00
     166596   6941.450   1777.721   1797.000     4.3144     4.3158   3.359297   3.359256     1.9085     1.5812     100.00   25.57335  -84.84104    0.00013    0.00015     4.6385     4.6329     4.1623     4.1637    34.9703    34.9683    27.7454    27.7437    1503.62    201.562    201.320         32 0.0000e+00
     166727   6946.909   1772.796   1792.000     4.3146     4.3159   3.359188   3.359149     1.9091     1.5822     100.00   25.57408  -84.84347    0.00009    0.00020     4.6375     4.6338     4.1630     4.1643    34.9712    34.9694    27.7461    27.7445    1503.66    201.520    201.358         34 0.0000e+00
     166867   6952.752   1767.871   1787.000     4.3144     4.3158   3.359108   3.359068     1.9102     1.5825     100.01   25.57533  -84.84763    0.00020   -0.00001     4.6388     4.6319     4.1633     4.1647    34.9729    34.9710    27.7474    27.7458    1503.74    201.574    201.277         48 0.0000e+00
     166902   6954.202   1766.885   1786.000     4.3141     4.3155   3.358884   3.358858     1.9102     1.5824     100.00   25.57402  -84.84328    0.00011    0.00002     4.6383     4.6312     4.1631     4.1645    34.9710    34.9692    27.7459    27.7444    1503.66    201.554    201.248         31 0.0000e+00
     166997   6958.167   1762.945   1782.000     4.3138     4.3151   3.358774   3.358725     1.9108     1.5828     100.00   25.57463  -84.84531    0.00017    0.00012     4.6385     4.6306     4.1631     4.1645    34.9721    34.9701    27.7467    27.7450    1503.70    201.563    201.220         37 0.0000e+00
     167032   6959.620   1761.960   1781.000     4.3136     4.3149   3.358635   3.358596     1.9109     1.5828     100.00   25.57402  -84.84328    0.00005    0.00008     4.6382     4.6301     4.1631     4.1644    34.9710    34.9692    27.7459    27.7443    1503.66    201.552    201.199         37 0.0000e+00
     167154   6964.700   1757.034   1776.000     4.3136     4.3150   3.358476   3.358439     1.9119     1.5837     100.00   25.57433  -84.84431    0.00029    0.00024     4.6390     4.6308     4.1636     4.1650    34.9716    34.9697    27.7463    27.7447    1503.68    201.586    201.229         31 0.0000e+00
     167321   6971.664   1751.123   1770.000     4.3133     4.3148   3.358161   3.358120     1.9130     1.5849     100.00   25.57393  -84.84300    0.00012    0.00016     4.6399     4.6322     4.1639     4.1653    34.9710    34.9691    27.7458    27.7441    1503.65    201.624    201.292         34 0.0000e+00
     167454   6977.212   1746.197   1765.000     4.3131     4.3146   3.357996   3.357962     1.9135     1.5854     100.00   25.57449  -84.84486    0.00013    0.00014     4.6388     4.6314     4.1642     4.1656    34.9717    34.9698    27.7464    27.7447    1503.69    201.574    201.252         35 0.0000e+00
     167484   6978.478   1745.211   1764.000     4.3131     4.3145   3.357893   3.357855     1.9138     1.5856     100.00   25.57402  -84.84330    0.00010    0.00014     4.6393     4.6316     4.1642     4.1656    34.9711    34.9691    27.7458    27.7441    1503.66    201.597    201.263         32 0.0000e+00
