Gulf of Mexico/GOMECC-4/1db/urb2103_0271.cnv
* Sea-Bird SBE 9 Data File:
* FileName = C:\Users\scs.user.rb\CTD\GOMECC4\data\rb2103_0271.hex
* Software Version Seasave V 7.26.7.107
* Temperature SN = 4799
* Conductivity SN = 3860
* Number of Bytes Per Scan = 41
* Number of Voltage Words = 4
* Number of Scans Averaged by the Deck Unit = 1
* NMEA Latitude = 28 10.29 N
* NMEA Longitude = 086 28.83 W
* NMEA UTC (Time) = Sep 21 2021  14:01:03
* NMEA baud rate = 4800
# nquan = 28
# nvalues = 129                         
# units = specified
# name 0 = scan: Scan Count
# name 1 = timeS: Time, Elapsed [seconds]
# name 2 = depSM: Depth [salt water, m]
# name 3 = prDM: Pressure, Digiquartz [db]
# name 4 = t090C: Temperature [ITS-90, deg C]
# name 5 = t190C: Temperature, 2 [ITS-90, deg C]
# name 6 = c0S/m: Conductivity [S/m]
# name 7 = c1S/m: Conductivity, 2 [S/m]
# name 8 = sbeox0V: Oxygen raw, SBE 43 [V]
# name 9 = sbeox1V: Oxygen raw, SBE 43, 2 [V]
# name 10 = altM: Altimeter [m]
# name 11 = latitude: Latitude [deg]
# name 12 = longitude: Longitude [deg]
# name 13 = sbox0dV/dT: Oxygen, SBE 43 [dov/dt]
# name 14 = sbox1dV/dT: Oxygen, SBE 43, 2 [dov/dt]
# name 15 = sbeox0ML/L: Oxygen, SBE 43 [ml/l], WS = 5
# name 16 = sbeox1ML/L: Oxygen, SBE 43, 2 [ml/l], WS = 5
# name 17 = potemp090C: Potential Temperature [ITS-90, deg C]
# name 18 = potemp190C: Potential Temperature, 2 [ITS-90, deg C]
# name 19 = sal00: Salinity, Practical [PSU]
# name 20 = sal11: Salinity, Practical, 2 [PSU]
# name 21 = sigma-é00: Density [sigma-theta, kg/m^3]
# name 22 = sigma-é11: Density, 2 [sigma-theta, kg/m^3]
# name 23 = avgsvCM: Average Sound Velocity [Chen-Millero, m/s], minP = 20, minS = 20
# name 24 = sbox0Mm/Kg: Oxygen, SBE 43 [umol/kg], WS = 5
# name 25 = sbox1Mm/Kg: Oxygen, SBE 43, 2 [umol/kg], WS = 5
# name 26 = nbin: number of scans per bin
# name 27 = flag: flag
# span 0 =      36974,      89657       
# span 1 =   1540.535,   3735.646       
# span 2 =      1.987,    884.156       
# span 3 =      2.000,    892.000       
# span 4 =     5.6170,    29.0096       
# span 5 =     5.6162,    29.0131       
# span 6 =   3.434162,   5.813567       
# span 7 =   3.434024,   5.812806       
# span 8 =     1.6191,     3.1116       
# span 9 =     1.3240,     2.6416       
# span 10 =      10.93,     101.24      
# span 11 =   27.84592,   28.31347      
# span 12 =  -86.92146,  -85.48613      
# span 13 =   -0.00690,    0.02026      
# span 14 =   -0.00772,    0.01860      
# span 15 =     2.5668,     4.4444      
# span 16 =     2.5972,     4.4430      
# span 17 =     5.5386,    29.0051      
# span 18 =     5.5378,    29.0085      
# span 19 =    32.4739,    36.6521      
# span 20 =    32.4742,    36.6517      
# span 21 =    20.4760,    27.5448      
# span 22 =    20.4754,    27.5442      
# span 23 =    1484.52,    1509.45      
# span 24 =    111.613,    194.457      
# span 25 =    112.935,    194.396      
# span 26 =         30,         71      
# span 27 = 0.0000e+00, 0.0000e+00      
# interval = decibars: 1                
# start_time = Sep 21 2021 14:01:03 [NMEA time, header]
# bad_flag = -9.990e-29
*END*
[from data line 104]
      80565   3356.839     40.723     41.000    27.3027    27.3127   5.714552   5.713907     3.0729     2.6110     100.02   28.16944  -86.47928    0.00139    0.00300     4.3819     4.3845    27.2903    27.3031    36.1688    36.1543    23.5050    23.4899    1501.77    191.202    191.318         51 0.0000e+00
      80622   3359.190     39.730     40.000    27.4128    27.3911   5.709188   5.710825     3.0614     2.5967      82.80   28.16944  -86.47928   -0.00228   -0.00412     4.3473     4.3503    27.4035    27.3818    36.0460    36.0706    23.3759    23.4009    1501.77    189.714    189.843         62 0.0000e+00
      82521   3438.332     33.771     34.000    28.7780    28.7782   5.813567   5.812806     3.1095     2.6363      99.98   28.22492  -86.64957   -0.00041   -0.00132     4.3443     4.3390    28.7708    28.7700    35.7719    35.7503    22.7311    22.7136    1504.73    189.713    189.483         47 0.0000e+00
      82427   3434.430     32.778     33.000    28.6999    28.7178   5.793337   5.798676     3.1027     2.6324     100.00   28.16946  -86.47930   -0.00014   -0.00137     4.3368     4.3338    28.6909    28.7099    35.6585    35.6813    22.6618    22.6727    1501.77    189.390    189.258         65 0.0000e+00
      82495   3437.246     31.784     32.000    28.6645    28.6934   5.780464   5.790438     3.0967     2.6329      99.88   28.16946  -86.47930   -0.00195    0.00173     4.3295     4.3368    28.6568    28.6857    35.5951    35.6428    22.6255    22.6517    1501.77    189.076    189.393         64 0.0000e+00
      82552   3439.630     30.791     31.000    28.5941    28.5847   5.756178   5.753187     3.0871     2.6207     100.00   28.16946  -86.47930   -0.00272   -0.00258     4.3198     4.3237    28.5866    28.5772    35.4794    35.4656    22.5618    22.5546    1501.77    188.664    188.839         57 0.0000e+00
      82611   3442.077     29.798     30.000    28.5014    28.4938   5.729640   5.727844     3.0753     2.6045     100.00   28.16946  -86.47930   -0.00544   -0.00772     4.3062     4.2995    28.4942    28.4867    35.3633    35.3574    22.5052    22.5033    1501.77    188.083    187.792         54 0.0000e+00
      82659   3444.075     28.805     29.000    28.4314    28.3817   5.701593   5.686316     3.0791     2.6115     100.00   28.16946  -86.47930   -0.00176   -0.00173     4.3228     4.3261    28.4244    28.3748    35.2215    35.1520    22.4217    22.3858    1501.77    188.821    188.975         47 0.0000e+00
      82709   3446.185     27.812     28.000    28.4018    28.3834   5.679228   5.675925     3.0926     2.6212     100.00   28.16946  -86.47930    0.00429    0.00470     4.3525     4.3471    28.3950    28.3767    35.0881    35.0786    22.3312    22.3301    1501.77    190.139    189.900         55 0.0000e+00
      82764   3448.450     26.818     27.000    28.4138    28.4003   5.676135   5.676337     3.0988     2.6266     100.00   28.16946  -86.47930    0.00479    0.00297     4.3631     4.3566    28.4074    28.3939    35.0579    35.0692    22.3044    22.3173    1501.77    190.603    190.316         51 0.0000e+00
      82813   3450.508     25.825     26.000    28.4184    28.4170   5.675883   5.673881     3.0991     2.6279     100.00   28.16946  -86.47930    0.00134    0.00131     4.3630     4.3580    28.4122    28.4108    35.0530    35.0397    22.2991    22.2896    1501.77    190.600    190.385         51 0.0000e+00
      82865   3452.675     24.832     25.000    28.4242    28.4210   5.674462   5.673667     3.0982     2.6287     100.00   28.16946  -86.47930   -0.00026    0.00094     4.3609     4.3591    28.4182    28.4151    35.0397    35.0359    22.2871    22.2853    1501.77    190.510    190.433         51 0.0000e+00
      82916   3454.795     23.839     24.000    28.4370    28.4532   5.674029   5.673990     3.0968     2.6280      82.04   28.16946  -86.47930   -0.00043   -0.00052     4.3564     4.3558    28.4313    28.4475    35.0277    35.0155    22.2738    22.2593    1501.77    190.316    190.296         33 0.0000e+00
      84591   3524.572     18.873     19.000    29.0096    29.0131   5.629159   5.624511     3.0987     2.6268     100.01   28.17283  -86.48958    0.00051   -0.00086     4.3316     4.3287    29.0051    29.0085    34.3032    34.2744    21.5399    21.5172    1501.95    189.369    189.250         51 0.0000e+00
      84650   3527.025     17.879     18.000    28.9767    28.9752   5.611953   5.609226     3.0999     2.6281      73.81   28.16948  -86.47930    0.00062    0.00068     4.3379     4.3347    28.9723    28.9709    34.2071    34.1893    21.4781    21.4652    1501.77    189.655    189.519         70 0.0000e+00
      84712   3529.641     16.886     17.000    28.9575    28.9633   5.587247   5.591719     3.1032     2.6339     100.15   28.16948  -86.47930    0.00075    0.00212     4.3485     4.3494    28.9534    28.9592    34.0515    34.0780    21.3676    21.3856    1501.77    190.141    190.179         57 0.0000e+00
      84767   3531.915     15.893     16.000    28.9139    28.9289   5.564417   5.568572     3.1048     2.6348     100.00   28.16948  -86.47930    0.00122    0.00107     4.3572     4.3566    28.9101    28.9250    33.9262    33.9487    21.2880    21.2999    1501.77    190.536    190.508         54 0.0000e+00
      84821   3534.160     14.899     15.000    28.8570    28.8844   5.547877   5.555685     3.1053     2.6316     100.00   28.16948  -86.47930    0.00065   -0.00084     4.3638     4.3541    28.8534    28.8808    33.8512    33.8865    21.2506    21.2679    1501.77    190.833    190.403         53 0.0000e+00
      84875   3536.409     13.906     14.000    28.7518    28.8084   5.517061   5.530511     3.1049     2.6379     100.00   28.16947  -86.47930   -0.00044    0.00046     4.3741     4.3747    28.7485    28.8050    33.7170    33.7691    21.1846    21.2049    1501.77    191.294    191.317         34 0.0000e+00
      86872   3619.614      8.940      9.000    28.2216    28.2126   5.346040   5.342489     3.1038     2.6330      83.73   28.14779  -86.41275    0.00025    0.00107     4.4293     4.4263    28.2192    28.2105    32.8967    32.8848    20.7385    20.7332    1500.61    193.792    193.660         68 0.0000e+00
      87007   3625.239      7.947      8.000    28.2176    28.2079   5.344935   5.342326     3.1041     2.6341      99.94   28.16946  -86.47928   -0.00012   -0.00082     4.4310     4.4293    28.2158    28.2060    32.9057    32.8946    20.7504    20.7453    1501.77    193.867    193.791         69 0.0000e+00
      87078   3628.197      6.953      7.000    28.1853    28.1925   5.336333   5.338210     3.1045     2.6352     100.00   28.16946  -86.47928   -0.00040    0.00080     4.4347     4.4327    28.1836    28.1908    32.8693    32.8775    20.7336    20.7374    1501.77    194.031    193.944         71 0.0000e+00
      87147   3631.081      5.960      6.000    28.1891    28.1877   5.335722   5.335000     3.1059     2.6374     100.00   28.16946  -86.47928    0.00072    0.00029     4.4367     4.4374    28.1877    28.1863    32.8626    32.8586    20.7273    20.7247    1501.77    194.118    194.149         69 0.0000e+00
      88519   3688.260      2.980      3.000    27.8794    27.8816   5.274104   5.274365     3.0739     2.6094      89.48   27.84592  -85.48613   -0.00008    0.00018     4.3901     4.3885    27.8787    27.8809    32.4739    32.4742    20.4760    20.4754    1484.52    192.082    192.013         38 0.0000e+00
      89657   3735.646      1.987      2.000    28.2015    28.2025   5.335150   5.335276     3.1116     2.6416     100.44   28.16943  -86.47928    0.00095    0.00065     4.4444     4.4430    28.2011    28.2020    32.8511    32.8514    20.7143    20.7141    1501.77    194.457    194.396         32 0.0000e+00
