Gulf of Mexico/GOMECC-4/1db/urb2103_0021.cnv
* Sea-Bird SBE 9 Data File:
* FileName = C:\Users\scs.user.rb\CTD\GOMECC4\data\rb1203_002.hex
* Software Version Seasave V 7.26.7.107
* Temperature SN = 4799
* Conductivity SN = 3860
* Number of Bytes Per Scan = 41
* Number of Voltage Words = 4
* Number of Scans Averaged by the Deck Unit = 1
* NMEA Latitude = 27 00.26 N
* NMEA Longitude = 079 40.70 W
* NMEA UTC (Time) = Sep 14 2021  18:19:26
* NMEA baud rate = 4800
# nquan = 28
# nvalues = 164                         
# units = specified
# name 0 = scan: Scan Count
# name 1 = timeS: Time, Elapsed [seconds]
# name 2 = depSM: Depth [salt water, m]
# name 3 = prDM: Pressure, Digiquartz [db]
# name 4 = t090C: Temperature [ITS-90, deg C]
# name 5 = t190C: Temperature, 2 [ITS-90, deg C]
# name 6 = c0S/m: Conductivity [S/m]
# name 7 = c1S/m: Conductivity, 2 [S/m]
# name 8 = sbeox0V: Oxygen raw, SBE 43 [V]
# name 9 = sbeox1V: Oxygen raw, SBE 43, 2 [V]
# name 10 = altM: Altimeter [m]
# name 11 = latitude: Latitude [deg]
# name 12 = longitude: Longitude [deg]
# name 13 = sbox0dV/dT: Oxygen, SBE 43 [dov/dt]
# name 14 = sbox1dV/dT: Oxygen, SBE 43, 2 [dov/dt]
# name 15 = sbeox0ML/L: Oxygen, SBE 43 [ml/l], WS = 5
# name 16 = sbeox1ML/L: Oxygen, SBE 43, 2 [ml/l], WS = 5
# name 17 = potemp090C: Potential Temperature [ITS-90, deg C]
# name 18 = potemp190C: Potential Temperature, 2 [ITS-90, deg C]
# name 19 = sal00: Salinity, Practical [PSU]
# name 20 = sal11: Salinity, Practical, 2 [PSU]
# name 21 = sigma-é00: Density [sigma-theta, kg/m^3]
# name 22 = sigma-é11: Density, 2 [sigma-theta, kg/m^3]
# name 23 = avgsvCM: Average Sound Velocity [Chen-Millero, m/s], minP = 20, minS = 20
# name 24 = sbox0Mm/Kg: Oxygen, SBE 43 [umol/kg], WS = 5
# name 25 = sbox1Mm/Kg: Oxygen, SBE 43, 2 [umol/kg], WS = 5
# name 26 = nbin: number of scans per bin
# name 27 = flag: flag
# span 0 =      51354,     103643       
# span 1 =   2139.704,   4318.412       
# span 2 =      1.987,    532.777       
# span 3 =      2.000,    537.000       
# span 4 =     7.2928,    29.8601       
# span 5 =     7.2983,    29.8605       
# span 6 =   3.574070,   6.030589       
# span 7 =   3.574725,   6.030919       
# span 8 =     1.6467,     3.1837       
# span 9 =     1.3533,     2.7110       
# span 10 =       6.18,     102.40      
# span 11 =   26.97032,   27.30986      
# span 12 =  -80.52776,  -79.52298      
# span 13 =   -0.01216,    0.03429      
# span 14 =   -0.01529,    0.03313      
# span 15 =     2.6248,     4.4304      
# span 16 =     2.6651,     4.4394      
# span 17 =     7.2401,    29.8547      
# span 18 =     7.2456,    29.8551      
# span 19 =    34.9386,    37.0419      
# span 20 =    34.9401,    37.0462      
# span 21 =    22.7055,    27.3367      
# span 22 =    22.7175,    27.3371      
# span 23 =    1512.56,    1531.68      
# span 24 =    114.133,    193.396      
# span 25 =    115.883,    193.788      
# span 26 =         30,         64      
# span 27 = 0.0000e+00, 0.0000e+00      
# interval = decibars: 1                
# start_time = Sep 14 2021 18:19:26 [NMEA time, header]
# bad_flag = -9.990e-29
*END*
[from data line 156]
      99904   4162.634      8.940      9.000    29.6290    29.6180   5.973535   5.972833     3.1589     2.6827      92.84   27.02980  -79.69453    0.00106    0.00120     4.3416     4.3445    29.6267    29.6159    36.2091    36.2125    22.7605    22.7667    1515.81    189.580    189.707         31 0.0000e+00
     100094   4170.554      7.947      8.000    29.6302    29.6351   5.973554   5.974351     3.1576     2.6857      78.26   27.02992  -79.69458    0.00114    0.00058     4.3385     4.3489    29.6282    29.6331    36.2087    36.2099    22.7597    22.7589    1515.81    189.447    189.902         43 0.0000e+00
     100155   4173.075      6.954      7.000    29.6301    29.6338   5.973311   5.974078     3.1564     2.6844      88.40   27.02995  -79.69458   -0.00073    0.00053     4.3360     4.3459    29.6284    29.6321    36.2083    36.2098    22.7593    22.7591    1515.81    189.336    189.768         64 0.0000e+00
     100215   4175.602      5.961      6.000    29.6240    29.6317   5.972687   5.973802     3.1569     2.6821      73.35   27.02999  -79.69460    0.00009   -0.00119     4.3369     4.3411    29.6225    29.6302    36.2079    36.2098    22.7610    22.7598    1515.81    189.376    189.560         62 0.0000e+00
     100305   4179.322      4.967      5.000    29.6137    29.6311   5.971452   5.973498     3.1573     2.6832      99.61   27.03004  -79.69463    0.00004   -0.00029     4.3379     4.3430    29.6124    29.6299    36.2075    36.2092    22.7642    22.7595    1515.81    189.419    189.643         47 0.0000e+00
     103208   4300.290      3.974      4.000    29.6803    29.6640   5.978264   5.976871     3.1609     2.6865      76.51   27.03180  -79.69531    0.00040    0.00067     4.3389     4.3465    29.6793    29.6630    36.2055    36.2071    22.7399    22.7466    1515.81    189.465    189.798         46 0.0000e+00
     103526   4313.542      2.980      3.000    29.7235    29.6882   5.982816   5.979601     3.1633     2.6888      71.38   27.03199  -79.69538    0.00032    0.00019     4.3393     4.3481    29.7227    29.6874    36.2033    36.2069    22.7234    22.7381    1515.81    189.488    189.870         33 0.0000e+00
     103643   4318.412      1.987      2.000    29.7761    29.7440   5.988597   5.985253     3.1660     2.6895      99.64   27.03205  -79.69542    0.00058   -0.00056     4.3394     4.3457    29.7756    29.7435    36.2035    36.2048    22.7055    22.7175    1515.81    189.497    189.769         45 0.0000e+00
