Gulf of Mexico/GOMECC-4/1db/urb2103_0271.cnv
* Sea-Bird SBE 9 Data File:
* FileName = C:\Users\scs.user.rb\CTD\GOMECC4\data\rb2103_0271.hex
* Software Version Seasave V 7.26.7.107
* Temperature SN = 4799
* Conductivity SN = 3860
* Number of Bytes Per Scan = 41
* Number of Voltage Words = 4
* Number of Scans Averaged by the Deck Unit = 1
* NMEA Latitude = 28 10.29 N
* NMEA Longitude = 086 28.83 W
* NMEA UTC (Time) = Sep 21 2021  14:01:03
* NMEA baud rate = 4800
# nquan = 28
# nvalues = 129                         
# units = specified
# name 0 = scan: Scan Count
# name 1 = timeS: Time, Elapsed [seconds]
# name 2 = depSM: Depth [salt water, m]
# name 3 = prDM: Pressure, Digiquartz [db]
# name 4 = t090C: Temperature [ITS-90, deg C]
# name 5 = t190C: Temperature, 2 [ITS-90, deg C]
# name 6 = c0S/m: Conductivity [S/m]
# name 7 = c1S/m: Conductivity, 2 [S/m]
# name 8 = sbeox0V: Oxygen raw, SBE 43 [V]
# name 9 = sbeox1V: Oxygen raw, SBE 43, 2 [V]
# name 10 = altM: Altimeter [m]
# name 11 = latitude: Latitude [deg]
# name 12 = longitude: Longitude [deg]
# name 13 = sbox0dV/dT: Oxygen, SBE 43 [dov/dt]
# name 14 = sbox1dV/dT: Oxygen, SBE 43, 2 [dov/dt]
# name 15 = sbeox0ML/L: Oxygen, SBE 43 [ml/l], WS = 5
# name 16 = sbeox1ML/L: Oxygen, SBE 43, 2 [ml/l], WS = 5
# name 17 = potemp090C: Potential Temperature [ITS-90, deg C]
# name 18 = potemp190C: Potential Temperature, 2 [ITS-90, deg C]
# name 19 = sal00: Salinity, Practical [PSU]
# name 20 = sal11: Salinity, Practical, 2 [PSU]
# name 21 = sigma-é00: Density [sigma-theta, kg/m^3]
# name 22 = sigma-é11: Density, 2 [sigma-theta, kg/m^3]
# name 23 = avgsvCM: Average Sound Velocity [Chen-Millero, m/s], minP = 20, minS = 20
# name 24 = sbox0Mm/Kg: Oxygen, SBE 43 [umol/kg], WS = 5
# name 25 = sbox1Mm/Kg: Oxygen, SBE 43, 2 [umol/kg], WS = 5
# name 26 = nbin: number of scans per bin
# name 27 = flag: flag
# span 0 =      36974,      89657       
# span 1 =   1540.535,   3735.646       
# span 2 =      1.987,    884.156       
# span 3 =      2.000,    892.000       
# span 4 =     5.6170,    29.0096       
# span 5 =     5.6162,    29.0131       
# span 6 =   3.434162,   5.813567       
# span 7 =   3.434024,   5.812806       
# span 8 =     1.6191,     3.1116       
# span 9 =     1.3240,     2.6416       
# span 10 =      10.93,     101.24      
# span 11 =   27.84592,   28.31347      
# span 12 =  -86.92146,  -85.48613      
# span 13 =   -0.00690,    0.02026      
# span 14 =   -0.00772,    0.01860      
# span 15 =     2.5668,     4.4444      
# span 16 =     2.5972,     4.4430      
# span 17 =     5.5386,    29.0051      
# span 18 =     5.5378,    29.0085      
# span 19 =    32.4739,    36.6521      
# span 20 =    32.4742,    36.6517      
# span 21 =    20.4760,    27.5448      
# span 22 =    20.4754,    27.5442      
# span 23 =    1484.52,    1509.45      
# span 24 =    111.613,    194.457      
# span 25 =    112.935,    194.396      
# span 26 =         30,         71      
# span 27 = 0.0000e+00, 0.0000e+00      
# interval = decibars: 1                
# start_time = Sep 21 2021 14:01:03 [NMEA time, header]
# bad_flag = -9.990e-29
*END*
[from data line 52]
      72896   3037.311    107.252    108.000    20.0643    20.0565   4.989749   4.987700     2.1788     1.8169     100.00   28.16944  -86.47930   -0.00689   -0.00643     3.1284     3.1368    20.0441    20.0366    36.5324    36.5222    25.9194    25.9137    1501.77    136.183    136.549         34 0.0000e+00
      72930   3038.709    106.259    107.000    20.0496    20.0425   4.985897   4.983343     2.1705     1.8119     100.00   28.16944  -86.47930   -0.00647   -0.00543     3.1115     3.1258    20.0296    20.0225    36.5137    36.4989    25.9091    25.8996    1501.77    135.450    136.075         33 0.0000e+00
      72963   3040.079    105.267    106.000    20.0555    20.0575   4.984365   4.983974     2.1685     1.8136     100.00   28.16944  -86.47930   -0.00466   -0.00287     3.1068     3.1286    20.0358    20.0377    36.4964    36.4914    25.8942    25.8898    1501.77    135.247    136.197         32 0.0000e+00
      72995   3041.426    104.274    105.000    20.0819    20.0840   4.986065   4.986136     2.1710     1.8180     100.00   28.16943  -86.47930   -0.00187    0.00060     3.1104     3.1372    20.0622    20.0644    36.4879    36.4866    25.8806    25.8791    1501.77    135.405    136.571         33 0.0000e+00
      73029   3042.816    103.281    104.000    20.1004    20.1097   4.987881   4.988613     2.1767     1.8234     100.00   28.16942  -86.47930    0.00165    0.00306     3.1210     3.1481    20.0810    20.0902    36.4871    36.4851    25.8750    25.8710    1501.77    135.868    137.048         34 0.0000e+00
      73062   3044.219    102.288    103.000    20.1559    20.1497   4.993903   4.993276     2.1815     1.8279     100.00   28.16942  -86.47930    0.00347    0.00357     3.1275     3.1559    20.1366    20.1305    36.4889    36.4891    25.8616    25.8633    1501.77    136.152    137.387         34 0.0000e+00
      73096   3045.615    101.295    102.000    20.2389    20.2553   5.003122   5.003909     2.1885     1.8346     100.00   28.16942  -86.47930    0.00385    0.00360     3.1347     3.1631    20.2197    20.2367    36.4931    36.4830    25.8426    25.8332    1501.77    136.468    137.709         33 0.0000e+00
      73129   3046.994    100.303    101.000    20.3813    20.4452   5.017754   5.023347     2.2037     1.8534     100.00   28.16942  -86.47930    0.00592    0.00620     3.1601     3.1976    20.3622    20.4261    36.4903    36.4808    25.8022    25.7777    1501.77    137.582    139.215         33 0.0000e+00
      73162   3048.393     99.310    100.000    20.4681    20.4935   5.026114   5.028576     2.2269     1.8781     100.00   28.16942  -86.47930    0.01106    0.01281     3.2038     3.2522    20.4492    20.4745    36.4840    36.4823    25.7740    25.7658    1501.77    139.487    141.596         34 0.0000e+00
      73197   3049.834     98.317     99.000    20.5367    20.5625   5.032070   5.034453     2.2507     1.8987     100.00   28.16942  -86.47930    0.01561    0.01625     3.2498     3.2958    20.5180    20.5437    36.4738    36.4711    25.7476    25.7386    1501.77    141.494    143.498         35 0.0000e+00
      73230   3051.220     97.324     98.000    20.6305    20.6668   5.040862   5.044196     2.2736     1.9225     100.00   28.16942  -86.47930    0.01653    0.01558     3.2923     3.3448    20.6119    20.6482    36.4651    36.4610    25.7155    25.7026    1501.77    143.349    145.637         32 0.0000e+00
      73262   3052.560     96.331     97.000    20.7897    20.8290   5.056917   5.062063     2.3003     1.9484     100.00   28.16942  -86.47930    0.01722    0.01689     3.3382     3.3943    20.7711    20.8104    36.4592    36.4673    25.6678    25.6633    1501.77    145.353    147.797         32 0.0000e+00
      73330   3055.385     94.345     95.000    21.0720    21.1100   5.088139   5.092956     2.3567     1.9987      99.97   28.16932  -86.47899    0.02026    0.01860     3.4372     3.4922    21.0536    21.0916    36.4708    36.4772    25.5994    25.5938    1501.76    149.676    152.068         32 0.0000e+00
      75117   3129.821     88.388     89.000    21.7433    21.8117   5.154033   5.160479     2.5491     2.1632      76.70   28.16401  -86.46277    0.00002    0.00050     3.7900     3.8214    21.7249    21.7941    36.4296    36.4223    25.3815    25.3563    1501.48    165.072    166.440         43 0.0000e+00
      75176   3132.292     87.395     88.000    21.7483    21.8220   5.154679   5.162331     2.5456     2.1642     100.00   28.16940  -86.47932   -0.00178    0.00029     3.7821     3.8229    21.7309    21.8046    36.4315    36.4289    25.3817    25.3590    1501.77    164.727    166.509         47 0.0000e+00
      75221   3134.179     86.402     87.000    21.7943    21.9110   5.159416   5.169687     2.5493     2.1736     100.00   28.16940  -86.47932   -0.00055    0.00187     3.7859     3.8389    21.7771    21.8937    36.4307    36.4221    25.3681    25.3288    1501.77    164.895    167.209         43 0.0000e+00
      75263   3135.923     85.409     86.000    21.8667    22.0028   5.167305   5.180185     2.5590     2.1921      67.17   28.16940  -86.47932    0.00331    0.00720     3.8002     3.8726    21.8496    21.9857    36.4326    36.4198    25.3492    25.3012    1501.77    165.523    168.681         40 0.0000e+00
      75301   3137.505     84.416     85.000    21.9581    22.0467   5.175930   5.184800     2.5725     2.2026      99.69   28.16940  -86.47932    0.00635    0.00947     3.8212     3.8930    21.9412    22.0298    36.4243    36.4198    25.3171    25.2887    1501.77    166.441    169.574         36 0.0000e+00
      75338   3139.033     83.423     84.000    22.0484    22.1018   5.184603   5.190285     2.5839     2.2041     100.00   28.16940  -86.47932    0.00805    0.00551     3.8378     3.8922    22.0316    22.0851    36.4173    36.4172    25.2863    25.2711    1501.77    167.167    169.540         36 0.0000e+00
      75374   3140.544     82.430     83.000    22.1434    22.2259   5.192941   5.200156     2.5925     2.2071     100.00   28.16940  -86.47932    0.00708    0.00184     3.8483     3.8904    22.1269    22.2093    36.4036    36.3912    25.2489    25.2162    1501.77    167.633    169.473         37 0.0000e+00
      75410   3142.040     81.437     82.000    22.2631    22.3739   5.203098   5.213591     2.6055     2.2198     100.00   28.16940  -86.47932    0.00659    0.00283     3.8662     3.9078    22.2467    22.3577    36.3835    36.3690    25.1997    25.1553    1501.77    168.419    170.242         34 0.0000e+00
      75443   3143.420     80.445     81.000    22.3983    22.4917   5.216625   5.225300     2.6225     2.2361     100.00   28.16940  -86.47932    0.00896    0.00778     3.8907     3.9370    22.3820    22.4753    36.3771    36.3672    25.1563    25.1221    1501.77    169.495    171.515         32 0.0000e+00
      75475   3144.744     79.452     80.000    22.4906    22.5683   5.226391   5.234181     2.6398     2.2542     100.00   28.16940  -86.47932    0.01173    0.01226     3.9189     3.9715    22.4744    22.5521    36.3769    36.3730    25.1297    25.1045    1501.77    170.727    173.024         33 0.0000e+00
      75510   3146.228     78.459     79.000    22.5486    22.6030   5.232859   5.238331     2.6546     2.2623     100.00   28.16940  -86.47932    0.01223    0.01132     3.9442     3.9872    22.5326    22.5870    36.3795    36.3786    25.1150    25.0988    1501.77    171.834    173.707         37 0.0000e+00
      75545   3147.685     77.466     78.000    22.5690    22.6212   5.235158   5.240767     2.6652     2.2681     100.00   28.16940  -86.47932    0.00986    0.00650     3.9637     3.9978    22.5532    22.6054    36.3808    36.3811    25.1101    25.0954    1501.77    172.682    174.171         33 0.0000e+00
      75577   3148.996     76.473     77.000    22.6047    22.6369   5.238639   5.242064     2.6714     2.2695     100.00   28.16940  -86.47932    0.00719    0.00333     3.9733     3.9995    22.5891    22.6213    36.3786    36.3785    25.0982    25.0889    1501.77    173.104    174.244         32 0.0000e+00
      75611   3150.420     75.480     76.000    22.6246    22.6480   5.240354   5.242515     2.6763     2.2742     100.00   28.16940  -86.47932    0.00501    0.00265     3.9813     4.0088    22.6092    22.6326    36.3758    36.3732    25.0903    25.0816    1501.77    173.453    174.653         36 0.0000e+00
      75648   3151.948     74.487     75.000    22.6465    22.6991   5.241649   5.245950     2.6803     2.2770     100.00   28.16940  -86.47932    0.00344    0.00223     3.9875     4.0112    22.6312    22.6839    36.3680    36.3578    25.0781    25.0551    1501.77    173.724    174.763         35 0.0000e+00
      75681   3153.345     73.494     74.000    22.7663    22.8293   5.251313   5.257566     2.6852     2.2859     100.00   28.16940  -86.47932    0.00294    0.00335     3.9889     4.0227    22.7456    22.8145    36.3487    36.3483    25.0305    25.0131    1501.77    173.795    175.269         33 0.0000e+00
      75715   3154.740     72.501     73.000    22.9354    23.0849   5.269222   5.282775     2.6991     2.3045      99.78   28.16940  -86.47932    0.00492    0.00767     4.0034     4.0458    22.9204    23.0699    36.3435    36.3322    24.9760    24.9241    1501.77    174.434    176.292         35 0.0000e+00
      75750   3156.197     71.508     72.000    23.1797    23.2087   5.296394   5.298601     2.7166     2.3147     100.00   28.16940  -86.47932    0.00885    0.00990     4.0197     4.0580    23.1648    23.1939    36.3521    36.3452    24.9115    24.8978    1501.77    175.155    176.826         35 0.0000e+00
      75784   3157.628     70.515     71.000    23.3027    23.3982   5.309841   5.319466     2.7335     2.3280     100.00   28.16940  -86.47932    0.01181    0.00860     4.0439     4.0733    23.2880    23.3834    36.3547    36.3501    24.8776    24.8462    1501.77    176.215    177.504         33 0.0000e+00
      75818   3159.035     69.522     70.000    23.3814    23.5058   5.317058   5.329612     2.7435     2.3400     100.00   28.16940  -86.47932    0.01094    0.00867     4.0576     4.0919    23.3668    23.4912    36.3458    36.3399    24.8477    24.8068    1501.77    176.818    178.319         34 0.0000e+00
      75852   3160.440     68.529     69.000    23.5185    23.6409   5.331182   5.342721     2.7544     2.3472     100.00   28.16940  -86.47932    0.00811    0.00818     4.0687     4.0977    23.5041    23.6265    36.3419    36.3298    24.8045    24.7593    1501.77    177.311    178.583         34 0.0000e+00
      77949   3247.847     63.564     64.000    24.2738    24.2898   5.409624   5.411528     2.9272     2.4933     100.06   28.18757  -86.53510   -0.00140   -0.00273     4.3513     4.3683    24.2601    24.2761    36.3337    36.3351    24.5765    24.5728    1502.74    189.673    190.413         38 0.0000e+00
      77977   3249.003     62.571     63.000    24.2865    24.2827   5.408982   5.409404     2.9141     2.4767      95.12   28.16940  -86.47932   -0.00357   -0.00427     4.3240     4.3321    24.2728    24.2692    36.3091    36.3123    24.5512    24.5547    1501.77    188.482    188.833         69 0.0000e+00
      78048   3251.965     61.578     62.000    24.3443    24.3477   5.414044   5.413969     2.9093     2.4692     100.08   28.16941  -86.47932   -0.00237   -0.00351     4.3092     4.3102    24.3311    24.3344    36.3007    36.2975    24.5274    24.5239    1501.77    187.840    187.885         64 0.0000e+00
      78108   3254.466     60.584     61.000    24.4285    24.4041   5.421362   5.419563     2.9141     2.4774      99.64   28.16942  -86.47932    0.00087    0.00150     4.3128     4.3234    24.4163    24.3911    36.2873    36.2942    24.4916    24.5044    1501.77    188.004    188.465         55 0.0000e+00
      78162   3256.691     59.591     60.000    24.5198    24.5157   5.429430   5.429305     2.9258     2.4897      96.21   28.16942  -86.47932    0.00411    0.00506     4.3273     4.3417    24.5069    24.5029    36.2752    36.2776    24.4552    24.4581    1501.77    188.642    189.269         51 0.0000e+00
      78214   3258.892     58.598     59.000    24.6614    24.6679   5.442438   5.443697     2.9338     2.4980      99.97   28.16942  -86.47932    0.00467    0.00503     4.3318     4.3481    24.6486    24.6551    36.2622    36.2631    24.4024    24.4012    1501.77    188.850    189.559         56 0.0000e+00
      78268   3261.134     57.605     58.000    24.8340    24.8554   5.459958   5.460987     2.9380     2.4978     100.00   28.16942  -86.47932    0.00238    0.00133     4.3257     4.3337    24.8215    24.8428    36.2478    36.2419    24.3391    24.3281    1501.77    188.594    188.945         49 0.0000e+00
      78316   3263.125     56.612     57.000    25.1566    25.1201   5.488582   5.486354     2.9462     2.5019     100.00   28.16942  -86.47932    0.00258    0.00067     4.3188     4.3241    25.1504    25.1077    36.2052    36.2189    24.2063    24.2297    1501.77    188.319    188.547         50 0.0000e+00
      78369   3265.350     55.619     56.000    25.2279    25.2574   5.494449   5.497306     2.9493     2.5059     100.00   28.16941  -86.47932    0.00318    0.00219     4.3169     4.3214    25.2156    25.2451    36.1932    36.1909    24.1773    24.1664    1501.77    188.242    188.440         55 0.0000e+00
      78421   3267.506     54.626     55.000    25.2674    25.2820   5.497091   5.498677     2.9481     2.5085     100.00   28.16942  -86.47932   -0.00005    0.00131     4.3112     4.3249    25.2553    25.2700    36.1820    36.1817    24.1566    24.1518    1501.77    187.999    188.597         49 0.0000e+00
      80468   3352.778     48.668     49.000    26.4147    26.5247   5.645259   5.658250     2.9965     2.5594     100.49   28.31347  -86.92146   -0.00128    0.00269     4.3123     4.3419    26.4036    26.5139    36.4428    36.4648    24.0198    24.0074    1509.45    188.094    189.386         31 0.0000e+00
      80120   3338.277     47.675     48.000    26.5747    26.4146   5.652158   5.636216     2.9986     2.5460      99.82   28.16944  -86.47928    0.00467    0.00053     4.3006     4.3150    26.5638    26.4037    36.2844    36.2944    23.8248    23.8830    1501.77    187.598    188.213         56 0.0000e+00
      80197   3341.490     46.682     47.000    26.7268    26.6326   5.671100   5.660982     3.0229     2.5584      95.53   28.16943  -86.47928    0.00791    0.00294     4.3328     4.3240    26.7161    26.6219    36.3021    36.3031    23.7897    23.8204    1501.77    189.005    188.616         67 0.0000e+00
      80271   3344.564     45.688     46.000    26.9500    26.9027   5.694901   5.689385     3.0428     2.5802      83.09   28.16944  -86.47928    0.00685    0.00736     4.3522     4.3489    26.9395    26.8921    36.2982    36.2964    23.7154    23.7292    1501.77    189.866    189.719         67 0.0000e+00
      80332   3347.143     44.695     45.000    27.1017    27.0097   5.708106   5.700037     3.0504     2.5886      89.66   28.16944  -86.47928    0.00379    0.00388     4.3559     4.3589    27.0913    26.9993    36.2777    36.2896    23.6512    23.6897    1501.77    190.038    190.162         56 0.0000e+00
      80399   3349.918     43.702     44.000    27.1522    27.0783   5.712902   5.708278     3.0583     2.5932      92.05   28.16944  -86.47928    0.00287    0.00208     4.3647     4.3629    27.1464    27.0685    36.2674    36.2837    23.6257    23.6599    1501.77    190.431    190.343         68 0.0000e+00
      80453   3352.158     42.709     43.000    27.2437    27.2211   5.716055   5.715260     3.0646     2.5989      94.94   28.16944  -86.47928    0.00233    0.00152     4.3707     4.3652    27.2338    27.2111    36.2225    36.2343    23.5637    23.5799    1501.77    190.700    190.458         48 0.0000e+00
