Gulf of Mexico/GOMECC-4/1db/urb2103_0122.cnv
* Sea-Bird SBE 9 Data File:
* FileName = C:\Users\scs.user.rb\CTD\GOMECC4\data\rb2103_0122.hex
* Software Version Seasave V 7.26.7.107
* Temperature SN = 4799
* Conductivity SN = 3860
* Number of Bytes Per Scan = 41
* Number of Voltage Words = 4
* Number of Scans Averaged by the Deck Unit = 1
* NMEA Latitude = 26 39.93 N
* NMEA Longitude = 085 00.17 W
* NMEA UTC (Time) = Sep 18 2021  13:28:43
* NMEA baud rate = 4800
# nquan = 28
# nvalues = 449                         
# units = specified
# name 0 = scan: Scan Count
# name 1 = timeS: Time, Elapsed [seconds]
# name 2 = depSM: Depth [salt water, m]
# name 3 = prDM: Pressure, Digiquartz [db]
# name 4 = t090C: Temperature [ITS-90, deg C]
# name 5 = t190C: Temperature, 2 [ITS-90, deg C]
# name 6 = c0S/m: Conductivity [S/m]
# name 7 = c1S/m: Conductivity, 2 [S/m]
# name 8 = sbeox0V: Oxygen raw, SBE 43 [V]
# name 9 = sbeox1V: Oxygen raw, SBE 43, 2 [V]
# name 10 = altM: Altimeter [m]
# name 11 = latitude: Latitude [deg]
# name 12 = longitude: Longitude [deg]
# name 13 = sbox0dV/dT: Oxygen, SBE 43 [dov/dt]
# name 14 = sbox1dV/dT: Oxygen, SBE 43, 2 [dov/dt]
# name 15 = sbeox0ML/L: Oxygen, SBE 43 [ml/l], WS = 5
# name 16 = sbeox1ML/L: Oxygen, SBE 43, 2 [ml/l], WS = 5
# name 17 = potemp090C: Potential Temperature [ITS-90, deg C]
# name 18 = potemp190C: Potential Temperature, 2 [ITS-90, deg C]
# name 19 = sal00: Salinity, Practical [PSU]
# name 20 = sal11: Salinity, Practical, 2 [PSU]
# name 21 = sigma-é00: Density [sigma-theta, kg/m^3]
# name 22 = sigma-é11: Density, 2 [sigma-theta, kg/m^3]
# name 23 = avgsvCM: Average Sound Velocity [Chen-Millero, m/s], minP = 20, minS = 20
# name 24 = sbox0Mm/Kg: Oxygen, SBE 43 [umol/kg], WS = 5
# name 25 = sbox1Mm/Kg: Oxygen, SBE 43, 2 [umol/kg], WS = 5
# name 26 = nbin: number of scans per bin
# name 27 = flag: flag
# span 0 =     102210,     232323       
# span 1 =   4258.692,   9680.102       
# span 2 =      1.987,   3275.461       
# span 3 =      2.000,   3323.000       
# span 4 =     4.3014,    30.4606       
# span 5 =     4.3023,    30.4332       
# span 6 =   3.348901,   5.966202       
# span 7 =   3.348830,   5.958578       
# span 8 =     1.6139,     3.1920       
# span 9 =     1.3189,     2.7111       
# span 10 =      11.01,     104.63      
# span 11 =   26.65901,   27.29047      
# span 12 =  -87.01554,  -85.00351      
# span 13 =   -0.00577,    0.01913      
# span 14 =   -0.00520,    0.01863      
# span 15 =     2.5903,     4.6950      
# span 16 =     2.6224,     4.7281      
# span 17 =     4.0798,    30.4596      
# span 18 =     4.0810,    30.4322      
# span 19 =    34.9019,    36.6904      
# span 20 =    34.9005,    36.6927      
# span 21 =    21.8417,    27.7610      
# span 22 =    21.9195,    27.7595      
# span 23 =    1502.61,    1538.18      
# span 24 =    112.626,    204.015      
# span 25 =    114.023,    205.456      
# span 26 =         30,         70      
# span 27 = 0.0000e+00, 0.0000e+00      
# interval = decibars: 1                
# start_time = Sep 18 2021 13:28:43 [NMEA time, header]
# bad_flag = -9.990e-29
*END*
[from data line 363]
     212564   8856.779    103.292    104.000    19.3034    19.3140   4.911239   4.912977     2.1178     1.7733      99.08   26.66176  -85.01130   -0.00004   -0.00022     3.0421     3.0746    19.2848    19.2951    36.5459    36.5489    26.1296    26.1292    1502.75    132.398    133.817         33 0.0000e+00
     212663   8860.898    102.300    103.000    19.3800    19.3850   4.917735   4.918349     2.1131     1.7681      93.09   26.66176  -85.01129   -0.00174   -0.00165     3.0262     3.0578    19.3613    19.3663    36.5348    36.5350    26.1012    26.1001    1502.75    131.710    133.089         33 0.0000e+00
     212765   8865.179    101.307    102.000    19.4294    19.4207   4.923407   4.922296     2.1093     1.7627     100.16   26.66176  -85.01128   -0.00096   -0.00075     3.0147     3.0423    19.4108    19.4021    36.5386    36.5364    26.0912    26.0918    1502.75    131.214    132.415         31 0.0000e+00
     212868   8869.438    100.314    101.000    19.4744    19.4742   4.928206   4.928050     2.1113     1.7662     100.00   26.66177  -85.01128    0.00038    0.00066     3.0160     3.0473    19.4560    19.4558    36.5396    36.5385    26.0802    26.0794    1502.75    131.273    132.631         35 0.0000e+00
     212959   8873.259     99.321    100.000    19.5298    19.5186   4.934131   4.932659     2.1140     1.7694     100.00   26.66178  -85.01128    0.00038    0.00078     3.0181     3.0521    19.5115    19.5003    36.5408    36.5384    26.0665    26.0677    1502.75    131.364    132.843         50 0.0000e+00
     214049   8918.669     98.328     99.000    19.7691    19.7512   4.960706   4.958862     2.1497     1.8000     100.00   26.66180  -85.01124    0.00030   -0.00012     3.0735     3.1043    19.7452    19.7329    36.5537    36.5531    26.0149    26.0177    1502.75    133.781    135.122         31 0.0000e+00
     214200   8924.939     97.329     98.000    19.7646    19.8240   4.960075   4.966472     2.1488     1.8024      94.61   26.66180  -85.01124   -0.00065    0.00030     3.0784     3.1116    19.7465    19.8059    36.5518    36.5530    26.0132    25.9984    1502.75    133.997    135.445         41 0.0000e+00
     214253   8927.171     96.342     97.000    19.8455    19.8362   4.968276   4.967488     2.1521     1.8046      99.72   26.66180  -85.01123    0.00050    0.00107     3.0801     3.1156    19.8276    19.8183    36.5495    36.5497    25.9900    25.9926    1502.75    134.072    135.616         61 0.0000e+00
     214319   8929.908     95.349     96.000    19.8715    19.8592   4.971140   4.970096     2.1581     1.8084      70.40   26.66180  -85.01122    0.00242    0.00102     3.0908     3.1228    19.8537    19.8416    36.5510    36.5526    25.9842    25.9886    1502.75    134.541    135.931         59 0.0000e+00
     214367   8931.933     94.356     95.000    19.9037    19.8906   4.974673   4.973336     2.1607     1.8115      99.67   26.66180  -85.01122    0.00147    0.00170     3.0940     3.1280    19.8860    19.8730    36.5525    36.5528    25.9768    25.9805    1502.75    134.681    136.157         45 0.0000e+00
     214414   8933.887     93.363     94.000    19.9312    19.9230   4.977370   4.976450     2.1652     1.8149     100.00   26.66180  -85.01122    0.00182    0.00152     3.1018     3.1338    19.9137    19.9056    36.5512    36.5507    25.9684    25.9703    1502.75    135.021    136.411         48 0.0000e+00
     214460   8935.782     92.370     93.000    19.9723    19.9671   4.981282   4.980430     2.1696     1.8190     100.00   26.66180  -85.01122    0.00230    0.00199     3.1083     3.1407    19.9550    19.9498    36.5481    36.5456    25.9551    25.9546    1502.75    135.306    136.714         42 0.0000e+00
     214498   8937.391     91.377     92.000    20.0595    20.0469   4.989938   4.988608     2.1762     1.8251     100.00   26.66180  -85.01122    0.00283    0.00255     3.1168     3.1500    20.0424    20.0297    36.5440    36.5440    25.9287    25.9321    1502.75    135.678    137.126         35 0.0000e+00
     214533   8938.840     90.384     91.000    20.1563    20.1539   5.000567   4.999589     2.1864     1.8336     100.00   26.66180  -85.01122    0.00460    0.00409     3.1323     3.1634    20.1392    20.1368    36.5478    36.5418    25.9058    25.9019    1502.75    136.355    137.709         35 0.0000e+00
     214568   8940.303     89.391     90.000    20.2438    20.2468   5.011142   5.011496     2.1995     1.8460     100.00   26.66180  -85.01122    0.00707    0.00625     3.1541     3.1862    20.2269    20.2299    36.5590    36.5594    25.8909    25.8904    1502.75    137.309    138.704         36 0.0000e+00
     214603   8941.759     88.398     89.000    20.4067    20.3980   5.030831   5.030430     2.2127     1.8582     100.00   26.66182  -85.01122    0.00867    0.00804     3.1716     3.2050    20.3899    20.3812    36.5796    36.5839    25.8629    25.8685    1502.75    138.072    139.525         34 0.0000e+00
     214638   8943.193     87.405     88.000    20.6152    20.6260   5.056458   5.056635     2.2280     1.8724     100.00   26.66182  -85.01122    0.00944    0.00876     3.1898     3.2240    20.5985    20.6093    36.6090    36.6011    25.8289    25.8199    1502.75    138.871    140.358         35 0.0000e+00
     214673   8944.663     86.412     87.000    20.8281    20.8393   5.081850   5.082395     2.2474     1.8933     100.00   26.66182  -85.01122    0.01100    0.01068     3.2167     3.2588    20.8115    20.8226    36.6321    36.6269    25.7886    25.7816    1502.75    140.047    141.878         36 0.0000e+00
     214708   8946.129     85.419     86.000    21.0693    21.0202   5.110139   5.103953     2.2699     1.9119     100.00   26.66182  -85.01122    0.01332    0.01344     3.2487     3.2897    21.0527    21.0036    36.6552    36.6531    25.7402    25.7520    1502.75    141.445    143.229         33 0.0000e+00
     214740   8947.439     84.426     85.000    21.2045    21.1891   5.127540   5.125462     2.2910     1.9276      88.98   26.66182  -85.01121    0.01518    0.01303     3.2829     3.3154    21.1880    21.1726    36.6785    36.6750    25.7207    25.7222    1502.75    142.937    144.351         30 0.0000e+00
     214771   8948.765     83.433     84.000    21.3337    21.3092   5.142749   5.140410     2.3091     1.9435      99.94   26.66182  -85.01120    0.01541    0.01202     3.3118     3.3439    21.3173    21.2928    36.6904    36.6927    25.6940    25.7025    1502.75    144.200    145.595         34 0.0000e+00
     214806   8950.213     82.440     83.000    21.3912    21.3944   5.146935   5.147360     2.3261     1.9581     100.00   26.66182  -85.01120    0.01388    0.01164     3.3423     3.3717    21.3750    21.3782    36.6820    36.6834    25.6715    25.6717    1502.75    145.531    146.812         35 0.0000e+00
     214840   8951.638     81.447     82.000    21.4007    21.4021   5.140817   5.141484     2.3403     1.9712      91.26   26.66182  -85.01120    0.01145    0.00997     3.3742     3.4021    21.3847    21.3861    36.6169    36.6224    25.6193    25.6231    1502.75    146.929    148.144         33 0.0000e+00
     214873   8952.986     80.454     81.000    21.4006    21.3973   5.133631   5.133640     2.3617     1.9959      71.44   26.66182  -85.01120    0.01151    0.01130     3.4182     3.4599    21.3848    21.3815    36.5612    36.5640    25.5768    25.5799    1502.75    148.851    150.664         32 0.0000e+00
     214906   8954.371     79.461     80.000    21.4014    21.4006   5.131122   5.131235     2.3879     2.0202      99.92   26.66182  -85.01120    0.01528    0.01665     3.4729     3.5152    21.3858    21.3850    36.5407    36.5423    25.5610    25.5624    1502.75    151.232    153.078         35 0.0000e+00
     214941   8955.822     78.468     79.000    21.4181    21.4171   5.130322   5.130195     2.4070     2.0377     100.00   26.66182  -85.01120    0.01698    0.01644     3.5114     3.5543    21.4026    21.4017    36.5205    36.5202    25.5409    25.5410    1502.75    152.915    154.782         36 0.0000e+00
     214998   8958.228     77.474     78.000    21.5263    21.5450   5.136491   5.138061     2.4419     2.0730     100.00   26.66182  -85.01120    0.01367    0.01338     3.5843     3.6309    21.5117    21.5297    36.4783    36.4749    25.4785    25.4708    1502.75    156.097    158.129         59 0.0000e+00
     215081   8961.662     76.481     77.000    21.7179    21.7569   5.154441   5.157531     2.5027     2.1341     100.00   26.66182  -85.01120    0.01913    0.01863     3.6885     3.7520    21.7026    21.7417    36.4591    36.4508    25.4106    25.3933    1502.75    160.644    163.415         31 0.0000e+00
     217092   9045.456     73.502     74.000    22.3966    22.3853   5.234814   5.232589     2.6479     2.2498     100.14   26.69961  -85.13174    0.00021   -0.00048     3.9366     3.9693    22.3791    22.3704    36.5445    36.5376    25.2894    25.2879    1504.88    171.476    172.902         34 0.0000e+00
     216856   9035.621     72.509     73.000    22.4190    22.3923   5.235029   5.232090     2.6454     2.2462     100.00   26.66180  -85.01118    0.00036   -0.00035     3.9293     3.9595    22.4043    22.3776    36.5071    36.5064    25.2487    25.2558    1502.75    171.163    172.476         67 0.0000e+00
     216928   9038.623     71.516     72.000    22.4443    22.4488   5.238036   5.238287     2.6442     2.2461     100.00   26.66180  -85.01117   -0.00016    0.00016     3.9244     3.9548    22.4298    22.4343    36.5098    36.5080    25.2434    25.2408    1502.75    170.949    172.272         62 0.0000e+00
     216986   9041.059     70.523     71.000    22.5523    22.5634   5.249111   5.249906     2.6502     2.2556      99.99   26.66180  -85.01116    0.00026    0.00180     3.9287     3.9680    22.5380    22.5490    36.5064    36.5034    25.2099    25.2045    1502.75    171.140    172.853         60 0.0000e+00
     217047   9043.601     69.530     70.000    22.6361    22.6511   5.256162   5.258235     2.6698     2.2709     100.00   26.66180  -85.01116    0.00684    0.00625     3.9615     3.9954    22.6218    22.6368    36.4919    36.4955    25.1748    25.1733    1502.75    172.578    174.051         58 0.0000e+00
     217103   9045.914     68.537     69.000    22.7254    22.7670   5.265676   5.270256     2.6855     2.2870      76.95   26.66180  -85.01116    0.00690    0.00626     3.9868     4.0230    22.7120    22.7529    36.4914    36.4932    25.1485    25.1381    1502.75    173.684    175.261         55 0.0000e+00
     217161   9048.342     67.544     68.000    22.8484    22.8546   5.278633   5.278872     2.7060     2.3039     100.25   26.66180  -85.01117    0.00795    0.00734     4.0181     4.0538    22.8345    22.8407    36.4906    36.4874    25.1126    25.1083    1502.75    175.052    176.608         60 0.0000e+00
     217214   9050.545     66.550     67.000    22.9526    22.9481   5.288587   5.288086     2.7253     2.3228     100.00   26.66180  -85.01117    0.00865    0.00685     4.0489     4.0889    22.9389    22.9344    36.4816    36.4815    25.0755    25.0767    1502.75    176.401    178.145         45 0.0000e+00
     217260   9052.450     65.557     66.000    23.1089    23.1438   5.304110   5.307505     2.7441     2.3442     100.00   26.66180  -85.01118    0.00907    0.01017     4.0746     4.1222    23.0953    23.1302    36.4725    36.4698    25.0231    25.0110    1502.75    177.528    179.603         52 0.0000e+00
     217318   9054.858     64.564     65.000    23.3440    23.2899   5.327815   5.323247     2.7763     2.3669     100.00   26.66180  -85.01118    0.01229    0.01076     4.1211     4.1614    23.3305    23.2764    36.4612    36.4708    24.9459    24.9690    1502.75    179.568    181.319         55 0.0000e+00
     217366   9056.855     63.571     64.000    23.8600    23.8813   5.387488   5.389853     2.7973     2.3853     100.00   26.66180  -85.01118    0.01196    0.00831     4.1221     4.1578    23.8465    23.8678    36.4938    36.4943    24.8183    24.8123    1502.75    179.635    181.191         46 0.0000e+00
     217417   9058.991     62.578     63.000    24.2355    24.2281   5.429688   5.428418     2.8168     2.3998     100.00   26.66180  -85.01118    0.01024    0.00886     4.1309     4.1635    24.2220    24.2147    36.5099    36.5051    24.7185    24.7171    1502.75    180.035    181.457         55 0.0000e+00
     217470   9061.214     61.585     62.000    24.3404    24.3674   5.442406   5.444300     2.8251     2.4092     100.00   26.66180  -85.01118    0.00568    0.00449     4.1386     4.1735    24.3272    24.3541    36.5183    36.5206    24.6933    24.6869    1502.75    180.375    181.896         50 0.0000e+00
     217519   9063.257     60.591     61.000    24.5031    24.4873   5.461170   5.459508     2.8417     2.4192      96.42   26.66180  -85.01118    0.00513    0.00463     4.1596     4.1855    24.4914    24.4743    36.5266    36.5279    24.6501    24.6562    1502.75    181.299    182.425         50 0.0000e+00
     217571   9065.423     59.598     60.000    24.5204    24.5215   5.463192   5.462774     2.8505     2.4286      89.48   26.66180  -85.01118    0.00658    0.00506     4.1735     4.2030    24.5075    24.5086    36.5291    36.5250    24.6472    24.6437    1502.75    181.903    183.191         51 0.0000e+00
     217622   9067.561     58.605     59.000    24.5571    24.5557   5.466477   5.466564     2.8567     2.4321      99.99   26.66180  -85.01118    0.00361    0.00237     4.1824     4.2075    24.5444    24.5430    36.5243    36.5261    24.6324    24.6341    1502.75    182.295    183.387         52 0.0000e+00
     217675   9069.768     57.612     58.000    24.6210    24.6213   5.472107   5.472477     2.8639     2.4378     100.00   26.66180  -85.01118    0.00286    0.00247     4.1912     4.2148    24.6085    24.6088    36.5150    36.5175    24.6059    24.6077    1502.75    182.686    183.710         52 0.0000e+00
     217725   9071.846     56.619     57.000    24.7187    24.6900   5.482218   5.479342     2.8731     2.4461     100.00   26.66180  -85.01118    0.00387    0.00283     4.2039     4.2272    24.7064    24.6777    36.5131    36.5136    24.5748    24.5839    1502.75    183.244    184.259         51 0.0000e+00
     217777   9074.003     55.626     56.000    24.7497    24.7733   5.486029   5.488393     2.8821     2.4580     100.00   26.66180  -85.01118    0.00453    0.00537     4.2156     4.2464    24.7373    24.7612    36.5158    36.5152    24.5675    24.5601    1502.75    183.753    185.097         51 0.0000e+00
     217829   9076.173     54.632     55.000    24.8502    24.8686   5.495536   5.498911     2.8900     2.4602     100.00   26.66180  -85.01118    0.00362    0.00292     4.2231     4.2435    24.8383    24.8566    36.5057    36.5161    24.5290    24.5313    1502.75    184.088    184.978         52 0.0000e+00
     217878   9078.218     53.639     54.000    25.0255    25.0495   5.512717   5.516592     2.9002     2.4717     100.00   26.66180  -85.01118    0.00418    0.00230     4.2293     4.2552    25.0137    25.0378    36.4926    36.5021    24.4656    24.4654    1502.75    184.372    185.496         37 0.0000e+00
     220144   9172.628     48.673     49.000    26.5497    26.6165   5.648098   5.655899     3.0648     2.6165      91.36   26.70329  -85.14351   -0.00233   -0.00130     4.4261     4.4512    26.5386    26.6053    36.2855    36.3036    23.8381    23.8338    1505.09    193.072    194.170         46 0.0000e+00
     219876   9161.476     47.680     48.000    26.6268    26.5843   5.648730   5.646872     3.0647     2.6113      95.82   26.66180  -85.01122    0.00079   -0.00102     4.4220     4.4394    26.6159    26.5734    36.2187    36.2378    23.7587    23.7866    1502.75    192.902    193.657         50 0.0000e+00
