Gulf of Mexico/GOMECC-4/1db/urb2103_0831.cnv
* Sea-Bird SBE 9 Data File:
* FileName = C:\Users\scs.user.rb\CTD\GOMECC4\data\rb2103_0831.hex
* Software Version Seasave V 7.26.7.107
* Temperature SN = 4799
* Conductivity SN = 3860
* Number of Bytes Per Scan = 41
* Number of Voltage Words = 4
* Number of Scans Averaged by the Deck Unit = 1
* NMEA Latitude = 22 16.43 N
* NMEA Longitude = 095 00.01 W
* NMEA UTC (Time) = Oct 07 2021  05:34:53
* NMEA baud rate = 4800
# nquan = 28
# nvalues = 243                         
# units = specified
# name 0 = scan: Scan Count
# name 1 = timeS: Time, Elapsed [seconds]
# name 2 = depSM: Depth [salt water, m]
# name 3 = prDM: Pressure, Digiquartz [db]
# name 4 = t090C: Temperature [ITS-90, deg C]
# name 5 = t190C: Temperature, 2 [ITS-90, deg C]
# name 6 = c0S/m: Conductivity [S/m]
# name 7 = c1S/m: Conductivity, 2 [S/m]
# name 8 = sbeox0V: Oxygen raw, SBE 43 [V]
# name 9 = sbeox1V: Oxygen raw, SBE 43, 2 [V]
# name 10 = altM: Altimeter [m]
# name 11 = latitude: Latitude [deg]
# name 12 = longitude: Longitude [deg]
# name 13 = sbox0dV/dT: Oxygen, SBE 43 [dov/dt]
# name 14 = sbox1dV/dT: Oxygen, SBE 43, 2 [dov/dt]
# name 15 = sbeox0ML/L: Oxygen, SBE 43 [ml/l], WS = 5
# name 16 = sbeox1ML/L: Oxygen, SBE 43, 2 [ml/l], WS = 5
# name 17 = potemp090C: Potential Temperature [ITS-90, deg C]
# name 18 = potemp190C: Potential Temperature, 2 [ITS-90, deg C]
# name 19 = sal00: Salinity, Practical [PSU]
# name 20 = sal11: Salinity, Practical, 2 [PSU]
# name 21 = sigma-é00: Density [sigma-theta, kg/m^3]
# name 22 = sigma-é11: Density, 2 [sigma-theta, kg/m^3]
# name 23 = avgsvCM: Average Sound Velocity [Chen-Millero, m/s], minP = 20, minS = 20
# name 24 = sbox0Mm/Kg: Oxygen, SBE 43 [umol/kg], WS = 5
# name 25 = sbox1Mm/Kg: Oxygen, SBE 43, 2 [umol/kg], WS = 5
# name 26 = nbin: number of scans per bin
# name 27 = flag: flag
# span 0 =      99389,     223955       
# span 1 =   4141.157,   9331.436       
# span 2 =      5.962,   3393.846       
# span 3 =      6.000,   3443.000       
# span 4 =     4.2775,    29.9240       
# span 5 =     4.2788,    29.9259       
# span 6 =   3.344483,   6.040049       
# span 7 =   3.344436,   6.040675       
# span 8 =     1.5660,     3.3480       
# span 9 =     1.2688,     2.8490       
# span 10 =      11.54,     101.46      
# span 11 =   22.14392,   22.55830      
# span 12 =  -96.21375,  -94.44632      
# span 13 =   -0.02612,    0.02682      
# span 14 =   -0.02595,    0.02430      
# span 15 =     2.3891,     4.9115      
# span 16 =     2.4041,     4.8986      
# span 17 =     4.0778,    29.9205      
# span 18 =     4.0791,    29.9224      
# span 19 =    34.9121,    36.6679      
# span 20 =    34.9120,    36.6687      
# span 21 =    22.6533,    27.7593      
# span 22 =    22.6689,    27.7578      
# span 23 =    1495.20,    1523.18      
# span 24 =    103.882,    214.241      
# span 25 =    104.538,    213.682      
# span 26 =         30,         71      
# span 27 = 0.0000e+00, 0.0000e+00      
# interval = decibars: 1                
# start_time = Oct 07 2021 05:34:53 [NMEA time, header]
# bad_flag = -9.990e-29
*END*
[from data line 104]
     169523   7063.422   1108.035   1118.000     4.6679     4.6697   3.361018   3.361040     1.9089     1.5854     100.00   22.27403  -95.00127   -0.00027   -0.00018     4.2065     4.2167     4.5758     4.5776    34.9508    34.9492    27.6848    27.6833    1503.99    182.800    183.243         30 0.0000e+00
     169653   7068.830   1103.092   1113.000     4.6787     4.6809   3.361729   3.361779     1.9073     1.5837     100.00   22.27401  -95.00116   -0.00032   -0.00030     4.1968     4.2063     4.5870     4.5892    34.9503    34.9485    27.6831    27.6814    1503.99    182.382    182.793         32 0.0000e+00
     169951   7081.246   1092.219   1102.000     4.7135     4.7143   3.364467   3.364391     1.9018     1.5790     100.01   22.27545  -95.00729   -0.00063   -0.00047     4.1674     4.1782     4.6225     4.6233    34.9512    34.9495    27.6798    27.6784    1504.09    181.101    181.572         30 0.0000e+00
     170012   7083.793   1091.230   1101.000     4.7080     4.7103   3.363733   3.363794     1.8997     1.5772     100.00   22.27382  -95.00034   -0.00067   -0.00056     4.1602     4.1714     4.6171     4.6194    34.9488    34.9472    27.6785    27.6770    1503.98    180.789    181.279         46 0.0000e+00
     171245   7135.174   1089.253   1099.000     4.7250     4.7273   3.365072   3.365155     1.8955     1.5745     100.00   22.27360  -94.99928    0.00001    0.00012     4.1424     4.1579     4.6341     4.6364    34.9476    34.9461    27.6757    27.6742    1503.96    180.018    180.690         59 0.0000e+00
     171328   7138.634   1087.276   1097.000     4.7277     4.7294   3.365284   3.365329     1.8960     1.5750     100.00   22.27432  -95.00236    0.00013    0.00011     4.1424     4.1585     4.6370     4.6387    34.9485    34.9469    27.6761    27.6746    1504.01    180.015    180.716         32 0.0000e+00
     171363   7140.103   1086.287   1096.000     4.7294     4.7310   3.365369   3.365359     1.8962     1.5751     100.00   22.27384  -95.00030    0.00015    0.00021     4.1426     4.1583     4.6388     4.6403    34.9479    34.9462    27.6754    27.6738    1503.98    180.027    180.708         44 0.0000e+00
     176136   7338.959    896.399    904.000     5.4224     5.4280   3.417912   3.418303     1.7959     1.4810     100.01   22.27531  -95.00660   -0.00094   -0.00080     3.6255     3.6357     5.3442     5.3498    34.9270    34.9256    27.5766    27.5749    1504.08    157.568    158.014         44 0.0000e+00
     176215   7342.264    895.410    903.000     5.4237     5.4204   3.417683   3.417340     1.7939     1.4795     100.00   22.27382  -95.00026   -0.00059   -0.00042     3.6184     3.6304     5.3456     5.3423    34.9240    34.9229    27.5740    27.5736    1503.98    157.261    157.782         33 0.0000e+00
     177326   7388.559    892.442    900.000     5.4527     5.4635   3.420822   3.421590     1.7887     1.4756      88.53   22.27862  -95.02073    0.00011   -0.00017     3.5961     3.6103     5.3746     5.3854    34.9311    34.9294    27.5763    27.5736    1504.30    156.293    156.911         34 0.0000e+00
     177795   7408.087    891.452    899.000     5.4682     5.4722   3.421494   3.421776     1.7855     1.4728     100.47   22.27382  -95.00026   -0.00001   -0.00015     3.5837     3.5992     5.3901     5.3941    34.9228    34.9218    27.5677    27.5665    1503.98    155.755    156.427         62 0.0000e+00
     177827   7409.407    890.462    898.000     5.4729     5.4751   3.421899   3.421983     1.7862     1.4733      87.03   22.27382  -95.00026    0.00012   -0.00013     3.5853     3.6001     5.3949     5.3971    34.9230    34.9217    27.5674    27.5660    1503.98    155.823    156.466         35 0.0000e+00
     177858   7410.710    889.473    897.000     5.4840     5.4888   3.422849   3.423132     1.7862     1.4733      98.80   22.27382  -95.00026    0.00024    0.00019     3.5837     3.5985     5.4060     5.4108    34.9228    34.9211    27.5658    27.5639    1503.98    155.756    156.400         30 0.0000e+00
     182686   7611.877    699.406    705.000     6.7007     6.7092   3.525748   3.526488     1.6539     1.3492      99.77   22.27886  -95.02192   -0.00073   -0.00066     2.9621     2.9706     6.6339     6.6424    34.9270    34.9263    27.4118    27.4101    1504.32    128.761    129.127         33 0.0000e+00
     183010   7625.379    695.444    701.000     6.7032     6.7082   3.524679   3.524817     1.6500     1.3484      99.99   22.27006  -94.98437   -0.00008    0.00013     2.9485     2.9668     6.6368     6.6418    34.9121    34.9120    27.3993    27.3985    1503.73    128.166    128.964         40 0.0000e+00
     183577   7649.005    694.454    700.000     6.7478     6.7498   3.529007   3.529442     1.6469     1.3445     100.00   22.27379  -95.00022   -0.00006   -0.00020     2.9338     2.9494     6.6813     6.6833    34.9183    34.9189    27.3983    27.3985    1503.98    127.529    128.206         31 0.0000e+00
     184201   7675.019    693.463    699.000     6.7651     6.7696   3.530973   3.531224     1.6431     1.3410      86.47   22.27380  -95.00022   -0.00005    0.00009     2.9205     2.9355     6.6986     6.7030    34.9210    34.9194    27.3980    27.3962    1503.98    126.950    127.602         60 0.0000e+00
     184240   7676.609    692.472    698.000     6.7626     6.7725   3.530678   3.531435     1.6434     1.3418     100.15   22.27380  -95.00022    0.00005    0.00026     2.9213     2.9379     6.6962     6.7060    34.9204    34.9188    27.3979    27.3953    1503.98    126.986    127.706         43 0.0000e+00
     184280   7678.291    691.482    697.000     6.7672     6.7780   3.531072   3.531912     1.6438     1.3419     100.00   22.27380  -95.00022    0.00013    0.00026     2.9217     2.9373     6.7009     6.7116    34.9201    34.9189    27.3970    27.3947    1503.98    127.002    127.684         37 0.0000e+00
     184313   7679.660    690.492    696.000     6.7737     6.7813   3.531613   3.532181     1.6444     1.3425      62.49   22.27380  -95.00023    0.00030    0.00016     2.9230     2.9385     6.7074     6.7150    34.9205    34.9191    27.3965    27.3943    1503.98    127.061    127.734         30 0.0000e+00
     184343   7680.914    689.501    695.000     6.7819     6.7906   3.532352   3.533023     1.6447     1.3429      99.32   22.27380  -95.00024    0.00037    0.00030     2.9228     2.9390     6.7157     6.7244    34.9208    34.9193    27.3956    27.3933    1503.98    127.053    127.755         32 0.0000e+00
     184377   7682.321    688.511    694.000     6.7932     6.8051   3.533386   3.534361     1.6448     1.3425     100.00   22.27380  -95.00024    0.00024    0.00024     2.9219     2.9360     6.7270     6.7388    34.9212    34.9200    27.3944    27.3918    1503.98    127.014    127.624         33 0.0000e+00
     189065   7877.670    502.225    506.000     8.9439     8.9721   3.741165   3.743926     1.5670     1.2690     100.02   22.27801  -95.01827   -0.00021   -0.00005     2.4670     2.4772     8.8881     8.9162    35.0957    35.0969    27.2113    27.2078    1504.26    107.259    107.702         43 0.0000e+00
     190837   7951.509    495.285    499.000     9.1170     9.1259   3.758511   3.759323     1.5660     1.2693     100.00   22.27373  -94.99998    0.00012    0.00000     2.4513     2.4666     9.0613     9.0702    35.1092    35.1087    27.1938    27.1920    1503.97    106.576    107.241         69 0.0000e+00
     190897   7954.003    494.294    498.000     9.1225     9.1248   3.759013   3.759173     1.5662     1.2688     100.00   22.27382  -95.00036    0.00002   -0.00030     2.4512     2.4646     9.0669     9.0692    35.1093    35.1088    27.1930    27.1922    1503.98    106.571    107.154         39 0.0000e+00
     190936   7955.638    493.302    497.000     9.1448     9.1462   3.761240   3.761241     1.5664     1.2696     100.00   22.27382  -95.00036    0.00011    0.00009     2.4501     2.4655     9.0892     9.0906    35.1112    35.1098    27.1908    27.1895    1503.98    106.526    107.194         35 0.0000e+00
     190974   7957.209    492.311    496.000     9.1693     9.1738   3.763802   3.764175     1.5668     1.2698     100.00   22.27382  -95.00036    0.00023    0.00033     2.4493     2.4642     9.1138     9.1183    35.1142    35.1136    27.1892    27.1881    1503.98    106.492    107.138         41 0.0000e+00
     191013   7958.827    491.320    495.000     9.1940     9.2026   3.766519   3.766879     1.5673     1.2698     100.00   22.27382  -95.00036    0.00019    0.00015     2.4487     2.4622     9.1385     9.1471    35.1192    35.1158    27.1891    27.1851    1503.98    106.466    107.053         34 0.0000e+00
     193308   8054.454    401.084    404.000    10.6568    10.6753   3.919884   3.921808     1.5880     1.2890      99.99   22.27105  -94.98856    0.00007    0.00027     2.3891     2.4041    10.6074    10.6258    35.3055    35.3070    27.0841    27.0820    1503.79    103.882    104.538         47 0.0000e+00
     194882   8120.046    396.125    399.000    10.8688    10.8759   3.943316   3.943875     1.5950     1.2954      79.40   22.27462  -95.00370    0.00017    0.00026     2.3937     2.4101    10.8194    10.8264    35.3400    35.3399    27.0732    27.0719    1504.03    104.084    104.798         50 0.0000e+00
     194922   8121.728    395.133    398.000    10.8823    10.8739   3.944529   3.943735     1.5954     1.2955     100.67   22.27386  -95.00046    0.00016    0.00021     2.3939     2.4101    10.8330    10.8246    35.3391    35.3392    27.0700    27.0716    1503.98    104.095    104.797         41 0.0000e+00
     194986   8124.361    393.149    396.000    10.9378    10.9386   3.950683   3.950680     1.5978     1.2971     100.00   22.27416  -95.00176    0.00073    0.00029     2.3966     2.4105    10.8885    10.8893    35.3483    35.3475    27.0672    27.0664    1504.00    104.212    104.818         31 0.0000e+00
     195015   8125.574    392.158    395.000    10.9489    10.9492   3.951762   3.951709     1.5995     1.2987      71.75   22.27386  -95.00046    0.00106    0.00087     2.4003     2.4143    10.8997    10.9000    35.3488    35.3479    27.0655    27.0647    1503.98    104.372    104.981         31 0.0000e+00
     198927   8288.564    296.917    299.000    13.1763    13.1794   4.198884   4.199155     1.6650     1.3579      66.64   22.27318  -94.99747    0.00022    0.00025     2.4133     2.4286    13.1344    13.1375    35.6837    35.6834    26.8954    26.8946    1503.93    104.953    105.620         49 0.0000e+00
     198975   8290.581    295.925    298.000    13.1804    13.1802   4.199394   4.199483     1.6652     1.3575     100.35   22.27390  -95.00056    0.00002   -0.00012     2.4133     2.4270    13.1386    13.1384    35.6850    35.6846    26.8957    26.8954    1503.98    104.955    105.549         34 0.0000e+00
     199008   8291.966    294.933    297.000    13.2074    13.2013   4.201917   4.201257     1.6656     1.3578     100.00   22.27390  -95.00056    0.00007   -0.00011     2.4129     2.4266    13.1657    13.1596    35.6874    35.6863    26.8920    26.8924    1503.98    104.938    105.535         34 0.0000e+00
     199043   8293.426    293.940    296.000    13.2220    13.2212   4.203968   4.203636     1.6666     1.3581      34.91   22.27390  -95.00056    0.00038    0.00015     2.4138     2.4260    13.1805    13.1796    35.6907    35.6883    26.8916    26.8899    1503.98    104.977    105.508         36 0.0000e+00
     201347   8389.421    203.618    205.000    15.9664    16.0077   4.521127   4.525987     1.7706     1.4520     100.01   22.27645  -95.01152    0.00007    0.00033     2.4863     2.4985    15.9337    15.9751    36.1180    36.1233    26.6236    26.6180    1504.15    108.160    108.692         61 0.0000e+00
     201425   8392.668    202.625    204.000    15.9574    16.0558   4.519481   4.530659     1.7710     1.4541     100.00   22.27388  -95.00056    0.00017    0.00059     2.4877     2.5014    15.9248    16.0232    36.1107    36.1213    26.6198    26.6052    1503.98    108.219    108.818         32 0.0000e+00
     202057   8419.004    199.647    201.000    16.2722    16.3071   4.560822   4.564380     1.7816     1.4616      67.57   22.30447  -95.13102    0.00046    0.00045     2.4930     2.5060    16.2398    16.2746    36.2089    36.2089    26.6258    26.6177    1506.05    108.452    109.021         34 0.0000e+00
     202945   8456.015    197.661    199.000    16.4344    16.4421   4.576187   4.576998     1.7858     1.4644     100.01   22.27579  -95.00869    0.00031   -0.00024     2.4944     2.5057    16.4020    16.4097    36.1857    36.1858    26.5668    26.5650    1504.11    108.516    109.011         47 0.0000e+00
     202982   8457.550    196.669    198.000    16.4416    16.4423   4.576836   4.576899     1.7856     1.4640     100.00   22.27388  -95.00056    0.00018   -0.00004     2.4934     2.5044    16.4093    16.4101    36.1840    36.1838    26.5635    26.5632    1503.98    108.476    108.952         63 0.0000e+00
     203041   8459.981    195.676    197.000    16.4793    16.4696   4.581222   4.579708     1.7861     1.4651     100.00   22.27388  -95.00056    0.00004    0.00018     2.4922     2.5055    16.4472    16.4375    36.1895    36.1849    26.5589    26.5576    1503.98    108.424    109.000         49 0.0000e+00
     203085   8461.842    194.683    196.000    16.5345    16.5163   4.587380   4.585537     1.7874     1.4661     100.00   22.27388  -95.00056    0.00048    0.00055     2.4918     2.5052    16.5025    16.4843    36.1944    36.1933    26.5497    26.5531    1503.98    108.408    108.986         44 0.0000e+00
     203137   8464.008    193.690    195.000    16.5460    16.5429   4.588766   4.588325     1.7885     1.4665      99.30   22.27388  -95.00056    0.00065    0.00041     2.4935     2.5047    16.5142    16.5110    36.1966    36.1955    26.5486    26.5485    1503.98    108.478    108.965         62 0.0000e+00
     203254   8468.895    189.719    191.000    16.6462    16.6463   4.600224   4.600233     1.7906     1.4682      99.99   22.27190  -94.99213    0.00061    0.00046     2.4917     2.5023    16.6149    16.6150    36.2079    36.2079    26.5333    26.5332    1503.85    108.402    108.865         32 0.0000e+00
     204298   8512.383    153.974    155.000    18.3630    18.3794   4.802079   4.803861     1.8329     1.5040     100.03   22.28413  -95.04428    0.00028    0.00014     2.4850     2.4922    18.3358    18.3521    36.4416    36.4422    26.2940    26.2904    1504.67    108.136    108.453         33 0.0000e+00
     204310   8512.877    152.981    154.000    18.1553    18.2759   4.776613   4.790104     1.8282     1.5023     100.00   22.27388  -95.00056   -0.00097   -0.00045     2.4853     2.4933    18.1284    18.2489    36.4035    36.4116    26.3155    26.2915    1503.98    108.146    108.497         36 0.0000e+00
     204435   8518.081    151.988    153.000    18.2863    18.4312   4.791427   4.808054     1.8308     1.5083     100.00   22.27388  -95.00056   -0.00015    0.00113     2.4839     2.5003    18.2595    18.4045    36.4141    36.4254    26.2907    26.2627    1503.98    108.090    108.807         45 0.0000e+00
     205783   8574.269    149.009    150.000    18.7754    18.7763   4.850874   4.851518     1.8556     1.5267      83.70   22.30006  -95.11229    0.00097    0.00088     2.5119     2.5265    18.7487    18.7496    36.4976    36.5025    26.2344    26.2379    1505.75    109.319    109.951         35 0.0000e+00
     205892   8578.810    148.016    149.000    18.8079    18.8117   4.851834   4.852423     1.8534     1.5241     100.24   22.27386  -95.00058    0.00031    0.00021     2.5058     2.5181    18.7813    18.7851    36.4662    36.4665    26.1985    26.1977    1503.98    109.052    109.589         34 0.0000e+00
