Gulf of Mexico/GOMECC-4/1db/urb2103_1082.cnv
* Sea-Bird SBE 9 Data File:
* FileName = C:\Users\scs.user.rb\CTD\GOMECC4\data\rb2103_1081.hex
* Software Version Seasave V 7.26.7.107
* Temperature SN = 4799
* Conductivity SN = 3860
* Number of Bytes Per Scan = 41
* Number of Voltage Words = 4
* Number of Scans Averaged by the Deck Unit = 1
* NMEA Latitude = 22 55.36 N
* NMEA Longitude = 086 22.48 W
* NMEA UTC (Time) = Oct 14 2021  21:53:13
* NMEA baud rate = 4800
# nquan = 28
# nvalues = 347                         
# units = specified
# name 0 = scan: Scan Count
# name 1 = timeS: Time, Elapsed [seconds]
# name 2 = depSM: Depth [salt water, m]
# name 3 = prDM: Pressure, Digiquartz [db]
# name 4 = t090C: Temperature [ITS-90, deg C]
# name 5 = t190C: Temperature, 2 [ITS-90, deg C]
# name 6 = c0S/m: Conductivity [S/m]
# name 7 = c1S/m: Conductivity, 2 [S/m]
# name 8 = sbeox0V: Oxygen raw, SBE 43 [V]
# name 9 = sbeox1V: Oxygen raw, SBE 43, 2 [V]
# name 10 = altM: Altimeter [m]
# name 11 = latitude: Latitude [deg]
# name 12 = longitude: Longitude [deg]
# name 13 = sbox0dV/dT: Oxygen, SBE 43 [dov/dt]
# name 14 = sbox1dV/dT: Oxygen, SBE 43, 2 [dov/dt]
# name 15 = sbeox0ML/L: Oxygen, SBE 43 [ml/l], WS = 5
# name 16 = sbeox1ML/L: Oxygen, SBE 43, 2 [ml/l], WS = 5
# name 17 = potemp090C: Potential Temperature [ITS-90, deg C]
# name 18 = potemp190C: Potential Temperature, 2 [ITS-90, deg C]
# name 19 = sal00: Salinity, Practical [PSU]
# name 20 = sal11: Salinity, Practical, 2 [PSU]
# name 21 = sigma-é00: Density [sigma-theta, kg/m^3]
# name 22 = sigma-é11: Density, 2 [sigma-theta, kg/m^3]
# name 23 = avgsvCM: Average Sound Velocity [Chen-Millero, m/s], minP = 20, minS = 20
# name 24 = sbox0Mm/Kg: Oxygen, SBE 43 [umol/kg], WS = 5
# name 25 = sbox1Mm/Kg: Oxygen, SBE 43, 2 [umol/kg], WS = 5
# name 26 = nbin: number of scans per bin
# name 27 = flag: flag
# span 0 =      78251,     156988       
# span 1 =   3260.416,   6541.116       
# span 2 =      0.994,    998.244       
# span 3 =      1.000,   1007.000       
# span 4 =     5.1538,    31.5041       
# span 5 =     5.1539,    31.3718       
# span 6 =   3.397784,   6.300135       
# span 7 =   3.397760,   6.300964       
# span 8 =     1.6186,     3.3133       
# span 9 =     1.3174,     2.8012       
# span 10 =      10.46,     101.96      
# span 11 =   22.69897,   23.93018      
# span 12 =  -90.11651,  -85.48441      
# span 13 =   -0.00251,    0.01750      
# span 14 =   -0.00270,    0.01455      
# span 15 =     2.6663,     4.5121      
# span 16 =     2.6808,     4.4898      
# span 17 =     5.0683,    31.5036      
# span 18 =     5.0682,    31.3713      
# span 19 =    34.8811,    37.7959      
# span 20 =    34.8805,    37.6289      
# span 21 =    22.4307,    27.6148      
# span 22 =    22.4730,    27.6145      
# span 23 =    1494.60,    1575.58      
# span 24 =    115.931,    197.060      
# span 25 =    116.563,    196.089      
# span 26 =         30,         73      
# span 27 = 0.0000e+00, 0.0000e+00      
# interval = decibars: 1                
# start_time = Oct 14 2021 21:53:13 [NMEA time, header]
# bad_flag = -9.990e-29
*END*
[from data line 208]
     113735   4738.921    278.050    280.000    18.0180    18.0263   4.774686   4.775740     2.2202     1.8606      99.69   22.93237  -86.37836    0.00037    0.00059     3.4259     3.4404    17.9694    17.9776    36.4608    36.4625    26.3991    26.3983    1510.28    149.064    149.694         41 0.0000e+00
     113769   4740.349    277.058    279.000    18.0318    18.0366   4.776337   4.777060     2.2218     1.8613     100.00   22.93238  -86.37836    0.00061    0.00047     3.4281     3.4411    17.9832    17.9881    36.4631    36.4650    26.3974    26.3976    1510.28    149.161    149.726         30 0.0000e+00
     113800   4741.631    276.065    278.000    18.0520    18.0572   4.778703   4.779274     2.2223     1.8625     100.00   22.93238  -86.37836    0.00080    0.00064     3.4274     3.4422    18.0036    18.0088    36.4658    36.4677    26.3944    26.3946    1510.28    149.134    149.777         32 0.0000e+00
     113834   4743.027    275.073    277.000    18.0616    18.0669   4.779833   4.780619     2.2230     1.8642     100.00   22.93238  -86.37836    0.00071    0.00086     3.4278     3.4451    18.0133    18.0186    36.4673    36.4693    26.3931    26.3933    1510.28    149.148    149.903         33 0.0000e+00
     114006   4750.199    269.119    271.000    18.1101    18.1108   4.785631   4.785780     2.2281     1.8674      96.94   22.93307  -86.38086    0.00079    0.00037     3.4333     3.4477    18.0629    18.0636    36.4764    36.4770    26.3878    26.3881    1510.32    149.388    150.014         30 0.0000e+00
     114140   4755.779    264.157    266.000    18.1596    18.1649   4.791447   4.792025     2.2320     1.8711      92.15   22.93258  -86.37892    0.00063    0.00093     3.4364     3.4509    18.1131    18.1184    36.4837    36.4840    26.3808    26.3797    1510.29    149.527    150.157         31 0.0000e+00
     114250   4760.387    260.187    262.000    18.2507    18.2511   4.802353   4.802306     2.2377     1.8752     100.00   22.93191  -86.37636    0.00128    0.00049     3.4409     3.4534    18.2047    18.2052    36.4971    36.4962    26.3680    26.3673    1510.24    149.724    150.266         31 0.0000e+00
     114365   4765.154    256.217    258.000    18.3980    18.4098   4.820299   4.821708     2.2442     1.8817     100.01   22.93370  -86.38311    0.00166    0.00147     3.4430     3.4568    18.3525    18.3643    36.5216    36.5231    26.3499    26.3480    1510.36    149.818    150.418         32 0.0000e+00
     114392   4766.312    255.224    257.000    18.4067    18.4162   4.821128   4.822380     2.2458     1.8828      69.94   22.93248  -86.37842    0.00184    0.00134     3.4451     3.4586    18.3613    18.3708    36.5206    36.5228    26.3468    26.3461    1510.28    149.909    150.494         35 0.0000e+00
     114502   4770.864    251.255    253.000    18.5081    18.5113   4.833520   4.833903     2.2537     1.8878     100.00   22.93335  -86.38164    0.00199    0.00137     3.4543     3.4627    18.4633    18.4665    36.5380    36.5383    26.3344    26.3339    1510.34    150.313    150.677         30 0.0000e+00
     114529   4772.011    250.262    252.000    18.5097    18.5095   4.833603   4.833590     2.2539     1.8876      66.74   22.93250  -86.37844    0.00116    0.00080     3.4543     3.4617    18.4651    18.4649    36.5372    36.5373    26.3332    26.3334    1510.28    150.310    150.633         33 0.0000e+00
     114665   4777.648    245.299    247.000    18.5424    18.5464   4.837179   4.837776     2.2580     1.8938      68.79   22.93233  -86.37774    0.00035    0.00077     3.4589     3.4723    18.4986    18.5026    36.5404    36.5419    26.3272    26.3273    1510.27    150.514    151.096         32 0.0000e+00
     114841   4785.003    239.344    241.000    18.6703    18.6732   4.852636   4.853252     2.2649     1.9016     100.00   22.93425  -86.38493    0.00108    0.00131     3.4626     3.4802    18.6274    18.6303    36.5613    36.5638    26.3108    26.3119    1510.39    150.676    151.439         34 0.0000e+00
     114866   4786.051    238.352    240.000    18.6688    18.6810   4.852226   4.853704     2.2651     1.9019     100.00   22.93255  -86.37848    0.00036    0.00114     3.4627     3.4800    18.6261    18.6382    36.5586    36.5604    26.3088    26.3071    1510.28    150.681    151.435         31 0.0000e+00
     114972   4790.474    234.382    236.000    18.7566    18.7623   4.862863   4.863551     2.2690     1.9035      99.30   22.93345  -86.38177    0.00101    0.00045     3.4631     3.4766    18.7144    18.7201    36.5729    36.5736    26.2973    26.2964    1510.34    150.701    151.287         31 0.0000e+00
     115000   4791.630    233.389    235.000    18.7653    18.7777   4.863872   4.865375     2.2680     1.9033     100.00   22.93258  -86.37849    0.00026    0.00019     3.4598     3.4744    18.7233    18.7357    36.5736    36.5753    26.2955    26.2936    1510.28    150.557    151.192         33 0.0000e+00
     115140   4797.458    228.426    230.000    18.9518    18.9664   4.886377   4.888201     2.2696     1.9023     100.00   22.93339  -86.38149    0.00037   -0.00010     3.4478     3.4570    18.9104    18.9250    36.6009    36.6034    26.2685    26.2667    1510.33    150.038    150.438         33 0.0000e+00
     115169   4798.657    227.433    229.000    18.9515    18.9750   4.886226   4.889072     2.2695     1.9029     100.00   22.93260  -86.37852   -0.00020    0.00006     3.4472     3.4574    18.9103    18.9337    36.5998    36.6031    26.2676    26.2641    1510.28    150.010    150.458         31 0.0000e+00
     115311   4804.563    222.470    224.000    19.1628    19.1681   4.911738   4.912436     2.2781     1.9122     100.01   22.93392  -86.38341    0.00208    0.00162     3.4489     3.4646    19.1222    19.1275    36.6304    36.6316    26.2366    26.2361    1510.37    150.092    150.771         33 0.0000e+00
     115336   4805.608    221.478    223.000    19.1833    19.1883   4.914111   4.914696     2.2812     1.9124     100.00   22.93262  -86.37853    0.00277    0.00138     3.4537     3.4633    19.1428    19.1478    36.6319    36.6324    26.2322    26.2313    1510.28    150.301    150.717         30 0.0000e+00
     115365   4806.841    220.485    222.000    19.2178    19.2183   4.918354   4.918522     2.2831     1.9144     100.00   22.93262  -86.37854    0.00246    0.00104     3.4551     3.4656    19.1774    19.1780    36.6374    36.6384    26.2275    26.2281    1510.28    150.361    150.820         36 0.0000e+00
     115555   4814.751    218.500    220.000    19.1993    19.2300   4.916071   4.920152     2.2845     1.9168     100.01   22.93573  -86.39015    0.00091    0.00025     3.4586     3.4700    19.1594    19.1900    36.6370    36.6442    26.2323    26.2298    1510.48    150.515    151.008         48 0.0000e+00
     115759   4823.249    216.514    218.000    19.2987    19.3199   4.927017   4.929572     2.2820     1.9142      99.97   22.92551  -86.35151   -0.00036    0.00019     3.4452     3.4565    19.2590    19.2801    36.6362    36.6390    26.2044    26.2010    1509.81    149.933    150.424         40 0.0000e+00
     115963   4831.750    215.522    217.000    19.3444    19.3887   4.933252   4.938468     2.2821     1.9144     100.00   22.93272  -86.37860   -0.00015    0.00042     3.4417     3.4524    19.3049    19.3491    36.6524    36.6579    26.2058    26.1985    1510.28    149.781    150.246         37 0.0000e+00
     116124   4838.476    214.529    216.000    19.3900    19.3988   4.938271   4.939847     2.2828     1.9146     100.00   22.93275  -86.37862    0.00032   -0.00015     3.4396     3.4513    19.3505    19.3593    36.6555    36.6602    26.1963    26.1976    1510.28    149.691    150.200         43 0.0000e+00
     117360   4889.974    213.536    215.000    19.4437    19.4458   4.945300   4.945571     2.2828     1.9140      78.09   22.93298  -86.37877    0.00022   -0.00020     3.4353     3.4464    19.4043    19.4065    36.6663    36.6668    26.1905    26.1903    1510.28    149.505    149.987         42 0.0000e+00
     117533   4897.187    212.544    214.000    19.4480    19.4517   4.945719   4.946137     2.2826     1.9146      98.66   22.93301  -86.37879    0.00004    0.00001     3.4341     3.4469    19.4088    19.4125    36.6666    36.6668    26.1896    26.1888    1510.28    149.453    150.009         38 0.0000e+00
     117600   4899.956    211.551    213.000    19.4634    19.4668   4.947491   4.948018     2.2832     1.9145     100.00   22.93302  -86.37880   -0.00000    0.00047     3.4340     3.4449    19.4244    19.4278    36.6685    36.6697    26.1869    26.1870    1510.28    149.448    149.922         31 0.0000e+00
     117653   4902.183    210.558    212.000    19.4774    19.4779   4.949163   4.949379     2.2837     1.9145     100.00   22.93303  -86.37880    0.00022   -0.00008     3.4336     3.4439    19.4385    19.4391    36.6702    36.6715    26.1845    26.1854    1510.28    149.431    149.882         59 0.0000e+00
     117703   4904.267    209.566    211.000    19.4809    19.4819   4.949714   4.949870     2.2849     1.9145     100.00   22.93304  -86.37880    0.00047   -0.00003     3.4353     3.4433    19.4422    19.4432    36.6713    36.6725    26.1845    26.1851    1510.28    149.508    149.853         38 0.0000e+00
     117736   4905.637    208.573    210.000    19.4958    19.5031   4.951472   4.952412     2.2847     1.9149     100.00   22.93304  -86.37880    0.00039   -0.00009     3.4335     3.4426    19.4573    19.4645    36.6740    36.6754    26.1825    26.1818    1510.28    149.428    149.823         30 0.0000e+00
     117769   4907.013    207.580    209.000    19.5296    19.5387   4.955488   4.956574     2.2856     1.9169     100.00   22.93305  -86.37880    0.00021    0.00074     3.4329     3.4444    19.4912    19.5003    36.6782    36.6792    26.1768    26.1752    1510.28    149.401    149.904         34 0.0000e+00
     117801   4908.347    206.587    208.000    19.5486    19.5500   4.957685   4.958218     2.2870     1.9176     100.00   22.93306  -86.37880    0.00057    0.00083     3.4339     3.4443    19.5103    19.5117    36.6805    36.6810    26.1736    26.1737    1510.28    149.445    149.901         30 0.0000e+00
     117867   4911.063    204.602    206.000    19.5807    19.5851   4.961818   4.962489     2.2878     1.9199     100.01   22.93481  -86.38543    0.00045    0.00086     3.4327     3.4474    19.5428    19.5472    36.6881    36.6898    26.1711    26.1713    1510.40    149.397    150.033         30 0.0000e+00
     117889   4912.013    203.609    205.000    19.5866    19.5867   4.962251   4.962379     2.2896     1.9195      99.86   22.93307  -86.37882    0.00061    0.00075     3.4357     3.4457    19.5488    19.5490    36.6859    36.6868    26.1676    26.1683    1510.28    149.527    149.961         32 0.0000e+00
     118023   4917.583    199.638    201.000    19.6306    19.6350   4.968215   4.968828     2.2927     1.9251      98.89   22.94027  -86.40592    0.00055    0.00169     3.4377     3.4544    19.5935    19.5979    36.7023    36.7036    26.1695    26.1692    1510.75    149.615    150.341         33 0.0000e+00
     118026   4917.713    198.646    200.000    19.6166    19.6310   4.965768   4.967530     2.2941     1.9264      69.95   22.93309  -86.37884    0.00098    0.00168     3.4414     3.4572    19.5798    19.5941    36.6906    36.6927    26.1631    26.1609    1510.28    149.774    150.461         43 0.0000e+00
     118166   4923.547    193.682    195.000    19.8309    19.8239   4.992046   4.991217     2.3049     1.9343      57.91   22.93586  -86.38917    0.00227    0.00193     3.4475     3.4610    19.7947    19.7877    36.7241    36.7229    26.1325    26.1333    1510.46    150.045    150.634         39 0.0000e+00
     118189   4924.506    192.689    194.000    19.8293    19.8368   4.991427   4.992606     2.3060     1.9353     101.96   22.93312  -86.37886    0.00184    0.00144     3.4492     3.4615    19.7933    19.8013    36.7184    36.7230    26.1281    26.1298    1510.28    150.121    150.655         32 0.0000e+00
     118307   4929.407    187.725    189.000    20.1306    20.1899   5.027528   5.034538     2.3109     1.9372      99.99   22.93077  -86.36993    0.00096    0.00018     3.4367     3.4410    20.0952    20.1544    36.7543    36.7603    26.0749    26.0636    1510.12    149.584    149.770         37 0.0000e+00
     118528   4938.613    179.783    181.000    20.7609    20.7891   5.103216   5.106354     2.3318     1.9559      99.99   22.93129  -86.37175    0.00316    0.00241     3.4343     3.4423    20.7263    20.7544    36.8283    36.8308    25.9611    25.9555    1510.16    149.496    149.844         34 0.0000e+00
     118665   4944.323    174.819    176.000    20.9589    20.9777   5.126428   5.128673     2.3431     1.9672      99.99   22.93190  -86.37399    0.00248    0.00247     3.4425     3.4541    20.9249    20.9437    36.8474    36.8493    25.9215    25.9178    1510.19    149.858    150.364         34 0.0000e+00
     118906   4954.385    168.861    170.000    21.3430    21.3657   5.172976   5.175243     2.3566     1.9766      68.93   22.94316  -86.41635    0.00099    0.00093     3.4423     3.4488    21.3097    21.3328    36.9003    36.9019    25.8575    25.8533    1510.93    149.859    150.142         47 0.0000e+00
     118912   4954.639    167.868    169.000    21.2763    21.2904   5.163891   5.165455     2.3545     1.9718     100.21   22.93324  -86.37890   -0.00083   -0.00083     3.4419     3.4418    21.2434    21.2574    36.8791    36.8795    25.8581    25.8546    1510.28    149.840    149.838         56 0.0000e+00
     119027   4959.414    166.875    168.000    21.3223    21.3449   5.168859   5.171987     2.3569     1.9758     100.00   22.93325  -86.37891    0.00042    0.00016     3.4436     3.4471    21.2895    21.3121    36.8798    36.8854    25.8459    25.8439    1510.28    149.915    150.069         40 0.0000e+00
     120798   5033.225    163.897    165.000    22.2224    22.2407   5.275328   5.278888     2.3947     2.0082     100.06   22.94914  -86.43802    0.00051   -0.00072     3.4592     3.4635    22.1871    22.2075    36.9643    36.9805    25.6593    25.6673    1511.31    150.625    150.812         42 0.0000e+00
     120820   5034.135    162.904    164.000    22.2124    22.2203   5.273636   5.274843     2.3944     2.0080     100.00   22.93349  -86.37904    0.00042    0.00021     3.4596     3.4633    22.1794    22.1874    36.9538    36.9566    25.6523    25.6522    1510.28    150.639    150.804         44 0.0000e+00
     120878   5036.530    161.911    163.000    22.2414    22.2490   5.277056   5.277578     2.3957     2.0112     100.00   22.93350  -86.37904    0.00035    0.00083     3.4593     3.4679    22.2086    22.2169    36.9564    36.9579    25.6460    25.6463    1510.28    150.628    151.004         53 0.0000e+00
     120935   5038.907    160.918    162.000    22.3763    22.3596   5.292128   5.290062     2.3994     2.0132      94.89   22.93350  -86.37904    0.00136    0.00113     3.4582     3.4657    22.3436    22.3269    36.9608    36.9588    25.6109    25.6141    1510.28    150.588    150.915         58 0.0000e+00
     120990   5041.196    159.925    161.000    22.4813    22.5881   5.304081   5.315507     2.4051     2.0211      92.35   22.93350  -86.37904    0.00189    0.00209     3.4608     3.4695    22.4448    22.5553    36.9677    36.9651    25.5872    25.5535    1510.28    150.703    151.089         49 0.0000e+00
