Gulf of Mexico/GOMECC-4/1db/urb2103_0101.cnv
* Sea-Bird SBE 9 Data File:
* FileName = C:\Users\scs.user.rb\CTD\GOMECC4\data\rb2103_0101.hex
* Software Version Seasave V 7.26.7.107
* Temperature SN = 4799
* Conductivity SN = 3860
* Number of Bytes Per Scan = 41
* Number of Voltage Words = 4
* Number of Scans Averaged by the Deck Unit = 1
* NMEA Latitude = 26 13.28 N
* NMEA Longitude = 085 39.93 W
* NMEA UTC (Time) = Sep 17 2021  22:10:49
* NMEA baud rate = 4800
# nquan = 28
# nvalues = 909                         
# units = specified
# name 0 = scan: Scan Count
# name 1 = timeS: Time, Elapsed [seconds]
# name 2 = depSM: Depth [salt water, m]
# name 3 = prDM: Pressure, Digiquartz [db]
# name 4 = t090C: Temperature [ITS-90, deg C]
# name 5 = t190C: Temperature, 2 [ITS-90, deg C]
# name 6 = c0S/m: Conductivity [S/m]
# name 7 = c1S/m: Conductivity, 2 [S/m]
# name 8 = sbeox0V: Oxygen raw, SBE 43 [V]
# name 9 = sbeox1V: Oxygen raw, SBE 43, 2 [V]
# name 10 = altM: Altimeter [m]
# name 11 = latitude: Latitude [deg]
# name 12 = longitude: Longitude [deg]
# name 13 = sbox0dV/dT: Oxygen, SBE 43 [dov/dt]
# name 14 = sbox1dV/dT: Oxygen, SBE 43, 2 [dov/dt]
# name 15 = sbeox0ML/L: Oxygen, SBE 43 [ml/l], WS = 5
# name 16 = sbeox1ML/L: Oxygen, SBE 43, 2 [ml/l], WS = 5
# name 17 = potemp090C: Potential Temperature [ITS-90, deg C]
# name 18 = potemp190C: Potential Temperature, 2 [ITS-90, deg C]
# name 19 = sal00: Salinity, Practical [PSU]
# name 20 = sal11: Salinity, Practical, 2 [PSU]
# name 21 = sigma-é00: Density [sigma-theta, kg/m^3]
# name 22 = sigma-é11: Density, 2 [sigma-theta, kg/m^3]
# name 23 = avgsvCM: Average Sound Velocity [Chen-Millero, m/s], minP = 20, minS = 20
# name 24 = sbox0Mm/Kg: Oxygen, SBE 43 [umol/kg], WS = 5
# name 25 = sbox1Mm/Kg: Oxygen, SBE 43, 2 [umol/kg], WS = 5
# name 26 = nbin: number of scans per bin
# name 27 = flag: flag
# span 0 =     103324,     242700       
# span 1 =   4305.116,  10112.474       
# span 2 =      1.987,   3241.326       
# span 3 =      2.000,   3288.000       
# span 4 =     4.2848,    30.4602       
# span 5 =     4.2857,    30.4777       
# span 6 =   3.344966,   6.038300       
# span 7 =   3.344879,   6.043242       
# span 8 =     1.6181,     3.2118       
# span 9 =     1.3226,     2.7286       
# span 10 =      10.04,     107.37      
# span 11 =   25.97034,   26.58528      
# span 12 =  -86.85843,  -84.84919      
# span 13 =   -0.03567,    0.04930      
# span 14 =   -0.02976,    0.04320      
# span 15 =     2.5869,     4.6718      
# span 16 =     2.6212,     4.7092      
# span 17 =     4.0800,    30.4585      
# span 18 =     4.0813,    30.4760      
# span 19 =    34.9006,    36.8108      
# span 20 =    34.8985,    36.8120      
# span 21 =    22.2233,    27.7597      
# span 22 =    22.2240,    27.7579      
# span 23 =    1488.25,    1523.50      
# span 24 =    112.484,    203.493      
# span 25 =    113.969,    204.632      
# span 26 =         30,         73      
# span 27 = 0.0000e+00, 0.0000e+00      
# interval = decibars: 1                
# start_time = Sep 17 2021 22:10:49 [NMEA time, header]
# bad_flag = -9.990e-29
*END*
[from data line 777]
     215532   8980.472    225.396    227.000    14.7760    14.7513   4.382244   4.378965     1.8978     1.5675     100.00   26.21894  -85.66054    0.00498   -0.00032     2.8715     2.8820    14.7417    14.7170    35.9395    35.9321    26.7535    26.7532    1502.46    124.899    125.357         43 0.0000e+00
     216289   9012.009    223.412    225.000    14.8786    14.9013   4.394145   4.396383     1.9183     1.5980      99.99   26.21755  -85.65601    0.00112    0.00191     2.9138     2.9531    14.8444    14.8671    35.9522    35.9543    26.7407    26.7373    1502.38    126.739    128.453         71 0.0000e+00
     217039   9043.257    222.419    224.000    14.9504    14.9601   4.402495   4.403485     1.9259     1.6037      71.51   26.21890  -85.66042    0.00017   -0.00001     2.9273     2.9638    14.9163    14.9260    35.9655    35.9657    26.7352    26.7333    1502.46    127.327    128.917         55 0.0000e+00
     217148   9047.775    221.427    223.000    14.9734    14.9653   4.405037   4.404054     1.9279     1.6056     100.26   26.21890  -85.66042    0.00039    0.00072     2.9302     2.9682    14.9394    14.9313    35.9681    35.9666    26.7321    26.7328    1502.46    127.454    129.106         53 0.0000e+00
     217301   9054.156    216.465    218.000    15.1328    15.1434   4.423688   4.424871     1.9411     1.6186     100.00   26.21947  -85.66229    0.00290    0.00338     2.9497     2.9897    15.0993    15.1099    35.9941    35.9951    26.7168    26.7152    1502.49    128.304    130.045         31 0.0000e+00
     217454   9060.552    210.510    212.000    15.3813    15.3764   4.453201   4.452637     1.9517     1.6248     100.00   26.21959  -85.66267    0.00073   -0.00059     2.9563     2.9879    15.3483    15.3434    36.0368    36.0362    26.6940    26.6946    1502.50    128.598    129.971         30 0.0000e+00
     217576   9065.629    205.548    207.000    15.6458    15.6542   4.484458   4.485481     1.9513     1.6248     100.00   26.21933  -85.66181    0.00022   -0.00004     2.9358     2.9682    15.6133    15.6216    36.0792    36.0808    26.6668    26.6661    1502.48    127.708    129.117         30 0.0000e+00
     217715   9071.434    199.593    201.000    15.8704    15.8870   4.511122   4.512384     1.9675     1.6438     100.00   26.21797  -85.65740    0.00261    0.00297     2.9572     3.0006    15.8385    15.8550    36.1160    36.1134    26.6435    26.6378    1502.41    128.642    130.529         33 0.0000e+00
     218467   9102.739    168.822    170.000    16.9773    16.9464   4.641816   4.638404     2.0438     1.7091      99.99   26.21605  -85.65120    0.00325    0.00242     3.0504     3.0865    16.9491    16.9181    36.2830    36.2809    26.5114    26.5172    1502.30    132.714    134.280         33 0.0000e+00
     218552   9106.299    165.845    167.000    17.0791    17.0696   4.653836   4.652612     2.0487     1.7141      99.99   26.21580  -85.65039    0.00151    0.00144     3.0539     3.0915    17.0512    17.0417    36.2977    36.2956    26.4982    26.4988    1502.29    132.868    134.503         44 0.0000e+00
     218643   9110.072    164.852    166.000    17.0556    17.0419   4.651235   4.649610     2.0502     1.7147     100.00   26.21884  -85.66032    0.00100    0.00066     3.0583     3.0944    17.0279    17.0142    36.2978    36.2959    26.5041    26.5060    1502.46    133.057    134.628         38 0.0000e+00
     218689   9112.008    162.866    164.000    17.1378    17.1362   4.659634   4.659713     2.0523     1.7174      97.14   26.21187  -85.63754    0.00032    0.00022     3.0573     3.0946    17.1104    17.1088    36.2952    36.2972    26.4816    26.4835    1502.06    133.016    134.637         36 0.0000e+00
     218858   9119.029    161.874    163.000    17.1829    17.1428   4.666532   4.661525     2.0651     1.7279      93.50   26.21882  -85.66030    0.00258    0.00200     3.0829     3.1198    17.1556    17.1155    36.3182    36.3105    26.4890    26.4929    1502.46    134.130    135.736         48 0.0000e+00
     218902   9120.884    160.881    162.000    17.1742    17.1973   4.665087   4.667740     2.0650     1.7285      78.06   26.21882  -85.66030    0.00094    0.00083     3.0829     3.1180    17.1470    17.1702    36.3137    36.3167    26.4877    26.4844    1502.46    134.129    135.658         33 0.0000e+00
     219005   9125.172    159.888    161.000    17.2350    17.2069   4.672776   4.669190     2.0679     1.7300      75.58   26.21882  -85.66029    0.00079    0.00001     3.0852     3.1204    17.2080    17.1799    36.3265    36.3205    26.4828    26.4850    1502.46    134.229    135.760         53 0.0000e+00
     219125   9130.183    158.896    160.000    17.2690    17.2750   4.676751   4.677295     2.0702     1.7310     100.00   26.21882  -85.66028    0.00048   -0.00003     3.0877     3.1182    17.2422    17.2481    36.3309    36.3296    26.4779    26.4755    1502.46    134.341    135.666         56 0.0000e+00
     220367   9181.909    156.910    158.000    17.3308    17.3323   4.682292   4.682409     2.0486     1.7147      99.95   26.20646  -85.61993   -0.00043   -0.00016     3.0339     3.0731    17.3041    17.3056    36.3193    36.3190    26.4527    26.4521    1501.75    132.001    133.707         50 0.0000e+00
     220520   9188.288    155.917    157.000    17.3387    17.3392   4.684272   4.684249     2.0494     1.7134     100.00   26.21878  -85.66018   -0.00038   -0.00045     3.0346     3.0690    17.3122    17.3127    36.3351    36.3345    26.4641    26.4635    1502.46    132.031    133.526         39 0.0000e+00
     220558   9189.887    154.924    156.000    17.3344    17.3350   4.683259   4.683307     2.0449     1.7054     100.00   26.21878  -85.66018   -0.00075   -0.00213     3.0241     3.0488    17.3081    17.3087    36.3305    36.3304    26.4616    26.4614    1502.46    131.576    132.649         39 0.0000e+00
     220598   9191.541    153.932    155.000    17.3368    17.3376   4.682930   4.682982     2.0248     1.6836     100.00   26.21878  -85.66018   -0.00476   -0.00690     2.9777     2.9938    17.3106    17.3115    36.3259    36.3256    26.4575    26.4570    1502.46    129.558    130.259         37 0.0000e+00
     220631   9192.933    152.939    154.000    17.3598    17.3601   4.685263   4.685274     1.9998     1.6531     100.00   26.21878  -85.66018   -0.01224   -0.01456     2.9190     2.9160    17.3338    17.3341    36.3260    36.3257    26.4519    26.4516    1502.46    127.003    126.872         30 0.0000e+00
     221053   9210.499    137.055    138.000    18.1448    18.2305   4.780785   4.791604     2.1130     1.8000      91.45   26.21817  -85.65822    0.00740    0.01294     3.1176     3.2185    18.1207    18.2064    36.4545    36.4707    26.3564    26.3474    1502.43    135.656    140.049         34 0.0000e+00
     221099   9212.426    136.062    137.000    18.2293    18.1151   4.792000   4.777338     2.1271     1.8026      79.11   26.21876  -85.66014    0.00711    0.01032     3.1431     3.2286    18.2054    18.0917    36.4758    36.4540    26.3516    26.3634    1502.46    136.765    140.485         30 0.0000e+00
     221196   9216.452    135.069    136.000    18.1973    18.1406   4.787254   4.780383     2.1463     1.7905      98.11   26.21874  -85.66014    0.00286   -0.00086     3.1878     3.2003    18.1735    18.1169    36.4641    36.4558    26.3507    26.3585    1502.46    138.712    139.253         34 0.0000e+00
     221249   9218.656    134.076    135.000    18.3021    18.2917   4.800944   4.798893     2.1536     1.7947     100.10   26.21874  -85.66012    0.00048    0.00099     3.1965     3.2005    18.2785    18.2681    36.4882    36.4799    26.3428    26.3390    1502.46    139.090    139.266         40 0.0000e+00
     221354   9223.049    133.083    134.000    18.3352    18.3416   4.805066   4.805783     2.1867     1.8183     100.00   26.21874  -85.66012    0.00630   -0.00018     3.2676     3.2544    18.3117    18.3180    36.4943    36.4947    26.3391    26.3378    1502.46    142.187    141.611         48 0.0000e+00
     221424   9225.950    132.091    133.000    18.4760    18.4220   4.822320   4.816126     2.2050     1.8527     100.00   26.21874  -85.66012    0.00382    0.00799     3.3015     3.3322    18.4553    18.3986    36.5141    36.5126    26.3181    26.3312    1502.46    143.662    144.996         53 0.0000e+00
     221526   9230.205    131.098    132.000    18.4616    18.4824   4.820527   4.823012     2.2256     1.8736      94.25   26.21874  -85.66012    0.00324    0.00456     3.3450     3.3789    18.4388    18.4591    36.5141    36.5173    26.3222    26.3195    1502.46    145.558    147.034         31 0.0000e+00
     221584   9232.643    130.105    131.000    18.5976    18.6026   4.837281   4.838033     2.2313     1.8824     100.58   26.21874  -85.66010   -0.00091    0.00274     3.3476     3.3931    18.5744    18.5795    36.5365    36.5384    26.3050    26.3052    1502.46    145.672    147.653         39 0.0000e+00
     222483   9270.073    129.112    130.000    18.6933    18.7150   4.849596   4.853324     2.2734     1.9186      91.03   26.21870  -85.66005    0.00135    0.00029     3.4332     3.4721    18.6701    18.6924    36.5526    36.5580    26.2929    26.2884    1502.46    149.400    151.092         42 0.0000e+00
     223022   9292.531    128.119    129.000    18.7613    18.7609   4.857145   4.857038     2.2733     1.9181      99.95   26.21868  -85.66000    0.00015    0.00050     3.4273     3.4666    18.7383    18.7379    36.5605    36.5602    26.2816    26.2814    1502.46    149.144    150.852         47 0.0000e+00
     223072   9294.606    127.126    128.000    18.7696    18.7686   4.858020   4.857920     2.2733     1.9162     100.00   26.21866  -85.65998    0.00014    0.00022     3.4263     3.4610    18.7467    18.7457    36.5610    36.5604    26.2798    26.2796    1502.46    149.099    150.610         43 0.0000e+00
     223119   9296.598    126.133    127.000    18.7814    18.7818   4.858382   4.858063     2.2629     1.9036     100.00   26.21866  -85.65998   -0.00210   -0.00284     3.4022     3.4294    18.7587    18.7591    36.5539    36.5508    26.2714    26.2689    1502.46    148.054    149.239         53 0.0000e+00
     223171   9298.765    125.140    126.000    18.7629    18.7595   4.853656   4.852916     2.2377     1.8601     100.00   26.21866  -85.65998   -0.00903   -0.01327     3.3470     3.3250    18.7405    18.7370    36.5355    36.5296    26.2619    26.2583    1502.46    145.652    144.695         39 0.0000e+00
     223301   9304.171    121.169    122.000    18.7943    18.7959   4.852683   4.852959     2.0796     1.7200     100.01   26.22026  -85.66520   -0.03567   -0.02976     2.9964     2.9856    18.7725    18.7742    36.4966    36.4961    26.2242    26.2233    1502.55    130.402    129.928         34 0.0000e+00
     223320   9304.979    120.176    121.000    18.8277    18.8305   4.855143   4.855628     2.0455     1.6922     100.00   26.21866  -85.65998   -0.03242   -0.02707     2.9190     2.9142    18.8061    18.8089    36.4879    36.4895    26.2087    26.2092    1502.46    127.035    126.825         32 0.0000e+00
     223524   9313.468    117.198    118.000    18.9163    18.9030   4.863834   4.862205     1.9616     1.6140     100.05   26.23233  -85.70465   -0.02329   -0.02161     2.7185     2.7117    18.8968    18.8819    36.4891    36.4886    26.1880    26.1914    1503.24    118.313    118.017         31 0.0000e+00
     223501   9312.490    116.205    117.000    18.9932    18.9646   4.870790   4.867779     1.9157     1.5821      88.86   26.21866  -85.65996   -0.00926   -0.00720     2.6231     2.6400    18.9686    18.9437    36.4785    36.4752    26.1598    26.1637    1502.46    114.160    114.895         42 0.0000e+00
     223559   9314.902    115.212    116.000    19.0474    18.9715   4.877958   4.868715     1.9102     1.5793      99.76   26.21864  -85.65996   -0.00252   -0.00209     2.6077     2.6329    19.0256    18.9506    36.4891    36.4774    26.1533    26.1636    1502.46    113.493    114.587         60 0.0000e+00
     223642   9318.365    114.219    115.000    19.0429    19.1005   4.877835   4.883422     1.9091     1.5854      93.36   26.21864  -85.65996   -0.00050    0.00168     2.6051     2.6411    19.0222    19.0798    36.4916    36.4954    26.1561    26.1441    1502.46    113.380    114.945         59 0.0000e+00
     223723   9321.764    113.226    114.000    19.0915    19.1063   4.883550   4.882389     1.9127     1.5907      99.83   26.21864  -85.65994    0.00093    0.00141     2.6111     2.6530    19.0688    19.0857    36.4992    36.4778    26.1499    26.1291    1502.46    113.639    115.465         73 0.0000e+00
     223815   9325.585    112.233    113.000    19.2145    19.1519   4.897768   4.889918     1.9207     1.5959     100.00   26.21864  -85.65994    0.00210    0.00140     2.6207     2.6626    19.1940    19.1315    36.5087    36.4979    26.1247    26.1327    1502.46    114.062    115.884         42 0.0000e+00
     224095   9337.269    110.247    111.000    19.3645    19.3609   4.913760   4.913445     1.9452     1.6112     100.05   26.23078  -85.69965    0.00338    0.00193     2.6653     2.6878    19.3443    19.3407    36.5174    36.5180    26.0938    26.0952    1503.16    116.008    116.987         38 0.0000e+00
     224083   9336.754    109.254    110.000    19.3952    19.4116   4.914654   4.915940     1.9499     1.6162      96.83   26.21862  -85.65992    0.00203   -0.00050     2.6739     2.6972    19.3752    19.3915    36.4926    36.4890    26.0653    26.0583    1502.46    116.384    117.397         45 0.0000e+00
     225383   9390.909    108.261    109.000    19.6004    19.5910   4.935056   4.934265     1.9951     1.6586      99.67   26.21858  -85.65981    0.00022   -0.00038     2.7609     2.7887    19.5804    19.5710    36.4847    36.4854    26.0056    26.0086    1502.46    120.174    121.385         44 0.0000e+00
     225598   9399.872    107.268    108.000    19.6336    19.6221   4.938538   4.937466     2.0010     1.6628     100.00   26.21858  -85.65980   -0.00000   -0.00055     2.7714     2.7966    19.6138    19.6022    36.4836    36.4849    25.9960    26.0000    1502.46    120.636    121.731         53 0.0000e+00
     225651   9402.067    106.275    107.000    19.6717    19.6748   4.942329   4.942866     2.0038     1.6675     100.00   26.21858  -85.65979    0.00077    0.00108     2.7749     2.8047    19.6520    19.6551    36.4824    36.4842    25.9850    25.9856    1502.46    120.790    122.087         61 0.0000e+00
     225705   9404.344    105.282    106.000    19.6985    19.7045   4.945515   4.945900     2.0068     1.6694     100.00   26.21856  -85.65978    0.00151    0.00168     2.7798     2.8076    19.6798    19.6852    36.4851    36.4856    25.9798    25.9793    1502.46    121.003    122.210         38 0.0000e+00
     225806   9408.547    103.296    104.000    19.8310    19.8360   4.958379   4.958854     2.0185     1.6916     100.02   26.22351  -85.67595    0.00257    0.00461     2.7970     2.8524    19.8117    19.8167    36.4801    36.4797    25.9418    25.9402    1502.74    121.755    124.169         30 0.0000e+00
     225797   9408.169    102.303    103.000    19.8502    19.8442   4.959007   4.958850     2.0377     1.7096     100.00   26.21856  -85.65978    0.00796    0.01085     2.8371     2.8944    19.8311    19.8252    36.4666    36.4705    25.9258    25.9303    1502.46    123.504    125.999         40 0.0000e+00
     225840   9409.964    101.310    102.000    19.8476    19.8511   4.958809   4.959049     2.0578     1.7214     100.00   26.21856  -85.65978    0.01272    0.01111     2.8802     2.9217    19.8287    19.8322    36.4675    36.4665    25.9271    25.9253    1502.46    125.378    127.184         42 0.0000e+00
