Gulf of Mexico/GOMECC-4/1db/urb2103_0871.cnv
* Sea-Bird SBE 9 Data File:
* FileName = C:\Users\scs.user.rb\CTD\GOMECC4\data\rb2103_0871.hex
* Software Version Seasave V 7.26.7.107
* Temperature SN = 4799
* Conductivity SN = 3860
* Number of Bytes Per Scan = 41
* Number of Voltage Words = 4
* Number of Scans Averaged by the Deck Unit = 1
* NMEA Latitude = 19 36.52 N
* NMEA Longitude = 093 30.02 W
* NMEA UTC (Time) = Oct 08 2021  13:21:27
* NMEA baud rate = 4800
# nquan = 28
# nvalues = 218                         
# units = specified
# name 0 = scan: Scan Count
# name 1 = timeS: Time, Elapsed [seconds]
# name 2 = depSM: Depth [salt water, m]
# name 3 = prDM: Pressure, Digiquartz [db]
# name 4 = t090C: Temperature [ITS-90, deg C]
# name 5 = t190C: Temperature, 2 [ITS-90, deg C]
# name 6 = c0S/m: Conductivity [S/m]
# name 7 = c1S/m: Conductivity, 2 [S/m]
# name 8 = sbeox0V: Oxygen raw, SBE 43 [V]
# name 9 = sbeox1V: Oxygen raw, SBE 43, 2 [V]
# name 10 = altM: Altimeter [m]
# name 11 = latitude: Latitude [deg]
# name 12 = longitude: Longitude [deg]
# name 13 = sbox0dV/dT: Oxygen, SBE 43 [dov/dt]
# name 14 = sbox1dV/dT: Oxygen, SBE 43, 2 [dov/dt]
# name 15 = sbeox0ML/L: Oxygen, SBE 43 [ml/l], WS = 5
# name 16 = sbeox1ML/L: Oxygen, SBE 43, 2 [ml/l], WS = 5
# name 17 = potemp090C: Potential Temperature [ITS-90, deg C]
# name 18 = potemp190C: Potential Temperature, 2 [ITS-90, deg C]
# name 19 = sal00: Salinity, Practical [PSU]
# name 20 = sal11: Salinity, Practical, 2 [PSU]
# name 21 = sigma-é00: Density [sigma-theta, kg/m^3]
# name 22 = sigma-é11: Density, 2 [sigma-theta, kg/m^3]
# name 23 = avgsvCM: Average Sound Velocity [Chen-Millero, m/s], minP = 20, minS = 20
# name 24 = sbox0Mm/Kg: Oxygen, SBE 43 [umol/kg], WS = 5
# name 25 = sbox1Mm/Kg: Oxygen, SBE 43, 2 [umol/kg], WS = 5
# name 26 = nbin: number of scans per bin
# name 27 = flag: flag
# span 0 =      45480,     105047       
# span 1 =   1894.957,   4376.925       
# span 2 =      0.994,   1069.656       
# span 3 =      1.000,   1079.000       
# span 4 =     5.7490,    29.8963       
# span 5 =     5.7495,    29.9219       
# span 6 =   3.448979,   5.882064       
# span 7 =   3.449256,   5.882221       
# span 8 =     1.5767,     3.1537       
# span 9 =     1.2795,     2.6680       
# span 10 =      10.22,     107.01      
# span 11 =   19.46423,   19.84026      
# span 12 =  -94.60421,  -92.81120      
# span 13 =   -0.00112,    0.02501      
# span 14 =   -0.00245,    0.01656      
# span 15 =     2.3797,     4.4421      
# span 16 =     2.3936,     4.4428      
# span 17 =     5.6520,    29.8933      
# span 18 =     5.6525,    29.9189      
# span 19 =    34.4748,    36.5409      
# span 20 =    34.4851,    36.5419      
# span 21 =    21.6049,    27.5348      
# span 22 =    21.6105,    27.5344      
# span 23 =    1487.73,    1516.47      
# span 24 =    103.478,    193.748      
# span 25 =    104.082,    193.772      
# span 26 =         30,         74      
# span 27 = 0.0000e+00, 0.0000e+00      
# interval = decibars: 1                
# start_time = Oct 08 2021 13:21:27 [NMEA time, header]
# bad_flag = -9.990e-29
*END*
[from data line 156]
      86640   3609.961     83.472     84.000    19.4179    19.4350   4.916349   4.918378     1.8596     1.5302      94.29   19.60878  -93.50040   -0.00010   -0.00043     2.4686     2.4828    19.4026    19.4197    36.4966    36.4986    26.0612    26.0583    1498.78    107.447    108.066         38 0.0000e+00
      86840   3618.291     82.479     83.000    19.4318    19.4399   4.917939   4.918954     1.8602     1.5300      98.85   19.60878  -93.50040    0.00010   -0.00012     2.4689     2.4817    19.4166    19.4248    36.4981    36.4992    26.0587    26.0574    1498.78    107.459    108.019         35 0.0000e+00
      87165   3631.839     80.491     81.000    19.4847    19.4867   4.926931   4.927025     1.8614     1.5305     100.12   19.63172  -93.60977   -0.00021    0.00018     2.4675     2.4799    19.4699    19.4719    36.5409    36.5419    26.0813    26.0816    1500.53    107.402    107.939         52 0.0000e+00
      87158   3631.562     79.498     80.000    19.4791    19.4843   4.922847   4.923535     1.8617     1.5305     100.00   19.60878  -93.50040    0.00076    0.00051     2.4687     2.4800    19.4644    19.4697    36.4985    36.5000    26.0465    26.0463    1498.78    107.452    107.944         44 0.0000e+00
      87257   3635.657     78.504     79.000    19.5152    19.5099   4.926150   4.926378     1.8646     1.5312     100.00   19.60878  -93.50040    0.00082    0.00011     2.4735     2.4802    19.5008    19.4955    36.4981    36.5015    26.0367    26.0407    1498.78    107.665    107.955         34 0.0000e+00
      87361   3640.016     76.517     77.000    19.5538    19.5663   4.928267   4.930001     1.8641     1.5323      92.06   19.58984  -93.41010    0.00015    0.00045     2.4699     2.4797    19.5397    19.5522    36.4675    36.4723    26.0000    26.0008    1497.33    107.507    107.936         39 0.0000e+00
      87558   3648.219     75.524     76.000    19.5901    19.6117   4.934887   4.937178     1.8664     1.5352      87.73   19.60878  -93.50040    0.00004    0.00044     2.4722     2.4841    19.5762    19.5978    36.5033    36.5050    26.0210    26.0166    1498.78    107.607    108.128         56 0.0000e+00
      87668   3652.800     74.530     75.000    19.6173    19.7168   4.937865   4.949140     1.8676     1.5379      99.42   19.60878  -93.50040    0.00013    0.00074     2.4732     2.4855    19.6012    19.7030    36.5060    36.5102    26.0164    25.9929    1498.78    107.651    108.192         37 0.0000e+00
      87787   3657.754     72.543     73.000    19.7948    19.8245   4.954836   4.957592     1.8770     1.5504      72.32   19.59353  -93.42769    0.00084    0.00213     2.4839     2.5091    19.7813    19.8110    36.4815    36.4784    25.9477    25.9375    1497.61    108.122    109.221         39 0.0000e+00
      87955   3664.760     71.550     72.000    19.8645    19.8675   4.963768   4.964599     1.8845     1.5567     107.01   19.60878  -93.50040    0.00101    0.00145     2.4963     2.5215    19.8511    19.8541    36.5050    36.5093    25.9498    25.9522    1498.78    108.666    109.763         37 0.0000e+00
      88064   3669.299     70.556     71.000    19.9150    19.9479   4.969741   4.973149     1.9025     1.5701     100.00   19.60878  -93.50040    0.00493    0.00348     2.5320     2.5489    19.9019    19.9347    36.5108    36.5104    25.9407    25.9317    1498.78    110.222    110.956         30 0.0000e+00
      88208   3675.280     69.562     70.000    20.0119    20.0755   4.978632   4.985249     1.9092     1.5816     100.00   19.60878  -93.50040    0.00252    0.00381     2.5418     2.5701    19.9989    20.0627    36.4983    36.5025    25.9055    25.8926    1498.78    110.650    111.882         47 0.0000e+00
      89649   3735.316     67.575     68.000    20.2217    20.2418   5.001934   5.004080     1.9686     1.6318      97.87   19.62683  -93.58647   -0.00076    0.00094     2.6564     2.6784    20.2090    20.2291    36.5227    36.5227    25.8711    25.8658    1500.16    115.648    116.605         58 0.0000e+00
      89652   3735.475     66.582     67.000    20.2171    20.2396   4.998260   5.001176     1.9709     1.6345      99.79   19.60878  -93.50040    0.00085    0.00145     2.6629     2.6847    20.2046    20.2271    36.4878    36.4887    25.8426    25.8372    1498.78    115.932    116.881         33 0.0000e+00
      89732   3738.811     65.588     66.000    20.2506    20.2897   5.001572   5.006017     1.9754     1.6428     100.00   19.60878  -93.50040    0.00136    0.00287     2.6692     2.7020    20.2382    20.2773    36.4836    36.4856    25.8304    25.8213    1498.78    116.205    117.632         67 0.0000e+00
      89803   3741.759     64.594     65.000    20.3221    20.3209   5.008204   5.008360     1.9919     1.6552     100.00   19.60878  -93.50040    0.00457    0.00390     2.7002     2.7285    20.3099    20.3087    36.4764    36.4787    25.8056    25.8077    1498.78    117.557    118.789         63 0.0000e+00
      89857   3744.009     63.601     64.000    20.3724    20.3557   5.013432   5.012051     2.0098     1.6641     100.00   19.60878  -93.50040    0.00754    0.00376     2.7354     2.7470    20.3604    20.3437    36.4761    36.4792    25.7918    25.7987    1498.78    119.090    119.597         55 0.0000e+00
      89915   3746.422     62.607     63.000    20.4412    20.4249   5.020844   5.019064     2.0250     1.6786     100.00   19.60878  -93.50040    0.00690    0.00558     2.7645     2.7771    20.4295    20.4131    36.4783    36.4770    25.7749    25.7783    1498.78    120.360    120.908         54 0.0000e+00
      89970   3748.697     61.613     62.000    20.4707    20.4482   5.024210   5.022272     2.0374     1.6876     100.00   19.60878  -93.50040    0.00589    0.00478     2.7878     2.7961    20.4590    20.4365    36.4801    36.4820    25.7683    25.7759    1498.78    121.374    121.737         61 0.0000e+00
      90028   3751.134     60.620     61.000    20.5011    20.5048   5.026823   5.027406     2.0474     1.6975     100.00   19.60878  -93.50040    0.00444    0.00382     2.8069     2.8161    20.4895    20.4932    36.4757    36.4773    25.7567    25.7569    1498.78    122.210    122.611         50 0.0000e+00
      90078   3753.227     59.626     60.000    20.5412    20.5348   5.029875   5.029862     2.0601     1.7074     100.00   19.60878  -93.50040    0.00499    0.00485     2.8316     2.8380    20.5299    20.5234    36.4663    36.4717    25.7387    25.7445    1498.78    123.285    123.562         60 0.0000e+00
      90140   3755.778     58.633     59.000    20.5563    20.5732   5.031043   5.032404     2.0832     1.7345      92.64   19.60878  -93.50040    0.00909    0.00875     2.8791     2.8983    20.5451    20.5620    36.4633    36.4623    25.7322    25.7269    1498.78    125.353    126.193         49 0.0000e+00
      90181   3757.499     57.639     58.000    20.6015    20.5908   5.034543   5.033844     2.0926     1.7421      99.85   19.60878  -93.50040    0.00694    0.00788     2.8962     2.9145    20.5905    20.5798    36.4532    36.4567    25.7123    25.7179    1498.78    126.101    126.898         43 0.0000e+00
      90238   3759.868     56.645     57.000    20.6207    20.6395   5.036243   5.038041     2.1129     1.7606     100.00   19.60878  -93.50040    0.00762    0.00643     2.9377     2.9547    20.6098    20.6287    36.4509    36.4494    25.7053    25.6990    1498.78    127.908    128.650         66 0.0000e+00
      90290   3762.042     55.652     56.000    20.6340    20.6469   5.037270   5.038613     2.1235     1.7761      98.18   19.60878  -93.50040    0.00650    0.00836     2.9542     2.9877    20.6233    20.6362    36.4470    36.4480    25.6987    25.6959    1498.78    128.630    130.088         31 0.0000e+00
      90333   3763.851     54.658     55.000    20.7851    20.7530   5.049642   5.047912     2.1510     1.7945      99.91   19.60878  -93.50040    0.00860    0.00763     3.0149     3.0312    20.7746    20.7426    36.4208    36.4300    25.6376    25.6526    1498.78    131.280    131.989         57 0.0000e+00
      90393   3766.342     53.664     54.000    20.7975    20.7778   5.050656   5.049399     2.1988     1.8247     100.00   19.60878  -93.50040    0.02038    0.01338     3.1061     3.0938    20.7872    20.7675    36.4170    36.4247    25.6313    25.6426    1498.78    135.253    134.713         37 0.0000e+00
      94028   3917.795     45.715     46.000    21.7144    21.7717   5.154809   5.156508     2.6063     2.2448     100.65   19.73550  -94.10462    0.02501    0.01656     3.8827     3.9927    21.7054    21.7628    36.4117    36.5210    25.3875    25.4620    1508.47    169.124    173.916         30 0.0000e+00
      93505   3895.986     44.721     45.000    21.6160    21.6920   5.120115   5.127955     2.6367     2.2582     100.00   19.60878  -93.50040    0.01723    0.00840     3.9635     4.0291    21.6072    21.6831    36.2832    36.2818    25.3034    25.2812    1498.78    172.641    175.502         46 0.0000e+00
      93616   3900.625     43.728     44.000    21.6646    21.7190   5.125410   5.130580     2.6616     2.2817     100.00   19.60878  -93.50040    0.00662    0.00449     4.0115     4.0794    21.6559    21.7104    36.2845    36.2805    25.2908    25.2725    1498.78    174.734    177.697         48 0.0000e+00
      93583   3899.265     41.740     42.000    21.6990    21.7607   5.119569   5.128951     2.6797     2.2994      99.73   19.55586  -93.24802    0.00169    0.00479     4.0474     4.1144    21.6908    21.7526    36.2056    36.1883    25.2131    25.1781    1494.73    176.304    179.223         51 0.0000e+00
      93970   3915.356     40.746     41.000    21.8738    22.1275   5.147202   5.174741     2.7252     2.3316     100.00   19.60878  -93.50038    0.00725    0.00649     4.1241     4.1603    21.8657    22.1193    36.2829    36.2875    25.2308    25.1626    1498.78    179.649    181.240         35 0.0000e+00
      94404   3933.444     39.753     40.000    22.2773    22.4148   5.191162   5.206920     2.7485     2.3437     100.00   19.60877  -93.50037    0.00082    0.00018     4.1392     4.1652    22.2693    22.4067    36.2920    36.3012    25.1232    25.0913    1498.78    180.327    181.465         31 0.0000e+00
      95202   3966.706     38.759     39.000    22.8046    22.8518   5.249515   5.254819     2.7889     2.3707      83.09   19.60877  -93.50036    0.00197    0.00175     4.1789     4.1924    22.7966    22.8438    36.3103    36.3124    24.9865    24.9745    1498.78    182.079    182.672         45 0.0000e+00
      95326   3971.855     37.765     38.000    22.8667    22.9215   5.256913   5.263178     2.7946     2.3751      99.74   19.60876  -93.50036    0.00108    0.00061     4.1852     4.1975    22.8591    22.9137    36.3166    36.3150    24.9734    24.9563    1498.78    182.355    182.896         50 0.0000e+00
      95401   3975.017     36.772     37.000    22.9259    22.9947   5.262103   5.270376     2.8004     2.3823     100.00   19.60876  -93.50036    0.00165    0.00211     4.1918     4.2066    22.9164    22.9871    36.3100    36.3161    24.9518    24.9359    1498.78    182.648    183.296         38 0.0000e+00
      95494   3978.855     35.778     36.000    22.9955    23.0574   5.270542   5.276825     2.8059     2.3947     100.00   19.60876  -93.50036    0.00074    0.00442     4.1965     4.2290    22.9883    23.0500    36.3164    36.3140    24.9358    24.9160    1498.78    182.858    184.277         48 0.0000e+00
      95579   3982.406     34.784     35.000    23.1291    23.2449   5.283666   5.296208     2.8190     2.4113     100.00   19.60876  -93.50034    0.00330    0.00571     4.2120     4.2514    23.1214    23.2376    36.3085    36.3095    24.8911    24.8579    1498.78    183.540    185.263         53 0.0000e+00
      95558   3981.556     32.796     33.000    23.7161    23.8177   5.340958   5.351629     2.8698     2.4489      99.93   19.57129  -93.32169    0.00851    0.00768     4.2650     4.2887    23.7092    23.8107    36.2384    36.2367    24.6575    24.6259    1495.92    185.882    186.922         44 0.0000e+00
      95837   3993.165     31.803     32.000    23.9794    24.1116   5.373700   5.386690     2.9129     2.4881      83.28   19.60876  -93.50034    0.00723    0.00917     4.3298     4.3542    23.9727    24.1048    36.3018    36.3052    24.6354    24.5986    1498.78    188.721    189.788         67 0.0000e+00
      95974   3998.861     29.815     30.000    24.6530    24.8946   5.442070   5.462029     2.9680     2.5363      82.96   19.56768  -93.30449    0.00497    0.00509     4.3827     4.4052    24.6917    24.8882    36.2105    36.2177    24.3400    24.2828    1495.64    191.073    192.056         46 0.0000e+00
      97052   4043.781     28.822     29.000    25.5994    25.7094   5.543711   5.554513     3.0335     2.5833      97.07   19.60876  -93.50036    0.00099    0.00270     4.4334     4.4373    25.5975    25.7030    36.2670    36.2642    24.1147    24.0796    1498.78    193.334    193.510         43 0.0000e+00
      97207   4050.244     27.828     28.000    25.9536    25.9631   5.580990   5.582338     3.0509     2.5936      99.97   19.60876  -93.50036    0.00336    0.00237     4.4384     4.4392    25.9509    25.9570    36.2622    36.2660    24.0012    24.0016    1498.78    193.574    193.607         61 0.0000e+00
      97282   4053.358     26.834     27.000    26.1825    26.1526   5.603971   5.603398     3.0631     2.6016      99.94   19.60876  -93.50036    0.00462    0.00336     4.4421     4.4428    26.1741    26.1465    36.2518    36.2695    23.9233    23.9455    1498.78    193.748    193.772         66 0.0000e+00
      97354   4056.395     25.840     26.000    26.6440    26.7032   5.651564   5.656802     3.0793     2.6152     100.00   19.60875  -93.50036    0.00469    0.00365     4.4361     4.4281    26.6381    26.6973    36.2326    36.2240    23.7621    23.7367    1498.78    193.520    193.172         74 0.0000e+00
      97428   4059.474     24.846     25.000    26.9734    27.0589   5.685113   5.693760     3.0892     2.6220      87.96   19.60874  -93.50036    0.00416    0.00251     4.4283     4.4152    26.9676    27.0531    36.2131    36.2124    23.6422    23.6141    1498.78    193.200    192.635         74 0.0000e+00
      97507   4062.738     23.853     24.000    27.1217    27.3516   5.699318   5.723546     3.0890     2.6234      99.97   19.60876  -93.50036   -0.00003    0.00073     4.4162     4.4013    27.1166    27.3460    36.2029    36.1938    23.5866    23.5053    1498.78    192.682    192.044         73 0.0000e+00
      97578   4065.714     22.859     23.000    27.4078    27.4736   5.726897   5.733922     3.0970     2.6293     100.00   19.60876  -93.50036    0.00199    0.00162     4.4078     4.4001    27.4025    27.4682    36.1787    36.1780    23.4761    23.4545    1498.78    192.336    192.005         71 0.0000e+00
      97655   4068.915     21.865     22.000    27.8512    27.8094   5.761725   5.763268     3.1097     2.6372     100.00   19.60876  -93.50036    0.00393    0.00211     4.3980     4.3925    27.8460    27.8043    36.0776    36.1271    23.2556    23.3065    1498.78    191.952    191.703         68 0.0000e+00
      97728   4071.952     20.871     21.000    28.4376    28.4894   5.809733   5.817451     3.1259     2.6473      97.78   19.60876  -93.50036    0.00534    0.00395     4.3847     4.3670    28.4404    28.4844    35.9698    35.9849    22.9789    22.9757    1498.78    191.423    190.651         73 0.0000e+00
      97848   4076.975     19.877     20.000    28.7702    28.5896   5.833105   5.820547     3.1297     2.6407     100.05   19.60876  -93.50036    0.00164   -0.00245     4.3684     4.3467    28.7682    28.5848    35.8829    35.9342    22.8044    22.9042    1498.78    190.745    189.778         54 0.0000e+00
