Gulf of Mexico/GOMECC-4/1db/urb2103_1411.cnv
* Sea-Bird SBE 9 Data File:
* FileName = C:\Users\scs.user.rb\CTD\GOMECC4\data\rb2103_1411.hex
* Software Version Seasave V 7.26.7.107
* Temperature SN = 4799
* Conductivity SN = 3860
* Number of Bytes Per Scan = 41
* Number of Voltage Words = 4
* Number of Scans Averaged by the Deck Unit = 1
* NMEA Latitude = 25 34.46 N
* NMEA Longitude = 084 50.56 W
* NMEA UTC (Time) = Oct 20 2021  15:46:56
* NMEA baud rate = 4800
# nquan = 28
# nvalues = 951                         
# units = specified
# name 0 = scan: Scan Count
# name 1 = timeS: Time, Elapsed [seconds]
# name 2 = depSM: Depth [salt water, m]
# name 3 = prDM: Pressure, Digiquartz [db]
# name 4 = t090C: Temperature [ITS-90, deg C]
# name 5 = t190C: Temperature, 2 [ITS-90, deg C]
# name 6 = c0S/m: Conductivity [S/m]
# name 7 = c1S/m: Conductivity, 2 [S/m]
# name 8 = sbeox0V: Oxygen raw, SBE 43 [V]
# name 9 = sbeox1V: Oxygen raw, SBE 43, 2 [V]
# name 10 = altM: Altimeter [m]
# name 11 = latitude: Latitude [deg]
# name 12 = longitude: Longitude [deg]
# name 13 = sbox0dV/dT: Oxygen, SBE 43 [dov/dt]
# name 14 = sbox1dV/dT: Oxygen, SBE 43, 2 [dov/dt]
# name 15 = sbeox0ML/L: Oxygen, SBE 43 [ml/l], WS = 5
# name 16 = sbeox1ML/L: Oxygen, SBE 43, 2 [ml/l], WS = 5
# name 17 = potemp090C: Potential Temperature [ITS-90, deg C]
# name 18 = potemp190C: Potential Temperature, 2 [ITS-90, deg C]
# name 19 = sal00: Salinity, Practical [PSU]
# name 20 = sal11: Salinity, Practical, 2 [PSU]
# name 21 = sigma-é00: Density [sigma-theta, kg/m^3]
# name 22 = sigma-é11: Density, 2 [sigma-theta, kg/m^3]
# name 23 = avgsvCM: Average Sound Velocity [Chen-Millero, m/s], minP = 20, minS = 20
# name 24 = sbox0Mm/Kg: Oxygen, SBE 43 [umol/kg], WS = 5
# name 25 = sbox1Mm/Kg: Oxygen, SBE 43, 2 [umol/kg], WS = 5
# name 26 = nbin: number of scans per bin
# name 27 = flag: flag
# span 0 =     111573,     264710       
# span 1 =   4648.849,  11029.536       
# span 2 =      1.987,   3325.605       
# span 3 =      2.000,   3374.000       
# span 4 =     4.3114,    28.5287       
# span 5 =     4.3130,    28.5438       
# span 6 =   3.349427,   5.850864       
# span 7 =   3.349362,   5.852043       
# span 8 =     1.6093,     3.1811       
# span 9 =     1.3061,     2.6957       
# span 10 =       2.02,     103.88      
# span 11 =   25.53453,   25.67780      
# span 12 =  -85.18789,  -84.71259      
# span 13 =   -0.01191,    0.01915      
# span 14 =   -0.01247,    0.01703      
# span 15 =     2.5148,     4.6786      
# span 16 =     2.5187,     4.6638      
# span 17 =     4.0816,    28.5206      
# span 18 =     4.0831,    28.5356      
# span 19 =    34.9003,    36.7076      
# span 20 =    34.8985,    36.7035      
# span 21 =    22.8855,    27.7599      
# span 22 =    22.8849,    27.7582      
# span 23 =    1501.33,    1509.75      
# span 24 =    109.380,    203.302      
# span 25 =    109.548,    202.660      
# span 26 =         30,         66      
# span 27 = 0.0000e+00, 0.0000e+00      
# interval = decibars: 1                
# start_time = Oct 20 2021 15:46:56 [NMEA time, header]
# bad_flag = -9.990e-29
*END*
[from data line 467]
     173039   7209.914   1552.016   1568.000     4.3380     4.3396   3.351865   3.351842     1.9361     1.6068     100.00   25.57404  -84.84334    0.00008   -0.00000     4.6043     4.5991     4.2076     4.2092    34.9689    34.9669    27.7394    27.7377    1503.66    200.076    199.851         45 0.0000e+00
     173165   7215.156   1547.086   1563.000     4.3425     4.3442   3.352151   3.352121     1.9365     1.6069     100.00   25.57496  -84.84640    0.00007    0.00002     4.6021     4.5958     4.2125     4.2142    34.9699    34.9678    27.7398    27.7379    1503.71    199.983    199.709         34 0.0000e+00
     173347   7222.740   1541.168   1557.000     4.3434     4.3449   3.351921   3.351892     1.9365     1.6072     100.00   25.57446  -84.84475   -0.00003    0.00000     4.5984     4.5934     4.2140     4.2155    34.9691    34.9673    27.7390    27.7373    1503.68    199.824    199.606         39 0.0000e+00
     173425   7225.987   1539.196   1555.000     4.3434     4.3449   3.351796   3.351770     1.9364     1.6070     100.00   25.57422  -84.84393   -0.00004   -0.00007     4.5969     4.5916     4.2142     4.2157    34.9687    34.9668    27.7386    27.7369    1503.67    199.757    199.527         30 0.0000e+00
     173456   7227.291   1538.210   1554.000     4.3440     4.3459   3.351794   3.351789     1.9364     1.6068     100.00   25.57404  -84.84334   -0.00002   -0.00003     4.5961     4.5901     4.2149     4.2167    34.9685    34.9665    27.7384    27.7366    1503.66    199.724    199.462         39 0.0000e+00
     173610   7233.723   1537.223   1553.000     4.3446     4.3463   3.351797   3.351788     1.9364     1.6077     100.00   25.57404  -84.84334   -0.00002    0.00021     4.5953     4.5930     4.2156     4.2172    34.9684    34.9665    27.7382    27.7365    1503.66    199.687    199.588         31 0.0000e+00
     173736   7238.960   1535.251   1551.000     4.3443     4.3461   3.351599   3.351590     1.9366     1.6080     100.00   25.57321  -84.84060    0.00002    0.00006     4.5951     4.5932     4.2155     4.2172    34.9673    34.9654    27.7373    27.7356    1503.61    199.679    199.596         34 0.0000e+00
     173983   7249.256   1533.279   1549.000     4.3454     4.3469   3.351709   3.351691     1.9368     1.6081      63.59   25.57416  -84.84375    0.00004    0.00006     4.5943     4.5923     4.2167     4.2182    34.9685    34.9667    27.7382    27.7366    1503.67    199.645    199.555         37 0.0000e+00
     175177   7298.980   1532.293   1548.000     4.3466     4.3480   3.351769   3.351732     1.9369     1.6082     101.92   25.57405  -84.84340    0.00005    0.00009     4.5940     4.5919     4.2180     4.2194    34.9684    34.9665    27.7379    27.7363    1503.66    199.629    199.541         36 0.0000e+00
     175866   7327.716   1526.375   1542.000     4.3464     4.3478   3.351536   3.351490     1.9378     1.6092     100.00   25.57436  -84.84448    0.00015    0.00012     4.5938     4.5925     4.2184     4.2197    34.9688    34.9669    27.7382    27.7365    1503.68    199.621    199.564         32 0.0000e+00
     176201   7341.650   1515.526   1531.000     4.3466     4.3483   3.350976   3.350962     1.9402     1.6105     100.00   25.57339  -84.84125    0.00021    0.00016     4.5966     4.5910     4.2196     4.2213    34.9674    34.9654    27.7370    27.7352    1503.62    199.742    199.502         36 0.0000e+00
     176654   7360.558   1499.744   1515.000     4.3502     4.3516   3.350706   3.350667     1.9416     1.6120     100.00   25.57417  -84.84386 7.1562e-08    0.00004     4.5916     4.5873     4.2246     4.2260    34.9683    34.9664    27.7371    27.7355    1503.67    199.525    199.341         37 0.0000e+00
     177080   7378.295   1484.948   1500.000     4.3527     4.3538   3.350397   3.350343     1.9434     1.6143      99.09   25.57512  -84.84701    0.00022    0.00013     4.5891     4.5872     4.2285     4.2296    34.9694    34.9675    27.7376    27.7360    1503.72    199.420    199.337         31 0.0000e+00
     177221   7384.152   1480.016   1495.000     4.3551     4.3564   3.350327   3.350290     1.9436     1.6142     100.00   25.57459  -84.84521    0.00009    0.00001     4.5867     4.5837     4.2313     4.2327    34.9685    34.9666    27.7366    27.7349    1503.69    199.313    199.184         32 0.0000e+00
     177360   7389.941   1475.083   1490.000     4.3564     4.3579   3.350279   3.350239     1.9443     1.6143      95.04   25.57494  -84.84635    0.00016    0.00002     4.5861     4.5807     4.2331     4.2346    34.9690    34.9669    27.7368    27.7350    1503.71    199.287    199.055         32 0.0000e+00
     177420   7392.446   1474.097   1489.000     4.3561     4.3576   3.350090   3.350067     1.9442     1.6142     100.17   25.57406  -84.84344    0.00004 -7.211e-07     4.5851     4.5800     4.2329     4.2344    34.9676    34.9657    27.7357    27.7340    1503.66    199.243    199.024         32 0.0000e+00
     177883   7411.731   1457.325   1472.000     4.3592     4.3604   3.349503   3.349446     1.9448     1.6157     100.00   25.57281  -84.83933    0.00001   -0.00001     4.5772     4.5757     4.2376     4.2388    34.9657    34.9637    27.7337    27.7320    1503.59    198.901    198.836         36 0.0000e+00
     178030   7417.875   1452.393   1467.000     4.3615     4.3628   3.349817   3.349772     1.9458     1.6164     100.01   25.57569  -84.84888    0.00017    0.00023     4.5772     4.5752     4.2403     4.2416    34.9695    34.9676    27.7365    27.7348    1503.76    198.899    198.813         34 0.0000e+00
     178172   7423.811   1447.459   1462.000     4.3637     4.3653   3.349578   3.349560     1.9455     1.6161     100.00   25.57385  -84.84280   -0.00006    0.00001     4.5732     4.5708     4.2429     4.2445    34.9667    34.9649    27.7339    27.7323    1503.65    198.727    198.623         37 0.0000e+00
     178312   7429.613   1442.526   1457.000     4.3673     4.3688   3.349749   3.349716     1.9451     1.6159      99.83   25.57457  -84.84520   -0.00005   -0.00008     4.5679     4.5666     4.2470     4.2485    34.9674    34.9655    27.7340    27.7323    1503.69    198.499    198.440         34 0.0000e+00
     178477   7436.498   1436.606   1451.000     4.3684     4.3696   3.349427   3.349362     1.9447     1.6145     100.00   25.57311  -84.84033    0.00001   -0.00011     4.5630     4.5571     4.2486     4.2498    34.9654    34.9634    27.7322    27.7305    1503.60    198.286    198.030         30 0.0000e+00
     178793   7449.678   1425.752   1440.000     4.3757     4.3765   3.349770   3.349674     1.9445     1.6152      97.85   25.57470  -84.84557    0.00004    0.00002     4.5546     4.5527     4.2568     4.2576    34.9672    34.9652    27.7328    27.7312    1503.70    197.918    197.838         36 0.0000e+00
     179105   7462.675   1414.898   1429.000     4.3827     4.3837   3.349700   3.349622     1.9450     1.6154     100.00   25.57282  -84.83933   -0.00001    0.00002     4.5492     4.5460     4.2648     4.2658    34.9643    34.9623    27.7296    27.7280    1503.59    197.686    197.545         34 0.0000e+00
     179389   7474.512   1405.030   1419.000     4.3923     4.3912   3.350158   3.349910     1.9450     1.6148     100.00   25.57341  -84.84131    0.00000   -0.00010     4.5423     4.5368     4.2753     4.2742    34.9645    34.9627    27.7287    27.7274    1503.62    197.386    197.146         35 0.0000e+00
     179531   7480.406   1400.096   1414.000     4.3961     4.3972   3.350336   3.350271     1.9438     1.6142     100.00   25.57402  -84.84336   -0.00024   -0.00012     4.5340     4.5307     4.2795     4.2806    34.9651    34.9632    27.7287    27.7270    1503.66    197.026    196.880         33 0.0000e+00
     179564   7481.790   1399.109   1413.000     4.3966     4.3977   3.350343   3.350266     1.9433     1.6142      69.97   25.57406  -84.84348   -0.00021   -0.00012     4.5318     4.5298     4.2801     4.2811    34.9651    34.9631    27.7286    27.7269    1503.66    196.931    196.845         31 0.0000e+00
     179672   7486.296   1395.162   1409.000     4.3982     4.3997   3.350297   3.350254     1.9429     1.6129     100.00   25.57400  -84.84329    0.00002   -0.00031     4.5278     4.5223     4.2820     4.2835    34.9649    34.9628    27.7282    27.7264    1503.66    196.757    196.519         34 0.0000e+00
     179758   7489.856   1392.201   1406.000     4.3999     4.4012   3.350366   3.350328     1.9427     1.6130     100.00   25.57442  -84.84469   -0.00009   -0.00002     4.5250     4.5205     4.2840     4.2853    34.9653    34.9635    27.7284    27.7268    1503.68    196.636    196.438         31 0.0000e+00
     179788   7491.124   1391.214   1405.000     4.4002     4.4016   3.350296   3.350250     1.9428     1.6129     100.00   25.57406  -84.84348   -0.00001    0.00001     4.5246     4.5196     4.2844     4.2857    34.9647    34.9628    27.7278    27.7261    1503.66    196.618    196.401         33 0.0000e+00
     179986   7499.374   1384.306   1398.000     4.4030     4.4043   3.350262   3.350215     1.9422     1.6129     100.00   25.57427  -84.84418   -0.00010   -0.00000     4.5181     4.5152     4.2878     4.2891    34.9648    34.9629    27.7276    27.7259    1503.67    196.335    196.209         38 0.0000e+00
     180020   7500.804   1383.319   1397.000     4.4030     4.4046   3.350187   3.350173     1.9422     1.6128     100.00   25.57406  -84.84348   -0.00011   -0.00006     4.5176     4.5140     4.2879     4.2895    34.9644    34.9625    27.7272    27.7256    1503.66    196.311    196.158         30 0.0000e+00
     180122   7505.051   1379.371   1393.000     4.4058     4.4070   3.350295   3.350240     1.9419     1.6127      86.59   25.57430  -84.84430   -0.00015   -0.00002     4.5134     4.5112     4.2910     4.2922    34.9647    34.9628    27.7271    27.7255    1503.67    196.132    196.036         46 0.0000e+00
     180216   7508.968   1376.410   1390.000     4.4067     4.4080   3.350317   3.350269     1.9417     1.6124     100.00   25.57501  -84.84665   -0.00008   -0.00013     4.5108     4.5079     4.2922     4.2935    34.9655    34.9636    27.7277    27.7260    1503.72    196.018    195.893         34 0.0000e+00
     180243   7510.098   1375.423   1389.000     4.4065     4.4079   3.350139   3.350092     1.9416     1.6124     100.00   25.57406  -84.84348   -0.00000   -0.00007     4.5101     4.5074     4.2921     4.2934    34.9641    34.9622    27.7265    27.7248    1503.66    195.985    195.872         30 0.0000e+00
     180321   7513.336   1372.462   1386.000     4.4071     4.4086   3.350225   3.350193     1.9416     1.6127     100.01   25.57535  -84.84775   -0.00004    0.00007     4.5082     4.5065     4.2930     4.2945    34.9660    34.9641    27.7279    27.7263    1503.74    195.906    195.831         33 0.0000e+00
     180492   7520.454   1366.540   1380.000     4.4090     4.4108   3.349957   3.349955     1.9416     1.6129      99.96   25.57378  -84.84257    0.00005    0.00001     4.5046     4.5037     4.2954     4.2972    34.9637    34.9619    27.7259    27.7242    1503.64    195.747    195.707         40 0.0000e+00
     180661   7527.490   1360.618   1374.000     4.4108     4.4123   3.349799   3.349768     1.9419     1.6131     100.00   25.57325  -84.84081    0.00001   -0.00005     4.5020     4.5010     4.2977     4.2992    34.9629    34.9610    27.7250    27.7233    1503.61    195.635    195.590         38 0.0000e+00
     181190   7549.522   1341.863   1355.000     4.4277     4.4299   3.350368   3.350405     1.9409     1.6115      84.68   25.57290  -84.83962   -0.00047   -0.00052     4.4852     4.4814     4.3162     4.3184    34.9612    34.9593    27.7216    27.7198    1503.59    194.904    194.742         31 0.0000e+00
     181500   7562.441   1331.005   1344.000     4.4445     4.4462   3.351531   3.351506     1.9373     1.6084      99.11   25.57446  -84.84482   -0.00015    0.00008     4.4631     4.4605     4.3338     4.3356    34.9627    34.9605    27.7209    27.7190    1503.68    193.945    193.833         34 0.0000e+00
     181921   7580.003   1316.197   1329.000     4.4547     4.4561   3.351619   3.351592     1.9348     1.6063      73.86   25.57323  -84.84076    0.00005   -0.00015     4.4441     4.4423     4.3453     4.3467    34.9603    34.9585    27.7177    27.7161    1503.61    193.121    193.043         36 0.0000e+00
     182064   7585.938   1311.261   1324.000     4.4585     4.4598   3.352087   3.352026     1.9360     1.6069      99.06   25.57617  -84.85050    0.00025    0.00029     4.4448     4.4413     4.3496     4.3508    34.9643    34.9623    27.7205    27.7188    1503.78    193.152    193.000         32 0.0000e+00
     182230   7592.891   1305.337   1318.000     4.4646     4.4657   3.352100   3.352031     1.9356     1.6074     100.00   25.57390  -84.84300    0.00001    0.00021     4.4394     4.4393     4.3561     4.3572    34.9610    34.9590    27.7171    27.7154    1503.65    192.918    192.914         48 0.0000e+00
     182349   7597.829   1301.388   1314.000     4.4689     4.4700   3.352403   3.352344     1.9356     1.6068     100.00   25.57495  -84.84648    0.00001   -0.00016     4.4365     4.4340     4.3607     4.3618    34.9620    34.9602    27.7175    27.7159    1503.71    192.790    192.680         33 0.0000e+00
     182487   7603.584   1296.451   1309.000     4.4702     4.4717   3.352322   3.352294     1.9352     1.6064      72.33   25.57512  -84.84704   -0.00006    0.00002     4.4320     4.4291     4.3625     4.3640    34.9622    34.9603    27.7174    27.7157    1503.72    192.595    192.470         34 0.0000e+00
     182847   7618.589   1283.615   1296.000     4.4828     4.4866   3.352403   3.352576     1.9335     1.6045      99.99   25.57121  -84.83408   -0.00030   -0.00033     4.4172     4.4126     4.3761     4.3799    34.9562    34.9542    27.7110    27.7090    1503.49    191.953    191.753         30 0.0000e+00
     182994   7624.715   1278.678   1291.000     4.5030     4.5047   3.354368   3.354352     1.9329     1.6037     100.00   25.57498  -84.84654   -0.00016   -0.00018     4.4092     4.4044     4.3967     4.3983    34.9605    34.9586    27.7122    27.7106    1503.71    191.608    191.395         35 0.0000e+00
     183128   7630.282   1273.741   1286.000     4.5137     4.5156   3.354894   3.354898     1.9301     1.6008     100.00   25.57340  -84.84132   -0.00031   -0.00027     4.3951     4.3885     4.4077     4.4096    34.9578    34.9558    27.7089    27.7071    1503.62    190.991    190.708         40 0.0000e+00
     183243   7635.064   1269.791   1282.000     4.5183     4.5194   3.355147   3.355089     1.9281     1.5990     100.00   25.57379  -84.84259   -0.00044   -0.00039     4.3847     4.3787     4.4126     4.4137    34.9580    34.9561    27.7085    27.7069    1503.64    190.542    190.280         30 0.0000e+00
     183361   7639.981   1265.841   1278.000     4.5227     4.5235   3.355348   3.355261     1.9268     1.5980     100.00   25.57365  -84.84213   -0.00021   -0.00020     4.3774     4.3720     4.4173     4.4181    34.9576    34.9558    27.7077    27.7062    1503.64    190.224    189.988         46 0.0000e+00
     183492   7645.449   1260.903   1273.000     4.5317     4.5328   3.355781   3.355709     1.9258     1.5972      75.53   25.57238  -84.83792   -0.00022   -0.00019     4.3700     4.3652     4.4267     4.4278    34.9557    34.9536    27.7051    27.7034    1503.56    189.901    189.693         33 0.0000e+00
