Gulf of Mexico/GOMECC-4/1db/urb2103_0851.cnv
* Sea-Bird SBE 9 Data File:
* FileName = C:\Users\scs.user.rb\CTD\GOMECC4\data\rb2103_0851.hex
* Software Version Seasave V 7.26.7.107
* Temperature SN = 4799
* Conductivity SN = 3860
* Number of Bytes Per Scan = 41
* Number of Voltage Words = 4
* Number of Scans Averaged by the Deck Unit = 1
* NMEA Latitude = 20 36.04 N
* NMEA Longitude = 094 17.37 W
* NMEA UTC (Time) = Oct 07 2021  22:53:37
* NMEA baud rate = 4800
# nquan = 28
# nvalues = 395                         
# units = specified
# name 0 = scan: Scan Count
# name 1 = timeS: Time, Elapsed [seconds]
# name 2 = depSM: Depth [salt water, m]
# name 3 = prDM: Pressure, Digiquartz [db]
# name 4 = t090C: Temperature [ITS-90, deg C]
# name 5 = t190C: Temperature, 2 [ITS-90, deg C]
# name 6 = c0S/m: Conductivity [S/m]
# name 7 = c1S/m: Conductivity, 2 [S/m]
# name 8 = sbeox0V: Oxygen raw, SBE 43 [V]
# name 9 = sbeox1V: Oxygen raw, SBE 43, 2 [V]
# name 10 = altM: Altimeter [m]
# name 11 = latitude: Latitude [deg]
# name 12 = longitude: Longitude [deg]
# name 13 = sbox0dV/dT: Oxygen, SBE 43 [dov/dt]
# name 14 = sbox1dV/dT: Oxygen, SBE 43, 2 [dov/dt]
# name 15 = sbeox0ML/L: Oxygen, SBE 43 [ml/l], WS = 5
# name 16 = sbeox1ML/L: Oxygen, SBE 43, 2 [ml/l], WS = 5
# name 17 = potemp090C: Potential Temperature [ITS-90, deg C]
# name 18 = potemp190C: Potential Temperature, 2 [ITS-90, deg C]
# name 19 = sal00: Salinity, Practical [PSU]
# name 20 = sal11: Salinity, Practical, 2 [PSU]
# name 21 = sigma-é00: Density [sigma-theta, kg/m^3]
# name 22 = sigma-é11: Density, 2 [sigma-theta, kg/m^3]
# name 23 = avgsvCM: Average Sound Velocity [Chen-Millero, m/s], minP = 20, minS = 20
# name 24 = sbox0Mm/Kg: Oxygen, SBE 43 [umol/kg], WS = 5
# name 25 = sbox1Mm/Kg: Oxygen, SBE 43, 2 [umol/kg], WS = 5
# name 26 = nbin: number of scans per bin
# name 27 = flag: flag
# span 0 =      69368,     160673       
# span 1 =   2890.286,   6694.685       
# span 2 =      0.994,   1862.053       
# span 3 =      1.000,   1882.000       
# span 4 =     4.2605,    31.5653       
# span 5 =     4.2611,    29.4144       
# span 6 =   3.342194,   5.988170       
# span 7 =   3.342161,   5.987266       
# span 8 =     1.5727,     3.3151       
# span 9 =     1.2749,     2.8294       
# span 10 =      12.70,     103.95      
# span 11 =   20.55327,   20.62894      
# span 12 =  -94.42086,  -94.07455      
# span 13 =   -0.00984,    0.02719      
# span 14 =   -0.01310,    0.02323      
# span 15 =     2.3954,     4.8947      
# span 16 =     2.4123,     4.8920      
# span 17 =     4.1018,    31.5631      
# span 18 =     4.1025,    29.4070      
# span 19 =    34.9133,    39.1364      
# span 20 =    34.9116,    36.5178      
# span 21 =    23.0082,    27.7539      
# span 22 =    23.0074,    27.7528      
# span 23 =    1492.37,    1497.87      
# span 24 =    104.154,    213.506      
# span 25 =    104.890,    213.393      
# span 26 =         30,         73      
# span 27 = 0.0000e+00, 0.0000e+00      
# interval = decibars: 1                
# start_time = Oct 07 2021 22:53:37 [NMEA time, header]
# bad_flag = -9.990e-29
*END*
[from data line 311]
     142253   5927.180     90.421     91.000    20.4481    20.4410   5.017211   5.016078     2.1948     1.8296     100.00   20.60058  -94.29124    0.01348    0.01188     3.1343     3.1393    20.4309    20.4238    36.4318    36.4287    25.7391    25.7386    1495.81    136.466    136.683         73 0.0000e+00
     142322   5930.050     89.428     90.000    20.4962    20.4790   5.021739   5.019566     2.2252     1.8619     100.00   20.60058  -94.29124    0.01298    0.01378     3.1956     3.2124    20.4792    20.4620    36.4277    36.4248    25.7229    25.7254    1495.81    139.135    139.867         59 0.0000e+00
     142379   5932.419     88.434     89.000    20.6649    20.6385   5.037740   5.034753     2.2573     1.8782     100.00   20.60058  -94.29124    0.01178    0.00847     3.2533     3.2416    20.6480    20.6215    36.4130    36.4118    25.6661    25.6723    1495.81    141.654    141.148         62 0.0000e+00
     142447   5935.247     87.441     88.000    20.7130    20.6747   5.042399   5.038524     2.3133     1.9316     100.00   20.60058  -94.29122    0.01978    0.01696     3.3679     3.3624    20.6963    20.6580    36.4104    36.4118    25.6510    25.6624    1495.81    146.649    146.407         67 0.0000e+00
     142507   5937.729     86.447     87.000    20.7517    20.7383   5.045551   5.044283     2.3295     1.9477     100.00   20.60058  -94.29122    0.00901    0.00783     3.4011     3.3956    20.7351    20.7217    36.4059    36.4045    25.6370    25.6395    1495.81    148.097    147.855         56 0.0000e+00
     142569   5940.333     85.454     86.000    20.8108    20.8146   5.051913   5.051831     2.3511     1.9743      97.84   20.60058  -94.29122    0.00742    0.00923     3.4406     3.4521    20.7944    20.7982    36.4045    36.4006    25.6198    25.6158    1495.81    149.817    150.320         69 0.0000e+00
     142636   5943.121     84.461     85.000    20.8714    20.8579   5.057454   5.056227     2.3713     1.9901     100.03   20.60058  -94.29122    0.00776    0.00728     3.4787     3.4855    20.8551    20.8416    36.3980    36.3996    25.5983    25.6032    1495.81    151.480    151.778         53 0.0000e+00
     142815   5950.565     82.474     83.000    20.8667    20.8219   5.056739   5.052050     2.3836     1.9932      76.39   20.59751  -94.27714    0.00283   -0.00621     3.5040     3.4942    20.8508    20.8061    36.3949    36.3952    25.5966    25.6090    1495.59    152.583    152.153         40 0.0000e+00
     142803   5950.093     79.493     80.000    21.2642    21.2651   5.089681   5.088809     2.4892     2.1081      99.77   20.55327  -94.07455    0.00596    0.01328     3.6971     3.7289    21.2486    21.2495    36.2938    36.2861    25.4026    25.3964    1492.37    161.012    162.400         47 0.0000e+00
     143265   5969.327     78.500     79.000    21.5529    21.5944   5.123860   5.128730     2.5851     2.2069      96.11   20.60060  -94.29120    0.01666    0.01935     3.8759     3.9336    21.5374    21.5789    36.3544    36.3582    25.3770    25.3677    1495.81    168.814    171.329         47 0.0000e+00
     145470   6061.224     77.506     78.000    21.8392    21.8533   5.154308   5.155753     2.7215     2.3119      92.74   20.60060  -94.29111    0.00152    0.00295     4.1359     4.1532    21.8237    21.8378    36.3554    36.3547    25.2977    25.2932    1495.81    180.151    180.906         46 0.0000e+00
     145914   6079.696     76.513     77.000    21.9252    21.9088   5.162982   5.161504     2.7425     2.3280      98.92   20.60060  -94.29110   -0.00022    0.00014     4.1722     4.1851    21.9099    21.8935    36.3522    36.3543    25.2711    25.2773    1495.81    181.739    182.299         41 0.0000e+00
     146002   6083.385     75.519     76.000    21.9977    22.0138   5.169922   5.172210     2.7544     2.3412     100.00   20.60060  -94.29110    0.00354    0.00251     4.1906     4.2060    21.9826    21.9987    36.3467    36.3506    25.2465    25.2446    1495.81    182.542    183.214         62 0.0000e+00
     146063   6085.908     74.526     75.000    22.1304    22.2174   5.183874   5.192735     2.7778     2.3717     100.00   20.60060  -94.29110    0.00762    0.01065     4.2272     4.2601    22.1154    22.2023    36.3443    36.3427    25.2071    25.1812    1495.81    184.144    185.584         58 0.0000e+00
     146124   6088.477     73.532     74.000    22.3703    22.3805   5.206747   5.210123     2.8119     2.4032     100.00   20.60062  -94.29110    0.01259    0.01342     4.2859     4.3180    22.3566    22.3656    36.3405    36.3434    25.1357    25.1353    1495.81    186.716    188.115         60 0.0000e+00
     146180   6090.786     72.539     73.000    22.4160    22.4227   5.214509   5.215515     2.8384     2.4164     100.00   20.60062  -94.29110    0.01269    0.00762     4.3267     4.3424    22.4013    22.4079    36.3467    36.3451    25.1277    25.1245    1495.81    188.493    189.180         55 0.0000e+00
     146234   6093.043     71.545     72.000    22.5452    22.5854   5.226907   5.231178     2.8554     2.4347     100.00   20.60062  -94.29108    0.00866    0.00707     4.3512     4.3722    22.5306    22.5709    36.3382    36.3381    25.0842    25.0726    1495.81    189.569    190.487         53 0.0000e+00
     146293   6095.484     70.552     71.000    22.6270    22.6656   5.235730   5.239602     2.8754     2.4542     100.00   20.60062  -94.29108    0.00824    0.00839     4.3846     4.4093    22.6126    22.6512    36.3394    36.3375    25.0617    25.0491    1495.81    191.031    192.106         64 0.0000e+00
     146349   6097.832     69.558     70.000    22.7070    22.7188   5.243834   5.245412     2.8894     2.4620      86.79   20.60062  -94.29108    0.00649    0.00489     4.4060     4.4219    22.6927    22.7045    36.3365    36.3390    25.0364    25.0349    1495.81    191.963    192.660         49 0.0000e+00
     146402   6100.057     68.565     69.000    22.8262    22.8712   5.255953   5.260775     2.9076     2.4800      99.49   20.60062  -94.29108    0.00718    0.00556     4.4325     4.4500    22.8121    22.8571    36.3322    36.3320    24.9987    24.9856    1495.81    193.129    193.894         62 0.0000e+00
     146464   6102.644     67.571     68.000    23.0493    23.2243   5.277261   5.296584     2.9292     2.5037      69.16   20.60062  -94.29108    0.00810    0.00917     4.4575     4.4745    23.0353    23.2103    36.3131    36.3181    24.9195    24.8724    1495.81    194.230    194.981         51 0.0000e+00
     146510   6104.552     66.578     67.000    23.7136    23.8477   5.351916   5.362773     2.9898     2.5574      98.62   20.60062  -94.29108    0.01696    0.01684     4.5201     4.5433    23.7177    23.8337    36.3263    36.3185    24.7295    24.6886    1495.81    196.997    198.016         52 0.0000e+00
     146575   6107.261     65.584     66.000    24.0222    24.1011   5.381761   5.390389     3.0414     2.6015     100.00   20.60062  -94.29108    0.02719    0.02323     4.5986     4.6193    24.0069    24.0871    36.3179    36.3177    24.6374    24.6134    1495.81    200.434    201.342         58 0.0000e+00
     146624   6109.286     64.590     65.000    24.1603    24.1959   5.398069   5.401649     3.0615     2.6093     100.00   20.60062  -94.29108    0.01402    0.00776     4.6288     4.6305    24.1507    24.1821    36.3251    36.3266    24.5999    24.5917    1495.81    201.757    201.835         52 0.0000e+00
     146684   6111.775     63.597     64.000    24.2477    24.2744   5.406284   5.409818     3.0759     2.6182     100.00   20.60062  -94.29108    0.00676    0.00369     4.6458     4.6400    24.2337    24.2607    36.3202    36.3249    24.5714    24.5668    1495.81    202.507    202.255         52 0.0000e+00
     146736   6113.973     62.603     63.000    24.3214    24.3573   5.415049   5.419729     3.0838     2.6246     100.00   20.60062  -94.29108    0.00454    0.00275     4.6546     4.6472    24.3079    24.3440    36.3266    36.3271    24.5540    24.5414    1495.81    202.891    202.572         64 0.0000e+00
     146797   6116.508     61.610     62.000    24.4454    24.4620   5.427734   5.428994     3.0934     2.6343     100.00   20.60062  -94.29108    0.00328    0.00425     4.6626     4.6594    24.4321    24.4489    36.3211    36.3185    24.5124    24.5055    1495.81    203.250    203.112         44 0.0000e+00
     146844   6118.441     60.616     61.000    24.6140    24.6194   5.445321   5.446293     3.1070     2.6498     100.00   20.60060  -94.29108    0.00539    0.00534     4.6742     4.6796    24.6008    24.6063    36.3182    36.3211    24.4592    24.4598    1495.81    203.768    204.003         57 0.0000e+00
     146908   6121.137     59.623     60.000    24.7623    24.7846   5.460975   5.463809     3.1247     2.6634      99.99   20.60060  -94.29108    0.00727    0.00690     4.6955     4.6952    24.7494    24.7716    36.3162    36.3194    24.4127    24.4084    1495.81    204.703    204.691         59 0.0000e+00
     146959   6123.240     58.629     59.000    24.8645    24.8847   5.472683   5.475415     3.1333     2.6691     100.00   20.60060  -94.29108    0.00450    0.00290     4.7027     4.6985    24.8517    24.8719    36.3217    36.3259    24.3858    24.3828    1495.81    205.025    204.841         49 0.0000e+00
     147012   6125.463     57.636     58.000    25.0269    25.0548   5.489412   5.492691     3.1484     2.6809      96.17   20.60060  -94.29108    0.00583    0.00401     4.7176     4.7095    25.0142    25.0421    36.3181    36.3183    24.3334    24.3250    1495.81    205.683    205.331         59 0.0000e+00
     147069   6127.840     56.642     57.000    25.1881    25.1816   5.507564   5.507405     3.1669     2.7004      94.24   20.60060  -94.29108    0.00751    0.00752     4.7390     4.7407    25.1756    25.1691    36.3221    36.3263    24.2870    24.2922    1495.81    206.627    206.700         48 0.0000e+00
     147115   6129.750     55.648     56.000    25.4038    25.3518   5.531892   5.525476     3.1840     2.7078      95.63   20.60060  -94.29108    0.00826    0.00676     4.7565     4.7419    25.3915    25.3395    36.3302    36.3243    24.2267    24.2382    1495.81    207.402    206.762         36 0.0000e+00
     147195   6133.087     54.655     55.000    25.5096    25.5733   5.541639   5.550781     3.2014     2.7263      82.73   20.60060  -94.29108    0.00599    0.00531     4.7751     4.7620    25.4974    25.5611    36.3161    36.3190    24.1832    24.1657    1495.81    208.222    207.652         49 0.0000e+00
     147294   6137.203     53.661     54.000    25.5646    25.7333   5.548356   5.566398     3.2008     2.7375     100.35   20.60060  -94.29108   -0.00121    0.00252     4.7698     4.7762    25.5540    25.7215    36.3230    36.3233    24.1709    24.1205    1495.81    207.992    208.276         36 0.0000e+00
     147301   6137.486     50.680     51.000    26.5547    26.6064   5.648258   5.653360     3.3133     2.8294      99.80   20.55972  -94.10397    0.01340    0.01167     4.8947     4.8920    26.5431    26.5947    36.2386    36.2349    23.7870    23.7679    1492.84    213.506    213.393         43 0.0000e+00
     148689   6195.350     49.687     50.000    27.1216    27.1396   5.719709   5.721727     3.3151     2.8258      97.10   20.60061  -94.29109    0.00002    0.00003     4.8490     4.8416    27.1100    27.1281    36.3417    36.3420    23.6933    23.6878    1495.81    211.542    211.223         49 0.0000e+00
     149092   6212.145     48.693     49.000    27.1888    27.2039   5.727587   5.729988     3.3079     2.8180      88.51   20.60061  -94.29110   -0.00174   -0.00135     4.8281     4.8192    27.1775    27.1926    36.3474    36.3501    23.6760    23.6726    1495.81    210.634    210.248         42 0.0000e+00
     149156   6214.789     47.700     48.000    27.2510    27.2579   5.735031   5.736071     3.3060     2.8131      90.38   20.60060  -94.29110   -0.00095   -0.00168     4.8194     4.8044    27.2399    27.2467    36.3511    36.3530    23.6586    23.6578    1495.81    210.259    209.608         59 0.0000e+00
     149226   6217.715     46.706     47.000    27.3116    27.3543   5.742848   5.747738     3.3014     2.7983     100.19   20.60060  -94.29110   -0.00114   -0.00327     4.8049     4.7652    27.3007    27.3434    36.3599    36.3601    23.6456    23.6314    1495.81    209.628    207.901         59 0.0000e+00
     149282   6220.025     45.712     46.000    27.4675    27.4092   5.761154   5.754174     3.2958     2.7956      72.69   20.60060  -94.29110   -0.00249   -0.00372     4.7828     4.7534    27.4568    27.3985    36.3693    36.3647    23.6021    23.6178    1495.81    208.674    207.391         54 0.0000e+00
     149334   6222.212     44.719     45.000    27.6092    27.5322   5.777830   5.768165     3.2761     2.7875     100.04   20.60060  -94.29110   -0.00609   -0.00196     4.7304     4.7278    27.5987    27.5217    36.3780    36.3692    23.5626    23.5810    1495.81    206.397    206.278         51 0.0000e+00
     149381   6224.147     43.725     44.000    27.8657    27.7260   5.806256   5.786300     3.2692     2.7760     100.00   20.60060  -94.29110   -0.00637   -0.00562     4.6964     4.6823    27.8553    27.7159    36.3808    36.3727    23.4809    23.5309    1495.81    204.928    204.311         42 0.0000e+00
     149432   6226.311     42.731     43.000    28.0501    27.9893   5.828281   5.821640     3.2585     2.7666     100.00   20.60060  -94.29111   -0.00411   -0.00457     4.6601     4.6475    28.0400    27.9791    36.3940    36.3945    23.4302    23.4507    1495.81    203.354    202.801         63 0.0000e+00
     149484   6228.467     41.738     42.000    28.0217    28.0393   5.824734   5.823978     3.2491     2.7563     100.00   20.60060  -94.29112   -0.00560   -0.00581     4.6436     4.6235    28.0117    28.0296    36.3913    36.3856    23.4375    23.4331    1495.81    202.635    201.759         33 0.0000e+00
     149520   6229.958     40.744     41.000    28.3253    28.3499   5.859828   5.862186     3.2525     2.7568     100.00   20.60060  -94.29112   -0.00182   -0.00255     4.6249     4.5970    28.3166    28.3402    36.4033    36.4008    23.3460    23.3359    1495.81    201.836    200.622         40 0.0000e+00
     149571   6232.094     39.750     40.000    28.3607    28.3870   5.863617   5.865968     3.2476     2.7488     100.00   20.60060  -94.29112   -0.00064   -0.00234     4.6130     4.5792    28.3511    28.3774    36.4038    36.4000    23.3350    23.3234    1495.81    201.318    199.844         59 0.0000e+00
     149624   6234.282     38.757     39.000    28.4006    28.3814   5.867231   5.865787     3.2454     2.7489     100.00   20.60060  -94.29112   -0.00224   -0.00264     4.6052     4.5792    28.3913    28.3721    36.3987    36.4033    23.3178    23.3276    1495.81    200.984    199.846         44 0.0000e+00
     149671   6236.237     37.763     38.000    28.6809    28.7146   5.899336   5.903428     3.2469     2.7479     100.00   20.60060  -94.29112    0.00032    0.00076     4.5859     4.5535    28.6718    28.7055    36.4080    36.4107    23.2315    23.2223    1495.81    200.157    198.741         55 0.0000e+00
     149725   6238.504     36.769     37.000    28.8881    28.8190   5.922358   5.915250     3.2264     2.7228     100.00   20.60060  -94.29112   -0.00508   -0.00878     4.5300     4.4924    28.8791    28.8101    36.4099    36.4133    23.1636    23.1893    1495.81    197.730    196.085         47 0.0000e+00
     149770   6240.362     35.776     36.000    29.1550    29.2277   5.954254   5.962088     3.2041     2.7153     100.00   20.60060  -94.29112   -0.00984   -0.00662     4.4678     4.4476    29.1462    29.2190    36.4274    36.4261    23.0871    23.0615    1495.81    195.028    194.151         50 0.0000e+00
