Gulf of Mexico/GOMECC-4/1db/urb2103_0801.cnv
* Sea-Bird SBE 9 Data File:
* FileName = C:\Users\scs.user.rb\CTD\GOMECC4\data\rb2103_0801.hex
* Software Version Seasave V 7.26.7.107
* Temperature SN = 4799
* Conductivity SN = 3860
* Number of Bytes Per Scan = 41
* Number of Voltage Words = 4
* Number of Scans Averaged by the Deck Unit = 1
* NMEA Latitude = 22 16.43 N
* NMEA Longitude = 096 46.23 W
* NMEA UTC (Time) = Oct 06 2021  09:45:19
* NMEA baud rate = 4800
# nquan = 28
# nvalues = 524                         
# units = specified
# name 0 = scan: Scan Count
# name 1 = timeS: Time, Elapsed [seconds]
# name 2 = depSM: Depth [salt water, m]
# name 3 = prDM: Pressure, Digiquartz [db]
# name 4 = t090C: Temperature [ITS-90, deg C]
# name 5 = t190C: Temperature, 2 [ITS-90, deg C]
# name 6 = c0S/m: Conductivity [S/m]
# name 7 = c1S/m: Conductivity, 2 [S/m]
# name 8 = sbeox0V: Oxygen raw, SBE 43 [V]
# name 9 = sbeox1V: Oxygen raw, SBE 43, 2 [V]
# name 10 = altM: Altimeter [m]
# name 11 = latitude: Latitude [deg]
# name 12 = longitude: Longitude [deg]
# name 13 = sbox0dV/dT: Oxygen, SBE 43 [dov/dt]
# name 14 = sbox1dV/dT: Oxygen, SBE 43, 2 [dov/dt]
# name 15 = sbeox0ML/L: Oxygen, SBE 43 [ml/l], WS = 5
# name 16 = sbeox1ML/L: Oxygen, SBE 43, 2 [ml/l], WS = 5
# name 17 = potemp090C: Potential Temperature [ITS-90, deg C]
# name 18 = potemp190C: Potential Temperature, 2 [ITS-90, deg C]
# name 19 = sal00: Salinity, Practical [PSU]
# name 20 = sal11: Salinity, Practical, 2 [PSU]
# name 21 = sigma-é00: Density [sigma-theta, kg/m^3]
# name 22 = sigma-é11: Density, 2 [sigma-theta, kg/m^3]
# name 23 = avgsvCM: Average Sound Velocity [Chen-Millero, m/s], minP = 20, minS = 20
# name 24 = sbox0Mm/Kg: Oxygen, SBE 43 [umol/kg], WS = 5
# name 25 = sbox1Mm/Kg: Oxygen, SBE 43, 2 [umol/kg], WS = 5
# name 26 = nbin: number of scans per bin
# name 27 = flag: flag
# span 0 =      64894,     155916       
# span 1 =   2703.865,   6496.443       
# span 2 =      0.994,   2014.466       
# span 3 =      1.000,   2037.000       
# span 4 =     4.2662,    29.5762       
# span 5 =     4.2668,    29.6147       
# span 6 =   3.341237,   5.975889       
# span 7 =   3.341225,   5.976338       
# span 8 =     1.5711,     3.2217       
# span 9 =     1.2735,     2.7516       
# span 10 =       9.74,     102.03      
# span 11 =   22.24773,   22.52182      
# span 12 =  -97.84783,  -96.65703      
# span 13 =   -0.04603,    0.03950      
# span 14 =   -0.03808,    0.03477      
# span 15 =     2.3908,     4.8936      
# span 16 =     2.4069,     4.8955      
# span 17 =     4.1054,    29.5728      
# span 18 =     4.1063,    29.6113      
# span 19 =    34.9071,    36.4870      
# span 20 =    34.9060,    36.4877      
# span 21 =    22.7236,    27.7539      
# span 22 =    22.7221,    27.7529      
# span 23 =    1494.87,    1513.28      
# span 24 =    103.967,    213.334      
# span 25 =    104.670,    213.415      
# span 26 =         30,         71      
# span 27 = 0.0000e+00, 0.0000e+00      
# interval = decibars: 1                
# start_time = Oct 06 2021 09:45:19 [NMEA time, header]
# bad_flag = -9.990e-29
*END*
[from data line 104]
      86725   3613.496   1368.823   1382.000     4.3170     4.3177   3.342138   3.342119     1.9623     1.6385     100.00   22.27430  -96.77247    0.00008    0.00025     4.5942     4.6194     4.2042     4.2049    34.9680    34.9670    27.7391    27.7383    1496.65    199.638    200.733         30 0.0000e+00
      86878   3619.869   1362.899   1376.000     4.3283     4.3288   3.342814   3.342777     1.9625     1.6380     100.00   22.27403  -96.77129 -8.822e-07   -0.00011     4.5896     4.6122     4.2159     4.2163    34.9670    34.9661    27.7371    27.7363    1496.64    199.439    200.423         34 0.0000e+00
      87030   3626.217   1356.976   1370.000     4.3356     4.3359   3.343147   3.343098     1.9609     1.6362     100.00   22.27374  -96.77001   -0.00031   -0.00029     4.5793     4.6007     4.2236     4.2240    34.9662    34.9652    27.7356    27.7348    1496.62    198.993    199.921         33 0.0000e+00
      87617   3650.687   1334.267   1347.000     4.3415     4.3421   3.342722   3.342701     1.9607     1.6363     100.00   22.27419  -96.77200    0.00015    0.00006     4.5641     4.5865     4.2316     4.2322    34.9664    34.9655    27.7349    27.7341    1496.65    198.331    199.306         34 0.0000e+00
      87650   3652.058   1333.280   1346.000     4.3418     4.3423   3.342674   3.342639     1.9608     1.6367     100.00   22.27394  -96.77090    0.00006    0.00014     4.5638     4.5877     4.2320     4.2325    34.9659    34.9650    27.7345    27.7337    1496.63    198.320    199.358         31 0.0000e+00
      87796   3658.134   1327.355   1340.000     4.3423     4.3427   3.342478   3.342442     1.9615     1.6375      89.33   22.27412  -96.77169    0.00015    0.00003     4.5628     4.5869     4.2330     4.2334    34.9661    34.9653    27.7345    27.7338    1496.64    198.274    199.322         30 0.0000e+00
      88177   3673.982   1312.544   1325.000     4.3441     4.3445   3.341983   3.341941     1.9636     1.6393     100.00   22.27394  -96.77095    0.00018    0.00025     4.5613     4.5850     4.2362     4.2366    34.9658    34.9649    27.7339    27.7332    1496.63    198.212    199.241         30 0.0000e+00
      88355   3681.424   1305.631   1318.000     4.3505     4.3509   3.342207   3.342169     1.9636     1.6394     100.00   22.27371  -96.76998   -0.00007   -0.00007     4.5563     4.5804     4.2432     4.2436    34.9651    34.9642    27.7326    27.7319    1496.62    197.995    199.043         41 0.0000e+00
      88505   3687.682   1299.706   1312.000     4.3535     4.3537   3.342328   3.342270     1.9638     1.6387     100.00   22.27464  -96.77402    0.00001   -0.00002     4.5533     4.5736     4.2466     4.2468    34.9665    34.9656    27.7333    27.7326    1496.68    197.862    198.743         34 0.0000e+00
      88538   3689.049   1298.718   1311.000     4.3531     4.3535   3.342152   3.342118     1.9636     1.6387      70.67   22.27392  -96.77088   -0.00005   -0.00001     4.5520     4.5732     4.2464     4.2468    34.9652    34.9644    27.7323    27.7317    1496.63    197.808    198.730         35 0.0000e+00
      89116   3713.126   1276.003   1288.000     4.3575     4.3576   3.341532   3.341468     1.9657     1.6410     100.00   22.27380  -96.77036    0.00006    0.00002     4.5456     4.5682     4.2528     4.2529    34.9647    34.9639    27.7313    27.7306    1496.62    197.526    198.509         36 0.0000e+00
      89266   3719.357   1270.077   1282.000     4.3602     4.3607   3.341513   3.341478     1.9658     1.6411      78.17   22.27381  -96.77041    0.00006    0.00004     4.5420     4.5645     4.2560     4.2565    34.9646    34.9637    27.7309    27.7301    1496.62    197.374    198.351         31 0.0000e+00
      89702   3737.530   1253.286   1265.000     4.3661     4.3666   3.341426   3.341390     1.9667     1.6423      66.10   22.27484  -96.77489    0.00012    0.00010     4.5344     4.5583     4.2635     4.2639    34.9659    34.9650    27.7311    27.7303    1496.69    197.041    198.083         35 0.0000e+00
      89733   3738.819   1252.298   1264.000     4.3659     4.3666   3.341237   3.341225     1.9669     1.6422     101.69   22.27392  -96.77088   -0.00007    0.00005     4.5346     4.5577     4.2633     4.2641    34.9643    34.9634    27.7298    27.7290    1496.63    197.049    198.057         31 0.0000e+00
      89850   3743.728   1247.359   1259.000     4.3704     4.3719   3.341494   3.341556     1.9677     1.6423     100.00   22.27453  -96.77354    0.00012   -0.00006     4.5340     4.5544     4.2682     4.2697    34.9652    34.9642    27.7300    27.7291    1496.67    197.026    197.910         33 0.0000e+00
      89882   3745.048   1246.371   1258.000     4.3702     4.3740   3.341354   3.341592     1.9673     1.6424     100.00   22.27392  -96.77088   -0.00002   -0.00006     4.5323     4.5538     4.2681     4.2719    34.9642    34.9629    27.7292    27.7277    1496.63    196.950    197.884         33 0.0000e+00
      90640   3776.629   1216.736   1228.000     4.3947     4.3952   3.342279   3.342244     1.9649     1.6408     100.00   22.27470  -96.77418   -0.00010   -0.00002     4.5025     4.5273     4.2951     4.2956    34.9642    34.9633    27.7263    27.7255    1496.68    195.656    196.734         31 0.0000e+00
      90669   3777.836   1215.748   1227.000     4.3943     4.3951   3.342099   3.342098     1.9650     1.6409     100.00   22.27393  -96.77088   -0.00006   -0.00003     4.5026     4.5270     4.2948     4.2956    34.9630    34.9622    27.7254    27.7246    1496.63    195.661    196.720         31 0.0000e+00
      90790   3782.859   1210.808   1222.000     4.3992     4.4001   3.342282   3.342277     1.9657     1.6410     100.00   22.27370  -96.76994    0.00012    0.00002     4.5016     4.5238     4.3001     4.3010    34.9624    34.9614    27.7243    27.7235    1496.62    195.617    196.584         36 0.0000e+00
      91326   3805.212   1191.048   1202.000     4.4348     4.4358   3.344757   3.344772     1.9588     1.6350     100.01   22.27584  -96.77914   -0.00018   -0.00002     4.4603     4.4842     4.3372     4.3382    34.9640    34.9631    27.7216    27.7208    1496.76    193.824    194.864         35 0.0000e+00
      91542   3814.191   1190.060   1201.000     4.4331     4.4352   3.344303   3.344418     1.9581     1.6346     100.00   22.27394  -96.77088   -0.00006    0.00008     4.4575     4.4823     4.3356     4.3376    34.9609    34.9600    27.7193    27.7184    1496.63    193.703    194.779         43 0.0000e+00
      91967   3831.897   1189.071   1200.000     4.4363     4.4376   3.344534   3.344591     1.9578     1.6346      97.90   22.27394  -96.77087   -0.00002    0.00011     4.4557     4.4812     4.3388     4.3401    34.9608    34.9600    27.7188    27.7181    1496.63    193.624    194.735         61 0.0000e+00
      92843   3868.396   1188.083   1199.000     4.4384     4.4391   3.344683   3.344681     1.9573     1.6344     100.09   22.27394  -96.77086    0.00000   -0.00008     4.4529     4.4796     4.3410     4.3417    34.9608    34.9600    27.7186    27.7179    1496.63    193.504    194.665         37 0.0000e+00
      92901   3870.844   1185.119   1196.000     4.4385     4.4390   3.344618   3.344597     1.9584     1.6349     100.00   22.27436  -96.77269    0.00026    0.00015     4.4549     4.4799     4.3413     4.3419    34.9615    34.9607    27.7191    27.7184    1496.66    193.592    194.677         36 0.0000e+00
      92933   3872.178   1184.131   1195.000     4.4386     4.4390   3.344523   3.344493     1.9586     1.6349     100.00   22.27394  -96.77086    0.00029    0.00013     4.4552     4.4794     4.3416     4.3419    34.9607    34.9599    27.7184    27.7178    1496.63    193.602    194.654         30 0.0000e+00
      93035   3876.398   1180.179   1191.000     4.4415     4.4416   3.344700   3.344635     1.9590     1.6356      87.78   22.27455  -96.77351    0.00006    0.00019     4.4541     4.4793     4.3448     4.3449    34.9618    34.9608    27.7190    27.7182    1496.67    193.554    194.650         31 0.0000e+00
      93064   3877.614   1179.191   1190.000     4.4418     4.4420   3.344581   3.344536     1.9590     1.6352     100.29   22.27394  -96.77086    0.00009    0.00012     4.4534     4.4771     4.3452     4.3454    34.9605    34.9597    27.7179    27.7173    1496.63    193.526    194.554         31 0.0000e+00
      93434   3893.033   1165.357   1176.000     4.4641     4.4652   3.345951   3.345969     1.9573     1.6336      92.47   22.27413  -96.77167   -0.00034   -0.00020     4.4364     4.4599     4.3686     4.3696    34.9600    34.9591    27.7150    27.7141    1496.64    192.787    193.808         33 0.0000e+00
      93594   3899.714   1159.427   1170.000     4.4683     4.4691   3.346020   3.346026     1.9555     1.6322     100.00   22.27397  -96.77099   -0.00017   -0.00009     4.4260     4.4505     4.3733     4.3740    34.9594    34.9587    27.7139    27.7133    1496.63    192.333    193.402         33 0.0000e+00
      93753   3906.326   1153.498   1164.000     4.4704     4.4708   3.345999   3.345964     1.9558     1.6323      90.95   22.27437  -96.77276    0.00015    0.00013     4.4233     4.4475     4.3759     4.3763    34.9600    34.9592    27.7141    27.7135    1496.66    192.216    193.269         33 0.0000e+00
      93783   3907.602   1152.510   1163.000     4.4707     4.4711   3.345918   3.345888     1.9560     1.6325     100.12   22.27394  -96.77088    0.00015    0.00024     4.4233     4.4474     4.3763     4.3766    34.9592    34.9584    27.7134    27.7128    1496.63    192.219    193.265         31 0.0000e+00
      93968   3915.278   1145.592   1156.000     4.4726     4.4731   3.345802   3.345781     1.9560     1.6326     100.00   22.27410  -96.77158   -0.00000    0.00000     4.4191     4.4437     4.3787     4.3793    34.9594    34.9586    27.7134    27.7127    1496.64    192.036    193.104         33 0.0000e+00
      94125   3921.849   1139.662   1150.000     4.4856     4.4875   3.346657   3.346784     1.9560     1.6316     100.00   22.27403  -96.77127   -0.00004   -0.00038     4.4140     4.4345     4.3922     4.3941    34.9587    34.9582    27.7113    27.7107    1496.64    191.813    192.706         41 0.0000e+00
      94282   3928.390   1133.732   1144.000     4.5101     4.5118   3.348580   3.348635     1.9538     1.6295     100.00   22.27426  -96.77229   -0.00030   -0.00042     4.3997     4.4199     4.4170     4.4187    34.9584    34.9573    27.7084    27.7073    1496.65    191.191    192.070         35 0.0000e+00
      94316   3929.776   1132.744   1143.000     4.5101     4.5127   3.348485   3.348612     1.9527     1.6284      41.17   22.27394  -96.77088   -0.00059   -0.00081     4.3952     4.4150     4.4172     4.4197    34.9577    34.9565    27.7078    27.7066    1496.63    190.998    191.858         32 0.0000e+00
      94470   3936.206   1126.814   1137.000     4.5358     4.5370   3.350490   3.350510     1.9491     1.6249      99.02   22.27440  -96.77288   -0.00063   -0.00052     4.3758     4.3951     4.4432     4.4443    34.9572    34.9562    27.7045    27.7036    1496.66    190.155    190.994         35 0.0000e+00
      94502   3937.539   1125.826   1136.000     4.5375     4.5422   3.350505   3.350804     1.9479     1.6235     100.03   22.27394  -96.77088   -0.00081   -0.00083     4.3709     4.3884     4.4449     4.4496    34.9561    34.9547    27.7035    27.7018    1496.63    189.941    190.705         31 0.0000e+00
      94658   3944.030   1119.895   1130.000     4.5849     4.5875   3.354414   3.354541     1.9425     1.6167     100.00   22.27423  -96.77213   -0.00122   -0.00144     4.3422     4.3534     4.4925     4.4950    34.9549    34.9537    27.6973    27.6960    1496.65    188.698    189.184         34 0.0000e+00
      94815   3950.598   1113.965   1124.000     4.6059     4.6082   3.355934   3.355979     1.9352     1.6112     100.00   22.27367  -96.76970   -0.00095   -0.00058     4.3104     4.3263     4.5138     4.5160    34.9536    34.9518    27.6939    27.6922    1496.61    187.317    188.004         30 0.0000e+00
      94976   3957.272   1108.034   1118.000     4.6286     4.6294   3.357688   3.357683     1.9303     1.6071     100.00   22.27430  -96.77244   -0.00065   -0.00060     4.2869     4.3046     4.5368     4.5377    34.9532    34.9523    27.6910    27.6902    1496.65    186.295    187.065         31 0.0000e+00
      95006   3958.545   1107.046   1117.000     4.6293     4.6300   3.357650   3.357641     1.9293     1.6065     100.00   22.27394  -96.77088   -0.00081   -0.00074     4.2828     4.3018     4.5376     4.5383    34.9525    34.9517    27.6904    27.6896    1496.63    186.117    186.944         33 0.0000e+00
      95135   3963.932   1102.103   1112.000     4.6326     4.6332   3.357763   3.357738     1.9268     1.6043     100.00   22.27426  -96.77227   -0.00038   -0.00042     4.2708     4.2902     4.5413     4.5419    34.9529    34.9520    27.6903    27.6895    1496.65    185.595    186.437         31 0.0000e+00
      95165   3965.153   1101.115   1111.000     4.6329     4.6332   3.357687   3.357641     1.9265     1.6044     100.00   22.27394  -96.77088   -0.00034   -0.00030     4.2693     4.2900     4.5418     4.5420    34.9522    34.9514    27.6896    27.6890    1496.63    185.529    186.430         30 0.0000e+00
      95321   3971.684   1095.184   1105.000     4.6371     4.6374   3.357836   3.357791     1.9259     1.6044      80.69   22.27415  -96.77181   -0.00010   -0.00002     4.2631     4.2862     4.5465     4.5468    34.9525    34.9516    27.6894    27.6886    1496.64    185.261    186.265         32 0.0000e+00
      95352   3972.967   1094.196   1104.000     4.6372     4.6383   3.357765   3.357780     1.9256     1.6044      99.00   22.27394  -96.77090   -0.00007   -0.00002     4.2617     4.2855     4.5467     4.5477    34.9521    34.9511    27.6890    27.6881    1496.63    185.201    186.235         30 0.0000e+00
      95537   3980.650   1087.276   1097.000     4.6545     4.6562   3.359004   3.359065     1.9258     1.6038     100.00   22.27420  -96.77202    0.00001   -0.00012     4.2564     4.2771     4.5644     4.5661    34.9518    34.9508    27.6868    27.6859    1496.65    184.968    185.870         32 0.0000e+00
      95567   3981.924   1086.288   1096.000     4.6550     4.6582   3.358974   3.359150     1.9249     1.6032     100.00   22.27394  -96.77090   -0.00019   -0.00036     4.2525     4.2741     4.5650     4.5682    34.9515    34.9502    27.6865    27.6851    1496.63    184.800    185.740         30 0.0000e+00
      95723   3988.416   1080.356   1090.000     4.6793     4.6814   3.360835   3.360909     1.9222     1.6003     100.00   22.27394  -96.77089   -0.00055   -0.00059     4.2370     4.2569     4.5896     4.5918    34.9506    34.9493    27.6831    27.6818    1496.63    184.129    184.991         33 0.0000e+00
      95881   3995.017   1074.424   1084.000     4.7001     4.7028   3.362360   3.362498     1.9186     1.5969     100.00   22.27380  -96.77030   -0.00054   -0.00067     4.2185     4.2380     4.6108     4.6135    34.9496    34.9483    27.6799    27.6786    1496.62    183.323    184.172         33 0.0000e+00
      96311   4012.903   1058.606   1068.000     4.7450     4.7455   3.365587   3.365551     1.9098     1.5886      99.04   22.27398  -96.77108   -0.00012   -0.00031     4.1735     4.1929     4.6568     4.6573    34.9481    34.9472    27.6735    27.6727    1496.63    181.369    182.214         30 0.0000e+00
      96418   4017.387   1054.651   1064.000     4.7628     4.7650   3.366978   3.367111     1.9085     1.5874     100.00   22.27424  -96.77221   -0.00028   -0.00027     4.1649     4.1838     4.6748     4.6770    34.9476    34.9468    27.6711    27.6702    1496.65    180.995    181.818         33 0.0000e+00
