Gulf of Mexico/GOMECC-4/1db/urb2103_0111.cnv
* Sea-Bird SBE 9 Data File:
* FileName = C:\Users\scs.user.rb\CTD\GOMECC4\data\rb2103_0111.hex
* Software Version Seasave V 7.26.7.107
* Temperature SN = 4799
* Conductivity SN = 3860
* Number of Bytes Per Scan = 41
* Number of Voltage Words = 4
* Number of Scans Averaged by the Deck Unit = 1
* NMEA Latitude = 26 26.63 N
* NMEA Longitude = 085 20.00 W
* NMEA UTC (Time) = Sep 18 2021  04:11:12
* NMEA baud rate = 4800
# nquan = 28
# nvalues = 615                         
# units = specified
# name 0 = scan: Scan Count
# name 1 = timeS: Time, Elapsed [seconds]
# name 2 = depSM: Depth [salt water, m]
# name 3 = prDM: Pressure, Digiquartz [db]
# name 4 = t090C: Temperature [ITS-90, deg C]
# name 5 = t190C: Temperature, 2 [ITS-90, deg C]
# name 6 = c0S/m: Conductivity [S/m]
# name 7 = c1S/m: Conductivity, 2 [S/m]
# name 8 = sbeox0V: Oxygen raw, SBE 43 [V]
# name 9 = sbeox1V: Oxygen raw, SBE 43, 2 [V]
# name 10 = altM: Altimeter [m]
# name 11 = latitude: Latitude [deg]
# name 12 = longitude: Longitude [deg]
# name 13 = sbox0dV/dT: Oxygen, SBE 43 [dov/dt]
# name 14 = sbox1dV/dT: Oxygen, SBE 43, 2 [dov/dt]
# name 15 = sbeox0ML/L: Oxygen, SBE 43 [ml/l], WS = 5
# name 16 = sbeox1ML/L: Oxygen, SBE 43, 2 [ml/l], WS = 5
# name 17 = potemp090C: Potential Temperature [ITS-90, deg C]
# name 18 = potemp190C: Potential Temperature, 2 [ITS-90, deg C]
# name 19 = sal00: Salinity, Practical [PSU]
# name 20 = sal11: Salinity, Practical, 2 [PSU]
# name 21 = sigma-é00: Density [sigma-theta, kg/m^3]
# name 22 = sigma-é11: Density, 2 [sigma-theta, kg/m^3]
# name 23 = avgsvCM: Average Sound Velocity [Chen-Millero, m/s], minP = 20, minS = 20
# name 24 = sbox0Mm/Kg: Oxygen, SBE 43 [umol/kg], WS = 5
# name 25 = sbox1Mm/Kg: Oxygen, SBE 43, 2 [umol/kg], WS = 5
# name 26 = nbin: number of scans per bin
# name 27 = flag: flag
# span 0 =     104645,     242778       
# span 1 =   4360.186,  10115.705       
# span 2 =      1.987,   3267.687       
# span 3 =      2.000,   3315.000       
# span 4 =     4.2967,    29.7991       
# span 5 =     4.2978,    29.7553       
# span 6 =   3.348280,   5.946046       
# span 7 =   3.348210,   5.946389       
# span 8 =     1.6153,     3.2418       
# span 9 =     1.3190,     2.7619       
# span 10 =      10.56,     102.32      
# span 11 =   26.38808,   27.23741      
# span 12 =  -87.89354,  -85.15284      
# span 13 =   -0.00758,    0.02889      
# span 14 =   -0.00609,    0.02498      
# span 15 =     2.5739,     4.7098      
# span 16 =     2.6046,     4.7321      
# span 17 =     4.0808,    29.7986      
# span 18 =     4.0820,    29.7549      
# span 19 =    34.8951,    36.5450      
# span 20 =    34.8939,    36.5451      
# span 21 =    22.3455,    27.7588      
# span 22 =    22.3516,    27.7571      
# span 23 =    1499.49,    1547.75      
# span 24 =    111.915,    205.421      
# span 25 =    113.250,    206.366      
# span 26 =         30,         73      
# span 27 = 0.0000e+00, 0.0000e+00      
# interval = decibars: 1                
# start_time = Sep 18 2021 04:11:12 [NMEA time, header]
# bad_flag = -9.990e-29
*END*
[from data line 311]
     187033   7792.992    742.763    749.000     6.1774     6.1823   3.477868   3.478168     1.7193     1.4164     100.00   26.44322  -85.33070   -0.00014   -0.00028     3.2335     3.2657     6.1092     6.1141    34.9042    34.9025    27.4630    27.4610    1502.62    140.550    141.950         32 0.0000e+00
     187163   7798.401    737.814    744.000     6.2211     6.2279   3.481630   3.482103     1.7174     1.4148      96.18   26.44376  -85.33243   -0.00042   -0.00032     3.2213     3.2540     6.1531     6.1599    34.9041    34.9025    27.4572    27.4551    1502.65    140.016    141.442         30 0.0000e+00
     187812   7825.470    713.064    719.000     6.3715     6.3734   3.494152   3.494253     1.7041     1.4021     100.00   26.44439  -85.33453   -0.00056   -0.00056     3.1553     3.1868     6.3051     6.3070    34.9028    34.9020    27.4363    27.4355    1502.69    137.154    138.522         32 0.0000e+00
     187840   7826.617    712.074    718.000     6.3697     6.3767   3.493777   3.494375     1.7028     1.4013     100.00   26.44358  -85.33190   -0.00073   -0.00078     3.1511     3.1835     6.3034     6.3103    34.9008    34.9004    27.4350    27.4337    1502.64    136.968    138.380         33 0.0000e+00
     187967   7831.925    707.125    713.000     6.4102     6.4125   3.497397   3.497520     1.7007     1.3984      91.86   26.44445  -85.33472   -0.00032   -0.00058     3.1386     3.1683     6.3442     6.3465    34.9024    34.9014    27.4309    27.4298    1502.69    136.428    137.718         33 0.0000e+00
     187994   7833.051    706.134    712.000     6.4085     6.4109   3.497077   3.497215     1.6997     1.3977      99.94   26.44358  -85.33190   -0.00049   -0.00058     3.1358     3.1654     6.3426     6.3450    34.9012    34.9000    27.4301    27.4289    1502.64    136.305    137.594         32 0.0000e+00
     188883   7870.072    673.459    679.000     6.5483     6.5498   3.508302   3.508314     1.6918     1.3920     100.01   26.44640  -85.34100   -0.00041   -0.00034     3.0849     3.1208     6.4850     6.4863    34.8998    34.8985    27.4102    27.4090    1502.80    134.098    135.657         51 0.0000e+00
     188950   7872.867    672.469    678.000     6.5449     6.5452   3.507624   3.507544     1.6910     1.3913     100.00   26.44358  -85.33190   -0.00019   -0.00001     3.0826     3.1185     6.4816     6.4819    34.8960    34.8948    27.4076    27.4066    1502.64    133.997    135.557         44 0.0000e+00
     189047   7876.918    671.479    677.000     6.5459     6.5515   3.507632   3.508112     1.6910     1.3912     100.00   26.44358  -85.33192   -0.00000    0.00009     3.0821     3.1175     6.4827     6.4883    34.8958    34.8952    27.4073    27.4061    1502.64    133.975    135.512         36 0.0000e+00
     189145   7881.016    670.488    676.000     6.5602     6.5696   3.508744   3.509620     1.6906     1.3908     100.00   26.44358  -85.33192   -0.00000   -0.00011     3.0789     3.1142     6.4970     6.5064    34.8956    34.8939    27.4052    27.4026    1502.64    133.837    135.370         38 0.0000e+00
     189279   7886.569    669.498    675.000     6.5904     6.5877   3.511384   3.511244     1.6899     1.3902     100.00   26.44358  -85.33192   -0.00022   -0.00008     3.0740     3.1098     6.5272     6.5245    34.8951    34.8942    27.4007    27.4005    1502.64    133.625    135.180         63 0.0000e+00
     190740   7947.468    668.508    674.000     6.6261     6.6263   3.514840   3.514778     1.6856     1.3869      81.52   26.44356  -85.33188   -0.00009   -0.00012     3.0573     3.0952     6.5628     6.5630    34.8954    34.8945    27.3963    27.3955    1502.64    132.896    134.547         44 0.0000e+00
     190842   7951.702    663.557    669.000     6.6423     6.6461   3.516343   3.516571     1.6860     1.3858     100.00   26.44451  -85.33494    0.00015   -0.00027     3.0551     3.0878     6.5794     6.5832    34.8977    34.8966    27.3958    27.3945    1502.69    132.803    134.222         31 0.0000e+00
     190868   7952.774    662.567    668.000     6.6450     6.6480   3.516368   3.516668     1.6855     1.3855      72.57   26.44356  -85.33188    0.00003   -0.00032     3.0531     3.0863     6.5822     6.5852    34.8960    34.8956    27.3941    27.3934    1502.64    132.715    134.159         32 0.0000e+00
     190898   7954.059    661.576    667.000     6.6542     6.6644   3.517149   3.517972     1.6852     1.3853      96.85   26.44356  -85.33188   -0.00020   -0.00016     3.0507     3.0838     6.5915     6.6016    34.8967    34.8963    27.3934    27.3917    1502.64    132.611    134.052         31 0.0000e+00
     190930   7955.385    660.586    666.000     6.6710     6.6873   3.518850   3.520295     1.6852     1.3849      99.98   26.44356  -85.33188   -0.00026   -0.00018     3.0489     3.0801     6.6083     6.6245    34.8981    34.8976    27.3923    27.3897    1502.64    132.533    133.891         32 0.0000e+00
     190961   7956.686    659.596    665.000     6.6894     6.7051   3.520552   3.521995     1.6845     1.3842     100.00   26.44356  -85.33188   -0.00015   -0.00030     3.0450     3.0760     6.6267     6.6423    34.8988    34.8988    27.3903    27.3882    1502.64    132.366    133.714         30 0.0000e+00
     190992   7957.965    658.605    664.000     6.7007     6.7148   3.521649   3.522953     1.6837     1.3821     100.00   26.44356  -85.33188   -0.00036   -0.00073     3.0410     3.0676     6.6380     6.6520    34.9000    34.9001    27.3897    27.3879    1502.64    132.192    133.346         32 0.0000e+00
     191024   7959.305    657.615    663.000     6.7141     6.7300   3.522965   3.524288     1.6819     1.3801     100.00   26.44356  -85.33188   -0.00078   -0.00129     3.0339     3.0592     6.6514     6.6673    34.9013    34.8998    27.3890    27.3856    1502.64    131.884    132.981         32 0.0000e+00
     191161   7965.017    652.664    658.000     6.7791     6.7857   3.528976   3.529466     1.6747     1.3727     100.00   26.44368  -85.33228   -0.00139   -0.00135     3.0041     3.0273     6.7166     6.7232    34.9043    34.9030    27.3824    27.3805    1502.65    130.586    131.597         32 0.0000e+00
     191192   7966.274    651.673    657.000     6.7825     6.7890   3.529227   3.529708     1.6730     1.3719     100.00   26.44356  -85.33188   -0.00138   -0.00091     2.9981     3.0241     6.7201     6.7266    34.9041    34.9028    27.3819    27.3799    1502.64    130.326    131.458         30 0.0000e+00
     191357   7973.186    645.731    651.000     6.8329     6.8410   3.533792   3.534404     1.6685     1.3689     100.00   26.44438  -85.33454   -0.00044   -0.00021     2.9773     3.0072     6.7709     6.7789    34.9064    34.9049    27.3767    27.3745    1502.69    129.424    130.725         30 0.0000e+00
     191382   7974.198    644.741    650.000     6.8382     6.8461   3.534124   3.534747     1.6677     1.3681     100.00   26.44356  -85.33188   -0.00054   -0.00047     2.9741     3.0037     6.7762     6.7841    34.9051    34.9039    27.3749    27.3729    1502.64    129.283    130.571         30 0.0000e+00
     192114   8004.719    617.009    622.000     7.0692     7.0809   3.554726   3.555653     1.6562     1.3576     100.00   26.44298  -85.32999   -0.00026   -0.00055     2.9095     2.9392     7.0089     7.0206    34.9115    34.9098    27.3479    27.3449    1502.61    126.479    127.772         34 0.0000e+00
     192269   8011.174    611.066    616.000     7.1250     7.1324   3.559883   3.560447     1.6527     1.3537     100.00   26.44303  -85.33018   -0.00060   -0.00070     2.8919     2.9199     7.0651     7.0724    34.9145    34.9132    27.3424    27.3403    1502.61    125.714    126.931         31 0.0000e+00
     192453   8018.823    604.132    609.000     7.1831     7.1947   3.564984   3.565875     1.6497     1.3518     100.00   26.44373  -85.33243   -0.00031   -0.00031     2.8755     2.9061     7.1236     7.1352    34.9153    34.9133    27.3348    27.3316    1502.65    125.001    126.335         30 0.0000e+00
     192605   8025.162    598.189    603.000     7.2458     7.2524   3.570788   3.571269     1.6471     1.3481     100.00   26.44341  -85.33139   -0.00037   -0.00071     2.8604     2.8873     7.1866     7.1932    34.9183    34.9169    27.3283    27.3263    1502.63    124.348    125.517         33 0.0000e+00
     192755   8031.417    592.245    597.000     7.3400     7.3597   3.579861   3.581655     1.6439     1.3455     100.00   26.44329  -85.33100   -0.00040   -0.00052     2.8412     2.8680     7.2810     7.3006    34.9254    34.9251    27.3205    27.3174    1502.62    123.514    124.680         31 0.0000e+00
     193800   8074.947    551.626    556.000     7.8142     7.8277   3.625050   3.626260     1.6262     1.3287      80.12   26.44489  -85.33618   -0.00004   -0.00017     2.7372     2.7634     7.7574     7.7708    34.9591    34.9588    27.2780    27.2757    1502.72    118.999    120.138         31 0.0000e+00
     193822   8075.860    550.635    555.000     7.8212     7.8287   3.625499   3.626149     1.6254     1.3282     100.41   26.44356  -85.33190   -0.00020   -0.00043     2.7342     2.7616     7.7645     7.7719    34.9573    34.9568    27.2754    27.2740    1502.64    118.866    120.058         31 0.0000e+00
     194013   8083.849    547.663    552.000     7.8170     7.8242   3.625181   3.625747     1.6224     1.3266      59.77   26.44523  -85.33730   -0.00023    0.00003     2.7243     2.7554     7.7606     7.7678    34.9598    34.9586    27.2780    27.2761    1502.74    118.438    119.789         41 0.0000e+00
     194132   8088.786    546.672    551.000     7.8360     7.8347   3.626783   3.626922     1.6225     1.3271      99.71   26.44356  -85.33190   -0.00005    0.00008     2.7228     2.7560     7.7796     7.7783    34.9582    34.9577    27.2740    27.2737    1502.64    118.370    119.814         30 0.0000e+00
     195240   8134.942    544.690    549.000     7.9886     7.9866   3.641883   3.641959     1.6186     1.3232     100.01   26.44500  -85.33656   -0.00004   -0.00010     2.6993     2.7316     7.9319     7.9299    34.9730    34.9721    27.2630    27.2625    1502.72    117.354    118.754         47 0.0000e+00
     195282   8136.721    543.699    548.000     7.9835     7.9835   3.641464   3.641236     1.6182     1.3234     100.00   26.44356  -85.33190   -0.00005   -0.00011     2.6985     2.7324     7.9268     7.9269    34.9698    34.9693    27.2612    27.2607    1502.64    117.316    118.789         51 0.0000e+00
     195392   8141.295    540.727    545.000     8.0762     8.0846   3.650914   3.651669     1.6200     1.3240     100.01   26.44560  -85.33849    0.00043    0.00016     2.6958     2.7260     8.0195     8.0279    34.9808    34.9805    27.2559    27.2544    1502.76    117.199    118.512         39 0.0000e+00
     195421   8142.493    539.736    544.000     8.0789     8.0808   3.651146   3.651184     1.6191     1.3228      95.23   26.44356  -85.33190    0.00002   -0.00024     2.6928     2.7219     8.0223     8.0242    34.9807    34.9792    27.2553    27.2539    1502.64    117.072    118.337         46 0.0000e+00
     195460   8144.121    538.745    543.000     8.1025     8.1084   3.653300   3.653801     1.6190     1.3225      99.06   26.44356  -85.33190   -0.00025   -0.00049     2.6904     2.7187     8.0459     8.0518    34.9807    34.9802    27.2518    27.2505    1502.64    116.966    118.196         33 0.0000e+00
     195491   8145.420    537.754    542.000     8.1268     8.1265   3.655938   3.655819     1.6189     1.3223      99.99   26.44356  -85.33190   -0.00013   -0.00023     2.6884     2.7167     8.0702     8.0699    34.9845    34.9837    27.2512    27.2506    1502.64    116.878    118.109         30 0.0000e+00
     195522   8146.695    536.763    541.000     8.1486     8.1483   3.657798   3.657945     1.6188     1.3222     100.00   26.44357  -85.33191   -0.00009   -0.00007     2.6862     2.7143     8.0920     8.0917    34.9854    34.9857    27.2485    27.2488    1502.64    116.784    118.006         31 0.0000e+00
     195558   8148.188    535.772    540.000     8.1606     8.1672   3.659264   3.659779     1.6184     1.3217      95.66   26.44357  -85.33192   -0.00010   -0.00017     2.6834     2.7111     8.1041     8.1107    34.9881    34.9870    27.2489    27.2469    1502.64    116.662    117.868         42 0.0000e+00
     195603   8150.102    534.781    539.000     8.1795     8.1855   3.661066   3.661477     1.6181     1.3218      96.79   26.44357  -85.33192   -0.00025   -0.00018     2.6810     2.7097     8.1230     8.1290    34.9893    34.9874    27.2469    27.2445    1502.64    116.559    117.806         45 0.0000e+00
     195712   8154.627    531.809    536.000     8.2445     8.2580   3.667862   3.669107     1.6180     1.3221     100.01   26.44555  -85.33825   -0.00003    0.00009     2.6748     2.7046     8.1881     8.2016    34.9986    34.9984    27.2444    27.2422    1502.75    116.290    117.583         36 0.0000e+00
     195739   8155.737    530.818    535.000     8.2537     8.2505   3.668553   3.667786     1.6172     1.3216     100.00   26.44358  -85.33190   -0.00020   -0.00010     2.6716     2.7032     8.1973     8.1941    34.9970    34.9956    27.2416    27.2410    1502.64    116.151    117.524         46 0.0000e+00
     195779   8157.407    529.827    534.000     8.2667     8.2648   3.669788   3.669486     1.6167     1.3212     100.00   26.44356  -85.33192   -0.00037   -0.00027     2.6689     2.7005     8.2104     8.2085    34.9975    34.9963    27.2400    27.2394    1502.64    116.030    117.406         33 0.0000e+00
     195845   8160.153    527.845    532.000     8.3152     8.3217   3.674797   3.675254     1.6172     1.3213      63.60   26.44433  -85.33437    0.00001   -0.00006     2.6660     2.6961     8.2589     8.2654    35.0036    35.0021    27.2374    27.2353    1502.68    115.908    117.214         31 0.0000e+00
     195874   8161.359    526.854    531.000     8.3333     8.3354   3.676418   3.676589     1.6170     1.3212      99.59   26.44357  -85.33190    0.00011    0.00001     2.6640     2.6945     8.2771     8.2792    35.0035    35.0032    27.2346    27.2340    1502.64    115.820    117.148         39 0.0000e+00
     195912   8162.978    525.863    530.000     8.3324     8.3441   3.676288   3.677411     1.6168     1.3211     100.00   26.44356  -85.33190   -0.00004   -0.00003     2.6631     2.6933     8.2763     8.2880    35.0034    35.0038    27.2346    27.2331    1502.64    115.780    117.094         38 0.0000e+00
     195949   8164.504    524.872    529.000     8.3642     8.3674   3.679508   3.679662     1.6165     1.3209     100.00   26.44356  -85.33190   -0.00018   -0.00006     2.6597     2.6909     8.3081     8.3113    35.0066    35.0051    27.2322    27.2306    1502.64    115.632    116.991         35 0.0000e+00
     195982   8165.861    523.881    528.000     8.4046     8.4035   3.683373   3.683429     1.6168     1.3206      60.01   26.44356  -85.33190   -0.00006   -0.00011     2.6576     2.6870     8.3485     8.3473    35.0080    35.0097    27.2271    27.2287    1502.64    115.543    116.820         30 0.0000e+00
     196013   8167.152    522.890    527.000     8.4207     8.4261   3.685278   3.685676     1.6169     1.3201      97.60   26.44357  -85.33190    0.00010   -0.00028     2.6562     2.6836     8.3646     8.3700    35.0128    35.0116    27.2284    27.2267    1502.64    115.480    116.673         33 0.0000e+00
     196047   8168.592    521.899    526.000     8.4324     8.4373   3.686287   3.686674     1.6164     1.3194      99.98   26.44356  -85.33190    0.00000   -0.00035     2.6536     2.6802     8.3763     8.3812    35.0124    35.0116    27.2263    27.2249    1502.64    115.370    116.526         36 0.0000e+00
