Gulf of Mexico/GOMECC-4/1db/urb2103_0301.cnv
* Sea-Bird SBE 9 Data File:
* FileName = C:\Users\scs.user.rb\CTD\GOMECC4\data\rb2103_0301.hex
* Software Version Seasave V 7.26.7.107
* Temperature SN = 4799
* Conductivity SN = 3860
* Number of Bytes Per Scan = 41
* Number of Voltage Words = 4
* Number of Scans Averaged by the Deck Unit = 1
* NMEA Latitude = 27 00.64 N
* NMEA Longitude = 086 59.98 W
* NMEA UTC (Time) = Sep 22 2021  07:53:47
* NMEA baud rate = 4800
# nquan = 28
# nvalues = 167                         
# units = specified
# name 0 = scan: Scan Count
# name 1 = timeS: Time, Elapsed [seconds]
# name 2 = depSM: Depth [salt water, m]
# name 3 = prDM: Pressure, Digiquartz [db]
# name 4 = t090C: Temperature [ITS-90, deg C]
# name 5 = t190C: Temperature, 2 [ITS-90, deg C]
# name 6 = c0S/m: Conductivity [S/m]
# name 7 = c1S/m: Conductivity, 2 [S/m]
# name 8 = sbeox0V: Oxygen raw, SBE 43 [V]
# name 9 = sbeox1V: Oxygen raw, SBE 43, 2 [V]
# name 10 = altM: Altimeter [m]
# name 11 = latitude: Latitude [deg]
# name 12 = longitude: Longitude [deg]
# name 13 = sbox0dV/dT: Oxygen, SBE 43 [dov/dt]
# name 14 = sbox1dV/dT: Oxygen, SBE 43, 2 [dov/dt]
# name 15 = sbeox0ML/L: Oxygen, SBE 43 [ml/l], WS = 5
# name 16 = sbeox1ML/L: Oxygen, SBE 43, 2 [ml/l], WS = 5
# name 17 = potemp090C: Potential Temperature [ITS-90, deg C]
# name 18 = potemp190C: Potential Temperature, 2 [ITS-90, deg C]
# name 19 = sal00: Salinity, Practical [PSU]
# name 20 = sal11: Salinity, Practical, 2 [PSU]
# name 21 = sigma-é00: Density [sigma-theta, kg/m^3]
# name 22 = sigma-é11: Density, 2 [sigma-theta, kg/m^3]
# name 23 = avgsvCM: Average Sound Velocity [Chen-Millero, m/s], minP = 20, minS = 20
# name 24 = sbox0Mm/Kg: Oxygen, SBE 43 [umol/kg], WS = 5
# name 25 = sbox1Mm/Kg: Oxygen, SBE 43, 2 [umol/kg], WS = 5
# name 26 = nbin: number of scans per bin
# name 27 = flag: flag
# span 0 =      92333,     208423       
# span 1 =   3847.159,   8684.257       
# span 2 =      1.987,   2920.998       
# span 3 =      2.000,   2961.000       
# span 4 =     4.2818,    29.3822       
# span 5 =     4.2827,    29.4449       
# span 6 =   3.342849,   5.942344       
# span 7 =   3.342781,   5.941575       
# span 8 =     1.6173,     3.1884       
# span 9 =     1.3202,     2.6990       
# span 10 =      14.50,     102.39      
# span 11 =   26.14856,   27.52997      
# span 12 =  -88.78837,  -84.33053      
# span 13 =   -0.00149,    0.03195      
# span 14 =   -0.00363,    0.02947      
# span 15 =     2.5551,     4.7030      
# span 16 =     2.5814,     4.7293      
# span 17 =     4.0808,    29.3800      
# span 18 =     4.0819,    29.4444      
# span 19 =    34.7247,    36.5921      
# span 20 =    34.7377,    36.5759      
# span 21 =    21.9884,    27.7585      
# span 22 =    21.9987,    27.7569      
# span 23 =    1455.18,    1532.11      
# span 24 =    111.109,    204.364      
# span 25 =    112.253,    205.506      
# span 26 =         30,         81      
# span 27 = 0.0000e+00, 0.0000e+00      
# interval = decibars: 1                
# start_time = Sep 22 2021 07:53:47 [NMEA time, header]
# bad_flag = -9.990e-29
*END*
[from data line 156]
     199056   8293.969     21.854     22.000    29.0160    29.0208   5.894537   5.894935     3.1350     2.6554     100.00   26.97653  -86.99722   -0.00095   -0.00088     4.3543     4.3419    29.0106    29.0154    36.1242    36.1234    22.9049    22.9027    1501.19    190.108    189.568         53 0.0000e+00
     199112   8296.297     20.861     21.000    29.0197    29.0230   5.894697   5.895045     3.1375     2.6565     100.00   26.97651  -86.99722    0.00138    0.00090     4.3580     4.3434    29.0146    29.0179    36.1228    36.1227    22.9025    22.9013    1501.19    190.270    189.634         55 0.0000e+00
     199165   8298.488     19.867     20.000    29.0294    29.0302   5.894440   5.894512     3.1362     2.6568     100.00   26.97649  -86.99722   -0.00014    0.00012     4.3546     4.3433    29.0245    29.0253    36.1140    36.1139    22.8926    22.8922    1501.19    190.126    189.631         52 0.0000e+00
     199219   8300.734     18.874     19.000    29.0330    29.0296   5.893928   5.894247     3.1373     2.6592      92.26   26.97647  -86.99720    0.00012    0.00084     4.3560     4.3476    29.0284    29.0249    36.1080    36.1128    22.8868    22.8916    1501.19    190.184    189.820         52 0.0000e+00
     202060   8419.136     13.907     14.000    29.1193    29.1203   5.900430   5.901302     3.1475     2.6687     100.38   27.07944  -87.33171   -0.00014   -0.00045     4.3707     4.3639    29.1159    29.1170    36.1558    36.1610    22.9145    22.9181    1506.97    190.841    190.541         30 0.0000e+00
     202947   8456.085     10.927     11.000    29.1990    29.1986   5.911383   5.912862     3.1579     2.6742     100.54   27.15584  -87.57848   -0.00093   -0.00098     4.3855     4.3717    29.1963    29.1960    36.2213    36.2318    22.9523    22.9603    1511.23    191.489    190.887         39 0.0000e+00
     204207   8508.573      8.941      9.000    29.3822    29.3797   5.942344   5.941575     3.1768     2.6910     101.19   27.29601  -88.03080   -0.00042    0.00083     4.4099     4.3977    29.3800    29.3775    36.3874    36.3835    23.0441    23.0420    1519.03    192.561    192.029         30 0.0000e+00
     201903   8412.580      7.947      8.000    29.0378    29.0303   5.867949   5.866584     3.1398     2.6576     100.00   26.97538  -86.99686   -0.00021    0.00016     4.3587     4.3431    29.0358    29.0283    35.9281    35.9242    22.7491    22.7487    1501.19    190.330    189.651         33 0.0000e+00
     195896   8162.289      5.960      6.000    28.1075    28.1047   5.668873   5.670564     3.0379     2.5747      96.94   26.14856  -84.33053   -0.00106   -0.00013     4.2197     4.2092    28.1062    28.1033    34.7247    34.7377    21.9884    21.9987    1455.18    184.272    183.813         36 0.0000e+00
     204376   8515.639      3.974      4.000    29.2252    29.2208   5.883979   5.883078     3.1599     2.6801      43.20   27.24968  -87.88199   -0.00066   -0.00048     4.3930     4.3891    29.2242    29.2198    36.0740    36.0725    22.8514    22.8520    1516.46    191.851    191.682         32 0.0000e+00
     208423   8684.257      1.987      2.000    29.3295    29.4449   5.898632   5.921696     3.1884     2.6990      66.61   27.52997  -88.78837    0.00012   -0.00060     4.4220     4.4235    29.3290    29.4444    36.2098    36.3489    22.9543    23.0413    1532.11    193.127    193.193         50 0.0000e+00
