Gulf of Mexico/GOMECC-4/1db/urb2103_1291.cnv
* Sea-Bird SBE 9 Data File:
* FileName = C:\Users\scs.user.rb\CTD\GOMECC4\data\rb2103_1291.hex
* Software Version Seasave V 7.26.7.107
* Temperature SN = 4799
* Conductivity SN = 3860
* Number of Bytes Per Scan = 41
* Number of Voltage Words = 4
* Number of Scans Averaged by the Deck Unit = 1
* NMEA Latitude = 26 57.28 N
* NMEA Longitude = 082 45.08 W
* NMEA UTC (Time) = Oct 19 2021  09:01:59
* NMEA baud rate = 4800
# nquan = 28
# nvalues = 10                          
# units = specified
# name 0 = scan: Scan Count
# name 1 = timeS: Time, Elapsed [seconds]
# name 2 = depSM: Depth [salt water, m]
# name 3 = prDM: Pressure, Digiquartz [db]
# name 4 = t090C: Temperature [ITS-90, deg C]
# name 5 = t190C: Temperature, 2 [ITS-90, deg C]
# name 6 = c0S/m: Conductivity [S/m]
# name 7 = c1S/m: Conductivity, 2 [S/m]
# name 8 = sbeox0V: Oxygen raw, SBE 43 [V]
# name 9 = sbeox1V: Oxygen raw, SBE 43, 2 [V]
# name 10 = altM: Altimeter [m]
# name 11 = latitude: Latitude [deg]
# name 12 = longitude: Longitude [deg]
# name 13 = sbox0dV/dT: Oxygen, SBE 43 [dov/dt]
# name 14 = sbox1dV/dT: Oxygen, SBE 43, 2 [dov/dt]
# name 15 = sbeox0ML/L: Oxygen, SBE 43 [ml/l], WS = 5
# name 16 = sbeox1ML/L: Oxygen, SBE 43, 2 [ml/l], WS = 5
# name 17 = potemp090C: Potential Temperature [ITS-90, deg C]
# name 18 = potemp190C: Potential Temperature, 2 [ITS-90, deg C]
# name 19 = sal00: Salinity, Practical [PSU]
# name 20 = sal11: Salinity, Practical, 2 [PSU]
# name 21 = sigma-é00: Density [sigma-theta, kg/m^3]
# name 22 = sigma-é11: Density, 2 [sigma-theta, kg/m^3]
# name 23 = avgsvCM: Average Sound Velocity [Chen-Millero, m/s], minP = 20, minS = 20
# name 24 = sbox0Mm/Kg: Oxygen, SBE 43 [umol/kg], WS = 5
# name 25 = sbox1Mm/Kg: Oxygen, SBE 43, 2 [umol/kg], WS = 5
# name 26 = nbin: number of scans per bin
# name 27 = flag: flag
# span 0 =      16348,      21791       
# span 1 =    681.116,    907.903       
# span 2 =      0.993,     18.874       
# span 3 =      1.000,     19.000       
# span 4 =    28.0890,    28.8142       
# span 5 =    28.0932,    28.8159       
# span 6 =   5.733537,   5.883752       
# span 7 =   5.734099,   5.884050       
# span 8 =     3.0782,     3.1590       
# span 9 =     2.5989,     2.6677       
# span 10 =       7.18,      23.73      
# span 11 =   26.53812,   27.24086      
# span 12 =  -83.62887,  -81.47135      
# span 13 =   -0.00042,    0.00091      
# span 14 =   -0.00141,    0.00079      
# span 15 =     4.3053,     4.4241      
# span 16 =     4.2748,     4.3941      
# span 17 =    28.0866,    28.8097      
# span 18 =    28.0908,    28.8113      
# span 19 =    35.4464,    36.3853      
# span 20 =    35.4471,    36.3861      
# span 21 =    22.6197,    23.2258      
# span 22 =    22.6189,    23.2259      
# span 23 =    1519.97,    1560.22      
# span 24 =    187.957,    193.140      
# span 25 =    186.624,    191.830      
# span 26 =         31,         57      
# span 27 = 0.0000e+00, 0.0000e+00      
# interval = decibars: 1                
# start_time = Oct 19 2021 09:01:59 [NMEA time, header]
# bad_flag = -9.990e-29
*END*
      16428    684.464     18.874     19.000    28.8142    28.8159   5.883752   5.884050     3.1590     2.6677       7.18   27.24086  -83.62887   -0.00011   -0.00034     4.4241     4.3941    28.8097    28.8113    36.3853    36.3861    23.2258    23.2259    1560.22    193.140    191.830         35 0.0000e+00
      16348    681.116     17.881     18.000    28.5120    28.5136   5.821990   5.822299     3.1241     2.6408       7.83   26.95506  -82.75146   -0.00042   -0.00032     4.3740     4.3498    28.5077    28.5093    36.0035    36.0045    22.9820    22.9822    1543.85    190.955    189.898         31 0.0000e+00
      16462    685.856     16.888     17.000    28.5133    28.5149   5.822069   5.822374     3.1267     2.6435       8.82   26.95506  -82.75146    0.00091    0.00055     4.3782     4.3546    28.5093    28.5109    36.0033    36.0043    22.9814    22.9815    1543.85    191.138    190.106         41 0.0000e+00
      16574    690.549     15.894     16.000    28.5136    28.5152   5.822069   5.822375     3.1274     2.6392       9.77   26.95508  -82.75146    0.00013   -0.00141     4.3789     4.3454    28.5097    28.5114    36.0035    36.0043    22.9813    22.9814    1543.85    191.167    189.705         40 0.0000e+00
      17066    711.032      9.934     10.000    28.0890    28.0932   5.733537   5.734099     3.0782     2.5989      15.12   26.53812  -81.47135    0.00015   -0.00056     4.3053     4.2748    28.0866    28.0908    35.4464    35.4471    22.6197    22.6189    1519.97    187.957    186.624         32 0.0000e+00
      19219    800.738      4.967      5.000    28.6092    28.6072   5.839694   5.839605     3.1347     2.6474      20.36   27.03172  -82.98643   -0.00014   -0.00014     4.3816     4.3525    28.6080    28.6061    36.1055    36.1064    23.0407    23.0420    1548.23    191.287    190.017         49 0.0000e+00
      19299    804.097      3.974      4.000    28.5263    28.5252   5.822916   5.822891     3.1289     2.6418      21.13   26.95520  -82.75150    0.00046    0.00043     4.3743     4.3437    28.5253    28.5242    36.0033    36.0040    22.9760    22.9769    1543.85    190.968    189.631         48 0.0000e+00
      20409    850.316      2.980      3.000    28.5117    28.5108   5.821335   5.821383     3.1283     2.6399      21.93   26.95524  -82.75150    0.00018    0.00035     4.3740     4.3404    28.5110    28.5101    36.0036    36.0047    22.9810    22.9821    1543.85    190.952    189.488         57 0.0000e+00
      21707    904.436      1.987      2.000    28.5009    28.5025   5.820157   5.820477     3.1282     2.6396      22.78   26.95530  -82.75150    0.00009   -0.00069     4.3741     4.3397    28.5004    28.5020    36.0040    36.0050    22.9848    22.9850    1543.85    190.957    189.458         43 0.0000e+00
      21791    907.903      0.993      1.000    28.4919    28.4940   5.819217   5.819555     3.1281     2.6421      23.73   26.95530  -82.75150    0.00007    0.00079     4.3740     4.3450    28.4916    28.4938    36.0046    36.0053    22.9881    22.9880    1543.85    190.955    189.685         51 0.0000e+00
