Gulf of Mexico/GOMECC-4/1db/urb2103_0651.cnv
* Sea-Bird SBE 9 Data File:
* FileName = C:\Users\scs.user.rb\CTD\GOMECC4\data\rb2103_0651.hex
* Software Version Seasave V 7.26.7.107
* Temperature SN = 4799
* Conductivity SN = 3860
* Number of Bytes Per Scan = 41
* Number of Voltage Words = 4
* Number of Scans Averaged by the Deck Unit = 1
* NMEA Latitude = 26 03.47 N
* NMEA Longitude = 096 19.52 W
* NMEA UTC (Time) = Oct 02 2021  07:20:22
* NMEA baud rate = 4800
# nquan = 28
# nvalues = 131                         
# units = specified
# name 0 = scan: Scan Count
# name 1 = timeS: Time, Elapsed [seconds]
# name 2 = depSM: Depth [salt water, m]
# name 3 = prDM: Pressure, Digiquartz [db]
# name 4 = t090C: Temperature [ITS-90, deg C]
# name 5 = t190C: Temperature, 2 [ITS-90, deg C]
# name 6 = c0S/m: Conductivity [S/m]
# name 7 = c1S/m: Conductivity, 2 [S/m]
# name 8 = sbeox0V: Oxygen raw, SBE 43 [V]
# name 9 = sbeox1V: Oxygen raw, SBE 43, 2 [V]
# name 10 = altM: Altimeter [m]
# name 11 = latitude: Latitude [deg]
# name 12 = longitude: Longitude [deg]
# name 13 = sbox0dV/dT: Oxygen, SBE 43 [dov/dt]
# name 14 = sbox1dV/dT: Oxygen, SBE 43, 2 [dov/dt]
# name 15 = sbeox0ML/L: Oxygen, SBE 43 [ml/l], WS = 5
# name 16 = sbeox1ML/L: Oxygen, SBE 43, 2 [ml/l], WS = 5
# name 17 = potemp090C: Potential Temperature [ITS-90, deg C]
# name 18 = potemp190C: Potential Temperature, 2 [ITS-90, deg C]
# name 19 = sal00: Salinity, Practical [PSU]
# name 20 = sal11: Salinity, Practical, 2 [PSU]
# name 21 = sigma-é00: Density [sigma-theta, kg/m^3]
# name 22 = sigma-é11: Density, 2 [sigma-theta, kg/m^3]
# name 23 = avgsvCM: Average Sound Velocity [Chen-Millero, m/s], minP = 20, minS = 20
# name 24 = sbox0Mm/Kg: Oxygen, SBE 43 [umol/kg], WS = 5
# name 25 = sbox1Mm/Kg: Oxygen, SBE 43, 2 [umol/kg], WS = 5
# name 26 = nbin: number of scans per bin
# name 27 = flag: flag
# span 0 =      16632,      44256       
# span 1 =    692.955,   1843.967       
# span 2 =      1.987,    182.721       
# span 3 =      2.000,    184.000       
# span 4 =    15.6582,    29.1723       
# span 5 =    15.6590,    30.9203       
# span 6 =   4.483721,   5.857049       
# span 7 =   4.483794,   6.414753       
# span 8 =     1.8190,     3.3886       
# span 9 =     1.4995,     2.8975       
# span 10 =       5.39,     102.95      
# span 11 =   25.38898,   26.39293      
# span 12 =  -97.55812,  -93.84703      
# span 13 =   -0.01970,    0.02949      
# span 14 =   -0.01209,    0.02449      
# span 15 =     2.5219,     5.1008      
# span 16 =     2.5381,     5.1103      
# span 17 =    15.6293,    29.1699      
# span 18 =    15.6301,    30.9138      
# span 19 =    34.4487,    36.4885      
# span 20 =    34.3751,    40.4345      
# span 21 =    21.7990,    26.6563      
# span 22 =    21.7526,    26.6563      
# span 23 =    1486.34,    1545.12      
# span 24 =    109.749,    222.421      
# span 25 =    110.457,    222.834      
# span 26 =         30,         68      
# span 27 = 0.0000e+00, 0.0000e+00      
# interval = decibars: 1                
# start_time = Oct 02 2021 07:20:22 [NMEA time, header]
# bad_flag = -9.990e-29
*END*
[from data line 52]
      22096    920.640    109.255    110.000    18.2146    18.2284   4.781475   4.782690     1.8547     1.5271      77.61   26.05894  -96.32602   -0.00215   -0.00079     2.5277     2.5428    18.1954    18.2092    36.4093    36.4110    26.3031    26.3010    1525.61    109.994    110.650         32 0.0000e+00
      22127    921.931    108.262    109.000    18.3017    18.3094   4.790401   4.791850     1.8555     1.5280      78.47   26.05894  -96.32602   -0.00124   -0.00027     2.5248     2.5402    18.2826    18.2903    36.4085    36.4142    26.2807    26.2831    1525.61    109.869    110.541         32 0.0000e+00
      22167    923.585    107.269    108.000    18.3542    18.3969   4.796652   4.801303     1.8578     1.5302      79.02   26.05894  -96.32602    0.00050    0.00066     2.5266     2.5409    18.3352    18.3779    36.4157    36.4174    26.2729    26.2635    1525.61    109.951    110.572         48 0.0000e+00
      22214    925.530    106.276    107.000    18.3099    18.4184   4.791957   4.803500     1.8565     1.5310      80.32   26.05894  -96.32602    0.00057    0.00112     2.5257     2.5415    18.2911    18.3996    36.4153    36.4175    26.2838    26.2581    1525.61    109.910    110.600         39 0.0000e+00
      22246    926.895    105.284    106.000    18.4431    18.5014   4.806074   4.812675     1.8580     1.5318      81.44   26.05894  -96.32602   -0.00024    0.00045     2.5219     2.5390    18.4244    18.4827    36.4179    36.4224    26.2521    26.2409    1525.61    109.749    110.495         31 0.0000e+00
      22281    928.314    104.290    105.000    18.5311    18.5668   4.815577   4.820009     1.8610     1.5334      82.41   26.05894  -96.32602    0.00086    0.00061     2.5237     2.5394    18.5125    18.5483    36.4211    36.4271    26.2323    26.2278    1525.61    109.829    110.513         38 0.0000e+00
      22323    930.094    103.297    104.000    18.5557    18.5941   4.818647   4.822926     1.8626     1.5336      83.44   26.05894  -96.32602    0.00169    0.00069     2.5257     2.5381    18.5373    18.5757    36.4258    36.4281    26.2296    26.2217    1525.61    109.913    110.457         44 0.0000e+00
      22364    931.795    102.304    103.000    18.6002    18.6313   4.823544   4.826738     1.8634     1.5358      84.48   26.05894  -96.32602    0.00073    0.00051     2.5247     2.5415    18.5820    18.6131    36.4283    36.4279    26.2203    26.2120    1525.61    109.872    110.605         39 0.0000e+00
      22405    933.480    101.311    102.000    18.6733    18.6951   4.831652   4.833542     1.8655     1.5389      85.41   26.05894  -96.32602    0.00067    0.00145     2.5261     2.5455    18.6552    18.6770    36.4329    36.4295    26.2051    26.1970    1525.61    109.937    110.780         40 0.0000e+00
      22439    934.933    100.318    101.000    18.7612    18.7524   4.840696   4.839718     1.8688     1.5408      86.36   26.05894  -96.32602    0.00145    0.00165     2.5278     2.5469    18.7432    18.7345    36.4321    36.4316    26.1821    26.1839    1525.61    110.010    110.843         31 0.0000e+00
      22472    936.306     99.325    100.000    18.8235    18.8451   4.847626   4.849987     1.8724     1.5460      87.32   26.05895  -96.32602    0.00216    0.00206     2.5322     2.5546    18.8056    18.8272    36.4361    36.4370    26.1692    26.1643    1525.61    110.204    111.181         40 0.0000e+00
      22522    938.370     98.332     99.000    18.8283    18.8628   4.848158   4.851725     1.8780     1.5528      88.46   26.05896  -96.32602    0.00276    0.00354     2.5439     2.5697    18.8106    18.8451    36.4367    36.4364    26.1684    26.1594    1525.61    110.711    111.838         48 0.0000e+00
      22599    941.566     96.346     97.000    19.0634    19.0577   4.873898   4.873557     1.8861     1.5582      90.35   26.07061  -96.36907    0.00279    0.00212     2.5496     2.5735    19.0460    19.0403    36.4528    36.4549    26.1216    26.1247    1526.29    110.966    112.006         34 0.0000e+00
      22630    942.891     95.353     96.000    19.0644    19.0664   4.873065   4.873392     1.9030     1.5729      90.89   26.05896  -96.32602    0.00629    0.00504     2.5854     2.6071    19.0471    19.0491    36.4405    36.4408    26.1105    26.1103    1525.61    112.528    113.470         49 0.0000e+00
      22675    944.746     94.360     95.000    19.0698    19.0583   4.873627   4.872222     1.9086     1.5756      92.33   26.05896  -96.32602    0.00603    0.00486     2.5967     2.6135    19.0527    19.0412    36.4402    36.4384    26.1089    26.1105    1525.61    113.019    113.750         38 0.0000e+00
      22710    946.217     93.367     94.000    19.1662    19.2146   4.883097   4.887564     1.9146     1.5819      93.20   26.05896  -96.32602    0.00360    0.00244     2.6065     2.6238    19.1492    19.1976    36.4371    36.4338    26.0816    26.0665    1525.61    113.449    114.200         34 0.0000e+00
      22745    947.687     92.374     93.000    19.2376    19.2673   4.890190   4.893492     1.9250     1.5973      94.24   26.05896  -96.32602    0.00462    0.00529     2.6235     2.6547    19.2207    19.2504    36.4326    36.4342    26.0596    26.0531    1525.61    114.189    115.548         37 0.0000e+00
      22796    949.787     91.381     92.000    19.2763    19.3215   4.894636   4.898948     1.9397     1.6115      95.31   26.05896  -96.32603    0.00690    0.00865     2.6532     2.6856    19.2596    19.3048    36.4362    36.4327    26.0523    26.0379    1525.61    115.483    116.896         30 0.0000e+00
      22997    958.160     90.388     91.000    19.4738    19.4270   4.914411   4.909298     1.9847     1.6342      96.42   26.05898  -96.32602    0.00496    0.00536     2.7399     2.7338    19.4571    19.4104    36.4289    36.4272    25.9952    26.0061    1525.61    119.266    118.999         34 0.0000e+00
      24367   1015.256     88.402     89.000    19.6074    19.6080   4.932842   4.933147     2.0205     1.6769      98.81   26.10469  -96.49481    0.00068   -0.00019     2.8086     2.8250    19.5911    19.5916    36.4885    36.4895    26.0114    26.0121    1528.28    122.257    122.973         31 0.0000e+00
      24384   1015.953     87.409     88.000    19.5725    19.5714   4.924168   4.924171     2.0191     1.6774      99.33   26.05904  -96.32606    0.00075    0.00096     2.8081     2.8281    19.5563    19.5553    36.4251    36.4260    25.9664    25.9674    1525.61    122.237    123.108         49 0.0000e+00
      24443   1018.398     86.416     87.000    19.5783    19.6025   4.924739   4.927031     2.0209     1.6790      99.95   26.05904  -96.32606    0.00090    0.00065     2.8112     2.8299    19.5623    19.5866    36.4252    36.4231    25.9649    25.9569    1525.61    122.371    123.186         42 0.0000e+00
      24497   1020.669     85.423     86.000    19.6121    19.6458   4.928138   4.931547     2.0268     1.6879     100.00   26.05905  -96.32606    0.00156    0.00255     2.8226     2.8486    19.5963    19.6300    36.4243    36.4232    25.9553    25.9456    1525.61    122.870    124.001         46 0.0000e+00
      24567   1023.594     84.429     85.000    19.6463    19.6453   4.931168   4.931355     2.0371     1.6942     100.00   26.05906  -96.32606    0.00410    0.00275     2.8417     2.8630    19.6307    19.6297    36.4200    36.4225    25.9430    25.9451    1525.61    123.701    124.626         48 0.0000e+00
      24621   1025.829     83.436     84.000    19.7164    19.7851   4.937388   4.943936     2.0493     1.7175     100.00   26.05906  -96.32608    0.00413    0.00454     2.8659     2.9107    19.7009    19.7696    36.4116    36.4056    25.9181    25.8954    1525.61    124.759    126.709         67 0.0000e+00
      24682   1028.374     82.443     83.000    19.7898    19.8404   4.943550   4.948856     2.0716     1.7475     100.00   26.05906  -96.32608    0.00828    0.01369     2.9062     2.9769    19.7736    19.8250    36.3984    36.3985    25.8889    25.8753    1525.61    126.515    129.597         50 0.0000e+00
      24744   1030.938     81.450     82.000    19.8625    20.0418   4.950888   4.967413     2.1050     1.8030      95.81   26.05906  -96.32608    0.01173    0.01805     2.9749     3.0977    19.8473    20.0265    36.3965    36.3775    25.8679    25.8059    1525.61    129.509    134.863         65 0.0000e+00
      24802   1033.376     80.457     81.000    20.0696    20.2066   4.969611   4.982370     2.1401     1.8438      99.85   26.05906  -96.32608    0.01284    0.01915     3.0511     3.1885    20.0545    20.1915    36.3759    36.3589    25.7972    25.7468    1525.61    132.833    138.823         52 0.0000e+00
      24868   1036.128     79.464     80.000    20.1254    20.1115   4.974744   4.973955     2.1953     1.8686      87.03   26.05906  -96.32608    0.02081    0.01537     3.1480     3.2443    20.1105    20.0967    36.3704    36.3650    25.7781    25.7756    1525.61    137.057    141.252         65 0.0000e+00
      24921   1038.325     78.471     79.000    20.3975    20.4663   5.001069   5.008042     2.2248     1.8840      99.33   26.05906  -96.32608    0.01257   -0.00135     3.2092     3.2787    20.3840    20.4514    36.3469    36.3453    25.6869    25.6674    1525.61    139.734    142.761         44 0.0000e+00
      24989   1041.150     77.478     78.000    20.4842    20.5088   5.010419   5.012862     2.2952     1.9444     100.00   26.05907  -96.32608    0.02234    0.01959     3.3418     3.3995    20.4695    20.4941    36.3500    36.3489    25.6663    25.6588    1525.61    145.509    148.023         46 0.0000e+00
      25043   1043.407     76.485     77.000    20.6143    20.6267   5.022653   5.023866     2.3205     1.9594     100.00   26.05908  -96.32608    0.01464    0.00807     3.3865     3.4268    20.5997    20.6121    36.3385    36.3377    25.6223    25.6183    1525.61    147.465    149.220         39 0.0000e+00
      25103   1045.906     75.492     76.000    20.6824    20.7279   5.030176   5.034113     2.3514     1.9945     100.00   26.05908  -96.32608    0.01107    0.01042     3.4469     3.5016    20.6680    20.7135    36.3417    36.3347    25.6062    25.5886    1525.61    150.093    152.478         40 0.0000e+00
      25174   1048.859     74.498     75.000    20.7498    20.7469   5.035658   5.035920     2.3740     2.0112     100.00   26.05908  -96.32608    0.00750    0.00719     3.4882     3.5386    20.7355    20.7326    36.3288    36.3335    25.5781    25.5824    1525.61    151.896    154.090         35 0.0000e+00
      25268   1052.788     72.512     73.000    21.0058    20.9324   5.057029   5.049601     2.5050     2.1105      99.91   26.03500  -96.23706    0.02949    0.02449     3.7488     3.7557    20.9882    20.9187    36.2763    36.2798    25.4662    25.4893    1524.20    163.262    163.558         50 0.0000e+00
      25433   1059.668     71.519     72.000    21.2310    20.9916   5.081824   5.059291     2.5777     2.1497     100.00   26.05909  -96.32608    0.01703    0.01698     3.8823     3.8397    21.2174    20.9777    36.2926    36.3144    25.4185    25.5008    1525.61    169.084    167.220         30 0.0000e+00
      26805   1116.842     69.533     70.000    21.6190    21.6175   5.123505   5.124134     2.7510     2.3384     100.13   26.10486  -96.49507    0.00002    0.00024     4.2105     4.2273    21.6053    21.6038    36.3250    36.3268    25.3419    25.3437    1528.29    183.401    184.131         33 0.0000e+00
      26870   1119.536     68.540     69.000    21.5940    21.5980   5.116394   5.117041     2.7503     2.3397     100.00   26.05916  -96.32612    0.00038   -0.00029     4.2130     4.2333    21.5805    21.5845    36.2637    36.2645    25.2960    25.2955    1525.61    183.509    184.395         64 0.0000e+00
      26938   1122.356     67.546     68.000    21.5994    21.6185   5.116790   5.118511     2.7543     2.3499     100.00   26.05916  -96.32612    0.00151    0.00245     4.2204     4.2548    21.5860    21.6051    36.2628    36.2602    25.2937    25.2865    1525.61    183.832    185.334         60 0.0000e+00
      26990   1124.553     66.553     67.000    21.5971    21.6253   5.116188   5.119436     2.7583     2.3638     100.00   26.05916  -96.32612    0.00145    0.00587     4.2287     4.2865    21.5839    21.6121    36.2616    36.2579    25.2934    25.2828    1525.61    184.196    186.716         44 0.0000e+00
      27044   1126.808     65.560     66.000    21.6724    21.7563   5.123525   5.131754     2.7715     2.3883     100.00   26.05918  -96.32612    0.00377    0.00864     4.2494     4.3315    21.6594    21.7433    36.2555    36.2501    25.2677    25.2402    1525.61    185.101    188.680         67 0.0000e+00
      27110   1129.523     64.567     65.000    21.7281    21.7860   5.129148   5.135167     2.7966     2.4065     100.00   26.05918  -96.32612    0.00937    0.00903     4.2961     4.3694    21.7153    21.7732    36.2566    36.2528    25.2530    25.2338    1525.61    187.138    190.333         54 0.0000e+00
      27166   1131.871     63.574     64.000    21.8054    21.8697   5.137291   5.143543     2.8119     2.4121     100.00   26.05918  -96.32614    0.00742    0.00266     4.3209     4.3751    21.7928    21.8571    36.2536    36.2493    25.2290    25.2076    1525.61    188.223    190.586         61 0.0000e+00
      27218   1134.044     62.581     63.000    21.8715    21.9166   5.144288   5.148832     2.8270     2.4233     100.00   26.05918  -96.32612    0.00668    0.00421     4.3460     4.3959    21.8591    21.9041    36.2540    36.2522    25.2107    25.1966    1525.61    189.321    191.498         40 0.0000e+00
      27284   1136.808     61.587     62.000    21.9277    21.9579   5.149972   5.152804     2.8454     2.4401     100.00   26.05918  -96.32614    0.00664    0.00610     4.3723     4.4305    21.9154    21.9456    36.2522    36.2493    25.1935    25.1828    1525.61    190.468    193.004         45 0.0000e+00
      27334   1138.888     60.594     61.000    22.0401    22.0502   5.160567   5.161504     2.8649     2.4489     100.00   26.05918  -96.32614    0.00787    0.00523     4.4093     4.4429    22.0280    22.0380    36.2422    36.2412    25.1542    25.1506    1525.61    192.089    193.552         37 0.0000e+00
      27390   1141.198     59.601     60.000    22.1314    22.1282   5.169528   5.169481     2.8997     2.4835      97.70   26.05918  -96.32614    0.01272    0.01017     4.4726     4.5142    22.1195    22.1162    36.2369    36.2392    25.1243    25.1270    1525.61    194.851    196.665         40 0.0000e+00
      27456   1143.940     58.608     59.000    22.1248    22.1162   5.168787   5.168088     2.9279     2.4986     100.05   26.05918  -96.32614    0.01161    0.00747     4.5305     4.5490    22.1130    22.1044    36.2370    36.2386    25.1262    25.1299    1525.61    197.372    198.178         37 0.0000e+00
      27501   1145.820     57.614     58.000    22.2305    22.2702   5.178946   5.183272     2.9459     2.5267      99.99   26.05918  -96.32614    0.00840    0.00562     4.5619     4.6001    22.2185    22.2588    36.2294    36.2298    25.0905    25.0794    1525.61    198.747    200.413         39 0.0000e+00
      27569   1148.659     56.621     57.000    22.2489    22.2872   5.180651   5.185509     2.9750     2.5623     100.00   26.05919  -96.32615    0.01168    0.01720     4.6153     4.6788    22.2375    22.2760    36.2274    36.2309    25.0836    25.0742    1525.61    201.075    203.844         45 0.0000e+00
      27617   1150.649     55.628     56.000    22.3870    22.5068   5.194702   5.208179     2.9915     2.5743      89.62   26.05919  -96.32614    0.00726    0.00630     4.6386     4.6916    22.3757    22.4956    36.2231    36.2206    25.0410    25.0020    1525.61    202.099    204.413         61 0.0000e+00
