Gulf of Mexico/GOMECC-4/1db/urb2103_0891.cnv
* Sea-Bird SBE 9 Data File:
* FileName = C:\Users\scs.user.rb\CTD\GOMECC4\data\rb2103_0891.hex
* Software Version Seasave V 7.26.7.107
* Temperature SN = 4799
* Conductivity SN = 3860
* Number of Bytes Per Scan = 41
* Number of Voltage Words = 4
* Number of Scans Averaged by the Deck Unit = 1
* NMEA Latitude = 18 50.17 N
* NMEA Longitude = 093 03.96 W
* NMEA UTC (Time) = Oct 09 2021  00:32:54
* NMEA baud rate = 4800
# nquan = 28
# nvalues = 35                          
# units = specified
# name 0 = scan: Scan Count
# name 1 = timeS: Time, Elapsed [seconds]
# name 2 = depSM: Depth [salt water, m]
# name 3 = prDM: Pressure, Digiquartz [db]
# name 4 = t090C: Temperature [ITS-90, deg C]
# name 5 = t190C: Temperature, 2 [ITS-90, deg C]
# name 6 = c0S/m: Conductivity [S/m]
# name 7 = c1S/m: Conductivity, 2 [S/m]
# name 8 = sbeox0V: Oxygen raw, SBE 43 [V]
# name 9 = sbeox1V: Oxygen raw, SBE 43, 2 [V]
# name 10 = altM: Altimeter [m]
# name 11 = latitude: Latitude [deg]
# name 12 = longitude: Longitude [deg]
# name 13 = sbox0dV/dT: Oxygen, SBE 43 [dov/dt]
# name 14 = sbox1dV/dT: Oxygen, SBE 43, 2 [dov/dt]
# name 15 = sbeox0ML/L: Oxygen, SBE 43 [ml/l], WS = 5
# name 16 = sbeox1ML/L: Oxygen, SBE 43, 2 [ml/l], WS = 5
# name 17 = potemp090C: Potential Temperature [ITS-90, deg C]
# name 18 = potemp190C: Potential Temperature, 2 [ITS-90, deg C]
# name 19 = sal00: Salinity, Practical [PSU]
# name 20 = sal11: Salinity, Practical, 2 [PSU]
# name 21 = sigma-é00: Density [sigma-theta, kg/m^3]
# name 22 = sigma-é11: Density, 2 [sigma-theta, kg/m^3]
# name 23 = avgsvCM: Average Sound Velocity [Chen-Millero, m/s], minP = 20, minS = 20
# name 24 = sbox0Mm/Kg: Oxygen, SBE 43 [umol/kg], WS = 5
# name 25 = sbox1Mm/Kg: Oxygen, SBE 43, 2 [umol/kg], WS = 5
# name 26 = nbin: number of scans per bin
# name 27 = flag: flag
# span 0 =      38014,      54021       
# span 1 =   1583.871,   2250.851       
# span 2 =      0.994,     52.673       
# span 3 =      1.000,     53.000       
# span 4 =    24.4866,    30.0106       
# span 5 =    24.4875,    29.9845       
# span 6 =   5.422182,   5.994604       
# span 7 =   5.422434,   6.001647       
# span 8 =     2.5000,     3.2286       
# span 9 =     2.0995,     2.7300       
# span 10 =       8.27,      58.90      
# span 11 =   18.77095,   19.09930      
# span 12 =  -94.35637,  -92.73436      
# span 13 =   -0.00388,    0.01460      
# span 14 =   -0.00299,    0.01674      
# span 15 =     3.4915,     4.4966      
# span 16 =     3.4937,     4.4961      
# span 17 =    24.4752,    30.0083      
# span 18 =    24.4761,    29.9823      
# span 19 =    32.8982,    36.3785      
# span 20 =    32.9036,    36.5803      
# span 21 =    20.3983,    24.4543      
# span 22 =    20.4016,    24.4558      
# span 23 =    1536.49,    1563.37      
# span 24 =    152.208,    196.797      
# span 25 =    152.305,    196.776      
# span 26 =         30,         71      
# span 27 = 0.0000e+00, 0.0000e+00      
# interval = decibars: 1                
# start_time = Oct 09 2021 00:32:54 [NMEA time, header]
# bad_flag = -9.990e-29
*END*
      38014   1583.871     52.673     53.000    24.4866    24.4875   5.422182   5.422434     2.5000     2.1008       8.27   18.83778  -93.06496    0.00034    0.00089     3.4915     3.4983    24.4752    24.4761    36.2498    36.2510    24.4455    24.4461    1541.97    152.208    152.505         35 0.0000e+00
      38352   1597.952     50.686     51.000    24.5054    24.5044   5.425366   5.425473     2.5028     2.1019      10.21   18.84670  -93.10902    0.00020    0.00092     3.4950     3.4991    24.4945    24.4935    36.2664    36.2679    24.4543    24.4558    1542.70    152.363    152.541         71 0.0000e+00
      38421   1600.825     49.692     50.000    24.4996    24.4970   5.423448   5.423293     2.5019     2.0995      11.16   18.83778  -93.06497    0.00024    0.00008     3.4932     3.4937    24.4888    24.4863    36.2498    36.2507    24.4414    24.4428    1541.97    152.285    152.305         43 0.0000e+00
      38508   1604.450     48.698     49.000    24.5058    24.5035   5.423976   5.423668     2.5024     2.1025      12.09   18.83778  -93.06498    0.00043    0.00094     3.4933     3.4992    24.4953    24.4929    36.2488    36.2493    24.4387    24.4397    1541.97    152.288    152.547         48 0.0000e+00
      38601   1608.326     47.704     48.000    24.5196    24.5177   5.425292   5.425303     2.5059     2.1059      13.09   18.83778  -93.06498    0.00098    0.00114     3.4990     3.5054    24.5093    24.5074    36.2482    36.2498    24.4340    24.4358    1541.97    152.536    152.815         46 0.0000e+00
      38697   1612.325     46.711     47.000    24.5209    24.5162   5.425325   5.425005     2.5072     2.1064      14.04   18.83778  -93.06498    0.00054    0.00027     3.5010     3.5063    24.5108    24.5061    36.2477    36.2491    24.4331    24.4357    1541.97    152.626    152.854         30 0.0000e+00
      38788   1616.134     45.717     46.000    24.5285    24.5219   5.425974   5.425534     2.5107     2.1076      15.06   18.83778  -93.06498    0.00136    0.00051     3.5067     3.5080    24.5186    24.5121    36.2469    36.2488    24.4301    24.4336    1541.97    152.877    152.930         40 0.0000e+00
      38876   1619.808     44.723     45.000    24.5329    24.5312   5.426306   5.426327     2.5146     2.1100      15.95   18.83778  -93.06498    0.00054   -0.00024     3.5138     3.5123    24.5233    24.5215    36.2460    36.2476    24.4281    24.4299    1541.97    153.186    153.117         44 0.0000e+00
      39031   1626.268     43.730     44.000    24.5423    24.5318   5.427106   5.426293     2.5235     2.1139      17.04   18.83778  -93.06498    0.00118    0.00035     3.5303     3.5203    24.5329    24.5223    36.2448    36.2472    24.4243    24.4293    1541.97    153.906    153.469         31 0.0000e+00
      41221   1717.504     39.755     40.000    25.2333    25.2130   5.491529   5.489506     2.6518     2.2307      20.82   18.79590  -92.85790    0.00101    0.00130     3.7319     3.7266    25.2245    25.2042    36.1378    36.1389    24.1225    24.1296    1538.54    162.733    162.500         33 0.0000e+00
      41431   1726.238     38.761     39.000    25.3423    25.3261   5.509443   5.508081     2.6428     2.2272      21.93   18.83783  -93.06498   -0.00274   -0.00107     3.7073     3.7126    25.3337    25.3176    36.2186    36.2214    24.1601    24.1672    1541.97    161.663    161.893         59 0.0000e+00
      41529   1730.325     37.767     38.000    25.4279    25.3951   5.519050   5.514791     2.6455     2.2331      22.92   18.83784  -93.06498   -0.00001    0.00163     3.7064     3.7206    25.4195    25.3867    36.2217    36.2164    24.1360    24.1421    1541.97    161.626    162.244         41 0.0000e+00
      41624   1734.275     36.773     37.000    25.5317    25.5430   5.529110   5.530273     2.6734     2.2557      23.86   18.83784  -93.06498    0.00715    0.00622     3.7527     3.7588    25.5235    25.5348    36.2136    36.2142    24.0977    24.0946    1541.97    163.651    163.919         46 0.0000e+00
      41721   1738.328     35.779     36.000    25.7486    25.8798   5.551349   5.566016     2.7230     2.3181      24.83   18.83784  -93.06498    0.01367    0.01623     3.8337     3.8684    25.7406    25.8717    36.2083    36.2090    24.0262    23.9859    1541.97    167.194    168.718         35 0.0000e+00
      41817   1742.350     34.786     35.000    25.9624    26.2197   5.574286   5.605506     2.7762     2.3823      25.83   18.83784  -93.06498    0.01460    0.01674     3.9183     3.9834    25.9546    26.2119    36.2059    36.2299    23.9578    23.8961    1541.97    170.895    173.743         30 0.0000e+00
      43992   1832.965     28.823     29.000    28.1706    28.1187   5.817241   5.811865     3.1162     2.6299      31.61   18.83129  -93.03249   -0.00082   -0.00057     4.3875     4.3558    28.1637    28.1118    36.2273    36.2239    23.2624    23.2768    1541.43    191.490    190.105         44 0.0000e+00
      45073   1878.004     24.847     25.000    28.5563    28.7314   5.866275   5.905140     3.1681     2.6714      36.03   19.02025  -93.96595    0.00102    0.00234     4.4146     4.4054    28.5264    28.7255    36.3481    36.5803    23.2508    23.3954    1556.90    192.688    192.288         33 0.0000e+00
      44765   1865.173     23.854     24.000    28.4465    28.4242   5.848967   5.845913     3.1321     2.6509      36.36   18.83788  -93.06500   -0.00072   -0.00036     4.3907     4.3740    28.4408    28.4185    36.2390    36.2358    23.1813    23.1863    1541.97    191.646    190.917         54 0.0000e+00
      44925   1871.813     22.860     23.000    28.6286    28.5691   5.867230   5.861730     3.1179     2.6391      37.42   18.83788  -93.06500   -0.00266   -0.00145     4.3510     4.3393    28.6231    28.5635    36.2289    36.2359    23.1131    23.1382    1541.97    189.927    189.410         36 0.0000e+00
      45070   1877.881     21.866     22.000    28.7156    28.5921   5.877325   5.863327     3.0877     2.6313      38.40   18.83790  -93.06500   -0.00261   -0.00215     4.2894     4.3216    28.7103    28.5868    36.2330    36.2297    23.0871    23.1258    1541.97    187.240    188.641         36 0.0000e+00
      45219   1884.078     20.872     21.000    28.7651    28.6625   5.884337   5.870777     3.0792     2.6252      39.34   18.83790  -93.06500   -0.00127   -0.00169     4.2685     4.3038    28.7600    28.6574    36.2393    36.2282    23.0753    23.1012    1541.97    186.332    187.870         54 0.0000e+00
      46326   1930.207     19.878     20.000    29.1608    29.1226   5.924766   5.920035     3.0513     2.5775      40.34   18.83790  -93.06502    0.00086    0.00067     4.1904     4.1754    29.1559    29.1178    36.2184    36.2227    22.9268    22.9440    1541.97    182.950    182.290         38 0.0000e+00
      46565   1940.175     18.884     19.000    29.1824    29.1247   5.926064   5.920526     3.0486     2.5793      41.31   18.83790  -93.06502    0.00017    0.00092     4.1826     4.1787    29.1777    29.1201    36.2170    36.2225    22.9184    22.9419    1541.97    182.608    182.433         61 0.0000e+00
      46686   1945.216     17.890     18.000    29.1936    29.1410   5.926521   5.921659     3.0500     2.5810      42.19   18.83790  -93.06502    0.00099    0.00121     4.1838     4.1805    29.1892    29.1366    36.2120    36.2183    22.9108    22.9332    1541.97    182.664    182.514         49 0.0000e+00
      46816   1950.642     16.897     17.000    29.2842    29.2220   5.936302   5.929583     3.0565     2.5756      43.22   18.83790  -93.06502    0.00149   -0.00082     4.1899     4.1638    29.2800    29.2178    36.2111    36.2118    22.8795    22.9010    1541.97    182.936    181.790         30 0.0000e+00
      47246   1968.551     14.909     15.000    29.6765    29.5765   5.994604   5.981375     3.1379     2.6256      48.70   18.90740  -93.40838    0.00754    0.00195     4.3123     4.2403    29.6759    29.5728    36.3785    36.3646    22.8918    22.9173    1547.66    188.295    185.144         35 0.0000e+00
      47393   1974.654     10.933     11.000    29.7160    29.7210   5.977583   5.979785     3.1836     2.6952      48.81   18.77095  -92.73436    0.00207   -0.00273     4.3756     4.3580    29.7133    29.7183    36.1080    36.1192    22.6349    22.6416    1536.49    191.076    190.304         37 0.0000e+00
      49378   2057.355      8.945      9.000    30.0106    29.9845   5.989979   6.001647     3.2286     2.7300      51.05   18.86082  -93.17829   -0.00095    0.00069     4.4421     4.4156    30.0083    29.9823    36.0570    36.1546    22.5230    22.6051    1543.85    194.018    192.850         30 0.0000e+00
      49430   2059.557      7.951      8.000    29.8889    29.9224   5.931797   5.967123     3.2179     2.7229      51.88   18.83790  -93.06502   -0.00093   -0.00035     4.4390     4.4082    29.8869    29.9204    35.7034    35.9458    22.2923    22.4627    1541.97    193.924    192.544         35 0.0000e+00
      49573   2065.518      6.958      7.000    29.5996    29.6980   5.723148   5.804247     3.2007     2.7140      52.99   18.83790  -93.06502   -0.00233   -0.00079     4.4585     4.4292    29.5979    29.6962    34.5229    35.0028    21.5050    21.8316    1541.97    194.927    193.582         51 0.0000e+00
      49697   2070.669      5.963      6.000    29.3195    29.5143   5.497317   5.649810     3.1766     2.7016      53.49   18.83790  -93.06500   -0.00388   -0.00299     4.4695     4.4382    29.3181    29.5128    33.1868    34.0856    20.5973    21.2058    1541.97    195.580    194.089         46 0.0000e+00
      51314   2138.055      3.976      4.000    29.5158    29.6231   5.507684   5.520114     3.2111     2.7172      58.12   19.09930  -94.35637    0.00061   -0.00024     4.4966     4.4961    29.5149    29.6221    33.2095    33.3212    20.5933    20.6627    1563.37    196.797    196.776         54 0.0000e+00
      53486   2228.525      2.982      3.000    29.2683    29.2693   5.450419   5.450387     3.1652     2.6853      56.94   18.83794  -93.06504    0.00025    0.00014     4.4581     4.4526    29.2676    29.2686    32.9045    32.9036    20.4026    20.4016    1541.97    195.118    194.878         48 0.0000e+00
      53816   2242.290      1.988      2.000    29.2668    29.2688   5.449289   5.450393     3.1647     2.6845      57.69   18.83794  -93.06504   -0.00018    0.00009     4.4569     4.4506    29.2663    29.2683    32.8982    32.9043    20.3983    20.4022    1541.97    195.064    194.788         50 0.0000e+00
      54021   2250.851      0.994      1.000    29.2688    29.2700   5.451677   5.451899     3.1648     2.6810      58.90   18.83794  -93.06504   -0.00008    0.00042     4.4560     4.4426    29.2685    29.2698    32.9133    32.9139    20.4089    20.4089    1541.97    195.026    194.440         46 0.0000e+00
