Gulf of Mexico/GOMECC-4/1db/urb2103_0261.cnv
* Sea-Bird SBE 9 Data File:
* FileName = C:\Users\scs.user.rb\CTD\GOMECC4\data\rb2103_0261.hex
* Software Version Seasave V 7.26.7.107
* Temperature SN = 4799
* Conductivity SN = 3860
* Number of Bytes Per Scan = 41
* Number of Voltage Words = 4
* Number of Scans Averaged by the Deck Unit = 1
* NMEA Latitude = 28 20.64 N
* NMEA Longitude = 086 20.48 W
* NMEA UTC (Time) = Sep 21 2021  10:45:37
* NMEA baud rate = 4800
# nquan = 28
# nvalues = 147                         
# units = specified
# name 0 = scan: Scan Count
# name 1 = timeS: Time, Elapsed [seconds]
# name 2 = depSM: Depth [salt water, m]
# name 3 = prDM: Pressure, Digiquartz [db]
# name 4 = t090C: Temperature [ITS-90, deg C]
# name 5 = t190C: Temperature, 2 [ITS-90, deg C]
# name 6 = c0S/m: Conductivity [S/m]
# name 7 = c1S/m: Conductivity, 2 [S/m]
# name 8 = sbeox0V: Oxygen raw, SBE 43 [V]
# name 9 = sbeox1V: Oxygen raw, SBE 43, 2 [V]
# name 10 = altM: Altimeter [m]
# name 11 = latitude: Latitude [deg]
# name 12 = longitude: Longitude [deg]
# name 13 = sbox0dV/dT: Oxygen, SBE 43 [dov/dt]
# name 14 = sbox1dV/dT: Oxygen, SBE 43, 2 [dov/dt]
# name 15 = sbeox0ML/L: Oxygen, SBE 43 [ml/l], WS = 5
# name 16 = sbeox1ML/L: Oxygen, SBE 43, 2 [ml/l], WS = 5
# name 17 = potemp090C: Potential Temperature [ITS-90, deg C]
# name 18 = potemp190C: Potential Temperature, 2 [ITS-90, deg C]
# name 19 = sal00: Salinity, Practical [PSU]
# name 20 = sal11: Salinity, Practical, 2 [PSU]
# name 21 = sigma-é00: Density [sigma-theta, kg/m^3]
# name 22 = sigma-é11: Density, 2 [sigma-theta, kg/m^3]
# name 23 = avgsvCM: Average Sound Velocity [Chen-Millero, m/s], minP = 20, minS = 20
# name 24 = sbox0Mm/Kg: Oxygen, SBE 43 [umol/kg], WS = 5
# name 25 = sbox1Mm/Kg: Oxygen, SBE 43, 2 [umol/kg], WS = 5
# name 26 = nbin: number of scans per bin
# name 27 = flag: flag
# span 0 =      32538,      80805       
# span 1 =   1355.720,   3366.848       
# span 2 =      1.987,    603.055       
# span 3 =      2.000,    608.000       
# span 4 =     7.3919,    28.6352       
# span 5 =     7.3926,    28.5527       
# span 6 =   3.585622,   5.710289       
# span 7 =   3.585703,   5.705950       
# span 8 =     1.6212,     3.1238       
# span 9 =     1.3262,     2.6605       
# span 10 =      15.52,     101.22      
# span 11 =   28.33258,   28.60624      
# span 12 =  -87.14057,  -86.30687      
# span 13 =   -0.00822,    0.01996      
# span 14 =   -0.01387,    0.02061      
# span 15 =     2.5676,     4.4911      
# span 16 =     2.6001,     4.5111      
# span 17 =     7.3316,    28.6263      
# span 18 =     7.3322,    28.5487      
# span 19 =    32.5150,    36.6168      
# span 20 =    32.5146,    36.6317      
# span 21 =    20.5892,    27.3194      
# span 22 =    20.5884,    27.3186      
# span 23 =    1506.67,    1521.22      
# span 24 =    111.638,    196.525      
# span 25 =    113.054,    197.402      
# span 26 =         30,         75      
# span 27 = 0.0000e+00, 0.0000e+00      
# interval = decibars: 1                
# start_time = Sep 21 2021 10:45:37 [NMEA time, header]
# bad_flag = -9.990e-29
*END*
[from data line 52]
      61546   2564.356    127.106    128.000    18.3517    18.4305   4.803476   4.812609     2.0771     1.7510     100.00   28.34360  -86.34032    0.01386    0.01393     3.0211     3.0847    18.3292    18.4080    36.4684    36.4806    26.3148    26.3044    1507.25    131.461    134.233         44 0.0000e+00
      63074   2628.037    123.135    124.000    18.6936    18.7381   4.844979   4.850407     2.1483     1.8011     100.00   28.34368  -86.34062   -0.00027   -0.00014     3.1545     3.1838    18.6715    18.7160    36.5194    36.5271    26.2672    26.2617    1507.26    137.275    138.549         72 0.0000e+00
      63146   2631.033    122.142    123.000    18.6935    18.7455   4.844953   4.850953     2.1445     1.8003      96.90   28.34358  -86.34032   -0.00141   -0.00004     3.1458     3.1807    18.6717    18.7236    36.5196    36.5244    26.2673    26.2577    1507.25    136.894    138.415         62 0.0000e+00
      63207   2633.578    121.150    122.000    18.7565    18.7985   4.851937   4.856805     2.1443     1.8021     100.04   28.34358  -86.34032   -0.00033    0.00026     3.1408     3.1818    18.7348    18.7769    36.5231    36.5275    26.2539    26.2466    1507.25    136.679    138.464         59 0.0000e+00
      63261   2635.820    120.157    121.000    18.7604    18.8431   4.852971   4.861885     2.1450     1.8010      98.92   28.34358  -86.34032    0.00020    0.00034     3.1418     3.1756    18.7388    18.8215    36.5281    36.5312    26.2567    26.2379    1507.25    136.723    138.194         51 0.0000e+00
      63309   2637.840    119.164    120.000    18.8556    18.8945   4.863317   4.867763     2.1420     1.7937      97.64   28.34358  -86.34032   -0.00030   -0.00220     3.1258     3.1537    18.8342    18.8730    36.5327    36.5359    26.2358    26.2283    1507.25    136.029    137.244         42 0.0000e+00
      63346   2639.376    118.171    119.000    18.8971    18.9571   4.868095   4.874653     2.1396     1.7912     100.06   28.34358  -86.34032   -0.00169   -0.00300     3.1203     3.1442    18.8758    18.9358    36.5367    36.5390    26.2282    26.2145    1507.25    135.793    136.834         33 0.0000e+00
      63378   2640.720    117.178    118.000    18.9713    19.0187   4.876280   4.881368     2.1390     1.7875     100.00   28.34358  -86.34032   -0.00140   -0.00235     3.1137     3.1313    18.9502    18.9974    36.5405    36.5416    26.2120    26.2007    1507.25    135.507    136.273         32 0.0000e+00
      63410   2642.031    116.186    117.000    19.0055    19.0504   4.880285   4.885362     2.1357     1.7836      98.57   28.34358  -86.34032   -0.00115   -0.00260     3.1040     3.1195    18.9844    19.0294    36.5445    36.5476    26.2062    26.1970    1507.25    135.082    135.761         32 0.0000e+00
      63440   2643.311    115.193    116.000    19.0743    19.1454   4.888404   4.896424     2.1339     1.7825      91.49   28.34358  -86.34032   -0.00174   -0.00261     3.0952     3.1107    19.0533    19.1244    36.5525    36.5572    26.1946    26.1798    1507.25    134.704    135.380         30 0.0000e+00
      63471   2644.596    114.200    115.000    19.1541    19.2084   4.897554   4.903928     2.1337     1.7858      99.81   28.34358  -86.34032   -0.00150   -0.00076     3.0893     3.1143    19.1333    19.1876    36.5593    36.5650    26.1792    26.1695    1507.25    134.448    135.536         33 0.0000e+00
      63509   2646.173    113.208    114.000    19.2123    19.2648   4.904316   4.910094     2.1357     1.7882     100.00   28.34358  -86.34032    0.00001    0.00164     3.0895     3.1163    19.1917    19.2442    36.5652    36.5674    26.1685    26.1566    1507.25    134.460    135.625         41 0.0000e+00
      63550   2647.860    112.215    113.000    19.2645    19.3130   4.909625   4.915570     2.1375     1.7903      77.10   28.34358  -86.34032    0.00112    0.00151     3.0898     3.1181    19.2440    19.2925    36.5642    36.5712    26.1542    26.1470    1507.25    134.474    135.705         38 0.0000e+00
      63584   2649.281    111.222    112.000    19.3395    19.3946   4.918808   4.925035     2.1404     1.7916     100.15   28.34358  -86.34032    0.00137    0.00122     3.0910     3.1163    19.3192    19.3742    36.5754    36.5790    26.1432    26.1317    1507.25    134.528    135.631         32 0.0000e+00
      63617   2650.666    110.229    111.000    19.3948    19.4434   4.925339   4.930834     2.1438     1.7978     100.00   28.34358  -86.34032    0.00192    0.00198     3.0945     3.1270    19.3746    19.4232    36.5818    36.5850    26.1337    26.1234    1507.25    134.681    136.095         35 0.0000e+00
      63652   2652.111    109.237    110.000    19.4323    19.4753   4.929608   4.934472     2.1469     1.8010     100.00   28.34358  -86.34032    0.00234    0.00287     3.0984     3.1325    19.4122    19.4552    36.5849    36.5877    26.1262    26.1172    1507.25    134.852    136.338         34 0.0000e+00
      63685   2653.484    108.244    109.000    19.4564    19.5059   4.932404   4.938198     2.1494     1.8034     100.00   28.34358  -86.34032    0.00209    0.00266     3.1019     3.1360    19.4357    19.4860    36.5881    36.5923    26.1225    26.1126    1507.25    135.003    136.491         32 0.0000e+00
      63717   2654.852    107.251    108.000    19.5139    19.5532   4.939738   4.943925     2.1528     1.8067      99.85   28.34358  -86.34032    0.00201    0.00199     3.1060     3.1411    19.4964    19.5334    36.5966    36.5989    26.1131    26.1052    1507.25    135.185    136.714         34 0.0000e+00
      63752   2656.311    106.258    107.000    19.5432    19.5840   4.942683   4.947340     2.1569     1.8111     100.00   28.34358  -86.34032    0.00248    0.00249     3.1118     3.1489    19.5236    19.5643    36.5977    36.6007    26.1069    26.0985    1507.25    135.437    137.053         35 0.0000e+00
      63786   2657.712    105.265    106.000    19.5665    19.6132   4.945621   4.950571     2.1608     1.8139     100.00   28.34357  -86.34032    0.00272    0.00267     3.1182     3.1529    19.5471    19.5937    36.6012    36.6024    26.1034    26.0920    1507.25    135.717    137.229         33 0.0000e+00
      63818   2659.050    104.272    105.000    19.6286    19.6889   4.951683   4.957364     2.1648     1.8162     100.00   28.34357  -86.34032    0.00277    0.00220     3.1228     3.1546    19.6093    19.6696    36.6009    36.5982    26.0868    26.0689    1507.25    135.920    137.305         32 0.0000e+00
      63852   2660.456    103.280    104.000    19.6834    19.7264   4.957886   4.962113     2.1682     1.8164     100.00   28.34357  -86.34032    0.00289    0.00139     3.1264     3.1519    19.6642    19.7072    36.6024    36.5999    26.0735    26.0603    1507.25    136.078    137.190         35 0.0000e+00
      63886   2661.880    102.287    103.000    19.7235    19.7649   4.962092   4.966155     2.1699     1.8180     100.00   28.34357  -86.34032    0.00225    0.00065     3.1271     3.1532    19.7045    19.7459    36.6026    36.6001    26.0631    26.0502    1507.25    136.110    137.247         30 0.0000e+00
      63920   2663.298    101.294    102.000    19.7869    19.8354   4.968503   4.973753     2.1714     1.8217     100.00   28.34356  -86.34032    0.00133    0.00142     3.1260     3.1572    19.7681    19.8165    36.6007    36.6018    26.0448    26.0329    1507.25    136.065    137.422         31 0.0000e+00
      63960   2664.978    100.301    101.000    19.8549    19.9098   4.976358   4.982397     2.1744     1.8252     100.00   28.34356  -86.34032    0.00131    0.00212     3.1278     3.1608    19.8362    19.8910    36.6067    36.6083    26.0314    26.0181    1507.25    136.142    137.583         32 0.0000e+00
      65987   2749.427     94.344     95.000    20.6907    20.6975   5.063560   5.065210     2.2753     1.9145     100.17   28.39075  -86.48404    0.00006    0.00053     3.2883     3.3207    20.6726    20.6794    36.6168    36.6317    25.8194    25.8301    1509.76    143.163    144.575         32 0.0000e+00
      65950   2747.875     93.351     94.000    20.6396    20.6398   5.054338   5.054535     2.2736     1.9116      93.03   28.34356  -86.34028   -0.00009    0.00020     3.2879     3.3173    20.6217    20.6219    36.5677    36.5702    25.7912    25.7930    1507.25    143.146    144.425         60 0.0000e+00
      66025   2751.012     92.358     93.000    20.6506    20.6553   5.054301   5.054891     2.2779     1.9147     100.03   28.34356  -86.34028    0.00090    0.00049     3.2962     3.3233    20.6329    20.6376    36.5591    36.5598    25.7816    25.7808    1507.25    143.509    144.687         71 0.0000e+00
      66094   2753.883     91.365     92.000    20.7068    20.7064   5.059086   5.059190     2.2856     1.9256     100.00   28.34356  -86.34028    0.00271    0.00358     3.3084     3.3452    20.6892    20.6890    36.5501    36.5511    25.7594    25.7603    1507.25    144.043    145.643         60 0.0000e+00
      66149   2756.171     90.372     91.000    20.7798    20.7766   5.065869   5.065553     2.2995     1.9365     100.00   28.34356  -86.34028    0.00424    0.00435     3.3330     3.3661    20.7624    20.7592    36.5425    36.5427    25.7337    25.7347    1507.25    145.115    146.560         51 0.0000e+00
      66201   2758.336     89.379     90.000    20.8148    20.8346   5.069286   5.070924     2.3134     1.9480     100.00   28.34356  -86.34028    0.00689    0.00511     3.3589     3.3889    20.7976    20.8173    36.5408    36.5369    25.7228    25.7144    1507.25    146.248    147.553         54 0.0000e+00
      66258   2760.695     88.387     89.000    20.8611    20.8752   5.073626   5.074556     2.3264     1.9627     100.00   28.34356  -86.34028    0.00565    0.00607     3.3837     3.4200    20.8440    20.8582    36.5363    36.5317    25.7067    25.6994    1507.25    147.327    148.909         56 0.0000e+00
      66310   2762.858     87.394     88.000    20.9040    20.9220   5.076095   5.077690     2.3363     1.9742     100.00   28.34356  -86.34028    0.00509    0.00540     3.4023     3.4438    20.8871    20.9051    36.5216    36.5176    25.6837    25.6757    1507.25    148.142    149.948         48 0.0000e+00
      66358   2764.880     86.401     87.000    20.9430    20.9700   5.079430   5.081567     2.3525     1.9894     100.00   28.34356  -86.34028    0.00592    0.00649     3.4329     3.4756    20.9263    20.9532    36.5138    36.5079    25.6671    25.6552    1507.25    149.477    151.338         51 0.0000e+00
      66412   2767.134     85.408     86.000    21.0153    21.0545   5.086520   5.090142     2.3680     2.0085     100.00   28.34355  -86.34028    0.00792    0.00835     3.4602     3.5144    20.9987    21.0379    36.5095    36.5052    25.6440    25.6299    1507.25    150.670    153.031         55 0.0000e+00
      66464   2769.290     84.415     85.000    21.1776    21.1997   5.103093   5.105010     2.3883     2.0270      97.89   28.34354  -86.34028    0.00730    0.00797     3.4916     3.5468    21.1612    21.1832    36.5047    36.5013    25.5956    25.5870    1507.25    152.043    154.450         49 0.0000e+00
      66511   2771.260     83.422     84.000    21.3803    21.3627   5.122107   5.120110     2.4262     2.0523      99.42   28.34354  -86.34028    0.01449    0.01064     3.5598     3.5968    21.3639    21.3464    36.4867    36.4840    25.5259    25.5287    1507.25    155.022    156.636         45 0.0000e+00
      66555   2773.103     82.429     83.000    21.4785    21.4879   5.131618   5.132451     2.4624     2.0873     100.00   28.34354  -86.34028    0.01996    0.01541     3.6253     3.6660    21.4622    21.4717    36.4780    36.4767    25.4920    25.4884    1507.25    157.880    159.653         44 0.0000e+00
      66600   2774.951     81.436     82.000    21.5492    21.5744   5.138651   5.141192     2.4913     2.1168      95.65   28.34354  -86.34028    0.01871    0.01824     3.6773     3.7273    21.5315    21.5585    36.4755    36.4738    25.4708    25.4622    1507.25    160.150    162.326         44 0.0000e+00
      66644   2776.785     80.444     81.000    21.6753    21.6838   5.152778   5.152783     2.5128     2.1352      91.01   28.34354  -86.34028    0.01388    0.01349     3.7150     3.7614    21.6594    21.6678    36.4806    36.4736    25.4391    25.4313    1507.25    161.798    163.820         45 0.0000e+00
      66688   2778.639     79.451     80.000    21.7205    21.7374   5.157709   5.159038     2.5332     2.1458     100.07   28.34354  -86.34028    0.01182    0.00832     3.7536     3.7814    21.7047    21.7216    36.4820    36.4783    25.4275    25.4199    1507.25    163.478    164.692         43 0.0000e+00
      66731   2780.436     78.458     79.000    21.7602    21.7592   5.162045   5.161729     2.5414     2.1535     100.00   28.34354  -86.34028    0.00841    0.00518     3.7673     3.7970    21.7446    21.7436    36.4832    36.4816    25.4172    25.4163    1507.25    164.076    165.370         44 0.0000e+00
      66775   2782.265     77.465     78.000    21.8159    21.8034   5.166201   5.165305     2.5506     2.1618      77.57   28.34354  -86.34028    0.00468    0.00429     3.7820     3.8126    21.8005    21.7881    36.4696    36.4733    25.3911    25.3977    1507.25    164.723    166.052         44 0.0000e+00
      66819   2784.094     76.472     77.000    21.8631    21.8646   5.170114   5.170497     2.5649     2.1784     100.14   28.34354  -86.34028    0.00599    0.00575     3.8071     3.8458    21.8484    21.8494    36.4615    36.4628    25.3715    25.3723    1507.25    165.820    167.505         43 0.0000e+00
      66863   2785.912     75.479     76.000    21.8968    21.8896   5.173346   5.172613     2.5775     2.1885      86.71   28.34354  -86.34028    0.00756    0.00781     3.8311     3.8666    21.8817    21.8745    36.4586    36.4589    25.3600    25.3622    1507.25    166.867    168.413         44 0.0000e+00
      66904   2787.645     74.486     75.000    21.9263    21.9255   5.173748   5.173740     2.5910     2.1977      67.95   28.34354  -86.34028    0.00724    0.00572     3.8566     3.8851    21.9114    21.9106    36.4373    36.4383    25.3354    25.3363    1507.25    167.982    169.219         37 0.0000e+00
      66945   2789.350     73.493     74.000    21.9580    21.9579   5.175736   5.175642     2.6109     2.2215      98.79   28.34354  -86.34028    0.00916    0.00871     3.8952     3.9367    21.9433    21.9432    36.4267    36.4260    25.3183    25.3178    1507.25    169.664    171.471         45 0.0000e+00
      68745   2864.338     67.535     68.000    22.9317    22.7626   5.271852   5.256419     2.7593     2.3416      72.02   28.35833  -86.38532    0.00016   -0.00245     4.1240     4.1474    22.9178    22.7487    36.3764    36.3891    25.0038    25.0617    1508.04    179.687    180.696         61 0.0000e+00
      68777   2865.681     66.542     67.000    23.1721    23.0153   5.294096   5.278363     2.7691     2.3515     101.22   28.34354  -86.34026    0.00379    0.00293     4.1223     4.1500    23.1583    23.0016    36.3423    36.3491    24.9060    24.9595    1507.25    179.630    180.826         62 0.0000e+00
      68831   2867.909     65.549     66.000    23.4606    23.3519   5.326236   5.311678     2.7886     2.3678     100.00   28.34354  -86.34026    0.00648    0.00571     4.1442     4.1650    23.4469    23.3382    36.3554    36.3486    24.8315    24.8583    1507.25    180.594    181.499         52 0.0000e+00
      68887   2870.252     64.556     65.000    23.5165    23.4866   5.335005   5.330241     2.8097     2.3897     100.00   28.34354  -86.34026    0.00974    0.00938     4.1765     4.1998    23.5029    23.4730    36.3742    36.3621    24.8293    24.8289    1507.25    182.004    183.020         58 0.0000e+00
