Gulf of Mexico/GOMECC-4/1db/urb2103_0281.cnv
* Sea-Bird SBE 9 Data File:
* FileName = C:\Users\scs.user.rb\CTD\GOMECC4\data\rb2103_0281.hex
* Software Version Seasave V 7.26.7.107
* Temperature SN = 4799
* Conductivity SN = 3860
* Number of Bytes Per Scan = 41
* Number of Voltage Words = 4
* Number of Scans Averaged by the Deck Unit = 1
* NMEA Latitude = 27 59.98 N
* NMEA Longitude = 086 37.19 W
* NMEA UTC (Time) = Sep 21 2021  18:09:14
* NMEA baud rate = 4800
# nquan = 28
# nvalues = 289                         
# units = specified
# name 0 = scan: Scan Count
# name 1 = timeS: Time, Elapsed [seconds]
# name 2 = depSM: Depth [salt water, m]
# name 3 = prDM: Pressure, Digiquartz [db]
# name 4 = t090C: Temperature [ITS-90, deg C]
# name 5 = t190C: Temperature, 2 [ITS-90, deg C]
# name 6 = c0S/m: Conductivity [S/m]
# name 7 = c1S/m: Conductivity, 2 [S/m]
# name 8 = sbeox0V: Oxygen raw, SBE 43 [V]
# name 9 = sbeox1V: Oxygen raw, SBE 43, 2 [V]
# name 10 = altM: Altimeter [m]
# name 11 = latitude: Latitude [deg]
# name 12 = longitude: Longitude [deg]
# name 13 = sbox0dV/dT: Oxygen, SBE 43 [dov/dt]
# name 14 = sbox1dV/dT: Oxygen, SBE 43, 2 [dov/dt]
# name 15 = sbeox0ML/L: Oxygen, SBE 43 [ml/l], WS = 5
# name 16 = sbeox1ML/L: Oxygen, SBE 43, 2 [ml/l], WS = 5
# name 17 = potemp090C: Potential Temperature [ITS-90, deg C]
# name 18 = potemp190C: Potential Temperature, 2 [ITS-90, deg C]
# name 19 = sal00: Salinity, Practical [PSU]
# name 20 = sal11: Salinity, Practical, 2 [PSU]
# name 21 = sigma-é00: Density [sigma-theta, kg/m^3]
# name 22 = sigma-é11: Density, 2 [sigma-theta, kg/m^3]
# name 23 = avgsvCM: Average Sound Velocity [Chen-Millero, m/s], minP = 20, minS = 20
# name 24 = sbox0Mm/Kg: Oxygen, SBE 43 [umol/kg], WS = 5
# name 25 = sbox1Mm/Kg: Oxygen, SBE 43, 2 [umol/kg], WS = 5
# name 26 = nbin: number of scans per bin
# name 27 = flag: flag
# span 0 =      90705,     244859       
# span 1 =   3779.316,  10202.431       
# span 2 =      1.987,   2958.981       
# span 3 =      2.000,   3000.000       
# span 4 =     4.2925,    29.6213       
# span 5 =     4.2932,    29.6168       
# span 6 =   3.347456,   5.813995       
# span 7 =   3.347395,   5.813914       
# span 8 =     1.6217,     3.2462       
# span 9 =     1.3250,     2.7570       
# span 10 =       2.90,     104.05      
# span 11 =   27.99305,   28.89505      
# span 12 =  -89.39515,  -86.60354      
# span 13 =   -0.01355,    0.02437      
# span 14 =   -0.01358,    0.03871      
# span 15 =     2.5698,     4.6580      
# span 16 =     2.5950,     4.6876      
# span 17 =     4.0821,    29.6206      
# span 18 =     4.0831,    29.6160      
# span 19 =    33.2587,    36.4858      
# span 20 =    33.2652,    36.4847      
# span 21 =    20.8591,    27.7578      
# span 22 =    20.8692,    27.7563      
# span 23 =    1500.62,    1548.99      
# span 24 =    111.735,    202.407      
# span 25 =    112.830,    203.695      
# span 26 =         30,         78      
# span 27 = 0.0000e+00, 0.0000e+00      
# interval = decibars: 1                
# start_time = Sep 21 2021 18:09:14 [NMEA time, header]
# bad_flag = -9.990e-29
*END*
[from data line 208]
     216419   9017.430    124.131    125.000    19.0431    19.0809   4.873431   4.877030     1.9799     1.6446      98.96   27.99873  -86.62059   -0.00093   -0.00072     2.7644     2.7883    19.0206    19.0586    36.4506    36.4501    26.1251    26.1157    1500.92    120.316    121.358         31 0.0000e+00
     217031   9042.900    123.138    124.000    19.0951    19.0896   4.878842   4.878615     1.9756     1.6388      99.96   27.99870  -86.62060   -0.00036   -0.00051     2.7519     2.7730    19.0727    19.0674    36.4508    36.4544    26.1118    26.1162    1500.92    119.772    120.690         64 0.0000e+00
     217117   9046.511    122.146    123.000    19.1466    19.1546   4.883915   4.885016     1.9720     1.6367      96.09   27.99869  -86.62060   -0.00098   -0.00092     2.7408     2.7646    19.1244    19.1324    36.4485    36.4507    26.0967    26.0963    1500.92    119.292    120.325         60 0.0000e+00
     217170   9048.728    121.153    122.000    19.2830    19.2867   4.899129   4.899655     1.9720     1.6353     100.11   27.99869  -86.62060   -0.00091   -0.00039     2.7328     2.7537    19.2609    19.2646    36.4566    36.4578    26.0676    26.0675    1500.92    118.947    119.858         47 0.0000e+00
     217210   9050.385    120.160    121.000    19.3203    19.3160   4.903307   4.902654     1.9739     1.6386     100.00   27.99868  -86.62060    0.00057    0.00004     2.7346     2.7598    19.2983    19.2940    36.4593    36.4576    26.0599    26.0597    1500.92    119.024    120.121         34 0.0000e+00
     217241   9051.681    119.167    120.000    19.3548    19.3585   4.906788   4.907226     1.9803     1.6449      69.07   27.99868  -86.62060    0.00173    0.00192     2.7461     2.7724    19.3329    19.3367    36.4586    36.4589    26.0503    26.0496    1500.92    119.529    120.674         30 0.0000e+00
     217273   9052.983    118.174    119.000    19.4018    19.4006   4.911794   4.911610     1.9934     1.6605      96.54   27.99868  -86.62060    0.00489    0.00571     2.7718     2.8071    19.3801    19.3789    36.4595    36.4591    26.0387    26.0387    1500.92    120.648    122.184         32 0.0000e+00
     217304   9054.281    117.182    118.000    19.4732    19.5009   4.919079   4.921990     2.0110     1.6760      99.97   27.99868  -86.62060    0.00972    0.01004     2.8044     2.8394    19.4516    19.4793    36.4584    36.4583    26.0192    26.0120    1500.92    122.070    123.592         31 0.0000e+00
     217335   9055.578    116.189    117.000    19.5665    19.5799   4.928971   4.930183     2.0262     1.6899     100.00   27.99868  -86.62060    0.01208    0.01163     2.8332     2.8670    19.5451    19.5584    36.4595    36.4579    25.9956    25.9909    1500.92    123.326    124.797         31 0.0000e+00
     217366   9056.879    115.196    116.000    19.6354    19.6535   4.936138   4.938163     2.0431     1.7093      98.02   27.99868  -86.62060    0.01264    0.01204     2.8656     2.9089    19.6141    19.6322    36.4593    36.4603    25.9774    25.9734    1500.92    124.736    126.622         31 0.0000e+00
     217398   9058.190    114.204    115.000    19.6825    19.6867   4.941202   4.941531     2.0568     1.7186     100.00   27.99868  -86.62060    0.01235    0.01231     2.8922     2.9289    19.6613    19.6655    36.4606    36.4597    25.9660    25.9642    1500.92    125.896    127.494         32 0.0000e+00
     217429   9059.519    113.211    114.000    19.7204    19.7211   4.945143   4.945208     2.0667     1.7255     100.00   27.99868  -86.62060    0.01076    0.00928     2.9110     2.9430    19.6993    19.7001    36.4607    36.4606    25.9560    25.9557    1500.92    126.718    128.107         31 0.0000e+00
     217460   9060.809    112.218    113.000    19.7381    19.7427   4.947116   4.947435     2.0711     1.7274     100.00   27.99868  -86.62061    0.00725    0.00463     2.9192     2.9459    19.7173    19.7218    36.4619    36.4606    25.9522    25.9500    1500.92    127.075    128.237         30 0.0000e+00
     217491   9062.102    111.225    112.000    19.7706    19.7676   4.950423   4.950217     2.0741     1.7279     100.00   27.99868  -86.62062    0.00424    0.00200     2.9234     2.9452    19.7499    19.7470    36.4615    36.4623    25.9433    25.9447    1500.92    127.257    128.204         32 0.0000e+00
     217524   9063.443    110.232    111.000    19.8265    19.8265   4.956696   4.956467     2.0735     1.7269      76.61   27.99868  -86.62062    0.00205    0.00050     2.9186     2.9392    19.8059    19.8059    36.4651    36.4632    25.9312    25.9298    1500.92    127.048    127.945         32 0.0000e+00
     217555   9064.750    109.239    110.000    19.9181    19.9280   4.967321   4.968294     2.0657     1.7175      88.24   27.99868  -86.62062   -0.00075   -0.00161     2.8960     2.9111    19.8977    19.9076    36.4736    36.4730    25.9135    25.9104    1500.92    126.067    126.725         31 0.0000e+00
     217586   9066.042    108.247    109.000    20.0258    20.0066   4.979626   4.977606     2.0536     1.6977      99.82   27.99868  -86.62062   -0.00515   -0.00634     2.8640     2.8598    20.0055    19.9863    36.4820    36.4783    25.8912    25.8935    1500.92    124.676    124.494         32 0.0000e+00
     217619   9067.397    107.254    108.000    20.1018    20.0975   4.987929   4.987273     2.0265     1.6741     100.00   27.99868  -86.62062   -0.01158   -0.01346     2.7997     2.7978    20.0816    20.0773    36.4849    36.4832    25.8732    25.8730    1500.92    121.883    121.799         32 0.0000e+00
     217650   9068.720    106.261    107.000    20.1597    20.1645   4.994109   4.994476     2.0160     1.6670     100.00   27.99868  -86.62062   -0.01355   -0.01358     2.7745     2.7782    20.1397    20.1445    36.4858    36.4847    25.8584    25.8563    1500.92    120.784    120.946         31 0.0000e+00
     217680   9069.979    105.268    106.000    20.2180    20.2042   5.000018   4.998553     2.0114     1.6654     100.00   27.99868  -86.62062   -0.01040   -0.00881     2.7610     2.7719    20.1981    20.1844    36.4843    36.4841    25.8416    25.8452    1500.92    120.201    120.675         30 0.0000e+00
     217712   9071.306    104.275    105.000    20.2578    20.2713   5.003886   5.004822     2.0127     1.6708     100.00   27.99868  -86.62062   -0.00367   -0.00048     2.7614     2.7810    20.2380    20.2515    36.4819    36.4780    25.8291    25.8225    1500.92    120.220    121.074         34 0.0000e+00
     217746   9072.697    103.282    104.000    20.2824    20.2936   5.006248   5.007066     2.0167     1.6789     100.00   27.99868  -86.62062    0.00034    0.00313     2.7683     2.7984    20.2629    20.2740    36.4803    36.4774    25.8212    25.8160    1500.92    120.521    121.833         32 0.0000e+00
     217777   9074.000    102.290    103.000    20.3209    20.3209   5.009706   5.009772     2.0235     1.6851     100.00   27.99868  -86.62062    0.00292    0.00520     2.7803     2.8114    20.3015    20.3015    36.4758    36.4763    25.8074    25.8078    1500.92    121.046    122.396         30 0.0000e+00
     217807   9075.260    101.297    102.000    20.3462    20.3428   5.011811   5.011677     2.0318     1.6924     100.00   27.99868  -86.62062    0.00474    0.00543     2.7964     2.8270    20.3270    20.3236    36.4715    36.4734    25.7973    25.7996    1500.92    121.747    123.077         31 0.0000e+00
     217839   9076.588    100.304    101.000    20.3653    20.3743   5.013516   5.014128     2.0414     1.7001     100.00   27.99868  -86.62063    0.00637    0.00539     2.8155     2.8432    20.3463    20.3553    36.4693    36.4666    25.7905    25.7860    1500.92    122.580    123.785         33 0.0000e+00
     217873   9077.982     99.311    100.000    20.4039    20.4380   5.017059   5.019748     2.0509     1.7119     100.00   27.99868  -86.62064    0.00697    0.00637     2.8335     2.8672    20.3850    20.4191    36.4654    36.4580    25.7770    25.7622    1500.92    123.364    124.831         34 0.0000e+00
     218016   9083.973     97.325     98.000    20.5161    20.5505   5.026805   5.030064     2.0899     1.7574     100.03   28.00739  -86.64759    0.01081    0.01279     2.9057     2.9670    20.4975    20.5320    36.4529    36.4488    25.7378    25.7256    1501.39    126.512    129.185         41 0.0000e+00
     218020   9084.108     96.332     97.000    20.4315    20.4488   5.019248   5.020351     2.1047     1.7724     100.00   27.99868  -86.62064    0.00832    0.00943     2.9443     3.0069    20.4129    20.4305    36.4601    36.4547    25.7655    25.7566    1500.92    128.190    130.917         62 0.0000e+00
     218102   9087.523     95.339     96.000    20.4059    20.4360   5.016370   5.019074     2.0859     1.7536     100.00   27.99868  -86.62064   -0.00529   -0.00521     2.9064     2.9635    20.3878    20.4179    36.4595    36.4557    25.7718    25.7608    1500.92    126.539    129.026         63 0.0000e+00
     218183   9090.910     94.347     95.000    20.4565    20.4277   5.020836   5.018470     2.0863     1.7431      99.66   27.99868  -86.62064   -0.00122   -0.00295     2.9051     2.9391    20.4391    20.4099    36.4523    36.4587    25.7525    25.7655    1500.92    126.485    127.961         68 0.0000e+00
     218265   9094.334     93.354     94.000    20.6114    20.6341   5.033435   5.035399     2.1490     1.7623      98.89   27.99868  -86.62064    0.01715    0.00481     3.0222     2.9746    20.5913    20.6162    36.4245    36.4191    25.6902    25.6793    1500.92    131.593    129.516         78 0.0000e+00
     218348   9097.785     92.361     93.000    20.8095    20.8583   5.049678   5.053333     2.2325     1.9124      87.87   27.99868  -86.62064    0.02345    0.03871     3.1934     3.3095    20.7917    20.8405    36.3850    36.3739    25.6057    25.5839    1500.92    139.056    144.116         75 0.0000e+00
     218430   9101.190     91.368     92.000    20.9502    20.9636   5.063620   5.065383     2.3136     1.9643      99.96   27.99867  -86.62064    0.02437    0.01654     3.3552     3.4225    20.9326    20.9459    36.3779    36.3808    25.5618    25.5603    1500.92    146.107    149.038         72 0.0000e+00
     218509   9104.495     90.375     91.000    21.2630    21.3236   5.096780   5.103687     2.3840     2.0192      99.92   27.99867  -86.62064    0.02050    0.01542     3.4811     3.5289    21.2453    21.3059    36.3786    36.3829    25.4764    25.4629    1500.92    151.606    153.689         56 0.0000e+00
     219281   9136.656     89.382     90.000    21.6005    21.5950   5.135530   5.131463     2.4933     2.1253     100.00   27.99866  -86.62065    0.01374    0.01194     3.6734     3.7425    21.5841    21.5776    36.4022    36.4029    25.4004    25.4043    1500.92    159.991    163.001         45 0.0000e+00
     219931   9163.750     88.389     89.000    21.7117    21.7321   5.146539   5.148795     2.5230     2.1511     100.00   27.99864  -86.62066    0.00235   -0.00124     3.7396     3.8004    21.6951    21.7147    36.3972    36.4003    25.3656    25.3626    1500.92    162.880    165.526         68 0.0000e+00
     220019   9167.400     87.396     88.000    21.7376    21.7718   5.148731   5.152313     2.5464     2.1644     100.00   27.99864  -86.62066    0.00869    0.00361     3.7854     3.8266    21.7203    21.7544    36.3932    36.3929    25.3555    25.3457    1500.92    164.876    166.672         66 0.0000e+00
     220085   9170.177     86.403     87.000    21.9026    21.9713   5.163590   5.169078     2.5640     2.1881     100.00   27.99864  -86.62066    0.00501    0.00668     3.8042     3.8678    21.8854    21.9540    36.3688    36.3581    25.2906    25.2632    1500.92    165.702    168.481         65 0.0000e+00
     220146   9172.713     85.410     86.000    22.0834    22.0907   5.180247   5.180814     2.6070     2.2228     100.00   27.99864  -86.62066    0.01447    0.01326     3.8852     3.9377    22.0663    22.0735    36.3527    36.3510    25.2273    25.2241    1500.92    169.243    171.532         59 0.0000e+00
     220205   9175.148     84.417     85.000    22.1812    22.1732   5.190649   5.189699     2.6390     2.2444     100.00   27.99864  -86.62066    0.01516    0.01098     3.9437     3.9808    22.1642    22.1562    36.3531    36.3523    25.2000    25.2017    1500.92    171.795    173.410         50 0.0000e+00
     220286   9178.545     83.424     84.000    22.1684    22.1547   5.190236   5.188724     2.6584     2.2544      91.92   27.99864  -86.62066    0.00675    0.00368     3.9837     4.0035    22.1516    22.1379    36.3592    36.3605    25.2081    25.2130    1500.92    173.535    174.400         48 0.0000e+00
     220379   9182.415     82.431     83.000    22.0941    22.1196   5.183561   5.184346     2.6480     2.2496     100.39   27.99864  -86.62067   -0.00313   -0.00170     3.9676     3.9948    22.0775    22.1030    36.3710    36.3573    25.2381    25.2205    1500.92    172.830    174.020         35 0.0000e+00
     220476   9186.453     81.438     82.000    22.2827    22.0155   5.200694   5.175400     2.6659     2.2277      83.10   27.99862  -86.62068    0.00480   -0.00639     3.9890     3.9517    22.2662    21.9991    36.3466    36.3730    25.1660    25.2618    1500.92    173.777    172.137         35 0.0000e+00
     220567   9190.235     80.446     81.000    22.4409    22.2672   5.218880   5.197983     2.6857     2.2398     103.73   27.99862  -86.62068    0.00521    0.00257     4.0174     3.9612    22.4245    22.2510    36.3596    36.3370    25.1308    25.1630    1500.92    175.019    172.563         47 0.0000e+00
     220664   9194.278     79.453     80.000    22.6363    22.5275   5.238068   5.227664     2.7226     2.2952     100.00   27.99862  -86.62068    0.00901    0.01266     4.0774     4.0654    22.6201    22.5113    36.3468    36.3542    25.0651    25.1019    1500.92    177.643    177.114         46 0.0000e+00
     220849   9201.984     77.467     78.000    22.9996    22.9616   5.275490   5.273975     2.7708     2.3557     100.00   27.99791  -86.61848    0.00565    0.00482     4.1462     4.1697    22.9836    22.9455    36.3369    36.3565    24.9526    24.9785    1500.88    180.659    181.680         41 0.0000e+00
     220950   9206.190     76.474     77.000    23.0698    23.0753   5.286556   5.286859     2.7852     2.3691     100.00   27.99861  -86.62070    0.00382    0.00350     4.1682     4.1905    23.0539    23.0596    36.3644    36.3643    24.9531    24.9520    1500.92    181.618    182.593         44 0.0000e+00
     221045   9210.162     75.481     76.000    23.1953    23.1937   5.299030   5.299046     2.8092     2.3874     100.00   27.99861  -86.62070    0.00535    0.00402     4.2056     4.2296    23.1796    23.1781    36.3603    36.3580    24.9135    24.9123    1500.92    183.258    184.302         30 0.0000e+00
     221630   9234.531     74.488     75.000    23.4445    23.4422   5.325972   5.327480     2.8411     2.4117      99.40   27.99860  -86.62070    0.00372    0.00187     4.2483     4.2559    23.4233    23.4266    36.3649    36.3741    24.8455    24.8515    1500.92    185.128    185.459         45 0.0000e+00
     222681   9278.321     71.509     72.000    23.9200    23.8595   5.378920   5.375760     2.8829     2.4426      99.98   27.99305  -86.60354    0.00587    0.00314     4.2940     4.2907    23.9047    23.8445    36.3738    36.3977    24.7093    24.7449    1500.62    187.144    186.994         64 0.0000e+00
