Gulf of Mexico/GOMECC-4/1db/urb2103_0411.cnv
* Sea-Bird SBE 9 Data File:
* FileName = C:\Users\scs.user.rb\CTD\GOMECC4\data\rb2103_0411.hex
* Software Version Seasave V 7.26.7.107
* Temperature SN = 4799
* Conductivity SN = 3860
* Number of Bytes Per Scan = 41
* Number of Voltage Words = 4
* Number of Scans Averaged by the Deck Unit = 1
* NMEA Latitude = 28 04.43 N
* NMEA Longitude = 089 59.85 W
* NMEA UTC (Time) = Sep 26 2021  02:13:04
* NMEA baud rate = 4800
# nquan = 28
# nvalues = 174                         
# units = specified
# name 0 = scan: Scan Count
# name 1 = timeS: Time, Elapsed [seconds]
# name 2 = depSM: Depth [salt water, m]
# name 3 = prDM: Pressure, Digiquartz [db]
# name 4 = t090C: Temperature [ITS-90, deg C]
# name 5 = t190C: Temperature, 2 [ITS-90, deg C]
# name 6 = c0S/m: Conductivity [S/m]
# name 7 = c1S/m: Conductivity, 2 [S/m]
# name 8 = sbeox0V: Oxygen raw, SBE 43 [V]
# name 9 = sbeox1V: Oxygen raw, SBE 43, 2 [V]
# name 10 = altM: Altimeter [m]
# name 11 = latitude: Latitude [deg]
# name 12 = longitude: Longitude [deg]
# name 13 = sbox0dV/dT: Oxygen, SBE 43 [dov/dt]
# name 14 = sbox1dV/dT: Oxygen, SBE 43, 2 [dov/dt]
# name 15 = sbeox0ML/L: Oxygen, SBE 43 [ml/l], WS = 5
# name 16 = sbeox1ML/L: Oxygen, SBE 43, 2 [ml/l], WS = 5
# name 17 = potemp090C: Potential Temperature [ITS-90, deg C]
# name 18 = potemp190C: Potential Temperature, 2 [ITS-90, deg C]
# name 19 = sal00: Salinity, Practical [PSU]
# name 20 = sal11: Salinity, Practical, 2 [PSU]
# name 21 = sigma-é00: Density [sigma-theta, kg/m^3]
# name 22 = sigma-é11: Density, 2 [sigma-theta, kg/m^3]
# name 23 = avgsvCM: Average Sound Velocity [Chen-Millero, m/s], minP = 20, minS = 20
# name 24 = sbox0Mm/Kg: Oxygen, SBE 43 [umol/kg], WS = 5
# name 25 = sbox1Mm/Kg: Oxygen, SBE 43, 2 [umol/kg], WS = 5
# name 26 = nbin: number of scans per bin
# name 27 = flag: flag
# span 0 =      40062,      79608       
# span 1 =   1669.227,   3316.951       
# span 2 =      1.986,    429.668       
# span 3 =      2.000,    433.000       
# span 4 =     9.3143,    29.1946       
# span 5 =     9.3208,    29.1964       
# span 6 =   3.775244,   5.987057       
# span 7 =   3.775837,   5.987392       
# span 8 =     1.6299,     3.2061       
# span 9 =     1.3327,     2.7265       
# span 10 =       9.38,     101.96      
# span 11 =   27.87420,   28.77107      
# span 12 =  -92.20466,  -89.33072      
# span 13 =   -0.00591,    0.01772      
# span 14 =   -0.00643,    0.01812      
# span 15 =     2.5531,     4.4805      
# span 16 =     2.5837,     4.4880      
# span 17 =     9.2656,    29.1936      
# span 18 =     9.2720,    29.1955      
# span 19 =    35.1207,    37.0587      
# span 20 =    35.1201,    37.0596      
# span 21 =    22.9403,    27.1702      
# span 22 =    22.9400,    27.1687      
# span 23 =    1505.70,    1554.14      
# span 24 =    111.025,    195.581      
# span 25 =    112.357,    195.908      
# span 26 =         30,         73      
# span 27 = 0.0000e+00, 0.0000e+00      
# interval = decibars: 1                
# start_time = Sep 26 2021 02:13:04 [NMEA time, header]
# bad_flag = -9.990e-29
*END*
[from data line 156]
      69827   2909.405     27.812     28.000    28.3327    28.3724   5.845553   5.849546     3.1135     2.6491      97.57   28.08260  -89.99937   -0.00094    0.00005     4.3665     4.3746    28.3260    28.3657    36.3023    36.2997    23.2669    23.2518    1516.98    190.573    190.929         32 0.0000e+00
      69908   2912.809     26.818     27.000    28.3580    28.3887   5.848064   5.850479     3.1133     2.6463     100.00   28.08261  -89.99938   -0.00115    0.00021     4.3638     4.3675    28.3515    28.3822    36.3011    36.2941    23.2576    23.2422    1516.98    190.456    190.620         38 0.0000e+00
      71021   2959.153     21.852     22.000    28.5774    28.5885   5.877611   5.878800     3.1333     2.6551      90.00   28.17032  -90.28034    0.00088   -0.00009     4.3838     4.3734    28.5721    28.5832    36.3943    36.3941    23.2713    23.2674    1521.71    191.344    190.888         39 0.0000e+00
      70963   2956.755     20.859     21.000    28.4866    28.5007   5.859080   5.860513     3.1230     2.6549      99.35   28.08269  -89.99947    0.00012   -0.00079     4.3687     4.3741    28.4815    28.4957    36.2811    36.2802    23.1994    23.1941    1516.98    190.684    190.917         30 0.0000e+00
      72838   3034.894     18.873     19.000    28.7102    28.7124   5.902906   5.903083     3.1479     2.6719     100.70   28.28873  -90.65960    0.00043   -0.00009     4.4024     4.4014    28.7056    28.7079    36.5425    36.5421    23.3610    23.3599    1528.10    192.153    192.110         43 0.0000e+00
      72413   3017.171     17.879     18.000    28.5006    28.5051   5.859833   5.859644     3.1251     2.6551     100.00   28.08280  -89.99960   -0.00020   -0.00054     4.3702     4.3726    28.4962    28.5008    36.2766    36.2717    23.1911    23.1860    1516.98    190.747    190.857         32 0.0000e+00
      72498   3020.698     15.893     16.000    28.4542    28.4569   5.844023   5.840954     3.1192     2.6546      99.16   28.03231  -89.83782   -0.00040    0.00034     4.3614     4.3738    28.4504    28.4531    36.1713    36.1488    23.1176    23.0997    1514.25    190.370    190.914         33 0.0000e+00
      72759   3031.583     14.900     15.000    28.5035    28.5004   5.851094   5.846422     3.1271     2.6569     100.04   28.08282  -89.99962    0.00087   -0.00123     4.3735     4.3772    28.4999    28.4968    36.2141    36.1841    23.1430    23.1215    1516.98    190.903    191.066         61 0.0000e+00
      73118   3046.558     12.913     13.000    28.5375    28.5465   5.853795   5.854048     3.1293     2.6647      98.50   28.11674  -90.10831    0.00036    0.00139     4.3758     4.3899    28.5344    28.5433    36.2283    36.2232    23.1487    23.1419    1518.81    191.007    191.624         45 0.0000e+00
      73242   3051.694     11.920     12.000    28.5028    28.5093   5.846833   5.846433     3.1269     2.6579     100.09   28.08285  -89.99967    0.00057   -0.00087     4.3723     4.3772    28.5000    28.5064    36.1858    36.1780    23.1216    23.1137    1516.98    190.852    191.070         34 0.0000e+00
      73421   3059.165     10.926     11.000    28.5048    28.5074   5.846226   5.846460     3.1258     2.6582     100.00   28.08286  -89.99968    0.00015   -0.00024     4.3698     4.3773    28.5022    28.5048    36.1803    36.1800    23.1168    23.1157    1516.98    190.744    191.073         42 0.0000e+00
      74679   3111.564      8.940      9.000    28.2928    28.2929   5.801791   5.801753     3.1085     2.6393      82.29   27.87420  -89.33072    0.00063    0.00264     4.3471     4.3458    28.2906    28.2907    35.9053    35.9049    22.9403    22.9400    1505.70    189.758    189.699         41 0.0000e+00
      75388   3141.110      7.947      8.000    28.5039    28.5086   5.845089   5.845717     3.1275     2.6637     101.96   28.08298  -89.99981   -0.00032    0.00116     4.3716     4.3869    28.5020    28.5067    36.1740    36.1740    23.1121    23.1105    1516.98    190.823    191.494         48 0.0000e+00
      75542   3147.538      6.953      7.000    28.5030    28.5041   5.844688   5.844756     3.1262     2.6591     100.00   28.08298  -89.99982    0.00004   -0.00057     4.3687     4.3776    28.5014    28.5024    36.1722    36.1718    23.1109    23.1104    1516.98    190.698    191.086         39 0.0000e+00
      75701   3154.177      5.960      6.000    28.5011    28.5017   5.844324   5.844382     3.1293     2.6608     100.00   28.08301  -89.99982    0.00114    0.00075     4.3741     4.3806    28.4997    28.5003    36.1714    36.1714    23.1109    23.1107    1516.98    190.933    191.218         52 0.0000e+00
      79608   3316.951      3.973      4.000    29.1946    29.1964   5.987057   5.987392     3.2061     2.7265     100.28   28.77107  -92.20466   -0.00016   -0.00020     4.4805     4.4880    29.1936    29.1955    37.0587    37.0596    23.6793    23.6795    1554.14    195.581    195.908         30 0.0000e+00
      78636   3276.463      2.980      3.000    28.4962    28.4981   5.843797   5.844137     3.1288     2.6596      99.90   28.08320  -90.00004   -0.00072   -0.00031     4.3719     4.3767    28.4955    28.4974    36.1723    36.1733    23.1130    23.1131    1516.98    190.839    191.050         42 0.0000e+00
      78745   3281.005      1.986      2.000    28.4959    28.4975   5.843715   5.844023     3.1330     2.6644     100.00   28.08320  -90.00004    0.00135    0.00100     4.3790     4.3860    28.4954    28.4970    36.1724    36.1733    23.1131    23.1132    1516.98    191.147    191.452         35 0.0000e+00
