Gulf of Mexico/GOMECC-4/1db/urb2103_0011.cnv
* Sea-Bird SBE 9 Data File:
* FileName = C:\Users\scs.user.rb\CTD\GOMECC4\data\rb1203_001.hex
* Software Version Seasave V 7.26.7.107
* Temperature SN = 4799
* Conductivity SN = 3860
* Number of Bytes Per Scan = 41
* Number of Voltage Words = 4
* Number of Scans Averaged by the Deck Unit = 1
* NMEA Latitude = 26 59.84 N
* NMEA Longitude = 079 37.07 W
* NMEA UTC (Time) = Sep 14 2021  14:55:20
* NMEA baud rate = 4800
# nquan = 28
# nvalues = 108                         
# units = specified
# name 0 = scan: Scan Count
# name 1 = timeS: Time, Elapsed [seconds]
# name 2 = depSM: Depth [salt water, m]
# name 3 = prDM: Pressure, Digiquartz [db]
# name 4 = t090C: Temperature [ITS-90, deg C]
# name 5 = t190C: Temperature, 2 [ITS-90, deg C]
# name 6 = c0S/m: Conductivity [S/m]
# name 7 = c1S/m: Conductivity, 2 [S/m]
# name 8 = sbeox0V: Oxygen raw, SBE 43 [V]
# name 9 = sbeox1V: Oxygen raw, SBE 43, 2 [V]
# name 10 = altM: Altimeter [m]
# name 11 = latitude: Latitude [deg]
# name 12 = longitude: Longitude [deg]
# name 13 = sbox0dV/dT: Oxygen, SBE 43 [dov/dt]
# name 14 = sbox1dV/dT: Oxygen, SBE 43, 2 [dov/dt]
# name 15 = sbeox0ML/L: Oxygen, SBE 43 [ml/l], WS = 5
# name 16 = sbeox1ML/L: Oxygen, SBE 43, 2 [ml/l], WS = 5
# name 17 = potemp090C: Potential Temperature [ITS-90, deg C]
# name 18 = potemp190C: Potential Temperature, 2 [ITS-90, deg C]
# name 19 = sal00: Salinity, Practical [PSU]
# name 20 = sal11: Salinity, Practical, 2 [PSU]
# name 21 = sigma-é00: Density [sigma-theta, kg/m^3]
# name 22 = sigma-é11: Density, 2 [sigma-theta, kg/m^3]
# name 23 = avgsvCM: Average Sound Velocity [Chen-Millero, m/s], minP = 20, minS = 20
# name 24 = sbox0Mm/Kg: Oxygen, SBE 43 [umol/kg], WS = 5
# name 25 = sbox1Mm/Kg: Oxygen, SBE 43, 2 [umol/kg], WS = 5
# name 26 = nbin: number of scans per bin
# name 27 = flag: flag
# span 0 =      56416,     110923       
# span 1 =   2350.645,   4621.732       
# span 2 =      1.987,    616.984       
# span 3 =      2.000,    622.000       
# span 4 =     7.4871,    29.6723       
# span 5 =     7.4812,    29.6697       
# span 6 =   3.596237,   5.996459       
# span 7 =   3.595726,   5.996522       
# span 8 =     1.6247,     3.2102       
# span 9 =     1.3324,     2.7489       
# span 10 =      15.65,     101.90      
# span 11 =   26.66907,   27.18412      
# span 12 =  -80.14817,  -78.61978      
# span 13 =   -0.00539,    0.00887      
# span 14 =   -0.00408,    0.00627      
# span 15 =     2.6134,     4.5059      
# span 16 =     2.6526,     4.5307      
# span 17 =     7.4248,    29.6664      
# span 18 =     7.4190,    29.6638      
# span 19 =    34.9439,    36.8227      
# span 20 =    34.9440,    36.8244      
# span 21 =    22.5100,    27.3144      
# span 22 =    22.5148,    27.3154      
# span 23 =    1495.93,    1525.06      
# span 24 =    113.632,    196.696      
# span 25 =    115.340,    197.786      
# span 26 =         30,         66      
# span 27 = 0.0000e+00, 0.0000e+00      
# interval = decibars: 1                
# start_time = Sep 14 2021 14:55:20 [NMEA time, header]
# bad_flag = -9.990e-29
*END*
      56416   2350.645    616.984    622.000     7.4871     7.4812   3.596237   3.595726     1.6467     1.3529      15.65   26.99814  -79.62306    0.00005   -0.00041     2.8477     2.8926     7.4248     7.4190    34.9439    34.9440    27.3144    27.3154    1515.26    123.797    125.749         33 0.0000e+00
      56507   2354.413    614.012    619.000     7.5330     7.5231   3.600656   3.599668     1.6459     1.3526      18.49   26.99858  -79.62438   -0.00018   -0.00001     2.8407     2.8875     7.4709     7.4610    34.9470    34.9463    27.3103    27.3111    1515.28    123.492    125.529         33 0.0000e+00
      56539   2355.759    613.022    618.000     7.5428     7.5361   3.601458   3.600807     1.6448     1.3517      19.54   26.99815  -79.62308   -0.00045   -0.00027     2.8361     2.8831     7.4807     7.4740    34.9463    34.9459    27.3083    27.3089    1515.26    123.293    125.335         32 0.0000e+00
      59255   2468.921    546.649    551.000     8.4018     8.4021   3.684172   3.684207     1.6247     1.3324      85.90   26.99913  -79.62498   -0.00002    0.00003     2.6889     2.7330     8.3431     8.3434    35.0085    35.0087    27.2283    27.2285    1515.29    116.906    118.820         38 0.0000e+00
      60290   2512.021    541.695    546.000     8.4978     8.4957   3.693982   3.693594     1.6263     1.3330      90.28   26.99949  -79.62562    0.00033    0.00019     2.6853     2.7267     8.4393     8.4371    35.0199    35.0179    27.2224    27.2212    1515.30    116.747    118.545         31 0.0000e+00
      60319   2513.249    540.705    545.000     8.5116     8.5119   3.695200   3.695281     1.6263     1.3329      91.23   26.99882  -79.62362    0.00026    0.00001     2.6839     2.7248     8.4531     8.4534    35.0195    35.0200    27.2199    27.2203    1515.26    116.687    118.467         31 0.0000e+00
      60350   2514.554    539.713    544.000     8.5308     8.5322   3.697162   3.697392     1.6261     1.3330      92.15   26.99882  -79.62362    0.00004    0.00000     2.6816     2.7234     8.4724     8.4737    35.0217    35.0228    27.2187    27.2193    1515.26    116.589    118.405         31 0.0000e+00
      62060   2585.776    473.318    477.000     9.9374     9.9435   3.843248   3.844231     1.6437     1.3494     100.01   27.00148  -79.63070   -0.00003    0.00030     2.6134     2.6566     9.8813     9.8874    35.1947    35.1972    27.1245    27.1254    1515.39    113.632    115.512         51 0.0000e+00
      62305   2596.009    471.336    475.000    10.0254    10.0263   3.852665   3.852716     1.6465     1.3501      93.36   26.99921  -79.62394    0.00016   -0.00020     2.6148     2.6526     9.9693     9.9702    35.2042    35.2039    27.1168    27.1164    1515.26    113.695    115.340         49 0.0000e+00
      64249   2677.004    465.389    469.000    10.2454    10.2450   3.877610   3.877171     1.6535     1.3573     100.05   27.01416  -79.66742    0.00014   -0.00007     2.6171     2.6580    10.1893    10.1889    35.2511    35.2521    27.1161    27.1170    1516.08    113.795    115.575         33 0.0000e+00
      64277   2678.183    464.397    468.000    10.2435    10.2411   3.875928   3.875669     1.6530     1.3576      99.55   26.99956  -79.62430    0.00017    0.00014     2.6163     2.6593    10.1874    10.1851    35.2325    35.2327    27.1012    27.1018    1515.26    113.760    115.631         38 0.0000e+00
      64397   2683.160    460.433    464.000    10.2943    10.3229   3.881228   3.884411     1.6540     1.3582     100.00   26.99972  -79.62473    0.00016    0.00016     2.6145     2.6543    10.2386    10.2671    35.2392    35.2438    27.0975    27.0962    1515.27    113.682    115.415         30 0.0000e+00
      64479   2686.595    457.459    461.000    10.3994    10.4153   3.892558   3.894312     1.6568     1.3611     100.00   26.99908  -79.62285    0.00079    0.00084     2.6143     2.6562    10.3437    10.3595    35.2535    35.2559    27.0903    27.0894    1515.23    113.674    115.498         30 0.0000e+00
      64511   2687.909    456.467    460.000    10.4497    10.4839   3.897743   3.902113     1.6580     1.3619     100.00   26.99960  -79.62434    0.00085    0.00081     2.6141     2.6539    10.3940    10.4281    35.2596    35.2690    27.0863    27.0876    1515.26    113.668    115.396         30 0.0000e+00
      65946   2747.724    402.935    406.000    11.8470    11.8109   4.051898   4.048137     1.7205     1.4189     100.03   27.00839  -79.64989    0.00051    0.00055     2.6743     2.7186    11.7938    11.7578    35.4779    35.4753    27.0004    27.0053    1515.74    116.294    118.221         54 0.0000e+00
      66167   2756.931    400.952    404.000    12.0681    12.0966   4.076748   4.079662     1.7273     1.4243      79.37   27.00736  -79.64681    0.00039    0.00070     2.6772     2.7156    12.0145    12.0429    35.5111    35.5136    26.9839    26.9804    1515.68    116.423    118.093         57 0.0000e+00
      68082   2836.689    393.020    396.000    12.4762    12.4644   4.122160   4.120992     1.7461     1.4421      92.46   27.00181  -79.62994    0.00016    0.00000     2.6976     2.7406    12.4225    12.4107    35.5666    35.5649    26.9473    26.9482    1515.35    117.315    119.181         66 0.0000e+00
      68153   2839.658    392.028    395.000    12.4881    12.4668   4.123226   4.121039     1.7463     1.4428      92.93   27.00018  -79.62512    0.00007    0.00027     2.6973     2.7423    12.4345    12.4133    35.5662    35.5650    26.9445    26.9477    1515.26    117.302    119.257         65 0.0000e+00
      68213   2842.159    391.037    394.000    12.4898    12.4697   4.123313   4.121355     1.7464     1.4431      97.00   27.00020  -79.62513    0.00006    0.00011     2.6970     2.7426    12.4363    12.4163    35.5666    35.5658    26.9445    26.9478    1515.26    117.286    119.272         55 0.0000e+00
      68270   2844.549    390.045    393.000    12.5171    12.4869   4.126600   4.123154     1.7476     1.4432      99.93   27.00021  -79.62515    0.00026    0.00009     2.6980     2.7414    12.4637    12.4336    35.5720    35.5673    26.9433    26.9455    1515.26    117.330    119.218         61 0.0000e+00
      68327   2846.924    389.054    392.000    12.5527    12.5395   4.130277   4.128968     1.7493     1.4438     100.00   27.00022  -79.62516    0.00077    0.00013     2.6999     2.7394    12.4993    12.4861    35.5753    35.5761    26.9388    26.9420    1515.26    117.415    119.130         51 0.0000e+00
      68373   2848.830    388.062    391.000    12.5848    12.5820   4.134121   4.133948     1.7509     1.4450     100.00   27.00022  -79.62517    0.00070    0.00041     2.7017     2.7398    12.5315    12.5287    35.5815    35.5824    26.9372    26.9385    1515.26    117.494    119.151         43 0.0000e+00
      68419   2850.745    387.071    390.000    12.6094    12.6157   4.137134   4.137840     1.7537     1.4479      94.73   27.00024  -79.62518    0.00110    0.00101     2.7074     2.7455    12.5561    12.5625    35.5881    35.5892    26.9375    26.9371    1515.26    117.740    119.399         48 0.0000e+00
      68464   2852.625    386.079    389.000    12.6261    12.6381   4.138776   4.140405     1.7560     1.4514      93.56   27.00024  -79.62520    0.00137    0.00167     2.7117     2.7538    12.5729    12.5849    35.5882    35.5925    26.9343    26.9352    1515.26    117.928    119.758         43 0.0000e+00
      68503   2854.270    385.087    388.000    12.6436    12.6498   4.140965   4.141594     1.7580     1.4552     100.00   27.00024  -79.62520    0.00128    0.00201     2.7154     2.7635    12.5905    12.5967    35.5932    35.5934    26.9347    26.9336    1515.26    118.088    120.181         36 0.0000e+00
      68540   2855.795    384.096    387.000    12.6543    12.6699   4.141954   4.143891     1.7597     1.4577      94.88   27.00025  -79.62520    0.00116    0.00210     2.7187     2.7689    12.6013    12.6168    35.5930    35.5970    26.9324    26.9323    1515.26    118.235    120.415         35 0.0000e+00
      68573   2857.183    383.104    386.000    12.6757    12.6869   4.144419   4.145860     1.7615     1.4581      80.02   27.00026  -79.62522    0.00114    0.00142     2.7216     2.7687    12.6228    12.6340    35.5970    35.6003    26.9312    26.9315    1515.26    118.359    120.409         33 0.0000e+00
      68607   2858.592    382.113    385.000    12.6874    12.7056   4.145696   4.147949     1.7631     1.4588      99.84   27.00026  -79.62522    0.00124    0.00064     2.7246     2.7690    12.6346    12.6527    35.5986    35.6031    26.9301    26.9300    1515.26    118.492    120.422         36 0.0000e+00
      68644   2860.110    381.121    384.000    12.7005    12.7137   4.147149   4.148888     1.7641     1.4589     100.00   27.00026  -79.62522    0.00105    0.00037     2.7262     2.7686    12.6478    12.6610    35.6006    35.6049    26.9290    26.9297    1515.26    118.559    120.405         35 0.0000e+00
      68677   2861.500    380.129    383.000    12.7353    12.7367   4.150870   4.151209     1.7652     1.4593     100.00   27.00028  -79.62523    0.00074    0.00019     2.7264     2.7680    12.6827    12.6841    35.6040    35.6060    26.9247    26.9260    1515.26    118.570    120.376         33 0.0000e+00
      68710   2862.871    379.138    382.000    12.7464    12.7589   4.152311   4.153797     1.7665     1.4605     100.00   27.00028  -79.62524    0.00080    0.00033     2.7286     2.7695    12.6938    12.7063    35.6079    35.6104    26.9255    26.9250    1515.26    118.666    120.442         33 0.0000e+00
      68743   2864.270    378.146    381.000    12.7672    12.7765   4.154549   4.155730     1.7677     1.4631     100.00   27.00028  -79.62526    0.00088    0.00095     2.7303     2.7754    12.7147    12.7240    35.6102    35.6127    26.9231    26.9232    1515.26    118.738    120.698         33 0.0000e+00
      68775   2865.596    377.154    380.000    12.7886    12.7939   4.156986   4.157660     1.7699     1.4658     100.00   27.00030  -79.62526    0.00108    0.00172     2.7342     2.7817    12.7363    12.7415    35.6138    35.6152    26.9216    26.9217    1515.26    118.909    120.976         31 0.0000e+00
      68806   2866.868    376.163    379.000    12.8133    12.8157   4.159574   4.159760     1.7725     1.4685     100.00   27.00030  -79.62526    0.00150    0.00204     2.7389     2.7874    12.7610    12.7634    35.6164    35.6177    26.9187    26.9192    1515.26    119.115    121.224         31 0.0000e+00
      68863   2869.260    374.180    377.000    12.8359    12.8376   4.162176   4.162462     1.7787     1.4746     100.00   26.99922  -79.62208    0.00236    0.00243     2.7529     2.8027    12.7838    12.7855    35.6200    35.6211    26.9169    26.9174    1515.20    119.720    121.887         31 0.0000e+00
      73111   3046.246    340.462    343.000    13.3538    13.3725   4.220052   4.222226     1.8391     1.5273     100.00   27.00097  -79.62499    0.00028    0.00006     2.8622     2.9040    13.3052    13.3239    35.7002    35.7042    26.8734    26.8727    1515.24    124.482    126.299         31 0.0000e+00
      73415   3058.898    329.552    332.000    13.6827    13.6993   4.258272   4.260270     1.8547     1.5426      88.29   27.00076  -79.62415    0.00134    0.00195     2.8754     2.9206    13.6349    13.6514    35.7577    35.7610    26.8496    26.8487    1515.22    125.056    127.024         30 0.0000e+00
      74307   3096.094    296.819    299.000    15.1653    15.1963   4.431084   4.435369     1.9242     1.6077     100.01   27.00312  -79.63049    0.00412    0.00381     2.9362     2.9867    15.1192    15.1507    35.9988    36.0098    26.7161    26.7175    1515.34    127.721    129.915         30 0.0000e+00
      74866   3119.388    275.986    278.000    16.3447    16.4844   4.572245   4.588879     2.0693     1.7420     100.01   27.00330  -79.63065    0.00586    0.00587     3.1960     3.2450    16.3057    16.4390    36.1945    36.2211    26.5960    26.5853    1515.34    139.036    141.167         32 0.0000e+00
      74992   3124.644    271.026    273.000    16.5320    16.5639   4.594185   4.598033     2.0885     1.7557     100.00   27.00158  -79.62549    0.00412    0.00169     3.2254     3.2736    16.4873    16.5197    36.2262    36.2314    26.5776    26.5742    1515.24    140.317    142.416         30 0.0000e+00
      75524   3146.800    251.183    253.000    17.1746    17.1771   4.670850   4.671234     2.1459     1.8048     100.00   27.00129  -79.62430    0.00302    0.00254     3.3053     3.3475    17.1321    17.1346    36.3277    36.3288    26.5020    26.5022    1515.21    143.803    145.641         30 0.0000e+00
      79100   3295.801    208.513    210.000    18.8304    18.8305   4.871370   4.871613     2.2907     1.9342     100.04   27.01587  -79.66540    0.00007   -0.00016     3.4951     3.5357    18.7928    18.7930    36.5946    36.5965    26.2952    26.2967    1515.98    152.095    153.860         46 0.0000e+00
      79112   3296.309    207.521    209.000    18.8268    18.8279   4.869702   4.870034     2.2902     1.9360     100.00   27.00308  -79.62764    0.00033    0.00119     3.4938     3.5398    18.7894    18.7905    36.5783    36.5801    26.2822    26.2833    1515.26    152.037    154.038         50 0.0000e+00
      79155   3298.075    206.528    208.000    18.8402    18.8296   4.871320   4.870251     2.2909     1.9364     100.00   27.00308  -79.62766    0.00026    0.00089     3.4940     3.5401    18.8030    18.7924    36.5805    36.5808    26.2804    26.2833    1515.26    152.046    154.054         38 0.0000e+00
      79198   3299.860    205.536    207.000    18.8623    18.8626   4.873686   4.873883     2.2917     1.9368     100.00   27.00310  -79.62768    0.00048    0.00018     3.4937     3.5388    18.8252    18.8255    36.5817    36.5837    26.2756    26.2771    1515.26    152.032    153.995         47 0.0000e+00
      79243   3301.740    204.543    206.000    18.8868    18.8896   4.876955   4.877146     2.2919     1.9364      99.66   27.00311  -79.62769    0.00033    0.00016     3.4920     3.5352    18.8499    18.8526    36.5875    36.5866    26.2737    26.2724    1515.26    151.958    153.841         37 0.0000e+00
      80173   3340.499    174.768    176.000    20.0131    19.9820   5.009537   5.006142     2.2874     1.9296     100.01   27.00829  -79.64249   -0.00073   -0.00038     3.3894     3.4315    19.9803    19.9492    36.7169    36.7152    26.0779    26.0847    1515.54    147.526    149.358         62 0.0000e+00
      80317   3346.513    172.783    174.000    20.0455    20.0422   5.009893   5.009249     2.2793     1.9235      99.89   26.98366  -79.56974   -0.00018   -0.00075     3.3700     3.4135    20.0129    20.0097    36.6898    36.6982    26.0461    26.0539    1514.15    146.681    148.576         49 0.0000e+00
      82030   3417.878    168.813    170.000    20.4221    20.4174   5.057244   5.056875     2.3015     1.9411     100.00   27.00453  -79.63057    0.00061   -0.00001     3.3891     3.4279    20.3899    20.3852    36.7529    36.7540    25.9952    25.9972    1515.30    147.522    149.212         53 0.0000e+00
      82079   3419.937    167.820    169.000    20.4308    20.4207   5.058282   5.057242     2.3037     1.9409     100.00   27.00384  -79.62854    0.00100    0.00003     3.3929     3.4268    20.3988    20.3887    36.7539    36.7542    25.9935    25.9964    1515.26    147.688    149.162         48 0.0000e+00
      82145   3422.669    165.835    167.000    20.4418    20.4404   5.059782   5.059883     2.3067     1.9439     100.00   27.00372  -79.62814    0.00104    0.00044     3.3977     3.4316    20.4101    20.4088    36.7573    36.7593    25.9930    25.9949    1515.25    147.899    149.373         30 0.0000e+00
