Gulf of Mexico/GOMECC-4/1db/urb2103_0371.cnv
* Sea-Bird SBE 9 Data File:
* FileName = C:\Users\scs.user.rb\CTD\GOMECC4\data\rb2103_0371.hex
* Software Version Seasave V 7.26.7.107
* Temperature SN = 4799
* Conductivity SN = 3860
* Number of Bytes Per Scan = 41
* Number of Voltage Words = 4
* Number of Scans Averaged by the Deck Unit = 1
* NMEA Latitude = 27 00.07 N
* NMEA Longitude = 089 59.96 W
* NMEA UTC (Time) = Sep 25 2021  07:16:47
* NMEA baud rate = 4800
# nquan = 28
# nvalues = 521                         
# units = specified
# name 0 = scan: Scan Count
# name 1 = timeS: Time, Elapsed [seconds]
# name 2 = depSM: Depth [salt water, m]
# name 3 = prDM: Pressure, Digiquartz [db]
# name 4 = t090C: Temperature [ITS-90, deg C]
# name 5 = t190C: Temperature, 2 [ITS-90, deg C]
# name 6 = c0S/m: Conductivity [S/m]
# name 7 = c1S/m: Conductivity, 2 [S/m]
# name 8 = sbeox0V: Oxygen raw, SBE 43 [V]
# name 9 = sbeox1V: Oxygen raw, SBE 43, 2 [V]
# name 10 = altM: Altimeter [m]
# name 11 = latitude: Latitude [deg]
# name 12 = longitude: Longitude [deg]
# name 13 = sbox0dV/dT: Oxygen, SBE 43 [dov/dt]
# name 14 = sbox1dV/dT: Oxygen, SBE 43, 2 [dov/dt]
# name 15 = sbeox0ML/L: Oxygen, SBE 43 [ml/l], WS = 5
# name 16 = sbeox1ML/L: Oxygen, SBE 43, 2 [ml/l], WS = 5
# name 17 = potemp090C: Potential Temperature [ITS-90, deg C]
# name 18 = potemp190C: Potential Temperature, 2 [ITS-90, deg C]
# name 19 = sal00: Salinity, Practical [PSU]
# name 20 = sal11: Salinity, Practical, 2 [PSU]
# name 21 = sigma-é00: Density [sigma-theta, kg/m^3]
# name 22 = sigma-é11: Density, 2 [sigma-theta, kg/m^3]
# name 23 = avgsvCM: Average Sound Velocity [Chen-Millero, m/s], minP = 20, minS = 20
# name 24 = sbox0Mm/Kg: Oxygen, SBE 43 [umol/kg], WS = 5
# name 25 = sbox1Mm/Kg: Oxygen, SBE 43, 2 [umol/kg], WS = 5
# name 26 = nbin: number of scans per bin
# name 27 = flag: flag
# span 0 =      93377,     192814       
# span 1 =   3890.658,   8033.865       
# span 2 =      1.987,   2375.565       
# span 3 =      2.000,   2405.000       
# span 4 =     4.2721,    29.2290       
# span 5 =     4.2722,    29.2329       
# span 6 =   3.349215,   5.943736       
# span 7 =   3.349130,   5.944230       
# span 8 =     1.5884,     3.1530       
# span 9 =     1.2931,     2.6777       
# span 10 =      10.65,     102.19      
# span 11 =   26.90647,   27.25811      
# span 12 =  -90.72884,  -89.56011      
# span 13 =   -0.00860,    0.02672      
# span 14 =   -0.01088,    0.03204      
# span 15 =     2.5624,     4.7164      
# span 16 =     2.5885,     4.7504      
# span 17 =     4.0828,    29.2258      
# span 18 =     4.0837,    29.2298      
# span 19 =    34.9027,    36.8684      
# span 20 =    34.9018,    36.8728      
# span 21 =    22.8260,    27.7575      
# span 22 =    22.8250,    27.7559      
# span 23 =    1494.14,    1513.64      
# span 24 =    111.419,    204.945      
# span 25 =    112.556,    206.422      
# span 26 =         30,         62      
# span 27 = 0.0000e+00, 0.0000e+00      
# interval = decibars: 1                
# start_time = Sep 25 2021 07:16:47 [NMEA time, header]
# bad_flag = -9.990e-29
*END*
[from data line 156]
     126546   5272.722   1357.513   1371.000     4.4399     4.4398   3.352192   3.352076     1.9319     1.6129      98.03   27.02330  -89.99073    0.00004   -0.00002     4.4595     4.4949     4.3268     4.3267    34.9619    34.9606    27.7210    27.7200    1501.20    193.789    195.329         32 0.0000e+00
     126577   5273.984   1356.526   1370.000     4.4389     4.4395   3.351971   3.351915     1.9318     1.6127      93.16   27.02249  -89.98800    0.00001   -0.00002     4.4587     4.4937     4.3259     4.3266    34.9608    34.9595    27.7203    27.7191    1501.15    193.756    195.276         33 0.0000e+00
     126704   5279.303   1351.591   1365.000     4.4438     4.4426   3.352170   3.351970     1.9323     1.6129      98.62   27.02246  -89.98784    0.00015    0.00001     4.4573     4.4911     4.3312     4.3300    34.9605    34.9594    27.7194    27.7187    1501.15    193.693    195.163         34 0.0000e+00
     126835   5284.738   1346.656   1360.000     4.4502     4.4502   3.352525   3.352402     1.9318     1.6129     100.00   27.02246  -89.98778    0.00000    0.00001     4.4514     4.4874     4.3381     4.3380    34.9603    34.9590    27.7185    27.7175    1501.15    193.439    195.002         33 0.0000e+00
     127152   5297.965   1334.812   1348.000     4.4565     4.4562   3.352600   3.352468     1.9311     1.6123     100.00   27.02292  -89.98915   -0.00001   -0.00002     4.4412     4.4770     4.3454     4.3451    34.9605    34.9593    27.7179    27.7170    1501.17    192.992    194.550         30 0.0000e+00
     127182   5299.222   1333.825   1347.000     4.4571     4.4560   3.352566   3.352355     1.9310     1.6126     100.00   27.02258  -89.98798    0.00004    0.00005     4.4403     4.4780     4.3461     4.3449    34.9600    34.9587    27.7174    27.7165    1501.15    192.955    194.593         32 0.0000e+00
     127311   5304.586   1328.890   1342.000     4.4598     4.4596   3.352652   3.352518     1.9311     1.6129      88.00   27.02312  -89.98977    0.00005    0.00009     4.4375     4.4757     4.3491     4.3490    34.9607    34.9593    27.7176    27.7165    1501.18    192.835    194.494         40 0.0000e+00
     127346   5306.038   1327.902   1341.000     4.4589     4.4603   3.352466   3.352458     1.9309     1.6129     100.64   27.02259  -89.98796   -0.00024    0.00003     4.4364     4.4748     4.3484     4.3498    34.9599    34.9584    27.7171    27.7157    1501.15    192.784    194.455         31 0.0000e+00
     127468   5311.116   1322.967   1336.000     4.4677     4.4676   3.353056   3.352933     1.9310     1.6129     100.00   27.02288  -89.98885    0.00001    0.00000     4.4326     4.4711     4.3576     4.3574    34.9600    34.9587    27.7162    27.7152    1501.17    192.621    194.292         40 0.0000e+00
     127503   5312.593   1321.980   1335.000     4.4676     4.4684   3.352966   3.352913     1.9307     1.6125     100.00   27.02262  -89.98794   -0.00027   -0.00006     4.4309     4.4688     4.3575     4.3583    34.9596    34.9583    27.7158    27.7147    1501.15    192.546    194.196         30 0.0000e+00
     127624   5317.604   1317.044   1330.000     4.4809     4.4801   3.353849   3.353667     1.9298     1.6104     100.00   27.02209  -89.98616   -0.00015   -0.00044     4.4233     4.4560     4.3712     4.3703    34.9583    34.9571    27.7133    27.7125    1501.12    192.215    193.640         41 0.0000e+00
     127755   5323.104   1312.109   1325.000     4.5014     4.5014   3.355543   3.355439     1.9277     1.6086     100.00   27.02338  -89.99037   -0.00034   -0.00023     4.4099     4.4433     4.3920     4.3920    34.9591    34.9579    27.7117    27.7107    1501.19    191.636    193.088         35 0.0000e+00
     127786   5324.393   1311.121   1324.000     4.5012     4.5032   3.355385   3.355451     1.9264     1.6074     100.00   27.02264  -89.98790   -0.00065   -0.00051     4.4046     4.4380     4.3918     4.3938    34.9579    34.9566    27.7108    27.7095    1501.15    191.404    192.856         31 0.0000e+00
     127911   5329.569   1306.185   1319.000     4.5218     4.5184   3.356972   3.356552     1.9241     1.6041      97.59   27.02269  -89.98799   -0.00044   -0.00066     4.3908     4.4204     4.4127     4.4093    34.9573    34.9560    27.7080    27.7073    1501.15    190.805    192.091         32 0.0000e+00
     127943   5330.921   1305.198   1318.000     4.5239     4.5213   3.357074   3.356755     1.9229     1.6032     100.04   27.02266  -89.98788   -0.00061   -0.00063     4.3858     4.4158     4.4148     4.4123    34.9568    34.9558    27.7074    27.7068    1501.15    190.591    191.892         32 0.0000e+00
     128072   5336.312   1300.262   1313.000     4.5309     4.5299   3.357464   3.357281     1.9198     1.6020     100.00   27.02268  -89.98787   -0.00054   -0.00029     4.3707     4.4070     4.4222     4.4213    34.9565    34.9553    27.7063    27.7055    1501.15    189.933    191.512         34 0.0000e+00
     128207   5341.909   1295.326   1308.000     4.5357     4.5356   3.357714   3.357600     1.9185     1.6004      99.12   27.02319  -89.98949   -0.00023   -0.00025     4.3624     4.3970     4.4274     4.4274    34.9569    34.9556    27.7060    27.7050    1501.18    189.574    191.078         42 0.0000e+00
     128339   5347.423   1291.377   1304.000     4.5394     4.5398   3.358018   3.357937     1.9179     1.5994     100.01   27.02459  -89.99410   -0.00015   -0.00017     4.3574     4.3904     4.4315     4.4319    34.9585    34.9572    27.7069    27.7058    1501.25    189.356    190.789         32 0.0000e+00
     128477   5353.166   1290.390   1303.000     4.5407     4.5415   3.357881   3.357845     1.9169     1.5986     100.00   27.02274  -89.98784   -0.00015   -0.00012     4.3532     4.3867     4.4328     4.4337    34.9560    34.9547    27.7047    27.7036    1501.15    189.173    190.628         48 0.0000e+00
     128663   5360.917   1289.403   1302.000     4.5419     4.5423   3.357945   3.357868     1.9160     1.5982     100.00   27.02276  -89.98783   -0.00007    0.00007     4.3493     4.3842     4.4341     4.4346    34.9560    34.9546    27.7046    27.7035    1501.15    189.002    190.520         54 0.0000e+00
     128832   5367.950   1288.415   1301.000     4.5425     4.5432   3.357958   3.357898     1.9158     1.5986     100.00   27.02278  -89.98782   -0.00003   -0.00000     4.3478     4.3853     4.4348     4.4355    34.9560    34.9546    27.7045    27.7033    1501.15    188.938    190.569         49 0.0000e+00
     129827   5409.408   1287.428   1300.000     4.5422     4.5423   3.357883   3.357788     1.9161     1.5985      97.75   27.02289  -89.98775    0.00010    0.00004     4.3486     4.3844     4.4346     4.4347    34.9560    34.9547    27.7045    27.7035    1501.15    188.973    190.529         32 0.0000e+00
     129981   5415.816   1286.441   1299.000     4.5423     4.5424   3.357855   3.357744     1.9165     1.5988     100.09   27.02292  -89.98774    0.00012    0.00008     4.3494     4.3848     4.4348     4.4349    34.9560    34.9546    27.7045    27.7033    1501.15    189.007    190.547         30 0.0000e+00
     130083   5420.076   1282.492   1295.000     4.5458     4.5443   3.357918   3.357701     1.9169     1.5994      75.23   27.02247  -89.98622    0.00009    0.00013     4.3482     4.3849     4.4386     4.4371    34.9550    34.9541    27.7033    27.7027    1501.12    188.957    190.553         33 0.0000e+00
     130754   5448.050   1256.820   1269.000     4.6430     4.6387   3.365251   3.364777     1.9043     1.5868     100.00   27.02275  -89.98679   -0.00061   -0.00088     4.2762     4.3093     4.5373     4.5331    34.9514    34.9503    27.6895    27.6891    1501.14    185.830    187.269         30 0.0000e+00
     130883   5453.408   1251.883   1264.000     4.6648     4.6647   3.366954   3.366850     1.8997     1.5816     100.00   27.02300  -89.98754   -0.00082   -0.00105     4.2543     4.2830     4.5594     4.5593    34.9508    34.9497    27.6866    27.6857    1501.15    184.879    186.127         37 0.0000e+00
     131014   5458.854   1246.946   1259.000     4.6719     4.6717   3.367393   3.367276     1.8960     1.5789     100.00   27.02345  -89.98905   -0.00058   -0.00035     4.2371     4.2688     4.5669     4.5667    34.9509    34.9498    27.6859    27.6850    1501.17    184.133    185.510         32 0.0000e+00
     131166   5465.215   1241.021   1253.000     4.6811     4.6801   3.367852   3.367659     1.8943     1.5775     100.00   27.02280  -89.98674   -0.00017   -0.00013     4.2268     4.2590     4.5765     4.5755    34.9496    34.9484    27.6837    27.6829    1501.13    183.682    185.084         30 0.0000e+00
     132319   5513.255   1196.579   1208.000     4.7960     4.7941   3.375936   3.375664     1.8771     1.5618     100.00   27.02323  -89.98768   -0.00038   -0.00053     4.1271     4.1603     4.6945     4.6927    34.9455    34.9443    27.6672    27.6664    1501.15    179.353    180.797         31 0.0000e+00
     132448   5518.633   1191.640   1203.000     4.8084     4.8062   3.376891   3.376573     1.8759     1.5604     100.00   27.02397  -89.99009   -0.00019   -0.00038     4.1187     4.1509     4.7073     4.7051    34.9459    34.9447    27.6661    27.6653    1501.19    178.988    180.387         30 0.0000e+00
     132478   5519.858   1190.653   1202.000     4.8065     4.8065   3.376586   3.376468     1.8756     1.5604     100.00   27.02323  -89.98758   -0.00016   -0.00027     4.1174     4.1502     4.7055     4.7056    34.9450    34.9435    27.6656    27.6644    1501.15    178.934    180.357         34 0.0000e+00
     132602   5525.032   1185.714   1197.000     4.8249     4.8244   3.377979   3.377826     1.8739     1.5583      93.92   27.02329  -89.98776   -0.00036   -0.00050     4.1064     4.1374     4.7242     4.7237    34.9443    34.9431    27.6629    27.6620    1501.15    178.457    179.805         34 0.0000e+00
     133298   5554.057   1159.043   1170.000     4.8857     4.8848   3.382194   3.382015     1.8646     1.5508     100.00   27.02432  -89.99081   -0.00046   -0.00039     4.0523     4.0872     4.7870     4.7861    34.9430    34.9419    27.6547    27.6539    1501.20    176.107    177.621         30 0.0000e+00
     133326   5555.221   1158.055   1169.000     4.8860     4.8852   3.382054   3.381891     1.8637     1.5500     100.00   27.02334  -89.98752   -0.00051   -0.00038     4.0487     4.0837     4.7873     4.7865    34.9416    34.9405    27.6535    27.6528    1501.15    175.949    177.470         34 0.0000e+00
     133451   5560.397   1153.116   1164.000     4.9062     4.9012   3.383610   3.383081     1.8620     1.5481     100.00   27.02337  -89.98754   -0.00031   -0.00037     4.0376     4.0720     4.8078     4.8029    34.9409    34.9400    27.6507    27.6505    1501.15    175.467    176.962         34 0.0000e+00
     133760   5573.306   1141.260   1152.000     4.9559     4.9510   3.387426   3.386918     1.8549     1.5413     100.00   27.02337  -89.98739   -0.00043   -0.00067     4.0007     4.0341     4.8582     4.8534    34.9391    34.9383    27.6435    27.6434    1501.15    173.867    175.316         34 0.0000e+00
     134098   5587.360   1128.417   1139.000     5.0038     4.9941   3.391055   3.390108     1.8479     1.5348     100.00   27.02337  -89.98724   -0.00045   -0.00035     3.9640     3.9975     4.9069     4.8974    34.9374    34.9365    27.6365    27.6369    1501.15    172.272    173.728         31 0.0000e+00
     134225   5592.677   1123.476   1134.000     5.0183     5.0158   3.392045   3.391742     1.8432     1.5308     100.00   27.02311  -89.98629   -0.00081   -0.00077     3.9434     3.9776     4.9218     4.9193    34.9361    34.9353    27.6338    27.6334    1501.13    171.376    172.862         33 0.0000e+00
     134355   5598.099   1118.536   1129.000     5.0422     5.0409   3.393978   3.393773     1.8412     1.5289      95.77   27.02346  -89.98736   -0.00024   -0.00032     3.9313     3.9648     4.9460     4.9447    34.9360    34.9350    27.6309    27.6302    1501.15    170.851    172.309         32 0.0000e+00
     134662   5610.873   1106.679   1117.000     5.0763     5.0744   3.396467   3.396222     1.8372     1.5256     100.00   27.02390  -89.98870   -0.00010   -0.00006     3.9073     3.9427     4.9809     4.9790    34.9351    34.9342    27.6261    27.6256    1501.17    169.808    171.345         31 0.0000e+00
     134788   5616.128   1101.738   1112.000     5.0853     5.0838   3.397031   3.396812     1.8353     1.5235     100.00   27.02383  -89.98843   -0.00029   -0.00024     3.8973     3.9310     4.9903     4.9888    34.9347    34.9337    27.6247    27.6241    1501.17    169.377    170.842         30 0.0000e+00
     135109   5629.518   1092.845   1103.000     5.1144     5.1157   3.399254   3.399262     1.8301     1.5184      96.24   27.02454  -89.99059   -0.00031   -0.00041     3.8712     3.9037     5.0200     5.0213    34.9345    34.9332    27.6211    27.6199    1501.20    168.243    169.653         40 0.0000e+00
     135217   5634.008   1091.856   1102.000     5.1193     5.1189   3.399527   3.399688     1.8291     1.5171     100.37   27.02359  -89.98737   -0.00009   -0.00020     3.8670     3.8978     5.0249     5.0245    34.9330    34.9320    27.6193    27.6185    1501.15    168.057    169.396         39 0.0000e+00
     135399   5641.588   1090.868   1101.000     5.1315     5.1403   3.400564   3.401229     1.8268     1.5150     100.00   27.02361  -89.98736   -0.00026   -0.00025     3.8572     3.8874     5.0371     5.0459    34.9327    34.9312    27.6176    27.6154    1501.15    167.632    168.945         56 0.0000e+00
     136102   5670.893   1089.880   1100.000     5.1357     5.1371   3.400883   3.400917     1.8262     1.5148     100.00   27.02373  -89.98730   -0.00005   -0.00019     3.8540     3.8863     5.0414     5.0428    34.9325    34.9314    27.6170    27.6160    1501.15    167.493    168.898         35 0.0000e+00
     136613   5692.157   1088.892   1099.000     5.1374     5.1393   3.400975   3.401056     1.8262     1.5153     100.00   27.02380  -89.98726    0.00013   -0.00001     3.8534     3.8875     5.0431     5.0451    34.9323    34.9312    27.6166    27.6155    1501.15    167.469    168.950         45 0.0000e+00
     136672   5694.641   1087.903   1098.000     5.1418     5.1392   3.401393   3.401182     1.8260     1.5147     100.00   27.02382  -89.98726   -0.00012   -0.00010     3.8517     3.8848     5.0476     5.0450    34.9320    34.9313    27.6158    27.6156    1501.15    167.396    168.831         41 0.0000e+00
     136711   5696.230   1086.915   1097.000     5.1529     5.1553   3.402161   3.402329     1.8259     1.5150      78.18   27.02382  -89.98726   -0.00007   -0.00012     3.8494     3.8839     5.0587     5.0611    34.9321    34.9308    27.6146    27.6133    1501.15    167.294    168.796         39 0.0000e+00
     136748   5697.793   1085.927   1096.000     5.1594     5.1576   3.402785   3.402536     1.8258     1.5141     100.64   27.02382  -89.98726   -0.00010   -0.00010     3.8480     3.8797     5.0652     5.0635    34.9317    34.9307    27.6135    27.6129    1501.15    167.233    168.611         33 0.0000e+00
     136809   5700.339   1083.951   1094.000     5.1659     5.1650   3.403378   3.403191     1.8246     1.5126     100.00   27.02465  -89.98998   -0.00040   -0.00061     3.8421     3.8721     5.0719     5.0710    34.9328    34.9316    27.6136    27.6128    1501.20    166.976    168.283         31 0.0000e+00
     136844   5701.806   1082.963   1093.000     5.1662     5.1657   3.403263   3.403122     1.8234     1.5116     100.00   27.02384  -89.98724   -0.00056   -0.00071     3.8376     3.8676     5.0723     5.0718    34.9316    34.9305    27.6126    27.6118    1501.15    166.784    168.086         46 0.0000e+00
