Gulf of Mexico/GOMECC-4/1db/urb2103_1401.cnv
* Sea-Bird SBE 9 Data File:
* FileName = C:\Users\scs.user.rb\CTD\GOMECC4\data\rb2103_1401.hex
* Software Version Seasave V 7.26.7.107
* Temperature SN = 4799
* Conductivity SN = 3860
* Number of Bytes Per Scan = 41
* Number of Voltage Words = 4
* Number of Scans Averaged by the Deck Unit = 1
* NMEA Latitude = 25 39.47 N
* NMEA Longitude = 084 42.92 W
* NMEA UTC (Time) = Oct 20 2021  13:16:01
* NMEA baud rate = 4800
# nquan = 28
# nvalues = 313                         
# units = specified
# name 0 = scan: Scan Count
# name 1 = timeS: Time, Elapsed [seconds]
# name 2 = depSM: Depth [salt water, m]
# name 3 = prDM: Pressure, Digiquartz [db]
# name 4 = t090C: Temperature [ITS-90, deg C]
# name 5 = t190C: Temperature, 2 [ITS-90, deg C]
# name 6 = c0S/m: Conductivity [S/m]
# name 7 = c1S/m: Conductivity, 2 [S/m]
# name 8 = sbeox0V: Oxygen raw, SBE 43 [V]
# name 9 = sbeox1V: Oxygen raw, SBE 43, 2 [V]
# name 10 = altM: Altimeter [m]
# name 11 = latitude: Latitude [deg]
# name 12 = longitude: Longitude [deg]
# name 13 = sbox0dV/dT: Oxygen, SBE 43 [dov/dt]
# name 14 = sbox1dV/dT: Oxygen, SBE 43, 2 [dov/dt]
# name 15 = sbeox0ML/L: Oxygen, SBE 43 [ml/l], WS = 5
# name 16 = sbeox1ML/L: Oxygen, SBE 43, 2 [ml/l], WS = 5
# name 17 = potemp090C: Potential Temperature [ITS-90, deg C]
# name 18 = potemp190C: Potential Temperature, 2 [ITS-90, deg C]
# name 19 = sal00: Salinity, Practical [PSU]
# name 20 = sal11: Salinity, Practical, 2 [PSU]
# name 21 = sigma-é00: Density [sigma-theta, kg/m^3]
# name 22 = sigma-é11: Density, 2 [sigma-theta, kg/m^3]
# name 23 = avgsvCM: Average Sound Velocity [Chen-Millero, m/s], minP = 20, minS = 20
# name 24 = sbox0Mm/Kg: Oxygen, SBE 43 [umol/kg], WS = 5
# name 25 = sbox1Mm/Kg: Oxygen, SBE 43, 2 [umol/kg], WS = 5
# name 26 = nbin: number of scans per bin
# name 27 = flag: flag
# span 0 =      46657,     110323       
# span 1 =   1944.003,   4596.765       
# span 2 =      0.993,   1085.048       
# span 3 =      1.000,   1095.000       
# span 4 =     5.1345,    28.2243       
# span 5 =     5.1353,    28.2474       
# span 6 =   3.400255,   5.825729       
# span 7 =   3.400233,   5.826145       
# span 8 =     1.6263,     3.1492       
# span 9 =     1.3233,     2.6682       
# span 10 =      12.18,     103.39      
# span 11 =   25.29043,   25.88889      
# span 12 =  -85.47080,  -83.49434      
# span 13 =   -0.03243,    0.01357      
# span 14 =   -0.03417,    0.01413      
# span 15 =     2.5564,     4.5530      
# span 16 =     2.5633,     4.5359      
# span 17 =     5.0414,    28.2210      
# span 18 =     5.0422,    28.2441      
# span 19 =    34.9015,    36.8307      
# span 20 =    34.8998,    36.8251      
# span 21 =    22.8200,    27.6201      
# span 22 =    22.8194,    27.6193      
# span 23 =    1478.30,    1513.30      
# span 24 =    111.179,    198.565      
# span 25 =    111.475,    197.830      
# span 26 =         30,         74      
# span 27 = 0.0000e+00, 0.0000e+00      
# interval = decibars: 1                
# start_time = Oct 20 2021 13:16:01 [NMEA time, header]
# bad_flag = -9.990e-29
*END*
[from data line 259]
      91325   3805.151     72.514     73.000    22.4430    22.4228   5.269638   5.266755     2.4213     2.0266      99.88   25.62833  -84.61147    0.00198    0.00001     3.4644     3.4572    22.4282    22.4080    36.7459    36.7362    25.4198    25.4171    1498.08    150.879    150.567         56 0.0000e+00
      91473   3811.350     70.528     71.000    22.5845    22.6640   5.279660   5.286786     2.4310     2.0431      54.38   25.61602  -84.57082    0.00059    0.00019     3.4749     3.4801    22.5701    22.6495    36.6941    36.6960    25.3365    25.3162    1497.36    151.347    151.579         35 0.0000e+00
      92450   3852.026     69.535     70.000    22.8337    22.9433   5.316339   5.322001     2.5143     2.1133      99.41   25.65991  -84.71576    0.00399    0.00362     3.5997     3.6182    22.8194    22.9289    36.7544    36.7480    25.3170    25.2804    1499.93    156.791    157.607         57 0.0000e+00
      93946   3914.375     68.542     69.000    23.3278    23.3086   5.359073   5.358083     2.6287     2.2106      92.01   25.65990  -84.71576    0.00100   -0.00001     3.8279     3.8109    23.3135    23.2943    36.7223    36.7228    25.1493    25.1552    1499.93    166.759    166.020         39 0.0000e+00
      93829   3909.500     67.548     68.000    23.3443    23.2711   5.360744   5.354662     2.6220     2.2003      91.44   25.65990  -84.71576    0.00196    0.00031     3.8079     3.7898    23.3301    23.2570    36.7194    36.7280    25.1419    25.1699    1499.93    165.889    165.096         52 0.0000e+00
      93941   3914.180     66.554     67.000    23.5200    23.5101   5.380289   5.379633     2.6651     2.2422      84.78   25.65990  -84.71576    0.00504    0.00676     3.8805     3.8650    23.5060    23.4961    36.7190    36.7218    25.0899    25.0949    1499.93    169.062    168.385         42 0.0000e+00
      94038   3918.204     65.540     66.000    23.6842    23.5817   5.397583   5.389017     2.6750     2.2564     103.39   25.65990  -84.71576   -0.00039   -0.00177     3.8879     3.8916    23.6703    23.5679    36.7156    36.7349    25.0389    25.0838    1499.93    169.393    169.548         39 0.0000e+00
      94160   3923.310     64.567     65.000    24.1135    24.0941   5.452329   5.450241     2.6560     2.2264     100.00   25.65990  -84.71574   -0.00193   -0.00575     3.8179     3.7902    24.0997    24.0803    36.7788    36.7789    24.9589    24.9647    1499.93    166.357    165.149         36 0.0000e+00
      94267   3927.753     63.575     64.000    24.1438    24.1321   5.451978   5.452127     2.6410     2.2163     100.00   25.65990  -84.71574   -0.00258   -0.00255     3.7884     3.7675    24.1265    24.1185    36.7546    36.7629    24.9326    24.9415    1499.93    165.076    164.164         36 0.0000e+00
      94367   3931.928     62.582     63.000    24.0481    24.0541   5.431531   5.432563     2.6706     2.2537     100.00   25.65990  -84.71574    0.00917    0.00986     3.8518     3.8530    24.0359    24.0407    36.6743    36.6780    24.8989    24.9001    1499.93    167.844    167.895         50 0.0000e+00
      94480   3936.628     61.589     62.000    24.1592    24.1537   5.443178   5.442340     2.7438     2.3213     100.00   25.65990  -84.71574    0.01357    0.01413     3.9886     3.9939    24.1460    24.1405    36.6727    36.6709    24.8647    24.8650    1499.93    173.811    174.040         54 0.0000e+00
      94594   3941.360     60.596     61.000    24.2393    24.2355   5.454081   5.453744     2.7917     2.3626     100.00   25.65990  -84.71574    0.00687    0.00742     4.0778     4.0768    24.2263    24.2225    36.6925    36.6918    24.8556    24.8562    1499.93    177.696    177.652         31 0.0000e+00
      95105   3962.681     58.609     59.000    24.5434    24.5424   5.496492   5.496545     2.8350     2.4008     100.30   25.73569  -84.96602    0.00271    0.00226     4.1381     4.1383    24.5307    24.5297    36.8073    36.8085    24.8638    24.8650    1504.36    180.335    180.348         47 0.0000e+00
      94920   3954.979     57.616     58.000    24.6168    24.6229   5.493445   5.493815     2.8282     2.3854     100.00   25.65988  -84.71574   -0.00232   -0.00374     4.1179     4.0978    24.6042    24.6104    36.6790    36.6768    24.7314    24.7278    1499.93    179.469    178.591         34 0.0000e+00
      95022   3959.189     56.623     57.000    24.6685    24.6567   5.493704   5.491760     2.8500     2.4121     100.00   25.65989  -84.71574    0.00393    0.00377     4.1570     4.1536    24.6561    24.6444    36.6390    36.6340    24.6853    24.6851    1499.93    181.181    181.030         44 0.0000e+00
      95313   3971.322     54.636     55.000    24.7897    24.7697   5.500665   5.497817     2.9491     2.4971      86.01   25.67613  -84.76939    0.00558    0.00193     4.3415     4.3290    24.7778    24.7579    36.6023    36.5966    24.6234    24.6246    1500.88    189.234    188.688         50 0.0000e+00
      95337   3972.344     53.643     54.000    24.8244    24.8104   5.505469   5.505861     2.9521     2.4989      94.60   25.65990  -84.71574    0.00231    0.00106     4.3433     4.3269    24.8126    24.7986    36.6015    36.5912    24.6093    24.6059    1499.93    189.312    188.600         34 0.0000e+00
      95447   3976.900     52.650     53.000    24.9347    24.9312   5.522018   5.521140     2.9564     2.5039     100.69   25.65990  -84.71574    0.00030    0.00062     4.3414     4.3291    24.9232    24.9197    36.6360    36.6375    24.6018    24.6039    1499.93    189.233    188.695         50 0.0000e+00
      95661   3985.826     50.663     51.000    24.9481    24.9944   5.522179   5.527888     2.9535     2.5141      91.19   25.65990  -84.71574   -0.00090    0.00182     4.3346     4.3449    24.9370    24.9833    36.6270    36.6321    24.5907    24.5804    1499.93    188.939    189.390         52 0.0000e+00
      95812   3992.116     49.670     50.000    25.0791    25.2567   5.536159   5.552135     2.9632     2.5127     100.77   25.65990  -84.71574   -0.00065   -0.00200     4.3416     4.3228    25.0682    25.2458    36.6244    36.6006    24.5486    24.4761    1499.93    189.249    188.446         44 0.0000e+00
      96738   4030.691     48.677     49.000    25.3311    25.4032   5.559042   5.565924     3.0039     2.5663      99.82   25.65992  -84.71574    0.00085    0.00530     4.4006     4.4263    25.3203    25.3924    36.5921    36.5825    24.4465    24.4170    1499.93    191.840    192.967         37 0.0000e+00
      97009   4042.003     47.684     48.000    25.4985    25.4350   5.575774   5.571150     3.0283     2.5733     100.00   25.65992  -84.71574    0.00497    0.00143     4.4349     4.4373    25.4878    25.4244    36.5816    36.5999    24.3869    24.4203    1499.93    193.347    193.446         39 0.0000e+00
      97129   4046.979     46.690     47.000    25.4995    25.5790   5.575782   5.584480     3.0439     2.5980     100.00   25.65992  -84.71574    0.00040    0.00465     4.4632     4.4789    25.4891    25.5686    36.5812    36.5815    24.3861    24.3617    1499.93    194.583    195.271         43 0.0000e+00
      97218   4050.728     45.697     46.000    25.6556    25.8215   5.588592   5.607196     3.0585     2.6143     100.00   25.65992  -84.71574    0.00353    0.00208     4.4788     4.4966    25.6454    25.8112    36.5507    36.5547    24.3146    24.2660    1499.93    195.276    196.057         38 0.0000e+00
      97698   4070.726     42.717     43.000    26.2980    26.4740   5.642807   5.662673     3.1237     2.6543      89.46   25.69959  -84.84668    0.00046   -0.00083     4.5530     4.5359    26.2755    26.4643    36.4593    36.4670    24.0518    24.0014    1502.25    198.565    197.830         59 0.0000e+00
      97642   4068.394     41.724     42.000    26.4869    26.5972   5.658425   5.668187     3.1313     2.6544      67.24   25.65994  -84.71577    0.00084    0.00081     4.5493     4.5214    26.4774    26.5877    36.3973    36.3904    23.9375    23.8995    1499.93    198.422    197.213         36 0.0000e+00
      97734   4072.192     40.730     41.000    26.7510    26.8743   5.683336   5.696635     3.1372     2.6625      95.66   25.65994  -84.71578    0.00171    0.00135     4.5409     4.5181    26.7417    26.8649    36.3734    36.3725    23.8353    23.7953    1499.93    198.077    197.090         50 0.0000e+00
      98227   4092.739     39.737     40.000    27.1043    27.2055   5.720235   5.730448     3.1455     2.6656     100.11   25.65997  -84.71579    0.00177   -0.00066     4.5274     4.4991    27.0951    27.1963    36.3621    36.3561    23.7135    23.6763    1499.93    197.511    196.282         63 0.0000e+00
      99123   4130.075     38.744     39.000    27.3477    27.3607   5.744896   5.746413     3.1464     2.6682      91.07   25.66001  -84.71577   -0.00065   -0.00026     4.5094     4.4928    27.3386    27.3517    36.3486    36.3493    23.6248    23.6211    1499.93    196.742    196.018         57 0.0000e+00
      99419   4142.428     36.757     37.000    27.3736    27.4022   5.748351   5.751324     3.1492     2.6681     100.03   25.66689  -84.73844   -0.00025   -0.00025     4.5115     4.4887    27.3650    27.3936    36.3584    36.3574    23.6251    23.6150    1500.33    196.836    195.843         51 0.0000e+00
      99515   4146.411     35.763     36.000    27.4127    27.5085   5.750997   5.761110     3.1474     2.6639     100.00   25.66002  -84.71576   -0.00054   -0.00062     4.5041     4.4720    27.4027    27.5000    36.3440    36.3340    23.6006    23.5615    1499.93    196.516    195.122         35 0.0000e+00
      99646   4151.876     34.770     35.000    27.5328    27.5446   5.763111   5.764435     3.1479     2.6595      82.70   25.66002  -84.71576   -0.00082   -0.00151     4.4954     4.4593    27.5245    27.5364    36.3360    36.3357    23.5550    23.5510    1499.93    196.143    194.570         41 0.0000e+00
      99776   4157.279     33.777     34.000    27.7513    27.7114   5.782513   5.778041     3.1439     2.6579     101.12   25.66003  -84.71576    0.00068   -0.00134     4.4708     4.4441    27.7433    27.7034    36.3045    36.3037    23.4600    23.4725    1499.93    195.091    193.922         55 0.0000e+00
     100623   4192.590     30.797     31.000    28.1612    28.2033   5.825729   5.826145     3.1344     2.6443      89.08   25.77513  -85.09567   -0.00060   -0.00181     4.4246     4.3849    28.1539    28.1960    36.3548    36.3092    23.3855    23.3360    1506.66    193.104    191.382         39 0.0000e+00
     101399   4224.909     29.804     30.000    28.0927    28.0983   5.793314   5.793281     3.1125     2.6280      99.21   25.66011  -84.71578   -0.00003   -0.00087     4.3888     4.3574    28.0856    28.0912    36.1189    36.1143    23.2083    23.2030    1499.93    191.558    190.187         47 0.0000e+00
     102364   4265.118     28.810     29.000    28.0817    28.0829   5.787796   5.788050     3.1099     2.6269     100.00   25.66014  -84.71580    0.00006   -0.00161     4.3851     4.3562    28.0748    28.0760    36.0888    36.0897    23.1891    23.1894    1499.93    191.402    190.140         40 0.0000e+00
     102424   4267.618     27.817     28.000    28.0777    28.0791   5.786743   5.786874     3.1118     2.6279     100.00   25.66014  -84.71580    0.00003   -0.00004     4.3885     4.3582    28.0711    28.0725    36.0848    36.0846    23.1873    23.1868    1499.93    191.548    190.227         36 0.0000e+00
     102550   4272.866     26.823     27.000    28.0682    28.0705   5.784280   5.784442     3.1103     2.6290     100.00   25.66014  -84.71579    0.00019   -0.00035     4.3871     4.3608    28.0618    28.0641    36.0725    36.0739    23.1812    23.1814    1499.93    191.491    190.339         32 0.0000e+00
     103461   4310.854     23.843     24.000    28.2034    28.1991   5.812423   5.811066     3.1289     2.6386     100.50   25.78721  -85.13531    0.00027   -0.00100     4.4126     4.3747    28.1977    28.1935    36.2538    36.2477    23.2989    23.2958    1507.36    192.601    190.946         45 0.0000e+00
     103349   4306.157     21.857     22.000    28.0982    28.0937   5.790052   5.788940     3.1169     2.6346      99.95   25.69856  -84.84263    0.00007    0.00058     4.3949     4.3697    28.0930    28.0885    36.1195    36.1151    23.2141    23.2123    1502.18    191.829    190.732         36 0.0000e+00
     103005   4291.824     19.869     20.000    27.9512    27.8937   5.747524   5.747236     3.0972     2.6190      99.60   25.52165  -84.25854    0.00021    0.00172     4.3766     4.3446    27.9464    27.8890    35.9321    35.8590    23.0955    23.0489    1491.83    191.032    189.635         35 0.0000e+00
     104649   4360.337     18.876     19.000    28.0397    28.0420   5.777100   5.777431     3.1122     2.6315     100.00   25.66018  -84.71580   -0.00040    0.00001     4.3883     4.3643    28.0352    28.0375    36.0487    36.0493    23.1720    23.1717    1499.93    191.545    190.496         61 0.0000e+00
     104803   4366.757     16.889     17.000    28.0302    28.0308   5.774952   5.775029     3.1133     2.6333      66.39   25.65104  -84.68561    0.00065    0.00016     4.3897     4.3674    28.0262    28.0268    36.0355    36.0356    23.1631    23.1630    1499.40    191.604    190.631         56 0.0000e+00
     104954   4373.045     15.896     16.000    28.0390    28.0336   5.776393   5.775396     3.1149     2.6340      95.25   25.66018  -84.71580    0.00147   -0.00042     4.3928     4.3687    28.0352    28.0298    36.0475    36.0423    23.1711    23.1690    1499.93    191.738    190.688         42 0.0000e+00
     106101   4420.841     13.909     14.000    28.2243    28.2474   5.818883   5.818841     3.1381     2.6565      96.62   25.88889  -85.47080   -0.00115    0.00040     4.4217     4.4078    28.2210    28.2441    36.3044    36.3353    23.3457    23.3658    1513.30    193.005    192.396         46 0.0000e+00
     105188   4382.774     11.922     12.000    27.9377    27.9379   5.754782   5.754746     3.1091     2.6291      87.31   25.62046  -84.58461    0.00030    0.00033     4.3862     4.3629    27.9349    27.9351    35.9451    35.9449    23.1188    23.1186    1497.61    191.454    190.435         66 0.0000e+00
     105443   4393.428     10.928     11.000    27.9790    27.9801   5.763102   5.763282     3.1131     2.6361     100.81   25.66020  -84.71580   -0.00086    0.00011     4.3917     4.3752    27.9764    27.9775    35.9991    35.9994    23.1540    23.1538    1499.93    191.695    190.973         30 0.0000e+00
     105556   4398.113      9.935     10.000    27.9784    27.9799   5.763058   5.763295     3.1139     2.6368      98.80   25.66020  -84.71580   -0.00080    0.00123     4.3927     4.3760    27.9760    27.9776    35.9995    36.0000    23.1544    23.1542    1499.93    191.739    191.011         47 0.0000e+00
     106989   4457.841      7.948      8.000    28.0230    28.0233   5.772002   5.772019     3.1199     2.6366      75.26   25.69640  -84.83525    0.00006   -0.00099     4.4002     4.3730    28.0211    28.0214    36.0527    36.0526    23.1870    23.1868    1502.04    192.068    190.879         51 0.0000e+00
     106973   4457.158      6.954      7.000    27.9842    27.9850   5.763954   5.764082     3.1158     2.6363      99.93   25.66023  -84.71580   -0.00032    0.00228     4.3942     4.3731    27.9825    27.9833    36.0023    36.0026    23.1543    23.1543    1499.93    191.802    190.883         57 0.0000e+00
     108102   4504.206      4.968      5.000    27.7891    27.7840   5.722335   5.722646     3.0955     2.6181      91.10   25.47794  -84.11367   -0.00006    0.00047     4.3667     4.3422    27.7879    27.7828    35.7546    35.7456    22.9959    22.9895    1489.27    190.605    189.535         37 0.0000e+00
