Gulf of Mexico/GOMECC-4/1db/urb2103_0271.cnv
* Sea-Bird SBE 9 Data File:
* FileName = C:\Users\scs.user.rb\CTD\GOMECC4\data\rb2103_0271.hex
* Software Version Seasave V 7.26.7.107
* Temperature SN = 4799
* Conductivity SN = 3860
* Number of Bytes Per Scan = 41
* Number of Voltage Words = 4
* Number of Scans Averaged by the Deck Unit = 1
* NMEA Latitude = 28 10.29 N
* NMEA Longitude = 086 28.83 W
* NMEA UTC (Time) = Sep 21 2021  14:01:03
* NMEA baud rate = 4800
# nquan = 28
# nvalues = 129                         
# units = specified
# name 0 = scan: Scan Count
# name 1 = timeS: Time, Elapsed [seconds]
# name 2 = depSM: Depth [salt water, m]
# name 3 = prDM: Pressure, Digiquartz [db]
# name 4 = t090C: Temperature [ITS-90, deg C]
# name 5 = t190C: Temperature, 2 [ITS-90, deg C]
# name 6 = c0S/m: Conductivity [S/m]
# name 7 = c1S/m: Conductivity, 2 [S/m]
# name 8 = sbeox0V: Oxygen raw, SBE 43 [V]
# name 9 = sbeox1V: Oxygen raw, SBE 43, 2 [V]
# name 10 = altM: Altimeter [m]
# name 11 = latitude: Latitude [deg]
# name 12 = longitude: Longitude [deg]
# name 13 = sbox0dV/dT: Oxygen, SBE 43 [dov/dt]
# name 14 = sbox1dV/dT: Oxygen, SBE 43, 2 [dov/dt]
# name 15 = sbeox0ML/L: Oxygen, SBE 43 [ml/l], WS = 5
# name 16 = sbeox1ML/L: Oxygen, SBE 43, 2 [ml/l], WS = 5
# name 17 = potemp090C: Potential Temperature [ITS-90, deg C]
# name 18 = potemp190C: Potential Temperature, 2 [ITS-90, deg C]
# name 19 = sal00: Salinity, Practical [PSU]
# name 20 = sal11: Salinity, Practical, 2 [PSU]
# name 21 = sigma-é00: Density [sigma-theta, kg/m^3]
# name 22 = sigma-é11: Density, 2 [sigma-theta, kg/m^3]
# name 23 = avgsvCM: Average Sound Velocity [Chen-Millero, m/s], minP = 20, minS = 20
# name 24 = sbox0Mm/Kg: Oxygen, SBE 43 [umol/kg], WS = 5
# name 25 = sbox1Mm/Kg: Oxygen, SBE 43, 2 [umol/kg], WS = 5
# name 26 = nbin: number of scans per bin
# name 27 = flag: flag
# span 0 =      36974,      89657       
# span 1 =   1540.535,   3735.646       
# span 2 =      1.987,    884.156       
# span 3 =      2.000,    892.000       
# span 4 =     5.6170,    29.0096       
# span 5 =     5.6162,    29.0131       
# span 6 =   3.434162,   5.813567       
# span 7 =   3.434024,   5.812806       
# span 8 =     1.6191,     3.1116       
# span 9 =     1.3240,     2.6416       
# span 10 =      10.93,     101.24      
# span 11 =   27.84592,   28.31347      
# span 12 =  -86.92146,  -85.48613      
# span 13 =   -0.00690,    0.02026      
# span 14 =   -0.00772,    0.01860      
# span 15 =     2.5668,     4.4444      
# span 16 =     2.5972,     4.4430      
# span 17 =     5.5386,    29.0051      
# span 18 =     5.5378,    29.0085      
# span 19 =    32.4739,    36.6521      
# span 20 =    32.4742,    36.6517      
# span 21 =    20.4760,    27.5448      
# span 22 =    20.4754,    27.5442      
# span 23 =    1484.52,    1509.45      
# span 24 =    111.613,    194.457      
# span 25 =    112.935,    194.396      
# span 26 =         30,         71      
# span 27 = 0.0000e+00, 0.0000e+00      
# interval = decibars: 1                
# start_time = Sep 21 2021 14:01:03 [NMEA time, header]
# bad_flag = -9.990e-29
*END*
      36974   1540.535    884.156    892.000     5.6170     5.6162   3.434162   3.434024     1.7851     1.4799      10.93   28.17022  -86.47932    0.00019   -0.00004     3.5647     3.6076     5.5386     5.5378    34.9167    34.9158    27.5448    27.5442    1501.77    154.931    156.795         41 0.0000e+00
      37009   1542.021    883.167    891.000     5.6197     5.6200   3.434331   3.434279     1.7852     1.4798      11.75   28.17022  -86.47932    0.00006   -0.00009     3.5642     3.6066     5.5414     5.5417    34.9167    34.9156    27.5445    27.5435    1501.77    154.911    156.752         32 0.0000e+00
      37043   1543.397    882.177    890.000     5.6203     5.6210   3.434349   3.434348     1.7853     1.4799      12.83   28.17022  -86.47932    0.00005   -0.00003     3.5642     3.6062     5.5421     5.5428    34.9164    34.9157    27.5441    27.5435    1501.77    154.909    156.734         32 0.0000e+00
      39239   1634.909    798.087    805.000     5.8730     5.8707   3.452730   3.452449     1.7576     1.4543      97.95   28.16704  -86.46974   -0.00010   -0.00019     3.4100     3.4520     5.8012     5.7989    34.9059    34.9051    27.5035    27.5032    1501.60    148.215    150.041         32 0.0000e+00
      39594   1649.706    795.118    802.000     5.8844     5.8846   3.454700   3.454604     1.7573     1.4542      77.38   28.17759  -86.50215   -0.00015   -0.00018     3.4060     3.4483     5.8128     5.8130    34.9188    34.9174    27.5125    27.5114    1502.17    148.042    149.880         40 0.0000e+00
      40490   1687.048    793.139    800.000     5.8879     5.8879   3.454131   3.454061     1.7557     1.4530     100.00   28.16986  -86.47848   -0.00007   -0.00005     3.4002     3.4433     5.8165     5.8165    34.9090    34.9083    27.5041    27.5036    1501.76    147.788    149.663         62 0.0000e+00
      40891   1703.768    792.150    799.000     5.8892     5.8892   3.454223   3.454166     1.7553     1.4529     100.00   28.17012  -86.47930   -0.00015   -0.00016     3.3983     3.4425     5.8179     5.8179    34.9093    34.9086    27.5042    27.5036    1501.77    147.705    149.625         44 0.0000e+00
      43255   1802.254    699.113    705.000     6.2390     6.2385   3.481820   3.481699     1.7242     1.4212      97.14   28.17340  -86.48943   -0.00091   -0.00078     3.2252     3.2588     6.1746     6.1741    34.9074    34.9065    27.4571    27.4565    1501.95    140.190    141.651         31 0.0000e+00
      44356   1848.143    694.163    700.000     6.2811     6.2835   3.485612   3.485733     1.7163     1.4156     100.02   28.17514  -86.49482    0.00008    0.00003     3.1940     3.2333     6.2170     6.2194    34.9093    34.9080    27.4531    27.4518    1502.04    138.834    140.540         30 0.0000e+00
      49122   2046.729    594.149    599.000     7.0494     7.0489   3.551846   3.551764     1.6568     1.3601      99.99   28.16752  -86.47221    0.00007    0.00001     2.9044     2.9416     6.9915     6.9910    34.9114    34.9111    27.3501    27.3500    1501.65    126.258    127.873         40 0.0000e+00
      49162   2048.395    593.158    598.000     7.0492     7.0530   3.551833   3.552371     1.6571     1.3604     100.00   28.16982  -86.47926    0.00010    0.00001     2.9045     2.9415     6.9914     6.9952    34.9127    34.9137    27.3513    27.3515    1501.77    126.263    127.872         31 0.0000e+00
      51542   2147.550    500.032    504.000     8.3015     8.2921   3.672428   3.671426     1.6220     1.3249     100.01   28.17151  -86.48464   -0.00008   -0.00033     2.6717     2.7001     8.2484     8.2390    35.0056    35.0042    27.2406    27.2410    1501.86    116.153    117.389         31 0.0000e+00
      51619   2150.730    499.042    503.000     8.2875     8.2730   3.670605   3.669259     1.6199     1.3240     100.00   28.16974  -86.47926   -0.00040   -0.00033     2.6663     2.6984     8.2363     8.2201    35.0005    34.9996    27.2385    27.2402    1501.77    115.917    117.313         45 0.0000e+00
      51713   2154.651    498.051    502.000     8.2794     8.2587   3.669862   3.667651     1.6202     1.3248     100.00   28.16974  -86.47926    0.00038    0.00034     2.6682     2.7014     8.2260     8.2059    35.0006    34.9981    27.2401    27.2412    1501.77    116.001    117.447         36 0.0000e+00
      53538   2230.709    496.069    500.000     8.3879     8.3832   3.682150   3.681856     1.6200     1.3243      96.35   28.18276  -86.51947   -0.00000   -0.00004     2.6577     2.6898     8.3348     8.3302    35.0269    35.0169    27.2445    27.2372    1502.47    115.545    116.942         31 0.0000e+00
      53681   2236.680    495.078    499.000     8.3839     8.3823   3.680326   3.680238     1.6191     1.3241     100.37   28.16966  -86.47926   -0.00001    0.00001     2.6558     2.6896     8.3310     8.3294    35.0108    35.0107    27.2320    27.2322    1501.77    115.463    116.933         41 0.0000e+00
      55568   2315.290    420.744    424.000     9.6153     9.6173   3.806548   3.806675     1.6313     1.3336      97.87   28.17035  -86.48159    0.00002    0.00009     2.5823     2.6115     9.5666     9.5686    35.1538    35.1531    27.1456    27.1447    1501.81    112.279    113.546         44 0.0000e+00
      58467   2436.083    363.240    366.000    10.7229    10.7243   3.924867   3.924987     1.6587     1.3589      95.59   28.17476  -86.49522    0.00038    0.00045     2.5668     2.5978    10.6780    10.6794    35.3108    35.3107    27.0761    27.0757    1502.05    111.613    112.962         46 0.0000e+00
      59042   2460.027    358.282    361.000    10.8949    10.8965   3.943225   3.943167     1.6634     1.3629      90.89   28.17298  -86.48977    0.00004   -0.00000     2.5670     2.5972    10.8501    10.8517    35.3281    35.3235    27.0584    27.0545    1501.95    111.624    112.935         33 0.0000e+00
      60134   2505.534    356.298    359.000    10.9839    10.9832   3.952605   3.952541     1.6677     1.3674      99.91   28.16759  -86.47324    0.00014    0.00015     2.5727     2.6047    10.9392    10.9384    35.3393    35.3391    27.0508    27.0508    1501.67    111.871    113.261         65 0.0000e+00
      61868   2577.780    290.841    293.000    12.5799    12.5755   4.130183   4.129409     1.7173     1.4102      99.80   28.17134  -86.48472    0.00036    0.00050     2.5816     2.6082    12.5400    12.5357    35.5908    35.5874    26.9429    26.9411    1501.86    112.270    113.429         37 0.0000e+00
      64741   2697.518    233.301    235.000    14.9906    14.9946   4.408654   4.409130     1.8536     1.5358      75.49   28.18080  -86.51385    0.00483    0.00387     2.7531     2.7855    14.9547    14.9587    35.9842    35.9836    26.7421    26.7407    1502.37    119.751    121.161         35 0.0000e+00
      64796   2699.809    232.309    234.000    14.8959    14.9363   4.396365   4.401068     1.8540     1.5364     101.24   28.16954  -86.47928    0.00084    0.00066     2.7616     2.7903    14.8603    14.9007    35.9555    35.9615    26.7399    26.7355    1501.77    120.120    121.372         37 0.0000e+00
      65010   2708.724    229.332    231.000    15.0586    15.0365   4.412432   4.410588     1.8601     1.5404      99.94   28.14387  -86.40046    0.00122    0.00060     2.7640     2.7942    15.0232    15.0011    35.9453    35.9488    26.6939    26.7015    1500.40    120.229    121.542         38 0.0000e+00
      65487   2728.596    228.340    230.000    15.2258    15.2408   4.435427   4.436540     1.8799     1.5607     100.00   28.16953  -86.47928    0.00150    0.00222     2.7999     2.8349    15.1903    15.2053    36.0103    36.0073    26.7089    26.7032    1501.77    121.791    123.314         59 0.0000e+00
      66403   2766.750    227.348    229.000    15.3638    15.3511   4.451283   4.450136     1.9038     1.5814     100.00   28.16952  -86.47928   -0.00013   -0.00009     2.8486     2.8816    15.3282    15.3155    36.0284    36.0296    26.6920    26.6958    1501.77    123.910    125.347         39 0.0000e+00
      67511   2812.925    182.692    184.000    16.7422    16.7126   4.613389   4.608740     2.0583     1.7191      99.93   28.14598  -86.40713    0.00111    0.00080     3.1073     3.1339    16.7125    16.6823    36.2346    36.2178    26.5295    26.5229    1500.52    135.185    136.341         31 0.0000e+00
      67682   2820.031    181.700    183.000    16.6350    16.6504   4.601662   4.603450     2.0560     1.7175      88.76   28.16948  -86.47928   -0.00138   -0.00067     3.1066     3.1335    16.6050    16.6204    36.2349    36.2368    26.5566    26.5544    1501.77    135.150    136.322         42 0.0000e+00
      67794   2824.720    180.708    182.000    16.8760    16.8929   4.630765   4.632278     2.0631     1.7233      80.49   28.16947  -86.47928    0.00207    0.00128     3.1064     3.1319    16.8458    16.8627    36.2740    36.2719    26.5295    26.5239    1501.77    135.145    136.256         34 0.0000e+00
      67912   2829.643    179.715    181.000    16.7845    16.8205   4.619219   4.624198     2.0617     1.7239      93.06   28.16946  -86.47928   -0.00054    0.00010     3.1087     3.1376    16.7546    16.7905    36.2574    36.2667    26.5384    26.5370    1501.77    135.247    136.502         31 0.0000e+00
      68260   2844.142    178.723    180.000    16.9482    16.9530   4.638908   4.639609     2.0644     1.7261      99.63   28.16947  -86.47929    0.00022    0.00041     3.1036     3.1342    16.9183    16.9231    36.2786    36.2828    26.5157    26.5177    1501.77    135.028    136.360         45 0.0000e+00
      72135   3005.603    128.100    129.000    19.4310    19.4677   4.932034   4.936759     2.1585     1.8064      89.03   28.19020  -86.54310    0.00085   -0.00010     3.1302     3.1534    19.4065    19.4441    36.6092    36.6169    26.1483    26.1447    1502.88    136.236    137.246         47 0.0000e+00
      72143   3005.915    127.108    128.000    19.4264    19.4572   4.929864   4.933598     2.1577     1.8073      99.99   28.16942  -86.47930    0.00036    0.00033     3.1292     3.1557    19.4030    19.4338    36.5854    36.5896    26.1290    26.1242    1501.77    136.194    137.345         57 0.0000e+00
      72198   3008.226    126.115    127.000    19.4866    19.5000   4.936896   4.938628     2.1600     1.8095     100.00   28.16943  -86.47930    0.00071    0.00141     3.1299     3.1580    19.4634    19.4773    36.5916    36.5949    26.1180    26.1172    1501.77    136.223    137.446         53 0.0000e+00
      72249   3010.325    125.122    126.000    19.4780    19.5002   4.936332   4.939000     2.1605     1.8116     100.00   28.16944  -86.47930    0.00065    0.00081     3.1310     3.1625    19.4549    19.4771    36.5949    36.5976    26.1227    26.1190    1501.77    136.273    137.641         49 0.0000e+00
      72298   3012.387    124.129    125.000    19.5125    19.5300   4.940214   4.942586     2.1626     1.8131     100.00   28.16942  -86.47930    0.00055    0.00100     3.1332     3.1641    19.4896    19.5071    36.5973    36.6029    26.1155    26.1152    1501.77    136.366    137.714         49 0.0000e+00
      72344   3014.306    123.137    124.000    19.5063    19.5553   4.939571   4.945439     2.1638     1.8146     100.00   28.16942  -86.47930    0.00100    0.00059     3.1357     3.1654    19.4835    19.5325    36.5978    36.6036    26.1174    26.1091    1501.77    136.475    137.770         41 0.0000e+00
      72384   3015.954    122.144    123.000    19.5745    19.6304   4.947438   4.954443     2.1663     1.8171     100.00   28.16942  -86.47930    0.00088    0.00112     3.1364     3.1664    19.5519    19.6077    36.6039    36.6132    26.1041    26.0966    1501.77    136.507    137.815         39 0.0000e+00
      72423   3017.566    121.151    122.000    19.6378    19.6587   4.954955   4.957811     2.1713     1.8204     100.00   28.16942  -86.47930    0.00201    0.00152     3.1427     3.1720    19.6153    19.6362    36.6113    36.6167    26.0932    26.0918    1501.77    136.784    138.059         38 0.0000e+00
      72461   3019.172    120.158    121.000    19.6935    19.7082   4.961194   4.963417     2.1752     1.8244      99.99   28.16942  -86.47930    0.00265    0.00218     3.1472     3.1780    19.6711    19.6859    36.6147    36.6203    26.0811    26.0815    1501.77    136.982    138.323         38 0.0000e+00
      72497   3020.664    119.166    120.000    19.8035    19.8586   4.974665   4.980780     2.1811     1.8294      99.96   28.16942  -86.47930    0.00283    0.00260     3.1519     3.1801    19.7811    19.8370    36.6288    36.6310    26.0628    26.0493    1501.77    137.188    138.417         35 0.0000e+00
      72531   3022.069    118.173    119.000    19.8958    19.9515   4.985450   4.992064     2.1898     1.8382     100.00   28.16942  -86.47930    0.00428    0.00384     3.1648     3.1950    19.8737    19.9293    36.6395    36.6456    26.0465    26.0364    1501.77    137.753    139.068         33 0.0000e+00
      72565   3023.514    117.180    118.000    19.9610    19.9879   4.992918   4.996396     2.1978     1.8464     100.00   28.16942  -86.47930    0.00567    0.00572     3.1775     3.2119    19.9391    19.9659    36.6447    36.6500    26.0331    26.0300    1501.77    138.307    139.803         35 0.0000e+00
      72600   3024.941    116.188    117.000    20.0053    20.0278   4.998325   5.000410     2.2043     1.8508     100.00   28.16942  -86.47930    0.00546    0.00522     3.1882     3.2195    19.9835    20.0061    36.6510    36.6486    26.0261    26.0184    1501.77    138.774    140.138         34 0.0000e+00
      72631   3026.268    115.195    116.000    20.0437    20.0633   5.002466   5.004494     2.2081     1.8535      99.85   28.16942  -86.47930    0.00443    0.00341     3.1934     3.2234    20.0220    20.0416    36.6521    36.6517    26.0167    26.0112    1501.77    139.001    140.306         30 0.0000e+00
      72664   3027.623    114.202    115.000    20.0950    20.1088   5.007664   5.009251     2.2122     1.8581     100.00   28.16943  -86.47930    0.00328    0.00259     3.1987     3.2310    20.0734    20.0873    36.6506    36.6516    26.0019    25.9989    1501.77    139.233    140.642         35 0.0000e+00
      72699   3029.077    113.209    114.000    20.1081    20.1239   5.008760   5.010105     2.2159     1.8588     100.00   28.16944  -86.47930    0.00289    0.00232     3.2055     3.2314    20.0868    20.1026    36.6485    36.6458    25.9967    25.9905    1501.77    139.530    140.659         34 0.0000e+00
      72732   3030.459    112.216    113.000    20.1240    20.1374   5.009363   5.010346     2.2164     1.8586      87.74   28.16944  -86.47930    0.00221    0.00111     3.2052     3.2299    20.1029    20.1162    36.6400    36.6365    25.9859    25.9797    1501.77    139.519    140.595         32 0.0000e+00
      72764   3031.794    111.223    112.000    20.1420    20.1375   5.010068   5.009106     2.2141     1.8520      78.97   28.16944  -86.47930    0.00041   -0.00114     3.1989     3.2142    20.1211    20.1165    36.6305    36.6253    25.9738    25.9710    1501.77    139.247    139.914         33 0.0000e+00
      72798   3033.198    110.231    111.000    20.1301    20.1217   5.005635   5.003344     2.2052     1.8423      99.85   28.16944  -86.47930   -0.00200   -0.00432     3.1808     3.1921    20.1096    20.1026    36.6046    36.5960    25.9571    25.9536    1501.77    138.461    138.951         35 0.0000e+00
      72832   3034.608    109.238    110.000    20.1108    20.1023   5.001101   4.998376     2.1957     1.8336     100.00   28.16944  -86.47930   -0.00533   -0.00637     3.1616     3.1732    20.0902    20.0817    36.5847    36.5696    25.9471    25.9378    1501.77    137.626    138.131         32 0.0000e+00
