Gulf of Mexico/GOMECC-4/1db/urb2103_0301.cnv
* Sea-Bird SBE 9 Data File:
* FileName = C:\Users\scs.user.rb\CTD\GOMECC4\data\rb2103_0301.hex
* Software Version Seasave V 7.26.7.107
* Temperature SN = 4799
* Conductivity SN = 3860
* Number of Bytes Per Scan = 41
* Number of Voltage Words = 4
* Number of Scans Averaged by the Deck Unit = 1
* NMEA Latitude = 27 00.64 N
* NMEA Longitude = 086 59.98 W
* NMEA UTC (Time) = Sep 22 2021  07:53:47
* NMEA baud rate = 4800
# nquan = 28
# nvalues = 167                         
# units = specified
# name 0 = scan: Scan Count
# name 1 = timeS: Time, Elapsed [seconds]
# name 2 = depSM: Depth [salt water, m]
# name 3 = prDM: Pressure, Digiquartz [db]
# name 4 = t090C: Temperature [ITS-90, deg C]
# name 5 = t190C: Temperature, 2 [ITS-90, deg C]
# name 6 = c0S/m: Conductivity [S/m]
# name 7 = c1S/m: Conductivity, 2 [S/m]
# name 8 = sbeox0V: Oxygen raw, SBE 43 [V]
# name 9 = sbeox1V: Oxygen raw, SBE 43, 2 [V]
# name 10 = altM: Altimeter [m]
# name 11 = latitude: Latitude [deg]
# name 12 = longitude: Longitude [deg]
# name 13 = sbox0dV/dT: Oxygen, SBE 43 [dov/dt]
# name 14 = sbox1dV/dT: Oxygen, SBE 43, 2 [dov/dt]
# name 15 = sbeox0ML/L: Oxygen, SBE 43 [ml/l], WS = 5
# name 16 = sbeox1ML/L: Oxygen, SBE 43, 2 [ml/l], WS = 5
# name 17 = potemp090C: Potential Temperature [ITS-90, deg C]
# name 18 = potemp190C: Potential Temperature, 2 [ITS-90, deg C]
# name 19 = sal00: Salinity, Practical [PSU]
# name 20 = sal11: Salinity, Practical, 2 [PSU]
# name 21 = sigma-é00: Density [sigma-theta, kg/m^3]
# name 22 = sigma-é11: Density, 2 [sigma-theta, kg/m^3]
# name 23 = avgsvCM: Average Sound Velocity [Chen-Millero, m/s], minP = 20, minS = 20
# name 24 = sbox0Mm/Kg: Oxygen, SBE 43 [umol/kg], WS = 5
# name 25 = sbox1Mm/Kg: Oxygen, SBE 43, 2 [umol/kg], WS = 5
# name 26 = nbin: number of scans per bin
# name 27 = flag: flag
# span 0 =      92333,     208423       
# span 1 =   3847.159,   8684.257       
# span 2 =      1.987,   2920.998       
# span 3 =      2.000,   2961.000       
# span 4 =     4.2818,    29.3822       
# span 5 =     4.2827,    29.4449       
# span 6 =   3.342849,   5.942344       
# span 7 =   3.342781,   5.941575       
# span 8 =     1.6173,     3.1884       
# span 9 =     1.3202,     2.6990       
# span 10 =      14.50,     102.39      
# span 11 =   26.14856,   27.52997      
# span 12 =  -88.78837,  -84.33053      
# span 13 =   -0.00149,    0.03195      
# span 14 =   -0.00363,    0.02947      
# span 15 =     2.5551,     4.7030      
# span 16 =     2.5814,     4.7293      
# span 17 =     4.0808,    29.3800      
# span 18 =     4.0819,    29.4444      
# span 19 =    34.7247,    36.5921      
# span 20 =    34.7377,    36.5759      
# span 21 =    21.9884,    27.7585      
# span 22 =    21.9987,    27.7569      
# span 23 =    1455.18,    1532.11      
# span 24 =    111.109,    204.364      
# span 25 =    112.253,    205.506      
# span 26 =         30,         81      
# span 27 = 0.0000e+00, 0.0000e+00      
# interval = decibars: 1                
# start_time = Sep 22 2021 07:53:47 [NMEA time, header]
# bad_flag = -9.990e-29
*END*
[from data line 104]
     189255   7885.597     88.396     89.000    27.4443    27.4459   5.775746   5.776073     2.9643     2.5087     100.00   26.98004  -86.99814    0.00330    0.00358     4.1857     4.1805    27.4235    27.4251    36.4781    36.4792    23.6949    23.6952    1501.19    182.605    182.380         35 0.0000e+00
     189289   7887.020     87.403     88.000    27.4652    27.4969   5.777474   5.780429     2.9646     2.5141     100.00   26.98004  -86.99814    0.00182    0.00393     4.1842     4.1881    27.4447    27.4763    36.4744    36.4697    23.6852    23.6714    1501.19    182.542    182.714         33 0.0000e+00
     189322   7888.384     86.410     87.000    27.5523    27.5645   5.784133   5.785372     2.9715     2.5205     100.00   26.98002  -86.99814    0.00162    0.00355     4.1906     4.1961    27.5320    27.5441    36.4541    36.4535    23.6416    23.6372    1501.19    182.832    183.071         33 0.0000e+00
     189356   7889.771     85.417     86.000    27.6152    27.6220   5.788903   5.789824     2.9853     2.5336     100.00   26.98002  -86.99814    0.00504    0.00568     4.2113     4.2190    27.5951    27.6019    36.4394    36.4406    23.6100    23.6087    1501.19    183.738    184.074         34 0.0000e+00
     189391   7891.232     84.424     85.000    27.6905    27.7065   5.795738   5.796794     2.9981     2.5469     100.00   26.98000  -86.99814    0.00867    0.00840     4.2292     4.2400    27.6706    27.6865    36.4296    36.4247    23.5780    23.5691    1501.19    184.526    184.999         38 0.0000e+00
     189451   7893.761     83.431     84.000    27.6769    27.5988   5.795660   5.788080     3.0041     2.5437     100.00   26.97999  -86.99814    0.00503    0.00283     4.2398     4.2403    27.6700    27.5791    36.4300    36.4470    23.5785    23.6209    1501.19    184.988    185.001         67 0.0000e+00
     189523   7896.767     82.438     83.000    27.8840    27.7196   5.813075   5.800517     3.0176     2.5431      99.73   26.97997  -86.99812    0.00177   -0.00363     4.2504     4.2288    27.8622    27.7007    36.4047    36.4296    23.4966    23.5634    1501.19    185.467    184.510         45 0.0000e+00
     191693   7987.174     78.466     79.000    28.1142    28.1169   5.840475   5.840751     3.0509     2.5859     100.17   27.02455  -87.14365    0.00034    0.00069     4.2942     4.2907    28.0955    28.0982    36.4470    36.4474    23.4607    23.4601    1503.70    187.390    187.236         46 0.0000e+00
     191434   7976.392     77.473     78.000    28.0703    28.0705   5.830803   5.830944     3.0424     2.5814     100.00   26.97937  -86.99800   -0.00096    0.00004     4.2800     4.2826    28.0518    28.0520    36.3855    36.3863    23.4200    23.4205    1501.19    186.772    186.882         70 0.0000e+00
     191501   7979.181     76.480     77.000    28.0751    28.0745   5.831204   5.831261     3.0425     2.5806      85.30   26.97935  -86.99800   -0.00061   -0.00013     4.2793     4.2800    28.0568    28.0562    36.3851    36.3857    23.4180    23.4186    1501.19    186.738    186.770         62 0.0000e+00
     191561   7981.668     75.486     76.000    28.0843    28.0850   5.832072   5.832162     3.0466     2.5804     100.13   26.97932  -86.99799    0.00131    0.00008     4.2858     4.2784    28.0663    28.0670    36.3842    36.3843    23.4142    23.4141    1501.19    187.023    186.700         58 0.0000e+00
     191616   7983.946     74.493     75.000    28.0917    28.0925   5.832669   5.832864     3.0482     2.5822     100.00   26.97930  -86.99799    0.00147   -0.00036     4.2874     4.2811    28.0739    28.0747    36.3832    36.3838    23.4110    23.4111    1501.19    187.096    186.821         52 0.0000e+00
     191667   7986.094     73.500     74.000    28.0965    28.0959   5.833095   5.833210     3.0467     2.5812      76.68   26.97929  -86.99798   -0.00041    0.00125     4.2839     4.2784    28.0789    28.0783    36.3826    36.3835    23.4089    23.4097    1501.19    186.943    186.702         50 0.0000e+00
     191719   7988.250     72.507     73.000    28.1040    28.1121   5.833728   5.834392     3.0489     2.5807     100.00   26.97927  -86.99798    0.00017   -0.00101     4.2870     4.2758    28.0867    28.0948    36.3816    36.3810    23.4055    23.4024    1501.19    187.077    186.590         53 0.0000e+00
     191770   7990.382     71.514     72.000    28.1201    28.1280   5.835148   5.836141     3.0516     2.5906     100.00   26.97925  -86.99798    0.00154    0.00236     4.2902     4.2942    28.1030    28.1109    36.3795    36.3788    23.3986    23.3955    1501.19    187.221    187.395         49 0.0000e+00
     191822   7992.531     70.521     71.000    28.1398    28.1397   5.836975   5.836980     3.0528     2.5921     100.00   26.97924  -86.99798    0.00041    0.00323     4.2904     4.2960    28.1230    28.1228    36.3774    36.3775    23.3905    23.3906    1501.19    187.232    187.476         55 0.0000e+00
     191876   7994.790     69.528     70.000    28.1573    28.1809   5.838779   5.840564     3.0570     2.5916     100.00   26.97922  -86.99796    0.00168   -0.00081     4.2962     4.2917    28.1407    28.1643    36.3745    36.3713    23.3824    23.3722    1501.19    187.486    187.290         51 0.0000e+00
     191929   7997.011     68.535     69.000    28.1791    28.1815   5.840400   5.840780     3.0582     2.5920     100.00   26.97921  -86.99796    0.00121    0.00050     4.2965     4.2920    28.1627    28.1651    36.3718    36.3726    23.3732    23.3730    1501.19    187.501    187.304         53 0.0000e+00
     191981   7999.173     67.542     68.000    28.2069    28.2009   5.842947   5.842636     3.0608     2.5925     100.00   26.97920  -86.99796    0.00055    0.00001     4.2988     4.2910    28.1907    28.1847    36.3686    36.3696    23.3615    23.3644    1501.19    187.603    187.262         52 0.0000e+00
     192040   8001.615     66.549     67.000    28.2244    28.2177   5.844521   5.843889     3.0645     2.5951     100.00   26.97917  -86.99794    0.00170    0.00061     4.3038     4.2948    28.2084    28.2018    36.3665    36.3676    23.3541    23.3571    1501.19    187.821    187.427         61 0.0000e+00
     192114   8004.727     65.556     66.000    28.2781    28.2165   5.848846   5.843952     3.0683     2.6000     100.00   26.97914  -86.99794    0.00038    0.00266     4.3062     4.3044    28.2610    28.2008    36.3579    36.3687    23.3302    23.3583    1501.19    187.931    187.847         44 0.0000e+00
     193751   8072.899     63.569     64.000    28.3942    28.3963   5.860672   5.860851     3.0830     2.6127      83.32   26.99213  -87.04139   -0.00028   -0.00098     4.3248     4.3175    28.3789    28.3810    36.3586    36.3583    23.2944    23.2935    1501.94    188.752    188.432         55 0.0000e+00
     193724   8071.786     62.576     63.000    28.3932    28.3858   5.858527   5.858004     3.0860     2.6140     102.39   26.97858  -86.99780    0.00067    0.00088     4.3290     4.3199    28.3781    28.3707    36.3361    36.3381    23.2751    23.2791    1501.19    188.935    188.536         40 0.0000e+00
     196598   8191.525     53.638     54.000    28.7896    28.7895   5.888595   5.888620     3.1186     2.6379     100.31   27.06122  -87.26679    0.00078    0.00097     4.3609     4.3425    28.7766    28.7765    36.2988    36.2990    23.1313    23.1314    1505.84    190.366    189.566         48 0.0000e+00
     196066   8169.372     52.645     53.000    28.7051    28.6976   5.870683   5.870159     3.1133     2.6324     100.00   26.97770  -86.99756    0.00035   -0.00046     4.3536     4.3333    28.6923    28.6848    36.1850    36.1876    23.0571    23.0615    1501.19    190.050    189.163         58 0.0000e+00
     196134   8172.225     51.652     52.000    28.7123    28.7082   5.870843   5.870786     3.1126     2.6325      72.25   26.97768  -86.99756   -0.00006    0.00106     4.3510     4.3324    28.6997    28.6957    36.1814    36.1841    23.0519    23.0553    1501.19    189.938    189.124         58 0.0000e+00
     196195   8174.758     50.659     51.000    28.7190    28.7286   5.871171   5.872007     3.1128     2.6343     100.55   26.97766  -86.99754   -0.00014   -0.00003     4.3504     4.3342    28.7067    28.7164    36.1789    36.1774    23.0476    23.0433    1501.19    189.912    189.206         59 0.0000e+00
     196250   8177.059     49.665     50.000    28.7329    28.7461   5.872112   5.873199     3.1140     2.6356     100.00   26.97764  -86.99754    0.00022    0.00055     4.3511     4.3352    28.7208    28.7340    36.1752    36.1727    23.0402    23.0339    1501.19    189.943    189.250         56 0.0000e+00
     196309   8179.495     48.672     49.000    28.7443    28.7599   5.872802   5.873971     3.1155     2.6362      86.21   26.97762  -86.99754    0.00079    0.00016     4.3526     4.3348    28.7325    28.7481    36.1716    36.1678    23.0336    23.0256    1501.19    190.011    189.235         57 0.0000e+00
     196362   8181.705     47.679     48.000    28.7591    28.7690   5.873776   5.874647     3.1150     2.6339      69.54   26.97760  -86.99753    0.00007   -0.00044     4.3501     4.3291    28.7475    28.7574    36.1674    36.1659    23.0254    23.0210    1501.19    189.903    188.986         52 0.0000e+00
     196416   8183.976     46.686     47.000    28.7690    28.7732   5.874443   5.875068     3.1177     2.6428      66.40   26.97758  -86.99752    0.00073    0.00247     4.3535     4.3462    28.7577    28.7618    36.1654    36.1660    23.0205    23.0196    1501.19    190.051    189.735         55 0.0000e+00
     196471   8186.242     45.693     46.000    28.7697    28.7830   5.874596   5.875852     3.1173     2.6374      90.59   26.97755  -86.99752    0.00018    0.00008     4.3524     4.3342    28.7586    28.7719    36.1656    36.1642    23.0203    23.0149    1501.19    190.006    189.209         55 0.0000e+00
     196526   8188.558     44.699     45.000    28.7799    28.7842   5.875390   5.875976     3.1177     2.6386     100.07   26.97753  -86.99750    0.00033   -0.00097     4.3519     4.3360    28.7691    28.7734    36.1641    36.1645    23.0158    23.0146    1501.19    189.982    189.290         55 0.0000e+00
     196581   8190.842     43.706     44.000    28.7856    28.7841   5.876004   5.875924     3.1168     2.6398      95.74   26.97751  -86.99750   -0.00040    0.00071     4.3494     4.3379    28.7750    28.7735    36.1640    36.1646    23.0137    23.0146    1501.19    189.873    189.373         57 0.0000e+00
     196639   8193.231     42.713     43.000    28.7904    28.7881   5.876501   5.876343     3.1195     2.6413     100.08   26.97749  -86.99750    0.00049    0.00081     4.3534     4.3402    28.7800    28.7777    36.1640    36.1647    23.0120    23.0133    1501.19    190.051    189.474         54 0.0000e+00
     196691   8195.428     41.720     42.000    28.7990    28.7972   5.877525   5.877351     3.1200     2.6439      99.88   26.97746  -86.99750    0.00102    0.00087     4.3531     4.3442    28.7889    28.7870    36.1649    36.1649    23.0097    23.0104    1501.19    190.037    189.648         56 0.0000e+00
     196748   8197.804     40.726     41.000    28.8025    28.8037   5.877907   5.878201     3.1183     2.6420     100.00   26.97745  -86.99748   -0.00086   -0.00029     4.3493     4.3394    28.7926    28.7938    36.1652    36.1663    23.0087    23.0092    1501.19    189.870    189.439         54 0.0000e+00
     196801   8199.997     39.733     40.000    28.8089    28.8090   5.878712   5.878760     3.1200     2.6419     100.00   26.97743  -86.99748    0.00037   -0.00026     4.3513     4.3383    28.7993    28.7993    36.1662    36.1665    23.0073    23.0075    1501.19    189.958    189.390         56 0.0000e+00
     196864   8202.618     38.740     39.000    28.8110    28.8075   5.878908   5.878613     3.1216     2.6433      72.67   26.97740  -86.99746    0.00044    0.00011     4.3532     4.3407    28.8016    28.7981    36.1662    36.1669    23.0065    23.0082    1501.19    190.042    189.495         64 0.0000e+00
     197214   8217.211     36.753     37.000    28.8768    28.8556   5.885463   5.884689     3.1260     2.6436     100.08   27.00008  -87.07084    0.00018   -0.00045     4.3567     4.3378    28.8679    28.8467    36.1770    36.1877    22.9970    23.0122    1502.46    190.199    189.372         30 0.0000e+00
     196236   8176.447     34.767     35.000    28.7664    28.7286   5.853702   5.851588     3.1101     2.6380      99.49   26.84056  -86.55661    0.00096    0.00181     4.3372     4.3297    28.7579    28.7201    36.0074    35.9857    22.8802    22.8735    1493.58    189.349    189.021         35 0.0000e+00
     198443   8268.397     32.781     33.000    28.9556    28.9549   5.893569   5.893543     3.1335     2.6544     100.01   26.97948  -87.00599    0.00026   -0.00005     4.3611     4.3495    28.9476    28.9469    36.1617    36.1621    22.9548    22.9553    1501.34    190.398    189.890         68 0.0000e+00
     198495   8270.593     31.787     32.000    28.9528    28.9528   5.892936   5.893039     3.1347     2.6545      95.94   26.97675  -86.99728    0.00084    0.00059     4.3629     4.3492    28.9450    28.9451    36.1581    36.1588    22.9523    22.9528    1501.19    190.473    189.878         65 0.0000e+00
     198560   8273.280     30.794     31.000    28.9544    28.9567   5.893078   5.893411     3.1323     2.6535      97.23   26.97673  -86.99728   -0.00118    0.00021     4.3573     4.3465    28.9468    28.9492    36.1579    36.1587    22.9516    22.9514    1501.19    190.232    189.761         63 0.0000e+00
     198623   8275.929     29.801     30.000    28.9591    28.9678   5.893456   5.894375     3.1341     2.6517      99.99   26.97670  -86.99728    0.00068   -0.00132     4.3604     4.3417    28.9519    28.9606    36.1574    36.1573    22.9496    22.9466    1501.19    190.365    189.551         66 0.0000e+00
     198682   8278.357     28.807     29.000    28.9702    28.9862   5.895344   5.896233     3.1371     2.6519      84.24   26.97668  -86.99726    0.00089    0.00055     4.3636     4.3402    28.9631    28.9792    36.1573    36.1565    22.9457    22.9397    1501.19    190.507    189.486         48 0.0000e+00
     198734   8280.533     27.814     28.000    28.9954    28.9918   5.896766   5.896112     3.1370     2.6584      99.66   26.97666  -86.99726    0.00055    0.00150     4.3617     4.3524    28.9886    28.9850    36.1535    36.1516    22.9343    22.9341    1501.19    190.428    190.023         61 0.0000e+00
     198791   8282.920     26.821     27.000    28.9989    28.9998   5.896266   5.895862     3.1369     2.6556      86.30   26.97664  -86.99725   -0.00006    0.00099     4.3610     4.3459    28.9923    28.9933    36.1479    36.1444    22.9289    22.9259    1501.19    190.396    189.740         49 0.0000e+00
     198842   8285.025     25.827     26.000    29.0048    29.0046   5.895364   5.895404     3.1361     2.6542      90.54   26.97662  -86.99724   -0.00037   -0.00158     4.3588     4.3423    28.9985    28.9983    36.1372    36.1376    22.9188    22.9191    1501.19    190.302    189.581         56 0.0000e+00
     198897   8287.338     24.834     25.000    29.0035    29.0075   5.895207   5.895165     3.1345     2.6553     100.11   26.97659  -86.99724   -0.00026    0.00011     4.3560     4.3440    28.9974    29.0014    36.1376    36.1343    22.9194    22.9156    1501.19    190.180    189.659         52 0.0000e+00
     198950   8289.529     23.841     24.000    29.0079    29.0086   5.894756   5.894936     3.1372     2.6587     100.00   26.97657  -86.99724    0.00008    0.00137     4.3597     4.3501    29.0021    29.0028    36.1313    36.1320    22.9131    22.9134    1501.19    190.344    189.924         55 0.0000e+00
