Gulf of Mexico/GOMECC-4/1db/urb2103_0431.cnv
* Sea-Bird SBE 9 Data File:
* FileName = C:\Users\scs.user.rb\CTD\GOMECC4\data\rb2103_0431.hex
* Software Version Seasave V 7.26.7.107
* Temperature SN = 4799
* Conductivity SN = 3860
* Number of Bytes Per Scan = 41
* Number of Voltage Words = 4
* Number of Scans Averaged by the Deck Unit = 1
* NMEA Latitude = 28 29.94 N
* NMEA Longitude = 090 00.00 W
* NMEA UTC (Time) = Sep 26 2021  07:09:27
* NMEA baud rate = 4800
# nquan = 28
# nvalues = 52                          
# units = specified
# name 0 = scan: Scan Count
# name 1 = timeS: Time, Elapsed [seconds]
# name 2 = depSM: Depth [salt water, m]
# name 3 = prDM: Pressure, Digiquartz [db]
# name 4 = t090C: Temperature [ITS-90, deg C]
# name 5 = t190C: Temperature, 2 [ITS-90, deg C]
# name 6 = c0S/m: Conductivity [S/m]
# name 7 = c1S/m: Conductivity, 2 [S/m]
# name 8 = sbeox0V: Oxygen raw, SBE 43 [V]
# name 9 = sbeox1V: Oxygen raw, SBE 43, 2 [V]
# name 10 = altM: Altimeter [m]
# name 11 = latitude: Latitude [deg]
# name 12 = longitude: Longitude [deg]
# name 13 = sbox0dV/dT: Oxygen, SBE 43 [dov/dt]
# name 14 = sbox1dV/dT: Oxygen, SBE 43, 2 [dov/dt]
# name 15 = sbeox0ML/L: Oxygen, SBE 43 [ml/l], WS = 5
# name 16 = sbeox1ML/L: Oxygen, SBE 43, 2 [ml/l], WS = 5
# name 17 = potemp090C: Potential Temperature [ITS-90, deg C]
# name 18 = potemp190C: Potential Temperature, 2 [ITS-90, deg C]
# name 19 = sal00: Salinity, Practical [PSU]
# name 20 = sal11: Salinity, Practical, 2 [PSU]
# name 21 = sigma-é00: Density [sigma-theta, kg/m^3]
# name 22 = sigma-é11: Density, 2 [sigma-theta, kg/m^3]
# name 23 = avgsvCM: Average Sound Velocity [Chen-Millero, m/s], minP = 20, minS = 20
# name 24 = sbox0Mm/Kg: Oxygen, SBE 43 [umol/kg], WS = 5
# name 25 = sbox1Mm/Kg: Oxygen, SBE 43, 2 [umol/kg], WS = 5
# name 26 = nbin: number of scans per bin
# name 27 = flag: flag
# span 0 =      26849,      42128       
# span 1 =   1118.670,   1755.273       
# span 2 =      1.986,     89.379       
# span 3 =      2.000,     90.000       
# span 4 =    17.6913,    28.8628       
# span 5 =    17.6810,    28.9936       
# span 6 =   4.711784,   5.796106       
# span 7 =   4.710588,   5.796052       
# span 8 =     1.9242,     3.1372       
# span 9 =     1.5936,     2.6610       
# span 10 =       5.82,      89.95      
# span 11 =   28.11958,   28.67169      
# span 12 =  -90.54425,  -88.80079      
# span 13 =   -0.01392,    0.01756      
# span 14 =   -0.02011,    0.02117      
# span 15 =     2.6938,     4.3922      
# span 16 =     2.7163,     4.3900      
# span 17 =    17.6759,    28.8604      
# span 18 =    17.6657,    28.9912      
# span 19 =    33.2273,    36.3798      
# span 20 =    33.1873,    36.3692      
# span 21 =    21.1244,    26.3517      
# span 22 =    21.0693,    26.3514      
# span 23 =    1513.87,    1543.59      
# span 24 =    117.219,    191.938      
# span 25 =    118.199,    191.853      
# span 26 =         30,         73      
# span 27 = 0.0000e+00, 0.0000e+00      
# interval = decibars: 1                
# start_time = Sep 26 2021 07:09:27 [NMEA time, header]
# bad_flag = -9.990e-29
*END*
      26849   1118.670     89.379     90.000    17.6913    17.6810   4.711784   4.710588     1.9254     1.5946       5.82   28.46297  -89.88569    0.00034    0.00057     2.7100     2.7314    17.6759    17.6657    36.2696    36.2684    26.3214    26.3230    1532.37    117.920    118.849         38 0.0000e+00
      26984   1124.304     88.386     89.000    17.7332    17.7299   4.720047   4.719505     1.9273     1.5986       6.91   28.49924  -90.00020   -0.00024    0.00045     2.7104     2.7379    17.7179    17.7146    36.3179    36.3164    26.3517    26.3514    1534.32    117.940    119.137         61 0.0000e+00
      27064   1127.643     87.393     88.000    17.7659    17.7684   4.723968   4.723682     1.9263     1.5987       7.87   28.49924  -90.00020   -0.00031    0.00000     2.7062     2.7357    17.7508    17.7533    36.3230    36.3188    26.3475    26.3437    1534.32    117.754    119.040         39 0.0000e+00
      27142   1130.866     86.400     87.000    17.8076    17.7786   4.728395   4.724987     1.9257     1.5969       8.78   28.49924  -90.00021   -0.00006   -0.00073     2.7022     2.7303    17.7927    17.7637    36.3249    36.3213    26.3387    26.3431    1534.32    117.584    118.805         61 0.0000e+00
      27205   1133.495     85.407     86.000    17.8837    17.8368   4.736854   4.731356     1.9242     1.5961       9.78   28.49926  -90.00022   -0.00059   -0.00025     2.6941     2.7244    17.8689    17.8222    36.3303    36.3249    26.3239    26.3314    1534.32    117.232    118.550         68 0.0000e+00
      27271   1136.235     84.414     85.000    17.9020    17.8775   4.738792   4.734930     1.9248     1.5936      10.76   28.49926  -90.00022    0.00010   -0.00099     2.6938     2.7163    17.8869    17.8631    36.3314    36.3212    26.3204    26.3189    1534.32    117.219    118.199         61 0.0000e+00
      27333   1138.826     83.421     84.000    17.9774    17.9196   4.747369   4.740671     1.9280     1.5955      11.72   28.49926  -90.00022    0.00083    0.00022     2.6965     2.7182    17.9629    17.9051    36.3380    36.3319    26.3065    26.3162    1534.32    117.341    118.282         62 0.0000e+00
      27394   1141.394     82.428     83.000    18.0042    17.9851   4.750470   4.748177     1.9320     1.5999      12.74   28.49926  -90.00022    0.00168    0.00143     2.7038     2.7250    17.9898    17.9707    36.3412    36.3385    26.3023    26.3050    1534.32    117.658    118.579         64 0.0000e+00
      27459   1144.096     81.435     82.000    18.0962    18.0042   4.760125   4.751076     1.9341     1.6029      13.68   28.49926  -90.00022    0.00086    0.00151     2.7028     2.7300    18.0820    17.9900    36.3425    36.3444    26.2804    26.3047    1534.32    117.617    118.798         60 0.0000e+00
      27518   1146.537     80.442     81.000    18.2346    18.1972   4.776083   4.771632     1.9384     1.6054      14.71   28.49926  -90.00020    0.00130    0.00078     2.7042     2.7262    18.2205    18.1832    36.3566    36.3523    26.2565    26.2622    1534.32    117.679    118.637         65 0.0000e+00
      27587   1149.407     79.449     80.000    18.2926    18.2269   4.782317   4.774929     1.9455     1.6101      15.69   28.49926  -90.00020    0.00250    0.00170     2.7167     2.7360    18.2732    18.2130    36.3636    36.3539    26.2486    26.2563    1534.32    118.224    119.065         66 0.0000e+00
      27648   1151.953     78.457     79.000    18.4120    18.3262   4.794902   4.785684     1.9517     1.6142      16.61   28.49926  -90.00020    0.00230    0.00141     2.7232     2.7403    18.3981    18.3123    36.3606    36.3581    26.2149    26.2345    1534.32    118.510    119.254         56 0.0000e+00
      27704   1154.302     77.464     78.000    18.6246    18.5824   4.817624   4.812615     1.9680     1.6333      17.61   28.49926  -90.00020    0.00476    0.00510     2.7468     2.7724    18.6108    18.5686    36.3661    36.3609    26.1652    26.1720    1534.32    119.544    120.657         51 0.0000e+00
      27799   1158.268     76.471     77.000    18.6055    18.6035   4.815483   4.814605     1.9808     1.6445      18.63   28.49926  -90.00020    0.00228    0.00193     2.7758     2.7982    18.5919    18.5898    36.3652    36.3601    26.1694    26.1660    1534.32    120.805    121.782         33 0.0000e+00
      27933   1163.844     75.478     76.000    18.7695    18.8199   4.832417   4.837562     1.9979     1.6675      19.68   28.49926  -90.00020    0.00341    0.00447     2.8040     2.8417    18.7560    18.8065    36.3642    36.3623    26.1268    26.1125    1534.32    122.036    123.680         53 0.0000e+00
      29580   1232.439     69.520     70.000    19.5525    19.5513   4.912558   4.913105     2.1099     1.7671      25.41   28.47571  -89.92577    0.00042    0.00154     3.0008     3.0369    19.5422    19.5385    36.3421    36.3449    25.9045    25.9062    1533.05    130.628    132.198         64 0.0000e+00
      29698   1237.383     68.527     69.000    19.6949    19.6921   4.930077   4.929156     2.1186     1.7725      26.50   28.49928  -90.00020    0.00214    0.00179     3.0096     3.0410    19.6822    19.6794    36.3747    36.3692    25.8948    25.8912    1534.32    131.018    132.383         47 0.0000e+00
      29781   1240.847     67.534     68.000    19.8508    19.7817   4.944818   4.938259     2.1359     1.7849      27.45   28.49928  -90.00020    0.00484    0.00433     3.0369     3.0646    19.8382    19.7692    36.3620    36.3676    25.8440    25.8665    1534.32    132.211    133.414         72 0.0000e+00
      29855   1243.920     66.541     67.000    19.9572    19.9286   4.952144   4.948870     2.1708     1.8093      28.39   28.49929  -90.00020    0.01021    0.00662     3.1059     3.1141    19.9448    19.9162    36.3304    36.3281    25.7916    25.7974    1534.32    135.220    135.578         71 0.0000e+00
      29930   1247.025     65.548     66.000    20.0344    20.0059   4.958187   4.956188     2.2066     1.8478      29.43   28.49929  -90.00020    0.01229    0.01211     3.1791     3.1996    20.0221    19.9937    36.3151    36.3219    25.7595    25.7722    1534.32    138.415    139.306         73 0.0000e+00
      30006   1250.228     64.555     65.000    20.0947    20.0764   4.962787   4.961927     2.2269     1.8640      30.34   28.49929  -90.00020    0.00687    0.00582     3.2176     3.2335    20.0826    20.0643    36.3029    36.3087    25.7340    25.7433    1534.32    140.091    140.784         67 0.0000e+00
      30075   1253.101     63.562     64.000    20.1918    20.1639   4.973084   4.971013     2.2465     1.8836      31.35   28.49930  -90.00020    0.00622    0.00636     3.2515     3.2736    20.1798    20.1519    36.3010    36.3075    25.7067    25.7190    1534.32    141.574    142.531         61 0.0000e+00
      30564   1273.438     60.583     61.000    20.8890    20.8048   5.050705   5.039596     2.2691     1.9088      34.61   28.59143  -90.29115    0.00455    0.00303     3.2548     3.2941    20.8774    20.7931    36.3798    36.3617    25.5897    25.5988    1539.28    141.744    143.455         32 0.0000e+00
      31598   1316.536     58.597     59.000    22.7970    22.8408   5.250082   5.253726     2.3508     1.9735      36.26   28.50452  -90.01660   -0.00238   -0.00205     3.3024     3.3177    22.7850    22.8288    36.3167    36.3076    24.9956    24.9757    1534.60    143.890    144.560         35 0.0000e+00
      31698   1320.693     57.604     58.000    22.8644    23.0357   5.257030   5.273061     2.3498     1.9841      37.23   28.49934  -90.00022   -0.00051    0.00142     3.2956     3.3308    22.8528    23.0238    36.3125    36.2953    24.9720    24.9094    1534.32    143.594    145.140         41 0.0000e+00
      31778   1324.052     56.611     57.000    22.9584    23.2731   5.267525   5.298776     2.3600     2.0144      38.17   28.49934  -90.00022    0.00089    0.01013     3.3164     3.3843    22.9654    23.2613    36.3151    36.2985    24.9413    24.8427    1534.32    144.506    147.479         63 0.0000e+00
      31857   1327.338     55.618     56.000    23.3123    23.4022   5.303242   5.310738     2.4182     2.0812      39.14   28.49934  -90.00022    0.01756    0.02117     3.4045     3.5234    23.3003    23.3906    36.3011    36.2877    24.8333    24.7978    1534.32    148.359    153.546         64 0.0000e+00
      31919   1329.931     54.625     55.000    23.4328    23.5691   5.314725   5.328336     2.4602     2.0992      40.14   28.49934  -90.00022    0.01739    0.00775     3.4808     3.5524    23.4213    23.5576    36.2906    36.2838    24.7899    24.7443    1534.32    151.690    154.820         65 0.0000e+00
      31993   1333.010     53.632     54.000    23.6296    23.7074   5.336111   5.343289     2.4930     2.1092      41.08   28.49934  -90.00022    0.01142    0.00510     3.5330     3.5640    23.6184    23.6961    36.2935    36.2847    24.7341    24.7046    1534.32    153.976    155.332         64 0.0000e+00
      32051   1335.431     52.639     53.000    23.7321    23.7674   5.346733   5.350007     2.4987     2.0993      42.01   28.49934  -90.00022    0.00574   -0.00226     3.5373     3.5382    23.7210    23.7563    36.2912    36.2873    24.7021    24.6887    1534.32    154.167    154.208         56 0.0000e+00
      32107   1337.754     51.646     52.000    23.8108    23.8479   5.354601   5.358019     2.4943     2.1018      42.99   28.49934  -90.00022   -0.00153   -0.00181     3.5230     3.5385    23.7998    23.8370    36.2873    36.2830    24.6758    24.6615    1534.32    153.550    154.225         57 0.0000e+00
      32171   1340.413     50.652     51.000    23.8451    23.9287   5.358366   5.366117     2.5019     2.1340      44.10   28.49934  -90.00022    0.00170    0.00882     3.5341     3.6034    23.8338    23.9179    36.2877    36.2791    24.6660    24.6346    1534.32    154.035    157.059         65 0.0000e+00
      32228   1342.791     49.660     50.000    24.0152    24.2599   5.375102   5.398100     2.5248     2.1535      44.91   28.49934  -90.00022    0.00707    0.01296     3.5692     3.6255    24.0046    24.2492    36.2773    36.2527    24.6073    24.5155    1534.32    155.573    158.040         57 0.0000e+00
      32291   1345.421     48.667     49.000    24.4830    24.6880   5.422478   5.442030     2.5185     2.0953      45.97   28.49934  -90.00022    0.00665   -0.01510     3.5263     3.4733    24.4724    24.6774    36.2563    36.2391    24.4512    24.3762    1534.32    153.723    151.427         61 0.0000e+00
      32345   1347.682     47.673     48.000    24.6732    24.7979   5.442888   5.455789     2.4832     2.0625      46.94   28.49934  -90.00022   -0.01392   -0.02011     3.4446     3.3954    24.6628    24.7875    36.2564    36.2553    24.3936    24.3551    1534.32    150.172    148.032         54 0.0000e+00
      32410   1350.366     46.680     47.000    24.8755    25.0156   5.464484   5.477561     2.4471     2.0401      47.95   28.49935  -90.00022   -0.01312   -0.00863     3.3610     3.3342    24.8653    25.0053    36.2555    36.2405    24.3316    24.2775    1534.32    146.538    145.377         69 0.0000e+00
      32468   1352.777     45.687     46.000    24.9708    25.1146   5.474465   5.488369     2.4312     2.0243      48.87   28.49936  -90.00022   -0.00992   -0.00741     3.3247     3.2959    24.9608    25.1045    36.2520    36.2378    24.2998    24.2451    1534.32    144.959    143.712         50 0.0000e+00
      32524   1355.145     44.694     45.000    25.2036    25.3647   5.497188   5.511981     2.4140     2.0056      49.87   28.49936  -90.00022   -0.00614   -0.00676     3.2728     3.2364    25.1937    25.3549    36.2366    36.2157    24.2168    24.1501    1534.32    142.706    141.128         67 0.0000e+00
      32592   1357.943     43.701     44.000    25.3733    25.3875   5.512992   5.514810     2.3943     1.9922      50.83   28.49936  -90.00022   -0.00765   -0.00684     3.2286     3.2107    25.3636    25.3779    36.2185    36.2204    24.1508    24.1475    1534.32    140.791    140.008         53 0.0000e+00
      32654   1360.552     42.708     43.000    25.6161    25.7491   5.537704   5.550601     2.3826     1.9905      51.88   28.49936  -90.00022   -0.00547   -0.00131     3.1913     3.1869    25.6066    25.7395    36.2079    36.1973    24.0677    24.0183    1534.32    139.176    138.989         44 0.0000e+00
      32647   1360.256     40.722     41.000    25.7187    25.3865   5.534163   5.497083     2.3672     1.9953      53.32   28.33934  -89.49488   -0.00036    0.00632     3.1560     3.2139    25.7096    25.3774    36.0166    36.0032    23.8660    23.9578    1525.70    137.645    140.157         38 0.0000e+00
      32962   1373.376     39.729     40.000    26.5221    26.5713   5.623737   5.628787     2.4181     2.0569      54.78   28.49936  -90.00022    0.00468    0.00995     3.2070     3.2822    26.5130    26.5622    36.1224    36.1249    23.7187    23.7050    1534.32    139.906    143.190         53 0.0000e+00
      35007   1458.590     29.797     30.000    28.3665    28.3627   5.770589   5.768187     3.1117     2.6401      64.12   28.37414  -89.60473    0.00025   -0.00105     4.3694     4.3671    28.3593    28.3555    35.6753    35.7319    22.7609    22.8112    1527.58    190.777    190.670         44 0.0000e+00
      35286   1470.218     28.804     29.000    28.5163    28.5096   5.796106   5.796052     3.1252     2.6537      65.59   28.49938  -90.00022   -0.00142   -0.00275     4.3862     4.3862    28.5094    28.5026    35.8147    35.8210    22.8395    22.8465    1534.32    191.512    191.511         37 0.0000e+00
      35842   1493.359     23.838     24.000    28.6287    28.6104   5.773102   5.774438     3.1259     2.6537      70.52   28.50953  -90.03226   -0.00032   -0.00038     4.3825     4.3822    28.6229    28.6047    35.5792    35.5928    22.6268    22.6422    1534.87    191.392    191.378         32 0.0000e+00
      35940   1497.473     22.845     23.000    28.6899    28.6795   5.778871   5.777370     3.1284     2.6532      71.48   28.49938  -90.00022    0.00029   -0.00036     4.3813     4.3761    28.6844    28.6740    35.5677    35.5651    22.5958    22.5972    1534.32    191.345    191.117         30 0.0000e+00
      37474   1561.387     12.913     13.000    28.2938    28.3080   5.585583   5.585171     3.0744     2.6102      79.92   28.11958  -88.80079    0.00038   -0.00089     4.3160     4.3159    28.2907    28.3048    34.2989    34.2876    21.7013    21.6881    1513.87    188.603    188.603         36 0.0000e+00
      38576   1607.296      9.933     10.000    28.8628    28.9936   5.693268   5.710897     3.1372     2.6610      76.90   28.67169  -90.54425   -0.00061   -0.00046     4.3922     4.3900    28.8604    28.9912    34.9241    34.9780    22.0782    22.0834    1543.59    191.938    191.848         35 0.0000e+00
      40047   1668.603      4.966      5.000    28.6047    28.6849   5.553610   5.574279     3.0901     2.6325      82.74   28.29379  -89.35076   -0.00180    0.00271     4.3352     4.3474    28.6035    28.6837    33.9579    34.0425    21.3744    21.4113    1523.25    189.527    190.056         42 0.0000e+00
      41512   1729.635      3.973      4.000    28.0933    28.1025   5.418740   5.420789     3.0763     2.6183      89.95   28.49949  -90.00026   -0.00009    0.00153     4.3722     4.3871    28.0923    28.1015    33.5026    33.5103    21.2380    21.2408    1534.32    191.201    191.853         61 0.0000e+00
      42053   1752.173      2.980      3.000    27.8088    27.8254   5.349913   5.354189     3.0614     2.6032      84.58   28.49950  -90.00025    0.00002   -0.00009     4.3730     4.3824    27.8081    27.8247    33.2273    33.2467    21.1244    21.1336    1534.32    191.257    191.666         42 0.0000e+00
