Gulf of Mexico/GOMECC-4/1db/urb2103_0901.cnv
* Sea-Bird SBE 9 Data File:
* FileName = C:\Users\scs.user.rb\CTD\GOMECC4\data\rb2103_0901.hex
* Software Version Seasave V 7.26.7.107
* Temperature SN = 4799
* Conductivity SN = 3860
* Number of Bytes Per Scan = 41
* Number of Voltage Words = 4
* Number of Scans Averaged by the Deck Unit = 1
* NMEA Latitude = 22 00.00 N
* NMEA Longitude = 092 55.04 W
* NMEA UTC (Time) = Oct 09 2021  18:18:51
* NMEA baud rate = 4800
# nquan = 28
# nvalues = 547                         
# units = specified
# name 0 = scan: Scan Count
# name 1 = timeS: Time, Elapsed [seconds]
# name 2 = depSM: Depth [salt water, m]
# name 3 = prDM: Pressure, Digiquartz [db]
# name 4 = t090C: Temperature [ITS-90, deg C]
# name 5 = t190C: Temperature, 2 [ITS-90, deg C]
# name 6 = c0S/m: Conductivity [S/m]
# name 7 = c1S/m: Conductivity, 2 [S/m]
# name 8 = sbeox0V: Oxygen raw, SBE 43 [V]
# name 9 = sbeox1V: Oxygen raw, SBE 43, 2 [V]
# name 10 = altM: Altimeter [m]
# name 11 = latitude: Latitude [deg]
# name 12 = longitude: Longitude [deg]
# name 13 = sbox0dV/dT: Oxygen, SBE 43 [dov/dt]
# name 14 = sbox1dV/dT: Oxygen, SBE 43, 2 [dov/dt]
# name 15 = sbeox0ML/L: Oxygen, SBE 43 [ml/l], WS = 5
# name 16 = sbeox1ML/L: Oxygen, SBE 43, 2 [ml/l], WS = 5
# name 17 = potemp090C: Potential Temperature [ITS-90, deg C]
# name 18 = potemp190C: Potential Temperature, 2 [ITS-90, deg C]
# name 19 = sal00: Salinity, Practical [PSU]
# name 20 = sal11: Salinity, Practical, 2 [PSU]
# name 21 = sigma-é00: Density [sigma-theta, kg/m^3]
# name 22 = sigma-é11: Density, 2 [sigma-theta, kg/m^3]
# name 23 = avgsvCM: Average Sound Velocity [Chen-Millero, m/s], minP = 20, minS = 20
# name 24 = sbox0Mm/Kg: Oxygen, SBE 43 [umol/kg], WS = 5
# name 25 = sbox1Mm/Kg: Oxygen, SBE 43, 2 [umol/kg], WS = 5
# name 26 = nbin: number of scans per bin
# name 27 = flag: flag
# span 0 =     102685,     249293       
# span 1 =   4278.514,  10387.184       
# span 2 =      0.994,   3244.223       
# span 3 =      1.000,   3290.000       
# span 4 =     4.2783,    32.6736       
# span 5 =     4.2792,    32.5625       
# span 6 =   3.346164,   6.355095       
# span 7 =   3.346143,   6.369083       
# span 8 =     1.5594,     3.2930       
# span 9 =     1.2621,     2.7786       
# span 10 =      12.63,     102.94      
# span 11 =   21.66222,   22.73281      
# span 12 =  -95.99649,  -91.47596      
# span 13 =   -0.00273,    0.01645      
# span 14 =   -0.00335,    0.01106      
# span 15 =     2.3642,     4.6359      
# span 16 =     2.3727,     4.6378      
# span 17 =     4.0794,    32.5434      
# span 18 =     4.0803,    32.5623      
# span 19 =    34.9177,    37.1400      
# span 20 =    34.9166,    37.2939      
# span 21 =    22.4485,    27.7576      
# span 22 =    22.4490,    27.7567      
# span 23 =    1479.67,    1552.80      
# span 24 =    102.893,    201.448      
# span 25 =    103.263,    201.531      
# span 26 =         30,         80      
# span 27 = 0.0000e+00, 0.0000e+00      
# interval = decibars: 1                
# start_time = Oct 09 2021 18:18:51 [NMEA time, header]
# bad_flag = -9.990e-29
*END*
[from data line 415]
     213698   8904.049    159.935    161.000    17.3744    17.3856   4.684464   4.686107     1.8006     1.4779     100.00   22.00262  -92.91536    0.00020    0.00063     2.4662     2.4796    17.3472    17.3584    36.3034    36.3074    26.4313    26.4316    1502.95    107.304    107.886         77 0.0000e+00
     213772   8907.111    158.941    160.000    17.4326    17.4333   4.690902   4.691368     1.8020     1.4788      74.44   22.00262  -92.91536    0.00056    0.00066     2.4661     2.4795    17.4055    17.4062    36.3073    36.3107    26.4201    26.4226    1502.95    107.303    107.886         68 0.0000e+00
     213830   8909.543    157.949    159.000    17.4867    17.5037   4.697810   4.699816     1.7989     1.4715     100.01   22.00262  -92.91536   -0.00054   -0.00197     2.4553     2.4563    17.4607    17.4767    36.3183    36.3214    26.4151    26.4135    1502.95    106.830    106.873         51 0.0000e+00
     213889   8911.984    156.956    158.000    17.5200    17.5223   4.701715   4.702079     1.7912     1.4639     100.00   22.00262  -92.91536   -0.00261   -0.00335     2.4362     2.4368    17.4931    17.4955    36.3236    36.3247    26.4113    26.4115    1502.95    105.999    106.025         65 0.0000e+00
     213952   8914.612    155.962    157.000    17.5189    17.5209   4.701601   4.701827     1.7856     1.4609     100.00   22.00262  -92.91536   -0.00273   -0.00167     2.4233     2.4291    17.4923    17.4942    36.3240    36.3242    26.4118    26.4114    1502.95    105.437    105.693         52 0.0000e+00
     214006   8916.855    154.969    156.000    17.5315    17.5343   4.702988   4.703304     1.7843     1.4605     100.00   22.00262  -92.91536   -0.00098   -0.00045     2.4194     2.4270    17.5050    17.5078    36.3251    36.3254    26.4095    26.4090    1502.95    105.271    105.603         61 0.0000e+00
     214067   8919.436    153.977    155.000    17.5366    17.5371   4.703771   4.703916     1.7830     1.4602     100.00   22.00262  -92.91536   -0.00059   -0.00011     2.4160     2.4258    17.5102    17.5108    36.3244    36.3258    26.4077    26.4086    1502.95    105.123    105.551         55 0.0000e+00
     214121   8921.652    152.983    154.000    17.5719    17.5695   4.707384   4.707090     1.7837     1.4605      99.89   22.00263  -92.91536   -0.00009    0.00001     2.4154     2.4248    17.5457    17.5433    36.3290    36.3289    26.4025    26.4030    1502.95    105.099    105.506         56 0.0000e+00
     214172   8923.796    151.990    153.000    17.5920    17.5898   4.709865   4.709608     1.7850     1.4622      92.18   22.00264  -92.91536    0.00060    0.00048     2.4170     2.4276    17.5660    17.5638    36.3317    36.3314    26.3996    26.4000    1502.95    105.167    105.629         45 0.0000e+00
     214217   8925.686    150.997    152.000    17.6111    17.6112   4.712062   4.712140     1.7870     1.4633      99.50   22.00264  -92.91536    0.00081    0.00070     2.4201     2.4290    17.5852    17.5853    36.3341    36.3347    26.3967    26.3972    1502.95    105.301    105.690         49 0.0000e+00
     214278   8928.228    150.004    151.000    17.6102    17.6163   4.711972   4.712677     1.7889     1.4660     100.00   22.00264  -92.91536    0.00093    0.00089     2.4242     2.4352    17.5845    17.5906    36.3344    36.3351    26.3972    26.3962    1502.95    105.479    105.961         58 0.0000e+00
     214329   8930.341    149.011    150.000    17.6362    17.6509   4.714987   4.716946     1.7895     1.4671      99.90   22.00264  -92.91536    0.00033    0.00083     2.4240     2.4360    17.6106    17.6253    36.3377    36.3415    26.3933    26.3926    1502.95    105.472    105.993         47 0.0000e+00
     214383   8932.564    148.018    149.000    17.7033    17.7158   4.722782   4.724247     1.7925     1.4690     100.00   22.00264  -92.91536    0.00095    0.00066     2.4269     2.4371    17.6778    17.6903    36.3454    36.3469    26.3827    26.3808    1502.95    105.600    106.043         63 0.0000e+00
     214446   8935.195    147.025    148.000    17.7189    17.7345   4.724594   4.726471     1.7951     1.4725      85.05   22.00264  -92.91536    0.00111    0.00131     2.4316     2.4445    17.6936    17.7092    36.3476    36.3498    26.3805    26.3784    1502.95    105.805    106.366         57 0.0000e+00
     214499   8937.404    146.032    147.000    17.8127    17.8155   4.735571   4.736071     1.7976     1.4743      99.66   22.00264  -92.91536    0.00097    0.00099     2.4325     2.4446    17.7889    17.7903    36.3568    36.3608    26.3640    26.3668    1502.95    105.846    106.373         55 0.0000e+00
     214559   8939.917    145.039    146.000    17.8433    17.8423   4.738925   4.738983     1.7999     1.4757      75.13   22.00264  -92.91536    0.00119    0.00064     2.4355     2.4465    17.8182    17.8172    36.3621    36.3622    26.3609    26.3612    1502.95    105.975    106.455         61 0.0000e+00
     214615   8942.266    144.046    145.000    17.8559    17.8525   4.740380   4.740070     1.8002     1.4764      99.95   22.00264  -92.91536    0.00025    0.00044     2.4353     2.4475    17.8310    17.8275    36.3630    36.3630    26.3584    26.3592    1502.95    105.968    106.500         54 0.0000e+00
     214672   8944.620    143.053    144.000    17.8647    17.8618   4.741442   4.741121     1.7999     1.4763      98.65   22.00264  -92.91536   -0.00001    0.00005     2.4339     2.4466    17.8399    17.8371    36.3642    36.3640    26.3572    26.3577    1502.95    105.904    106.458         59 0.0000e+00
     214731   8947.099    142.060    143.000    17.8714    17.8764   4.742219   4.742613     1.7999     1.4755      71.36   22.00264  -92.91536   -0.00004   -0.00019     2.4332     2.4436    17.8468    17.8518    36.3653    36.3642    26.3563    26.3542    1502.95    105.876    106.330         58 0.0000e+00
     214787   8949.405    141.067    142.000    17.9348    17.9265   4.749071   4.748183     1.7987     1.4737      99.61   22.00264  -92.91536   -0.00025   -0.00060     2.4270     2.4364    17.9103    17.9020    36.3681    36.3679    26.3427    26.3446    1502.95    105.606    106.016         54 0.0000e+00
     214847   8951.928    140.074    141.000    17.9651    17.9585   4.752852   4.752054     1.7963     1.4716     100.00   22.00264  -92.91536   -0.00084   -0.00092     2.4196     2.4294    17.9408    17.9341    36.3740    36.3731    26.3396    26.3406    1502.95    105.288    105.711         64 0.0000e+00
     214902   8954.223    139.081    140.000    17.9828    17.9815   4.755045   4.754422     1.7950     1.4702     100.00   22.00264  -92.91536   -0.00087   -0.00052     2.4155     2.4249    17.9586    17.9573    36.3761    36.3729    26.3368    26.3347    1502.95    105.106    105.516         48 0.0000e+00
     214960   8956.632    138.087    139.000    18.0101    18.0067   4.758026   4.757497     1.7939     1.4702     100.00   22.00264  -92.91536   -0.00044   -0.00033     2.4113     2.4229    17.9861    17.9827    36.3791    36.3776    26.3323    26.3320    1502.95    104.924    105.429         69 0.0000e+00
     215021   8959.161    137.094    138.000    18.0242    18.0099   4.759249   4.757938     1.7930     1.4703     100.00   22.00264  -92.91536   -0.00046    0.00012     2.4084     2.4228    18.0003    17.9860    36.3775    36.3789    26.3275    26.3322    1502.95    104.799    105.425         49 0.0000e+00
     215073   8961.342    136.101    137.000    18.1050    18.0994   4.768688   4.768050     1.7954     1.4704     100.00   22.00264  -92.91536    0.00054    0.00002     2.4094     2.4185    18.0812    18.0756    36.3869    36.3864    26.3145    26.3156    1502.95    104.844    105.240         61 0.0000e+00
     215134   8963.888    135.108    136.000    18.1272    18.1230   4.771180   4.771237     1.7941     1.4701     100.00   22.00264  -92.91536    0.00009   -0.00006     2.4049     2.4161    18.1035    18.0993    36.3889    36.3931    26.3105    26.3148    1502.95    104.649    105.138         59 0.0000e+00
     215218   8967.380    134.115    135.000    18.1354    18.1080   4.772370   4.769211     1.7925     1.4684     100.00   22.00264  -92.91536   -0.00050   -0.00050     2.4007     2.4124    18.1119    18.0846    36.3887    36.3878    26.3083    26.3144    1502.95    104.467    104.974         54 0.0000e+00
     215684   8986.810    131.136    132.000    18.3596    18.3194   4.798839   4.792618     1.7882     1.4656      75.95   22.01631  -92.97311   -0.00164   -0.00068     2.3785     2.3939    18.3365    18.2963    36.4276    36.4029    26.2836    26.2730    1503.88    103.505    104.173         46 0.0000e+00
     216910   9037.877    129.150    130.000    18.5512    18.5490   4.820313   4.820128     1.7908     1.4661     100.03   22.01029  -92.94758    0.00007    0.00018     2.3745     2.3842    18.5283    18.5260    36.4381    36.4373    26.2424    26.2423    1503.47    103.333    103.758         57 0.0000e+00
     217219   9050.745    127.163    128.000    18.5878    18.5906   4.823390   4.823619     1.7928     1.4678      99.79   22.00329  -92.91800    0.00005    0.00011     2.3766     2.3861    18.5651    18.5680    36.4286    36.4287    26.2249    26.2242    1502.99    103.428    103.840         74 0.0000e+00
     217301   9054.160    126.170    127.000    18.6481    18.6487   4.829784   4.829956     1.7938     1.4683      99.98   22.00266  -92.91532    0.00014   -0.00007     2.3757     2.3842    18.6256    18.6262    36.4297    36.4307    26.2102    26.2108    1502.95    103.390    103.760         38 0.0000e+00
     217385   9057.651    125.177    126.000    18.6842    18.6803   4.833824   4.833785     1.7957     1.4709     100.00   22.00266  -92.91532    0.00057    0.00096     2.3779     2.3887    18.6619    18.6579    36.4324    36.4344    26.2030    26.2056    1502.95    103.484    103.956         78 0.0000e+00
     217462   9060.869    124.184    125.000    18.7150    18.7214   4.837483   4.838479     1.7963     1.4715     100.00   22.00266  -92.91532    0.00028    0.00031     2.3773     2.3881    18.6928    18.6992    36.4373    36.4370    26.1989    26.1971    1502.95    103.460    103.931         71 0.0000e+00
     217529   9063.654    123.190    124.000    18.7571    18.7695   4.841948   4.843415     1.7959     1.4705     100.00   22.00266  -92.91531   -0.00011   -0.00031     2.3741     2.3831    18.7351    18.7474    36.4402    36.4391    26.1903    26.1864    1502.95    103.319    103.711         50 0.0000e+00
     217581   9065.816    122.197    123.000    18.8036    18.8357   4.847622   4.851130     1.7955     1.4693     100.00   22.00266  -92.91530   -0.00014   -0.00048     2.3706     2.3769    18.7817    18.8137    36.4448    36.4462    26.1819    26.1748    1502.95    103.172    103.444         49 0.0000e+00
     217652   9068.798    121.204    122.000    18.8467    18.8409   4.852550   4.851956     1.7940     1.4679     100.00   22.00266  -92.91530   -0.00064   -0.00064     2.3649     2.3727    18.8250    18.8191    36.4488    36.4489    26.1740    26.1756    1502.95    102.923    103.263         53 0.0000e+00
     217701   9070.830    120.211    121.000    18.9216    18.9453   4.860924   4.863602     1.7954     1.4712     100.00   22.00266  -92.91530    0.00017    0.00053     2.3642     2.3766    18.9007    18.9236    36.4532    36.4563    26.1579    26.1544    1502.95    102.893    103.432         56 0.0000e+00
     217764   9073.467    119.218    120.000    18.9612    18.9590   4.865971   4.865243     1.8027     1.4785     100.00   22.00266  -92.91530    0.00210    0.00289     2.3769     2.3924    18.9396    18.9375    36.4601    36.4576    26.1532    26.1519    1502.95    103.448    104.122         60 0.0000e+00
     217816   9075.628    118.225    119.000    19.0120    19.0294   4.871703   4.873517     1.8122     1.4867     100.00   22.00266  -92.91530    0.00374    0.00280     2.3970     2.4101    18.9911    19.0080    36.4659    36.4673    26.1444    26.1411    1502.95    104.324    104.893         52 0.0000e+00
     217876   9078.125    117.231    118.000    19.0520    19.0541   4.876237   4.876502     1.8245     1.5000     100.00   22.00266  -92.91530    0.00504    0.00530     2.4206     2.4389    19.0308    19.0329    36.4690    36.4694    26.1366    26.1363    1502.95    105.349    106.146         63 0.0000e+00
     217952   9081.288    116.238    117.000    19.0626    19.0689   4.877313   4.878654     1.8343     1.5050     100.00   22.00266  -92.91530    0.00337    0.00218     2.4416     2.4501    19.0416    19.0478    36.4690    36.4718    26.1337    26.1343    1502.95    106.266    106.634         53 0.0000e+00
     218398   9099.892    114.252    115.000    19.1488    19.1726   4.890402   4.892158     1.8385     1.5130      99.24   22.02700  -93.01802   -0.00024    0.00046     2.4447     2.4636    19.1280    19.1518    36.5177    36.5115    26.1522    26.1413    1504.61    106.400    107.222         52 0.0000e+00
     218244   9093.473    113.259    114.000    19.1975    19.2122   4.892395   4.894063     1.8420     1.5132      99.89   22.00268  -92.91530    0.00110    0.00068     2.4503     2.4621    19.1769    19.1920    36.4783    36.4775    26.1059    26.1009    1502.95    106.647    107.161         37 0.0000e+00
     218345   9097.661    112.265    113.000    19.2501    19.2524   4.897731   4.898033     1.8469     1.5173      81.97   22.00268  -92.91530    0.00123    0.00108     2.4581     2.4696    19.2296    19.2320    36.4772    36.4775    26.0914    26.0910    1502.95    106.989    107.489         31 0.0000e+00
     218438   9101.538    111.272    112.000    19.2817    19.2712   4.901401   4.900721     1.8507     1.5198     101.89   22.00268  -92.91530    0.00154    0.00122     2.4645     2.4744    19.2614    19.2509    36.4805    36.4841    26.0857    26.0912    1502.95    107.268    107.695         33 0.0000e+00
     218542   9105.856    110.279    111.000    19.3337    19.3585   4.906607   4.908826     1.8533     1.5204     100.00   22.00267  -92.91530    0.00055    0.00009     2.4675     2.4715    19.3135    19.3383    36.4789    36.4757    26.0709    26.0620    1502.95    107.397    107.574         50 0.0000e+00
     218647   9110.267    109.286    110.000    19.3812    19.3808   4.911634   4.911619     1.8510     1.5200     100.00   22.00266  -92.91530   -0.00067   -0.00033     2.4598     2.4692    19.3612    19.3608    36.4789    36.4798    26.0585    26.0593    1502.95    107.064    107.473         49 0.0000e+00
     220161   9173.339    108.292    109.000    19.4788    19.4644   4.921712   4.920303     1.8586     1.5268     100.00   22.00269  -92.91528    0.00008   -0.00017     2.4711     2.4812    19.4588    19.4445    36.4786    36.4795    26.0328    26.0372    1502.95    107.560    108.001         31 0.0000e+00
     220740   9197.473    105.312    106.000    19.5372    19.5381   4.928514   4.928543     1.8644     1.5313     100.03   22.00957  -92.94428    0.00044    0.00013     2.4797     2.4876    19.5172    19.5187    36.4898    36.4887    26.0271    26.0259    1503.42    107.934    108.281         42 0.0000e+00
     221357   9223.175     97.366     98.000    19.8286    19.8075   4.951193   4.950241     1.9029     1.5666      99.84   21.96703  -92.76444    0.00096    0.00076     2.5494     2.5567    19.8104    19.7894    36.4368    36.4123    25.9052    25.8899    1500.51    110.980    111.296         32 0.0000e+00
     222158   9256.532     91.406     92.000    20.1267    20.1074   4.980433   4.979079     1.9876     1.6420      99.83   21.96524  -92.75683    0.00580    0.00477     2.7118     2.7179    20.1095    20.0902    36.3854    36.3910    25.7841    25.7935    1500.39    118.061    118.325         45 0.0000e+00
