Gulf of Mexico/GOMECC-4/1db/urb2103_0761.cnv
* Sea-Bird SBE 9 Data File:
* FileName = C:\Users\scs.user.rb\CTD\GOMECC4\data\rb2103_0761.hex
* Software Version Seasave V 7.26.7.107
* Temperature SN = 4799
* Conductivity SN = 3860
* Number of Bytes Per Scan = 41
* Number of Voltage Words = 4
* Number of Scans Averaged by the Deck Unit = 1
* NMEA Latitude = 22 16.44 N
* NMEA Longitude = 097 38.35 W
* NMEA UTC (Time) = Oct 05 2021  23:34:35
* NMEA baud rate = 4800
# nquan = 28
# nvalues = 17                          
# units = specified
# name 0 = scan: Scan Count
# name 1 = timeS: Time, Elapsed [seconds]
# name 2 = depSM: Depth [salt water, m]
# name 3 = prDM: Pressure, Digiquartz [db]
# name 4 = t090C: Temperature [ITS-90, deg C]
# name 5 = t190C: Temperature, 2 [ITS-90, deg C]
# name 6 = c0S/m: Conductivity [S/m]
# name 7 = c1S/m: Conductivity, 2 [S/m]
# name 8 = sbeox0V: Oxygen raw, SBE 43 [V]
# name 9 = sbeox1V: Oxygen raw, SBE 43, 2 [V]
# name 10 = altM: Altimeter [m]
# name 11 = latitude: Latitude [deg]
# name 12 = longitude: Longitude [deg]
# name 13 = sbox0dV/dT: Oxygen, SBE 43 [dov/dt]
# name 14 = sbox1dV/dT: Oxygen, SBE 43, 2 [dov/dt]
# name 15 = sbeox0ML/L: Oxygen, SBE 43 [ml/l], WS = 5
# name 16 = sbeox1ML/L: Oxygen, SBE 43, 2 [ml/l], WS = 5
# name 17 = potemp090C: Potential Temperature [ITS-90, deg C]
# name 18 = potemp190C: Potential Temperature, 2 [ITS-90, deg C]
# name 19 = sal00: Salinity, Practical [PSU]
# name 20 = sal11: Salinity, Practical, 2 [PSU]
# name 21 = sigma-é00: Density [sigma-theta, kg/m^3]
# name 22 = sigma-é11: Density, 2 [sigma-theta, kg/m^3]
# name 23 = avgsvCM: Average Sound Velocity [Chen-Millero, m/s], minP = 20, minS = 20
# name 24 = sbox0Mm/Kg: Oxygen, SBE 43 [umol/kg], WS = 5
# name 25 = sbox1Mm/Kg: Oxygen, SBE 43, 2 [umol/kg], WS = 5
# name 26 = nbin: number of scans per bin
# name 27 = flag: flag
# span 0 =      21578,      33297       
# span 1 =    899.039,   1387.335       
# span 2 =      1.987,     29.810       
# span 3 =      2.000,     30.000       
# span 4 =    28.8901,    29.9068       
# span 5 =    28.9267,    29.9075       
# span 6 =   5.786583,   5.969363       
# span 7 =   5.787338,   5.969165       
# span 8 =     3.0967,     3.1895       
# span 9 =     2.6179,     2.6978       
# span 10 =      11.26,      38.15      
# span 11 =   21.93579,   22.62322      
# span 12 =  -99.16960,  -96.15628      
# span 13 =   -0.00093,    0.00425      
# span 14 =   -0.00287,    0.00495      
# span 15 =     4.2751,     4.4041      
# span 16 =     4.2541,     4.3860      
# span 17 =    28.8681,    29.9039      
# span 18 =    28.9195,    29.9045      
# span 19 =    35.1387,    36.3904      
# span 20 =    35.1404,    36.3297      
# span 21 =    22.0863,    23.1779      
# span 22 =    22.0861,    23.1157      
# span 23 =    1521.95,    1569.64      
# span 24 =    186.740,    192.373      
# span 25 =    185.822,    191.584      
# span 26 =         31,         55      
# span 27 = 0.0000e+00, 0.0000e+00      
# interval = decibars: 1                
# start_time = Oct 05 2021 23:34:35 [NMEA time, header]
# bad_flag = -9.990e-29
*END*
      21578    899.039     29.810     30.000    28.8901    28.9267   5.906323   5.905529     3.1151     2.6631      11.26   22.38873  -98.14173    0.00425    0.00495     4.3320     4.3702    28.8681    28.9195    36.3904    36.3297    23.1779    23.1157    1553.38    189.103    190.773         37 0.0000e+00
      23974    998.868     24.842     25.000    29.3019    29.3091   5.894652   5.894571     3.1398     2.6580      16.04   22.27420  -97.63971   -0.00006    0.00083     4.3477     4.3334    29.2958    29.3030    35.9094    35.9028    22.6476    22.6402    1545.43    189.871    189.244         36 0.0000e+00
      24629   1026.172     22.855     23.000    29.3750    29.3821   5.904138   5.903477     3.1439     2.6615      17.98   22.32065  -97.84332    0.00025    0.00075     4.3503     4.3369    29.3694    29.3764    35.9579    35.9363    22.6708    22.6512    1548.65    189.985    189.403         34 0.0000e+00
      24682   1028.375     21.861     22.000    29.3421    29.3524   5.889687   5.889348     3.1366     2.6546      18.93   22.27420  -97.63974    0.00009   -0.00020     4.3388     4.3235    29.3367    29.3470    35.8456    35.8354    22.5859    22.5747    1545.43    189.490    188.824         36 0.0000e+00
      24762   1031.699     20.868     21.000    29.4069    29.4084   5.884488   5.884466     3.1389     2.6482      19.81   22.27420  -97.63974    0.00065   -0.00287     4.3396     4.3081    29.4018    29.4032    35.7617    35.7604    22.5009    22.4994    1545.43    189.541    188.167         42 0.0000e+00
      25072   1044.636     18.881     19.000    29.3654    29.3787   5.868589   5.867476     3.1277     2.6473      21.65   22.22397  -97.41952   -0.00045   -0.00072     4.3205     4.3058    29.3608    29.3741    35.6428    35.6271    22.4129    22.3966    1541.94    188.713    188.078         32 0.0000e+00
      25267   1052.738     17.887     18.000    29.4220    29.4344   5.881775   5.880890     3.1372     2.6478      22.74   22.27420  -97.63977    0.00093   -0.00072     4.3345     4.3052    29.4176    29.4300    35.7335    35.7174    22.4744    22.4581    1545.43    189.323    188.048         34 0.0000e+00
      25404   1058.444     16.893     17.000    29.4332    29.4427   5.880803   5.880252     3.1382     2.6522      23.74   22.27420  -97.63976    0.00012   -0.00087     4.3351     4.3128    29.4290    29.4385    35.7184    35.7071    22.4592    22.4475    1545.43    189.351    188.382         44 0.0000e+00
      25544   1064.300     15.899     16.000    29.4363    29.4419   5.880353   5.880015     3.1380     2.6575      24.64   22.27420  -97.63976    0.00030    0.00074     4.3343     4.3229    29.4324    29.4380    35.7130    35.7062    22.4540    22.4470    1545.43    189.319    188.824         51 0.0000e+00
      27010   1125.366     14.906     15.000    29.4470    29.4495   5.878404   5.878530     3.1404     2.6575      25.58   22.27422  -97.63981    0.00099    0.00042     4.3378     4.3223    29.4433    29.4458    35.6919    35.6909    22.4344    22.4328    1545.43    189.475    188.797         47 0.0000e+00
      28287   1178.583     11.924     12.000    29.9068    29.9075   5.969363   5.969165     3.1895     2.6978      29.15   22.62322  -99.16960    0.00014   -0.00042     4.4041     4.3860    29.9039    29.9045    36.2453    36.2435    22.7818    22.7803    1569.64    192.373    191.584         31 0.0000e+00
      27980   1165.812     10.890     11.000    29.4447    29.4446   5.877005   5.876755     3.1400     2.6565      29.58   22.27424  -97.63984   -0.00062   -0.00061     4.3354     4.3188    29.4420    29.4419    35.6852    35.6836    22.4298    22.4287    1545.43    189.372    188.647         41 0.0000e+00
      28380   1182.441      5.962      6.000    28.9946    28.9992   5.786583   5.787338     3.0967     2.6179      33.74   21.93579  -96.15628    0.00054    0.00068     4.2751     4.2541    28.9931    28.9978    35.1387    35.1404    22.0863    22.0861    1521.95    186.740    185.822         46 0.0000e+00
      28988   1207.796      4.969      5.000    29.4425    29.4444   5.875912   5.876276     3.1423     2.6592      35.48   22.27424  -97.63988   -0.00093   -0.00049     4.3367     4.3212    29.4413    29.4431    35.6811    35.6822    22.4270    22.4272    1545.43    189.430    188.751         45 0.0000e+00
      31186   1299.373      3.975      4.000    29.4395    29.4399   5.875650   5.875851     3.1434     2.6577      36.34   22.27426  -97.63995    0.00010   -0.00142     4.3384     4.3179    29.4385    29.4389    35.6818    35.6829    22.4285    22.4292    1545.43    189.502    188.605         55 0.0000e+00
      33167   1381.935      2.981      3.000    29.4402    29.4414   5.875754   5.876042     3.1419     2.6589      37.34   22.27428  -97.64000   -0.00054    0.00032     4.3351     4.3197    29.4394    29.4407    35.6823    35.6833    22.4286    22.4289    1545.43    189.357    188.686         34 0.0000e+00
      33297   1387.335      1.987      2.000    29.4396    29.4405   5.875620   5.875870     3.1432     2.6579      38.15   22.27428  -97.64001   -0.00029   -0.00039     4.3369     4.3172    29.4391    29.4400    35.6821    35.6832    22.4285    22.4290    1545.43    189.437    188.575         35 0.0000e+00
