Gulf of Mexico/GOMECC-4/1db/urb2103_0101.cnv
* Sea-Bird SBE 9 Data File:
* FileName = C:\Users\scs.user.rb\CTD\GOMECC4\data\rb2103_0101.hex
* Software Version Seasave V 7.26.7.107
* Temperature SN = 4799
* Conductivity SN = 3860
* Number of Bytes Per Scan = 41
* Number of Voltage Words = 4
* Number of Scans Averaged by the Deck Unit = 1
* NMEA Latitude = 26 13.28 N
* NMEA Longitude = 085 39.93 W
* NMEA UTC (Time) = Sep 17 2021  22:10:49
* NMEA baud rate = 4800
# nquan = 28
# nvalues = 909                         
# units = specified
# name 0 = scan: Scan Count
# name 1 = timeS: Time, Elapsed [seconds]
# name 2 = depSM: Depth [salt water, m]
# name 3 = prDM: Pressure, Digiquartz [db]
# name 4 = t090C: Temperature [ITS-90, deg C]
# name 5 = t190C: Temperature, 2 [ITS-90, deg C]
# name 6 = c0S/m: Conductivity [S/m]
# name 7 = c1S/m: Conductivity, 2 [S/m]
# name 8 = sbeox0V: Oxygen raw, SBE 43 [V]
# name 9 = sbeox1V: Oxygen raw, SBE 43, 2 [V]
# name 10 = altM: Altimeter [m]
# name 11 = latitude: Latitude [deg]
# name 12 = longitude: Longitude [deg]
# name 13 = sbox0dV/dT: Oxygen, SBE 43 [dov/dt]
# name 14 = sbox1dV/dT: Oxygen, SBE 43, 2 [dov/dt]
# name 15 = sbeox0ML/L: Oxygen, SBE 43 [ml/l], WS = 5
# name 16 = sbeox1ML/L: Oxygen, SBE 43, 2 [ml/l], WS = 5
# name 17 = potemp090C: Potential Temperature [ITS-90, deg C]
# name 18 = potemp190C: Potential Temperature, 2 [ITS-90, deg C]
# name 19 = sal00: Salinity, Practical [PSU]
# name 20 = sal11: Salinity, Practical, 2 [PSU]
# name 21 = sigma-é00: Density [sigma-theta, kg/m^3]
# name 22 = sigma-é11: Density, 2 [sigma-theta, kg/m^3]
# name 23 = avgsvCM: Average Sound Velocity [Chen-Millero, m/s], minP = 20, minS = 20
# name 24 = sbox0Mm/Kg: Oxygen, SBE 43 [umol/kg], WS = 5
# name 25 = sbox1Mm/Kg: Oxygen, SBE 43, 2 [umol/kg], WS = 5
# name 26 = nbin: number of scans per bin
# name 27 = flag: flag
# span 0 =     103324,     242700       
# span 1 =   4305.116,  10112.474       
# span 2 =      1.987,   3241.326       
# span 3 =      2.000,   3288.000       
# span 4 =     4.2848,    30.4602       
# span 5 =     4.2857,    30.4777       
# span 6 =   3.344966,   6.038300       
# span 7 =   3.344879,   6.043242       
# span 8 =     1.6181,     3.2118       
# span 9 =     1.3226,     2.7286       
# span 10 =      10.04,     107.37      
# span 11 =   25.97034,   26.58528      
# span 12 =  -86.85843,  -84.84919      
# span 13 =   -0.03567,    0.04930      
# span 14 =   -0.02976,    0.04320      
# span 15 =     2.5869,     4.6718      
# span 16 =     2.6212,     4.7092      
# span 17 =     4.0800,    30.4585      
# span 18 =     4.0813,    30.4760      
# span 19 =    34.9006,    36.8108      
# span 20 =    34.8985,    36.8120      
# span 21 =    22.2233,    27.7597      
# span 22 =    22.2240,    27.7579      
# span 23 =    1488.25,    1523.50      
# span 24 =    112.484,    203.493      
# span 25 =    113.969,    204.632      
# span 26 =         30,         73      
# span 27 = 0.0000e+00, 0.0000e+00      
# interval = decibars: 1                
# start_time = Sep 17 2021 22:10:49 [NMEA time, header]
# bad_flag = -9.990e-29
*END*
[from data line 881]
     232853   9702.183     36.755     37.000    27.7927    27.5109   5.792357   5.764047     3.1540     2.6804     100.00   26.21836  -85.65938    0.00613    0.00206     4.4868     4.5051    27.7840    27.5023    36.3414    36.3589    23.4745    23.5795    1502.46    195.787    196.565         66 0.0000e+00
     233313   9721.332     34.769     35.000    28.2972    28.1895   5.844064   5.828266     3.1635     2.6956      93.52   26.24998  -85.76269    0.00182    0.00212     4.4680     4.4864    28.2889    28.1812    36.3376    36.3387    23.3121    23.3483    1504.27    195.002    195.799         61 0.0000e+00
     233134   9713.860     33.776     34.000    28.3871    28.2546   5.848149   5.836257     3.1672     2.6967      92.54   26.21836  -85.65936    0.00137    0.00082     4.4642     4.4829    28.3790    28.2465    36.2769    36.2984    23.2303    23.2902    1502.46    194.846    195.650         35 0.0000e+00
     233354   9723.053     31.789     32.000    28.5804    28.5800   5.866375   5.866739     3.1689     2.6968     100.01   26.22268  -85.67346   -0.00112   -0.00006     4.4516     4.4593    28.5727    28.5723    36.2598    36.2622    23.1540    23.1559    1502.71    194.311    194.646         40 0.0000e+00
     233384   9724.310     30.796     31.000    28.5975    28.6343   5.867482   5.871181     3.1692     2.7003     100.00   26.21836  -85.65936   -0.00086   -0.00081     4.4501     4.4618    28.5900    28.6268    36.2519    36.2496    23.1414    23.1274    1502.46    194.246    194.759         44 0.0000e+00
     234825   9784.346     29.802     30.000    28.8429    28.8571   5.892592   5.893989     3.1688     2.6990      99.75   26.21831  -85.65927    0.00094    0.00089     4.4300     4.4430    28.8356    28.8498    36.2398    36.2387    23.0504    23.0448    1502.46    193.386    193.956         39 0.0000e+00
     235115   9796.433     28.809     29.000    28.8828    28.8813   5.896133   5.896852     3.1684     2.6966      82.65   26.21828  -85.65926    0.00004   -0.00075     4.4258     4.4358    28.8742    28.8743    36.2355    36.2398    23.0342    23.0375    1502.46    193.207    193.641         54 0.0000e+00
     235242   9801.716     27.816     28.000    28.9903    28.9866   5.905583   5.904877     3.1691     2.6927     107.37   26.21828  -85.65926    0.00218   -0.00153     4.4183     4.4192    28.9842    28.9798    36.2179    36.2165    22.9842    22.9846    1502.46    192.890    192.929         32 0.0000e+00
     235345   9806.010     26.822     27.000    29.1647    29.1270   5.922109   5.918877     3.1680     2.6996      90.92   26.21828  -85.65924   -0.00019    0.00070     4.4025     4.4232    29.1581    29.1205    36.2007    36.2069    22.9128    22.9301    1502.46    192.211    193.113         51 0.0000e+00
     235435   9809.767     25.829     26.000    29.2786    29.2760   5.930211   5.929037     3.1596     2.6892      99.81   26.21828  -85.65923   -0.00236   -0.00202     4.3793     4.3922    29.2723    29.2697    36.1707    36.1648    22.8518    22.8483    1502.46    191.209    191.775         41 0.0000e+00
     235511   9812.936     24.836     25.000    29.2728    29.2802   5.905702   5.914758     3.1460     2.6805     100.00   26.21828  -85.65924   -0.00283   -0.00157     4.3567     4.3769    29.2643    29.2742    36.0085    36.0644    22.7326    22.7717    1502.46    190.247    191.121         32 0.0000e+00
     237628   9901.136     21.855     22.000    29.4353    29.5196   5.917781   5.937635     3.1245     2.6615     100.73   26.40863  -86.28111   -0.00198   -0.00188     4.2918     4.3314    29.4300    29.5143    36.0317    36.1708    22.7143    22.8108    1513.37    187.428    189.157         34 0.0000e+00
     236014   9833.862     20.862     21.000    29.2977    29.2934   5.885881   5.885390     3.1032     2.6387     100.00   26.21828  -85.65922   -0.00045   -0.00040     4.2819     4.2952    29.2912    29.2883    35.8538    35.8520    22.6074    22.6070    1502.46    187.000    187.582         38 0.0000e+00
     236130   9838.699     19.869     20.000    29.3236    29.3096   5.883339   5.882136     3.1139     2.6454     100.00   26.21826  -85.65921    0.00237    0.00230     4.2994     4.3075    29.3184    29.3047    35.8159    35.8177    22.5698    22.5757    1502.46    187.773    188.128         44 0.0000e+00
     234095   9753.927     17.882     18.000    29.1230    29.0933   5.832017   5.830676     3.0984     2.6242      98.98   25.97034  -84.84919    0.00124   -0.00172     4.2757     4.2696    29.1185    29.0889    35.4526    35.4634    22.3117    22.3298    1488.25    186.745    186.475         37 0.0000e+00
     236475   9853.077     16.889     17.000    29.5211    29.4339   5.902179   5.891316     3.1275     2.6569      86.90   26.21826  -85.65918    0.00068   -0.00010     4.3087     4.3200    29.5125    29.4297    35.8022    35.7900    22.4938    22.5129    1502.46    188.193    188.682         51 0.0000e+00
     236595   9858.092     15.895     16.000    29.8724    29.8021   5.953595   5.944868     3.1410     2.6673      98.84   26.21824  -85.65918    0.00077   -0.00036     4.3030     4.3126    29.8681    29.7982    35.8904    35.8755    22.4390    22.4517    1502.46    187.955    188.373         43 0.0000e+00
     236694   9862.218     14.902     15.000    29.9215    29.8793   5.962918   5.957126     3.1435     2.6695     100.00   26.21824  -85.65918   -0.00044    0.00162     4.3020     4.3105    29.9178    29.8756    35.9156    35.9100    22.4409    22.4512    1502.46    187.911    188.278         36 0.0000e+00
     236532   9855.444     12.915     13.000    29.8544    29.6846   5.934544   5.916608     3.1268     2.6520      57.75   26.02351  -85.02296    0.00032    0.00093     4.2883     4.2800    29.8512    29.6814    35.7693    35.6470    22.3284    22.2777    1491.30    187.313    186.949         39 0.0000e+00
     239451   9977.066     10.928     11.000    30.1876    30.1832   5.999932   5.996482     3.1724     2.6938     100.35   26.30975  -85.95816    0.00011    0.00069     4.3341     4.3377    30.1848    30.1805    36.0251    35.9964    22.4510    22.4285    1507.71    189.327    189.484         49 0.0000e+00
     238782   9949.206      9.935     10.000    30.1035    30.0828   5.974572   5.976520     3.1688     2.6856      97.38   26.21821  -85.65909   -0.00098   -0.00142     4.3318     4.3256    30.1010    30.0803    35.8618    35.8905    22.3378    22.3664    1502.46    189.232    188.955         34 0.0000e+00
     238959   9956.566      8.941      9.000    30.0757    30.0880   5.972190   5.972302     3.1658     2.6876      55.85   26.21820  -85.65906   -0.00244   -0.00120     4.3281     4.3294    30.0735    30.0858    35.8664    35.8580    22.3507    22.3402    1502.46    189.067    189.128         45 0.0000e+00
     242700  10112.474      6.954      7.000    30.4602    30.4777   6.038300   6.043242     3.2118     2.7286     100.97   26.58528  -86.85843    0.00047    0.00087     4.3956     4.3995    30.4585    30.4760    36.2767    36.2980    22.6071    22.6171    1523.50    192.025    192.196         32 0.0000e+00
     239503   9979.256      5.961      6.000    29.9794    29.9920   5.936976   5.941119     3.1680     2.6897     100.06   26.21817  -85.65903    0.00050   -0.00092     4.3417     4.3421    29.9779    29.9905    35.6997    35.7184    22.2584    22.2681    1502.46    189.680    189.692         37 0.0000e+00
     241259  10052.433      4.968      5.000    29.9332    29.9310   5.924677   5.924272     3.1673     2.6902      93.37   26.21815  -85.65897    0.00016    0.00034     4.3448     4.3484    29.9320    29.9298    35.6504    35.6493    22.2372    22.2371    1502.46    189.817    189.977         43 0.0000e+00
     241577  10065.648      3.974      4.000    29.9161    29.9168   5.919887   5.920205     3.1666     2.6894      98.57   26.21814  -85.65895    0.00016   -0.00061     4.3448     4.3477    29.9152    29.9158    35.6309    35.6325    22.2282    22.2293    1502.46    189.820    189.947         59 0.0000e+00
     241660  10069.140      2.980      3.000    29.9189    29.9194   5.919722   5.919861     3.1671     2.6857      98.93   26.21814  -85.65894   -0.00010   -0.00039     4.3449     4.3401    29.9182    29.9187    35.6279    35.6285    22.2250    22.2252    1502.46    189.824    189.616         39 0.0000e+00
     241732  10072.110      1.987      2.000    29.9218    29.9219   5.919871   5.920044     3.1685     2.6914      89.44   26.21814  -85.65894    0.00098    0.00263     4.3468     4.3506    29.9213    29.9214    35.6271    35.6281    22.2233    22.2240    1502.46    189.907    190.072         47 0.0000e+00
