Gulf of Mexico/GOMECC-4/1db/urb2103_1061.cnv
* Sea-Bird SBE 9 Data File:
* FileName = C:\Users\scs.user.rb\CTD\GOMECC4\data\rb2103_1061.hex
* Software Version Seasave V 7.26.7.107
* Temperature SN = 4799
* Conductivity SN = 3860
* Number of Bytes Per Scan = 41
* Number of Voltage Words = 4
* Number of Scans Averaged by the Deck Unit = 1
* NMEA Latitude = 26 00.02 N
* NMEA Longitude = 088 00.00 W
* NMEA UTC (Time) = Oct 13 2021  21:11:53
* NMEA baud rate = 4800
# nquan = 28
# nvalues = 795                         
# units = specified
# name 0 = scan: Scan Count
# name 1 = timeS: Time, Elapsed [seconds]
# name 2 = depSM: Depth [salt water, m]
# name 3 = prDM: Pressure, Digiquartz [db]
# name 4 = t090C: Temperature [ITS-90, deg C]
# name 5 = t190C: Temperature, 2 [ITS-90, deg C]
# name 6 = c0S/m: Conductivity [S/m]
# name 7 = c1S/m: Conductivity, 2 [S/m]
# name 8 = sbeox0V: Oxygen raw, SBE 43 [V]
# name 9 = sbeox1V: Oxygen raw, SBE 43, 2 [V]
# name 10 = altM: Altimeter [m]
# name 11 = latitude: Latitude [deg]
# name 12 = longitude: Longitude [deg]
# name 13 = sbox0dV/dT: Oxygen, SBE 43 [dov/dt]
# name 14 = sbox1dV/dT: Oxygen, SBE 43, 2 [dov/dt]
# name 15 = sbeox0ML/L: Oxygen, SBE 43 [ml/l], WS = 5
# name 16 = sbeox1ML/L: Oxygen, SBE 43, 2 [ml/l], WS = 5
# name 17 = potemp090C: Potential Temperature [ITS-90, deg C]
# name 18 = potemp190C: Potential Temperature, 2 [ITS-90, deg C]
# name 19 = sal00: Salinity, Practical [PSU]
# name 20 = sal11: Salinity, Practical, 2 [PSU]
# name 21 = sigma-é00: Density [sigma-theta, kg/m^3]
# name 22 = sigma-é11: Density, 2 [sigma-theta, kg/m^3]
# name 23 = avgsvCM: Average Sound Velocity [Chen-Millero, m/s], minP = 20, minS = 20
# name 24 = sbox0Mm/Kg: Oxygen, SBE 43 [umol/kg], WS = 5
# name 25 = sbox1Mm/Kg: Oxygen, SBE 43, 2 [umol/kg], WS = 5
# name 26 = nbin: number of scans per bin
# name 27 = flag: flag
# span 0 =      99528,     247079       
# span 1 =   4146.948,  10294.928       
# span 2 =      0.993,   3015.255       
# span 3 =      1.000,   3057.000       
# span 4 =     4.2991,    30.2009       
# span 5 =     4.3000,    30.2009       
# span 6 =   3.354733,   6.102674       
# span 7 =   3.354687,   6.102775       
# span 8 =     1.5775,     3.2291       
# span 9 =     1.2752,     2.7314       
# span 10 =      10.62,     106.20      
# span 11 =   25.60159,   26.51751      
# span 12 =  -89.74020,  -86.64218      
# span 13 =   -0.00313,    0.00988      
# span 14 =   -0.00219,    0.00973      
# span 15 =     2.4762,     4.7008      
# span 16 =     2.4841,     4.6989      
# span 17 =     4.0797,    30.2004      
# span 18 =     4.0806,    30.2004      
# span 19 =    34.9033,    37.0130      
# span 20 =    34.9020,    37.0136      
# span 21 =    22.4729,    27.7598      
# span 22 =    22.4747,    27.7586      
# span 23 =    1483.00,    1536.03      
# span 24 =    107.667,    204.266      
# span 25 =    108.008,    204.185      
# span 26 =         30,         74      
# span 27 = 0.0000e+00, 0.0000e+00      
# interval = decibars: 1                
# start_time = Oct 13 2021 21:11:53 [NMEA time, header]
# bad_flag = -9.990e-29
*END*
      99528   4146.948   3015.255   3057.000     4.3668     4.3681   3.413742   3.413740     1.7444     1.4303      10.62   26.00094  -88.00260   -0.00001    0.00002     4.7004     4.6964     4.0802     4.0814    34.9774    34.9761    27.7598    27.7586    1506.31    204.250    204.074         41 0.0000e+00
      99572   4148.805   3014.275   3056.000     4.3665     4.3676   3.413597   3.413580     1.7446     1.4306      11.46   26.00020  -88.00010    0.00010    0.00011     4.7008     4.6973     4.0800     4.0810    34.9764    34.9752    27.7591    27.7579    1506.27    204.266    204.114         58 0.0000e+00
      99630   4151.225   3013.296   3055.000     4.3665     4.3675   3.413558   3.413523     1.7447     1.4310      12.41   26.00020  -88.00010    0.00007    0.00018     4.7003     4.6989     4.0801     4.0811    34.9765    34.9750    27.7591    27.7578    1506.27    204.245    204.185         48 0.0000e+00
      99670   4152.892   3012.317   3054.000     4.3663     4.3673   3.413500   3.413483     1.7448     1.4309      13.20   26.00020  -88.00010    0.00004    0.00007     4.7004     4.6977     4.0801     4.0811    34.9763    34.9751    27.7590    27.7579    1506.27    204.249    204.131         37 0.0000e+00
      99705   4154.347   3011.337   3053.000     4.3662     4.3672   3.413447   3.413433     1.7448     1.4310      14.19   26.00020  -88.00010    0.00005    0.00003     4.7000     4.6977     4.0801     4.0810    34.9763    34.9752    27.7589    27.7579    1506.27    204.232    204.133         35 0.0000e+00
      99742   4155.863   3010.358   3052.000     4.3661     4.3671   3.413404   3.413381     1.7449     1.4309      15.09   26.00020  -88.00010    0.00002    0.00002     4.6996     4.6968     4.0800     4.0811    34.9764    34.9750    27.7590    27.7578    1506.27    204.214    204.093         36 0.0000e+00
      99776   4157.283   3009.378   3051.000     4.3659     4.3670   3.413354   3.413336     1.7448     1.4308      16.06   26.00020  -88.00010    0.00003   -0.00003     4.6986     4.6956     4.0800     4.0810    34.9764    34.9751    27.7590    27.7579    1506.27    204.174    204.040         31 0.0000e+00
      99861   4160.826   3006.440   3048.000     4.3655     4.3666   3.413221   3.413197     1.7454     1.4310      18.82   26.00030  -88.00039    0.00013    0.00005     4.6994     4.6948     4.0799     4.0810    34.9766    34.9752    27.7592    27.7579    1506.27    204.207    204.006         30 0.0000e+00
      99893   4162.157   3005.460   3047.000     4.3654     4.3665   3.413157   3.413142     1.7455     1.4311      19.86   26.00022  -88.00010    0.00013    0.00004     4.6996     4.6948     4.0799     4.0810    34.9764    34.9751    27.7590    27.7579    1506.27    204.217    204.008         34 0.0000e+00
      99925   4163.506   3004.481   3046.000     4.3653     4.3665   3.413117   3.413096     1.7456     1.4311      20.84   26.00022  -88.00010    0.00013    0.00005     4.6993     4.6942     4.0800     4.0811    34.9764    34.9750    27.7590    27.7578    1506.27    204.201    203.981         30 0.0000e+00
     100052   4168.790   2999.584   3041.000     4.3648     4.3658   3.412880   3.412855     1.7463     1.4318      25.55   26.00021  -88.00008    0.00006    0.00007     4.6995     4.6948     4.0800     4.0810    34.9764    34.9751    27.7590    27.7579    1506.27    204.210    204.006         31 0.0000e+00
     100287   4178.596   2990.768   3032.000     4.3636     4.3647   3.412454   3.412430     1.7475     1.4334      34.19   26.00030  -88.00040    0.00012    0.00021     4.6999     4.6971     4.0799     4.0810    34.9766    34.9752    27.7592    27.7579    1506.27    204.226    204.105         31 0.0000e+00
     100318   4179.865   2989.789   3031.000     4.3636     4.3646   3.412394   3.412372     1.7477     1.4334      35.15   26.00022  -88.00013    0.00009    0.00014     4.6998     4.6967     4.0800     4.0810    34.9763    34.9750    27.7590    27.7578    1506.27    204.224    204.087         30 0.0000e+00
     100446   4185.220   2984.891   3026.000     4.3630     4.3640   3.412134   3.412116     1.7484     1.4338      40.03   26.00004  -87.99952    0.00010    0.00009     4.7004     4.6956     4.0800     4.0809    34.9761    34.9749    27.7588    27.7577    1506.26    204.249    204.043         31 0.0000e+00
     100578   4190.709   2979.993   3021.000     4.3623     4.3634   3.411901   3.411882     1.7487     1.4345      44.84   26.00012  -87.99972   -0.00001    0.00002     4.6988     4.6961     4.0799     4.0809    34.9762    34.9749    27.7589    27.7578    1506.26    204.179    204.066         32 0.0000e+00
     100707   4196.081   2975.096   3016.000     4.3618     4.3628   3.411681   3.411656     1.7497     1.4347      49.62   26.00023  -88.00010    0.00020    0.00002     4.7001     4.6943     4.0800     4.0809    34.9764    34.9751    27.7590    27.7579    1506.27    204.236    203.986         31 0.0000e+00
     100948   4206.139   2966.279   3007.000     4.3607     4.3617   3.411255   3.411234     1.7509     1.4359      58.45   26.00033  -88.00045    0.00010    0.00001     4.7004     4.6947     4.0799     4.0809    34.9765    34.9752    27.7591    27.7580    1506.27    204.251    204.004         33 0.0000e+00
     101078   4211.521   2961.381   3002.000     4.3601     4.3610   3.410986   3.410959     1.7512     1.4367      63.31   26.00013  -87.99975    0.00010    0.00021     4.6990     4.6958     4.0799     4.0808    34.9762    34.9749    27.7588    27.7577    1506.26    204.192    204.050         31 0.0000e+00
     101500   4229.135   2945.706   2986.000     4.3582     4.3592   3.410233   3.410201     1.7535     1.4383      78.78   26.00021  -87.99995    0.00005    0.00002     4.6997     4.6943     4.0799     4.0808    34.9763    34.9749    27.7590    27.7578    1506.27    204.219    203.987         30 0.0000e+00
     101657   4235.683   2939.828   2980.000     4.3576     4.3585   3.409963   3.409938     1.7544     1.4392      84.73   26.00038  -88.00051    0.00015    0.00010     4.7004     4.6952     4.0799     4.0808    34.9765    34.9752    27.7591    27.7580    1506.28    204.251    204.024         33 0.0000e+00
     101789   4241.152   2934.929   2975.000     4.3570     4.3579   3.409718   3.409688     1.7550     1.4396      60.85   26.00032  -88.00030    0.00009    0.00002     4.7002     4.6942     4.0799     4.0808    34.9764    34.9751    27.7590    27.7579    1506.27    204.242    203.982         30 0.0000e+00
     102472   4269.621   2909.454   2949.000     4.3539     4.3547   3.408454   3.408436     1.7583     1.4432      87.22   26.00027  -88.00011    0.00006    0.00009     4.6995     4.6963     4.0798     4.0806    34.9763    34.9752    27.7590    27.7580    1506.27    204.213    204.072         31 0.0000e+00
     102707   4279.424   2900.635   2940.000     4.3528     4.3537   3.408042   3.408016     1.7592     1.4439     100.00   26.00049  -88.00077    0.00007    0.00016     4.6984     4.6945     4.0798     4.0807    34.9765    34.9753    27.7592    27.7581    1506.28    204.163    203.992         30 0.0000e+00
     102737   4280.665   2899.655   2939.000     4.3528     4.3536   3.407983   3.407947     1.7595     1.4441      77.85   26.00032  -88.00020    0.00010    0.00019     4.6989     4.6947     4.0799     4.0807    34.9762    34.9750    27.7589    27.7579    1506.27    204.186    204.002         30 0.0000e+00
     103182   4299.224   2882.995   2922.000     4.3508     4.3517   3.407129   3.407107     1.7594     1.4434      97.17   26.00029  -88.00010   -0.00001   -0.00010     4.6884     4.6813     4.0798     4.0807    34.9759    34.9747    27.7586    27.7576    1506.27    203.731    203.419         30 0.0000e+00
     103312   4304.608   2878.095   2917.000     4.3501     4.3512   3.406889   3.406873     1.7594     1.4440      99.80   26.00034  -88.00028    0.00006    0.00006     4.6857     4.6811     4.0797     4.0807    34.9760    34.9747    27.7587    27.7576    1506.27    203.613    203.410         30 0.0000e+00
     103445   4310.158   2873.195   2912.000     4.3496     4.3506   3.406632   3.406611     1.7598     1.4444     100.00   26.00014  -87.99961    0.00009    0.00000     4.6845     4.6800     4.0798     4.0808    34.9757    34.9744    27.7585    27.7574    1506.26    203.561    203.365         30 0.0000e+00
     103549   4314.520   2869.275   2908.000     4.3492     4.3501   3.406471   3.406452     1.7603     1.4444      92.32   26.00044  -88.00061    0.00012    0.00002     4.6842     4.6779     4.0799     4.0807    34.9760    34.9749    27.7587    27.7577    1506.28    203.547    203.273         31 0.0000e+00
     103653   4318.816   2865.355   2904.000     4.3488     4.3497   3.406292   3.406263     1.7607     1.4446     100.00   26.00047  -88.00071    0.00012    0.00006     4.6836     4.6763     4.0799     4.0808    34.9761    34.9748    27.7588    27.7577    1506.28    203.522    203.205         31 0.0000e+00
     103684   4320.131   2864.375   2903.000     4.3487     4.3496   3.406223   3.406203     1.7607     1.4447     100.00   26.00032  -88.00020    0.00006    0.00004     4.6832     4.6766     4.0799     4.0808    34.9758    34.9746    27.7586    27.7575    1506.27    203.503    203.216         31 0.0000e+00
     103785   4324.333   2860.455   2899.000     4.3482     4.3492   3.406051   3.406030     1.7609     1.4455     100.00   26.00044  -88.00061    0.00003    0.00020     4.6817     4.6779     4.0799     4.0809    34.9761    34.9748    27.7588    27.7577    1506.28    203.437    203.273         32 0.0000e+00
     104969   4373.649   2816.345   2854.000     4.3434     4.3443   3.403888   3.403873     1.7656     1.4497     100.00   26.00036  -88.00030    0.00006    0.00009     4.6760     4.6719     4.0802     4.0811    34.9757    34.9746    27.7584    27.7575    1506.27    203.188    203.010         30 0.0000e+00
     105860   4410.786   2783.013   2820.000     4.3401     4.3410   3.402283   3.402262     1.7692     1.4530     100.00   26.00031  -88.00015   -0.00001   -0.00001     4.6723     4.6675     4.0807     4.0816    34.9754    34.9743    27.7582    27.7572    1506.27    203.028    202.822         31 0.0000e+00
     105991   4416.258   2778.110   2815.000     4.3396     4.3406   3.402069   3.402042     1.7695     1.4531     100.00   26.00041  -88.00042    0.00003    0.00004     4.6704     4.6652     4.0809     4.0818    34.9756    34.9743    27.7583    27.7572    1506.27    202.948    202.720         31 0.0000e+00
     106256   4427.282   2768.306   2805.000     4.3385     4.3395   3.401630   3.401611     1.7707     1.4545     100.00   26.00092  -88.00214    0.00006    0.00020     4.6696     4.6660     4.0808     4.0818    34.9762    34.9749    27.7588    27.7577    1506.30    202.911    202.756         32 0.0000e+00
     106454   4435.534   2766.345   2803.000     4.3384     4.3392   3.401512   3.401485     1.7705     1.4546     100.00   26.00065  -88.00123   -0.00002    0.00009     4.6680     4.6651     4.0810     4.0818    34.9758    34.9746    27.7584    27.7574    1506.29    202.841    202.718         44 0.0000e+00
     107508   4479.441   2763.403   2800.000     4.3382     4.3390   3.401344   3.401318     1.7704     1.4543     100.00   26.00038  -88.00030   -0.00004    0.00001     4.6655     4.6618     4.0811     4.0819    34.9754    34.9742    27.7581    27.7571    1506.27    202.733    202.575         45 0.0000e+00
     108086   4503.553   2762.422   2799.000     4.3380     4.3389   3.401284   3.401275     1.7704     1.4543     100.00   26.00037  -88.00024    0.00001   -0.00001     4.6651     4.6613     4.0810     4.0819    34.9752    34.9742    27.7580    27.7571    1506.27    202.715    202.550         46 0.0000e+00
     108137   4505.686   2761.442   2798.000     4.3381     4.3390   3.401262   3.401242     1.7705     1.4547     100.00   26.00038  -88.00024    0.00004    0.00015     4.6648     4.6628     4.0813     4.0822    34.9753    34.9742    27.7580    27.7570    1506.27    202.703    202.617         45 0.0000e+00
     108184   4507.630   2760.461   2797.000     4.3380     4.3391   3.401218   3.401216     1.7706     1.4547     100.00   26.00038  -88.00024    0.00007    0.00009     4.6649     4.6621     4.0812     4.0823    34.9754    34.9742    27.7581    27.7570    1506.27    202.706    202.584         48 0.0000e+00
     108226   4509.384   2759.481   2796.000     4.3381     4.3391   3.401187   3.401175     1.7709     1.4550      93.03   26.00038  -88.00024    0.00010    0.00007     4.6656     4.6631     4.0815     4.0825    34.9753    34.9741    27.7580    27.7570    1506.27    202.736    202.631         36 0.0000e+00
     108262   4510.885   2758.500   2795.000     4.3382     4.3392   3.401163   3.401141     1.7710     1.4552      90.55   26.00038  -88.00026    0.00015    0.00017     4.6651     4.6634     4.0817     4.0827    34.9754    34.9741    27.7580    27.7569    1506.27    202.717    202.643         38 0.0000e+00
     108299   4512.400   2757.520   2794.000     4.3382     4.3392   3.401119   3.401104     1.7713     1.4554     100.02   26.00038  -88.00026    0.00011    0.00015     4.6660     4.6634     4.0818     4.0828    34.9753    34.9741    27.7579    27.7569    1506.27    202.755    202.644         34 0.0000e+00
     108330   4513.719   2756.539   2793.000     4.3382     4.3391   3.401080   3.401065     1.7713     1.4554     100.00   26.00038  -88.00026    0.00009    0.00008     4.6653     4.6630     4.0819     4.0828    34.9753    34.9742    27.7580    27.7569    1506.27    202.725    202.625         30 0.0000e+00
     108488   4520.279   2750.655   2787.000     4.3378     4.3386   3.400776   3.400750     1.7722     1.4554     100.00   26.00019  -87.99960    0.00010    0.00001     4.6658     4.6594     4.0821     4.0829    34.9749    34.9737    27.7576    27.7566    1506.26    202.749    202.470         32 0.0000e+00
     108854   4535.542   2736.927   2773.000     4.3361     4.3369   3.400110   3.400082     1.7736     1.4567     100.00   26.00048  -88.00066    0.00004    0.00002     4.6638     4.6575     4.0820     4.0828    34.9751    34.9739    27.7578    27.7568    1506.28    202.658    202.386         32 0.0000e+00
     108984   4540.964   2732.023   2768.000     4.3355     4.3363   3.399844   3.399835     1.7735     1.4569      91.58   26.00039  -88.00036    0.00004    0.00003     4.6603     4.6556     4.0820     4.0828    34.9748    34.9738    27.7575    27.7567    1506.27    202.506    202.304         31 0.0000e+00
     109248   4551.947   2722.217   2758.000     4.3345     4.3354   3.399397   3.399367     1.7743     1.4579     100.00   26.00053  -88.00084    0.00006    0.00002     4.6580     4.6544     4.0822     4.0830    34.9750    34.9738    27.7577    27.7566    1506.28    202.406    202.251         31 0.0000e+00
     109484   4561.803   2713.390   2749.000     4.3336     4.3344   3.398948   3.398922     1.7755     1.4587     100.00   26.00044  -88.00047    0.00010    0.00017     4.6580     4.6528     4.0822     4.0831    34.9748    34.9736    27.7575    27.7565    1506.27    202.407    202.181         31 0.0000e+00
     110183   4590.898   2686.907   2722.000     4.3313     4.3321   3.397700   3.397675     1.7790     1.4624     100.00   26.00039  -88.00030    0.00018    0.00018     4.6574     4.6544     4.0829     4.0838    34.9747    34.9735    27.7573    27.7563    1506.27    202.382    202.251         30 0.0000e+00
     111344   4639.308   2642.763   2677.000     4.3278     4.3286   3.395660   3.395637     1.7850     1.4676     100.00   26.00047  -88.00056    0.00018    0.00008     4.6568     4.6526     4.0844     4.0852    34.9746    34.9735    27.7571    27.7561    1506.28    202.355    202.174         31 0.0000e+00
