Gulf of Mexico/GOMECC-4/1db/urb2103_0721.cnv
* Sea-Bird SBE 9 Data File:
* FileName = C:\Users\scs.user.rb\CTD\GOMECC4\data\rb2103_0721.hex
* Software Version Seasave V 7.26.7.107
* Temperature SN = 4799
* Conductivity SN = 3860
* Number of Bytes Per Scan = 41
* Number of Voltage Words = 4
* Number of Scans Averaged by the Deck Unit = 1
* NMEA Latitude = 26 03.50 N
* NMEA Longitude = 093 43.74 W
* NMEA UTC (Time) = Oct 04 2021  04:36:25
* NMEA baud rate = 4800
# nquan = 28
# nvalues = 200                         
# units = specified
# name 0 = scan: Scan Count
# name 1 = timeS: Time, Elapsed [seconds]
# name 2 = depSM: Depth [salt water, m]
# name 3 = prDM: Pressure, Digiquartz [db]
# name 4 = t090C: Temperature [ITS-90, deg C]
# name 5 = t190C: Temperature, 2 [ITS-90, deg C]
# name 6 = c0S/m: Conductivity [S/m]
# name 7 = c1S/m: Conductivity, 2 [S/m]
# name 8 = sbeox0V: Oxygen raw, SBE 43 [V]
# name 9 = sbeox1V: Oxygen raw, SBE 43, 2 [V]
# name 10 = altM: Altimeter [m]
# name 11 = latitude: Latitude [deg]
# name 12 = longitude: Longitude [deg]
# name 13 = sbox0dV/dT: Oxygen, SBE 43 [dov/dt]
# name 14 = sbox1dV/dT: Oxygen, SBE 43, 2 [dov/dt]
# name 15 = sbeox0ML/L: Oxygen, SBE 43 [ml/l], WS = 5
# name 16 = sbeox1ML/L: Oxygen, SBE 43, 2 [ml/l], WS = 5
# name 17 = potemp090C: Potential Temperature [ITS-90, deg C]
# name 18 = potemp190C: Potential Temperature, 2 [ITS-90, deg C]
# name 19 = sal00: Salinity, Practical [PSU]
# name 20 = sal11: Salinity, Practical, 2 [PSU]
# name 21 = sigma-é00: Density [sigma-theta, kg/m^3]
# name 22 = sigma-é11: Density, 2 [sigma-theta, kg/m^3]
# name 23 = avgsvCM: Average Sound Velocity [Chen-Millero, m/s], minP = 20, minS = 20
# name 24 = sbox0Mm/Kg: Oxygen, SBE 43 [umol/kg], WS = 5
# name 25 = sbox1Mm/Kg: Oxygen, SBE 43, 2 [umol/kg], WS = 5
# name 26 = nbin: number of scans per bin
# name 27 = flag: flag
# span 0 =     106173,     223622       
# span 1 =   4423.838,   9317.554       
# span 2 =      0.993,   3081.830       
# span 3 =      1.000,   3125.000       
# span 4 =     4.2856,    29.1104       
# span 5 =     4.2865,    29.2004       
# span 6 =   3.348682,   5.889662       
# span 7 =   3.348636,   5.899107       
# span 8 =     1.6345,     3.2183       
# span 9 =     1.3326,     2.7435       
# span 10 =      14.62,     100.94      
# span 11 =   26.04188,   26.30996      
# span 12 =  -94.62395,  -93.65994      
# span 13 =   -0.01775,    0.02670      
# span 14 =   -0.01777,    0.02615      
# span 15 =     2.5642,     4.7782      
# span 16 =     2.5819,     4.7801      
# span 17 =     4.0797,    29.1082      
# span 18 =     4.0810,    29.1999      
# span 19 =    34.9071,    36.8166      
# span 20 =    34.9054,    36.8139      
# span 21 =    22.7239,    27.7594      
# span 22 =    22.7240,    27.7579      
# span 23 =    1502.01,    1517.47      
# span 24 =    111.524,    208.368      
# span 25 =    112.294,    208.440      
# span 26 =         30,         71      
# span 27 = 0.0000e+00, 0.0000e+00      
# interval = decibars: 1                
# start_time = Oct 04 2021 04:36:25 [NMEA time, header]
# bad_flag = -9.990e-29
*END*
     106173   4423.838   3081.830   3125.000     4.3744     4.3757   3.416890   3.416867     1.7303     1.4193      14.62   26.05919  -93.72384    0.00011    0.00006     4.6755     4.6818     4.0798     4.0811    34.9768    34.9751    27.7594    27.7579    1503.03    203.166    203.442         38 0.0000e+00
     106211   4425.400   3080.852   3124.000     4.3744     4.3757   3.416831   3.416809     1.7302     1.4194      15.55   26.05904  -93.72330    0.00005    0.00018     4.6745     4.6820     4.0799     4.0812    34.9765    34.9749    27.7591    27.7577    1503.02    203.126    203.451         38 0.0000e+00
     106246   4426.882   3079.872   3123.000     4.3742     4.3755   3.416782   3.416748     1.7303     1.4196      41.42   26.05904  -93.72330    0.00001    0.00014     4.6743     4.6825     4.0799     4.0811    34.9765    34.9749    27.7591    27.7577    1503.02    203.115    203.471         33 0.0000e+00
     106306   4429.396   3077.914   3121.000     4.3738     4.3751   3.416681   3.416650     1.7304     1.4198      18.28   26.05904  -93.72329    0.00007    0.00010     4.6737     4.6823     4.0797     4.0810    34.9766    34.9749    27.7592    27.7578    1503.02    203.090    203.462         30 0.0000e+00
     117450   4893.695   2707.494   2743.000     4.3322     4.3334   3.398629   3.398595     1.7740     1.4601     100.00   26.05906  -93.72344    0.00019    0.00014     4.6478     4.6559     4.0816     4.0827    34.9752    34.9736    27.7579    27.7565    1503.02    201.965    202.318         30 0.0000e+00
     117480   4894.946   2706.513   2742.000     4.3322     4.3333   3.398579   3.398542     1.7741     1.4603     100.00   26.05902  -93.72330    0.00013    0.00017     4.6479     4.6563     4.0816     4.0827    34.9751    34.9735    27.7578    27.7565    1503.02    201.970    202.334         30 0.0000e+00
     117510   4896.216   2705.532   2741.000     4.3321     4.3333   3.398535   3.398505     1.7743     1.4603      56.79   26.05902  -93.72330    0.00011    0.00011     4.6478     4.6559     4.0816     4.0828    34.9751    34.9735    27.7578    27.7565    1503.02    201.967    202.316         31 0.0000e+00
     117598   4899.879   2702.590   2738.000     4.3318     4.3330   3.398407   3.398386     1.7749     1.4603     100.00   26.05915  -93.72377    0.00013 6.8200e-07     4.6487     4.6543     4.0818     4.0829    34.9752    34.9737    27.7579    27.7566    1503.03    202.004    202.246         30 0.0000e+00
     117627   4901.098   2701.609   2737.000     4.3317     4.3329   3.398351   3.398319     1.7749     1.4609     100.00   26.05902  -93.72330    0.00020    0.00009     4.6483     4.6562     4.0817     4.0829    34.9751    34.9735    27.7578    27.7564    1503.02    201.987    202.328         30 0.0000e+00
     117714   4904.724   2698.666   2734.000     4.3316     4.3327   3.398221   3.398186     1.7753     1.4614     100.00   26.05899  -93.72319    0.00011    0.00011     4.6485     4.6568     4.0819     4.0830    34.9751    34.9735    27.7578    27.7564    1503.02    201.996    202.357         30 0.0000e+00
     117745   4905.993   2697.686   2733.000     4.3315     4.3327   3.398175   3.398151     1.7755     1.4615     100.00   26.05902  -93.72330    0.00008    0.00018     4.6487     4.6568     4.0820     4.0831    34.9750    34.9735    27.7577    27.7564    1503.02    202.001    202.358         31 0.0000e+00
     122198   5091.532   2519.100   2551.000     4.3149     4.3159   3.389714   3.389668     1.8005     1.4847      97.39   26.05949  -93.72492    0.00010    0.00012     4.6500     4.6587     4.0855     4.0865    34.9752    34.9737    27.7575    27.7562    1503.05    202.063    202.438         36 0.0000e+00
     123490   5145.385   2517.137   2549.000     4.3151     4.3163   3.389582   3.389563     1.8008     1.4850     100.00   26.05902  -93.72330    0.00003    0.00004     4.6501     4.6587     4.0859     4.0870    34.9744    34.9729    27.7568    27.7555    1503.02    202.066    202.440         33 0.0000e+00
     127587   5316.080   2348.227   2377.000     4.3025     4.3035   3.381833   3.381793     1.8252     1.5076     100.00   26.05994  -93.72655    0.00024    0.00020     4.6518     4.6606     4.0918     4.0928    34.9753    34.9737    27.7569    27.7556    1503.07    202.140    202.521         30 0.0000e+00
     128419   5350.733   2346.262   2375.000     4.3027     4.3036   3.381897   3.381844     1.8254     1.5082     100.01   26.06099  -93.73037    0.00004    0.00002     4.6513     4.6621     4.0922     4.0931    34.9767    34.9752    27.7580    27.7567    1503.13    202.118    202.588         31 0.0000e+00
     128982   5374.215   2345.279   2374.000     4.3026     4.3033   3.381616   3.381560     1.8259     1.5085     100.00   26.05904  -93.72331    0.00005   -0.00005     4.6527     4.6631     4.0922     4.0929    34.9739    34.9725    27.7558    27.7546    1503.02    202.180    202.630         38 0.0000e+00
     128975   5373.925   2344.297   2373.000     4.3022     4.3033   3.381553   3.381519     1.8260     1.5085     100.00   26.05904  -93.72330    0.00009    0.00004     4.6526     4.6623     4.0920     4.0930    34.9740    34.9726    27.7559    27.7546    1503.02    202.176    202.596         32 0.0000e+00
     129009   5375.324   2343.314   2372.000     4.3022     4.3033   3.381502   3.381484     1.8262     1.5087     100.00   26.05904  -93.72332    0.00016    0.00009     4.6530     4.6629     4.0920     4.0932    34.9739    34.9725    27.7558    27.7545    1503.02    202.190    202.623         34 0.0000e+00
     129041   5376.683   2342.332   2371.000     4.3022     4.3033   3.381474   3.381446     1.8266     1.5086     100.00   26.05904  -93.72332    0.00013    0.00005     4.6540     4.6615     4.0922     4.0932    34.9740    34.9726    27.7558    27.7546    1503.02    202.234    202.562         31 0.0000e+00
     129101   5379.150   2340.367   2369.000     4.3022     4.3033   3.381416   3.381390     1.8265     1.5088     100.00   26.05926  -93.72412    0.00010 -6.664e-07     4.6525     4.6614     4.0923     4.0934    34.9743    34.9729    27.7561    27.7548    1503.03    202.167    202.557         30 0.0000e+00
     134503   5604.234   2149.684   2175.000     4.2911     4.2919   3.372575   3.372512     1.8528     1.5340     100.00   26.05807  -93.71988   -0.00001    0.00008     4.6465     4.6593     4.1016     4.1023    34.9720    34.9704    27.7532    27.7519    1502.97    201.907    202.466         35 0.0000e+00
     135318   5638.203   2148.701   2174.000     4.2915     4.2922   3.372670   3.372609     1.8533     1.5344     100.00   26.05900  -93.72328    0.00006    0.00012     4.6478     4.6602     4.1021     4.1027    34.9732    34.9718    27.7541    27.7529    1503.02    201.966    202.503         32 0.0000e+00
     140893   5870.494   1952.927   1975.000     4.2876     4.2884   3.364411   3.364359     1.8799     1.5598     100.00   26.06033  -93.72787    0.00003    0.00010     4.6358     4.6518     4.1184     4.1191    34.9738    34.9725    27.7529    27.7518    1503.09    201.443    202.138         43 0.0000e+00
     141658   5902.391   1951.943   1974.000     4.2877     4.2884   3.364227   3.364180     1.8800     1.5596     100.00   26.05906  -93.72330    0.00002    0.00014     4.6359     4.6506     4.1185     4.1192    34.9720    34.9708    27.7515    27.7504    1503.02    201.447    202.087         32 0.0000e+00
     141694   5903.856   1948.990   1971.000     4.2871     4.2879   3.364095   3.364049     1.8805     1.5601     100.00   26.05934  -93.72432    0.00012    0.00007     4.6363     4.6508     4.1183     4.1190    34.9725    34.9712    27.7518    27.7507    1503.04    201.466    202.098         33 0.0000e+00
     142100   5920.795   1933.241   1955.000     4.2856     4.2865   3.363274   3.363220     1.8832     1.5628     100.00   26.05898  -93.72304    0.00015    0.00027     4.6373     4.6530     4.1184     4.1192    34.9720    34.9705    27.7515    27.7502    1503.02    201.510    202.193         30 0.0000e+00
     142396   5933.108   1922.413   1944.000     4.2870     4.2879   3.362936   3.362896     1.8844     1.5631      81.04   26.05889  -93.72273    0.00014    0.00005     4.6355     4.6474     4.1208     4.1217    34.9718    34.9704    27.7511    27.7498    1503.01    201.429    201.948         30 0.0000e+00
     142747   5947.770   1909.616   1931.000     4.2875     4.2883   3.362472   3.362436     1.8862     1.5648     100.00   26.05924  -93.72397    0.00009    0.00007     4.6346     4.6468     4.1226     4.1234    34.9720    34.9708    27.7511    27.7499    1503.03    201.394    201.924         30 0.0000e+00
     142883   5953.422   1904.693   1926.000     4.2878     4.2887   3.362303   3.362257     1.8867     1.5655     100.00   26.05917  -93.72373    0.00001    0.00002     4.6337     4.6468     4.1234     4.1243    34.9720    34.9706    27.7509    27.7497    1503.03    201.355    201.922         30 0.0000e+00
     143018   5959.028   1899.771   1921.000     4.2881     4.2889   3.362110   3.362061     1.8874     1.5662     100.00   26.05909  -93.72344    0.00004    0.00013     4.6334     4.6470     4.1242     4.1250    34.9719    34.9704    27.7508    27.7495    1503.02    201.341    201.933         30 0.0000e+00
     143396   5974.796   1885.988   1907.000     4.2887     4.2895   3.361573   3.361526     1.8892     1.5678     100.00   26.05899  -93.72306    0.00008    0.00011     4.6320     4.6453     4.1261     4.1270    34.9716    34.9702    27.7503    27.7491    1503.02    201.279    201.857         30 0.0000e+00
     143936   5997.277   1866.296   1887.000     4.2900     4.2914   3.360876   3.360828     1.8918     1.5702     100.00   26.05909  -93.72340    0.00022    0.00038     4.6301     4.6431     4.1295     4.1308    34.9715    34.9696    27.7499    27.7482    1503.02    201.197    201.764         30 0.0000e+00
     144125   6005.172   1859.403   1880.000     4.2915     4.2927   3.360682   3.360633     1.8926     1.5704      56.92   26.05881  -93.72240    0.00015    0.00004     4.6289     4.6397     4.1316     4.1328    34.9710    34.9692    27.7492    27.7477    1503.01    201.144    201.616         30 0.0000e+00
     144233   6009.670   1855.465   1876.000     4.2917     4.2929   3.360578   3.360521     1.8928     1.5714     100.00   26.05917  -93.72368    0.00005    0.00030     4.6275     4.6416     4.1322     4.1333    34.9715    34.9696    27.7496    27.7480    1503.03    201.083    201.699         30 0.0000e+00
     144530   6022.042   1844.633   1865.000     4.2913     4.2926   3.360086   3.360045     1.8945     1.5725     100.00   26.05915  -93.72364    0.00017    0.00025     4.6274     4.6397     4.1329     4.1342    34.9714    34.9696    27.7495    27.7478    1503.03    201.080    201.613         30 0.0000e+00
     144965   6040.165   1828.876   1849.000     4.2922     4.2935   3.359498   3.359458     1.8963     1.5745     100.00   26.05914  -93.72360    0.00004    0.00010     4.6248     4.6384     4.1353     4.1366    34.9712    34.9694    27.7490    27.7474    1503.02    200.965    201.559         30 0.0000e+00
     145099   6045.741   1823.952   1844.000     4.2920     4.2932   3.359283   3.359239     1.8968     1.5751     100.00   26.05920  -93.72380    0.00009    0.00006     4.6239     4.6380     4.1356     4.1369    34.9713    34.9694    27.7490    27.7474    1503.03    200.928    201.539         31 0.0000e+00
     145258   6052.363   1818.043   1838.000     4.2917     4.2930   3.358995   3.358952     1.8978     1.5762     100.00   26.05910  -93.72343    0.00009    0.00028     4.6243     4.6393     4.1359     4.1372    34.9711    34.9693    27.7489    27.7473    1503.02    200.946    201.599         30 0.0000e+00
     145288   6053.637   1817.058   1837.000     4.2917     4.2930   3.358951   3.358920     1.8981     1.5761     100.00   26.05906  -93.72330    0.00020    0.00009     4.6247     4.6381     4.1360     4.1373    34.9710    34.9693    27.7488    27.7473    1503.02    200.964    201.546         30 0.0000e+00
     147035   6126.415   1805.240   1825.000     4.2934     4.2945   3.358931   3.358873     1.8995     1.5778      87.24   26.06197  -93.73375    0.00003   -0.00010     4.6225     4.6376     4.1389     4.1400    34.9748    34.9730    27.7515    27.7500    1503.19    200.867    201.524         42 0.0000e+00
     147289   6137.008   1804.254   1824.000     4.2931     4.2941   3.358536   3.358471     1.8996     1.5778     100.94   26.05906  -93.72330    0.00013    0.00003     4.6229     4.6373     4.1386     4.1397    34.9709    34.9691    27.7484    27.7469    1503.02    200.883    201.512         40 0.0000e+00
     147768   6156.970   1785.540   1805.000     4.2937     4.2952   3.357830   3.357798     1.9023     1.5802     100.00   26.05922  -93.72380    0.00007    0.00010     4.6216     4.6361     4.1411     4.1426    34.9710    34.9692    27.7483    27.7466    1503.03    200.829    201.458         30 0.0000e+00
     147798   6158.199   1784.555   1804.000     4.2940     4.2953   3.357798   3.357750     1.9024     1.5802     100.00   26.05908  -93.72330    0.00004    0.00003     4.6214     4.6354     4.1415     4.1428    34.9708    34.9689    27.7481    27.7464    1503.02    200.821    201.430         30 0.0000e+00
     147929   6163.659   1779.630   1799.000     4.2946     4.2959   3.357647   3.357601     1.9029     1.5811     100.00   26.05914  -93.72350    0.00011    0.00013     4.6204     4.6361     4.1426     4.1439    34.9708    34.9690    27.7479    27.7463    1503.02    200.774    201.458         30 0.0000e+00
     149049   6210.323   1738.253   1757.000     4.2965     4.2979   3.356049   3.355998     1.9073     1.5853     100.00   26.05888  -93.72251    0.00003    0.00009     4.6123     4.6283     4.1485     4.1499    34.9703    34.9682    27.7468    27.7451    1503.01    200.425    201.120         31 0.0000e+00
     149932   6247.116   1705.738   1724.000     4.2993     4.3006   3.354916   3.354881     1.9116     1.5887     100.00   26.05897  -93.72285    0.00012    0.00009     4.6088     4.6223     4.1545     4.1558    34.9699    34.9681    27.7459    27.7443    1503.01    200.271    200.861         30 0.0000e+00
     150091   6253.765   1699.826   1718.000     4.2998     4.3012   3.354733   3.354690     1.9125     1.5897     100.00   26.05908  -93.72321    0.00014    0.00006     4.6086     4.6230     4.1556     4.1569    34.9701    34.9681    27.7459    27.7443    1503.02    200.265    200.891         30 0.0000e+00
     150122   6255.037   1698.840   1717.000     4.2999     4.3013   3.354701   3.354658     1.9126     1.5897     100.00   26.05910  -93.72330    0.00010   -0.00001     4.6083     4.6224     4.1558     4.1571    34.9701    34.9682    27.7459    27.7443    1503.02    200.249    200.865         30 0.0000e+00
     150226   6259.381   1694.899   1713.000     4.3003     4.3016   3.354551   3.354510     1.9133     1.5905     100.00   26.05906  -93.72305    0.00018    0.00020     4.6086     4.6234     4.1565     4.1578    34.9699    34.9680    27.7457    27.7441    1503.02    200.264    200.906         30 0.0000e+00
     151440   6309.955   1649.564   1667.000     4.3048     4.3061   3.353020   3.352977     1.9184     1.5948     100.00   26.05902  -93.72292    0.00016    0.00004     4.6000     4.6133     4.1654     4.1667    34.9693    34.9675    27.7443    27.7427    1503.01    199.889    200.468         30 0.0000e+00
     153909   6412.840   1603.233   1620.000     4.3088     4.3102   3.351405   3.351371     1.9241     1.6007     100.00   26.05906  -93.72309    0.00020    0.00016     4.5936     4.6088     4.1739     4.1752    34.9689    34.9671    27.7431    27.7415    1503.02    199.610    200.273         30 0.0000e+00
