Gulf of Mexico/GOMECC-4/1db/urb2103_1331.cnv
* Sea-Bird SBE 9 Data File:
* FileName = C:\Users\scs.user.rb\CTD\GOMECC4\data\rb2103_1331.hex
* Software Version Seasave V 7.26.7.107
* Temperature SN = 4799
* Conductivity SN = 3860
* Number of Bytes Per Scan = 41
* Number of Voltage Words = 4
* Number of Scans Averaged by the Deck Unit = 1
* NMEA Latitude = 26 31.24 N
* NMEA Longitude = 083 24.57 W
* NMEA UTC (Time) = Oct 19 2021  21:06:28
* NMEA baud rate = 4800
# nquan = 28
# nvalues = 28                          
# units = specified
# name 0 = scan: Scan Count
# name 1 = timeS: Time, Elapsed [seconds]
# name 2 = depSM: Depth [salt water, m]
# name 3 = prDM: Pressure, Digiquartz [db]
# name 4 = t090C: Temperature [ITS-90, deg C]
# name 5 = t190C: Temperature, 2 [ITS-90, deg C]
# name 6 = c0S/m: Conductivity [S/m]
# name 7 = c1S/m: Conductivity, 2 [S/m]
# name 8 = sbeox0V: Oxygen raw, SBE 43 [V]
# name 9 = sbeox1V: Oxygen raw, SBE 43, 2 [V]
# name 10 = altM: Altimeter [m]
# name 11 = latitude: Latitude [deg]
# name 12 = longitude: Longitude [deg]
# name 13 = sbox0dV/dT: Oxygen, SBE 43 [dov/dt]
# name 14 = sbox1dV/dT: Oxygen, SBE 43, 2 [dov/dt]
# name 15 = sbeox0ML/L: Oxygen, SBE 43 [ml/l], WS = 5
# name 16 = sbeox1ML/L: Oxygen, SBE 43, 2 [ml/l], WS = 5
# name 17 = potemp090C: Potential Temperature [ITS-90, deg C]
# name 18 = potemp190C: Potential Temperature, 2 [ITS-90, deg C]
# name 19 = sal00: Salinity, Practical [PSU]
# name 20 = sal11: Salinity, Practical, 2 [PSU]
# name 21 = sigma-é00: Density [sigma-theta, kg/m^3]
# name 22 = sigma-é11: Density, 2 [sigma-theta, kg/m^3]
# name 23 = avgsvCM: Average Sound Velocity [Chen-Millero, m/s], minP = 20, minS = 20
# name 24 = sbox0Mm/Kg: Oxygen, SBE 43 [umol/kg], WS = 5
# name 25 = sbox1Mm/Kg: Oxygen, SBE 43, 2 [umol/kg], WS = 5
# name 26 = nbin: number of scans per bin
# name 27 = flag: flag
# span 0 =      16669,      31163       
# span 1 =    694.506,   1298.396       
# span 2 =      0.994,     47.680       
# span 3 =      1.000,     48.000       
# span 4 =    26.2641,    29.0781       
# span 5 =    26.3004,    29.0793       
# span 6 =   5.606917,   5.917757       
# span 7 =   5.610219,   5.918030       
# span 8 =     2.9816,     3.1600       
# span 9 =     2.5242,     2.6716       
# span 10 =       7.88,      53.04      
# span 11 =   26.31443,   26.78149      
# span 12 =  -84.22928,  -82.76034      
# span 13 =   -0.00094,    0.01559      
# span 14 =   -0.00122,    0.01574      
# span 15 =     4.2933,     4.4069      
# span 16 =     4.2796,     4.3841      
# span 17 =    26.2535,    29.0721      
# span 18 =    26.2899,    29.0732      
# span 19 =    35.7749,    36.4068      
# span 20 =    35.7754,    36.4078      
# span 21 =    22.7540,    23.9568      
# span 22 =    22.7534,    23.9436      
# span 23 =    1532.41,    1559.61      
# span 24 =    187.269,    192.401      
# span 25 =    186.676,    191.404      
# span 26 =         30,         73      
# span 27 = 0.0000e+00, 0.0000e+00      
# interval = decibars: 1                
# start_time = Oct 19 2021 21:06:28 [NMEA time, header]
# bad_flag = -9.990e-29
*END*
      16669    694.506     47.680     48.000    26.3264    26.3352   5.623575   5.623718     2.9816     2.5263       7.88   26.61814  -83.71559    0.00515   -0.00036     4.2933     4.2864    26.3155    26.3246    36.3317    36.3206    23.9568    23.9436    1550.10    187.269    186.971         30 0.0000e+00
      16692    695.478     46.687     47.000    26.2641    26.3004   5.606917   5.610219     2.9831     2.5242       8.65   26.52084  -83.40950    0.00442    0.00163     4.2963     4.2796    26.2535    26.2899    36.2007    36.1953    23.8599    23.8440    1544.43    187.402    186.676         42 0.0000e+00
      16764    698.477     45.694     46.000    26.3890    26.7381   5.620223   5.652198     2.9908     2.5435       9.50   26.52084  -83.40950    0.00119    0.00245     4.2989     4.2893    26.3785    26.7276    36.1910    36.1572    23.8131    23.6766    1544.43    187.523    187.128         59 0.0000e+00
      16828    701.143     44.701     45.000    26.8940    27.0209   5.672466   5.686073     3.0359     2.5878      10.52   26.52084  -83.40950    0.01342    0.01574     4.3462     4.3590    26.8837    27.0106    36.1816    36.1778    23.6453    23.6018    1544.43    189.616    190.184         73 0.0000e+00
      16900    704.127     43.708     44.000    27.3252    27.3669   5.717581   5.719627     3.0774     2.6102      11.49   26.52084  -83.40950    0.01559    0.00807     4.3900     4.3805    27.3149    27.3566    36.1612    36.1524    23.4913    23.4712    1544.43    191.556    191.148         43 0.0000e+00
      17025    709.342     42.714     43.000    28.2080    28.1696   5.801887   5.798690     3.0997     2.6183      12.46   26.52084  -83.40950    0.00403    0.00222     4.3639     4.3390    28.1978    28.1594    36.0857    36.0793    23.1457    23.1473    1544.43    190.484    189.397         34 0.0000e+00
      19477    811.511     36.755     37.000    28.8144    28.8071   5.866941   5.866259     3.1245     2.6411      18.25   26.55510  -83.51725    0.00000   -0.00054     4.3614     4.3392    28.8055    28.7982    36.1032    36.1045    22.9648    22.9683    1546.43    190.414    189.445         48 0.0000e+00
      19563    815.099     35.762     36.000    28.7707    28.7652   5.858549   5.858320     3.1227     2.6372      19.16   26.52084  -83.40950    0.00080   -0.00016     4.3598     4.3325    28.7620    28.7565    36.0568    36.0585    22.9375    22.9405    1544.43    190.341    189.152         45 0.0000e+00
      19605    816.845     33.775     34.000    28.5582    28.5612   5.814000   5.814410     3.0998     2.6210      20.68   26.31443  -82.76034    0.00059    0.00139     4.3266     4.3051    28.5500    28.5530    35.7749    35.7754    22.7540    22.7534    1532.41    188.895    187.957         35 0.0000e+00
      19907    829.426     32.782     33.000    28.7880    28.7911   5.859960   5.860537     3.1243     2.6404      22.03   26.52084  -83.40951   -0.00002    0.00022     4.3597     4.3355    28.7800    28.7831    36.0545    36.0556    22.9297    22.9295    1544.43    190.340    189.285         37 0.0000e+00
      20018    834.023     31.788     32.000    28.7903    28.7810   5.860068   5.859528     3.1235     2.6400      22.99   26.52084  -83.40952   -0.00071   -0.00003     4.3570     4.3350    28.7826    28.7733    36.0544    36.0565    22.9288    22.9335    1544.43    190.221    189.259         32 0.0000e+00
      20132    838.802     30.795     31.000    28.7918    28.7930   5.860309   5.860618     3.1248     2.6405      23.97   26.52084  -83.40952    0.00044   -0.00008     4.3594     4.3346    28.7843    28.7856    36.0542    36.0553    22.9280    22.9285    1544.43    190.325    189.243         47 0.0000e+00
      21361    890.004     29.802     30.000    28.7941    28.7969   5.860360   5.860791     3.1273     2.6419      24.95   26.52084  -83.40952    0.00001    0.00032     4.3631     4.3366    28.7868    28.7896    36.0530    36.0539    22.9263    22.9261    1544.43    190.490    189.331         33 0.0000e+00
      22286    928.528     24.835     25.000    29.0781    29.0793   5.917757   5.918030     3.1600     2.6716      30.29   26.78149  -84.22928   -0.00035    0.00135     4.4069     4.3841    29.0721    29.0732    36.4068    36.4078    23.1504    23.1508    1559.61    192.401    191.404         36 0.0000e+00
      22160    923.276     23.842     24.000    28.7949    28.7963   5.860126   5.860409     3.1301     2.6458      30.76   26.52084  -83.40952   -0.00008    0.00133     4.3651     4.3415    28.7892    28.7905    36.0525    36.0535    22.9252    22.9255    1544.43    190.575    189.544         32 0.0000e+00
      22406    933.560     20.862     21.000    28.6671    28.6687   5.834038   5.834375     3.1152     2.6313      33.37   26.40345  -83.04034   -0.00024    0.00059     4.3424     4.3151    28.6620    28.6636    35.8931    35.8942    22.8237    22.8240    1537.59    189.585    188.392         40 0.0000e+00
      24379   1015.750     17.882     18.000    28.6106    28.6115   5.822168   5.822413     3.1098     2.6259      36.16   26.34840  -82.86726    0.00013   -0.00050     4.3336     4.3045    28.6063    28.6072    35.8187    35.8197    22.7751    22.7756    1534.39    189.201    187.931         55 0.0000e+00
      24670   1027.867     16.888     17.000    28.7977    28.7991   5.860208   5.860506     3.1315     2.6413      37.44   26.52082  -83.40952    0.00054   -0.00111     4.3637     4.3285    28.7936    28.7950    36.0531    36.0541    22.9241    22.9244    1544.43    190.517    188.979         33 0.0000e+00
      25078   1044.876     14.901     15.000    28.9803    28.9820   5.897318   5.897658     3.1520     2.6620      39.71   26.68936  -83.93958   -0.00048   -0.00062     4.3916     4.3628    28.9767    28.9784    36.2822    36.2833    23.0698    23.0700    1554.24    191.732    190.478         39 0.0000e+00
      25264   1052.623     11.921     12.000    28.7929    28.7945   5.859396   5.859726     3.1337     2.6468      42.27   26.52082  -83.40952    0.00078    0.00010     4.3655     4.3373    28.7900    28.7916    36.0526    36.0537    22.9250    22.9253    1544.43    190.593    189.363         38 0.0000e+00
      25394   1058.047     10.928     11.000    28.7926    28.7931   5.859326   5.859532     3.1367     2.6506      43.18   26.52083  -83.40952    0.00053    0.00048     4.3704     4.3445    28.7900    28.7904    36.0526    36.0537    22.9250    22.9256    1544.43    190.809    189.676         38 0.0000e+00
      27181   1132.486      8.941      9.000    28.7699    28.7706   5.853986   5.854239     3.1309     2.6430      45.09   26.49515  -83.32858   -0.00014   -0.00122     4.3598     4.3289    28.7677    28.7685    36.0167    36.0179    22.9001    22.9008    1542.93    190.346    188.996         42 0.0000e+00
      27319   1138.229      7.947      8.000    28.7961    28.7978   5.859503   5.859815     3.1355     2.6462      46.06   26.52088  -83.40952    0.00011   -0.00043     4.3665     4.3338    28.7942    28.7959    36.0521    36.0530    22.9232    22.9233    1544.43    190.638    189.212         42 0.0000e+00
      27430   1142.884      5.961      6.000    28.6946    28.6955   5.838610   5.838876     3.1264     2.6407      47.77   26.42617  -83.11164    0.00033   -0.00029     4.3536     4.3253    28.6931    28.6941    35.9232    35.9243    22.8406    22.8411    1538.91    190.073    188.839         41 0.0000e+00
      27645   1151.851      4.967      5.000    28.7926    28.7944   5.859054   5.859379     3.1351     2.6473      48.94   26.52088  -83.40952   -0.00094   -0.00055     4.3644     4.3348    28.7914    28.7932    36.0525    36.0534    22.9244    22.9245    1544.43    190.546    189.254         59 0.0000e+00
      27754   1156.387      3.974      4.000    28.7915    28.7930   5.858907   5.859209     3.1370     2.6446      49.89   26.52089  -83.40952    0.00032    0.00029     4.3674     4.3290    28.7906    28.7920    36.0526    36.0536    22.9248    22.9251    1544.43    190.678    189.000         42 0.0000e+00
      29988   1249.458      2.980      3.000    28.7862    28.7867   5.858321   5.858548     3.1364     2.6442      50.89   26.52089  -83.40951    0.00008    0.00065     4.3662     4.3281    28.7855    28.7860    36.0529    36.0541    22.9267    22.9275    1544.43    190.622    188.962         31 0.0000e+00
      31163   1298.396      0.994      1.000    28.8239    28.8236   5.866643   5.866773     3.1395     2.6543      53.04   26.56214  -83.53922   -0.00004    0.00023     4.3693     4.3462    28.8237    28.8234    36.1094    36.1107    22.9649    22.9659    1546.83    190.759    189.750         38 0.0000e+00
