Gulf of Mexico/GOMECC-4/1db/urb2103_0531.cnv
* Sea-Bird SBE 9 Data File:
* FileName = C:\Users\scs.user.rb\CTD\GOMECC4\data\rb2103_0531.hex
* Software Version Seasave V 7.26.7.107
* Temperature SN = 4799
* Conductivity SN = 3860
* Number of Bytes Per Scan = 41
* Number of Voltage Words = 4
* Number of Scans Averaged by the Deck Unit = 1
* NMEA Latitude = 27 19.96 N
* NMEA Longitude = 095 00.01 W
* NMEA UTC (Time) = Sep 28 2021  09:37:15
* NMEA baud rate = 4800
# nquan = 28
# nvalues = 209                         
# units = specified
# name 0 = scan: Scan Count
# name 1 = timeS: Time, Elapsed [seconds]
# name 2 = depSM: Depth [salt water, m]
# name 3 = prDM: Pressure, Digiquartz [db]
# name 4 = t090C: Temperature [ITS-90, deg C]
# name 5 = t190C: Temperature, 2 [ITS-90, deg C]
# name 6 = c0S/m: Conductivity [S/m]
# name 7 = c1S/m: Conductivity, 2 [S/m]
# name 8 = sbeox0V: Oxygen raw, SBE 43 [V]
# name 9 = sbeox1V: Oxygen raw, SBE 43, 2 [V]
# name 10 = altM: Altimeter [m]
# name 11 = latitude: Latitude [deg]
# name 12 = longitude: Longitude [deg]
# name 13 = sbox0dV/dT: Oxygen, SBE 43 [dov/dt]
# name 14 = sbox1dV/dT: Oxygen, SBE 43, 2 [dov/dt]
# name 15 = sbeox0ML/L: Oxygen, SBE 43 [ml/l], WS = 5
# name 16 = sbeox1ML/L: Oxygen, SBE 43, 2 [ml/l], WS = 5
# name 17 = potemp090C: Potential Temperature [ITS-90, deg C]
# name 18 = potemp190C: Potential Temperature, 2 [ITS-90, deg C]
# name 19 = sal00: Salinity, Practical [PSU]
# name 20 = sal11: Salinity, Practical, 2 [PSU]
# name 21 = sigma-é00: Density [sigma-theta, kg/m^3]
# name 22 = sigma-é11: Density, 2 [sigma-theta, kg/m^3]
# name 23 = avgsvCM: Average Sound Velocity [Chen-Millero, m/s], minP = 20, minS = 20
# name 24 = sbox0Mm/Kg: Oxygen, SBE 43 [umol/kg], WS = 5
# name 25 = sbox1Mm/Kg: Oxygen, SBE 43, 2 [umol/kg], WS = 5
# name 26 = nbin: number of scans per bin
# name 27 = flag: flag
# span 0 =      47308,     116726       
# span 1 =   1971.144,   4863.525       
# span 2 =      1.987,   1095.784       
# span 3 =      2.000,   1106.000       
# span 4 =     4.6691,    29.5952       
# span 5 =     4.6690,    29.6005       
# span 6 =   3.360456,   5.972469       
# span 7 =   3.360281,   5.973009       
# span 8 =     1.5863,     3.4049       
# span 9 =     1.2905,     2.9290       
# span 10 =      13.16,     101.21      
# span 11 =   27.24361,   27.68410      
# span 12 =  -96.21991,  -94.68908      
# span 13 =   -0.00649,    0.01766      
# span 14 =   -0.00663,    0.01967      
# span 15 =     2.4381,     5.0856      
# span 16 =     2.4632,     5.1076      
# span 17 =     4.5781,    29.5918      
# span 18 =     4.5780,    29.5971      
# span 19 =    34.9093,    36.5265      
# span 20 =    34.9076,    36.5267      
# span 21 =    22.7317,    27.6838      
# span 22 =    22.7306,    27.6824      
# span 23 =    1496.84,    1521.05      
# span 24 =    106.021,    221.821      
# span 25 =    107.114,    222.792      
# span 26 =         30,         71      
# span 27 = 0.0000e+00, 0.0000e+00      
# interval = decibars: 1                
# start_time = Sep 28 2021 09:37:15 [NMEA time, header]
# bad_flag = -9.990e-29
*END*
[from data line 104]
      70981   2957.490    534.746    539.000     8.8788     8.8844   3.734435   3.734592     1.5868     1.2921     100.00   27.33166  -94.99537    0.00015    0.00019     2.5401     2.5672     8.8195     8.8251    35.0730    35.0691    27.2043    27.2003    1501.66    110.439    111.613         32 0.0000e+00
      71108   2962.791    529.792    534.000     8.9523     8.9507   3.741766   3.741463     1.5886     1.2934      99.31   27.33173  -94.99564    0.00042    0.00034     2.5389     2.5654     8.8932     8.8917    35.0798    35.0782    27.1978    27.1968    1501.67    110.387    111.538         30 0.0000e+00
      72358   3014.857    520.874    525.000     9.0488     9.0463   3.752137   3.751733     1.5919     1.2969     100.02   27.33840  -95.01874    0.00006    0.00004     2.5391     2.5671     8.9904     8.9880    35.0987    35.0969    27.1973    27.1963    1502.03    110.392    111.611         42 0.0000e+00
      72815   3033.933    519.883    524.000     9.0667     9.0680   3.753407   3.753430     1.5917     1.2965     100.00   27.33232  -94.99760    0.00013   -0.00001     2.5372     2.5642     9.0084     9.0097    35.0934    35.0926    27.1900    27.1892    1501.70    110.314    111.487         37 0.0000e+00
      72875   3036.397    516.910    521.000     9.0955     9.0864   3.756443   3.755433     1.5919     1.2965      76.14   27.33308  -95.00024   -0.00001   -0.00002     2.5350     2.5621     9.0374     9.0283    35.0986    35.0970    27.1894    27.1896    1501.74    110.216    111.396         30 0.0000e+00
      73419   3059.064    496.100    500.000     9.4432     9.4461   3.792474   3.792677     1.5924     1.2957      50.07   27.33308  -95.00024   -0.00011   -0.00030     2.5068     2.5295     9.3862     9.3891    35.1419    35.1410    27.1663    27.1652    1501.74    108.992    109.979         30 0.0000e+00
      73549   3064.518    491.145    495.000     9.4938     9.4869   3.797636   3.796775     1.5915     1.2950     100.00   27.33285  -94.99945   -0.00005   -0.00006     2.4996     2.5232     9.4372     9.4303    35.1480    35.1458    27.1626    27.1620    1501.73    108.680    109.708         31 0.0000e+00
      74500   3104.129    455.465    459.000    10.1359    10.1314   3.865029   3.864520     1.6057     1.3079     100.00   27.33252  -94.99833    0.00004   -0.00005     2.4873     2.5112    10.0813    10.0769    35.2303    35.2295    27.1179    27.1180    1501.71    108.148    109.189         30 0.0000e+00
      74631   3109.573    450.509    454.000    10.2376    10.2349   3.875938   3.875504     1.6078     1.3101     100.00   27.33184  -94.99594    0.00050    0.00034     2.4852     2.5100    10.1832    10.1806    35.2448    35.2429    27.1115    27.1105    1501.67    108.060    109.136         31 0.0000e+00
      74741   3114.180    446.544    450.000    10.3125    10.3142   3.884216   3.884166     1.6097     1.3116     100.01   27.33406  -95.00366    0.00052    0.00041     2.4845     2.5082    10.2584    10.2601    35.2584    35.2563    27.1092    27.1072    1501.80    108.031    109.061         30 0.0000e+00
      74868   3119.456    441.588    445.000    10.4580    10.4499   3.899546   3.898391     1.6109     1.3125     100.00   27.33173  -94.99556    0.00045    0.00020     2.4773     2.5014    10.4041    10.3960    35.2747    35.2708    27.0962    27.0946    1501.67    107.718    108.765         32 0.0000e+00
      74982   3124.211    437.623    441.000    10.5404    10.5384   3.908855   3.908485     1.6124     1.3140     100.01   27.33542  -95.00837    0.00034    0.00045     2.4750     2.4991    10.4867    10.4847    35.2917    35.2899    27.0951    27.0941    1501.87    107.615    108.664         32 0.0000e+00
      75006   3125.213    436.631    440.000    10.5394    10.5398   3.908366   3.908294     1.6127     1.3140     100.00   27.33230  -94.99752    0.00026    0.00021     2.4755     2.4988    10.4858    10.4862    35.2874    35.2864    27.0918    27.0909    1501.70    107.639    108.653         31 0.0000e+00
      75105   3129.332    432.666    436.000    10.6136    10.6086   3.916176   3.915500     1.6144     1.3162     100.00   27.33138  -94.99433    0.00044    0.00061     2.4745     2.4998    10.5603    10.5553    35.2961    35.2942    27.0853    27.0846    1501.65    107.599    108.695         32 0.0000e+00
      77371   3223.729    403.916    407.000    11.2214    11.2098   3.982264   3.980855     1.6259     1.3264      67.78   27.33193  -94.99619    0.00176    0.00102     2.4593     2.4848    11.1698    11.1583    35.3857    35.3828    27.0449    27.0448    1501.68    106.942    108.048         30 0.0000e+00
      77693   3237.150    391.027    394.000    11.5188    11.5208   4.015138   4.015029     1.6262     1.3267     100.00   27.33337  -95.00120    0.00084    0.00094     2.4381     2.4632    11.4681    11.4701    35.4327    35.4297    27.0262    27.0235    1501.76    106.021    107.114         30 0.0000e+00
      77811   3242.084    386.069    389.000    11.6129    11.6083   4.025249   4.024543     1.6337     1.3334     100.00   27.33246  -94.99803    0.00161    0.00145     2.4511     2.4761    11.5625    11.5580    35.4445    35.4419    27.0177    27.0165    1501.71    106.586    107.673         30 0.0000e+00
      78225   3259.313    369.212    372.000    12.0166    12.0006   4.069360   4.067610     1.6633     1.3601     100.00   27.33087  -94.99254    0.00168    0.00124     2.5003     2.5253    11.9674    11.9515    35.4994    35.4975    26.9834    26.9849    1501.62    108.729    109.819         30 0.0000e+00
      78346   3264.373    364.254    367.000    12.1719    12.1732   4.087098   4.086664     1.6663     1.3630      99.99   27.33067  -94.99186    0.00067    0.00041     2.4971     2.5218    12.1230    12.1243    35.5269    35.5214    26.9747    26.9702    1501.61    108.592    109.664         30 0.0000e+00
      78468   3269.473    359.296    362.000    12.2870    12.2894   4.099821   4.099948     1.6682     1.3653      91.88   27.33081  -94.99234    0.00057    0.00063     2.4935     2.5199    12.2384    12.2408    35.5436    35.5426    26.9652    26.9640    1501.62    108.434    109.586         30 0.0000e+00
      78594   3274.721    354.338    357.000    12.3854    12.3922   4.110840   4.111390     1.6757     1.3725     100.00   27.33167  -94.99532    0.00150    0.00155     2.5057     2.5330    12.3373    12.3441    35.5596    35.5584    26.9584    26.9562    1501.67    108.967    110.153         31 0.0000e+00
      78715   3279.747    349.379    352.000    12.5123    12.5059   4.124862   4.124096     1.6801     1.3741      67.89   27.33137  -94.99425    0.00073    0.00016     2.5079     2.5292    12.4645    12.4582    35.5772    35.5757    26.9470    26.9472    1501.65    109.065    109.988         30 0.0000e+00
      79448   3310.304    324.585    327.000    13.0519    13.0276   4.187052   4.184012     1.6713     1.3661     100.05   27.34478  -95.04089 -7.829e-07   -0.00007     2.4446     2.4682    13.0064    12.9820    35.6799    35.6738    26.9194    26.9196    1502.39    106.316    107.343         34 0.0000e+00
      82091   3420.421    274.987    277.000    14.3469    14.3406   4.332876   4.332244     1.7318     1.4243      99.49   27.32515  -94.97264    0.00117    0.00150     2.5073     2.5392    14.3058    14.2995    35.8585    35.8578    26.7851    26.7859    1501.31    109.053    110.442         31 0.0000e+00
      82303   3429.253    273.995    276.000    14.4525    14.4982   4.345606   4.351386     1.7395     1.4278     100.00   27.33220  -94.99716    0.00071    0.00022     2.5197     2.5401    14.4114    14.4569    35.8804    35.8885    26.7797    26.7762    1501.70    109.595    110.484         31 0.0000e+00
      83408   3475.303    273.003    275.000    14.5360    14.5184   4.355575   4.353561     1.7373     1.4271      82.91   27.33220  -94.99714    0.00020    0.00017     2.5090     2.5362    14.4948    14.4772    35.8957    35.8930    26.7735    26.7753    1501.70    109.132    110.315         34 0.0000e+00
      85119   3546.587    210.493    212.000    16.4212    16.4423   4.575559   4.577770     1.7853     1.4677     100.02   27.33695  -95.01363    0.00139    0.00113     2.4980     2.5185    16.3867    16.4078    36.1878    36.1896    26.5722    26.5687    1501.96    108.674    109.563         32 0.0000e+00
      85534   3563.895    208.508    210.000    16.5100    16.5167   4.585782   4.586828     1.7886     1.4700     100.02   27.33823  -95.01810    0.00077    0.00028     2.5002     2.5195    16.4757    16.4827    36.1980    36.1987    26.5592    26.5572    1502.03    108.768    109.611         30 0.0000e+00
      86645   3610.175    207.515    209.000    16.6194    16.6421   4.598302   4.600876     1.7927     1.4759      91.60   27.33218  -94.99706    0.00019    0.00013     2.5036     2.5278    16.5851    16.6078    36.2090    36.2111    26.5414    26.5377    1501.70    108.918    109.975         35 0.0000e+00
      86906   3621.046    201.561    203.000    16.7314    16.7296   4.611367   4.610902     1.7963     1.4770     100.00   27.33205  -94.99663    0.00083    0.00020     2.5040     2.5240    16.6980    16.6962    36.2254    36.2229    26.5273    26.5258    1501.69    108.939    109.810         30 0.0000e+00
      87035   3626.435    196.599    198.000    16.8567    16.8636   4.626073   4.626653     1.8017     1.4821     100.01   27.33357  -95.00190    0.00122    0.00103     2.5080     2.5283    16.8239    16.8309    36.2443    36.2431    26.5120    26.5094    1501.78    109.116    109.998         31 0.0000e+00
      87166   3631.895    191.637    193.000    17.0331    17.0358   4.646966   4.647229     1.8062     1.4848      51.33   27.33563  -95.00904    0.00110    0.00075     2.5073     2.5247    17.0009    17.0037    36.2715    36.2713    26.4907    26.4899    1501.89    109.084    109.844         32 0.0000e+00
      87283   3636.743    186.674    188.000    17.2569    17.2649   4.673020   4.673742     1.8102     1.4872     100.01   27.33385  -95.00286    0.00132    0.00085     2.5027     2.5173    17.2253    17.2332    36.2991    36.2982    26.4577    26.4551    1501.79    108.890    109.523         30 0.0000e+00
      88087   3670.230    154.912    156.000    18.8378    18.8484   4.856912   4.858000     1.8782     1.5497     100.01   27.33405  -95.00355    0.00279    0.00203     2.5610     2.5805    18.8099    18.8205    36.4815    36.4813    26.2030    26.2002    1501.80    111.455    112.304         30 0.0000e+00
      88216   3675.630    151.934    153.000    19.0162    19.0288   4.877911   4.879517     1.8950     1.5695      87.40   27.33954  -95.02263    0.00220    0.00271     2.5875     2.6181    18.9887    19.0013    36.5047    36.5071    26.1755    26.1742    1502.10    112.612    113.944         30 0.0000e+00
      88351   3681.250    150.941    152.000    18.9440    19.0084   4.870967   4.875196     1.9030     1.5805      67.22   27.33217  -94.99706   -0.00126   -0.00030     2.6033     2.6400    18.9167    18.9814    36.5025    36.4858    26.1915    26.1622    1501.70    113.294    114.896         36 0.0000e+00
      90056   3752.295    147.963    149.000    19.4372    19.4597   4.924557   4.926950     1.9361     1.6023     100.02   27.33792  -95.01700   -0.00016   -0.00045     2.6539     2.6740    19.4100    19.4324    36.5265    36.5267    26.0828    26.0771    1502.02    115.509    116.387         32 0.0000e+00
      90343   3764.266    136.050    137.000    19.8238    19.8296   4.964893   4.965400     1.9587     1.6233      74.93   27.33137  -94.99421    0.00206    0.00155     2.6787     2.7013    19.7985    19.8042    36.5252    36.5244    25.9791    25.9769    1501.66    116.599    117.585         31 0.0000e+00
      90473   3769.654    131.087    132.000    20.0914    20.1126   4.991781   4.993896     1.9868     1.6524      59.01   27.33086  -94.99245    0.00722    0.00792     2.7234     2.7544    20.0667    20.0880    36.5161    36.5150    25.9008    25.8943    1501.63    118.555    119.907         35 0.0000e+00
      90606   3775.196    126.123    127.000    20.3992    20.4528   5.019036   5.023792     2.0515     1.7246     100.00   27.33117  -94.99349    0.01580    0.01967     2.8444     2.9056    20.3753    20.4287    36.4752    36.4680    25.7871    25.7671    1501.65    123.837    126.502         37 0.0000e+00
      90956   3789.810    121.159    122.000    20.6429    20.5965   5.040060   5.036888     2.1639     1.8019     100.09   27.35542  -95.07776    0.00947    0.00643     3.0686     3.0778    20.6197    20.5734    36.4505    36.4645    25.7052    25.7285    1502.98    133.612    134.008         35 0.0000e+00
      91022   3792.545    120.166    121.000    20.6593    20.7192   5.038584   5.043138     2.2027     1.8568      99.74   27.33216  -94.99692    0.00901    0.01387     3.1501     3.1989    20.6363    20.6961    36.4135    36.3992    25.6696    25.6425    1501.70    137.161    139.292         54 0.0000e+00
      92396   3849.801    115.202    116.000    21.0465    21.0303   5.075857   5.072755     2.3127     1.9473     100.05   27.34627  -95.04597    0.00259    0.00233     3.3570     3.3895    21.0242    21.0079    36.3929    36.3817    25.5500    25.5459    1502.48    146.192    147.605         32 0.0000e+00
      92383   3849.249    114.209    115.000    21.0843    21.0662   5.079260   5.076922     2.3044     1.9352     100.00   27.33214  -94.99686   -0.00034   -0.00333     3.3377     3.3583    21.0620    21.0439    36.3816    36.3751    25.5291    25.5291    1501.70    145.350    146.248         37 0.0000e+00
      92417   3850.677    113.216    114.000    21.1979    21.1873   5.090045   5.090064     2.2903     1.9267      54.20   27.33214  -94.99686   -0.00619   -0.00663     3.2959     3.3266    21.1759    21.1653    36.3858    36.3867    25.5010    25.5046    1501.70    143.535    144.872         30 0.0000e+00
      92447   3851.923    112.223    113.000    21.2116    21.2128   5.091763   5.091892     2.2897     1.9248      99.58   27.33214  -94.99686   -0.00649   -0.00572     3.2968     3.3247    21.1897    21.1909    36.3745    36.3745    25.4886    25.4883    1501.70    143.576    144.790         31 0.0000e+00
      92480   3853.286    111.231    112.000    21.2095    21.2184   5.089577   5.090436     2.3001     1.9372      99.99   27.33214  -94.99686   -0.00158   -0.00113     3.3186     3.3530    21.1878    21.1967    36.3591    36.3585    25.4774    25.4745    1501.70    144.528    146.026         36 0.0000e+00
      92514   3854.720    110.238    111.000    21.2116    21.2288   5.088520   5.089887     2.3304     1.9667     100.00   27.33214  -94.99686    0.01230    0.01302     3.3819     3.4201    21.1901    21.2073    36.3492    36.3456    25.4692    25.4617    1501.70    147.283    148.949         31 0.0000e+00
      92581   3857.512    108.252    109.000    21.3249    21.3392   5.099697   5.101003     2.3735     2.0095     100.01   27.33385  -95.00280    0.01659    0.01666     3.4642     3.5112    21.3037    21.3180    36.3443    36.3427    25.4344    25.4292    1501.79    150.875    152.923         34 0.0000e+00
      92611   3858.741    107.259    108.000    21.4080    21.4108   5.109812   5.110094     2.3913     2.0204     100.00   27.33214  -94.99686    0.01650    0.01472     3.4936     3.5310    21.3870    21.3897    36.3544    36.3542    25.4187    25.4179    1501.70    152.157    153.786         36 0.0000e+00
      92643   3860.103    106.266    107.000    21.5529    21.5259   5.126841   5.123257     2.3973     2.0224     100.00   27.33214  -94.99686    0.01189    0.00814     3.4972     3.5278    21.5319    21.5050    36.3682    36.3624    25.3891    25.3921    1501.70    152.320    153.652         30 0.0000e+00
