Gulf of Mexico/GOMECC-4/1db/urb2103_0831.cnv
* Sea-Bird SBE 9 Data File:
* FileName = C:\Users\scs.user.rb\CTD\GOMECC4\data\rb2103_0831.hex
* Software Version Seasave V 7.26.7.107
* Temperature SN = 4799
* Conductivity SN = 3860
* Number of Bytes Per Scan = 41
* Number of Voltage Words = 4
* Number of Scans Averaged by the Deck Unit = 1
* NMEA Latitude = 22 16.43 N
* NMEA Longitude = 095 00.01 W
* NMEA UTC (Time) = Oct 07 2021  05:34:53
* NMEA baud rate = 4800
# nquan = 28
# nvalues = 243                         
# units = specified
# name 0 = scan: Scan Count
# name 1 = timeS: Time, Elapsed [seconds]
# name 2 = depSM: Depth [salt water, m]
# name 3 = prDM: Pressure, Digiquartz [db]
# name 4 = t090C: Temperature [ITS-90, deg C]
# name 5 = t190C: Temperature, 2 [ITS-90, deg C]
# name 6 = c0S/m: Conductivity [S/m]
# name 7 = c1S/m: Conductivity, 2 [S/m]
# name 8 = sbeox0V: Oxygen raw, SBE 43 [V]
# name 9 = sbeox1V: Oxygen raw, SBE 43, 2 [V]
# name 10 = altM: Altimeter [m]
# name 11 = latitude: Latitude [deg]
# name 12 = longitude: Longitude [deg]
# name 13 = sbox0dV/dT: Oxygen, SBE 43 [dov/dt]
# name 14 = sbox1dV/dT: Oxygen, SBE 43, 2 [dov/dt]
# name 15 = sbeox0ML/L: Oxygen, SBE 43 [ml/l], WS = 5
# name 16 = sbeox1ML/L: Oxygen, SBE 43, 2 [ml/l], WS = 5
# name 17 = potemp090C: Potential Temperature [ITS-90, deg C]
# name 18 = potemp190C: Potential Temperature, 2 [ITS-90, deg C]
# name 19 = sal00: Salinity, Practical [PSU]
# name 20 = sal11: Salinity, Practical, 2 [PSU]
# name 21 = sigma-é00: Density [sigma-theta, kg/m^3]
# name 22 = sigma-é11: Density, 2 [sigma-theta, kg/m^3]
# name 23 = avgsvCM: Average Sound Velocity [Chen-Millero, m/s], minP = 20, minS = 20
# name 24 = sbox0Mm/Kg: Oxygen, SBE 43 [umol/kg], WS = 5
# name 25 = sbox1Mm/Kg: Oxygen, SBE 43, 2 [umol/kg], WS = 5
# name 26 = nbin: number of scans per bin
# name 27 = flag: flag
# span 0 =      99389,     223955       
# span 1 =   4141.157,   9331.436       
# span 2 =      5.962,   3393.846       
# span 3 =      6.000,   3443.000       
# span 4 =     4.2775,    29.9240       
# span 5 =     4.2788,    29.9259       
# span 6 =   3.344483,   6.040049       
# span 7 =   3.344436,   6.040675       
# span 8 =     1.5660,     3.3480       
# span 9 =     1.2688,     2.8490       
# span 10 =      11.54,     101.46      
# span 11 =   22.14392,   22.55830      
# span 12 =  -96.21375,  -94.44632      
# span 13 =   -0.02612,    0.02682      
# span 14 =   -0.02595,    0.02430      
# span 15 =     2.3891,     4.9115      
# span 16 =     2.4041,     4.8986      
# span 17 =     4.0778,    29.9205      
# span 18 =     4.0791,    29.9224      
# span 19 =    34.9121,    36.6679      
# span 20 =    34.9120,    36.6687      
# span 21 =    22.6533,    27.7593      
# span 22 =    22.6689,    27.7578      
# span 23 =    1495.20,    1523.18      
# span 24 =    103.882,    214.241      
# span 25 =    104.538,    213.682      
# span 26 =         30,         71      
# span 27 = 0.0000e+00, 0.0000e+00      
# interval = decibars: 1                
# start_time = Oct 07 2021 05:34:53 [NMEA time, header]
# bad_flag = -9.990e-29
*END*
[from data line 156]
     205999   8583.249    146.030    147.000    18.8538    18.8415   4.856733   4.855053     1.8547     1.5237      60.95   22.27386  -95.00058    0.00031   -0.00025     2.5054     2.5151    18.8275    18.8154    36.4701    36.4661    26.1896    26.1898    1503.98    109.036    109.459         49 0.0000e+00
     206039   8584.903    145.036    146.000    18.9372    18.9201   4.866240   4.864146     1.8572     1.5251     101.46   22.27386  -95.00058    0.00052   -0.00032     2.5066     2.5142    18.9111    18.8939    36.4753    36.4728    26.1722    26.1747    1503.98    109.091    109.422         35 0.0000e+00
     206070   8586.223    144.043    145.000    18.9664    18.9637   4.869561   4.869197     1.8641     1.5325     100.00   22.27386  -95.00058    0.00211    0.00161     2.5199     2.5297    18.9403    18.9376    36.4781    36.4774    26.1668    26.1669    1503.98    109.669    110.097         32 0.0000e+00
     206134   8588.893    139.078    140.000    19.2232    19.2432   4.897388   4.899344     1.8886     1.5558      99.97   22.26694  -94.97106    0.00445    0.00397     2.5590     2.5709    19.1978    19.2178    36.4840    36.4837    26.1038    26.0985    1503.51    111.376    111.894         32 0.0000e+00
     206319   8596.585    135.106    136.000    19.3953    19.3985   4.917257   4.917411     1.9023     1.5687     100.00   22.27484  -95.00474    0.00272    0.00203     2.5785     2.5927    19.3705    19.3737    36.5050    36.5035    26.0762    26.0742    1504.05    112.228    112.847         31 0.0000e+00
     206341   8597.482    134.113    135.000    19.4192    19.4163   4.919490   4.919034     1.9060     1.5704     100.00   22.27386  -95.00058    0.00285    0.00244     2.5851     2.5954    19.3945    19.3917    36.5026    36.5013    26.0679    26.0676    1503.98    112.516    112.965         30 0.0000e+00
     206490   8603.728    129.147    130.000    19.6437    19.6425   4.943414   4.942978     1.9278     1.5912     100.01   22.27570  -95.00839    0.00418    0.00425     2.6190     2.6325    19.6198    19.6185    36.5083    36.5058    26.0135    26.0120    1504.10    114.000    114.588         30 0.0000e+00
     206503   8604.265    128.154    129.000    19.6704    19.6648   4.945829   4.945275     1.9348     1.5983     100.00   22.27388  -95.00058    0.00607    0.00626     2.6328     2.6478    19.6466    19.6411    36.5044    36.5046    26.0032    26.0049    1503.98    114.599    115.256         30 0.0000e+00
     206887   8620.255    113.257    114.000    20.5959    20.5928   5.030112   5.029918     2.1722     1.8159      99.99   22.27082  -94.98755    0.01834    0.01688     3.0866     3.1079    20.5743    20.5712    36.3997    36.4008    25.6754    25.6771    1503.77    134.395    135.324         32 0.0000e+00
     206947   8622.756    112.263    113.000    20.6371    20.6287   5.033955   5.033372     2.1940     1.8332     100.00   22.27388  -95.00058    0.01604    0.01320     3.1302     3.1458    20.6156    20.6072    36.3978    36.4003    25.6632    25.6674    1503.98    136.296    136.977         31 0.0000e+00
     206979   8624.075    111.270    112.000    20.6941    20.6979   5.039283   5.039544     2.2139     1.8524     100.00   22.27388  -95.00058    0.01562    0.01287     3.1686     3.1866    20.6728    20.6766    36.3926    36.3914    25.6438    25.6418    1503.98    137.970    138.756         33 0.0000e+00
     207012   8625.471    110.277    111.000    20.7765    20.7667   5.045464   5.044274     2.2386     1.8759     100.00   22.27388  -95.00058    0.01579    0.01460     3.2156     3.2371    20.7552    20.7455    36.3726    36.3713    25.6061    25.6077    1503.98    140.025    140.960         34 0.0000e+00
     207047   8626.924    109.284    110.000    20.8365    20.8321   5.049712   5.049205     2.2769     1.9089     100.00   22.27388  -95.00058    0.01927    0.01784     3.2929     3.3099    20.8154    20.8110    36.3561    36.3557    25.5772    25.5781    1503.98    143.394    144.134         35 0.0000e+00
     207081   8628.334    108.290    109.000    20.9136    20.8895   5.054302   5.052873     2.3145     1.9445     100.00   22.27388  -95.00058    0.02496    0.02220     3.3635     3.3891    20.8869    20.8686    36.3327    36.3367    25.5398    25.5479    1503.98    146.472    147.588         33 0.0000e+00
     207113   8629.658    107.297    108.000    20.9818    20.9624   5.061179   5.059072     2.3494     1.9748      86.00   22.27388  -95.00058    0.02682    0.02430     3.4363     3.4548    20.9610    20.9416    36.3256    36.3251    25.5142    25.5191    1503.98    149.649    150.451         31 0.0000e+00
     207144   8630.948    106.304    107.000    21.0782    21.0654   5.069824   5.068451     2.3821     2.0034      99.89   22.27388  -95.00058    0.02608    0.02358     3.4986     3.5144    21.0575    21.0448    36.3136    36.3134    25.4786    25.4819    1503.98    152.367    153.052         31 0.0000e+00
     207175   8632.244    105.311    106.000    21.1275    21.1439   5.074051   5.074951     2.4173     2.0342     100.00   22.27388  -95.00058    0.02606    0.02255     3.5689     3.5804    21.1070    21.1234    36.3061    36.2994    25.4593    25.4497    1503.98    155.431    155.933         32 0.0000e+00
     207212   8633.774    104.317    105.000    21.2015    21.1940   5.080237   5.079195     2.4554     2.0722      87.80   22.27388  -95.00058    0.02575    0.02378     3.6415     3.6647    21.1812    21.1736    36.2925    36.2897    25.4285    25.4285    1503.98    158.596    159.608         40 0.0000e+00
     207267   8636.082    103.324    104.000    21.1762    21.2057   5.078001   5.080448     2.4943     2.1058      97.21   22.27388  -95.00058    0.02198    0.01939     3.7267     3.7410    21.1561    21.1855    36.2972    36.2918    25.4390    25.4268    1503.98    162.307    162.929         50 0.0000e+00
     209241   8718.325     98.358     99.000    21.6482    21.6395   5.124975   5.124313     2.7302     2.3186     100.13   22.30342  -95.12659    0.00169    0.00191     4.1831     4.1987    21.6287    21.6200    36.2943    36.2906    25.3108    25.3100    1505.97    182.212    182.890         44 0.0000e+00
     209020   8709.127     97.365     98.000    21.6267    21.6140   5.118792   5.117562     2.7358     2.3204     100.00   22.27388  -95.00058    0.00290    0.00161     4.1956     4.2034    21.6074    21.5948    36.2449    36.2458    25.2742    25.2783    1503.98    182.758    183.095         67 0.0000e+00
     209082   8711.726     96.371     97.000    21.6640    21.6278   5.122084   5.118976     2.7523     2.3279     100.00   22.27388  -95.00058    0.00584    0.00294     4.2239     4.2189    21.6450    21.6087    36.2400    36.2437    25.2600    25.2729    1503.98    183.990    183.770         57 0.0000e+00
     209134   8713.894     95.378     96.000    21.7203    21.6923   5.127831   5.124819     2.7617     2.3402     100.00   22.27388  -95.00058    0.00590    0.00398     4.2411     4.2419    21.7014    21.6734    36.2387    36.2384    25.2432    25.2508    1503.98    184.745    184.779         46 0.0000e+00
     209177   8715.662     94.385     95.000    21.7585    21.7442   5.131851   5.130411     2.7646     2.3466     100.00   22.27388  -95.00059    0.00299    0.00541     4.2434     4.2521    21.7397    21.7254    36.2390    36.2395    25.2327    25.2372    1503.98    184.848    185.225         41 0.0000e+00
     209221   8717.491     93.392     94.000    21.7903    21.7784   5.134971   5.133776     2.7667     2.3488      99.99   22.27388  -95.00059    0.00145    0.00262     4.2448     4.2542    21.7717    21.7598    36.2374    36.2379    25.2226    25.2263    1503.98    184.907    185.316         46 0.0000e+00
     209263   8719.249     92.398     93.000    21.8270    21.8147   5.138491   5.137231     2.7718     2.3526     100.00   22.27388  -95.00059    0.00151    0.00131     4.2519     4.2595    21.8087    21.7963    36.2348    36.2352    25.2102    25.2140    1503.98    185.218    185.549         39 0.0000e+00
     209302   8720.882     91.405     92.000    21.8811    21.8659   5.144202   5.142307     2.7988     2.3762     100.00   22.27388  -95.00058    0.00571    0.00440     4.3024     4.3087    21.8629    21.8477    36.2351    36.2331    25.1952    25.1980    1503.98    187.425    187.696         38 0.0000e+00
     209337   8722.327     90.411     91.000    21.9199    21.9029   5.148584   5.146550     2.8223     2.3976      90.02   22.27388  -95.00058    0.01426    0.01294     4.3476     4.3542    21.9019    21.8849    36.2376    36.2357    25.1862    25.1895    1503.98    189.394    189.682         32 0.0000e+00
     209368   8723.611     89.418     90.000    21.9711    21.9604   5.153818   5.152426     2.8434     2.4155      97.38   22.27388  -95.00060    0.01797    0.01589     4.3866     4.3899    21.9532    21.9425    36.2365    36.2345    25.1709    25.1724    1503.98    191.095    191.241         31 0.0000e+00
     209400   8724.949     88.425     89.000    21.9985    21.9935   5.156553   5.156089     2.8615     2.4347      99.98   22.27388  -95.00060    0.01654    0.01477     4.4210     4.4305    21.9808    21.9758    36.2356    36.2361    25.1624    25.1642    1503.98    192.594    193.008         33 0.0000e+00
     209434   8726.363     87.432     88.000    22.0194    22.0121   5.158642   5.157764     2.8758     2.4481     100.00   22.27388  -95.00058    0.01345    0.01316     4.4482     4.4590    22.0019    21.9946    36.2349    36.2341    25.1559    25.1574    1503.98    193.783    194.252         35 0.0000e+00
     209469   8727.834     86.438     87.000    22.0386    22.0366   5.160616   5.160231     2.8856     2.4588      67.74   22.27388  -95.00058    0.00973    0.00977     4.4660     4.4807    22.0213    22.0193    36.2342    36.2334    25.1500    25.1499    1503.98    194.560    195.197         34 0.0000e+00
     209502   8729.192     85.445     86.000    22.0790    22.0724   5.164709   5.164003     2.8952     2.4657     100.11   22.27388  -95.00058    0.00740    0.00715     4.4832     4.4937    22.0619    22.0552    36.2336    36.2337    25.1381    25.1400    1503.98    195.310    195.767         32 0.0000e+00
     209533   8730.486     84.451     85.000    22.1150    22.1042   5.168524   5.167276     2.9022     2.4719     100.00   22.27388  -95.00058    0.00656    0.00565     4.4929     4.5039    22.0981    22.0872    36.2340    36.2332    25.1281    25.1306    1503.98    195.733    196.213         31 0.0000e+00
     209564   8731.775     83.458     84.000    22.1514    22.1323   5.172169   5.170039     2.9102     2.4767     100.00   22.27388  -95.00058    0.00605    0.00449     4.5058     4.5121    22.1346    22.1156    36.2326    36.2318    25.1168    25.1215    1503.98    196.300    196.570         31 0.0000e+00
     209597   8733.183     82.465     83.000    22.2027    22.1927   5.177343   5.175899     2.9203     2.4868     100.00   22.27388  -95.00058    0.00618    0.00476     4.5216     4.5295    22.1861    22.1761    36.2309    36.2292    25.1009    25.1024    1503.98    196.988    197.334         36 0.0000e+00
     209634   8734.704     81.471     82.000    22.2519    22.2402   5.182424   5.181010     2.9302     2.4995      98.71   22.27388  -95.00058    0.00695    0.00709     4.5373     4.5539    22.2355    22.2237    36.2302    36.2288    25.0863    25.0886    1503.98    197.675    198.397         35 0.0000e+00
     209666   8736.053     80.478     81.000    22.3547    22.3264   5.193316   5.190133     2.9410     2.5071     100.01   22.27388  -95.00058    0.00685    0.00761     4.5499     4.5634    22.3384    22.3102    36.2304    36.2290    25.0572    25.0642    1503.98    198.232    198.818         31 0.0000e+00
     209697   8737.339     79.485     80.000    22.4832    22.4265   5.207228   5.200845     2.9610     2.5196     100.00   22.27388  -95.00058    0.00908    0.00697     4.5791     4.5827    22.4671    22.4103    36.2329    36.2301    25.0224    25.0365    1503.98    199.512    199.665         32 0.0000e+00
     209730   8738.703     78.491     79.000    22.5687    22.5299   5.216321   5.211879     2.9793     2.5377     100.00   22.27388  -95.00058    0.01308    0.00945     4.6084     4.6146    22.5528    22.5140    36.2333    36.2308    24.9982    25.0074    1503.98    200.792    201.062         33 0.0000e+00
     209763   8740.074     77.498     78.000    22.6296    22.5934   5.222769   5.218870     2.9944     2.5510     100.00   22.27388  -95.00058    0.01361    0.01187     4.6332     4.6387    22.6138    22.5776    36.2335    36.2331    24.9809    24.9910    1503.98    201.877    202.115         32 0.0000e+00
     209795   8741.425     76.504     77.000    22.6829    22.6747   5.228856   5.227727     3.0047     2.5593     100.00   22.27388  -95.00058    0.01075    0.01012     4.6490     4.6503    22.6673    22.6591    36.2371    36.2356    24.9683    24.9695    1503.98    202.566    202.625         34 0.0000e+00
     209830   8742.872     75.511     76.000    22.7097    22.7016   5.231874   5.230879     3.0126     2.5703     100.00   22.27388  -95.00059    0.00788    0.00753     4.6620     4.6719    22.6943    22.6861    36.2388    36.2378    24.9618    24.9634    1503.98    203.135    203.565         35 0.0000e+00
     209865   8744.319     74.518     75.000    22.7452    22.7172   5.235713   5.232405     3.0176     2.5747     100.00   22.27388  -95.00060    0.00523    0.00588     4.6684     4.6798    22.7299    22.7019    36.2397    36.2371    24.9522    24.9583    1503.98    203.415    203.910         33 0.0000e+00
     210540   8772.473     69.551     70.000    23.0246    23.0524   5.268097   5.271153     3.0621     2.6192      98.74   22.28030  -95.02789    0.00117    0.00218     4.7306     4.7480    23.0102    23.0380    36.2638    36.2668    24.8905    24.8849    1504.41    206.139    206.900         36 0.0000e+00
     211769   8823.665     68.557     69.000    23.1682    23.1751   5.282725   5.283498     3.0810     2.6307      99.98   22.27390  -95.00062    0.00009   -0.00036     4.7554     4.7627    23.1540    23.1609    36.2570    36.2572    24.8426    24.8407    1503.98    207.227    207.546         68 0.0000e+00
     211859   8827.425     67.564     68.000    23.1899    23.1859   5.284706   5.284730     3.0838     2.6352      88.56   22.27390  -95.00062    0.00037    0.00177     4.7582     4.7711    23.1731    23.1719    36.2570    36.2576    24.8370    24.8378    1503.98    207.352    207.913         71 0.0000e+00
     211929   8830.350     66.571     67.000    23.2956    23.2491   5.296443   5.290537     3.0931     2.6348      90.24   22.27390  -95.00062    0.00286   -0.00055     4.7678     4.7646    23.2828    23.2353    36.2578    36.2541    24.8056    24.8167    1503.98    207.777    207.634         61 0.0000e+00
     211993   8832.981     65.577     66.000    23.3398    23.2958   5.301062   5.296575     3.0989     2.6435      84.96   22.27390  -95.00061    0.00279    0.00264     4.7742     4.7790    23.3261    23.2822    36.2582    36.2597    24.7932    24.8072    1503.98    208.058    208.262         66 0.0000e+00
     212051   8835.403     64.584     65.000    23.3974    23.3366   5.307254   5.301060     3.1048     2.6484      99.80   22.27390  -95.00060    0.00203    0.00246     4.7804     4.7860    23.3839    23.3231    36.2588    36.2611    24.7767    24.7963    1503.98    208.329    208.570         54 0.0000e+00
     212111   8837.919     63.590     64.000    23.4683    23.4043   5.315494   5.308514     3.1121     2.6530     100.00   22.27390  -95.00060    0.00287    0.00188     4.7879     4.7894    23.4550    23.3910    36.2643    36.2633    24.7600    24.7781    1503.98    208.660    208.723         64 0.0000e+00
