Gulf of Mexico/GOMECC-4/1db/urb2103_0871.cnv
* Sea-Bird SBE 9 Data File:
* FileName = C:\Users\scs.user.rb\CTD\GOMECC4\data\rb2103_0871.hex
* Software Version Seasave V 7.26.7.107
* Temperature SN = 4799
* Conductivity SN = 3860
* Number of Bytes Per Scan = 41
* Number of Voltage Words = 4
* Number of Scans Averaged by the Deck Unit = 1
* NMEA Latitude = 19 36.52 N
* NMEA Longitude = 093 30.02 W
* NMEA UTC (Time) = Oct 08 2021  13:21:27
* NMEA baud rate = 4800
# nquan = 28
# nvalues = 218                         
# units = specified
# name 0 = scan: Scan Count
# name 1 = timeS: Time, Elapsed [seconds]
# name 2 = depSM: Depth [salt water, m]
# name 3 = prDM: Pressure, Digiquartz [db]
# name 4 = t090C: Temperature [ITS-90, deg C]
# name 5 = t190C: Temperature, 2 [ITS-90, deg C]
# name 6 = c0S/m: Conductivity [S/m]
# name 7 = c1S/m: Conductivity, 2 [S/m]
# name 8 = sbeox0V: Oxygen raw, SBE 43 [V]
# name 9 = sbeox1V: Oxygen raw, SBE 43, 2 [V]
# name 10 = altM: Altimeter [m]
# name 11 = latitude: Latitude [deg]
# name 12 = longitude: Longitude [deg]
# name 13 = sbox0dV/dT: Oxygen, SBE 43 [dov/dt]
# name 14 = sbox1dV/dT: Oxygen, SBE 43, 2 [dov/dt]
# name 15 = sbeox0ML/L: Oxygen, SBE 43 [ml/l], WS = 5
# name 16 = sbeox1ML/L: Oxygen, SBE 43, 2 [ml/l], WS = 5
# name 17 = potemp090C: Potential Temperature [ITS-90, deg C]
# name 18 = potemp190C: Potential Temperature, 2 [ITS-90, deg C]
# name 19 = sal00: Salinity, Practical [PSU]
# name 20 = sal11: Salinity, Practical, 2 [PSU]
# name 21 = sigma-é00: Density [sigma-theta, kg/m^3]
# name 22 = sigma-é11: Density, 2 [sigma-theta, kg/m^3]
# name 23 = avgsvCM: Average Sound Velocity [Chen-Millero, m/s], minP = 20, minS = 20
# name 24 = sbox0Mm/Kg: Oxygen, SBE 43 [umol/kg], WS = 5
# name 25 = sbox1Mm/Kg: Oxygen, SBE 43, 2 [umol/kg], WS = 5
# name 26 = nbin: number of scans per bin
# name 27 = flag: flag
# span 0 =      45480,     105047       
# span 1 =   1894.957,   4376.925       
# span 2 =      0.994,   1069.656       
# span 3 =      1.000,   1079.000       
# span 4 =     5.7490,    29.8963       
# span 5 =     5.7495,    29.9219       
# span 6 =   3.448979,   5.882064       
# span 7 =   3.449256,   5.882221       
# span 8 =     1.5767,     3.1537       
# span 9 =     1.2795,     2.6680       
# span 10 =      10.22,     107.01      
# span 11 =   19.46423,   19.84026      
# span 12 =  -94.60421,  -92.81120      
# span 13 =   -0.00112,    0.02501      
# span 14 =   -0.00245,    0.01656      
# span 15 =     2.3797,     4.4421      
# span 16 =     2.3936,     4.4428      
# span 17 =     5.6520,    29.8933      
# span 18 =     5.6525,    29.9189      
# span 19 =    34.4748,    36.5409      
# span 20 =    34.4851,    36.5419      
# span 21 =    21.6049,    27.5348      
# span 22 =    21.6105,    27.5344      
# span 23 =    1487.73,    1516.47      
# span 24 =    103.478,    193.748      
# span 25 =    104.082,    193.772      
# span 26 =         30,         74      
# span 27 = 0.0000e+00, 0.0000e+00      
# interval = decibars: 1                
# start_time = Oct 08 2021 13:21:27 [NMEA time, header]
# bad_flag = -9.990e-29
*END*
[from data line 104]
      68837   2868.152    364.443    367.000    10.3659    10.3691   3.886943   3.887218     1.5846     1.2857     100.00   19.60835  -93.49818    0.00016    0.00023     2.3858     2.4009    10.3219    10.3250    35.2713    35.2710    27.1080    27.1072    1498.74    103.739    104.396         30 0.0000e+00
      69106   2879.394    354.522    357.000    10.5931    10.6034   3.911354   3.912467     1.5899     1.2914     100.00   19.60929  -93.50265    0.00043    0.00068     2.3837     2.4010    10.5496    10.5599    35.3031    35.3044    27.0927    27.0919    1498.81    103.647    104.402         31 0.0000e+00
      69137   2880.651    353.529    356.000    10.6118    10.6268   3.913207   3.914803     1.5908     1.2918     100.00   19.60888  -93.50068    0.00053    0.00072     2.3846     2.4008    10.5684    10.5834    35.3040    35.3056    27.0900    27.0887    1498.78    103.689    104.390         30 0.0000e+00
      69244   2885.130    349.560    352.000    10.7358    10.7384   3.926944   3.927350     1.5931     1.2931     100.01   19.61033  -93.50760    0.00051    0.00026     2.3823     2.3967    10.6926    10.6952    35.3246    35.3259    27.0840    27.0846    1498.89    103.586    104.213         31 0.0000e+00
      69271   2886.241    348.568    351.000    10.7418    10.7432   3.927449   3.927541     1.5931     1.2933     100.00   19.60888  -93.50068    0.00058    0.00044     2.3818     2.3970    10.6987    10.7001    35.3241    35.3237    27.0825    27.0819    1498.78    103.567    104.227         31 0.0000e+00
      69458   2894.027    341.622    344.000    10.9196    10.9272   3.946821   3.947727     1.5970     1.2969      57.58   19.60934  -93.50289    0.00057    0.00068     2.3797     2.3948    10.8769    10.8845    35.3504    35.3521    27.0709    27.0709    1498.82    103.478    104.133         33 0.0000e+00
      69588   2899.441    336.661    339.000    11.0461    11.0476   3.960308   3.960440     1.6010     1.2994     100.00   19.60792  -93.49610    0.00089    0.00048     2.3816     2.3936    11.0038    11.0053    35.3652    35.3651    27.0593    27.0589    1498.71    103.562    104.082         31 0.0000e+00
      69701   2904.146    332.692    335.000    11.1352    11.1414   3.970005   3.970593     1.6034     1.3028     100.00   19.60902  -93.50136    0.00055    0.00080     2.3814     2.3970    11.0931    11.0993    35.3785    35.3784    27.0534    27.0522    1498.79    103.550    104.229         31 0.0000e+00
      69810   2908.699    328.723    331.000    11.2332    11.2345   3.981081   3.981195     1.6068     1.3054     100.01   19.61050  -93.50843    0.00079    0.00060     2.3834     2.3979    11.1914    11.1927    35.3969    35.3967    27.0498    27.0494    1498.90    103.641    104.270         31 0.0000e+00
      69837   2909.853    327.730    330.000    11.2369    11.2408   3.981202   3.981599     1.6069     1.3062     100.00   19.60888  -93.50068    0.00061    0.00069     2.3833     2.3999    11.1952    11.1991    35.3944    35.3946    27.0471    27.0465    1498.78    103.637    104.356         33 0.0000e+00
      69939   2914.083    323.761    326.000    11.2842    11.2788   3.986223   3.985708     1.6089     1.3076     100.00   19.60846  -93.49867    0.00048    0.00039     2.3849     2.4005    11.2429    11.2375    35.4006    35.4007    27.0430    27.0441    1498.75    103.704    104.383         34 0.0000e+00
      70103   2920.932    317.807    320.000    11.4470    11.4505   4.004148   4.004500     1.6134     1.3113     100.00   19.60898  -93.50116    0.00072    0.00073     2.3853     2.3996    11.4061    11.4096    35.4251    35.4252    27.0318    27.0313    1498.79    103.722    104.348         31 0.0000e+00
      70234   2926.370    312.845    315.000    11.5784    11.5927   4.018208   4.019725     1.6166     1.3143      99.99   19.60773  -93.49519    0.00074    0.00070     2.3848     2.3986    11.5379    11.5521    35.4400    35.4413    27.0187    27.0170    1498.69    103.704    104.305         33 0.0000e+00
      70345   2931.012    308.875    311.000    11.6847    11.6878   4.030386   4.030552     1.6196     1.3175     100.00   19.60966  -93.50438    0.00073    0.00069     2.3851     2.4012    11.6445    11.6476    35.4609    35.4596    27.0151    27.0134    1498.84    103.717    104.416         32 0.0000e+00
      70374   2932.228    307.883    310.000    11.6965    11.7042   4.031508   4.032084     1.6205     1.3176     100.00   19.60888  -93.50068    0.00077    0.00067     2.3866     2.4005    11.6564    11.6641    35.4608    35.4591    27.0127    27.0099    1498.78    103.780    104.386         30 0.0000e+00
      70484   2936.803    303.913    306.000    11.8700    11.8714   4.051239   4.051285     1.6254     1.3219     100.01   19.61104  -93.51099    0.00117    0.00101     2.3879     2.4020    11.8300    11.8313    35.4917    35.4908    27.0039    27.0030    1498.95    103.841    104.453         30 0.0000e+00
      70508   2937.804    302.920    305.000    11.8699    11.8799   4.050869   4.052073     1.6261     1.3224     100.00   19.60888  -93.50068    0.00111    0.00089     2.3898     2.4026    11.8300    11.8400    35.4877    35.4901    27.0006    27.0006    1498.78    103.923    104.477         32 0.0000e+00
      71855   2993.902    297.958    300.000    12.1509    12.1853   4.083175   4.086841     1.6376     1.3337      95.64   19.61572  -93.53329    0.00016    0.00021     2.4016     2.4159    12.1111    12.1454    35.5407    35.5438    26.9883    26.9841    1499.30    104.439    105.060         32 0.0000e+00
      72196   3008.137    294.981    297.000    12.2005    12.1941   4.088192   4.087454     1.6393     1.3348     100.02   19.61235  -93.51722    0.00008    0.00002     2.4023     2.4179    12.1610    12.1546    35.5406    35.5416    26.9783    26.9804    1499.05    104.469    105.148         38 0.0000e+00
      72220   3009.110    293.988    296.000    12.2089    12.2064   4.088557   4.088318     1.6395     1.3349     100.00   19.60888  -93.50066    0.00009    0.00006     2.4024     2.4172    12.1695    12.1670    35.5372    35.5372    26.9738    26.9743    1498.78    104.471    105.116         31 0.0000e+00
      72318   3013.220    290.018    292.000    12.3328    12.3339   4.101966   4.102399     1.6421     1.3379      99.99   19.60746  -93.49390    0.00071    0.00073     2.4009     2.4175    12.2937    12.2948    35.5511    35.5542    26.9602    26.9625    1498.67    104.409    105.129         32 0.0000e+00
      72553   3023.010    281.086    283.000    12.5684    12.5673   4.129153   4.129036     1.6508     1.3449      80.91   19.61124  -93.51193    0.00100    0.00099     2.4067     2.4211    12.5300    12.5289    35.5960    35.5964    26.9490    26.9495    1498.96    104.664    105.289         30 0.0000e+00
      72575   3023.932    280.093    282.000    12.5691    12.5772   4.128857   4.129682     1.6509     1.3456      92.02   19.60888  -93.50066    0.00080    0.00079     2.4068     2.4224    12.5309    12.5390    35.5924    35.5927    26.9458    26.9444    1498.78    104.669    105.347         31 0.0000e+00
      72806   3033.532    271.160    273.000    12.6943    12.6962   4.142792   4.142958     1.6557     1.3493      68.09   19.60895  -93.50100    0.00063    0.00036     2.4094     2.4234    12.6570    12.6589    35.6123    35.6121    26.9362    26.9357    1498.79    104.782    105.390         30 0.0000e+00
      73088   3045.271    260.241    262.000    12.8639    12.8614   4.161336   4.160917     1.6628     1.3562      99.99   19.60779  -93.49556    0.00061    0.00079     2.4145     2.4303    12.8278    12.8253    35.6346    35.6329    26.9194    26.9186    1498.70    105.003    105.690         34 0.0000e+00
      73197   3049.819    256.270    258.000    12.9291    12.9341   4.168820   4.169385     1.6649     1.3589     100.00   19.60984  -93.50533    0.00047    0.00078     2.4148     2.4323    12.8934    12.8984    35.6475    35.6482    26.9163    26.9159    1498.85    105.019    105.781         31 0.0000e+00
      73323   3055.081    251.307    253.000    13.0825    13.0838   4.186245   4.186350     1.6704     1.3634     100.00   19.60898  -93.50122    0.00100    0.00125     2.4185     2.4350    13.0473    13.0485    35.6714    35.6712    26.9037    26.9033    1498.79    105.179    105.898         30 0.0000e+00
      73454   3060.562    246.343    248.000    13.2424    13.2447   4.204465   4.204766     1.6781     1.3697     100.00   19.60966  -93.50446    0.00158    0.00132     2.4272     2.4420    13.2076    13.2099    35.6971    35.6978    26.8910    26.8911    1498.84    105.559    106.203         30 0.0000e+00
      74903   3120.905    200.673    202.000    14.3990    14.3997   4.336753   4.337143     1.7283     1.4159     100.00   19.60960  -93.50426    0.00120    0.00130     2.4718     2.4892    14.3690    14.3697    35.8791    35.8805    26.7880    26.7889    1498.84    107.510    108.266         55 0.0000e+00
      76375   3182.271    197.694    199.000    14.7087    14.7066   4.371613   4.371685     1.7447     1.4308      99.98   19.60552  -93.48471   -0.00007    0.00019     2.4933     2.5116    14.6788    14.6767    35.9172    35.9180    26.7497    26.7508    1498.52    108.450    109.247         58 0.0000e+00
      76905   3204.330    177.834    179.000    15.3275    15.3241   4.444004   4.443674     1.7607     1.4420      99.99   19.60757  -93.49445    0.00149    0.00101     2.4906     2.5011    15.2998    15.2964    36.0152    36.0153    26.6880    26.6889    1498.68    108.337    108.797         31 0.0000e+00
      77025   3209.322    173.861    175.000    15.5021    15.5053   4.465224   4.465632     1.7650     1.4473     100.01   19.61223  -93.51668    0.00097    0.00128     2.4896     2.5038    15.4748    15.4780    36.0515    36.0523    26.6772    26.6771    1499.04    108.297    108.915         30 0.0000e+00
      77042   3210.033    172.868    174.000    15.5158    15.5263   4.466350   4.467251     1.7656     1.4469     100.00   19.60886  -93.50062    0.00078    0.00121     2.4901     2.5014    15.4886    15.4992    36.0479    36.0464    26.6709    26.6673    1498.78    108.321    108.812         30 0.0000e+00
      77304   3220.969    162.937    164.000    15.8441    15.8384   4.504805   4.503921     1.7794     1.4605     100.01   19.61007  -93.50638    0.00072    0.00097     2.5013     2.5167    15.8184    15.8124    36.0989    36.0964    26.6352    26.6347    1498.87    108.810    109.480         30 0.0000e+00
      77330   3222.037    161.944    163.000    15.8554    15.8580   4.505808   4.506129     1.7802     1.4603     100.00   19.60886  -93.50062    0.00097    0.00072     2.5023     2.5149    15.8296    15.8322    36.0976    36.0981    26.6315    26.6313    1498.78    108.852    109.403         30 0.0000e+00
      77432   3226.307    157.972    159.000    15.9458    15.9532   4.516457   4.517336     1.7840     1.4636     100.00   19.60969  -93.50469    0.00098    0.00084     2.5049     2.5171    15.9205    15.9279    36.1127    36.1138    26.6224    26.6215    1498.85    108.967    109.500         31 0.0000e+00
      77460   3227.475    156.979    158.000    15.9605    15.9648   4.517877   4.518324     1.7847     1.4641     100.00   19.60884  -93.50062    0.00080    0.00069     2.5055     2.5174    15.9354    15.9396    36.1120    36.1121    26.6183    26.6174    1498.78    108.994    109.513         31 0.0000e+00
      77575   3232.251    153.006    154.000    16.0899    16.0988   4.533875   4.534783     1.7883     1.4666     100.02   19.61279  -93.51934    0.00091    0.00056     2.5052     2.5154    16.0653    16.0742    36.1410    36.1410    26.6111    26.6091    1499.08    108.983    109.426         32 0.0000e+00
      77600   3233.279    152.013    153.000    16.0846    16.0929   4.532586   4.533742     1.7881     1.4666     100.00   19.60886  -93.50062    0.00055    0.00097     2.5049     2.5153    16.0601    16.0684    36.1327    36.1354    26.6054    26.6056    1498.78    108.971    109.423         40 0.0000e+00
      77698   3237.359    151.020    152.000    16.0822    16.1095   4.532134   4.535442     1.7879     1.4675      77.91   19.60886  -93.50061    0.00007    0.00017     2.5044     2.5165    16.0579    16.0851    36.1312    36.1359    26.6048    26.6021    1498.78    108.950    109.475         60 0.0000e+00
      77873   3244.685    150.026    151.000    16.1873    16.1796   4.544755   4.544261     1.7897     1.4685      96.73   19.60886  -93.50060    0.00023    0.00016     2.5024     2.5147    16.1631    16.1556    36.1486    36.1464    26.5938    26.5927    1498.78    108.863    109.398         43 0.0000e+00
      78937   3288.997    148.040    149.000    16.3882    16.4016   4.567311   4.569090     1.7912     1.4706      99.97   19.60223  -93.46907   -0.00024   -0.00003     2.4945     2.5083    16.3640    16.3774    36.1643    36.1679    26.5581    26.5578    1498.27    108.520    109.121         32 0.0000e+00
      79559   3314.907    124.202    125.000    17.1623    17.1665   4.658687   4.658892     1.8044     1.4782     100.00   19.60852  -93.49912   -0.00063   -0.00084     2.4752     2.4802    17.1414    17.1456    36.2829    36.2809    26.4654    26.4628    1498.76    107.693    107.911         31 0.0000e+00
      80157   3339.851    102.348    103.000    18.2981    18.2698   4.791704   4.788452     1.8287     1.5004     100.03   19.61480  -93.52904    0.00048    0.00052     2.4631     2.4728    18.2801    18.2518    36.4287    36.4261    26.2977    26.3028    1499.24    107.184    107.607         38 0.0000e+00
      82255   3427.263     98.374     99.000    18.6423    18.6440   4.831084   4.831217     1.8289     1.4996     100.04   19.61569  -93.53339    0.00013   -0.00045     2.4444     2.4516    18.6248    18.6265    36.4559    36.4612    26.2312    26.2352    1499.31    106.379    106.689         42 0.0000e+00
      82271   3427.907     97.381     98.000    18.6384    18.6395   4.829559   4.829806     1.8289     1.4993     100.00   19.60880  -93.50052    0.00002    0.00012     2.4448     2.4509    18.6210    18.6221    36.4473    36.4485    26.2249    26.2255    1498.78    106.397    106.659         43 0.0000e+00
      82308   3429.438     96.387     97.000    18.6347    18.6346   4.829218   4.829233     1.8291     1.5000     100.00   19.60880  -93.50052    0.00027    0.00021     2.4452     2.4526    18.6175    18.6174    36.4482    36.4484    26.2264    26.2266    1498.78    106.413    106.732         34 0.0000e+00
      82342   3430.875     95.394     96.000    18.6495    18.6600   4.830859   4.832027     1.8292     1.5007     100.00   19.60880  -93.50052    0.00017    0.00041     2.4443     2.4527    18.6325    18.6430    36.4494    36.4500    26.2235    26.2214    1498.78    106.373    106.737         36 0.0000e+00
      82381   3432.519     94.400     95.000    18.7021    18.6954   4.836812   4.835882     1.8298     1.5018     100.00   19.60880  -93.50052    0.00017    0.00058     2.4428     2.4532    18.6852    18.6785    36.4537    36.4518    26.2134    26.2137    1498.78    106.308    106.763         45 0.0000e+00
      82426   3434.368     93.407     94.000    18.7398    18.7306   4.840347   4.839228     1.8298     1.5022     100.00   19.60880  -93.50052    0.00028    0.00044     2.4405     2.4523    18.7231    18.7139    36.4507    36.4494    26.2014    26.2028    1498.78    106.208    106.724         37 0.0000e+00
      84755   3531.420     85.459     86.000    19.3646    19.3845   4.911048   4.912979     1.8531     1.5221      83.77   19.61043  -93.50834    0.00174    0.00131     2.4527     2.4665    19.3489    19.3688    36.4989    36.4985    26.0773    26.0718    1498.91    106.755    107.355         31 0.0000e+00
