Gulf of Mexico/GOMECC-4/1db/urb2103_0111.cnv
* Sea-Bird SBE 9 Data File:
* FileName = C:\Users\scs.user.rb\CTD\GOMECC4\data\rb2103_0111.hex
* Software Version Seasave V 7.26.7.107
* Temperature SN = 4799
* Conductivity SN = 3860
* Number of Bytes Per Scan = 41
* Number of Voltage Words = 4
* Number of Scans Averaged by the Deck Unit = 1
* NMEA Latitude = 26 26.63 N
* NMEA Longitude = 085 20.00 W
* NMEA UTC (Time) = Sep 18 2021  04:11:12
* NMEA baud rate = 4800
# nquan = 28
# nvalues = 615                         
# units = specified
# name 0 = scan: Scan Count
# name 1 = timeS: Time, Elapsed [seconds]
# name 2 = depSM: Depth [salt water, m]
# name 3 = prDM: Pressure, Digiquartz [db]
# name 4 = t090C: Temperature [ITS-90, deg C]
# name 5 = t190C: Temperature, 2 [ITS-90, deg C]
# name 6 = c0S/m: Conductivity [S/m]
# name 7 = c1S/m: Conductivity, 2 [S/m]
# name 8 = sbeox0V: Oxygen raw, SBE 43 [V]
# name 9 = sbeox1V: Oxygen raw, SBE 43, 2 [V]
# name 10 = altM: Altimeter [m]
# name 11 = latitude: Latitude [deg]
# name 12 = longitude: Longitude [deg]
# name 13 = sbox0dV/dT: Oxygen, SBE 43 [dov/dt]
# name 14 = sbox1dV/dT: Oxygen, SBE 43, 2 [dov/dt]
# name 15 = sbeox0ML/L: Oxygen, SBE 43 [ml/l], WS = 5
# name 16 = sbeox1ML/L: Oxygen, SBE 43, 2 [ml/l], WS = 5
# name 17 = potemp090C: Potential Temperature [ITS-90, deg C]
# name 18 = potemp190C: Potential Temperature, 2 [ITS-90, deg C]
# name 19 = sal00: Salinity, Practical [PSU]
# name 20 = sal11: Salinity, Practical, 2 [PSU]
# name 21 = sigma-é00: Density [sigma-theta, kg/m^3]
# name 22 = sigma-é11: Density, 2 [sigma-theta, kg/m^3]
# name 23 = avgsvCM: Average Sound Velocity [Chen-Millero, m/s], minP = 20, minS = 20
# name 24 = sbox0Mm/Kg: Oxygen, SBE 43 [umol/kg], WS = 5
# name 25 = sbox1Mm/Kg: Oxygen, SBE 43, 2 [umol/kg], WS = 5
# name 26 = nbin: number of scans per bin
# name 27 = flag: flag
# span 0 =     104645,     242778       
# span 1 =   4360.186,  10115.705       
# span 2 =      1.987,   3267.687       
# span 3 =      2.000,   3315.000       
# span 4 =     4.2967,    29.7991       
# span 5 =     4.2978,    29.7553       
# span 6 =   3.348280,   5.946046       
# span 7 =   3.348210,   5.946389       
# span 8 =     1.6153,     3.2418       
# span 9 =     1.3190,     2.7619       
# span 10 =      10.56,     102.32      
# span 11 =   26.38808,   27.23741      
# span 12 =  -87.89354,  -85.15284      
# span 13 =   -0.00758,    0.02889      
# span 14 =   -0.00609,    0.02498      
# span 15 =     2.5739,     4.7098      
# span 16 =     2.6046,     4.7321      
# span 17 =     4.0808,    29.7986      
# span 18 =     4.0820,    29.7549      
# span 19 =    34.8951,    36.5450      
# span 20 =    34.8939,    36.5451      
# span 21 =    22.3455,    27.7588      
# span 22 =    22.3516,    27.7571      
# span 23 =    1499.49,    1547.75      
# span 24 =    111.915,    205.421      
# span 25 =    113.250,    206.366      
# span 26 =         30,         73      
# span 27 = 0.0000e+00, 0.0000e+00      
# interval = decibars: 1                
# start_time = Sep 18 2021 04:11:12 [NMEA time, header]
# bad_flag = -9.990e-29
*END*
[from data line 415]
     204145   8505.997    330.558    333.000    10.8881    10.8871   3.941042   3.940682     1.6847     1.3822     100.00   26.44354  -85.33184    0.00055    0.00039     2.6163     2.6459    10.8469    10.8459    35.3276    35.3249    27.0586    27.0566    1502.64    113.766    115.053         32 0.0000e+00
     204317   8513.186    324.607    327.000    11.0323    11.0354   3.956747   3.956928     1.6896     1.3876     100.00   26.44371  -85.33245    0.00090    0.00091     2.6184     2.6504    10.9915    10.9946    35.3486    35.3475    27.0487    27.0473    1502.65    113.857    115.248         35 0.0000e+00
     204441   8518.327    319.647    322.000    11.1865    11.1918   3.973665   3.974115     1.6960     1.3936      99.99   26.44197  -85.32677    0.00131    0.00108     2.6237     2.6562    11.1460    11.1512    35.3710    35.3705    27.0378    27.0364    1502.55    114.092    115.501         37 0.0000e+00
     204980   8540.801    298.815    301.000    11.6435    11.6524   4.023895   4.024670     1.7145     1.4105      99.99   26.44305  -85.33028    0.00065    0.00090     2.6364     2.6690    11.6046    11.6135    35.4404    35.4395    27.0065    27.0041    1502.61    114.646    116.061         31 0.0000e+00
     205129   8547.006    292.863    295.000    11.7576    11.7600   4.036501   4.036638     1.7191     1.4141      97.39   26.44272  -85.32922    0.00070    0.00066     2.6394     2.6705    11.7193    11.7217    35.4580    35.4571    26.9986    26.9974    1502.59    114.777    116.128         30 0.0000e+00
     205755   8573.103    268.061    270.000    12.4064    12.4169   4.108656   4.109738     1.7491     1.4424      99.99   26.44186  -85.32646    0.00174    0.00118     2.6675     2.7014    12.3701    12.3806    35.5559    35.5564    26.9490    26.9473    1502.54    116.003    117.479         30 0.0000e+00
     205918   8579.871    262.108    264.000    12.6642    12.6655   4.138014   4.138063     1.7616     1.4541     100.00   26.44385  -85.33286    0.00236    0.00191     2.6810     2.7165    12.6282    12.6296    35.5987    35.5979    26.9314    26.9305    1502.66    116.595    118.139         32 0.0000e+00
     205947   8581.088    261.115    263.000    12.6424    12.6776   4.135566   4.139363     1.7628     1.4559     100.00   26.44354  -85.33188    0.00185    0.00178     2.6854     2.7204    12.6065    12.6417    35.5960    35.5994    26.9337    26.9293    1502.64    116.784    118.308         30 0.0000e+00
     206098   8587.361    255.162    257.000    12.7747    12.7838   4.150515   4.151292     1.7706     1.4623     100.00   26.44401  -85.33338    0.00115    0.00102     2.6947     2.7296    12.7394    12.7485    35.6177    35.6165    26.9240    26.9213    1502.67    117.191    118.708         35 0.0000e+00
     206339   8597.435    250.201    252.000    12.7665    12.7842   4.149532   4.151001     1.7749     1.4665     100.00   26.44315  -85.33059   -0.00080   -0.00045     2.7046     2.7398    12.7319    12.7497    35.6140    35.6152    26.9226    26.9200    1502.62    117.622    119.152         66 0.0000e+00
     206440   8601.616    249.208    251.000    12.8048    12.8427   4.153576   4.157467     1.7754     1.4673      99.94   26.44354  -85.33186   -0.00007   -0.00022     2.7032     2.7380    12.7703    12.8082    35.6213    35.6227    26.9206    26.9141    1502.64    117.558    119.074         30 0.0000e+00
     208683   8695.070    246.232    248.000    13.0060    13.0001   4.176946   4.176147     1.7867     1.4763     100.01   26.44536  -85.33768    0.00009    0.00017     2.7178     2.7518    12.9716    12.9657    35.6562    35.6551    26.9074    26.9077    1502.74    118.197    119.677         50 0.0000e+00
     208721   8696.687    245.239    247.000    13.0408    13.0295   4.180371   4.178942     1.7870     1.4751     100.00   26.44356  -85.33188   -0.00002   -0.00029     2.7160     2.7464    13.0064    12.9952    35.6575    35.6547    26.9012    26.9013    1502.64    118.120    119.440         55 0.0000e+00
     208778   8699.021    244.247    246.000    13.0352    13.0306   4.179841   4.179213     1.7858     1.4760     100.00   26.44356  -85.33188   -0.00008    0.00001     2.7131     2.7485    13.0010    12.9965    35.6577    35.6559    26.9025    26.9020    1502.64    117.992    119.533         51 0.0000e+00
     208828   8701.120    243.255    245.000    13.0428    13.0579   4.180625   4.182129     1.7854     1.4762     100.00   26.44356  -85.33188   -0.00056    0.00032     2.7111     2.7470    13.0088    13.0238    35.6579    35.6586    26.9011    26.8985    1502.64    117.906    119.465         54 0.0000e+00
     208880   8703.303    242.262    244.000    13.0467    13.0649   4.181002   4.182994     1.7859     1.4750     100.00   26.44356  -85.33188    0.00022   -0.00028     2.7117     2.7428    13.0128    13.0309    35.6588    35.6607    26.9009    26.8988    1502.64    117.934    119.287         45 0.0000e+00
     208921   8705.003    241.270    243.000    13.0593    13.0629   4.182171   4.182688     1.7857     1.4739     100.00   26.44356  -85.33188   -0.00000   -0.00062     2.7102     2.7397    13.0254    13.0291    35.6586    35.6601    26.8982    26.8986    1502.64    117.866    119.151         41 0.0000e+00
     208967   8706.918    240.278    242.000    13.1731    13.1550   4.194718   4.192215     1.7875     1.4764     100.00   26.44356  -85.33188    0.00039    0.00016     2.7072     2.7407    13.1393    13.1212    35.6716    35.6648    26.8851    26.8836    1502.64    117.737    119.193         47 0.0000e+00
     209010   8708.708    239.286    241.000    13.2255    13.2223   4.201194   4.201284     1.7883     1.4778     100.00   26.44356  -85.33188    0.00079    0.00120     2.7058     2.7397    13.1917    13.1893    35.6889    35.6875    26.8879    26.8873    1502.64    117.679    119.152         38 0.0000e+00
     209046   8710.200    238.293    240.000    13.2822    13.2811   4.208190   4.207909     1.7905     1.4793     100.00   26.44356  -85.33188    0.00074    0.00088     2.7068     2.7399    13.2485    13.2473    35.6982    35.6965    26.8834    26.8824    1502.64    117.723    119.159         37 0.0000e+00
     209087   8711.930    237.301    239.000    13.3117    13.3139   4.211743   4.211675     1.7924     1.4806     100.00   26.44356  -85.33188    0.00126    0.00086     2.7095     2.7412    13.2780    13.2802    35.7047    35.7019    26.8824    26.8799    1502.64    117.841    119.218         46 0.0000e+00
     209130   8713.715    236.309    238.000    13.3480    13.3513   4.215844   4.215920     1.7939     1.4823     100.00   26.44356  -85.33188    0.00094    0.00085     2.7105     2.7430    13.3144    13.3177    35.7100    35.7076    26.8791    26.8765    1502.64    117.883    119.295         36 0.0000e+00
     209163   8715.077    235.316    237.000    13.4168    13.4232   4.223648   4.224208     1.7962     1.4838     100.00   26.44356  -85.33188    0.00099    0.00095     2.7117     2.7423    13.3832    13.3896    35.7199    35.7191    26.8726    26.8706    1502.64    117.936    119.267         33 0.0000e+00
     209198   8716.542    234.324    236.000    13.4566    13.4596   4.228342   4.228264     1.7978     1.4849     100.00   26.44356  -85.33188    0.00144    0.00102     2.7127     2.7429    13.4231    13.4262    35.7274    35.7238    26.8702    26.8668    1502.64    117.980    119.291         39 0.0000e+00
     209242   8718.376    233.332    235.000    13.4678    13.4699   4.229488   4.229618     1.7987     1.4858     100.00   26.44356  -85.33188    0.00090    0.00065     2.7139     2.7444    13.4344    13.4365    35.7283    35.7275    26.8685    26.8674    1502.64    118.032    119.357         45 0.0000e+00
     209281   8720.004    232.339    234.000    13.5203    13.5236   4.235313   4.235653     1.8005     1.4875     100.00   26.44356  -85.33188    0.00061    0.00062     2.7148     2.7452    13.4870    13.4903    35.7345    35.7347    26.8625    26.8619    1502.64    118.071    119.392         33 0.0000e+00
     209312   8721.304    231.347    233.000    13.5645    13.5634   4.240403   4.240119     1.8016     1.4889     100.00   26.44356  -85.33188    0.00094    0.00099     2.7148     2.7465    13.5322    13.5302    35.7426    35.7422    26.8593    26.8594    1502.64    118.071    119.448         31 0.0000e+00
     209349   8722.823    230.354    232.000    13.5720    13.5714   4.241466   4.241257     1.8026     1.4897     100.00   26.44356  -85.33188    0.00094    0.00097     2.7161     2.7476    13.5389    13.5383    35.7451    35.7437    26.8599    26.8590    1502.64    118.129    119.500         42 0.0000e+00
     209392   8724.623    229.362    231.000    13.5846    13.5818   4.242761   4.242430     1.8025     1.4893     100.00   26.44356  -85.33188    0.00042    0.00029     2.7147     2.7455    13.5516    13.5488    35.7460    35.7455    26.8579    26.8581    1502.64    118.066    119.407         40 0.0000e+00
     209425   8726.011    228.370    230.000    13.6278    13.6362   4.247777   4.248504     1.8026     1.4895     100.00   26.44356  -85.33188   -0.00005   -0.00012     2.7119     2.7425    13.5949    13.6033    35.7533    35.7523    26.8547    26.8521    1502.64    117.948    119.276         30 0.0000e+00
     209456   8727.275    227.377    229.000    13.6800    13.6859   4.253507   4.254518     1.8033     1.4900      76.83   26.44356  -85.33188    0.00011    0.00002     2.7101     2.7402    13.6471    13.6530    35.7590    35.7630    26.8481    26.8500    1502.64    117.868    119.177         32 0.0000e+00
     209493   8728.819    226.385    228.000    13.7136    13.7186   4.257706   4.257950     1.8036     1.4909      75.51   26.44356  -85.33188    0.00042    0.00046     2.7083     2.7404    13.6808    13.6859    35.7675    35.7651    26.8477    26.8448    1502.64    117.791    119.185         40 0.0000e+00
     209530   8730.364    225.393    227.000    13.7522    13.7516   4.262015   4.261838     1.8049     1.4916     100.50   26.44356  -85.33188    0.00038    0.00056     2.7087     2.7401    13.7195    13.7189    35.7724    35.7712    26.8434    26.8426    1502.64    117.810    119.174         33 0.0000e+00
     209594   8733.037    223.408    225.000    13.8870    13.8881   4.277748   4.277884     1.8081     1.4953     100.00   26.44405  -85.33346    0.00118    0.00107     2.7075     2.7410    13.8544    13.8555    35.7953    35.7956    26.8328    26.8328    1502.67    117.756    119.215         31 0.0000e+00
     209623   8734.236    222.416    224.000    13.9334    13.9317   4.282695   4.282861     1.8104     1.4967     100.00   26.44356  -85.33188    0.00138    0.00148     2.7100     2.7417    13.9009    13.8992    35.7987    35.8018    26.8256    26.8284    1502.64    117.865    119.243         34 0.0000e+00
     209946   8747.711    210.507    212.000    14.4598    14.4596   4.344561   4.344397     1.8259     1.5100     100.00   26.44476  -85.33577    0.00128    0.00161     2.7108     2.7412    14.4282    14.4280    35.8910    35.8896    26.7844    26.7834    1502.71    117.905    119.230         30 0.0000e+00
     210107   8754.436    202.566    204.000    14.7072    14.7353   4.371300   4.375132     1.8363     1.5195      99.97   26.43508  -85.30452    0.00099    0.00098     2.7182     2.7473    14.6764    14.7045    35.9131    35.9182    26.7467    26.7445    1502.16    118.231    119.498         33 0.0000e+00
     210416   8767.272    200.582    202.000    14.7001    14.7365   4.371402   4.375999     1.8382     1.5224      99.98   26.43828  -85.31485    0.00054    0.00055     2.7227     2.7543    14.6697    14.7060    35.9183    35.9288    26.7525    26.7531    1502.34    118.425    119.803         46 0.0000e+00
     210609   8775.350    199.590    201.000    14.7278    14.7296   4.374876   4.375322     1.8390     1.5233     100.00   26.44357  -85.33188    0.00049   -0.00005     2.7224     2.7565    14.6975    14.6993    35.9270    35.9294    26.7535    26.7550    1502.64    118.414    119.895         32 0.0000e+00
     211771   8823.732    197.604    199.000    14.8722    14.8692   4.390838   4.390355     1.8467     1.5302      99.95   26.43041  -85.28941    0.00008    0.00005     2.7318     2.7659    14.8420    14.8390    35.9363    35.9348    26.7279    26.7274    1501.89    118.824    120.309         31 0.0000e+00
     211996   8833.133    196.612    198.000    14.8631    14.8556   4.391342   4.390225     1.8475     1.5310     100.00   26.44358  -85.33190   -0.00011    0.00047     2.7335     2.7680    14.8330    14.8256    35.9535    35.9495    26.7443    26.7428    1502.64    118.899    120.400         53 0.0000e+00
     212094   8837.222    195.619    197.000    14.9059    14.9226   4.396254   4.397710     1.8495     1.5331     100.00   26.44358  -85.33190    0.00027    0.00051     2.7353     2.7696    14.8760    14.8926    35.9604    35.9583    26.7401    26.7348    1502.64    118.978    120.470         34 0.0000e+00
     212166   8840.200    194.627    196.000    15.0201    14.9830   4.408838   4.404997     1.8527     1.5346     100.00   26.44358  -85.33190    0.00072    0.00068     2.7356     2.7693    14.9901    14.9531    35.9710    35.9700    26.7231    26.7305    1502.64    118.990    120.459         60 0.0000e+00
     212244   8843.474    193.634    195.000    15.0489    15.0362   4.412446   4.410693     1.8554     1.5365     100.00   26.44358  -85.33190    0.00090    0.00055     2.7399     2.7710    15.0191    15.0064    35.9778    35.9735    26.7220    26.7215    1502.64    119.180    120.531         71 0.0000e+00
     212309   8846.150    192.642    194.000    15.1041    15.0870   4.418895   4.416817     1.8575     1.5394     100.00   26.44358  -85.33190    0.00079    0.00102     2.7413     2.7753    15.0748    15.0573    35.9859    35.9832    26.7158    26.7176    1502.64    119.240    120.719         53 0.0000e+00
     212359   8848.253    191.649    193.000    15.1467    15.1457   4.423994   4.423728     1.8595     1.5402     100.00   26.44358  -85.33190    0.00088    0.00069     2.7430     2.7734    15.1171    15.1161    35.9941    35.9926    26.7128    26.7118    1502.64    119.315    120.636         52 0.0000e+00
     212419   8850.766    190.657    192.000    15.1722    15.1693   4.426865   4.426537     1.8622     1.5445     100.00   26.44358  -85.33190    0.00102    0.00116     2.7476     2.7829    15.1427    15.1398    35.9972    35.9969    26.7094    26.7099    1502.64    119.517    121.050         64 0.0000e+00
     212474   8853.055    189.664    191.000    15.2066    15.2044   4.431126   4.430655     1.8657     1.5479     100.00   26.44358  -85.33190    0.00131    0.00186     2.7536     2.7895    15.1772    15.1750    36.0048    36.0026    26.7076    26.7064    1502.64    119.779    121.340         47 0.0000e+00
     212523   8855.076    188.672    190.000    15.2365    15.2389   4.434546   4.434719     1.8684     1.5498     100.00   26.44358  -85.33190    0.00164    0.00114     2.7578     2.7921    15.2071    15.2096    36.0090    36.0083    26.7041    26.7030    1502.64    119.962    121.450         52 0.0000e+00
     212576   8857.302    187.679    189.000    15.2511    15.2528   4.436413   4.436382     1.8689     1.5511     100.00   26.44358  -85.33190    0.00055    0.00070     2.7572     2.7936    15.2219    15.2236    36.0106    36.0110    26.7021    26.7020    1502.64    119.936    121.519         52 0.0000e+00
     212625   8859.346    186.687    188.000    15.3755    15.3471   4.449929   4.447079     1.8706     1.5515     100.00   26.44358  -85.33190    0.00044    0.00046     2.7539     2.7893    15.3463    15.3180    36.0286    36.0221    26.6881    26.6894    1502.64    119.793    121.330         48 0.0000e+00
