Gulf of Mexico/GOMECC-4/1db/urb2103_0371.cnv
* Sea-Bird SBE 9 Data File:
* FileName = C:\Users\scs.user.rb\CTD\GOMECC4\data\rb2103_0371.hex
* Software Version Seasave V 7.26.7.107
* Temperature SN = 4799
* Conductivity SN = 3860
* Number of Bytes Per Scan = 41
* Number of Voltage Words = 4
* Number of Scans Averaged by the Deck Unit = 1
* NMEA Latitude = 27 00.07 N
* NMEA Longitude = 089 59.96 W
* NMEA UTC (Time) = Sep 25 2021  07:16:47
* NMEA baud rate = 4800
# nquan = 28
# nvalues = 521                         
# units = specified
# name 0 = scan: Scan Count
# name 1 = timeS: Time, Elapsed [seconds]
# name 2 = depSM: Depth [salt water, m]
# name 3 = prDM: Pressure, Digiquartz [db]
# name 4 = t090C: Temperature [ITS-90, deg C]
# name 5 = t190C: Temperature, 2 [ITS-90, deg C]
# name 6 = c0S/m: Conductivity [S/m]
# name 7 = c1S/m: Conductivity, 2 [S/m]
# name 8 = sbeox0V: Oxygen raw, SBE 43 [V]
# name 9 = sbeox1V: Oxygen raw, SBE 43, 2 [V]
# name 10 = altM: Altimeter [m]
# name 11 = latitude: Latitude [deg]
# name 12 = longitude: Longitude [deg]
# name 13 = sbox0dV/dT: Oxygen, SBE 43 [dov/dt]
# name 14 = sbox1dV/dT: Oxygen, SBE 43, 2 [dov/dt]
# name 15 = sbeox0ML/L: Oxygen, SBE 43 [ml/l], WS = 5
# name 16 = sbeox1ML/L: Oxygen, SBE 43, 2 [ml/l], WS = 5
# name 17 = potemp090C: Potential Temperature [ITS-90, deg C]
# name 18 = potemp190C: Potential Temperature, 2 [ITS-90, deg C]
# name 19 = sal00: Salinity, Practical [PSU]
# name 20 = sal11: Salinity, Practical, 2 [PSU]
# name 21 = sigma-é00: Density [sigma-theta, kg/m^3]
# name 22 = sigma-é11: Density, 2 [sigma-theta, kg/m^3]
# name 23 = avgsvCM: Average Sound Velocity [Chen-Millero, m/s], minP = 20, minS = 20
# name 24 = sbox0Mm/Kg: Oxygen, SBE 43 [umol/kg], WS = 5
# name 25 = sbox1Mm/Kg: Oxygen, SBE 43, 2 [umol/kg], WS = 5
# name 26 = nbin: number of scans per bin
# name 27 = flag: flag
# span 0 =      93377,     192814       
# span 1 =   3890.658,   8033.865       
# span 2 =      1.987,   2375.565       
# span 3 =      2.000,   2405.000       
# span 4 =     4.2721,    29.2290       
# span 5 =     4.2722,    29.2329       
# span 6 =   3.349215,   5.943736       
# span 7 =   3.349130,   5.944230       
# span 8 =     1.5884,     3.1530       
# span 9 =     1.2931,     2.6777       
# span 10 =      10.65,     102.19      
# span 11 =   26.90647,   27.25811      
# span 12 =  -90.72884,  -89.56011      
# span 13 =   -0.00860,    0.02672      
# span 14 =   -0.01088,    0.03204      
# span 15 =     2.5624,     4.7164      
# span 16 =     2.5885,     4.7504      
# span 17 =     4.0828,    29.2258      
# span 18 =     4.0837,    29.2298      
# span 19 =    34.9027,    36.8684      
# span 20 =    34.9018,    36.8728      
# span 21 =    22.8260,    27.7575      
# span 22 =    22.8250,    27.7559      
# span 23 =    1494.14,    1513.64      
# span 24 =    111.419,    204.945      
# span 25 =    112.556,    206.422      
# span 26 =         30,         62      
# span 27 = 0.0000e+00, 0.0000e+00      
# interval = decibars: 1                
# start_time = Sep 25 2021 07:16:47 [NMEA time, header]
# bad_flag = -9.990e-29
*END*
[from data line 259]
     144281   6011.660    855.544    863.000     6.2334     6.2310   3.488252   3.487737     1.6947     1.3924     100.00   27.02486  -89.98668   -0.00044   -0.00049     3.1962     3.2244     6.1537     6.1514    34.9060    34.9044    27.4587    27.4577    1501.15    138.926    140.152         30 0.0000e+00
     144413   6017.163    850.598    858.000     6.2777     6.2706   3.491818   3.491098     1.6929     1.3901     100.00   27.02449  -89.98536   -0.00040   -0.00051     3.1837     3.2107     6.1982     6.1912    34.9047    34.9040    27.4518    27.4521    1501.13    138.386    139.557         33 0.0000e+00
     144523   6021.741    846.640    854.000     6.2988     6.2991   3.493650   3.493569     1.6913     1.3884      87.02   27.02532  -89.98808   -0.00035   -0.00033     3.1752     3.2005     6.2196     6.2199    34.9057    34.9045    27.4498    27.4489    1501.17    138.014    139.117         30 0.0000e+00
     144552   6022.977    845.651    853.000     6.2996     6.2991   3.493621   3.493470     1.6905     1.3879     100.19   27.02490  -89.98666   -0.00044   -0.00055     3.1719     3.1982     6.2205     6.2200    34.9049    34.9038    27.4491    27.4483    1501.15    137.874    139.017         33 0.0000e+00
     144826   6034.367    835.757    843.000     6.3748     6.3658   3.500108   3.499062     1.6873     1.3864     100.00   27.02444  -89.98494   -0.00024   -0.00018     3.1512     3.1833     6.2962     6.2873    34.9056    34.9030    27.4397    27.4388    1501.12    136.974    138.369         30 0.0000e+00
     144939   6039.074    831.799    839.000     6.4341     6.4222   3.505421   3.504261     1.6827     1.3809     100.00   27.02528  -89.98772   -0.00102   -0.00121     3.1294     3.1575     6.3555     6.3437    34.9062    34.9052    27.4324    27.4331    1501.17    136.028    137.251         31 0.0000e+00
     144969   6040.347    830.809    838.000     6.4374     6.4252   3.505652   3.504425     1.6806     1.3787     100.00   27.02496  -89.98662   -0.00141   -0.00153     3.1217     3.1491     6.3589     6.3468    34.9058    34.9047    27.4316    27.4323    1501.15    135.695    136.884         33 0.0000e+00
     145085   6045.163    826.852    834.000     6.4509     6.4494   3.506759   3.506526     1.6758     1.3748     100.01   27.02663  -89.99213   -0.00101   -0.00089     3.1034     3.1317     6.3727     6.3713    34.9065    34.9055    27.4304    27.4297    1501.24    134.897    136.127         35 0.0000e+00
     145114   6046.367    825.862    833.000     6.4494     6.4516   3.506417   3.506529     1.6753     1.3747     100.00   27.02498  -89.98660   -0.00054   -0.00050     3.1017     3.1307     6.3713     6.3736    34.9046    34.9035    27.4290    27.4279    1501.15    134.824    136.086         36 0.0000e+00
     145225   6050.991    821.905    829.000     6.4869     6.4892   3.509791   3.509896     1.6744     1.3730      99.13   27.02644  -89.99143   -0.00015   -0.00036     3.0940     3.1201     6.4090     6.4113    34.9060    34.9049    27.4251    27.4240    1501.23    134.489    135.625         47 0.0000e+00
     145352   6056.293    816.957    824.000     6.5093     6.5080   3.511364   3.511152     1.6721     1.3709      91.71   27.02426  -89.98414   -0.00026   -0.00044     3.0828     3.1091     6.4318     6.4305    34.9029    34.9018    27.4197    27.4190    1501.11    134.005    135.146         41 0.0000e+00
     145491   6062.098    812.010    819.000     6.5372     6.5356   3.513685   3.513448     1.6706     1.3688      79.22   27.02472  -89.98555   -0.00022   -0.00058     3.0735     3.0974     6.4600     6.4584    34.9027    34.9018    27.4157    27.4152    1501.13    133.602    134.637         35 0.0000e+00
     145879   6078.257    798.156    805.000     6.7101     6.6955   3.529383   3.527826     1.6542     1.3551     100.00   27.02521  -89.98692   -0.00113   -0.00082     3.0009     3.0309     6.6332     6.6187    34.9079    34.9055    27.3966    27.3966    1501.16    130.447    131.752         32 0.0000e+00
     145986   6082.703    794.197    801.000     6.7320     6.7315   3.531362   3.531224     1.6498     1.3515     100.00   27.02563  -89.98827   -0.00107   -0.00068     2.9834     3.0141     6.6554     6.6549    34.9095    34.9084    27.3949    27.3941    1501.18    129.684    131.022         31 0.0000e+00
     146017   6083.993    793.208    800.000     6.7326     6.7329   3.531322   3.531261     1.6483     1.3499     100.00   27.02510  -89.98650   -0.00104   -0.00091     2.9783     3.0079     6.6562     6.6564    34.9088    34.9079    27.3942    27.3934    1501.15    129.466    130.751         34 0.0000e+00
     146122   6088.391    789.249    796.000     6.7435     6.7425   3.532094   3.531903     1.6464     1.3480     100.00   27.02464  -89.98489   -0.00032   -0.00034     2.9699     2.9990     6.6673     6.6663    34.9082    34.9071    27.3922    27.3915    1501.12    129.100    130.367         35 0.0000e+00
     146347   6097.740    781.332    788.000     6.7539     6.7538   3.532791   3.532680     1.6450     1.3469     100.00   27.02521  -89.98664   -0.00018   -0.00020     2.9614     2.9912     6.6785     6.6784    34.9093    34.9082    27.3916    27.3907    1501.15    128.728    130.026         30 0.0000e+00
     146377   6098.982    780.343    787.000     6.7556     6.7533   3.532908   3.532597     1.6452     1.3468     100.00   27.02516  -89.98648   -0.00011   -0.00026     2.9615     2.9906     6.6803     6.6780    34.9093    34.9082    27.3914    27.3908    1501.15    128.735    129.998         30 0.0000e+00
     146487   6103.603    776.384    783.000     6.7680     6.7625   3.533939   3.533330     1.6450     1.3462     100.00   27.02536  -89.98708    0.00002   -0.00013     2.9583     2.9862     6.6931     6.6875    34.9100    34.9089    27.3902    27.3901    1501.16    128.596    129.810         36 0.0000e+00
     146623   6109.248    771.435    778.000     6.8079     6.8078   3.537559   3.537463     1.6427     1.3434     100.00   27.02501  -89.98582   -0.00055   -0.00077     2.9459     2.9709     6.7332     6.7331    34.9120    34.9109    27.3862    27.3854    1501.14    128.055    129.142         39 0.0000e+00
     146734   6113.867    767.476    774.000     6.8705     6.8679   3.543428   3.543129     1.6409     1.3402     100.00   27.02620  -89.98971   -0.00026   -0.00061     2.9336     2.9536     6.7958     6.7933    34.9153    34.9146    27.3803    27.3801    1501.20    127.522    128.394         30 0.0000e+00
     146763   6115.080    766.487    773.000     6.8726     6.8685   3.543521   3.543019     1.6389     1.3386     100.00   27.02522  -89.98646   -0.00049   -0.00089     2.9268     2.9478     6.7980     6.7939    34.9146    34.9132    27.3794    27.3789    1501.15    127.227    128.142         37 0.0000e+00
     146899   6120.768    761.538    768.000     6.9167     6.9132   3.547426   3.547024     1.6348     1.3361     100.00   27.02541  -89.98704   -0.00055   -0.00055     2.9083     2.9336     6.8424     6.8389    34.9153    34.9141    27.3739    27.3735    1501.16    126.423    127.522         32 0.0000e+00
     146933   6122.160    760.548    767.000     6.9189     6.9176   3.547563   3.547321     1.6339     1.3356     100.00   27.02526  -89.98646   -0.00062   -0.00038     2.9050     2.9312     6.8447     6.8434    34.9150    34.9137    27.3734    27.3726    1501.15    126.281    127.421         36 0.0000e+00
     147048   6126.955    756.589    763.000     6.9474     6.9413   3.550277   3.549570     1.6331     1.3342      95.09   27.02800  -89.99557   -0.00024   -0.00031     2.8985     2.9230     6.8734     6.8673    34.9180    34.9168    27.3718    27.3717    1501.30    126.000    127.065         31 0.0000e+00
     147076   6128.123    755.599    762.000     6.9422     6.9527   3.549447   3.550311     1.6322     1.3346     100.50   27.02527  -89.98645   -0.00028   -0.00007     2.8960     2.9232     6.8684     6.8788    34.9146    34.9135    27.3698    27.3675    1501.15    125.889    127.073         47 0.0000e+00
     147195   6133.074    751.640    758.000     7.0039     7.0018   3.555435   3.555120     1.6320     1.3335     100.01   27.02892  -89.99853   -0.00000   -0.00025     2.8887     2.9142     6.9301     6.9280    34.9205    34.9191    27.3660    27.3652    1501.35    125.572    126.682         41 0.0000e+00
     147219   6134.084    750.650    757.000     7.0067     7.0099   3.555255   3.555434     1.6308     1.3323     100.00   27.02530  -89.98644   -0.00041   -0.00057     2.8847     2.9092     6.9329     6.9362    34.9157    34.9144    27.3617    27.3603    1501.15    125.397    126.467         38 0.0000e+00
     147321   6138.343    746.691    753.000     7.0533     7.0482   3.559656   3.559049     1.6296     1.3309     100.00   27.02672  -89.99114   -0.00025   -0.00041     2.8757     2.8998     6.9798     6.9747    34.9189    34.9175    27.3578    27.3574    1501.23    125.007    126.056         34 0.0000e+00
     147350   6139.534    745.701    752.000     7.0454     7.0537   3.558697   3.559379     1.6281     1.3298     100.00   27.02532  -89.98642   -0.00059   -0.00039     2.8712     2.8954     6.9720     6.9802    34.9167    34.9158    27.3571    27.3552    1501.15    124.815    125.865         36 0.0000e+00
     147460   6144.107    741.742    748.000     7.0979     7.0844   3.563614   3.562289     1.6268     1.3287     100.00   27.02626  -89.98951   -0.00017   -0.00018     2.8617     2.8878     7.0246     7.0112    34.9197    34.9185    27.3521    27.3531    1501.20    124.400    125.536         32 0.0000e+00
     147487   6145.254    740.752    747.000     7.0961     7.0857   3.563319   3.562240     1.6259     1.3283     100.00   27.02534  -89.98642   -0.00039   -0.00040     2.8587     2.8858     7.0229     7.0126    34.9183    34.9172    27.3512    27.3519    1501.15    124.272    125.448         33 0.0000e+00
     147655   6152.270    734.813    741.000     7.1636     7.1568   3.569636   3.568912     1.6222     1.3242     100.00   27.02618  -89.98913   -0.00068   -0.00081     2.8395     2.8644     7.0906     7.0839    34.9227    34.9216    27.3453    27.3453    1501.20    123.439    124.520         35 0.0000e+00
     147685   6153.505    733.823    740.000     7.1577     7.1551   3.569124   3.568826     1.6208     1.3236     100.00   27.02537  -89.98640   -0.00089   -0.00079     2.8356     2.8620     7.0849     7.0823    34.9216    34.9205    27.3452    27.3447    1501.15    123.267    124.417         32 0.0000e+00
     147802   6158.366    729.863    736.000     7.2797     7.2664   3.580825   3.579418     1.6202     1.3214     100.01   27.02772  -89.99419   -0.00005   -0.00055     2.8223     2.8445     7.2066     7.1934    34.9305    34.9286    27.3351    27.3355    1501.28    122.691    123.655         39 0.0000e+00
     147829   6159.481    728.873    735.000     7.2703     7.2916   3.579630   3.581575     1.6174     1.3192     100.00   27.02539  -89.98640   -0.00093   -0.00115     2.8142     2.8350     7.1973     7.2185    34.9271    34.9269    27.3337    27.3306    1501.15    122.339    123.244         35 0.0000e+00
     147937   6163.979    724.913    731.000     7.3661     7.3607   3.588978   3.588364     1.6141     1.3155     100.01   27.02732  -89.99279   -0.00066   -0.00090     2.7952     2.8157     7.2931     7.2877    34.9348    34.9335    27.3262    27.3260    1501.26    121.515    122.403         37 0.0000e+00
     147963   6165.072    723.924    730.000     7.3646     7.3732   3.588574   3.589116     1.6118     1.3143     100.00   27.02541  -89.98639   -0.00124   -0.00112     2.7877     2.8105     7.2917     7.3003    34.9321    34.9293    27.3242    27.3209    1501.15    121.189    122.178         33 0.0000e+00
     148071   6169.597    719.964    726.000     7.4494     7.4441   3.596850   3.596209     1.6086     1.3108     100.00   27.02603  -89.98840   -0.00060   -0.00097     2.7700     2.7919     7.3764     7.3711    34.9389    34.9373    27.3175    27.3170    1501.18    120.420    121.371         31 0.0000e+00
     148101   6170.822    718.974    725.000     7.4553     7.4521   3.597314   3.596770     1.6068     1.3098     100.00   27.02544  -89.98638   -0.00107   -0.00103     2.7635     2.7876     7.3824     7.3792    34.9384    34.9366    27.3162    27.3153    1501.15    120.136    121.184         34 0.0000e+00
     148246   6176.895    714.024    720.000     7.4797     7.4781   3.599606   3.599349     1.6043     1.3078     100.01   27.02690  -89.99121   -0.00027   -0.00035     2.7521     2.7772     7.4072     7.4056    34.9413    34.9402    27.3150    27.3144    1501.23    119.642    120.733         40 0.0000e+00
     148275   6178.091    713.034    719.000     7.4779     7.4880   3.599226   3.600388     1.6035     1.3077     100.00   27.02546  -89.98636   -0.00039   -0.00004     2.7495     2.7759     7.4055     7.4156    34.9393    34.9384    27.3136    27.3115    1501.15    119.529    120.674         30 0.0000e+00
     148381   6182.502    709.074    715.000     7.5371     7.5397   3.604962   3.605208     1.6023     1.3051      92.35   27.02549  -89.98639   -0.00025   -0.00067     2.7400     2.7619     7.4648     7.4674    34.9440    34.9433    27.3088    27.3079    1501.15    119.116    120.069         51 0.0000e+00
     148514   6188.058    704.124    710.000     7.5706     7.5729   3.607705   3.607834     1.5995     1.3036      94.03   27.02313  -89.97847   -0.00033   -0.00010     2.7274     2.7529     7.4986     7.5010    34.9422    34.9413    27.3024    27.3013    1501.02    118.569    119.678         36 0.0000e+00
     148778   6199.040    699.174    705.000     7.6242     7.6398   3.613584   3.615045     1.5986     1.3026     100.02   27.03055  -90.00310   -0.00015   -0.00022     2.7180     2.7427     7.5526     7.5681    34.9555    34.9556    27.3052    27.3031    1501.43    118.161    119.233         37 0.0000e+00
     149042   6210.031    698.183    704.000     7.6483     7.6491   3.615426   3.615397     1.5954     1.3005     100.00   27.02556  -89.98633   -0.00010   -0.00008     2.7067     2.7348     7.5766     7.5774    34.9510    34.9499    27.2981    27.2971    1501.15    117.671    118.890         58 0.0000e+00
     149329   6221.988    697.193    703.000     7.6590     7.6603   3.616407   3.616463     1.5955     1.3006     100.00   27.02561  -89.98630    0.00009   -0.00017     2.7060     2.7339     7.5874     7.5887    34.9514    34.9507    27.2968    27.2960    1501.15    117.641    118.854         31 0.0000e+00
     149596   6233.109    696.203    702.000     7.6753     7.6788   3.618048   3.618298     1.5940     1.2990     100.00   27.02564  -89.98627   -0.00020   -0.00010     2.6996     2.7270     7.6037     7.6072    34.9532    34.9524    27.2958    27.2947    1501.15    117.362    118.554         48 0.0000e+00
     149843   6243.425    695.213    701.000     7.6806     7.6835   3.618537   3.618733     1.5935     1.2986      99.89   27.02567  -89.98625    0.00001    0.00007     2.6976     2.7248     7.6091     7.6119    34.9537    34.9529    27.2954    27.2944    1501.15    117.276    118.456         62 0.0000e+00
     151060   6294.107    693.233    699.000     7.6683     7.6669   3.617277   3.617144     1.5966     1.3024     100.01   27.02755  -89.99184    0.00008    0.00013     2.7074     2.7381     7.5970     7.5957    34.9545    34.9533    27.2979    27.2972    1501.25    117.701    119.034         49 0.0000e+00
     151092   6295.457    692.243    698.000     7.6666     7.6660   3.617012   3.617087     1.5964     1.3018     100.00   27.02584  -89.98614   -0.00016   -0.00015     2.7066     2.7360     7.5954     7.5949    34.9524    34.9510    27.2964    27.2954    1501.15    117.665    118.945         31 0.0000e+00
