Gulf of Mexico/GOMECC-4/1db/urb2103_1181.cnv
* Sea-Bird SBE 9 Data File:
* FileName = C:\Users\scs.user.rb\CTD\GOMECC4\data\rb2103_1181.hex
* Software Version Seasave V 7.26.7.107
* Temperature SN = 4799
* Conductivity SN = 3860
* Number of Bytes Per Scan = 41
* Number of Voltage Words = 4
* Number of Scans Averaged by the Deck Unit = 1
* NMEA Latitude = 21 37.95 N
* NMEA Longitude = 086 14.49 W
* NMEA UTC (Time) = Oct 16 2021  02:01:26
* NMEA baud rate = 4800
# nquan = 28
# nvalues = 290                         
# units = specified
# name 0 = scan: Scan Count
# name 1 = timeS: Time, Elapsed [seconds]
# name 2 = depSM: Depth [salt water, m]
# name 3 = prDM: Pressure, Digiquartz [db]
# name 4 = t090C: Temperature [ITS-90, deg C]
# name 5 = t190C: Temperature, 2 [ITS-90, deg C]
# name 6 = c0S/m: Conductivity [S/m]
# name 7 = c1S/m: Conductivity, 2 [S/m]
# name 8 = sbeox0V: Oxygen raw, SBE 43 [V]
# name 9 = sbeox1V: Oxygen raw, SBE 43, 2 [V]
# name 10 = altM: Altimeter [m]
# name 11 = latitude: Latitude [deg]
# name 12 = longitude: Longitude [deg]
# name 13 = sbox0dV/dT: Oxygen, SBE 43 [dov/dt]
# name 14 = sbox1dV/dT: Oxygen, SBE 43, 2 [dov/dt]
# name 15 = sbeox0ML/L: Oxygen, SBE 43 [ml/l], WS = 5
# name 16 = sbeox1ML/L: Oxygen, SBE 43, 2 [ml/l], WS = 5
# name 17 = potemp090C: Potential Temperature [ITS-90, deg C]
# name 18 = potemp190C: Potential Temperature, 2 [ITS-90, deg C]
# name 19 = sal00: Salinity, Practical [PSU]
# name 20 = sal11: Salinity, Practical, 2 [PSU]
# name 21 = sigma-é00: Density [sigma-theta, kg/m^3]
# name 22 = sigma-é11: Density, 2 [sigma-theta, kg/m^3]
# name 23 = avgsvCM: Average Sound Velocity [Chen-Millero, m/s], minP = 20, minS = 20
# name 24 = sbox0Mm/Kg: Oxygen, SBE 43 [umol/kg], WS = 5
# name 25 = sbox1Mm/Kg: Oxygen, SBE 43, 2 [umol/kg], WS = 5
# name 26 = nbin: number of scans per bin
# name 27 = flag: flag
# span 0 =      52707,     117941       
# span 1 =   2196.063,   4914.157       
# span 2 =      0.994,   1043.817       
# span 3 =      1.000,   1053.000       
# span 4 =     5.1826,    29.5843       
# span 5 =     5.1828,    29.5839       
# span 6 =   3.402819,   5.942587       
# span 7 =   3.402944,   5.942556       
# span 8 =     1.6308,     3.1910       
# span 9 =     1.3276,     2.6924       
# span 10 =       8.27,     105.77      
# span 11 =   20.28460,   21.74951      
# span 12 =  -86.63535,  -80.78671      
# span 13 =   -0.00701,    0.01063      
# span 14 =   -0.00656,    0.01036      
# span 15 =     2.6982,     4.4119      
# span 16 =     2.7064,     4.3757      
# span 17 =     5.0925,    29.5841      
# span 18 =     5.0925,    29.5836      
# span 19 =    33.7506,    37.0139      
# span 20 =    33.7507,    37.0127      
# span 21 =    21.2093,    27.6116      
# span 22 =    21.2099,    27.6113      
# span 23 =    1409.83,    1511.94      
# span 24 =    117.314,    192.660      
# span 25 =    117.669,    191.079      
# span 26 =         30,         77      
# span 27 = 0.0000e+00, 0.0000e+00      
# interval = decibars: 1                
# start_time = Oct 16 2021 02:01:26 [NMEA time, header]
# bad_flag = -9.990e-29
*END*
[from data line 52]
      67687   2820.263    703.395    709.000     7.0961     7.0988   3.558699   3.559034     1.6563     1.3520     100.00   21.64392  -86.24384   -0.00028   -0.00030     2.9408     2.9526     7.0268     7.0295    34.8861    34.8863    27.3253    27.3252    1505.16    127.843    128.356         37 0.0000e+00
      67721   2821.678    702.405    708.000     7.1116     7.1204   3.560120   3.560720     1.6559     1.3516     100.00   21.64393  -86.24385   -0.00034   -0.00041     2.9380     2.9488     7.0424     7.0511    34.8867    34.8844    27.3236    27.3206    1505.16    127.722    128.191         31 0.0000e+00
      67751   2822.924    701.414    707.000     7.1435     7.1482   3.562928   3.563501     1.6561     1.3514     100.00   21.64394  -86.24385   -0.00024   -0.00034     2.9356     2.9458     7.0742     7.0789    34.8857    34.8873    27.3185    27.3190    1505.16    127.617    128.063         30 0.0000e+00
      67782   2824.210    700.424    706.000     7.1584     7.1633   3.564406   3.564921     1.6558     1.3505     100.00   21.64394  -86.24386   -0.00004   -0.00028     2.9331     2.9412     7.0891     7.0940    34.8874    34.8881    27.3177    27.3175    1505.16    127.510    127.860         31 0.0000e+00
      67813   2825.508    699.434    705.000     7.1560     7.1907   3.564191   3.567064     1.6550     1.3496     100.00   21.64394  -86.24386   -0.00018   -0.00053     2.9304     2.9367     7.0869     7.1214    34.8879    34.8895    27.3184    27.3148    1505.16    127.391    127.666         31 0.0000e+00
      67951   2831.238    694.481    700.000     7.2034     7.2036   3.568561   3.568602     1.6508     1.3455      70.19   21.64434  -86.24539   -0.00080   -0.00076     2.9117     2.9187     7.1345     7.1347    34.8904    34.8906    27.3137    27.3138    1505.19    126.581    126.883         30 0.0000e+00
      68751   2864.581    665.756    671.000     7.3831     7.4033   3.584430   3.586845     1.6459     1.3409     100.00   21.64445  -86.24566   -0.00039   -0.00056     2.8720     2.8772     7.3163     7.3364    34.9019    34.9026    27.2970    27.2947    1505.19    124.855    125.079         32 0.0000e+00
      68886   2870.223    660.803    666.000     7.4717     7.4720   3.593433   3.593366     1.6441     1.3391     100.00   21.64382  -86.24305   -0.00025   -0.00036     2.8577     2.8643     7.4050     7.4052    34.9078    34.9068    27.2889    27.2881    1505.15    124.234    124.520         35 0.0000e+00
      68996   2874.776    656.841    662.000     7.5346     7.5462   3.599531   3.600605     1.6424     1.3380     100.00   21.64376  -86.24278   -0.00023   -0.00013     2.8459     2.8534     7.4680     7.4795    34.9128    34.9128    27.2837    27.2820    1505.14    123.722    124.050         30 0.0000e+00
      69219   2884.067    648.916    654.000     7.7060     7.7399   3.616147   3.619524     1.6385     1.3333      86.07   21.64378  -86.24275   -0.00065   -0.00092     2.8181     2.8207     7.6393     7.6730    34.9247    34.9273    27.2682    27.2653    1505.14    122.516    122.629         30 0.0000e+00
      69526   2896.870    638.018    643.000     7.8522     7.8498   3.630501   3.630216     1.6356     1.3308     100.00   21.64482  -86.24681   -0.00008   -0.00031     2.7943     2.8003     7.7860     7.7836    34.9387    34.9381    27.2577    27.2575    1505.21    121.484    121.743         30 0.0000e+00
      69746   2906.055    630.092    635.000     7.9011     7.9229   3.634943   3.637153     1.6341     1.3309     100.00   21.64404  -86.24360   -0.00015   -0.00003     2.7834     2.7923     7.8356     7.8573    34.9413    34.9433    27.2523    27.2507    1505.16    121.009    121.395         30 0.0000e+00
      69994   2916.377    621.175    626.000     8.0187     8.0252   3.646474   3.647137     1.6339     1.3297     100.00   21.64368  -86.24205    0.00045    0.00012     2.7710     2.7779     7.9535     7.9600    34.9520    34.9526    27.2432    27.2426    1505.13    120.471    120.772         30 0.0000e+00
      70171   2923.745    616.221    621.000     8.1072     8.0830   3.655243   3.653290     1.6322     1.3287      75.93   21.64547  -86.24915   -0.00054   -0.00032     2.7573     2.7682     8.0421     8.0189    34.9605    34.9628    27.2366    27.2419    1505.25    119.877    120.348         49 0.0000e+00
      70218   2925.705    615.230    620.000     8.1464     8.1428   3.659101   3.658733     1.6323     1.3288      91.81   21.64415  -86.24384   -0.00007   -0.00019     2.7547     2.7644     8.0813     8.0779    34.9629    34.9628    27.2325    27.2329    1505.16    119.762    120.187         34 0.0000e+00
      72100   3004.130    610.276    615.000     8.2099     8.2086   3.665881   3.665787     1.6312     1.3282      98.78   21.64783  -86.25779    0.00003    0.00005     2.7445     2.7557     8.1450     8.1438    34.9752    34.9755    27.2327    27.2331    1505.41    119.320    119.806         53 0.0000e+00
      72422   3017.535    609.285    614.000     8.2120     8.2110   3.665627   3.665520     1.6308     1.3276     100.04   21.64432  -86.24370    0.00005    0.00005     2.7432     2.7535     8.1473     8.1463    34.9701    34.9700    27.2282    27.2282    1505.16    119.264    119.710         50 0.0000e+00
      72462   3019.223    608.294    613.000     8.2170     8.2158   3.666116   3.666023     1.6313     1.3284     100.00   21.64433  -86.24370    0.00012    0.00007     2.7439     2.7553     8.1523     8.1512    34.9709    34.9710    27.2280    27.2283    1505.16    119.296    119.788         50 0.0000e+00
      72502   3020.881    607.303    612.000     8.2240     8.2321   3.666752   3.667298     1.6313     1.3283     100.00   21.64434  -86.24368    0.00012    0.00026     2.7430     2.7540     8.1595     8.1675    34.9713    34.9724    27.2273    27.2269    1505.16    119.257    119.732         30 0.0000e+00
      72532   3022.136    606.312    611.000     8.2355     8.2465   3.667928   3.669103     1.6316     1.3284     100.00   21.64434  -86.24368    0.00008    0.00007     2.7427     2.7525     8.1710     8.1819    34.9727    34.9743    27.2266    27.2262    1505.16    119.242    119.668         31 0.0000e+00
      72563   3023.419    605.322    610.000     8.2446     8.2561   3.668901   3.670027     1.6321     1.3284     100.00   21.64434  -86.24368    0.00017    0.00001     2.7431     2.7513     8.1801     8.1916    34.9746    34.9751    27.2267    27.2253    1505.16    119.262    119.618         31 0.0000e+00
      72749   3031.168    598.385    603.000     8.3172     8.3230   3.676160   3.676752     1.6327     1.3297     100.00   21.64452  -86.24431   -0.00000    0.00003     2.7372     2.7483     8.2531     8.2589    34.9830    34.9836    27.2222    27.2218    1505.17    119.005    119.488         30 0.0000e+00
      72882   3036.725    593.431    598.000     8.3536     8.3594   3.679754   3.680321     1.6335     1.3297     100.00   21.64479  -86.24533    0.00026    0.00002     2.7352     2.7441     8.2900     8.2957    34.9876    34.9879    27.2201    27.2195    1505.19    118.915    119.303         31 0.0000e+00
      72912   3037.945    592.440    597.000     8.3607     8.3646   3.680442   3.680780     1.6331     1.3295     100.00   21.64438  -86.24368    0.00010   -0.00007     2.7331     2.7427     8.2971     8.3010    34.9883    34.9880    27.2195    27.2187    1505.16    118.828    119.245         30 0.0000e+00
      74153   3089.680    546.851    551.000     9.0088     9.0046   3.746169   3.745800     1.6422     1.3370     100.00   21.64397  -86.24162    0.00040    0.00009     2.6982     2.7064     8.9476     8.9434    35.0625    35.0627    27.1755    27.1764    1505.13    117.314    117.669         33 0.0000e+00
      75069   3127.852    514.141    518.000     9.6037     9.5986   3.809448   3.808920     1.6649     1.3585     100.01   21.64712  -86.25384    0.00063    0.00087     2.7104     2.7216     9.5440     9.5389    35.1526    35.1525    27.1486    27.1494    1505.34    117.847    118.334         36 0.0000e+00
      75108   3129.466    513.149    517.000     9.5801     9.5976   3.806298   3.808538     1.6646     1.3585     100.00   21.64454  -86.24354    0.00027    0.00039     2.7109     2.7215     9.5206     9.5380    35.1447    35.1489    27.1462    27.1465    1505.16    117.869    118.330         42 0.0000e+00
      75167   3131.908    512.158    516.000     9.6722     9.7430   3.816055   3.823913     1.6662     1.3601     100.00   21.64454  -86.24354    0.00028    0.00031     2.7091     2.7164     9.6125     9.6830    35.1538    35.1659    27.1379    27.1354    1505.16    117.790    118.108         31 0.0000e+00
      76417   3184.013    511.167    515.000     9.9343     9.9732   3.843253   3.848480     1.6736     1.3666      99.30   21.64464  -86.24350    0.00044    0.00036     2.7118     2.7212     9.8737     9.9124    35.1872    35.1947    27.1198    27.1191    1505.16    117.913    118.319         54 0.0000e+00
      76864   3202.612    510.176    514.000     9.9709     9.9774   3.848179   3.849060     1.6748     1.3675     100.01   21.64470  -86.24348   -0.00006    0.00002     2.7119     2.7229     9.9103     9.9168    35.1949    35.1964    27.1196    27.1197    1505.16    117.916    118.392         54 0.0000e+00
      76908   3204.463    509.184    513.000     9.9843     9.9855   3.849768   3.849908     1.6751     1.3675     100.00   21.64470  -86.24346    0.00008    0.00001     2.7116     2.7221     9.9237     9.9249    35.1974    35.1977    27.1193    27.1193    1505.16    117.902    118.358         48 0.0000e+00
      76955   3206.397    508.193    512.000    10.0106     9.9900   3.852529   3.850414     1.6755     1.3675     100.00   21.64470  -86.24346    0.00014    0.00003     2.7104     2.7214     9.9500     9.9295    35.2005    35.1989    27.1172    27.1195    1505.16    117.853    118.328         41 0.0000e+00
      76995   3208.072    507.201    511.000    10.0245    10.0070   3.854057   3.852210     1.6760     1.3675     100.00   21.64470  -86.24346    0.00026   -0.00001     2.7105     2.7196     9.9640     9.9466    35.2031    35.2013    27.1168    27.1184    1505.16    117.853    118.249         41 0.0000e+00
      77033   3209.668    506.210    510.000    10.0502    10.0311   3.856718   3.854648     1.6763     1.3686     100.00   21.64471  -86.24346    0.00028    0.00021     2.7095     2.7214     9.9898     9.9707    35.2057    35.2032    27.1145    27.1157    1505.16    117.811    118.328         33 0.0000e+00
      77098   3212.370    504.228    508.000    10.0743    10.0727   3.859581   3.859400     1.6779     1.3701     100.01   21.64665  -86.25117    0.00042    0.00064     2.7113     2.7222    10.0140    10.0125    35.2130    35.2126    27.1161    27.1161    1505.29    117.891    118.364         33 0.0000e+00
      77126   3213.554    503.236    507.000    10.0815    10.0749   3.860082   3.859386     1.6781     1.3701      80.86   21.64472  -86.24344    0.00046    0.00038     2.7112     2.7217    10.0213    10.0147    35.2110    35.2103    27.1132    27.1138    1505.16    117.887    118.343         37 0.0000e+00
      77161   3215.011    502.245    506.000    10.0896    10.0911   3.860899   3.861026     1.6782     1.3707     100.14   21.64472  -86.24345    0.00029    0.00021     2.7106     2.7224    10.0295    10.0310    35.2119    35.2118    27.1125    27.1121    1505.16    117.858    118.371         33 0.0000e+00
      77324   3221.800    496.296    500.000    10.2064    10.1759   3.872992   3.869795     1.6812     1.3724     100.00   21.64439  -86.24200    0.00045    0.00026     2.7092     2.7198    10.1466    10.1162    35.2245    35.2214    27.1020    27.1049    1505.13    117.798    118.262         30 0.0000e+00
      77592   3232.949    486.382    490.000    10.6268    10.6125   3.918484   3.916846     1.6912     1.3810     100.00   21.64444  -86.24207    0.00084    0.00099     2.7048     2.7136    10.5667    10.5524    35.2826    35.2800    27.0737    27.0741    1505.14    117.613    117.996         31 0.0000e+00
      78851   3285.414    438.787    442.000    11.4963    11.4897   4.012551   4.011780     1.7335     1.4195     100.00   21.64400  -86.23953    0.00154    0.00138     2.7455     2.7542    11.4393    11.4328    35.4071    35.4057    27.0115    27.0117    1505.09    119.389    119.767         30 0.0000e+00
      79390   3307.879    418.953    422.000    11.8128    11.8023   4.047542   4.046489     1.7539     1.4375      97.03   21.64713  -86.25166    0.00067    0.00069     2.7717     2.7792    11.7575    11.7471    35.4592    35.4578    26.9924    26.9933    1505.30    120.531    120.858         32 0.0000e+00
      79444   3310.118    417.961    421.000    11.8024    11.8055   4.045935   4.046457     1.7544     1.4389      99.97   21.64508  -86.24343    0.00041    0.00076     2.7736     2.7830    11.7473    11.7504    35.4536    35.4552    26.9899    26.9905    1505.16    120.615    121.023         64 0.0000e+00
      79515   3313.088    416.969    420.000    11.8114    11.8416   4.047064   4.050535     1.7549     1.4409     100.00   21.64509  -86.24344    0.00018    0.00063     2.7740     2.7865    11.7564    11.7865    35.4561    35.4614    26.9900    26.9884    1505.16    120.630    121.175         58 0.0000e+00
      79981   3332.496    413.994    417.000    11.8863    11.9017   4.055577   4.056508     1.7604     1.4469     100.00   21.64516  -86.24350    0.00002    0.00090     2.7825     2.7992    11.8316    11.8468    35.4682    35.4702    26.9852    26.9838    1505.16    120.999    121.728         38 0.0000e+00
      81847   3410.241    412.010    415.000    11.9366    11.9393   4.062063   4.062419     1.7662     1.4501     100.04   21.65366  -86.27599   -0.00002    0.00009     2.7933     2.8043    11.8819    11.8846    35.4887    35.4896    26.9921    26.9923    1505.73    121.469    121.949         40 0.0000e+00
      81868   3411.110    411.018    414.000    11.9326    11.9381   4.060504   4.061263     1.7657     1.4503      76.38   21.64552  -86.24354    0.00003    0.00031     2.7922     2.8051    11.8780    11.8835    35.4758    35.4771    26.9822    26.9822    1505.16    121.425    121.985         57 0.0000e+00
      81931   3413.762    410.027    413.000    11.9375    11.9484   4.061160   4.062536     1.7658     1.4507     101.70   21.64553  -86.24354    0.00005    0.00019     2.7919     2.8050    11.8831    11.8939    35.4770    35.4790    26.9822    26.9816    1505.16    121.411    121.981         59 0.0000e+00
      81975   3415.597    409.035    412.000    11.9512    11.9521   4.062678   4.062787     1.7667     1.4504     100.00   21.64554  -86.24356    0.00022    0.00001     2.7931     2.8035    11.8968    11.8978    35.4794    35.4795    26.9814    26.9813    1505.16    121.462    121.916         36 0.0000e+00
      82015   3417.240    408.043    411.000    11.9618    11.9587   4.063857   4.063506     1.7673     1.4505     100.00   21.64554  -86.24356    0.00045   -0.00006     2.7937     2.8031    11.9076    11.9044    35.4812    35.4808    26.9808    26.9810    1505.16    121.488    121.899         44 0.0000e+00
      82056   3418.957    407.051    410.000    11.9851    11.9711   4.066550   4.064817     1.7682     1.4517     100.00   21.64556  -86.24356    0.00045    0.00023     2.7940     2.8053    11.9309    11.9170    35.4859    35.4822    26.9799    26.9797    1505.16    121.502    121.995         35 0.0000e+00
      82089   3420.338    406.059    409.000    12.0175    11.9944   4.070191   4.067648     1.7695     1.4529     100.00   21.64556  -86.24356    0.00059    0.00065     2.7950     2.8066    11.9634    11.9403    35.4910    35.4875    26.9777    26.9794    1505.16    121.545    122.049         33 0.0000e+00
