Gulf of Mexico/GOMECC-4/1db/urb2103_1231.cnv
* Sea-Bird SBE 9 Data File:
* FileName = C:\Users\scs.user.rb\CTD\GOMECC4\data\rb2103_1231.hex
* Software Version Seasave V 7.26.7.107
* Temperature SN = 4799
* Conductivity SN = 3860
* Number of Bytes Per Scan = 41
* Number of Voltage Words = 4
* Number of Scans Averaged by the Deck Unit = 1
* NMEA Latitude = 24 44.12 N
* NMEA Longitude = 080 37.33 W
* NMEA UTC (Time) = Oct 17 2021  22:52:18
* NMEA baud rate = 4800
# nquan = 28
# nvalues = 65                          
# units = specified
# name 0 = scan: Scan Count
# name 1 = timeS: Time, Elapsed [seconds]
# name 2 = depSM: Depth [salt water, m]
# name 3 = prDM: Pressure, Digiquartz [db]
# name 4 = t090C: Temperature [ITS-90, deg C]
# name 5 = t190C: Temperature, 2 [ITS-90, deg C]
# name 6 = c0S/m: Conductivity [S/m]
# name 7 = c1S/m: Conductivity, 2 [S/m]
# name 8 = sbeox0V: Oxygen raw, SBE 43 [V]
# name 9 = sbeox1V: Oxygen raw, SBE 43, 2 [V]
# name 10 = altM: Altimeter [m]
# name 11 = latitude: Latitude [deg]
# name 12 = longitude: Longitude [deg]
# name 13 = sbox0dV/dT: Oxygen, SBE 43 [dov/dt]
# name 14 = sbox1dV/dT: Oxygen, SBE 43, 2 [dov/dt]
# name 15 = sbeox0ML/L: Oxygen, SBE 43 [ml/l], WS = 5
# name 16 = sbeox1ML/L: Oxygen, SBE 43, 2 [ml/l], WS = 5
# name 17 = potemp090C: Potential Temperature [ITS-90, deg C]
# name 18 = potemp190C: Potential Temperature, 2 [ITS-90, deg C]
# name 19 = sal00: Salinity, Practical [PSU]
# name 20 = sal11: Salinity, Practical, 2 [PSU]
# name 21 = sigma-é00: Density [sigma-theta, kg/m^3]
# name 22 = sigma-é11: Density, 2 [sigma-theta, kg/m^3]
# name 23 = avgsvCM: Average Sound Velocity [Chen-Millero, m/s], minP = 20, minS = 20
# name 24 = sbox0Mm/Kg: Oxygen, SBE 43 [umol/kg], WS = 5
# name 25 = sbox1Mm/Kg: Oxygen, SBE 43, 2 [umol/kg], WS = 5
# name 26 = nbin: number of scans per bin
# name 27 = flag: flag
# span 0 =      25514,      54854       
# span 1 =   1063.062,   2285.539       
# span 2 =      0.994,    132.105       
# span 3 =      1.000,    133.000       
# span 4 =    10.4517,    29.7611       
# span 5 =    10.4514,    29.7639       
# span 6 =   3.884512,   5.899392       
# span 7 =   3.884454,   5.900019       
# span 8 =     1.7105,     3.1806       
# span 9 =     1.4019,     2.6877       
# span 10 =      13.30,      99.33      
# span 11 =   24.56959,   24.75510      
# span 12 =  -80.68707,  -80.08262      
# span 13 =   -0.00264,    0.02185      
# span 14 =   -0.00327,    0.02151      
# span 15 =     2.6331,     4.3817      
# span 16 =     2.6444,     4.3559      
# span 17 =    10.4360,    29.7606      
# span 18 =    10.4356,    29.7635      
# span 19 =    35.2700,    36.3931      
# span 20 =    35.2699,    36.3964      
# span 21 =    22.2609,    27.0874      
# span 22 =    22.2611,    27.0874      
# span 23 =    1517.39,    1528.84      
# span 24 =    114.506,    191.424      
# span 25 =    114.996,    190.297      
# span 26 =         31,         77      
# span 27 = 0.0000e+00, 0.0000e+00      
# interval = decibars: 1                
# start_time = Oct 17 2021 22:52:18 [NMEA time, header]
# bad_flag = -9.990e-29
*END*
[from data line 52]
      34269   1427.849     73.512     74.000    23.9215    23.6619   5.370983   5.341389     2.6896     2.2431      71.61   24.73552  -80.62334    0.02166    0.01912     3.9125     3.8702    23.9059    23.6464    36.3143    36.3004    24.6645    24.7308    1527.63    170.528    168.670         74 0.0000e+00
      34343   1430.909     72.519     73.000    24.3929    24.2139   5.424411   5.403749     2.7459     2.3039      72.59   24.73552  -80.62334    0.01943    0.02151     3.9884     3.9648    24.3773    24.1983    36.3358    36.3252    24.5400    24.5856    1527.63    173.855    172.817         72 0.0000e+00
      34415   1433.932     71.526     72.000    25.0171    24.7522   5.492831   5.462194     2.8087     2.3468      73.57   24.73552  -80.62334    0.01966    0.01357     4.0648     4.0200    25.0016    24.7367    36.3458    36.3314    24.3582    24.4278    1527.63    177.219    175.255         71 0.0000e+00
      34486   1436.869     70.533     71.000    25.2114    25.2041   5.519438   5.519956     2.8486     2.4001      74.53   24.73552  -80.62334    0.01622    0.01867     4.1255     4.1020    25.1882    25.1885    36.3931    36.3916    24.3368    24.3355    1527.63    179.870    178.841         72 0.0000e+00
      34559   1439.925     69.539     70.000    25.5459    25.5391   5.556551   5.556106     2.8864     2.4405      75.49   24.73552  -80.62334    0.01222    0.01389     4.1716     4.1636    25.5304    25.5236    36.3899    36.3964    24.2287    24.2358    1527.63    181.897    181.548         73 0.0000e+00
      34632   1442.972     68.546     69.000    25.8176    25.8397   5.573938   5.587287     2.9094     2.4640      76.49   24.73552  -80.62333    0.00869    0.00811     4.1987     4.1920    25.8022    25.8243    36.3100    36.3864    24.0839    24.1346    1527.63    183.104    182.802         73 0.0000e+00
      34705   1445.997     67.553     68.000    26.1998    26.2860   5.616235   5.628522     2.9354     2.4925      77.44   24.73552  -80.62333    0.00748    0.00949     4.2203     4.2217    26.1971    26.2706    36.3027    36.3341    23.9544    23.9551    1527.63    184.069    184.132         72 0.0000e+00
      34776   1448.968     66.560     67.000    26.5893    26.6339   5.655724   5.657593     2.9589     2.5043      78.45   24.73552  -80.62332    0.00934    0.00569     4.2332     4.2219    26.5740    26.6186    36.2928    36.2686    23.8279    23.7955    1527.63    184.656    184.167         70 0.0000e+00
      34850   1452.028     65.566     66.000    26.9400    26.9924   5.686106   5.686599     2.9589     2.4951      79.41   24.73552  -80.62332    0.00094   -0.00243     4.2074     4.1789    26.9248    26.9772    36.2374    36.2001    23.6742    23.6293    1527.63    183.556    182.321         68 0.0000e+00
      37412   1558.794     56.627     57.000    28.4776    28.4517   5.828834   5.826102     2.9656     2.4993      88.18   24.72955  -80.60390   -0.00239   -0.00327     4.1057     4.0855    28.4643    28.4381    36.0630    36.0635    23.0402    23.0491    1527.26    179.232    178.348         37 0.0000e+00
      44929   1872.012     26.825     27.000    28.9120    28.9924   5.807028   5.806475     3.1247     2.6369      99.33   24.56959  -80.08262   -0.00068   -0.00094     4.3499     4.3182    28.9055    28.9858    35.4809    35.5949    22.4200    22.4957    1517.39    189.978    188.593         33 0.0000e+00
      54812   2283.812      1.987      2.000    29.7611    29.7639   5.899392   5.900019     3.1806     2.6877      79.40   24.74838  -80.66533    0.00032    0.00019     4.3817     4.3559    29.7606    29.7635    35.6165    35.6176    22.2731    22.2730    1528.43    191.424    190.297         71 0.0000e+00
      54854   2285.539      0.994      1.000    29.7465    29.7487   5.896418   5.896916     3.1794     2.6845      78.05   24.73547  -80.62328   -0.00029   -0.00014     4.3800     4.3495    29.7462    29.7484    35.5977    35.5989    22.2609    22.2611    1527.63    191.352    190.018         56 0.0000e+00
