Gulf of Mexico/GOMECC-4/1db/urb2103_0122.cnv
* Sea-Bird SBE 9 Data File:
* FileName = C:\Users\scs.user.rb\CTD\GOMECC4\data\rb2103_0122.hex
* Software Version Seasave V 7.26.7.107
* Temperature SN = 4799
* Conductivity SN = 3860
* Number of Bytes Per Scan = 41
* Number of Voltage Words = 4
* Number of Scans Averaged by the Deck Unit = 1
* NMEA Latitude = 26 39.93 N
* NMEA Longitude = 085 00.17 W
* NMEA UTC (Time) = Sep 18 2021  13:28:43
* NMEA baud rate = 4800
# nquan = 28
# nvalues = 449                         
# units = specified
# name 0 = scan: Scan Count
# name 1 = timeS: Time, Elapsed [seconds]
# name 2 = depSM: Depth [salt water, m]
# name 3 = prDM: Pressure, Digiquartz [db]
# name 4 = t090C: Temperature [ITS-90, deg C]
# name 5 = t190C: Temperature, 2 [ITS-90, deg C]
# name 6 = c0S/m: Conductivity [S/m]
# name 7 = c1S/m: Conductivity, 2 [S/m]
# name 8 = sbeox0V: Oxygen raw, SBE 43 [V]
# name 9 = sbeox1V: Oxygen raw, SBE 43, 2 [V]
# name 10 = altM: Altimeter [m]
# name 11 = latitude: Latitude [deg]
# name 12 = longitude: Longitude [deg]
# name 13 = sbox0dV/dT: Oxygen, SBE 43 [dov/dt]
# name 14 = sbox1dV/dT: Oxygen, SBE 43, 2 [dov/dt]
# name 15 = sbeox0ML/L: Oxygen, SBE 43 [ml/l], WS = 5
# name 16 = sbeox1ML/L: Oxygen, SBE 43, 2 [ml/l], WS = 5
# name 17 = potemp090C: Potential Temperature [ITS-90, deg C]
# name 18 = potemp190C: Potential Temperature, 2 [ITS-90, deg C]
# name 19 = sal00: Salinity, Practical [PSU]
# name 20 = sal11: Salinity, Practical, 2 [PSU]
# name 21 = sigma-é00: Density [sigma-theta, kg/m^3]
# name 22 = sigma-é11: Density, 2 [sigma-theta, kg/m^3]
# name 23 = avgsvCM: Average Sound Velocity [Chen-Millero, m/s], minP = 20, minS = 20
# name 24 = sbox0Mm/Kg: Oxygen, SBE 43 [umol/kg], WS = 5
# name 25 = sbox1Mm/Kg: Oxygen, SBE 43, 2 [umol/kg], WS = 5
# name 26 = nbin: number of scans per bin
# name 27 = flag: flag
# span 0 =     102210,     232323       
# span 1 =   4258.692,   9680.102       
# span 2 =      1.987,   3275.461       
# span 3 =      2.000,   3323.000       
# span 4 =     4.3014,    30.4606       
# span 5 =     4.3023,    30.4332       
# span 6 =   3.348901,   5.966202       
# span 7 =   3.348830,   5.958578       
# span 8 =     1.6139,     3.1920       
# span 9 =     1.3189,     2.7111       
# span 10 =      11.01,     104.63      
# span 11 =   26.65901,   27.29047      
# span 12 =  -87.01554,  -85.00351      
# span 13 =   -0.00577,    0.01913      
# span 14 =   -0.00520,    0.01863      
# span 15 =     2.5903,     4.6950      
# span 16 =     2.6224,     4.7281      
# span 17 =     4.0798,    30.4596      
# span 18 =     4.0810,    30.4322      
# span 19 =    34.9019,    36.6904      
# span 20 =    34.9005,    36.6927      
# span 21 =    21.8417,    27.7610      
# span 22 =    21.9195,    27.7595      
# span 23 =    1502.61,    1538.18      
# span 24 =    112.626,    204.015      
# span 25 =    114.023,    205.456      
# span 26 =         30,         70      
# span 27 = 0.0000e+00, 0.0000e+00      
# interval = decibars: 1                
# start_time = Sep 18 2021 13:28:43 [NMEA time, header]
# bad_flag = -9.990e-29
*END*
[from data line 156]
     180773   7532.170    867.439    875.000     5.7046     5.7066   3.441257   3.441334     1.7622     1.4557     100.00   26.66179  -85.01337   -0.00017   -0.00050     3.4719     3.5037     5.6272     5.6292    34.9153    34.9141    27.5328    27.5316    1502.78    150.903    152.285         30 0.0000e+00
     180800   7533.306    866.450    874.000     5.7052     5.7068   3.441205   3.441253     1.7613     1.4554     100.00   26.66126  -85.01170   -0.00032   -0.00052     3.4684     3.5020     5.6280     5.6295    34.9145    34.9134    27.5320    27.5309    1502.75    150.750    152.211         31 0.0000e+00
     181154   7548.044    852.599    860.000     5.7672     5.7652   3.446093   3.445800     1.7551     1.4504     100.00   26.66134  -85.01194   -0.00021   -0.00020     3.4358     3.4721     5.6908     5.6889    34.9129    34.9120    27.5230    27.5225    1502.75    149.332    150.912         34 0.0000e+00
     181315   7554.742    846.663    854.000     5.7983     5.8000   3.448777   3.448818     1.7525     1.4485      97.43   26.66285  -85.01676   -0.00026   -0.00039     3.4215     3.4595     5.7224     5.7240    34.9143    34.9131    27.5202    27.5190    1502.84    148.714    150.362         41 0.0000e+00
     181462   7560.863    840.726    848.000     5.8207     5.8211   3.450420   3.450411     1.7500     1.4455      54.18   26.66225  -85.01484   -0.00018   -0.00035     3.4083     3.4440     5.7452     5.7456    34.9125    34.9119    27.5159    27.5154    1502.81    148.138    149.690         33 0.0000e+00
     181489   7562.000    839.737    847.000     5.8223     5.8177   3.450415   3.449903     1.7488     1.4443     101.39   26.66128  -85.01170   -0.00026   -0.00042     3.4042     3.4397     5.7468     5.7422    34.9114    34.9106    27.5148    27.5147    1502.75    147.961    149.504         33 0.0000e+00
     181609   7566.980    834.790    842.000     5.8634     5.8675   3.453845   3.454093     1.7462     1.4419     100.00   26.66114  -85.01124   -0.00059   -0.00043     3.3893     3.4243     5.7881     5.7923    34.9104    34.9090    27.5088    27.5071    1502.74    147.312    148.833         32 0.0000e+00
     181715   7571.409    830.832    838.000     5.8942     5.8922   3.456413   3.456123     1.7424     1.4381     100.00   26.66125  -85.01163   -0.00076   -0.00070     3.3721     3.4067     5.8191     5.8171    34.9097    34.9085    27.5044    27.5037    1502.75    146.569    148.071         31 0.0000e+00
     181838   7576.535    825.885    833.000     5.9161     5.9174   3.458093   3.458107     1.7384     1.4342     100.00   26.66074  -85.01000   -0.00071   -0.00060     3.3550     3.3883     5.8414     5.8427    34.9085    34.9073    27.5006    27.4995    1502.72    145.824    147.271         38 0.0000e+00
     182018   7584.044    818.958    826.000     5.9444     5.9452   3.460320   3.460356     1.7345     1.4310      83.09   26.66092  -85.01058   -0.00056   -0.00039     3.3366     3.3713     5.8701     5.8709    34.9083    34.9077    27.4968    27.4962    1502.73    145.027    146.535         30 0.0000e+00
     182149   7589.519    814.011    821.000     5.9647     5.9666   3.462060   3.462136     1.7329     1.4297      57.85   26.66217  -85.01450   -0.00025   -0.00035     3.3273     3.3624     5.8908     5.8927    34.9093    34.9083    27.4950    27.4939    1502.80    144.619    146.146         30 0.0000e+00
     182174   7590.546    813.021    820.000     5.9652     5.9647   3.461962   3.461815     1.7323     1.4287      94.75   26.66130  -85.01172   -0.00041   -0.00061     3.3248     3.3587     5.8914     5.8909    34.9081    34.9071    27.4940    27.4932    1502.75    144.511    145.986         30 0.0000e+00
     182436   7601.453    803.125    810.000     5.9965     6.0000   3.464438   3.464645     1.7289     1.4262     100.00   26.66231  -85.01493   -0.00041   -0.00006     3.3063     3.3420     5.9235     5.9269    34.9082    34.9069    27.4900    27.4885    1502.81    143.707    145.261         35 0.0000e+00
     182567   7606.921    798.177    805.000     6.0321     6.0393   3.467470   3.468040     1.7274     1.4237     100.01   26.66314  -85.01760   -0.00028   -0.00047     3.2962     3.3277     5.9594     5.9665    34.9087    34.9081    27.4858    27.4844    1502.85    143.269    144.638         46 0.0000e+00
     182597   7608.178    797.188    804.000     6.0279     6.0337   3.466819   3.467275     1.7259     1.4219     100.00   26.66130  -85.01173   -0.00066   -0.00081     3.2914     3.3215     5.9553     5.9611    34.9067    34.9055    27.4847    27.4830    1502.75    143.061    144.370         47 0.0000e+00
     182671   7611.237    796.198    803.000     6.0315     6.0344   3.467094   3.467294     1.7244     1.4208      98.60   26.66130  -85.01173   -0.00059   -0.00056     3.2855     3.3169     5.9589     5.9618    34.9063    34.9056    27.4840    27.4830    1502.75    142.806    144.172         57 0.0000e+00
     182783   7615.925    795.208    802.000     6.0530     6.0546   3.468977   3.469075     1.7227     1.4208     100.32   26.66130  -85.01174   -0.00016    0.00021     3.2776     3.3149     5.9804     5.9820    34.9059    34.9054    27.4809    27.4803    1502.75    142.463    144.083         33 0.0000e+00
     182875   7619.745    794.219    801.000     6.0627     6.0618   3.469815   3.469645     1.7212     1.4191     100.00   26.66130  -85.01174   -0.00049   -0.00043     3.2714     3.3076     5.9901     5.9893    34.9057    34.9048    27.4795    27.4789    1502.75    142.193    143.767         65 0.0000e+00
     183443   7643.427    793.229    800.000     6.0699     6.0731   3.470396   3.470510     1.7187     1.4173      95.58   26.66131  -85.01173   -0.00021   -0.00028     3.2624     3.3002     5.9974     6.0006    34.9055    34.9044    27.4784    27.4771    1502.75    141.801    143.447         40 0.0000e+00
     184262   7677.539    792.240    799.000     6.0787     6.0796   3.471140   3.471152     1.7173     1.4168     101.03   26.66132  -85.01172    0.00005    0.00014     3.2565     3.2973     6.0062     6.0072    34.9053    34.9043    27.4771    27.4762    1502.75    141.546    143.319         38 0.0000e+00
     184255   7677.269    791.250    798.000     6.0781     6.0792   3.471031   3.471054     1.7179     1.4164     100.00   26.66132  -85.01172    0.00008   -0.00009     3.2581     3.2955     6.0057     6.0068    34.9052    34.9043    27.4771    27.4763    1502.75    141.618    143.243         41 0.0000e+00
     184373   7682.178    790.260    797.000     6.0782     6.0818   3.471010   3.471305     1.7181     1.4165      91.23   26.66132  -85.01172   -0.00000    0.00002     3.2583     3.2950     6.0059     6.0095    34.9053    34.9044    27.4772    27.4760    1502.75    141.624    143.219         58 0.0000e+00
     184473   7686.315    789.271    796.000     6.0801     6.0811   3.471113   3.471140     1.7178     1.4170      97.73   26.66132  -85.01173   -0.00005    0.00011     3.2569     3.2965     6.0079     6.0089    34.9051    34.9043    27.4767    27.4760    1502.75    141.565    143.283         43 0.0000e+00
     184542   7689.208    788.281    795.000     6.0868     6.0874   3.471677   3.471696     1.7180     1.4165      82.60   26.66132  -85.01174   -0.00000   -0.00003     3.2565     3.2938     6.0147     6.0153    34.9050    34.9046    27.4758    27.4754    1502.75    141.547    143.166         36 0.0000e+00
     184617   7692.348    785.312    792.000     6.1002     6.1057   3.472547   3.472974     1.7176     1.4147      99.67   26.65920  -85.00497   -0.00004   -0.00041     3.2528     3.2844     6.0283     6.0338    34.9028    34.9015    27.4722    27.4705    1502.63    141.386    142.761         49 0.0000e+00
     184802   7700.021    779.374    786.000     6.1345     6.1385   3.475767   3.476042     1.7164     1.4122      50.09   26.66271  -85.01611   -0.00025   -0.00059     3.2430     3.2702     6.0629     6.0669    34.9066    34.9056    27.4709    27.4696    1502.83    140.959    142.142         31 0.0000e+00
     184828   7701.133    778.384    785.000     6.1358     6.1386   3.475685   3.475855     1.7156     1.4115     101.70   26.66134  -85.01174   -0.00032   -0.00067     3.2400     3.2673     6.0643     6.0671    34.9047    34.9038    27.4692    27.4681    1502.75    140.831    142.016         39 0.0000e+00
     184949   7706.164    773.436    780.000     6.1562     6.1579   3.477370   3.477414     1.7142     1.4113      64.72   26.66184  -85.01334   -0.00024   -0.00004     3.2317     3.2629     6.0851     6.0868    34.9052    34.9040    27.4669    27.4658    1502.78    140.470    141.824         32 0.0000e+00
     185146   7714.383    765.518    772.000     6.1940     6.1965   3.480391   3.480523     1.7118     1.4091     100.00   26.66115  -85.01116   -0.00007   -0.00019     3.2174     3.2483     6.1235     6.1260    34.9043    34.9032    27.4612    27.4600    1502.74    139.847    141.193         32 0.0000e+00
     185446   7726.871    753.640    760.000     6.2652     6.2644   3.486283   3.486127     1.7070     1.4054     100.00   26.66075  -85.00988   -0.00065   -0.00041     3.1907     3.2246     6.1954     6.1946    34.9033    34.9023    27.4511    27.4503    1502.72    138.689    140.164         33 0.0000e+00
     185551   7731.237    749.681    756.000     6.2896     6.2982   3.488437   3.489125     1.7052     1.4034     100.00   26.66165  -85.01276   -0.00046   -0.00052     3.1809     3.2130     6.2201     6.2286    34.9043    34.9034    27.4486    27.4468    1502.77    138.264    139.661         40 0.0000e+00
     185668   7736.109    744.731    751.000     6.3344     6.3341   3.492192   3.492096     1.7033     1.4003     100.00   26.66064  -85.00952   -0.00020   -0.00061     3.1689     3.1971     6.2651     6.2648    34.9030    34.9022    27.4417    27.4411    1502.71    137.742    138.968         40 0.0000e+00
     185795   7741.435    739.782    746.000     6.3665     6.3669   3.494892   3.494867     1.6990     1.3970      96.73   26.66090  -85.01036   -0.00068   -0.00052     3.1503     3.1808     6.2975     6.2979    34.9028    34.9021    27.4373    27.4367    1502.73    136.936    138.259         32 0.0000e+00
     186145   7756.004    725.923    732.000     6.4880     6.4916   3.505315   3.505520     1.6869     1.3857     100.00   26.66069  -85.00975   -0.00095   -0.00045     3.0955     3.1255     6.4197     6.4233    34.9019    34.9005    27.4204    27.4188    1502.71    134.555    135.858         30 0.0000e+00
     186303   7762.597    719.983    726.000     6.5735     6.5778   3.513154   3.513488     1.6831     1.3812     100.00   26.66165  -85.01282   -0.00077   -0.00100     3.0738     3.1000     6.5053     6.5096    34.9050    34.9043    27.4115    27.4104    1502.77    133.614    134.752         33 0.0000e+00
     186448   7768.634    714.043    720.000     6.6191     6.6253   3.517108   3.517556     1.6776     1.3770     100.00   26.66085  -85.01026   -0.00074   -0.00051     3.0502     3.0792     6.5512     6.5574    34.9053    34.9040    27.4056    27.4037    1502.72    132.590    133.850         36 0.0000e+00
     186577   7774.017    709.093    715.000     6.6693     6.6763   3.521687   3.522270     1.6746     1.3734     100.00   26.66224  -85.01468   -0.00047   -0.00059     3.0345     3.0609     6.6016     6.6087    34.9077    34.9069    27.4007    27.3992    1502.80    131.905    133.055         33 0.0000e+00
     186743   7780.937    702.163    708.000     6.6897     6.6910   3.523075   3.523007     1.6691     1.3701     100.00   26.66046  -85.00903   -0.00045   -0.00022     3.0127     3.0456     6.6226     6.6240    34.9055    34.9044    27.3961    27.3951    1502.70    130.958    132.388         34 0.0000e+00
     186942   7789.210    695.232    701.000     6.7066     6.7111   3.524769   3.525089     1.6683     1.3702     100.01   26.66425  -85.02112   -0.00018    0.00017     3.0057     3.0415     6.6402     6.6446    34.9097    34.9099    27.3972    27.3967    1502.92    130.658    132.211         36 0.0000e+00
     186960   7789.942    694.242    700.000     6.7070     6.7087   3.524436   3.524521     1.6682     1.3699     100.00   26.66132  -85.01178   -0.00007    0.00005     3.0052     3.0403     6.6407     6.6424    34.9069    34.9061    27.3948    27.3940    1502.75    130.636    132.159         33 0.0000e+00
     187074   7794.721    689.291    695.000     6.7296     6.7322   3.526379   3.526528     1.6682     1.3695     100.00   26.66186  -85.01351    0.00004   -0.00002     3.0015     3.0352     6.6636     6.6662    34.9080    34.9070    27.3926    27.3914    1502.78    130.471    131.938         32 0.0000e+00
     187263   7802.604    682.360    688.000     6.7535     6.7563   3.528479   3.528640     1.6668     1.3678     100.01   26.66355  -85.01890   -0.00012   -0.00025     2.9924     3.0244     6.6881     6.6909    34.9105    34.9094    27.3913    27.3901    1502.88    130.078    131.471         47 0.0000e+00
     187384   7807.640    676.419    682.000     6.7705     6.7725   3.529299   3.529386     1.6648     1.3661      99.47   26.65909  -85.00468   -0.00020   -0.00017     2.9827     3.0153     6.7056     6.7076    34.9047    34.9036    27.3842    27.3831    1502.62    129.656    131.074         37 0.0000e+00
     187873   7827.983    657.604    663.000     6.8921     6.8944   3.540143   3.540171     1.6600     1.3608     100.00   26.66091  -85.01047   -0.00053   -0.00043     2.9506     2.9802     6.8285     6.8308    34.9105    34.9092    27.3720    27.3707    1502.73    128.262    129.550         32 0.0000e+00
     188006   7833.550    652.653    658.000     6.9104     6.9152   3.541816   3.542158     1.6575     1.3584     100.00   26.66248  -85.01549   -0.00033   -0.00029     2.9392     2.9684     6.8473     6.8520    34.9130    34.9119    27.3714    27.3699    1502.82    127.770    129.036         35 0.0000e+00
     188140   7839.128    646.711    652.000     6.9270     6.9290   3.542849   3.542958     1.6556     1.3577     100.00   26.66027  -85.00843   -0.00010   -0.00000     2.9299     2.9628     6.8644     6.8664    34.9101    34.9094    27.3668    27.3659    1502.69    127.362    128.796         32 0.0000e+00
     188322   7846.690    639.779    645.000     6.9530     6.9553   3.545089   3.545200     1.6547     1.3577     100.00   26.66099  -85.01069   -0.00010    0.00010     2.9223     2.9579     6.8910     6.8933    34.9123    34.9112    27.3648    27.3637    1502.73    127.031    128.582         39 0.0000e+00
     188626   7859.382    627.894    633.000     7.0544     7.0574   3.554272   3.554466     1.6506     1.3526     100.00   26.66198  -85.01390   -0.00071   -0.00045     2.8970     2.9283     6.9930     6.9960    34.9163    34.9154    27.3539    27.3528    1502.79    125.935    127.297         30 0.0000e+00
     189051   7877.091    611.056    616.000     7.1633     7.1736   3.563848   3.564647     1.6434     1.3451     100.00   26.66186  -85.01345   -0.00072   -0.00065     2.8601     2.8876     7.1032     7.1134    34.9195    34.9178    27.3410    27.3383    1502.78    124.332    125.530         30 0.0000e+00
     189188   7882.777    606.103    611.000     7.2044     7.2102   3.567917   3.568417     1.6404     1.3418     100.01   26.66416  -85.02084   -0.00055   -0.00065     2.8455     2.8720     7.1446     7.1504    34.9252    34.9248    27.3397    27.3386    1502.91    123.700    124.850         34 0.0000e+00
     189205   7883.516    605.113    610.000     7.1989     7.2121   3.567033   3.568200     1.6389     1.3406     100.00   26.66132  -85.01179   -0.00060   -0.00082     2.8411     2.8676     7.1392     7.1524    34.9213    34.9207    27.3373    27.3350    1502.75    123.508    124.662         34 0.0000e+00
