Gulf of Mexico/GOMECC-4/1db/urb2103_0811.cnv
* Sea-Bird SBE 9 Data File:
* FileName = C:\Users\scs.user.rb\CTD\GOMECC4\data\rb2103_0811.hex
* Software Version Seasave V 7.26.7.107
* Temperature SN = 4799
* Conductivity SN = 3860
* Number of Bytes Per Scan = 41
* Number of Voltage Words = 4
* Number of Scans Averaged by the Deck Unit = 1
* NMEA Latitude = 22 16.45 N
* NMEA Longitude = 096 10.82 W
* NMEA UTC (Time) = Oct 06 2021  16:12:43
* NMEA baud rate = 4800
# nquan = 28
# nvalues = 693                         
# units = specified
# name 0 = scan: Scan Count
# name 1 = timeS: Time, Elapsed [seconds]
# name 2 = depSM: Depth [salt water, m]
# name 3 = prDM: Pressure, Digiquartz [db]
# name 4 = t090C: Temperature [ITS-90, deg C]
# name 5 = t190C: Temperature, 2 [ITS-90, deg C]
# name 6 = c0S/m: Conductivity [S/m]
# name 7 = c1S/m: Conductivity, 2 [S/m]
# name 8 = sbeox0V: Oxygen raw, SBE 43 [V]
# name 9 = sbeox1V: Oxygen raw, SBE 43, 2 [V]
# name 10 = altM: Altimeter [m]
# name 11 = latitude: Latitude [deg]
# name 12 = longitude: Longitude [deg]
# name 13 = sbox0dV/dT: Oxygen, SBE 43 [dov/dt]
# name 14 = sbox1dV/dT: Oxygen, SBE 43, 2 [dov/dt]
# name 15 = sbeox0ML/L: Oxygen, SBE 43 [ml/l], WS = 5
# name 16 = sbeox1ML/L: Oxygen, SBE 43, 2 [ml/l], WS = 5
# name 17 = potemp090C: Potential Temperature [ITS-90, deg C]
# name 18 = potemp190C: Potential Temperature, 2 [ITS-90, deg C]
# name 19 = sal00: Salinity, Practical [PSU]
# name 20 = sal11: Salinity, Practical, 2 [PSU]
# name 21 = sigma-é00: Density [sigma-theta, kg/m^3]
# name 22 = sigma-é11: Density, 2 [sigma-theta, kg/m^3]
# name 23 = avgsvCM: Average Sound Velocity [Chen-Millero, m/s], minP = 20, minS = 20
# name 24 = sbox0Mm/Kg: Oxygen, SBE 43 [umol/kg], WS = 5
# name 25 = sbox1Mm/Kg: Oxygen, SBE 43, 2 [umol/kg], WS = 5
# name 26 = nbin: number of scans per bin
# name 27 = flag: flag
# span 0 =      91763,     214282       
# span 1 =   3823.405,   8928.361       
# span 2 =      2.981,   2560.010       
# span 3 =      3.000,   2592.000       
# span 4 =     4.2617,    29.8079       
# span 5 =     4.2627,    29.9760       
# span 6 =   3.340664,   6.023251       
# span 7 =   3.340750,   6.023851       
# span 8 =     1.5775,     3.2692       
# span 9 =     1.2798,     2.7827       
# span 10 =      10.62,     103.72      
# span 11 =   22.26488,   22.76956      
# span 12 =  -98.31900,  -96.13954      
# span 13 =   -0.01244,    0.04935      
# span 14 =   -0.01363,    0.04464      
# span 15 =     2.4070,     4.8803      
# span 16 =     2.4228,     4.8826      
# span 17 =     4.0824,    29.8065      
# span 18 =     4.0834,    29.9745      
# span 19 =    34.9109,    36.5837      
# span 20 =    34.9097,    36.6833      
# span 21 =    22.6210,    27.7579      
# span 22 =    22.6209,    27.7567      
# span 23 =    1497.41,    1531.36      
# span 24 =    104.661,    212.779      
# span 25 =    105.350,    212.881      
# span 26 =         30,         73      
# span 27 = 0.0000e+00, 0.0000e+00      
# interval = decibars: 1                
# start_time = Oct 06 2021 16:12:43 [NMEA time, header]
# bad_flag = -9.990e-29
*END*
[from data line 415]
     156762   6531.712    725.154    731.000     5.9398     5.9400   3.456562   3.456451     1.7427     1.4337     100.00   22.27513  -96.18448   -0.00019   -0.00001     3.3227     3.3399     5.8746     5.8748    34.9173    34.9158    27.5033    27.5021    1498.11    144.418    145.166         31 0.0000e+00
     156788   6532.799    724.164    730.000     5.9415     5.9388   3.456500   3.456144     1.7414     1.4326     100.00   22.27412  -96.18014   -0.00051   -0.00031     3.3180     3.3360     5.8764     5.8737    34.9153    34.9141    27.5016    27.5009    1498.04    144.214    144.997         35 0.0000e+00
     156920   6538.312    719.212    725.000     5.9862     5.9869   3.460429   3.460340     1.7372     1.4284     100.00   22.27471  -96.18259   -0.00082   -0.00081     3.2980     3.3144     5.9213     5.9220    34.9161    34.9144    27.4965    27.4951    1498.08    143.348    144.062         30 0.0000e+00
     156948   6539.456    718.222    724.000     5.9876     5.9887   3.460411   3.460426     1.7360     1.4272     100.00   22.27414  -96.18014   -0.00093   -0.00102     3.2936     3.3098     5.9228     5.9239    34.9149    34.9139    27.4953    27.4944    1498.04    143.156    143.861         32 0.0000e+00
     157107   6546.080    712.280    718.000     6.0273     6.0273   3.463738   3.463651     1.7316     1.4226      77.12   22.27399  -96.17948   -0.00071   -0.00077     3.2733     3.2876     5.9628     5.9628    34.9145    34.9136    27.4900    27.4892    1498.03    142.275    142.894         31 0.0000e+00
     157406   6558.539    702.377    708.000     6.0976     6.0993   3.470132   3.470152     1.7243     1.4153     100.01   22.27731  -96.19393   -0.00065   -0.00063     3.2388     3.2514     6.0338     6.0354    34.9196    34.9181    27.4849    27.4835    1498.25    140.779    141.323         32 0.0000e+00
     157468   6561.127    701.386    707.000     6.0718     6.0793   3.467353   3.467933     1.7202     1.4123     100.00   22.27414  -96.18014   -0.00113   -0.00090     3.2279     3.2424     6.0082     6.0157    34.9149    34.9138    27.4845    27.4826    1498.04    140.300    140.934         62 0.0000e+00
     157576   6565.640    700.396    706.000     6.0870     6.0863   3.468795   3.468231     1.7211     1.4135     100.00   22.27414  -96.18014   -0.00006    0.00004     3.2287     3.2455     6.0234     6.0227    34.9144    34.9138    27.4821    27.4817    1498.04    140.337    141.066         37 0.0000e+00
     157793   6574.674    698.415    704.000     6.0994     6.1042   3.469393   3.469509     1.7197     1.4121      99.99   22.27225  -96.17196   -0.00015   -0.00042     3.2229     3.2384     6.0359     6.0407    34.9109    34.9097    27.4777    27.4761    1497.91    140.087    140.760         51 0.0000e+00
     157934   6580.539    697.425    703.000     6.1199     6.1220   3.471459   3.471546     1.7185     1.4106     100.00   22.27413  -96.18014   -0.00031   -0.00042     3.2159     3.2311     6.0564     6.0585    34.9140    34.9130    27.4775    27.4765    1498.04    139.782    140.440         37 0.0000e+00
     158041   6585.002    696.434    702.000     6.1250     6.1298   3.471917   3.472281     1.7167     1.4096     100.00   22.27412  -96.18014   -0.00055   -0.00034     3.2100     3.2266     6.0615     6.0663    34.9142    34.9134    27.4770    27.4757    1498.04    139.524    140.246         44 0.0000e+00
     158216   6592.312    695.444    701.000     6.1326     6.1371   3.472560   3.472893     1.7152     1.4083     100.00   22.27412  -96.18014   -0.00020   -0.00016     3.2039     3.2211     6.0692     6.0737    34.9142    34.9132    27.4760    27.4747    1498.04    139.261    140.007         52 0.0000e+00
     159590   6649.553    694.453    700.000     6.1741     6.1719   3.476338   3.476034     1.7104     1.4048     100.00   22.27412  -96.18012    0.00010    0.00018     3.1844     3.2053     6.1106     6.1084    34.9144    34.9133    27.4709    27.4703    1498.04    138.414    139.321         56 0.0000e+00
     159961   6665.005    693.463    699.000     6.1743     6.1737   3.476304   3.476176     1.7102     1.4041     100.00   22.27414  -96.18012 8.6652e-07   -0.00009     3.1835     3.2023     6.1108     6.1102    34.9144    34.9136    27.4708    27.4703    1498.04    138.375    139.192         32 0.0000e+00
     159985   6666.009    692.473    698.000     6.1781     6.1775   3.476625   3.476490     1.7102     1.4042     100.00   22.27415  -96.18012   -0.00003   -0.00002     3.1827     3.2021     6.1147     6.1141    34.9145    34.9135    27.4704    27.4697    1498.04    138.338    139.180         33 0.0000e+00
     160029   6667.839    691.482    697.000     6.1812     6.1831   3.476854   3.476947     1.7099     1.4043      83.86   22.27416  -96.18012   -0.00010    0.00004     3.1812     3.2015     6.1179     6.1198    34.9144    34.9136    27.4699    27.4690    1498.04    138.275    139.155         56 0.0000e+00
     160082   6670.045    690.492    696.000     6.1821     6.1835   3.476950   3.477041     1.7098     1.4047      98.15   22.27415  -96.18012   -0.00009    0.00011     3.1802     3.2024     6.1189     6.1203    34.9144    34.9135    27.4698    27.4689    1498.04    138.232    139.193         37 0.0000e+00
     160189   6674.514    686.530    692.000     6.2130     6.2146   3.479743   3.479788     1.7102     1.4035     100.01   22.27558  -96.18632    0.00013   -0.00022     3.1771     3.1938     6.1501     6.1516    34.9169    34.9158    27.4677    27.4667    1498.14    138.097    138.823         35 0.0000e+00
     160215   6675.596    685.539    691.000     6.2127     6.2145   3.479515   3.479540     1.7092     1.4024     100.00   22.27414  -96.18012   -0.00034   -0.00049     3.1737     3.1895     6.1498     6.1516    34.9150    34.9134    27.4662    27.4648    1498.04    137.950    138.634         35 0.0000e+00
     160322   6680.029    681.577    687.000     6.2610     6.2626   3.483800   3.483841     1.7077     1.4002     100.00   22.27452  -96.18174   -0.00027   -0.00043     3.1629     3.1763     6.1983     6.1998    34.9156    34.9144    27.4604    27.4593    1498.07    137.478    138.063         31 0.0000e+00
     160426   6684.365    677.616    683.000     6.2953     6.3018   3.486682   3.487119     1.7037     1.3963     100.00   22.27362  -96.17788   -0.00084   -0.00080     3.1458     3.1578     6.2328     6.2393    34.9146    34.9128    27.4551    27.4528    1498.01    136.735    137.258         32 0.0000e+00
     160531   6688.754    673.654    679.000     6.3402     6.3454   3.490600   3.490973     1.6992     1.3922     100.00   22.27339  -96.17688   -0.00095   -0.00087     3.1260     3.1382     6.2778     6.2830    34.9144    34.9132    27.4491    27.4475    1497.99    135.878    136.409         32 0.0000e+00
     160642   6693.377    669.692    675.000     6.3648     6.3681   3.492783   3.492962     1.6947     1.3883     100.00   22.27401  -96.17957   -0.00101   -0.00085     3.1078     3.1214     6.3027     6.3060    34.9157    34.9143    27.4468    27.4453    1498.03    135.084    135.678         35 0.0000e+00
     160809   6700.314    663.748    669.000     6.4095     6.4126   3.496767   3.496882     1.6901     1.3845     100.00   22.27468  -96.18254   -0.00078   -0.00064     3.0870     3.1021     6.3478     6.3508    34.9175    34.9156    27.4423    27.4405    1498.08    134.185    134.838         34 0.0000e+00
     160946   6706.028    658.796    664.000     6.4383     6.4428   3.499318   3.499594     1.6870     1.3812     100.01   22.27602  -96.18829   -0.00050   -0.00047     3.0724     3.0861     6.3769     6.3814    34.9179    34.9177    27.4388    27.4381    1498.17    133.551    134.146         33 0.0000e+00
     160971   6707.069    657.805    663.000     6.4367     6.4397   3.498864   3.499023     1.6857     1.3801     100.00   22.27414  -96.18012   -0.00055   -0.00055     3.0684     3.0822     6.3754     6.3784    34.9158    34.9147    27.4373    27.4360    1498.04    133.376    133.976         40 0.0000e+00
     161104   6712.616    652.852    658.000     6.4719     6.4712   3.501940   3.501767     1.6845     1.3795     100.01   22.27535  -96.18536   -0.00011   -0.00004     3.0597     3.0758     6.4109     6.4102    34.9169    34.9158    27.4336    27.4327    1498.12    132.998    133.696         39 0.0000e+00
     161131   6713.759    651.861    657.000     6.4763     6.4709   3.502059   3.501557     1.6839     1.3792      98.53   22.27414  -96.18012   -0.00033   -0.00018     3.0569     3.0743     6.4154     6.4100    34.9142    34.9140    27.4308    27.4313    1498.04    132.878    133.633         30 0.0000e+00
     161285   6720.183    645.918    651.000     6.5277     6.5335   3.506651   3.507110     1.6809     1.3753      81.87   22.27412  -96.18007   -0.00053   -0.00091     3.0411     3.0536     6.4671     6.4729    34.9157    34.9150    27.4251    27.4237    1498.04    132.190    132.734         34 0.0000e+00
     161443   6726.733    639.973    645.000     6.5561     6.5650   3.509067   3.509772     1.6763     1.3716      96.08   22.27401  -96.17960   -0.00077   -0.00051     3.0219     3.0361     6.4960     6.5048    34.9166    34.9154    27.4219    27.4198    1498.03    131.354    131.972         40 0.0000e+00
     161573   6732.178    635.020    640.000     6.6115     6.6140   3.514052   3.514185     1.6747     1.3696     100.00   22.27411  -96.18000   -0.00015   -0.00040     3.0103     3.0233     6.5516     6.5540    34.9180    34.9170    27.4156    27.4144    1498.04    130.854    131.417         36 0.0000e+00
     161767   6740.250    628.085    633.000     6.6987     6.7026   3.521999   3.522226     1.6699     1.3647     100.00   22.27524  -96.18489   -0.00048   -0.00065     2.9853     2.9965     6.6390     6.6429    34.9210    34.9196    27.4062    27.4046    1498.11    129.769    130.255         31 0.0000e+00
     161791   6741.248    627.095    632.000     6.7036     6.7070   3.522237   3.522439     1.6683     1.3631     100.00   22.27414  -96.18014   -0.00072   -0.00085     2.9795     2.9906     6.6440     6.6474    34.9190    34.9177    27.4039    27.4024    1498.04    129.514    129.996         32 0.0000e+00
     161924   6746.787    622.141    627.000     6.7377     6.7392   3.525330   3.525372     1.6639     1.3601     100.00   22.27495  -96.18363   -0.00063   -0.00051     2.9610     2.9756     6.6785     6.6800    34.9211    34.9201    27.4009    27.3999    1498.09    128.710    129.347         31 0.0000e+00
     161950   6747.868    621.150    626.000     6.7405     6.7449   3.525431   3.525684     1.6628     1.3590      51.90   22.27414  -96.18014   -0.00080   -0.00064     2.9572     2.9714     6.6813     6.6857    34.9198    34.9181    27.3994    27.3975    1498.04    128.545    129.163         32 0.0000e+00
     162085   6753.487    616.196    621.000     6.7790     6.7814   3.528998   3.529123     1.6607     1.3563      71.36   22.27525  -96.18501   -0.00044   -0.00071     2.9453     2.9571     6.7201     6.7226    34.9227    34.9216    27.3966    27.3953    1498.12    128.032    128.544         34 0.0000e+00
     162111   6754.592    615.205    620.000     6.7803     6.7826   3.528883   3.529002     1.6591     1.3553      86.20   22.27412  -96.18014   -0.00077   -0.00094     2.9400     2.9533     6.7216     6.7238    34.9204    34.9195    27.3945    27.3934    1498.04    127.798    128.379         33 0.0000e+00
     162218   6759.048    611.242    616.000     6.8220     6.8267   3.532882   3.533233     1.6571     1.3540      99.42   22.27558  -96.18646   -0.00044   -0.00032     2.9288     2.9439     6.7634     6.7681    34.9245    34.9235    27.3920    27.3906    1498.14    127.314    127.968         30 0.0000e+00
     162243   6760.065    610.251    615.000     6.8194     6.8272   3.532354   3.533063     1.6560     1.3527      61.38   22.27412  -96.18014   -0.00060   -0.00054     2.9254     2.9392     6.7609     6.7687    34.9216    34.9215    27.3900    27.3889    1498.04    127.166    127.764         37 0.0000e+00
     162367   6765.245    605.297    610.000     6.8832     6.8934   3.538147   3.538978     1.6528     1.3491     100.00   22.27355  -96.17770   -0.00061   -0.00063     2.9087     2.9202     6.8249     6.8351    34.9231    34.9219    27.3825    27.3801    1498.00    126.439    126.939         33 0.0000e+00
     162528   6771.972    599.352    604.000     6.9317     6.9343   3.542609   3.542725     1.6472     1.3443     100.00   22.27376  -96.17857   -0.00077   -0.00067     2.8850     2.8985     6.8738     6.8764    34.9261    34.9247    27.3781    27.3766    1498.02    125.412    126.000         31 0.0000e+00
     162903   6787.601    585.480    590.000     7.0204     7.0225   3.550436   3.550540     1.6412     1.3394     100.00   22.27425  -96.18068   -0.00041   -0.00034     2.8542     2.8700     6.9635     6.9656    34.9292    34.9282    27.3682    27.3671    1498.05    124.073    124.761         34 0.0000e+00
     163032   6792.977    580.525    585.000     7.0679     7.0760   3.554782   3.555438     1.6396     1.3370     100.00   22.27391  -96.17923   -0.00035   -0.00063     2.8439     2.8563     7.0113     7.0194    34.9312    34.9303    27.3631    27.3612    1498.03    123.624    124.164         33 0.0000e+00
     163143   6797.585    576.561    581.000     7.1450     7.1514   3.562266   3.562764     1.6371     1.3345     100.00   22.27474  -96.18282   -0.00051   -0.00043     2.8287     2.8407     7.0885     7.0949    34.9373    34.9364    27.3571    27.3555    1498.08    122.965    123.488         30 0.0000e+00
     163170   6798.707    575.570    580.000     7.1476     7.1583   3.562346   3.563195     1.6355     1.3326     100.00   22.27412  -96.18014   -0.00073   -0.00095     2.8235     2.8334     7.0912     7.1018    34.9361    34.9347    27.3557    27.3531    1498.04    122.739    123.169         32 0.0000e+00
     163296   6803.953    570.615    575.000     7.1994     7.2018   3.567085   3.567223     1.6305     1.3285     100.00   22.27365  -96.17801   -0.00082   -0.00073     2.8023     2.8149     7.1433     7.1457    34.9380    34.9371    27.3499    27.3489    1498.01    121.818    122.366         32 0.0000e+00
     163454   6810.552    564.669    569.000     7.2436     7.2455   3.571094   3.571154     1.6266     1.3251     100.00   22.27342  -96.17705   -0.00051   -0.00055     2.7847     2.7982     7.1879     7.1897    34.9401    34.9389    27.3453    27.3440    1497.99    121.055    121.640         38 0.0000e+00
     163594   6816.377    559.714    564.000     7.3033     7.3110   3.576900   3.577546     1.6242     1.3233     100.00   22.27488  -96.18340   -0.00035   -0.00038     2.7710     2.7853     7.2479     7.2555    34.9460    34.9453    27.3414    27.3398    1498.09    120.461    121.083         36 0.0000e+00
     163807   6825.233    551.785    556.000     7.4163     7.4210   3.587598   3.587923     1.6155     1.3143     100.00   22.27436  -96.18108   -0.00121   -0.00108     2.7334     2.7449     7.3612     7.3658    34.9525    34.9513    27.3303    27.3288    1498.05    118.826    119.326         39 0.0000e+00
     163942   6830.888    546.830    551.000     7.4925     7.4949   3.595056   3.595175     1.6111     1.3096     100.00   22.27514  -96.18444   -0.00072   -0.00108     2.7126     2.7222     7.4376     7.4399    34.9595    34.9584    27.3249    27.3237    1498.11    117.922    118.338         39 0.0000e+00
     164073   6836.318    541.874    546.000     7.5207     7.5229   3.597561   3.597628     1.6065     1.3066     100.00   22.27484  -96.18315   -0.00050   -0.00035     2.6949     2.7085     7.4662     7.4683    34.9607    34.9592    27.3217    27.3203    1498.09    117.153    117.747         36 0.0000e+00
