Gulf of Mexico/GOMECC-4/1db/urb2103_0831.cnv
* Sea-Bird SBE 9 Data File:
* FileName = C:\Users\scs.user.rb\CTD\GOMECC4\data\rb2103_0831.hex
* Software Version Seasave V 7.26.7.107
* Temperature SN = 4799
* Conductivity SN = 3860
* Number of Bytes Per Scan = 41
* Number of Voltage Words = 4
* Number of Scans Averaged by the Deck Unit = 1
* NMEA Latitude = 22 16.43 N
* NMEA Longitude = 095 00.01 W
* NMEA UTC (Time) = Oct 07 2021  05:34:53
* NMEA baud rate = 4800
# nquan = 28
# nvalues = 243                         
# units = specified
# name 0 = scan: Scan Count
# name 1 = timeS: Time, Elapsed [seconds]
# name 2 = depSM: Depth [salt water, m]
# name 3 = prDM: Pressure, Digiquartz [db]
# name 4 = t090C: Temperature [ITS-90, deg C]
# name 5 = t190C: Temperature, 2 [ITS-90, deg C]
# name 6 = c0S/m: Conductivity [S/m]
# name 7 = c1S/m: Conductivity, 2 [S/m]
# name 8 = sbeox0V: Oxygen raw, SBE 43 [V]
# name 9 = sbeox1V: Oxygen raw, SBE 43, 2 [V]
# name 10 = altM: Altimeter [m]
# name 11 = latitude: Latitude [deg]
# name 12 = longitude: Longitude [deg]
# name 13 = sbox0dV/dT: Oxygen, SBE 43 [dov/dt]
# name 14 = sbox1dV/dT: Oxygen, SBE 43, 2 [dov/dt]
# name 15 = sbeox0ML/L: Oxygen, SBE 43 [ml/l], WS = 5
# name 16 = sbeox1ML/L: Oxygen, SBE 43, 2 [ml/l], WS = 5
# name 17 = potemp090C: Potential Temperature [ITS-90, deg C]
# name 18 = potemp190C: Potential Temperature, 2 [ITS-90, deg C]
# name 19 = sal00: Salinity, Practical [PSU]
# name 20 = sal11: Salinity, Practical, 2 [PSU]
# name 21 = sigma-é00: Density [sigma-theta, kg/m^3]
# name 22 = sigma-é11: Density, 2 [sigma-theta, kg/m^3]
# name 23 = avgsvCM: Average Sound Velocity [Chen-Millero, m/s], minP = 20, minS = 20
# name 24 = sbox0Mm/Kg: Oxygen, SBE 43 [umol/kg], WS = 5
# name 25 = sbox1Mm/Kg: Oxygen, SBE 43, 2 [umol/kg], WS = 5
# name 26 = nbin: number of scans per bin
# name 27 = flag: flag
# span 0 =      99389,     223955       
# span 1 =   4141.157,   9331.436       
# span 2 =      5.962,   3393.846       
# span 3 =      6.000,   3443.000       
# span 4 =     4.2775,    29.9240       
# span 5 =     4.2788,    29.9259       
# span 6 =   3.344483,   6.040049       
# span 7 =   3.344436,   6.040675       
# span 8 =     1.5660,     3.3480       
# span 9 =     1.2688,     2.8490       
# span 10 =      11.54,     101.46      
# span 11 =   22.14392,   22.55830      
# span 12 =  -96.21375,  -94.44632      
# span 13 =   -0.02612,    0.02682      
# span 14 =   -0.02595,    0.02430      
# span 15 =     2.3891,     4.9115      
# span 16 =     2.4041,     4.8986      
# span 17 =     4.0778,    29.9205      
# span 18 =     4.0791,    29.9224      
# span 19 =    34.9121,    36.6679      
# span 20 =    34.9120,    36.6687      
# span 21 =    22.6533,    27.7593      
# span 22 =    22.6689,    27.7578      
# span 23 =    1495.20,    1523.18      
# span 24 =    103.882,    214.241      
# span 25 =    104.538,    213.682      
# span 26 =         30,         71      
# span 27 = 0.0000e+00, 0.0000e+00      
# interval = decibars: 1                
# start_time = Oct 07 2021 05:34:53 [NMEA time, header]
# bad_flag = -9.990e-29
*END*
[from data line 52]
     133588   5566.134   2261.362   2288.000     4.2950     4.2961   3.377476   3.377442     1.8311     1.5115     100.00   22.27381  -95.00019    0.00017    0.00013     4.6239     4.6259     4.0937     4.0949    34.9730    34.9714    27.7549    27.7535    1503.98    200.927    201.016         34 0.0000e+00
     139782   5824.222   2030.213   2053.000     4.2821     4.2833   3.367090   3.367051     1.8646     1.5434     100.01   22.27520  -95.00612 2.7934e-07    0.00001     4.6220     4.6280     4.1051     4.1063    34.9743    34.9726    27.7547    27.7533    1504.07    200.844    201.105         36 0.0000e+00
     139944   5830.964   2029.228   2052.000     4.2818     4.2830   3.366849   3.366806     1.8647     1.5433     100.00   22.27386  -95.00041    0.00006    0.00000     4.6221     4.6274     4.1049     4.1060    34.9722    34.9705    27.7531    27.7516    1503.98    200.849    201.080         47 0.0000e+00
     140975   5873.908   2027.266   2050.000     4.2820     4.2833   3.366700   3.366663     1.8653     1.5440     100.00   22.27313  -94.99738    0.00002   -0.00002     4.6233     4.6292     4.1053     4.1066    34.9711    34.9694    27.7521    27.7506    1503.93    200.900    201.159         46 0.0000e+00
     141507   5896.082   2022.339   2045.000     4.2815     4.2828   3.366561   3.366527     1.8659     1.5447     100.00   22.27399  -95.00107    0.00011    0.00012     4.6225     4.6291     4.1054     4.1066    34.9724    34.9707    27.7531    27.7517    1503.99    200.868    201.152         31 0.0000e+00
     141537   5897.340   2021.355   2044.000     4.2815     4.2827   3.366494   3.366458     1.8659     1.5447     100.00   22.27384  -95.00042    0.00004    0.00008     4.6222     4.6286     4.1054     4.1066    34.9721    34.9705    27.7529    27.7515    1503.98    200.855    201.133         31 0.0000e+00
     147453   6143.842   1784.035   1803.000     4.2783     4.2794   3.356480   3.356435     1.8998     1.5757     100.00   22.27487  -95.00472    0.00025    0.00017     4.6129     4.6176     4.1261     4.1272    34.9725    34.9708    27.7510    27.7496    1504.05    200.449    200.656         34 0.0000e+00
     147586   6149.377   1783.049   1802.000     4.2775     4.2788   3.356252   3.356211     1.8998     1.5759     100.00   22.27386  -95.00040    0.00004   -0.00006     4.6124     4.6184     4.1255     4.1267    34.9710    34.9692    27.7499    27.7483    1503.98    200.429    200.688         34 0.0000e+00
     147731   6155.419   1782.064   1801.000     4.2776     4.2791   3.356214   3.356197     1.8999     1.5763     100.00   22.27386  -95.00038    0.00002    0.00022     4.6122     4.6192     4.1256     4.1271    34.9709    34.9692    27.7498    27.7483    1503.98    200.420    200.725         56 0.0000e+00
     147917   6163.181   1781.078   1800.000     4.2776     4.2789   3.356174   3.356141     1.8999     1.5763     100.00   22.27386  -95.00038   -0.00001   -0.00003     4.6116     4.6186     4.1257     4.1270    34.9710    34.9692    27.7498    27.7483    1503.98    200.391    200.697         50 0.0000e+00
     148991   6207.907   1780.093   1799.000     4.2786     4.2800   3.356217   3.356190     1.9002     1.5772      93.61   22.27386  -95.00040    0.00004    0.00004     4.6121     4.6217     4.1268     4.1282    34.9709    34.9691    27.7497    27.7481    1503.98    200.416    200.832         40 0.0000e+00
     153999   6416.589   1584.913   1601.000     4.2888     4.2898   3.348836   3.348771     1.9249     1.6003     100.00   22.27365  -94.99958    0.00000    0.00009     4.5877     4.5985     4.1559     4.1568    34.9691    34.9673    27.7451    27.7436    1503.97    199.356    199.826         46 0.0000e+00
     155219   6467.426   1582.941   1599.000     4.2902     4.2913   3.348827   3.348783     1.9255     1.6009     100.00   22.27343  -94.99866   -0.00000    0.00001     4.5889     4.5999     4.1574     4.1585    34.9685    34.9668    27.7445    27.7430    1503.95    199.409    199.884         32 0.0000e+00
     155712   6487.952   1565.188   1581.000     4.2922     4.2935   3.348320   3.348278     1.9281     1.6029      76.40   22.27391  -95.00061    0.00011    0.00016     4.5875     4.5970     4.1611     4.1624    34.9691    34.9674    27.7446    27.7431    1503.98    199.349    199.761         30 0.0000e+00
     156034   6501.356   1553.352   1569.000     4.2936     4.2948   3.347924   3.347880     1.9291     1.6038     100.00   22.27385  -95.00042   -0.00002    0.00014     4.5842     4.5932     4.1636     4.1648    34.9689    34.9671    27.7442    27.7426    1503.98    199.203    199.595         30 0.0000e+00
     156223   6509.266   1546.448   1562.000     4.2940     4.2950   3.347661   3.347614     1.9305     1.6045     100.00   22.27382  -95.00034    0.00015    0.00017     4.5851     4.5921     4.1646     4.1657    34.9688    34.9672    27.7440    27.7426    1503.98    199.243    199.546         30 0.0000e+00
     156357   6514.825   1541.516   1557.000     4.2947     4.2960   3.347544   3.347513     1.9308     1.6054     100.00   22.27403  -95.00120    0.00005    0.00016     4.5831     4.5924     4.1658     4.1672    34.9691    34.9674    27.7441    27.7426    1503.99    199.156    199.560         30 0.0000e+00
     156386   6516.037   1540.529   1556.000     4.2949     4.2963   3.347496   3.347450     1.9306     1.6056     100.00   22.27384  -95.00040    0.00001    0.00030     4.5819     4.5928     4.1661     4.1675    34.9688    34.9669    27.7439    27.7421    1503.98    199.102    199.577         30 0.0000e+00
     156520   6521.623   1535.597   1551.000     4.2963     4.2977   3.347418   3.347390     1.9313     1.6056     100.00   22.27391  -95.00068    0.00008   -0.00002     4.5813     4.5896     4.1680     4.1694    34.9689    34.9671    27.7437    27.7421    1503.98    199.076    199.439         30 0.0000e+00
     157702   6570.880   1492.189   1507.000     4.3049     4.3062   3.346298   3.346255     1.9351     1.6093     100.00   22.27393  -95.00075    0.00019    0.00000     4.5686     4.5773     4.1806     4.1819    34.9682    34.9663    27.7418    27.7402    1503.99    198.528    198.906         32 0.0000e+00
     157836   6576.474   1487.256   1502.000     4.3056     4.3070   3.346155   3.346125     1.9357     1.6099     100.00   22.27396  -95.00089    0.00008    0.00016     4.5676     4.5770     4.1817     4.1832    34.9682    34.9663    27.7417    27.7400    1503.99    198.483    198.891         32 0.0000e+00
     158104   6587.641   1477.389   1492.000     4.3075     4.3089   3.345898   3.345869     1.9363     1.6109      97.29   22.27394  -95.00087    0.00003    0.00008     4.5638     4.5746     4.1846     4.1860    34.9680    34.9663    27.7412    27.7397    1503.99    198.317    198.787         30 0.0000e+00
     158321   6596.678   1469.495   1484.000     4.3094     4.3108   3.345717   3.345684     1.9370     1.6117     100.00   22.27393  -95.00080   -0.00008    0.00005     4.5614     4.5730     4.1872     4.1886    34.9678    34.9660    27.7408    27.7392    1503.99    198.213    198.718         30 0.0000e+00
     158482   6603.384   1463.575   1478.000     4.3103     4.3116   3.345546   3.345503     1.9380     1.6127     100.00   22.27392  -95.00079    0.00014    0.00019     4.5614     4.5735     4.1886     4.1900    34.9678    34.9660    27.7406    27.7390    1503.99    198.215    198.741         30 0.0000e+00
     158777   6615.669   1452.720   1467.000     4.3133     4.3145   3.345335   3.345293     1.9389     1.6130     100.00   22.27390  -95.00069    0.00010    0.00008     4.5580     4.5677     4.1927     4.1939    34.9675    34.9658    27.7400    27.7385    1503.99    198.065    198.486         30 0.0000e+00
     159044   6626.809   1442.851   1457.000     4.3160     4.3173   3.345133   3.345096     1.9399     1.6142     100.00   22.27381  -95.00031    0.00008    0.00006     4.5554     4.5661     4.1963     4.1975    34.9672    34.9655    27.7394    27.7378    1503.98    197.952    198.419         30 0.0000e+00
     159340   6639.140   1431.996   1446.000     4.3184     4.3196   3.344873   3.344833     1.9409     1.6153     100.00   22.27387  -95.00057    0.00011    0.00010     4.5525     4.5640     4.1996     4.2008    34.9671    34.9654    27.7389    27.7374    1503.98    197.826    198.328         31 0.0000e+00
     159371   6640.407   1431.009   1445.000     4.3186     4.3198   3.344838   3.344800     1.9410     1.6153     100.00   22.27382  -95.00036    0.00006    0.00006     4.5523     4.5634     4.1999     4.2011    34.9670    34.9653    27.7388    27.7372    1503.98    197.817    198.301         30 0.0000e+00
     159476   6644.806   1427.061   1441.000     4.3204     4.3218   3.344878   3.344855     1.9412     1.6154     100.00   22.27415  -95.00176    0.00004    0.00002     4.5502     4.5611     4.2021     4.2035    34.9675    34.9658    27.7390    27.7374    1504.00    197.727    198.203         31 0.0000e+00
     159505   6645.995   1426.074   1440.000     4.3211     4.3223   3.344835   3.344799     1.9410     1.6154     100.00   22.27382  -95.00036    0.00010    0.00002     4.5488     4.5604     4.2028     4.2040    34.9668    34.9651    27.7383    27.7368    1503.98    197.668    198.172         30 0.0000e+00
     160366   6681.865   1394.489   1408.000     4.3348     4.3359   3.344707   3.344661     1.9415     1.6163     100.00   22.27413  -95.00170   -0.00003    0.00014     4.5302     4.5432     4.2194     4.2205    34.9666    34.9649    27.7364    27.7349    1504.00    196.860    197.426         30 0.0000e+00
     160526   6688.554   1390.541   1404.000     4.3366     4.3374   3.344750   3.344686     1.9418     1.6163      75.35   22.27463  -95.00379   -0.00002   -0.00004     4.5285     4.5409     4.2215     4.2223    34.9672    34.9657    27.7366    27.7353    1504.03    196.785    197.324         44 0.0000e+00
     160671   6694.574   1389.553   1403.000     4.3352     4.3362   3.344483   3.344436     1.9417     1.6165      96.94   22.27382  -95.00034    0.00005    0.00005     4.5277     4.5411     4.2202     4.2213    34.9660    34.9643    27.7358    27.7344    1503.98    196.750    197.333         32 0.0000e+00
     161374   6723.888   1386.592   1400.000     4.3376     4.3389   3.344832   3.344809     1.9418     1.6167     100.01   22.27592  -95.00930    0.00001   -0.00005     4.5259     4.5398     4.2228     4.2242    34.9692    34.9675    27.7381    27.7366    1504.12    196.671    197.277         30 0.0000e+00
     162429   6767.845   1376.720   1390.000     4.3445     4.3456   3.344710   3.344668     1.9425     1.6166     100.00   22.27365  -94.99962   -0.00011   -0.00006     4.5219     4.5328     4.2307     4.2317    34.9652    34.9636    27.7341    27.7327    1503.97    196.497    196.971         30 0.0000e+00
     162534   6772.202   1372.772   1386.000     4.3464     4.3475   3.344755   3.344711     1.9428     1.6169     100.00   22.27407  -95.00142    0.00007    0.00003     4.5205     4.5312     4.2328     4.2340    34.9658    34.9641    27.7343    27.7328    1504.00    196.439    196.902         31 0.0000e+00
     163034   6793.049   1354.014   1367.000     4.3544     4.3559   3.344608   3.344584     1.9436     1.6174     100.00   22.27379  -95.00015    0.00002    0.00003     4.5113     4.5213     4.2426     4.2440    34.9650    34.9631    27.7326    27.7310    1503.98    196.037    196.475         30 0.0000e+00
     163792   6824.642   1325.380   1338.000     4.3721     4.3733   3.344900   3.344862     1.9431     1.6176     100.00   22.27389  -95.00055   -0.00004    0.00022     4.4903     4.5030     4.2627     4.2639    34.9641    34.9624    27.7297    27.7282    1503.98    195.124    195.678         31 0.0000e+00
     163923   6830.080   1320.443   1333.000     4.3776     4.3791   3.345174   3.345157     1.9434     1.6177     100.00   22.27403  -95.00114   -0.00001    0.00002     4.4876     4.4995     4.2686     4.2701    34.9640    34.9623    27.7290    27.7275    1503.99    195.011    195.527         32 0.0000e+00
     164677   6861.490   1291.805   1304.000     4.3982     4.3997   3.345674   3.345652     1.9417     1.6166     100.00   22.27372  -94.99988   -0.00005    0.00006     4.4620     4.4759     4.2917     4.2931    34.9625    34.9607    27.7253    27.7237    1503.97    193.895    194.501         30 0.0000e+00
     165430   6892.884   1263.163   1275.000     4.4232     4.4243   3.346556   3.346511     1.9402     1.6147     100.00   22.27351  -94.99899    0.00002    0.00018     4.4368     4.4483     4.3191     4.3202    34.9609    34.9592    27.7210    27.7196    1503.96    192.802    193.302         30 0.0000e+00
     165774   6907.195   1250.323   1262.000     4.4378     4.4390   3.347297   3.347266     1.9395     1.6136     100.00   22.27385  -95.00041   -0.00014   -0.00022     4.4248     4.4345     4.3347     4.3359    34.9607    34.9591    27.7192    27.7178    1503.98    192.280    192.706         30 0.0000e+00
     166293   6928.815   1230.566   1242.000     4.4655     4.4674   3.348913   3.348935     1.9356     1.6099     100.00   22.27443  -95.00291   -0.00014   -0.00009     4.3958     4.4052     4.3640     4.3658    34.9604    34.9587    27.7158    27.7143    1504.02    191.024    191.429         33 0.0000e+00
     166322   6930.029   1229.578   1241.000     4.4654     4.4672   3.348773   3.348778     1.9354     1.6093     100.00   22.27382  -95.00030   -0.00019   -0.00019     4.3948     4.4023     4.3640     4.3657    34.9593    34.9575    27.7149    27.7133    1503.98    190.976    191.304         32 0.0000e+00
     166446   6935.199   1224.639   1236.000     4.4733     4.4748   3.349205   3.349199     1.9349     1.6090      56.79   22.27357  -94.99932   -0.00008   -0.00006     4.3890     4.3975     4.3723     4.3737    34.9585    34.9569    27.7134    27.7120    1503.96    190.725    191.096         32 0.0000e+00
     166630   6942.886   1217.723   1229.000     4.4823     4.4838   3.349738   3.349721     1.9335     1.6081      93.59   22.27390  -95.00069   -0.00009   -0.00014     4.3788     4.3887     4.3818     4.3833    34.9588    34.9570    27.7125    27.7110    1503.99    190.283    190.713         30 0.0000e+00
     167358   6973.213   1190.060   1201.000     4.5239     4.5255   3.352087   3.352058     1.9280     1.6031     100.00   22.27363  -94.99955   -0.00004   -0.00008     4.3380     4.3485     4.4256     4.4271    34.9564    34.9545    27.7059    27.7041    1503.97    188.511    188.971         30 0.0000e+00
     167487   6978.584   1185.119   1196.000     4.5318     4.5326   3.352535   3.352467     1.9267     1.6029     100.00   22.27356  -94.99922   -0.00017   -0.00005     4.3296     4.3441     4.4338     4.4346    34.9559    34.9543    27.7045    27.7032    1503.96    188.148    188.778         31 0.0000e+00
     168191   7007.904   1158.439   1169.000     4.5662     4.5673   3.354392   3.354344     1.9225     1.5976     100.00   22.27384  -95.00047   -0.00013   -0.00032     4.2952     4.3041     4.4704     4.4714    34.9549    34.9532    27.6997    27.6983    1503.98    186.655    187.040         30 0.0000e+00
     168557   7023.182   1144.604   1155.000     4.5953     4.5971   3.356306   3.356324     1.9185     1.5946     100.00   22.27380  -95.00031   -0.00043   -0.00054     4.2697     4.2810     4.5005     4.5023    34.9536    34.9519    27.6954    27.6938    1503.98    185.545    186.039         30 0.0000e+00
     168713   7029.651   1138.674   1149.000     4.6070     4.6084   3.357036   3.357014     1.9166     1.5931     100.00   22.27370  -94.99986   -0.00034   -0.00032     4.2582     4.2705     4.5126     4.5141    34.9528    34.9511    27.6934    27.6918    1503.97    185.049    185.583         30 0.0000e+00
