Gulf of Mexico/GOMECC-4/1db/urb2103_1061.cnv
* Sea-Bird SBE 9 Data File:
* FileName = C:\Users\scs.user.rb\CTD\GOMECC4\data\rb2103_1061.hex
* Software Version Seasave V 7.26.7.107
* Temperature SN = 4799
* Conductivity SN = 3860
* Number of Bytes Per Scan = 41
* Number of Voltage Words = 4
* Number of Scans Averaged by the Deck Unit = 1
* NMEA Latitude = 26 00.02 N
* NMEA Longitude = 088 00.00 W
* NMEA UTC (Time) = Oct 13 2021  21:11:53
* NMEA baud rate = 4800
# nquan = 28
# nvalues = 795                         
# units = specified
# name 0 = scan: Scan Count
# name 1 = timeS: Time, Elapsed [seconds]
# name 2 = depSM: Depth [salt water, m]
# name 3 = prDM: Pressure, Digiquartz [db]
# name 4 = t090C: Temperature [ITS-90, deg C]
# name 5 = t190C: Temperature, 2 [ITS-90, deg C]
# name 6 = c0S/m: Conductivity [S/m]
# name 7 = c1S/m: Conductivity, 2 [S/m]
# name 8 = sbeox0V: Oxygen raw, SBE 43 [V]
# name 9 = sbeox1V: Oxygen raw, SBE 43, 2 [V]
# name 10 = altM: Altimeter [m]
# name 11 = latitude: Latitude [deg]
# name 12 = longitude: Longitude [deg]
# name 13 = sbox0dV/dT: Oxygen, SBE 43 [dov/dt]
# name 14 = sbox1dV/dT: Oxygen, SBE 43, 2 [dov/dt]
# name 15 = sbeox0ML/L: Oxygen, SBE 43 [ml/l], WS = 5
# name 16 = sbeox1ML/L: Oxygen, SBE 43, 2 [ml/l], WS = 5
# name 17 = potemp090C: Potential Temperature [ITS-90, deg C]
# name 18 = potemp190C: Potential Temperature, 2 [ITS-90, deg C]
# name 19 = sal00: Salinity, Practical [PSU]
# name 20 = sal11: Salinity, Practical, 2 [PSU]
# name 21 = sigma-é00: Density [sigma-theta, kg/m^3]
# name 22 = sigma-é11: Density, 2 [sigma-theta, kg/m^3]
# name 23 = avgsvCM: Average Sound Velocity [Chen-Millero, m/s], minP = 20, minS = 20
# name 24 = sbox0Mm/Kg: Oxygen, SBE 43 [umol/kg], WS = 5
# name 25 = sbox1Mm/Kg: Oxygen, SBE 43, 2 [umol/kg], WS = 5
# name 26 = nbin: number of scans per bin
# name 27 = flag: flag
# span 0 =      99528,     247079       
# span 1 =   4146.948,  10294.928       
# span 2 =      0.993,   3015.255       
# span 3 =      1.000,   3057.000       
# span 4 =     4.2991,    30.2009       
# span 5 =     4.3000,    30.2009       
# span 6 =   3.354733,   6.102674       
# span 7 =   3.354687,   6.102775       
# span 8 =     1.5775,     3.2291       
# span 9 =     1.2752,     2.7314       
# span 10 =      10.62,     106.20      
# span 11 =   25.60159,   26.51751      
# span 12 =  -89.74020,  -86.64218      
# span 13 =   -0.00313,    0.00988      
# span 14 =   -0.00219,    0.00973      
# span 15 =     2.4762,     4.7008      
# span 16 =     2.4841,     4.6989      
# span 17 =     4.0797,    30.2004      
# span 18 =     4.0806,    30.2004      
# span 19 =    34.9033,    37.0130      
# span 20 =    34.9020,    37.0136      
# span 21 =    22.4729,    27.7598      
# span 22 =    22.4747,    27.7586      
# span 23 =    1483.00,    1536.03      
# span 24 =    107.667,    204.266      
# span 25 =    108.008,    204.185      
# span 26 =         30,         74      
# span 27 = 0.0000e+00, 0.0000e+00      
# interval = decibars: 1                
# start_time = Oct 13 2021 21:11:53 [NMEA time, header]
# bad_flag = -9.990e-29
*END*
[from data line 570]
     209131   8713.745    286.920    289.000    19.7747    19.7712   4.987569   4.987237     2.2965     1.9240     100.00   26.00181  -88.00102    0.00057   -0.00003     3.4733     3.4802    19.7210    19.7176    36.7000    36.7003    26.1331    26.1343    1506.27    151.169    151.469         32 0.0000e+00
     209206   8716.895    284.936    287.000    19.8262    19.8308   4.994033   4.994265     2.2967     1.9229     100.01   26.00337  -88.00627   -0.00001   -0.00062     3.4693     3.4727    19.7728    19.7775    36.7100    36.7078    26.1272    26.1244    1506.36    150.995    151.144         37 0.0000e+00
     209229   8717.848    283.944    286.000    19.8443    19.8447   4.995865   4.995938     2.2962     1.9243     100.00   26.00182  -88.00102    0.00002    0.00016     3.4665     3.4747    19.7911    19.7915    36.7089    36.7091    26.1214    26.1214    1506.27    150.874    151.229         32 0.0000e+00
     209260   8719.123    282.952    285.000    19.9048    19.9104   5.003083   5.003751     2.2971     1.9252     100.00   26.00182  -88.00102    0.00011    0.00079     3.4637     3.4720    19.8517    19.8572    36.7160    36.7167    26.1107    26.1098    1506.27    150.751    151.116         31 0.0000e+00
     209294   8720.537    281.960    284.000    19.9581    19.9601   5.009508   5.009452     2.2979     1.9260     100.00   26.00182  -88.00102    0.00043    0.00086     3.4612     3.4702    19.9051    19.9070    36.7228    36.7207    26.1018    26.0997    1506.27    150.643    151.037         37 0.0000e+00
     209330   8722.061    280.967    283.000    19.9692    19.9692   5.010796   5.010712     2.2961     1.9240     100.00   26.00182  -88.00102    0.00008    0.00003     3.4560     3.4643    19.9163    19.9163    36.7242    36.7235    26.0999    26.0994    1506.27    150.421    150.782         35 0.0000e+00
     209363   8723.403    279.975    282.000    20.0063    20.0025   5.015026   5.014830     2.2964     1.9213      81.83   26.00184  -88.00102   -0.00052   -0.00114     3.4537     3.4551    19.9535    19.9497    36.7271    36.7287    26.0922    26.0945    1506.27    150.319    150.382         30 0.0000e+00
     209437   8726.482    277.991    280.000    20.0385    20.0388   5.019155   5.019131     2.2951     1.9216     100.01   26.00327  -88.00588   -0.00034   -0.00083     3.4478     3.4526    19.9861    19.9864    36.7344    36.7339    26.0893    26.0889    1506.35    150.062    150.272         37 0.0000e+00
     209462   8727.541    276.999    279.000    20.0566    20.0546   5.021018   5.020701     2.2957     1.9234     100.00   26.00184  -88.00102   -0.00024    0.00069     3.4473     3.4553    20.0043    20.0024    36.7336    36.7327    26.0837    26.0835    1506.27    150.044    150.393         35 0.0000e+00
     209562   8731.706    275.014    277.000    20.1414    20.1418   5.031319   5.031300     2.2977     1.9242      99.92   26.00649  -88.01675    0.00080    0.00067     3.4443     3.4502    20.0893    20.0897    36.7458    36.7453    26.0706    26.0701    1506.54    149.914    150.172         36 0.0000e+00
     209564   8731.773    274.022    276.000    20.1529    20.1564   5.032201   5.032466     2.2946     1.9203     100.00   26.00184  -88.00102   -0.00029   -0.00079     3.4369     3.4400    20.1010    20.1045    36.7428    36.7419    26.0649    26.0632    1506.27    149.591    149.730         38 0.0000e+00
     209673   8736.316    271.046    273.000    20.3278    20.3313   5.053410   5.053649     2.2932     1.9187     100.00   26.00398  -88.00819   -0.00014   -0.00038     3.4202     3.4234    20.2762    20.2797    36.7666    36.7655    26.0364    26.0347    1506.39    148.872    149.010         38 0.0000e+00
     209694   8737.210    270.054    272.000    20.3604    20.3794   5.057110   5.058977     2.2925     1.9179     100.00   26.00186  -88.00102   -0.00082   -0.00064     3.4161     3.4179    20.3089    20.3279    36.7681    36.7666    26.0285    26.0223    1506.27    148.691    148.772         38 0.0000e+00
     209804   8741.806    267.077    269.000    20.5037    20.5060   5.074109   5.074232     2.2930     1.9197      82.71   26.00401  -88.00832    0.00018    0.00056     3.4060     3.4126    20.4525    20.4548    36.7846    36.7835    26.0026    26.0012    1506.39    148.256    148.543         35 0.0000e+00
     209824   8742.623    266.085    268.000    20.5100    20.5196   5.074539   5.075418     2.2907     1.9170     100.22   26.00186  -88.00104   -0.00058   -0.00074     3.4002     3.4049    20.4590    20.4686    36.7818    36.7807    25.9985    25.9950    1506.27    148.007    148.211         38 0.0000e+00
     209858   8744.052    265.092    267.000    20.5494    20.5721   5.078920   5.081667     2.2901     1.9171     100.00   26.00186  -88.00104   -0.00099   -0.00112     3.3959     3.4014    20.4986    20.5212    36.7838    36.7865    25.9893    25.9852    1506.27    147.820    148.060         31 0.0000e+00
     209889   8745.321    264.100    266.000    20.6130    20.6157   5.086782   5.087052     2.2907     1.9182      90.87   26.00186  -88.00104   -0.00054   -0.00008     3.3923     3.4007    20.5622    20.5649    36.7931    36.7929    25.9792    25.9783    1506.27    147.664    148.031         31 0.0000e+00
     209922   8746.692    263.108    265.000    20.6457    20.6687   5.090560   5.093134     2.2918     1.9189      63.59   26.00186  -88.00104    0.00030    0.00057     3.3920     3.3986    20.5950    20.6180    36.7959    36.7968    25.9724    25.9669    1506.27    147.652    147.939         35 0.0000e+00
     209957   8748.181    262.116    264.000    20.7138    20.7374   5.098619   5.101066     2.2942     1.9210     100.90   26.00186  -88.00104    0.00097    0.00075     3.3921     3.3986    20.6632    20.6867    36.8027    36.8022    25.9591    25.9523    1506.27    147.659    147.944         34 0.0000e+00
     209989   8749.485    261.123    263.000    20.7927    20.7851   5.108100   5.106899     2.2957     1.9235     100.00   26.00186  -88.00104    0.00136    0.00130     3.3895     3.4010    20.7422    20.7346    36.8118    36.8087    25.9445    25.9442    1506.27    147.550    148.049         30 0.0000e+00
     210019   8750.753    260.131    262.000    20.8262    20.8276   5.112034   5.112146     2.2958     1.9229     100.00   26.00186  -88.00104    0.00114    0.00140     3.3871     3.3965    20.7758    20.7772    36.8151    36.8149    25.9379    25.9373    1506.27    147.445    147.854         32 0.0000e+00
     210054   8752.200    259.139    261.000    20.8407    20.8433   5.113594   5.113624     2.2949     1.9220     100.00   26.00188  -88.00104    0.00014    0.00007     3.3838     3.3930    20.7905    20.7931    36.8156    36.8136    25.9343    25.9320    1506.27    147.301    147.701         36 0.0000e+00
     210088   8753.619    258.147    260.000    20.8661    20.8677   5.116381   5.116370     2.2944     1.9215     100.00   26.00188  -88.00104   -0.00045   -0.00060     3.3808     3.3905    20.8160    20.8180    36.8166    36.8153    25.9280    25.9266    1506.27    147.173    147.593         32 0.0000e+00
     210121   8754.994    257.155    259.000    20.9336    20.9373   5.124137   5.124353     2.2953     1.9201     100.00   26.00188  -88.00104   -0.00020   -0.00065     3.3776     3.3817    20.8836    20.8873    36.8215    36.8200    25.9133    25.9111    1506.27    147.033    147.215         35 0.0000e+00
     210156   8756.461    256.163    258.000    20.9834    20.9826   5.129857   5.129860     2.2959     1.9202     100.00   26.00188  -88.00104    0.00037   -0.00043     3.3750     3.3786    20.9335    20.9327    36.8251    36.8258    25.9023    25.9031    1506.27    146.923    147.079         34 0.0000e+00
     210218   8759.021    254.178    256.000    21.1588    21.1708   5.151581   5.153070     2.3012     1.9255     100.00   26.00194  -88.00125    0.00150    0.00107     3.3736     3.3784    21.1091    21.1209    36.8499    36.8517    25.8730    25.8711    1506.27    146.865    147.073         31 0.0000e+00
     210251   8760.429    253.186    255.000    21.2088    21.2391   5.157924   5.161536     2.3054     1.9294     100.00   26.00188  -88.00104    0.00235    0.00246     3.3787     3.3823    21.1591    21.1893    36.8583    36.8613    25.8656    25.8595    1506.27    147.087    147.247         38 0.0000e+00
     210289   8762.018    252.193    254.000    21.2616    21.2773   5.164299   5.164863     2.3104     1.9361     100.00   26.00189  -88.00104    0.00300    0.00350     3.3855     3.3963    21.2120    21.2291    36.8645    36.8621    25.8557    25.8521    1506.27    147.384    147.857         36 0.0000e+00
     210368   8765.304    250.209    252.000    21.4097    21.4184   5.182304   5.183202     2.3278     1.9507     100.01   26.00410  -88.00848    0.00589    0.00574     3.4114     3.4194    21.3603    21.3689    36.8832    36.8829    25.8290    25.8265    1506.40    148.517    148.868         32 0.0000e+00
     210385   8765.998    249.216    251.000    21.4227    21.4387   5.183536   5.185224     2.3275     1.9471     100.00   26.00190  -88.00104    0.00477    0.00326     3.4095     3.4094    21.3735    21.3895    36.8815    36.8812    25.8239    25.8193    1506.27    148.436    148.431         37 0.0000e+00
     210422   8767.534    248.224    250.000    21.4777    21.5101   5.189811   5.192413     2.3252     1.9456     100.00   26.00190  -88.00104    0.00030   -0.00111     3.4004     3.4016    21.4285    21.4609    36.8849    36.8837    25.8112    25.8013    1506.27    148.042    148.094         35 0.0000e+00
     210528   8771.952    245.247    247.000    21.6077    21.6117   5.204617   5.204991     2.3207     1.9414     100.01   26.00344  -88.00620   -0.00110   -0.00120     3.3812     3.3836    21.5589    21.5629    36.8937    36.8933    25.7818    25.7803    1506.36    147.208    147.313         38 0.0000e+00
     210553   8772.997    244.255    246.000    21.6023    21.6135   5.203435   5.204936     2.3188     1.9395     100.00   26.00192  -88.00104   -0.00204   -0.00082     3.3771     3.3787    21.5537    21.5649    36.8903    36.8908    25.7804    25.7776    1506.27    147.030    147.102         35 0.0000e+00
     210585   8774.343    243.263    245.000    21.6200    21.6208   5.205618   5.206076     2.3185     1.9405     100.00   26.00190  -88.00104   -0.00118   -0.00060     3.3750     3.3800    21.5716    21.5724    36.8910    36.8915    25.7759    25.7761    1506.27    146.938    147.157         32 0.0000e+00
     210617   8775.685    242.270    244.000    21.6495    21.6512   5.208629   5.208985     2.3181     1.9413      99.63   26.00190  -88.00104   -0.00050    0.00017     3.3718     3.3797    21.6013    21.6030    36.8901    36.8915    25.7670    25.7676    1506.27    146.800    147.147         32 0.0000e+00
     210650   8777.037    241.278    243.000    21.6912    21.6937   5.213484   5.213521     2.3196     1.9418     100.00   26.00190  -88.00104    0.00001    0.00060     3.3717     3.3778    21.6431    21.6456    36.8935    36.8917    25.7578    25.7558    1506.27    146.797    147.065         33 0.0000e+00
     210683   8778.427    240.285    242.000    21.7644    21.7865   5.222238   5.224614     2.3216     1.9439     100.00   26.00192  -88.00104    0.00092    0.00075     3.3705     3.3765    21.7164    21.7385    36.8971    36.9010    25.7401    25.7368    1506.27    146.747    147.011         33 0.0000e+00
     210715   8779.763    239.293    241.000    21.8269    21.8354   5.229220   5.230076     2.3226     1.9438     100.00   26.00192  -88.00104    0.00127    0.00084     3.3679     3.3728    21.7799    21.7875    36.9028    36.9031    25.7266    25.7246    1506.27    146.640    146.854         31 0.0000e+00
     210748   8781.125    238.301    240.000    21.8411    21.8581   5.231107   5.232804     2.3231     1.9448     100.00   26.00192  -88.00104    0.00081    0.00056     3.3678     3.3734    21.7933    21.8103    36.9067    36.9057    25.7257    25.7202    1506.27    146.635    146.879         36 0.0000e+00
     210786   8782.710    237.309    239.000    21.8614    21.8683   5.233180   5.233872     2.3248     1.9439     100.00   26.00192  -88.00104    0.00060    0.00013     3.3696     3.3700    21.8138    21.8207    36.9061    36.9053    25.7195    25.7170    1506.27    146.712    146.729         37 0.0000e+00
     210876   8786.442    235.324    237.000    21.8967    21.8986   5.237572   5.237756     2.3260     1.9477     100.01   26.00539  -88.01277    0.00072    0.00064     3.3690     3.3762    21.8495    21.8514    36.9121    36.9109    25.7145    25.7129    1506.47    146.688    147.003         30 0.0000e+00
     210881   8786.681    234.332    236.000    21.8980    21.9003   5.237160   5.237313     2.3257     1.9487     100.00   26.00192  -88.00106    0.00014    0.00141     3.3680     3.3780    21.8510    21.8532    36.9076    36.9069    25.7102    25.7090    1506.27    146.643    147.081         37 0.0000e+00
     210916   8788.107    233.339    235.000    21.9015    21.9105   5.237283   5.238245     2.3259     1.9471     100.00   26.00192  -88.00106    0.00000    0.00052     3.3677     3.3734    21.8547    21.8637    36.9059    36.9059    25.7079    25.7053    1506.27    146.634    146.880         31 0.0000e+00
     210946   8789.386    232.347    234.000    21.9387    21.9468   5.241076   5.241982     2.3265     1.9480     100.00   26.00193  -88.00106    0.00020   -0.00029     3.3663     3.3729    21.8920    21.9001    36.9047    36.9049    25.6964    25.6943    1506.27    146.572    146.862         33 0.0000e+00
     210984   8790.960    231.354    233.000    21.9657    21.9650   5.244025   5.244069     2.3288     1.9471     100.00   26.00194  -88.00106    0.00066   -0.00001     3.3688     3.3692    21.9191    21.9185    36.9054    36.9063    25.6893    25.6901    1506.27    146.682    146.701         39 0.0000e+00
     211106   8796.034    228.377    230.000    22.0254    22.0322   5.251447   5.252165     2.3319     1.9512     100.01   26.00530  -88.01245    0.00076    0.00132     3.3701     3.3734    21.9794    21.9862    36.9162    36.9161    25.6810    25.6789    1506.46    146.740    146.885         38 0.0000e+00
     211117   8796.486    227.385    229.000    22.0348    22.0434   5.252170   5.253049     2.3321     1.9508     100.00   26.00194  -88.00106    0.00053    0.00021     3.3696     3.3713    21.9890    21.9976    36.9124    36.9120    25.6749    25.6722    1506.27    146.718    146.794         36 0.0000e+00
     211227   8801.095    224.408    226.000    22.1417    22.1486   5.264813   5.265564     2.3375     1.9568     100.01   26.00421  -88.00868    0.00137    0.00164     3.3726     3.3774    22.0963    22.1033    36.9237    36.9237    25.6534    25.6514    1506.40    146.855    147.063         41 0.0000e+00
     211249   8801.993    223.415    225.000    22.1387    22.1582   5.264403   5.266569     2.3393     1.9588     100.00   26.00196  -88.00106    0.00142    0.00128     3.3760     3.3809    22.0935    22.1130    36.9221    36.9226    25.6527    25.6475    1506.27    147.002    147.214         35 0.0000e+00
     211337   8805.664    221.430    223.000    22.3907    22.3982   5.294990   5.295967     2.3530     1.9711      98.55   26.00570  -88.01373    0.00246    0.00286     3.3855     3.3925    22.3456    22.3530    36.9513    36.9532    25.6034    25.6030    1506.49    147.424    147.729         30 0.0000e+00
     211342   8805.881    220.438    222.000    22.4009    22.4181   5.296057   5.297971     2.3585     1.9768     100.01   26.00196  -88.00106    0.00526    0.00498     3.3972     3.4046    22.3560    22.3732    36.9499    36.9503    25.5990    25.5944    1506.27    147.933    148.253         41 0.0000e+00
