Gulf of Mexico/GOMECC-4/1db/urb2103_0851.cnv
* Sea-Bird SBE 9 Data File:
* FileName = C:\Users\scs.user.rb\CTD\GOMECC4\data\rb2103_0851.hex
* Software Version Seasave V 7.26.7.107
* Temperature SN = 4799
* Conductivity SN = 3860
* Number of Bytes Per Scan = 41
* Number of Voltage Words = 4
* Number of Scans Averaged by the Deck Unit = 1
* NMEA Latitude = 20 36.04 N
* NMEA Longitude = 094 17.37 W
* NMEA UTC (Time) = Oct 07 2021  22:53:37
* NMEA baud rate = 4800
# nquan = 28
# nvalues = 395                         
# units = specified
# name 0 = scan: Scan Count
# name 1 = timeS: Time, Elapsed [seconds]
# name 2 = depSM: Depth [salt water, m]
# name 3 = prDM: Pressure, Digiquartz [db]
# name 4 = t090C: Temperature [ITS-90, deg C]
# name 5 = t190C: Temperature, 2 [ITS-90, deg C]
# name 6 = c0S/m: Conductivity [S/m]
# name 7 = c1S/m: Conductivity, 2 [S/m]
# name 8 = sbeox0V: Oxygen raw, SBE 43 [V]
# name 9 = sbeox1V: Oxygen raw, SBE 43, 2 [V]
# name 10 = altM: Altimeter [m]
# name 11 = latitude: Latitude [deg]
# name 12 = longitude: Longitude [deg]
# name 13 = sbox0dV/dT: Oxygen, SBE 43 [dov/dt]
# name 14 = sbox1dV/dT: Oxygen, SBE 43, 2 [dov/dt]
# name 15 = sbeox0ML/L: Oxygen, SBE 43 [ml/l], WS = 5
# name 16 = sbeox1ML/L: Oxygen, SBE 43, 2 [ml/l], WS = 5
# name 17 = potemp090C: Potential Temperature [ITS-90, deg C]
# name 18 = potemp190C: Potential Temperature, 2 [ITS-90, deg C]
# name 19 = sal00: Salinity, Practical [PSU]
# name 20 = sal11: Salinity, Practical, 2 [PSU]
# name 21 = sigma-é00: Density [sigma-theta, kg/m^3]
# name 22 = sigma-é11: Density, 2 [sigma-theta, kg/m^3]
# name 23 = avgsvCM: Average Sound Velocity [Chen-Millero, m/s], minP = 20, minS = 20
# name 24 = sbox0Mm/Kg: Oxygen, SBE 43 [umol/kg], WS = 5
# name 25 = sbox1Mm/Kg: Oxygen, SBE 43, 2 [umol/kg], WS = 5
# name 26 = nbin: number of scans per bin
# name 27 = flag: flag
# span 0 =      69368,     160673       
# span 1 =   2890.286,   6694.685       
# span 2 =      0.994,   1862.053       
# span 3 =      1.000,   1882.000       
# span 4 =     4.2605,    31.5653       
# span 5 =     4.2611,    29.4144       
# span 6 =   3.342194,   5.988170       
# span 7 =   3.342161,   5.987266       
# span 8 =     1.5727,     3.3151       
# span 9 =     1.2749,     2.8294       
# span 10 =      12.70,     103.95      
# span 11 =   20.55327,   20.62894      
# span 12 =  -94.42086,  -94.07455      
# span 13 =   -0.00984,    0.02719      
# span 14 =   -0.01310,    0.02323      
# span 15 =     2.3954,     4.8947      
# span 16 =     2.4123,     4.8920      
# span 17 =     4.1018,    31.5631      
# span 18 =     4.1025,    29.4070      
# span 19 =    34.9133,    39.1364      
# span 20 =    34.9116,    36.5178      
# span 21 =    23.0082,    27.7539      
# span 22 =    23.0074,    27.7528      
# span 23 =    1492.37,    1497.87      
# span 24 =    104.154,    213.506      
# span 25 =    104.890,    213.393      
# span 26 =         30,         73      
# span 27 = 0.0000e+00, 0.0000e+00      
# interval = decibars: 1                
# start_time = Oct 07 2021 22:53:37 [NMEA time, header]
# bad_flag = -9.990e-29
*END*
[from data line 156]
     119855   4993.896    496.328    500.000     8.3973     8.3967   3.683888   3.683681     1.5731     1.2761     100.00   20.60062  -94.29102    0.00001   -0.00002     2.5189     2.5348     8.3442     8.3436    35.0334    35.0323    27.2477    27.2469    1495.81    109.512    110.202         60 0.0000e+00
     119984   4999.289    495.337    499.000     8.4025     8.4015   3.684342   3.684203     1.5727     1.2759     100.00   20.60062  -94.29104   -0.00009   -0.00003     2.5172     2.5334     8.3495     8.3485    35.0341    35.0332    27.2474    27.2469    1495.81    109.437    110.138         55 0.0000e+00
     120063   5002.597    494.346    498.000     8.4097     8.4150   3.685011   3.685387     1.5732     1.2761      99.96   20.60062  -94.29104    0.00011    0.00003     2.5177     2.5328     8.3568     8.3620    35.0344    35.0332    27.2465    27.2448    1495.81    109.456    110.115         57 0.0000e+00
     120117   5004.848    493.354    497.000     8.4203     8.4234   3.686056   3.686282     1.5732     1.2763      99.94   20.60062  -94.29104    0.00006    0.00005     2.5168     2.5328     8.3674     8.3705    35.0359    35.0348    27.2461    27.2448    1495.81    109.421    110.115         53 0.0000e+00
     120175   5007.244    492.362    496.000     8.4257     8.4274   3.686585   3.686707     1.5732     1.2762      93.86   20.60062  -94.29104   -0.00001    0.00004     2.5160     2.5316     8.3730     8.3746    35.0362    35.0359    27.2455    27.2450    1495.81    109.385    110.064         44 0.0000e+00
     120218   5009.057    491.371    495.000     8.4315     8.4338   3.687124   3.687326     1.5730     1.2760      99.73   20.60062  -94.29104   -0.00004   -0.00007     2.5150     2.5303     8.3788     8.3811    35.0368    35.0365    27.2451    27.2444    1495.81    109.339    110.004         50 0.0000e+00
     120266   5011.043    490.380    494.000     8.4365     8.4448   3.687609   3.688345     1.5727     1.2760     100.00   20.60062  -94.29104   -0.00012   -0.00005     2.5134     2.5294     8.3839     8.3922    35.0373    35.0369    27.2447    27.2431    1495.81    109.270    109.967         36 0.0000e+00
     120331   5013.749    488.396    492.000     8.4650     8.4707   3.690504   3.691007     1.5734     1.2761      99.88   20.60087  -94.29220    0.00012    0.00003     2.5127     2.5273     8.4125     8.4182    35.0406    35.0402    27.2428    27.2417    1495.83    109.243    109.878         36 0.0000e+00
     120367   5015.235    487.405    491.000     8.4707     8.4782   3.691030   3.691666     1.5728     1.2762     100.01   20.60062  -94.29104    0.00008    0.00005     2.5103     2.5268     8.4183     8.4258    35.0411    35.0404    27.2423    27.2406    1495.81    109.138    109.852         35 0.0000e+00
     120458   5019.042    484.431    488.000     8.5052     8.5105   3.694582   3.695030     1.5731     1.2749      96.16   20.60156  -94.29534    0.00004   -0.00034     2.5078     2.5197     8.4530     8.4583    35.0460    35.0455    27.2408    27.2396    1495.88    109.029    109.546         34 0.0000e+00
     122467   5102.742    404.102    407.000     9.5746     9.5954   3.803522   3.805610     1.5830     1.2842     100.01   20.60286  -94.30135    0.00014    0.00026     2.4421     2.4551     9.5280     9.5488    35.1706    35.1718    27.1653    27.1627    1495.97    106.179    106.744         30 0.0000e+00
     122487   5103.563    403.110    406.000     9.5833     9.6028   3.804045   3.806027     1.5824     1.2834      98.92   20.60062  -94.29110    0.00006    0.00013     2.4398     2.4518     9.5368     9.5562    35.1678    35.1687    27.1616    27.1590    1495.81    106.081    106.603         34 0.0000e+00
     122518   5104.895    402.118    405.000     9.5988     9.6158   3.805114   3.807375     1.5822     1.2833     100.02   20.60062  -94.29110   -0.00016   -0.00017     2.4380     2.4504     9.5524     9.5694    35.1667    35.1703    27.1580    27.1581    1495.81    106.001    106.542         31 0.0000e+00
     122553   5106.314    401.126    404.000     9.6336     9.6390   3.809282   3.809665     1.5825     1.2838     100.00   20.60062  -94.29110   -0.00008   -0.00008     2.4362     2.4503     9.5872     9.5926    35.1733    35.1718    27.1574    27.1553    1495.81    105.923    106.537         41 0.0000e+00
     122602   5108.393    400.134    403.000     9.6316     9.6286   3.809000   3.808591     1.5825     1.2844     100.00   20.60062  -94.29110    0.00007    0.00035     2.4362     2.4523     9.5853     9.5823    35.1726    35.1710    27.1571    27.1564    1495.81    105.923    106.625         57 0.0000e+00
     122657   5110.686    399.142    402.000     9.5834     9.6010   3.803704   3.805664     1.5818     1.2835     100.00   20.60062  -94.29110   -0.00020   -0.00016     2.4369     2.4510     9.5374     9.5549    35.1655    35.1686    27.1596    27.1591    1495.81    105.952    106.568         45 0.0000e+00
     122736   5113.945    398.150    401.000     9.6175     9.5857   3.807104   3.803443     1.5825     1.2839      93.64   20.60062  -94.29110    0.00011    0.00004     2.4364     2.4529     9.5685     9.5398    35.1706    35.1636    27.1584    27.1577    1495.81    105.934    106.648         54 0.0000e+00
     124318   5179.880    395.174    398.000     9.8633     9.8650   3.832897   3.832969     1.5830     1.2845      91.96   20.59481  -94.26454   -0.00009   -0.00020     2.4218     2.4371     9.8169     9.8186    35.1924    35.1921    27.1332    27.1327    1495.39    105.301    105.964         57 0.0000e+00
     124446   5185.206    394.183    397.000     9.8682     9.8732   3.833862   3.834528     1.5834     1.2847      99.84   20.60062  -94.29114    0.00001   -0.00007     2.4221     2.4365     9.8219     9.8270    35.2024    35.2024    27.1405    27.1396    1495.81    105.311    105.941         53 0.0000e+00
     124503   5187.567    393.191    396.000     9.8700     9.8750   3.833721   3.834187     1.5837     1.2848     100.00   20.60062  -94.29114    0.00005   -0.00002     2.4223     2.4369     9.8238     9.8288    35.2017    35.2025    27.1397    27.1394    1495.81    105.321    105.959         60 0.0000e+00
     124565   5190.187    392.199    395.000     9.8773     9.8824   3.835035   3.835524     1.5837     1.2857     100.00   20.60062  -94.29114    0.00006    0.00036     2.4218     2.4385     9.8312     9.8363    35.2042    35.2040    27.1404    27.1394    1495.81    105.301    106.024         57 0.0000e+00
     124618   5192.384    391.207    394.000     9.8903     9.8984   3.836244   3.836964     1.5839     1.2856     100.00   20.60062  -94.29114    0.00010    0.00009     2.4209     2.4371     9.8443     9.8524    35.2051    35.2060    27.1388    27.1382    1495.81    105.262    105.966         52 0.0000e+00
     124665   5194.333    390.215    393.000     9.9029     9.9098   3.837696   3.838324     1.5841     1.2859     100.00   20.60062  -94.29114   -0.00004    0.00003     2.4207     2.4369     9.8570     9.8639    35.2075    35.2072    27.1385    27.1371    1495.81    105.251    105.956         43 0.0000e+00
     124706   5196.041    389.223    392.000     9.9180     9.9225   3.839307   3.839660     1.5850     1.2863     100.00   20.60062  -94.29114    0.00033    0.00021     2.4220     2.4371     9.8722     9.8767    35.2099    35.2089    27.1378    27.1363    1495.81    105.308    105.966         41 0.0000e+00
     124745   5197.670    388.231    391.000     9.9292     9.9370   3.840512   3.841221     1.5851     1.2865     100.00   20.60062  -94.29114    0.00034    0.00017     2.4211     2.4364     9.8834     9.8912    35.2116    35.2113    27.1373    27.1357    1495.81    105.271    105.934         33 0.0000e+00
     124776   5198.949    387.239    390.000     9.9596     9.9643   3.843740   3.844266     1.5860     1.2869     100.00   20.60062  -94.29114    0.00027    0.00020     2.4214     2.4356     9.9139     9.9186    35.2155    35.2164    27.1351    27.1350    1495.81    105.284    105.902         31 0.0000e+00
     124808   5200.297    386.247    389.000     9.9743     9.9853   3.845315   3.846285     1.5859     1.2864     100.00   20.60062  -94.29116    0.00034    0.00013     2.4200     2.4325     9.9287     9.9397    35.2178    35.2175    27.1343    27.1323    1495.81    105.222    105.766         33 0.0000e+00
     124873   5203.002    384.263    387.000    10.0164    10.0299   3.849940   3.851201     1.5846     1.2855     100.00   20.60112  -94.29346   -0.00035   -0.00043     2.4131     2.4266     9.9709     9.9843    35.2251    35.2250    27.1329    27.1304    1495.85    104.923    105.507         33 0.0000e+00
     124904   5204.294    383.271    386.000    10.0335    10.0425   3.851683   3.852453     1.5841     1.2846     100.00   20.60062  -94.29116   -0.00049   -0.00035     2.4104     2.4228     9.9881     9.9971    35.2266    35.2257    27.1311    27.1288    1495.81    104.804    105.347         34 0.0000e+00
     125013   5208.815    379.302    382.000    10.0898    10.0944   3.857598   3.858002     1.5833     1.2843     100.00   20.60047  -94.29045   -0.00005   -0.00002     2.4035     2.4176    10.0447    10.0493    35.2341    35.2337    27.1271    27.1261    1495.80    104.508    105.118         30 0.0000e+00
     125403   5225.074    364.422    367.000    10.3404    10.3447   3.884197   3.884552     1.5875     1.2890     100.00   20.60098  -94.29288    0.00047    0.00089     2.3954     2.4123    10.2964    10.3007    35.2684    35.2679    27.1103    27.1091    1495.84    104.154    104.890         30 0.0000e+00
     126037   5251.513    339.618    342.000    10.8243    10.8298   3.935735   3.936194     1.6081     1.3076     100.00   20.59992  -94.28805    0.00058    0.00073     2.4150     2.4316    10.7821    10.7876    35.3316    35.3309    27.0733    27.0718    1495.76    105.009    105.731         30 0.0000e+00
     126926   5288.537    305.880    308.000    11.6853    11.7014   4.030390   4.031917     1.6329     1.3287     100.01   20.60162  -94.29592    0.00073    0.00076     2.4196     2.4319    11.6455    11.6615    35.4617    35.4612    27.0155    27.0121    1495.89    105.216    105.753         32 0.0000e+00
     126952   5289.626    304.888    307.000    11.7078    11.7129   4.032448   4.033177     1.6338     1.3298      92.04   20.60058  -94.29118    0.00078    0.00063     2.4203     2.4340    11.6680    11.6731    35.4607    35.4629    27.0104    27.0112    1495.81    105.250    105.845         35 0.0000e+00
     127053   5293.844    302.903    305.000    11.7623    11.7692   4.039241   4.040045     1.6359     1.3321     100.02   20.60533  -94.31289    0.00060    0.00075     2.4216     2.4366    11.7226    11.7295    35.4775    35.4767    27.0134    27.0114    1496.15    105.304    105.958         37 0.0000e+00
     127072   5294.619    301.910    304.000    11.7611    11.7818   4.038497   4.040641     1.6361     1.3318     100.00   20.60060  -94.29116    0.00052    0.00035     2.4223     2.4353    11.7216    11.7422    35.4705    35.4726    27.0079    27.0056    1495.81    105.334    105.900         56 0.0000e+00
     127121   5296.677    300.918    303.000    11.7509    11.7442   4.037170   4.036403     1.6356     1.3307     100.00   20.60060  -94.29116   -0.00003   -0.00026     2.4213     2.4337    11.7116    11.7048    35.4677    35.4666    27.0076    27.0080    1495.81    105.291    105.833         45 0.0000e+00
     127179   5299.104    299.925    302.000    11.7411    11.7247   4.035817   4.033985     1.6359     1.3312      97.82   20.60060  -94.29114   -0.00001   -0.00008     2.4223     2.4360    11.7016    11.6856    35.4651    35.4635    27.0075    27.0093    1495.81    105.336    105.930         71 0.0000e+00
     127250   5302.039    298.933    301.000    11.6997    11.6958   4.030374   4.030901     1.6360     1.3313      96.71   20.60060  -94.29114    0.00005   -0.00000     2.4251     2.4377    11.6542    11.6568    35.4568    35.4595    27.0100    27.0116    1495.81    105.457    106.004         64 0.0000e+00
     128813   5367.184    296.948    299.000    11.8842    11.8773   4.053065   4.051968     1.6439     1.3385     100.02   20.60586  -94.31519    0.00002   -0.00036     2.4336     2.4472    11.8451    11.8382    35.4998    35.4960    27.0075    27.0059    1496.19    105.828    106.416         44 0.0000e+00
     128835   5368.081    295.956    298.000    11.9272    11.9586   4.056324   4.059999     1.6436     1.3389      94.16   20.60060  -94.29116   -0.00001    0.00015     2.4306     2.4441    11.8881    11.9198    35.4929    35.4951    26.9936    26.9892    1495.81    105.697    106.283         64 0.0000e+00
     128895   5370.602    294.963    297.000    11.9561    11.9875   4.060122   4.063331     1.6443     1.3404     100.39   20.60060  -94.29116    0.00025    0.00054     2.4301     2.4458    11.9171    11.9484    35.4996    35.5013    26.9932    26.9886    1495.81    105.674    106.357         45 0.0000e+00
     128931   5372.097    293.971    296.000    11.9784    12.0080   4.062691   4.065756     1.6448     1.3412     100.00   20.60060  -94.29116    0.00032    0.00056     2.4300     2.4466    11.9395    11.9689    35.5041    35.5059    26.9925    26.9882    1495.81    105.673    106.393         36 0.0000e+00
     128974   5373.895    292.978    295.000    12.0148    12.0405   4.066610   4.069428     1.6458     1.3418      82.28   20.60060  -94.29116    0.00044    0.00048     2.4300     2.4460    11.9759    12.0016    35.5082    35.5113    26.9886    26.9861    1495.81    105.670    106.369         45 0.0000e+00
     129013   5375.484    291.986    294.000    12.0306    12.0474   4.068460   4.070204     1.6470     1.3431     100.72   20.60060  -94.29116    0.00059    0.00046     2.4319     2.4492    11.9919    12.0086    35.5116    35.5127    26.9882    26.9858    1495.81    105.755    106.507         31 0.0000e+00
     129041   5376.678    290.994    293.000    12.0425    12.0646   4.069762   4.072017     1.6473     1.3436     100.00   20.60060  -94.29116    0.00063    0.00062     2.4317     2.4492    12.0038    12.0259    35.5135    35.5145    26.9874    26.9839    1495.81    105.747    106.507         30 0.0000e+00
     129073   5377.986    290.001    292.000    12.0616    12.0766   4.071716   4.073319     1.6480     1.3443     100.00   20.60060  -94.29116    0.00047    0.00064     2.4320     2.4501    12.0230    12.0380    35.5148    35.5162    26.9847    26.9829    1495.81    105.760    106.548         31 0.0000e+00
     131239   5468.261    207.611    209.000    14.3324    14.3445   4.330056   4.331285     1.7268     1.4141      99.94   20.60934  -94.33127    0.00127    0.00079     2.4739     2.4898    14.3014    14.3136    35.8794    35.8795    26.8036    26.8011    1496.45    107.601    108.294         40 0.0000e+00
     131226   5467.728    206.618    208.000    14.3308    14.3320   4.328769   4.328607     1.7269     1.4139     100.00   20.60058  -94.29118    0.00075    0.00046     2.4741     2.4899    14.3001    14.3012    35.8654    35.8628    26.7922    26.7899    1495.81    107.612    108.298         46 0.0000e+00
     131272   5469.611    205.625    207.000    14.3362    14.3551   4.329360   4.331485     1.7279     1.4142      83.60   20.60058  -94.29118    0.00046    0.00016     2.4761     2.4891    14.3055    14.3244    35.8663    35.8668    26.7917    26.7880    1495.81    107.696    108.264         45 0.0000e+00
     131330   5472.062    204.632    206.000    14.3617    14.4065   4.332172   4.337032     1.7289     1.4158      99.72   20.60058  -94.29118    0.00049    0.00056     2.4769     2.4909    14.3312    14.3760    35.8698    35.8740    26.7889    26.7825    1495.81    107.730    108.342         56 0.0000e+00
