Gulf of Mexico/GOMECC-4/1db/urb2103_0801.cnv
* Sea-Bird SBE 9 Data File:
* FileName = C:\Users\scs.user.rb\CTD\GOMECC4\data\rb2103_0801.hex
* Software Version Seasave V 7.26.7.107
* Temperature SN = 4799
* Conductivity SN = 3860
* Number of Bytes Per Scan = 41
* Number of Voltage Words = 4
* Number of Scans Averaged by the Deck Unit = 1
* NMEA Latitude = 22 16.43 N
* NMEA Longitude = 096 46.23 W
* NMEA UTC (Time) = Oct 06 2021  09:45:19
* NMEA baud rate = 4800
# nquan = 28
# nvalues = 524                         
# units = specified
# name 0 = scan: Scan Count
# name 1 = timeS: Time, Elapsed [seconds]
# name 2 = depSM: Depth [salt water, m]
# name 3 = prDM: Pressure, Digiquartz [db]
# name 4 = t090C: Temperature [ITS-90, deg C]
# name 5 = t190C: Temperature, 2 [ITS-90, deg C]
# name 6 = c0S/m: Conductivity [S/m]
# name 7 = c1S/m: Conductivity, 2 [S/m]
# name 8 = sbeox0V: Oxygen raw, SBE 43 [V]
# name 9 = sbeox1V: Oxygen raw, SBE 43, 2 [V]
# name 10 = altM: Altimeter [m]
# name 11 = latitude: Latitude [deg]
# name 12 = longitude: Longitude [deg]
# name 13 = sbox0dV/dT: Oxygen, SBE 43 [dov/dt]
# name 14 = sbox1dV/dT: Oxygen, SBE 43, 2 [dov/dt]
# name 15 = sbeox0ML/L: Oxygen, SBE 43 [ml/l], WS = 5
# name 16 = sbeox1ML/L: Oxygen, SBE 43, 2 [ml/l], WS = 5
# name 17 = potemp090C: Potential Temperature [ITS-90, deg C]
# name 18 = potemp190C: Potential Temperature, 2 [ITS-90, deg C]
# name 19 = sal00: Salinity, Practical [PSU]
# name 20 = sal11: Salinity, Practical, 2 [PSU]
# name 21 = sigma-é00: Density [sigma-theta, kg/m^3]
# name 22 = sigma-é11: Density, 2 [sigma-theta, kg/m^3]
# name 23 = avgsvCM: Average Sound Velocity [Chen-Millero, m/s], minP = 20, minS = 20
# name 24 = sbox0Mm/Kg: Oxygen, SBE 43 [umol/kg], WS = 5
# name 25 = sbox1Mm/Kg: Oxygen, SBE 43, 2 [umol/kg], WS = 5
# name 26 = nbin: number of scans per bin
# name 27 = flag: flag
# span 0 =      64894,     155916       
# span 1 =   2703.865,   6496.443       
# span 2 =      0.994,   2014.466       
# span 3 =      1.000,   2037.000       
# span 4 =     4.2662,    29.5762       
# span 5 =     4.2668,    29.6147       
# span 6 =   3.341237,   5.975889       
# span 7 =   3.341225,   5.976338       
# span 8 =     1.5711,     3.2217       
# span 9 =     1.2735,     2.7516       
# span 10 =       9.74,     102.03      
# span 11 =   22.24773,   22.52182      
# span 12 =  -97.84783,  -96.65703      
# span 13 =   -0.04603,    0.03950      
# span 14 =   -0.03808,    0.03477      
# span 15 =     2.3908,     4.8936      
# span 16 =     2.4069,     4.8955      
# span 17 =     4.1054,    29.5728      
# span 18 =     4.1063,    29.6113      
# span 19 =    34.9071,    36.4870      
# span 20 =    34.9060,    36.4877      
# span 21 =    22.7236,    27.7539      
# span 22 =    22.7221,    27.7529      
# span 23 =    1494.87,    1513.28      
# span 24 =    103.967,    213.334      
# span 25 =    104.670,    213.415      
# span 26 =         30,         71      
# span 27 = 0.0000e+00, 0.0000e+00      
# interval = decibars: 1                
# start_time = Oct 06 2021 09:45:19 [NMEA time, header]
# bad_flag = -9.990e-29
*END*
[from data line 156]
      96580   4024.106   1048.719   1058.000     4.7858     4.7853   3.368680   3.368586     1.9045     1.5832     100.00   22.27394  -96.77090   -0.00064   -0.00061     4.1448     4.1623     4.6981     4.6977    34.9463    34.9457    27.6674    27.6670    1496.63    180.125    180.885         37 0.0000e+00
      96710   4029.540   1043.776   1053.000     4.8229     4.8236   3.371827   3.371835     1.9004     1.5789     100.00   22.27497  -96.77536   -0.00065   -0.00088     4.1235     4.1389     4.7354     4.7361    34.9465    34.9459    27.6634    27.6628    1496.70    179.199    179.867         36 0.0000e+00
      96742   4030.872   1042.787   1052.000     4.8207     4.8226   3.371463   3.371576     1.8983     1.5768      97.85   22.27394  -96.77090   -0.00116   -0.00144     4.1160     4.1307     4.7334     4.7352    34.9450    34.9443    27.6624    27.6617    1496.63    178.873    179.512         34 0.0000e+00
      97110   4046.218   1028.944   1038.000     4.8675     4.8675   3.374955   3.374886     1.8903     1.5704     100.00   22.27422  -96.77213   -0.00045   -0.00053     4.0753     4.0938     4.7811     4.7811    34.9435    34.9427    27.6558    27.6552    1496.65    177.103    177.908         31 0.0000e+00
      97141   4047.519   1027.955   1037.000     4.8675     4.8681   3.374874   3.374846     1.8893     1.5699     100.00   22.27394  -96.77090   -0.00049   -0.00055     4.0713     4.0915     4.7811     4.7817    34.9431    34.9422    27.6555    27.6546    1496.63    176.931    177.809         31 0.0000e+00
      97270   4052.872   1023.011   1032.000     4.8762     4.8767   3.375496   3.375471     1.8871     1.5671     100.00   22.27461  -96.77383   -0.00035   -0.00055     4.0600     4.0772     4.7903     4.7907    34.9437    34.9429    27.6549    27.6542    1496.68    176.440    177.186         33 0.0000e+00
      97302   4054.197   1022.022   1031.000     4.8741     4.8751   3.375175   3.375207     1.8862     1.5665     100.00   22.27394  -96.77092   -0.00042   -0.00052     4.0567     4.0746     4.7882     4.7892    34.9427    34.9420    27.6543    27.6536    1496.63    176.295    177.077         34 0.0000e+00
      97455   4060.598   1016.089   1025.000     4.8792     4.8797   3.375338   3.375329     1.8851     1.5669      99.95   22.27379  -96.77027   -0.00009    0.00003     4.0489     4.0723     4.7938     4.7943    34.9422    34.9416    27.6533    27.6527    1496.62    175.958    176.973         39 0.0000e+00
      97613   4067.183   1010.155   1019.000     4.8976     4.9034   3.376713   3.377167     1.8853     1.5666      90.62   22.27426  -96.77230    0.00015    0.00003     4.0444     4.0653     4.8127     4.8184    34.9421    34.9411    27.6510    27.6496    1496.65    175.764    176.672         31 0.0000e+00
      97646   4068.539   1009.166   1018.000     4.8943     4.8995   3.376355   3.376752     1.8848     1.5656      86.22   22.27394  -96.77092   -0.00007   -0.00021     4.0425     4.0616     4.8094     4.8146    34.9417    34.9409    27.6511    27.6499    1496.63    175.678    176.511         36 0.0000e+00
      97801   4075.001   1003.233   1012.000     4.9405     4.9420   3.380107   3.380180     1.8809     1.5605     100.00   22.27360  -96.76945   -0.00078   -0.00114     4.0208     4.0347     4.8558     4.8573    34.9399    34.9391    27.6443    27.6436    1496.61    174.740    175.342         32 0.0000e+00
      97961   4081.652    997.299   1006.000     4.9492     4.9502   3.380672   3.380685     1.8757     1.5579     100.00   22.27408  -96.77155   -0.00059   -0.00015     3.9985     4.0207     4.8650     4.8660    34.9403    34.9394    27.6437    27.6428    1496.64    173.770    174.736         31 0.0000e+00
      98556   4106.446    992.354   1001.000     4.9541     4.9561   3.381309   3.381438     1.8733     1.5565     100.01   22.27746  -96.78622   -0.00010    0.00010     3.9869     4.0120     4.8704     4.8723    34.9453    34.9447    27.6470    27.6463    1496.87    173.264    174.356         33 0.0000e+00
      99231   4134.584    991.365   1000.000     4.9572     4.9589   3.381081   3.381170     1.8722     1.5557     100.00   22.27393  -96.77093   -0.00001    0.00004     3.9826     4.0086     4.8735     4.8752    34.9396    34.9389    27.6421    27.6414    1496.63    173.077    174.210         44 0.0000e+00
     100440   4184.949    987.409    996.000     4.9606     4.9617   3.381329   3.381361     1.8722     1.5556     100.00   22.27476  -96.77454    0.00007    0.00008     3.9799     4.0057     4.8773     4.8783    34.9410    34.9403    27.6428    27.6421    1496.69    172.963    174.084         41 0.0000e+00
     100474   4186.363    986.420    995.000     4.9609     4.9621   3.381182   3.381233     1.8723     1.5556     100.00   22.27392  -96.77090    0.00006    0.00013     3.9798     4.0051     4.8777     4.8788    34.9394    34.9388    27.6415    27.6409    1496.63    172.957    174.058         30 0.0000e+00
     100597   4191.513    981.475    990.000     4.9768     4.9785   3.382330   3.382427     1.8726     1.5545     100.00   22.27366  -96.76975    0.00007   -0.00023     3.9766     3.9965     4.8939     4.8956    34.9386    34.9379    27.6389    27.6382    1496.61    172.821    173.682         30 0.0000e+00
     100629   4192.824    980.486    989.000     4.9773     4.9802   3.382354   3.382559     1.8722     1.5541     100.00   22.27392  -96.77090   -0.00022   -0.00043     3.9745     3.9943     4.8944     4.8973    34.9389    34.9382    27.6391    27.6382    1496.63    172.725    173.586         30 0.0000e+00
     100762   4198.368    975.540    984.000     5.0059     5.0106   3.384725   3.384951     1.8706     1.5514     100.00   22.27421  -96.77217   -0.00022   -0.00042     3.9632     3.9784     4.9233     4.9280    34.9389    34.9366    27.6358    27.6335    1496.65    172.235    172.899         34 0.0000e+00
     100794   4199.691    974.551    983.000     5.0100     5.0194   3.384923   3.385682     1.8693     1.5506     100.00   22.27392  -96.77090   -0.00061   -0.00079     3.9580     3.9745     4.9275     4.9368    34.9373    34.9355    27.6340    27.6315    1496.63    172.010    172.727         30 0.0000e+00
     100923   4205.065    969.606    978.000     5.0353     5.0373   3.387017   3.387105     1.8652     1.5459      92.97   22.27416  -96.77191   -0.00082   -0.00092     3.9385     3.9521     4.9530     4.9550    34.9377    34.9367    27.6314    27.6303    1496.65    171.162    171.754         30 0.0000e+00
     100954   4206.362    968.617    977.000     5.0368     5.0399   3.387022   3.387261     1.8636     1.5453      79.96   22.27392  -96.77090   -0.00102   -0.00078     3.9322     3.9491     4.9546     4.9577    34.9367    34.9363    27.6304    27.6297    1496.63    170.889    171.623         34 0.0000e+00
     101085   4211.848    963.671    972.000     5.0539     5.0545   3.388491   3.388469     1.8608     1.5438     100.00   22.27499  -96.77552   -0.00040   -0.00021     3.9181     3.9390     4.9721     4.9726    34.9383    34.9375    27.6297    27.6290    1496.70    170.277    171.189         32 0.0000e+00
     101118   4213.190    962.682    971.000     5.0527     5.0538   3.388193   3.388216     1.8599     1.5433     100.00   22.27392  -96.77088   -0.00058   -0.00037     3.9149     3.9367     4.9710     4.9720    34.9366    34.9358    27.6284    27.6276    1496.63    170.139    171.087         40 0.0000e+00
     101245   4218.482    957.736    966.000     5.0637     5.0643   3.389013   3.389010     1.8583     1.5421      99.06   22.27460  -96.77382   -0.00026   -0.00035     3.9054     3.9286     4.9823     4.9829    34.9371    34.9365    27.6275    27.6269    1496.68    169.728    170.733         30 0.0000e+00
     101277   4219.842    956.747    965.000     5.0630     5.0651   3.388809   3.388932     1.8575     1.5415     100.01   22.27392  -96.77088   -0.00033   -0.00036     3.9023     3.9261     4.9817     4.9838    34.9360    34.9352    27.6267    27.6258    1496.63    169.592    170.626         41 0.0000e+00
     101409   4225.342    951.801    960.000     5.0777     5.0818   3.389953   3.390245     1.8573     1.5407     100.00   22.27452  -96.77347    0.00004   -0.00015     3.8974     3.9186     4.9968     5.0008    34.9363    34.9355    27.6252    27.6240    1496.67    169.380    170.302         32 0.0000e+00
     101439   4226.594    950.812    959.000     5.0773     5.0860   3.389788   3.390431     1.8569     1.5397     100.00   22.27392  -96.77088   -0.00014   -0.00029     3.8957     3.9138     4.9965     5.0051    34.9353    34.9337    27.6245    27.6221    1496.63    169.304    170.093         33 0.0000e+00
     101600   4233.305    944.876    953.000     5.1078     5.1087   3.392314   3.392324     1.8545     1.5365     100.00   22.27465  -96.77405   -0.00039   -0.00068     3.8810     3.8966     5.0273     5.0282    34.9357    34.9348    27.6212    27.6204    1496.68    168.667    169.345         31 0.0000e+00
     101631   4234.587    943.887    952.000     5.1081     5.1090   3.392199   3.392212     1.8533     1.5357     100.00   22.27392  -96.77088   -0.00074   -0.00059     3.8764     3.8933     5.0276     5.0286    34.9346    34.9337    27.6202    27.6194    1496.63    168.468    169.200         35 0.0000e+00
     101761   4240.008    938.941    947.000     5.1271     5.1290   3.393603   3.393729     1.8510     1.5348      89.67   22.27397  -96.77103   -0.00022   -0.00004     3.8642     3.8850     5.0470     5.0489    34.9334    34.9328    27.6170    27.6163    1496.63    167.939    168.841         31 0.0000e+00
     101980   4249.141    931.027    939.000     5.2007     5.2028   3.399867   3.399965     1.8446     1.5266     100.00   22.27457  -96.77359   -0.00098   -0.00141     3.8303     3.8430     5.1208     5.1229    34.9329    34.9318    27.6079    27.6069    1496.67    166.467    167.017         32 0.0000e+00
     102010   4250.382    930.038    938.000     5.2021     5.2047   3.399851   3.399975     1.8417     1.5243     100.00   22.27394  -96.77086   -0.00157   -0.00163     3.8198     3.8340     5.1223     5.1249    34.9317    34.9304    27.6068    27.6054    1496.63    166.007    166.625         32 0.0000e+00
     102140   4255.790    925.091    933.000     5.2159     5.2210   3.400535   3.401175     1.8361     1.5198     100.00   22.27371  -96.76987   -0.00086   -0.00061     3.7977     3.8130     5.1364     5.1415    34.9304    34.9297    27.6041    27.6030    1496.61    165.050    165.716         39 0.0000e+00
     102272   4261.305    920.145    928.000     5.2285     5.2287   3.401794   3.401735     1.8339     1.5179     100.00   22.27456  -96.77354   -0.00031   -0.00018     3.7856     3.8026     5.1495     5.1496    34.9315    34.9307    27.6035    27.6028    1496.67    164.523    165.264         30 0.0000e+00
     102305   4262.666    919.155    927.000     5.2283     5.2290   3.401638   3.401638     1.8329     1.5177     100.00   22.27394  -96.77086   -0.00050   -0.00029     3.7819     3.8014     5.1493     5.1500    34.9305    34.9297    27.6026    27.6020    1496.63    164.365    165.212         39 0.0000e+00
     102493   4270.495    912.230    920.000     5.2441     5.2467   3.402711   3.402894     1.8316     1.5165     100.00   22.27400  -96.77122   -0.00018   -0.00019     3.7723     3.7919     5.1656     5.1682    34.9298    34.9293    27.6002    27.5995    1496.64    163.947    164.796         30 0.0000e+00
     102523   4271.753    911.240    919.000     5.2465     5.2475   3.402881   3.402903     1.8314     1.5163      99.98   22.27392  -96.77086   -0.00030   -0.00039     3.7709     3.7904     5.1681     5.1691    34.9297    34.9290    27.5998    27.5992    1496.63    163.884    164.733         30 0.0000e+00
     102652   4277.135    906.293    914.000     5.2643     5.2744   3.404103   3.404972     1.8303     1.5156      71.30   22.27386  -96.77061   -0.00006    0.00008     3.7630     3.7829     5.1862     5.1963    34.9278    34.9272    27.5962    27.5945    1496.63    163.540    164.407         32 0.0000e+00
     102899   4287.401    897.389    905.000     5.3367     5.3375   3.410251   3.410253     1.8216     1.5059     100.00   22.27416  -96.77192   -0.00119   -0.00125     3.7215     3.7363     5.2590     5.2598    34.9276    34.9268    27.5873    27.5866    1496.65    161.741    162.382         30 0.0000e+00
     103031   4292.919    892.441    900.000     5.3438     5.3469   3.410570   3.410778     1.8167     1.5031     100.00   22.27382  -96.77043   -0.00078   -0.00044     3.7020     3.7225     5.2665     5.2696    34.9264    34.9255    27.5854    27.5844    1496.62    160.892    161.786         32 0.0000e+00
     103246   4301.886    884.525    892.000     5.3760     5.3811   3.413101   3.413459     1.8138     1.5002     100.00   22.27387  -96.77063   -0.00034   -0.00038     3.6851     3.7050     5.2993     5.3043    34.9258    34.9247    27.5811    27.5796    1496.63    160.158    161.024         30 0.0000e+00
     103278   4303.196    883.536    891.000     5.3801     5.3845   3.413468   3.413700     1.8131     1.4994     100.00   22.27392  -96.77086   -0.00044   -0.00037     3.6820     3.7012     5.3034     5.3077    34.9259    34.9244    27.5807    27.5790    1496.63    160.025    160.860         32 0.0000e+00
     103380   4307.464    879.578    887.000     5.3959     5.3960   3.414658   3.414613     1.8107     1.4970     100.00   22.27405  -96.77144   -0.00057   -0.00059     3.6701     3.6891     5.3195     5.3196    34.9255    34.9249    27.5784    27.5779    1496.64    159.509    160.332         30 0.0000e+00
     103411   4308.751    878.588    886.000     5.3971     5.3985   3.414657   3.414729     1.8100     1.4966     100.00   22.27392  -96.77086   -0.00059   -0.00049     3.6672     3.6871     5.3207     5.3221    34.9248    34.9241    27.5777    27.5770    1496.63    159.381    160.246         31 0.0000e+00
     103626   4317.701    870.672    878.000     5.4093     5.4104   3.415398   3.415449     1.8069     1.4945      48.72   22.27388  -96.77070   -0.00021   -0.00003     3.6518     3.6743     5.3336     5.3347    34.9245    34.9239    27.5759    27.5753    1496.63    158.711    159.689         31 0.0000e+00
     103843   4326.758    862.755    870.000     5.4270     5.4292   3.416609   3.416761     1.8051     1.4933     100.00   22.27385  -96.77058   -0.00034   -0.00022     3.6402     3.6643     5.3519     5.3541    34.9242    34.9235    27.5735    27.5726    1496.63    158.208    159.255         38 0.0000e+00
     103976   4332.306    857.807    865.000     5.4517     5.4560   3.418736   3.419050     1.8049     1.4924      99.99   22.27496  -96.77538   -0.00002   -0.00005     3.6346     3.6560     5.3770     5.3812    34.9252    34.9244    27.5713    27.5701    1496.70    157.965    158.896         34 0.0000e+00
     104009   4333.678    856.817    864.000     5.4505     5.4523   3.418441   3.418563     1.8040     1.4909     100.00   22.27392  -96.77086   -0.00038   -0.00029     3.6314     3.6504     5.3758     5.3776    34.9236    34.9231    27.5700    27.5695    1496.63    157.826    158.653         37 0.0000e+00
     104139   4339.072    851.869    859.000     5.4809     5.4853   3.420915   3.421229     1.8012     1.4886     100.00   22.27407  -96.77153   -0.00044   -0.00029     3.6167     3.6367     5.4065     5.4109    34.9228    34.9218    27.5657    27.5645    1496.64    157.187    158.060         31 0.0000e+00
     104569   4356.995    836.034    843.000     5.5622     5.5641   3.427382   3.427531     1.7929     1.4806     100.00   22.27421  -96.77214   -0.00061   -0.00046     3.5736     3.5923     5.4888     5.4906    34.9204    34.9201    27.5538    27.5534    1496.65    155.316    156.131         30 0.0000e+00
