Gulf of Mexico/GOMECC-4/1db/urb2103_0291.cnv
* Sea-Bird SBE 9 Data File:
* FileName = C:\Users\scs.user.rb\CTD\GOMECC4\data\rb2103_0291.hex
* Software Version Seasave V 7.26.7.107
* Temperature SN = 4799
* Conductivity SN = 3860
* Number of Bytes Per Scan = 41
* Number of Voltage Words = 4
* Number of Scans Averaged by the Deck Unit = 1
* NMEA Latitude = 27 29.98 N
* NMEA Longitude = 086 48.58 W
* NMEA UTC (Time) = Sep 22 2021  01:30:43
* NMEA baud rate = 4800
# nquan = 28
# nvalues = 333                         
# units = specified
# name 0 = scan: Scan Count
# name 1 = timeS: Time, Elapsed [seconds]
# name 2 = depSM: Depth [salt water, m]
# name 3 = prDM: Pressure, Digiquartz [db]
# name 4 = t090C: Temperature [ITS-90, deg C]
# name 5 = t190C: Temperature, 2 [ITS-90, deg C]
# name 6 = c0S/m: Conductivity [S/m]
# name 7 = c1S/m: Conductivity, 2 [S/m]
# name 8 = sbeox0V: Oxygen raw, SBE 43 [V]
# name 9 = sbeox1V: Oxygen raw, SBE 43, 2 [V]
# name 10 = altM: Altimeter [m]
# name 11 = latitude: Latitude [deg]
# name 12 = longitude: Longitude [deg]
# name 13 = sbox0dV/dT: Oxygen, SBE 43 [dov/dt]
# name 14 = sbox1dV/dT: Oxygen, SBE 43, 2 [dov/dt]
# name 15 = sbeox0ML/L: Oxygen, SBE 43 [ml/l], WS = 5
# name 16 = sbeox1ML/L: Oxygen, SBE 43, 2 [ml/l], WS = 5
# name 17 = potemp090C: Potential Temperature [ITS-90, deg C]
# name 18 = potemp190C: Potential Temperature, 2 [ITS-90, deg C]
# name 19 = sal00: Salinity, Practical [PSU]
# name 20 = sal11: Salinity, Practical, 2 [PSU]
# name 21 = sigma-é00: Density [sigma-theta, kg/m^3]
# name 22 = sigma-é11: Density, 2 [sigma-theta, kg/m^3]
# name 23 = avgsvCM: Average Sound Velocity [Chen-Millero, m/s], minP = 20, minS = 20
# name 24 = sbox0Mm/Kg: Oxygen, SBE 43 [umol/kg], WS = 5
# name 25 = sbox1Mm/Kg: Oxygen, SBE 43, 2 [umol/kg], WS = 5
# name 26 = nbin: number of scans per bin
# name 27 = flag: flag
# span 0 =     102339,     243073       
# span 1 =   4264.066,  10128.004       
# span 2 =      1.987,   3025.693       
# span 3 =      2.000,   3068.000       
# span 4 =     4.2825,    29.3432       
# span 5 =     4.2833,    29.3259       
# span 6 =   3.341759,   5.928917       
# span 7 =   3.341691,   5.930771       
# span 8 =     1.6201,     3.2295       
# span 9 =     1.3227,     2.7085       
# span 10 =      10.30,     111.54      
# span 11 =   27.48736,   28.32218      
# span 12 =  -89.42718,  -86.79127      
# span 13 =   -0.00272,    0.03050      
# span 14 =   -0.00285,    0.02909      
# span 15 =     2.5189,     4.6873      
# span 16 =     2.5437,     4.7171      
# span 17 =     4.0810,    29.3398      
# span 18 =     4.0820,    29.3226      
# span 19 =    32.4490,    39.9694      
# span 20 =    32.4470,    36.6030      
# span 21 =    20.3697,    31.0679      
# span 22 =    20.3693,    27.7570      
# span 23 =    1500.56,    1546.13      
# span 24 =    109.540,    203.679      
# span 25 =    110.622,    204.976      
# span 26 =         30,         77      
# span 27 = 0.0000e+00, 0.0000e+00      
# interval = decibars: 1                
# start_time = Sep 22 2021 01:30:43 [NMEA time, header]
# bad_flag = -9.990e-29
*END*
     102339   4264.066   3025.693   3068.000     4.3700     4.3713   3.414316   3.414269     1.7399     1.4328      10.30   27.49502  -86.81492    0.00003    0.00011     4.6859     4.7152     4.0821     4.0833    34.9759    34.9741    27.7584    27.7568    1501.00    203.620    204.896         57 0.0000e+00
     102547   4272.729   3024.714   3067.000     4.3696     4.3707   3.414239   3.414172     1.7400     1.4331      11.23   27.49502  -86.81492    0.00000    0.00010     4.6856     4.7165     4.0818     4.0829    34.9759    34.9740    27.7585    27.7568    1501.00    203.606    204.948         40 0.0000e+00
     102607   4275.258   3023.734   3066.000     4.3691     4.3701   3.414151   3.414088     1.7400     1.4334      12.04   27.49502  -86.81492    0.00001    0.00006     4.6852     4.7171     4.0814     4.0824    34.9758    34.9741    27.7584    27.7569    1501.00    203.591    204.976         50 0.0000e+00
     102653   4277.153   3022.755   3065.000     4.3688     4.3698   3.414091   3.414020     1.7402     1.4334      12.96   27.49502  -86.81492    0.00005    0.00004     4.6858     4.7165     4.0812     4.0822    34.9759    34.9741    27.7585    27.7569    1501.00    203.615    204.951         41 0.0000e+00
     102691   4278.756   3021.776   3064.000     4.3686     4.3696   3.414036   3.413965     1.7405     1.4334      13.87   27.49504  -86.81492    0.00011   -0.00002     4.6866     4.7159     4.0812     4.0821    34.9759    34.9741    27.7585    27.7569    1501.00    203.651    204.923         37 0.0000e+00
     102727   4280.267   3020.797   3063.000     4.3684     4.3694   3.413984   3.413915     1.7407     1.4335      14.93   27.49504  -86.81492    0.00019    0.00004     4.6866     4.7158     4.0811     4.0821    34.9759    34.9741    27.7585    27.7570    1501.00    203.651    204.920         36 0.0000e+00
     102764   4281.785   3019.817   3062.000     4.3682     4.3693   3.413928   3.413860     1.7408     1.4335      15.76   27.49504  -86.81492    0.00018    0.00004     4.6868     4.7152     4.0810     4.0820    34.9759    34.9741    27.7585    27.7569    1501.00    203.659    204.894         36 0.0000e+00
     102797   4283.175   3018.838   3061.000     4.3682     4.3692   3.413887   3.413822     1.7411     1.4335      16.69   27.49504  -86.81492    0.00006   -0.00001     4.6873     4.7148     4.0811     4.0821    34.9759    34.9741    27.7585    27.7570    1501.00    203.679    204.875         31 0.0000e+00
     109179   4549.078   2768.980   2806.000     4.3420     4.3429   3.401906   3.401832     1.7681     1.4589     100.00   27.49576  -86.81734    0.00007    0.00024     4.6585     4.6870     4.0842     4.0851    34.9753    34.9735    27.7577    27.7562    1501.04    202.430    203.669         53 0.0000e+00
     109232   4551.306   2767.999   2805.000     4.3417     4.3427   3.401767   3.401698     1.7681     1.4589     100.00   27.49503  -86.81506    0.00002    0.00003     4.6579     4.6868     4.0840     4.0850    34.9743    34.9726    27.7570    27.7555    1501.00    202.405    203.658         57 0.0000e+00
     109297   4553.985   2767.019   2804.000     4.3416     4.3426   3.401719   3.401649     1.7682     1.4590     100.00   27.49504  -86.81506    0.00002    0.00006     4.6577     4.6868     4.0840     4.0850    34.9744    34.9726    27.7570    27.7555    1501.00    202.396    203.660         64 0.0000e+00
     109361   4556.669   2766.038   2803.000     4.3414     4.3424   3.401661   3.401600     1.7683     1.4590     100.00   27.49504  -86.81506    0.00003   -0.00001     4.6578     4.6860     4.0840     4.0850    34.9743    34.9726    27.7569    27.7555    1501.00    202.398    203.624         58 0.0000e+00
     109458   4560.707   2765.058   2802.000     4.3413     4.3423   3.401615   3.401551     1.7685     1.4592      82.07   27.49504  -86.81506    0.00003    0.00005     4.6578     4.6864     4.0840     4.0849    34.9743    34.9726    27.7570    27.7555    1501.00    202.400    203.644         40 0.0000e+00
     109521   4563.337   2764.077   2801.000     4.3414     4.3424   3.401591   3.401518     1.7687     1.4596      98.24   27.49504  -86.81506    0.00004    0.00010     4.6584     4.6875     4.0842     4.0851    34.9744    34.9726    27.7570    27.7554    1501.00    202.424    203.691         44 0.0000e+00
     110341   4597.504   2763.097   2800.000     4.3413     4.3422   3.401534   3.401465     1.7683     1.4594     100.00   27.49504  -86.81507    0.00004    0.00004     4.6560     4.6860     4.0842     4.0851    34.9743    34.9726    27.7569    27.7554    1501.00    202.323    203.625         42 0.0000e+00
     111188   4632.784   2762.117   2799.000     4.3415     4.3424   3.401509   3.401441     1.7682     1.4589     100.00   27.49504  -86.81508   -0.00001   -0.00001     4.6548     4.6831     4.0845     4.0853    34.9742    34.9726    27.7568    27.7554    1501.00    202.269    203.497         46 0.0000e+00
     111292   4637.127   2761.136   2798.000     4.3417     4.3426   3.401483   3.401411     1.7682     1.4593     100.00   27.49504  -86.81508   -0.00003    0.00002     4.6542     4.6843     4.0848     4.0857    34.9742    34.9724    27.7567    27.7552    1501.00    202.245    203.550         45 0.0000e+00
     111405   4641.840   2760.155   2797.000     4.3413     4.3423   3.401429   3.401350     1.7684     1.4593     100.00   27.49504  -86.81508 9.7311e-07   -0.00001     4.6546     4.6837     4.0845     4.0855    34.9744    34.9724    27.7569    27.7553    1501.00    202.261    203.525         58 0.0000e+00
     111487   4645.257   2759.175   2796.000     4.3410     4.3423   3.401363   3.401314     1.7686     1.4594     100.00   27.49504  -86.81508    0.00005    0.00004     4.6549     4.6837     4.0844     4.0856    34.9743    34.9725    27.7569    27.7553    1501.00    202.273    203.523         75 0.0000e+00
     111569   4648.647   2758.195   2795.000     4.3409     4.3419   3.401308   3.401238     1.7689     1.4599     100.00   27.49504  -86.81508    0.00008    0.00016     4.6557     4.6854     4.0843     4.0853    34.9743    34.9724    27.7569    27.7553    1501.00    202.308    203.599         74 0.0000e+00
     111636   4651.440   2757.214   2794.000     4.3407     4.3418   3.401249   3.401191     1.7691     1.4600      99.98   27.49504  -86.81508    0.00007    0.00003     4.6557     4.6856     4.0843     4.0853    34.9742    34.9724    27.7569    27.7553    1501.00    202.308    203.607         60 0.0000e+00
     111690   4653.692   2756.234   2793.000     4.3406     4.3416   3.401204   3.401143     1.7695     1.4599     100.00   27.49504  -86.81508    0.00012    0.00002     4.6572     4.6844     4.0843     4.0853    34.9743    34.9725    27.7569    27.7554    1501.00    202.372    203.558         54 0.0000e+00
     111756   4656.477   2755.253   2792.000     4.3405     4.3415   3.401162   3.401090     1.7694     1.4602      85.83   27.49504  -86.81508    0.00007    0.00003     4.6561     4.6851     4.0842     4.0853    34.9744    34.9725    27.7570    27.7553    1501.00    202.328    203.587         67 0.0000e+00
     111812   4658.805   2754.273   2791.000     4.3406     4.3415   3.401122   3.401049     1.7695     1.4603      99.64   27.49504  -86.81508   -0.00004    0.00009     4.6559     4.6849     4.0844     4.0854    34.9742    34.9724    27.7568    27.7553    1501.00    202.318    203.579         44 0.0000e+00
     111864   4660.950   2753.292   2790.000     4.3403     4.3413   3.401059   3.400992     1.7697     1.4603     100.00   27.49504  -86.81509    0.00008   -0.00000     4.6560     4.6843     4.0843     4.0853    34.9742    34.9724    27.7568    27.7553    1501.00    202.322    203.551         56 0.0000e+00
     111916   4663.111   2752.312   2789.000     4.3403     4.3413   3.401019   3.400955     1.7697     1.4603     100.00   27.49504  -86.81510    0.00002    0.00002     4.6556     4.6840     4.0844     4.0854    34.9742    34.9724    27.7568    27.7553    1501.00    202.305    203.540         43 0.0000e+00
     111953   4664.664   2751.331   2788.000     4.3402     4.3411   3.400973   3.400900     1.7700     1.4604     100.00   27.49504  -86.81510    0.00009    0.00004     4.6563     4.6838     4.0844     4.0854    34.9742    34.9724    27.7568    27.7553    1501.00    202.335    203.531         34 0.0000e+00
     111985   4665.989   2750.351   2787.000     4.3400     4.3410   3.400926   3.400856     1.7703     1.4604     100.00   27.49504  -86.81510    0.00012    0.00002     4.6570     4.6831     4.0844     4.0854    34.9743    34.9724    27.7569    27.7553    1501.00    202.364    203.499         30 0.0000e+00
     112015   4667.240   2749.370   2786.000     4.3399     4.3409   3.400871   3.400809     1.7703     1.4604      99.71   27.49504  -86.81510    0.00014    0.00001     4.6565     4.6825     4.0843     4.0853    34.9742    34.9725    27.7569    27.7554    1501.00    202.344    203.474         30 0.0000e+00
     112103   4670.912   2746.429   2783.000     4.3395     4.3406   3.400730   3.400671     1.7706     1.4606     100.00   27.49513  -86.81540    0.00007    0.00002     4.6561     4.6819     4.0843     4.0854    34.9743    34.9725    27.7569    27.7554    1501.01    202.327    203.447         30 0.0000e+00
     112133   4672.155   2745.448   2782.000     4.3394     4.3405   3.400679   3.400615     1.7707     1.4612     100.00   27.49504  -86.81510    0.00008    0.00020     4.6557     4.6841     4.0843     4.0853    34.9743    34.9724    27.7569    27.7553    1501.00    202.308    203.545         31 0.0000e+00
     112164   4673.450   2744.468   2781.000     4.3393     4.3403   3.400624   3.400570     1.7708     1.4614      82.51   27.49504  -86.81510    0.00006    0.00031     4.6556     4.6844     4.0843     4.0853    34.9742    34.9725    27.7568    27.7553    1501.00    202.303    203.554         31 0.0000e+00
     112336   4680.618   2738.585   2775.000     4.3387     4.3396   3.400357   3.400289     1.7715     1.4616     100.00   27.49512  -86.81536    0.00011    0.00001     4.6553     4.6818     4.0844     4.0853    34.9744    34.9726    27.7569    27.7555    1501.00    202.291    203.443         30 0.0000e+00
     116645   4860.148   2573.792   2607.000     4.3237     4.3247   3.392647   3.392583     1.7953     1.4835     100.00   27.49588  -86.81780    0.00008    0.00004     4.6602     4.6859     4.0881     4.0891    34.9750    34.9733    27.7571    27.7556    1501.05    202.502    203.620         37 0.0000e+00
     116706   4862.722   2572.810   2606.000     4.3235     4.3244   3.392497   3.392426     1.7954     1.4843      98.77   27.49504  -86.81516    0.00006    0.00022     4.6601     4.6888     4.0880     4.0889    34.9740    34.9722    27.7562    27.7548    1501.00    202.499    203.748         44 0.0000e+00
     116768   4865.306   2571.829   2605.000     4.3233     4.3243   3.392452   3.392377     1.7954     1.4844      99.94   27.49505  -86.81516    0.00004    0.00016     4.6594     4.6886     4.0879     4.0889    34.9740    34.9721    27.7563    27.7547    1501.00    202.467    203.740         59 0.0000e+00
     116840   4868.285   2570.847   2604.000     4.3232     4.3242   3.392395   3.392328     1.7956     1.4844     100.00   27.49505  -86.81516    0.00007   -0.00001     4.6597     4.6883     4.0879     4.0889    34.9740    34.9722    27.7563    27.7547    1501.00    202.483    203.724         71 0.0000e+00
     116911   4871.240   2569.866   2603.000     4.3230     4.3240   3.392341   3.392283     1.7959     1.4846     100.00   27.49505  -86.81516    0.00006    0.00006     4.6604     4.6888     4.0879     4.0888    34.9740    34.9723    27.7563    27.7548    1501.00    202.512    203.748         70 0.0000e+00
     116981   4874.154   2568.885   2602.000     4.3230     4.3240   3.392296   3.392238     1.7961     1.4846      99.98   27.49504  -86.81516    0.00010    0.00003     4.6606     4.6882     4.0879     4.0889    34.9739    34.9722    27.7562    27.7548    1501.00    202.521    203.722         70 0.0000e+00
     117057   4877.316   2567.903   2601.000     4.3231     4.3239   3.392264   3.392200     1.7962     1.4847     100.00   27.49504  -86.81516    0.00002    0.00001     4.6603     4.6878     4.0881     4.0890    34.9739    34.9723    27.7562    27.7548    1501.00    202.508    203.703         76 0.0000e+00
     117761   4906.681   2566.922   2600.000     4.3232     4.3240   3.392233   3.392160     1.7963     1.4847      70.84   27.49505  -86.81517    0.00002    0.00000     4.6601     4.6873     4.0883     4.0891    34.9739    34.9722    27.7562    27.7548    1501.00    202.502    203.683         56 0.0000e+00
     119445   4976.817   2564.960   2598.000     4.3232     4.3242   3.392199   3.392144     1.7966     1.4850     100.00   27.49543  -86.81636    0.00005    0.00007     4.6605     4.6874     4.0885     4.0895    34.9744    34.9727    27.7565    27.7551    1501.02    202.517    203.687         49 0.0000e+00
     119509   4979.485   2563.978   2597.000     4.3231     4.3241   3.392121   3.392047     1.7966     1.4852     100.00   27.49506  -86.81518    0.00006    0.00004     4.6599     4.6877     4.0886     4.0895    34.9740    34.9722    27.7562    27.7547    1501.00    202.490    203.700         49 0.0000e+00
     119565   4981.850   2562.997   2596.000     4.3230     4.3240   3.392071   3.392004     1.7971     1.4851     100.00   27.49506  -86.81518    0.00010    0.00005     4.6614     4.6867     4.0886     4.0896    34.9740    34.9721    27.7562    27.7546    1501.00    202.554    203.657         39 0.0000e+00
     119602   4983.355   2562.015   2595.000     4.3227     4.3237   3.392002   3.391930     1.7971     1.4849     100.00   27.49506  -86.81518    0.00014   -0.00007     4.6607     4.6850     4.0884     4.0893    34.9739    34.9721    27.7561    27.7546    1501.00    202.527    203.582         33 0.0000e+00
     119642   4985.043   2561.034   2594.000     4.3226     4.3235   3.391954   3.391887     1.7973     1.4849     100.00   27.49506  -86.81518    0.00010   -0.00007     4.6609     4.6847     4.0884     4.0893    34.9739    34.9722    27.7561    27.7547    1501.00    202.536    203.569         46 0.0000e+00
     119691   4987.088   2560.053   2593.000     4.3226     4.3235   3.391905   3.391836     1.7972     1.4848      78.03   27.49506  -86.81518    0.00002   -0.00000     4.6601     4.6837     4.0885     4.0894    34.9739    34.9721    27.7561    27.7547    1501.00    202.501    203.526         46 0.0000e+00
     119730   4988.689   2559.071   2592.000     4.3226     4.3234   3.391864   3.391804     1.7973     1.4851     100.29   27.49506  -86.81518    0.00001    0.00002     4.6600     4.6843     4.0886     4.0894    34.9738    34.9722    27.7560    27.7547    1501.00    202.497    203.553         33 0.0000e+00
     119792   4991.280   2557.109   2590.000     4.3223     4.3233   3.391786   3.391724     1.7976     1.4859     100.00   27.49522  -86.81570    0.00006    0.00025     4.6598     4.6870     4.0886     4.0895    34.9741    34.9724    27.7563    27.7548    1501.01    202.486    203.670         33 0.0000e+00
     119826   4992.716   2556.127   2589.000     4.3221     4.3231   3.391718   3.391648     1.7974     1.4860     100.00   27.49506  -86.81518    0.00003    0.00027     4.6586     4.6868     4.0885     4.0895    34.9739    34.9721    27.7562    27.7546    1501.00    202.433    203.659         38 0.0000e+00
     119864   4994.289   2555.146   2588.000     4.3221     4.3230   3.391674   3.391608     1.7974     1.4860     100.00   27.49506  -86.81518   -0.00001    0.00009     4.6580     4.6862     4.0886     4.0895    34.9739    34.9722    27.7561    27.7547    1501.00    202.407    203.633         36 0.0000e+00
