Gulf of Mexico/GOMECC-4/1db/urb2103_0801.cnv
* Sea-Bird SBE 9 Data File:
* FileName = C:\Users\scs.user.rb\CTD\GOMECC4\data\rb2103_0801.hex
* Software Version Seasave V 7.26.7.107
* Temperature SN = 4799
* Conductivity SN = 3860
* Number of Bytes Per Scan = 41
* Number of Voltage Words = 4
* Number of Scans Averaged by the Deck Unit = 1
* NMEA Latitude = 22 16.43 N
* NMEA Longitude = 096 46.23 W
* NMEA UTC (Time) = Oct 06 2021  09:45:19
* NMEA baud rate = 4800
# nquan = 28
# nvalues = 524                         
# units = specified
# name 0 = scan: Scan Count
# name 1 = timeS: Time, Elapsed [seconds]
# name 2 = depSM: Depth [salt water, m]
# name 3 = prDM: Pressure, Digiquartz [db]
# name 4 = t090C: Temperature [ITS-90, deg C]
# name 5 = t190C: Temperature, 2 [ITS-90, deg C]
# name 6 = c0S/m: Conductivity [S/m]
# name 7 = c1S/m: Conductivity, 2 [S/m]
# name 8 = sbeox0V: Oxygen raw, SBE 43 [V]
# name 9 = sbeox1V: Oxygen raw, SBE 43, 2 [V]
# name 10 = altM: Altimeter [m]
# name 11 = latitude: Latitude [deg]
# name 12 = longitude: Longitude [deg]
# name 13 = sbox0dV/dT: Oxygen, SBE 43 [dov/dt]
# name 14 = sbox1dV/dT: Oxygen, SBE 43, 2 [dov/dt]
# name 15 = sbeox0ML/L: Oxygen, SBE 43 [ml/l], WS = 5
# name 16 = sbeox1ML/L: Oxygen, SBE 43, 2 [ml/l], WS = 5
# name 17 = potemp090C: Potential Temperature [ITS-90, deg C]
# name 18 = potemp190C: Potential Temperature, 2 [ITS-90, deg C]
# name 19 = sal00: Salinity, Practical [PSU]
# name 20 = sal11: Salinity, Practical, 2 [PSU]
# name 21 = sigma-é00: Density [sigma-theta, kg/m^3]
# name 22 = sigma-é11: Density, 2 [sigma-theta, kg/m^3]
# name 23 = avgsvCM: Average Sound Velocity [Chen-Millero, m/s], minP = 20, minS = 20
# name 24 = sbox0Mm/Kg: Oxygen, SBE 43 [umol/kg], WS = 5
# name 25 = sbox1Mm/Kg: Oxygen, SBE 43, 2 [umol/kg], WS = 5
# name 26 = nbin: number of scans per bin
# name 27 = flag: flag
# span 0 =      64894,     155916       
# span 1 =   2703.865,   6496.443       
# span 2 =      0.994,   2014.466       
# span 3 =      1.000,   2037.000       
# span 4 =     4.2662,    29.5762       
# span 5 =     4.2668,    29.6147       
# span 6 =   3.341237,   5.975889       
# span 7 =   3.341225,   5.976338       
# span 8 =     1.5711,     3.2217       
# span 9 =     1.2735,     2.7516       
# span 10 =       9.74,     102.03      
# span 11 =   22.24773,   22.52182      
# span 12 =  -97.84783,  -96.65703      
# span 13 =   -0.04603,    0.03950      
# span 14 =   -0.03808,    0.03477      
# span 15 =     2.3908,     4.8936      
# span 16 =     2.4069,     4.8955      
# span 17 =     4.1054,    29.5728      
# span 18 =     4.1063,    29.6113      
# span 19 =    34.9071,    36.4870      
# span 20 =    34.9060,    36.4877      
# span 21 =    22.7236,    27.7539      
# span 22 =    22.7221,    27.7529      
# span 23 =    1494.87,    1513.28      
# span 24 =    103.967,    213.334      
# span 25 =    104.670,    213.415      
# span 26 =         30,         71      
# span 27 = 0.0000e+00, 0.0000e+00      
# interval = decibars: 1                
# start_time = Oct 06 2021 09:45:19 [NMEA time, header]
# bad_flag = -9.990e-29
*END*
[from data line 311]
     125536   5230.637    311.801    314.000    12.0243    12.0299   4.068480   4.069142     1.6295     1.3269     100.00   22.27392  -96.77078    0.00009    0.00017     2.3925     2.4100    11.9828    11.9884    35.5092    35.5103    26.9881    26.9878    1496.63    104.039    104.802         30 0.0000e+00
     125567   5231.914    310.809    313.000    12.0425    12.0383   4.070529   4.070289     1.6296     1.3269     100.00   22.27392  -96.77078    0.00022    0.00030     2.3913     2.4091    12.0012    11.9970    35.5123    35.5139    26.9869    26.9890    1496.63    103.989    104.761         32 0.0000e+00
     125599   5233.268    309.817    312.000    12.0572    12.0607   4.072069   4.072435     1.6300     1.3270     100.00   22.27392  -96.77078    0.00023    0.00023     2.3912     2.4079    12.0160    12.0195    35.5137    35.5140    26.9852    26.9847    1496.63    103.983    104.714         31 0.0000e+00
     125688   5236.957    306.840    309.000    12.1291    12.1370   4.080284   4.081198     1.6319     1.3285     100.00   22.27498  -96.77538    0.00051    0.00041     2.3912     2.4069    12.0881    12.0960    35.5272    35.5286    26.9818    26.9814    1496.70    103.985    104.670         31 0.0000e+00
     125715   5238.095    305.848    308.000    12.1357    12.1417   4.080920   4.081577     1.6320     1.3293     100.00   22.27392  -96.77078    0.00039    0.00050     2.3908     2.4085    12.0948    12.1008    35.5272    35.5279    26.9805    26.9798    1496.63    103.967    104.737         36 0.0000e+00
     125749   5239.510    304.855    307.000    12.1435    12.1599   4.081618   4.083387     1.6330     1.3302     100.00   22.27392  -96.77078    0.00034    0.00052     2.3925     2.4099    12.1027    12.1191    35.5271    35.5286    26.9788    26.9769    1496.63    104.041    104.801         30 0.0000e+00
     125841   5243.340    301.879    304.000    12.2367    12.2465   4.092232   4.092954     1.6363     1.3321     100.01   22.27563  -96.77822    0.00095    0.00053     2.3947     2.4097    12.1962    12.2059    35.5434    35.5445    26.9734    26.9725    1496.74    104.139    104.790         32 0.0000e+00
     125871   5244.573    300.886    303.000    12.2443    12.2476   4.092607   4.093200     1.6370     1.3330     100.00   22.27392  -96.77078    0.00087    0.00056     2.3959     2.4118    12.2038    12.2071    35.5432    35.5426    26.9717    26.9706    1496.63    104.191    104.880         34 0.0000e+00
     126426   5267.709    298.902    301.000    12.3275    12.3447   4.103765   4.105342     1.6415     1.3384     100.05   22.28481  -96.81808    0.00028    0.00018     2.4015     2.4204    12.2872    12.3044    35.5690    35.5729    26.9764    26.9761    1497.36    104.437    105.258         46 0.0000e+00
     127802   5325.045    297.909    300.000    12.3572    12.3544   4.105435   4.105256     1.6424     1.3378     100.00   22.27394  -96.77082   -0.00008   -0.00029     2.4027     2.4184    12.3169    12.3141    35.5595    35.5587    26.9624    26.9623    1496.63    104.486    105.171         47 0.0000e+00
     127859   5327.411    295.925    298.000    12.3578    12.3675   4.105796   4.106814     1.6426     1.3386     100.01   22.27636  -96.78132   -0.00013 -9.515e-07     2.4024     2.4193    12.3178    12.3275    35.5633    35.5640    26.9654    26.9640    1496.79    104.473    105.210         33 0.0000e+00
     127881   5328.328    294.932    297.000    12.3687    12.3842   4.106700   4.108195     1.6433     1.3394     100.00   22.27394  -96.77082    0.00021    0.00066     2.4035     2.4203    12.3288    12.3442    35.5614    35.5612    26.9615    26.9583    1496.63    104.521    105.252         39 0.0000e+00
     128030   5334.534    289.971    292.000    12.5078    12.5265   4.122447   4.124431     1.6482     1.3443     100.00   22.27469  -96.77410    0.00091    0.00092     2.4064     2.4246    12.4683    12.4869    35.5844    35.5859    26.9521    26.9495    1496.68    104.651    105.443         32 0.0000e+00
     128060   5335.802    288.978    291.000    12.5221    12.5453   4.123905   4.126216     1.6496     1.3447     100.00   22.27394  -96.77084    0.00105    0.00070     2.4089     2.4244    12.4827    12.5058    35.5852    35.5856    26.9497    26.9455    1496.63    104.760    105.430         39 0.0000e+00
     128099   5337.402    287.986    290.000    12.5483    12.5670   4.126534   4.128715     1.6506     1.3456     100.00   22.27394  -96.77084    0.00088    0.00052     2.4098     2.4256    12.5089    12.5281    35.5871    35.5897    26.9461    26.9444    1496.63    104.797    105.485         33 0.0000e+00
     128230   5342.891    284.016    286.000    12.6356    12.6573   4.137023   4.139420     1.6555     1.3504     100.02   22.27774  -96.78736    0.00114    0.00100     2.4161     2.4326    12.5966    12.6183    35.6079    35.6105    26.9452    26.9429    1496.89    105.071    105.790         46 0.0000e+00
     128253   5343.837    283.024    285.000    12.6335    12.6541   4.136363   4.138524     1.6566     1.3509     100.00   22.27394  -96.77084    0.00087    0.00073     2.4187     2.4340    12.5946    12.6152    35.6026    35.6040    26.9411    26.9381    1496.63    105.184    105.851         38 0.0000e+00
     128374   5348.883    279.055    281.000    12.8003    12.8233   4.155640   4.158128     1.6610     1.3549     100.01   22.27719  -96.78494    0.00118    0.00095     2.4192     2.4343    12.7616    12.7846    35.6334    35.6356    26.9320    26.9291    1496.85    105.207    105.864         40 0.0000e+00
     128398   5349.886    278.062    280.000    12.7711    12.7943   4.151822   4.153908     1.6612     1.3553     100.00   22.27394  -96.77084    0.00079    0.00044     2.4211     2.4371    12.7327    12.7559    35.6235    35.6263    26.9299    26.9274    1496.63    105.290    105.987         40 0.0000e+00
     128557   5356.487    273.100    275.000    13.0474    13.0792   4.183494   4.186922     1.6671     1.3601     100.01   22.27640  -96.78154    0.00114    0.00063     2.4184     2.4329    13.0092    13.0409    35.6692    35.6722    26.9099    26.9058    1496.80    105.176    105.805         38 0.0000e+00
     128581   5357.483    272.108    274.000    13.0646    13.0911   4.185092   4.187963     1.6672     1.3602     100.00   22.27394  -96.77085    0.00067    0.00041     2.4178     2.4322    13.0265    13.0528    35.6678    35.6707    26.9051    26.9020    1496.63    105.148    105.777         36 0.0000e+00
     128675   5361.396    269.130    271.000    13.1729    13.1845   4.197650   4.198899     1.6703     1.3624     100.01   22.27565  -96.77837    0.00084    0.00061     2.4185     2.4322    13.1350    13.1466    35.6879    35.6889    26.8988    26.8972    1496.75    105.181    105.777         30 0.0000e+00
     128696   5362.286    268.138    270.000    13.1815    13.1915   4.198451   4.199436     1.6709     1.3635     100.00   22.27394  -96.77086    0.00089    0.00075     2.4191     2.4347    13.1437    13.1537    35.6873    35.6873    26.8964    26.8944    1496.63    105.207    105.885         32 0.0000e+00
     128726   5363.552    267.145    269.000    13.1871    13.1987   4.199090   4.200296     1.6716     1.3639      52.76   22.27394  -96.77086    0.00068    0.00067     2.4202     2.4349    13.1494    13.1610    35.6885    35.6892    26.8962    26.8943    1496.63    105.256    105.896         30 0.0000e+00
     128758   5364.883    266.153    268.000    13.2144    13.2392   4.201973   4.204571     1.6722     1.3647      88.00   22.27394  -96.77086    0.00048    0.00053     2.4201     2.4347    13.1768    13.2016    35.6908    35.6922    26.8924    26.8884    1496.63    105.251    105.888         35 0.0000e+00
     128795   5366.416    265.160    267.000    13.2654    13.2791   4.207416   4.209013     1.6733     1.3666     100.48   22.27394  -96.77086    0.00058    0.00069     2.4197     2.4374    13.2279    13.2423    35.6954    35.6982    26.8855    26.8851    1496.63    105.235    106.003         34 0.0000e+00
     128920   5371.628    261.191    263.000    13.4337    13.4408   4.227298   4.228051     1.6813     1.3741     100.01   22.27620  -96.78068    0.00193    0.00166     2.4288     2.4479    13.3964    13.4035    35.7284    35.7289    26.8766    26.8756    1496.78    105.632    106.464         37 0.0000e+00
     128944   5372.634    260.198    262.000    13.4461    13.4573   4.228197   4.229322     1.6836     1.3756     100.00   22.27394  -96.77086    0.00191    0.00147     2.4337     2.4507    13.4089    13.4201    35.7248    35.7250    26.8711    26.8689    1496.63    105.846    106.585         36 0.0000e+00
     128978   5374.021    259.206    261.000    13.4741    13.4962   4.231644   4.233937     1.6848     1.3770     100.00   22.27394  -96.77086    0.00143    0.00109     2.4348     2.4521    13.4370    13.4590    35.7306    35.7327    26.8698    26.8668    1496.63    105.894    106.647         30 0.0000e+00
     129069   5377.842    256.228    258.000    13.5590    13.5834   4.241551   4.243889     1.6884     1.3803     100.01   22.27585  -96.77926    0.00098    0.00090     2.4380     2.4554    13.5222    13.5465    35.7478    35.7470    26.8656    26.8600    1496.76    106.034    106.791         31 0.0000e+00
     129092   5378.780    255.236    257.000    13.5981    13.6138   4.245543   4.247256     1.6908     1.3823     100.00   22.27392  -96.77086    0.00132    0.00110     2.4417     2.4591    13.5613    13.5771    35.7486    35.7502    26.8580    26.8559    1496.63    106.193    106.951         36 0.0000e+00
     129126   5380.211    254.243    256.000    13.6024    13.6325   4.246248   4.249395     1.6925     1.3836      83.88   22.27394  -96.77086    0.00153    0.00134     2.4453     2.4613    13.5658    13.5958    35.7517    35.7531    26.8594    26.8543    1496.63    106.353    107.046         32 0.0000e+00
     129157   5381.516    253.250    255.000    13.6386    13.6551   4.250340   4.252117     1.6939     1.3847      78.06   22.27393  -96.77086    0.00132    0.00106     2.4464     2.4628    13.6021    13.6185    35.7568    35.7582    26.8558    26.8534    1496.63    106.398    107.113         31 0.0000e+00
     129287   5386.910    249.280    251.000    13.8035    13.8464   4.269589   4.273872     1.6998     1.3896      64.53   22.27641  -96.78159    0.00140    0.00087     2.4504     2.4641    13.7672    13.8101    35.7865    35.7867    26.8445    26.8356    1496.80    106.575    107.171         38 0.0000e+00
     129310   5387.891    248.288    250.000    13.8436    13.8781   4.273334   4.277352     1.6997     1.3897     101.35   22.27394  -96.77086    0.00074    0.00057     2.4478     2.4624    13.8074    13.8418    35.7844    35.7892    26.8342    26.8307    1496.63    106.464    107.099         35 0.0000e+00
     129393   5391.323    245.310    247.000    13.9547    13.9592   4.286572   4.286967     1.7032     1.3919     100.00   22.27336  -96.76843    0.00099    0.00070     2.4491     2.4630    13.9188    13.9232    35.8052    35.8048    26.8268    26.8256    1496.59    106.521    107.122         31 0.0000e+00
     129491   5395.427    242.332    244.000    14.0374    14.0448   4.296045   4.296789     1.7062     1.3954     100.00   22.27448  -96.77328    0.00073    0.00087     2.4509     2.4668    14.0017    14.0091    35.8185    35.8186    26.8197    26.8181    1496.67    106.597    107.289         37 0.0000e+00
     129523   5396.750    241.340    243.000    14.0839    14.0946   4.301091   4.302403     1.7085     1.3979     100.00   22.27392  -96.77086    0.00124    0.00132     2.4538     2.4706    14.0483    14.0591    35.8225    35.8248    26.8128    26.8123    1496.63    106.726    107.454         32 0.0000e+00
     129607   5400.270    238.362    240.000    14.1961    14.2128   4.314500   4.316257     1.7192     1.4099     100.00   22.27426  -96.77233    0.00296    0.00329     2.4728     2.4957    14.1608    14.1775    35.8447    35.8454    26.8060    26.8030    1496.65    107.551    108.551         30 0.0000e+00
     129639   5401.569    237.369    239.000    14.2198    14.2468   4.317114   4.319967     1.7238     1.4137     100.00   22.27392  -96.77086    0.00336    0.00358     2.4827     2.5036    14.1846    14.2115    35.8472    35.8487    26.8028    26.7982    1496.63    107.981    108.895         37 0.0000e+00
     129675   5403.073    236.377    238.000    14.2591    14.2818   4.321248   4.323863     1.7271     1.4167      68.71   22.27392  -96.77086    0.00311    0.00289     2.4883     2.5097    14.2240    14.2466    35.8496    35.8529    26.7962    26.7939    1496.63    108.229    109.156         33 0.0000e+00
     129770   5407.060    233.399    235.000    14.3125    14.3264   4.328018   4.329425     1.7319     1.4202     100.01   22.27623  -96.78089    0.00142    0.00112     2.4960     2.5155    14.2777    14.2916    35.8651    35.8653    26.7970    26.7942    1496.79    108.561    109.412         31 0.0000e+00
     129792   5407.948    232.406    234.000    14.3303    14.3442   4.329617   4.331034     1.7331     1.4211      93.05   22.27392  -96.77086    0.00115    0.00087     2.4977     2.5169    14.2956    14.3102    35.8629    35.8636    26.7912    26.7889    1496.63    108.638    109.472         38 0.0000e+00
     129826   5409.384    231.414    233.000    14.3578    14.3736   4.332868   4.334465     1.7348     1.4230      79.72   22.27392  -96.77086    0.00101    0.00078     2.5000     2.5198    14.3232    14.3390    35.8681    35.8682    26.7892    26.7859    1496.63    108.738    109.598         30 0.0000e+00
     129926   5413.533    228.436    230.000    14.4469    14.4608   4.343311   4.345037     1.7401     1.4263     100.01   22.27654  -96.78226    0.00134    0.00098     2.5065     2.5227    14.4127    14.4266    35.8845    35.8876    26.7829    26.7823    1496.81    109.021    109.725         32 0.0000e+00
     129944   5414.277    227.443    229.000    14.4749    14.5015   4.346364   4.349229     1.7414     1.4275     100.00   22.27392  -96.77086    0.00137    0.00088     2.5081     2.5234    14.4407    14.4674    35.8862    35.8880    26.7779    26.7735    1496.63    109.090    109.759         35 0.0000e+00
     129977   5415.682    226.450    228.000    14.5064    14.5224   4.350042   4.351723     1.7427     1.4279     100.00   22.27392  -96.77086    0.00120    0.00075     2.5092     2.5230    14.4724    14.4883    35.8914    35.8922    26.7751    26.7722    1496.63    109.139    109.740         31 0.0000e+00
     130008   5416.956    225.458    227.000    14.5339    14.5443   4.353085   4.354292     1.7436     1.4281     100.00   22.27392  -96.77086    0.00095    0.00041     2.5096     2.5221    14.4999    14.5104    35.8946    35.8960    26.7715    26.7704    1496.63    109.155    109.701         30 0.0000e+00
     130114   5421.372    222.480    224.000    14.6193    14.6443   4.363301   4.365969     1.7442     1.4295      82.92   22.27759  -96.78681    0.00013    0.00031     2.5051     2.5192    14.5857    14.6106    35.9126    35.9141    26.7672    26.7630    1496.88    108.960    109.577         34 0.0000e+00
     130128   5421.971    221.487    223.000    14.6519    14.6676   4.366334   4.368460     1.7438     1.4288     100.15   22.27392  -96.77087    0.00010    0.00013     2.5020     2.5159    14.6184    14.6340    35.9093    35.9144    26.7572    26.7577    1496.63    108.828    109.434         37 0.0000e+00
     130226   5426.057    218.509    220.000    14.7625    14.7860   4.379404   4.382375     1.7431     1.4270      79.33   22.27595  -96.77969   -0.00026   -0.00050     2.4925     2.5038    14.7292    14.7528    35.9327    35.9344    26.7512    26.7473    1496.77    108.417    108.905         30 0.0000e+00
