Gulf of Mexico/GOMECC-4/1db/urb2103_0381.cnv
* Sea-Bird SBE 9 Data File:
* FileName = C:\Users\scs.user.rb\CTD\GOMECC4\data\rb2103_0381.hex
* Software Version Seasave V 7.26.7.107
* Temperature SN = 4799
* Conductivity SN = 3860
* Number of Bytes Per Scan = 41
* Number of Voltage Words = 4
* Number of Scans Averaged by the Deck Unit = 1
* NMEA Latitude = 27 35.06 N
* NMEA Longitude = 089 59.95 W
* NMEA UTC (Time) = Sep 25 2021  13:55:17
* NMEA baud rate = 4800
# nquan = 28
# nvalues = 331                         
# units = specified
# name 0 = scan: Scan Count
# name 1 = timeS: Time, Elapsed [seconds]
# name 2 = depSM: Depth [salt water, m]
# name 3 = prDM: Pressure, Digiquartz [db]
# name 4 = t090C: Temperature [ITS-90, deg C]
# name 5 = t190C: Temperature, 2 [ITS-90, deg C]
# name 6 = c0S/m: Conductivity [S/m]
# name 7 = c1S/m: Conductivity, 2 [S/m]
# name 8 = sbeox0V: Oxygen raw, SBE 43 [V]
# name 9 = sbeox1V: Oxygen raw, SBE 43, 2 [V]
# name 10 = altM: Altimeter [m]
# name 11 = latitude: Latitude [deg]
# name 12 = longitude: Longitude [deg]
# name 13 = sbox0dV/dT: Oxygen, SBE 43 [dov/dt]
# name 14 = sbox1dV/dT: Oxygen, SBE 43, 2 [dov/dt]
# name 15 = sbeox0ML/L: Oxygen, SBE 43 [ml/l], WS = 5
# name 16 = sbeox1ML/L: Oxygen, SBE 43, 2 [ml/l], WS = 5
# name 17 = potemp090C: Potential Temperature [ITS-90, deg C]
# name 18 = potemp190C: Potential Temperature, 2 [ITS-90, deg C]
# name 19 = sal00: Salinity, Practical [PSU]
# name 20 = sal11: Salinity, Practical, 2 [PSU]
# name 21 = sigma-é00: Density [sigma-theta, kg/m^3]
# name 22 = sigma-é11: Density, 2 [sigma-theta, kg/m^3]
# name 23 = avgsvCM: Average Sound Velocity [Chen-Millero, m/s], minP = 20, minS = 20
# name 24 = sbox0Mm/Kg: Oxygen, SBE 43 [umol/kg], WS = 5
# name 25 = sbox1Mm/Kg: Oxygen, SBE 43, 2 [umol/kg], WS = 5
# name 26 = nbin: number of scans per bin
# name 27 = flag: flag
# span 0 =      57053,     119433       
# span 1 =   2377.149,   4976.331       
# span 2 =      3.974,   1232.081       
# span 3 =      4.000,   1244.000       
# span 4 =     4.5044,    28.9042       
# span 5 =     4.5047,    28.9048       
# span 6 =   3.352036,   5.930229       
# span 7 =   3.351967,   5.930404       
# span 8 =     1.6094,     3.1668       
# span 9 =     1.3138,     2.6931       
# span 10 =      10.43,     102.95      
# span 11 =   27.54458,   27.98912      
# span 12 =  -91.25569,  -89.81925      
# span 13 =   -0.03401,    0.01780      
# span 14 =   -0.03407,    0.01876      
# span 15 =     2.5713,     4.6768      
# span 16 =     2.5950,     4.7062      
# span 17 =     4.4029,    28.9027      
# span 18 =     4.4032,    28.9034      
# span 19 =    34.8998,    36.7026      
# span 20 =    34.8994,    36.7034      
# span 21 =    23.1265,    27.7109      
# span 22 =    23.1258,    27.7100      
# span 23 =    1497.39,    1521.34      
# span 24 =    111.854,    203.823      
# span 25 =    112.882,    205.105      
# span 26 =         30,         66      
# span 27 = 0.0000e+00, 0.0000e+00      
# interval = decibars: 1                
# start_time = Sep 25 2021 13:55:17 [NMEA time, header]
# bad_flag = -9.990e-29
*END*
[from data line 208]
      92362   3848.372    240.257    242.000    15.1671    15.1502   4.428364   4.426327     1.8364     1.5160     100.00   27.59681  -89.99446   -0.00163   -0.00188     2.7029     2.7260    15.1299    15.1129    35.9946    35.9916    26.7102    26.7117    1500.32    117.570    118.577         32 0.0000e+00
      92494   3853.889    235.296    237.000    15.2378    15.2206   4.436657   4.434665     1.8287     1.5099     100.00   27.59951  -90.00315   -0.00135   -0.00136     2.6781     2.7040    15.2012    15.1840    36.0082    36.0059    26.7050    26.7070    1500.46    116.493    117.621         33 0.0000e+00
      92626   3859.394    230.335    232.000    15.3586    15.3451   4.450649   4.449191     1.8116     1.4925     100.00   27.60046  -90.00617   -0.00336   -0.00363     2.6280     2.6494    15.3225    15.3091    36.0269    36.0260    26.6923    26.6946    1500.51    114.313    115.246         31 0.0000e+00
      92774   3865.561    224.381    226.000    15.5072    15.4888   4.467781   4.465537     1.7961     1.4778     100.00   27.59780  -89.99742   -0.00182   -0.00233     2.5801     2.6006    15.4719    15.4535    36.0474    36.0434    26.6742    26.6753    1500.37    112.231    113.127         31 0.0000e+00
      92906   3871.034    219.420    221.000    15.7252    15.6791   4.493528   4.487994     1.7985     1.4803     100.00   27.59809  -89.99825    0.00081    0.00062     2.5713     2.5950    15.6903    15.6443    36.0825    36.0747    26.6517    26.6562    1500.38    111.854    112.882         32 0.0000e+00
      93011   3875.401    215.450    217.000    15.9250    15.9177   4.517132   4.516195     1.8119     1.4953     100.00   27.59984  -90.00389    0.00329    0.00304     2.5903     2.6195    15.8904    15.8831    36.1145    36.1128    26.6307    26.6311    1500.47    112.683    113.951         30 0.0000e+00
      93037   3876.507    214.458    216.000    15.9433    15.9101   4.519065   4.515075     1.8161     1.4975     100.00   27.59832  -89.99892    0.00390    0.00469     2.5989     2.6252    15.9089    15.8758    36.1150    36.1095    26.6267    26.6300    1500.39    113.058    114.199         32 0.0000e+00
      93166   3881.862    209.496    211.000    16.0492    16.0194   4.531338   4.527857     1.8292     1.5088     100.00   27.59840  -89.99910    0.00248    0.00300     2.6224     2.6463    16.0154    15.9857    36.1305    36.1264    26.6140    26.6178    1500.39    114.079    115.120         30 0.0000e+00
      93320   3888.305    203.542    205.000    16.2914    16.2120   4.560166   4.550618     1.8520     1.5290     100.00   27.59877  -90.00019    0.00454    0.00398     2.6597     2.6861    16.2583    16.1790    36.1699    36.1570    26.5881    26.5966    1500.41    115.705    116.854         31 0.0000e+00
      93453   3893.819    198.580    200.000    16.5219    16.5143   4.587411   4.586502     1.8804     1.5564     100.00   27.59977  -90.00339    0.00584    0.00605     2.7110     2.7372    16.4892    16.4817    36.2051    36.2039    26.5611    26.5620    1500.46    117.940    119.083         31 0.0000e+00
      93479   3894.932    197.587    199.000    16.5246    16.4823   4.587641   4.582607     1.8857     1.5602     100.00   27.59840  -89.99891    0.00557    0.00554     2.7228     2.7487    16.4921    16.4499    36.2045    36.1982    26.5598    26.5650    1500.39    118.455    119.580         31 0.0000e+00
      93658   3902.362    190.640    192.000    16.9506    16.8565   4.638554   4.627616     1.9726     1.6312      54.41   27.59702  -89.99427    0.01712    0.01083     2.8960     2.9048    16.9187    16.8247    36.2705    36.2593    26.5092    26.5231    1500.31    125.995    126.378         30 0.0000e+00
      93763   3906.741    186.670    188.000    17.1941    17.1514   4.668029   4.663338     2.0132     1.6742      99.99   27.59707  -89.99436    0.00964    0.01046     2.9726     2.9939    17.1625    17.1199    36.3108    36.3082    26.4815    26.4898    1500.31    129.329    130.255         32 0.0000e+00
      93889   3912.009    182.701    184.000    17.3513    17.3426   4.687072   4.685938     2.0179     1.6790     100.02   27.60457  -90.01877    0.00086    0.00095     2.9715     2.9928    17.3202    17.3115    36.3401    36.3380    26.4666    26.4672    1500.72    129.288    130.211         32 0.0000e+00
      93903   3912.590    181.708    183.000    17.3342    17.3165   4.684360   4.682240     2.0172     1.6776     100.00   27.59849  -89.99890   -0.00050   -0.00119     2.9708     2.9905    17.3033    17.2857    36.3298    36.3271    26.4622    26.4644    1500.39    129.256    130.112         34 0.0000e+00
      94013   3917.175    177.738    179.000    17.6285    17.6071   4.720110   4.717689     2.0412     1.7027     100.01   27.60238  -90.01154    0.00627    0.00691     3.0052     3.0337    17.5979    17.5766    36.3793    36.3774    26.4287    26.4325    1500.60    130.756    131.998         35 0.0000e+00
      94033   3918.019    176.746    178.000    17.6391    17.6206   4.720991   4.718709     2.0480     1.7078     100.00   27.59852  -89.99891    0.00764    0.00734     3.0195     3.0453    17.6087    17.5902    36.3761    36.3730    26.4232    26.4254    1500.39    131.381    132.503         30 0.0000e+00
      94321   3929.993    165.827    167.000    18.5748    18.5243   4.832883   4.827340     2.1201     1.7698     100.00   27.59897  -90.00019    0.00808    0.00642     3.1160     3.1374    18.5452    18.4948    36.5058    36.5035    26.2890    26.2999    1500.41    135.598    136.527         32 0.0000e+00
      94429   3934.490    161.857    163.000    18.6307    18.6377   4.837186   4.838800     2.1122     1.7658     100.00   27.59970  -90.00251   -0.00085   -0.00026     3.0909     3.1195    18.6018    18.6087    36.4959    36.5011    26.2671    26.2693    1500.45    134.506    135.751         37 0.0000e+00
      94550   3939.545    156.894    158.000    18.6727    18.6648   4.837935   4.837051     1.9568     1.6170      99.99   27.59647  -89.99186   -0.03401   -0.03407     2.7451     2.7544    18.6446    18.6368    36.4644    36.4638    26.2317    26.2332    1500.27    119.461    119.865         40 0.0000e+00
      94773   3948.831    153.916    155.000    18.7960    18.8165   4.853351   4.855790     1.9225     1.5871      97.70   27.62334  -90.07943   -0.00741   -0.00610     2.6592     2.6711    18.7683    18.7888    36.4944    36.4970    26.2250    26.2218    1501.73    115.728    116.243         35 0.0000e+00
      94970   3957.044    151.931    153.000    18.8609    18.8747   4.859424   4.861119     1.9105     1.5837      99.99   27.59525  -89.98761    0.00091    0.00145     2.6303     2.6606    18.8335    18.8473    36.4811    36.4833    26.1961    26.1943    1500.20    114.472    115.789         50 0.0000e+00
      95249   3968.660    149.946    151.000    18.9716    19.0573   4.874092   4.884674     1.9396     1.6336     100.02   27.60379  -90.01532    0.00132    0.00463     2.6875     2.7722    18.9445    19.0301    36.5116    36.5281    26.1919    26.1825    1500.66    116.959    120.649         58 0.0000e+00
      95568   3981.963    148.953    150.000    19.1131    19.1480   4.891661   4.896116     1.9942     1.6750     100.00   27.59883  -89.99892    0.00540    0.00725     2.7991     2.8645    19.0860    19.1209    36.5328    36.5391    26.1711    26.1669    1500.39    121.819    124.668         36 0.0000e+00
      96327   4013.572    145.975    147.000    19.3190    19.3148   4.917064   4.916353     2.0623     1.7228      99.99   27.59719  -89.99305    0.00596    0.00683     2.9350     2.9691    19.2922    19.2880    36.5649    36.5627    26.1420    26.1414    1500.29    127.738    129.221         31 0.0000e+00
      96479   4019.905    140.018    141.000    19.7922    19.8166   4.973943   4.976430     2.1345     1.7937     100.00   27.59794  -89.99539    0.01219    0.01354     3.0605     3.1064    19.7661    19.7905    36.6261    36.6254    26.0646    26.0576    1500.33    133.209    135.210         30 0.0000e+00
      96826   4034.385    123.142    124.000    20.4892    20.5080   5.034338   5.035273     2.1729     1.8178      99.89   27.56931  -89.90173    0.00150    0.00134     3.0960     3.1185    20.4657    20.4845    36.5100    36.5014    25.7856    25.7739    1498.77    134.786    135.770         30 0.0000e+00
      97081   4044.983    122.149    123.000    20.5530    20.5330   5.045209   5.043170     2.1832     1.8262     100.00   27.59915  -89.99894    0.00344    0.00337     3.1129     3.1361    20.5296    20.5097    36.5582    36.5588    25.8088    25.8147    1500.39    135.525    136.532         36 0.0000e+00
      97205   4050.169    121.157    122.000    20.6267    20.6336   5.047963   5.048914     2.1956     1.8393      95.15   27.59918  -89.99894    0.00350    0.00301     3.1354     3.1611    20.6035    20.6104    36.5174    36.5193    25.7577    25.7573    1500.39    136.512    137.631         39 0.0000e+00
      97337   4055.660    120.164    121.000    20.6413    20.6527   5.048205   5.047613     2.2040     1.8471      91.65   27.59920  -89.99894    0.00178    0.00134     3.1521     3.1783    20.6183    20.6296    36.5072    36.4926    25.7460    25.7317    1500.39    137.237    138.383         40 0.0000e+00
      97854   4077.223    119.171    120.000    20.6492    20.6542   5.044604   5.043952     2.2164     1.8591      93.88   27.59931  -89.99894    0.00067    0.00062     3.1841     3.2066    20.6264    20.6313    36.4646    36.4619    25.7112    25.7079    1500.39    138.636    139.618         50 0.0000e+00
      98768   4115.281    118.178    119.000    20.6480    20.6514   5.041357   5.041690     2.2255     1.8672     100.56   27.59950  -89.99896    0.00056    0.00033     3.1972     3.2255    20.6253    20.6287    36.4472    36.4463    25.6983    25.6967    1500.39    139.211    140.443         48 0.0000e+00
      98741   4114.173    117.185    118.000    20.6527    20.6525   5.041334   5.041318     2.2254     1.8650      83.34   27.59949  -89.99896    0.00075    0.00002     3.1968     3.2199    20.6302    20.6300    36.4427    36.4427    25.6935    25.6936    1500.39    139.195    140.200         48 0.0000e+00
      98791   4116.244    116.193    117.000    20.6707    20.6606   5.042720   5.041688     2.2293     1.8686      98.08   27.59950  -89.99896    0.00097    0.00028     3.2038     3.2276    20.6484    20.6383    36.4388    36.4391    25.6856    25.6886    1500.39    139.499    140.534         51 0.0000e+00
      98844   4118.463    115.200    116.000    20.6902    20.6782   5.045078   5.043589     2.2350     1.8719     100.02   27.59952  -89.99898    0.00258    0.00192     3.2142     3.2338    20.6680    20.6561    36.4416    36.4398    25.6824    25.6843    1500.39    139.953    140.805         54 0.0000e+00
      98896   4120.629    114.207    115.000    20.7231    20.7201   5.049039   5.048347     2.2389     1.8764      99.97   27.59952  -89.99896    0.00185    0.00157     3.2199     3.2412    20.7011    20.6982    36.4459    36.4429    25.6767    25.6752    1500.39    140.202    141.130         51 0.0000e+00
      98948   4122.778    113.214    114.000    20.8184    20.8219   5.060810   5.061333     2.2473     1.8868     100.00   27.59954  -89.99898    0.00286    0.00346     3.2311     3.2587    20.7965    20.8001    36.4601    36.4613    25.6615    25.6615    1500.39    140.691    141.894         52 0.0000e+00
      99002   4125.057    112.221    113.000    21.0243    20.9721   5.088534   5.080366     2.2629     1.8987      70.89   27.59954  -89.99898    0.00560    0.00557     3.2527     3.2764    21.0028    20.9504    36.5080    36.4870    25.6417    25.6400    1500.39    141.635    142.668         55 0.0000e+00
      99053   4127.171    111.228    112.000    21.3116    21.2454   5.128389   5.119361     2.2826     1.9109      94.31   27.59956  -89.99898    0.00819    0.00465     3.2711     3.2865    21.2898    21.2236    36.5838    36.5678    25.6203    25.6264    1500.39    142.440    143.109         52 0.0000e+00
      99112   4129.632    110.236    111.000    21.5711    21.4194   5.163333   5.142983     2.3101     1.9349     100.20   27.59958  -89.99898    0.01089    0.00968     3.3105     3.3302    21.5493    21.3977    36.6428    36.6094    25.5932    25.6100    1500.39    144.159    145.012         59 0.0000e+00
      99162   4131.704    109.243    110.000    21.8307    21.7537   5.196708   5.185052     2.3313     1.9476      55.58   27.59958  -89.99898    0.01023    0.00644     3.3368     3.3376    21.8089    21.7319    36.6882    36.6608    25.5551    25.5558    1500.39    145.307    145.343         44 0.0000e+00
      99212   4133.810    108.250    109.000    21.9089    21.8920   5.206850   5.204559     2.3600     1.9831      97.52   27.59959  -89.99898    0.01198    0.01189     3.3841     3.4099    21.8883    21.8704    36.7017    36.6972    25.5430    25.5446    1500.39    147.370    148.494         63 0.0000e+00
      99278   4136.541    107.257    108.000    21.8905    21.8417   5.203566   5.198064     2.3769     1.9928     100.00   27.59961  -89.99898    0.01018    0.00955     3.4269     3.4339    21.8699    21.8202    36.6935    36.6905    25.5420    25.5536    1500.39    149.235    149.537         48 0.0000e+00
      99320   4138.311    106.264    107.000    21.9100    21.9109   5.200810   5.201303     2.3858     2.0024     100.00   27.59962  -89.99898    0.00411    0.00208     3.4458     3.4527    21.8888    21.8897    36.6468    36.6548    25.5011    25.5069    1500.39    150.062    150.364         41 0.0000e+00
      99371   4140.402    105.271    106.000    21.8795    21.8898   5.190248   5.192862     2.4193     2.0445     100.00   27.59962  -89.99898    0.01105    0.01345     3.5104     3.5497    21.8585    21.8688    36.6007    36.6092    25.4745    25.4782    1500.39    152.881    154.593         61 0.0000e+00
      99438   4143.216    104.278    105.000    21.8433    21.8940   5.184350   5.194193     2.4543     2.0635     100.00   27.59964  -89.99898    0.01420    0.01231     3.5901     3.5927    21.8225    21.8732    36.5808    36.6189    25.4695    25.4843    1500.39    156.352    156.463         62 0.0000e+00
      99533   4147.158    103.285    104.000    21.7435    21.8112   5.161178   5.176509     2.4751     2.0840     100.00   27.59966  -89.99898    0.00570    0.00710     3.6252     3.6228    21.7215    21.7909    36.4980    36.5467    25.4348    25.4527    1500.39    157.885    157.778         60 0.0000e+00
      99590   4149.545    101.300    102.000    21.5171    21.5534   5.113790   5.116067     2.5618     2.1929      99.80   27.54458  -89.81925    0.00702    0.00393     3.8369     3.9150    21.4971    21.5334    36.2689    36.2562    25.3157    25.2960    1497.39    167.115    170.522         33 0.0000e+00
     100618   4192.359     99.314    100.000    21.9743    21.9719   5.175473   5.175361     2.6270     2.2271      93.72   27.62601  -90.08428   -0.00020   -0.00162     3.9407     3.9622    21.9544    21.9520    36.4149    36.4132    25.3098    25.3088    1501.81    171.651    172.586         46 0.0000e+00
     101322   4221.711     98.321     99.000    22.0457    22.0509   5.180384   5.180747     2.6454     2.2502      99.94   27.60001  -89.99898    0.00324    0.00411     3.9727     4.0083    22.0259    22.0312    36.3809    36.3793    25.2602    25.2575    1500.39    173.050    174.599         44 0.0000e+00
