Gulf of Mexico/GOMECC-4/1db/urb2103_0871.cnv
* Sea-Bird SBE 9 Data File:
* FileName = C:\Users\scs.user.rb\CTD\GOMECC4\data\rb2103_0871.hex
* Software Version Seasave V 7.26.7.107
* Temperature SN = 4799
* Conductivity SN = 3860
* Number of Bytes Per Scan = 41
* Number of Voltage Words = 4
* Number of Scans Averaged by the Deck Unit = 1
* NMEA Latitude = 19 36.52 N
* NMEA Longitude = 093 30.02 W
* NMEA UTC (Time) = Oct 08 2021  13:21:27
* NMEA baud rate = 4800
# nquan = 28
# nvalues = 218                         
# units = specified
# name 0 = scan: Scan Count
# name 1 = timeS: Time, Elapsed [seconds]
# name 2 = depSM: Depth [salt water, m]
# name 3 = prDM: Pressure, Digiquartz [db]
# name 4 = t090C: Temperature [ITS-90, deg C]
# name 5 = t190C: Temperature, 2 [ITS-90, deg C]
# name 6 = c0S/m: Conductivity [S/m]
# name 7 = c1S/m: Conductivity, 2 [S/m]
# name 8 = sbeox0V: Oxygen raw, SBE 43 [V]
# name 9 = sbeox1V: Oxygen raw, SBE 43, 2 [V]
# name 10 = altM: Altimeter [m]
# name 11 = latitude: Latitude [deg]
# name 12 = longitude: Longitude [deg]
# name 13 = sbox0dV/dT: Oxygen, SBE 43 [dov/dt]
# name 14 = sbox1dV/dT: Oxygen, SBE 43, 2 [dov/dt]
# name 15 = sbeox0ML/L: Oxygen, SBE 43 [ml/l], WS = 5
# name 16 = sbeox1ML/L: Oxygen, SBE 43, 2 [ml/l], WS = 5
# name 17 = potemp090C: Potential Temperature [ITS-90, deg C]
# name 18 = potemp190C: Potential Temperature, 2 [ITS-90, deg C]
# name 19 = sal00: Salinity, Practical [PSU]
# name 20 = sal11: Salinity, Practical, 2 [PSU]
# name 21 = sigma-é00: Density [sigma-theta, kg/m^3]
# name 22 = sigma-é11: Density, 2 [sigma-theta, kg/m^3]
# name 23 = avgsvCM: Average Sound Velocity [Chen-Millero, m/s], minP = 20, minS = 20
# name 24 = sbox0Mm/Kg: Oxygen, SBE 43 [umol/kg], WS = 5
# name 25 = sbox1Mm/Kg: Oxygen, SBE 43, 2 [umol/kg], WS = 5
# name 26 = nbin: number of scans per bin
# name 27 = flag: flag
# span 0 =      45480,     105047       
# span 1 =   1894.957,   4376.925       
# span 2 =      0.994,   1069.656       
# span 3 =      1.000,   1079.000       
# span 4 =     5.7490,    29.8963       
# span 5 =     5.7495,    29.9219       
# span 6 =   3.448979,   5.882064       
# span 7 =   3.449256,   5.882221       
# span 8 =     1.5767,     3.1537       
# span 9 =     1.2795,     2.6680       
# span 10 =      10.22,     107.01      
# span 11 =   19.46423,   19.84026      
# span 12 =  -94.60421,  -92.81120      
# span 13 =   -0.00112,    0.02501      
# span 14 =   -0.00245,    0.01656      
# span 15 =     2.3797,     4.4421      
# span 16 =     2.3936,     4.4428      
# span 17 =     5.6520,    29.8933      
# span 18 =     5.6525,    29.9189      
# span 19 =    34.4748,    36.5409      
# span 20 =    34.4851,    36.5419      
# span 21 =    21.6049,    27.5348      
# span 22 =    21.6105,    27.5344      
# span 23 =    1487.73,    1516.47      
# span 24 =    103.478,    193.748      
# span 25 =    104.082,    193.772      
# span 26 =         30,         74      
# span 27 = 0.0000e+00, 0.0000e+00      
# interval = decibars: 1                
# start_time = Oct 08 2021 13:21:27 [NMEA time, header]
# bad_flag = -9.990e-29
*END*
[from data line 208]
      98736   4113.972     16.896     17.000    29.2609    29.2610   5.824750   5.808238     3.1077     2.6198      99.33   19.46423  -92.81120   -0.00048    0.00041     4.3002     4.2584    29.2567    29.2568    35.4705    35.2214    22.3033    22.1031    1487.73    187.835    186.038         32 0.0000e+00
     101457   4227.341     11.926     12.000    29.8963    29.9219   5.882064   5.882221     3.1489     2.6608      99.25   19.80376  -94.43017   -0.00006    0.00019     4.3386     4.3172    29.8933    29.9189    35.5581    35.5400    22.2376    22.2153    1513.68    189.585    188.658         39 0.0000e+00
     100619   4192.406     10.933     11.000    29.6202    29.6416   5.823364   5.824180     3.1168     2.6334      98.54   19.60876  -93.50036   -0.00017   -0.00015     4.2924     4.2713    29.6175    29.6389    35.1892    35.1794    21.9982    21.9836    1498.78    187.572    186.650         55 0.0000e+00
     101421   4225.850      9.939     10.000    29.6129    29.6190   5.817958   5.818294     3.1167     2.6303      93.10   19.60876  -93.50036   -0.00036   -0.00140     4.2930     4.2663    29.6104    29.6165    35.1580    35.1516    21.9772    21.9703    1498.78    187.601    186.435         42 0.0000e+00
     101787   4241.070      8.945      9.000    29.5999    29.6007   5.814040   5.814174     3.1143     2.6331      91.29   19.60876  -93.50036   -0.00022   -0.00065     4.2893     4.2731    29.5977    29.5985    35.1410    35.1412    21.9688    21.9686    1498.78    187.441    186.734         34 0.0000e+00
     103235   4301.399      4.969      5.000    29.8193    29.8205   5.847484   5.848234     3.1537     2.6680     101.18   19.84026  -94.60421    0.00086    0.00141     4.3561     4.3415    29.8180    29.8193    35.4119    35.4161    22.1638    22.1665    1516.47    190.375    189.733         30 0.0000e+00
     102212   4258.781      3.976      4.000    29.4548    29.4398   5.774793   5.770139     3.1142     2.6332     100.00   19.60876  -93.50036    0.00043    0.00049     4.3015     4.2863    29.4538    29.4388    34.9806    34.9597    21.8971    21.8865    1498.78    187.990    187.326         54 0.0000e+00
     103429   4309.513      2.982      3.000    29.3376    29.3128   5.730359   5.720035     3.1132     2.6308      99.98   19.60876  -93.50037    0.00003   -0.00066     4.3134     4.2960    29.3369    29.3121    34.7621    34.7095    21.7725    21.7414    1498.78    188.533    187.775         64 0.0000e+00
     104984   4374.282      1.988      2.000    29.2053    29.2062   5.676881   5.678098     3.1108     2.6304     100.00   19.60876  -93.50036   -0.00016   -0.00054     4.3251     4.3070    29.2048    29.2058    34.4924    34.4989    21.6146    21.6186    1498.78    189.071    188.279         45 0.0000e+00
     105047   4376.925      0.994      1.000    29.1944    29.2006   5.673125   5.675276     3.1119     2.6323      50.32   19.60876  -93.50036    0.00020   -0.00043     4.3277     4.3112    29.1941    29.2003    34.4748    34.4851    21.6049    21.6105    1498.78    189.187    188.464         33 0.0000e+00
