Gulf of Mexico/GOMECC-4/1db/urb2103_0901.cnv
* Sea-Bird SBE 9 Data File:
* FileName = C:\Users\scs.user.rb\CTD\GOMECC4\data\rb2103_0901.hex
* Software Version Seasave V 7.26.7.107
* Temperature SN = 4799
* Conductivity SN = 3860
* Number of Bytes Per Scan = 41
* Number of Voltage Words = 4
* Number of Scans Averaged by the Deck Unit = 1
* NMEA Latitude = 22 00.00 N
* NMEA Longitude = 092 55.04 W
* NMEA UTC (Time) = Oct 09 2021  18:18:51
* NMEA baud rate = 4800
# nquan = 28
# nvalues = 547                         
# units = specified
# name 0 = scan: Scan Count
# name 1 = timeS: Time, Elapsed [seconds]
# name 2 = depSM: Depth [salt water, m]
# name 3 = prDM: Pressure, Digiquartz [db]
# name 4 = t090C: Temperature [ITS-90, deg C]
# name 5 = t190C: Temperature, 2 [ITS-90, deg C]
# name 6 = c0S/m: Conductivity [S/m]
# name 7 = c1S/m: Conductivity, 2 [S/m]
# name 8 = sbeox0V: Oxygen raw, SBE 43 [V]
# name 9 = sbeox1V: Oxygen raw, SBE 43, 2 [V]
# name 10 = altM: Altimeter [m]
# name 11 = latitude: Latitude [deg]
# name 12 = longitude: Longitude [deg]
# name 13 = sbox0dV/dT: Oxygen, SBE 43 [dov/dt]
# name 14 = sbox1dV/dT: Oxygen, SBE 43, 2 [dov/dt]
# name 15 = sbeox0ML/L: Oxygen, SBE 43 [ml/l], WS = 5
# name 16 = sbeox1ML/L: Oxygen, SBE 43, 2 [ml/l], WS = 5
# name 17 = potemp090C: Potential Temperature [ITS-90, deg C]
# name 18 = potemp190C: Potential Temperature, 2 [ITS-90, deg C]
# name 19 = sal00: Salinity, Practical [PSU]
# name 20 = sal11: Salinity, Practical, 2 [PSU]
# name 21 = sigma-é00: Density [sigma-theta, kg/m^3]
# name 22 = sigma-é11: Density, 2 [sigma-theta, kg/m^3]
# name 23 = avgsvCM: Average Sound Velocity [Chen-Millero, m/s], minP = 20, minS = 20
# name 24 = sbox0Mm/Kg: Oxygen, SBE 43 [umol/kg], WS = 5
# name 25 = sbox1Mm/Kg: Oxygen, SBE 43, 2 [umol/kg], WS = 5
# name 26 = nbin: number of scans per bin
# name 27 = flag: flag
# span 0 =     102685,     249293       
# span 1 =   4278.514,  10387.184       
# span 2 =      0.994,   3244.223       
# span 3 =      1.000,   3290.000       
# span 4 =     4.2783,    32.6736       
# span 5 =     4.2792,    32.5625       
# span 6 =   3.346164,   6.355095       
# span 7 =   3.346143,   6.369083       
# span 8 =     1.5594,     3.2930       
# span 9 =     1.2621,     2.7786       
# span 10 =      12.63,     102.94      
# span 11 =   21.66222,   22.73281      
# span 12 =  -95.99649,  -91.47596      
# span 13 =   -0.00273,    0.01645      
# span 14 =   -0.00335,    0.01106      
# span 15 =     2.3642,     4.6359      
# span 16 =     2.3727,     4.6378      
# span 17 =     4.0794,    32.5434      
# span 18 =     4.0803,    32.5623      
# span 19 =    34.9177,    37.1400      
# span 20 =    34.9166,    37.2939      
# span 21 =    22.4485,    27.7576      
# span 22 =    22.4490,    27.7567      
# span 23 =    1479.67,    1552.80      
# span 24 =    102.893,    201.448      
# span 25 =    103.263,    201.531      
# span 26 =         30,         80      
# span 27 = 0.0000e+00, 0.0000e+00      
# interval = decibars: 1                
# start_time = Oct 09 2021 18:18:51 [NMEA time, header]
# bad_flag = -9.990e-29
*END*
[from data line 467]
     222917   9288.163     88.427     89.000    20.2966    20.2865   5.003629   5.001964     2.0144     1.6651     100.00   22.00276  -92.91526    0.00157    0.00127     2.7580     2.7615    20.2799    20.2699    36.4521    36.4496    25.7952    25.7957    1502.95    120.075    120.227         36 0.0000e+00
     223010   9292.061     87.433     88.000    20.3315    20.3163   5.007295   5.005411     2.0094     1.6630     100.00   22.00276  -92.91524   -0.00104   -0.00034     2.7449     2.7548    20.3149    20.2998    36.4527    36.4506    25.7862    25.7887    1502.95    119.507    119.938         46 0.0000e+00
     223100   9295.804     86.440     87.000    20.3580    20.3581   5.010292   5.010343     2.0006     1.6563     100.00   22.00278  -92.91524   -0.00252   -0.00198     2.7246     2.7370    20.3416    20.3417    36.4544    36.4548    25.7803    25.7806    1502.95    118.623    119.162         48 0.0000e+00
     223180   9299.127     85.446     86.000    20.3971    20.3937   5.014229   5.014071     1.9996     1.6578      88.97   22.00278  -92.91524   -0.00023    0.00049     2.7202     2.7382    20.3809    20.3774    36.4532    36.4549    25.7689    25.7711    1502.95    118.434    119.218         54 0.0000e+00
     223263   9302.581     84.453     85.000    20.4257    20.4301   5.017059   5.017304     2.0122     1.6666      99.77   22.00278  -92.91524    0.00322    0.00226     2.7450     2.7566    20.4097    20.4140    36.4521    36.4503    25.7602    25.7577    1502.95    119.513    120.020         75 0.0000e+00
     223348   9306.144     83.460     84.000    20.4868    20.4905   5.022341   5.022832     2.0258     1.6807      94.32   22.00278  -92.91524    0.00363    0.00332     2.7703     2.7864    20.4709    20.4746    36.4430    36.4437    25.7368    25.7364    1502.95    120.619    121.318         61 0.0000e+00
     223430   9309.540     82.466     83.000    20.6212    20.5728   5.033564   5.029640     2.0649     1.7140     100.11   22.00278  -92.91524    0.00969    0.00966     2.8571     2.8624    20.6054    20.5570    36.4216    36.4301    25.6841    25.7037    1502.95    124.402    124.630         72 0.0000e+00
     223513   9313.017     81.473     82.000    20.6706    20.6388   5.038754   5.036118     2.1157     1.7516     100.00   22.00278  -92.91524    0.01422    0.01081     2.9506     2.9434    20.6550    20.6232    36.4194    36.4253    25.6691    25.6821    1502.95    128.478    128.159         44 0.0000e+00
     223594   9316.390     80.479     81.000    20.7073    20.6899   5.042514   5.040862     2.1496     1.7825     100.00   22.00278  -92.91524    0.01052    0.00897     3.0191     3.0120    20.6919    20.6745    36.4181    36.4203    25.6580    25.6644    1502.95    131.458    131.150         62 0.0000e+00
     225254   9385.542     78.493     79.000    20.8726    20.8672   5.059030   5.058942     2.2191     1.8564      99.99   21.99966  -92.90187    0.00267    0.00221     3.1554     3.1726    20.8575    20.8520    36.4099    36.4140    25.6062    25.6108    1502.73    137.400    138.148         44 0.0000e+00
     225387   9391.068     77.499     78.000    20.8732    20.8702   5.058829   5.058533     2.2348     1.8645     100.00   22.00282  -92.91520    0.00339    0.00179     3.1883     3.1909    20.8583    20.8553    36.4100    36.4102    25.6066    25.6075    1502.95    138.834    138.946         34 0.0000e+00
     225465   9394.329     76.506     77.000    20.8898    20.8954   5.058819   5.059099     2.2509     1.8859      84.19   22.00282  -92.91520    0.00403    0.00572     3.2207     3.2389    20.8750    20.8806    36.3962    36.3937    25.5915    25.5880    1502.95    140.247    141.039         42 0.0000e+00
     225540   9397.478     75.513     76.000    20.9242    20.9260   5.060982   5.061383     2.2716     1.9055      99.57   22.00282  -92.91520    0.00696    0.00672     3.2620     3.2822    20.9096    20.9114    36.3846    36.3863    25.5732    25.5740    1502.95    142.047    142.927         60 0.0000e+00
     225615   9400.587     74.519     75.000    20.9616    20.9667   5.064052   5.064628     2.2983     1.9355      95.11   22.00282  -92.91518    0.00819    0.00860     3.3153     3.3488    20.9472    20.9523    36.3779    36.3782    25.5578    25.5566    1502.95    144.371    145.832         50 0.0000e+00
     225668   9402.797     73.526     74.000    21.0129    21.0197   5.068394   5.069200     2.3154     1.9437      99.87   22.00282  -92.91518    0.00806    0.00703     3.3478     3.3644    20.9986    21.0055    36.3696    36.3702    25.5374    25.5359    1502.95    145.791    146.511         50 0.0000e+00
     225729   9405.338     72.532     73.000    21.0468    21.0487   5.071369   5.071958     2.3445     1.9746     100.00   22.00282  -92.91518    0.01016    0.00894     3.4054     3.4333    21.0328    21.0346    36.3658    36.3681    25.5252    25.5264    1502.95    148.299    149.514         68 0.0000e+00
     225789   9407.847     71.539     72.000    21.0610    21.0685   5.072977   5.073722     2.3554     1.9837     100.00   22.00282  -92.91518    0.00703    0.00639     3.4274     3.4525    21.0472    21.0547    36.3661    36.3648    25.5214    25.5187    1502.95    149.257    150.350         52 0.0000e+00
     225839   9409.909     70.545     71.000    21.1406    21.1527   5.080177   5.081337     2.3740     2.0068     100.00   22.00282  -92.91518    0.00634    0.00718     3.4611     3.5002    21.1268    21.1390    36.3568    36.3557    25.4924    25.4883    1502.95    150.731    152.434         52 0.0000e+00
     225916   9413.143     69.552     70.000    21.1684    21.1830   5.083010   5.084034     2.4251     2.0440     100.00   22.00283  -92.91518    0.01533    0.01106     3.5657     3.5837    21.1549    21.1694    36.3563    36.3521    25.4843    25.4771    1502.95    155.288    156.070         35 0.0000e+00
     226001   9416.674     68.559     69.000    21.1319    21.1255   5.079434   5.079193     2.4326     2.0533     100.00   22.00284  -92.91518    0.00039    0.00269     3.5835     3.6082    21.1185    21.1122    36.3589    36.3624    25.4964    25.5008    1502.95    156.060    157.133         38 0.0000e+00
     226100   9420.783     67.565     68.000    21.2355    21.2017   5.088775   5.086321     2.4336     2.0493      89.74   22.00284  -92.91518    0.00215    0.00311     3.5779     3.5936    21.2223    21.1886    36.3463    36.3553    25.4581    25.4743    1502.95    155.824    156.505         41 0.0000e+00
     227424   9475.945     66.572     67.000    21.5762    21.6023   5.123480   5.124122     2.6321     2.2278      87.69   22.00287  -92.91515    0.00322    0.00177     3.9121     3.9615    21.5630    21.5892    36.3123    36.3088    25.3377    25.3278    1502.95    170.395    172.551         35 0.0000e+00
     228420   9517.449     64.585     65.000    21.7831    21.7841   5.141057   5.141050     2.7479     2.3377     100.02   22.00765  -92.93529    0.00137    0.00364     4.1899     4.2121    21.7703    21.7712    36.3050    36.3041    25.2752    25.2743    1503.28    182.507    183.474         45 0.0000e+00
     228455   9518.920     63.591     64.000    21.8378    21.8944   5.145025   5.150252     2.7597     2.3572     100.00   22.00288  -92.91514    0.00311    0.00559     4.2129     4.2476    21.8292    21.8817    36.2866    36.2818    25.2438    25.2255    1502.95    183.515    185.033         39 0.0000e+00
     228550   9522.875     62.598     63.000    21.8898    21.9034   5.149885   5.151124     2.7852     2.3801      76.04   22.00288  -92.91514    0.00539    0.00342     4.2576     4.2984    21.8773    21.8909    36.2831    36.2814    25.2276    25.2226    1502.95    185.466    187.246         67 0.0000e+00
     228637   9526.506     61.605     62.000    22.0277    22.0225   5.162551   5.162318     2.8561     2.4228      98.09   22.00288  -92.91514    0.01404    0.00902     4.3901     4.3854    22.0154    22.0101    36.2679    36.2705    25.1773    25.1807    1502.95    191.247    191.040         35 0.0000e+00
     228712   9529.610     60.611     61.000    22.1637    22.2154   5.175432   5.180179     2.8850     2.4577     100.00   22.00288  -92.91514    0.01645    0.00875     4.4387     4.4500    22.1573    22.2034    36.2488    36.2486    25.1226    25.1089    1502.95    193.373    193.869         36 0.0000e+00
     228810   9533.706     59.618     60.000    22.2671    22.2328   5.185904   5.182807     2.9328     2.4985     100.00   22.00288  -92.91513    0.01108    0.00772     4.5283     4.5394    22.2552    22.2208    36.2523    36.2568    25.0975    25.1106    1502.95    197.282    197.762         49 0.0000e+00
     228879   9536.574     58.624     59.000    22.5132    22.5066   5.213358   5.212045     2.9511     2.5092     100.00   22.00288  -92.91513    0.00518    0.00092     4.5437     4.5407    22.5012    22.4946    36.2633    36.2585    25.0357    25.0340    1502.95    197.966    197.835         39 0.0000e+00
     228968   9540.286     57.631     58.000    22.5718    22.5575   5.221398   5.218220     2.9593     2.5200     100.00   22.00288  -92.91513    0.00182    0.00212     4.5545     4.5595    22.5590    22.5460    36.2746    36.2748    25.0278    25.0352    1502.95    198.438    198.656         61 0.0000e+00
     229041   9543.320     56.637     57.000    22.7880    22.7855   5.246219   5.245627     2.9630     2.5220      96.28   22.00288  -92.91513    0.00128    0.00082     4.5431     4.5447    22.7771    22.7740    36.2916    36.2895    24.9780    24.9773    1502.95    197.950    198.022         80 0.0000e+00
     229119   9546.601     55.644     56.000    22.8353    22.8833   5.249536   5.252507     2.9627     2.5245      83.79   22.00288  -92.91513   -0.00058   -0.00005     4.5379     4.5434    22.8239    22.8719    36.2792    36.2760    24.9551    24.9388    1502.95    197.730    197.972         70 0.0000e+00
     229189   9549.496     54.650     55.000    22.9710    22.9498   5.264565   5.261978     2.9751     2.5377     100.70   22.00288  -92.91513    0.00360    0.00427     4.5507     4.5658    22.9597    22.9385    36.2840    36.2808    24.9195    24.9232    1502.95    198.291    198.950         54 0.0000e+00
     229269   9552.830     53.657     54.000    22.9838    23.0593   5.266317   5.272882     2.9847     2.5496     100.00   22.00290  -92.91512    0.00327    0.00399     4.5689     4.5832    22.9712    23.0483    36.2885    36.2791    24.9196    24.8913    1502.95    199.084    199.713         70 0.0000e+00
     229345   9556.015     52.663     53.000    23.1674    23.1740   5.285465   5.286403     3.0008     2.5585     100.00   22.00290  -92.91512    0.00437    0.00285     4.5840     4.5924    23.1565    23.1631    36.2842    36.2861    24.8625    24.8620    1502.95    199.755    200.120         62 0.0000e+00
     229419   9559.066     51.670     52.000    23.3455    23.3673   5.306660   5.307188     3.0134     2.5711     100.00   22.00290  -92.91512    0.00425    0.00364     4.5958     4.6084    23.3425    23.3567    36.2926    36.2889    24.8145    24.8055    1502.95    200.278    200.829         60 0.0000e+00
     229494   9562.228     50.676     51.000    23.4210    23.4697   5.313346   5.318109     3.0223     2.5790      95.87   22.00290  -92.91512    0.00323    0.00307     4.6054     4.6138    23.3990    23.4592    36.2992    36.2911    24.8030    24.7796    1502.95    200.698    201.070         69 0.0000e+00
     229574   9565.535     49.682     50.000    23.5654    23.5424   5.329825   5.328192     3.0337     2.5805      99.54   22.00290  -92.91512    0.00389    0.00082     4.6144     4.6091    23.5544    23.5320    36.2997    36.2995    24.7577    24.7641    1502.95    201.101    200.869         54 0.0000e+00
     229641   9568.340     48.689     49.000    23.7680    23.7537   5.351937   5.349203     3.0353     2.5815      97.93   22.00290  -92.91512    0.00008   -0.00036     4.5995     4.5945    23.7578    23.7434    36.3047    36.2948    24.7015    24.6982    1502.95    200.462    200.245         46 0.0000e+00
     229726   9571.896     47.695     48.000    23.8016    23.7967   5.356226   5.355363     3.0410     2.5956      99.96   22.00290  -92.91512    0.00120    0.00389     4.6068     4.6209    23.7915    23.7866    36.3085    36.3060    24.6943    24.6939    1502.95    200.780    201.397         62 0.0000e+00
     229793   9574.667     46.702     47.000    24.2167    24.1661   5.402691   5.396106     3.0599     2.5988      69.70   22.00290  -92.91512    0.00522    0.00129     4.6077     4.5971    24.2067    24.1561    36.3235    36.3136    24.5820    24.5892    1502.95    200.843    200.380         61 0.0000e+00
     229882   9578.393     45.708     46.000    24.9447    24.1815   5.479566   5.399378     3.0784     2.5970      98.10   22.00291  -92.91512    0.00722   -0.00096     4.5818     4.5915    24.9347    24.1717    36.3124    36.3274    24.3522    24.5954    1502.95    199.760    200.134         43 0.0000e+00
     229968   9581.979     44.715     45.000    25.4553    24.5857   5.541110   5.445552     3.0935     2.6110     100.00   22.00292  -92.91512    0.00789    0.00275     4.5669     4.5888    25.4454    24.5760    36.3611    36.3483    24.2339    24.4897    1502.95    199.134    200.037         35 0.0000e+00
     230098   9587.384     43.721     44.000    26.9745    25.5478   5.706666   5.552028     3.1037     2.6136     100.00   22.00292  -92.91512    0.00035    0.00189     4.4612     4.5183    26.9644    25.5381    36.3820    36.3678    23.7715    24.2097    1502.95    194.613    197.018         30 0.0000e+00
     230221   9592.504     42.728     43.000    27.3266    26.7039   5.749325   5.676853     3.0971     2.6269     100.00   22.00292  -92.91512   -0.00011    0.00072     4.4204     4.4483    27.3166    26.6942    36.3932    36.3670    23.6657    23.8560    1502.95    192.850    194.044         35 0.0000e+00
     232467   9686.104     38.753     39.000    29.3757    29.3744   5.968185   5.967581     3.1397     2.6571      64.37   22.01253  -92.95549   -0.00019    0.00070     4.3389     4.3238    29.3661    29.3648    36.3603    36.3593    22.9647    22.9645    1503.60    189.426    188.766         66 0.0000e+00
     232448   9685.282     37.760     38.000    29.4499    29.4547   5.973223   5.973373     3.1399     2.6547      96.91   22.00296  -92.91508    0.00009    0.00034     4.3332     4.3134    29.4405    29.4453    36.3336    36.3300    22.9171    22.9128    1502.95    189.183    188.321         46 0.0000e+00
     232519   9688.242     36.766     37.000    29.5441    29.5492   5.980495   5.980664     3.1438     2.6564     100.00   22.00296  -92.91508    0.00106   -0.00077     4.3332     4.3106    29.5350    29.5401    36.3140    36.3119    22.8703    22.8671    1502.95    189.194    188.208         62 0.0000e+00
     232600   9691.635     35.773     36.000    29.5579    29.5813   5.981769   5.983336     3.1432     2.6572      89.97   22.00296  -92.91508   -0.00028    0.00025     4.3303     4.3091    29.5490    29.5725    36.3113    36.3069    22.8636    22.8523    1502.95    189.071    188.142         46 0.0000e+00
     232674   9694.696     34.779     35.000    29.5981    29.6016   5.984704   5.985143     3.1445     2.6535      92.67   22.00296  -92.91508    0.00059   -0.00160     4.3293     4.2992    29.5895    29.5930    36.3012    36.3016    22.8423    22.8413    1502.95    189.029    187.715         68 0.0000e+00
