Gulf of Mexico/GOMECC-4/1db/urb2103_0661.cnv
* Sea-Bird SBE 9 Data File:
* FileName = C:\Users\scs.user.rb\CTD\GOMECC4\data\rb2103_0661.hex
* Software Version Seasave V 7.26.7.107
* Temperature SN = 4799
* Conductivity SN = 3860
* Number of Bytes Per Scan = 41
* Number of Voltage Words = 4
* Number of Scans Averaged by the Deck Unit = 1
* NMEA Latitude = 26 03.55 N
* NMEA Longitude = 096 04.91 W
* NMEA UTC (Time) = Oct 02 2021  23:29:35
* NMEA baud rate = 4800
# nquan = 28
# nvalues = 229                         
# units = specified
# name 0 = scan: Scan Count
# name 1 = timeS: Time, Elapsed [seconds]
# name 2 = depSM: Depth [salt water, m]
# name 3 = prDM: Pressure, Digiquartz [db]
# name 4 = t090C: Temperature [ITS-90, deg C]
# name 5 = t190C: Temperature, 2 [ITS-90, deg C]
# name 6 = c0S/m: Conductivity [S/m]
# name 7 = c1S/m: Conductivity, 2 [S/m]
# name 8 = sbeox0V: Oxygen raw, SBE 43 [V]
# name 9 = sbeox1V: Oxygen raw, SBE 43, 2 [V]
# name 10 = altM: Altimeter [m]
# name 11 = latitude: Latitude [deg]
# name 12 = longitude: Longitude [deg]
# name 13 = sbox0dV/dT: Oxygen, SBE 43 [dov/dt]
# name 14 = sbox1dV/dT: Oxygen, SBE 43, 2 [dov/dt]
# name 15 = sbeox0ML/L: Oxygen, SBE 43 [ml/l], WS = 5
# name 16 = sbeox1ML/L: Oxygen, SBE 43, 2 [ml/l], WS = 5
# name 17 = potemp090C: Potential Temperature [ITS-90, deg C]
# name 18 = potemp190C: Potential Temperature, 2 [ITS-90, deg C]
# name 19 = sal00: Salinity, Practical [PSU]
# name 20 = sal11: Salinity, Practical, 2 [PSU]
# name 21 = sigma-é00: Density [sigma-theta, kg/m^3]
# name 22 = sigma-é11: Density, 2 [sigma-theta, kg/m^3]
# name 23 = avgsvCM: Average Sound Velocity [Chen-Millero, m/s], minP = 20, minS = 20
# name 24 = sbox0Mm/Kg: Oxygen, SBE 43 [umol/kg], WS = 5
# name 25 = sbox1Mm/Kg: Oxygen, SBE 43, 2 [umol/kg], WS = 5
# name 26 = nbin: number of scans per bin
# name 27 = flag: flag
# span 0 =      51794,     110788       
# span 1 =   2158.057,   4616.123       
# span 2 =      1.987,    850.658       
# span 3 =      2.000,    858.000       
# span 4 =     5.7514,    29.3930       
# span 5 =     5.7516,    29.3927       
# span 6 =   3.444635,   5.827522       
# span 7 =   3.444621,   5.833318       
# span 8 =     1.6005,     3.3956       
# span 9 =     1.3040,     2.9033       
# span 10 =      11.06,     104.68      
# span 11 =   25.61548,   26.07056      
# span 12 =  -96.12009,  -94.44074      
# span 13 =   -0.00981,    0.02113      
# span 14 =   -0.01037,    0.02609      
# span 15 =     2.4806,     5.0694      
# span 16 =     2.4978,     5.0722      
# span 17 =     5.6755,    29.3925      
# span 18 =     5.6759,    29.3922      
# span 19 =    34.7507,    36.4470      
# span 20 =    34.7518,    36.4485      
# span 21 =    21.8482,    27.5270      
# span 22 =    21.8511,    27.5266      
# span 23 =    1475.21,    1501.43      
# span 24 =    107.857,    221.085      
# span 25 =    108.699,    221.270      
# span 26 =         30,         78      
# span 27 = 0.0000e+00, 0.0000e+00      
# interval = decibars: 1                
# start_time = Oct 02 2021 23:29:35 [NMEA time, header]
# bad_flag = -9.990e-29
*END*
      51794   2158.057    850.658    858.000     5.7524     5.7529   3.444893   3.444909     1.7603     1.4536      11.06   26.05948  -96.08162    0.00001    0.00001     3.4534     3.4840     5.6763     5.6768    34.9155    34.9152    27.5269    27.5265    1500.83    150.095    151.429         42 0.0000e+00
      52004   2166.810    849.668    857.000     5.7514     5.7530   3.444772   3.444871     1.7605     1.4538      12.00   26.05948  -96.08162    0.00012    0.00010     3.4538     3.4843     5.6755     5.6770    34.9156    34.9151    27.5270    27.5265    1500.83    150.115    151.439         63 0.0000e+00
      52059   2169.081    848.679    856.000     5.7522     5.7521   3.444776   3.444752     1.7606     1.4539      12.88   26.05948  -96.08162    0.00009    0.00005     3.4538     3.4843     5.6763     5.6762    34.9154    34.9152    27.5268    27.5266    1500.83    150.113    151.442         40 0.0000e+00
      52092   2170.439    847.690    855.000     5.7521     5.7516   3.444721   3.444660     1.7607     1.4542      13.68   26.05948  -96.08163    0.00008    0.00009     3.4536     3.4847     5.6763     5.6759    34.9154    34.9151    27.5267    27.5266    1500.83    150.107    151.459         31 0.0000e+00
      52125   2171.840    846.700    854.000     5.7515     5.7517   3.444635   3.444621     1.7608     1.4542      14.74   26.05948  -96.08163    0.00006    0.00009     3.4535     3.4843     5.6758     5.6760    34.9155    34.9151    27.5269    27.5266    1500.83    150.103    151.441         37 0.0000e+00
      52163   2173.402    845.711    853.000     5.7529     5.7551   3.444709   3.444856     1.7608     1.4540      15.77   26.05946  -96.08162    0.00004    0.00002     3.4529     3.4830     5.6773     5.6795    34.9154    34.9148    27.5266    27.5258    1500.83    150.074    151.386         35 0.0000e+00
      52331   2180.406    839.774    847.000     5.7611     5.7620   3.445179   3.445224     1.7607     1.4542      21.55   26.05933  -96.08114   -0.00002    0.00026     3.4491     3.4803     5.6860     5.6869    34.9152    34.9148    27.5253    27.5249    1500.82    149.909    151.267         31 0.0000e+00
      53191   2216.251    805.140    812.000     5.8545     5.8540   3.451990   3.451947     1.7545     1.4472      56.48   26.05923  -96.08078   -0.00090   -0.00089     3.4044     3.4312     5.7821     5.7816    34.9134    34.9134    27.5119    27.5120    1500.82    147.971    149.133         30 0.0000e+00
      55857   2327.327    699.223    705.000     6.3401     6.3444   3.491426   3.491766     1.7029     1.3996      90.08   26.06197  -96.09089   -0.00084   -0.00088     3.1482     3.1747     6.2752     6.2795    34.9114    34.9108    27.4471    27.4460    1500.98    136.842    137.993         60 0.0000e+00
      56223   2342.565    696.253    702.000     6.3755     6.3837   3.493754   3.494567     1.7007     1.3964      99.99   26.05668  -96.07144   -0.00011   -0.00040     3.1373     3.1591     6.3108     6.3189    34.9023    34.9028    27.4351    27.4344    1500.67    136.371    137.319         36 0.0000e+00
      56638   2359.858    695.263    701.000     6.4130     6.4053   3.498361   3.497167     1.6970     1.3939     100.00   26.05945  -96.08162   -0.00005   -0.00021     3.1248     3.1481     6.3481     6.3404    34.9093    34.9106    27.4358    27.4378    1500.83    135.826    136.841         50 0.0000e+00
      57695   2403.934    694.273    700.000     6.4582     6.4376   3.501875   3.499866     1.6890     1.3895     100.00   26.05948  -96.08162   -0.00017    0.00010     3.0921     3.1297     6.3931     6.3726    34.9093    34.9082    27.4298    27.4317    1500.83    134.404    136.042         36 0.0000e+00
      57843   2410.077    693.282    699.000     6.4557     6.4453   3.501334   3.500458     1.6887     1.3900     100.00   26.05948  -96.08162    0.00005    0.00027     3.0908     3.1307     6.3908     6.3804    34.9072    34.9074    27.4285    27.4301    1500.83    134.350    136.086         60 0.0000e+00
      57905   2412.684    692.292    698.000     6.4656     6.4696   3.502011   3.502765     1.6898     1.3900     100.00   26.05948  -96.08162    0.00031    0.00020     3.0930     3.1280     6.4008     6.4047    34.9083    34.9089    27.4281    27.4280    1500.83    134.446    135.969         47 0.0000e+00
      57948   2414.467    691.302    697.000     6.4803     6.4860   3.503656   3.504247     1.6900     1.3885     100.00   26.05948  -96.08162    0.00031   -0.00051     3.0922     3.1214     6.4155     6.4212    34.9084    34.9091    27.4262    27.4259    1500.83    134.410    135.679         44 0.0000e+00
      57994   2416.375    690.312    696.000     6.4946     6.4965   3.504938   3.505176     1.6899     1.3871     100.00   26.05948  -96.08162    0.00008   -0.00082     3.0902     3.1150     6.4298     6.4317    34.9085    34.9092    27.4244    27.4247    1500.83    134.326    135.404         40 0.0000e+00
      58057   2419.009    688.331    694.000     6.5204     6.5237   3.507363   3.507670     1.6888     1.3855     100.00   26.05980  -96.08279   -0.00034   -0.00063     3.0836     3.1064     6.4557     6.4589    34.9102    34.9103    27.4222    27.4219    1500.85    134.040    135.031         32 0.0000e+00
      58255   2427.241    680.410    686.000     6.5859     6.5864   3.513049   3.513082     1.6807     1.3781     100.00   26.05916  -96.08043   -0.00111   -0.00094     3.0493     3.0729     6.5216     6.5221    34.9105    34.9104    27.4137    27.4135    1500.81    132.550    133.572         34 0.0000e+00
      58344   2430.960    677.439    683.000     6.5950     6.5955   3.513765   3.513786     1.6782     1.3773      99.79   26.05905  -96.08003   -0.00067   -0.00019     3.0396     3.0682     6.5310     6.5314    34.9106    34.9105    27.4125    27.4124    1500.81    132.128    133.370         35 0.0000e+00
      58508   2437.788    671.498    677.000     6.6379     6.6427   3.517590   3.518012     1.6761     1.3739     100.00   26.05944  -96.08147   -0.00038   -0.00052     3.0270     3.0501     6.5742     6.5790    34.9124    34.9122    27.4081    27.4073    1500.83    131.581    132.585         33 0.0000e+00
      58635   2443.067    666.547    672.000     6.6717     6.6735   3.520717   3.520902     1.6729     1.3711      99.92   26.06087  -96.08670   -0.00068   -0.00050     3.0119     3.0360     6.6083     6.6101    34.9151    34.9155    27.4057    27.4058    1500.91    130.922    131.971         32 0.0000e+00
      58666   2444.366    665.556    671.000     6.6720     6.6739   3.520550   3.520725     1.6718     1.3698     100.00   26.05950  -96.08162   -0.00077   -0.00069     3.0082     3.0313     6.6087     6.6106    34.9135    34.9135    27.4043    27.4041    1500.83    130.763    131.768         34 0.0000e+00
      58783   2449.244    660.605    666.000     6.7034     6.7038   3.523376   3.523400     1.6691     1.3673     100.00   26.06010  -96.08385   -0.00053   -0.00046     2.9953     3.0184     6.6405     6.6409    34.9154    34.9152    27.4015    27.4014    1500.86    130.205    131.206         30 0.0000e+00
      58813   2450.509    659.614    665.000     6.7026     6.7050   3.523165   3.523390     1.6680     1.3665     100.00   26.05950  -96.08162   -0.00067   -0.00062     2.9915     3.0151     6.6398     6.6422    34.9142    34.9143    27.4007    27.4004    1500.83    130.039    131.065         31 0.0000e+00
      58934   2455.534    654.663    660.000     6.7385     6.7405   3.526165   3.526329     1.6671     1.3662     100.00   26.05964  -96.08213   -0.00010   -0.00028     2.9837     3.0093     6.6760     6.6780    34.9134    34.9132    27.3951    27.3947    1500.84    129.699    130.811         30 0.0000e+00
      60263   2510.899    602.168    607.000     7.1103     7.1156   3.559481   3.560163     1.6422     1.3430      62.91   26.06269  -96.09329   -0.00046   -0.00029     2.8571     2.8813     7.0513     7.0567    34.9312    34.9319    27.3576    27.3573    1501.01    124.202    125.253         32 0.0000e+00
      60322   2513.365    601.177    606.000     7.0839     7.0885   3.556653   3.557193     1.6405     1.3413      98.79   26.05952  -96.08160   -0.00054   -0.00052     2.8532     2.8777     7.0251     7.0298    34.9256    34.9256    27.3567    27.3561    1500.83    124.029    125.096         65 0.0000e+00
      60502   2520.864    599.196    604.000     7.0970     7.1149   3.557892   3.559656     1.6412     1.3426     100.00   26.06054  -96.08535    0.00009    0.00007     2.8537     2.8794     7.0384     7.0562    34.9268    34.9277    27.3558    27.3541    1500.89    124.053    125.169         67 0.0000e+00
      60593   2524.669    598.205    603.000     7.1147     7.1188   3.559459   3.559871     1.6408     1.3411     100.00   26.05952  -96.08160   -0.00004   -0.00049     2.8509     2.8735     7.0561     7.0602    34.9266    34.9269    27.3532    27.3529    1500.83    123.931    124.912         40 0.0000e+00
      60680   2528.283    597.215    602.000     7.1480     7.1494   3.562749   3.562833     1.6401     1.3406     100.00   26.05952  -96.08160   -0.00024   -0.00011     2.8460     2.8693     7.0893     7.0907    34.9278    34.9268    27.3495    27.3485    1500.83    123.717    124.731         52 0.0000e+00
      60775   2532.271    596.224    601.000     7.1845     7.1802   3.566049   3.565639     1.6381     1.3385     100.00   26.05952  -96.08160   -0.00043   -0.00050     2.8364     2.8594     7.1258     7.1216    34.9293    34.9291    27.3456    27.3460    1500.83    123.302    124.301         38 0.0000e+00
      61242   2551.716    595.234    600.000     7.1954     7.1960   3.567211   3.567270     1.6346     1.3356     100.00   26.05954  -96.08160   -0.00053   -0.00049     2.8244     2.8482     7.1368     7.1374    34.9315    34.9306    27.3457    27.3449    1500.83    122.781    123.814         55 0.0000e+00
      62132   2588.783    593.252    598.000     7.2197     7.2214   3.569418   3.569530     1.6323     1.3345     100.00   26.05949  -96.08128    0.00013    0.00029     2.8147     2.8418     7.1612     7.1628    34.9320    34.9322    27.3427    27.3426    1500.82    122.357    123.538         39 0.0000e+00
      62168   2590.296    592.261    597.000     7.2197     7.2229   3.569321   3.569711     1.6325     1.3343      82.83   26.05958  -96.08160    0.00008    0.00011     2.8148     2.8407     7.1612     7.1645    34.9323    34.9325    27.3429    27.3426    1500.83    122.365    123.489         32 0.0000e+00
      62200   2591.628    591.271    596.000     7.2252     7.2301   3.569620   3.570303     1.6324     1.3342      90.16   26.05958  -96.08160    0.00006   -0.00008     2.8142     2.8398     7.1668     7.1717    34.9318    34.9329    27.3417    27.3419    1500.83    122.336    123.450         36 0.0000e+00
      62241   2593.345    590.280    595.000     7.2373     7.2416   3.570952   3.571400     1.6330     1.3344     100.45   26.05958  -96.08160    0.00017    0.00001     2.8146     2.8390     7.1790     7.1833    34.9324    34.9330    27.3405    27.3404    1500.83    122.354    123.417         40 0.0000e+00
      62355   2598.077    586.318    591.000     7.2793     7.2812   3.574821   3.575021     1.6319     1.3326     100.00   26.05870  -96.07830   -0.00023   -0.00042     2.8066     2.8287     7.2211     7.2231    34.9343    34.9345    27.3360    27.3359    1500.78    122.007    122.966         31 0.0000e+00
      63511   2646.231    541.733    546.000     7.7048     7.7060   3.614495   3.614579     1.6174     1.3198     100.00   26.05962  -96.08166   -0.00005   -0.00007     2.7150     2.7392     7.6495     7.6507    34.9593    34.9590    27.2940    27.2935    1500.83    118.031    119.084         32 0.0000e+00
      64529   2688.680    503.085    507.000     8.1771     8.1827   3.660763   3.661365     1.6013     1.3048      96.51   26.05978  -96.08216    0.00003    0.00018     2.6197     2.6436     8.1241     8.1297    35.0023    35.0028    27.2570    27.2565    1500.84    113.890    114.930         45 0.0000e+00
      64611   2692.068    502.094    506.000     8.1702     8.1737   3.659863   3.660211     1.6008     1.3042      98.35   26.05962  -96.08156   -0.00017   -0.00020     2.6185     2.6419     8.1173     8.1208    35.0008    35.0015    27.2568    27.2568    1500.83    113.841    114.858         56 0.0000e+00
      64679   2694.912    501.102    505.000     8.1827     8.1770   3.661265   3.660562     1.6012     1.3046      79.15   26.05962  -96.08156    0.00020    0.00008     2.6187     2.6427     8.1299     8.1242    35.0030    35.0019    27.2566    27.2567    1500.83    113.846    114.892         43 0.0000e+00
      64791   2699.576    500.111    504.000     8.1849     8.1966   3.661260   3.662455     1.6005     1.3054     102.80   26.05962  -96.08156   -0.00030    0.00014     2.6160     2.6436     8.1322     8.1438    35.0021    35.0033    27.2556    27.2547    1500.83    113.731    114.932         39 0.0000e+00
      64864   2702.643    499.120    503.000     8.2040     8.2151   3.663126   3.664228     1.6014     1.3047     100.00   26.05962  -96.08156    0.00009   -0.00015     2.6170     2.6400     8.1514     8.1624    35.0035    35.0053    27.2538    27.2535    1500.83    113.774    114.776         36 0.0000e+00
      64944   2705.977    498.130    502.000     8.2260     8.2221   3.665352   3.665015     1.6016     1.3041     100.00   26.05962  -96.08156    0.00005   -0.00027     2.6159     2.6372     8.1733     8.1695    35.0058    35.0060    27.2523    27.2529    1500.83    113.726    114.651         39 0.0000e+00
      65040   2709.968    497.138    501.000     8.2294     8.2202   3.665570   3.664791     1.6010     1.3042     100.00   26.05962  -96.08156   -0.00016    0.00001     2.6135     2.6373     8.1768     8.1677    35.0065    35.0061    27.2523    27.2533    1500.83    113.624    114.656         71 0.0000e+00
      65469   2727.833    496.147    500.000     8.2378     8.2369   3.666549   3.666433     1.6010     1.3048     100.00   26.05963  -96.08156    0.00007    0.00019     2.6126     2.6377     8.1853     8.1844    35.0078    35.0075    27.2519    27.2518    1500.83    113.584    114.675         47 0.0000e+00
      66391   2766.256    495.156    499.000     8.2500     8.2497   3.667714   3.667692     1.6007     1.3051     100.00   26.05964  -96.08156    0.00004    0.00013     2.6104     2.6375     8.1976     8.1972    35.0085    35.0087    27.2507    27.2509    1500.83    113.486    114.665         68 0.0000e+00
      66463   2769.258    494.165    498.000     8.2490     8.2495   3.667559   3.667633     1.6007     1.3047     100.00   26.05964  -96.08156    0.00003   -0.00016     2.6101     2.6359     8.1967     8.1972    35.0084    35.0086    27.2507    27.2508    1500.83    113.476    114.595         54 0.0000e+00
      66526   2771.862    493.174    497.000     8.2479     8.2494   3.667246   3.667512     1.6008     1.3048     100.00   26.05964  -96.08156   -0.00002    0.00008     2.6100     2.6360     8.1957     8.1972    35.0083    35.0088    27.2508    27.2509    1500.83    113.469    114.599         55 0.0000e+00
      66576   2773.979    492.183    496.000     8.2500     8.2533   3.667609   3.667962     1.6011     1.3053     100.00   26.05964  -96.08155    0.00015    0.00020     2.6107     2.6370     8.1979     8.2012    35.0088    35.0093    27.2508    27.2508    1500.83    113.501    114.642         42 0.0000e+00
      66613   2775.514    491.191    495.000     8.2553     8.2589   3.668108   3.668484     1.6013     1.3051     100.00   26.05965  -96.08154    0.00008    0.00008     2.6106     2.6354     8.2033     8.2069    35.0094    35.0098    27.2505    27.2503    1500.83    113.495    114.577         38 0.0000e+00
