Gulf of Mexico/GOMECC-4/1db/urb2103_1241.cnv
* Sea-Bird SBE 9 Data File:
* FileName = C:\Users\scs.user.rb\CTD\GOMECC4\data\rb2103_1241.hex
* Software Version Seasave V 7.26.7.107
* Temperature SN = 4799
* Conductivity SN = 3860
* Number of Bytes Per Scan = 41
* Number of Voltage Words = 4
* Number of Scans Averaged by the Deck Unit = 1
* NMEA Latitude = 24 27.99 N
* NMEA Longitude = 082 52.03 W
* NMEA UTC (Time) = Oct 18 2021  12:55:07
* NMEA baud rate = 4800
# nquan = 28
# nvalues = 12                          
# units = specified
# name 0 = scan: Scan Count
# name 1 = timeS: Time, Elapsed [seconds]
# name 2 = depSM: Depth [salt water, m]
# name 3 = prDM: Pressure, Digiquartz [db]
# name 4 = t090C: Temperature [ITS-90, deg C]
# name 5 = t190C: Temperature, 2 [ITS-90, deg C]
# name 6 = c0S/m: Conductivity [S/m]
# name 7 = c1S/m: Conductivity, 2 [S/m]
# name 8 = sbeox0V: Oxygen raw, SBE 43 [V]
# name 9 = sbeox1V: Oxygen raw, SBE 43, 2 [V]
# name 10 = altM: Altimeter [m]
# name 11 = latitude: Latitude [deg]
# name 12 = longitude: Longitude [deg]
# name 13 = sbox0dV/dT: Oxygen, SBE 43 [dov/dt]
# name 14 = sbox1dV/dT: Oxygen, SBE 43, 2 [dov/dt]
# name 15 = sbeox0ML/L: Oxygen, SBE 43 [ml/l], WS = 5
# name 16 = sbeox1ML/L: Oxygen, SBE 43, 2 [ml/l], WS = 5
# name 17 = potemp090C: Potential Temperature [ITS-90, deg C]
# name 18 = potemp190C: Potential Temperature, 2 [ITS-90, deg C]
# name 19 = sal00: Salinity, Practical [PSU]
# name 20 = sal11: Salinity, Practical, 2 [PSU]
# name 21 = sigma-é00: Density [sigma-theta, kg/m^3]
# name 22 = sigma-é11: Density, 2 [sigma-theta, kg/m^3]
# name 23 = avgsvCM: Average Sound Velocity [Chen-Millero, m/s], minP = 20, minS = 20
# name 24 = sbox0Mm/Kg: Oxygen, SBE 43 [umol/kg], WS = 5
# name 25 = sbox1Mm/Kg: Oxygen, SBE 43, 2 [umol/kg], WS = 5
# name 26 = nbin: number of scans per bin
# name 27 = flag: flag
# span 0 =      21900,      28262       
# span 1 =    912.466,   1177.526       
# span 2 =      0.994,     22.852       
# span 3 =      1.000,     23.000       
# span 4 =    28.4408,    29.8018       
# span 5 =    28.4424,    29.8031       
# span 6 =   5.734635,   6.009281       
# span 7 =   5.734977,   6.009614       
# span 8 =     2.9907,     3.1314       
# span 9 =     2.5237,     2.6413       
# span 10 =      11.93,      32.51      
# span 11 =   23.68926,   24.82040      
# span 12 =  -84.07203,  -80.24076      
# span 13 =   -0.00092,    0.00070      
# span 14 =   -0.00097,    0.00212      
# span 15 =     4.1019,     4.2987      
# span 16 =     4.0778,     4.2715      
# span 17 =    28.4401,    29.7986      
# span 18 =    28.4417,    29.7999      
# span 19 =    34.9104,    36.5778      
# span 20 =    34.9116,    36.5792      
# span 21 =    22.0097,    23.0607      
# span 22 =    22.0100,    23.0613      
# span 23 =    1496.79,    1568.26      
# span 24 =    179.117,    187.713      
# span 25 =    178.066,    186.526      
# span 26 =         34,         63      
# span 27 = 0.0000e+00, 0.0000e+00      
# interval = decibars: 1                
# start_time = Oct 18 2021 12:55:07 [NMEA time, header]
# bad_flag = -9.990e-29
*END*
      21900    912.466     22.852     23.000    29.4617    29.4629   5.940187   5.940518     3.0909     2.6044      11.93   24.52898  -83.08493    0.00001   -0.00027     4.2459     4.2139    29.4561    29.4573    36.1480    36.1494    22.7873    22.7879    1549.85    185.408    184.012         41 0.0000e+00
      22239    926.567     20.865     21.000    29.4748    29.4760   5.942766   5.943105     3.0950     2.6076      13.90   24.54021  -83.12290    0.00028   -0.00022     4.2517     4.2192    29.4696    29.4708    36.1645    36.1659    22.7976    22.7983    1550.55    185.662    184.243         34 0.0000e+00
      23235    968.092     18.878     19.000    29.3269    29.3277   5.913264   5.913552     3.0812     2.5971      15.47   24.42045  -82.71724   -0.00018    0.00017     4.2317     4.2017    29.3223    29.3230    35.9882    35.9896    22.6877    22.6885    1542.99    184.789    183.478         42 0.0000e+00
      24418   1017.360     12.916     13.000    29.8018    29.8031   6.009281   6.009614     3.1314     2.6413      21.84   24.82040  -84.07203    0.00041    0.00077     4.2987     4.2715    29.7986    29.7999    36.5778    36.5792    23.0607    23.0613    1568.26    187.713    186.526         39 0.0000e+00
      25461   1060.833      8.942      9.000    29.3197    29.3212   5.911987   5.912332     3.0803     2.6008      25.21   24.41954  -82.71437   -0.00092   -0.00001     4.2264     4.2049    29.3175    29.3190    35.9872    35.9884    22.6883    22.6888    1542.93    184.558    183.616         63 0.0000e+00
      25568   1065.277      7.949      8.000    29.3752    29.3759   5.923000   5.923284     3.0861     2.6033      26.45   24.46472  -82.86742    0.00063    0.00034     4.2339     4.2074    29.3732    29.3740    36.0537    36.0550    22.7298    22.7305    1545.79    184.882    183.728         52 0.0000e+00
      25613   1067.166      6.955      7.000    29.3737    29.3752   5.922809   5.923165     3.0845     2.6026      26.99   24.46472  -82.86742   -0.00069   -0.00055     4.2305     4.2058    29.3720    29.3735    36.0538    36.0551    22.7303    22.7307    1545.79    184.736    183.655         40 0.0000e+00
      25652   1068.778      5.962      6.000    29.3723    29.3727   5.922609   5.922875     3.0880     2.6017      27.70   24.46472  -82.86742    0.00011   -0.00063     4.2365     4.2035    29.3708    29.3713    36.0537    36.0552    22.7306    22.7316    1545.79    184.996    183.558         39 0.0000e+00
      25733   1072.157      4.968      5.000    29.3714    29.3725   5.922487   5.922774     3.0897     2.5998      29.16   24.46472  -82.86742    0.00032   -0.00097     4.2391     4.1993    29.3702    29.3713    36.0538    36.0550    22.7309    22.7314    1545.79    185.110    183.371         45 0.0000e+00
      26114   1088.049      2.981      3.000    28.4408    28.4424   5.734635   5.734977     2.9907     2.5237      29.73   23.68926  -80.24076   -0.00048    0.00036     4.1019     4.0778    28.4401    28.4417    34.9104    34.9116    22.0097    22.0100    1496.79    179.117    178.066         36 0.0000e+00
      28223   1175.914      1.987      2.000    29.3745    29.3759   5.922557   5.922874     3.0908     2.6080      31.73   24.46470  -82.86738    0.00007    0.00212     4.2392     4.2139    29.3740    29.3754    36.0529    36.0540    22.7289    22.7293    1545.79    185.116    184.011         35 0.0000e+00
      28262   1177.526      0.994      1.000    29.3737    29.3747   5.922362   5.922698     3.0903     2.6077      32.51   24.46470  -82.86738    0.00070    0.00034     4.2379     4.2128    29.3735    29.3745    36.0524    36.0540    22.7288    22.7296    1545.79    185.061    183.960         43 0.0000e+00
