Gulf of Mexico/GOMECC-4/1db/urb2103_0231.cnv
* Sea-Bird SBE 9 Data File:
* FileName = C:\Users\scs.user.rb\CTD\GOMECC4\data\rb2103_0231.hex
* Software Version Seasave V 7.26.7.107
* Temperature SN = 4799
* Conductivity SN = 3860
* Number of Bytes Per Scan = 41
* Number of Voltage Words = 4
* Number of Scans Averaged by the Deck Unit = 1
* NMEA Latitude = 28 51.94 N
* NMEA Longitude = 085 55.30 W
* NMEA UTC (Time) = Sep 21 2021  03:02:09
* NMEA baud rate = 4800
# nquan = 28
# nvalues = 119                         
# units = specified
# name 0 = scan: Scan Count
# name 1 = timeS: Time, Elapsed [seconds]
# name 2 = depSM: Depth [salt water, m]
# name 3 = prDM: Pressure, Digiquartz [db]
# name 4 = t090C: Temperature [ITS-90, deg C]
# name 5 = t190C: Temperature, 2 [ITS-90, deg C]
# name 6 = c0S/m: Conductivity [S/m]
# name 7 = c1S/m: Conductivity, 2 [S/m]
# name 8 = sbeox0V: Oxygen raw, SBE 43 [V]
# name 9 = sbeox1V: Oxygen raw, SBE 43, 2 [V]
# name 10 = altM: Altimeter [m]
# name 11 = latitude: Latitude [deg]
# name 12 = longitude: Longitude [deg]
# name 13 = sbox0dV/dT: Oxygen, SBE 43 [dov/dt]
# name 14 = sbox1dV/dT: Oxygen, SBE 43, 2 [dov/dt]
# name 15 = sbeox0ML/L: Oxygen, SBE 43 [ml/l], WS = 5
# name 16 = sbeox1ML/L: Oxygen, SBE 43, 2 [ml/l], WS = 5
# name 17 = potemp090C: Potential Temperature [ITS-90, deg C]
# name 18 = potemp190C: Potential Temperature, 2 [ITS-90, deg C]
# name 19 = sal00: Salinity, Practical [PSU]
# name 20 = sal11: Salinity, Practical, 2 [PSU]
# name 21 = sigma-é00: Density [sigma-theta, kg/m^3]
# name 22 = sigma-é11: Density, 2 [sigma-theta, kg/m^3]
# name 23 = avgsvCM: Average Sound Velocity [Chen-Millero, m/s], minP = 20, minS = 20
# name 24 = sbox0Mm/Kg: Oxygen, SBE 43 [umol/kg], WS = 5
# name 25 = sbox1Mm/Kg: Oxygen, SBE 43, 2 [umol/kg], WS = 5
# name 26 = nbin: number of scans per bin
# name 27 = flag: flag
# span 0 =      35815,      67767       
# span 1 =   1492.253,   2823.570       
# span 2 =      1.986,    244.202       
# span 3 =      2.000,    246.000       
# span 4 =    12.2046,    28.9328       
# span 5 =    12.2070,    28.9534       
# span 6 =   4.084308,   5.773672       
# span 7 =   4.084531,   5.773718       
# span 8 =     1.6778,     3.1373       
# span 9 =     1.3776,     2.6662       
# span 10 =      12.22,     100.68      
# span 11 =   28.85714,   29.05426      
# span 12 =  -86.50484,  -85.91733      
# span 13 =   -0.00831,    0.01900      
# span 14 =   -0.01129,    0.01817      
# span 15 =     2.4873,     4.4233      
# span 16 =     2.5227,     4.4282      
# span 17 =    12.1726,    28.9244      
# span 18 =    12.1751,    28.9449      
# span 19 =    34.6766,    36.5563      
# span 20 =    34.6777,    36.5587      
# span 21 =    21.9983,    26.9632      
# span 22 =    21.9987,    26.9628      
# span 23 =    1521.09,    1531.50      
# span 24 =    108.167,    193.292      
# span 25 =    109.705,    193.508      
# span 26 =         30,         70      
# span 27 = 0.0000e+00, 0.0000e+00      
# interval = decibars: 1                
# start_time = Sep 21 2021 03:02:09 [NMEA time, header]
# bad_flag = -9.990e-29
*END*
[from data line 52]
      51546   2147.714     92.354     93.000    20.2096    20.2266   5.005138   5.006651     2.1791     1.8327     100.00   28.85967  -85.92492    0.00337    0.00477     3.1142     3.1579    20.1922    20.2092    36.5383    36.5360    25.8844    25.8781    1521.23    135.571    137.474         52 0.0000e+00
      51600   2149.941     91.362     92.000    20.2820    20.3167   5.012577   5.016827     2.1935     1.8468     100.00   28.85966  -85.92490    0.00645    0.00572     3.1403     3.1851    20.2647    20.2995    36.5370    36.5419    25.8640    25.8584    1521.23    136.709    138.661         53 0.0000e+00
      51655   2152.241     90.369     91.000    20.3158    20.3591   5.016896   5.020834     2.2032     1.8542     100.00   28.85966  -85.92490    0.00518    0.00464     3.1583     3.1997    20.2986    20.3419    36.5436    36.5383    25.8599    25.8443    1521.23    137.496    139.299         63 0.0000e+00
      51716   2154.802     89.376     90.000    20.3788    20.4599   5.021844   5.027935     2.2113     1.8637     100.00   28.85966  -85.92490    0.00315    0.00286     3.1728     3.2177    20.3618    20.4429    36.5311    36.5217    25.8334    25.8044    1521.23    138.127    140.088         50 0.0000e+00
      51760   2156.643     88.383     89.000    20.5307    20.5422   5.036474   5.038012     2.2254     1.8795     100.00   28.85966  -85.92490    0.00467    0.00580     3.1918     3.2473    20.5139    20.5254    36.5186    36.5216    25.7829    25.7820    1521.23    138.962    141.380         47 0.0000e+00
      51819   2159.082     87.390     88.000    20.5522    20.5745   5.038779   5.041171     2.2490     1.8969     100.00   28.85966  -85.92490    0.00974    0.00839     3.2400     3.2856    20.5355    20.5578    36.5192    36.5195    25.7775    25.7717    1521.23    141.062    143.050         66 0.0000e+00
      51878   2161.549     86.397     87.000    20.5248    20.6492   5.036122   5.046872     2.2553     1.9018     100.00   28.85966  -85.92490    0.00478    0.00308     3.2534     3.2915    20.5083    20.6327    36.5203    36.5019    25.7857    25.7380    1521.23    141.645    143.308         51 0.0000e+00
      51926   2163.555     85.405     86.000    20.7763    20.7711   5.059602   5.059228     2.2707     1.9207     100.00   28.85966  -85.92488    0.00393    0.00551     3.2759     3.3323    20.7599    20.7549    36.4965    36.4962    25.6993    25.6994    1521.23    142.634    145.093         50 0.0000e+00
      51983   2165.932     84.412     85.000    20.7989    20.8334   5.061733   5.065374     2.3028     1.9438     100.00   28.85966  -85.92488    0.01257    0.00985     3.3370     3.3780    20.7826    20.8171    36.4948    36.4947    25.6918    25.6824    1521.23    145.299    147.084         60 0.0000e+00
      52039   2168.265     83.419     84.000    20.9308    20.9758   5.074783   5.079148     2.3170     1.9600     100.00   28.85965  -85.92488    0.00821    0.00740     3.3582     3.4063    20.9147    20.9596    36.4877    36.4845    25.6503    25.6356    1521.23    146.228    148.324         53 0.0000e+00
      52094   2170.558     82.426     83.000    21.1325    21.1894   5.093201   5.097683     2.3562     2.0021      95.50   28.85964  -85.92488    0.01204    0.01332     3.4276     3.4905    21.1165    21.1733    36.4642    36.4518    25.5771    25.5520    1521.23    149.257    152.001         56 0.0000e+00
      52149   2172.833     81.433     82.000    21.2352    21.2500   5.100618   5.103393     2.3959     2.0354     100.00   28.85964  -85.92488    0.01900    0.01817     3.5037     3.5629    21.2193    21.2341    36.4368    36.4464    25.5279    25.5312    1521.23    152.580    155.156         53 0.0000e+00
      52202   2175.021     80.440     81.000    21.2864    21.3827   5.106502   5.115539     2.4188     2.0632      99.94   28.85964  -85.92487    0.01292    0.01217     3.5476     3.6177    21.2707    21.3669    36.4398    36.4314    25.5160    25.4829    1521.23    154.492    157.553         53 0.0000e+00
      52257   2177.351     79.447     80.000    21.2932    21.4116   5.106723   5.118139     2.4381     2.0828     100.00   28.85964  -85.92486    0.00956    0.01097     3.5866     3.6605    21.2775    21.3959    36.4374    36.4280    25.5123    25.4724    1521.23    156.194    159.418         57 0.0000e+00
      54463   2269.233     72.497     73.000    22.5916    22.6020   5.234296   5.235367     2.7533     2.3499     100.10   28.88703  -86.00651    0.00330    0.00457     4.1388     4.1807    22.5768    22.5873    36.3647    36.3587    25.0939    25.0856    1522.68    180.316    182.144         46 0.0000e+00
      54464   2269.300     71.504     72.000    22.8934    22.9698   5.259093   5.269526     2.7746     2.3779      90.04   28.85958  -85.92478    0.00640    0.00867     4.1599     4.2165    22.8787    22.9550    36.2998    36.3174    24.9548    24.9461    1521.23    181.259    183.727         54 0.0000e+00
      54512   2271.278     70.511     71.000    23.0017    23.0251   5.271606   5.274512     2.8114     2.4071      99.84   28.85957  -85.92478    0.01675    0.01718     4.2265     4.2772    22.9871    23.0105    36.3077    36.3108    24.9295    24.9251    1521.23    184.163    186.374         46 0.0000e+00
      54564   2273.468     69.518     70.000    23.2438    23.2501   5.293437   5.294815     2.8233     2.4168     100.00   28.85956  -85.92478    0.01061    0.00688     4.2302     4.2819    23.2293    23.2356    36.2770    36.2825    24.8358    24.8380    1521.23    184.344    186.597         55 0.0000e+00
      54614   2275.539     68.525     69.000    23.3569    23.4705   5.307255   5.317996     2.8528     2.4486      99.90   28.85956  -85.92476    0.00979    0.01027     4.2787     4.3343    23.3426    23.4561    36.2908    36.2800    24.8131    24.7717    1521.23    186.461    188.890         48 0.0000e+00
      54666   2277.711     67.532     68.000    23.6032    23.7513   5.330533   5.345286     2.8633     2.4653     100.00   28.85956  -85.92476    0.00935    0.01179     4.2810     4.3507    23.5890    23.7371    36.2677    36.2593    24.7232    24.6732    1521.23    186.575    189.622         55 0.0000e+00
      54719   2279.912     66.539     67.000    23.8134    23.8203   5.351414   5.351465     2.8875     2.4691     100.00   28.85956  -85.92476    0.00794    0.00416     4.3114     4.3534    23.7994    23.8062    36.2557    36.2505    24.6520    24.6460    1521.23    187.917    189.747         50 0.0000e+00
      54768   2281.941     65.546     66.000    23.9082    23.9346   5.360876   5.364132     2.9028     2.4779     100.00   28.85956  -85.92476    0.00995    0.00216     4.3343     4.3634    23.8943    23.9207    36.2492    36.2541    24.6189    24.6148    1521.23    188.917    190.189         49 0.0000e+00
      54821   2284.162     64.553     65.000    24.0752    24.0617   5.377781   5.376586     2.9188     2.4928     100.00   28.85956  -85.92476    0.00726    0.00632     4.3537     4.3858    24.0614    24.0480    36.2438    36.2456    24.5650    24.5704    1521.23    189.774    191.174         55 0.0000e+00
      54871   2286.269     63.560     64.000    24.2090    24.1638   5.390234   5.386185     2.9313     2.5008     100.00   28.85956  -85.92476    0.00688    0.00479     4.3664     4.3956    24.1954    24.1503    36.2298    36.2358    24.5144    24.5324    1521.23    190.337    191.607         48 0.0000e+00
      54921   2288.341     62.567     63.000    24.3277    24.3029   5.402911   5.399645     2.9452     2.5095     100.00   28.85956  -85.92476    0.00596    0.00438     4.3835     4.4037    24.3142    24.2895    36.2298    36.2288    24.4788    24.4854    1521.23    191.089    191.967         52 0.0000e+00
      54973   2290.502     61.574     62.000    24.4443    24.4300   5.414341   5.412373     2.9564     2.5185     100.00   28.85956  -85.92476    0.00626    0.00383     4.3959     4.4132    24.4310    24.4168    36.2220    36.2186    24.4377    24.4395    1521.23    191.636    192.393         50 0.0000e+00
      55023   2292.567     60.581     61.000    24.5365    24.4944   5.423727   5.419750     2.9620     2.5264     100.00   28.85956  -85.92476    0.00382    0.00443     4.3988     4.4247    24.5234    24.4813    36.2184    36.2225    24.4072    24.4230    1521.23    191.771    192.896         51 0.0000e+00
      55076   2294.795     59.588     60.000    24.6235    24.5246   5.432598   5.421604     2.9663     2.5240     100.00   28.85956  -85.92476    0.00226    0.00094     4.3999     4.4165    24.6105    24.5117    36.2153    36.2144    24.3785    24.4076    1521.23    191.824    192.542         55 0.0000e+00
      55128   2296.968     58.596     59.000    24.6747    24.6394   5.436932   5.432297     2.9686     2.5300      93.79   28.85956  -85.92476    0.00146    0.00030     4.3999     4.4209    24.6620    24.6267    36.2068    36.2005    24.3565    24.3623    1521.23    191.828    192.744         49 0.0000e+00
      55177   2299.015     57.602     58.000    24.8047    24.7626   5.450119   5.444507     2.9720     2.5301      91.14   28.85956  -85.92476    0.00118    0.00235     4.3956     4.4114    24.7922    24.7501    36.1990    36.1932    24.3111    24.3194    1521.23    191.647    192.338         49 0.0000e+00
      55227   2301.082     56.609     57.000    25.0228    24.9818   5.470598   5.466700     2.9736     2.5357      99.82   28.85955  -85.92476    0.00147    0.00080     4.3809     4.4068    25.0104    24.9695    36.1796    36.1851    24.2298    24.2449    1521.23    191.024    192.147         53 0.0000e+00
      55283   2303.398     55.616     56.000    25.0563    25.0310   5.473735   5.471835     2.9759     2.5375     100.00   28.85954  -85.92476    0.00034    0.00244     4.3827     4.4064    25.0441    25.0188    36.1765    36.1824    24.2172    24.2296    1521.23    191.102    192.134         45 0.0000e+00
      58188   2424.465     47.672     48.000    27.3101    27.2940   5.688647   5.687407     3.0144     2.5643     100.08   28.88322  -85.99522    0.00083    0.00156     4.2814     4.2984    27.2990    27.2829    35.9873    35.9909    23.3696    23.3775    1522.48    186.843    187.586         62 0.0000e+00
      58205   2425.163     46.679     47.000    27.5855    27.4865   5.710735   5.701724     3.0238     2.5678     100.00   28.85952  -85.92466    0.00296    0.00118     4.2769     4.2901    27.5829    27.4756    35.9129    35.9296    23.2174    23.2641    1521.23    186.671    187.240         63 0.0000e+00
      58263   2427.596     45.686     46.000    27.7490    27.6163   5.725536   5.712004     3.0375     2.5732     100.00   28.85951  -85.92466    0.00657    0.00300     4.2904     4.2928    27.7338    27.6055    35.9013    35.9077    23.1596    23.2062    1521.23    187.272    187.370         60 0.0000e+00
      58331   2430.400     44.693     45.000    27.9976    27.8268   5.746902   5.732495     3.0448     2.5806     100.00   28.85950  -85.92466    0.00283    0.00213     4.2856     4.2922    27.9871    27.8162    35.8604    35.8891    23.0460    23.1234    1521.23    187.083    187.358         67 0.0000e+00
      58394   2433.032     43.700     44.000    28.1813    28.2217   5.759325   5.761965     3.0470     2.5825     100.00   28.85950  -85.92466    0.00173    0.00174     4.2757     4.2709    28.1654    28.2113    35.8125    35.7941    22.9514    22.9215    1521.23    186.666    186.462         67 0.0000e+00
      58460   2435.790     42.707     43.000    28.3251    28.3463   5.766934   5.769164     3.0456     2.5803     100.00   28.85950  -85.92466   -0.00094   -0.00114     4.2639     4.2581    28.3149    28.3360    35.7530    35.7526    22.8574    22.8502    1521.23    186.171    185.917         63 0.0000e+00
      58523   2438.400     41.714     42.000    28.4736    28.4610   5.773672   5.773718     3.0464     2.5839      94.39   28.85950  -85.92466    0.00046    0.00072     4.2554     4.2574    28.4636    28.4509    35.6893    35.6982    22.7604    22.7713    1521.23    185.819    185.903         64 0.0000e+00
      61046   2543.524     34.762     35.000    28.9328    28.9534   5.759967   5.759600     3.1037     2.6324      98.10   28.98888  -86.30999    0.00055   -0.00034     4.3375     4.3355    28.9244    28.9449    35.3283    35.3090    22.3603    22.3390    1528.05    189.493    189.412         36 0.0000e+00
      60835   2534.748     33.769     34.000    28.7683    28.7837   5.732651   5.731836     3.0924     2.6257     100.00   28.85944  -85.92460    0.00075    0.00081     4.3248     4.3289    28.7601    28.7755    35.1846    35.1667    22.2827    22.2641    1521.23    188.935    189.116         59 0.0000e+00
      60898   2537.390     32.776     33.000    28.7619    28.7725   5.718278   5.721914     3.0948     2.6289      84.96   28.85944  -85.92461    0.00054    0.00225     4.3315     4.3365    28.7540    28.7646    35.0914    35.1088    22.2148    22.2244    1521.23    189.239    189.460         68 0.0000e+00
      60963   2540.068     31.783     32.000    28.7062    28.7019   5.698871   5.704912     3.0976     2.6284     100.39   28.85944  -85.92460    0.00196   -0.00063     4.3425     4.3416    28.6985    28.6943    34.9984    35.0434    22.1633    22.1985    1521.23    189.729    189.687         57 0.0000e+00
      61018   2542.377     30.789     31.000    28.6383    28.6145   5.681218   5.679907     3.1029     2.6312     100.00   28.85942  -85.92460    0.00098    0.00130     4.3587     4.3547    28.6306    28.6073    34.9266    34.9237    22.1319    22.1393    1521.23    190.445    190.268         58 0.0000e+00
      61078   2544.885     29.796     30.000    28.5902    28.5867   5.667048   5.666822     3.1065     2.6368     100.00   28.85942  -85.92460    0.00207    0.00167     4.3699     4.3703    28.5830    28.5795    34.8639    34.8646    22.1005    22.1023    1521.23    190.941    190.957         64 0.0000e+00
      61146   2547.713     28.803     29.000    28.5882    28.5880   5.663686   5.664220     3.1084     2.6407     100.00   28.85942  -85.92460    0.00065    0.00132     4.3735     4.3779    28.5813    28.5811    34.8422    34.8461    22.0849    22.0879    1521.23    191.102    191.294         63 0.0000e+00
      61202   2550.033     27.810     28.000    28.5849    28.5869   5.661188   5.663426     3.1096     2.6391     100.00   28.85943  -85.92460    0.00059    0.00065     4.3762     4.3750    28.5782    28.5802    34.8271    34.8318    22.0745    22.0774    1521.23    191.220    191.166         58 0.0000e+00
      61262   2552.550     26.817     27.000    28.5762    28.5794   5.657109   5.658319     3.1091     2.6438     100.00   28.85942  -85.92459    0.00028    0.00051     4.3755     4.3847    28.5698    28.5729    34.8060    34.8121    22.0615    22.0650    1521.23    191.191    191.595         59 0.0000e+00
      61325   2555.149     25.824     26.000    28.5832    28.5808   5.658059   5.657791     3.1093     2.6439      96.93   28.85942  -85.92458   -0.00033    0.00093     4.3749     4.3844    28.5770    28.5746    34.8078    34.8077    22.0604    22.0612    1521.23    191.164    191.582         66 0.0000e+00
      61387   2557.752     24.831     25.000    28.5975    28.5944   5.659029   5.659267     3.1107     2.6438      99.91   28.85942  -85.92458    0.00037   -0.00008     4.3759     4.3827    28.5915    28.5885    34.8043    34.8082    22.0530    22.0569    1521.23    191.212    191.506         58 0.0000e+00
      61444   2560.133     23.837     24.000    28.5955    28.5961   5.657244   5.657986     3.1115     2.6448      81.83   28.85942  -85.92458    0.00070   -0.00013     4.3773     4.3842    28.5898    28.5904    34.7937    34.7984    22.0456    22.0489    1521.23    191.273    191.576         59 0.0000e+00
