Gulf of Mexico/GOMECC-4/1db/urb2103_0122.cnv
* Sea-Bird SBE 9 Data File:
* FileName = C:\Users\scs.user.rb\CTD\GOMECC4\data\rb2103_0122.hex
* Software Version Seasave V 7.26.7.107
* Temperature SN = 4799
* Conductivity SN = 3860
* Number of Bytes Per Scan = 41
* Number of Voltage Words = 4
* Number of Scans Averaged by the Deck Unit = 1
* NMEA Latitude = 26 39.93 N
* NMEA Longitude = 085 00.17 W
* NMEA UTC (Time) = Sep 18 2021  13:28:43
* NMEA baud rate = 4800
# nquan = 28
# nvalues = 449                         
# units = specified
# name 0 = scan: Scan Count
# name 1 = timeS: Time, Elapsed [seconds]
# name 2 = depSM: Depth [salt water, m]
# name 3 = prDM: Pressure, Digiquartz [db]
# name 4 = t090C: Temperature [ITS-90, deg C]
# name 5 = t190C: Temperature, 2 [ITS-90, deg C]
# name 6 = c0S/m: Conductivity [S/m]
# name 7 = c1S/m: Conductivity, 2 [S/m]
# name 8 = sbeox0V: Oxygen raw, SBE 43 [V]
# name 9 = sbeox1V: Oxygen raw, SBE 43, 2 [V]
# name 10 = altM: Altimeter [m]
# name 11 = latitude: Latitude [deg]
# name 12 = longitude: Longitude [deg]
# name 13 = sbox0dV/dT: Oxygen, SBE 43 [dov/dt]
# name 14 = sbox1dV/dT: Oxygen, SBE 43, 2 [dov/dt]
# name 15 = sbeox0ML/L: Oxygen, SBE 43 [ml/l], WS = 5
# name 16 = sbeox1ML/L: Oxygen, SBE 43, 2 [ml/l], WS = 5
# name 17 = potemp090C: Potential Temperature [ITS-90, deg C]
# name 18 = potemp190C: Potential Temperature, 2 [ITS-90, deg C]
# name 19 = sal00: Salinity, Practical [PSU]
# name 20 = sal11: Salinity, Practical, 2 [PSU]
# name 21 = sigma-é00: Density [sigma-theta, kg/m^3]
# name 22 = sigma-é11: Density, 2 [sigma-theta, kg/m^3]
# name 23 = avgsvCM: Average Sound Velocity [Chen-Millero, m/s], minP = 20, minS = 20
# name 24 = sbox0Mm/Kg: Oxygen, SBE 43 [umol/kg], WS = 5
# name 25 = sbox1Mm/Kg: Oxygen, SBE 43, 2 [umol/kg], WS = 5
# name 26 = nbin: number of scans per bin
# name 27 = flag: flag
# span 0 =     102210,     232323       
# span 1 =   4258.692,   9680.102       
# span 2 =      1.987,   3275.461       
# span 3 =      2.000,   3323.000       
# span 4 =     4.3014,    30.4606       
# span 5 =     4.3023,    30.4332       
# span 6 =   3.348901,   5.966202       
# span 7 =   3.348830,   5.958578       
# span 8 =     1.6139,     3.1920       
# span 9 =     1.3189,     2.7111       
# span 10 =      11.01,     104.63      
# span 11 =   26.65901,   27.29047      
# span 12 =  -87.01554,  -85.00351      
# span 13 =   -0.00577,    0.01913      
# span 14 =   -0.00520,    0.01863      
# span 15 =     2.5903,     4.6950      
# span 16 =     2.6224,     4.7281      
# span 17 =     4.0798,    30.4596      
# span 18 =     4.0810,    30.4322      
# span 19 =    34.9019,    36.6904      
# span 20 =    34.9005,    36.6927      
# span 21 =    21.8417,    27.7610      
# span 22 =    21.9195,    27.7595      
# span 23 =    1502.61,    1538.18      
# span 24 =    112.626,    204.015      
# span 25 =    114.023,    205.456      
# span 26 =         30,         70      
# span 27 = 0.0000e+00, 0.0000e+00      
# interval = decibars: 1                
# start_time = Sep 18 2021 13:28:43 [NMEA time, header]
# bad_flag = -9.990e-29
*END*
[from data line 104]
     156117   6504.826   1602.176   1619.000     4.3202     4.3209   3.352330   3.352270     1.9189     1.6020     100.00   26.66171  -85.01008    0.00016   -0.00000     4.5714     4.6123     4.1851     4.1858    34.9683    34.9669    27.7414    27.7402    1502.74    198.650    200.426         30 0.0000e+00
     156740   6530.796   1585.416   1602.000     4.3228     4.3232   3.351898   3.351812     1.9204     1.6038      98.79   26.66211  -85.01149    0.00010    0.00006     4.5668     4.6093     4.1894     4.1898    34.9687    34.9673    27.7413    27.7401    1502.77    198.450    200.297         32 0.0000e+00
     156912   6537.972   1584.431   1601.000     4.3233     4.3240   3.351867   3.351799     1.9204     1.6039      99.97   26.66178  -85.01048    0.00004   -0.00003     4.5660     4.6089     4.1900     4.1907    34.9683    34.9668    27.7408    27.7396    1502.75    198.413    200.279         61 0.0000e+00
     157702   6570.884   1583.445   1600.000     4.3237     4.3244   3.351859   3.351789     1.9207     1.6040     100.00   26.66177  -85.01053    0.00000   -0.00003     4.5665     4.6089     4.1905     4.1911    34.9683    34.9668    27.7408    27.7396    1502.75    198.435    200.279         49 0.0000e+00
     159064   6627.622   1544.991   1561.000     4.3305     4.3311   3.350864   3.350790     1.9245     1.6073     100.00   26.66232  -85.01244 3.3320e-07    0.00007     4.5570     4.5980     4.2008     4.2014    34.9685    34.9670    27.7399    27.7386    1502.78    198.023    199.803         30 0.0000e+00
     159206   6633.529   1539.074   1555.000     4.3305     4.3311   3.350568   3.350497     1.9252     1.6084     100.00   26.66192  -85.01124    0.00010    0.00010     4.5561     4.5991     4.2014     4.2020    34.9679    34.9664    27.7393    27.7381    1502.76    197.984    199.851         30 0.0000e+00
     160942   6705.868   1468.061   1483.000     4.3462     4.3467   3.348901   3.348830     1.9328     1.6153     100.00   26.66190  -85.01140    0.00010    0.00018     4.5402     4.5822     4.2237     4.2241    34.9670    34.9656    27.7362    27.7351    1502.76    197.292    199.116         30 0.0000e+00
     162979   6790.756   1388.143   1402.000     4.3908     4.3914   3.349305   3.349238     1.9330     1.6156     100.00   26.66185  -85.01153   -0.00001    0.00002     4.4877     4.5298     4.2754     4.2759    34.9644    34.9631    27.7286    27.7275    1502.76    195.015    196.842         41 0.0000e+00
     164183   6840.926   1386.169   1400.000     4.3942     4.3948   3.349223   3.349168     1.9318     1.6150      99.96   26.65929  -85.00351    0.00002    0.00002     4.4821     4.5263     4.2789     4.2795    34.9608    34.9595    27.7253    27.7242    1502.62    194.771    196.692         47 0.0000e+00
     165480   6894.942   1356.562   1370.000     4.4038     4.4043   3.349032   3.348962     1.9351     1.6176     100.00   26.66158  -85.01097    0.00004    0.00005     4.4752     4.5176     4.2912     4.2917    34.9633    34.9620    27.7260    27.7249    1502.75    194.471    196.313         30 0.0000e+00
     166152   6922.944   1329.912   1343.000     4.4203     4.4203   3.349296   3.349174     1.9360     1.6190     100.00   26.66132  -85.01029   -0.00008 -9.677e-07     4.4612     4.5054     4.3100     4.3100    34.9624    34.9610    27.7232    27.7221    1502.74    193.861    195.782         31 0.0000e+00
     166330   6930.390   1323.002   1336.000     4.4247     4.4259   3.349401   3.349388     1.9355     1.6179     100.00   26.66160  -85.01117   -0.00008   -0.00013     4.4547     4.4963     4.3150     4.3161    34.9624    34.9611    27.7227    27.7215    1502.75    193.579    195.387         31 0.0000e+00
     166453   6935.517   1318.067   1331.000     4.4341     4.4352   3.350031   3.350004     1.9352     1.6182     100.00   26.66193  -85.01223   -0.00003    0.00010     4.4494     4.4932     4.3248     4.3258    34.9624    34.9610    27.7216    27.7204    1502.77    193.353    195.252         31 0.0000e+00
     166777   6948.980   1305.233   1318.000     4.4563     4.4573   3.351344   3.351323     1.9319     1.6143     100.00   26.66154  -85.01104   -0.00027   -0.00031     4.4270     4.4676     4.3479     4.3489    34.9609    34.9596    27.7179    27.7168    1502.75    192.376    194.142         30 0.0000e+00
     167720   6988.294   1267.716   1280.000     4.5153     4.5158   3.354774   3.354713     1.9223     1.6055      75.41   26.66127  -85.01030   -0.00024   -0.00028     4.3629     4.4039     4.4098     4.4103    34.9577    34.9565    27.7086    27.7076    1502.74    189.594    191.375         30 0.0000e+00
     167843   6993.426   1262.779   1275.000     4.5185     4.5190   3.354848   3.354800     1.9220     1.6056     100.00   26.66145  -85.01092   -0.00006    0.00012     4.3588     4.4010     4.4135     4.4139    34.9577    34.9566    27.7082    27.7073    1502.75    189.414    191.249         32 0.0000e+00
     170345   7097.679   1188.709   1200.000     4.6177     4.6217   3.360044   3.360222     1.9095     1.5945      99.99   26.65957  -85.00525   -0.00019   -0.00019     4.2599     4.3029     4.5185     4.5226    34.9513    34.9496    27.6915    27.6897    1502.65    185.120    186.991         51 0.0000e+00
     170970   7123.701   1187.722   1199.000     4.6247     4.6255   3.360798   3.360773     1.9089     1.5943     100.00   26.66142  -85.01120    0.00009   -0.00009     4.2561     4.3010     4.5256     4.5265    34.9533    34.9521    27.6923    27.6913    1502.75    184.954    186.905         53 0.0000e+00
     171027   7126.078   1186.734   1198.000     4.6246     4.6255   3.360742   3.360715     1.9091     1.5946     100.00   26.66142  -85.01120    0.00002    0.00012     4.2562     4.3014     4.5256     4.5265    34.9532    34.9520    27.6923    27.6912    1502.75    184.960    186.926         53 0.0000e+00
     171088   7128.620   1185.746   1197.000     4.6248     4.6254   3.360723   3.360665     1.9092     1.5946     100.00   26.66142  -85.01120    0.00011    0.00001     4.2563     4.3009     4.5259     4.5265    34.9533    34.9520    27.6923    27.6912    1502.75    184.965    186.904         60 0.0000e+00
     171132   7130.459   1184.758   1196.000     4.6254     4.6257   3.360725   3.360653     1.9096     1.5949     100.00   26.66141  -85.01121    0.00013    0.00007     4.2568     4.3016     4.5266     4.5269    34.9532    34.9520    27.6921    27.6912    1502.75    184.988    186.934         35 0.0000e+00
     171165   7131.827   1183.770   1195.000     4.6261     4.6262   3.360737   3.360653     1.9097     1.5951      72.96   26.66140  -85.01122    0.00016    0.00016     4.2568     4.3017     4.5273     4.5275    34.9531    34.9520    27.6920    27.6911    1502.75    184.985    186.936         30 0.0000e+00
     173630   7234.538   1088.921   1099.000     4.8488     4.8513   3.375935   3.376013     1.8855     1.5705      49.28   26.66096  -85.01004   -0.00068   -0.00069     4.0930     4.1286     4.7569     4.7594    34.9441    34.9424    27.6590    27.6574    1502.73    177.874    179.421         30 0.0000e+00
     173760   7239.977   1083.980   1094.000     4.8630     4.8641   3.376986   3.376978     1.8811     1.5662     100.00   26.66143  -85.01152   -0.00079   -0.00085     4.0730     4.1080     4.7715     4.7726    34.9439    34.9427    27.6572    27.6561    1502.75    177.003    178.527         31 0.0000e+00
     173891   7245.417   1079.039   1089.000     4.8773     4.8789   3.378055   3.378081     1.8785     1.5648     100.00   26.66181  -85.01277   -0.00039   -0.00009     4.0595     4.0985     4.7861     4.7877    34.9438    34.9425    27.6555    27.6542    1502.78    176.419    178.112         33 0.0000e+00
     174019   7250.736   1074.097   1084.000     4.9024     4.9039   3.380031   3.380037     1.8761     1.5629     100.00   26.66182  -85.01287   -0.00035   -0.00038     4.0460     4.0855     4.8115     4.8130    34.9430    34.9415    27.6519    27.6505    1502.78    175.830    177.550         34 0.0000e+00
     174145   7256.008   1069.156   1079.000     4.9357     4.9382   3.382751   3.382844     1.8732     1.5594     100.00   26.66198  -85.01337   -0.00052   -0.00058     4.0293     4.0658     4.8449     4.8474    34.9419    34.9402    27.6472    27.6455    1502.79    175.107    176.693         31 0.0000e+00
     174174   7257.197   1068.167   1078.000     4.9359     4.9392   3.382634   3.382817     1.8716     1.5577     100.00   26.66134  -85.01132   -0.00078   -0.00101     4.0230     4.0590     4.8452     4.8485    34.9411    34.9398    27.6466    27.6451    1502.75    174.836    176.397         33 0.0000e+00
     174297   7262.331   1063.226   1073.000     4.9704     4.9718   3.385393   3.385424     1.8673     1.5528     100.00   26.66141  -85.01156   -0.00086   -0.00090     4.0022     4.0339     4.8799     4.8813    34.9399    34.9383    27.6416    27.6402    1502.75    173.932    175.310         30 0.0000e+00
     175210   7300.358   1027.641   1037.000     5.1563     5.1541   3.399951   3.399707     1.8329     1.5220      44.41   26.66078  -85.00971   -0.00100   -0.00066     3.8438     3.8799     5.0677     5.0655    34.9314    34.9308    27.6130    27.6128    1502.72    167.054    168.620         31 0.0000e+00
     175466   7311.025   1017.756   1027.000     5.1779     5.1788   3.401526   3.401509     1.8259     1.5165     100.00   26.66162  -85.01240   -0.00042   -0.00039     3.8124     3.8519     5.0900     5.0910    34.9321    34.9309    27.6109    27.6099    1502.77    165.685    167.404         30 0.0000e+00
     176078   7336.553    995.018   1004.000     5.2402     5.2422   3.406094   3.406176     1.8181     1.5093      95.11   26.66258  -85.01554   -0.00043   -0.00030     3.7676     3.8069     5.1540     5.1560    34.9312    34.9300    27.6027    27.6015    1502.82    163.740    165.451         43 0.0000e+00
     176138   7339.026    994.029   1003.000     5.2365     5.2383   3.405530   3.405643     1.8172     1.5082      99.97   26.66128  -85.01141   -0.00033   -0.00044     3.7646     3.8028     5.1504     5.1522    34.9295    34.9284    27.6017    27.6007    1502.75    163.610    165.273         55 0.0000e+00
     176208   7341.967    993.040   1002.000     5.2403     5.2423   3.405794   3.405772     1.8171     1.5090      87.03   26.66128  -85.01142   -0.00004    0.00020     3.7633     3.8049     5.1543     5.1563    34.9290    34.9275    27.6009    27.5995    1502.75    163.557    165.362         62 0.0000e+00
     176271   7344.599    992.051   1001.000     5.2509     5.2519   3.406729   3.406753     1.8174     1.5088     100.69   26.66128  -85.01142    0.00005    0.00013     3.7626     3.8025     5.1649     5.1659    34.9287    34.9279    27.5994    27.5986    1502.75    163.524    165.260         47 0.0000e+00
     176357   7348.185    991.063   1000.000     5.2531     5.2587   3.406885   3.407286     1.8165     1.5078      67.91   26.66127  -85.01142   -0.00030   -0.00024     3.7589     3.7978     5.1672     5.1727    34.9287    34.9275    27.5991    27.5975    1502.75    163.362    165.055         47 0.0000e+00
     177112   7379.621    990.074    999.000     5.2724     5.2752   3.408536   3.408683     1.8131     1.5056      88.00   26.66126  -85.01148   -0.00007    0.00000     3.7446     3.7873     5.1864     5.1892    34.9281    34.9269    27.5964    27.5951    1502.75    162.744    164.599         51 0.0000e+00
     177578   7399.058    989.085    998.000     5.2773     5.2786   3.408927   3.408959     1.8111     1.5043      99.56   26.66126  -85.01152    0.00003    0.00002     3.7369     3.7817     5.1914     5.1927    34.9280    34.9270    27.5957    27.5947    1502.75    162.408    164.358         45 0.0000e+00
     177660   7402.459    988.097    997.000     5.2779     5.2788   3.408942   3.408929     1.8113     1.5042      65.02   26.66126  -85.01152    0.00004   -0.00002     3.7369     3.7808     5.1921     5.1930    34.9280    34.9270    27.5956    27.5947    1502.75    162.408    164.316         49 0.0000e+00
     177749   7406.181    985.131    994.000     5.2836     5.2843   3.409329   3.409293     1.8120     1.5040     100.00   26.66146  -85.01219    0.00019   -0.00011     3.7373     3.7782     5.1980     5.1987    34.9280    34.9269    27.5949    27.5940    1502.76    162.424    164.202         31 0.0000e+00
     179073   7461.337    933.710    942.000     5.4459     5.4477   3.421212   3.421267     1.7920     1.4846      48.75   26.66058  -85.00950   -0.00043   -0.00028     3.6280     3.6650     5.3640     5.3657    34.9214    34.9202    27.5698    27.5686    1502.71    157.678    159.289         30 0.0000e+00
     179199   7466.594    928.765    937.000     5.4712     5.4712   3.423257   3.423162     1.7907     1.4833     100.00   26.66083  -85.01032   -0.00025   -0.00030     3.6189     3.6556     5.3895     5.3896    34.9210    34.9199    27.5664    27.5655    1502.73    157.286    158.877         31 0.0000e+00
     179509   7479.489    916.897    925.000     5.5475     5.5498   3.429631   3.429729     1.7812     1.4735      99.10   26.66233  -85.01505   -0.00079   -0.00064     3.5734     3.6062     5.4665     5.4687    34.9207    34.9195    27.5569    27.5556    1502.81    155.310    156.734         32 0.0000e+00
     179535   7480.574    915.908    924.000     5.5481     5.5496   3.429487   3.429528     1.7799     1.4725      98.86   26.66126  -85.01163   -0.00071   -0.00061     3.5688     3.6022     5.4672     5.4686    34.9189    34.9179    27.5553    27.5543    1502.75    155.109    156.559         32 0.0000e+00
     179654   7485.530    910.963    919.000     5.5733     5.5749   3.431490   3.431563     1.7778     1.4708     100.00   26.66122  -85.01151   -0.00037   -0.00043     3.5567     3.5910     5.4927     5.4943    34.9181    34.9173    27.5515    27.5507    1502.75    154.584    156.075         33 0.0000e+00
     179813   7492.175    905.028    913.000     5.5908     5.5927   3.432928   3.432987     1.7743     1.4683     100.00   26.66248  -85.01553   -0.00053   -0.00039     3.5406     3.5777     5.5106     5.5125    34.9195    34.9182    27.5505    27.5492    1502.82    153.885    155.494         35 0.0000e+00
     179841   7493.327    904.039    912.000     5.5910     5.5923   3.432767   3.432767     1.7731     1.4675     100.00   26.66124  -85.01166   -0.00073   -0.00056     3.5362     3.5743     5.5109     5.5122    34.9178    34.9165    27.5490    27.5479    1502.75    153.694    155.349         33 0.0000e+00
     179961   7498.322    899.094    907.000     5.5991     5.5992   3.433325   3.433234     1.7724     1.4672     100.00   26.66188  -85.01365   -0.00013   -0.00005     3.5307     3.5702     5.5194     5.5195    34.9183    34.9171    27.5484    27.5475    1502.79    153.454    155.169         32 0.0000e+00
     179989   7499.483    898.104    906.000     5.5994     5.5987   3.433265   3.433091     1.7721     1.4667     100.00   26.66126  -85.01166   -0.00014   -0.00021     3.5287     3.5681     5.5198     5.5191    34.9175    34.9165    27.5478    27.5470    1502.75    153.368    155.079         32 0.0000e+00
     180115   7504.751    893.159    901.000     5.6106     5.6113   3.434120   3.434086     1.7714     1.4668     100.00   26.66222  -85.01474   -0.00014    0.00005     3.5234     3.5647     5.5314     5.5321    34.9185    34.9174    27.5471    27.5461    1502.80    153.138    154.930         30 0.0000e+00
     180139   7505.764    892.170    900.000     5.6110     5.6111   3.433982   3.433915     1.7712     1.4658     100.00   26.66126  -85.01166   -0.00010   -0.00033     3.5224     3.5606     5.5319     5.5320    34.9169    34.9161    27.5458    27.5451    1502.75    153.093    154.754         30 0.0000e+00
