Gulf of Mexico/GOMECC-4/1db/urb2103_0681.cnv
* Sea-Bird SBE 9 Data File:
* FileName = C:\Users\scs.user.rb\CTD\GOMECC4\data\rb2103_0681.hex
* Software Version Seasave V 7.26.7.107
* Temperature SN = 4799
* Conductivity SN = 3860
* Number of Bytes Per Scan = 41
* Number of Voltage Words = 4
* Number of Scans Averaged by the Deck Unit = 1
* NMEA Latitude = 26 03.52 N
* NMEA Longitude = 095 32.99 W
* NMEA UTC (Time) = Oct 03 2021  07:00:55
* NMEA baud rate = 4800
# nquan = 28
# nvalues = 194                         
# units = specified
# name 0 = scan: Scan Count
# name 1 = timeS: Time, Elapsed [seconds]
# name 2 = depSM: Depth [salt water, m]
# name 3 = prDM: Pressure, Digiquartz [db]
# name 4 = t090C: Temperature [ITS-90, deg C]
# name 5 = t190C: Temperature, 2 [ITS-90, deg C]
# name 6 = c0S/m: Conductivity [S/m]
# name 7 = c1S/m: Conductivity, 2 [S/m]
# name 8 = sbeox0V: Oxygen raw, SBE 43 [V]
# name 9 = sbeox1V: Oxygen raw, SBE 43, 2 [V]
# name 10 = altM: Altimeter [m]
# name 11 = latitude: Latitude [deg]
# name 12 = longitude: Longitude [deg]
# name 13 = sbox0dV/dT: Oxygen, SBE 43 [dov/dt]
# name 14 = sbox1dV/dT: Oxygen, SBE 43, 2 [dov/dt]
# name 15 = sbeox0ML/L: Oxygen, SBE 43 [ml/l], WS = 5
# name 16 = sbeox1ML/L: Oxygen, SBE 43, 2 [ml/l], WS = 5
# name 17 = potemp090C: Potential Temperature [ITS-90, deg C]
# name 18 = potemp190C: Potential Temperature, 2 [ITS-90, deg C]
# name 19 = sal00: Salinity, Practical [PSU]
# name 20 = sal11: Salinity, Practical, 2 [PSU]
# name 21 = sigma-é00: Density [sigma-theta, kg/m^3]
# name 22 = sigma-é11: Density, 2 [sigma-theta, kg/m^3]
# name 23 = avgsvCM: Average Sound Velocity [Chen-Millero, m/s], minP = 20, minS = 20
# name 24 = sbox0Mm/Kg: Oxygen, SBE 43 [umol/kg], WS = 5
# name 25 = sbox1Mm/Kg: Oxygen, SBE 43, 2 [umol/kg], WS = 5
# name 26 = nbin: number of scans per bin
# name 27 = flag: flag
# span 0 =      47939,     116517       
# span 1 =   1997.433,   4854.843       
# span 2 =      0.994,   1361.557       
# span 3 =      1.000,   1375.000       
# span 4 =     4.4285,    29.7754       
# span 5 =     4.4289,    29.7762       
# span 6 =   3.350828,   5.952940       
# span 7 =   3.350789,   5.953215       
# span 8 =     1.5786,     3.3257       
# span 9 =     1.2834,     2.8326       
# span 10 =       9.65,     103.24      
# span 11 =   25.85145,   26.55610      
# span 12 =  -97.36924,  -94.78559      
# span 13 =   -0.01175,    0.02130      
# span 14 =   -0.00937,    0.02128      
# span 15 =     2.4130,     4.8833      
# span 16 =     2.4350,     4.8842      
# span 17 =     4.3163,    29.7732      
# span 18 =     4.3167,    29.7740      
# span 19 =    34.9154,    36.5137      
# span 20 =    34.9148,    36.5174      
# span 21 =    22.2651,    27.7226      
# span 22 =    22.2653,    27.7218      
# span 23 =    1486.43,    1526.95      
# span 24 =    104.922,    213.046      
# span 25 =    105.879,    212.925      
# span 26 =         30,         75      
# span 27 = 0.0000e+00, 0.0000e+00      
# interval = decibars: 1                
# start_time = Oct 03 2021 07:00:55 [NMEA time, header]
# bad_flag = -9.990e-29
*END*
[from data line 52]
      74939   3122.429    542.724    547.000     8.4701     8.4733   3.692643   3.692955     1.5858     1.2888     100.00   26.05914  -95.54786   -0.00008   -0.00004     2.5672     2.5860     8.4116     8.4148    35.0325    35.0326    27.2366    27.2362    1498.39    111.613    112.429         30 0.0000e+00
      75092   3128.787    536.778    541.000     8.5555     8.5525   3.701369   3.700791     1.5819     1.2845     100.00   26.05900  -95.54736   -0.00067   -0.00063     2.5478     2.5650     8.4973     8.4943    35.0430    35.0399    27.2315    27.2296    1498.38    110.766    111.515         30 0.0000e+00
      75826   3159.362    508.040    512.000     8.9793     8.9838   3.744082   3.744523     1.5786     1.2834     100.00   26.05909  -95.54774    0.00045    0.00046     2.5010     2.5241     8.9226     8.9271    35.0876    35.0878    27.1992    27.1987    1498.38    108.738    109.740         31 0.0000e+00
      75951   3164.575    503.085    507.000     9.0250     9.0332   3.748757   3.749507     1.5817     1.2857     100.00   26.05947  -95.54917    0.00065    0.00048     2.5052     2.5268     8.9687     8.9769    35.0939    35.0937    27.1968    27.1953    1498.41    108.920    109.860         31 0.0000e+00
      76049   3168.662    500.112    504.000     9.0780     9.0787   3.754684   3.754734     1.5838     1.2872     100.02   26.06365  -95.56448    0.00057    0.00037     2.5066     2.5275     9.0219     9.0226    35.1018    35.1049    27.1945    27.1969    1498.65    108.982    109.888         30 0.0000e+00
      76128   3171.940    499.120    503.000     9.0385     9.0485   3.749982   3.751023     1.5830     1.2871     100.00   26.05954  -95.54942    0.00004    0.00009     2.5071     2.5289     8.9827     8.9927    35.0953    35.0963    27.1956    27.1948    1498.41    109.001    109.951         41 0.0000e+00
      76218   3175.721    498.129    502.000     9.0227     9.0327   3.748183   3.749227     1.5830     1.2876     100.00   26.05954  -95.54942    0.00005    0.00025     2.5077     2.5313     8.9670     8.9770    35.0925    35.0936    27.1960    27.1952    1498.41    109.029    110.053         37 0.0000e+00
      76334   3180.538    497.138    501.000     9.0845     9.0911   3.754693   3.755401     1.5846     1.2888     100.00   26.05954  -95.54942    0.00036    0.00026     2.5080     2.5307     9.0287     9.0353    35.1002    35.1011    27.1921    27.1917    1498.41    109.044    110.030         52 0.0000e+00
      77541   3230.825    495.156    499.000     9.1559     9.1589   3.762850   3.763210     1.5852     1.2892     100.02   26.06579  -95.57240   -0.00004   -0.00004     2.5039     2.5270     9.1000     9.1030    35.1163    35.1166    27.1934    27.1931    1498.77    108.863    109.868         44 0.0000e+00
      77579   3232.422    494.165    498.000     9.1624     9.1644   3.762697   3.762896     1.5850     1.2890     100.00   26.05952  -95.54942   -0.00003   -0.00005     2.5032     2.5260     9.1067     9.1087    35.1086    35.1087    27.1860    27.1857    1498.41    108.832    109.824         62 0.0000e+00
      77626   3234.394    493.174    497.000     9.1603     9.1667   3.762549   3.763204     1.5852     1.2892     100.00   26.05952  -95.54942    0.00011    0.00012     2.5034     2.5261     9.1047     9.1110    35.1096    35.1101    27.1871    27.1865    1498.41    108.843    109.832         40 0.0000e+00
      77672   3236.278    492.183    496.000     9.1828     9.1868   3.764836   3.765222     1.5855     1.2898     100.00   26.05952  -95.54942    0.00010    0.00021     2.5026     2.5262     9.1272     9.1312    35.1117    35.1118    27.1851    27.1845    1498.41    108.807    109.834         53 0.0000e+00
      77719   3238.262    491.191    495.000     9.1906     9.1925   3.765617   3.765837     1.5861     1.2898     100.00   26.05952  -95.54942    0.00027    0.00016     2.5036     2.5256     9.1351     9.1371    35.1126    35.1131    27.1846    27.1846    1498.41    108.851    109.810         35 0.0000e+00
      77781   3240.831    489.209    493.000     9.2075     9.2104   3.767529   3.767796     1.5862     1.2900     100.01   26.06118  -95.55549    0.00013    0.00002     2.5021     2.5244     9.1522     9.1551    35.1172    35.1172    27.1855    27.1849    1498.51    108.785    109.758         31 0.0000e+00
      77808   3241.942    488.218    492.000     9.2150     9.2151   3.768088   3.767996     1.5863     1.2898     100.00   26.05952  -95.54942    0.00003    0.00005     2.5016     2.5233     9.1598     9.1598    35.1158    35.1148    27.1830    27.1822    1498.41    108.765    109.708         31 0.0000e+00
      78605   3275.152    456.499    460.000     9.7149     9.7159   3.820137   3.820185     1.5909     1.2929     100.00   26.05990  -95.55081    0.00002   -0.00002     2.4724     2.4911     9.6617     9.6626    35.1800    35.1795    27.1501    27.1496    1498.43    107.497    108.311         30 0.0000e+00
      80003   3333.425    400.980    404.000    10.7349    10.7404   3.928567   3.929066     1.5991     1.3006      99.82   26.05796  -95.54370    0.00038    0.00039     2.4147     2.4350    10.6852    10.6907    35.3176    35.3176    27.0797    27.0788    1498.32    104.996    105.879         35 0.0000e+00
      80099   3337.419    399.988    403.000    10.7142    10.7210   3.926295   3.926988     1.5991     1.3005      90.75   26.05952  -95.54942   -0.00001   -0.00001     2.4158     2.4356    10.6647    10.6715    35.3159    35.3163    27.0821    27.0813    1498.41    105.045    105.907         68 0.0000e+00
      80238   3343.190    398.005    401.000    10.7672    10.7590   3.930994   3.930556     1.5993     1.3021      92.04   26.05206  -95.52208    0.00023    0.00032     2.4130     2.4378    10.7178    10.7096    35.3111    35.3163    27.0685    27.0741    1497.98    104.922    106.000         54 0.0000e+00
      81047   3376.902    397.013    400.000    10.8491    10.8426   3.940922   3.941030     1.6026     1.3039      99.15   26.05953  -95.54941    0.00016   -0.00011     2.4161     2.4373    10.7996    10.7931    35.3340    35.3337    27.0720    27.0730    1498.41    105.060    105.981         35 0.0000e+00
      81453   3393.830    396.022    399.000    10.8777    10.8806   3.944202   3.944403     1.6036     1.3043     100.00   26.05954  -95.54940   -0.00002   -0.00015     2.4169     2.4363    10.8282    10.8311    35.3396    35.3393    27.0712    27.0706    1498.41    105.093    105.939         46 0.0000e+00
      81498   3395.705    395.030    398.000    10.8840    10.8829   3.944526   3.944582     1.6041     1.3048     100.00   26.05954  -95.54940    0.00027    0.00007     2.4177     2.4373    10.8346    10.8335    35.3396    35.3394    27.0701    27.0701    1498.41    105.128    105.981         49 0.0000e+00
      81537   3397.344    394.038    397.000    10.8931    10.8968   3.945870   3.946141     1.6045     1.3051     100.00   26.05954  -95.54940    0.00026    0.00019     2.4178     2.4372    10.8438    10.8475    35.3425    35.3418    27.0707    27.0695    1498.41    105.133    105.976         31 0.0000e+00
      81600   3399.964    392.055    395.000    10.9369    10.9416   3.950595   3.951146     1.6052     1.3060     100.00   26.06072  -95.55366    0.00024    0.00026     2.4165     2.4366    10.8877    10.8925    35.3489    35.3498    27.0678    27.0677    1498.48    105.078    105.951         36 0.0000e+00
      81634   3401.383    391.064    394.000    10.9457    10.9490   3.951412   3.951673     1.6054     1.3066     100.00   26.05956  -95.54940    0.00027    0.00044     2.4163     2.4375    10.8966    10.8999    35.3488    35.3482    27.0661    27.0650    1498.41    105.070    105.991         37 0.0000e+00
      81750   3406.209    387.097    390.000    11.0116    11.0164   3.958745   3.959173     1.6063     1.3078     100.01   26.06116  -95.55528    0.00023    0.00035     2.4134     2.4358    10.9629    10.9677    35.3608    35.3605    27.0635    27.0624    1498.50    104.944    105.916         33 0.0000e+00
      81777   3407.354    386.106    389.000    11.0272    11.0316   3.960346   3.960582     1.6068     1.3080     100.00   26.05956  -95.54940    0.00023    0.00042     2.4135     2.4354    10.9785    10.9829    35.3612    35.3600    27.0608    27.0591    1498.41    104.945    105.901         32 0.0000e+00
      83900   3495.780    301.800    304.000    13.0196    13.0560   4.180997   4.185117     1.6931     1.3854     100.00   26.05903  -95.54735    0.00084    0.00068     2.4960     2.5138    12.9773    13.0136    35.6585    35.6635    26.9078    26.9044    1498.38    108.549    109.323         49 0.0000e+00
      83985   3499.318    300.808    303.000    13.0841    13.0948   4.187859   4.189061     1.6941     1.3873     100.00   26.05958  -95.54938    0.00029    0.00056     2.4946     2.5167    13.0419    13.0525    35.6638    35.6653    26.8989    26.8979    1498.41    108.489    109.451         57 0.0000e+00
      84070   3502.860    299.816    302.000    13.1135    13.1181   4.191488   4.191474     1.6968     1.3894     100.00   26.05958  -95.54938    0.00074    0.00076     2.4992     2.5208    13.0713    13.0759    35.6712    35.6699    26.8987    26.8967    1498.41    108.689    109.632         36 0.0000e+00
      84166   3506.882    298.824    301.000    13.1393    13.1434   4.194308   4.194805     1.6986     1.3924     100.00   26.05958  -95.54938    0.00041    0.00083     2.5020     2.5274    13.0972    13.1013    35.6741    35.6747    26.8957    26.8953    1498.41    108.811    109.919         50 0.0000e+00
      84844   3535.139    297.832    300.000    13.1995    13.2019   4.201329   4.201450     1.7030     1.3947      97.24   26.05960  -95.54936    0.00020   -0.00003     2.5091     2.5302    13.1573    13.1598    35.6840    35.6839    26.8911    26.8905    1498.41    109.122    110.039         42 0.0000e+00
      85329   3555.332    296.840    299.000    13.2312    13.2317   4.205006   4.205029     1.7054     1.3972      99.97   26.05962  -95.54934    0.00017    0.00035     2.5132     2.5350    13.1891    13.1896    35.6907    35.6903    26.8898    26.8894    1498.41    109.300    110.247         62 0.0000e+00
      85406   3558.528    295.848    298.000    13.2442    13.2379   4.206374   4.205712     1.7063     1.3980     100.00   26.05962  -95.54934    0.00028    0.00034     2.5145     2.5366    13.2023    13.1959    35.6919    35.6916    26.8880    26.8891    1498.41    109.356    110.316         67 0.0000e+00
      85478   3561.527    294.856    297.000    13.2579    13.2568   4.208031   4.207933     1.7073     1.3989     100.00   26.05962  -95.54934    0.00030    0.00022     2.5157     2.5377    13.2161    13.2150    35.6939    35.6941    26.8867    26.8871    1498.41    109.408    110.365         75 0.0000e+00
      85542   3564.205    293.863    296.000    13.2927    13.2794   4.211798   4.210132     1.7084     1.3995     100.00   26.05962  -95.54934    0.00041    0.00016     2.5163     2.5378    13.2509    13.2377    35.6988    35.6954    26.8834    26.8835    1498.41    109.435    110.372         47 0.0000e+00
      85586   3566.028    292.871    295.000    13.3184    13.3183   4.214807   4.214750     1.7094     1.4006     100.00   26.05962  -95.54934    0.00050    0.00048     2.5170     2.5381    13.2768    13.2766    35.7036    35.7032    26.8819    26.8816    1498.41    109.465    110.384         43 0.0000e+00
      85631   3567.902    291.879    294.000    13.3317    13.3372   4.216263   4.216878     1.7100     1.4016     100.00   26.05963  -95.54934    0.00045    0.00058     2.5173     2.5397    13.2902    13.2957    35.7054    35.7061    26.8805    26.8799    1498.41    109.481    110.453         43 0.0000e+00
      85667   3569.436    290.887    293.000    13.3566    13.3528   4.219075   4.218821     1.7106     1.4018     100.00   26.05962  -95.54934    0.00037    0.00043     2.5171     2.5389    13.3151    13.3114    35.7092    35.7103    26.8783    26.8799    1498.41    109.470    110.419         32 0.0000e+00
      85699   3570.738    289.895    292.000    13.3730    13.3747   4.221019   4.221285     1.7107     1.4017     100.00   26.05964  -95.54934    0.00033    0.00018     2.5161     2.5371    13.3317    13.3334    35.7126    35.7135    26.8775    26.8779    1498.41    109.428    110.341         33 0.0000e+00
      85731   3572.099    288.903    291.000    13.3898    13.3910   4.222816   4.223049     1.7102     1.4007     100.00   26.05964  -95.54934    0.00005   -0.00016     2.5135     2.5329    13.3486    13.3497    35.7143    35.7155    26.8754    26.8761    1498.41    109.315    110.159         32 0.0000e+00
      86230   3592.893    269.060    271.000    13.8213    13.8391   4.272095   4.274032     1.7253     1.4150     100.00   26.05931  -95.54815    0.00146    0.00132     2.5197     2.5402    13.7821    13.7998    35.7840    35.7856    26.8392    26.8367    1498.39    109.589    110.480         30 0.0000e+00
      87875   3661.424    203.565    205.000    15.9051    15.8958   4.514288   4.513346     1.8055     1.4860     100.02   26.06441  -95.56672    0.00096    0.00080     2.5724     2.5926    15.8725    15.8632    36.1132    36.1146    26.6342    26.6374    1498.68    111.905    112.780         40 0.0000e+00
      87934   3663.875    202.573    204.000    15.8804    15.9021   4.510780   4.513373     1.8054     1.4865     100.00   26.05966  -95.54930    0.00012    0.00041     2.5735     2.5932    15.8480    15.8696    36.1029    36.1064    26.6314    26.6291    1498.41    111.952    112.808         47 0.0000e+00
      88022   3667.530    201.580    203.000    15.8657    15.9964   4.507685   4.524725     1.8063     1.4901     100.00   26.05966  -95.54929    0.00063    0.00088     2.5756     2.5982    15.8335    15.9639    36.0905    36.1204    26.6252    26.6182    1498.41    112.044    113.025         31 0.0000e+00
      88138   3672.392    200.588    202.000    15.9951    16.0262   4.524381   4.528060     1.8099     1.4913     100.00   26.05966  -95.54928    0.00093    0.00061     2.5767     2.5984    15.9628    15.9939    36.1212    36.1254    26.6191    26.6152    1498.41    112.093    113.037         36 0.0000e+00
      89441   3726.651    197.610    199.000    16.2602    16.2648   4.553791   4.555005     1.8202     1.4989      99.93   26.04943  -95.51171    0.00000    0.00018     2.5850     2.6039    16.2280    16.2326    36.1452    36.1463    26.5751    26.5749    1497.82    112.455    113.280         46 0.0000e+00
      89557   3731.516    196.617    198.000    16.2730    16.2882   4.556815   4.558672     1.8207     1.4999      87.86   26.05968  -95.54928    0.00000    0.00026     2.5850     2.6047    16.2411    16.2562    36.1602    36.1621    26.5846    26.5825    1498.41    112.459    113.312         36 0.0000e+00
      89623   3734.267    195.625    197.000    16.2763    16.2830   4.557328   4.558070     1.8212     1.5005     100.49   26.05966  -95.54928    0.00002    0.00038     2.5858     2.6062    16.2445    16.2512    36.1614    36.1619    26.5847    26.5836    1498.41    112.492    113.379         41 0.0000e+00
      89657   3735.667    194.632    196.000    16.2631    16.2825   4.555877   4.558126     1.8213     1.5006      68.37   26.05966  -95.54928    0.00022    0.00004     2.5864     2.6060    16.2315    16.2508    36.1608    36.1633    26.5873    26.5847    1498.41    112.516    113.371         31 0.0000e+00
      89688   3736.954    193.640    195.000    16.3168    16.3050   4.561640   4.560728     1.8219     1.5012      96.20   26.05966  -95.54928    0.00020    0.00011     2.5838     2.6054    16.2821    16.2739    36.1655    36.1667    26.5790    26.5821    1498.41    112.403    113.345         31 0.0000e+00
