Gulf of Mexico/GOMECC-4/1db/urb2103_0801.cnv
* Sea-Bird SBE 9 Data File:
* FileName = C:\Users\scs.user.rb\CTD\GOMECC4\data\rb2103_0801.hex
* Software Version Seasave V 7.26.7.107
* Temperature SN = 4799
* Conductivity SN = 3860
* Number of Bytes Per Scan = 41
* Number of Voltage Words = 4
* Number of Scans Averaged by the Deck Unit = 1
* NMEA Latitude = 22 16.43 N
* NMEA Longitude = 096 46.23 W
* NMEA UTC (Time) = Oct 06 2021  09:45:19
* NMEA baud rate = 4800
# nquan = 28
# nvalues = 524                         
# units = specified
# name 0 = scan: Scan Count
# name 1 = timeS: Time, Elapsed [seconds]
# name 2 = depSM: Depth [salt water, m]
# name 3 = prDM: Pressure, Digiquartz [db]
# name 4 = t090C: Temperature [ITS-90, deg C]
# name 5 = t190C: Temperature, 2 [ITS-90, deg C]
# name 6 = c0S/m: Conductivity [S/m]
# name 7 = c1S/m: Conductivity, 2 [S/m]
# name 8 = sbeox0V: Oxygen raw, SBE 43 [V]
# name 9 = sbeox1V: Oxygen raw, SBE 43, 2 [V]
# name 10 = altM: Altimeter [m]
# name 11 = latitude: Latitude [deg]
# name 12 = longitude: Longitude [deg]
# name 13 = sbox0dV/dT: Oxygen, SBE 43 [dov/dt]
# name 14 = sbox1dV/dT: Oxygen, SBE 43, 2 [dov/dt]
# name 15 = sbeox0ML/L: Oxygen, SBE 43 [ml/l], WS = 5
# name 16 = sbeox1ML/L: Oxygen, SBE 43, 2 [ml/l], WS = 5
# name 17 = potemp090C: Potential Temperature [ITS-90, deg C]
# name 18 = potemp190C: Potential Temperature, 2 [ITS-90, deg C]
# name 19 = sal00: Salinity, Practical [PSU]
# name 20 = sal11: Salinity, Practical, 2 [PSU]
# name 21 = sigma-é00: Density [sigma-theta, kg/m^3]
# name 22 = sigma-é11: Density, 2 [sigma-theta, kg/m^3]
# name 23 = avgsvCM: Average Sound Velocity [Chen-Millero, m/s], minP = 20, minS = 20
# name 24 = sbox0Mm/Kg: Oxygen, SBE 43 [umol/kg], WS = 5
# name 25 = sbox1Mm/Kg: Oxygen, SBE 43, 2 [umol/kg], WS = 5
# name 26 = nbin: number of scans per bin
# name 27 = flag: flag
# span 0 =      64894,     155916       
# span 1 =   2703.865,   6496.443       
# span 2 =      0.994,   2014.466       
# span 3 =      1.000,   2037.000       
# span 4 =     4.2662,    29.5762       
# span 5 =     4.2668,    29.6147       
# span 6 =   3.341237,   5.975889       
# span 7 =   3.341225,   5.976338       
# span 8 =     1.5711,     3.2217       
# span 9 =     1.2735,     2.7516       
# span 10 =       9.74,     102.03      
# span 11 =   22.24773,   22.52182      
# span 12 =  -97.84783,  -96.65703      
# span 13 =   -0.04603,    0.03950      
# span 14 =   -0.03808,    0.03477      
# span 15 =     2.3908,     4.8936      
# span 16 =     2.4069,     4.8955      
# span 17 =     4.1054,    29.5728      
# span 18 =     4.1063,    29.6113      
# span 19 =    34.9071,    36.4870      
# span 20 =    34.9060,    36.4877      
# span 21 =    22.7236,    27.7539      
# span 22 =    22.7221,    27.7529      
# span 23 =    1494.87,    1513.28      
# span 24 =    103.967,    213.334      
# span 25 =    104.670,    213.415      
# span 26 =         30,         71      
# span 27 = 0.0000e+00, 0.0000e+00      
# interval = decibars: 1                
# start_time = Oct 06 2021 09:45:19 [NMEA time, header]
# bad_flag = -9.990e-29
*END*
[from data line 208]
     104707   4362.766    831.085    838.000     5.5820     5.5823   3.429007   3.428999     1.7892     1.4768     100.00   22.27496  -96.77538   -0.00062   -0.00055     3.5567     3.5745     5.5089     5.5092    34.9210    34.9206    27.5519    27.5515    1496.70    154.582    155.355         30 0.0000e+00
     104734   4363.886    830.095    837.000     5.5824     5.5844   3.428869   3.429014     1.7883     1.4761     100.00   22.27392  -96.77086   -0.00051   -0.00049     3.5534     3.5713     5.5093     5.5114    34.9194    34.9189    27.5505    27.5499    1496.63    154.438    155.220         33 0.0000e+00
     104839   4368.242    826.136    833.000     5.6063     5.6077   3.430934   3.430990     1.7860     1.4747     100.00   22.27452  -96.77346   -0.00051   -0.00020     3.5415     3.5623     5.5335     5.5349    34.9200    34.9191    27.5480    27.5471    1496.67    153.923    154.830         31 0.0000e+00
     104869   4369.514    825.147    832.000     5.6047     5.6072   3.430661   3.430740     1.7848     1.4732     100.00   22.27392  -96.77086   -0.00057   -0.00036     3.5374     3.5565     5.5320     5.5345    34.9192    34.9184    27.5476    27.5466    1496.63    153.747    154.577         32 0.0000e+00
     105058   4377.363    818.218    825.000     5.6286     5.6305   3.432589   3.432689     1.7812     1.4701     100.00   22.27460  -96.77382   -0.00045   -0.00037     3.5197     3.5401     5.5564     5.5583    34.9200    34.9191    27.5452    27.5443    1496.68    152.978    153.861         32 0.0000e+00
     105086   4378.549    817.228    824.000     5.6301     5.6309   3.432604   3.432583     1.7804     1.4701     100.00   22.27392  -96.77086   -0.00046   -0.00035     3.5167     3.5393     5.5580     5.5588    34.9190    34.9180    27.5442    27.5433    1496.63    152.845    153.829         30 0.0000e+00
     105218   4384.042    812.279    819.000     5.6555     5.6604   3.434731   3.435158     1.7783     1.4671      92.26   22.27477  -96.77456   -0.00035   -0.00047     3.5050     3.5234     5.5837     5.5886    34.9195    34.9193    27.5415    27.5407    1496.69    152.337    153.139         35 0.0000e+00
     105248   4385.282    811.289    818.000     5.6530     5.6570   3.434397   3.434664     1.7771     1.4660     100.18   22.27392  -96.77086   -0.00058   -0.00078     3.5008     3.5195     5.5813     5.5853    34.9187    34.9176    27.5411    27.5398    1496.63    152.154    152.968         31 0.0000e+00
     105404   4391.810    805.350    812.000     5.6878     5.6917   3.437267   3.437553     1.7743     1.4628     100.00   22.27443  -96.77310   -0.00043   -0.00069     3.4854     3.5021     5.6164     5.6204    34.9184    34.9176    27.5366    27.5354    1496.66    151.487    152.212         37 0.0000e+00
     105437   4393.185    804.360    811.000     5.6870     5.6912   3.437102   3.437388     1.7734     1.4622     100.00   22.27392  -96.77086   -0.00070   -0.00066     3.4822     3.4994     5.6158     5.6200    34.9177    34.9166    27.5361    27.5347    1496.63    151.347    152.094         32 0.0000e+00
     105645   4401.841    797.430    804.000     5.7121     5.7138   3.438753   3.438848     1.7689     1.4586      89.16   22.27213  -96.76300   -0.00060   -0.00034     3.4618     3.4815     5.6413     5.6430    34.9139    34.9132    27.5299    27.5291    1496.51    150.461    151.318         36 0.0000e+00
     105834   4409.689    796.441    803.000     5.7214     5.7281   3.439778   3.440370     1.7675     1.4574      98.99   22.27394  -96.77086   -0.00030   -0.00045     3.4558     3.4752     5.6507     5.6574    34.9166    34.9164    27.5309    27.5299    1496.63    150.200    151.043         57 0.0000e+00
     105995   4416.434    795.451    802.000     5.7473     5.7487   3.441904   3.442126     1.7646     1.4557      93.56   22.27394  -96.77086   -0.00076   -0.00038     3.4425     3.4668     5.6766     5.6780    34.9163    34.9155    27.5274    27.5266    1496.63    149.625    150.681         47 0.0000e+00
     106152   4422.971    794.461    801.000     5.7489     5.7571   3.442164   3.442847     1.7625     1.4535      85.35   22.27394  -96.77086   -0.00040   -0.00026     3.4357     3.4577     5.6782     5.6864    34.9162    34.9154    27.5272    27.5255    1496.63    149.326    150.286         46 0.0000e+00
     107069   4461.186    793.471    800.000     5.7728     5.7749   3.444276   3.444412     1.7586     1.4499      95.37   22.27394  -96.77084   -0.00006   -0.00013     3.4201     3.4425     5.7021     5.7041    34.9161    34.9155    27.5241    27.5233    1496.63    148.651    149.626         46 0.0000e+00
     107294   4470.532    792.481    799.000     5.7746     5.7778   3.444405   3.444636     1.7579     1.4493     100.25   22.27394  -96.77084    0.00002   -0.00001     3.4172     3.4397     5.7040     5.7071    34.9162    34.9155    27.5239    27.5230    1496.63    148.522    149.502         44 0.0000e+00
     108001   4499.981    763.770    770.000     5.9444     5.9575   3.458375   3.459408     1.7437     1.4332     100.00   22.27374  -96.76998   -0.00077   -0.00090     3.3423     3.3536     5.8755     5.8885    34.9136    34.9118    27.5003    27.4972    1496.62    145.272    145.762         30 0.0000e+00
     108708   4529.466    735.056    741.000     6.1372     6.1403   3.474211   3.474437     1.7219     1.4144      73.42   22.27379  -96.77012   -0.00047   -0.00049     3.2418     3.2589     6.0700     6.0731    34.9082    34.9076    27.4712    27.4703    1496.62    140.910    141.650         33 0.0000e+00
     109128   4546.945    718.222    724.000     6.2397     6.2427   3.482723   3.482903     1.7115     1.4054     100.00   22.27398  -96.77100   -0.00060   -0.00036     3.1925     3.2113     6.1735     6.1765    34.9071    34.9060    27.4570    27.4557    1496.63    138.768    139.585         30 0.0000e+00
     109844   4576.773    689.501    695.000     6.4627     6.4715   3.501938   3.502675     1.6917     1.3857     100.00   22.27351  -96.76913   -0.00086   -0.00093     3.0983     3.1118     6.3981     6.4069    34.9081    34.9073    27.4282    27.4265    1496.60    134.675    135.264         32 0.0000e+00
     109965   4581.839    684.549    690.000     6.4970     6.5012   3.505107   3.505435     1.6870     1.3814      99.64   22.27423  -96.77227   -0.00085   -0.00071     3.0782     3.0927     6.4328     6.4369    34.9109    34.9103    27.4259    27.4248    1496.65    133.804    134.435         32 0.0000e+00
     110332   4597.111    669.692    675.000     6.5923     6.5947   3.513399   3.513560     1.6741     1.3701     100.00   22.27333  -96.76833   -0.00046   -0.00030     3.0237     3.0401     6.5290     6.5314    34.9134    34.9128    27.4150    27.4142    1496.59    131.435    132.149         30 0.0000e+00
     110676   4611.460    655.824    661.000     6.8169     6.8449   3.534196   3.536809     1.6566     1.3515     100.00   22.27421  -96.77215   -0.00180   -0.00158     2.9447     2.9512     6.7538     6.7817    34.9222    34.9226    27.3915    27.3880    1496.65    128.003    128.289         30 0.0000e+00
     111206   4633.541    634.029    639.000     7.0304     7.0339   3.553668   3.553925     1.6327     1.3316      79.45   22.27412  -96.77163   -0.00019   -0.00025     2.8452     2.8609     6.9686     6.9720    34.9309    34.9302    27.3688    27.3678    1496.64    123.680    124.367         33 0.0000e+00
     111739   4655.766    612.233    617.000     7.2755     7.2797   3.576327   3.576677     1.6193     1.3190     100.00   22.27350  -96.76893   -0.00073   -0.00049     2.7770     2.7922     7.2147     7.2189    34.9421    34.9417    27.3430    27.3421    1496.60    120.719    121.382         30 0.0000e+00
     112131   4672.064    598.361    603.000     7.3666     7.3735   3.585094   3.585712     1.6115     1.3122      94.39   22.27757  -96.78654   -0.00040   -0.00028     2.7409     2.7576     7.3069     7.3138    34.9532    34.9530    27.3389    27.3377    1496.87    119.154    119.879         34 0.0000e+00
     112960   4706.631    595.389    600.000     7.4028     7.4167   3.588122   3.589568     1.6081     1.3096      83.27   22.27575  -96.77864   -0.00014    0.00006     2.7270     2.7448     7.3432     7.3571    34.9517    34.9510    27.3324    27.3298    1496.75    118.547    119.321         62 0.0000e+00
     113889   4745.349    589.443    594.000     7.4756     7.4798   3.594939   3.595321     1.6062     1.3080     100.00   22.27450  -96.77317    0.00020   -0.00017     2.7141     2.7331     7.4163     7.4205    34.9546    34.9545    27.3241    27.3234    1496.67    117.988    118.813         34 0.0000e+00
     113920   4746.620    588.452    593.000     7.4864     7.4923   3.595832   3.596271     1.6061     1.3077     100.00   22.27394  -96.77074    0.00009   -0.00021     2.7125     2.7308     7.4271     7.4330    34.9538    34.9526    27.3219    27.3202    1496.63    117.917    118.714         31 0.0000e+00
     114041   4751.673    583.498    588.000     7.5258     7.5273   3.599624   3.599631     1.6049     1.3065     100.00   22.27446  -96.77299   -0.00022   -0.00016     2.7043     2.7227     7.4669     7.4684    34.9577    34.9564    27.3193    27.3180    1496.66    117.564    118.361         30 0.0000e+00
     114071   4752.926    582.506    587.000     7.5263     7.5343   3.599545   3.600182     1.6046     1.3065     100.00   22.27394  -96.77074   -0.00044   -0.00008     2.7030     2.7218     7.4675     7.4754    34.9569    34.9558    27.3185    27.3165    1496.63    117.507    118.321         35 0.0000e+00
     114202   4758.381    577.552    582.000     7.5785     7.5862   3.604720   3.605425     1.6042     1.3049     100.01   22.27563  -96.77807   -0.00005   -0.00028     2.6960     2.7110     7.5199     7.5276    34.9633    34.9632    27.3160    27.3149    1496.74    117.203    117.854         32 0.0000e+00
     114227   4759.428    576.561    581.000     7.5732     7.5862   3.603947   3.605125     1.6024     1.3027      73.20   22.27394  -96.77074   -0.00054   -0.00080     2.6909     2.7035     7.5149     7.5278    34.9604    34.9601    27.3144    27.3123    1496.63    116.981    117.527         34 0.0000e+00
     114379   4765.743    570.615    575.000     7.6362     7.6609   3.609998   3.612133     1.5994     1.3011     100.00   22.27352  -96.76890   -0.00058   -0.00008     2.6753     2.6908     7.5781     7.6028    34.9647    34.9638    27.3086    27.3043    1496.60    116.301    116.975         33 0.0000e+00
     114715   4779.736    557.731    562.000     7.8239     7.8275   3.628092   3.628376     1.5898     1.2918     100.00   22.27320  -96.76751   -0.00057   -0.00051     2.6283     2.6441     7.7665     7.7700    34.9790    34.9784    27.2921    27.2912    1496.58    114.261    114.948         36 0.0000e+00
     114849   4785.335    552.776    557.000     7.8720     7.8740   3.632882   3.632983     1.5888     1.2914     100.00   22.27462  -96.77371   -0.00022   -0.00006     2.6201     2.6381     7.8148     7.8169    34.9851    34.9842    27.2899    27.2889    1496.68    113.906    114.686         40 0.0000e+00
     114971   4790.420    547.821    552.000     7.9682     7.9704   3.642205   3.642351     1.5871     1.2890     100.00   22.27337  -96.76828   -0.00013   -0.00033     2.6068     2.6219     7.9112     7.9134    34.9913    34.9907    27.2804    27.2796    1496.59    113.328    113.985         31 0.0000e+00
     116065   4835.989    506.190    510.000     8.5888     8.5933   3.703114   3.703607     1.5851     1.2890     100.00   22.27427  -96.77219    0.00029    0.00082     2.5451     2.5666     8.5339     8.5384    35.0432    35.0440    27.2260    27.2259    1496.65    110.650    111.585         31 0.0000e+00
     116094   4837.207    505.198    509.000     8.5996     8.5969   3.704175   3.703804     1.5863     1.2900     100.00   22.27394  -96.77074    0.00079    0.00121     2.5476     2.5693     8.5448     8.5421    35.0441    35.0428    27.2250    27.2244    1496.63    110.759    111.704         30 0.0000e+00
     116224   4842.642    502.224    506.000     8.6380     8.6397   3.708397   3.708480     1.5891     1.2923      82.11   22.27718  -96.78483    0.00060    0.00056     2.5520     2.5728     8.5834     8.5850    35.0528    35.0520    27.2259    27.2250    1496.85    110.953    111.856         31 0.0000e+00
     116369   4848.686    501.233    505.000     8.6711     8.6721   3.711066   3.711428     1.5899     1.2928      99.60   22.27394  -96.77074    0.00008    0.00013     2.5520     2.5721     8.6164     8.6174    35.0487    35.0505    27.2174    27.2186    1496.63    110.953    111.826         59 0.0000e+00
     116864   4869.283    498.259    502.000     8.7429     8.7588   3.718500   3.719994     1.5907     1.2920     100.00   22.27394  -96.77074    0.00001   -0.00028     2.5482     2.5632     8.6883     8.7041    35.0542    35.0588    27.2103    27.2115    1496.63    110.788    111.439         37 0.0000e+00
     117262   4885.878    497.268    501.000     8.7598     8.7941   3.719920   3.723579     1.5897     1.2918      99.08   22.27394  -96.77074   -0.00010   -0.00006     2.5444     2.5600     8.7052     8.7394    35.0600    35.0648    27.2122    27.2106    1496.63    110.621    111.299         50 0.0000e+00
     118497   4937.322    496.276    500.000     8.8201     8.8248   3.726769   3.727255     1.5884     1.2918      96.28   22.27392  -96.77076   -0.00001    0.00033     2.5360     2.5571     8.7655     8.7701    35.0692    35.0691    27.2099    27.2091    1496.63    110.255    111.175         48 0.0000e+00
     118559   4939.903    495.285    499.000     8.8212     8.8267   3.726907   3.727423     1.5887     1.2918     100.11   22.27392  -96.77076    0.00002    0.00010     2.5367     2.5567     8.7666     8.7721    35.0691    35.0694    27.2096    27.2090    1496.63    110.286    111.159         41 0.0000e+00
     118717   4946.521    489.337    493.000     8.8964     8.9204   3.734623   3.736874     1.5899     1.2918     100.00   22.27448  -96.77320    0.00014   -0.00001     2.5331     2.5487     8.8422     8.8662    35.0791    35.0795    27.2055    27.2019    1496.67    110.132    110.810         34 0.0000e+00
     118748   4947.772    488.345    492.000     8.9068     8.9399   3.735529   3.738877     1.5895     1.2904     100.00   22.27392  -96.77076   -0.00004   -0.00039     2.5308     2.5427     8.8527     8.8857    35.0787    35.0812    27.2035    27.2002    1496.63    110.034    110.552         30 0.0000e+00
     118899   4954.092    482.397    486.000     9.0750     9.0955   3.753632   3.755745     1.5786     1.2775      87.24   22.27424  -96.77216   -0.00254   -0.00266     2.4863     2.4901     9.0210     9.0414    35.1055    35.1074    27.1974    27.1957    1496.65    108.098    108.264         30 0.0000e+00
     118928   4955.273    481.405    485.000     9.0988     9.1275   3.756077   3.758830     1.5766     1.2766      59.09   22.27392  -96.77076   -0.00256   -0.00197     2.4786     2.4850     9.0448     9.0734    35.1080    35.1085    27.1956    27.1913    1496.63    107.765    108.041         30 0.0000e+00
     119059   4960.761    476.449    480.000     9.1933     9.1957   3.766020   3.766185     1.5722     1.2736     100.00   22.27500  -96.77544   -0.00078   -0.00050     2.4584     2.4695     9.1395     9.1419    35.1214    35.1207    27.1907    27.1898    1496.70    106.885    107.369         32 0.0000e+00
