Gulf of Mexico/GOMECC-4/1db/urb2103_0551.cnv
* Sea-Bird SBE 9 Data File:
* FileName = C:\Users\scs.user.rb\CTD\GOMECC4\data\rb2103_0551.hex
* Software Version Seasave V 7.26.7.107
* Temperature SN = 4799
* Conductivity SN = 3860
* Number of Bytes Per Scan = 41
* Number of Voltage Words = 4
* Number of Scans Averaged by the Deck Unit = 1
* NMEA Latitude = 27 38.90 N
* NMEA Longitude = 094 59.93 W
* NMEA UTC (Time) = Sep 28 2021  16:15:21
* NMEA baud rate = 4800
# nquan = 28
# nvalues = 215                         
# units = specified
# name 0 = scan: Scan Count
# name 1 = timeS: Time, Elapsed [seconds]
# name 2 = depSM: Depth [salt water, m]
# name 3 = prDM: Pressure, Digiquartz [db]
# name 4 = t090C: Temperature [ITS-90, deg C]
# name 5 = t190C: Temperature, 2 [ITS-90, deg C]
# name 6 = c0S/m: Conductivity [S/m]
# name 7 = c1S/m: Conductivity, 2 [S/m]
# name 8 = sbeox0V: Oxygen raw, SBE 43 [V]
# name 9 = sbeox1V: Oxygen raw, SBE 43, 2 [V]
# name 10 = altM: Altimeter [m]
# name 11 = latitude: Latitude [deg]
# name 12 = longitude: Longitude [deg]
# name 13 = sbox0dV/dT: Oxygen, SBE 43 [dov/dt]
# name 14 = sbox1dV/dT: Oxygen, SBE 43, 2 [dov/dt]
# name 15 = sbeox0ML/L: Oxygen, SBE 43 [ml/l], WS = 5
# name 16 = sbeox1ML/L: Oxygen, SBE 43, 2 [ml/l], WS = 5
# name 17 = potemp090C: Potential Temperature [ITS-90, deg C]
# name 18 = potemp190C: Potential Temperature, 2 [ITS-90, deg C]
# name 19 = sal00: Salinity, Practical [PSU]
# name 20 = sal11: Salinity, Practical, 2 [PSU]
# name 21 = sigma-é00: Density [sigma-theta, kg/m^3]
# name 22 = sigma-é11: Density, 2 [sigma-theta, kg/m^3]
# name 23 = avgsvCM: Average Sound Velocity [Chen-Millero, m/s], minP = 20, minS = 20
# name 24 = sbox0Mm/Kg: Oxygen, SBE 43 [umol/kg], WS = 5
# name 25 = sbox1Mm/Kg: Oxygen, SBE 43, 2 [umol/kg], WS = 5
# name 26 = nbin: number of scans per bin
# name 27 = flag: flag
# span 0 =      30860,      84341       
# span 1 =   1285.775,   3514.171       
# span 2 =      1.987,    615.963       
# span 3 =      2.000,    621.000       
# span 4 =     7.8482,    29.6282       
# span 5 =     7.8483,    29.6290       
# span 6 =   3.632257,   5.919402       
# span 7 =   3.632141,   5.919412       
# span 8 =     1.5856,     3.2734       
# span 9 =     1.2909,     2.8066       
# span 10 =      13.03,     102.81      
# span 11 =   27.55847,   28.15903      
# span 12 =  -96.75594,  -94.69200      
# span 13 =   -0.00629,    0.03712      
# span 14 =   -0.01190,    0.03689      
# span 15 =     2.4552,     4.9027      
# span 16 =     2.4813,     4.9174      
# span 17 =     7.7850,    29.6274      
# span 18 =     7.7851,    29.6283      
# span 19 =    34.9752,    36.4638      
# span 20 =    34.9736,    36.4640      
# span 21 =    22.4116,    27.2868      
# span 22 =    22.4104,    27.2857      
# span 23 =    1503.16,    1535.92      
# span 24 =    106.754,    213.707      
# span 25 =    107.887,    214.337      
# span 26 =         30,         65      
# span 27 = 0.0000e+00, 0.0000e+00      
# interval = decibars: 1                
# start_time = Sep 28 2021 16:15:21 [NMEA time, header]
# bad_flag = -9.990e-29
*END*
[from data line 52]
      41054   1710.557    421.751    425.000     9.6412     9.6390   3.810530   3.810250     1.6034     1.3084     100.00   27.64800  -94.99896    0.00135    0.00134     2.5015     2.5327     9.5923     9.5902    35.1689    35.1682    27.1531    27.1529    1508.02    108.766    110.120         33 0.0000e+00
      41203   1716.758    415.803    419.000     9.7834     9.7806   3.825571   3.825128     1.6069     1.3092     100.00   27.64790  -94.99856    0.00040   -0.00011     2.5005     2.5243     9.7348     9.7320    35.1876    35.1859    27.1438    27.1429    1508.02    108.722    109.755         33 0.0000e+00
      41327   1721.901    410.847    414.000     9.8575     9.8585   3.833485   3.833515     1.6059     1.3089     100.01   27.64954  -95.00419   -0.00011    0.00016     2.4913     2.5167     9.8093     9.8103    35.1993    35.1986    27.1403    27.1396    1508.11    108.324    109.428         31 0.0000e+00
      41461   1727.480    405.889    409.000     9.9547     9.9592   3.843943   3.844343     1.5992     1.3015     100.01   27.64995  -95.00561   -0.00116   -0.00125     2.4653     2.4864     9.9067     9.9112    35.2142    35.2139    27.1354    27.1344    1508.13    107.192    108.108         37 0.0000e+00
      41587   1732.748    404.898    408.000     9.9749     9.9741   3.845836   3.845589     1.5963     1.3002     100.00   27.64778  -94.99816   -0.00019    0.00006     2.4552     2.4813     9.9270     9.9262    35.2139    35.2122    27.1316    27.1304    1508.01    106.754    107.887         49 0.0000e+00
      41778   1740.692    402.915    406.000     9.9766     9.9672   3.845234   3.843923     1.5971     1.3007      99.97   27.63967  -94.97029    0.00023    0.00025     2.4573     2.4827     9.9291     9.9196    35.2076    35.2010    27.1261    27.1224    1507.57    106.843    107.951         44 0.0000e+00
      41908   1746.133    401.924    405.000     9.9959     9.9867   3.847676   3.846544     1.5979     1.3022     100.00   27.64778  -94.99816    0.00020    0.00027     2.4574     2.4856     9.9483     9.9391    35.2137    35.2110    27.1278    27.1273    1508.01    106.850    108.076         30 0.0000e+00
      42006   1750.225    400.932    404.000    10.0105    10.0136   3.849209   3.849209     1.6008     1.3049     100.00   27.64778  -94.99816    0.00068    0.00072     2.4641     2.4920     9.9630     9.9660    35.2155    35.2126    27.1267    27.1239    1508.01    107.141    108.354         43 0.0000e+00
      42102   1754.191    399.941    403.000    10.0363    10.0341   3.851004   3.851118     1.6044     1.3088     100.00   27.64778  -94.99816    0.00094    0.00108     2.4726     2.5024     9.9888     9.9866    35.2181    35.2167    27.1243    27.1236    1508.01    107.508    108.804         30 0.0000e+00
      42209   1758.679    398.949    402.000    10.0542    10.0544   3.853785   3.853821     1.6063     1.3106     100.00   27.64778  -94.99816    0.00045    0.00040     2.4763     2.5061    10.0068    10.0069    35.2210    35.2211    27.1235    27.1235    1508.01    107.671    108.967         32 0.0000e+00
      42313   1762.989    397.958    401.000    10.0661    10.0676   3.855107   3.855213     1.6073     1.3102     100.00   27.64778  -94.99816    0.00016    0.00008     2.4779     2.5037    10.0188    10.0203    35.2231    35.2227    27.1230    27.1225    1508.01    107.739    108.861         46 0.0000e+00
      42826   1784.362    396.966    400.000    10.1063    10.1066   3.859390   3.859305     1.6090     1.3122     100.00   27.64778  -94.99815    0.00001    0.00006     2.4800     2.5070    10.0589    10.0592    35.2282    35.2270    27.1201    27.1191    1508.01    107.831    109.006         56 0.0000e+00
      44173   1840.494    385.069    388.000    10.2776    10.2780   3.877542   3.877487     1.6167     1.3185     100.01   27.64924  -95.00323    0.00037    0.00007     2.4866     2.5118    10.2312    10.2316    35.2525    35.2516    27.1093    27.1085    1508.09    108.121    109.215         34 0.0000e+00
      44293   1845.499    380.111    383.000    10.3627    10.3705   3.886723   3.887412     1.6185     1.3208     100.01   27.65055  -95.00774    0.00041    0.00054     2.4845     2.5114    10.3167    10.3245    35.2657    35.2651    27.1047    27.1029    1508.16    108.032    109.201         30 0.0000e+00
      44322   1846.700    379.119    382.000    10.3542    10.3657   3.885483   3.886570     1.6188     1.3212     100.00   27.64776  -94.99814    0.00038    0.00066     2.4857     2.5126    10.3083    10.3198    35.2612    35.2611    27.1026    27.1005    1508.01    108.084    109.254         34 0.0000e+00
      44464   1852.631    373.170    376.000    10.4826    10.4922   3.899110   3.899949     1.6229     1.3245     100.00   27.64660  -94.99416    0.00076    0.00040     2.4873     2.5128    10.4371    10.4466    35.2773    35.2766    27.0924    27.0902    1507.95    108.152    109.262         33 0.0000e+00
      44602   1858.359    367.221    370.000    10.5607    10.5585   3.907170   3.906843     1.6261     1.3271      99.99   27.64474  -94.98775    0.00056    0.00044     2.4894     2.5147    10.5157    10.5136    35.2856    35.2843    27.0849    27.0843    1507.85    108.246    109.344         36 0.0000e+00
      44732   1863.779    362.262    365.000    10.7032    10.7015   3.923476   3.923148     1.6317     1.3312      58.53   27.65221  -95.01343    0.00130    0.00082     2.4939     2.5165    10.6585    10.6567    35.3161    35.3145    27.0837    27.0827    1508.25    108.441    109.422         36 0.0000e+00
      44760   1864.970    361.271    364.000    10.7026    10.6976   3.922756   3.921865     1.6325     1.3329     102.81   27.64776  -94.99814    0.00103    0.00105     2.4959     2.5213    10.6580    10.6530    35.3089    35.3080    27.0779    27.0781    1508.01    108.527    109.632         31 0.0000e+00
      44875   1869.731    356.313    359.000    10.8270    10.8268   3.936494   3.936299     1.6367     1.3365      97.01   27.64841  -95.00036    0.00098    0.00063     2.4980     2.5228    10.7827    10.7825    35.3294    35.3276    27.0715    27.0702    1508.05    108.622    109.697         34 0.0000e+00
      44928   1871.948    355.321    358.000    10.8316    10.8321   3.936856   3.936785     1.6373     1.3372      99.91   27.64776  -94.99814    0.00047    0.00035     2.4991     2.5240    10.7874    10.7879    35.3289    35.3277    27.0703    27.0693    1508.01    108.667    109.750         42 0.0000e+00
      45052   1877.124    354.329    357.000    10.8554    10.8494   3.939390   3.938620     1.6392     1.3383      95.31   27.64777  -94.99813    0.00041    0.00005     2.5024     2.5261    10.8113    10.8052    35.3317    35.3299    27.0682    27.0678    1508.01    108.810    109.842         34 0.0000e+00
      45194   1883.027    353.338    356.000    10.8613    10.8838   3.940037   3.942010     1.6397     1.3405      88.06   27.64777  -94.99812    0.00011    0.00026     2.5031     2.5302    10.8172    10.8397    35.3331    35.3312    27.0682    27.0626    1508.01    108.842    110.021         43 0.0000e+00
      45295   1887.265    352.346    355.000    10.8641    10.9008   3.940175   3.944329     1.6399     1.3411      58.60   27.64778  -94.99812    0.00013    0.00029     2.5032     2.5304    10.8202    10.8568    35.3321    35.3384    27.0669    27.0652    1508.01    108.846    110.030         34 0.0000e+00
      45555   1898.082    350.363    353.000    10.9364    10.9501   3.948157   3.949761     1.6423     1.3430     100.02   27.65339  -95.01742    0.00040    0.00016     2.5047     2.5322    10.8926    10.9062    35.3493    35.3476    27.0675    27.0637    1508.32    108.911    110.111         32 0.0000e+00
      45652   1902.123    349.371    352.000    10.9683    10.9654   3.951570   3.951133     1.6433     1.3428     100.00   27.64776  -94.99812    0.00022    0.00012     2.5049     2.5306    10.9245    10.9216    35.3480    35.3457    27.0604    27.0591    1508.01    108.922    110.037         31 0.0000e+00
      45763   1906.732    348.379    351.000    10.9933    10.9781   3.954346   3.952659     1.6441     1.3431     100.00   27.64776  -94.99812    0.00012    0.00009     2.5052     2.5305    10.9496    10.9344    35.3514    35.3492    27.0585    27.0595    1508.01    108.934    110.037         51 0.0000e+00
      47142   1964.190    347.388    350.000    11.0883    11.0857   3.965050   3.964468     1.6471     1.3471     100.00   27.64774  -94.99812   -0.00003   -0.00000     2.5071     2.5352    11.0444    11.0419    35.3656    35.3641    27.0523    27.0516    1508.01    109.017    110.242         35 0.0000e+00
      47263   1969.233    344.412    347.000    11.1206    11.1208   3.968613   3.968640     1.6483     1.3477     100.01   27.65160  -95.01140    0.00023    0.00015     2.5071     2.5340    11.0770    11.0772    35.3742    35.3742    27.0532    27.0532    1508.22    109.018    110.189         39 0.0000e+00
      47298   1970.710    343.421    346.000    11.1299    11.1283   3.969317   3.969081     1.6478     1.3473      99.90   27.64774  -94.99812    0.00014    0.00030     2.5051     2.5322    11.0865    11.0848    35.3718    35.3710    27.0494    27.0491    1508.01    108.932    110.109         39 0.0000e+00
      47384   1974.303    340.446    343.000    11.1873    11.1882   3.975921   3.975897     1.6481     1.3473     100.01   27.65112  -95.00972   -0.00008   -0.00007     2.5012     2.5275    11.1441    11.1450    35.3845    35.3834    27.0489    27.0479    1508.19    108.760    109.904         32 0.0000e+00
      47411   1975.402    339.454    342.000    11.1988    11.1966   3.976785   3.976533     1.6483     1.3475      65.64   27.64774  -94.99812    0.00029    0.00016     2.5010     2.5273    11.1557    11.1535    35.3818    35.3813    27.0445    27.0445    1508.01    108.754    109.898         31 0.0000e+00
      47782   1990.877    324.577    327.000    11.6474    11.6321   4.026419   4.024388     1.6536     1.3513      99.99   27.64575  -94.99125    0.00046    0.00042     2.4828     2.5073    11.6051    11.5898    35.4497    35.4443    27.0136    27.0122    1507.90    107.967    109.032         32 0.0000e+00
      48819   2034.074    284.901    287.000    12.6922    12.7102   4.143537   4.145547     1.6767     1.3726     100.03   27.65714  -95.03037    0.00030    0.00044     2.4676     2.4923    12.6522    12.6709    35.6188    35.6204    26.9428    26.9404    1508.52    107.311    108.388         41 0.0000e+00
      48904   2037.620    283.909    286.000    12.6716    12.6694   4.140306   4.140008     1.6759     1.3735     100.00   27.64774  -94.99808    0.00009    0.00023     2.4668     2.4970    12.6326    12.6303    35.6041    35.6034    26.9348    26.9347    1508.01    107.279    108.592         32 0.0000e+00
      49026   2042.694    282.917    285.000    12.7151    12.6905   4.145140   4.142613     1.6773     1.3738     100.00   27.64774  -94.99808    0.00033    0.00016     2.4676     2.4964    12.6761    12.6516    35.6101    35.6089    26.9307    26.9347    1508.01    107.314    108.563         44 0.0000e+00
      49119   2046.595    281.925    284.000    12.7197    12.7115   4.146948   4.144639     1.6781     1.3740     100.00   27.64774  -94.99808    0.00040    0.00009     2.4686     2.4953    12.6808    12.6727    35.6145    35.6090    26.9332    26.9306    1508.01    107.356    108.517         49 0.0000e+00
      49224   2050.976    280.933    283.000    12.7482    12.7522   4.149032   4.149441     1.6791     1.3746     100.00   27.64774  -94.99808    0.00026    0.00020     2.4696     2.4945    12.7094    12.7135    35.6165    35.6172    26.9291    26.9288    1508.01    107.398    108.483         30 0.0000e+00
      49322   2055.033    279.941    282.000    12.7763    12.7882   4.152117   4.153515     1.6801     1.3754     100.00   27.64774  -94.99808    0.00034    0.00021     2.4700     2.4943    12.7376    12.7495    35.6219    35.6228    26.9276    26.9260    1508.01    107.420    108.475         36 0.0000e+00
      49437   2059.830    278.949    281.000    12.8280    12.8394   4.157994   4.159396     1.6815     1.3782     100.00   27.64772  -94.99808    0.00029    0.00083     2.4704     2.4990    12.7893    12.8007    35.6289    35.6314    26.9227    26.9224    1508.01    107.434    108.678         52 0.0000e+00
      50637   2109.847    277.957    280.000    12.9910    12.9812   4.176861   4.175336     1.6918     1.3862     100.00   27.64770  -94.99807    0.00020    0.00005     2.4892     2.5129    12.9522    12.9423    35.6544    35.6509    26.9097    26.9090    1508.01    108.255    109.285         58 0.0000e+00
      51328   2138.636    275.973    278.000    13.0352    13.0303   4.181542   4.180978     1.6951     1.3896     100.00   27.64810  -94.99949   -0.00003    0.00038     2.4919     2.5189    12.9965    12.9916    35.6604    35.6595    26.9055    26.9058    1508.03    108.374    109.545         30 0.0000e+00
      51360   2139.967    274.981    277.000    13.0409    13.0388   4.182190   4.181875     1.6957     1.3901     100.00   27.64768  -94.99806    0.00015    0.00032     2.4930     2.5194    13.0023    13.0003    35.6615    35.6603    26.9051    26.9046    1508.01    108.420    109.570         39 0.0000e+00
      51401   2141.678    273.989    276.000    13.0794    13.0473   4.185409   4.182821     1.6961     1.3899     100.00   27.64768  -94.99806    0.00040    0.00006     2.4917     2.5179    13.0410    13.0089    35.6644    35.6619    26.8996    26.9041    1508.01    108.366    109.502         35 0.0000e+00
      52363   2181.751    235.295    237.000    14.0720    14.0939   4.299397   4.301920     1.7356     1.4249     100.00   27.64638  -94.99354    0.00073    0.00111     2.5199     2.5419    14.0374    14.0592    35.8199    35.8231    26.8130    26.8108    1507.94    109.601    110.557         30 0.0000e+00
      52489   2187.019    230.334    232.000    14.2611    14.2612   4.321906   4.321834     1.7358     1.4235     100.01   27.64975  -95.00518   -0.00025   -0.00067     2.5076     2.5270    14.2269    14.2270    35.8570    35.8562    26.8015    26.8009    1508.12    109.066    109.912         32 0.0000e+00
      52807   2200.252    224.371    226.000    14.4423    14.4365   4.344312   4.343711     1.7503     1.4401      76.49   27.66566  -95.05983    0.00097    0.00103     2.5317     2.5597    14.4087    14.4028    35.9044    35.9044    26.8002    26.8015    1508.99    110.116    111.334         31 0.0000e+00
      52884   2203.451    223.390    225.000    14.5513    14.4983   4.354722   4.349102     1.7585     1.4454      94.70   27.64768  -94.99802    0.00273    0.00214     2.5442     2.5704    14.5176    14.4647    35.8944    35.8915    26.7676    26.7768    1508.01    110.662    111.800         34 0.0000e+00
      53124   2213.472    221.397    223.000    14.5126    14.4974   4.349831   4.348170     1.7583     1.4454      97.36   27.64352  -94.98372    0.00068    0.00044     2.5459     2.5699    14.4793    14.4641    35.8850    35.8832    26.7683    26.7702    1507.78    110.734    111.778         60 0.0000e+00
      53261   2219.172    220.411    222.000    14.6064    14.6116   4.361255   4.362297     1.7647     1.4520      99.97   27.64768  -94.99802    0.00097    0.00117     2.5555     2.5804    14.5730    14.5783    35.9050    35.9098    26.7637    26.7663    1508.01    111.153    112.239         54 0.0000e+00
      53390   2224.545    219.419    221.000    14.6632    14.6988   4.367781   4.372273     1.7714     1.4602     100.00   27.64769  -94.99802    0.00106    0.00171     2.5682     2.5977    14.6299    14.6655    35.9131    35.9225    26.7576    26.7571    1508.01    111.706    112.989         34 0.0000e+00
