Gulf of Mexico/GOMECC-4/1db/urb2103_0901.cnv
* Sea-Bird SBE 9 Data File:
* FileName = C:\Users\scs.user.rb\CTD\GOMECC4\data\rb2103_0901.hex
* Software Version Seasave V 7.26.7.107
* Temperature SN = 4799
* Conductivity SN = 3860
* Number of Bytes Per Scan = 41
* Number of Voltage Words = 4
* Number of Scans Averaged by the Deck Unit = 1
* NMEA Latitude = 22 00.00 N
* NMEA Longitude = 092 55.04 W
* NMEA UTC (Time) = Oct 09 2021  18:18:51
* NMEA baud rate = 4800
# nquan = 28
# nvalues = 547                         
# units = specified
# name 0 = scan: Scan Count
# name 1 = timeS: Time, Elapsed [seconds]
# name 2 = depSM: Depth [salt water, m]
# name 3 = prDM: Pressure, Digiquartz [db]
# name 4 = t090C: Temperature [ITS-90, deg C]
# name 5 = t190C: Temperature, 2 [ITS-90, deg C]
# name 6 = c0S/m: Conductivity [S/m]
# name 7 = c1S/m: Conductivity, 2 [S/m]
# name 8 = sbeox0V: Oxygen raw, SBE 43 [V]
# name 9 = sbeox1V: Oxygen raw, SBE 43, 2 [V]
# name 10 = altM: Altimeter [m]
# name 11 = latitude: Latitude [deg]
# name 12 = longitude: Longitude [deg]
# name 13 = sbox0dV/dT: Oxygen, SBE 43 [dov/dt]
# name 14 = sbox1dV/dT: Oxygen, SBE 43, 2 [dov/dt]
# name 15 = sbeox0ML/L: Oxygen, SBE 43 [ml/l], WS = 5
# name 16 = sbeox1ML/L: Oxygen, SBE 43, 2 [ml/l], WS = 5
# name 17 = potemp090C: Potential Temperature [ITS-90, deg C]
# name 18 = potemp190C: Potential Temperature, 2 [ITS-90, deg C]
# name 19 = sal00: Salinity, Practical [PSU]
# name 20 = sal11: Salinity, Practical, 2 [PSU]
# name 21 = sigma-é00: Density [sigma-theta, kg/m^3]
# name 22 = sigma-é11: Density, 2 [sigma-theta, kg/m^3]
# name 23 = avgsvCM: Average Sound Velocity [Chen-Millero, m/s], minP = 20, minS = 20
# name 24 = sbox0Mm/Kg: Oxygen, SBE 43 [umol/kg], WS = 5
# name 25 = sbox1Mm/Kg: Oxygen, SBE 43, 2 [umol/kg], WS = 5
# name 26 = nbin: number of scans per bin
# name 27 = flag: flag
# span 0 =     102685,     249293       
# span 1 =   4278.514,  10387.184       
# span 2 =      0.994,   3244.223       
# span 3 =      1.000,   3290.000       
# span 4 =     4.2783,    32.6736       
# span 5 =     4.2792,    32.5625       
# span 6 =   3.346164,   6.355095       
# span 7 =   3.346143,   6.369083       
# span 8 =     1.5594,     3.2930       
# span 9 =     1.2621,     2.7786       
# span 10 =      12.63,     102.94      
# span 11 =   21.66222,   22.73281      
# span 12 =  -95.99649,  -91.47596      
# span 13 =   -0.00273,    0.01645      
# span 14 =   -0.00335,    0.01106      
# span 15 =     2.3642,     4.6359      
# span 16 =     2.3727,     4.6378      
# span 17 =     4.0794,    32.5434      
# span 18 =     4.0803,    32.5623      
# span 19 =    34.9177,    37.1400      
# span 20 =    34.9166,    37.2939      
# span 21 =    22.4485,    27.7576      
# span 22 =    22.4490,    27.7567      
# span 23 =    1479.67,    1552.80      
# span 24 =    102.893,    201.448      
# span 25 =    103.263,    201.531      
# span 26 =         30,         80      
# span 27 = 0.0000e+00, 0.0000e+00      
# interval = decibars: 1                
# start_time = Oct 09 2021 18:18:51 [NMEA time, header]
# bad_flag = -9.990e-29
*END*
[from data line 311]
     201950   8414.561    353.478    356.000    11.3374    11.3411   3.993555   3.993852     1.6022     1.2997     100.00   22.00242  -92.91552    0.00023    0.00010     2.3728     2.3828    11.2921    11.2958    35.4092    35.4087    27.0407    27.0396    1502.95    103.178    103.615         51 0.0000e+00
     201998   8416.530    352.486    355.000    11.3380    11.3510   3.993615   3.994827     1.6020     1.3009     100.00   22.00242  -92.91552    0.00026    0.00043     2.3719     2.3857    11.2928    11.3058    35.4087    35.4087    27.0401    27.0378    1502.95    103.142    103.741         41 0.0000e+00
     202037   8418.184    351.493    354.000    11.3876    11.3883   3.998721   3.999057     1.6031     1.3019      89.45   22.00242  -92.91552    0.00015    0.00065     2.3715     2.3860    11.3424    11.3431    35.4132    35.4158    27.0344    27.0364    1502.95    103.125    103.756         41 0.0000e+00
     202080   8419.956    350.501    353.000    11.4034    11.4065   4.000636   4.001003     1.6038     1.3025     100.11   22.00242  -92.91552    0.00049    0.00049     2.3723     2.3866    11.3583    11.3615    35.4175    35.4181    27.0348    27.0347    1502.95    103.156    103.778         42 0.0000e+00
     202123   8421.735    349.509    352.000    11.4192    11.4293   4.002305   4.003484     1.6053     1.3033     100.00   22.00242  -92.91552    0.00065    0.00039     2.3750     2.3873    11.3743    11.3843    35.4193    35.4213    27.0332    27.0330    1502.95    103.275    103.809         47 0.0000e+00
     202174   8423.866    348.517    351.000    11.4315    11.4392   4.003669   4.004889     1.6055     1.3039      98.66   22.00242  -92.91552    0.00047    0.00043     2.3746     2.3882    11.3866    11.3943    35.4215    35.4232    27.0327    27.0326    1502.95    103.257    103.848         47 0.0000e+00
     202213   8425.497    347.525    350.000    11.5138    11.5358   4.010571   4.014234     1.6068     1.3045      99.97   22.00242  -92.91552    0.00027    0.00020     2.3741     2.3855    11.4707    11.4919    35.4330    35.4351    27.0259    27.0236    1502.95    103.239    103.733         36 0.0000e+00
     202253   8427.179    346.533    349.000    11.5601    11.5532   4.017676   4.017054     1.6086     1.3056     100.00   22.00242  -92.91552    0.00085    0.00047     2.3747     2.3860    11.5152    11.5084    35.4383    35.4384    27.0218    27.0231    1502.95    103.263    103.753         46 0.0000e+00
     202302   8429.221    345.541    348.000    11.5596    11.5636   4.017560   4.018328     1.6093     1.3067      99.97   22.00242  -92.91552    0.00071    0.00057     2.3764     2.3882    11.5148    11.5187    35.4381    35.4413    27.0216    27.0234    1502.95    103.336    103.849         44 0.0000e+00
     202342   8430.873    344.549    347.000    11.5876    11.5963   4.021095   4.021870     1.6100     1.3075     100.00   22.00242  -92.91552    0.00032    0.00051     2.3762     2.3885    11.5429    11.5515    35.4460    35.4454    27.0226    27.0204    1502.95    103.328    103.866         40 0.0000e+00
     202390   8432.870    343.557    346.000    11.6078    11.6149   4.023287   4.023970     1.6108     1.3089     100.00   22.00242  -92.91552    0.00050    0.00067     2.3769     2.3912    11.5631    11.5702    35.4488    35.4488    27.0209    27.0196    1502.95    103.360    103.981         53 0.0000e+00
     202433   8434.687    342.565    345.000    11.6228    11.6383   4.024651   4.026675     1.6107     1.3089     100.00   22.00242  -92.91552    0.00016    0.00037     2.3755     2.3896    11.5782    11.5936    35.4484    35.4535    27.0177    27.0188    1502.95    103.300    103.912         34 0.0000e+00
     202466   8436.045    341.572    344.000    11.7136    11.7155   4.034656   4.034808     1.6124     1.3099     100.00   22.00243  -92.91552    0.00028    0.00022     2.3745     2.3877    11.6689    11.6708    35.4606    35.4603    27.0101    27.0095    1502.95    103.256    103.830         34 0.0000e+00
     202505   8437.669    340.580    343.000    11.7250    11.7345   4.036071   4.037106     1.6129     1.3101     100.00   22.00244  -92.91552    0.00075    0.00040     2.3748     2.3870    11.6805    11.6900    35.4640    35.4651    27.0106    27.0097    1502.95    103.268    103.802         44 0.0000e+00
     202548   8439.464    339.588    342.000    11.7209    11.7405   4.035765   4.037722     1.6130     1.3100     100.00   22.00244  -92.91552    0.00024    0.00012     2.3749     2.3861    11.6765    11.6960    35.4654    35.4660    27.0124    27.0092    1502.95    103.273    103.762         39 0.0000e+00
     202582   8440.870    338.596    341.000    11.7533    11.7580   4.039112   4.039652     1.6138     1.3102     100.00   22.00244  -92.91552    0.00015    0.00000     2.3748     2.3853    11.7089    11.7136    35.4678    35.4686    27.0081    27.0079    1502.95    103.268    103.725         31 0.0000e+00
     202617   8442.326    337.604    340.000    11.7646    11.7669   4.040326   4.040658     1.6144     1.3109     100.00   22.00244  -92.91552    0.00041    0.00016     2.3753     2.3865    11.7203    11.7226    35.4696    35.4705    27.0074    27.0077    1502.95    103.294    103.780         41 0.0000e+00
     202661   8444.175    336.612    339.000    11.7650    11.7771   4.040413   4.041711     1.6151     1.3115     100.00   22.00244  -92.91552    0.00042    0.00035     2.3771     2.3875    11.7208    11.7329    35.4703    35.4715    27.0079    27.0065    1502.95    103.369    103.823         42 0.0000e+00
     202696   8445.644    335.620    338.000    11.7914    11.7982   4.043258   4.044254     1.6159     1.3130     100.00   22.00244  -92.91552    0.00043    0.00056     2.3776     2.3907    11.7473    11.7541    35.4750    35.4755    27.0065    27.0056    1502.95    103.393    103.960         31 0.0000e+00
     202729   8447.013    334.627    337.000    11.8265    11.8281   4.047202   4.047405     1.6168     1.3137     100.00   22.00244  -92.91552    0.00058    0.00077     2.3775     2.3904    11.7825    11.7841    35.4792    35.4796    27.0031    27.0031    1502.95    103.386    103.949         37 0.0000e+00
     202770   8448.694    333.635    336.000    11.8427    11.8419   4.048643   4.048840     1.6178     1.3144     100.00   22.00244  -92.91552    0.00062    0.00057     2.3787     2.3911    11.7988    11.7979    35.4783    35.4810    26.9992    27.0016    1502.95    103.441    103.980         41 0.0000e+00
     202806   8450.226    332.643    335.000    11.8588    11.8655   4.050644   4.051495     1.6185     1.3149     100.00   22.00244  -92.91552    0.00053    0.00038     2.3791     2.3909    11.8150    11.8217    35.4825    35.4843    26.9995    26.9995    1502.95    103.455    103.968         34 0.0000e+00
     202845   8451.819    331.651    334.000    11.8911    11.8974   4.054309   4.054965     1.6194     1.3155     100.00   22.00244  -92.91552    0.00054    0.00032     2.3796     2.3907    11.8473    11.8536    35.4885    35.4890    26.9980    26.9972    1502.95    103.480    103.960         44 0.0000e+00
     202887   8453.593    330.659    333.000    11.8949    11.9022   4.054704   4.055598     1.6203     1.3163     100.00   22.00244  -92.91552    0.00053    0.00046     2.3813     2.3923    11.8512    11.8585    35.4893    35.4902    26.9978    26.9971    1502.95    103.554    104.031         37 0.0000e+00
     202920   8454.941    329.667    332.000    11.9589    11.9471   4.061597   4.060497     1.6207     1.3173     100.00   22.00244  -92.91552    0.00039    0.00054     2.3788     2.3927    11.9152    11.9035    35.4977    35.4967    26.9921    26.9936    1502.95    103.444    104.048         30 0.0000e+00
     202953   8456.318    328.675    331.000    11.9800    11.9790   4.064361   4.064116     1.6216     1.3180     100.00   22.00244  -92.91552    0.00043    0.00052     2.3792     2.3922    11.9364    11.9354    35.5037    35.5021    26.9927    26.9917    1502.95    103.465    104.029         39 0.0000e+00
     202997   8458.164    327.682    330.000    11.9764    11.9833   4.063903   4.064606     1.6225     1.3175     100.00   22.00244  -92.91552    0.00058    0.00024     2.3817     2.3902    11.9330    11.9398    35.5030    35.5033    26.9928    26.9918    1502.95    103.570    103.942         45 0.0000e+00
     203036   8459.773    326.690    329.000    12.0039    12.0112   4.066614   4.067763     1.6228     1.3185     100.00   22.00244  -92.91552    0.00040    0.00005     2.3805     2.3915    11.9605    11.9678    35.5037    35.5081    26.9881    26.9901    1502.95    103.521    103.996         33 0.0000e+00
     203068   8461.116    325.698    328.000    12.0697    12.0745   4.074062   4.074638     1.6242     1.3194     100.00   22.00244  -92.91552    0.00044    0.00044     2.3802     2.3901    12.0263    12.0311    35.5143    35.5154    26.9837    26.9836    1502.95    103.507    103.936         34 0.0000e+00
     203108   8462.773    324.706    327.000    12.0794    12.0872   4.075189   4.076103     1.6255     1.3208     100.00   22.00244  -92.91552    0.00079    0.00080     2.3826     2.3933    12.0361    12.0439    35.5165    35.5181    26.9835    26.9832    1502.95    103.612    104.075         44 0.0000e+00
     203147   8464.424    323.714    326.000    12.0922    12.0947   4.076577   4.076741     1.6265     1.3219     100.00   22.00244  -92.91552    0.00072    0.00077     2.3842     2.3954    12.0490    12.0515    35.5184    35.5176    26.9825    26.9813    1502.95    103.683    104.169         35 0.0000e+00
     203181   8465.842    322.721    325.000    12.1168    12.1194   4.079420   4.079696     1.6275     1.3234     100.00   22.00244  -92.91552    0.00069    0.00077     2.3850     2.3981    12.0737    12.0763    35.5231    35.5234    26.9814    26.9811    1502.95    103.716    104.284         35 0.0000e+00
     203220   8467.455    321.729    324.000    12.1241    12.1332   4.080206   4.081121     1.6277     1.3236     100.00   22.00244  -92.91552    0.00050    0.00067     2.3848     2.3976    12.0811    12.0901    35.5243    35.5246    26.9808    26.9793    1502.95    103.707    104.262         41 0.0000e+00
     203260   8469.123    320.737    323.000    12.1335    12.1444   4.081292   4.082432     1.6285     1.3236     100.00   22.00244  -92.91552    0.00024    0.00015     2.3860     2.3968    12.0906    12.1014    35.5264    35.5272    26.9806    26.9792    1502.95    103.761    104.228         38 0.0000e+00
     203297   8470.665    319.745    322.000    12.1974    12.2164   4.088171   4.090278     1.6296     1.3252     100.00   22.00244  -92.91552    0.00054    0.00032     2.3854     2.3984    12.1545    12.1735    35.5347    35.5389    26.9747    26.9743    1502.95    103.732    104.299         39 0.0000e+00
     203338   8472.368    318.752    321.000    12.2219    12.2433   4.091236   4.093521     1.6313     1.3270     100.00   22.00244  -92.91550    0.00082    0.00096     2.3878     2.4001    12.1791    12.2004    35.5401    35.5419    26.9741    26.9714    1502.95    103.837    104.373         39 0.0000e+00
     203373   8473.831    317.760    320.000    12.2539    12.2581   4.094723   4.095103     1.6326     1.3277     100.00   22.00244  -92.91550    0.00095    0.00093     2.3890     2.4011    12.2112    12.2153    35.5440    35.5437    26.9709    26.9699    1502.95    103.889    104.417         32 0.0000e+00
     203405   8475.174    316.768    319.000    12.2756    12.2815   4.097163   4.097808     1.6335     1.3286     100.00   22.00244  -92.91550    0.00084    0.00069     2.3898     2.4021    12.2330    12.2388    35.5475    35.5483    26.9695    26.9689    1502.95    103.926    104.462         36 0.0000e+00
     203448   8476.976    315.776    318.000    12.2752    12.2821   4.096955   4.097732     1.6346     1.3294     100.00   22.00244  -92.91550    0.00070    0.00056     2.3924     2.4039    12.2327    12.2396    35.5471    35.5474    26.9691    26.9680    1502.95    104.040    104.541         47 0.0000e+00
     203490   8478.689    314.784    317.000    12.2740    12.2817   4.097267   4.097851     1.6349     1.3303     100.00   22.00244  -92.91552    0.00044    0.00041     2.3926     2.4061    12.2316    12.2392    35.5479    35.5484    26.9700    26.9689    1502.95    104.047    104.634         34 0.0000e+00
     203522   8480.042    313.791    316.000    12.2967    12.3003   4.099173   4.099407     1.6353     1.3306     100.00   22.00244  -92.91551    0.00027    0.00044     2.3925     2.4057    12.2544    12.2580    35.5510    35.5508    26.9680    26.9672    1502.95    104.044    104.617         34 0.0000e+00
     203562   8481.711    312.799    315.000    12.2982    12.3058   4.099598   4.100383     1.6361     1.3305     100.00   22.00244  -92.91550    0.00038    0.00016     2.3941     2.4048    12.2560    12.2636    35.5516    35.5519    26.9681    26.9669    1502.95    104.113    104.579         45 0.0000e+00
     203603   8483.417    311.807    314.000    12.3032    12.3127   4.100049   4.100992     1.6363     1.3309      99.58   22.00244  -92.91550    0.00028    0.00008     2.3937     2.4054    12.2595    12.2706    35.5517    35.5517    26.9675    26.9654    1502.95    104.096    104.605         35 0.0000e+00
     203636   8484.780    310.814    313.000    12.3445    12.3427   4.104560   4.104454     1.6364     1.3312     100.00   22.00244  -92.91550    0.00013    0.00020     2.3916     2.4041    12.3025    12.3007    35.5566    35.5574    26.9630    26.9639    1502.95    104.006    104.548         33 0.0000e+00
     203674   8486.355    309.822    312.000    12.3554    12.3618   4.105871   4.106500     1.6374     1.3318     100.00   22.00244  -92.91550    0.00031    0.00029     2.3932     2.4047    12.3135    12.3199    35.5594    35.5594    26.9630    26.9617    1502.95    104.073    104.574         43 0.0000e+00
     203717   8488.164    308.830    311.000    12.3542    12.3621   4.105706   4.106417     1.6380     1.3326     100.00   22.00244  -92.91550    0.00039    0.00042     2.3947     2.4064    12.3124    12.3203    35.5595    35.5588    26.9632    26.9611    1502.95    104.141    104.650         40 0.0000e+00
     203753   8489.652    307.838    310.000    12.3683    12.3699   4.107192   4.107340     1.6386     1.3329     100.00   22.00244  -92.91550    0.00043    0.00033     2.3952     2.4066    12.3266    12.3283    35.5609    35.5608    26.9616    26.9611    1502.95    104.160    104.657         34 0.0000e+00
     203788   8491.120    306.845    309.000    12.3758    12.3790   4.108020   4.108340     1.6387     1.3336     100.00   22.00244  -92.91550    0.00034    0.00034     2.3944     2.4079    12.3342    12.3374    35.5622    35.5623    26.9611    26.9606    1502.95    104.128    104.716         39 0.0000e+00
     203862   8494.226    305.853    308.000    12.3724    12.3847   4.107636   4.108930     1.6396     1.3346      98.65   22.00244  -92.91550    0.00026    0.00031     2.3970     2.4100    12.3310    12.3432    35.5617    35.5628    26.9613    26.9598    1502.95    104.240    104.804         56 0.0000e+00
     203962   8498.376    304.861    307.000    12.3661    12.3726   4.106997   4.107507     1.6398     1.3346      99.77   22.00244  -92.91550    0.00006   -0.00002     2.3975     2.4104    12.3248    12.3313    35.5608    35.5609    26.9619    26.9607    1502.95    104.263    104.820         36 0.0000e+00
     204051   8502.096    303.868    306.000    12.3682    12.3989   4.106997   4.110482     1.6395     1.3350      96.12   22.00244  -92.91550   -0.00006    0.00021     2.3961     2.4101    12.3271    12.3577    35.5611    35.5656    26.9616    26.9591    1502.95    104.203    104.808         37 0.0000e+00
