Gulf of Mexico/GOMECC-4/1db/urb2103_0321.cnv
* Sea-Bird SBE 9 Data File:
* FileName = C:\Users\scs.user.rb\CTD\GOMECC4\data\rb2103_0321.hex
* Software Version Seasave V 7.26.7.107
* Temperature SN = 4799
* Conductivity SN = 3860
* Number of Bytes Per Scan = 41
* Number of Voltage Words = 4
* Number of Scans Averaged by the Deck Unit = 1
* NMEA Latitude = 29 45.48 N
* NMEA Longitude = 087 02.49 W
* NMEA UTC (Time) = Sep 23 2021  20:34:47
* NMEA baud rate = 4800
# nquan = 28
# nvalues = 97                          
# units = specified
# name 0 = scan: Scan Count
# name 1 = timeS: Time, Elapsed [seconds]
# name 2 = depSM: Depth [salt water, m]
# name 3 = prDM: Pressure, Digiquartz [db]
# name 4 = t090C: Temperature [ITS-90, deg C]
# name 5 = t190C: Temperature, 2 [ITS-90, deg C]
# name 6 = c0S/m: Conductivity [S/m]
# name 7 = c1S/m: Conductivity, 2 [S/m]
# name 8 = sbeox0V: Oxygen raw, SBE 43 [V]
# name 9 = sbeox1V: Oxygen raw, SBE 43, 2 [V]
# name 10 = altM: Altimeter [m]
# name 11 = latitude: Latitude [deg]
# name 12 = longitude: Longitude [deg]
# name 13 = sbox0dV/dT: Oxygen, SBE 43 [dov/dt]
# name 14 = sbox1dV/dT: Oxygen, SBE 43, 2 [dov/dt]
# name 15 = sbeox0ML/L: Oxygen, SBE 43 [ml/l], WS = 5
# name 16 = sbeox1ML/L: Oxygen, SBE 43, 2 [ml/l], WS = 5
# name 17 = potemp090C: Potential Temperature [ITS-90, deg C]
# name 18 = potemp190C: Potential Temperature, 2 [ITS-90, deg C]
# name 19 = sal00: Salinity, Practical [PSU]
# name 20 = sal11: Salinity, Practical, 2 [PSU]
# name 21 = sigma-é00: Density [sigma-theta, kg/m^3]
# name 22 = sigma-é11: Density, 2 [sigma-theta, kg/m^3]
# name 23 = avgsvCM: Average Sound Velocity [Chen-Millero, m/s], minP = 20, minS = 20
# name 24 = sbox0Mm/Kg: Oxygen, SBE 43 [umol/kg], WS = 5
# name 25 = sbox1Mm/Kg: Oxygen, SBE 43, 2 [umol/kg], WS = 5
# name 26 = nbin: number of scans per bin
# name 27 = flag: flag
# span 0 =      19846,      53475       
# span 1 =    826.895,   2228.103       
# span 2 =      1.987,    199.539       
# span 3 =      2.000,    201.000       
# span 4 =    14.2900,    28.7328       
# span 5 =    14.2959,    28.7349       
# span 6 =   4.323602,   5.680068       
# span 7 =   4.324424,   5.671130       
# span 8 =     1.8280,     3.1823       
# span 9 =     1.5144,     2.7092       
# span 10 =      11.71,     102.32      
# span 11 =   29.38681,   30.47936      
# span 12 =  -89.15187,  -85.95614      
# span 13 =   -0.00244,    0.02314      
# span 14 =   -0.00186,    0.02553      
# span 15 =     2.7227,     4.5441      
# span 16 =     2.7580,     4.5581      
# span 17 =    14.2604,    28.7307      
# span 18 =    14.2663,    28.7328      
# span 19 =    33.0197,    36.5186      
# span 20 =    33.0202,    36.5148      
# span 21 =    20.9385,    26.7970      
# span 22 =    20.9385,    26.7952      
# span 23 =    1504.76,    1560.70      
# span 24 =    118.422,    198.727      
# span 25 =    119.959,    199.336      
# span 26 =         30,         68      
# span 27 = 0.0000e+00, 0.0000e+00      
# interval = decibars: 1                
# start_time = Sep 23 2021 20:34:47 [NMEA time, header]
# bad_flag = -9.990e-29
*END*
[from data line 52]
      37944   1580.960     66.534     67.000    21.4046    21.3578   5.115450   5.110275     2.4247     2.0446      99.97   29.74863  -87.01454    0.02314    0.01943     3.5456     3.5709    21.3915    21.3448    36.4102    36.4139    25.4588    25.4749    1523.29    154.414    155.514         34 0.0000e+00
      38089   1586.991     65.542     66.000    21.3193    21.6263   5.106830   5.133961     2.4729     2.1269      93.90   29.75830  -87.04282    0.01465    0.02362     3.6516     3.7408    21.3065    21.6134    36.4206    36.3774    25.4912    25.3727    1523.78    159.026    162.931         31 0.0000e+00
      38240   1593.296     64.549     65.000    21.6528    22.0000   5.138574   5.172043     2.5378     2.2286      99.86   29.75830  -87.04282    0.01786    0.02553     3.7632     3.9472    21.6400    21.9871    36.3923    36.3653    25.3772    25.2595    1523.78    163.904    171.940         38 0.0000e+00
      40445   1685.149     59.584     60.000    23.1719    23.1525   5.296829   5.293951     2.7208     2.3049      90.80   29.79569  -87.15219    0.00112    0.00036     4.0229     4.0345    23.1571    23.1401    36.3847    36.3704    24.9431    24.9354    1525.69    175.297    175.798         46 0.0000e+00
      40607   1691.937     58.591     59.000    23.1978    23.2536   5.296920   5.303058     2.7259     2.3191      78.84   29.75830  -87.04284    0.00238    0.00438     4.0308     4.0585    23.1856    23.2414    36.3457    36.3474    24.9007    24.8857    1523.78    175.643    176.850         65 0.0000e+00
      40674   1694.718     57.598     58.000    23.2999    23.2913   5.307960   5.307038     2.7346     2.3262     100.40   29.75830  -87.04284    0.00265    0.00374     4.0388     4.0705    23.2853    23.2793    36.3490    36.3466    24.8741    24.8740    1523.78    175.996    177.376         65 0.0000e+00
      40731   1697.067     56.605     57.000    23.4654    23.3815   5.326484   5.318004     2.7477     2.3312     100.00   29.75830  -87.04284    0.00487    0.00177     4.0530     4.0745    23.4535    23.3696    36.3535    36.3574    24.8282    24.8557    1523.78    176.624    177.554         51 0.0000e+00
      40790   1699.559     55.612     56.000    23.6045    23.5136   5.341962   5.331533     2.7621     2.3426     100.00   29.75830  -87.04284    0.00575    0.00377     4.0706     4.0898    23.5928    23.5019    36.3583    36.3530    24.7908    24.8135    1523.78    177.395    178.228         66 0.0000e+00
      40847   1701.907     54.620     55.000    23.8385    23.7101   5.364799   5.352089     2.7804     2.3551      67.83   29.75830  -87.04284    0.00668    0.00487     4.0893     4.1027    23.8270    23.6986    36.3414    36.3495    24.7087    24.7529    1523.78    178.225    178.800         48 0.0000e+00
      40902   1704.208     53.627     54.000    24.0860    23.9043   5.390571   5.372894     2.8027     2.3719      99.43   29.75830  -87.04284    0.00942    0.00676     4.1142     4.1251    24.0746    23.8929    36.3357    36.3497    24.6307    24.6954    1523.78    179.324    179.787         65 0.0000e+00
      40961   1706.672     52.633     53.000    24.4189    24.1692   5.424210   5.398410     2.8197     2.3871     100.00   29.75830  -87.04284    0.00738    0.00660     4.1222     4.1394    24.4075    24.1579    36.3200    36.3278    24.5190    24.5998    1523.78    179.691    180.427         45 0.0000e+00
      41001   1708.354     51.640     52.000    24.6890    24.4813   5.450785   5.430378     2.8371     2.4017     100.00   29.75830  -87.04284    0.00818    0.00706     4.1364     4.1515    24.6778    24.4701    36.3016    36.3162    24.4233    24.4972    1523.78    180.326    180.970         45 0.0000e+00
      41060   1710.806     50.648     51.000    24.7757    24.6941   5.458252   5.451265     2.8498     2.4192     100.00   29.75830  -87.04284    0.00830    0.00832     4.1537     4.1708    24.7647    24.6831    36.2902    36.3014    24.3884    24.4217    1523.78    181.088    181.825         64 0.0000e+00
      41108   1712.799     49.655     50.000    25.0728    25.0991   5.480535   5.483040     2.8553     2.4266      65.47   29.75830  -87.04284    0.00116    0.00361     4.1465     4.1629    25.0619    25.0882    36.2363    36.2270    24.2569    24.2417    1523.78    180.797    181.514         38 0.0000e+00
      41153   1714.672     48.662     49.000    25.4444    25.4558   5.516728   5.517326     2.8855     2.4504      98.60   29.75830  -87.04284    0.00917    0.00816     4.1735     4.1854    25.4336    25.4450    36.1886    36.1837    24.1066    24.0994    1523.78    182.002    182.520         55 0.0000e+00
      41210   1717.060     47.669     48.000    25.6742    25.5835   5.535253   5.528685     2.9096     2.4661     100.00   29.75830  -87.04284    0.01320    0.00936     4.2041     4.2093    25.6636    25.5729    36.1423    36.1657    24.0003    24.0462    1523.78    183.355    183.575         53 0.0000e+00
      41258   1719.062     46.676     47.000    26.0858    25.9603   5.564780   5.553953     2.9313     2.4789      76.37   29.75830  -87.04284    0.00919    0.00564     4.2151     4.2119    26.0753    25.9498    36.0338    36.0535    23.7900    23.8441    1523.78    183.872    183.723         46 0.0000e+00
      43439   1809.929     39.725     40.000    27.6346    27.6506   5.666012   5.667829     2.8840     2.4435     100.08   29.78358  -87.11674   -0.00078    0.00060     4.0207     4.0301    27.6239    27.6412    35.5799    35.5814    22.9574    22.9534    1525.07    175.537    175.949         49 0.0000e+00
      43472   1811.279     38.732     39.000    27.6189    27.6436   5.660790   5.662561     2.8960     2.4582      90.49   29.75830  -87.04278    0.00434    0.00672     4.0422     4.0598    27.6098    27.6345    35.5423    35.5361    22.9297    22.9170    1523.78    176.479    177.250         61 0.0000e+00
      43528   1813.642     37.739     38.000    27.6502    27.6379   5.660781   5.660951     2.9142     2.4665      99.68   29.75830  -87.04278    0.00594    0.00412     4.0742     4.0770    27.6414    27.6290    35.5188    35.5295    22.9018    22.9139    1523.78    177.879    177.999         60 0.0000e+00
      43591   1816.232     36.746     37.000    27.7129    27.6691   5.661777   5.661426     2.9559     2.4888     100.00   29.75830  -87.04278    0.01458    0.00658     4.1476     4.1206    27.7042    27.6604    35.4787    35.5093    22.8512    22.8885    1523.78    181.093    179.907         56 0.0000e+00
      43642   1818.391     35.753     36.000    27.7517    27.6715   5.660697   5.658119     2.9942     2.5251     100.00   29.75830  -87.04278    0.01696    0.01301     4.2160     4.1948    27.7433    27.6631    35.4420    35.4823    22.8109    22.8663    1523.78    184.089    183.153         54 0.0000e+00
      43696   1820.635     34.759     35.000    27.7983    27.7764   5.657587   5.658779     3.0282     2.5608      91.50   29.75830  -87.04278    0.01680    0.01767     4.2771     4.2632    27.7901    27.7682    35.3830    35.4107    22.7513    22.7792    1523.78    186.768    186.151         51 0.0000e+00
      43750   1822.870     33.766     34.000    27.8387    27.7897   5.651910   5.651269     3.0577     2.5952      82.89   29.75830  -87.04278    0.01388    0.01511     4.3291     4.3330    27.8307    27.7817    35.3151    35.3484    22.6869    22.7279    1523.78    189.050    189.214         59 0.0000e+00
      43807   1825.268     32.773     33.000    27.8672    27.8330   5.643168   5.648944     3.0874     2.6149     100.95   29.75830  -87.04278    0.01249    0.01140     4.3806     4.3707    27.8595    27.8256    35.2312    35.2961    22.6144    22.6740    1523.78    191.310    190.874         48 0.0000e+00
      43851   1827.080     31.780     32.000    27.8796    27.8548   5.644021   5.644005     3.0963     2.6261     100.00   29.75830  -87.04278    0.00986    0.00716     4.3983     4.3933    27.8721    27.8473    35.2294    35.2479    22.6090    22.6309    1523.78    192.084    191.861         48 0.0000e+00
      43912   1829.635     30.787     31.000    27.9113    27.9332   5.644291   5.645546     3.1042     2.6407     100.00   29.75830  -87.04278    0.00269    0.00570     4.4106     4.4182    27.9040    27.9259    35.2079    35.2004    22.5824    22.5696    1523.78    192.627    192.962         58 0.0000e+00
      43958   1831.544     29.794     30.000    28.0090    27.9951   5.653045   5.650995     3.1122     2.6447     100.00   29.75828  -87.04278    0.00373    0.00420     4.4175     4.4215    28.0019    27.9880    35.1966    35.1927    22.5419    22.5435    1523.78    192.937    193.111         44 0.0000e+00
      44013   1833.839     28.801     29.000    28.1395    28.0746   5.666990   5.659525     3.1128     2.6436     100.00   29.75830  -87.04278    0.00259    0.00092     4.4078     4.4130    28.1327    28.0677    35.1972    35.1934    22.4995    22.5179    1523.78    192.523    192.742         59 0.0000e+00
      44065   1835.988     27.808     28.000    28.2642    28.1784   5.680068   5.671130     3.1054     2.6438     100.00   29.75830  -87.04278   -0.00244   -0.00073     4.3840     4.4051    28.2575    28.1718    35.1961    35.1975    22.4576    22.4868    1523.78    191.491    192.404         52 0.0000e+00
      44443   1851.749     24.829     25.000    28.2585    28.2601   5.541352   5.543651     3.0920     2.6268      99.79   29.69519  -86.85818   -0.00028   -0.00076     4.3793     4.3852    28.2526    28.2542    34.1964    34.2036    21.6967    21.6900    1520.55    191.419    191.688         30 0.0000e+00
      45350   1889.551     22.842     23.000    28.5375    28.4622   5.588810   5.565828     3.1242     2.6511     100.66   30.00009  -87.75000    0.00080   -0.00001     4.4260     4.4281    28.5321    28.4568    34.4990    34.3206    21.8865    21.7686    1536.16    193.463    193.573         40 0.0000e+00
      47153   1964.673     19.863     20.000    28.1410    28.1395   5.444393   5.442562     3.1062     2.6417     100.24   29.83004  -87.25267   -0.00056    0.00004     4.4321     4.4416    28.1363    28.1348    33.6843    33.6726    21.3738    21.3655    1527.45    193.806    194.221         36 0.0000e+00
      47101   1962.493     18.870     19.000    28.0692    28.0688   5.429537   5.429184     3.0977     2.6382     100.00   29.75828  -87.04278   -0.00076    0.00041     4.4195     4.4364    28.0647    28.0643    33.5942    33.5920    21.3168    21.3153    1523.78    193.257    193.997         30 0.0000e+00
      47169   1965.336     17.877     18.000    28.0668    28.0665   5.427473   5.426512     3.1024     2.6376     100.00   29.75828  -87.04278    0.00137    0.00041     4.4284     4.4353    28.0626    28.0622    33.5818    33.5754    21.3082    21.3035    1523.78    193.644    193.950         46 0.0000e+00
      47223   1967.588     16.884     17.000    28.0661    28.0652   5.426704   5.424117     3.1025     2.6370     100.00   29.75828  -87.04278    0.00094   -0.00119     4.4281     4.4340    28.0621    28.0612    33.5773    33.5599    21.3050    21.2922    1523.78    193.632    193.893         50 0.0000e+00
      47323   1971.753     15.891     16.000    28.0645    28.0646   5.420241   5.418168     3.1013     2.6394      91.34   29.75828  -87.04278   -0.00050    0.00037     4.4266     4.4396    28.0608    28.0609    33.5337    33.5192    21.2726    21.2617    1523.78    193.575    194.145         44 0.0000e+00
      47585   1982.685     14.898     15.000    28.0611    28.0616   5.412191   5.409734     3.1042     2.6400     100.14   29.75828  -87.04277    0.00029   -0.00008     4.4330     4.4418    28.0575    28.0580    33.4805    33.4630    21.2337    21.2204    1523.78    193.863    194.249         40 0.0000e+00
      51654   2152.193      8.939      9.000    28.7328    28.7349   5.535831   5.536212     3.1823     2.7092     102.32   30.47936  -89.15187    0.00013    0.00132     4.5441     4.5581    28.7307    28.7328    34.2471    34.2483    21.7169    21.7171    1560.70    198.727    199.336         32 0.0000e+00
      50157   2089.828      6.953      7.000    27.7028    27.7038   5.337347   5.337515     3.0688     2.6100      98.75   29.38681  -85.95614   -0.00025    0.00008     4.3814     4.3895    27.7011    27.7021    33.0197    33.0202    20.9385    20.9385    1504.76    191.611    191.965         30 0.0000e+00
      51020   2125.794      5.959      6.000    28.0530    28.0532   5.404739   5.404806     3.1082     2.6431     100.00   29.75830  -87.04274    0.00038   -0.00031     4.4374     4.4446    28.0515    28.0518    33.4369    33.4372    21.2030    21.2031    1523.78    194.059    194.376         33 0.0000e+00
      51208   2133.643      4.966      5.000    28.0520    28.0518   5.404561   5.404603     3.1099     2.6417      79.81   29.75830  -87.04274   -0.00006   -0.00106     4.4402     4.4414    28.0508    28.0506    33.4367    33.4371    21.2030    21.2034    1523.78    194.183    194.234         43 0.0000e+00
      51530   2147.028      3.973      4.000    28.0461    28.0479   5.403826   5.404088     3.1072     2.6433      99.91   29.75830  -87.04276   -0.00033    0.00033     4.4351     4.4446    28.0452    28.0469    33.4360    33.4366    21.2043    21.2042    1523.78    193.961    194.372         49 0.0000e+00
      53200   2216.637      2.980      3.000    28.0454    28.0479   5.403642   5.403958     3.1087     2.6463      55.89   29.75830  -87.04283    0.00118    0.00120     4.4374     4.4501    28.0447    28.0472    33.4355    33.4360    21.2041    21.2036    1523.78    194.059    194.615         47 0.0000e+00
      53475   2228.103      1.987      2.000    28.0442    28.0451   5.403511   5.403637     3.1106     2.6412      91.52   29.75830  -87.04284    0.00075   -0.00059     4.4405     4.4393    28.0438    28.0447    33.4357    33.4359    21.2046    21.2044    1523.78    194.194    194.144         33 0.0000e+00
