Gulf of Mexico/GOMECC-4/1db/urb2103_0381.cnv
* Sea-Bird SBE 9 Data File:
* FileName = C:\Users\scs.user.rb\CTD\GOMECC4\data\rb2103_0381.hex
* Software Version Seasave V 7.26.7.107
* Temperature SN = 4799
* Conductivity SN = 3860
* Number of Bytes Per Scan = 41
* Number of Voltage Words = 4
* Number of Scans Averaged by the Deck Unit = 1
* NMEA Latitude = 27 35.06 N
* NMEA Longitude = 089 59.95 W
* NMEA UTC (Time) = Sep 25 2021  13:55:17
* NMEA baud rate = 4800
# nquan = 28
# nvalues = 331                         
# units = specified
# name 0 = scan: Scan Count
# name 1 = timeS: Time, Elapsed [seconds]
# name 2 = depSM: Depth [salt water, m]
# name 3 = prDM: Pressure, Digiquartz [db]
# name 4 = t090C: Temperature [ITS-90, deg C]
# name 5 = t190C: Temperature, 2 [ITS-90, deg C]
# name 6 = c0S/m: Conductivity [S/m]
# name 7 = c1S/m: Conductivity, 2 [S/m]
# name 8 = sbeox0V: Oxygen raw, SBE 43 [V]
# name 9 = sbeox1V: Oxygen raw, SBE 43, 2 [V]
# name 10 = altM: Altimeter [m]
# name 11 = latitude: Latitude [deg]
# name 12 = longitude: Longitude [deg]
# name 13 = sbox0dV/dT: Oxygen, SBE 43 [dov/dt]
# name 14 = sbox1dV/dT: Oxygen, SBE 43, 2 [dov/dt]
# name 15 = sbeox0ML/L: Oxygen, SBE 43 [ml/l], WS = 5
# name 16 = sbeox1ML/L: Oxygen, SBE 43, 2 [ml/l], WS = 5
# name 17 = potemp090C: Potential Temperature [ITS-90, deg C]
# name 18 = potemp190C: Potential Temperature, 2 [ITS-90, deg C]
# name 19 = sal00: Salinity, Practical [PSU]
# name 20 = sal11: Salinity, Practical, 2 [PSU]
# name 21 = sigma-é00: Density [sigma-theta, kg/m^3]
# name 22 = sigma-é11: Density, 2 [sigma-theta, kg/m^3]
# name 23 = avgsvCM: Average Sound Velocity [Chen-Millero, m/s], minP = 20, minS = 20
# name 24 = sbox0Mm/Kg: Oxygen, SBE 43 [umol/kg], WS = 5
# name 25 = sbox1Mm/Kg: Oxygen, SBE 43, 2 [umol/kg], WS = 5
# name 26 = nbin: number of scans per bin
# name 27 = flag: flag
# span 0 =      57053,     119433       
# span 1 =   2377.149,   4976.331       
# span 2 =      3.974,   1232.081       
# span 3 =      4.000,   1244.000       
# span 4 =     4.5044,    28.9042       
# span 5 =     4.5047,    28.9048       
# span 6 =   3.352036,   5.930229       
# span 7 =   3.351967,   5.930404       
# span 8 =     1.6094,     3.1668       
# span 9 =     1.3138,     2.6931       
# span 10 =      10.43,     102.95      
# span 11 =   27.54458,   27.98912      
# span 12 =  -91.25569,  -89.81925      
# span 13 =   -0.03401,    0.01780      
# span 14 =   -0.03407,    0.01876      
# span 15 =     2.5713,     4.6768      
# span 16 =     2.5950,     4.7062      
# span 17 =     4.4029,    28.9027      
# span 18 =     4.4032,    28.9034      
# span 19 =    34.8998,    36.7026      
# span 20 =    34.8994,    36.7034      
# span 21 =    23.1265,    27.7109      
# span 22 =    23.1258,    27.7100      
# span 23 =    1497.39,    1521.34      
# span 24 =    111.854,    203.823      
# span 25 =    112.882,    205.105      
# span 26 =         30,         66      
# span 27 = 0.0000e+00, 0.0000e+00      
# interval = decibars: 1                
# start_time = Sep 25 2021 13:55:17 [NMEA time, header]
# bad_flag = -9.990e-29
*END*
[from data line 311]
     114118   4754.873     28.806     29.000    28.5674    28.5600   5.883185   5.883627     3.1259     2.6568     100.48   27.73586  -90.43254    0.00071    0.00028     4.3759     4.3817    28.5605    28.5531    36.4679    36.4543    23.3396    23.3297    1507.62    190.993    191.245         55 0.0000e+00
     113662   4735.876     27.813     28.000    28.4308    28.4340   5.854878   5.855240     3.1114     2.6436     100.00   27.60283  -89.99878    0.00011    0.00003     4.3553     4.3594    28.4241    28.4273    36.2923    36.2924    23.2269    23.2259    1500.39    190.092    190.272         30 0.0000e+00
     113741   4739.163     26.819     27.000    28.4298    28.4331   5.854695   5.855052     3.1145     2.6445     100.00   27.60285  -89.99878    0.00106    0.00139     4.3606     4.3608    28.4233    28.4266    36.2921    36.2921    23.2270    23.2259    1500.39    190.324    190.331         51 0.0000e+00
     113842   4743.358     25.826     26.000    28.4314    28.4372   5.854723   5.855121     3.1132     2.6464      89.22   27.60286  -89.99878    0.00040    0.00031     4.3575     4.3637    28.4252    28.4310    36.2914    36.2897    23.2259    23.2227    1500.39    190.189    190.459         34 0.0000e+00
     113919   4746.597     23.840     24.000    28.4088    28.4178   5.848900   5.849076     3.1104     2.6445      99.05   27.57596  -89.91094    0.00011    0.00003     4.3524     4.3594    28.4031    28.4121    36.2518    36.2462    23.1982    23.1910    1498.93    189.965    190.274         56 0.0000e+00
     114138   4755.719     22.847     23.000    28.4536    28.4663   5.854432   5.854614     3.1166     2.6478      42.86   27.60292  -89.99878    0.00128    0.00026     4.3610     4.3636    28.4481    28.4607    36.2732    36.2649    23.2046    23.1942    1500.39    190.347    190.459         43 0.0000e+00
     114242   4760.057     21.853     22.000    28.4577    28.4687   5.854121   5.854501     3.1149     2.6504      94.72   27.60295  -89.99878   -0.00022    0.00076     4.3570     4.3682    28.4525    28.4634    36.2682    36.2625    23.1993    23.1914    1500.39    190.172    190.661         53 0.0000e+00
     115190   4799.527     19.867     20.000    28.6170    28.6138   5.875874   5.875390     3.1323     2.6603      95.60   27.71810  -90.37396    0.00029   -0.00031     4.3803     4.3814    28.6122    28.6091    36.3704    36.3440    23.2456    23.2244    1506.64    191.197    191.248         43 0.0000e+00
     115468   4811.105     18.873     19.000    28.5109    28.5155   5.850644   5.850673     3.1181     2.6499     100.19   27.60321  -89.99884   -0.00078   -0.00020     4.3589     4.3637    28.5063    28.5110    36.2042    36.2008    23.1334    23.1293    1500.39    190.267    190.476         45 0.0000e+00
     115566   4815.195     17.880     18.000    28.5113    28.5153   5.850293   5.850371     3.1226     2.6537      87.24   27.60322  -89.99884    0.00107    0.00082     4.3665     4.3709    28.5070    28.5109    36.2017    36.1992    23.1312    23.1281    1500.39    190.598    190.792         49 0.0000e+00
     116412   4850.438     15.893     16.000    28.6728    28.6754   5.882507   5.882756     3.1389     2.6721     100.34   27.75743  -90.50151   -0.00045    0.00172     4.3877     4.4013    28.6689    28.6716    36.3996    36.3993    23.2563    23.2552    1508.77    191.523    192.121         35 0.0000e+00
     115858   4827.384     14.900     15.000    28.5142    28.5167   5.849808   5.850110     3.1205     2.6569     100.00   27.60328  -89.99886    0.00005    0.00035     4.3610     4.3758    28.5106    28.5131    36.1970    36.1972    23.1265    23.1258    1500.39    190.361    191.008         51 0.0000e+00
     117122   4880.056     12.913     13.000    28.7678    28.7691   5.901916   5.902105     3.1492     2.6769      96.61   27.84932  -90.80089   -0.00024    0.00007     4.4004     4.4062    28.7647    28.7660    36.5204    36.5208    23.3333    23.3331    1513.76    192.080    192.334         41 0.0000e+00
     116164   4840.121     11.920     12.000    28.5132    28.5137   5.849632   5.849707     3.1239     2.6543      97.64   27.60334  -89.99887    0.00068    0.00033     4.3658     4.3692    28.5103    28.5108    36.1974    36.1976    23.1269    23.1269    1500.39    190.570    190.717         48 0.0000e+00
     117333   4888.819      9.933     10.000    28.6565    28.6577   5.879101   5.879297     3.1418     2.6677      90.59   27.74482  -90.45980    0.00063   -0.00012     4.3908     4.3901    28.6541    28.6553    36.3821    36.3826    23.2456    23.2456    1508.07    191.659    191.631         47 0.0000e+00
     117480   4894.972      8.940      9.000    28.5110    28.5113   5.849080   5.849217     3.1269     2.6561      91.81   27.60359  -89.99892    0.00020   -0.00010     4.3698     4.3714    28.5088    28.5091    36.1961    36.1969    23.1265    23.1270    1500.39    190.744    190.814         44 0.0000e+00
     117557   4898.184      7.947      8.000    28.5096    28.5091   5.848930   5.848976     3.1258     2.6566      99.57   27.60360  -89.99892   -0.00022    0.00119     4.3674     4.3721    28.5077    28.5072    36.1965    36.1972    23.1271    23.1278    1500.39    190.641    190.845         37 0.0000e+00
     119433   4976.331      5.960      6.000    28.9042    28.9048   5.930229   5.930404     3.1668     2.6931     101.40   27.98912  -91.25569    0.00003    0.00024     4.4236     4.4309    28.9027    28.9034    36.7026    36.7034    23.4516    23.4519    1521.34    193.092    193.411         44 0.0000e+00
     117930   4913.693      4.967      5.000    28.5055    28.5065   5.848523   5.848746     3.1247     2.6579      99.55   27.60368  -89.99892   -0.00097    0.00067     4.3642     4.3733    28.5043    28.5053    36.1977    36.1985    23.1291    23.1294    1500.39    190.500    190.896         63 0.0000e+00
     119314   4971.375      3.974      4.000    28.5089    28.5104   5.848824   5.849173     3.1264     2.6573      48.79   27.60392  -89.99892    0.00004    0.00018     4.3664     4.3712    28.5079    28.5095    36.1975    36.1988    23.1278    23.1283    1500.39    190.597    190.803         37 0.0000e+00
