Gulf of Mexico/GOMECC-4/1db/urb2103_1371.cnv
* Sea-Bird SBE 9 Data File:
* FileName = C:\Users\scs.user.rb\CTD\GOMECC4\data\rb2103_1371.hex
* Software Version Seasave V 7.26.7.107
* Temperature SN = 4799
* Conductivity SN = 3860
* Number of Bytes Per Scan = 41
* Number of Voltage Words = 4
* Number of Scans Averaged by the Deck Unit = 1
* NMEA Latitude = 26 00.14 N
* NMEA Longitude = 084 11.82 W
* NMEA UTC (Time) = Oct 20 2021  06:05:28
* NMEA baud rate = 4800
# nquan = 28
# nvalues = 123                         
# units = specified
# name 0 = scan: Scan Count
# name 1 = timeS: Time, Elapsed [seconds]
# name 2 = depSM: Depth [salt water, m]
# name 3 = prDM: Pressure, Digiquartz [db]
# name 4 = t090C: Temperature [ITS-90, deg C]
# name 5 = t190C: Temperature, 2 [ITS-90, deg C]
# name 6 = c0S/m: Conductivity [S/m]
# name 7 = c1S/m: Conductivity, 2 [S/m]
# name 8 = sbeox0V: Oxygen raw, SBE 43 [V]
# name 9 = sbeox1V: Oxygen raw, SBE 43, 2 [V]
# name 10 = altM: Altimeter [m]
# name 11 = latitude: Latitude [deg]
# name 12 = longitude: Longitude [deg]
# name 13 = sbox0dV/dT: Oxygen, SBE 43 [dov/dt]
# name 14 = sbox1dV/dT: Oxygen, SBE 43, 2 [dov/dt]
# name 15 = sbeox0ML/L: Oxygen, SBE 43 [ml/l], WS = 5
# name 16 = sbeox1ML/L: Oxygen, SBE 43, 2 [ml/l], WS = 5
# name 17 = potemp090C: Potential Temperature [ITS-90, deg C]
# name 18 = potemp190C: Potential Temperature, 2 [ITS-90, deg C]
# name 19 = sal00: Salinity, Practical [PSU]
# name 20 = sal11: Salinity, Practical, 2 [PSU]
# name 21 = sigma-é00: Density [sigma-theta, kg/m^3]
# name 22 = sigma-é11: Density, 2 [sigma-theta, kg/m^3]
# name 23 = avgsvCM: Average Sound Velocity [Chen-Millero, m/s], minP = 20, minS = 20
# name 24 = sbox0Mm/Kg: Oxygen, SBE 43 [umol/kg], WS = 5
# name 25 = sbox1Mm/Kg: Oxygen, SBE 43, 2 [umol/kg], WS = 5
# name 26 = nbin: number of scans per bin
# name 27 = flag: flag
# span 0 =      14399,      39060       
# span 1 =    599.931,   1627.441       
# span 2 =      1.987,    161.876       
# span 3 =      2.000,    163.000       
# span 4 =    16.4139,    28.5494       
# span 5 =    16.4206,    28.5488       
# span 6 =   4.572568,   5.773424       
# span 7 =   4.573377,   5.774873       
# span 8 =     1.9323,     3.1942       
# span 9 =     1.5979,     2.7055       
# span 10 =      11.18,     100.93      
# span 11 =   25.76177,   26.18083      
# span 12 =  -84.77237,  -83.41563      
# span 13 =   -0.00622,    0.01426      
# span 14 =   -0.00664,    0.01857      
# span 15 =     2.7942,     4.6471      
# span 16 =     2.8009,     4.6469      
# span 17 =    16.3874,    28.5435      
# span 18 =    16.3941,    28.5448      
# span 19 =    35.2989,    36.7098      
# span 20 =    35.2631,    36.7204      
# span 21 =    22.4817,    26.5699      
# span 22 =    22.4594,    26.5692      
# span 23 =    1514.45,    1539.09      
# span 24 =    121.573,    202.525      
# span 25 =    121.861,    202.516      
# span 26 =         30,         77      
# span 27 = 0.0000e+00, 0.0000e+00      
# interval = decibars: 1                
# start_time = Oct 20 2021 06:05:28 [NMEA time, header]
# bad_flag = -9.990e-29
*END*
      14399    599.931    161.876    163.000    16.4139    16.4206   4.572568   4.573377     1.9323     1.5979      11.18   26.00272  -84.19704    0.00028    0.00026     2.8262     2.8360    16.3874    16.3941    36.1856    36.1867    26.5699    26.5692    1528.64    122.950    123.379         55 0.0000e+00
      14468    602.812    160.883    162.000    16.4582    16.4635   4.577290   4.578552     1.9343     1.5993      12.13   26.00272  -84.19704    0.00062    0.00042     2.8275     2.8363    16.4306    16.4371    36.1888    36.1928    26.5623    26.5638    1528.64    123.008    123.393         61 0.0000e+00
      14543    605.899    159.891    161.000    16.4992    16.5650   4.582972   4.590484     1.9357     1.5997      13.16   26.00272  -84.19704    0.00052    0.00026     2.8279     2.8317    16.4730    16.5388    36.2013    36.2090    26.5619    26.5523    1528.64    123.026    123.194         66 0.0000e+00
      14612    608.810    158.898    160.000    16.6202    16.6443   4.597624   4.599211     1.9365     1.5983      14.11   26.00272  -84.19704    0.00026   -0.00066     2.8215     2.8229    16.6062    16.6181    36.2108    36.2139    26.5377    26.5374    1528.64    122.751    122.814         48 0.0000e+00
      14692    612.129    157.905    159.000    16.6767    16.6893   4.604039   4.605482     1.9368     1.6016      15.10   26.00272  -84.19704    0.00008    0.00091     2.8187     2.8280    16.6509    16.6631    36.2274    36.2291    26.5400    26.5384    1528.64    122.626    123.031         39 0.0000e+00
      14754    614.717    156.912    158.000    16.7495    16.7479   4.612337   4.611996     1.9384     1.6026      15.99   26.00272  -84.19704    0.00112    0.00154     2.8187     2.8279    16.7235    16.7219    36.2355    36.2339    26.5290    26.5281    1528.64    122.631    123.028         40 0.0000e+00
      14838    618.191    155.920    157.000    16.7957    16.7883   4.617881   4.617419     1.9606     1.6232      17.00   26.00272  -84.19704    0.00571    0.00530     2.8655     2.8760    16.7698    16.7624    36.2447    36.2456    26.5251    26.5275    1528.64    124.666    125.125         57 0.0000e+00
      14903    620.926    154.927    156.000    16.8247    16.8354   4.621699   4.622889     1.9675     1.6277      18.00   26.00272  -84.19704    0.00332    0.00242     2.8794     2.8844    16.7989    16.8096    36.2507    36.2516    26.5227    26.5209    1528.64    125.273    125.488         57 0.0000e+00
      14981    624.157    153.934    155.000    16.8250    16.8307   4.621471   4.622286     1.9715     1.6337      18.92   26.00273  -84.19705    0.00148    0.00217     2.8883     2.8995    16.7994    16.8051    36.2506    36.2515    26.5226    26.5219    1528.64    125.661    126.144         66 0.0000e+00
      15050    627.028    152.942    154.000    16.8297    16.8395   4.621499   4.622483     1.9633     1.6230      19.97   26.00274  -84.19706   -0.00170   -0.00237     2.8688     2.8716    16.8042    16.8140    36.2453    36.2464    26.5173    26.5158    1528.64    124.813    124.934         69 0.0000e+00
      15130    630.370    151.949    153.000    16.8421    16.8483   4.622851   4.623884     1.9415     1.6006      20.98   26.00274  -84.19706   -0.00622   -0.00664     2.8174     2.8140    16.8168    16.8230    36.2464    36.2500    26.5151    26.5164    1528.64    122.576    122.428         43 0.0000e+00
      15195    633.063    150.956    152.000    16.8715    16.9286   4.627571   4.633841     1.9377     1.6012      21.86   26.00274  -84.19706   -0.00343   -0.00186     2.8017     2.8080    16.8463    16.9036    36.2600    36.2656    26.5186    26.5094    1528.64    121.892    122.166         48 0.0000e+00
      15272    636.310    149.963    151.000    17.0039    17.0093   4.642832   4.643412     1.9655     1.6293      22.85   26.00274  -84.19704    0.00767    0.00821     2.8610     2.8760    16.9787    16.9842    36.2767    36.2769    26.4997    26.4986    1528.64    124.476    125.127         61 0.0000e+00
      15345    639.348    148.971    150.000    17.0555    17.0486   4.648650   4.647985     1.9742     1.6335      23.90   26.00274  -84.19704    0.00422    0.00215     2.8782     2.8839    17.0305    17.0236    36.2818    36.2819    26.4912    26.4930    1528.64    125.224    125.472         77 0.0000e+00
      15414    642.200    147.978    149.000    17.0503    17.0684   4.647611   4.649512     1.9694     1.6276      24.81   26.00274  -84.19704   -0.00085   -0.00133     2.8672     2.8682    17.0255    17.0436    36.2811    36.2814    26.4919    26.4878    1528.64    124.746    124.788         61 0.0000e+00
      15495    645.588    146.985    148.000    17.0608    17.0770   4.648485   4.650572     1.9540     1.6133      25.83   26.00274  -84.19704   -0.00452   -0.00405     2.8309     2.8310    17.0361    17.0523    36.2766    36.2803    26.4859    26.4849    1528.64    123.164    123.168         44 0.0000e+00
      15554    648.022    145.992    147.000    17.0779    17.0886   4.650624   4.651882     1.9477     1.6076      26.68   26.00274  -84.19704   -0.00315   -0.00304     2.8151     2.8157    17.0534    17.0640    36.2798    36.2812    26.4842    26.4827    1528.64    122.479    122.505         47 0.0000e+00
      15606    650.206    144.999    146.000    17.1116    17.1204   4.654191   4.655335     1.9438     1.6059      27.70   26.00274  -84.19704   -0.00193   -0.00123     2.8033     2.8091    17.0872    17.0960    36.2811    36.2834    26.4771    26.4768    1528.64    121.967    122.218         58 0.0000e+00
      15660    652.470    144.007    145.000    17.1349    17.1449   4.656945   4.658207     1.9414     1.6036      28.65   26.00274  -84.19704   -0.00134   -0.00092     2.7965     2.8017    17.1107    17.1206    36.2846    36.2867    26.4741    26.4733    1528.64    121.669    121.898         48 0.0000e+00
      15712    654.626    143.014    144.000    17.1808    17.1883   4.662484   4.663602     1.9417     1.6044      29.66   26.00274  -84.19704   -0.00046   -0.00036     2.7942     2.8009    17.1566    17.1641    36.2923    36.2955    26.4689    26.4696    1528.64    121.573    121.861         56 0.0000e+00
      15765    656.854    142.021    143.000    17.2217    17.2180   4.667597   4.667130     1.9452     1.6086      30.58   26.00274  -84.19704    0.00091    0.00116     2.7991     2.8092    17.1977    17.1941    36.2997    36.2996    26.4647    26.4655    1528.64    121.784    122.226         47 0.0000e+00
      15816    658.955    141.028    142.000    17.2812    17.3112   4.674907   4.678496     1.9566     1.6252      31.68   26.00274  -84.19704    0.00318    0.00431     2.8230     2.8490    17.2573    17.2874    36.3121    36.3149    26.4598    26.4543    1528.64    122.827    123.956         61 0.0000e+00
      15875    661.423    140.035    141.000    17.3190    17.3246   4.679620   4.680570     1.9803     1.6490      32.60   26.00274  -84.19704    0.00853    0.01035     2.8713     2.9027    17.2945    17.3008    36.3191    36.3218    26.4562    26.4567    1528.64    124.926    126.295         48 0.0000e+00
      15919    663.269    139.042    140.000    17.3873    17.4078   4.687856   4.690919     1.9956     1.6622      33.55   26.00276  -84.19704    0.00939    0.00839     2.9096     2.9388    17.3637    17.3842    36.3323    36.3376    26.4495    26.4485    1528.64    126.594    127.864         46 0.0000e+00
      15975    665.595    138.049    139.000    17.4058    17.4123   4.690867   4.691699     2.0198     1.6860      34.54   26.00276  -84.19704    0.00961    0.00954     2.9555     2.9889    17.3823    17.3888    36.3391    36.3405    26.4502    26.4497    1528.64    128.592    130.042         56 0.0000e+00
      16027    667.756    137.057    138.000    17.4280    17.4340   4.693247   4.694318     2.0323     1.6944      35.50   26.00276  -84.19704    0.00809    0.00568     2.9841     3.0090    17.4046    17.4107    36.3435    36.3452    26.4481    26.4479    1528.64    129.835    130.918         55 0.0000e+00
      16086    670.226    136.064    137.000    17.4377    17.4438   4.694863   4.695773     2.0437     1.7033      36.47   26.00276  -84.19704    0.00457    0.00368     3.0070     3.0293    17.4145    17.4206    36.3454    36.3471    26.4471    26.4470    1528.64    130.833    131.802         53 0.0000e+00
      16127    671.926    135.071    136.000    17.4595    17.4643   4.697758   4.698180     2.0496     1.7080      37.32   26.00276  -84.19704    0.00410    0.00308     3.0194     3.0398    17.4373    17.4413    36.3513    36.3514    26.4461    26.4452    1528.64    131.371    132.260         38 0.0000e+00
      16187    674.428    134.078    135.000    17.4678    17.4742   4.698737   4.699402     2.0595     1.7163      38.49   26.00276  -84.19704    0.00391    0.00340     3.0407     3.0592    17.4449    17.4513    36.3536    36.3536    26.4460    26.4445    1528.64    132.300    133.106         44 0.0000e+00
      16246    676.869    133.085    134.000    17.4821    17.4801   4.700446   4.700151     2.0668     1.7213      39.32   26.00276  -84.19704    0.00360    0.00255     3.0560     3.0708    17.4593    17.4573    36.3560    36.3553    26.4444    26.4443    1528.64    132.966    133.610         38 0.0000e+00
      16282    678.362    132.092    133.000    17.5351    17.5419   4.706844   4.707493     2.0710     1.7236      40.30   26.00277  -84.19704    0.00286    0.00153     3.0621     3.0734    17.5125    17.5193    36.3644    36.3638    26.4378    26.4357    1528.64    133.231    133.721         42 0.0000e+00
      16343    680.933    131.100    132.000    17.5499    17.5592   4.708128   4.709836     2.0830     1.7355      41.45   26.00278  -84.19704    0.00397    0.00368     3.0866     3.1004    17.5275    17.5367    36.3676    36.3697    26.4366    26.4359    1528.64    134.297    134.897         60 0.0000e+00
      16400    683.310    130.107    131.000    17.5564    17.5573   4.709432   4.709431     2.0859     1.7390      42.35   26.00278  -84.19704    0.00225    0.00244     3.0931     3.1089    17.5341    17.5351    36.3684    36.3684    26.4356    26.4353    1528.64    134.579    135.268         50 0.0000e+00
      16450    685.365    129.114    130.000    17.5942    17.5906   4.713347   4.712935     2.0843     1.7354      43.32   26.00278  -84.19704    0.00042   -0.00009     3.0866     3.0974    17.5721    17.5684    36.3689    36.3686    26.4267    26.4273    1528.64    134.300    134.769         48 0.0000e+00
      16497    687.341    128.121    129.000    17.6107    17.6188   4.715155   4.716209     2.0752     1.7232      44.26   26.00278  -84.19704   -0.00300   -0.00412     3.0646     3.0652    17.5887    17.5968    36.3704    36.3721    26.4237    26.4231    1528.64    133.340    133.367         48 0.0000e+00
      16555    689.749    127.128    128.000    17.6363    17.6471   4.718378   4.719478     2.0654     1.7176      45.34   26.00278  -84.19704   -0.00448   -0.00408     3.0404     3.0490    17.6145    17.6252    36.3755    36.3752    26.4214    26.4185    1528.64    132.289    132.664         66 0.0000e+00
      16610    692.033    126.135    127.000    17.6688    17.6760   4.722109   4.722762     2.0645     1.7161      46.23   26.00278  -84.19704   -0.00159   -0.00081     3.0359     3.0437    17.6471    17.6543    36.3791    36.3784    26.4161    26.4138    1528.64    132.093    132.432         43 0.0000e+00
      16653    693.838    125.142    126.000    17.7569    17.7744   4.732888   4.734679     2.0698     1.7217      47.21   26.00278  -84.19704    0.00105    0.00065     3.0417     3.0507    17.7353    17.7527    36.3938    36.3936    26.4056    26.4012    1528.64    132.348    132.740         49 0.0000e+00
      16714    696.376    124.149    125.000    17.7979    17.7604   4.737509   4.732900     2.0803     1.7279      48.29   26.00279  -84.19704    0.00410    0.00333     3.0624     3.0663    17.7764    17.7390    36.3974    36.3911    26.3983    26.4027    1528.64    133.249    133.419         65 0.0000e+00
      16767    698.568    123.157    124.000    17.8309    17.8133   4.741605   4.739031     2.0833     1.7276      49.17   26.00280  -84.19704    0.00230    0.00000     3.0665     3.0622    17.8096    17.7920    36.4036    36.3972    26.3948    26.3942    1528.64    133.427    133.242         44 0.0000e+00
      16815    700.602    122.164    123.000    17.8853    17.8809   4.748091   4.747595     2.0885     1.7366      50.21   26.00280  -84.19704    0.00183    0.00205     3.0745     3.0791    17.8645    17.8598    36.4115    36.4109    26.3873    26.3880    1528.64    133.778    133.976         54 0.0000e+00
      16869    702.825    121.171    122.000    17.9177    17.9224   4.751929   4.752418     2.0935     1.7427      51.23   26.00280  -84.19704    0.00253    0.00378     3.0829     3.0917    17.8966    17.9014    36.4158    36.4157    26.3826    26.3814    1528.64    134.145    134.526         53 0.0000e+00
      16926    705.204    120.178    121.000    17.9372    17.9352   4.754456   4.753824     2.0961     1.7442      52.23   26.00281  -84.19704    0.00153    0.00153     3.0872     3.0940    17.9164    17.9143    36.4204    36.4168    26.3813    26.3790    1528.64    134.332    134.627         58 0.0000e+00
      16977    707.346    119.185    120.000    17.9518    17.9661   4.755904   4.757755     2.0974     1.7454      53.14   26.00282  -84.19704    0.00079    0.00030     3.0888     3.0947    17.9311    17.9453    36.4184    36.4234    26.3761    26.3764    1528.64    134.403    134.655         47 0.0000e+00
      17026    709.370    118.192    119.000    17.9930    18.0223   4.760605   4.764298     2.0985     1.7473      54.16   26.00282  -84.19704    0.00053    0.00094     3.0881     3.0959    17.9724    18.0017    36.4243    36.4304    26.3703    26.3677    1528.64    134.371    134.711         53 0.0000e+00
      17084    711.812    117.199    118.000    18.0245    18.0479   4.764344   4.767125     2.0989     1.7473      55.25   26.00282  -84.19704    0.00036    0.00025     3.0866     3.0937    18.0040    18.0275    36.4287    36.4315    26.3658    26.3622    1528.64    134.306    134.615         59 0.0000e+00
      17136    713.939    116.206    117.000    18.0694    18.0888   4.769608   4.771185     2.1006     1.7453      56.10   26.00282  -84.19704    0.00039   -0.00047     3.0872     3.0857    18.0491    18.0685    36.4342    36.4336    26.3588    26.3535    1528.64    134.333    134.269         46 0.0000e+00
      17186    716.057    115.213    116.000    18.0998    18.1136   4.773086   4.774506     2.1000     1.7467      57.14   26.00282  -84.19704    0.00036   -0.00012     3.0833     3.0872    18.0797    18.0934    36.4373    36.4372    26.3536    26.3501    1528.64    134.164    134.333         57 0.0000e+00
      17242    718.374    114.220    115.000    18.1372    18.1403   4.777477   4.777636     2.0984     1.7475      58.10   26.00282  -84.19704   -0.00071    0.00039     3.0769     3.0871    18.1172    18.1203    36.4420    36.4406    26.3478    26.3460    1528.64    133.887    134.333         51 0.0000e+00
      17294    720.552    113.227    114.000    18.1888    18.1883   4.783383   4.783273     2.0996     1.7483      59.08   26.00282  -84.19704    0.00001    0.00059     3.0760     3.0859    18.1690    18.1684    36.4470    36.4465    26.3387    26.3385    1528.64    133.848    134.278         58 0.0000e+00
      17348    722.808    112.234    113.000    18.2203    18.2209   4.787128   4.786895     2.1007     1.7477      60.06   26.00282  -84.19704    0.00059   -0.00028     3.0759     3.0819    18.2005    18.2012    36.4514    36.4488    26.3342    26.3320    1528.64    133.845    134.108         46 0.0000e+00
