Gulf of Mexico/GOMECC-4/1db/urb2103_0111.cnv
* Sea-Bird SBE 9 Data File:
* FileName = C:\Users\scs.user.rb\CTD\GOMECC4\data\rb2103_0111.hex
* Software Version Seasave V 7.26.7.107
* Temperature SN = 4799
* Conductivity SN = 3860
* Number of Bytes Per Scan = 41
* Number of Voltage Words = 4
* Number of Scans Averaged by the Deck Unit = 1
* NMEA Latitude = 26 26.63 N
* NMEA Longitude = 085 20.00 W
* NMEA UTC (Time) = Sep 18 2021  04:11:12
* NMEA baud rate = 4800
# nquan = 28
# nvalues = 615                         
# units = specified
# name 0 = scan: Scan Count
# name 1 = timeS: Time, Elapsed [seconds]
# name 2 = depSM: Depth [salt water, m]
# name 3 = prDM: Pressure, Digiquartz [db]
# name 4 = t090C: Temperature [ITS-90, deg C]
# name 5 = t190C: Temperature, 2 [ITS-90, deg C]
# name 6 = c0S/m: Conductivity [S/m]
# name 7 = c1S/m: Conductivity, 2 [S/m]
# name 8 = sbeox0V: Oxygen raw, SBE 43 [V]
# name 9 = sbeox1V: Oxygen raw, SBE 43, 2 [V]
# name 10 = altM: Altimeter [m]
# name 11 = latitude: Latitude [deg]
# name 12 = longitude: Longitude [deg]
# name 13 = sbox0dV/dT: Oxygen, SBE 43 [dov/dt]
# name 14 = sbox1dV/dT: Oxygen, SBE 43, 2 [dov/dt]
# name 15 = sbeox0ML/L: Oxygen, SBE 43 [ml/l], WS = 5
# name 16 = sbeox1ML/L: Oxygen, SBE 43, 2 [ml/l], WS = 5
# name 17 = potemp090C: Potential Temperature [ITS-90, deg C]
# name 18 = potemp190C: Potential Temperature, 2 [ITS-90, deg C]
# name 19 = sal00: Salinity, Practical [PSU]
# name 20 = sal11: Salinity, Practical, 2 [PSU]
# name 21 = sigma-é00: Density [sigma-theta, kg/m^3]
# name 22 = sigma-é11: Density, 2 [sigma-theta, kg/m^3]
# name 23 = avgsvCM: Average Sound Velocity [Chen-Millero, m/s], minP = 20, minS = 20
# name 24 = sbox0Mm/Kg: Oxygen, SBE 43 [umol/kg], WS = 5
# name 25 = sbox1Mm/Kg: Oxygen, SBE 43, 2 [umol/kg], WS = 5
# name 26 = nbin: number of scans per bin
# name 27 = flag: flag
# span 0 =     104645,     242778       
# span 1 =   4360.186,  10115.705       
# span 2 =      1.987,   3267.687       
# span 3 =      2.000,   3315.000       
# span 4 =     4.2967,    29.7991       
# span 5 =     4.2978,    29.7553       
# span 6 =   3.348280,   5.946046       
# span 7 =   3.348210,   5.946389       
# span 8 =     1.6153,     3.2418       
# span 9 =     1.3190,     2.7619       
# span 10 =      10.56,     102.32      
# span 11 =   26.38808,   27.23741      
# span 12 =  -87.89354,  -85.15284      
# span 13 =   -0.00758,    0.02889      
# span 14 =   -0.00609,    0.02498      
# span 15 =     2.5739,     4.7098      
# span 16 =     2.6046,     4.7321      
# span 17 =     4.0808,    29.7986      
# span 18 =     4.0820,    29.7549      
# span 19 =    34.8951,    36.5450      
# span 20 =    34.8939,    36.5451      
# span 21 =    22.3455,    27.7588      
# span 22 =    22.3516,    27.7571      
# span 23 =    1499.49,    1547.75      
# span 24 =    111.915,    205.421      
# span 25 =    113.250,    206.366      
# span 26 =         30,         73      
# span 27 = 0.0000e+00, 0.0000e+00      
# interval = decibars: 1                
# start_time = Sep 18 2021 04:11:12 [NMEA time, header]
# bad_flag = -9.990e-29
*END*
[from data line 208]
     170498   7104.056   1232.186   1244.000     4.5168     4.5168   3.353347   3.353224     1.9241     1.6082     100.00   26.44366  -85.33208   -0.00004    0.00010     4.3489     4.3937     4.4146     4.4146    34.9573    34.9559    27.7077    27.7066    1502.64    188.985    190.934         54 0.0000e+00
     170543   7105.926   1231.199   1243.000     4.5164     4.5179   3.353261   3.353271     1.9237     1.6081     100.00   26.44367  -85.33208   -0.00010    0.00004     4.3472     4.3926     4.4143     4.4158    34.9572    34.9558    27.7078    27.7064    1502.64    188.909    190.883         42 0.0000e+00
     170594   7108.057   1230.211   1242.000     4.5187     4.5194   3.353428   3.353365     1.9236     1.6080     100.00   26.44368  -85.33208   -0.00013   -0.00006     4.3459     4.3915     4.4167     4.4174    34.9572    34.9558    27.7075    27.7062    1502.64    188.855    190.836         60 0.0000e+00
     170644   7110.107   1229.224   1241.000     4.5204     4.5205   3.353535   3.353418     1.9236     1.6078     100.00   26.44368  -85.33208    0.00001   -0.00005     4.3452     4.3900     4.4184     4.4186    34.9572    34.9557    27.7073    27.7061    1502.64    188.826    190.770         36 0.0000e+00
     170677   7111.511   1228.236   1240.000     4.5244     4.5252   3.353834   3.353765     1.9235     1.6075     100.00   26.44368  -85.33208   -0.00002   -0.00012     4.3436     4.3877     4.4225     4.4233    34.9569    34.9553    27.7066    27.7052    1502.64    188.758    190.672         35 0.0000e+00
     170716   7113.124   1227.248   1239.000     4.5279     4.5286   3.354068   3.354003     1.9235     1.6071     100.00   26.44368  -85.33208   -0.00003   -0.00020     4.3427     4.3850     4.4260     4.4267    34.9566    34.9551    27.7060    27.7047    1502.64    188.717    190.556         41 0.0000e+00
     170758   7114.861   1226.261   1238.000     4.5295     4.5291   3.354185   3.354025     1.9232     1.6066     100.00   26.44368  -85.33208   -0.00008   -0.00026     4.3408     4.3823     4.4278     4.4274    34.9567    34.9553    27.7058    27.7047    1502.64    188.636    190.438         41 0.0000e+00
     170797   7116.515   1225.273   1237.000     4.5302     4.5317   3.354217   3.354210     1.9227     1.6065     100.00   26.44368  -85.33208   -0.00021   -0.00021     4.3383     4.3811     4.4285     4.4300    34.9569    34.9552    27.7059    27.7044    1502.64    188.526    190.384         39 0.0000e+00
     170832   7117.975   1224.285   1236.000     4.5327     4.5338   3.354376   3.354342     1.9224     1.6060     100.00   26.44368  -85.33208   -0.00030   -0.00018     4.3363     4.3784     4.4311     4.4322    34.9566    34.9550    27.7054    27.7040    1502.64    188.440    190.266         31 0.0000e+00
     170864   7119.285   1223.298   1235.000     4.5353     4.5362   3.354568   3.354506     1.9220     1.6055     100.00   26.44368  -85.33208   -0.00029   -0.00028     4.3343     4.3757     4.4338     4.4346    34.9565    34.9550    27.7050    27.7037    1502.64    188.351    190.152         33 0.0000e+00
     170899   7120.741   1222.310   1234.000     4.5386     4.5397   3.354804   3.354751     1.9219     1.6050     100.00   26.44368  -85.33208   -0.00016   -0.00034     4.3329     4.3728     4.4371     4.4382    34.9564    34.9547    27.7046    27.7031    1502.64    188.290    190.024         36 0.0000e+00
     170932   7122.119   1221.323   1233.000     4.5406     4.5414   3.354921   3.354881     1.9214     1.6044      99.96   26.44368  -85.33208   -0.00017   -0.00037     4.3302     4.3697     4.4392     4.4400    34.9561    34.9549    27.7041    27.7031    1502.64    188.176    189.891         30 0.0000e+00
     170991   7124.564   1219.348   1231.000     4.5446     4.5447   3.355208   3.355102     1.9209     1.6044     100.00   26.44384  -85.33259   -0.00023   -0.00017     4.3267     4.3680     4.4433     4.4435    34.9563    34.9549    27.7039    27.7027    1502.65    188.021    189.818         30 0.0000e+00
     171022   7125.864   1218.360   1230.000     4.5454     4.5456   3.355225   3.355114     1.9207     1.6043      53.83   26.44368  -85.33208   -0.00021   -0.00004     4.3253     4.3668     4.4442     4.4444    34.9561    34.9547    27.7036    27.7024    1502.64    187.963    189.765         35 0.0000e+00
     171055   7127.265   1217.372   1229.000     4.5462     4.5469   3.355248   3.355173     1.9203     1.6041     100.49   26.44368  -85.33208   -0.00023   -0.00009     4.3234     4.3654     4.4451     4.4458    34.9560    34.9544    27.7034    27.7020    1502.64    187.879    189.705         31 0.0000e+00
     171163   7131.766   1213.422   1225.000     4.5568     4.5572   3.356064   3.355966     1.9196     1.6034     100.00   26.44428  -85.33401   -0.00013   -0.00015     4.3174     4.3591     4.4560     4.4564    34.9564    34.9549    27.7025    27.7013    1502.67    187.616    189.431         30 0.0000e+00
     171192   7132.961   1212.434   1224.000     4.5580     4.5582   3.356045   3.355927     1.9193     1.6032     100.00   26.44368  -85.33208   -0.00018   -0.00013     4.3155     4.3579     4.4572     4.4575    34.9555    34.9539    27.7016    27.7003    1502.64    187.534    189.376         35 0.0000e+00
     171323   7138.422   1207.495   1219.000     4.5658     4.5667   3.356606   3.356543     1.9184     1.6021     100.00   26.44440  -85.33439   -0.00006   -0.00026     4.3084     4.3496     4.4655     4.4663    34.9563    34.9546    27.7014    27.6999    1502.68    187.228    189.017         32 0.0000e+00
     171354   7139.718   1206.508   1218.000     4.5665     4.5662   3.356522   3.356379     1.9182     1.6020     100.00   26.44368  -85.33208   -0.00003   -0.00018     4.3071     4.3485     4.4662     4.4659    34.9551    34.9537    27.7003    27.6993    1502.64    187.173    188.972         37 0.0000e+00
     171508   7146.106   1200.582   1212.000     4.5759     4.5761   3.357089   3.356967     1.9167     1.5995     100.00   26.44369  -85.33211   -0.00019   -0.00030     4.2972     4.3342     4.4761     4.4762    34.9548    34.9532    27.6990    27.6977    1502.64    186.740    188.350         30 0.0000e+00
     171904   7162.640   1184.777   1196.000     4.6113     4.6118   3.359435   3.359355     1.9121     1.5953     100.00   26.44350  -85.33151   -0.00035   -0.00022     4.2676     4.3049     4.5126     4.5132    34.9529    34.9514    27.6935    27.6922    1502.63    185.454    187.075         32 0.0000e+00
     172341   7180.845   1167.984   1179.000     4.6471     4.6475   3.361864   3.361755     1.9071     1.5918      96.32   26.44395  -85.33295   -0.00025   -0.00012     4.2359     4.2774     4.5497     4.5500    34.9521    34.9505    27.6887    27.6874    1502.66    184.078    185.884         30 0.0000e+00
     172493   7187.165   1162.056   1173.000     4.6576     4.6578   3.362463   3.362336     1.9049     1.5897     100.00   26.44352  -85.33155   -0.00028   -0.00022     4.2237     4.2649     4.5606     4.5608    34.9511    34.9494    27.6866    27.6853    1502.63    183.549    185.338         31 0.0000e+00
     173085   7211.830   1139.333   1150.000     4.7088     4.7097   3.365952   3.365907     1.8986     1.5836     100.00   26.44390  -85.33276   -0.00034   -0.00032     4.1828     4.2227     4.6134     4.6143    34.9495    34.9480    27.6795    27.6782    1502.65    181.772    183.505         32 0.0000e+00
     173216   7217.285   1134.394   1145.000     4.7156     4.7164   3.366498   3.366433     1.8966     1.5824      86.80   26.44534  -85.33742   -0.00031   -0.00019     4.1718     4.2143     4.6207     4.6214    34.9512    34.9497    27.6800    27.6787    1502.73    181.294    183.142         31 0.0000e+00
     173244   7218.442   1133.405   1144.000     4.7151     4.7156   3.366212   3.366140     1.8957     1.5817     100.96   26.44368  -85.33208   -0.00031   -0.00010     4.1683     4.2113     4.6202     4.6208    34.9488    34.9474    27.6782    27.6770    1502.64    181.141    183.012         41 0.0000e+00
     173371   7223.737   1128.465   1139.000     4.7291     4.7293   3.367389   3.367287     1.8954     1.5805     100.01   26.44524  -85.33710    0.00002   -0.00017     4.1629     4.2023     4.6345     4.6348    34.9504    34.9490    27.6779    27.6767    1502.73    180.906    182.623         38 0.0000e+00
     173398   7224.890   1127.477   1138.000     4.7292     4.7280   3.367171   3.366958     1.8946     1.5797     100.00   26.44368  -85.33208   -0.00023   -0.00040     4.1598     4.1988     4.6348     4.6336    34.9482    34.9470    27.6761    27.6752    1502.64    180.773    182.470         33 0.0000e+00
     173516   7229.790   1122.537   1133.000     4.7513     4.7524   3.368899   3.368855     1.8933     1.5783      99.91   26.44390  -85.33279   -0.00028   -0.00016     4.1498     4.1882     4.6571     4.6582    34.9476    34.9460    27.6731    27.6717    1502.65    180.338    182.009         30 0.0000e+00
     173544   7230.959   1121.549   1132.000     4.7534     4.7529   3.369014   3.368852     1.8928     1.5776     100.00   26.44368  -85.33209   -0.00037   -0.00037     4.1474     4.1847     4.6593     4.6589    34.9473    34.9458    27.6726    27.6715    1502.64    180.235    181.858         30 0.0000e+00
     173703   7237.588   1115.620   1126.000     4.7657     4.7664   3.370015   3.369946     1.8902     1.5752     100.01   26.44514  -85.33682   -0.00040   -0.00039     4.1332     4.1706     4.6720     4.6728    34.9491    34.9475    27.6726    27.6713    1502.72    179.616    181.243         38 0.0000e+00
     173732   7238.783   1114.632   1125.000     4.7652     4.7646   3.369747   3.369586     1.8893     1.5749     100.00   26.44368  -85.33210   -0.00039   -0.00017     4.1296     4.1694     4.6716     4.6711    34.9469    34.9456    27.6709    27.6699    1502.64    179.463    181.194         34 0.0000e+00
     173853   7243.817   1109.691   1120.000     4.7803     4.7813   3.370945   3.370902     1.8876     1.5734     100.00   26.44446  -85.33461   -0.00031   -0.00042     4.1193     4.1589     4.6871     4.6881    34.9475    34.9460    27.6696    27.6683    1502.68    179.014    180.735         38 0.0000e+00
     173884   7245.115   1108.703   1119.000     4.7807     4.7815   3.370830   3.370785     1.8867     1.5726     100.00   26.44368  -85.33210   -0.00053   -0.00065     4.1154     4.1551     4.6875     4.6884    34.9463    34.9448    27.6686    27.6673    1502.64    178.844    180.572         31 0.0000e+00
     174030   7251.223   1102.774   1113.000     4.7984     4.7988   3.372115   3.372023     1.8847     1.5707     100.00   26.44383  -85.33251   -0.00030   -0.00018     4.1031     4.1430     4.7057     4.7061    34.9456    34.9441    27.6660    27.6648    1502.65    178.311    180.043         30 0.0000e+00
     174209   7258.669   1095.856   1106.000     4.8268     4.8273   3.374249   3.374168     1.8813     1.5668      95.21   26.44348  -85.33137   -0.00038   -0.00073     4.0843     4.1211     4.7345     4.7350    34.9441    34.9426    27.6615    27.6603    1502.63    177.494    179.095         30 0.0000e+00
     174519   7271.569   1083.997   1094.000     4.8554     4.8558   3.376240   3.376152     1.8756     1.5629     100.00   26.44357  -85.33167   -0.00033 2.8369e-12     4.0547     4.0964     4.7640     4.7643    34.9432    34.9418    27.6575    27.6563    1502.63    176.211    178.024         30 0.0000e+00
     174622   7275.869   1080.044   1090.000     4.8630     4.8640   3.376832   3.376792     1.8755     1.5620     100.00   26.44444  -85.33446   -0.00002   -0.00024     4.0512     4.0900     4.7719     4.7729    34.9437    34.9426    27.6570    27.6560    1502.68    176.056    177.744         31 0.0000e+00
     174650   7277.053   1079.056   1089.000     4.8636     4.8641   3.376736   3.376665     1.8754     1.5619     100.00   26.44370  -85.33208   -0.00004   -0.00027     4.0504     4.0890     4.7725     4.7730    34.9429    34.9416    27.6563    27.6552    1502.64    176.021    177.700         33 0.0000e+00
     174771   7282.064   1074.114   1084.000     4.8832     4.8883   3.378189   3.378450     1.8741     1.5606     100.00   26.44303  -85.32990   -0.00022   -0.00028     4.0411     4.0790     4.7924     4.7975    34.9415    34.9393    27.6529    27.6506    1502.60    175.617    177.267         33 0.0000e+00
     174879   7286.573   1070.161   1080.000     4.8975     4.8985   3.379386   3.379350     1.8719     1.5584     100.00   26.44427  -85.33391   -0.00049   -0.00050     4.0297     4.0670     4.8069     4.8080    34.9427    34.9411    27.6522    27.6508    1502.67    175.122    176.746         33 0.0000e+00
     175002   7291.689   1065.219   1075.000     4.9114     4.9138   3.380336   3.380397     1.8696     1.5564     100.00   26.44386  -85.33259   -0.00035   -0.00038     4.0175     4.0553     4.8212     4.8236    34.9415    34.9398    27.6496    27.6480    1502.65    174.593    176.236         30 0.0000e+00
     175031   7292.935   1064.231   1074.000     4.9126     4.9150   3.380349   3.380432     1.8689     1.5558      99.89   26.44370  -85.33208   -0.00046   -0.00042     4.0142     4.0525     4.8226     4.8248    34.9409    34.9395    27.6490    27.6476    1502.64    174.449    176.114         30 0.0000e+00
     175210   7300.369   1057.312   1067.000     4.9281     4.9301   3.381427   3.381443     1.8668     1.5542     100.00   26.44375  -85.33225   -0.00020   -0.00012     4.0015     4.0407     4.8385     4.8405    34.9408    34.9389    27.6470    27.6453    1502.64    173.900    175.605         32 0.0000e+00
     175365   7306.851   1051.382   1061.000     4.9412     4.9411   3.382350   3.382221     1.8651     1.5530     100.00   26.44412  -85.33350   -0.00036   -0.00027     3.9910     4.0320     4.8520     4.8520    34.9408    34.9393    27.6455    27.6444    1502.67    173.442    175.226         38 0.0000e+00
     175494   7312.189   1046.440   1056.000     4.9503     4.9517   3.382962   3.383030     1.8633     1.5518     100.00   26.44459  -85.33502   -0.00022   -0.00009     3.9812     4.0238     4.8615     4.8628    34.9409    34.9394    27.6445    27.6432    1502.69    173.020    174.869         30 0.0000e+00
     175518   7313.229   1045.451   1055.000     4.9529     4.9664   3.383041   3.383920     1.8630     1.5515     100.00   26.44368  -85.33208   -0.00017   -0.00006     3.9792     4.0204     4.8642     4.8776    34.9394    34.9356    27.6430    27.6384    1502.64    172.933    174.723         31 0.0000e+00
     175845   7326.845   1032.601   1042.000     5.0211     5.0199   3.388345   3.388133     1.8531     1.5408     100.00   26.44280  -85.32930   -0.00079   -0.00048     3.9310     3.9675     4.9331     4.9318    34.9360    34.9348    27.6323    27.6316    1502.59    170.838    172.426         37 0.0000e+00
     176364   7348.451   1012.829   1022.000     5.0601     5.0618   3.390991   3.390997     1.8486     1.5377     100.00   26.44378  -85.33246   -0.00033   -0.00016     3.9007     3.9411     4.9736     4.9753    34.9358    34.9341    27.6275    27.6259    1502.65    169.523    171.277         31 0.0000e+00
     176517   7354.813   1006.898   1016.000     5.0778     5.0804   3.392250   3.392354     1.8463     1.5351     100.00   26.44351  -85.33158   -0.00041   -0.00022     3.8881     3.9264     4.9917     4.9943    34.9349    34.9333    27.6246    27.6231    1502.63    168.975    170.639         30 0.0000e+00
