Gulf of Mexico/GOMECC-4/1db/urb2103_1091.cnv
* Sea-Bird SBE 9 Data File:
* FileName = C:\Users\scs.user.rb\CTD\GOMECC4\data\rb2103_1091.hex
* Software Version Seasave V 7.26.7.107
* Temperature SN = 4799
* Conductivity SN = 3860
* Number of Bytes Per Scan = 41
* Number of Voltage Words = 4
* Number of Scans Averaged by the Deck Unit = 1
* NMEA Latitude = 22 44.06 N
* NMEA Longitude = 086 29.42 W
* NMEA UTC (Time) = Oct 15 2021  01:38:41
* NMEA baud rate = 4800
# nquan = 28
# nvalues = 325                         
# units = specified
# name 0 = scan: Scan Count
# name 1 = timeS: Time, Elapsed [seconds]
# name 2 = depSM: Depth [salt water, m]
# name 3 = prDM: Pressure, Digiquartz [db]
# name 4 = t090C: Temperature [ITS-90, deg C]
# name 5 = t190C: Temperature, 2 [ITS-90, deg C]
# name 6 = c0S/m: Conductivity [S/m]
# name 7 = c1S/m: Conductivity, 2 [S/m]
# name 8 = sbeox0V: Oxygen raw, SBE 43 [V]
# name 9 = sbeox1V: Oxygen raw, SBE 43, 2 [V]
# name 10 = altM: Altimeter [m]
# name 11 = latitude: Latitude [deg]
# name 12 = longitude: Longitude [deg]
# name 13 = sbox0dV/dT: Oxygen, SBE 43 [dov/dt]
# name 14 = sbox1dV/dT: Oxygen, SBE 43, 2 [dov/dt]
# name 15 = sbeox0ML/L: Oxygen, SBE 43 [ml/l], WS = 5
# name 16 = sbeox1ML/L: Oxygen, SBE 43, 2 [ml/l], WS = 5
# name 17 = potemp090C: Potential Temperature [ITS-90, deg C]
# name 18 = potemp190C: Potential Temperature, 2 [ITS-90, deg C]
# name 19 = sal00: Salinity, Practical [PSU]
# name 20 = sal11: Salinity, Practical, 2 [PSU]
# name 21 = sigma-é00: Density [sigma-theta, kg/m^3]
# name 22 = sigma-é11: Density, 2 [sigma-theta, kg/m^3]
# name 23 = avgsvCM: Average Sound Velocity [Chen-Millero, m/s], minP = 20, minS = 20
# name 24 = sbox0Mm/Kg: Oxygen, SBE 43 [umol/kg], WS = 5
# name 25 = sbox1Mm/Kg: Oxygen, SBE 43, 2 [umol/kg], WS = 5
# name 26 = nbin: number of scans per bin
# name 27 = flag: flag
# span 0 =      36203,      95239       
# span 1 =   1508.398,   3968.248       
# span 2 =      0.994,    650.851       
# span 3 =      1.000,    656.000       
# span 4 =     7.7899,    30.5183       
# span 5 =     7.7896,    30.5158       
# span 6 =   3.626191,   6.125344       
# span 7 =   3.626222,   6.125043       
# span 8 =     1.6383,     3.2211       
# span 9 =     1.3353,     2.7184       
# span 10 =      12.01,     105.33      
# span 11 =   22.33275,   23.14537      
# span 12 =  -87.96685,  -84.87569      
# span 13 =   -0.00402,    0.00960      
# span 14 =   -0.00385,    0.01251      
# span 15 =     2.6770,     4.4206      
# span 16 =     2.6882,     4.3962      
# span 17 =     7.7226,    30.5153      
# span 18 =     7.7224,    30.5128      
# span 19 =    34.9496,    37.0003      
# span 20 =    34.9493,    37.0012      
# span 21 =    22.3512,    27.2759      
# span 22 =    22.2437,    27.2759      
# span 23 =    1488.45,    1542.68      
# span 24 =    116.397,    193.013      
# span 25 =    116.883,    191.934      
# span 26 =         30,         75      
# span 27 = 0.0000e+00, 0.0000e+00      
# interval = decibars: 1                
# start_time = Oct 15 2021 01:38:41 [NMEA time, header]
# bad_flag = -9.990e-29
*END*
[from data line 208]
      66742   2780.887    133.116    134.000    22.7672    22.7804   5.337156   5.339054     2.4388     2.0495     100.02   22.75793  -86.52015    0.00169    0.00235     3.5001     3.5092    22.7398    22.7530    36.9942    36.9993    25.5229    25.5233    1517.42    152.426    152.823         40 0.0000e+00
      66768   2781.970    132.122    133.000    22.7575    22.7990   5.335671   5.340408     2.4400     2.0520     100.00   22.75290  -86.50096    0.00191    0.00284     3.5034     3.5130    22.7303    22.7717    36.9893    36.9912    25.5215    25.5109    1517.08    152.569    152.989         40 0.0000e+00
      66805   2783.504    131.129    132.000    22.8182    22.8689   5.341987   5.347116     2.4422     2.0556     100.00   22.75291  -86.50097    0.00114    0.00209     3.5039     3.5179    22.7912    22.8419    36.9899    36.9867    25.5043    25.4871    1517.08    152.594    153.202         34 0.0000e+00
      66837   2784.849    130.136    131.000    22.8772    22.8923   5.348062   5.349921     2.4455     2.0541     100.00   22.75292  -86.50098    0.00152    0.00131     3.5058     3.5112    22.8504    22.8654    36.9855    36.9873    25.4838    25.4808    1517.08    152.677    152.912         32 0.0000e+00
      66870   2786.226    129.143    130.000    22.9554    22.9430   5.356371   5.355094     2.4488     2.0541     100.00   22.75292  -86.50098    0.00227    0.00013     3.5069     3.5078    22.9286    22.9163    36.9847    36.9851    25.4605    25.4644    1517.08    152.730    152.769         34 0.0000e+00
      66906   2787.693    128.150    129.000    22.9777    22.9805   5.358947   5.359079     2.4490     2.0538      99.41   22.75294  -86.50098    0.00189   -0.00033     3.5055     3.5043    22.9511    22.9540    36.9862    36.9849    25.4551    25.4533    1517.08    152.668    152.618         36 0.0000e+00
      66943   2789.256    127.157    128.000    22.9877    22.9991   5.360150   5.361258     2.4483     2.0548     100.00   22.75294  -86.50098    0.00025    0.00001     3.5029     3.5050    22.9614    22.9727    36.9875    36.9865    25.4531    25.4491    1517.08    152.558    152.647         39 0.0000e+00
      66981   2790.814    126.164    127.000    23.0100    23.0151   5.362463   5.363045     2.4500     2.0562     100.00   22.75295  -86.50098    0.00001    0.00060     3.5045     3.5066    22.9838    22.9889    36.9871    36.9873    25.4463    25.4449    1517.08    152.626    152.718         35 0.0000e+00
      67014   2792.200    125.171    126.000    23.0333    23.0475   5.364932   5.366720     2.4508     2.0547     100.00   22.75296  -86.50100    0.00072    0.00043     3.5041     3.5009    23.0074    23.0215    36.9869    36.9889    25.4393    25.4367    1517.08    152.613    152.473         33 0.0000e+00
      67047   2793.593    124.177    125.000    23.1354    23.1696   5.376490   5.380396     2.4547     2.0598      66.21   22.75298  -86.50100    0.00117    0.00047     3.5048     3.5041    23.1095    23.1437    36.9911    36.9926    25.4127    25.4038    1517.08    152.643    152.616         35 0.0000e+00
      67085   2795.162    123.184    124.000    23.2379    23.2265   5.387935   5.386925     2.4636     2.0678     100.37   22.75298  -86.50100    0.00327    0.00316     3.5149     3.5175    23.2122    23.2007    36.9938    36.9957    25.3847    25.3895    1517.08    153.091    153.204         38 0.0000e+00
      67120   2796.617    122.191    123.000    23.3207    23.3012   5.396602   5.395742     2.4695     2.0725     100.00   22.75300  -86.50100    0.00505    0.00447     3.5222     3.5236    23.2951    23.2760    36.9966    36.9994    25.3625    25.3696    1517.08    153.408    153.472         32 0.0000e+00
      67152   2797.940    121.198    122.000    23.3616    23.3745   5.401540   5.403405     2.4715     2.0778     100.00   22.75300  -86.50100    0.00394    0.00382     3.5224     3.5301    23.3362    23.3490    36.9960    36.9995    25.3501    25.3489    1517.08    153.420    153.755         34 0.0000e+00
      67191   2799.567    120.205    121.000    23.4049    23.4129   5.406524   5.407510     2.4759     2.0817     100.00   22.75302  -86.50100    0.00226    0.00340     3.5280     3.5358    23.3797    23.3877    36.9984    36.9993    25.3391    25.3374    1517.08    153.669    154.009         42 0.0000e+00
      67229   2801.154    119.212    120.000    23.4350    23.4352   5.409778   5.409963     2.4810     2.0808     100.00   22.75302  -86.50100    0.00270    0.00167     3.5357     3.5322    23.4099    23.4101    36.9986    36.9999    25.3304    25.3313    1517.08    154.001    153.848         33 0.0000e+00
      67260   2802.452    118.219    119.000    23.5518    23.5694   5.422379   5.424084     2.4861     2.0860     100.00   22.75304  -86.50102    0.00332    0.00089     3.5379     3.5350    23.5269    23.5444    36.9982    36.9966    25.2956    25.2892    1517.08    154.103    153.981         32 0.0000e+00
      67296   2803.949    117.226    118.000    23.6333    23.6347   5.431076   5.431584     2.4915     2.0919     100.00   22.75304  -86.50102    0.00369    0.00288     3.5429     3.5434    23.6085    23.6099    36.9973    37.0000    25.2707    25.2724    1517.08    154.324    154.349         39 0.0000e+00
      67334   2805.534    116.232    117.000    23.6767    23.6537   5.436142   5.433772     2.4956     2.0935      99.47   22.75305  -86.50104    0.00335    0.00316     3.5476     3.5453    23.6521    23.6291    37.0003    37.0012    25.2601    25.2677    1517.08    154.534    154.431         36 0.0000e+00
      67368   2806.947    115.239    116.000    23.7197    23.7031   5.440726   5.439008     2.5000     2.0957      99.98   22.75306  -86.50104    0.00281    0.00152     3.5533     3.5467    23.6953    23.6786    36.9999    37.0006    25.2470    25.2525    1517.08    154.783    154.495         32 0.0000e+00
      67400   2808.275    114.246    115.000    23.8096    23.8555   5.449565   5.452724     2.5043     2.1011     100.00   22.75306  -86.50104    0.00291    0.00180     3.5554     3.5502    23.7874    23.8313    36.9898    36.9900    25.2120    25.1991    1517.08    154.880    154.653         32 0.0000e+00
      67433   2809.666    113.253    114.000    23.9395    23.9099   5.462908   5.460217     2.5152     2.1086     100.00   22.75306  -86.50105    0.00434    0.00352     3.5684     3.5617    23.9154    23.8857    36.9871    36.9914    25.1719    25.1840    1517.08    155.454    155.157         36 0.0000e+00
      67474   2811.391    112.260    113.000    24.0002    23.9838   5.469147   5.467465     2.5288     2.1222     100.00   22.75308  -86.50106    0.00737    0.00655     3.5911     3.5867    23.9762    23.9598    36.9846    36.9854    25.1518    25.1573    1517.08    156.442    156.251         45 0.0000e+00
      67514   2813.055    111.267    112.000    24.1285    24.0264   5.480722   5.472088     2.5375     2.1302     100.00   22.75308  -86.50106    0.00707    0.00676     3.6009     3.6010    24.1047    24.0026    36.9687    36.9856    25.1014    25.1447    1517.08    156.878    156.878         34 0.0000e+00
      67545   2814.348    110.274    111.000    24.2589    24.2284   5.494752   5.491527     2.5494     2.1397     100.00   22.75310  -86.50106    0.00625    0.00554     3.6141     3.6091    24.2351    24.2047    36.9655    36.9662    25.0598    25.0695    1517.08    157.459    157.242         30 0.0000e+00
      67576   2815.625    109.280    110.000    24.3330    24.3430   5.501994   5.502536     2.5605     2.1497     100.00   22.75310  -86.50106    0.00781    0.00657     3.6306     3.6236    24.3095    24.3194    36.9594    36.9553    25.0328    25.0267    1517.08    158.184    157.879         32 0.0000e+00
      67611   2817.102    108.287    109.000    24.3974    24.3894   5.508242   5.506808     2.5694     2.1585     100.00   22.75311  -86.50106    0.00828    0.00723     3.6437     3.6393    24.3740    24.3660    36.9539    36.9496    25.0092    25.0083    1517.08    158.755    158.566         38 0.0000e+00
      67651   2818.748    107.294    108.000    24.4576    24.4088   5.513696   5.509386     2.5759     2.1645     100.00   22.75313  -86.50108    0.00560    0.00557     3.6521     3.6508    24.4344    24.3856    36.9458    36.9535    24.9847    25.0054    1517.08    159.128    159.067         40 0.0000e+00
      67687   2820.265    106.301    107.000    24.5058    24.5035   5.518067   5.517592     2.5824     2.1684     100.00   22.75314  -86.50108    0.00422    0.00347     3.6613     3.6532    24.4828    24.4805    36.9394    36.9377    24.9653    24.9647    1517.08    159.531    159.177         30 0.0000e+00
      67718   2821.551    105.307    106.000    24.5689    24.5473   5.524312   5.522416     2.5843     2.1730     100.00   22.75315  -86.50108    0.00357    0.00295     3.6612     3.6599    24.5461    24.5246    36.9349    36.9362    24.9427    24.9495    1517.08    159.530    159.472         31 0.0000e+00
      67756   2823.105    104.314    105.000    24.5921    24.5929   5.526385   5.526593     2.5887     2.1743     100.00   22.75316  -86.50108    0.00263    0.00257     3.6672     3.6597    24.5694    24.5703    36.9317    36.9325    24.9333    24.9336    1517.08    159.794    159.465         45 0.0000e+00
      67806   2825.199    103.321    104.000    24.6045    24.5880   5.527369   5.525827     2.5907     2.1763     100.00   22.75317  -86.50108    0.00180    0.00111     3.6699     3.6638    24.5820    24.5655    36.9293    36.9312    24.9276    24.9341    1517.08    159.912    159.646         52 0.0000e+00
      67856   2827.294    102.328    103.000    24.5947    24.6638   5.526311   5.532510     2.5898     2.1790      99.90   22.75319  -86.50108    0.00018    0.00092     3.6683     3.6648    24.5724    24.6416    36.9297    36.9195    24.9308    24.9021    1517.08    159.840    159.692         51 0.0000e+00
      67916   2829.803    101.335    102.000    24.7898    24.7869   5.543366   5.544272     2.5948     2.1834     100.03   22.75320  -86.50108    0.00045    0.00192     3.6652     3.6664    24.7677    24.7647    36.8981    36.9073    24.8475    24.8554    1517.08    159.720    159.769         36 0.0000e+00
      68017   2833.983    100.341    101.000    24.6922    24.7911   5.534748   5.543571     2.5938     2.1778      74.24   22.75322  -86.50110   -0.00046   -0.00112     3.6691     3.6540    24.6703    24.7692    36.9137    36.8994    24.8890    24.8480    1517.08    159.882    159.230         71 0.0000e+00
      68924   2871.802     99.348    100.000    24.7994    24.8130   5.544067   5.545419     2.5937     2.1789     100.42   22.75345  -86.50123    0.00036   -0.00028     3.6616     3.6544    24.7777    24.7913    36.8962    36.8951    24.8430    24.8381    1517.08    159.561    159.248         53 0.0000e+00
      69604   2900.115     98.355     99.000    24.8513    24.8383   5.548187   5.547457     2.5941     2.1803      98.22   22.75361  -86.50134    0.00025    0.00025     3.6586     3.6554    24.8298    24.8168    36.8848    36.8895    24.8185    24.8261    1517.08    159.437    159.295         48 0.0000e+00
      69646   2901.894     97.362     98.000    24.9070    24.9010   5.552860   5.552423     2.5985     2.1823      95.92   22.75364  -86.50134    0.00079    0.00016     3.6633     3.6557    24.8856    24.8797    36.8746    36.8763    24.7938    24.7968    1517.08    159.645    159.311         58 0.0000e+00
      69704   2904.275     96.368     97.000    24.9608    24.9379   5.557476   5.555915     2.6034     2.1845      99.02   22.75367  -86.50134    0.00233    0.00081     3.6690     3.6576    24.9397    24.9168    36.8655    36.8726    24.7704    24.7827    1517.08    159.896    159.398         52 0.0000e+00
      69783   2907.577     95.375     96.000    25.1301    25.1029   5.572961   5.570731     2.6132     2.1958     100.02   22.75368  -86.50136    0.00280    0.00330     3.6766     3.6716    25.1091    25.0819    36.8434    36.8489    24.7016    24.7142    1517.08    160.238    160.019         56 0.0000e+00
      69841   2910.004     94.382     95.000    25.1816    25.1073   5.577934   5.571708     2.6225     2.2007      66.64   22.75370  -86.50136    0.00348    0.00264     3.6909     3.6815    25.1608    25.0865    36.8388    36.8529    24.6823    24.7158    1517.08    160.867    160.449         68 0.0000e+00
      69907   2912.758     93.389     94.000    25.2294    25.2339   5.582311   5.583146     2.6331     2.2065     100.95   22.75372  -86.50137    0.00414    0.00159     3.7086     3.6860    25.2088    25.2133    36.8329    36.8348    24.6630    24.6624    1517.08    161.641    160.655         56 0.0000e+00
      69972   2915.451     92.395     93.000    25.3750    25.3652   5.596222   5.595753     2.6450     2.2254     100.00   22.75375  -86.50139    0.00427    0.00533     3.7210     3.7177    25.3544    25.3447    36.8183    36.8226    24.6071    24.6134    1517.08    162.187    162.045         40 0.0000e+00
      70044   2918.474     91.402     92.000    25.4660    25.5173   5.603796   5.609516     2.6583     2.2409     100.00   22.75377  -86.50140    0.00449    0.00602     3.7403     3.7415    25.4456    25.4969    36.8010    36.8019    24.5658    24.5505    1517.08    163.038    163.092         46 0.0000e+00
      70088   2920.290     90.409     91.000    25.5846    25.5933   5.615086   5.616281     2.6670     2.2539     100.00   22.75378  -86.50140    0.00369    0.00475     3.7499     3.7637    25.5644    25.5730    36.7889    36.7907    24.5198    24.5185    1517.08    163.462    164.064         35 0.0000e+00
      70180   2924.117     89.415     90.000    25.5556    25.6808   5.612389   5.623189     2.6817     2.2688      78.59   22.75380  -86.50141    0.00396    0.00451     3.7785     3.7899    25.5356    25.6608    36.7928    36.7714    24.5316    24.4765    1517.08    164.708    165.213         44 0.0000e+00
      70227   2926.063     88.422     89.000    25.6894    25.7590   5.623061   5.629529     2.6866     2.2715     100.17   22.75381  -86.50142    0.00091    0.00243     3.7789     3.7905    25.6696    25.7392    36.7638    36.7553    24.4681    24.4400    1517.08    164.735    165.243         39 0.0000e+00
      70305   2929.326     87.429     88.000    25.6660    25.7886   5.621286   5.631929     2.6953     2.2812      71.91   22.75384  -86.50143    0.00337    0.00367     3.7967     3.8089    25.6464    25.7689    36.7706    36.7495    24.4804    24.4263    1517.08    165.508    166.047         60 0.0000e+00
      70368   2931.940     86.436     87.000    25.8584    25.9023   5.636610   5.640796     2.7084     2.2853     101.42   22.75386  -86.50144    0.00315    0.00036     3.8091     3.8104    25.8389    25.8828    36.7281    36.7236    24.3883    24.3711    1517.08    166.065    166.123         60 0.0000e+00
      70420   2934.138     85.442     86.000    25.9774    25.9947   5.645712   5.647620     2.7217     2.2943     100.00   22.75388  -86.50146    0.00617    0.00357     3.8265     3.8227    25.9581    25.9754    36.6997    36.6998    24.3295    24.3241    1517.08    166.834    166.670         32 0.0000e+00
      70511   2937.903     84.449     85.000    25.9378    26.0495   5.642476   5.651406     2.7272     2.3070     100.00   22.75390  -86.50147    0.00186    0.00422     3.8387     3.8467    25.9188    26.0303    36.7090    36.6840    24.3489    24.2950    1517.08    167.360    167.717         45 0.0000e+00
