Gulf of Mexico/GOMECC-4/1db/urb2103_0291.cnv
* Sea-Bird SBE 9 Data File:
* FileName = C:\Users\scs.user.rb\CTD\GOMECC4\data\rb2103_0291.hex
* Software Version Seasave V 7.26.7.107
* Temperature SN = 4799
* Conductivity SN = 3860
* Number of Bytes Per Scan = 41
* Number of Voltage Words = 4
* Number of Scans Averaged by the Deck Unit = 1
* NMEA Latitude = 27 29.98 N
* NMEA Longitude = 086 48.58 W
* NMEA UTC (Time) = Sep 22 2021  01:30:43
* NMEA baud rate = 4800
# nquan = 28
# nvalues = 333                         
# units = specified
# name 0 = scan: Scan Count
# name 1 = timeS: Time, Elapsed [seconds]
# name 2 = depSM: Depth [salt water, m]
# name 3 = prDM: Pressure, Digiquartz [db]
# name 4 = t090C: Temperature [ITS-90, deg C]
# name 5 = t190C: Temperature, 2 [ITS-90, deg C]
# name 6 = c0S/m: Conductivity [S/m]
# name 7 = c1S/m: Conductivity, 2 [S/m]
# name 8 = sbeox0V: Oxygen raw, SBE 43 [V]
# name 9 = sbeox1V: Oxygen raw, SBE 43, 2 [V]
# name 10 = altM: Altimeter [m]
# name 11 = latitude: Latitude [deg]
# name 12 = longitude: Longitude [deg]
# name 13 = sbox0dV/dT: Oxygen, SBE 43 [dov/dt]
# name 14 = sbox1dV/dT: Oxygen, SBE 43, 2 [dov/dt]
# name 15 = sbeox0ML/L: Oxygen, SBE 43 [ml/l], WS = 5
# name 16 = sbeox1ML/L: Oxygen, SBE 43, 2 [ml/l], WS = 5
# name 17 = potemp090C: Potential Temperature [ITS-90, deg C]
# name 18 = potemp190C: Potential Temperature, 2 [ITS-90, deg C]
# name 19 = sal00: Salinity, Practical [PSU]
# name 20 = sal11: Salinity, Practical, 2 [PSU]
# name 21 = sigma-é00: Density [sigma-theta, kg/m^3]
# name 22 = sigma-é11: Density, 2 [sigma-theta, kg/m^3]
# name 23 = avgsvCM: Average Sound Velocity [Chen-Millero, m/s], minP = 20, minS = 20
# name 24 = sbox0Mm/Kg: Oxygen, SBE 43 [umol/kg], WS = 5
# name 25 = sbox1Mm/Kg: Oxygen, SBE 43, 2 [umol/kg], WS = 5
# name 26 = nbin: number of scans per bin
# name 27 = flag: flag
# span 0 =     102339,     243073       
# span 1 =   4264.066,  10128.004       
# span 2 =      1.987,   3025.693       
# span 3 =      2.000,   3068.000       
# span 4 =     4.2825,    29.3432       
# span 5 =     4.2833,    29.3259       
# span 6 =   3.341759,   5.928917       
# span 7 =   3.341691,   5.930771       
# span 8 =     1.6201,     3.2295       
# span 9 =     1.3227,     2.7085       
# span 10 =      10.30,     111.54      
# span 11 =   27.48736,   28.32218      
# span 12 =  -89.42718,  -86.79127      
# span 13 =   -0.00272,    0.03050      
# span 14 =   -0.00285,    0.02909      
# span 15 =     2.5189,     4.6873      
# span 16 =     2.5437,     4.7171      
# span 17 =     4.0810,    29.3398      
# span 18 =     4.0820,    29.3226      
# span 19 =    32.4490,    39.9694      
# span 20 =    32.4470,    36.6030      
# span 21 =    20.3697,    31.0679      
# span 22 =    20.3693,    27.7570      
# span 23 =    1500.56,    1546.13      
# span 24 =    109.540,    203.679      
# span 25 =    110.622,    204.976      
# span 26 =         30,         77      
# span 27 = 0.0000e+00, 0.0000e+00      
# interval = decibars: 1                
# start_time = Sep 22 2021 01:30:43 [NMEA time, header]
# bad_flag = -9.990e-29
*END*
[from data line 104]
     134438   5601.554   2155.355   2181.000     4.2923     4.2932   3.372976   3.372910     1.8540     1.5390     100.00   27.49508  -86.81540    0.00011    0.00005     4.6546     4.6849     4.1022     4.1031    34.9726    34.9709    27.7537    27.7522    1501.00    202.260    203.578         30 0.0000e+00
     136887   5703.568   2062.914   2087.000     4.2880     4.2889   3.368841   3.368767     1.8674     1.5511     100.00   27.49531  -86.81615    0.00011    0.00001     4.6531     4.6818     4.1075     4.1083    34.9726    34.9709    27.7531    27.7516    1501.01    202.197    203.443         32 0.0000e+00
     138939   5789.077   1984.209   2007.000     4.2841     4.2848   3.365307   3.365229     1.8782     1.5618     100.00   27.49582  -86.81783    0.00011    0.00003     4.6491     4.6803     4.1117     4.1123    34.9729    34.9713    27.7529    27.7516    1501.04    202.021    203.380         35 0.0000e+00
     138985   5791.017   1983.225   2006.000     4.2838     4.2845   3.365165   3.365085     1.8782     1.5620     100.00   27.49506  -86.81542    0.00000    0.00008     4.6483     4.6809     4.1115     4.1122    34.9720    34.9703    27.7522    27.7508    1501.00    201.987    203.405         64 0.0000e+00
     139044   5793.465   1982.241   2005.000     4.2838     4.2845   3.365119   3.365039     1.8785     1.5621      70.03   27.49506  -86.81544    0.00012    0.00011     4.6489     4.6808     4.1116     4.1123    34.9720    34.9703    27.7521    27.7508    1501.00    202.016    203.402         46 0.0000e+00
     139132   5797.120   1981.257   2004.000     4.2837     4.2844   3.365070   3.364986     1.8785     1.5620     100.77   27.49506  -86.81544    0.00002   -0.00003     4.6483     4.6796     4.1116     4.1123    34.9720    34.9703    27.7522    27.7507    1501.00    201.989    203.348         45 0.0000e+00
     139239   5801.582   1980.273   2003.000     4.2840     4.2846   3.365045   3.364968     1.8788     1.5626     100.00   27.49506  -86.81544    0.00002    0.00009     4.6489     4.6815     4.1119     4.1126    34.9719    34.9703    27.7520    27.7507    1501.00    202.016    203.430         44 0.0000e+00
     139338   5805.708   1979.289   2002.000     4.2841     4.2849   3.365019   3.364960     1.8789     1.5629      98.95   27.49507  -86.81544    0.00001    0.00008     4.6489     4.6822     4.1122     4.1130    34.9719    34.9703    27.7520    27.7507    1501.00    202.016    203.459         36 0.0000e+00
     139516   5813.141   1978.305   2001.000     4.2843     4.2851   3.364993   3.364923     1.8792     1.5629      81.87   27.49508  -86.81544    0.00005 -3.537e-07     4.6493     4.6816     4.1125     4.1133    34.9718    34.9702    27.7520    27.7506    1501.00    202.032    203.435         42 0.0000e+00
     141120   5879.942   1977.321   2000.000     4.2848     4.2858   3.365003   3.364946     1.8795     1.5630     101.30   27.49508  -86.81546    0.00011    0.00001     4.6500     4.6813     4.1131     4.1141    34.9719    34.9702    27.7519    27.7505    1501.00    202.059    203.420         32 0.0000e+00
     141106   5879.362   1976.337   1999.000     4.2844     4.2855   3.364923   3.364873     1.8797     1.5632     100.00   27.49507  -86.81546    0.00004    0.00007     4.6501     4.6818     4.1128     4.1138    34.9718    34.9702    27.7519    27.7505    1501.00    202.066    203.441         59 0.0000e+00
     141171   5882.088   1975.353   1998.000     4.2843     4.2852   3.364874   3.364807     1.8798     1.5631      85.44   27.49508  -86.81546    0.00007   -0.00002     4.6499     4.6806     4.1128     4.1137    34.9718    34.9701    27.7519    27.7505    1501.00    202.059    203.389         64 0.0000e+00
     141227   5884.408   1974.369   1997.000     4.2842     4.2851   3.364826   3.364759     1.8801     1.5632      99.72   27.49508  -86.81546    0.00009   -0.00002     4.6505     4.6805     4.1128     4.1137    34.9718    34.9701    27.7519    27.7505    1501.00    202.085    203.387         51 0.0000e+00
     141282   5886.728   1973.385   1996.000     4.2842     4.2851   3.364782   3.364706     1.8803     1.5635      88.14   27.49508  -86.81546    0.00012    0.00016     4.6508     4.6813     4.1129     4.1138    34.9718    34.9700    27.7519    27.7504    1501.00    202.094    203.420         55 0.0000e+00
     141331   5888.767   1972.401   1995.000     4.2841     4.2850   3.364735   3.364668     1.8805     1.5635      78.46   27.49508  -86.81546    0.00008    0.00003     4.6510     4.6805     4.1129     4.1138    34.9719    34.9701    27.7519    27.7505    1501.00    202.106    203.388         45 0.0000e+00
     141375   5890.603   1971.417   1994.000     4.2840     4.2849   3.364685   3.364614     1.8806     1.5637      99.98   27.49508  -86.81546    0.00008    0.00001     4.6509     4.6807     4.1129     4.1138    34.9718    34.9701    27.7519    27.7504    1501.00    202.101    203.394         44 0.0000e+00
     141418   5892.361   1970.433   1993.000     4.2840     4.2848   3.364640   3.364573     1.8809     1.5641     100.00   27.49508  -86.81546    0.00009    0.00019     4.6515     4.6819     4.1130     4.1138    34.9718    34.9702    27.7519    27.7505    1501.00    202.126    203.448         38 0.0000e+00
     141452   5893.780   1969.448   1992.000     4.2839     4.2847   3.364601   3.364520     1.8810     1.5642     100.00   27.49508  -86.81546    0.00015    0.00020     4.6512     4.6819     4.1130     4.1138    34.9719    34.9701    27.7520    27.7505    1501.00    202.115    203.448         32 0.0000e+00
     141484   5895.134   1968.465   1991.000     4.2838     4.2846   3.364538   3.364477     1.8810     1.5643     100.00   27.49508  -86.81546    0.00007    0.00012     4.6506     4.6818     4.1129     4.1138    34.9718    34.9702    27.7519    27.7505    1501.00    202.089    203.442         33 0.0000e+00
     141516   5896.467   1967.480   1990.000     4.2837     4.2847   3.364499   3.364432     1.8815     1.5642     100.00   27.49508  -86.81546    0.00008    0.00004     4.6519     4.6807     4.1130     4.1140    34.9718    34.9701    27.7519    27.7504    1501.00    202.146    203.396         31 0.0000e+00
     141547   5897.732   1966.496   1989.000     4.2837     4.2846   3.364463   3.364397     1.8816     1.5643     100.00   27.49508  -86.81546    0.00017   -0.00002     4.6520     4.6805     4.1131     4.1140    34.9719    34.9702    27.7520    27.7505    1501.00    202.148    203.386         30 0.0000e+00
     146215   6092.233   1786.335   1806.000     4.2831     4.2839   3.356944   3.356867     1.9060     1.5875     100.00   27.49545  -86.81666   -0.00004    0.00004     4.6381     4.6689     4.1306     4.1314    34.9713    34.9696    27.7496    27.7482    1501.02    201.547    202.882         44 0.0000e+00
     146267   6094.430   1785.350   1805.000     4.2829     4.2838   3.356840   3.356777     1.9058     1.5875     100.00   27.49508  -86.81550   -0.00007   -0.00002     4.6368     4.6686     4.1304     4.1313    34.9709    34.9692    27.7493    27.7478    1501.00    201.488    202.869         45 0.0000e+00
     146336   6097.300   1784.365   1804.000     4.2826     4.2835   3.356773   3.356704     1.9062     1.5877     100.00   27.49508  -86.81550    0.00011    0.00004     4.6377     4.6686     4.1303     4.1312    34.9708    34.9691    27.7492    27.7477    1501.00    201.528    202.870         42 0.0000e+00
     146391   6099.577   1783.380   1803.000     4.2827     4.2835   3.356740   3.356668     1.9064     1.5883      98.60   27.49508  -86.81550    0.00008    0.00018     4.6381     4.6705     4.1305     4.1313    34.9708    34.9691    27.7492    27.7478    1501.00    201.544    202.954         55 0.0000e+00
     146475   6103.093   1782.395   1802.000     4.2825     4.2833   3.356683   3.356604     1.9067     1.5885      99.79   27.49508  -86.81550    0.00010    0.00010     4.6387     4.6711     4.1303     4.1311    34.9709    34.9691    27.7493    27.7478    1501.00    201.573    202.979         36 0.0000e+00
     146550   6106.200   1781.410   1801.000     4.2825     4.2833   3.356642   3.356564     1.9068     1.5886      85.67   27.49508  -86.81550    0.00004 6.0356e-07     4.6384     4.6706     4.1305     4.1313    34.9708    34.9690    27.7492    27.7477    1501.00    201.557    202.959         57 0.0000e+00
     147964   6165.105   1780.425   1800.000     4.2833     4.2838   3.356660   3.356576     1.9071     1.5892      99.50   27.49507  -86.81550    0.00004    0.00001     4.6388     4.6727     4.1313     4.1319    34.9707    34.9691    27.7490    27.7477    1501.00    201.576    203.047         60 0.0000e+00
     148807   6200.245   1779.440   1799.000     4.2834     4.2840   3.356639   3.356542     1.9072     1.5897      99.98   27.49506  -86.81549    0.00005    0.00002     4.6387     4.6740     4.1316     4.1321    34.9707    34.9691    27.7491    27.7477    1501.00    201.570    203.105         46 0.0000e+00
     148893   6203.839   1778.457   1798.000     4.2831     4.2839   3.356577   3.356489     1.9075     1.5897     100.00   27.49506  -86.81548    0.00007    0.00006     4.6395     4.6736     4.1314     4.1321    34.9708    34.9691    27.7491    27.7477    1501.00    201.605    203.086         54 0.0000e+00
     148947   6206.103   1777.470   1797.000     4.2828     4.2836   3.356502   3.356419     1.9078     1.5899     100.00   27.49507  -86.81549    0.00017    0.00003     4.6400     4.6738     4.1311     4.1319    34.9708    34.9690    27.7491    27.7477    1501.00    201.626    203.096         50 0.0000e+00
     148992   6207.967   1776.485   1796.000     4.2826     4.2835   3.356442   3.356381     1.9082     1.5897     100.00   27.49508  -86.81550    0.00014    0.00001     4.6409     4.6725     4.1310     4.1319    34.9708    34.9691    27.7491    27.7477    1501.00    201.665    203.041         42 0.0000e+00
     149036   6209.797   1775.500   1795.000     4.2827     4.2835   3.356404   3.356340     1.9081     1.5898     100.00   27.49508  -86.81550    0.00007   -0.00001     4.6399     4.6723     4.1313     4.1320    34.9707    34.9691    27.7490    27.7477    1501.00    201.624    203.030         45 0.0000e+00
     149075   6211.422   1774.515   1794.000     4.2828     4.2836   3.356375   3.356305     1.9082     1.5897     100.00   27.49508  -86.81550    0.00002   -0.00000     4.6397     4.6714     4.1314     4.1323    34.9707    34.9690    27.7491    27.7476    1501.00    201.615    202.989         31 0.0000e+00
     149157   6214.817   1771.560   1791.000     4.2830     4.2839   3.356277   3.356205     1.9089     1.5906      99.03   27.49510  -86.81556    0.00015    0.00029     4.6405     4.6732     4.1319     4.1328    34.9708    34.9691    27.7491    27.7476    1501.00    201.649    203.069         30 0.0000e+00
     149188   6216.105   1770.575   1790.000     4.2830     4.2840   3.356235   3.356166     1.9090     1.5906     100.02   27.49508  -86.81550    0.00014    0.00014     4.6404     4.6726     4.1320     4.1330    34.9708    34.9690    27.7490    27.7475    1501.00    201.645    203.045         31 0.0000e+00
     153849   6410.328   1590.247   1607.000     4.2875     4.2881   3.349059   3.348976     1.9346     1.6143     100.00   27.49548  -86.81673    0.00011   -0.00007     4.6286     4.6603     4.1540     4.1546    34.9702    34.9686    27.7462    27.7449    1501.02    201.135    202.511         35 0.0000e+00
     153917   6413.171   1589.261   1606.000     4.2870     4.2877   3.348936   3.348861     1.9348     1.6148     100.00   27.49510  -86.81554   -0.00002    0.00008     4.6285     4.6618     4.1536     4.1543    34.9697    34.9681    27.7459    27.7445    1501.00    201.130    202.577         46 0.0000e+00
     153978   6415.709   1588.275   1605.000     4.2865     4.2874   3.348857   3.348793     1.9351     1.6153     100.00   27.49510  -86.81554    0.00007    0.00023     4.6294     4.6633     4.1532     4.1541    34.9698    34.9681    27.7460    27.7446    1501.00    201.167    202.642         77 0.0000e+00
     154060   6419.130   1587.289   1604.000     4.2867     4.2873   3.348820   3.348744     1.9351     1.6152      98.36   27.49510  -86.81554    0.00003   -0.00003     4.6288     4.6624     4.1535     4.1541    34.9697    34.9682    27.7459    27.7446    1501.00    201.142    202.602         60 0.0000e+00
     154128   6421.975   1586.304   1603.000     4.2868     4.2876   3.348799   3.348723     1.9352     1.6152      99.99   27.49511  -86.81554 3.7541e-07   -0.00002     4.6284     4.6615     4.1537     4.1545    34.9698    34.9681    27.7459    27.7445    1501.00    201.122    202.561         67 0.0000e+00
     154215   6425.563   1585.318   1602.000     4.2871     4.2884   3.348782   3.348752     1.9355     1.6156      88.21   27.49512  -86.81554    0.00010    0.00012     4.6290     4.6626     4.1541     4.1554    34.9697    34.9680    27.7458    27.7443    1501.00    201.152    202.609         58 0.0000e+00
     154288   6428.607   1584.332   1601.000     4.2876     4.2884   3.348777   3.348706     1.9355     1.6156     101.35   27.49512  -86.81554    0.00005    0.00001     4.6284     4.6618     4.1547     4.1555    34.9696    34.9680    27.7457    27.7443    1501.00    201.126    202.577         51 0.0000e+00
     154928   6455.282   1583.346   1600.000     4.2880     4.2888   3.348763   3.348708     1.9358     1.6160     100.00   27.49512  -86.81554    0.00003    0.00001     4.6287     4.6631     4.1552     4.1560    34.9695    34.9680    27.7456    27.7443    1501.00    201.138    202.633         37 0.0000e+00
     155872   6494.634   1581.374   1598.000     4.2880     4.2887   3.348550   3.348476     1.9356     1.6165     100.00   27.49384  -86.81150   -0.00004   -0.00000     4.6270     4.6637     4.1553     4.1560    34.9680    34.9664    27.7443    27.7430    1500.93    201.062    202.658         49 0.0000e+00
     155945   6497.650   1580.389   1597.000     4.2879     4.2887   3.348637   3.348569     1.9359     1.6166     100.00   27.49512  -86.81554    0.00006 -5.377e-07     4.6272     4.6636     4.1554     4.1561    34.9696    34.9680    27.7456    27.7443    1501.00    201.073    202.654         66 0.0000e+00
     155999   6499.909   1579.403   1596.000     4.2880     4.2888   3.348604   3.348532     1.9361     1.6166     100.00   27.49512  -86.81554    0.00005    0.00002     4.6276     4.6631     4.1556     4.1563    34.9696    34.9679    27.7456    27.7442    1501.00    201.089    202.632         44 0.0000e+00
     156044   6501.810   1578.417   1595.000     4.2884     4.2891   3.348583   3.348514     1.9362     1.6167     100.00   27.49512  -86.81554    0.00011    0.00003     4.6274     4.6627     4.1560     4.1567    34.9694    34.9679    27.7454    27.7441    1501.00    201.082    202.613         46 0.0000e+00
     156085   6503.495   1577.431   1594.000     4.2888     4.2896   3.348585   3.348513     1.9368     1.6169     100.00   27.49512  -86.81554    0.00017    0.00008     4.6287     4.6628     4.1566     4.1573    34.9695    34.9678    27.7454    27.7440    1501.00    201.138    202.620         35 0.0000e+00
     156117   6504.834   1576.445   1593.000     4.2890     4.2898   3.348552   3.348497     1.9368     1.6169     100.00   27.49512  -86.81554    0.00020    0.00003     4.6283     4.6622     4.1568     4.1576    34.9694    34.9679    27.7453    27.7440    1501.00    201.119    202.595         32 0.0000e+00
     156151   6506.231   1575.459   1592.000     4.2891     4.2897   3.348525   3.348452     1.9372     1.6175     100.00   27.49512  -86.81554    0.00018    0.00014     4.6291     4.6642     4.1570     4.1576    34.9695    34.9680    27.7454    27.7441    1501.00    201.152    202.681         34 0.0000e+00
