Gulf of Mexico/GOMECC-4/1db/urb2103_0381.cnv
* Sea-Bird SBE 9 Data File:
* FileName = C:\Users\scs.user.rb\CTD\GOMECC4\data\rb2103_0381.hex
* Software Version Seasave V 7.26.7.107
* Temperature SN = 4799
* Conductivity SN = 3860
* Number of Bytes Per Scan = 41
* Number of Voltage Words = 4
* Number of Scans Averaged by the Deck Unit = 1
* NMEA Latitude = 27 35.06 N
* NMEA Longitude = 089 59.95 W
* NMEA UTC (Time) = Sep 25 2021  13:55:17
* NMEA baud rate = 4800
# nquan = 28
# nvalues = 331                         
# units = specified
# name 0 = scan: Scan Count
# name 1 = timeS: Time, Elapsed [seconds]
# name 2 = depSM: Depth [salt water, m]
# name 3 = prDM: Pressure, Digiquartz [db]
# name 4 = t090C: Temperature [ITS-90, deg C]
# name 5 = t190C: Temperature, 2 [ITS-90, deg C]
# name 6 = c0S/m: Conductivity [S/m]
# name 7 = c1S/m: Conductivity, 2 [S/m]
# name 8 = sbeox0V: Oxygen raw, SBE 43 [V]
# name 9 = sbeox1V: Oxygen raw, SBE 43, 2 [V]
# name 10 = altM: Altimeter [m]
# name 11 = latitude: Latitude [deg]
# name 12 = longitude: Longitude [deg]
# name 13 = sbox0dV/dT: Oxygen, SBE 43 [dov/dt]
# name 14 = sbox1dV/dT: Oxygen, SBE 43, 2 [dov/dt]
# name 15 = sbeox0ML/L: Oxygen, SBE 43 [ml/l], WS = 5
# name 16 = sbeox1ML/L: Oxygen, SBE 43, 2 [ml/l], WS = 5
# name 17 = potemp090C: Potential Temperature [ITS-90, deg C]
# name 18 = potemp190C: Potential Temperature, 2 [ITS-90, deg C]
# name 19 = sal00: Salinity, Practical [PSU]
# name 20 = sal11: Salinity, Practical, 2 [PSU]
# name 21 = sigma-é00: Density [sigma-theta, kg/m^3]
# name 22 = sigma-é11: Density, 2 [sigma-theta, kg/m^3]
# name 23 = avgsvCM: Average Sound Velocity [Chen-Millero, m/s], minP = 20, minS = 20
# name 24 = sbox0Mm/Kg: Oxygen, SBE 43 [umol/kg], WS = 5
# name 25 = sbox1Mm/Kg: Oxygen, SBE 43, 2 [umol/kg], WS = 5
# name 26 = nbin: number of scans per bin
# name 27 = flag: flag
# span 0 =      57053,     119433       
# span 1 =   2377.149,   4976.331       
# span 2 =      3.974,   1232.081       
# span 3 =      4.000,   1244.000       
# span 4 =     4.5044,    28.9042       
# span 5 =     4.5047,    28.9048       
# span 6 =   3.352036,   5.930229       
# span 7 =   3.351967,   5.930404       
# span 8 =     1.6094,     3.1668       
# span 9 =     1.3138,     2.6931       
# span 10 =      10.43,     102.95      
# span 11 =   27.54458,   27.98912      
# span 12 =  -91.25569,  -89.81925      
# span 13 =   -0.03401,    0.01780      
# span 14 =   -0.03407,    0.01876      
# span 15 =     2.5713,     4.6768      
# span 16 =     2.5950,     4.7062      
# span 17 =     4.4029,    28.9027      
# span 18 =     4.4032,    28.9034      
# span 19 =    34.8998,    36.7026      
# span 20 =    34.8994,    36.7034      
# span 21 =    23.1265,    27.7109      
# span 22 =    23.1258,    27.7100      
# span 23 =    1497.39,    1521.34      
# span 24 =    111.854,    203.823      
# span 25 =    112.882,    205.105      
# span 26 =         30,         66      
# span 27 = 0.0000e+00, 0.0000e+00      
# interval = decibars: 1                
# start_time = Sep 25 2021 13:55:17 [NMEA time, header]
# bad_flag = -9.990e-29
*END*
[from data line 259]
     101456   4227.274     96.335     97.000    22.0531    22.0662   5.176004   5.178414     2.6872     2.2813      99.61   27.60004  -89.99898    0.00954    0.00670     4.0585     4.0778    22.0338    22.0469    36.3407    36.3488    25.2275    25.2299    1500.39    176.791    177.633         57 0.0000e+00
     101514   4229.697     95.342     96.000    22.0674    22.0642   5.177319   5.177563     2.6981     2.2889     100.01   27.60006  -89.99898    0.00875    0.00615     4.0792     4.0947    22.0482    22.0451    36.3395    36.3441    25.2224    25.2268    1500.39    177.696    178.372         44 0.0000e+00
     101563   4231.763     94.349     95.000    22.1214    22.1001   5.183148   5.180611     2.7096     2.2981      92.09   27.60006  -89.99898    0.00355    0.00273     4.0983     4.1124    22.1025    22.0811    36.3405    36.3360    25.2079    25.2105    1500.39    178.530    179.143         62 0.0000e+00
     101624   4234.310     93.357     94.000    22.2103    22.1715   5.192569   5.188107     2.7245     2.3177     100.28   27.60007  -89.99898    0.00629    0.00713     4.1219     4.1512    22.1915    22.1527    36.3423    36.3381    25.1840    25.1918    1500.39    179.561    180.837         52 0.0000e+00
     101669   4236.177     92.364     93.000    22.3639    22.3697   5.211663   5.211266     2.7339     2.3282      75.04   27.60008  -89.99898    0.00527    0.00648     4.1278     4.1593    22.3452    22.3509    36.3627    36.3548    25.1558    25.1481    1500.39    179.822    181.197         44 0.0000e+00
     101726   4238.528     91.371     92.000    22.4861    22.4361   5.224176   5.219131     2.7547     2.3462      97.02   27.60010  -89.99896    0.00720    0.00725     4.1603     4.1949    22.4675    22.4175    36.3592    36.3613    25.1182    25.1342    1500.39    181.248    182.752         66 0.0000e+00
     101782   4240.875     90.377     91.000    22.5133    22.4531   5.225038   5.220603     2.7742     2.3468     100.08   27.60010  -89.99896    0.00920    0.00317     4.1912     4.1943    22.4948    22.4348    36.3392    36.3539    25.0953    25.1236    1500.39    182.598    182.728         44 0.0000e+00
     101827   4242.738     89.385     90.000    22.5939    22.5846   5.229749   5.229130     2.8086     2.4026      65.52   27.60011  -89.99896    0.01187    0.01116     4.2634     4.3096    22.5756    22.5664    36.3142    36.3172    25.0531    25.0581    1500.39    185.749    187.760         51 0.0000e+00
     101887   4245.242     88.392     89.000    22.5888    22.5896   5.229490   5.229750     2.8424     2.4232     100.18   27.60012  -89.99896    0.01780    0.01876     4.3306     4.3555    22.5708    22.5716    36.3161    36.3175    25.0560    25.0568    1500.39    188.676    189.763         66 0.0000e+00
     101943   4247.603     87.399     88.000    22.6515    22.6372   5.234896   5.233552     2.8506     2.4251     100.00   27.60013  -89.99896    0.00484    0.00216     4.3420     4.3560    22.6336    22.6194    36.3066    36.3080    25.0307    25.0358    1500.39    189.180    189.786         44 0.0000e+00
     101984   4249.289     86.406     87.000    22.7364    22.7596   5.243986   5.246289     2.8651     2.4413     100.00   27.60014  -89.99896    0.00561    0.00465     4.3639     4.3829    22.7187    22.7419    36.3073    36.3060    25.0068    24.9991    1500.39    190.137    190.964         44 0.0000e+00
     102050   4252.028     85.413     86.000    22.7235    22.7696   5.242611   5.247386     2.8856     2.4744     100.00   27.60015  -89.99896    0.00762    0.01050     4.4062     4.4553    22.7060    22.7521    36.3077    36.3066    25.0107    24.9966    1500.39    191.982    194.123         44 0.0000e+00
     102289   4261.998     83.427     84.000    22.9212    22.9890   5.267308   5.273121     2.9127     2.4981      99.43   27.63507  -90.11273    0.00418    0.00341     4.4423     4.4908    22.9040    22.9718    36.3373    36.3437    24.9799    24.9664    1502.29    193.561    195.678         50 0.0000e+00
     102262   4260.888     82.434     83.000    22.9129    22.9978   5.261901   5.270790     2.9271     2.5181      82.79   27.60020  -89.99894    0.00271    0.00394     4.4731     4.5333    22.8960    22.9808    36.3017    36.3004    24.9514    24.9258    1500.39    194.907    197.535         55 0.0000e+00
     102746   4281.024     80.448     81.000    23.1067    23.2690   5.286982   5.304347     2.9797     2.5708     100.13   27.65136  -90.16557    0.00575    0.00234     4.5631     4.6290    23.0900    23.2523    36.3634    36.3637    24.9494    24.9025    1503.17    198.835    201.717         49 0.0000e+00
     103246   4301.887     79.455     80.000    23.2863    23.3321   5.300662   5.304724     3.0169     2.5898     100.00   27.60041  -89.99892    0.00261    0.00138     4.6234     4.6655    23.2720    23.3156    36.2911    36.2893    24.8339    24.8199    1500.39    201.479    203.314         41 0.0000e+00
     103781   4324.161     78.462     79.000    23.3764    23.3935   5.309750   5.311673     3.0415     2.6024     100.00   27.60054  -89.99889    0.00105    0.00022     4.6625     4.6867    23.3602    23.3770    36.2902    36.2914    24.8075    24.8035    1500.39    203.189    204.244         31 0.0000e+00
     103876   4328.120     77.469     78.000    23.4157    23.4094   5.314527   5.313748     3.0436     2.6043     100.00   27.60056  -89.99888   -0.00019   -0.00019     4.6612     4.6887    23.3994    23.3931    36.2925    36.2941    24.7978    24.8009    1500.39    203.133    204.330         39 0.0000e+00
     103949   4331.183     76.476     77.000    23.4714    23.5103   5.321247   5.326456     3.0471     2.6092     100.00   27.60057  -89.99888    0.00105    0.00098     4.6642     4.6912    23.4554    23.4943    36.3016    36.3096    24.7882    24.7828    1500.39    203.263    204.443         36 0.0000e+00
     104066   4336.029     74.490     75.000    23.6505    23.6818   5.342673   5.345711     3.0622     2.6233     100.00   27.60160  -90.00217    0.00417    0.00370     4.6768     4.7062    23.6348    23.6661    36.3201    36.3175    24.7496    24.7383    1500.44    203.823    205.105         40 0.0000e+00
     104081   4336.687     72.504     73.000    24.3649    24.2843   5.434126   5.424104     3.0644     2.6054      99.93   27.58259  -89.94014    0.00316   -0.00225     4.6165     4.6139    24.3493    24.2687    36.4282    36.4127    24.6167    24.6282    1499.41    201.219    201.099         38 0.0000e+00
     104226   4342.722     71.511     72.000    24.2008    24.2244   5.415277   5.417253     3.0041     2.5757      63.52   27.60062  -89.99888   -0.02247   -0.01517     4.5101     4.5538    24.1855    24.2091    36.4235    36.4192    24.6641    24.6537    1500.39    196.571    198.478         42 0.0000e+00
     104256   4343.959     70.518     71.000    24.4727    24.5196   5.450393   5.456872     3.0162     2.5765      97.66   27.60063  -89.99888   -0.00935   -0.00152     4.5097     4.5303    24.4574    24.5043    36.4678    36.4784    24.6158    24.6098    1500.39    196.564    197.465         32 0.0000e+00
     104314   4346.389     69.525     70.000    24.5382    24.5631   5.458640   5.461718     3.0046     2.5607      97.44   27.60065  -89.99888   -0.00288   -0.00393     4.4807     4.4920    24.5232    24.5480    36.4769    36.4799    24.6029    24.5977    1500.39    195.304    195.797         43 0.0000e+00
     104375   4348.917     68.532     69.000    24.5160    24.5561   5.454822   5.457095     2.9940     2.5628      56.83   27.60066  -89.99888   -0.00533    0.00042     4.4613     4.4980    24.5012    24.5412    36.4653    36.4539    24.6007    24.5800    1500.39    194.458    196.060         33 0.0000e+00
     104468   4352.798     67.539     68.000    24.6600    24.7607   5.467807   5.480780     3.0236     2.5839      93.39   27.60069  -89.99888   -0.00055    0.00228     4.5166     4.5260    24.6404    24.7460    36.4572    36.4637    24.5525    24.5253    1500.39    196.878    197.291         35 0.0000e+00
     104633   4359.647     66.546     67.000    24.8611    24.9762   5.494727   5.509010     3.0292     2.5844      97.29   27.60073  -89.99888   -0.00154   -0.00248     4.4995     4.5094    24.8470    24.9617    36.4859    36.5003    24.5114    24.4878    1500.39    196.141    196.575         48 0.0000e+00
     104794   4366.381     65.553     66.000    25.0934    25.2064   5.524731   5.540450     3.0127     2.5508      99.72   27.60077  -89.99888   -0.00300   -0.00657     4.4475     4.4183    25.0805    25.1920    36.5239    36.5525    24.4687    24.4560    1500.39    193.880    192.612         48 0.0000e+00
     106057   4419.000     64.560     65.000    25.0875    25.0660   5.524109   5.521160     3.0144     2.5761     100.01   27.60107  -89.99886    0.00703    0.00300     4.4510     4.4827    25.0729    25.0518    36.5236    36.5182    24.4709    24.4733    1500.39    194.035    195.416         41 0.0000e+00
     106881   4453.351     63.566     64.000    25.0025    25.0192   5.512045   5.514270     3.0302     2.5843     100.00   27.60127  -89.99884    0.00036   -0.00078     4.4887     4.5037    24.9886    25.0052    36.5021    36.5060    24.4805    24.4783    1500.39    195.677    196.330         53 0.0000e+00
     106957   4456.496     62.573     63.000    25.0840    25.0352   5.523410   5.516537     3.0167     2.5797     100.00   27.60130  -89.99884   -0.00361   -0.00117     4.4553     4.4916    25.0707    25.0214    36.5221    36.5103    24.4704    24.4766    1500.39    194.220    195.803         40 0.0000e+00
     107021   4459.169     61.580     62.000    25.2231    25.1590   5.541417   5.532631     3.0127     2.5708     100.00   27.60131  -89.99884   -0.00251   -0.00176     4.4346     4.4632    25.2095    25.1454    36.5441    36.5306    24.4444    24.4539    1500.39    193.322    194.568         63 0.0000e+00
     107088   4461.962     60.587     61.000    25.3732    25.3056   5.562536   5.552797     2.9907     2.5530      97.40   27.60132  -89.99884   -0.00498   -0.00696     4.3836     4.4133    25.3598    25.2922    36.5663    36.5573    24.4149    24.4295    1500.39    191.105    192.400         56 0.0000e+00
     107136   4463.953     59.594     60.000    25.7405    25.7589   5.604387   5.604655     2.9734     2.5286      99.92   27.60134  -89.99882   -0.00889   -0.00843     4.3147     4.3256    25.7272    25.7455    36.5940    36.5815    24.3218    24.3066    1500.39    188.118    188.596         50 0.0000e+00
     107196   4466.454     58.601     59.000    25.8755    25.8349   5.619171   5.614666     2.9481     2.5034      99.95   27.60136  -89.99882   -0.01028   -0.01216     4.2560     4.2657    25.8623    25.8217    36.5953    36.5947    24.2806    24.2929    1500.39    185.565    185.986         64 0.0000e+00
     107250   4468.703     57.608     58.000    26.0531    26.0792   5.638640   5.640517     2.9488     2.5067     100.00   27.60137  -89.99882   -0.00420   -0.00293     4.2431     4.2548    26.0401    26.0662    36.5963    36.5892    24.2256    24.2120    1500.39    185.012    185.526         43 0.0000e+00
     107296   4470.627     56.615     57.000    26.2521    26.2534   5.661011   5.660885     2.9596     2.5146     100.00   27.60138  -89.99882    0.00333    0.00341     4.2477     4.2580    26.2392    26.2406    36.6013    36.5993    24.1668    24.1648    1500.39    185.227    185.676         54 0.0000e+00
     107358   4473.201     55.622     56.000    26.2601    26.2213   5.661862   5.657889     2.9646     2.5152     100.00   27.60140  -89.99882    0.00350    0.00134     4.2562     4.2609    26.2474    26.2087    36.6015    36.6034    24.1643    24.1780    1500.39    185.595    185.800         53 0.0000e+00
     107403   4475.085     54.629     55.000    26.3605    26.3249   5.671859   5.667141     2.9756     2.5191     100.00   27.60140  -89.99882    0.00252    0.00053     4.2661     4.2611    26.3480    26.3125    36.5939    36.5938    24.1268    24.1379    1500.39    186.035    185.816         45 0.0000e+00
     107457   4477.342     53.636     54.000    26.3891    26.3753   5.674384   5.672971     2.9827     2.5293     100.00   27.60142  -89.99882    0.00475    0.00360     4.2797     4.2787    26.3769    26.3631    36.5906    36.5913    24.1152    24.1201    1500.39    186.632    186.588         61 0.0000e+00
     107617   4483.991     52.642     53.000    26.4501    26.4976   5.679285   5.683134     2.9970     2.5491     100.00   27.60146  -89.99881    0.00508    0.00599     4.3018     4.3112    26.4381    26.4856    36.5781    36.5683    24.0863    24.0638    1500.39    187.600    188.015         33 0.0000e+00
     107817   4492.337     51.649     52.000    26.6314    26.6587   5.694482   5.697060     3.0135     2.5637     100.00   27.60151  -89.99880    0.00380    0.00218     4.3192     4.3302    26.6196    26.6469    36.5449    36.5420    24.0036    23.9927    1500.39    188.374    188.857         47 0.0000e+00
     108994   4541.364     49.663     50.000    26.8213    26.8609   5.719434   5.722946     3.0397     2.5896      98.17   27.67329  -90.23217    0.00066    0.00030     4.3548     4.3715    26.8099    26.8494    36.6185    36.6134    24.0112    23.9947    1504.28    189.937    190.668         41 0.0000e+00
     109716   4571.477     48.670     49.000    26.8484    26.8588   5.712902   5.713925     3.0462     2.5948     100.03   27.60196  -89.99874    0.00111    0.00143     4.3632     4.3797    26.8371    26.8476    36.5076    36.5067    23.9060    23.9021    1500.39    190.309    191.030         47 0.0000e+00
     109758   4573.223     47.677     48.000    26.8574    26.8581   5.713602   5.713913     3.0460     2.5926      80.14   27.60197  -89.99874    0.00059    0.00021     4.3615     4.3743    26.8464    26.8470    36.5058    36.5071    23.9017    23.9025    1500.39    190.239    190.797         59 0.0000e+00
     109822   4575.879     46.683     47.000    26.9300    26.9123   5.719968   5.718404     3.0470     2.5929     101.84   27.60199  -89.99874   -0.00037   -0.00070     4.3575     4.3711    26.9192    26.9015    36.4948    36.4977    23.8701    23.8780    1500.39    190.069    190.662         47 0.0000e+00
     109856   4577.306     45.690     46.000    27.1235    27.0579   5.737753   5.732124     3.0557     2.5981     100.00   27.60200  -89.99874    0.00211    0.00108     4.3588     4.3710    27.1128    27.0473    36.4709    36.4820    23.7899    23.8193    1500.39    190.142    190.668         33 0.0000e+00
     109911   4579.565     44.697     45.000    27.1438    27.1523   5.740106   5.741385     3.0613     2.6062     100.00   27.60201  -89.99873    0.00355    0.00314     4.3672     4.3804    27.1334    27.1419    36.4722    36.4747    23.7842    23.7834    1500.39    190.507    191.085         40 0.0000e+00
     109971   4582.099     43.704     44.000    27.1085    27.2385   5.737377   5.749481     3.0620     2.6036     100.00   27.60202  -89.99873   -0.00046   -0.00193     4.3704     4.3685    27.0983    27.2283    36.4806    36.4654    23.8019    23.7485    1500.39    190.646    190.572         32 0.0000e+00
     110145   4589.320     40.725     41.000    27.6205    28.0922   5.781810   5.823772     3.0765     2.6297      99.91   27.57857  -89.92204    0.00438    0.00741     4.3570     4.3701    27.6109    28.0825    36.3845    36.3159    23.5591    23.3530    1499.11    190.102    190.698         46 0.0000e+00
     111961   4664.994     37.745     38.000    28.3772    28.4350   5.865223   5.868467     3.1145     2.6504     100.36   27.70194  -90.32324   -0.00070    0.00037     4.3682     4.3816    28.3682    28.4259    36.4163    36.4422    23.3535    23.3584    1505.80    190.644    191.231         50 0.0000e+00
