Gulf of Mexico/GOMECC-4/1db/urb2103_0321.cnv
* Sea-Bird SBE 9 Data File:
* FileName = C:\Users\scs.user.rb\CTD\GOMECC4\data\rb2103_0321.hex
* Software Version Seasave V 7.26.7.107
* Temperature SN = 4799
* Conductivity SN = 3860
* Number of Bytes Per Scan = 41
* Number of Voltage Words = 4
* Number of Scans Averaged by the Deck Unit = 1
* NMEA Latitude = 29 45.48 N
* NMEA Longitude = 087 02.49 W
* NMEA UTC (Time) = Sep 23 2021  20:34:47
* NMEA baud rate = 4800
# nquan = 28
# nvalues = 97                          
# units = specified
# name 0 = scan: Scan Count
# name 1 = timeS: Time, Elapsed [seconds]
# name 2 = depSM: Depth [salt water, m]
# name 3 = prDM: Pressure, Digiquartz [db]
# name 4 = t090C: Temperature [ITS-90, deg C]
# name 5 = t190C: Temperature, 2 [ITS-90, deg C]
# name 6 = c0S/m: Conductivity [S/m]
# name 7 = c1S/m: Conductivity, 2 [S/m]
# name 8 = sbeox0V: Oxygen raw, SBE 43 [V]
# name 9 = sbeox1V: Oxygen raw, SBE 43, 2 [V]
# name 10 = altM: Altimeter [m]
# name 11 = latitude: Latitude [deg]
# name 12 = longitude: Longitude [deg]
# name 13 = sbox0dV/dT: Oxygen, SBE 43 [dov/dt]
# name 14 = sbox1dV/dT: Oxygen, SBE 43, 2 [dov/dt]
# name 15 = sbeox0ML/L: Oxygen, SBE 43 [ml/l], WS = 5
# name 16 = sbeox1ML/L: Oxygen, SBE 43, 2 [ml/l], WS = 5
# name 17 = potemp090C: Potential Temperature [ITS-90, deg C]
# name 18 = potemp190C: Potential Temperature, 2 [ITS-90, deg C]
# name 19 = sal00: Salinity, Practical [PSU]
# name 20 = sal11: Salinity, Practical, 2 [PSU]
# name 21 = sigma-é00: Density [sigma-theta, kg/m^3]
# name 22 = sigma-é11: Density, 2 [sigma-theta, kg/m^3]
# name 23 = avgsvCM: Average Sound Velocity [Chen-Millero, m/s], minP = 20, minS = 20
# name 24 = sbox0Mm/Kg: Oxygen, SBE 43 [umol/kg], WS = 5
# name 25 = sbox1Mm/Kg: Oxygen, SBE 43, 2 [umol/kg], WS = 5
# name 26 = nbin: number of scans per bin
# name 27 = flag: flag
# span 0 =      19846,      53475       
# span 1 =    826.895,   2228.103       
# span 2 =      1.987,    199.539       
# span 3 =      2.000,    201.000       
# span 4 =    14.2900,    28.7328       
# span 5 =    14.2959,    28.7349       
# span 6 =   4.323602,   5.680068       
# span 7 =   4.324424,   5.671130       
# span 8 =     1.8280,     3.1823       
# span 9 =     1.5144,     2.7092       
# span 10 =      11.71,     102.32      
# span 11 =   29.38681,   30.47936      
# span 12 =  -89.15187,  -85.95614      
# span 13 =   -0.00244,    0.02314      
# span 14 =   -0.00186,    0.02553      
# span 15 =     2.7227,     4.5441      
# span 16 =     2.7580,     4.5581      
# span 17 =    14.2604,    28.7307      
# span 18 =    14.2663,    28.7328      
# span 19 =    33.0197,    36.5186      
# span 20 =    33.0202,    36.5148      
# span 21 =    20.9385,    26.7970      
# span 22 =    20.9385,    26.7952      
# span 23 =    1504.76,    1560.70      
# span 24 =    118.422,    198.727      
# span 25 =    119.959,    199.336      
# span 26 =         30,         68      
# span 27 = 0.0000e+00, 0.0000e+00      
# interval = decibars: 1                
# start_time = Sep 23 2021 20:34:47 [NMEA time, header]
# bad_flag = -9.990e-29
*END*
      19846    826.895    199.539    201.000    14.2921    14.2959   4.323887   4.324424     1.8286     1.5144      11.71   29.75822  -87.04232   -0.00009    0.00004     2.7243     2.7591    14.2624    14.2663    35.8589    35.8597    26.7952    26.7950    1523.78    118.490    120.007         48 0.0000e+00
      19906    829.382    198.546    200.000    14.2900    14.2988   4.323602   4.324673     1.8280     1.5146      12.82   29.75822  -87.04232   -0.00019    0.00017     2.7227     2.7592    14.2604    14.2693    35.8587    35.8603    26.7955    26.7948    1523.78    118.422    120.009         68 0.0000e+00
      19963    831.740    197.554    199.000    14.2908    14.3015   4.324214   4.325443     1.8286     1.5145      13.68   29.75822  -87.04232   -0.00004   -0.00005     2.7233     2.7580    14.2614    14.2721    35.8595    35.8608    26.7959    26.7946    1523.78    118.450    119.959         40 0.0000e+00
      20033    834.657    195.570    197.000    14.2999    14.3138   4.324955   4.326481     1.8299     1.5157      15.52   29.76161  -87.05223    0.00041    0.00026     2.7254     2.7602    14.2708    14.2846    35.8632    35.8648    26.7970    26.7952    1523.95    118.540    120.054         38 0.0000e+00
      20068    836.135    194.578    196.000    14.2986    14.3101   4.324478   4.325775     1.8300     1.5170      16.64   29.75822  -87.04232    0.00024    0.00050     2.7257     2.7635    14.2697    14.2812    35.8605    35.8618    26.7949    26.7935    1523.78    118.554    120.196         35 0.0000e+00
      20158    839.875    191.601    193.000    14.4278    14.4264   4.339780   4.339544     1.8398     1.5246      19.39   29.76190  -87.05309    0.00225    0.00166     2.7403     2.7756    14.3991    14.3977    35.8850    35.8841    26.7862    26.7859    1523.97    119.189    120.727         32 0.0000e+00
      20187    841.082    190.608    192.000    14.4490    14.4646   4.342069   4.343557     1.8452     1.5298      20.45   29.75822  -87.04232    0.00376    0.00338     2.7519     2.7870    14.4204    14.4360    35.8859    35.8851    26.7820    26.7781    1523.78    119.695    121.223         30 0.0000e+00
      20381    849.174    184.655    186.000    14.6733    14.6913   4.366759   4.368756     1.8544     1.5356      26.52   29.74223  -86.99556   -0.00009   -0.00054     2.7586     2.7868    14.6453    14.6634    35.9037    35.9115    26.7458    26.7482    1522.96    119.989    121.215         38 0.0000e+00
      21053    877.157    180.685    182.000    15.0404    15.0357   4.412147   4.413825     1.8860     1.5737      31.01   29.80462  -87.17801    0.00433    0.00233     2.8061     2.8640    15.0126    15.0079    35.9967    36.0257    26.7400    26.7649    1526.16    122.057    124.579         30 0.0000e+00
      21122    880.045    179.693    181.000    15.0347    15.0265   4.409940   4.409645     1.8975     1.5799      31.65   29.75822  -87.04230    0.00349    0.00267     2.8375     2.8809    15.0070    14.9990    35.9751    35.9792    26.7226    26.7276    1523.78    123.423    125.313         48 0.0000e+00
      22100    920.803    178.700    180.000    15.0713    15.0679   4.414689   4.414361     1.9113     1.5899      32.56   29.75822  -87.04231    0.00022    0.00075     2.8680     2.9044    15.0438    15.0403    35.9837    35.9840    26.7210    26.7220    1523.78    124.751    126.335         57 0.0000e+00
      22647    943.575    177.708    179.000    15.0803    15.0805   4.415706   4.415708     1.9149     1.5921      33.37   29.75822  -87.04232    0.00034    0.00012     2.8758     2.9090    15.0529    15.0531    35.9853    35.9858    26.7202    26.7205    1523.78    125.093    126.536         41 0.0000e+00
      22678    944.878    176.716    178.000    15.0843    15.0809   4.416084   4.415808     1.9155     1.5921      34.25   29.75822  -87.04231    0.00057    0.00010     2.8766     2.9086    15.0570    15.0536    35.9852    35.9859    26.7193    26.7205    1523.78    125.124    126.518         36 0.0000e+00
      22715    946.402    175.723    177.000    15.0987    15.0989   4.417609   4.417651     1.9155     1.5919      35.23   29.75822  -87.04230    0.00024    0.00003     2.8753     2.9067    15.0716    15.0717    35.9865    35.9883    26.7170    26.7184    1523.78    125.068    126.436         32 0.0000e+00
      23030    959.547    164.807    166.000    15.4337    15.4284   4.457731   4.456557     1.9319     1.6057      46.13   29.75989  -87.04720    0.00084    0.00047     2.8886     2.9178    15.4079    15.4028    36.0489    36.0442    26.6900    26.6879    1523.87    125.651    126.921         30 0.0000e+00
      23176    965.643    163.815    165.000    15.3952    15.4126   4.452522   4.454676     1.9303     1.6061      47.38   29.75822  -87.04230    0.00010    0.00056     2.8870     2.9194    15.3696    15.3869    36.0368    36.0403    26.6891    26.6879    1523.78    125.583    126.990         56 0.0000e+00
      23291    970.416    162.822    164.000    15.4673    15.4550   4.460152   4.459721     1.9330     1.6064      48.30   29.75822  -87.04230    0.00068    0.00028     2.8878     2.9171    15.4349    15.4295    36.0465    36.0476    26.6819    26.6840    1523.78    125.616    126.892         48 0.0000e+00
      23639    984.931    159.845    161.000    15.6544    15.5713   4.482238   4.472619     1.9429     1.6162      51.26   29.75229  -87.02496    0.00147    0.00078     2.8992     2.9344    15.6292    15.5461    36.0687    36.0571    26.6545    26.6645    1523.48    126.115    127.645         51 0.0000e+00
      25006   1041.878    158.853    160.000    15.7644    15.7551   4.496194   4.495247     1.9633     1.6361      52.25   29.75822  -87.04235    0.00005    0.00031     2.9393     2.9738    15.7392    15.7298    36.0954    36.0954    26.6505    26.6527    1523.78    127.860    129.362         38 0.0000e+00
      25174   1048.895    157.860    159.000    15.7831    15.7682   4.498331   4.496629     1.9653     1.6373      52.98   29.75822  -87.04235    0.00014    0.00007     2.9425     2.9757    15.7580    15.7431    36.0980    36.0963    26.6482    26.6503    1523.78    128.002    129.445         30 0.0000e+00
      25201   1050.005    156.868    158.000    15.8016    15.7967   4.500430   4.499838     1.9654     1.6373      53.98   29.75822  -87.04236    0.00005   -0.00010     2.9411     2.9736    15.7766    15.7717    36.1002    36.0995    26.6457    26.6463    1523.78    127.941    129.355         30 0.0000e+00
      26054   1085.533    140.988    142.000    16.0894    16.1097   4.534186   4.536486     1.9944     1.6638      70.13   29.75822  -87.04238    0.00037   -0.00002     2.9843     3.0160    16.0666    16.0870    36.1471    36.1479    26.6150    26.6110    1523.78    129.825    131.202         41 0.0000e+00
      26190   1091.191    139.995    141.000    16.0785    16.0713   4.532676   4.532009     1.9931     1.6627      71.10   29.75822  -87.04238   -0.00015   -0.00003     2.9817     3.0150    16.0559    16.0488    36.1439    36.1445    26.6150    26.6172    1523.78    129.712    131.158         49 0.0000e+00
      27714   1154.708    139.003    140.000    16.2292    16.2345   4.550803   4.551236     1.9952     1.6641      72.04   29.75822  -87.04240   -0.00037   -0.00047     2.9762     3.0077    16.2067    16.2120    36.1668    36.1685    26.5977    26.5977    1523.78    129.473    130.843         38 0.0000e+00
      27864   1160.963    138.010    139.000    16.2356    16.2535   4.551458   4.553566     1.9948     1.6645      72.97   29.75822  -87.04240   -0.00024    0.00009     2.9744     3.0073    16.2132    16.2311    36.1696    36.1718    26.5983    26.5958    1523.78    129.397    130.825         54 0.0000e+00
      28062   1169.197    130.070    131.000    16.5551    16.5607   4.588968   4.589531     2.0015     1.6677      80.64   29.75529  -87.03383    0.00108    0.00032     2.9660     2.9931    16.5338    16.5393    36.2146    36.2146    26.5576    26.5563    1523.63    129.037    130.213         30 0.0000e+00
      28549   1189.487    125.107    126.000    16.7200    16.6956   4.609031   4.605887     2.0043     1.6711      85.98   29.76277  -87.05572    0.00049    0.00051     2.9599     2.9915    16.6993    16.6749    36.2474    36.2417    26.5443    26.5457    1524.01    128.773    130.146         45 0.0000e+00
      31091   1295.410    119.151    120.000    17.1776    17.1736   4.662480   4.662073     2.0441     1.7089      91.75   29.75244  -87.02553    0.00039    0.00016     3.0194     3.0542    17.1575    17.1535    36.3023    36.3032    26.4758    26.4776    1523.48    131.366    132.880         38 0.0000e+00
      34224   1425.959     99.297    100.000    18.6802    18.6896   4.840793   4.841560     2.0422     1.7034     100.11   29.79209  -87.14157    0.00006   -0.00035     2.9123     2.9417    18.6625    18.6718    36.5186    36.5148    26.2723    26.2665    1525.51    126.737    128.017         44 0.0000e+00
      34494   1437.212     98.304     99.000    18.7142    18.7227   4.841636   4.842748     2.0405     1.7010      99.97   29.75828  -87.04268    0.00024   -0.00065     2.9068     2.9337    18.6966    18.7051    36.4824    36.4837    26.2325    26.2313    1523.78    126.498    127.669         58 0.0000e+00
      34534   1438.891     97.312     98.000    18.7600    18.7645   4.846305   4.847016     2.0407     1.7017     100.00   29.75828  -87.04268    0.00022    0.00027     2.9043     2.9329    18.7426    18.7470    36.4817    36.4838    26.2202    26.2207    1523.78    126.393    127.635         53 0.0000e+00
      34587   1441.098     96.319     97.000    18.8423    18.8334   4.855501   4.854410     2.0392     1.6993     100.00   29.75828  -87.04267   -0.00038   -0.00050     2.8959     2.9226    18.8250    18.8160    36.4871    36.4858    26.2033    26.2046    1523.78    126.027    127.191         42 0.0000e+00
      34621   1442.495     95.326     96.000    18.9252    18.8809   4.864444   4.859982     2.0385     1.6984     100.00   29.75828  -87.04268   -0.00074   -0.00100     2.8897     2.9174    18.9099    18.8638    36.4883    36.4913    26.1824    26.1966    1523.78    125.759    126.963         33 0.0000e+00
      34664   1444.292     94.334     95.000    18.9670    18.9616   4.868677   4.868336     2.0367     1.6968     100.00   29.75828  -87.04268   -0.00059   -0.00078     2.8823     2.9087    18.9500    18.9445    36.4890    36.4909    26.1726    26.1756    1523.78    125.440    126.591         55 0.0000e+00
      34712   1446.306     93.341     94.000    19.0039    18.9753   4.872790   4.870412     2.0325     1.6926      82.73   29.75828  -87.04268   -0.00174   -0.00186     2.8700     2.8965    18.9871    18.9587    36.4915    36.4948    26.1650    26.1743    1523.78    124.905    126.060         36 0.0000e+00
      34744   1447.631     92.348     93.000    19.0835    19.0693   4.881255   4.879974     2.0335     1.6939      87.34   29.75828  -87.04269   -0.00146   -0.00117     2.8677     2.8952    19.0668    19.0526    36.4929    36.4947    26.1456    26.1506    1523.78    124.810    126.006         31 0.0000e+00
      34776   1448.979     91.355     92.000    19.1489    19.1377   4.887836   4.886885     2.0360     1.6939      99.62   29.75828  -87.04270    0.00036    0.00012     2.8690     2.8911    19.1322    19.1211    36.4911    36.4930    26.1273    26.1316    1523.78    124.866    125.828         36 0.0000e+00
      34816   1450.623     90.363     91.000    19.1961    19.1830   4.892526   4.891155     2.0359     1.6955     100.00   29.75828  -87.04270    0.00110    0.00043     2.8658     2.8921    19.1797    19.1666    36.4893    36.4893    26.1136    26.1170    1523.78    124.728    125.876         39 0.0000e+00
      34890   1453.709     88.377     89.000    19.2928    19.2983   4.903561   4.904092     2.0363     1.6966      73.67   29.76724  -87.06895   -0.00043    0.00033     2.8602     2.8877    19.2767    19.2821    36.5013    36.5010    26.0986    26.0969    1524.24    124.489    125.684         32 0.0000e+00
      34914   1454.701     87.384     88.000    19.3312    19.3291   4.906791   4.906664     2.0406     1.6992     100.25   29.75828  -87.04270    0.00096    0.00071     2.8670     2.8919    19.3152    19.3131    36.4912    36.4920    26.0799    26.0810    1523.78    124.788    125.870         36 0.0000e+00
      34948   1456.106     86.391     87.000    19.3998    19.3952   4.914167   4.913992     2.0456     1.7051     100.00   29.75828  -87.04270    0.00289    0.00238     2.8736     2.9019    19.3840    19.3794    36.4931    36.4957    26.0634    26.0666    1523.78    125.077    126.305         31 0.0000e+00
      37451   1560.409     79.442     80.000    19.8878    19.8846   4.962970   4.962834     2.1512     1.7970     100.02   29.76504  -87.06248    0.00002    0.00006     3.0705     3.0900    19.8730    19.8697    36.4781    36.4799    25.9242    25.9264    1524.12    133.662    134.511         38 0.0000e+00
      37517   1563.166     78.449     79.000    19.9140    19.9034   4.964153   4.963645     2.1556     1.8005     100.00   29.75830  -87.04278    0.00141    0.00109     3.0790     3.0980    19.8994    19.8888    36.4647    36.4685    25.9062    25.9119    1523.78    134.037    134.861         49 0.0000e+00
      37563   1565.083     77.456     78.000    19.9547    19.9294   4.968250   4.965856     2.1616     1.8080     100.00   29.75830  -87.04278    0.00240    0.00272     3.0882     3.1128    19.9402    19.9149    36.4614    36.4636    25.8929    25.9013    1523.78    134.437    135.507         53 0.0000e+00
      37615   1567.250     76.463     77.000    20.0099    19.9862   4.973384   4.971177     2.1764     1.8184     100.00   29.75830  -87.04278    0.00469    0.00444     3.1160     3.1342    19.9956    19.9719    36.4573    36.4589    25.8750    25.8826    1523.78    135.651    136.444         45 0.0000e+00
      37655   1568.931     75.470     76.000    20.1228    20.0695   4.983988   4.978689     2.1884     1.8305     100.00   29.75830  -87.04278    0.00684    0.00544     3.1346     3.1569    20.1086    20.0553    36.4460    36.4486    25.8363    25.8524    1523.78    136.465    137.434         38 0.0000e+00
      37690   1570.366     74.478     75.000    20.2682    20.2398   4.998197   4.994899     2.2102     1.8502     100.00   29.75830  -87.04278    0.00891    0.00749     3.1639     3.1889    20.2541    20.2258    36.4373    36.4348    25.7907    25.7964    1523.78    137.747    138.833         33 0.0000e+00
      37723   1571.762     73.485     74.000    20.4205    20.3951   5.013869   5.010073     2.2427     1.8813      99.20   29.75830  -87.04280    0.01650    0.01527     3.2376     3.2561    20.4145    20.3812    36.4277    36.4254    25.7403    25.7475    1523.78    140.964    141.769         34 0.0000e+00
      37757   1573.166     72.492     73.000    20.4897    20.4671   5.019068   5.016817     2.2737     1.9111      90.28   29.75830  -87.04280    0.02121    0.02019     3.2923     3.3212    20.4758    20.4533    36.4178    36.4188    25.7163    25.7231    1523.78    143.346    144.603         32 0.0000e+00
      37788   1574.477     71.499     72.000    20.5232    20.5354   5.022216   5.023394     2.2957     1.9335      99.98   29.75830  -87.04280    0.02132    0.02045     3.3365     3.3687    20.5096    20.5218    36.4150    36.4141    25.7050    25.7010    1523.78    145.272    146.678         32 0.0000e+00
      37822   1575.858     70.506     71.000    20.5782    20.5910   5.027430   5.028380     2.3141     1.9524     100.00   29.75830  -87.04280    0.01679    0.01732     3.3714     3.4089    20.5647    20.5776    36.4106    36.4073    25.6867    25.6807    1523.78    146.795    148.428         35 0.0000e+00
