Gulf of Mexico/GOMECC-4/1db/urb2103_0411.cnv
* Sea-Bird SBE 9 Data File:
* FileName = C:\Users\scs.user.rb\CTD\GOMECC4\data\rb2103_0411.hex
* Software Version Seasave V 7.26.7.107
* Temperature SN = 4799
* Conductivity SN = 3860
* Number of Bytes Per Scan = 41
* Number of Voltage Words = 4
* Number of Scans Averaged by the Deck Unit = 1
* NMEA Latitude = 28 04.43 N
* NMEA Longitude = 089 59.85 W
* NMEA UTC (Time) = Sep 26 2021  02:13:04
* NMEA baud rate = 4800
# nquan = 28
# nvalues = 174                         
# units = specified
# name 0 = scan: Scan Count
# name 1 = timeS: Time, Elapsed [seconds]
# name 2 = depSM: Depth [salt water, m]
# name 3 = prDM: Pressure, Digiquartz [db]
# name 4 = t090C: Temperature [ITS-90, deg C]
# name 5 = t190C: Temperature, 2 [ITS-90, deg C]
# name 6 = c0S/m: Conductivity [S/m]
# name 7 = c1S/m: Conductivity, 2 [S/m]
# name 8 = sbeox0V: Oxygen raw, SBE 43 [V]
# name 9 = sbeox1V: Oxygen raw, SBE 43, 2 [V]
# name 10 = altM: Altimeter [m]
# name 11 = latitude: Latitude [deg]
# name 12 = longitude: Longitude [deg]
# name 13 = sbox0dV/dT: Oxygen, SBE 43 [dov/dt]
# name 14 = sbox1dV/dT: Oxygen, SBE 43, 2 [dov/dt]
# name 15 = sbeox0ML/L: Oxygen, SBE 43 [ml/l], WS = 5
# name 16 = sbeox1ML/L: Oxygen, SBE 43, 2 [ml/l], WS = 5
# name 17 = potemp090C: Potential Temperature [ITS-90, deg C]
# name 18 = potemp190C: Potential Temperature, 2 [ITS-90, deg C]
# name 19 = sal00: Salinity, Practical [PSU]
# name 20 = sal11: Salinity, Practical, 2 [PSU]
# name 21 = sigma-é00: Density [sigma-theta, kg/m^3]
# name 22 = sigma-é11: Density, 2 [sigma-theta, kg/m^3]
# name 23 = avgsvCM: Average Sound Velocity [Chen-Millero, m/s], minP = 20, minS = 20
# name 24 = sbox0Mm/Kg: Oxygen, SBE 43 [umol/kg], WS = 5
# name 25 = sbox1Mm/Kg: Oxygen, SBE 43, 2 [umol/kg], WS = 5
# name 26 = nbin: number of scans per bin
# name 27 = flag: flag
# span 0 =      40062,      79608       
# span 1 =   1669.227,   3316.951       
# span 2 =      1.986,    429.668       
# span 3 =      2.000,    433.000       
# span 4 =     9.3143,    29.1946       
# span 5 =     9.3208,    29.1964       
# span 6 =   3.775244,   5.987057       
# span 7 =   3.775837,   5.987392       
# span 8 =     1.6299,     3.2061       
# span 9 =     1.3327,     2.7265       
# span 10 =       9.38,     101.96      
# span 11 =   27.87420,   28.77107      
# span 12 =  -92.20466,  -89.33072      
# span 13 =   -0.00591,    0.01772      
# span 14 =   -0.00643,    0.01812      
# span 15 =     2.5531,     4.4805      
# span 16 =     2.5837,     4.4880      
# span 17 =     9.2656,    29.1936      
# span 18 =     9.2720,    29.1955      
# span 19 =    35.1207,    37.0587      
# span 20 =    35.1201,    37.0596      
# span 21 =    22.9403,    27.1702      
# span 22 =    22.9400,    27.1687      
# span 23 =    1505.70,    1554.14      
# span 24 =    111.025,    195.581      
# span 25 =    112.357,    195.908      
# span 26 =         30,         73      
# span 27 = 0.0000e+00, 0.0000e+00      
# interval = decibars: 1                
# start_time = Sep 26 2021 02:13:04 [NMEA time, header]
# bad_flag = -9.990e-29
*END*
[from data line 52]
      48872   2036.300    227.350    229.000    16.0948    16.0818   4.540314   4.538796     2.1022     1.7613     100.00   28.08170  -89.99814    0.00237    0.00195     3.2714     3.3026    16.0581    16.0451    36.1619    36.1611    26.6284    26.6308    1516.98    142.310    143.669         34 0.0000e+00
      49543   2064.230    202.542    204.000    16.9702    16.9698   4.645902   4.645989     2.1805     1.8289     100.03   28.09463  -90.03950    0.00301    0.00224     3.3797     3.4035    16.9362    16.9358    36.3200    36.3192    26.5444    26.5439    1517.68    147.037    148.072         39 0.0000e+00
      49584   2065.960    201.550    203.000    16.9787    16.9638   4.645709   4.644185     2.1812     1.8305     100.00   28.08174  -89.99818    0.00094    0.00106     3.3806     3.4066    16.9449    16.9300    36.3042    36.3041    26.5290    26.5325    1516.98    147.075    148.208         62 0.0000e+00
      49652   2068.791    200.557    202.000    17.0931    17.0938   4.659805   4.659631     2.1854     1.8373      96.93   28.08174  -89.99818    0.00103    0.00189     3.3812     3.4144    17.0594    17.0600    36.3248    36.3227    26.5173    26.5156    1516.98    147.104    148.547         71 0.0000e+00
      49726   2071.856    199.565    201.000    17.1820    17.1508   4.670379   4.666682     2.1963     1.8458      99.98   28.08174  -89.99818    0.00338    0.00277     3.3995     3.4309    17.1483    17.1171    36.3384    36.3334    26.5064    26.5100    1516.98    147.903    149.267         73 0.0000e+00
      49954   2081.393    198.572    200.000    17.2201    17.1992   4.675211   4.672881     2.2056     1.8522      87.26   28.08174  -89.99819    0.00214    0.00125     3.4175     3.4434    17.1865    17.1656    36.3456    36.3402    26.5027    26.5035    1516.98    148.683    149.810         33 0.0000e+00
      51272   2136.295    196.588    198.000    17.2933    17.3049   4.684017   4.685209     2.2230     1.8715     100.00   28.08158  -89.99756    0.00004    0.00030     3.4512     3.4836    17.2599    17.2715    36.3569    36.3579    26.4935    26.4915    1516.97    150.152    151.562         44 0.0000e+00
      51318   2138.228    195.595    197.000    17.2965    17.3035   4.684386   4.685245     2.2236     1.8713     100.00   28.08180  -89.99828    0.00031    0.00079     3.4519     3.4828    17.2633    17.2703    36.3583    36.3596    26.4938    26.4931    1516.98    150.185    151.526         37 0.0000e+00
      51359   2139.922    194.603    196.000    17.3092    17.3063   4.685842   4.685589     2.2237     1.8714     100.00   28.08180  -89.99830    0.00014   -0.00013     3.4508     3.4823    17.2761    17.2733    36.3600    36.3604    26.4920    26.4930    1516.98    150.136    151.507         38 0.0000e+00
      51393   2141.348    193.611    195.000    17.3253    17.3132   4.687729   4.686536     2.2250     1.8729     100.00   28.08180  -89.99830    0.00026    0.00028     3.4520     3.4849    17.2924    17.2803    36.3623    36.3623    26.4898    26.4927    1516.98    150.189    151.619         31 0.0000e+00
      51424   2142.628    192.618    194.000    17.3364    17.3218   4.689086   4.687435     2.2252     1.8730     100.00   28.08180  -89.99830    0.00056    0.00065     3.4513     3.4844    17.3036    17.2891    36.3646    36.3633    26.4889    26.4914    1516.98    150.156    151.598         31 0.0000e+00
      51454   2143.888    191.626    193.000    17.3453    17.3403   4.690170   4.689562     2.2254     1.8734     100.00   28.08180  -89.99830    0.00036    0.00042     3.4506     3.4836    17.3127    17.3077    36.3664    36.3657    26.4881    26.4887    1516.98    150.128    151.564         30 0.0000e+00
      51485   2145.154    190.633    192.000    17.3688    17.3549   4.693342   4.691346     2.2274     1.8747     100.00   28.08180  -89.99830    0.00052    0.00041     3.4532     3.4852    17.3364    17.3225    36.3725    36.3684    26.4869    26.4872    1516.98    150.239    151.631         30 0.0000e+00
      51515   2146.424    189.641    191.000    17.3938    17.3789   4.696159   4.694222     2.2334     1.8772     100.00   28.08180  -89.99830    0.00183    0.00091     3.4644     3.4897    17.3614    17.3466    36.3763    36.3722    26.4838    26.4843    1516.98    150.726    151.828         30 0.0000e+00
      51732   2155.471    181.701    183.000    17.6567    17.6198   4.727943   4.723098     2.2652     1.9081     100.00   28.08172  -89.99799    0.00122    0.00065     3.5136     3.5459    17.6254    17.5885    36.4186    36.4098    26.4517    26.4540    1516.97    152.873    154.277         30 0.0000e+00
      52201   2175.015    163.836    165.000    18.3205    18.2765   4.808356   4.803123     2.3670     2.0024     100.00   28.08123  -89.99639    0.00027    0.00082     3.6839     3.7223    18.2915    18.2476    36.5234    36.5179    26.3664    26.3732    1516.95    160.296    161.965         30 0.0000e+00
      52332   2180.457    158.873    160.000    18.4328    18.4148   4.821720   4.819764     2.3746     2.0062     100.00   28.08182  -89.99829    0.00195    0.00124     3.6897     3.7190    18.4046    18.3866    36.5395    36.5389    26.3503    26.3544    1516.98    160.552    161.827         31 0.0000e+00
      52532   2188.777    154.903    156.000    18.5825    18.5652   4.840195   4.838224     2.3721     2.0047     100.02   28.08950  -90.02294   -0.00046   -0.00107     3.6704     3.7023    18.5547    18.5376    36.5681    36.5665    26.3349    26.3380    1517.39    159.716    161.103         38 0.0000e+00
      52686   2195.193    153.911    155.000    18.6481    18.6669   4.847330   4.849629     2.3685     2.0010     100.00   28.08184  -89.99840   -0.00054   -0.00065     3.6573     3.6856    18.6206    18.6393    36.5678    36.5707    26.3172    26.3146    1516.98    159.148    160.377         50 0.0000e+00
      54834   2284.712    147.955    149.000    18.8625    18.8663   4.873327   4.873947     2.3797     2.0123      99.89   28.08735  -90.01596    0.00014    0.00021     3.6630     3.6957    18.8358    18.8396    36.6037    36.6043    26.2903    26.2899    1517.27    159.398    160.821         44 0.0000e+00
      54882   2286.707    146.962    148.000    18.8617    18.8645   4.872723   4.873198     2.3788     2.0127     100.00   28.08192  -89.99856   -0.00045    0.00006     3.6605     3.6962    18.8352    18.8380    36.5969    36.5976    26.2847    26.2845    1516.98    159.293    160.844         72 0.0000e+00
      54942   2289.228    145.970    147.000    18.8638    18.8664   4.873054   4.873351     2.3798     2.0136     100.00   28.08193  -89.99856    0.00038    0.00020     3.6620     3.6977    18.8375    18.8401    36.5973    36.5976    26.2844    26.2840    1516.98    159.358    160.912         45 0.0000e+00
      54977   2290.685    144.977    146.000    18.8680    18.8719   4.873774   4.874026     2.3810     2.0128     100.00   28.08194  -89.99856    0.00045    0.00027     3.6637     3.6950    18.8418    18.8457    36.5989    36.5988    26.2845    26.2835    1516.98    159.431    160.795         30 0.0000e+00
      55260   2302.454    135.050    136.000    19.0379    19.0310   4.893762   4.893044     2.3814     2.0113      97.97   28.08468  -90.00735   -0.00130   -0.00081     3.6472     3.6752    19.0134    19.0066    36.6233    36.6229    26.2593    26.2608    1517.13    158.716    159.936         34 0.0000e+00
      55399   2308.266    130.087    131.000    19.2218    19.1872   4.916160   4.911920     2.3832     2.0119     100.02   28.08648  -90.01314    0.00114    0.00055     3.6351     3.6630    19.1980    19.1635    36.6517    36.6467    26.2336    26.2387    1517.23    158.193    159.410         37 0.0000e+00
      55449   2310.340    129.094    130.000    19.1974    19.1939   4.912522   4.912318     2.3770     2.0125     100.00   28.08196  -89.99858   -0.00184   -0.00065     3.6228     3.6636    19.1739    19.1703    36.6411    36.6425    26.2312    26.2332    1516.98    157.657    159.434         48 0.0000e+00
      55513   2313.008    128.102    129.000    19.2116    19.2397   4.914314   4.917608     2.3773     2.0086     100.00   28.08196  -89.99858   -0.00142   -0.00025     3.6220     3.6519    19.1882    19.2163    36.6440    36.6499    26.2297    26.2269    1516.98    157.625    158.924         32 0.0000e+00
      55645   2318.486    127.108    128.000    19.3314    19.3329   4.929022   4.928677     2.3675     1.9885     100.00   28.08196  -89.99860   -0.00188   -0.00411     3.5859     3.5952    19.3108    19.3096    36.6596    36.6575    26.2098    26.2085    1516.98    156.056    156.463         33 0.0000e+00
      55944   2330.976    125.123    126.000    19.4043    19.4248   4.940505   4.942412     2.3473     1.9778     100.09   28.11262  -90.09681   -0.00068   -0.00120     3.5401     3.5626    19.3813    19.4018    36.7034    36.7060    26.2283    26.2251    1518.64    154.064    155.043         32 0.0000e+00
      57184   2382.613    124.130    125.000    19.4507    19.4498   4.942729   4.942612     2.3446     1.9789      99.96   28.08204  -89.99866   -0.00021    0.00008     3.5313     3.5629    19.4278    19.4270    36.6724    36.6724    26.1891    26.1892    1516.98    153.681    155.056         57 0.0000e+00
      57361   2390.006    122.145    123.000    19.4670    19.4690   4.944338   4.944507     2.3461     1.9808      92.37   28.07820  -89.98635    0.00044    0.00058     3.5325     3.5652    19.4445    19.4465    36.6698    36.6703    26.1823    26.1821    1516.77    153.734    155.160         39 0.0000e+00
      57409   2392.011    121.152    122.000    19.5045    19.4899   4.948681   4.947330     2.3479     1.9809      89.90   28.08204  -89.99868    0.00026    0.00053     3.5339     3.5636    19.4821    19.4676    36.6793    36.6783    26.1801    26.1831    1516.98    153.796    155.091         43 0.0000e+00
      57454   2393.868    120.159    121.000    19.5222    19.4966   4.951239   4.948167     2.3519     1.9843      54.32   28.08204  -89.99868    0.00135    0.00075     3.5400     3.5707    19.5000    19.4745    36.6821    36.6790    26.1775    26.1819    1516.98    154.064    155.400         43 0.0000e+00
      57491   2395.421    119.166    120.000    19.5502    19.5214   4.954304   4.951274     2.3548     1.9843     100.73   28.08204  -89.99868    0.00208    0.00135     3.5438     3.5677    19.5282    19.4994    36.6835    36.6835    26.1712    26.1788    1516.98    154.232    155.268         32 0.0000e+00
      57522   2396.720    118.174    119.000    19.5863    19.5670   4.958361   4.956190     2.3554     1.9859     100.00   28.08204  -89.99869    0.00170    0.00067     3.5422     3.5688    19.5644    19.5451    36.6859    36.6848    26.1636    26.1678    1516.98    154.161    155.318         31 0.0000e+00
      57839   2409.916    106.260    107.000    20.0528    20.1293   5.011255   5.020819     2.3264     1.9589      99.92   28.05924  -89.92556    0.00121    0.00051     3.4413     3.4628    20.0328    20.1094    36.7093    36.7218    26.0547    26.0440    1515.75    149.783    150.718         39 0.0000e+00
      57992   2416.294    105.267    106.000    20.2648    20.2731   5.038840   5.040516     2.3317     1.9644     100.00   28.08206  -89.99872    0.00232    0.00170     3.4372     3.4643    20.2449    20.2531    36.7623    36.7688    26.0413    26.0440    1516.98    149.608    150.789         34 0.0000e+00
      58075   2419.751    104.275    105.000    20.3235    20.3214   5.046135   5.046151     2.3336     1.9644     100.00   28.08207  -89.99872    0.00125    0.00043     3.4367     3.4609    20.3037    20.3016    36.7713    36.7734    26.0323    26.0344    1516.98    149.588    150.641         39 0.0000e+00
      58169   2423.668    103.282    104.000    20.4027    20.4269   5.055741   5.058459     2.3337     1.9678     100.00   28.08208  -89.99872   -0.00015    0.00081     3.4311     3.4615    20.3830    20.4073    36.7815    36.7826    26.0187    26.0131    1516.98    149.348    150.670         62 0.0000e+00
      58283   2428.434    102.289    103.000    20.4300    20.5176   5.058097   5.068698     2.3340     1.9682      83.01   28.08208  -89.99872    0.00005    0.00064     3.4294     3.4564    20.4105    20.4980    36.7773    36.7871    26.0082    25.9920    1516.98    149.274    150.450         36 0.0000e+00
      58363   2431.756    101.296    102.000    20.4773    20.5110   5.064582   5.068413     2.3342     1.9655      94.01   28.08208  -89.99872   -0.00040   -0.00064     3.4261     3.4497    20.4580    20.4916    36.7896    36.7918    26.0047    25.9973    1516.98    149.132    150.161         42 0.0000e+00
      58486   2436.875    100.303    101.000    20.5020    20.6253   5.067383   5.081133     2.3345     1.9663     101.01   28.08208  -89.99874   -0.00020    0.00028     3.4248     3.4439    20.4828    20.6061    36.7901    36.7965    25.9984    25.9699    1516.98    149.075    149.912         50 0.0000e+00
      59411   2475.404     99.310    100.000    20.7290    20.7480   5.092566   5.094759     2.3358     1.9659      73.50   28.08211  -89.99877   -0.00002    0.00021     3.4116     3.4347    20.7098    20.7289    36.8000    36.8014    25.9443    25.9402    1516.98    148.511    149.515         38 0.0000e+00
      59878   2494.861     98.318     99.000    20.8084    20.8088   5.101421   5.101395     2.3356     1.9664     101.31   28.08214  -89.99878    0.00008    0.00037     3.4055     3.4316    20.7894    20.7899    36.8031    36.8030    25.9250    25.9248    1516.98    148.247    149.384         42 0.0000e+00
      59944   2497.631     96.332     97.000    20.8875    20.9037   5.109884   5.110348     2.3364     1.9701     100.04   28.09276  -90.03282    0.00010    0.00064     3.4001     3.4336    20.8689    20.8851    36.8009    36.8053    25.9022    25.9018    1517.55    148.015    149.474         30 0.0000e+00
      59956   2498.128     95.339     96.000    20.9054    20.8889   5.110325   5.109077     2.3377     1.9687     100.00   28.08214  -89.99880    0.00031    0.00089     3.4023     3.4307    20.8869    20.8704    36.7931    36.7972    25.8907    25.8984    1516.98    148.111    149.347         39 0.0000e+00
      59992   2499.605     94.346     95.000    20.9259    20.8884   5.112388   5.108944     2.3400     1.9689     100.00   28.08214  -89.99880    0.00117    0.00012     3.4054     3.4306    20.9076    20.8702    36.7924    36.7969    25.8845    25.8982    1516.98    148.250    149.345         32 0.0000e+00
      60026   2501.044     93.353     94.000    20.9383    20.8985   5.113542   5.109700     2.3428     1.9705     100.00   28.08214  -89.99881    0.00176    0.00024     3.4100     3.4335    20.9202    20.8804    36.7914    36.7947    25.8803    25.8937    1516.98    148.450    149.470         36 0.0000e+00
      60064   2502.636     92.360     93.000    20.9846    20.9570   5.118886   5.115886     2.3437     1.9717     100.00   28.08215  -89.99882    0.00142    0.00092     3.4085     3.4323    20.9667    20.9390    36.7950    36.7946    25.8703    25.8776    1516.98    148.384    149.418         44 0.0000e+00
      60111   2504.581     91.367     92.000    21.0257    20.9945   5.123560   5.119639     2.3447     1.9722     100.00   28.08216  -89.99882    0.00061    0.00060     3.4074     3.4306    21.0079    20.9768    36.7978    36.7929    25.8611    25.8660    1516.98    148.338    149.346         45 0.0000e+00
      60152   2506.312     90.374     91.000    21.0981    21.1007   5.131382   5.132091     2.3464     1.9757      89.14   28.08216  -89.99882    0.00069    0.00074     3.4057     3.4313    21.0805    21.0831    36.7988    36.8023    25.8419    25.8439    1516.98    148.267    149.383         41 0.0000e+00
