Gulf of Mexico/GOMECC-4/1db/urb2103_0661.cnv
* Sea-Bird SBE 9 Data File:
* FileName = C:\Users\scs.user.rb\CTD\GOMECC4\data\rb2103_0661.hex
* Software Version Seasave V 7.26.7.107
* Temperature SN = 4799
* Conductivity SN = 3860
* Number of Bytes Per Scan = 41
* Number of Voltage Words = 4
* Number of Scans Averaged by the Deck Unit = 1
* NMEA Latitude = 26 03.55 N
* NMEA Longitude = 096 04.91 W
* NMEA UTC (Time) = Oct 02 2021  23:29:35
* NMEA baud rate = 4800
# nquan = 28
# nvalues = 229                         
# units = specified
# name 0 = scan: Scan Count
# name 1 = timeS: Time, Elapsed [seconds]
# name 2 = depSM: Depth [salt water, m]
# name 3 = prDM: Pressure, Digiquartz [db]
# name 4 = t090C: Temperature [ITS-90, deg C]
# name 5 = t190C: Temperature, 2 [ITS-90, deg C]
# name 6 = c0S/m: Conductivity [S/m]
# name 7 = c1S/m: Conductivity, 2 [S/m]
# name 8 = sbeox0V: Oxygen raw, SBE 43 [V]
# name 9 = sbeox1V: Oxygen raw, SBE 43, 2 [V]
# name 10 = altM: Altimeter [m]
# name 11 = latitude: Latitude [deg]
# name 12 = longitude: Longitude [deg]
# name 13 = sbox0dV/dT: Oxygen, SBE 43 [dov/dt]
# name 14 = sbox1dV/dT: Oxygen, SBE 43, 2 [dov/dt]
# name 15 = sbeox0ML/L: Oxygen, SBE 43 [ml/l], WS = 5
# name 16 = sbeox1ML/L: Oxygen, SBE 43, 2 [ml/l], WS = 5
# name 17 = potemp090C: Potential Temperature [ITS-90, deg C]
# name 18 = potemp190C: Potential Temperature, 2 [ITS-90, deg C]
# name 19 = sal00: Salinity, Practical [PSU]
# name 20 = sal11: Salinity, Practical, 2 [PSU]
# name 21 = sigma-é00: Density [sigma-theta, kg/m^3]
# name 22 = sigma-é11: Density, 2 [sigma-theta, kg/m^3]
# name 23 = avgsvCM: Average Sound Velocity [Chen-Millero, m/s], minP = 20, minS = 20
# name 24 = sbox0Mm/Kg: Oxygen, SBE 43 [umol/kg], WS = 5
# name 25 = sbox1Mm/Kg: Oxygen, SBE 43, 2 [umol/kg], WS = 5
# name 26 = nbin: number of scans per bin
# name 27 = flag: flag
# span 0 =      51794,     110788       
# span 1 =   2158.057,   4616.123       
# span 2 =      1.987,    850.658       
# span 3 =      2.000,    858.000       
# span 4 =     5.7514,    29.3930       
# span 5 =     5.7516,    29.3927       
# span 6 =   3.444635,   5.827522       
# span 7 =   3.444621,   5.833318       
# span 8 =     1.6005,     3.3956       
# span 9 =     1.3040,     2.9033       
# span 10 =      11.06,     104.68      
# span 11 =   25.61548,   26.07056      
# span 12 =  -96.12009,  -94.44074      
# span 13 =   -0.00981,    0.02113      
# span 14 =   -0.01037,    0.02609      
# span 15 =     2.4806,     5.0694      
# span 16 =     2.4978,     5.0722      
# span 17 =     5.6755,    29.3925      
# span 18 =     5.6759,    29.3922      
# span 19 =    34.7507,    36.4470      
# span 20 =    34.7518,    36.4485      
# span 21 =    21.8482,    27.5270      
# span 22 =    21.8511,    27.5266      
# span 23 =    1475.21,    1501.43      
# span 24 =    107.857,    221.085      
# span 25 =    108.699,    221.270      
# span 26 =         30,         78      
# span 27 = 0.0000e+00, 0.0000e+00      
# interval = decibars: 1                
# start_time = Oct 02 2021 23:29:35 [NMEA time, header]
# bad_flag = -9.990e-29
*END*
[from data line 208]
      96235   4009.746     33.776     34.000    27.7554    27.9122   5.718378   5.732714     3.2905     2.8010      97.52   25.93410  -95.61591   -0.00249   -0.00414     4.7488     4.7285    27.7474    27.9042    35.7761    35.7756    23.0387    22.9855    1493.56    207.286    206.409         36 0.0000e+00
      96817   4034.006     32.783     33.000    28.0336    28.5642   5.758283   5.804882     3.3042     2.7765     100.38   26.06032  -96.08128    0.00069   -0.01037     4.7511     4.6347    28.0370    28.5563    35.9076    35.8399    23.0652    22.8433    1500.83    207.401    202.360         42 0.0000e+00
      96922   4038.376     31.789     32.000    28.3344    28.7303   5.784180   5.816763     3.2842     2.7550     100.00   26.06032  -96.08128   -0.00527   -0.00640     4.6912     4.5779    28.3275    28.7226    35.8694    35.7997    22.9407    22.7573    1500.83    204.811    199.899         56 0.0000e+00
      97026   4042.700     30.796     31.000    28.7358    28.9139   5.816821   5.833318     3.2507     2.7381      92.34   26.06032  -96.08128   -0.00834   -0.00687     4.5988     4.5309    28.7283    28.9064    35.7945    35.7739    22.7514    22.6761    1500.83    200.815    197.863         37 0.0000e+00
      97498   4062.357     29.803     30.000    29.1022    29.1056   5.827522   5.833165     3.1939     2.7056      98.66   26.06033  -96.08128   -0.00643   -0.00074     4.4552     4.4528    29.0949    29.0983    35.5948    35.6312    22.4789    22.5051    1500.83    194.597    194.487         49 0.0000e+00
      98320   4096.644     28.809     29.000    29.2239    29.2187   5.818840   5.818522     3.1412     2.6640      99.95   26.06035  -96.08128   -0.00091   -0.00048     4.3692     4.3650    29.2169    29.2116    35.4446    35.4462    22.3252    22.3282    1500.83    190.867    190.684         61 0.0000e+00
      98422   4100.877     27.816     28.000    29.2182    29.2082   5.818314   5.817849     3.1411     2.6628     100.00   26.06036  -96.08128    0.00038   -0.00035     4.3696     4.3627    29.2114    29.2014    35.4438    35.4497    22.3264    22.3342    1500.83    190.885    190.581         70 0.0000e+00
      98502   4104.188     26.823     27.000    29.2173    29.2177   5.816104   5.816322     3.1415     2.6628      86.49   26.06036  -96.08128    0.00023    0.00033     4.3699     4.3618    29.2107    29.2112    35.4314    35.4324    22.3173    22.3179    1500.83    190.900    190.545         65 0.0000e+00
      98564   4106.778     25.829     26.000    29.2081    29.2093   5.813262   5.814037     3.1384     2.6629     100.68   26.06036  -96.08127   -0.00088   -0.00072     4.3647     4.3623    29.2018    29.2030    35.4188    35.4232    22.3109    22.3138    1500.83    190.673    190.569         54 0.0000e+00
      98661   4110.823     24.836     25.000    29.2021    29.2019   5.811392   5.810985     3.1402     2.6622      87.20   26.06036  -96.08127   -0.00020   -0.00047     4.3681     4.3614    29.1960    29.1959    35.4108    35.4080    22.3068    22.3048    1500.83    190.824    190.531         41 0.0000e+00
      98752   4114.609     23.842     24.000    29.1936    29.1962   5.808601   5.809356     3.1409     2.6632     100.61   26.06036  -96.08126   -0.00026    0.00094     4.3699     4.3633    29.1878    29.1903    35.3981    35.4018    22.3000    22.3020    1500.83    190.904    190.616         37 0.0000e+00
      98847   4118.579     22.849     23.000    29.1855    29.1880   5.806580   5.807010     3.1404     2.6617     100.06   26.06036  -96.08126    0.00007    0.00013     4.3693     4.3607    29.1799    29.1824    35.3894    35.3915    22.2962    22.2969    1500.83    190.875    190.500         57 0.0000e+00
      98947   4122.751     21.856     22.000    29.1811    29.1836   5.805019   5.805618     3.1385     2.6587     100.00   26.06036  -96.08126   -0.00018   -0.00098     4.3658     4.3545    29.1757    29.1783    35.3832    35.3855    22.2929    22.2938    1500.83    190.725    190.233         53 0.0000e+00
      99042   4126.690     20.862     21.000    29.1819    29.1839   5.804590   5.805099     3.1404     2.6616     100.00   26.06038  -96.08126    0.00020   -0.00032     4.3685     4.3600    29.1768    29.1788    35.3800    35.3821    22.2902    22.2910    1500.83    190.846    190.473         31 0.0000e+00
     100181   4174.172     19.869     20.000    29.1839    29.1819   5.804444   5.804364     3.1405     2.6626     100.00   26.06039  -96.08125   -0.00003   -0.00030     4.3683     4.3616    29.1790    29.1770    35.3779    35.3790    22.2878    22.2894    1500.83    190.834    190.543         32 0.0000e+00
     101097   4212.350     16.889     17.000    29.1903    29.1950   5.805499   5.806101     3.1422     2.6642      76.56   26.06363  -96.09315   -0.00024   -0.00040     4.3694     4.3625    29.1862    29.1909    35.3834    35.3840    22.2902    22.2891    1501.02    190.885    190.580         36 0.0000e+00
     101215   4217.271     15.895     16.000    29.1898    29.1891   5.804622   5.804406     3.1417     2.6630     101.68   26.06040  -96.08124    0.00022   -0.00119     4.3680     4.3601    29.1859    29.1853    35.3759    35.3749    22.2840    22.2835    1500.83    190.823    190.477         49 0.0000e+00
     104087   4336.931      6.954      7.000    28.8066    28.8003   5.714448   5.713931     3.0920     2.6206      98.48   25.61548  -94.44074    0.00061    0.00037     4.2876     4.2798    28.8049    28.7986    34.7507    34.7518    21.8482    21.8511    1475.21    187.319    186.978         35 0.0000e+00
     106138   4422.391      5.961      6.000    29.3161    29.3055   5.814658   5.813694     3.1460     2.6663     100.00   26.06042  -96.08121    0.00001    0.00042     4.3612     4.3536    29.3146    29.3040    35.3547    35.3552    22.2248    22.2287    1500.83    190.538    190.202         44 0.0000e+00
     107292   4470.454      2.980      3.000    28.9050    28.8926   5.728833   5.727869     3.0993     2.6269      91.18   25.64950  -94.56614   -0.00002    0.00010     4.2924     4.2849    28.9043    28.8919    34.8003    34.8009    21.8591    21.8638    1477.16    187.532    187.207         41 0.0000e+00
     110788   4616.123      1.987      2.000    29.3930    29.3927   5.823472   5.823641     3.1516     2.6733      86.08   26.06046  -96.08122    0.00050    0.00094     4.3634     4.3590    29.3925    29.3922    35.3593    35.3608    22.2020    22.2032    1500.83    190.636    190.444         49 0.0000e+00
