Gulf of Mexico/GOMECC-4/1db/urb2103_0811.cnv
* Sea-Bird SBE 9 Data File:
* FileName = C:\Users\scs.user.rb\CTD\GOMECC4\data\rb2103_0811.hex
* Software Version Seasave V 7.26.7.107
* Temperature SN = 4799
* Conductivity SN = 3860
* Number of Bytes Per Scan = 41
* Number of Voltage Words = 4
* Number of Scans Averaged by the Deck Unit = 1
* NMEA Latitude = 22 16.45 N
* NMEA Longitude = 096 10.82 W
* NMEA UTC (Time) = Oct 06 2021  16:12:43
* NMEA baud rate = 4800
# nquan = 28
# nvalues = 693                         
# units = specified
# name 0 = scan: Scan Count
# name 1 = timeS: Time, Elapsed [seconds]
# name 2 = depSM: Depth [salt water, m]
# name 3 = prDM: Pressure, Digiquartz [db]
# name 4 = t090C: Temperature [ITS-90, deg C]
# name 5 = t190C: Temperature, 2 [ITS-90, deg C]
# name 6 = c0S/m: Conductivity [S/m]
# name 7 = c1S/m: Conductivity, 2 [S/m]
# name 8 = sbeox0V: Oxygen raw, SBE 43 [V]
# name 9 = sbeox1V: Oxygen raw, SBE 43, 2 [V]
# name 10 = altM: Altimeter [m]
# name 11 = latitude: Latitude [deg]
# name 12 = longitude: Longitude [deg]
# name 13 = sbox0dV/dT: Oxygen, SBE 43 [dov/dt]
# name 14 = sbox1dV/dT: Oxygen, SBE 43, 2 [dov/dt]
# name 15 = sbeox0ML/L: Oxygen, SBE 43 [ml/l], WS = 5
# name 16 = sbeox1ML/L: Oxygen, SBE 43, 2 [ml/l], WS = 5
# name 17 = potemp090C: Potential Temperature [ITS-90, deg C]
# name 18 = potemp190C: Potential Temperature, 2 [ITS-90, deg C]
# name 19 = sal00: Salinity, Practical [PSU]
# name 20 = sal11: Salinity, Practical, 2 [PSU]
# name 21 = sigma-é00: Density [sigma-theta, kg/m^3]
# name 22 = sigma-é11: Density, 2 [sigma-theta, kg/m^3]
# name 23 = avgsvCM: Average Sound Velocity [Chen-Millero, m/s], minP = 20, minS = 20
# name 24 = sbox0Mm/Kg: Oxygen, SBE 43 [umol/kg], WS = 5
# name 25 = sbox1Mm/Kg: Oxygen, SBE 43, 2 [umol/kg], WS = 5
# name 26 = nbin: number of scans per bin
# name 27 = flag: flag
# span 0 =      91763,     214282       
# span 1 =   3823.405,   8928.361       
# span 2 =      2.981,   2560.010       
# span 3 =      3.000,   2592.000       
# span 4 =     4.2617,    29.8079       
# span 5 =     4.2627,    29.9760       
# span 6 =   3.340664,   6.023251       
# span 7 =   3.340750,   6.023851       
# span 8 =     1.5775,     3.2692       
# span 9 =     1.2798,     2.7827       
# span 10 =      10.62,     103.72      
# span 11 =   22.26488,   22.76956      
# span 12 =  -98.31900,  -96.13954      
# span 13 =   -0.01244,    0.04935      
# span 14 =   -0.01363,    0.04464      
# span 15 =     2.4070,     4.8803      
# span 16 =     2.4228,     4.8826      
# span 17 =     4.0824,    29.8065      
# span 18 =     4.0834,    29.9745      
# span 19 =    34.9109,    36.5837      
# span 20 =    34.9097,    36.6833      
# span 21 =    22.6210,    27.7579      
# span 22 =    22.6209,    27.7567      
# span 23 =    1497.41,    1531.36      
# span 24 =    104.661,    212.779      
# span 25 =    105.350,    212.881      
# span 26 =         30,         73      
# span 27 = 0.0000e+00, 0.0000e+00      
# interval = decibars: 1                
# start_time = Oct 06 2021 16:12:43 [NMEA time, header]
# bad_flag = -9.990e-29
*END*
[from data line 208]
     120502   5020.857   1698.297   1716.000     4.2646     4.2654   3.351619   3.351585     1.9252     1.6019     100.00   22.27420  -96.18000    0.00009    0.00004     4.6612     4.6777     4.1210     4.1218    34.9715    34.9703    27.7508    27.7497    1498.04    202.549    203.268         35 0.0000e+00
     120637   5026.487   1693.369   1711.000     4.2647     4.2654   3.351440   3.351396     1.9259     1.6020     100.00   22.27433  -96.18054    0.00017    0.00002     4.6608     4.6752     4.1216     4.1223    34.9718    34.9705    27.7509    27.7499    1498.05    202.533    203.156         35 0.0000e+00
     120763   5031.765   1689.425   1707.000     4.2642     4.2650   3.351094   3.351061     1.9266     1.6029     100.00   22.27328  -96.17602    0.00017    0.00024     4.6612     4.6766     4.1214     4.1222    34.9701    34.9689    27.7496    27.7486    1497.98    202.549    203.216         32 0.0000e+00
     120867   5036.071   1688.440   1706.000     4.2641     4.2648   3.351160   3.351120     1.9267     1.6032     100.00   22.27421  -96.18000    0.00003    0.00005     4.6610     4.6772     4.1215     4.1221    34.9715    34.9703    27.7507    27.7497    1498.04    202.541    203.243         45 0.0000e+00
     120951   5039.584   1687.454   1705.000     4.2641     4.2648   3.351119   3.351084     1.9269     1.6032     100.00   22.27422  -96.18000    0.00004    0.00001     4.6609     4.6765     4.1216     4.1223    34.9715    34.9703    27.7507    27.7497    1498.04    202.537    203.212         49 0.0000e+00
     121132   5047.128   1685.483   1703.000     4.2641     4.2648   3.350922   3.350890     1.9268     1.6032      97.12   22.27340  -96.17648   -0.00003   -0.00003     4.6597     4.6752     4.1218     4.1225    34.9701    34.9690    27.7496    27.7486    1497.99    202.484    203.157         52 0.0000e+00
     121248   5051.941   1684.497   1702.000     4.2644     4.2652   3.351015   3.350986     1.9271     1.6033     100.00   22.27422  -96.18000    0.00007    0.00002     4.6601     4.6751     4.1221     4.1229    34.9715    34.9703    27.7506    27.7496    1498.04    202.498    203.153         40 0.0000e+00
     121332   5055.459   1683.511   1701.000     4.2646     4.2653   3.350990   3.350953     1.9274     1.6035     100.00   22.27422  -96.18000    0.00002    0.00003     4.6607     4.6752     4.1224     4.1232    34.9714    34.9702    27.7505    27.7495    1498.04    202.525    203.155         52 0.0000e+00
     121661   5069.183   1682.526   1700.000     4.2647     4.2654   3.350955   3.350924     1.9273     1.6038      97.83   22.27422  -96.17998    0.00001    0.00000     4.6596     4.6760     4.1226     4.1233    34.9714    34.9703    27.7505    27.7496    1498.04    202.478    203.193         47 0.0000e+00
     123286   5136.857   1681.540   1699.000     4.2651     4.2656   3.350943   3.350896     1.9281     1.6042      73.05   22.27424  -96.17996    0.00011   -0.00001     4.6620     4.6769     4.1231     4.1236    34.9713    34.9703    27.7504    27.7495    1498.04    202.584    203.231         51 0.0000e+00
     123469   5144.508   1680.554   1698.000     4.2650     4.2654   3.350895   3.350844     1.9281     1.6044     101.27   22.27424  -96.17996   -0.00001    0.00006     4.6614     4.6771     4.1231     4.1236    34.9713    34.9703    27.7504    27.7495    1498.04    202.559    203.239         31 0.0000e+00
     123543   5147.584   1678.583   1696.000     4.2645     4.2652   3.350840   3.350797     1.9282     1.6045     100.00   22.27467  -96.18182   -0.00003    0.00004     4.6607     4.6764     4.1228     4.1235    34.9722    34.9709    27.7511    27.7501    1498.07    202.528    203.208         34 0.0000e+00
     123675   5153.084   1674.640   1692.000     4.2647     4.2655   3.350663   3.350642     1.9288     1.6055     100.00   22.27451  -96.18114    0.00014    0.00027     4.6606     4.6780     4.1234     4.1242    34.9718    34.9707    27.7508    27.7499    1498.06    202.522    203.277         30 0.0000e+00
     123705   5154.314   1673.654   1691.000     4.2648     4.2655   3.350593   3.350539     1.9291     1.6056     100.00   22.27424  -96.17996    0.00010    0.00027     4.6610     4.6777     4.1236     4.1243    34.9713    34.9700    27.7503    27.7492    1498.04    202.538    203.268         31 0.0000e+00
     124555   5189.770   1641.120   1658.000     4.2650     4.2656   3.349330   3.349287     1.9340     1.6093      94.08   22.27486  -96.18262    0.00019    0.00031     4.6598     4.6733     4.1270     4.1276    34.9723    34.9711    27.7508    27.7498    1498.08    202.488    203.073         35 0.0000e+00
     124588   5191.117   1640.134   1657.000     4.2649     4.2656   3.349184   3.349150     1.9338     1.6094     100.32   22.27424  -96.17994    0.00017    0.00024     4.6585     4.6732     4.1270     4.1276    34.9711    34.9701    27.7498    27.7489    1498.04    202.429    203.071         33 0.0000e+00
     124708   5196.123   1635.204   1652.000     4.2650     4.2657   3.349006   3.348978     1.9344     1.6094     100.00   22.27441  -96.18067    0.00009    0.00001     4.6577     4.6700     4.1275     4.1282    34.9714    34.9704    27.7500    27.7491    1498.05    202.397    202.930         37 0.0000e+00
     124914   5204.718   1627.316   1644.000     4.2645     4.2652   3.348654   3.348621     1.9353     1.6116     100.00   22.27455  -96.18128    0.00010    0.00035     4.6566     4.6746     4.1278     4.1285    34.9717    34.9706    27.7502    27.7493    1498.06    202.347    203.131         30 0.0000e+00
     125245   5218.518   1614.497   1631.000     4.2643     4.2650   3.348066   3.348032     1.9372     1.6132      60.81   22.27432  -96.18027    0.00015    0.00008     4.6558     4.6732     4.1288     4.1295    34.9712    34.9701    27.7497    27.7488    1498.05    202.314    203.069         31 0.0000e+00
     125452   5227.136   1606.609   1623.000     4.2646     4.2653   3.347747   3.347710     1.9386     1.6142     100.00   22.27420  -96.17974    0.00019    0.00003     4.6564     4.6725     4.1298     4.1306    34.9711    34.9699    27.7495    27.7485    1498.04    202.338    203.039         30 0.0000e+00
     125603   5233.427   1600.692   1617.000     4.2645     4.2652   3.347511   3.347474     1.9393     1.6153     100.00   22.27437  -96.18050    0.00007    0.00030     4.6557     4.6734     4.1303     4.1310    34.9713    34.9701    27.7497    27.7486    1498.05    202.308    203.077         30 0.0000e+00
     125784   5240.943   1593.789   1610.000     4.2660     4.2666   3.347351   3.347303     1.9402     1.6154     100.00   22.27445  -96.18079    0.00016   -0.00001     4.6546     4.6696     4.1324     4.1330    34.9713    34.9701    27.7494    27.7484    1498.05    202.260    202.914         34 0.0000e+00
     126066   5252.713   1582.941   1599.000     4.2658     4.2664   3.346842   3.346807     1.9415     1.6167     100.00   22.27428  -96.18000    0.00020    0.00002     4.6528     4.6683     4.1333     4.1339    34.9709    34.9698    27.7490    27.7481    1498.04    202.182    202.858         33 0.0000e+00
     126192   5257.969   1578.010   1594.000     4.2656     4.2661   3.346490   3.346446     1.9421     1.6173     100.00   22.27333  -96.17592    0.00016    0.00007     4.6524     4.6679     4.1336     4.1341    34.9694    34.9683    27.7477    27.7468    1497.98    202.166    202.840         44 0.0000e+00
     126316   5263.131   1573.078   1589.000     4.2652     4.2657   3.346198   3.346154     1.9429     1.6178      99.99   22.27296  -96.17432    0.00014    0.00010     4.6526     4.6670     4.1336     4.1342    34.9688    34.9677    27.7472    27.7463    1497.95    202.174    202.802         44 0.0000e+00
     126447   5268.599   1568.147   1584.000     4.2656     4.2662   3.346133   3.346094     1.9438     1.6189     100.00   22.27380  -96.17793    0.00018    0.00022     4.6527     4.6682     4.1345     4.1351    34.9701    34.9689    27.7482    27.7472    1498.01    202.178    202.852         33 0.0000e+00
     126577   5274.004   1563.216   1579.000     4.2651     4.2657   3.345928   3.345892     1.9447     1.6204     100.00   22.27419  -96.17961    0.00017    0.00034     4.6529     4.6713     4.1345     4.1351    34.9706    34.9695    27.7486    27.7477    1498.04    202.189    202.987         30 0.0000e+00
     126705   5279.338   1558.284   1574.000     4.2651     4.2657   3.345748   3.345708     1.9456     1.6211     100.00   22.27437  -96.18039    0.00026    0.00015     4.6536     4.6711     4.1350     4.1356    34.9709    34.9698    27.7488    27.7479    1498.05    202.216    202.980         30 0.0000e+00
     127143   5297.563   1541.516   1557.000     4.2643     4.2650   3.344940   3.344915     1.9481     1.6228      94.60   22.27417  -96.17953    0.00023    0.00000     4.6528     4.6681     4.1358     4.1365    34.9706    34.9695    27.7485    27.7475    1498.03    202.184    202.850         35 0.0000e+00
     127269   5302.847   1536.583   1552.000     4.2660     4.2667   3.344914   3.344883     1.9485     1.6239     100.00   22.27440  -96.18052    0.00001    0.00026     4.6510     4.6693     4.1380     4.1386    34.9708    34.9698    27.7485    27.7476    1498.05    202.106    202.900         38 0.0000e+00
     127449   5310.341   1529.679   1545.000     4.2664     4.2670   3.344667   3.344631     1.9491     1.6240     100.00   22.27455  -96.18116    0.00003    0.00004     4.6490     4.6654     4.1390     4.1396    34.9710    34.9700    27.7485    27.7476    1498.06    202.017    202.733         30 0.0000e+00
     127479   5311.581   1528.692   1544.000     4.2664     4.2670   3.344586   3.344545     1.9491     1.6239     100.00   22.27426  -96.17989   -0.00001    0.00001     4.6486     4.6644     4.1391     4.1396    34.9705    34.9695    27.7481    27.7472    1498.04    201.999    202.687         31 0.0000e+00
     127602   5316.701   1523.759   1539.000     4.2663     4.2668   3.344347   3.344300     1.9500     1.6250      96.65   22.27414  -96.17938    0.00012    0.00033     4.6488     4.6659     4.1394     4.1399    34.9703    34.9692    27.7478    27.7470    1498.03    202.009    202.751         32 0.0000e+00
     127963   5331.741   1509.948   1525.000     4.2690     4.2697   3.344093   3.344048     1.9515     1.6264     100.00   22.27484  -96.18237    0.00003    0.00005     4.6457     4.6629     4.1435     4.1441    34.9713    34.9701    27.7482    27.7472    1498.08    201.876    202.622         32 0.0000e+00
     127993   5333.016   1508.961   1524.000     4.2690     4.2696   3.343953   3.343918     1.9514     1.6264     100.00   22.27428  -96.17990    0.00000    0.00000     4.6449     4.6622     4.1435     4.1441    34.9701    34.9691    27.7473    27.7464    1498.04    201.840    202.591         31 0.0000e+00
     128115   5338.073   1504.029   1519.000     4.2693     4.2700   3.343729   3.343693     1.9521     1.6265     100.00   22.27389  -96.17819    0.00014    0.00002     4.6443     4.6594     4.1443     4.1449    34.9695    34.9685    27.7467    27.7458    1498.01    201.817    202.471         35 0.0000e+00
     128241   5343.354   1499.095   1514.000     4.2705     4.2712   3.343673   3.343645     1.9525     1.6276     100.00   22.27426  -96.17988    0.00001    0.00022     4.6427     4.6608     4.1459     4.1467    34.9701    34.9690    27.7470    27.7461    1498.04    201.745    202.532         30 0.0000e+00
     128401   5349.995   1493.176   1508.000     4.2721     4.2727   3.343619   3.343585     1.9528     1.6277     100.00   22.27476  -96.18203    0.00008   -0.00002     4.6398     4.6574     4.1481     4.1487    34.9708    34.9697    27.7473    27.7464    1498.07    201.621    202.383         35 0.0000e+00
     128477   5353.180   1492.189   1507.000     4.2715     4.2722   3.343464   3.343432     1.9526     1.6283     100.00   22.27428  -96.17988   -0.00007    0.00022     4.6385     4.6595     4.1476     4.1482    34.9700    34.9690    27.7468    27.7459    1498.04    201.563    202.474         37 0.0000e+00
     128668   5361.146   1490.216   1505.000     4.2710     4.2717   3.343288   3.343261     1.9530     1.6287     100.00   22.27397  -96.17856    0.00000    0.00011     4.6393     4.6598     4.1473     4.1480    34.9695    34.9685    27.7464    27.7455    1498.02    201.596    202.487         52 0.0000e+00
     128760   5364.962   1489.229   1504.000     4.2718     4.2723   3.343351   3.343315     1.9536     1.6288     100.00   22.27426  -96.17988    0.00016    0.00008     4.6405     4.6594     4.1482     4.1487    34.9699    34.9689    27.7466    27.7458    1498.04    201.649    202.470         33 0.0000e+00
     129064   5377.641   1486.269   1501.000     4.2725     4.2730   3.343364   3.343331     1.9534     1.6287     100.00   22.27487  -96.18253   -0.00002   -0.00004     4.6378     4.6572     4.1491     4.1496    34.9708    34.9699    27.7473    27.7465    1498.08    201.531    202.374         35 0.0000e+00
     129682   5403.370   1485.282   1500.000     4.2732     4.2739   3.343312   3.343287     1.9533     1.6288      89.11   22.27426  -96.17991    0.00008    0.00005     4.6368     4.6567     4.1499     4.1506    34.9699    34.9689    27.7464    27.7456    1498.04    201.490    202.356         44 0.0000e+00
     130406   5433.550   1484.296   1499.000     4.2741     4.2748   3.343331   3.343316     1.9533     1.6286      98.43   22.27426  -96.17994    0.00014   -0.00004     4.6364     4.6554     4.1509     4.1516    34.9697    34.9688    27.7462    27.7454    1498.04    201.470    202.299         35 0.0000e+00
     130571   5440.415   1483.309   1498.000     4.2742     4.2748   3.343300   3.343281     1.9535     1.6287     100.00   22.27426  -96.17994    0.00011   -0.00001     4.6362     4.6550     4.1511     4.1517    34.9697    34.9688    27.7462    27.7454    1498.04    201.464    202.278         48 0.0000e+00
     130627   5442.747   1482.323   1497.000     4.2745     4.2751   3.343286   3.343266     1.9538     1.6283      86.54   22.27426  -96.17994    0.00011   -0.00003     4.6369     4.6531     4.1514     4.1521    34.9697    34.9688    27.7461    27.7453    1498.04    201.492    202.195         34 0.0000e+00
     130657   5444.017   1481.336   1496.000     4.2751     4.2757   3.343298   3.343271     1.9540     1.6287      99.96   22.27426  -96.17994    0.00010   -0.00004     4.6370     4.6539     4.1522     4.1527    34.9697    34.9688    27.7460    27.7452    1498.04    201.498    202.231         30 0.0000e+00
     130690   5445.361   1480.349   1495.000     4.2749     4.2757   3.343251   3.343225     1.9541     1.6288     100.00   22.27426  -96.17994    0.00013    0.00006     4.6365     4.6536     4.1521     4.1528    34.9698    34.9688    27.7461    27.7452    1498.04    201.476    202.221         36 0.0000e+00
     130727   5446.910   1479.363   1494.000     4.2751     4.2757   3.343210   3.343173     1.9542     1.6289     100.00   22.27426  -96.17994    0.00010    0.00014     4.6364     4.6534     4.1523     4.1529    34.9697    34.9686    27.7460    27.7451    1498.04    201.472    202.208         33 0.0000e+00
     130804   5450.121   1476.403   1491.000     4.2763     4.2770   3.343274   3.343249     1.9542     1.6292     100.00   22.27484  -96.18245    0.00004    0.00009     4.6345     4.6526     4.1538     4.1545    34.9707    34.9696    27.7466    27.7457    1498.08    201.390    202.177         30 0.0000e+00
