Gulf of Mexico/GOMECC-4/1db/urb2103_0831.cnv
* Sea-Bird SBE 9 Data File:
* FileName = C:\Users\scs.user.rb\CTD\GOMECC4\data\rb2103_0831.hex
* Software Version Seasave V 7.26.7.107
* Temperature SN = 4799
* Conductivity SN = 3860
* Number of Bytes Per Scan = 41
* Number of Voltage Words = 4
* Number of Scans Averaged by the Deck Unit = 1
* NMEA Latitude = 22 16.43 N
* NMEA Longitude = 095 00.01 W
* NMEA UTC (Time) = Oct 07 2021  05:34:53
* NMEA baud rate = 4800
# nquan = 28
# nvalues = 243                         
# units = specified
# name 0 = scan: Scan Count
# name 1 = timeS: Time, Elapsed [seconds]
# name 2 = depSM: Depth [salt water, m]
# name 3 = prDM: Pressure, Digiquartz [db]
# name 4 = t090C: Temperature [ITS-90, deg C]
# name 5 = t190C: Temperature, 2 [ITS-90, deg C]
# name 6 = c0S/m: Conductivity [S/m]
# name 7 = c1S/m: Conductivity, 2 [S/m]
# name 8 = sbeox0V: Oxygen raw, SBE 43 [V]
# name 9 = sbeox1V: Oxygen raw, SBE 43, 2 [V]
# name 10 = altM: Altimeter [m]
# name 11 = latitude: Latitude [deg]
# name 12 = longitude: Longitude [deg]
# name 13 = sbox0dV/dT: Oxygen, SBE 43 [dov/dt]
# name 14 = sbox1dV/dT: Oxygen, SBE 43, 2 [dov/dt]
# name 15 = sbeox0ML/L: Oxygen, SBE 43 [ml/l], WS = 5
# name 16 = sbeox1ML/L: Oxygen, SBE 43, 2 [ml/l], WS = 5
# name 17 = potemp090C: Potential Temperature [ITS-90, deg C]
# name 18 = potemp190C: Potential Temperature, 2 [ITS-90, deg C]
# name 19 = sal00: Salinity, Practical [PSU]
# name 20 = sal11: Salinity, Practical, 2 [PSU]
# name 21 = sigma-é00: Density [sigma-theta, kg/m^3]
# name 22 = sigma-é11: Density, 2 [sigma-theta, kg/m^3]
# name 23 = avgsvCM: Average Sound Velocity [Chen-Millero, m/s], minP = 20, minS = 20
# name 24 = sbox0Mm/Kg: Oxygen, SBE 43 [umol/kg], WS = 5
# name 25 = sbox1Mm/Kg: Oxygen, SBE 43, 2 [umol/kg], WS = 5
# name 26 = nbin: number of scans per bin
# name 27 = flag: flag
# span 0 =      99389,     223955       
# span 1 =   4141.157,   9331.436       
# span 2 =      5.962,   3393.846       
# span 3 =      6.000,   3443.000       
# span 4 =     4.2775,    29.9240       
# span 5 =     4.2788,    29.9259       
# span 6 =   3.344483,   6.040049       
# span 7 =   3.344436,   6.040675       
# span 8 =     1.5660,     3.3480       
# span 9 =     1.2688,     2.8490       
# span 10 =      11.54,     101.46      
# span 11 =   22.14392,   22.55830      
# span 12 =  -96.21375,  -94.44632      
# span 13 =   -0.02612,    0.02682      
# span 14 =   -0.02595,    0.02430      
# span 15 =     2.3891,     4.9115      
# span 16 =     2.4041,     4.8986      
# span 17 =     4.0778,    29.9205      
# span 18 =     4.0791,    29.9224      
# span 19 =    34.9121,    36.6679      
# span 20 =    34.9120,    36.6687      
# span 21 =    22.6533,    27.7593      
# span 22 =    22.6689,    27.7578      
# span 23 =    1495.20,    1523.18      
# span 24 =    103.882,    214.241      
# span 25 =    104.538,    213.682      
# span 26 =         30,         71      
# span 27 = 0.0000e+00, 0.0000e+00      
# interval = decibars: 1                
# start_time = Oct 07 2021 05:34:53 [NMEA time, header]
# bad_flag = -9.990e-29
*END*
[from data line 208]
     212220   8842.468     61.603     62.000    23.5766    23.5061   5.327775   5.320126     3.1265     2.6607     100.00   22.27390  -95.00062    0.00297    0.00144     4.8054     4.7968    23.5637    23.4933    36.2703    36.2689    24.7327    24.7522    1503.98    209.429    209.049         50 0.0000e+00
     212262   8844.207     60.610     61.000    23.6842    23.6181   5.339902   5.332661     3.1344     2.6697     100.00   22.27390  -95.00062    0.00469    0.00390     4.8111     4.8065    23.6714    23.6053    36.2754    36.2742    24.7048    24.7233    1503.98    209.684    209.481         37 0.0000e+00
     212312   8846.308     59.616     60.000    23.7289    23.6904   5.345462   5.341050     3.1388     2.6766     100.00   22.27390  -95.00062    0.00343    0.00452     4.8150     4.8150    23.7163    23.6778    36.2817    36.2795    24.6963    24.7060    1503.98    209.854    209.855         64 0.0000e+00
     212370   8848.719     58.623     59.000    23.7778    23.7472   5.350560   5.347297     3.1431     2.6807     100.00   22.27390  -95.00062    0.00144    0.00169     4.8189     4.8187    23.7654    23.7348    36.2810    36.2812    24.6812    24.6904    1503.98    210.027    210.016         49 0.0000e+00
     212417   8850.647     57.630     58.000    23.8801    23.8061   5.362100   5.353543     3.1557     2.6886     100.00   22.27390  -95.00062    0.00374    0.00269     4.8335     4.8303    23.8710    23.7939    36.2833    36.2810    24.6517    24.6728    1503.98    210.669    210.528         46 0.0000e+00
     212466   8852.724     56.636     57.000    24.0391    23.9037   5.378387   5.363804     3.1734     2.7026     100.00   22.27391  -95.00062    0.00758    0.00566     4.8541     4.8523    24.0270    23.8917    36.2804    36.2798    24.6030    24.6429    1503.98    211.578    211.494         53 0.0000e+00
     212520   8854.968     55.642     56.000    24.1677    24.0670   5.392544   5.380738     3.1896     2.7138      96.49   22.27392  -95.00062    0.00824    0.00577     4.8738     4.8618    24.1558    24.0551    36.2835    36.2759    24.5670    24.5912    1503.98    212.447    211.919         51 0.0000e+00
     212567   8856.898     54.649     55.000    24.3985    24.2085   5.417811   5.398562     3.2136     2.7277      99.17   22.27390  -95.00062    0.00878    0.00554     4.8996     4.8797    24.3867    24.1968    36.2875    36.2963    24.5007    24.5643    1503.98    213.583    212.704         42 0.0000e+00
     214544   8939.307     48.688     49.000    26.6090    26.6810   5.660427   5.670920     3.3249     2.8343      99.82   22.30001  -95.11197    0.00227    0.00104     4.9115     4.8986    26.5865    26.6698    36.3381    36.3554    23.8618    23.8504    1505.74    214.241    213.682         61 0.0000e+00
     214363   8931.733     47.695     48.000    26.7223    26.7100   5.673189   5.672092     3.3245     2.8288      81.61   22.27392  -95.00068    0.00043   -0.00168     4.9006     4.8805    26.7113    26.6990    36.3132    36.3168    23.7996    23.8068    1503.98    213.775    212.896         67 0.0000e+00
     214431   8934.565     46.701     47.000    27.4683    27.1390   5.753302   5.718502     3.3480     2.8388     100.41   22.27392  -95.00068    0.00610    0.00306     4.8792     4.8686    27.4573    27.1281    36.3126    36.3205    23.5588    23.6715    1503.98    212.891    212.404         63 0.0000e+00
     214487   8936.936     45.708     46.000    28.5114    27.7537   5.861951   5.787622     3.3437     2.8490      69.05   22.27392  -95.00068    0.01010    0.00478     4.7826     4.8355    28.5004    27.7429    36.2746    36.3305    23.1882    23.4797    1503.98    208.749    211.001         53 0.0000e+00
     214542   8939.206     44.714     45.000    28.9229    28.4766   5.908656   5.863377     3.2708     2.8124      99.42   22.27392  -95.00068   -0.02394   -0.00706     4.6152     4.7064    28.9120    28.4659    36.2858    36.3114    23.0593    23.2271    1503.98    201.469    205.415         59 0.0000e+00
     214605   8941.846     43.720     44.000    29.3149    29.1057   5.944469   5.923236     3.2076     2.7398     100.00   22.27392  -95.00068   -0.02612   -0.02595     4.4709     4.5102    29.2987    29.0950    36.2402    36.2496    22.8950    22.9713    1503.98    195.198    196.906         63 0.0000e+00
     214662   8944.188     42.727     43.000    29.4521    29.3038   5.957865   5.945717     3.1691     2.6974     100.00   22.27392  -95.00068   -0.01973   -0.02212     4.3896     4.4133    29.4438    29.2933    36.2252    36.2534    22.8346    22.9068    1503.98    191.665    192.684         53 0.0000e+00
     214719   8946.596     41.733     42.000    29.5198    29.4187   5.962704   5.955235     3.1439     2.6692     100.00   22.27392  -95.00068   -0.01184   -0.01376     4.3399     4.3488    29.5095    29.4084    36.2074    36.2323    22.7990    22.8520    1503.98    189.500    189.878         63 0.0000e+00
     214781   8949.167     40.740     41.000    29.5306    29.5045   5.963701   5.961143     3.1356     2.6546     100.00   22.27392  -95.00068   -0.00600   -0.00741     4.3238     4.3136    29.5205    29.4945    36.2070    36.2084    22.7950    22.8049    1503.98    188.798    188.352         55 0.0000e+00
     214836   8951.473     39.746     40.000    29.5414    29.5241   5.964647   5.963018     3.1356     2.6511     100.00   22.27392  -95.00068   -0.00082   -0.00284     4.3230     4.3046    29.5315    29.5143    36.2052    36.2081    22.7899    22.7979    1503.98    188.764    187.959         62 0.0000e+00
     214897   8953.989     38.753     39.000    29.5386    29.5287   5.963972   5.963130     3.1331     2.6505     100.00   22.27392  -95.00068   -0.00082   -0.00063     4.3181     4.3024    29.5289    29.5191    36.2043    36.2048    22.7901    22.7938    1503.98    188.547    187.862         46 0.0000e+00
     216485   9020.156     31.798     32.000    29.5049    29.5044   5.955872   5.955958     3.1366     2.6518      78.78   22.23765  -94.84613    0.00066    0.00040     4.3217     4.3012    29.4970    29.4965    36.1462    36.1466    22.7482    22.7486    1501.53    188.707    187.814         54 0.0000e+00
     216949   9039.518     30.804     31.000    29.5487    29.5507   5.965161   5.965376     3.1394     2.6556      67.54   22.27390  -95.00072   -0.00016    0.00006     4.3243     4.3074    29.5411    29.5431    36.2055    36.2056    22.7869    22.7863    1503.98    188.819    188.081         46 0.0000e+00
     215968   8998.617     28.817     29.000    29.4024    29.3984   5.933051   5.933272     3.1243     2.6414      99.48   22.15473  -94.49244    0.00051   -0.00048     4.3050     4.2833    29.3953    29.3913    36.0263    36.0192    22.6741    22.6689    1495.93    187.977    187.031         47 0.0000e+00
     217248   9051.977     27.823     28.000    29.5472    29.5500   5.964800   5.965144     3.1407     2.6593     100.00   22.27390  -95.00072    0.00025    0.00097     4.3252     4.3131    29.5403    29.5431    36.2052    36.2055    22.7869    22.7862    1503.98    188.860    188.333         45 0.0000e+00
     216162   9006.721     25.836     26.000    29.3762    29.5046   5.930072   5.930024     3.1235     2.6407      99.42   22.14392  -94.44632    0.00010    0.00006     4.3010     4.2810    29.3698    29.4981    35.9940    36.1528    22.6533    22.7537    1495.20    187.801    186.931         36 0.0000e+00
     217554   9064.701     24.842     25.000    29.5485    29.5487   5.964750   5.964909     3.1432     2.6574      88.45   22.27390  -95.00072    0.00006    0.00053     4.3281     4.3079    29.5423    29.5426    36.2048    36.2059    22.7859    22.7867    1503.98    188.985    188.103         37 0.0000e+00
     220806   9200.218     19.874     20.000    29.7751    29.7772   6.010546   6.010806     3.1704     2.6805     100.76   22.44375  -95.72516    0.00058    0.00160     4.3639     4.3435    29.7701    29.7723    36.4836    36.4835    22.9609    22.9601    1515.45    190.549    189.659         48 0.0000e+00
     221438   9226.541     16.893     17.000    29.8124    29.8132   6.017855   6.017966     3.1739     2.6809      96.59   22.47075  -95.84031   -0.00069    0.00002     4.3670     4.3430    29.8082    29.8090    36.5278    36.5272    22.9879    22.9872    1517.27    190.686    189.637         35 0.0000e+00
     219606   9150.214     15.899     16.000    29.5515    29.5513   5.965065   5.965067     3.1470     2.6636      93.88   22.27391  -95.00074    0.00031    0.00028     4.3299     4.3154    29.5475    29.5474    36.2074    36.2071    22.7861    22.7859    1503.98    189.065    188.433         34 0.0000e+00
     223955   9331.436     13.912     14.000    29.9240    29.9259   6.040049   6.040675     3.1856     2.6946     101.28   22.55830  -96.21375   -0.00038   -0.00017     4.3815     4.3636    29.9205    29.9224    36.6679    36.6687    23.0771    23.0771    1523.18    191.319    190.535         30 0.0000e+00
     221614   9233.883     10.931     11.000    29.5584    29.5563   5.966551   5.966363     3.1487     2.6647     100.04   22.28385  -95.04321   -0.00033    0.00011     4.3303     4.3151    29.5557    29.5536    36.2217    36.2220    22.7966    22.7975    1504.65    189.081    188.419         33 0.0000e+00
     221644   9235.121      9.937     10.000    29.5454    29.5474   5.963836   5.964105     3.1463     2.6633     100.00   22.27390  -95.00076   -0.00041    0.00113     4.3261     4.3121    29.5429    29.5450    36.2053    36.2056    22.7861    22.7856    1503.98    188.900    188.287         50 0.0000e+00
     221763   9240.081      8.943      9.000    29.5455    29.5468   5.963797   5.963975     3.1472     2.6658      97.23   22.27390  -95.00076   -0.00008    0.00042     4.3271     4.3166    29.5433    29.5446    36.2053    36.2055    22.7859    22.7857    1503.98    188.941    188.483         47 0.0000e+00
     221881   9245.019      7.950      8.000    29.5464    29.5468   5.963857   5.963937     3.1473     2.6599      96.69   22.27390  -95.00077    0.00024   -0.00192     4.3266     4.3043    29.5444    29.5448    36.2052    36.2055    22.7856    22.7856    1503.98    188.923    187.946         37 0.0000e+00
     222003   9250.097      6.956      7.000    29.5462    29.5478   5.963793   5.964016     3.1497     2.6638      99.62   22.27390  -95.00078    0.00031   -0.00023     4.3305     4.3114    29.5445    29.5461    36.2053    36.2056    22.7856    22.7853    1503.98    189.091    188.259         30 0.0000e+00
     222126   9255.194      5.962      6.000    29.5456    29.5469   5.963683   5.963852     3.1510     2.6623      85.69   22.27390  -95.00078    0.00008   -0.00080     4.3323     4.3080    29.5441    29.5454    36.2053    36.2054    22.7857    22.7853    1503.98    189.170    188.109         36 0.0000e+00
