Gulf of Mexico/GOMECC-4/1db/urb2103_1411.cnv
* Sea-Bird SBE 9 Data File:
* FileName = C:\Users\scs.user.rb\CTD\GOMECC4\data\rb2103_1411.hex
* Software Version Seasave V 7.26.7.107
* Temperature SN = 4799
* Conductivity SN = 3860
* Number of Bytes Per Scan = 41
* Number of Voltage Words = 4
* Number of Scans Averaged by the Deck Unit = 1
* NMEA Latitude = 25 34.46 N
* NMEA Longitude = 084 50.56 W
* NMEA UTC (Time) = Oct 20 2021  15:46:56
* NMEA baud rate = 4800
# nquan = 28
# nvalues = 951                         
# units = specified
# name 0 = scan: Scan Count
# name 1 = timeS: Time, Elapsed [seconds]
# name 2 = depSM: Depth [salt water, m]
# name 3 = prDM: Pressure, Digiquartz [db]
# name 4 = t090C: Temperature [ITS-90, deg C]
# name 5 = t190C: Temperature, 2 [ITS-90, deg C]
# name 6 = c0S/m: Conductivity [S/m]
# name 7 = c1S/m: Conductivity, 2 [S/m]
# name 8 = sbeox0V: Oxygen raw, SBE 43 [V]
# name 9 = sbeox1V: Oxygen raw, SBE 43, 2 [V]
# name 10 = altM: Altimeter [m]
# name 11 = latitude: Latitude [deg]
# name 12 = longitude: Longitude [deg]
# name 13 = sbox0dV/dT: Oxygen, SBE 43 [dov/dt]
# name 14 = sbox1dV/dT: Oxygen, SBE 43, 2 [dov/dt]
# name 15 = sbeox0ML/L: Oxygen, SBE 43 [ml/l], WS = 5
# name 16 = sbeox1ML/L: Oxygen, SBE 43, 2 [ml/l], WS = 5
# name 17 = potemp090C: Potential Temperature [ITS-90, deg C]
# name 18 = potemp190C: Potential Temperature, 2 [ITS-90, deg C]
# name 19 = sal00: Salinity, Practical [PSU]
# name 20 = sal11: Salinity, Practical, 2 [PSU]
# name 21 = sigma-é00: Density [sigma-theta, kg/m^3]
# name 22 = sigma-é11: Density, 2 [sigma-theta, kg/m^3]
# name 23 = avgsvCM: Average Sound Velocity [Chen-Millero, m/s], minP = 20, minS = 20
# name 24 = sbox0Mm/Kg: Oxygen, SBE 43 [umol/kg], WS = 5
# name 25 = sbox1Mm/Kg: Oxygen, SBE 43, 2 [umol/kg], WS = 5
# name 26 = nbin: number of scans per bin
# name 27 = flag: flag
# span 0 =     111573,     264710       
# span 1 =   4648.849,  11029.536       
# span 2 =      1.987,   3325.605       
# span 3 =      2.000,   3374.000       
# span 4 =     4.3114,    28.5287       
# span 5 =     4.3130,    28.5438       
# span 6 =   3.349427,   5.850864       
# span 7 =   3.349362,   5.852043       
# span 8 =     1.6093,     3.1811       
# span 9 =     1.3061,     2.6957       
# span 10 =       2.02,     103.88      
# span 11 =   25.53453,   25.67780      
# span 12 =  -85.18789,  -84.71259      
# span 13 =   -0.01191,    0.01915      
# span 14 =   -0.01247,    0.01703      
# span 15 =     2.5148,     4.6786      
# span 16 =     2.5187,     4.6638      
# span 17 =     4.0816,    28.5206      
# span 18 =     4.0831,    28.5356      
# span 19 =    34.9003,    36.7076      
# span 20 =    34.8985,    36.7035      
# span 21 =    22.8855,    27.7599      
# span 22 =    22.8849,    27.7582      
# span 23 =    1501.33,    1509.75      
# span 24 =    109.380,    203.302      
# span 25 =    109.548,    202.660      
# span 26 =         30,         66      
# span 27 = 0.0000e+00, 0.0000e+00      
# interval = decibars: 1                
# start_time = Oct 20 2021 15:46:56 [NMEA time, header]
# bad_flag = -9.990e-29
*END*
[from data line 933]
     253543  10564.260     21.856     22.000    27.8544    27.8585   5.695234   5.695543     3.1239     2.6443     100.00   25.57417  -84.84406    0.00079   -0.00029     4.4367     4.4162    27.8493    27.8533    35.6121    35.6112    22.9043    22.9023    1503.66    193.706    192.810         48 0.0000e+00
     254628  10609.460     18.876     19.000    27.9032    27.9527   5.712656   5.713410     3.1342     2.6494     100.18   25.65069  -85.09791    0.00047   -0.00017     4.4429     4.4213    27.8988    27.9482    35.6636    35.7163    22.9347    22.9660    1508.16    193.979    193.037         44 0.0000e+00
     253964  10581.775     17.883     18.000    27.8679    27.8766   5.696172   5.697021     3.1233     2.6441     100.00   25.57416  -84.84404    0.00065    0.00109     4.4324     4.4124    27.8637    27.8724    35.6098    35.6091    22.8979    22.8946    1503.66    193.520    192.647         36 0.0000e+00
     254097  10587.315     16.889     17.000    27.8767    27.8832   5.696996   5.697675     3.1245     2.6442     100.00   25.57416  -84.84406    0.00016   -0.00048     4.4334     4.4116    27.8727    27.8792    35.6092    35.6091    22.8945    22.8923    1503.66    193.564    192.612         31 0.0000e+00
     254180  10590.810     15.896     16.000    27.8772    27.8836   5.697001   5.697679     3.1247     2.6448     100.00   25.57416  -84.84406    0.00022    0.00146     4.4334     4.4123    27.8735    27.8798    35.6091    35.6092    22.8942    22.8921    1503.66    193.562    192.645         34 0.0000e+00
     254747  10614.413     14.902     15.000    27.8874    27.8922   5.698095   5.698609     3.1248     2.6455     100.00   25.57416  -84.84407    0.00001    0.00054     4.4322     4.4124    27.8839    27.8886    35.6094    35.6095    22.8910    22.8895    1503.66    193.511    192.649         46 0.0000e+00
     256881  10703.321     13.909     14.000    27.8877    27.8904   5.697973   5.698279     3.1266     2.6470     100.00   25.57416  -84.84408    0.00014    0.00099     4.4350     4.4153    27.8844    27.8872    35.6087    35.6087    22.8903    22.8894    1503.66    193.634    192.773         41 0.0000e+00
     258243  10760.102     11.922     12.000    28.0018    28.0074   5.721106   5.721735     3.1384     2.6521      76.32   25.67780  -85.18789   -0.00006   -0.00146     4.4500     4.4201    27.9990    28.0045    35.7530    35.7533    22.9826    22.9809    1509.75    194.290    192.985         44 0.0000e+00
     257355  10723.104     10.929     11.000    27.8932    27.8976   5.698476   5.699007     3.1273     2.6457     100.81   25.57416  -84.84406    0.00042    0.00189     4.4342     4.4104    27.8906    27.8950    35.6089    35.6094    22.8884    22.8873    1503.66    193.601    192.562         34 0.0000e+00
     257407  10725.271      9.935     10.000    27.8912    27.8959   5.698229   5.698758     3.1270     2.6457     100.00   25.57416  -84.84406   -0.00040    0.00056     4.4333     4.4100    27.8889    27.8935    35.6090    35.6092    22.8891    22.8877    1503.66    193.559    192.542         32 0.0000e+00
     257560  10731.612      8.942      9.000    27.8942    27.8962   5.698512   5.698743     3.1297     2.6469     100.00   25.57416  -84.84406    0.00004    0.00033     4.4375     4.4120    27.8921    27.8941    35.6090    35.6092    22.8881    22.8875    1503.66    193.745    192.631         43 0.0000e+00
     257775  10740.586      7.948      8.000    27.8953    27.8982   5.698590   5.698925     3.1294     2.6468      67.26   25.57416  -84.84406    0.00051    0.00034     4.4363     4.4108    27.8934    27.8963    35.6091    35.6092    22.8876    22.8868    1503.66    193.694    192.581         33 0.0000e+00
     257986  10749.384      6.954      7.000    27.8949    27.8961   5.698521   5.698653     3.1282     2.6467      76.94   25.57416  -84.84406    0.00005   -0.00032     4.4336     4.4104    27.8933    27.8944    35.6092    35.6092    22.8877    22.8874    1503.66    193.573    192.560         55 0.0000e+00
     258144  10755.940      5.961      6.000    27.8953    27.8992   5.698521   5.698957     3.1297     2.6477      99.78   25.57416  -84.84406    0.00007    0.00002     4.4358     4.4118    27.8939    27.8978    35.6091    35.6093    22.8875    22.8864    1503.66    193.668    192.620         47 0.0000e+00
     258337  10764.005      4.970      5.000    27.9005    27.9044   5.699097   5.699544     3.1294     2.6454     100.00   25.57416  -84.84405    0.00002    0.00036     4.4342     4.4061    27.8993    27.9033    35.6096    35.6098    22.8861    22.8849    1503.66    193.602    192.374         37 0.0000e+00
     258718  10779.861      3.974      4.000    27.9030    27.9041   5.699370   5.699508     3.1297     2.6450      88.53   25.57416  -84.84404   -0.00025   -0.00003     4.4341     4.4047    27.9020    27.9032    35.6100    35.6101    22.8855    22.8852    1503.66    193.595    192.313         56 0.0000e+00
     261302  10887.562      2.980      3.000    27.9020    27.9043   5.699248   5.699496     3.1305     2.6497      40.19   25.57413  -84.84403   -0.00001    0.00051     4.4350     4.4138    27.9013    27.9036    35.6101    35.6101    22.8859    22.8851    1503.66    193.636    192.710         33 0.0000e+00
     264710  11029.536      1.987      2.000    27.8980    27.8998   5.698738   5.698821     3.1295     2.6513      63.45   25.57406  -84.84396   -0.00055    0.00113     4.4330     4.4170    27.8976    27.8993    35.6099    35.6095    22.8869    22.8861    1503.66    193.547    192.849         43 0.0000e+00
