Gulf of Mexico/GOMECC-4/1db/urb2103_0231.cnv
* Sea-Bird SBE 9 Data File:
* FileName = C:\Users\scs.user.rb\CTD\GOMECC4\data\rb2103_0231.hex
* Software Version Seasave V 7.26.7.107
* Temperature SN = 4799
* Conductivity SN = 3860
* Number of Bytes Per Scan = 41
* Number of Voltage Words = 4
* Number of Scans Averaged by the Deck Unit = 1
* NMEA Latitude = 28 51.94 N
* NMEA Longitude = 085 55.30 W
* NMEA UTC (Time) = Sep 21 2021  03:02:09
* NMEA baud rate = 4800
# nquan = 28
# nvalues = 119                         
# units = specified
# name 0 = scan: Scan Count
# name 1 = timeS: Time, Elapsed [seconds]
# name 2 = depSM: Depth [salt water, m]
# name 3 = prDM: Pressure, Digiquartz [db]
# name 4 = t090C: Temperature [ITS-90, deg C]
# name 5 = t190C: Temperature, 2 [ITS-90, deg C]
# name 6 = c0S/m: Conductivity [S/m]
# name 7 = c1S/m: Conductivity, 2 [S/m]
# name 8 = sbeox0V: Oxygen raw, SBE 43 [V]
# name 9 = sbeox1V: Oxygen raw, SBE 43, 2 [V]
# name 10 = altM: Altimeter [m]
# name 11 = latitude: Latitude [deg]
# name 12 = longitude: Longitude [deg]
# name 13 = sbox0dV/dT: Oxygen, SBE 43 [dov/dt]
# name 14 = sbox1dV/dT: Oxygen, SBE 43, 2 [dov/dt]
# name 15 = sbeox0ML/L: Oxygen, SBE 43 [ml/l], WS = 5
# name 16 = sbeox1ML/L: Oxygen, SBE 43, 2 [ml/l], WS = 5
# name 17 = potemp090C: Potential Temperature [ITS-90, deg C]
# name 18 = potemp190C: Potential Temperature, 2 [ITS-90, deg C]
# name 19 = sal00: Salinity, Practical [PSU]
# name 20 = sal11: Salinity, Practical, 2 [PSU]
# name 21 = sigma-é00: Density [sigma-theta, kg/m^3]
# name 22 = sigma-é11: Density, 2 [sigma-theta, kg/m^3]
# name 23 = avgsvCM: Average Sound Velocity [Chen-Millero, m/s], minP = 20, minS = 20
# name 24 = sbox0Mm/Kg: Oxygen, SBE 43 [umol/kg], WS = 5
# name 25 = sbox1Mm/Kg: Oxygen, SBE 43, 2 [umol/kg], WS = 5
# name 26 = nbin: number of scans per bin
# name 27 = flag: flag
# span 0 =      35815,      67767       
# span 1 =   1492.253,   2823.570       
# span 2 =      1.986,    244.202       
# span 3 =      2.000,    246.000       
# span 4 =    12.2046,    28.9328       
# span 5 =    12.2070,    28.9534       
# span 6 =   4.084308,   5.773672       
# span 7 =   4.084531,   5.773718       
# span 8 =     1.6778,     3.1373       
# span 9 =     1.3776,     2.6662       
# span 10 =      12.22,     100.68      
# span 11 =   28.85714,   29.05426      
# span 12 =  -86.50484,  -85.91733      
# span 13 =   -0.00831,    0.01900      
# span 14 =   -0.01129,    0.01817      
# span 15 =     2.4873,     4.4233      
# span 16 =     2.5227,     4.4282      
# span 17 =    12.1726,    28.9244      
# span 18 =    12.1751,    28.9449      
# span 19 =    34.6766,    36.5563      
# span 20 =    34.6777,    36.5587      
# span 21 =    21.9983,    26.9632      
# span 22 =    21.9987,    26.9628      
# span 23 =    1521.09,    1531.50      
# span 24 =    108.167,    193.292      
# span 25 =    109.705,    193.508      
# span 26 =         30,         70      
# span 27 = 0.0000e+00, 0.0000e+00      
# interval = decibars: 1                
# start_time = Sep 21 2021 03:02:09 [NMEA time, header]
# bad_flag = -9.990e-29
*END*
      35815   1492.253    244.202    246.000    12.2061    12.2124   4.084632   4.085187     1.6778     1.3776      12.22   28.86010  -85.92550    0.00030    0.00005     2.4873     2.5227    12.1734    12.1797    35.5232    35.5230    26.9621    26.9607    1521.23    108.167    109.705         47 0.0000e+00
      35864   1494.304    243.210    245.000    12.2052    12.2190   4.084464   4.085850     1.6789     1.3781      13.17   28.86010  -85.92549    0.00040    0.00029     2.4899     2.5236    12.1726    12.1864    35.5232    35.5231    26.9623    26.9596    1521.23    108.278    109.745         51 0.0000e+00
      35915   1496.413    242.218    244.000    12.2057    12.2230   4.084450   4.086297     1.6796     1.3789      14.17   28.86010  -85.92548    0.00048    0.00025     2.4914     2.5252    12.1733    12.1905    35.5230    35.5246    26.9620    26.9599    1521.23    108.345    109.816         45 0.0000e+00
      35956   1498.138    241.226    243.000    12.2090    12.2211   4.084874   4.086132     1.6800     1.3808      15.10   28.86009  -85.92548    0.00031    0.00069     2.4920     2.5304    12.1767    12.1888    35.5237    35.5251    26.9619    26.9606    1521.23    108.369    110.040         39 0.0000e+00
      35991   1499.567    240.234    242.000    12.2066    12.2111   4.084589   4.085056     1.6802     1.3812      15.97   28.86008  -85.92548    0.00019    0.00078     2.4922     2.5317    12.1745    12.1790    35.5243    35.5246    26.9628    26.9622    1521.23    108.377    110.098         33 0.0000e+00
      36025   1500.999    239.242    241.000    12.2053    12.2074   4.084408   4.084626     1.6814     1.3824      16.99   28.86008  -85.92548    0.00034    0.00057     2.4950     2.5350    12.1733    12.1753    35.5243    35.5244    26.9630    26.9627    1521.23    108.502    110.241         36 0.0000e+00
      36063   1502.602    238.249    240.000    12.2046    12.2070   4.084308   4.084531     1.6827     1.3839      18.06   28.86008  -85.92548    0.00074    0.00081     2.4981     2.5389    12.1727    12.1751    35.5244    35.5243    26.9632    26.9627    1521.23    108.637    110.409         38 0.0000e+00
      36099   1504.070    237.258    239.000    12.2057    12.2081   4.084377   4.084619     1.6835     1.3837      19.00   28.86008  -85.92548    0.00073    0.00067     2.4999     2.5379    12.1739    12.1763    35.5245    35.5246    26.9631    26.9626    1521.23    108.713    110.368         34 0.0000e+00
      36132   1505.456    236.266    238.000    12.2067    12.2089   4.084468   4.084677     1.6841     1.3837      19.99   28.86008  -85.92548    0.00055    0.00007     2.5009     2.5376    12.1751    12.1773    35.5248    35.5248    26.9630    26.9626    1521.23    108.759    110.356         31 0.0000e+00
      36162   1506.690    235.273    237.000    12.2076    12.2092   4.084540   4.084691     1.6851     1.3844      20.88   28.86008  -85.92548    0.00055    0.00005     2.5031     2.5391    12.1761    12.1777    35.5252    35.5251    26.9631    26.9628    1521.23    108.855    110.420         30 0.0000e+00
      36219   1509.101    233.289    235.000    12.2105    12.2130   4.084792   4.085048     1.6864     1.3864      22.91   28.86001  -85.92529    0.00064    0.00066     2.5057     2.5440    12.1793    12.1818    35.5256    35.5258    26.9629    26.9625    1521.23    108.965    110.633         30 0.0000e+00
      36701   1529.174    214.437    216.000    12.9215    12.9329   4.165567   4.166681     1.7467     1.4408      41.72   28.85942  -85.92352    0.00626    0.00484     2.6107     2.6467    12.8917    12.9031    35.6410    35.6409    26.9115    26.9091    1521.20    113.538    115.103         31 0.0000e+00
      37418   1559.022    196.576    198.000    13.2881    13.2545   4.208785   4.205138     1.7782     1.4720      60.28   28.88142  -85.98909   -0.00057   -0.00159     2.6574     2.7068    13.2596    13.2267    35.7230    35.7165    26.9018    26.9034    1522.36    115.573    117.720         31 0.0000e+00
      39740   1655.809    193.599    195.000    13.5661    13.5649   4.239700   4.240000     1.8165     1.5047      63.07   28.87184  -85.96065 7.4571e-07   -0.00004     2.7376     2.7760    13.5383    13.5372    35.7512    35.7544    26.8653    26.8682    1521.86    119.064    120.733         47 0.0000e+00
      39771   1657.074    192.607    194.000    13.5593    13.5583   4.238157   4.238070     1.8154     1.5035      63.72   28.85998  -85.92534    0.00019   -0.00013     2.7361     2.7730    13.5316    13.5306    35.7419    35.7420    26.8589    26.8593    1521.23    118.998    120.605         36 0.0000e+00
      40632   1692.962    167.796    169.000    14.3367    14.3726   4.329325   4.330644     1.8777     1.5590      70.94   28.87494  -85.96992    0.00073    0.00005     2.8302     2.8631    14.3118    14.3475    35.8861    35.8951    26.8068    26.8060    1522.02    123.098    124.529         30 0.0000e+00
      40981   1707.507    164.819    166.000    14.5277    14.5676   4.350684   4.356941     1.8844     1.5647      91.94   28.88382  -85.99632    0.00016    0.00037     2.8313     2.8640    14.5015    14.5428    35.9087    35.9319    26.7830    26.7929    1522.49    123.148    124.571         42 0.0000e+00
      42308   1762.774    163.826    165.000    14.7194    14.7213   4.372305   4.372695     1.8789     1.5615      92.62   28.85993  -85.92525    0.00006   -0.00001     2.8074     2.8458    14.6946    14.6964    35.9265    35.9278    26.7538    26.7544    1521.23    122.111    123.782         39 0.0000e+00
      42584   1774.295    162.834    164.000    14.7509    14.7267   4.375898   4.373370     1.8786     1.5621      93.41   28.85992  -85.92524    0.00022    0.00047     2.8043     2.8464    14.7262    14.7020    35.9315    35.9301    26.7508    26.7550    1521.23    121.979    123.806         52 0.0000e+00
      42635   1776.406    161.841    163.000    14.7651    14.7525   4.377511   4.376153     1.8785     1.5620      94.51   28.85992  -85.92524   -0.00006    0.00016     2.8027     2.8446    14.7405    14.7279    35.9325    35.9316    26.7484    26.7505    1521.23    121.908    123.729         45 0.0000e+00
      45373   1890.481    134.050    135.000    16.7799    16.7540   4.618782   4.613017     2.0030     1.6722     100.10   28.89007  -86.01514   -0.00008    0.00009     2.9557     2.9927    16.7577    16.7318    36.2852    36.2465    26.5619    26.5355    1522.82    128.589    130.198         35 0.0000e+00
      45396   1891.467    133.057    134.000    16.7700    16.7631   4.614854   4.614057     2.0029     1.6708      98.47   28.85984  -85.92512    0.00054    0.00003     2.9565     2.9893    16.7479    16.7410    36.2486    36.2486    26.5333    26.5349    1521.23    128.624    130.050         70 0.0000e+00
      45474   1894.710    132.064    133.000    16.7743    16.7811   4.615010   4.616222     2.0054     1.6742      96.91   28.85984  -85.92512    0.00079    0.00096     2.9618     2.9964    16.7524    16.7591    36.2497    36.2510    26.5330    26.5325    1521.23    128.854    130.359         60 0.0000e+00
      45558   1898.189    131.072    132.000    16.7962    16.8216   4.617907   4.620788     2.0077     1.6759      86.36   28.85984  -85.92512    0.00071    0.00050     2.9648     2.9980    16.7733    16.7998    36.2536    36.2551    26.5311    26.5259    1521.23    128.986    130.429         60 0.0000e+00
      45611   1900.424    130.079    131.000    16.8967    16.9058   4.629193   4.630947     2.0092     1.6749     100.05   28.85982  -85.92512    0.00071    0.00003     2.9618     2.9899    16.8751    16.8847    36.2623    36.2670    26.5135    26.5145    1521.23    128.858    130.078         45 0.0000e+00
      45666   1902.726    129.086    130.000    16.9570    16.9929   4.635839   4.640189     2.0004     1.6518      99.99   28.85982  -85.92512   -0.00126   -0.00511     2.9376     2.9262    16.9354    16.9713    36.2659    36.2717    26.5019    26.4977    1521.23    127.805    127.309         68 0.0000e+00
      45727   1905.262    128.094    129.000    17.0059    17.0393   4.641835   4.645474     1.9765     1.6295      99.99   28.85982  -85.92512   -0.00831   -0.01129     2.8789     2.8672    16.9844    17.0178    36.2749    36.2766    26.4970    26.4903    1521.23    125.255    124.745         51 0.0000e+00
      45785   1907.664    127.101    128.000    17.1142    17.0989   4.653524   4.652264     1.9667     1.6219      90.65   28.85982  -85.92510   -0.00619   -0.00417     2.8501     2.8443    17.0929    17.0775    36.2800    36.2828    26.4749    26.4807    1521.23    124.000    123.750         63 0.0000e+00
      45838   1909.896    126.108    127.000    17.1961    17.2549   4.663651   4.670719     1.9531     1.6204      80.45   28.85982  -85.92510   -0.00587   -0.00217     2.8133     2.8310    17.1748    17.2336    36.2952    36.3041    26.4668    26.4593    1521.23    122.401    123.173         45 0.0000e+00
      45897   1912.348    125.116    126.000    17.3118    17.3806   4.677373   4.685390     1.9545     1.6278      99.78   28.85982  -85.92510   -0.00147    0.00180     2.8089     2.8419    17.2906    17.3593    36.3113    36.3194    26.4511    26.4406    1521.23    122.214    123.651         69 0.0000e+00
      45960   1914.945    124.123    125.000    17.4314    17.5322   4.691355   4.701782     1.9590     1.6356      69.80   28.85982  -85.92510    0.00164    0.00326     2.8117     2.8522    17.4103    17.5110    36.3258    36.3261    26.4330    26.4087    1521.23    122.337    124.102         48 0.0000e+00
      46010   1917.026    123.130    124.000    17.8265    17.9105   4.737815   4.748736     1.9847     1.6571      99.23   28.85982  -85.92510    0.00582    0.00595     2.8437     2.8820    17.8052    17.8898    36.3748    36.3872    26.3738    26.3607    1521.23    123.734    125.406         57 0.0000e+00
      46069   1919.508    122.137    123.000    17.8594    17.9878   4.741128   4.758419     2.0017     1.6770     100.00   28.85982  -85.92510    0.01059    0.01015     2.8785     2.9259    17.8382    17.9666    36.3786    36.4049    26.3686    26.3572    1521.23    125.253    127.313         58 0.0000e+00
      46131   1922.073    121.145    122.000    17.9074    18.0712   4.749213   4.769512     2.0081     1.6900      99.97   28.85982  -85.92508    0.00363    0.00579     2.8922     2.9539    17.8878    18.0500    36.4002    36.4299    26.3729    26.3553    1521.23    125.848    128.535         64 0.0000e+00
      46186   1924.383    120.152    121.000    18.1375    18.2076   4.775703   4.783374     2.0187     1.7000     100.00   28.85982  -85.92508    0.00324    0.00469     2.9023     2.9698    18.1145    18.1868    36.4180    36.4305    26.3301    26.3225    1521.23    126.290    129.229         49 0.0000e+00
      46240   1926.645    119.159    120.000    18.2631    18.3012   4.790687   4.795184     2.0464     1.7195     100.00   28.85982  -85.92508    0.00938    0.00704     2.9537     3.0111    18.2421    18.2802    36.4407    36.4457    26.3156    26.3098    1521.23    128.532    131.031         63 0.0000e+00
      46302   1929.226    118.167    119.000    18.2713    18.3443   4.791943   4.800131     2.0608     1.7292     100.00   28.85982  -85.92508    0.00804    0.00531     2.9862     3.0325    18.2508    18.3234    36.4446    36.4499    26.3163    26.3022    1521.23    129.942    131.961         56 0.0000e+00
      46359   1931.590    117.174    118.000    18.3591    18.3907   4.800575   4.805162     2.0666     1.7320      71.35   28.85982  -85.92508    0.00282    0.00174     2.9935     3.0356    18.3384    18.3700    36.4409    36.4517    26.2915    26.2918    1521.23    130.264    132.096         60 0.0000e+00
      46417   1934.009    116.181    117.000    18.4191    18.4046   4.807449   4.806325     2.0697     1.7316     100.36   28.85982  -85.92508    0.00202    0.00039     2.9966     3.0334    18.3989    18.3840    36.4463    36.4500    26.2804    26.2869    1521.23    130.399    132.003         54 0.0000e+00
      46472   1936.305    115.188    116.000    18.4674    18.4716   4.812518   4.813425     2.0678     1.7266      99.94   28.85982  -85.92508   -0.00003   -0.00126     2.9889     3.0170    18.4470    18.4511    36.4473    36.4513    26.2690    26.2710    1521.23    130.067    131.289         59 0.0000e+00
      46534   1938.881    114.196    115.000    18.5031    18.5080   4.816552   4.817117     2.0581     1.7193      74.95   28.85982  -85.92508   -0.00316   -0.00312     2.9645     2.9968    18.4828    18.4878    36.4503    36.4508    26.2622    26.2613    1521.23    129.005    130.412         61 0.0000e+00
      50942   2122.562    103.276    104.000    19.5845    19.5617   4.940304   4.937945     2.1347     1.7858      93.27   28.85714  -85.91733   -0.00029   -0.00052     3.0611     3.0898    19.5654    19.5426    36.5440    36.5426    26.0547    26.0595    1521.09    133.239    134.485         53 0.0000e+00
      50998   2124.883    102.283    103.000    19.5926    19.5574   4.941326   4.938145     2.1331     1.7848      82.24   28.85970  -85.92496   -0.00104   -0.00042     3.0567     3.0867    19.5737    19.5389    36.5447    36.5459    26.0532    26.0623    1521.23    133.045    134.350         51 0.0000e+00
      51056   2127.306    101.290    102.000    19.6064    19.6345   4.942776   4.945549     2.1321     1.7855      99.92   28.85969  -85.92495   -0.00051   -0.00030     3.0535     3.0843    19.5876    19.6157    36.5450    36.5435    26.0498    26.0413    1521.23    132.906    134.251         63 0.0000e+00
      51116   2129.788    100.297    101.000    19.6771    19.6937   4.950590   4.952480     2.1352     1.7913      99.89   28.85968  -85.92494    0.00049    0.00226     3.0562     3.0940    19.6585    19.6751    36.5485    36.5497    26.0338    26.0304    1521.23    133.027    134.672         51 0.0000e+00
      51158   2131.557     99.304    100.000    19.7375    19.7472   4.957115   4.958379     2.1394     1.7933     100.00   28.85968  -85.92494    0.00192    0.00153     3.0604     3.0954    19.7190    19.7287    36.5503    36.5522    26.0192    26.0182    1521.23    133.213    134.735         42 0.0000e+00
      51219   2134.077     98.311     99.000    19.7949    19.8378   4.963848   4.968505     2.1453     1.8004      75.50   28.85968  -85.92494    0.00242    0.00247     3.0690     3.1065    19.7766    19.8195    36.5563    36.5574    26.0086    25.9982    1521.23    133.589    135.220         59 0.0000e+00
      51276   2136.449     97.319     98.000    19.8577    19.8396   4.969467   4.968977     2.1475     1.8007      99.39   28.85968  -85.92493    0.00135    0.00084     3.0700     3.1062    19.8395    19.8214    36.5484    36.5587    25.9860    25.9986    1521.23    133.632    135.208         44 0.0000e+00
      51327   2138.572     96.326     97.000    19.9054    19.9199   4.974112   4.975478     2.1523     1.8047      99.99   28.85968  -85.92492    0.00163    0.00107     3.0768     3.1114    19.8874    19.9019    36.5456    36.5443    25.9712    25.9663    1521.23    133.933    135.440         60 0.0000e+00
      51381   2140.850     95.333     96.000    19.9634    19.9224   4.978967   4.976596     2.1552     1.8053      73.42   28.85968  -85.92492    0.00153    0.00068     3.0791     3.1107    19.9432    19.9046    36.5375    36.5488    25.9502    25.9690    1521.23    134.036    135.408         48 0.0000e+00
      51435   2143.099     94.340     95.000    20.0268    20.0670   4.986887   4.991158     2.1624     1.8119      99.70   28.85968  -85.92492    0.00250    0.00174     3.0904     3.1189    20.0091    20.0492    36.5462    36.5464    25.9393    25.9288    1521.23    134.527    135.772         61 0.0000e+00
