Gulf of Mexico/GOMECC-4/1db/urb2103_0971.cnv
* Sea-Bird SBE 9 Data File:
* FileName = C:\Users\scs.user.rb\CTD\GOMECC4\data\rb2103_0971.hex
* Software Version Seasave V 7.26.7.107
* Temperature SN = 4799
* Conductivity SN = 3860
* Number of Bytes Per Scan = 41
* Number of Voltage Words = 4
* Number of Scans Averaged by the Deck Unit = 1
* NMEA Latitude = 22 58.24 N
* NMEA Longitude = 090 29.95 W
* NMEA UTC (Time) = Oct 11 2021  11:24:34
* NMEA baud rate = 4800
# nquan = 28
# nvalues = 111                         
# units = specified
# name 0 = scan: Scan Count
# name 1 = timeS: Time, Elapsed [seconds]
# name 2 = depSM: Depth [salt water, m]
# name 3 = prDM: Pressure, Digiquartz [db]
# name 4 = t090C: Temperature [ITS-90, deg C]
# name 5 = t190C: Temperature, 2 [ITS-90, deg C]
# name 6 = c0S/m: Conductivity [S/m]
# name 7 = c1S/m: Conductivity, 2 [S/m]
# name 8 = sbeox0V: Oxygen raw, SBE 43 [V]
# name 9 = sbeox1V: Oxygen raw, SBE 43, 2 [V]
# name 10 = altM: Altimeter [m]
# name 11 = latitude: Latitude [deg]
# name 12 = longitude: Longitude [deg]
# name 13 = sbox0dV/dT: Oxygen, SBE 43 [dov/dt]
# name 14 = sbox1dV/dT: Oxygen, SBE 43, 2 [dov/dt]
# name 15 = sbeox0ML/L: Oxygen, SBE 43 [ml/l], WS = 5
# name 16 = sbeox1ML/L: Oxygen, SBE 43, 2 [ml/l], WS = 5
# name 17 = potemp090C: Potential Temperature [ITS-90, deg C]
# name 18 = potemp190C: Potential Temperature, 2 [ITS-90, deg C]
# name 19 = sal00: Salinity, Practical [PSU]
# name 20 = sal11: Salinity, Practical, 2 [PSU]
# name 21 = sigma-é00: Density [sigma-theta, kg/m^3]
# name 22 = sigma-é11: Density, 2 [sigma-theta, kg/m^3]
# name 23 = avgsvCM: Average Sound Velocity [Chen-Millero, m/s], minP = 20, minS = 20
# name 24 = sbox0Mm/Kg: Oxygen, SBE 43 [umol/kg], WS = 5
# name 25 = sbox1Mm/Kg: Oxygen, SBE 43, 2 [umol/kg], WS = 5
# name 26 = nbin: number of scans per bin
# name 27 = flag: flag
# span 0 =      39958,      96171       
# span 1 =   1664.892,   4007.087       
# span 2 =      1.987,    955.714       
# span 3 =      2.000,    964.000       
# span 4 =     5.4071,    29.6045       
# span 5 =     5.4085,    29.6050       
# span 6 =   3.419009,   5.973878       
# span 7 =   3.419118,   5.974141       
# span 8 =     1.5729,     3.1808       
# span 9 =     1.2755,     2.6906       
# span 10 =      11.10,     100.85      
# span 11 =   22.93249,   23.01417      
# span 12 =  -90.66408,  -90.34216      
# span 13 =   -0.00505,    0.03655      
# span 14 =   -0.00321,    0.03660      
# span 15 =     2.4251,     4.5580      
# span 16 =     2.4414,     4.5601      
# span 17 =     5.3234,    29.6035      
# span 18 =     5.3248,    29.6040      
# span 19 =    34.9142,    36.5412      
# span 20 =    34.9139,    36.5416      
# span 21 =    22.7651,    27.5780      
# span 22 =    22.7486,    27.5777      
# span 23 =    1498.66,    1504.00      
# span 24 =    105.442,    198.769      
# span 25 =    106.151,    198.854      
# span 26 =         30,         64      
# span 27 = 0.0000e+00, 0.0000e+00      
# interval = decibars: 1                
# start_time = Oct 11 2021 11:24:34 [NMEA time, header]
# bad_flag = -9.990e-29
*END*
[from data line 52]
      62049   2585.340    361.391    364.000    10.8134    10.8198   3.935527   3.936095     1.6095     1.3089     100.00   22.97179  -90.49826    0.00014    0.00024     2.4261     2.4427    10.7685    10.7749    35.3304    35.3299    27.0748    27.0733    1501.25    105.492    106.216         30 0.0000e+00
      62268   2594.464    353.455    356.000    11.0498    11.0481   3.961301   3.961137     1.6166     1.3148      62.77   22.97178  -90.49823    0.00061    0.00056     2.4287     2.4442    11.0052    11.0036    35.3643    35.3643    27.0584    27.0587    1501.25    105.610    106.282         30 0.0000e+00
      62623   2609.265    340.559    343.000    11.2702    11.2685   3.985042   3.984824     1.6252     1.3221      99.99   22.97077  -90.49423    0.00076    0.00063     2.4348     2.4489    11.2268    11.2250    35.3945    35.3940    27.0412    27.0412    1501.18    105.874    106.488         30 0.0000e+00
      63672   2652.938    302.857    305.000    12.0890    12.0885   4.075420   4.075457     1.6519     1.3474     100.00   22.97267  -90.50164    0.00082    0.00094     2.4448     2.4624    12.0486    12.0481    35.5195    35.5204    26.9835    26.9842    1501.31    106.315    107.080         30 0.0000e+00
      69614   2900.522    197.652    199.000    15.4397    15.4506   4.457118   4.458002     1.7845     1.4660      99.97   22.96085  -90.45452   -0.00031   -0.00024     2.5478     2.5638    15.4087    15.4195    36.0190    36.0318    26.6655    26.6736    1500.53    110.829    111.525         54 0.0000e+00
      70870   2952.859    151.981    153.000    17.1803    17.2051   4.663325   4.665825     1.8365     1.5105     100.00   22.98026  -90.53082    0.00411    0.00484     2.5556     2.5679    17.1547    17.1795    36.3003    36.2998    26.4765    26.4702    1501.79    111.191    111.727         30 0.0000e+00
      74829   3117.852    118.217    119.000    19.3092    19.3182   4.903214   4.904371     1.9061     1.5721     100.00   22.97213  -90.49860    0.00078    0.00134     2.5863     2.5998    19.2876    19.2965    36.4690    36.4708    26.0701    26.0691    1501.26    112.570    113.156         30 0.0000e+00
      75130   3130.382    107.292    108.000    20.0459    20.0824   4.988256   4.992163     2.0417     1.7052      78.67   22.98137  -90.53502    0.01773    0.01632     2.8354     2.8721    20.0258    20.0623    36.5412    36.5416    25.9324    25.9230    1501.86    123.430    125.030         37 0.0000e+00
      75138   3130.727    106.299    107.000    20.0113    20.0577   4.982825   4.986425     2.0577     1.7181      76.43   22.97214  -90.49866    0.01372    0.01308     2.8715     2.9038    19.9914    20.0378    36.5217    36.5170    25.9253    25.9093    1501.26    125.000    126.407         41 0.0000e+00
      75181   3132.517    105.306    106.000    19.9655    20.0665   4.977830   4.986255     2.0579     1.7232      99.68   22.97214  -90.49865    0.00612    0.00617     2.8743     2.9149    19.9457    20.0470    36.5207    36.4996    25.9367    25.8929    1501.26    125.119    126.895         45 0.0000e+00
      75224   3134.295    104.312    105.000    20.1658    20.0929   4.996184   4.989514     2.0582     1.7290     100.00   22.97214  -90.49865   -0.00076    0.00352     2.8635     2.9269    20.1462    20.0733    36.4983    36.5069    25.8661    25.8921    1501.26    124.659    127.417         34 0.0000e+00
      75254   3135.545    103.320    104.000    20.4555    20.4952   5.024461   5.028101     2.0899     1.7510     100.00   22.97214  -90.49864    0.00426    0.00517     2.9148     2.9566    20.4358    20.4756    36.4800    36.4754    25.7745    25.7602    1501.26    126.903    128.724         30 0.0000e+00
      75283   3136.756    102.326    103.000    20.5574    20.6051   5.033316   5.038123     2.1444     1.8059     100.00   22.97214  -90.49864    0.01817    0.01385     3.0246     3.0788    20.5378    20.5856    36.4648    36.4628    25.7354    25.7210    1501.26    131.688    134.051         30 0.0000e+00
      75314   3138.026    101.333    102.000    20.5940    20.6791   5.036428   5.044443     2.1890     1.8562     100.00   22.97214  -90.49864    0.03655    0.03538     3.1167     3.1912    20.5747    20.6596    36.4589    36.4511    25.7209    25.6919    1501.26    135.701    138.950         31 0.0000e+00
      75344   3139.312    100.340    101.000    20.6654    20.7312   5.042841   5.048973     2.2185     1.8829     100.00   22.97214  -90.49864    0.03554    0.03660     3.1747     3.2503    20.6462    20.7119    36.4501    36.4435    25.6949    25.6719    1501.26    138.230    141.524         30 0.0000e+00
      75397   3141.508     98.353     99.000    20.7898    20.8252   5.052050   5.055388     2.2677     1.9192      99.99   22.97022  -90.49107    0.02105    0.01761     3.2709     3.3286    20.7709    20.8062    36.4178    36.4146    25.6360    25.6240    1501.13    142.426    144.941         30 0.0000e+00
      75434   3143.060     97.360     98.000    20.8378    20.8940   5.056791   5.062579     2.2921     1.9377     100.00   22.97215  -90.49864    0.01992    0.01480     3.3190     3.3670    20.8190    20.8752    36.4167    36.4154    25.6223    25.6061    1501.26    144.523    146.618         30 0.0000e+00
      75465   3144.319     96.367     97.000    20.9095    20.9538   5.064010   5.068201     2.3112     1.9537     100.00   22.97216  -90.49864    0.01846    0.01412     3.3542     3.4000    20.8909    20.9351    36.4141    36.4102    25.6008    25.5857    1501.26    146.058    148.058         30 0.0000e+00
      75495   3145.586     95.374     96.000    20.9663    20.9961   5.069653   5.072338     2.3308     1.9673     100.00   22.97216  -90.49864    0.01639    0.01283     3.3915     3.4285    20.9478    20.9776    36.4115    36.4078    25.5833    25.5722    1501.26    147.685    149.300         31 0.0000e+00
      75573   3148.826     92.394     93.000    21.0941    21.1202   5.081610   5.084444     2.3824     2.0164      99.97   22.96486  -90.46986    0.01280    0.01223     3.4903     3.5328    21.0762    21.1024    36.3957    36.3988    25.5348    25.5308    1500.78    151.995    153.844         31 0.0000e+00
      78151   3256.240     88.421     89.000    21.6959    21.6926   5.145874   5.145637     2.5781     2.1789     100.04   22.98230  -90.53857   -0.00020   -0.00019     3.8546     3.8664    21.6784    21.6751    36.4115    36.4124    25.3828    25.3844    1501.92    167.887    168.399         48 0.0000e+00
      78168   3256.958     87.427     88.000    21.6980    21.7029   5.144728   5.145128     2.5783     2.1803      99.98   22.97217  -90.49866    0.00023    0.00019     3.8541     3.8682    21.6806    21.6856    36.3936    36.3932    25.3669    25.3652    1501.26    167.865    168.481         55 0.0000e+00
      78225   3259.335     86.434     87.000    21.7458    21.7682   5.148345   5.150505     2.5898     2.1965     100.00   22.97217  -90.49866    0.00270    0.00441     3.8745     3.9002    21.7287    21.7510    36.3846    36.3837    25.3466    25.3397    1501.26    168.757    169.878         53 0.0000e+00
      78274   3261.357     85.441     86.000    21.8124    21.8369   5.154957   5.157290     2.6101     2.2213     100.00   22.97218  -90.49866    0.00771    0.00986     3.9112     3.9517    21.7954    21.8199    36.3803    36.3783    25.3246    25.3162    1501.26    170.362    172.125         52 0.0000e+00
      78331   3263.730     84.448     85.000    21.8394    21.8577   5.157462   5.159487     2.6422     2.2510      85.02   22.97217  -90.49866    0.01336    0.01297     3.9751     4.0173    21.8226    21.8409    36.3778    36.3785    25.3151    25.3105    1501.26    173.147    174.983         55 0.0000e+00
      78383   3265.907     83.454     84.000    21.9610    21.9960   5.169501   5.173192     2.6625     2.2673      99.67   22.97218  -90.49866    0.01003    0.00885     4.0074     4.0439    21.9443    21.9793    36.3712    36.3681    25.2758    25.2636    1501.26    174.557    176.152         55 0.0000e+00
      78438   3268.220     82.461     83.000    22.1763    22.2030   5.189134   5.190918     2.7150     2.3220     100.00   22.97218  -90.49866    0.01713    0.01745     4.0990     4.1530    22.1597    22.1864    36.3460    36.3377    25.1958    25.1819    1501.26    178.564    180.918         51 0.0000e+00
      78489   3270.337     81.468     82.000    22.3571    22.3315   5.204724   5.202819     2.7731     2.3698      82.55   22.97218  -90.49866    0.02602    0.02356     4.2043     4.2514    22.3406    22.3150    36.3177    36.3241    25.1230    25.1351    1501.26    183.160    185.210         57 0.0000e+00
      78549   3272.816     80.474     81.000    22.3811    22.3582   5.206873   5.204765     2.8317     2.4086     100.85   22.97218  -90.49866    0.02697    0.01925     4.3216     4.3363    22.3648    22.3419    36.3149    36.3174    25.1139    25.1223    1501.26    188.274    188.914         53 0.0000e+00
      78597   3274.830     79.481     80.000    22.4702    22.4438   5.214426   5.212488     2.8501     2.4235     100.00   22.97217  -90.49866    0.01416    0.00955     4.3521     4.3635    22.4558    22.4281    36.2987    36.3044    25.0756    25.0871    1501.26    189.609    190.105         51 0.0000e+00
      78653   3277.175     78.488     79.000    22.5175    22.5333   5.219548   5.221090     2.8713     2.4458     100.00   22.97216  -90.49866    0.00947    0.00941     4.3906     4.4059    22.5015    22.5173    36.3013    36.3001    25.0645    25.0591    1501.26    191.289    191.958         58 0.0000e+00
      78709   3279.494     77.495     78.000    22.5787    22.5696   5.224543   5.224393     2.8834     2.4573     100.00   22.97216  -90.49866    0.00636    0.00648     4.4099     4.4286    22.5629    22.5538    36.2897    36.2961    25.0382    25.0457    1501.26    192.134    192.948         54 0.0000e+00
      78761   3281.660     76.501     77.000    22.6746    22.6616   5.235756   5.234359     2.8976     2.4691     100.00   22.97216  -90.49866    0.00575    0.00493     4.4301     4.4472    22.6590    22.6460    36.2979    36.2978    25.0168    25.0205    1501.26    193.018    193.765         51 0.0000e+00
      78815   3283.901     75.508     76.000    22.8507    22.8128   5.255347   5.251154     2.9175     2.4798     100.00   22.97216  -90.49866    0.00785    0.00521     4.4551     4.4585    22.8352    22.7973    36.3088    36.3035    24.9743    24.9813    1501.26    194.119    194.262         58 0.0000e+00
      78871   3286.257     74.515     75.000    22.9308    22.8720   5.266142   5.257437     2.9304     2.4909     100.00   22.97216  -90.49866    0.00738    0.00469     4.4725     4.4764    22.9132    22.8568    36.3176    36.3035    24.9584    24.9655    1501.26    194.880    195.046         51 0.0000e+00
      78923   3288.417     73.521     74.000    23.1249    23.0876   5.289349   5.284191     2.9433     2.5030     100.00   22.97216  -90.49866    0.00511    0.00526     4.4846     4.4884    23.1097    23.0724    36.3422    36.3331    24.9201    24.9241    1501.26    195.411    195.579         33 0.0000e+00
      80662   3360.889     68.554     69.000    24.2916    24.2851   5.423304   5.422834     3.0190     2.5700      99.94   22.95758  -90.44103    0.00256    0.00022     4.5299     4.5343    24.2769    24.2704    36.4016    36.4034    24.6173    24.6206    1500.30    197.442    197.633         40 0.0000e+00
      81131   3380.430     58.620     59.000    26.4874    26.5010   5.674086   5.675725     3.1240     2.6518     100.17   23.01417  -90.66408   -0.00192   -0.00321     4.5461     4.5328    26.4741    26.4877    36.5386    36.5397    24.0540    24.0506    1504.00    198.268    197.689         43 0.0000e+00
      81047   3376.904     57.627     58.000    26.2085    26.2860   5.640435   5.647559     3.1053     2.6414     100.00   22.97218  -90.49864   -0.00505   -0.00301     4.5313     4.5253    26.1996    26.2728    36.4822    36.4760    24.0893    24.0615    1501.26    197.606    197.351         64 0.0000e+00
      81109   3379.517     56.633     57.000    26.0803    26.0818   5.624866   5.624383     3.1087     2.6429     100.00   22.97218  -90.49864   -0.00096    0.00032     4.5479     4.5438    26.0676    26.0690    36.4741    36.4694    24.1247    24.1208    1501.26    198.325    198.147         61 0.0000e+00
      81173   3382.176     55.640     56.000    26.1169    26.0643   5.629346   5.622411     3.1168     2.6510     100.00   22.97218  -90.49864    0.00374    0.00243     4.5580     4.5601    26.1043    26.0518    36.4734    36.4729    24.1127    24.1304    1501.26    198.769    198.854         58 0.0000e+00
      81231   3384.580     54.646     55.000    26.8691    26.8783   5.708025   5.703372     3.1195     2.6477      88.36   22.97218  -90.49864    0.00274    0.00135     4.5011     4.4902    26.8565    26.8657    36.4605    36.4349    23.8642    23.8420    1501.26    196.333    195.860         63 0.0000e+00
      83436   3476.468     47.692     48.000    28.6839    28.5295   5.910430   5.896217     3.1808     2.6903     100.13   23.00150  -90.61417    0.00309    0.00091     4.4697     4.4540    28.6724    28.5180    36.5021    36.5195    23.3090    23.3726    1503.18    195.075    194.379         61 0.0000e+00
      83415   3475.587     46.699     47.000    28.8593    28.8189   5.926121   5.921493     3.1762     2.6888     100.00   22.97218  -90.49862    0.00032    0.00016     4.4458     4.4281    28.8479    28.8076    36.4550    36.4561    23.2080    23.2222    1501.26    194.044    193.273         39 0.0000e+00
      83494   3478.882     45.705     46.000    28.9717    28.9717   5.939432   5.939528     3.1745     2.6906      94.49   22.97217  -90.49863   -0.00211    0.00003     4.4333     4.4203    28.9605    28.9606    36.4617    36.4620    23.1754    23.1755    1501.26    193.507    192.942         40 0.0000e+00
      83587   3482.755     44.712     45.000    29.1374    29.1962   5.955686   5.963219     3.1707     2.6814      94.12   22.97216  -90.49864   -0.00029   -0.00150     4.4133     4.3852    29.1265    29.1852    36.4480    36.4552    23.1092    23.0949    1501.26    192.646    191.423         42 0.0000e+00
      83672   3486.295     43.718     44.000    29.2409    29.2412   5.971092   5.971084     3.1574     2.6709      84.28   22.97216  -90.49864   -0.00388   -0.00212     4.3801     4.3600    29.2301    29.2305    36.4766    36.4755    23.0958    23.0948    1501.26    191.201    190.323         64 0.0000e+00
      83766   3490.220     42.723     43.000    29.2652    29.2657   5.973878   5.974141     3.1545     2.6692      98.17   22.97216  -90.49864   -0.00030   -0.00044     4.3726     4.3542    29.2547    29.2552    36.4770    36.4782    23.0877    23.0885    1501.26    190.876    190.070         32 0.0000e+00
      83851   3493.757     41.713     42.000    29.2465    29.2506   5.968590   5.969490     3.1551     2.6698     100.00   22.97217  -90.49863    0.00069    0.00036     4.3741     4.3564    29.2374    29.2403    36.4549    36.4586    23.0770    23.0788    1501.26    190.939    190.168         34 0.0000e+00
      83957   3498.170     40.743     41.000    29.2211    29.2265   5.961538   5.963342     3.1592     2.6774     100.00   22.97218  -90.49862    0.00068    0.00125     4.3850     4.3736    29.2108    29.2165    36.4259    36.4341    23.0642    23.0684    1501.26    191.421    190.919         40 0.0000e+00
      84162   3506.699     39.744     40.000    29.2469    29.2418   5.961590   5.961626     3.1622     2.6777     100.00   22.97218  -90.49862    0.00089    0.00089     4.3880     4.3729    29.2372    29.2321    36.4069    36.4110    23.0410    23.0458    1501.26    191.553    190.894         61 0.0000e+00
