Gulf of Mexico/GOMECC-4/1db/urb2103_0721.cnv
* Sea-Bird SBE 9 Data File:
* FileName = C:\Users\scs.user.rb\CTD\GOMECC4\data\rb2103_0721.hex
* Software Version Seasave V 7.26.7.107
* Temperature SN = 4799
* Conductivity SN = 3860
* Number of Bytes Per Scan = 41
* Number of Voltage Words = 4
* Number of Scans Averaged by the Deck Unit = 1
* NMEA Latitude = 26 03.50 N
* NMEA Longitude = 093 43.74 W
* NMEA UTC (Time) = Oct 04 2021  04:36:25
* NMEA baud rate = 4800
# nquan = 28
# nvalues = 200                         
# units = specified
# name 0 = scan: Scan Count
# name 1 = timeS: Time, Elapsed [seconds]
# name 2 = depSM: Depth [salt water, m]
# name 3 = prDM: Pressure, Digiquartz [db]
# name 4 = t090C: Temperature [ITS-90, deg C]
# name 5 = t190C: Temperature, 2 [ITS-90, deg C]
# name 6 = c0S/m: Conductivity [S/m]
# name 7 = c1S/m: Conductivity, 2 [S/m]
# name 8 = sbeox0V: Oxygen raw, SBE 43 [V]
# name 9 = sbeox1V: Oxygen raw, SBE 43, 2 [V]
# name 10 = altM: Altimeter [m]
# name 11 = latitude: Latitude [deg]
# name 12 = longitude: Longitude [deg]
# name 13 = sbox0dV/dT: Oxygen, SBE 43 [dov/dt]
# name 14 = sbox1dV/dT: Oxygen, SBE 43, 2 [dov/dt]
# name 15 = sbeox0ML/L: Oxygen, SBE 43 [ml/l], WS = 5
# name 16 = sbeox1ML/L: Oxygen, SBE 43, 2 [ml/l], WS = 5
# name 17 = potemp090C: Potential Temperature [ITS-90, deg C]
# name 18 = potemp190C: Potential Temperature, 2 [ITS-90, deg C]
# name 19 = sal00: Salinity, Practical [PSU]
# name 20 = sal11: Salinity, Practical, 2 [PSU]
# name 21 = sigma-é00: Density [sigma-theta, kg/m^3]
# name 22 = sigma-é11: Density, 2 [sigma-theta, kg/m^3]
# name 23 = avgsvCM: Average Sound Velocity [Chen-Millero, m/s], minP = 20, minS = 20
# name 24 = sbox0Mm/Kg: Oxygen, SBE 43 [umol/kg], WS = 5
# name 25 = sbox1Mm/Kg: Oxygen, SBE 43, 2 [umol/kg], WS = 5
# name 26 = nbin: number of scans per bin
# name 27 = flag: flag
# span 0 =     106173,     223622       
# span 1 =   4423.838,   9317.554       
# span 2 =      0.993,   3081.830       
# span 3 =      1.000,   3125.000       
# span 4 =     4.2856,    29.1104       
# span 5 =     4.2865,    29.2004       
# span 6 =   3.348682,   5.889662       
# span 7 =   3.348636,   5.899107       
# span 8 =     1.6345,     3.2183       
# span 9 =     1.3326,     2.7435       
# span 10 =      14.62,     100.94      
# span 11 =   26.04188,   26.30996      
# span 12 =  -94.62395,  -93.65994      
# span 13 =   -0.01775,    0.02670      
# span 14 =   -0.01777,    0.02615      
# span 15 =     2.5642,     4.7782      
# span 16 =     2.5819,     4.7801      
# span 17 =     4.0797,    29.1082      
# span 18 =     4.0810,    29.1999      
# span 19 =    34.9071,    36.8166      
# span 20 =    34.9054,    36.8139      
# span 21 =    22.7239,    27.7594      
# span 22 =    22.7240,    27.7579      
# span 23 =    1502.01,    1517.47      
# span 24 =    111.524,    208.368      
# span 25 =    112.294,    208.440      
# span 26 =         30,         71      
# span 27 = 0.0000e+00, 0.0000e+00      
# interval = decibars: 1                
# start_time = Oct 04 2021 04:36:25 [NMEA time, header]
# bad_flag = -9.990e-29
*END*
[from data line 156]
     206353   8597.985     84.429     85.000    24.6807    24.6410   5.510361   5.506113     2.6609     2.2420     100.00   26.05948  -93.72318    0.00734    0.00636     3.7975     3.7981    24.6623    24.6226    36.7451    36.7456    24.7638    24.7762    1503.02    165.496    165.522         30 0.0000e+00
     206382   8599.218     83.436     84.000    24.7152    24.6899   5.513221   5.510958     2.6690     2.2474      60.80   26.05948  -93.72318    0.00578    0.00514     3.8106     3.8061    24.6970    24.6717    36.7387    36.7424    24.7484    24.7589    1503.02    166.073    165.874         30 0.0000e+00
     206414   8600.543     82.443     83.000    24.7403    24.7205   5.514625   5.513053     2.6770     2.2562      94.14   26.05948  -93.72318    0.00583    0.00515     3.8244     3.8228    24.7224    24.7025    36.7290    36.7347    24.7334    24.7437    1503.02    166.674    166.602         33 0.0000e+00
     206447   8601.913     81.450     82.000    24.7493    24.7422   5.513335   5.513901     2.6852     2.2636     100.07   26.05948  -93.72318    0.00623    0.00576     3.8396     3.8372    24.7316    24.7245    36.7123    36.7224    24.7179    24.7277    1503.02    167.338    167.232         32 0.0000e+00
     206478   8603.200     80.457     81.000    24.7342    24.7375   5.509228   5.512024     2.6945     2.2703     100.00   26.05948  -93.72318    0.00621    0.00557     3.8569     3.8501    24.7171    24.7205    36.6956    36.7095    24.7096    24.7182    1503.02    168.095    167.797         31 0.0000e+00
     206705   8612.668     78.471     79.000    24.7157    24.7088   5.498654   5.500273     2.7552     2.3209     100.07   26.07882  -93.79273    0.01617    0.01348     3.9789     3.9633    24.6986    24.6917    36.6394    36.6580    24.6753    24.6921    1504.14    173.419    172.740         42 0.0000e+00
     206649   8610.335     77.478     78.000    24.6699    24.6670   5.486727   5.484892     2.8176     2.3848     100.00   26.05948  -93.72318    0.01621    0.01738     4.1054     4.1052    24.6530    24.6509    36.5785    36.5730    24.6405    24.6394    1503.02    178.940    178.927         34 0.0000e+00
     208159   8673.257     73.505     74.000    24.4092    24.3968   5.427864   5.426675     3.0961     2.6378     100.02   26.06416  -93.74000    0.00182    0.00142     4.6771     4.6782    24.3934    24.3810    36.3511    36.3515    24.5476    24.5514    1503.29    203.876    203.921         37 0.0000e+00
     208159   8673.230     72.512     73.000    24.4511    24.4164   5.432128   5.428251     3.1061     2.6505     100.00   26.05948  -93.72318    0.00498    0.00468     4.6925     4.7036    24.4355    24.4007    36.3469    36.3459    24.5310    24.5406    1503.02    204.551    205.031         37 0.0000e+00
     208197   8674.847     71.519     72.000    24.4980    24.4497   5.437041   5.431979     3.1084     2.6540     100.00   26.05948  -93.72318    0.00530    0.00612     4.6923     4.7081    24.4825    24.4343    36.3454    36.3472    24.5156    24.5315    1503.02    204.544    205.229         40 0.0000e+00
     208238   8676.522     70.526     71.000    24.5981    24.5677   5.448362   5.444129     3.1030     2.6507     100.00   26.05948  -93.72318    0.00016    0.00132     4.6725     4.6908    24.5828    24.5525    36.3507    36.3434    24.4893    24.4930    1503.02    203.687    204.482         40 0.0000e+00
     208282   8678.387     69.533     70.000    24.7687    24.7135   5.467299   5.460412     3.1092     2.6487     100.00   26.05948  -93.72318   -0.00041   -0.00167     4.6693     4.6739    24.7536    24.6984    36.3551    36.3481    24.4409    24.4523    1503.02    203.554    203.755         49 0.0000e+00
     208334   8680.530     68.539     69.000    24.8198    24.7794   5.472941   5.468835     3.1137     2.6556      85.02   26.05948  -93.72318    0.00285    0.00114     4.6730     4.6828    24.8049    24.7645    36.3564    36.3583    24.4263    24.4400    1503.02    203.720    204.143         50 0.0000e+00
     208381   8682.492     67.547     68.000    24.8504    24.8445   5.475564   5.474917     3.1203     2.6547     100.55   26.05948  -93.72318    0.00264    0.00189     4.6827     4.6755    24.8357    24.8297    36.3519    36.3517    24.4135    24.4151    1503.02    204.145    203.829         45 0.0000e+00
     208427   8684.418     66.553     67.000    24.9498    24.8732   5.482024   5.476440     3.1350     2.6664     100.00   26.05948  -93.72318    0.00500    0.00279     4.7034     4.6978    24.9352    24.8587    36.3203    36.3402    24.3592    24.3977    1503.02    205.058    204.808         52 0.0000e+00
     208479   8686.576     65.560     66.000    25.0669    24.9083   5.492833   5.478925     3.1558     2.6721      79.86   26.05948  -93.72318    0.00921    0.00434     4.7327     4.7056    25.0514    24.8939    36.3079    36.3308    24.3143    24.3797    1503.02    206.344    205.151         48 0.0000e+00
     208523   8688.425     64.567     65.000    25.2539    25.1092   5.513547   5.498776     3.1688     2.6945      99.66   26.05948  -93.72318    0.00832    0.00687     4.7418     4.7386    25.2396    25.0951    36.3113    36.3190    24.2591    24.3093    1503.02    206.755    206.602         45 0.0000e+00
     208575   8690.565     63.574     64.000    25.3554    25.2082   5.524810   5.508567     3.1836     2.7046     100.00   26.05948  -93.72318    0.00711    0.00750     4.7610     4.7504    25.3413    25.1941    36.3138    36.3123    24.2297    24.2742    1503.02    207.598    207.125         55 0.0000e+00
     208626   8692.707     62.581     63.000    25.5410    25.3689   5.544976   5.526857     3.1970     2.7200      74.35   26.05949  -93.72318    0.00643    0.00599     4.7706     4.7709    25.5270    25.3550    36.3150    36.3185    24.1732    24.2291    1503.02    208.025    208.029         48 0.0000e+00
     208672   8694.640     61.587     62.000    25.7222    25.5068   5.563916   5.542630     3.2096     2.7301      99.93   26.05950  -93.72318    0.00635    0.00645     4.7782     4.7801    25.7085    25.4931    36.3104    36.3240    24.1134    24.1905    1503.02    208.368    208.440         46 0.0000e+00
     208720   8696.638     60.594     61.000    25.8807    25.6846   5.582745   5.562217     3.2162     2.7353     100.00   26.05950  -93.72318    0.00527    0.00412     4.7762     4.7762    25.8671    25.6710    36.3246    36.3282    24.0746    24.1385    1503.02    208.290    208.276         52 0.0000e+00
     208775   8698.911     59.601     60.000    26.0486    25.7793   5.601713   5.574202     3.2166     2.7365     100.00   26.05950  -93.72318    0.00139    0.00139     4.7617     4.7703    26.0351    25.7660    36.3289    36.3379    24.0253    24.1174    1503.02    207.668    208.024         50 0.0000e+00
     208822   8700.873     58.608     59.000    26.1880    26.0538   5.617010   5.604812     3.2183     2.7435     100.00   26.05950  -93.72318    0.00005    0.00270     4.7523     4.7624    26.1747    26.0406    36.3365    36.3476    23.9872    24.0378    1503.02    207.265    207.698         36 0.0000e+00
     210326   8763.531     53.642     54.000    27.2554    27.2040   5.707480   5.703126     3.1713     2.6914      99.98   26.05479  -93.70620    0.00082   -0.00002     4.5762     4.5650    27.2429    27.1915    36.1457    36.1554    23.5020    23.5259    1502.75    199.679    199.184         52 0.0000e+00
     210435   8768.064     52.648     53.000    27.3287    27.3281   5.715505   5.716172     3.1693     2.6994      95.76   26.05952  -93.72318   -0.00026    0.00247     4.5661     4.5722    27.3164    27.3158    36.1495    36.1547    23.4821    23.4861    1503.02    199.244    199.509         62 0.0000e+00
     210490   8770.395     51.655     52.000    27.4035    27.4584   5.722729   5.729012     3.1732     2.6999      99.93   26.05952  -93.72318    0.00038    0.00091     4.5669     4.5629    27.3914    27.4463    36.1433    36.1455    23.4531    23.4369    1503.02    199.285    199.112         60 0.0000e+00
     210548   8772.812     50.662     51.000    27.5385    27.6304   5.736846   5.746127     3.1751     2.6965      83.50   26.05952  -93.72318    0.00164   -0.00133     4.5590     4.5426    27.5266    27.6184    36.1397    36.1347    23.4065    23.3729    1503.02    198.951    198.240         53 0.0000e+00
     210609   8775.340     49.669     50.000    27.8381    27.9591   5.767047   5.781435     3.1770     2.6905      98.14   26.05952  -93.72318    0.00073   -0.00106     4.5382     4.5067    27.8263    27.9473    36.1231    36.1310    23.2964    23.2624    1503.02    198.061    196.694         71 0.0000e+00
     210673   8777.998     48.675     49.000    28.0577    28.3015   5.798068   5.818991     3.1715     2.6789     100.03   26.05952  -93.72318   -0.00173   -0.00556     4.5095     4.4555    28.0460    28.2898    36.1451    36.1336    23.2408    23.1519    1503.02    196.819    194.478         53 0.0000e+00
     210727   8780.262     47.682     48.000    28.4814    28.5969   5.841069   5.853553     3.1536     2.6610      98.78   26.05952  -93.72318   -0.00406   -0.00523     4.4408     4.3969    28.4699    28.5855    36.1504    36.1485    23.1050    23.0645    1503.02    193.847    191.937         60 0.0000e+00
     210789   8782.813     46.689     47.000    28.6062    28.6291   5.852546   5.855906     3.1393     2.6518     100.00   26.05952  -93.72318   -0.00799   -0.00628     4.4080     4.3755    28.5949    28.6178    36.1357    36.1439    23.0524    23.0510    1503.02    192.426    191.006         60 0.0000e+00
     210851   8785.397     45.695     46.000    28.6902    28.6997   5.862798   5.863374     3.1306     2.6508     100.00   26.05952  -93.72318   -0.00386   -0.00094     4.3834     4.3678    28.6791    28.6887    36.1440    36.1408    23.0307    23.0250    1503.02    191.354    190.674         62 0.0000e+00
     210910   8787.876     44.702     45.000    28.7257    28.7643   5.866566   5.870398     3.1257     2.6479     100.00   26.05952  -93.72318   -0.00255   -0.00129     4.3711     4.3572    28.7149    28.7535    36.1441    36.1411    23.0188    23.0037    1503.02    190.821    190.217         58 0.0000e+00
     210968   8790.297     43.709     44.000    28.7804    28.7967   5.872233   5.873871     3.1243     2.6436     100.00   26.05952  -93.72318   -0.00088   -0.00116     4.3639     4.3452    28.7698    28.7861    36.1417    36.1406    22.9987    22.9924    1503.02    190.510    189.697         60 0.0000e+00
     211032   8792.964     42.716     43.000    28.7803    28.8052   5.871680   5.874567     3.1217     2.6443     100.00   26.05952  -93.72318   -0.00095   -0.00119     4.3588     4.3453    28.7699    28.7948    36.1390    36.1395    22.9966    22.9887    1503.02    190.286    189.699         65 0.0000e+00
     211089   8795.351     41.722     42.000    28.7857    28.8132   5.872609   5.875333     3.1244     2.6454     100.00   26.05952  -93.72318    0.00042    0.00149     4.3624     4.3467    28.7755    28.8031    36.1388    36.1385    22.9946    22.9851    1503.02    190.444    189.763         44 0.0000e+00
     211147   8797.729     40.729     41.000    28.8218    28.8279   5.876216   5.876899     3.1253     2.6440     100.00   26.05952  -93.72318    0.00073   -0.00025     4.3611     4.3423    28.8119    28.8180    36.1387    36.1389    22.9824    22.9805    1503.02    190.390    189.572         61 0.0000e+00
     211215   8800.577     39.736     40.000    28.8130    28.8206   5.875228   5.875978     3.1240     2.6471     100.00   26.05952  -93.72318   -0.00024    0.00124     4.3588     4.3484    28.8033    28.8109    36.1389    36.1384    22.9854    22.9824    1503.02    190.290    189.839         53 0.0000e+00
     211267   8802.756     38.743     39.000    28.8245    28.8297   5.876522   5.877002     3.1243     2.6445      87.19   26.05952  -93.72318   -0.00026   -0.00020     4.3580     4.3422    28.8151    28.8203    36.1394    36.1388    22.9818    22.9796    1503.02    190.256    189.567         57 0.0000e+00
     219125   9130.178      8.941      9.000    29.1104    29.1060   5.889662   5.889641     3.1542     2.6729     100.24   26.14539  -94.03210   -0.00069   -0.00107     4.3828     4.3713    29.1082    29.1038    36.0809    36.0844    22.8577    22.8619    1507.97    191.376    190.871         61 0.0000e+00
     218476   9103.139      7.948      8.000    29.0109    29.0085   5.869961   5.870082     3.1447     2.6652     100.00   26.05950  -93.72318   -0.00036    0.00010     4.3687     4.3589    29.0090    29.0066    35.9622    35.9648    22.7837    22.7865    1503.02    190.759    190.334         63 0.0000e+00
     218539   9105.746      6.954      7.000    29.0153    29.0179   5.870190   5.870495     3.1467     2.6664      96.78   26.05950  -93.72318    0.00107    0.00110     4.3716     4.3603    29.0136    29.0162    35.9608    35.9610    22.7811    22.7804    1503.02    190.886    190.395         62 0.0000e+00
     223622   9317.554      1.987      2.000    29.0814    29.2004   5.871579   5.899107     3.1716     2.6902     100.75   26.30996  -94.62395   -0.00032   -0.00019     4.3899     4.4057    29.0655    29.1999    36.0164    36.1882    22.8319    22.9423    1517.47    191.699    192.387         40 0.0000e+00
     221598   9233.207      0.993      1.000    28.9203    28.9154   5.842547   5.841722     3.1418     2.6656     100.00   26.05950  -93.72318    0.00015    0.00087     4.3697     4.3659    28.9200    28.9151    35.8429    35.8408    22.7239    22.7240    1503.02    190.814    190.647         30 0.0000e+00
