Gulf of Mexico/GOMECC-4/1db/urb2103_0661.cnv
* Sea-Bird SBE 9 Data File:
* FileName = C:\Users\scs.user.rb\CTD\GOMECC4\data\rb2103_0661.hex
* Software Version Seasave V 7.26.7.107
* Temperature SN = 4799
* Conductivity SN = 3860
* Number of Bytes Per Scan = 41
* Number of Voltage Words = 4
* Number of Scans Averaged by the Deck Unit = 1
* NMEA Latitude = 26 03.55 N
* NMEA Longitude = 096 04.91 W
* NMEA UTC (Time) = Oct 02 2021  23:29:35
* NMEA baud rate = 4800
# nquan = 28
# nvalues = 229                         
# units = specified
# name 0 = scan: Scan Count
# name 1 = timeS: Time, Elapsed [seconds]
# name 2 = depSM: Depth [salt water, m]
# name 3 = prDM: Pressure, Digiquartz [db]
# name 4 = t090C: Temperature [ITS-90, deg C]
# name 5 = t190C: Temperature, 2 [ITS-90, deg C]
# name 6 = c0S/m: Conductivity [S/m]
# name 7 = c1S/m: Conductivity, 2 [S/m]
# name 8 = sbeox0V: Oxygen raw, SBE 43 [V]
# name 9 = sbeox1V: Oxygen raw, SBE 43, 2 [V]
# name 10 = altM: Altimeter [m]
# name 11 = latitude: Latitude [deg]
# name 12 = longitude: Longitude [deg]
# name 13 = sbox0dV/dT: Oxygen, SBE 43 [dov/dt]
# name 14 = sbox1dV/dT: Oxygen, SBE 43, 2 [dov/dt]
# name 15 = sbeox0ML/L: Oxygen, SBE 43 [ml/l], WS = 5
# name 16 = sbeox1ML/L: Oxygen, SBE 43, 2 [ml/l], WS = 5
# name 17 = potemp090C: Potential Temperature [ITS-90, deg C]
# name 18 = potemp190C: Potential Temperature, 2 [ITS-90, deg C]
# name 19 = sal00: Salinity, Practical [PSU]
# name 20 = sal11: Salinity, Practical, 2 [PSU]
# name 21 = sigma-é00: Density [sigma-theta, kg/m^3]
# name 22 = sigma-é11: Density, 2 [sigma-theta, kg/m^3]
# name 23 = avgsvCM: Average Sound Velocity [Chen-Millero, m/s], minP = 20, minS = 20
# name 24 = sbox0Mm/Kg: Oxygen, SBE 43 [umol/kg], WS = 5
# name 25 = sbox1Mm/Kg: Oxygen, SBE 43, 2 [umol/kg], WS = 5
# name 26 = nbin: number of scans per bin
# name 27 = flag: flag
# span 0 =      51794,     110788       
# span 1 =   2158.057,   4616.123       
# span 2 =      1.987,    850.658       
# span 3 =      2.000,    858.000       
# span 4 =     5.7514,    29.3930       
# span 5 =     5.7516,    29.3927       
# span 6 =   3.444635,   5.827522       
# span 7 =   3.444621,   5.833318       
# span 8 =     1.6005,     3.3956       
# span 9 =     1.3040,     2.9033       
# span 10 =      11.06,     104.68      
# span 11 =   25.61548,   26.07056      
# span 12 =  -96.12009,  -94.44074      
# span 13 =   -0.00981,    0.02113      
# span 14 =   -0.01037,    0.02609      
# span 15 =     2.4806,     5.0694      
# span 16 =     2.4978,     5.0722      
# span 17 =     5.6755,    29.3925      
# span 18 =     5.6759,    29.3922      
# span 19 =    34.7507,    36.4470      
# span 20 =    34.7518,    36.4485      
# span 21 =    21.8482,    27.5270      
# span 22 =    21.8511,    27.5266      
# span 23 =    1475.21,    1501.43      
# span 24 =    107.857,    221.085      
# span 25 =    108.699,    221.270      
# span 26 =         30,         78      
# span 27 = 0.0000e+00, 0.0000e+00      
# interval = decibars: 1                
# start_time = Oct 02 2021 23:29:35 [NMEA time, header]
# bad_flag = -9.990e-29
*END*
[from data line 104]
      80561   3356.655    184.707    186.000    15.0101    15.0140   4.407493   4.407852     1.7752     1.4579      99.94   26.05992  -96.08144   -0.00013   -0.00038     2.5457     2.5619    14.9817    14.9856    35.9721    35.9717    26.7258    26.7247    1500.83    110.731    111.437         34 0.0000e+00
      80723   3363.422    178.751    180.000    15.2703    15.2804   4.437425   4.438504     1.7788     1.4617      64.30   26.05754  -96.07266    0.00094    0.00110     2.5377     2.5554    15.2425    15.2526    36.0073    36.0078    26.6947    26.6928    1500.69    110.385    111.157         30 0.0000e+00
      81341   3389.179    156.912    158.000    16.1427    16.1657   4.539846   4.542556     1.8168     1.4952     100.00   26.06152  -96.08725   -0.00001    0.00001     2.5701     2.5865    16.1173    16.1403    36.1433    36.1465    26.6005    26.5977    1500.92    111.806    112.521         43 0.0000e+00
      81398   3391.538    155.919    157.000    16.1395    16.1320   4.539309   4.538302     1.8156     1.4958     100.00   26.05994  -96.08144   -0.00066   -0.00016     2.5678     2.5896    16.1143    16.1068    36.1412    36.1390    26.5994    26.5995    1500.83    111.706    112.655         50 0.0000e+00
      81526   3396.891    153.933    155.000    16.2458    16.2698   4.549019   4.553427     1.8166     1.4953      99.93   26.04079  -96.01077    0.00034   -0.00041     2.5637     2.5801    16.2208    16.2450    36.1242    36.1311    26.5597    26.5595    1499.73    111.532    112.243         47 0.0000e+00
      81699   3404.097    152.941    154.000    16.3888    16.4003   4.567943   4.569792     1.8195     1.4972     100.00   26.05996  -96.08143   -0.00004   -0.00019     2.5617     2.5778    16.3638    16.3753    36.1708    36.1758    26.5641    26.5652    1500.83    111.446    112.144         42 0.0000e+00
      81799   3408.247    151.948    153.000    16.4267    16.4720   4.572249   4.578074     1.8201     1.4983      99.96   26.05996  -96.08142   -0.00018    0.00022     2.5608     2.5762    16.4019    16.4471    36.1751    36.1850    26.5585    26.5555    1500.83    111.405    112.078         41 0.0000e+00
      81893   3412.147    150.955    152.000    16.4573    16.4802   4.576145   4.578877     1.8206     1.4979     100.01   26.05996  -96.08143    0.00108   -0.00032     2.5598     2.5744    16.4326    16.4555    36.1823    36.1859    26.5568    26.5542    1500.83    111.364    111.997         44 0.0000e+00
      81999   3416.603    149.963    151.000    16.5228    16.5486   4.583523   4.586699     1.8172     1.4955     100.00   26.05997  -96.08143   -0.00081   -0.00103     2.5480     2.5643    16.4982    16.5239    36.1888    36.1936    26.5463    26.5439    1500.83    110.851    111.560         37 0.0000e+00
      82500   3437.449    148.970    150.000    16.6539    16.6519   4.599126   4.598472     1.8154     1.4944     100.00   26.05998  -96.08142   -0.00031   -0.00054     2.5366     2.5559    16.6293    16.6273    36.2040    36.2045    26.5271    26.5279    1500.83    110.358    111.195         59 0.0000e+00
      83217   3467.354    147.977    149.000    16.7370    16.7580   4.608617   4.611186     1.8134     1.4926     100.00   26.05999  -96.08142    0.00009   -0.00008     2.5265     2.5452    16.7125    16.7334    36.2175    36.2210    26.5178    26.5155    1500.83    109.921    110.733         60 0.0000e+00
      83277   3469.826    146.984    148.000    16.7481    16.7588   4.610244   4.611277     1.8140     1.4933     100.00   26.05999  -96.08142    0.00017    0.00027     2.5267     2.5467    16.7237    16.7344    36.2175    36.2209    26.5151    26.5152    1500.83    109.929    110.798         47 0.0000e+00
      83318   3471.559    145.992    147.000    16.7867    16.8304   4.613703   4.619629     1.8146     1.4937      99.67   26.06000  -96.08142    0.00034    0.00021     2.5261     2.5447    16.7625    16.8062    36.2224    36.2310    26.5096    26.5058    1500.83    109.904    110.712         41 0.0000e+00
      83362   3473.367    144.999    146.000    16.8651    16.8767   4.623420   4.624892     1.8169     1.4950      95.94   26.06000  -96.08142    0.00072    0.00048     2.5265     2.5440    16.8410    16.8525    36.2333    36.2359    26.4994    26.4986    1500.83    109.922    110.681         43 0.0000e+00
      83401   3475.003    144.006    145.000    16.9011    16.9318   4.627886   4.631226     1.8179     1.4959     100.06   26.06000  -96.08142    0.00102    0.00068     2.5266     2.5434    16.8771    16.9077    36.2405    36.2435    26.4963    26.4913    1500.83    109.926    110.655         36 0.0000e+00
      83434   3476.388    143.013    144.000    16.9648    16.9929   4.635471   4.638736     1.8193     1.4977     100.00   26.06000  -96.08142    0.00074    0.00078     2.5260     2.5442    16.9408    16.9690    36.2502    36.2534    26.4884    26.4842    1500.83    109.900    110.694         31 0.0000e+00
      83499   3479.074    141.027    142.000    17.0884    17.1016   4.650181   4.651704     1.8232     1.5005     100.00   26.06196  -96.08865    0.00140    0.00117     2.5274     2.5447    17.0647    17.0779    36.2693    36.2707    26.4737    26.4715    1500.94    109.965    110.714         30 0.0000e+00
      83964   3498.479    125.142    126.000    18.2799    18.4171   4.787685   4.803054     1.8349     1.5104     100.02   26.06663  -96.10585    0.00085    0.00105     2.4854     2.4978    18.2579    18.3951    36.4011    36.4101    26.2820    26.2543    1501.21    108.158    108.699         52 0.0000e+00
      84011   3500.418    124.149    125.000    18.3245    18.3781   4.791914   4.797343     1.8355     1.5099      81.05   26.06000  -96.08140    0.00008    0.00019     2.4841     2.4983    18.3026    18.3562    36.3951    36.3961    26.2654    26.2528    1500.83    108.100    108.720         52 0.0000e+00
      84079   3503.238    123.156    124.000    18.2786    18.3430   4.785633   4.793516     1.8337     1.5099     101.71   26.06000  -96.08140    0.00006   -0.00003     2.4824     2.4995    18.2579    18.3213    36.3817    36.3925    26.2663    26.2587    1500.83    108.029    108.770         41 0.0000e+00
      84165   3506.834    122.163    123.000    18.4538    18.5124   4.806779   4.812822     1.8386     1.5133      83.83   26.06000  -96.08140    0.00100    0.00086     2.4836     2.4990    18.4322    18.4907    36.4077    36.4074    26.2424    26.2273    1500.83    108.083    108.752         70 0.0000e+00
      84248   3510.292    121.170    122.000    18.6649    18.6343   4.830201   4.826249     1.8468     1.5180      98.90   26.06000  -96.08140    0.00233    0.00133     2.4921     2.5045    18.6433    18.6126    36.4203    36.4147    26.1985    26.2021    1500.83    108.458    108.994         63 0.0000e+00
      84336   3513.970    120.177    121.000    18.7119    18.6816   4.835313   4.832690     1.8524     1.5227     100.00   26.06001  -96.08140    0.00151    0.00144     2.5006     2.5128    18.6903    18.6601    36.4225    36.4271    26.1882    26.1995    1500.83    108.826    109.358         48 0.0000e+00
      84961   3540.013    119.184    120.000    18.8357    18.8011   4.849653   4.846522     1.8716     1.5398     100.00   26.06003  -96.08139    0.00107    0.00094     2.5296     2.5418    18.8143    18.7797    36.4321    36.4348    26.1639    26.1748    1500.83    110.090    110.624         48 0.0000e+00
      85638   3568.200    118.191    119.000    19.0015    18.9877   4.867733   4.866514     1.8991     1.5663      86.53   26.06004  -96.08138    0.00439    0.00356     2.5868     2.6019    18.9801    18.9664    36.4413    36.4431    26.1284    26.1333    1500.83    112.584    113.241         39 0.0000e+00
      85773   3573.825    117.199    118.000    19.0369    19.0355   4.871180   4.871251     1.9103     1.5785      99.88   26.06004  -96.08138    0.00347    0.00332     2.6092     2.6289    19.0154    19.0145    36.4413    36.4432    26.1193    26.1215    1500.83    113.558    114.419         65 0.0000e+00
      85838   3576.542    116.206    117.000    19.0947    19.1151   4.877466   4.879652     1.9186     1.5861     100.00   26.06004  -96.08138    0.00255    0.00278     2.6247     2.6432    19.0736    19.0940    36.4422    36.4426    26.1050    26.1001    1500.83    114.238    115.044         62 0.0000e+00
      85898   3579.040    115.213    116.000    19.1214    19.1470   4.880466   4.882806     1.9258     1.5944     100.00   26.06004  -96.08138    0.00327    0.00335     2.6386     2.6611    19.1004    19.1262    36.4446    36.4415    26.0999    26.0910    1500.83    114.844    115.824         56 0.0000e+00
      85945   3581.005    114.220    115.000    19.1868    19.2096   4.887192   4.889448     1.9318     1.6008     100.00   26.06004  -96.08138    0.00264    0.00303     2.6480     2.6730    19.1660    19.1888    36.4437    36.4426    26.0823    26.0756    1500.83    115.255    116.343         41 0.0000e+00
      85987   3582.754    113.227    114.000    19.2672    19.2949   4.895683   4.898466     1.9424     1.6097     100.00   26.06004  -96.08138    0.00423    0.00442     2.6668     2.6902    19.2465    19.2742    36.4447    36.4435    26.0622    26.0541    1500.83    116.072    117.093         44 0.0000e+00
      86031   3584.596    112.234    113.000    19.3347    19.3500   4.902452   4.904134     1.9585     1.6284     100.00   26.06005  -96.08138    0.00726    0.00742     2.6977     2.7313    19.3142    19.3295    36.4425    36.4432    26.0429    26.0394    1500.83    117.421    118.884         41 0.0000e+00
      86070   3586.211    111.241    112.000    19.3637    19.3810   4.905948   4.907890     1.9682     1.6342     100.00   26.06006  -96.08138    0.00773    0.00714     2.7168     2.7430    19.3433    19.3606    36.4468    36.4478    26.0386    26.0349    1500.83    118.255    119.396         38 0.0000e+00
      86110   3587.860    110.248    111.000    19.4098    19.4376   4.910762   4.913293     1.9735     1.6381     100.00   26.06006  -96.08138    0.00528    0.00374     2.7255     2.7496    19.3896    19.4173    36.4470    36.4472    26.0267    26.0196    1500.83    118.632    119.684         41 0.0000e+00
      86149   3589.502    109.255    110.000    19.4584    19.4828   4.915822   4.918553     1.9780     1.6399     100.00   26.06006  -96.08138    0.00318    0.00201     2.7324     2.7509    19.4383    19.4627    36.4470    36.4485    26.0140    26.0087    1500.83    118.935    119.740         36 0.0000e+00
      86183   3590.920    108.262    109.000    19.5420    19.5638   4.924452   4.927012     1.9820     1.6422     100.00   26.06006  -96.08138    0.00280    0.00155     2.7363     2.7526    19.5221    19.5439    36.4462    36.4485    25.9915    25.9875    1500.83    119.110    119.815         34 0.0000e+00
      86219   3592.414    107.269    108.000    19.5969    19.6295   4.930193   4.933441     1.9905     1.6516     100.00   26.06006  -96.08138    0.00356    0.00293     2.7513     2.7709    19.5771    19.6097    36.4464    36.4461    25.9772    25.9685    1500.83    119.762    120.617         37 0.0000e+00
      86256   3593.959    106.276    107.000    19.6358    19.6527   4.933709   4.935498     1.9999     1.6626     100.00   26.06006  -96.08138    0.00540    0.00555     2.7693     2.7949    19.6162    19.6331    36.4421    36.4422    25.9637    25.9593    1500.83    120.547    121.663         36 0.0000e+00
      86290   3595.373    105.283    106.000    19.6630    19.6842   4.936533   4.938444     2.0085     1.6724     100.00   26.06006  -96.08138    0.00611    0.00686     2.7860     2.8162    19.6435    19.6647    36.4422    36.4396    25.9566    25.9490    1500.83    121.277    122.592         33 0.0000e+00
      86324   3596.790    104.290    105.000    19.7076    19.7255   4.940345   4.941817     2.0188     1.6835     100.00   26.06006  -96.08138    0.00628    0.00716     2.8055     2.8402    19.6882    19.7061    36.4354    36.4320    25.9396    25.9323    1500.83    122.125    123.637         35 0.0000e+00
      86357   3598.171    103.297    104.000    19.7658    19.7945   4.945754   4.948249     2.0328     1.6997     100.00   26.06006  -96.08138    0.00763    0.00853     2.8322     2.8748    19.7466    19.7753    36.4299    36.4256    25.9200    25.9091    1500.83    123.291    125.148         31 0.0000e+00
      86388   3599.464    102.304    103.000    19.8524    19.8620   4.954897   4.956064     2.0485     1.7125     100.00   26.06006  -96.08138    0.00974    0.01048     2.8608     2.9009    19.8333    19.8430    36.4307    36.4320    25.8977    25.8961    1500.83    124.537    126.283         31 0.0000e+00
      86422   3600.870    101.311    102.000    19.8892    19.9018   4.958690   4.959658     2.0622     1.7215     100.00   26.06006  -96.08138    0.01117    0.00960     2.8879     2.9197    19.8703    19.8828    36.4304    36.4275    25.8877    25.8822    1500.83    125.718    127.106         37 0.0000e+00
      86459   3602.414    100.318    101.000    19.9754    20.0011   4.967174   4.969317     2.0740     1.7317     100.00   26.06006  -96.08138    0.00961    0.00696     2.9081     2.9382    19.9567    19.9823    36.4260    36.4214    25.8615    25.8511    1500.83    126.603    127.915         35 0.0000e+00
      86621   3609.153     97.339     98.000    20.2323    20.3008   4.995554   5.002472     2.0887     1.7383     100.04   26.07056  -96.12009    0.00161    0.00050     2.9231     2.9362    20.2139    20.2823    36.4424    36.4411    25.8065    25.7875    1501.43    127.264    127.834         52 0.0000e+00
      86651   3610.396     96.346     97.000    20.2094    20.2790   4.992080   4.998886     2.0863     1.7435      91.67   26.06006  -96.08138   -0.00054    0.00244     2.9192     2.9496    20.1912    20.2608    36.4299    36.4255    25.8019    25.7800    1500.83    127.093    128.418         54 0.0000e+00
      86731   3613.757     95.353     96.000    20.3377    20.3529   5.003003   5.005060     2.0989     1.7576     100.19   26.06007  -96.08138    0.00298    0.00347     2.9414     2.9778    20.3202    20.3348    36.4099    36.4127    25.7522    25.7504    1500.83    128.066    129.648         71 0.0000e+00
      86814   3617.227     94.360     95.000    20.3601    20.3887   5.005682   5.008424     2.1096     1.7620      95.70   26.06008  -96.08138    0.00331    0.00196     2.9602     2.9862    20.3422    20.3708    36.4121    36.4102    25.7479    25.7387    1500.83    128.883    130.015         66 0.0000e+00
      86901   3620.816     93.367     94.000    20.3965    20.4234   5.009097   5.011625     2.1188     1.7720      99.95   26.06008  -96.08138    0.00234    0.00253     2.9774     3.0073    20.3787    20.4056    36.4083    36.4064    25.7352    25.7265    1500.83    129.633    130.938         47 0.0000e+00
      86981   3624.160     92.374     93.000    20.4202    20.4354   5.010591   5.011862     2.1361     1.7909     100.00   26.06008  -96.08138    0.00529    0.00564     3.0125     3.0506    20.4027    20.4179    36.4011    36.3983    25.7233    25.7170    1500.83    131.162    132.823         62 0.0000e+00
      87074   3628.025     91.381     92.000    20.4500    20.4596   5.012011   5.013052     2.1647     1.8108     100.00   26.06008  -96.08138    0.00729    0.00536     3.0717     3.0957    20.4326    20.4422    36.3872    36.3865    25.7046    25.7015    1500.83    133.743    134.790         42 0.0000e+00
      87154   3631.360     90.388     91.000    20.4698    20.4842   5.013300   5.014176     2.1859     1.8386      91.00   26.06008  -96.08138    0.00700    0.00769     3.1137     3.1581    20.4525    20.4670    36.3799    36.3757    25.6936    25.6865    1500.83    135.574    137.508         78 0.0000e+00
