Gulf of Mexico/GOMECC-4/1db/urb2103_0791.cnv
* Sea-Bird SBE 9 Data File:
* FileName = C:\Users\scs.user.rb\CTD\GOMECC4\data\rb2103_0791.hex
* Software Version Seasave V 7.26.7.107
* Temperature SN = 4799
* Conductivity SN = 3860
* Number of Bytes Per Scan = 41
* Number of Voltage Words = 4
* Number of Scans Averaged by the Deck Unit = 1
* NMEA Latitude = 22 16.43 N
* NMEA Longitude = 097 21.67 W
* NMEA UTC (Time) = Oct 06 2021  04:28:40
* NMEA baud rate = 4800
# nquan = 28
# nvalues = 200                         
# units = specified
# name 0 = scan: Scan Count
# name 1 = timeS: Time, Elapsed [seconds]
# name 2 = depSM: Depth [salt water, m]
# name 3 = prDM: Pressure, Digiquartz [db]
# name 4 = t090C: Temperature [ITS-90, deg C]
# name 5 = t190C: Temperature, 2 [ITS-90, deg C]
# name 6 = c0S/m: Conductivity [S/m]
# name 7 = c1S/m: Conductivity, 2 [S/m]
# name 8 = sbeox0V: Oxygen raw, SBE 43 [V]
# name 9 = sbeox1V: Oxygen raw, SBE 43, 2 [V]
# name 10 = altM: Altimeter [m]
# name 11 = latitude: Latitude [deg]
# name 12 = longitude: Longitude [deg]
# name 13 = sbox0dV/dT: Oxygen, SBE 43 [dov/dt]
# name 14 = sbox1dV/dT: Oxygen, SBE 43, 2 [dov/dt]
# name 15 = sbeox0ML/L: Oxygen, SBE 43 [ml/l], WS = 5
# name 16 = sbeox1ML/L: Oxygen, SBE 43, 2 [ml/l], WS = 5
# name 17 = potemp090C: Potential Temperature [ITS-90, deg C]
# name 18 = potemp190C: Potential Temperature, 2 [ITS-90, deg C]
# name 19 = sal00: Salinity, Practical [PSU]
# name 20 = sal11: Salinity, Practical, 2 [PSU]
# name 21 = sigma-é00: Density [sigma-theta, kg/m^3]
# name 22 = sigma-é11: Density, 2 [sigma-theta, kg/m^3]
# name 23 = avgsvCM: Average Sound Velocity [Chen-Millero, m/s], minP = 20, minS = 20
# name 24 = sbox0Mm/Kg: Oxygen, SBE 43 [umol/kg], WS = 5
# name 25 = sbox1Mm/Kg: Oxygen, SBE 43, 2 [umol/kg], WS = 5
# name 26 = nbin: number of scans per bin
# name 27 = flag: flag
# span 0 =      17522,      47633       
# span 1 =    730.040,   1984.658       
# span 2 =      0.994,    236.377       
# span 3 =      1.000,    238.000       
# span 4 =    14.5127,    29.6688       
# span 5 =    14.5113,    29.5564       
# span 6 =   4.352150,   6.007930       
# span 7 =   4.351915,   6.008653       
# span 8 =     1.7182,     3.3263       
# span 9 =     1.4061,     2.8332       
# span 10 =       6.68,     100.85      
# span 11 =   22.24790,   22.45165      
# span 12 =  -98.13803,  -97.24743      
# span 13 =   -0.00383,    0.04385      
# span 14 =   -0.00601,    0.04113      
# span 15 =     2.4427,     4.9119      
# span 16 =     2.4580,     4.9082      
# span 17 =    14.4772,    29.6651      
# span 18 =    14.4757,    29.5527      
# span 19 =    29.7992,    36.5534      
# span 20 =    27.2224,    36.5164      
# span 21 =    18.0469,    26.7855      
# span 22 =    16.1297,    26.7855      
# span 23 =    1524.94,    1538.90      
# span 24 =    106.247,    214.198      
# span 25 =    106.916,    214.026      
# span 26 =         30,         73      
# span 27 = 0.0000e+00, 0.0000e+00      
# interval = decibars: 1                
# start_time = Oct 06 2021 04:28:40 [NMEA time, header]
# bad_flag = -9.990e-29
*END*
      17522    730.040    236.377    238.000    14.5127    14.5113   4.352172   4.351990     1.7182     1.4061       6.68   22.28358  -97.40340    0.00034    0.00005     2.4513     2.4682    14.4772    14.4757    35.9051    35.9047    26.7855    26.7855    1527.38    106.619    107.354         32 0.0000e+00
      17551    731.242    235.384    237.000    14.5275    14.5196   4.352513   4.351915     1.7186     1.4064       7.49   22.27406  -97.36178    0.00052    0.00023     2.4518     2.4684    14.4921    14.4842    35.8906    35.8928    26.7702    26.7736    1526.73    106.641    107.363         39 0.0000e+00
      17591    732.914    234.392    236.000    14.5290    14.5302   4.352945   4.352874     1.7193     1.4075       8.47   22.27406  -97.36178    0.00067    0.00055     2.4530     2.4705    14.4937    14.4949    35.8926    35.8922    26.7714    26.7708    1526.73    106.693    107.455         42 0.0000e+00
      17636    734.797    233.399    235.000    14.5238    14.5246   4.352150   4.352272     1.7200     1.4085       9.52   22.27406  -97.36178    0.00038    0.00062     2.4548     2.4731    14.4887    14.4895    35.8920    35.8923    26.7720    26.7720    1526.73    106.772    107.570         45 0.0000e+00
      17678    736.534    232.406    234.000    14.5271    14.5251   4.352417   4.352330     1.7211     1.4096      10.48   22.27406  -97.36178    0.00049    0.00057     2.4570     2.4757    14.4921    14.4902    35.8918    35.8925    26.7711    26.7720    1526.73    106.869    107.680         41 0.0000e+00
      17722    738.381    231.414    233.000    14.5410    14.5399   4.354098   4.353923     1.7225     1.4106      11.57   22.27406  -97.36178    0.00071    0.00063     2.4593     2.4775    14.5061    14.5050    35.8949    35.8947    26.7704    26.7706    1526.73    106.969    107.759         48 0.0000e+00
      17766    740.212    230.421    232.000    14.5526    14.5541   4.355418   4.355585     1.7218     1.4095      12.47   22.27406  -97.36178    0.00031    0.00012     2.4564     2.4732    14.5178    14.5194    35.8967    35.8968    26.7693    26.7690    1526.73    106.844    107.575         37 0.0000e+00
      17802    741.727    229.428    231.000    14.5672    14.5710   4.357151   4.357575     1.7208     1.4090      13.30   22.27405  -97.36178   -0.00045   -0.00051     2.4528     2.4706    14.5326    14.5364    35.8998    35.9001    26.7685    26.7679    1526.73    106.688    107.462         38 0.0000e+00
      17851    743.735    228.436    230.000    14.5862    14.5862   4.359277   4.359318     1.7202     1.4074      14.48   22.27405  -97.36180   -0.00046   -0.00058     2.4502     2.4654    14.5517    14.5517    35.9021    35.9025    26.7661    26.7664    1526.73    106.574    107.234         53 0.0000e+00
      17896    745.621    227.443    229.000    14.5940    14.5958   4.360907   4.360443     1.7198     1.4069      15.40   22.27406  -97.36180   -0.00028   -0.00057     2.4485     2.4637    14.5596    14.5614    35.9051    35.9017    26.7667    26.7637    1526.73    106.500    107.161         36 0.0000e+00
      17930    747.042    226.450    228.000    14.7389    14.7521   4.376804   4.378369     1.7208     1.4081      16.30   22.27405  -97.36180   -0.00004   -0.00003     2.4427     2.4580    14.7045    14.7177    35.9232    35.9254    26.7491    26.7479    1526.73    106.247    106.916         37 0.0000e+00
      17975    748.915    225.458    227.000    14.7837    14.7912   4.382377   4.383046     1.7231     1.4095      17.44   22.27405  -97.36180    0.00089    0.00069     2.4452     2.4588    14.7494    14.7569    35.9335    35.9328    26.7473    26.7451    1526.73    106.358    106.951         51 0.0000e+00
      18022    750.892    224.465    226.000    14.7931    14.7924   4.383276   4.383112     1.7241     1.4112      18.34   22.27406  -97.36181    0.00091    0.00076     2.4467     2.4630    14.7589    14.7582    35.9344    35.9327    26.7459    26.7447    1526.73    106.421    107.133         40 0.0000e+00
      18061    752.505    223.473    225.000    14.8070    14.8226   4.384908   4.386833     1.7247     1.4118      19.25   22.27404  -97.36180    0.00040    0.00070     2.4471     2.4628    14.7729    14.7885    35.9362    35.9394    26.7441    26.7432    1526.73    106.442    107.124         41 0.0000e+00
      18105    754.322    222.480    224.000    14.8387    14.8495   4.388750   4.389863     1.7262     1.4132      20.27   22.27404  -97.36182    0.00055    0.00058     2.4486     2.4647    14.8048    14.8155    35.9426    35.9429    26.7421    26.7399    1526.73    106.506    107.207         45 0.0000e+00
      18150    756.192    221.487    223.000    14.8629    14.8574   4.391308   4.390724     1.7276     1.4146      21.24   22.27404  -97.36182    0.00086    0.00077     2.4505     2.4676    14.8291    14.8236    35.9441    35.9439    26.7379    26.7389    1526.73    106.591    107.332         43 0.0000e+00
      18191    757.896    220.495    222.000    14.8766    14.8783   4.392929   4.393101     1.7282     1.4159      22.16   22.27404  -97.36182    0.00061    0.00078     2.4508     2.4698    14.8429    14.8445    35.9468    35.9465    26.7369    26.7363    1526.73    106.602    107.430         40 0.0000e+00
      18232    759.609    219.502    221.000    14.9010    14.9050   4.395796   4.396121     1.7288     1.4162      23.15   22.27404  -97.36182    0.00041    0.00054     2.4507     2.4687    14.8674    14.8714    35.9510    35.9503    26.7348    26.7334    1526.73    106.597    107.380         44 0.0000e+00
      18277    761.517    218.509    220.000    14.9422    14.9321   4.400343   4.399058     1.7302     1.4169      24.23   22.27404  -97.36182    0.00045    0.00018     2.4514     2.4688    14.9087    14.8986    35.9551    35.9526    26.7288    26.7292    1526.73    106.629    107.387         44 0.0000e+00
      18318    763.188    217.516    219.000    14.9610    14.9761   4.402865   4.404713     1.7320     1.4182      25.08   22.27404  -97.36182    0.00083    0.00055     2.4544     2.4702    14.9276    14.9431    35.9613    35.9636    26.7294    26.7277    1526.73    106.762    107.445         39 0.0000e+00
      18362    765.051    216.524    218.000    14.9996    15.0021   4.407173   4.407493     1.7337     1.4206      26.15   22.27404  -97.36183    0.00106    0.00102     2.4562     2.4743    14.9663    14.9688    35.9656    35.9662    26.7243    26.7242    1526.73    106.838    107.626         49 0.0000e+00
      18407    766.931    215.531    217.000    15.0093    15.0088   4.408328   4.408102     1.7346     1.4222      27.05   22.27405  -97.36184    0.00075    0.00113     2.4573     2.4779    14.9761    14.9756    35.9677    35.9661    26.7237    26.7225    1526.73    106.887    107.783         39 0.0000e+00
      18445    768.487    214.538    216.000    15.0205    15.0254   4.409636   4.410127     1.7355     1.4223      28.01   22.27405  -97.36184    0.00044    0.00059     2.4586     2.4770    14.9875    14.9924    35.9696    35.9696    26.7227    26.7216    1526.73    106.942    107.743         41 0.0000e+00
      18493    770.495    213.545    215.000    15.0438    15.0423   4.412151   4.411863     1.7374     1.4230      29.05   22.27405  -97.36184    0.00079    0.00022     2.4617     2.4775    15.0109    15.0094    35.9717    35.9704    26.7190    26.7184    1526.73    107.078    107.766         51 0.0000e+00
      18537    772.349    212.553    214.000    15.0537    15.0530   4.413343   4.413285     1.7387     1.4240      30.01   22.27406  -97.36184    0.00085    0.00041     2.4640     2.4794    15.0209    15.0202    35.9739    35.9740    26.7185    26.7188    1526.73    107.177    107.849         37 0.0000e+00
      18572    773.777    211.560    213.000    15.0745    15.0775   4.415643   4.416027     1.7397     1.4249      30.79   22.27406  -97.36184    0.00072    0.00059     2.4650     2.4801    15.0418    15.0448    35.9761    35.9769    26.7156    26.7155    1526.73    107.220    107.880         35 0.0000e+00
      18617    775.684    210.567    212.000    15.0898    15.0939   4.417478   4.417927     1.7396     1.4261      32.03   22.27406  -97.36184    0.00037    0.00064     2.4634     2.4820    15.0573    15.0614    35.9792    35.9795    26.7145    26.7139    1526.73    107.154    107.962         57 0.0000e+00
      18668    777.789    209.575    211.000    15.1015    15.0962   4.418834   4.418189     1.7399     1.4261      32.91   22.27406  -97.36184   -0.00001    0.00033     2.4633     2.4815    15.0691    15.0638    35.9812    35.9802    26.7135    26.7139    1526.73    107.149    107.940         39 0.0000e+00
      18703    779.258    208.582    210.000    15.1239    15.1288   4.421317   4.421383     1.7405     1.4264      33.84   22.27405  -97.36184    0.00023    0.00000     2.4632     2.4806    15.0917    15.0966    35.9844    35.9854    26.7109    26.7106    1526.73    107.143    107.900         37 0.0000e+00
      18747    781.083    207.589    209.000    15.1381    15.1406   4.423077   4.423388     1.7423     1.4273      34.93   22.27406  -97.36184    0.00059    0.00032     2.4664     2.4819    15.1059    15.1084    35.9871    35.9878    26.7099    26.7098    1526.73    107.283    107.956         51 0.0000e+00
      18796    783.136    206.596    208.000    15.1532    15.1477   4.424830   4.424229     1.7443     1.4281      35.92   22.27406  -97.36184    0.00104    0.00039     2.4701     2.4830    15.1212    15.1158    35.9896    35.9891    26.7084    26.7092    1526.73    107.445    108.006         42 0.0000e+00
      18833    784.653    205.604    207.000    15.1753    15.1764   4.427438   4.427637     1.7454     1.4293      36.75   22.27406  -97.36184    0.00093    0.00045     2.4712     2.4843    15.1434    15.1446    35.9935    35.9943    26.7064    26.7068    1526.73    107.493    108.064         34 0.0000e+00
      18872    786.297    204.611    206.000    15.2109    15.2157   4.431668   4.432207     1.7475     1.4328      37.82   22.27406  -97.36184    0.00093    0.00124     2.4739     2.4912    15.1791    15.1840    35.9997    36.0002    26.7033    26.7025    1526.73    107.611    108.362         49 0.0000e+00
      18925    788.506    203.618    205.000    15.2388    15.2385   4.435055   4.434679     1.7509     1.4361      38.85   22.27406  -97.36184    0.00141    0.00183     2.4801     2.4984    15.2071    15.2068    36.0053    36.0022    26.7013    26.6990    1526.73    107.882    108.675         48 0.0000e+00
      18965    790.146    202.625    204.000    15.2883    15.2947   4.440774   4.441318     1.7553     1.4398      39.71   22.27406  -97.36184    0.00181    0.00166     2.4876     2.5046    15.2567    15.2631    36.0123    36.0114    26.6956    26.6934    1526.73    108.206    108.949         35 0.0000e+00
      19124    796.774    200.640    202.000    15.4088    15.3861   4.453378   4.450734     1.7743     1.4571      41.76   22.26286  -97.31290    0.00188    0.00173     2.5262     2.5449    15.3774    15.3547    36.0120    36.0160    26.6671    26.6756    1525.96    109.889    110.700         33 0.0000e+00
      20665    861.002    197.662    199.000    15.5119    15.5231   4.469219   4.470081     1.7896     1.4717      44.86   22.28746  -97.42040    0.00008   -0.00001     2.5537     2.5738    15.4809    15.4920    36.0532    36.0671    26.6773    26.6862    1527.65    111.087    111.959         45 0.0000e+00
      20747    864.415    196.669    198.000    15.5179    15.5208   4.467612   4.467898     1.7885     1.4702      45.70   22.27408  -97.36190   -0.00003   -0.00011     2.5523     2.5701    15.4870    15.4898    36.0472    36.0475    26.6707    26.6703    1526.73    111.023    111.797         32 0.0000e+00
      20937    872.354    194.683    196.000    15.5594    15.5401   4.472128   4.470034     1.7900     1.4709      47.59   22.27299  -97.35715    0.00022   -0.00005     2.5529     2.5701    15.5287    15.5095    36.0513    36.0496    26.6643    26.6674    1526.66    111.051    111.797         58 0.0000e+00
      21023    875.927    193.690    195.000    15.5891    15.5925   4.476192   4.476620     1.7930     1.4729      48.60   22.27408  -97.36188    0.00081    0.00042     2.5578     2.5720    15.5585    15.5619    36.0612    36.0620    26.6653    26.6651    1526.73    111.265    111.883         47 0.0000e+00
      21071    877.922    192.697    194.000    15.6214    15.6211   4.479733   4.479779     1.7945     1.4757      49.42   22.27408  -97.36188    0.00086    0.00110     2.5593     2.5775    15.5909    15.5906    36.0640    36.0647    26.6601    26.6607    1526.73    111.331    112.121         42 0.0000e+00
      21123    880.087    191.705    193.000    15.6413    15.6470   4.482043   4.482727     1.7967     1.4769      50.54   22.27408  -97.36186    0.00092    0.00097     2.5632     2.5790    15.6110    15.6167    36.0671    36.0680    26.6579    26.6573    1526.73    111.498    112.186         61 0.0000e+00
      21172    882.104    190.712    192.000    15.6561    15.6583   4.483716   4.484086     1.7983     1.4796      51.36   22.27408  -97.36186    0.00092    0.00081     2.5656     2.5849    15.6259    15.6281    36.0681    36.0699    26.6553    26.6562    1526.73    111.603    112.444         33 0.0000e+00
      21204    883.472    189.719    191.000    15.7030    15.7275   4.489374   4.491986     1.8001     1.4807      52.33   22.27408  -97.36187    0.00093    0.00118     2.5670     2.5845    15.6729    15.6974    36.0776    36.0808    26.6519    26.6488    1526.73    111.664    112.428         40 0.0000e+00
      21265    886.006    188.726    190.000    15.7244    15.7296   4.491860   4.492369     1.8010     1.4822      53.89   22.27408  -97.36188    0.00066    0.00076     2.5675     2.5870    15.6944    15.6997    36.0808    36.0798    26.6495    26.6475    1526.73    111.690    112.538         42 0.0000e+00
      21354    889.688    186.741    188.000    15.8875    15.8968   4.511101   4.512998     1.8060     1.4859      55.41   22.28559  -97.41220    0.00099    0.00054     2.5679     2.5858    15.8561    15.8670    36.1091    36.1156    26.6347    26.6374    1527.52    111.706    112.486         44 0.0000e+00
      21400    891.611    185.747    187.000    15.8899    15.8965   4.511230   4.512020     1.8094     1.4886      56.48   22.27408  -97.36188    0.00199    0.00184     2.5769     2.5936    15.8602    15.8668    36.1050    36.1062    26.6302    26.6296    1526.73    112.097    112.827         52 0.0000e+00
      21440    893.295    184.755    186.000    15.9219    15.9125   4.515093   4.514039     1.8101     1.4892      57.35   22.27408  -97.36188    0.00119    0.00084     2.5765     2.5939    15.8923    15.8829    36.1110    36.1101    26.6274    26.6289    1526.73    112.084    112.840         36 0.0000e+00
      21483    895.066    183.762    185.000    15.9610    15.9633   4.519560   4.520020     1.8115     1.4914      58.42   22.27408  -97.36188    0.00065    0.00078     2.5772     2.5964    15.9315    15.9338    36.1158    36.1178    26.6221    26.6231    1526.73    112.113    112.948         49 0.0000e+00
      21530    897.057    182.769    184.000    15.9839    15.9813   4.522486   4.521902     1.8130     1.4934      59.45   22.27408  -97.36188    0.00073    0.00130     2.5790     2.6003    15.9546    15.9519    36.1215    36.1187    26.6212    26.6196    1526.73    112.192    113.117         43 0.0000e+00
      21570    898.715    181.776    183.000    16.0417    16.0509   4.529098   4.530292     1.8144     1.4928      60.25   22.27408  -97.36188    0.00083    0.00030     2.5788     2.5946    16.0125    16.0217    36.1284    36.1307    26.6132    26.6128    1526.73    112.183    112.873         41 0.0000e+00
