Gulf of Mexico/GOMECC-4/1db/urb2103_1191.cnv
* Sea-Bird SBE 9 Data File:
* FileName = C:\Users\scs.user.rb\CTD\GOMECC4\data\rb2103_1191.hex
* Software Version Seasave V 7.26.7.107
* Temperature SN = 4799
* Conductivity SN = 3860
* Number of Bytes Per Scan = 41
* Number of Voltage Words = 4
* Number of Scans Averaged by the Deck Unit = 1
* NMEA Latitude = 21 39.90 N
* NMEA Longitude = 085 58.80 W
* NMEA UTC (Time) = Oct 16 2021  05:31:44
* NMEA baud rate = 4800
# nquan = 28
# nvalues = 432                         
# units = specified
# name 0 = scan: Scan Count
# name 1 = timeS: Time, Elapsed [seconds]
# name 2 = depSM: Depth [salt water, m]
# name 3 = prDM: Pressure, Digiquartz [db]
# name 4 = t090C: Temperature [ITS-90, deg C]
# name 5 = t190C: Temperature, 2 [ITS-90, deg C]
# name 6 = c0S/m: Conductivity [S/m]
# name 7 = c1S/m: Conductivity, 2 [S/m]
# name 8 = sbeox0V: Oxygen raw, SBE 43 [V]
# name 9 = sbeox1V: Oxygen raw, SBE 43, 2 [V]
# name 10 = altM: Altimeter [m]
# name 11 = latitude: Latitude [deg]
# name 12 = longitude: Longitude [deg]
# name 13 = sbox0dV/dT: Oxygen, SBE 43 [dov/dt]
# name 14 = sbox1dV/dT: Oxygen, SBE 43, 2 [dov/dt]
# name 15 = sbeox0ML/L: Oxygen, SBE 43 [ml/l], WS = 5
# name 16 = sbeox1ML/L: Oxygen, SBE 43, 2 [ml/l], WS = 5
# name 17 = potemp090C: Potential Temperature [ITS-90, deg C]
# name 18 = potemp190C: Potential Temperature, 2 [ITS-90, deg C]
# name 19 = sal00: Salinity, Practical [PSU]
# name 20 = sal11: Salinity, Practical, 2 [PSU]
# name 21 = sigma-é00: Density [sigma-theta, kg/m^3]
# name 22 = sigma-é11: Density, 2 [sigma-theta, kg/m^3]
# name 23 = avgsvCM: Average Sound Velocity [Chen-Millero, m/s], minP = 20, minS = 20
# name 24 = sbox0Mm/Kg: Oxygen, SBE 43 [umol/kg], WS = 5
# name 25 = sbox1Mm/Kg: Oxygen, SBE 43, 2 [umol/kg], WS = 5
# name 26 = nbin: number of scans per bin
# name 27 = flag: flag
# span 0 =      63466,     147189       
# span 1 =   2644.375,   6132.813       
# span 2 =      0.994,   1858.973       
# span 3 =      1.000,   1879.000       
# span 4 =     4.2768,    30.1593       
# span 5 =     4.2775,    30.1586       
# span 6 =   3.349645,   6.041090       
# span 7 =   3.349642,   6.041261       
# span 8 =     1.6251,     3.1930       
# span 9 =     1.3222,     2.6912       
# span 10 =      14.49,     100.86      
# span 11 =   21.65005,   21.89387      
# span 12 =  -86.79126,  -85.82283      
# span 13 =   -0.00198,    0.01599      
# span 14 =   -0.00200,    0.01220      
# span 15 =     2.6972,     4.8206      
# span 16 =     2.7058,     4.8303      
# span 17 =     4.1188,    30.1551      
# span 18 =     4.1194,    30.1544      
# span 19 =    34.8772,    36.9927      
# span 20 =    34.8779,    36.9946      
# span 21 =    22.5087,    27.7539      
# span 22 =    22.5043,    27.7531      
# span 23 =    1498.91,    1515.83      
# span 24 =    117.285,    209.476      
# span 25 =    117.658,    209.895      
# span 26 =         30,         70      
# span 27 = 0.0000e+00, 0.0000e+00      
# interval = decibars: 1                
# start_time = Oct 16 2021 05:31:44 [NMEA time, header]
# bad_flag = -9.990e-29
*END*
[from data line 415]
     135717   5654.824     47.696     48.000    29.4498    29.4558   5.950391   5.950421     3.1738     2.6772     100.00   21.68975  -85.98846    0.00044   -0.00017     4.4028     4.3667    29.4384    29.4441    36.1735    36.1695    22.7977    22.7927    1501.83    192.247    190.669         53 0.0000e+00
     135771   5657.089     46.703     47.000    29.5168    29.4939   5.958441   5.955087     3.1733     2.6790     100.00   21.68976  -85.98846   -0.00053    0.00048     4.3963     4.3663    29.5053    29.4824    36.1789    36.1748    22.7791    22.7846    1501.83    191.967    190.655         59 0.0000e+00
     135833   5659.659     45.709     46.000    29.5488    29.5909   5.962529   5.968073     3.1757     2.6825     100.00   21.68978  -85.98848    0.00022    0.00105     4.3975     4.3659    29.5375    29.5795    36.1831    36.1894    22.7713    22.7617    1501.83    192.021    190.643         61 0.0000e+00
     135889   5661.980     44.716     45.000    29.5841    29.6247   5.966676   5.971274     3.1776     2.6833     100.00   21.68980  -85.98848    0.00141    0.00062     4.3974     4.3646    29.5732    29.6136    36.1851    36.1862    22.7606    22.7477    1501.83    192.017    190.587         53 0.0000e+00
     135948   5664.439     43.722     44.000    29.6394    29.6440   5.972492   5.973024     3.1794     2.6810      94.93   21.68981  -85.98850    0.00097   -0.00028     4.3973     4.3582    29.6285    29.6331    36.1828    36.1840    22.7402    22.7395    1501.83    192.016    190.309         63 0.0000e+00
     138493   5770.490     37.761     38.000    30.1073    30.1093   6.041090   6.041261     3.1930     2.6912     100.41   21.78666  -86.37076    0.00076    0.00039     4.3852     4.3464    30.0978    30.0998    36.3809    36.3800    22.7539    22.7525    1508.50    191.505    189.810         40 0.0000e+00
     137990   5749.524     36.767     37.000    29.9796    29.9815   6.014873   6.014996     3.1796     2.6821      99.99   21.69037  -85.98889    0.00061    0.00050     4.3659     4.3319    29.9704    29.9723    36.2196    36.2190    22.6510    22.6499    1501.83    190.661    189.177         34 0.0000e+00
     143953   5997.988     16.894     17.000    30.1593    30.1586   6.032680   6.033419     3.1771     2.6800     100.86   21.89387  -86.79126   -0.00015   -0.00049     4.3504     4.3198    30.1551    30.1544    36.3775    36.3830    22.7597    22.7641    1515.83    190.005    188.669         40 0.0000e+00
     144309   6012.823      8.944      9.000    29.7958    29.7923   5.959110   5.959553     3.1407     2.6507      99.81   21.65005  -85.82283    0.00007    0.00041     4.3003     4.2714    29.7935    29.7900    35.9626    35.9567    22.5087    22.5043    1498.91    187.816    186.554         40 0.0000e+00
     144644   6026.778      7.950      8.000    29.8486    29.8473   5.970818   5.970701     3.1464     2.6566     100.00   21.69228  -85.99018   -0.00025    0.00008     4.3065     4.2809    29.8466    29.8453    36.0262    36.0264    22.5483    22.5489    1501.83    188.086    186.970         52 0.0000e+00
     144689   6028.660      6.956      7.000    29.8447    29.8461   5.970242   5.970511     3.1461     2.6547      96.88   21.69229  -85.99019    0.00011    0.00015     4.3059     4.2766    29.8430    29.8443    36.0255    36.0263    22.5490    22.5491    1501.83    188.059    186.782         40 0.0000e+00
     144730   6030.362      5.963      6.000    29.8437    29.8460   5.970155   5.970481     3.1469     2.6540      88.02   21.69230  -85.99020   -0.00001   -0.00128     4.3068     4.2748    29.8422    29.8445    36.0259    36.0265    22.5496    22.5492    1501.83    188.101    186.704         44 0.0000e+00
     144778   6032.362      4.969      5.000    29.8441    29.8469   5.970157   5.970540     3.1484     2.6562      60.14   21.69232  -85.99020    0.00062    0.00054     4.3089     4.2785    29.8428    29.8457    36.0259    36.0264    22.5493    22.5487    1501.83    188.192    186.863         47 0.0000e+00
     144829   6034.505      3.975      4.000    29.8461    29.8486   5.970405   5.970763     3.1466     2.6572      79.98   21.69233  -85.99022    0.00001    0.00096     4.3051     4.2799    29.8451    29.8476    36.0265    36.0270    22.5490    22.5485    1501.83    188.028    186.927         33 0.0000e+00
     145708   6071.115      2.981      3.000    29.8434    29.8422   5.969952   5.969702     3.1489     2.6570      91.48   21.69260  -85.99039    0.00025    0.00024     4.3085     4.2795    29.8427    29.8414    36.0244    36.0248    22.5482    22.5490    1501.83    188.173    186.910         43 0.0000e+00
     147189   6132.813      1.988      2.000    29.8326    29.8350   5.968105   5.968453     3.1448     2.6567      61.57   21.69305  -85.99068   -0.00069    0.00041     4.3021     4.2791    29.8321    29.8345    36.0215    36.0220    22.5497    22.5492    1501.83    187.893    186.890         45 0.0000e+00
     147132   6130.451      0.994      1.000    29.8334    29.8353   5.968243   5.968567     3.1454     2.6550      98.73   21.69303  -85.99068    0.00001   -0.00081     4.3024     4.2750    29.8331    29.8350    36.0221    36.0229    22.5498    22.5497    1501.83    187.907    186.712         50 0.0000e+00
