Gulf of Mexico/GOMECC-4/1db/urb2103_1051.cnv
* Sea-Bird SBE 9 Data File:
* FileName = C:\Users\scs.user.rb\CTD\GOMECC4\data\rb2103_1051.hex
* Software Version Seasave V 7.26.7.107
* Temperature SN = 4799
* Conductivity SN = 3860
* Number of Bytes Per Scan = 41
* Number of Voltage Words = 4
* Number of Scans Averaged by the Deck Unit = 1
* NMEA Latitude = 25 29.58 N
* NMEA Longitude = 087 59.90 W
* NMEA UTC (Time) = Oct 13 2021  14:16:10
* NMEA baud rate = 4800
# nquan = 28
# nvalues = 464                         
# units = specified
# name 0 = scan: Scan Count
# name 1 = timeS: Time, Elapsed [seconds]
# name 2 = depSM: Depth [salt water, m]
# name 3 = prDM: Pressure, Digiquartz [db]
# name 4 = t090C: Temperature [ITS-90, deg C]
# name 5 = t190C: Temperature, 2 [ITS-90, deg C]
# name 6 = c0S/m: Conductivity [S/m]
# name 7 = c1S/m: Conductivity, 2 [S/m]
# name 8 = sbeox0V: Oxygen raw, SBE 43 [V]
# name 9 = sbeox1V: Oxygen raw, SBE 43, 2 [V]
# name 10 = altM: Altimeter [m]
# name 11 = latitude: Latitude [deg]
# name 12 = longitude: Longitude [deg]
# name 13 = sbox0dV/dT: Oxygen, SBE 43 [dov/dt]
# name 14 = sbox1dV/dT: Oxygen, SBE 43, 2 [dov/dt]
# name 15 = sbeox0ML/L: Oxygen, SBE 43 [ml/l], WS = 5
# name 16 = sbeox1ML/L: Oxygen, SBE 43, 2 [ml/l], WS = 5
# name 17 = potemp090C: Potential Temperature [ITS-90, deg C]
# name 18 = potemp190C: Potential Temperature, 2 [ITS-90, deg C]
# name 19 = sal00: Salinity, Practical [PSU]
# name 20 = sal11: Salinity, Practical, 2 [PSU]
# name 21 = sigma-é00: Density [sigma-theta, kg/m^3]
# name 22 = sigma-é11: Density, 2 [sigma-theta, kg/m^3]
# name 23 = avgsvCM: Average Sound Velocity [Chen-Millero, m/s], minP = 20, minS = 20
# name 24 = sbox0Mm/Kg: Oxygen, SBE 43 [umol/kg], WS = 5
# name 25 = sbox1Mm/Kg: Oxygen, SBE 43, 2 [umol/kg], WS = 5
# name 26 = nbin: number of scans per bin
# name 27 = flag: flag
# span 0 =      96464,     243664       
# span 1 =   4019.290,  10152.610       
# span 2 =      0.994,   3273.781       
# span 3 =      1.000,   3321.000       
# span 4 =     4.2992,    29.7572       
# span 5 =     4.3002,    29.7496       
# span 6 =   3.351074,   6.021907       
# span 7 =   3.351050,   6.021133       
# span 8 =     1.6014,     3.1861       
# span 9 =     1.3005,     2.6973       
# span 10 =      10.29,     102.54      
# span 11 =   25.36716,   25.74571      
# span 12 =  -88.80901,  -87.50483      
# span 13 =   -0.00206,    0.01208      
# span 14 =   -0.00194,    0.01118      
# span 15 =     2.6074,     4.7292      
# span 16 =     2.6161,     4.7214      
# span 17 =     4.0797,    29.7560      
# span 18 =     4.0805,    29.7484      
# span 19 =    34.8923,    37.0093      
# span 20 =    34.8919,    37.0081      
# span 21 =    22.7485,    27.7599      
# span 22 =    22.7485,    27.7589      
# span 23 =    1498.59,    1520.93      
# span 24 =    113.372,    205.501      
# span 25 =    113.751,    205.163      
# span 26 =         30,         71      
# span 27 = 0.0000e+00, 0.0000e+00      
# interval = decibars: 1                
# start_time = Oct 13 2021 14:16:10 [NMEA time, header]
# bad_flag = -9.990e-29
*END*
[from data line 311]
     193868   8077.777    525.899    530.000    11.5564    11.5701   4.023458   4.024870     1.7177     1.4068     100.01   25.50676  -88.00081    0.00102    0.00112     2.7286     2.7417    11.4877    11.5014    35.4197    35.4205    27.0125    27.0106    1507.08    118.655    119.224         31 0.0000e+00
     194551   8106.234    520.944    525.000    11.6286    11.6726   4.035999   4.036803     1.7302     1.4179      96.21   25.50068  -87.97963   -0.00014   -0.00025     2.7497     2.7648    11.5603    11.6041    35.4220    35.4261    27.0003    26.9952    1506.71    119.573    120.230         48 0.0000e+00
     195796   8158.114    519.953    524.000    11.9087    11.8991   4.062561   4.061556     1.7418     1.4280     100.02   25.50514  -87.99456    0.00022    0.00041     2.7685     2.7810    11.8394    11.8299    35.4704    35.4690    26.9854    26.9861    1506.97    120.392    120.934         68 0.0000e+00
     195853   8160.484    518.962    523.000    11.9295    11.9094   4.064809   4.062596     1.7422     1.4283     100.00   25.50514  -87.99456    0.00019    0.00011     2.7678     2.7810    11.8603    11.8403    35.4728    35.4703    26.9833    26.9852    1506.97    120.364    120.938         51 0.0000e+00
     195894   8162.195    517.971    522.000    11.9450    11.9336   4.066711   4.065261     1.7434     1.4285     100.00   25.50514  -87.99456    0.00035    0.00017     2.7696     2.7795    11.8759    11.8645    35.4767    35.4736    26.9834    26.9831    1506.97    120.439    120.870         35 0.0000e+00
     195966   8165.192    515.989    520.000    11.9766    11.9784   4.070323   4.070340     1.7449     1.4310     100.00   25.50615  -87.99798    0.00055    0.00068     2.7707     2.7833    11.9076    11.9094    35.4835    35.4819    26.9826    26.9810    1507.03    120.490    121.034         35 0.0000e+00
     195994   8166.366    514.998    519.000    12.0218    12.0180   4.074917   4.075096     1.7463     1.4325     100.00   25.50516  -87.99456    0.00071    0.00102     2.7707     2.7840    11.9522    11.9490    35.4861    35.4852    26.9760    26.9759    1506.97    120.487    121.068         35 0.0000e+00
     196026   8167.720    514.007    518.000    12.1430    12.1176   4.088687   4.085668     1.7486     1.4340     100.00   25.50516  -87.99456    0.00107    0.00101     2.7688     2.7824    12.0737    12.0483    35.5052    35.5000    26.9674    26.9683    1506.97    120.409    120.999         31 0.0000e+00
     196058   8169.026    513.016    517.000    12.1963    12.1857   4.094652   4.093544     1.7516     1.4367     100.00   25.50516  -87.99456    0.00163    0.00134     2.7730     2.7853    12.1269    12.1163    35.5131    35.5124    26.9633    26.9648    1506.97    120.591    121.125         31 0.0000e+00
     196174   8173.892    509.051    513.000    12.2799    12.2796   4.104635   4.104535     1.7603     1.4445     100.00   25.50595  -87.99721    0.00176    0.00163     2.7890     2.8005    12.2107    12.2105    35.5328    35.5320    26.9624    26.9619    1507.02    121.285    121.786         30 0.0000e+00
     196200   8174.957    508.060    512.000    12.2913    12.2920   4.105632   4.105741     1.7616     1.4456     100.00   25.50518  -87.99456    0.00148    0.00137     2.7914     2.8027    12.2222    12.2230    35.5326    35.5322    26.9599    26.9595    1506.97    121.392    121.882         32 0.0000e+00
     196303   8179.260    504.096    508.000    12.3121    12.3147   4.107786   4.108072     1.7649     1.4481     100.00   25.50515  -87.99445    0.00074    0.00066     2.7972     2.8069    12.2435    12.2461    35.5356    35.5359    26.9581    26.9579    1506.97    121.642    122.067         34 0.0000e+00
     196415   8183.903    500.131    504.000    12.3243    12.3240   4.109188   4.109058     1.7673     1.4503      83.20   25.50574  -87.99643    0.00063    0.00055     2.8016     2.8115    12.2562    12.2559    35.5386    35.5377    26.9580    26.9574    1507.00    121.836    122.263         30 0.0000e+00
     196673   8194.666    490.220    494.000    12.6201    12.6256   4.142217   4.142876     1.7817     1.4644      99.98   25.50457  -87.99231    0.00160    0.00171     2.8164     2.8290    12.5523    12.5578    35.5820    35.5832    26.9335    26.9333    1506.93    122.480    123.029         31 0.0000e+00
     197448   8226.955    461.474    465.000    13.1974    13.2006   4.207471   4.207791     1.8225     1.5008     100.00   25.50543  -87.99495    0.00145    0.00122     2.8737     2.8848    13.1318    13.1349    35.6757    35.6757    26.8899    26.8893    1506.98    124.979    125.462         31 0.0000e+00
     198114   8254.723    436.690    440.000    14.5633    14.5672   4.366072   4.366308     1.9128     1.5813     100.00   25.50588  -87.99623    0.00296    0.00242     3.0015     3.0098    14.4970    14.5009    35.8997    35.8984    26.7762    26.7743    1507.00    130.552    130.914         30 0.0000e+00
     198332   8263.792    429.750    433.000    14.9885    15.0003   4.416588   4.418056     1.9508     1.6178     100.01   25.50874  -88.00606    0.00462    0.00402     3.0629     3.0779    14.9226    14.9338    35.9760    35.9781    26.7422    26.7413    1507.17    133.228    133.878         35 0.0000e+00
     198436   8268.124    427.767    431.000    15.0302    15.0452   4.420244   4.421695     1.9587     1.6268      99.97   25.49746  -87.96705    0.00080    0.00075     3.0808     3.0987    14.9639    14.9788    35.9686    35.9678    26.7266    26.7225    1506.50    134.008    134.784         39 0.0000e+00
     198627   8276.063    426.775    430.000    15.0499    15.0714   4.423182   4.425822     1.9639     1.6303     100.00   25.50543  -87.99450    0.00087    0.00047     3.0918     3.1058    14.9836    15.0051    35.9806    35.9835    26.7320    26.7295    1506.97    134.483    135.096         34 0.0000e+00
     198859   8285.732    424.793    428.000    15.0847    15.1350   4.428210   4.432925     1.9679     1.6366     100.00   25.50656  -87.99834    0.00031    0.00077     3.0972     3.1188    15.0187    15.0688    35.9877    35.9938    26.7297    26.7234    1507.04    134.720    135.658         46 0.0000e+00
     198953   8289.656    423.801    427.000    15.1056    15.1550   4.429885   4.435613     1.9699     1.6379     100.00   25.50546  -87.99450    0.00059    0.00031     3.1011     3.1195    15.0397    15.0889    35.9904    35.9972    26.7271    26.7214    1506.97    134.889    135.689         51 0.0000e+00
     199073   8294.660    422.809    426.000    15.1510    15.2132   4.434963   4.442065     1.9726     1.6410     100.00   25.50546  -87.99450    0.00069    0.00089     3.1042     3.1249    15.0850    15.1471    35.9954    36.0050    26.7209    26.7145    1506.97    135.025    135.926         53 0.0000e+00
     200392   8349.613    421.818    425.000    15.2504    15.2613   4.446875   4.447950     1.9832     1.6467     100.00   25.50561  -87.99446    0.00019   -0.00033     3.1229     3.1354    15.1843    15.1953    36.0130    36.0127    26.7123    26.7096    1506.97    135.840    136.384         60 0.0000e+00
     200723   8363.414    420.827    424.000    15.2765    15.2805   4.449814   4.450260     1.9863     1.6489     100.00   25.50564  -87.99446    0.00042    0.00054     3.1282     3.1395    15.2105    15.2145    36.0161    36.0165    26.7089    26.7083    1506.97    136.072    136.563         44 0.0000e+00
     200771   8365.420    419.835    423.000    15.2858    15.2842   4.450923   4.450804     1.9878     1.6498     100.00   25.50564  -87.99446    0.00052    0.00030     3.1309     3.1412    15.2200    15.2184    36.0177    36.0175    26.7080    26.7082    1506.97    136.187    136.635         36 0.0000e+00
     200809   8366.991    418.844    422.000    15.3259    15.3170   4.454751   4.453969     1.9885     1.6513     100.00   25.50565  -87.99446    0.00073    0.00068     3.1298     3.1431    15.2601    15.2512    36.0223    36.0226    26.7025    26.7048    1506.97    136.142    136.720         41 0.0000e+00
     200847   8368.573    417.852    421.000    15.3618    15.3544   4.459875   4.458973     1.9899     1.6523     100.00   25.50566  -87.99446    0.00062    0.00091     3.1298     3.1426    15.2960    15.2887    36.0304    36.0289    26.7007    26.7013    1506.97    136.143    136.698         34 0.0000e+00
     200924   8371.784    415.869    419.000    15.4514    15.4494   4.470578   4.470393     1.9960     1.6582     100.01   25.50754  -88.00095    0.00183    0.00174     3.1381     3.1515    15.3857    15.3837    36.0475    36.0470    26.6940    26.6940    1507.08    136.503    137.086         35 0.0000e+00
     200943   8372.600    414.878    418.000    15.4916    15.4783   4.475284   4.473497     1.9994     1.6614     100.00   25.50566  -87.99446    0.00247    0.00230     3.1428     3.1574    15.4259    15.4127    36.0522    36.0483    26.6884    26.6883    1506.97    136.710    137.343         31 0.0000e+00
     201053   8377.147    410.911    414.000    15.6908    15.6930   4.498960   4.499171     2.0133     1.6715     100.00   25.50536  -87.99337    0.00319    0.00222     3.1611     3.1680    15.6252    15.6274    36.0853    36.0852    26.6687    26.6681    1506.95    137.509    137.810         33 0.0000e+00
     201172   8382.107    406.945    410.000    15.7979    15.8003   4.511951   4.512153     2.0232     1.6812      99.79   25.50639  -87.99690    0.00228    0.00198     3.1759     3.1852    15.7327    15.7351    36.1063    36.1060    26.6605    26.6597    1507.01    138.152    138.557         31 0.0000e+00
     201290   8387.027    402.979    406.000    15.8364    15.8373   4.516473   4.516550     2.0278     1.6864     100.01   25.50800  -88.00239    0.00109    0.00113     3.1828     3.1948    15.7717    15.7725    36.1141    36.1140    26.6577    26.6574    1507.11    138.451    138.973         30 0.0000e+00
     201302   8387.537    401.987    405.000    15.8392    15.8385   4.516486   4.516439     2.0288     1.6869     100.00   25.50570  -87.99446    0.00103    0.00107     3.1847     3.1956    15.7746    15.7739    36.1112    36.1114    26.6546    26.6549    1506.97    138.536    139.011         30 0.0000e+00
     201405   8391.827    398.021    401.000    15.8765    15.8820   4.520678   4.521310     2.0310     1.6884     100.00   25.50551  -87.99374    0.00048    0.00028     3.1858     3.1951    15.8124    15.8180    36.1177    36.1173    26.6509    26.6494    1506.96    138.582    138.990         30 0.0000e+00
     201501   8395.844    394.054    397.000    16.0454    16.0413   4.540653   4.540155     2.0413     1.6982      99.99   25.50436  -87.98977    0.00258    0.00230     3.1970     3.2083    15.9815    15.9775    36.1424    36.1417    26.6310    26.6313    1506.89    139.074    139.565         31 0.0000e+00
     201616   8400.629    390.088    393.000    16.2006    16.2396   4.559354   4.563474     2.0535     1.7086      99.98   25.50550  -87.99362    0.00287    0.00251     3.2137     3.2208    16.1370    16.1759    36.1702    36.1714    26.6165    26.6084    1506.96    139.801    140.113         31 0.0000e+00
     203376   8473.960    326.612    329.000    18.2795    18.2872   4.808753   4.809417     2.2297     1.8673      86.64   25.50917  -88.00564    0.00163    0.00148     3.4493     3.4600    18.2217    18.2294    36.5023    36.5030    26.3683    26.3668    1507.16    150.090    150.556         51 0.0000e+00
     205419   8559.097    322.645    325.000    18.5444    18.5434   4.840463   4.840361     2.2295     1.8661      92.68   25.50683  -87.99677    0.00043    0.00047     3.4278     3.4374    18.4867    18.4857    36.5374    36.5374    26.3280    26.3283    1507.01    149.158    149.575         57 0.0000e+00
     205488   8561.955    321.653    324.000    18.5544    18.5480   4.841586   4.840889     2.2328     1.8697     100.19   25.50614  -87.99438    0.00099    0.00104     3.4339     3.4455    18.4969    18.4905    36.5378    36.5377    26.3257    26.3272    1506.97    149.424    149.928         61 0.0000e+00
     205535   8563.918    320.661    323.000    18.6016    18.5590   4.846979   4.842244     2.2366     1.8721     100.00   25.50614  -87.99438    0.00161    0.00135     3.4388     3.4504    18.5441    18.5017    36.5424    36.5399    26.3172    26.3261    1506.97    149.639    150.143         37 0.0000e+00
     205570   8565.355    319.669    322.000    18.6410    18.6082   4.851988   4.848154     2.2399     1.8740      85.70   25.50614  -87.99438    0.00203    0.00120     3.4430     3.4513    18.5837    18.5509    36.5503    36.5468    26.3132    26.3188    1506.97    149.822    150.180         32 0.0000e+00
     205603   8566.755    318.677    321.000    18.6810    18.6603   4.856461   4.854143     2.2385     1.8750      92.47   25.50615  -87.99438    0.00151    0.00126     3.4365     3.4497    18.6237    18.6031    36.5542    36.5522    26.3060    26.3097    1506.97    149.541    150.113         37 0.0000e+00
     205642   8568.391    317.685    320.000    18.7228    18.6983   4.861561   4.858821     2.2331     1.8701     100.27   25.50616  -87.99438   -0.00126   -0.00035     3.4208     3.4345    18.6656    18.6411    36.5596    36.5582    26.2995    26.3046    1506.97    148.860    149.455         37 0.0000e+00
     206265   8594.338    294.867    297.000    19.5247    19.5145   4.958663   4.957487     2.2837     1.9140     100.00   25.50660  -87.99569    0.00315    0.00275     3.4664     3.4765    19.4701    19.4598    36.6763    36.6755    26.1810    26.1831    1506.99    150.859    151.299         31 0.0000e+00
     207540   8647.473    247.241    249.000    21.0112    21.0094   5.135327   5.135094     2.3309     1.9516     100.00   25.50583  -87.99258    0.00285    0.00178     3.4438     3.4467    20.9630    20.9612    36.8483    36.8480    25.9119    25.9121    1506.94    149.916    150.040         30 0.0000e+00
     208048   8668.638    230.370    232.000    21.7919    21.8481   5.228067   5.234222     2.3564     1.9761     100.02   25.51035  -88.00797    0.00037    0.00098     3.4373     3.4426    21.7458    21.8023    36.9277    36.9325    25.7556    25.7442    1507.20    149.658    149.887         37 0.0000e+00
     212780   8865.791    223.423    225.000    22.3266    22.3260   5.290015   5.289977     2.3913     2.0045     100.03   25.51479  -88.02155    0.00036   -0.00022     3.4711     3.4747    22.2811    22.2806    36.9674    36.9690    25.6348    25.6363    1507.44    151.145    151.304         56 0.0000e+00
     212776   8865.619    222.431    224.000    22.3201    22.3199   5.288340   5.288425     2.3909     2.0030     100.00   25.50688  -87.99426    0.00014   -0.00043     3.4704     3.4713    22.2748    22.2747    36.9571    36.9575    25.6277    25.6281    1506.97    151.117    151.153         56 0.0000e+00
     212823   8867.597    221.438    223.000    22.3301    22.3288   5.289404   5.289319     2.3911     2.0059     100.00   25.50690  -87.99426    0.00005    0.00046     3.4698     3.4768    22.2851    22.2837    36.9573    36.9578    25.6249    25.6257    1506.97    151.089    151.396         41 0.0000e+00
     212860   8869.109    220.446    222.000    22.3474    22.3458   5.291371   5.291235     2.3934     2.0068      99.67   25.50690  -87.99426    0.00049    0.00124     3.4729     3.4775    22.3025    22.3010    36.9584    36.9587    25.6208    25.6214    1506.97    151.226    151.424         33 0.0000e+00
     212893   8870.492    219.453    221.000    22.3766    22.3754   5.294779   5.294662     2.3933     2.0079      99.99   25.50690  -87.99426    0.00088    0.00083     3.4704     3.4775    22.3319    22.3307    36.9607    36.9608    25.6142    25.6146    1506.97    151.119    151.428         36 0.0000e+00
