Gulf of Mexico/GOMECC-4/1db/urb2103_1082.cnv
* Sea-Bird SBE 9 Data File:
* FileName = C:\Users\scs.user.rb\CTD\GOMECC4\data\rb2103_1081.hex
* Software Version Seasave V 7.26.7.107
* Temperature SN = 4799
* Conductivity SN = 3860
* Number of Bytes Per Scan = 41
* Number of Voltage Words = 4
* Number of Scans Averaged by the Deck Unit = 1
* NMEA Latitude = 22 55.36 N
* NMEA Longitude = 086 22.48 W
* NMEA UTC (Time) = Oct 14 2021  21:53:13
* NMEA baud rate = 4800
# nquan = 28
# nvalues = 347                         
# units = specified
# name 0 = scan: Scan Count
# name 1 = timeS: Time, Elapsed [seconds]
# name 2 = depSM: Depth [salt water, m]
# name 3 = prDM: Pressure, Digiquartz [db]
# name 4 = t090C: Temperature [ITS-90, deg C]
# name 5 = t190C: Temperature, 2 [ITS-90, deg C]
# name 6 = c0S/m: Conductivity [S/m]
# name 7 = c1S/m: Conductivity, 2 [S/m]
# name 8 = sbeox0V: Oxygen raw, SBE 43 [V]
# name 9 = sbeox1V: Oxygen raw, SBE 43, 2 [V]
# name 10 = altM: Altimeter [m]
# name 11 = latitude: Latitude [deg]
# name 12 = longitude: Longitude [deg]
# name 13 = sbox0dV/dT: Oxygen, SBE 43 [dov/dt]
# name 14 = sbox1dV/dT: Oxygen, SBE 43, 2 [dov/dt]
# name 15 = sbeox0ML/L: Oxygen, SBE 43 [ml/l], WS = 5
# name 16 = sbeox1ML/L: Oxygen, SBE 43, 2 [ml/l], WS = 5
# name 17 = potemp090C: Potential Temperature [ITS-90, deg C]
# name 18 = potemp190C: Potential Temperature, 2 [ITS-90, deg C]
# name 19 = sal00: Salinity, Practical [PSU]
# name 20 = sal11: Salinity, Practical, 2 [PSU]
# name 21 = sigma-é00: Density [sigma-theta, kg/m^3]
# name 22 = sigma-é11: Density, 2 [sigma-theta, kg/m^3]
# name 23 = avgsvCM: Average Sound Velocity [Chen-Millero, m/s], minP = 20, minS = 20
# name 24 = sbox0Mm/Kg: Oxygen, SBE 43 [umol/kg], WS = 5
# name 25 = sbox1Mm/Kg: Oxygen, SBE 43, 2 [umol/kg], WS = 5
# name 26 = nbin: number of scans per bin
# name 27 = flag: flag
# span 0 =      78251,     156988       
# span 1 =   3260.416,   6541.116       
# span 2 =      0.994,    998.244       
# span 3 =      1.000,   1007.000       
# span 4 =     5.1538,    31.5041       
# span 5 =     5.1539,    31.3718       
# span 6 =   3.397784,   6.300135       
# span 7 =   3.397760,   6.300964       
# span 8 =     1.6186,     3.3133       
# span 9 =     1.3174,     2.8012       
# span 10 =      10.46,     101.96      
# span 11 =   22.69897,   23.93018      
# span 12 =  -90.11651,  -85.48441      
# span 13 =   -0.00251,    0.01750      
# span 14 =   -0.00270,    0.01455      
# span 15 =     2.6663,     4.5121      
# span 16 =     2.6808,     4.4898      
# span 17 =     5.0683,    31.5036      
# span 18 =     5.0682,    31.3713      
# span 19 =    34.8811,    37.7959      
# span 20 =    34.8805,    37.6289      
# span 21 =    22.4307,    27.6148      
# span 22 =    22.4730,    27.6145      
# span 23 =    1494.60,    1575.58      
# span 24 =    115.931,    197.060      
# span 25 =    116.563,    196.089      
# span 26 =         30,         73      
# span 27 = 0.0000e+00, 0.0000e+00      
# interval = decibars: 1                
# start_time = Oct 14 2021 21:53:13 [NMEA time, header]
# bad_flag = -9.990e-29
*END*
[from data line 156]
     104677   4361.496    469.488    473.000    12.9540    12.9496   4.179321   4.178906     1.8104     1.4916     100.00   22.93108  -86.37754    0.00006   -0.00010     2.8618     2.8784    12.8881    12.8837    35.6325    35.6326    26.9057    26.9067    1510.28    124.461    125.179         67 0.0000e+00
     104747   4364.427    468.496    472.000    12.9618    12.9589   4.180162   4.179951     1.8114     1.4926     100.00   22.93108  -86.37754    0.00022    0.00027     2.8635     2.8800    12.8960    12.8931    35.6336    35.6344    26.9050    26.9061    1510.28    124.534    125.252         57 0.0000e+00
     104793   4366.335    467.505    471.000    12.9969    13.0011   4.184480   4.184834     1.8124     1.4933     100.00   22.93110  -86.37756    0.00049    0.00040     2.8636     2.8792    12.9314    12.9353    35.6422    35.6418    26.9045    26.9034    1510.28    124.537    125.218         43 0.0000e+00
     104840   4368.294    466.514    470.000    13.0476    13.0562   4.189834   4.191014     1.8138     1.4954     100.00   22.93110  -86.37756    0.00060    0.00065     2.8633     2.8811    12.9818    12.9903    35.6462    35.6494    26.8974    26.8982    1510.28    124.525    125.301         50 0.0000e+00
     104886   4370.194    465.523    469.000    13.0793    13.0847   4.193615   4.194435     1.8158     1.4973     100.00   22.93110  -86.37756    0.00086    0.00118     2.8660     2.8840    13.0135    13.0188    35.6529    35.6557    26.8962    26.8973    1510.28    124.641    125.426         32 0.0000e+00
     105055   4377.229    459.573    463.000    13.2866    13.2895   4.217714   4.218064     1.8324     1.5119     100.00   22.93189  -86.38044    0.00279    0.00245     2.8927     2.9098    13.2209    13.2238    35.6904    35.6911    26.8831    26.8831    1510.33    125.807    126.549         33 0.0000e+00
     105084   4378.445    458.582    462.000    13.3110    13.3188   4.220566   4.221026     1.8352     1.5141     100.00   22.93112  -86.37758    0.00264    0.00217     2.8979     2.9139    13.2454    13.2532    35.6940    35.6919    26.8809    26.8776    1510.28    126.031    126.727         30 0.0000e+00
     105189   4382.820    454.616    458.000    13.4554    13.4599   4.237088   4.237648     1.8429     1.5220      99.15   22.93249  -86.38266    0.00191    0.00200     2.9066     2.9253    13.3899    13.3944    35.7183    35.7193    26.8701    26.8700    1510.37    126.412    127.226         34 0.0000e+00
     105217   4383.981    453.624    457.000    13.4662    13.4702   4.238244   4.238457     1.8446     1.5238     100.02   22.93115  -86.37758    0.00170    0.00179     2.9097     2.9292    13.4008    13.4048    35.7190    35.7172    26.8682    26.8661    1510.28    126.548    127.396         32 0.0000e+00
     105564   4398.465    440.734    444.000    14.3773    14.3803   4.344057   4.344440     1.9018     1.5743     100.00   22.93135  -86.37814    0.00286    0.00258     2.9882     3.0047    14.3110    14.3139    35.8666    35.8674    26.7907    26.7907    1510.29    129.973    130.689         34 0.0000e+00
     105942   4414.211    426.851    430.000    14.9327    14.9395   4.408557   4.409120     1.9437     1.6121     100.00   22.93138  -86.37807    0.00230    0.00211     3.0494     3.0655    14.8669    14.8736    35.9534    35.9523    26.7368    26.7344    1510.29    132.641    133.339         30 0.0000e+00
     106104   4420.941    420.901    424.000    15.1097    15.1227   4.429334   4.430782     1.9568     1.6246     100.00   22.93087  -86.37606    0.00179    0.00217     3.0672     3.0847    15.0442    15.0572    35.9827    35.9839    26.7201    26.7181    1510.25    133.418    134.176         30 0.0000e+00
     106242   4426.693    415.943    419.000    15.2947    15.3011   4.451230   4.452020     1.9706     1.6381     100.00   22.93211  -86.38060    0.00244    0.00265     3.0864     3.1073    15.2295    15.2358    36.0146    36.0158    26.7036    26.7031    1510.33    134.256    135.162         31 0.0000e+00
     106270   4427.877    414.951    418.000    15.3139    15.3155   4.453347   4.453442     1.9735     1.6399     100.00   22.93132  -86.37764    0.00214    0.00265     3.0918     3.1108    15.2488    15.2504    36.0163    36.0157    26.7005    26.6996    1510.28    134.488    135.314         30 0.0000e+00
     106374   4432.221    410.984    414.000    15.3814    15.3820   4.461424   4.461506     1.9815     1.6454     100.00   22.93216  -86.38072    0.00182    0.00134     3.1052     3.1194    15.3167    15.3173    36.0297    36.0299    26.6957    26.6957    1510.33    135.071    135.690         32 0.0000e+00
     106403   4433.434    409.992    413.000    15.3840    15.3888   4.461571   4.462107     1.9831     1.6469     100.00   22.93134  -86.37765    0.00153    0.00133     3.1086     3.1227    15.3195    15.3242    36.0286    36.0291    26.6941    26.6934    1510.28    135.220    135.836         33 0.0000e+00
     106540   4439.116    405.034    408.000    15.5535    15.5616   4.482033   4.482980     1.9961     1.6583     100.00   22.93250  -86.38195    0.00280    0.00273     3.1266     3.1395    15.4893    15.4974    36.0608    36.0622    26.6807    26.6800    1510.36    136.005    136.565         34 0.0000e+00
     107362   4473.364    376.271    379.000    16.5373    16.5357   4.599977   4.599859     2.0992     1.7522     100.02   22.93527  -86.39209    0.00132    0.00109     3.2932     3.3088    16.4751    16.4735    36.2328    36.2330    26.5860    26.5866    1510.53    143.266    143.944         50 0.0000e+00
     107419   4475.734    375.279    378.000    16.5304    16.5169   4.598284   4.597130     2.0994     1.7506     100.00   22.93146  -86.37775    0.00066   -0.00001     3.2949     3.3057    16.4684    16.4549    36.2262    36.2247    26.5821    26.5842    1510.28    143.338    143.809         38 0.0000e+00
     107529   4480.319    374.287    377.000    16.5337    16.5029   4.598844   4.595278     2.1000     1.7504     100.00   22.93148  -86.37778    0.00053 -1.648e-07     3.2945     3.3058    16.4718    16.4411    36.2251    36.2214    26.5805    26.5848    1510.28    143.324    143.815         33 0.0000e+00
     109024   4542.625    371.311    374.000    16.6013    16.6020   4.607117   4.607285     2.1079     1.7602     100.00   22.93122  -86.37617   -0.00005    0.00021     3.3074     3.3231    16.5398    16.5405    36.2380    36.2388    26.5743    26.5748    1510.25    143.883    144.567         66 0.0000e+00
     109093   4545.504    370.320    373.000    16.6059    16.6089   4.607683   4.608087     2.1091     1.7610     100.00   22.93169  -86.37790    0.00025    0.00018     3.3094     3.3244    16.5445    16.5475    36.2394    36.2404    26.5744    26.5744    1510.28    143.973    144.625         68 0.0000e+00
     109168   4548.614    369.328    372.000    16.6170    16.6183   4.608887   4.609137     2.1093     1.7632     100.00   22.93170  -86.37792    0.00021    0.00072     3.3086     3.3288    16.5557    16.5570    36.2404    36.2414    26.5725    26.5730    1510.28    143.935    144.818         67 0.0000e+00
     109220   4550.791    368.336    371.000    16.6121    16.6142   4.608454   4.608810     2.1098     1.7638     100.00   22.93170  -86.37792    0.00002    0.00031     3.3098     3.3303    16.5510    16.5531    36.2414    36.2426    26.5744    26.5748    1510.28    143.988    144.881         37 0.0000e+00
     109257   4552.341    367.344    370.000    16.6269    16.6295   4.610159   4.610579     2.1103     1.7644     100.00   22.93172  -86.37792    0.00029    0.00039     3.3094     3.3305    16.5660    16.5686    36.2434    36.2448    26.5724    26.5728    1510.28    143.974    144.888         40 0.0000e+00
     109312   4554.643    366.352    369.000    16.6563    16.6515   4.613297   4.613010     2.1124     1.7646      93.32   22.93172  -86.37794    0.00067    0.00018     3.3123     3.3292    16.5954    16.5907    36.2468    36.2473    26.5680    26.5695    1510.28    144.098    144.834         65 0.0000e+00
     109362   4556.691    365.360    368.000    16.6673    16.6640   4.614760   4.614548     2.1142     1.7657      63.37   22.93172  -86.37794    0.00099    0.00038     3.3150     3.3305    16.6065    16.6033    36.2483    36.2494    26.5666    26.5682    1510.28    144.215    144.890         33 0.0000e+00
     109467   4561.095    362.384    365.000    16.6939    16.6970   4.618334   4.618672     2.1174     1.7684     100.01   22.93471  -86.38922    0.00078    0.00066     3.3193     3.3341    16.6336    16.6368    36.2584    36.2585    26.5682    26.5676    1510.48    144.404    145.048         43 0.0000e+00
     109491   4562.091    361.392    364.000    16.6966    16.7025   4.618215   4.619053     2.1188     1.7691     100.00   22.93172  -86.37795    0.00079    0.00060     3.3219     3.3351    16.6364    16.6423    36.2536    36.2554    26.5636    26.5635    1510.28    144.516    145.091         31 0.0000e+00
     109619   4567.435    356.432    359.000    16.7408    16.7469   4.623408   4.624085     2.1209     1.7708      48.73   22.93267  -86.38148    0.00039    0.00028     3.3219     3.3343    16.6814    16.6875    36.2621    36.2638    26.5595    26.5594    1510.34    144.516    145.059         31 0.0000e+00
     109648   4568.637    355.440    358.000    16.7462    16.7524   4.623937   4.624761     2.1216     1.7719     100.43   22.93174  -86.37798    0.00033   -0.00001     3.3226     3.3363    16.6870    16.6931    36.2618    36.2635    26.5579    26.5577    1510.28    144.547    145.145         35 0.0000e+00
     109784   4574.312    350.480    353.000    16.8093    16.8326   4.631530   4.634505     2.1266     1.7766      84.32   22.93343  -86.38427    0.00097    0.00098     3.3277     3.3408    16.7508    16.7739    36.2744    36.2796    26.5526    26.5511    1510.39    144.773    145.339         34 0.0000e+00
     109810   4575.375    349.488    352.000    16.8176    16.8422   4.632449   4.635247     2.1280     1.7780     100.23   22.93178  -86.37800    0.00119    0.00132     3.3300     3.3434    16.7592    16.7837    36.2751    36.2774    26.5509    26.5469    1510.28    144.870    145.456         32 0.0000e+00
     109937   4580.666    344.528    347.000    16.8697    16.8768   4.638483   4.639259     2.1327     1.7847     100.00   22.93128  -86.37603    0.00085    0.00128     3.3353     3.3562    16.8120    16.8191    36.2823    36.2828    26.5439    26.5426    1510.25    145.103    146.013         30 0.0000e+00
     110071   4586.237    339.568    342.000    16.9254    16.9301   4.644779   4.645289     2.1344     1.7851     100.00   22.93124  -86.37582   -0.00016    0.00004     3.3331     3.3513    16.8684    16.8731    36.2892    36.2895    26.5357    26.5348    1510.24    145.010    145.802         30 0.0000e+00
     110421   4600.851    326.671    329.000    17.2817    17.2567   4.687407   4.684806     2.1566     1.8038      62.48   22.93143  -86.37641    0.00319    0.00251     3.3538     3.3711    17.2261    17.2011    36.3463    36.3462    26.4936    26.4995    1510.25    145.913    146.666         30 0.0000e+00
     110559   4606.581    321.710    324.000    17.4771    17.4603   4.710930   4.708904     2.1682     1.8131      63.35   22.93187  -86.37802    0.00200    0.00169     3.3643     3.3787    17.4219    17.4052    36.3776    36.3750    26.4701    26.4722    1510.28    146.376    147.002         31 0.0000e+00
     110694   4612.198    316.749    319.000    17.5695    17.5702   4.721902   4.722075     2.1762     1.8204      99.26   22.93227  -86.37944    0.00127    0.00095     3.3739     3.3873    17.5150    17.5156    36.3923    36.3929    26.4587    26.4590    1510.30    146.796    147.379         31 0.0000e+00
     110969   4623.664    306.827    309.000    17.6625    17.6597   4.732739   4.732473     2.1859     1.8300      48.75   22.93319  -86.38271    0.00103    0.00101     3.3854     3.4014    17.6095    17.6067    36.4068    36.4069    26.4467    26.4475    1510.36    147.295    147.993         31 0.0000e+00
     110994   4624.706    305.834    308.000    17.6675    17.6658   4.733113   4.733082     2.1863     1.8307     100.75   22.93196  -86.37808    0.00087    0.00099     3.3856     3.4021    17.6146    17.6130    36.4053    36.4062    26.4442    26.4452    1510.28    147.305    148.024         30 0.0000e+00
     111103   4629.257    301.865    304.000    17.7089    17.7074   4.738215   4.738080     2.1914     1.8348     100.01   22.93344  -86.38367    0.00098    0.00104     3.3926     3.4081    17.6567    17.6552    36.4146    36.4148    26.4411    26.4416    1510.38    147.609    148.285         31 0.0000e+00
     111129   4630.343    300.873    303.000    17.7106    17.7061   4.738175   4.737689     2.1927     1.8355     100.00   22.93198  -86.37810    0.00122    0.00137     3.3951     3.4094    17.6586    17.6540    36.4123    36.4122    26.4388    26.4398    1510.28    147.719    148.340         34 0.0000e+00
     111238   4634.886    296.904    299.000    17.7592    17.7614   4.744092   4.744436     2.1960     1.8392      68.22   22.93329  -86.38298    0.00093    0.00122     3.3974     3.4132    17.7077    17.7099    36.4219    36.4231    26.4341    26.4345    1510.36    147.820    148.510         31 0.0000e+00
     111264   4635.953    295.912    298.000    17.7614    17.7609   4.744189   4.744225     2.1966     1.8392      80.19   22.93200  -86.37812    0.00075    0.00086     3.3984     3.4128    17.7101    17.7096    36.4207    36.4215    26.4325    26.4333    1510.28    147.862    148.489         32 0.0000e+00
     111538   4647.382    286.981    289.000    17.8596    17.8566   4.756320   4.756019     2.2026     1.8441     100.02   22.93699  -86.39679    0.00072    0.00022     3.4010     3.4146    17.8096    17.8067    36.4435    36.4436    26.4260    26.4268    1510.61    147.981    148.569         33 0.0000e+00
     111576   4648.942    285.989    288.000    17.8337    17.8450   4.752584   4.753990     2.2023     1.8446     100.00   22.93204  -86.37814    0.00029    0.00016     3.4021     3.4163    17.7840    17.7952    36.4323    36.4344    26.4231    26.4220    1510.28    148.026    148.643         58 0.0000e+00
     111651   4652.102    284.997    287.000    17.8610    17.8709   4.755604   4.757052     2.2031     1.8463     100.00   22.93206  -86.37815    0.00018    0.00045     3.4016     3.4183    17.8114    17.8213    36.4366    36.4379    26.4197    26.4182    1510.28    148.006    148.731         53 0.0000e+00
     112857   4702.338    283.012    285.000    17.9319    17.9502   4.762513   4.765395     2.2108     1.8530      99.94   22.91849  -86.32646    0.00030    0.00057     3.4135     3.4292    17.8825    17.9008    36.4286    36.4331    26.3944    26.3933    1509.37    148.525    149.206         32 0.0000e+00
     113523   4730.087    282.019    284.000    17.9839    17.9759   4.770397   4.769539     2.2163     1.8561     100.00   22.93234  -86.37834    0.00081    0.00067     3.4217     3.4344    17.9346    17.9266    36.4544    36.4530    26.4028    26.4037    1510.28    148.882    149.436         73 0.0000e+00
     113591   4732.925    281.027    283.000    17.9921    17.9911   4.771597   4.771396     2.2178     1.8583      99.01   22.93234  -86.37834    0.00069    0.00070     3.4237     3.4383    17.9429    17.9419    36.4565    36.4555    26.4023    26.4018    1510.28    148.968    149.604         58 0.0000e+00
     113640   4734.957    280.035    282.000    18.0053    18.0012   4.773073   4.772732     2.2188     1.8582     100.00   22.93235  -86.37834    0.00042    0.00044     3.4244     3.4370    17.9564    17.9522    36.4584    36.4583    26.4004    26.4015    1510.28    149.001    149.547         45 0.0000e+00
