Gulf of Mexico/GOMECC-4/1db/urb2103_0301.cnv
* Sea-Bird SBE 9 Data File:
* FileName = C:\Users\scs.user.rb\CTD\GOMECC4\data\rb2103_0301.hex
* Software Version Seasave V 7.26.7.107
* Temperature SN = 4799
* Conductivity SN = 3860
* Number of Bytes Per Scan = 41
* Number of Voltage Words = 4
* Number of Scans Averaged by the Deck Unit = 1
* NMEA Latitude = 27 00.64 N
* NMEA Longitude = 086 59.98 W
* NMEA UTC (Time) = Sep 22 2021  07:53:47
* NMEA baud rate = 4800
# nquan = 28
# nvalues = 167                         
# units = specified
# name 0 = scan: Scan Count
# name 1 = timeS: Time, Elapsed [seconds]
# name 2 = depSM: Depth [salt water, m]
# name 3 = prDM: Pressure, Digiquartz [db]
# name 4 = t090C: Temperature [ITS-90, deg C]
# name 5 = t190C: Temperature, 2 [ITS-90, deg C]
# name 6 = c0S/m: Conductivity [S/m]
# name 7 = c1S/m: Conductivity, 2 [S/m]
# name 8 = sbeox0V: Oxygen raw, SBE 43 [V]
# name 9 = sbeox1V: Oxygen raw, SBE 43, 2 [V]
# name 10 = altM: Altimeter [m]
# name 11 = latitude: Latitude [deg]
# name 12 = longitude: Longitude [deg]
# name 13 = sbox0dV/dT: Oxygen, SBE 43 [dov/dt]
# name 14 = sbox1dV/dT: Oxygen, SBE 43, 2 [dov/dt]
# name 15 = sbeox0ML/L: Oxygen, SBE 43 [ml/l], WS = 5
# name 16 = sbeox1ML/L: Oxygen, SBE 43, 2 [ml/l], WS = 5
# name 17 = potemp090C: Potential Temperature [ITS-90, deg C]
# name 18 = potemp190C: Potential Temperature, 2 [ITS-90, deg C]
# name 19 = sal00: Salinity, Practical [PSU]
# name 20 = sal11: Salinity, Practical, 2 [PSU]
# name 21 = sigma-é00: Density [sigma-theta, kg/m^3]
# name 22 = sigma-é11: Density, 2 [sigma-theta, kg/m^3]
# name 23 = avgsvCM: Average Sound Velocity [Chen-Millero, m/s], minP = 20, minS = 20
# name 24 = sbox0Mm/Kg: Oxygen, SBE 43 [umol/kg], WS = 5
# name 25 = sbox1Mm/Kg: Oxygen, SBE 43, 2 [umol/kg], WS = 5
# name 26 = nbin: number of scans per bin
# name 27 = flag: flag
# span 0 =      92333,     208423       
# span 1 =   3847.159,   8684.257       
# span 2 =      1.987,   2920.998       
# span 3 =      2.000,   2961.000       
# span 4 =     4.2818,    29.3822       
# span 5 =     4.2827,    29.4449       
# span 6 =   3.342849,   5.942344       
# span 7 =   3.342781,   5.941575       
# span 8 =     1.6173,     3.1884       
# span 9 =     1.3202,     2.6990       
# span 10 =      14.50,     102.39      
# span 11 =   26.14856,   27.52997      
# span 12 =  -88.78837,  -84.33053      
# span 13 =   -0.00149,    0.03195      
# span 14 =   -0.00363,    0.02947      
# span 15 =     2.5551,     4.7030      
# span 16 =     2.5814,     4.7293      
# span 17 =     4.0808,    29.3800      
# span 18 =     4.0819,    29.4444      
# span 19 =    34.7247,    36.5921      
# span 20 =    34.7377,    36.5759      
# span 21 =    21.9884,    27.7585      
# span 22 =    21.9987,    27.7569      
# span 23 =    1455.18,    1532.11      
# span 24 =    111.109,    204.364      
# span 25 =    112.253,    205.506      
# span 26 =         30,         81      
# span 27 = 0.0000e+00, 0.0000e+00      
# interval = decibars: 1                
# start_time = Sep 22 2021 07:53:47 [NMEA time, header]
# bad_flag = -9.990e-29
*END*
      92333   3847.159   2920.998   2961.000     4.3564     4.3574   3.409086   3.409022     1.7573     1.4483      14.50   26.99454  -86.99826    0.00008   -0.00001     4.7020     4.7281     4.0809     4.0819    34.9758    34.9740    27.7585    27.7569    1501.19    204.319    205.455         31 0.0000e+00
      92363   3848.432   2920.018   2960.000     4.3562     4.3573   3.409037   3.408977     1.7576     1.4486      15.45   26.99454  -86.99826    0.00012    0.00011     4.7030     4.7293     4.0808     4.0819    34.9759    34.9740    27.7585    27.7569    1501.19    204.364    205.506         30 0.0000e+00
     104300   4345.792   2518.927   2551.000     4.3171     4.3179   3.389785   3.389704     1.8059     1.4939      97.05   26.99302  -86.99750    0.00017    0.00019     4.6730     4.7015     4.0876     4.0884    34.9737    34.9720    27.7561    27.7546    1501.18    203.060    204.299         31 0.0000e+00
     105882   4411.707   2517.945   2550.000     4.3173     4.3181   3.389780   3.389706     1.8060     1.4944     100.10   26.99311  -86.99833    0.00003    0.00001     4.6728     4.7030     4.0879     4.0888    34.9739    34.9722    27.7562    27.7548    1501.19    203.052    204.364         56 0.0000e+00
     105882   4411.726   2516.964   2549.000     4.3171     4.3181   3.389728   3.389666     1.8062     1.4945      84.39   26.99312  -86.99834    0.00008    0.00003     4.6731     4.7027     4.0879     4.0889    34.9739    34.9722    27.7562    27.7548    1501.19    203.064    204.351         54 0.0000e+00
     105947   4414.410   2515.982   2548.000     4.3170     4.3178   3.389685   3.389611     1.8063     1.4944     100.36   26.99311  -86.99834    0.00007   -0.00000     4.6728     4.7020     4.0879     4.0887    34.9740    34.9723    27.7563    27.7548    1501.19    203.050    204.320         68 0.0000e+00
     106005   4416.850   2515.000   2547.000     4.3170     4.3179   3.389643   3.389566     1.8064     1.4945      77.81   26.99310  -86.99834    0.00003    0.00000     4.6725     4.7015     4.0880     4.0888    34.9740    34.9722    27.7562    27.7547    1501.19    203.038    204.300         49 0.0000e+00
     106053   4418.842   2514.019   2546.000     4.3168     4.3177   3.389588   3.389518     1.8067     1.4946      83.70   26.99310  -86.99834    0.00010    0.00005     4.6735     4.7017     4.0879     4.0888    34.9740    34.9722    27.7563    27.7548    1501.19    203.083    204.308         50 0.0000e+00
     106107   4421.085   2513.037   2545.000     4.3167     4.3176   3.389534   3.389470     1.8068     1.4948     100.16   26.99310  -86.99834    0.00008    0.00009     4.6733     4.7018     4.0878     4.0888    34.9740    34.9722    27.7563    27.7548    1501.19    203.074    204.313         56 0.0000e+00
     106157   4423.168   2512.056   2544.000     4.3167     4.3175   3.389498   3.389421     1.8068     1.4951      93.45   26.99310  -86.99834    0.00003    0.00007     4.6727     4.7025     4.0880     4.0888    34.9739    34.9722    27.7562    27.7548    1501.19    203.049    204.341         45 0.0000e+00
     106204   4425.113   2511.074   2543.000     4.3165     4.3173   3.389453   3.389369     1.8069     1.4952      98.92   26.99308  -86.99834    0.00003    0.00012     4.6726     4.7025     4.0880     4.0887    34.9740    34.9723    27.7563    27.7549    1501.19    203.041    204.341         49 0.0000e+00
     106251   4427.072   2510.093   2542.000     4.3165     4.3173   3.389405   3.389323     1.8071     1.4954     100.03   26.99308  -86.99834    0.00009    0.00009     4.6729     4.7031     4.0880     4.0888    34.9740    34.9722    27.7563    27.7548    1501.19    203.054    204.368         42 0.0000e+00
     106290   4428.718   2509.111   2541.000     4.3163     4.3171   3.389344   3.389270     1.8072     1.4956      92.43   26.99308  -86.99834    0.00007    0.00013     4.6724     4.7031     4.0879     4.0887    34.9740    34.9722    27.7563    27.7548    1501.19    203.034    204.368         39 0.0000e+00
     106328   4430.288   2508.129   2540.000     4.3162     4.3171   3.389294   3.389233     1.8074     1.4956      73.26   26.99306  -86.99834    0.00008    0.00004     4.6729     4.7025     4.0879     4.0888    34.9739    34.9723    27.7562    27.7548    1501.19    203.056    204.341         35 0.0000e+00
     106360   4431.621   2507.148   2539.000     4.3161     4.3171   3.389250   3.389174     1.8076     1.4954     100.33   26.99306  -86.99834    0.00015   -0.00001     4.6732     4.7013     4.0880     4.0889    34.9740    34.9721    27.7562    27.7547    1501.19    203.068    204.290         30 0.0000e+00
     106390   4432.861   2506.166   2538.000     4.3160     4.3169   3.389206   3.389136     1.8079     1.4956     100.00   26.99306  -86.99834    0.00014 -5.929e-07     4.6739     4.7013     4.0879     4.0888    34.9740    34.9722    27.7563    27.7548    1501.19    203.101    204.291         30 0.0000e+00
     106421   4434.157   2505.184   2537.000     4.3158     4.3168   3.389156   3.389089     1.8080     1.4957     100.00   26.99306  -86.99834    0.00015    0.00002     4.6736     4.7011     4.0879     4.0889    34.9740    34.9723    27.7563    27.7548    1501.19    203.088    204.281         32 0.0000e+00
     106453   4435.515   2504.203   2536.000     4.3157     4.3167   3.389110   3.389035     1.8081     1.4957     100.00   26.99306  -86.99834    0.00017    0.00006     4.6734     4.7007     4.0879     4.0889    34.9740    34.9722    27.7563    27.7547    1501.19    203.076    204.263         32 0.0000e+00
     111071   4627.918   2324.487   2353.000     4.3013     4.3021   3.380728   3.380655     1.8339     1.5202     100.00   26.99317  -87.00045    0.00006    0.00013     4.6739     4.7037     4.0932     4.0940    34.9745    34.9728    27.7561    27.7547    1501.23    203.098    204.393         38 0.0000e+00
     111155   4631.414   2323.505   2352.000     4.3012     4.3020   3.380599   3.380526     1.8341     1.5205     100.00   26.99249  -86.99828    0.00007    0.00009     4.6741     4.7045     4.0931     4.0939    34.9736    34.9719    27.7554    27.7540    1501.19    203.109    204.430         42 0.0000e+00
     111245   4635.185   2322.522   2351.000     4.3012     4.3019   3.380563   3.380478     1.8341     1.5211      88.81   26.99248  -86.99826    0.00002    0.00017     4.6737     4.7067     4.0933     4.0940    34.9736    34.9719    27.7554    27.7540    1501.19    203.091    204.525         61 0.0000e+00
     112693   4695.511   2320.557   2349.000     4.3009     4.3017   3.380331   3.380255     1.8345     1.5208     100.00   26.99124  -86.99477   -0.00001    0.00008     4.6745     4.7043     4.0932     4.0939    34.9721    34.9704    27.7542    27.7528    1501.13    203.127    204.422         41 0.0000e+00
     112802   4700.057   2319.575   2348.000     4.3009     4.3018   3.380417   3.380343     1.8348     1.5213      88.76   26.99230  -86.99824    0.00004    0.00002     4.6747     4.7056     4.0933     4.0941    34.9736    34.9718    27.7554    27.7539    1501.19    203.136    204.475         55 0.0000e+00
     112886   4703.522   2318.592   2347.000     4.3007     4.3017   3.380366   3.380309     1.8346     1.5213      99.92   26.99229  -86.99824   -0.00001 2.0546e-07     4.6733     4.7051     4.0932     4.0942    34.9736    34.9719    27.7554    27.7540    1501.19    203.074    204.454         81 0.0000e+00
     112969   4706.981   2317.610   2346.000     4.3007     4.3015   3.380323   3.380244     1.8350     1.5213     100.00   26.99228  -86.99824    0.00010    0.00002     4.6745     4.7047     4.0933     4.0941    34.9736    34.9718    27.7554    27.7539    1501.19    203.124    204.439         61 0.0000e+00
     113038   4709.888   2316.627   2345.000     4.3007     4.3014   3.380271   3.380195     1.8355     1.5216     100.00   26.99228  -86.99824    0.00017    0.00005     4.6759     4.7052     4.0934     4.0941    34.9735    34.9719    27.7553    27.7539    1501.19    203.185    204.460         68 0.0000e+00
     113107   4712.731   2315.645   2344.000     4.3007     4.3014   3.380230   3.380159     1.8355     1.5215      99.99   26.99226  -86.99824    0.00004    0.00000     4.6755     4.7041     4.0935     4.0942    34.9735    34.9720    27.7553    27.7540    1501.19    203.168    204.410         63 0.0000e+00
     113167   4715.235   2314.662   2343.000     4.3006     4.3012   3.380187   3.380106     1.8358     1.5216     100.00   26.99226  -86.99824    0.00009   -0.00000     4.6761     4.7041     4.0935     4.0941    34.9736    34.9719    27.7553    27.7540    1501.19    203.193    204.410         58 0.0000e+00
     113225   4717.652   2313.680   2342.000     4.3005     4.3011   3.380140   3.380055     1.8359     1.5217      88.64   26.99226  -86.99824    0.00002    0.00007     4.6759     4.7039     4.0935     4.0942    34.9735    34.9719    27.7553    27.7539    1501.19    203.185    204.403         55 0.0000e+00
     113276   4719.780   2312.697   2341.000     4.3004     4.3011   3.380088   3.380012     1.8361     1.5219      87.65   26.99224  -86.99824    0.00014    0.00003     4.6763     4.7041     4.0935     4.0942    34.9735    34.9719    27.7553    27.7539    1501.19    203.203    204.412         50 0.0000e+00
     113333   4722.150   2311.715   2340.000     4.3003     4.3010   3.380039   3.379959     1.8363     1.5219     100.36   26.99224  -86.99824    0.00006    0.00010     4.6764     4.7038     4.0935     4.0942    34.9735    34.9719    27.7553    27.7539    1501.19    203.207    204.400         59 0.0000e+00
     113380   4724.120   2310.732   2339.000     4.3003     4.3011   3.379999   3.379932     1.8365     1.5222     100.00   26.99224  -86.99824    0.00011    0.00003     4.6765     4.7043     4.0936     4.0944    34.9734    34.9719    27.7552    27.7539    1501.19    203.211    204.421         37 0.0000e+00
     113416   4725.622   2309.749   2338.000     4.3000     4.3009   3.379942   3.379868     1.8364     1.5224     100.00   26.99224  -86.99824    0.00005    0.00015     4.6757     4.7049     4.0935     4.0944    34.9735    34.9717    27.7553    27.7538    1501.19    203.180    204.448         38 0.0000e+00
     113456   4727.304   2308.767   2337.000     4.2999     4.3008   3.379881   3.379828     1.8366     1.5225     100.00   26.99224  -86.99824    0.00004    0.00010     4.6759     4.7045     4.0934     4.0944    34.9735    34.9718    27.7553    27.7539    1501.19    203.185    204.431         42 0.0000e+00
     113496   4728.964   2307.784   2336.000     4.2999     4.3006   3.379845   3.379774     1.8367     1.5227     100.00   26.99222  -86.99824    0.00006    0.00009     4.6755     4.7048     4.0936     4.0943    34.9734    34.9719    27.7552    27.7539    1501.19    203.170    204.442         36 0.0000e+00
     113530   4730.380   2306.802   2335.000     4.2998     4.3007   3.379798   3.379731     1.8369     1.5232      77.48   26.99222  -86.99824    0.00007    0.00018     4.6761     4.7066     4.0936     4.0944    34.9734    34.9718    27.7552    27.7538    1501.19    203.194    204.522         33 0.0000e+00
     113565   4731.829   2305.819   2334.000     4.2996     4.3006   3.379747   3.379680     1.8367     1.5232      95.00   26.99222  -86.99824    0.00007    0.00020     4.6746     4.7059     4.0935     4.0944    34.9735    34.9717    27.7553    27.7538    1501.19    203.131    204.491         37 0.0000e+00
     113602   4733.360   2304.837   2333.000     4.2995     4.3004   3.379706   3.379623     1.8370     1.5236     100.02   26.99222  -86.99824    0.00004    0.00018     4.6751     4.7074     4.0935     4.0944    34.9736    34.9717    27.7554    27.7538    1501.19    203.151    204.554         36 0.0000e+00
     113636   4734.780   2303.854   2332.000     4.2995     4.3003   3.379661   3.379589     1.8374     1.5236     100.00   26.99220  -86.99824    0.00016    0.00014     4.6762     4.7066     4.0936     4.0944    34.9735    34.9719    27.7553    27.7539    1501.19    203.198    204.522         31 0.0000e+00
     118070   4919.549   2127.904   2153.000     4.2883     4.2890   3.371551   3.371467     1.8614     1.5457     100.00   26.99206  -86.99943    0.00003    0.00009     4.6684     4.6982     4.1010     4.1017    34.9732    34.9716    27.7543    27.7529    1501.21    202.862    204.156         30 0.0000e+00
     119599   4983.241   2123.971   2149.000     4.2879     4.2888   3.371348   3.371278     1.8622     1.5466     100.00   26.99172  -86.99888    0.00006    0.00004     4.6695     4.6997     4.1011     4.1019    34.9731    34.9714    27.7541    27.7527    1501.20    202.908    204.223         30 0.0000e+00
     119636   4984.805   2122.987   2148.000     4.2877     4.2886   3.371269   3.371197     1.8624     1.5465     100.00   26.99150  -86.99818    0.00014    0.00011     4.6697     4.6988     4.1010     4.1018    34.9728    34.9711    27.7540    27.7525    1501.19    202.918    204.182         42 0.0000e+00
     119676   4986.439   2122.004   2147.000     4.2878     4.2885   3.371230   3.371150     1.8624     1.5468     100.00   26.99148  -86.99818    0.00006    0.00005     4.6690     4.6994     4.1012     4.1019    34.9728    34.9711    27.7539    27.7525    1501.19    202.888    204.206         35 0.0000e+00
     119709   4987.833   2121.020   2146.000     4.2876     4.2884   3.371186   3.371103     1.8625     1.5470     100.00   26.99148  -86.99818    0.00003    0.00014     4.6688     4.6994     4.1011     4.1019    34.9730    34.9711    27.7541    27.7525    1501.19    202.879    204.209         33 0.0000e+00
     119742   4989.202   2120.037   2145.000     4.2875     4.2884   3.371133   3.371058     1.8626     1.5471      85.62   26.99148  -86.99818    0.00005    0.00014     4.6689     4.6994     4.1011     4.1020    34.9729    34.9711    27.7540    27.7525    1501.19    202.881    204.206         32 0.0000e+00
     119773   4990.510   2119.054   2144.000     4.2874     4.2883   3.371084   3.371015     1.8627     1.5472      90.20   26.99148  -86.99818    0.00010    0.00008     4.6685     4.6995     4.1011     4.1020    34.9729    34.9711    27.7540    27.7525    1501.19    202.864    204.211         30 0.0000e+00
     131225   5467.674   1730.253   1749.000     4.2819     4.2829   3.354521   3.354459     1.9165     1.5979     100.00   26.99084  -87.00046   -0.00001    0.00010     4.6450     4.6786     4.1349     4.1359    34.9716    34.9698    27.7494    27.7479    1501.23    201.844    203.305         43 0.0000e+00
     131303   5470.908   1729.267   1748.000     4.2818     4.2827   3.354392   3.354338     1.9163     1.5981     100.00   26.99010  -86.99810    0.00001    0.00014     4.6437     4.6788     4.1349     4.1358    34.9706    34.9690    27.7486    27.7472    1501.19    201.789    203.315         42 0.0000e+00
     137451   5727.075   1535.092   1551.000     4.2953     4.2957   3.347492   3.347399     1.9418     1.6217      93.83   26.99077  -87.00283    0.00010    0.00003     4.6210     4.6555     4.1670     4.1674    34.9709    34.9693    27.7454    27.7441    1501.27    200.803    202.304         34 0.0000e+00
     138518   5771.521   1534.106   1550.000     4.2951     4.2955   3.347277   3.347186     1.9423     1.6222      99.34   26.98921  -86.99824    0.00011    0.00000     4.6224     4.6572     4.1669     4.1673    34.9690    34.9675    27.7439    27.7426    1501.19    200.863    202.376         36 0.0000e+00
     138832   5784.632   1533.120   1549.000     4.2950     4.2956   3.347222   3.347140     1.9426     1.6227     100.00   26.98916  -86.99825    0.00006    0.00021     4.6233     4.6589     4.1669     4.1675    34.9689    34.9674    27.7438    27.7425    1501.19    200.901    202.449         34 0.0000e+00
