Gulf of Mexico/GOMECC-4/1db/urb2103_0021.cnv
* Sea-Bird SBE 9 Data File:
* FileName = C:\Users\scs.user.rb\CTD\GOMECC4\data\rb1203_002.hex
* Software Version Seasave V 7.26.7.107
* Temperature SN = 4799
* Conductivity SN = 3860
* Number of Bytes Per Scan = 41
* Number of Voltage Words = 4
* Number of Scans Averaged by the Deck Unit = 1
* NMEA Latitude = 27 00.26 N
* NMEA Longitude = 079 40.70 W
* NMEA UTC (Time) = Sep 14 2021  18:19:26
* NMEA baud rate = 4800
# nquan = 28
# nvalues = 164                         
# units = specified
# name 0 = scan: Scan Count
# name 1 = timeS: Time, Elapsed [seconds]
# name 2 = depSM: Depth [salt water, m]
# name 3 = prDM: Pressure, Digiquartz [db]
# name 4 = t090C: Temperature [ITS-90, deg C]
# name 5 = t190C: Temperature, 2 [ITS-90, deg C]
# name 6 = c0S/m: Conductivity [S/m]
# name 7 = c1S/m: Conductivity, 2 [S/m]
# name 8 = sbeox0V: Oxygen raw, SBE 43 [V]
# name 9 = sbeox1V: Oxygen raw, SBE 43, 2 [V]
# name 10 = altM: Altimeter [m]
# name 11 = latitude: Latitude [deg]
# name 12 = longitude: Longitude [deg]
# name 13 = sbox0dV/dT: Oxygen, SBE 43 [dov/dt]
# name 14 = sbox1dV/dT: Oxygen, SBE 43, 2 [dov/dt]
# name 15 = sbeox0ML/L: Oxygen, SBE 43 [ml/l], WS = 5
# name 16 = sbeox1ML/L: Oxygen, SBE 43, 2 [ml/l], WS = 5
# name 17 = potemp090C: Potential Temperature [ITS-90, deg C]
# name 18 = potemp190C: Potential Temperature, 2 [ITS-90, deg C]
# name 19 = sal00: Salinity, Practical [PSU]
# name 20 = sal11: Salinity, Practical, 2 [PSU]
# name 21 = sigma-é00: Density [sigma-theta, kg/m^3]
# name 22 = sigma-é11: Density, 2 [sigma-theta, kg/m^3]
# name 23 = avgsvCM: Average Sound Velocity [Chen-Millero, m/s], minP = 20, minS = 20
# name 24 = sbox0Mm/Kg: Oxygen, SBE 43 [umol/kg], WS = 5
# name 25 = sbox1Mm/Kg: Oxygen, SBE 43, 2 [umol/kg], WS = 5
# name 26 = nbin: number of scans per bin
# name 27 = flag: flag
# span 0 =      51354,     103643       
# span 1 =   2139.704,   4318.412       
# span 2 =      1.987,    532.777       
# span 3 =      2.000,    537.000       
# span 4 =     7.2928,    29.8601       
# span 5 =     7.2983,    29.8605       
# span 6 =   3.574070,   6.030589       
# span 7 =   3.574725,   6.030919       
# span 8 =     1.6467,     3.1837       
# span 9 =     1.3533,     2.7110       
# span 10 =       6.18,     102.40      
# span 11 =   26.97032,   27.30986      
# span 12 =  -80.52776,  -79.52298      
# span 13 =   -0.01216,    0.03429      
# span 14 =   -0.01529,    0.03313      
# span 15 =     2.6248,     4.4304      
# span 16 =     2.6651,     4.4394      
# span 17 =     7.2401,    29.8547      
# span 18 =     7.2456,    29.8551      
# span 19 =    34.9386,    37.0419      
# span 20 =    34.9401,    37.0462      
# span 21 =    22.7055,    27.3367      
# span 22 =    22.7175,    27.3371      
# span 23 =    1512.56,    1531.68      
# span 24 =    114.133,    193.396      
# span 25 =    115.883,    193.788      
# span 26 =         30,         64      
# span 27 = 0.0000e+00, 0.0000e+00      
# interval = decibars: 1                
# start_time = Sep 14 2021 18:19:26 [NMEA time, header]
# bad_flag = -9.990e-29
*END*
[from data line 52]
      76746   3197.702    155.908    157.000    20.1377    20.1193   5.017972   5.015950     2.2126     1.8581      99.69   27.01583  -79.68973    0.00256    0.00308     3.2167     3.2466    20.1074    20.0899    36.6851    36.6824    26.0191    26.0219    1515.81    140.014    141.314         38 0.0000e+00
      76911   3204.601    154.915    156.000    20.2159    20.2048   5.028199   5.026654     2.2284     1.8742     100.02   27.01593  -79.68975    0.00160    0.00191     3.2401     3.2786    20.1866    20.1755    36.6959    36.6960    26.0062    26.0092    1515.81    141.036    142.709         49 0.0000e+00
      77118   3213.214    153.923    155.000    20.2787    20.2718   5.035713   5.035211     2.2391     1.8824     100.00   27.01605  -79.68979    0.00123    0.00074     3.2597     3.2933    20.2495    20.2426    36.7085    36.7084    25.9990    26.0007    1515.81    141.889    143.352         52 0.0000e+00
      77301   3220.835    152.930    154.000    20.3399    20.3292   5.043874   5.042683     2.2503     1.8906     100.00   27.01616  -79.68983    0.00198    0.00132     3.2788     3.3084    20.3108    20.3001    36.7197    36.7190    25.9910    25.9933    1515.81    142.721    144.011         31 0.0000e+00
      77871   3244.600    149.952    151.000    20.4719    20.4696   5.060903   5.060838     2.2693     1.9077      97.41   27.02096  -79.70309    0.00061    0.00042     3.3094     3.3384    20.4432    20.4410    36.7492    36.7499    25.9784    25.9796    1516.06    144.056    145.316         64 0.0000e+00
      79307   3304.428    147.967    149.000    20.5101    20.5314   5.064227   5.067341     2.2728     1.9153      99.97   27.00841  -79.66374    0.00082    0.00083     3.3135     3.3513    20.4818    20.5031    36.7375    36.7435    25.9574    25.9562    1515.31    144.237    145.883         36 0.0000e+00
      79444   3310.133    146.974    148.000    20.6631    20.5879   5.085117   5.075311     2.2877     1.9251      65.63   27.01745  -79.69024    0.00371    0.00245     3.3342     3.3702    20.6349    20.5597    36.7790    36.7643    25.9487    25.9579    1515.81    145.137    146.705         44 0.0000e+00
      79485   3311.846    145.981    147.000    20.6488    20.6401   5.083228   5.082233     2.2913     1.9254     101.74   27.01747  -79.69025    0.00386    0.00126     3.3426     3.3670    20.6207    20.6120    36.7764    36.7759    25.9506    25.9525    1515.81    145.503    146.566         43 0.0000e+00
      79666   3319.373    143.996    145.000    20.8201    20.8120   5.105824   5.104399     2.3068     1.9375     100.03   27.02689  -79.71777    0.00302    0.00176     3.3628     3.3832    20.7922    20.7842    36.8171    36.8099    25.9362    25.9323    1516.33    146.386    147.277         52 0.0000e+00
      79726   3321.856    143.003    144.000    20.8204    20.8568   5.097383   5.108391     2.3034     1.9424      94.92   27.01762  -79.69030    0.00028    0.00171     3.3564     3.3916    20.7928    20.8291    36.7440    36.8019    25.8790    25.9132    1515.81    146.118    147.645         34 0.0000e+00
      79774   3323.888    142.010    143.000    20.8336    20.8513   5.099290   5.104050     2.2933     1.9404     100.52   27.01764  -79.69030   -0.00395    0.00003     3.3335     3.3874    20.8062    20.8240    36.7485    36.7708    25.8788    25.8906    1515.81    145.119    147.463         30 0.0000e+00
      79848   3326.953    140.025    141.000    20.8011    20.8037   5.090963   5.090665     2.2875     1.9269     100.02   27.02272  -79.70517   -0.00395   -0.00435     3.3235     3.3596    20.7741    20.7766    36.7122    36.7073    25.8606    25.8561    1516.09    144.686    146.257         35 0.0000e+00
      79871   3327.898    139.032    140.000    20.8234    20.8482   5.093154   5.095805     2.2863     1.9250      72.57   27.01770  -79.69033   -0.00207   -0.00427     3.3189     3.3519    20.7965    20.8213    36.7086    36.7071    25.8510    25.8431    1515.81    144.487    145.926         42 0.0000e+00
      79913   3329.678    138.039    139.000    20.9156    20.8679   5.103542   5.098429     2.2880     1.9268     101.24   27.01773  -79.69034   -0.00032   -0.00058     3.3161     3.3542    20.8888    20.8412    36.7137    36.7135    25.8296    25.8425    1515.81    144.366    146.025         38 0.0000e+00
      80049   3335.331    134.068    135.000    21.3180    21.3841   5.152522   5.161947     2.3196     1.9629     100.04   27.02739  -79.71870    0.00732    0.00851     3.3540     3.4031    21.2910    21.3577    36.7691    36.7879    25.7624    25.7583    1516.35    146.030    148.168         40 0.0000e+00
      80062   3335.866    133.076    134.000    21.3878    21.2924   5.161450   5.148894     2.3281     1.9644     100.00   27.01781  -79.69036    0.00673    0.00798     3.3666     3.4124    21.3616    21.2662    36.7762    36.7573    25.7470    25.7590    1515.81    146.579    148.571         37 0.0000e+00
      80151   3339.589    130.097    131.000    22.1868    22.2270   5.269015   5.274215     2.3731     2.0022      93.85   27.02111  -79.69996    0.01271    0.01013     3.4036     3.4360    22.1605    22.2006    36.9519    36.9587    25.6566    25.6503    1515.99    148.201    149.615         30 0.0000e+00
      80173   3340.494    129.104    130.000    22.1795    22.2711   5.267831   5.279610     2.3821     2.0099      96.89   27.01788  -79.69039    0.01407    0.01305     3.4222     3.4502    22.1534    22.2449    36.9480    36.9630    25.6554    25.6407    1515.81    149.013    150.232         31 0.0000e+00
      80244   3343.468    127.119    128.000    22.4714    22.5242   5.301994   5.307771     2.3940     2.0191     100.02   27.02287  -79.70504    0.00572    0.00493     3.4262     3.4543    22.4453    22.4982    36.9713    36.9722    25.5902    25.5758    1516.09    149.196    150.421         30 0.0000e+00
      80264   3344.272    126.126    127.000    22.5972    22.6253   5.316203   5.318094     2.3988     2.0237     100.00   27.01794  -79.69040    0.00469    0.00357     3.4275     3.4582    22.5714    22.5994    36.9748    36.9658    25.5562    25.5413    1515.81    149.258    150.598         37 0.0000e+00
      80413   3350.503    122.155    123.000    22.8202    22.8359   5.330797   5.332344     2.4529     2.0751     100.05   27.03231  -79.73266    0.01260    0.01289     3.5208     3.5604    22.7939    22.8107    36.9059    36.9087    25.4414    25.4393    1516.61    153.338    155.066         40 0.0000e+00
      80414   3350.526    121.162    122.000    22.8229    22.8360   5.332143   5.332137     2.4705     2.0950     100.00   27.01802  -79.69044    0.01640    0.01615     3.5580     3.6042    22.7979    22.8110    36.9105    36.8993    25.4421    25.4297    1515.81    154.958    156.974         42 0.0000e+00
      80586   3357.697    115.205    116.000    23.3725    23.3911   5.400557   5.403751     2.5187     2.1269      93.45   27.02071  -79.69812    0.00725    0.00326     3.6144     3.6355    23.3483    23.3669    36.9827    36.9918    25.3368    25.3382    1515.96    157.430    158.350         37 0.0000e+00
      80615   3358.924    114.212    115.000    23.4465    23.5131   5.409563   5.425010     2.5199     2.1343     100.14   27.01813  -79.69048    0.00153    0.00202     3.6111     3.6388    23.4225    23.4905    36.9890    37.0069    25.3194    25.2974    1515.81    157.288    158.500         35 0.0000e+00
      80734   3363.887    110.240    111.000    23.8883    23.9038   5.464165   5.466412     2.5376     2.1398     100.00   27.02098  -79.69869    0.00338    0.00111     3.6139     3.6281    23.8648    23.8803    37.0419    37.0462    25.2289    25.2276    1515.97    157.425    158.045         35 0.0000e+00
      80759   3364.919    109.247    110.000    23.9003    23.9581   5.465211   5.471866     2.5386     2.1412     100.00   27.01822  -79.69050    0.00096   -0.00007     3.6146     3.6273    23.8770    23.9348    37.0387    37.0413    25.2225    25.2072    1515.81    157.458    158.013         30 0.0000e+00
      80930   3372.024    106.269    107.000    24.1648    24.1398   5.493091   5.490561     2.5482     2.1501      99.98   27.01334  -79.67583    0.00164    0.00081     3.6147     3.6340    24.1419    24.1169    37.0296    37.0309    25.1356    25.1441    1515.53    157.476    158.313         50 0.0000e+00
      81092   3378.801    105.276    106.000    24.2431    24.2356   5.501596   5.500955     2.5525     2.1553     100.00   27.01842  -79.69057    0.00061    0.00071     3.6177     3.6392    24.2204    24.2129    37.0322    37.0336    25.1147    25.1180    1515.81    157.606    158.542         37 0.0000e+00
      81219   3384.089    104.283    105.000    24.3164    24.2998   5.508616   5.507127     2.5626     2.1621     100.00   27.01849  -79.69059    0.00219    0.00146     3.6324     3.6495    24.2939    24.2773    37.0254    37.0275    25.0875    25.0941    1515.81    158.253    158.999         47 0.0000e+00
      81354   3389.724    103.290    104.000    24.3649    24.3399   5.513248   5.510617     2.5704     2.1717     100.00   27.01857  -79.69062    0.00121    0.00177     3.6441     3.6672    24.3426    24.3176    37.0203    37.0234    25.0690    25.0788    1515.81    158.766    159.772         54 0.0000e+00
      81512   3396.284    102.297    103.000    24.4439    24.4244   5.520410   5.518533     2.5810     2.1782     100.00   27.01867  -79.69066    0.00188    0.00013     3.6595     3.6761    24.4217    24.4023    37.0102    37.0128    25.0374    25.0452    1515.81    159.440    160.165         40 0.0000e+00
      81632   3401.311    101.304    102.000    24.5649    24.4925   5.532870   5.525410     2.5985     2.1916      99.38   27.01875  -79.69067    0.00369    0.00338     3.6844     3.7005    24.5429    24.4706    37.0008    37.0074    24.9935    25.0205    1515.81    160.534    161.231         53 0.0000e+00
      81875   3411.424    100.311    101.000    24.7554    24.7102   5.551284   5.546796     2.6281     2.2139      98.21   27.01889  -79.69072    0.00462    0.00336     3.7312     3.7349    24.7335    24.6883    36.9859    36.9896    24.9244    24.9410    1515.81    162.584    162.741         61 0.0000e+00
      83450   3477.056     99.319    100.000    24.9042    24.8985   5.563724   5.563219     2.6541     2.2485      99.91   27.01983  -79.69103    0.00052   -0.00034     3.7711     3.7976    24.8824    24.8767    36.9577    36.9586    24.8576    24.8600    1515.81    164.335    165.487         42 0.0000e+00
      83653   3485.519     98.325     99.000    24.9403    24.9259   5.567043   5.565908     2.6584     2.2497     100.00   27.01995  -79.69108    0.00030   -0.00019     3.7766     3.7981    24.9187    24.9043    36.9533    36.9566    24.8432    24.8501    1515.81    164.575    165.508         37 0.0000e+00
      83705   3487.681     97.332     98.000    24.9536    24.9375   5.568159   5.566945     2.6602     2.2504      91.66   27.01998  -79.69110    0.00131    0.00004     3.7787     3.7984    24.9323    24.9161    36.9510    36.9552    24.8373    24.8454    1515.81    164.667    165.523         42 0.0000e+00
      83773   3490.511     96.339     97.000    24.9709    24.9495   5.569440   5.567906     2.6579     2.2519     101.35   27.02002  -79.69110   -0.00071    0.00073     3.7727     3.8004    24.9472    24.9284    36.9488    36.9528    24.8311    24.8399    1515.81    164.406    165.613         39 0.0000e+00
      83872   3494.609     93.361     94.000    25.0789    25.0914   5.565053   5.563924     2.7001     2.3048     100.01   27.02301  -79.69979    0.01094    0.01411     3.8478     3.9065    25.0591    25.0709    36.8278    36.8089    24.7057    24.6877    1515.97    167.700    170.260         50 0.0000e+00
      83906   3496.024     92.367     93.000    25.0281    25.0717   5.541966   5.556253     2.7237     2.3131     100.00   27.02009  -79.69114    0.01327    0.01605     3.8988     3.9284    25.0145    25.0526    36.6905    36.7692    24.6151    24.6640    1515.81    169.937    171.221         33 0.0000e+00
      83978   3499.051     90.382     91.000    24.9996    25.0452   5.520245   5.523388     2.8110     2.3834     100.02   27.02551  -79.70702    0.02745    0.01490     4.0749     4.0833    24.9798    25.0253    36.5607    36.5472    24.5283    24.5042    1516.11    177.629    178.000         30 0.0000e+00
      83998   3499.878     89.389     90.000    25.0202    25.1293   5.521212   5.531874     2.8483     2.4312      88.88   27.02015  -79.69116    0.03429    0.03313     4.1458     4.1797    25.0006    25.1096    36.5481    36.5397    24.5116    24.4719    1515.81    180.723    182.205         44 0.0000e+00
      84039   3501.579     88.396     89.000    25.1286    25.2128   5.533810   5.541988     2.8653     2.4456      92.30   27.02018  -79.69116    0.02154    0.02540     4.1698     4.2040    25.1091    25.1933    36.5550    36.5479    24.4835    24.4523    1515.81    181.774    183.267         35 0.0000e+00
      84146   3506.057     85.417     86.000    25.7416    25.8062   5.601548   5.608225     2.8847     2.4572     100.02   27.02518  -79.70575    0.00537    0.00322     4.1589     4.1844    25.7224    25.7870    36.5655    36.5638    24.3024    24.2810    1516.09    181.332    182.446         35 0.0000e+00
      84170   3507.040     84.424     85.000    25.7112    25.8242   5.597155   5.609264     2.8855     2.4565      66.40   27.02026  -79.69118    0.00134    0.00034     4.1626     4.1813    25.6923    25.8052    36.5565    36.5551    24.3044    24.2681    1515.81    181.491    182.313         43 0.0000e+00
      84210   3508.715     83.431     84.000    25.8829    25.9886   5.613867   5.625246     2.8891     2.4627     100.57   27.02028  -79.69120    0.00098    0.00051     4.1578     4.1888    25.8641    25.9698    36.5424    36.5379    24.2400    24.2022    1515.81    181.292    182.644         36 0.0000e+00
      84243   3510.104     82.438     83.000    26.0779    26.0651   5.633788   5.633330     2.9030     2.4710     100.00   27.02030  -79.69120    0.00391    0.00371     4.1680     4.1942    26.0592    26.0464    36.5330    36.5399    24.1719    24.1811    1515.81    181.749    182.893         31 0.0000e+00
      84318   3513.207     81.445     82.000    26.2155    26.1507   5.650264   5.643161     2.9138     2.4766     100.00   27.02035  -79.69121    0.00483    0.00358     4.1776     4.1996    26.1970    26.1322    36.5440    36.5438    24.1368    24.1571    1515.81    182.174    183.128         36 0.0000e+00
      84489   3520.327     80.452     81.000    26.6798    26.5671   5.704331   5.691531     2.9147     2.4737     100.00   27.02045  -79.69125   -0.00060   -0.00150     4.1417     4.1634    26.6613    26.5487    36.5687    36.5652    24.0082    24.0414    1515.81    180.631    181.573         34 0.0000e+00
      84701   3529.149     79.458     80.000    26.8821    26.8469   5.722208   5.720053     2.9280     2.4851     100.00   27.02058  -79.69130    0.00267    0.00361     4.1538     4.1664    26.8637    26.8288    36.5429    36.5488    23.9242    23.9392    1515.81    181.174    181.720         36 0.0000e+00
      85601   3566.672     75.486     76.000    27.1186    27.1089   5.746182   5.744866     2.9794     2.5315     100.06   27.08513  -79.88053    0.00038    0.00206     4.2305     4.2469    27.1011    27.0913    36.5351    36.5634    23.8513    23.8785    1519.41    184.541    185.254         31 0.0000e+00
      86958   3623.189     74.493     75.000    27.0619    27.0610   5.732202   5.732402     2.9738     2.5288     100.00   27.02195  -79.69176   -0.00044    0.00053     4.2253     4.2423    27.0446    27.0436    36.4703    36.4725    23.8114    23.8133    1515.81    184.312    185.056         51 0.0000e+00
