Gulf of Mexico/GOMECC-4/1db/urb2103_0911.cnv
* Sea-Bird SBE 9 Data File:
* FileName = C:\Users\scs.user.rb\CTD\GOMECC4\data\rb2103_0911.hex
* Software Version Seasave V 7.26.7.107
* Temperature SN = 4799
* Conductivity SN = 3860
* Number of Bytes Per Scan = 41
* Number of Voltage Words = 4
* Number of Scans Averaged by the Deck Unit = 1
* NMEA Latitude = 21 44.01 N
* NMEA Longitude = 092 19.10 W
* NMEA UTC (Time) = Oct 10 2021  02:10:50
* NMEA baud rate = 4800
# nquan = 28
# nvalues = 55                          
# units = specified
# name 0 = scan: Scan Count
# name 1 = timeS: Time, Elapsed [seconds]
# name 2 = depSM: Depth [salt water, m]
# name 3 = prDM: Pressure, Digiquartz [db]
# name 4 = t090C: Temperature [ITS-90, deg C]
# name 5 = t190C: Temperature, 2 [ITS-90, deg C]
# name 6 = c0S/m: Conductivity [S/m]
# name 7 = c1S/m: Conductivity, 2 [S/m]
# name 8 = sbeox0V: Oxygen raw, SBE 43 [V]
# name 9 = sbeox1V: Oxygen raw, SBE 43, 2 [V]
# name 10 = altM: Altimeter [m]
# name 11 = latitude: Latitude [deg]
# name 12 = longitude: Longitude [deg]
# name 13 = sbox0dV/dT: Oxygen, SBE 43 [dov/dt]
# name 14 = sbox1dV/dT: Oxygen, SBE 43, 2 [dov/dt]
# name 15 = sbeox0ML/L: Oxygen, SBE 43 [ml/l], WS = 5
# name 16 = sbeox1ML/L: Oxygen, SBE 43, 2 [ml/l], WS = 5
# name 17 = potemp090C: Potential Temperature [ITS-90, deg C]
# name 18 = potemp190C: Potential Temperature, 2 [ITS-90, deg C]
# name 19 = sal00: Salinity, Practical [PSU]
# name 20 = sal11: Salinity, Practical, 2 [PSU]
# name 21 = sigma-é00: Density [sigma-theta, kg/m^3]
# name 22 = sigma-é11: Density, 2 [sigma-theta, kg/m^3]
# name 23 = avgsvCM: Average Sound Velocity [Chen-Millero, m/s], minP = 20, minS = 20
# name 24 = sbox0Mm/Kg: Oxygen, SBE 43 [umol/kg], WS = 5
# name 25 = sbox1Mm/Kg: Oxygen, SBE 43, 2 [umol/kg], WS = 5
# name 26 = nbin: number of scans per bin
# name 27 = flag: flag
# span 0 =      28054,      55774       
# span 1 =   1168.859,   2323.857       
# span 2 =      1.988,    104.321       
# span 3 =      2.000,    105.000       
# span 4 =    19.3600,    29.7772       
# span 5 =    19.4327,    29.7884       
# span 6 =   4.905815,   6.039908       
# span 7 =   4.914234,   6.041361       
# span 8 =     1.8686,     3.2459       
# span 9 =     1.5461,     2.7858       
# span 10 =      12.18,     100.01      
# span 11 =   21.31185,   21.79895      
# span 12 =  -92.59375,  -90.52326      
# span 13 =   -0.00723,    0.02073      
# span 14 =   -0.01093,    0.01623      
# span 15 =     2.4981,     4.9029      
# span 16 =     2.5279,     4.9298      
# span 17 =    19.3409,    29.7767      
# span 18 =    19.4135,    29.7879      
# span 19 =    36.0694,    36.5563      
# span 20 =    35.8423,    36.5566      
# span 21 =    22.6629,    26.0428      
# span 22 =    22.5353,    26.0289      
# span 23 =    1507.25,    1541.74      
# span 24 =    108.735,    213.759      
# span 25 =    110.032,    214.937      
# span 26 =         31,         78      
# span 27 = 0.0000e+00, 0.0000e+00      
# interval = decibars: 1                
# start_time = Oct 10 2021 02:10:50 [NMEA time, header]
# bad_flag = -9.990e-29
*END*
      28054   1168.859    104.321    105.000    19.3600    19.4327   4.905815   4.914234     1.8686     1.5461      12.18   21.73408  -92.31914    0.00083    0.00245     2.4981     2.5279    19.3409    19.4135    36.4515    36.4581    26.0428    26.0289    1537.17    108.735    110.032         73 0.0000e+00
      28125   1171.842    103.328    104.000    19.5756    19.6908   4.928570   4.941688     1.9014     1.5867      13.18   21.73408  -92.31914    0.00893    0.01307     2.5570     2.6113    19.5565    19.6717    36.4531    36.4615    25.9877    25.9639    1537.17    111.305    113.671         68 0.0000e+00
      28186   1174.384    102.334    103.000    19.7596    19.9242   4.949882   4.968201     1.9334     1.6233      14.06   21.73408  -92.31914    0.01323    0.01520     2.6154     2.6869    19.7397    19.9051    36.4706    36.4782    25.9529    25.9150    1537.17    113.851    116.963         58 0.0000e+00
      28248   1176.950    101.341    102.000    19.9283    20.0091   4.968291   4.977101     1.9725     1.6639      15.09   21.73410  -92.31914    0.01490    0.01623     2.6921     2.7773    19.9093    19.9901    36.4758    36.4782    25.9120    25.8925    1537.17    117.192    120.901         65 0.0000e+00
      28308   1179.470    100.348    101.000    19.9704    20.0456   4.971392   4.980238     2.0015     1.6768      16.00   21.73410  -92.31914    0.01352    0.00673     2.7516     2.8055    19.9516    20.0268    36.4687    36.4728    25.8954    25.8786    1537.17    119.783    122.133         55 0.0000e+00
      28359   1181.583     99.355    100.000    20.0639    20.1018   4.982521   4.986314     2.0149     1.6877      16.94   21.73410  -92.31914    0.00764    0.00446     2.7750     2.8280    20.0453    20.0832    36.4761    36.4744    25.8762    25.8648    1537.17    120.806    123.113         48 0.0000e+00
      28412   1183.812     98.361     99.000    20.1437    20.1866   4.990416   4.994153     2.0344     1.7032      17.97   21.73410  -92.31915    0.00782    0.00622     2.8121     2.8603    20.1252    20.1680    36.4723    36.4683    25.8519    25.8374    1537.17    122.425    124.524         59 0.0000e+00
      28469   1186.177     97.368     98.000    20.1821    20.2140   4.993979   4.996848     2.0539     1.7157      18.90   21.73410  -92.31915    0.00872    0.00644     2.8513     2.8873    20.1637    20.1956    36.4682    36.4645    25.8385    25.8272    1537.17    124.131    125.700         49 0.0000e+00
      28511   1187.920     96.375     97.000    20.2629    20.2647   4.999291   5.001114     2.0630     1.7199      19.79   21.73410  -92.31916    0.00697    0.00377     2.8718     2.8945    20.2448    20.2464    36.4514    36.4563    25.8040    25.8073    1537.17    125.026    126.015         41 0.0000e+00
      28560   1189.960     95.381     96.000    20.2904    20.3134   5.003194   5.004984     2.0721     1.7248      20.84   21.73410  -92.31916    0.00496    0.00263     2.8838     2.9027    20.2723    20.2953    36.4514    36.4462    25.7966    25.7865    1537.17    125.550    126.378         55 0.0000e+00
      28615   1192.261     94.388     95.000    20.3308    20.3530   5.007068   5.008030     2.0801     1.7351      21.79   21.73410  -92.31916    0.00368    0.00294     2.8988     2.9248    20.3157    20.3351    36.4462    36.4373    25.7810    25.7690    1537.17    126.208    127.339         54 0.0000e+00
      28678   1194.875     93.395     94.000    20.3669    20.3647   5.008914   5.008970     2.1016     1.7492      22.83   21.73410  -92.31916    0.00676    0.00594     2.9413     2.9566    20.3492    20.3470    36.4335    36.4359    25.7623    25.7647    1537.17    128.058    128.727         62 0.0000e+00
      28760   1198.291     92.401     93.000    20.3274    20.3971   5.005831   5.010178     2.1101     1.7829      23.78   21.73410  -92.31916    0.00329    0.00896     2.9618     3.0338    20.3099    20.3796    36.4418    36.4184    25.7792    25.7427    1537.17    128.951    132.087         75 0.0000e+00
      28837   1201.519     91.408     92.000    20.3466    20.3642   5.006571   5.007859     2.1102     1.7993      24.83   21.73410  -92.31916   -0.00014    0.00749     2.9607     3.0734    20.3293    20.3468    36.4320    36.4274    25.7665    25.7583    1537.17    128.902    133.811         73 0.0000e+00
      28923   1205.089     90.415     91.000    20.4690    20.4396   5.011101   5.010261     2.1994     1.8253      25.79   21.73410  -92.31918    0.02073    0.00553     3.1299     3.1298    20.4518    20.4224    36.3628    36.3849    25.6809    25.7056    1537.17    136.279    136.275         43 0.0000e+00
      30286   1261.865     88.428     89.000    20.7626    20.7650   5.037983   5.038632     2.4292     2.0467      27.33   21.73722  -92.33230   -0.00130    0.00017     3.6127     3.6262    20.7456    20.7480    36.3380    36.3359    25.5829    25.5806    1537.39    157.321    157.906         70 0.0000e+00
      30352   1264.638     87.435     88.000    20.7660    20.7954   5.038394   5.041739     2.4176     2.0480      28.28   21.73416  -92.31924   -0.00375    0.00070     3.5863     3.6267    20.7492    20.7785    36.3325    36.3345    25.5772    25.5708    1537.17    156.170    157.930         71 0.0000e+00
      30422   1267.556     86.441     87.000    20.8007    20.8523   5.042205   5.048791     2.4248     2.0458      29.21   21.73416  -92.31924    0.00151   -0.00051     3.5987     3.6173    20.7841    20.8356    36.3341    36.3434    25.5689    25.5620    1537.17    156.712    157.521         67 0.0000e+00
      30485   1270.146     85.448     86.000    20.8568    20.9334   5.050135   5.057602     2.4280     2.0592      30.14   21.73416  -92.31924    0.00211    0.00274     3.6013     3.6423    20.8403    20.9169    36.3500    36.3458    25.5658    25.5416    1537.17    156.823    158.613         63 0.0000e+00
      30558   1273.193     84.455     85.000    20.9389    20.9930   5.058049   5.063167     2.4428     2.0822      31.14   21.73416  -92.31924    0.00342    0.00774     3.6257     3.6913    20.9226    20.9767    36.3451    36.3389    25.5395    25.5200    1537.17    157.893    160.750         76 0.0000e+00
      30630   1276.196     83.461     84.000    21.0594    21.1032   5.066907   5.070398     2.4717     2.1073      32.13   21.73416  -92.31924    0.00890    0.00745     3.6899     3.7502    21.0432    21.0870    36.3238    36.3130    25.4902    25.4701    1537.17    160.694    163.322         52 0.0000e+00
      30722   1280.033     82.468     83.000    21.0931    21.1356   5.070092   5.074364     2.5146     2.1409      33.09   21.73416  -92.31924    0.01068    0.00834     3.7658     3.8172    21.0771    21.1195    36.3113    36.3103    25.4715    25.4590    1537.17    164.004    166.244         46 0.0000e+00
      30807   1283.591     81.474     82.000    21.1576    21.2349   5.076784   5.084018     2.5322     2.1576      34.05   21.73416  -92.31924    0.00382    0.00280     3.7984     3.8500    21.1418    21.2190    36.3111    36.3014    25.4535    25.4249    1537.17    165.428    167.677         51 0.0000e+00
      32449   1352.017     77.501     78.000    21.4814    21.4827   5.112693   5.113046     2.6205     2.2207      38.40   21.76357  -92.44397    0.00093   -0.00003     3.9566     3.9740    21.4662    21.4675    36.3446    36.3426    25.3943    25.3922    1539.25    172.332    173.088         44 0.0000e+00
      32497   1354.012     76.507     77.000    21.4560    21.4665   5.106031   5.107233     2.6199     2.2229      39.19   21.73422  -92.31932    0.00062    0.00116     3.9563     3.9792    21.4410    21.4514    36.2946    36.2953    25.3583    25.3559    1537.17    172.319    173.317         39 0.0000e+00
      32582   1357.540     75.514     76.000    21.4888    21.5189   5.109141   5.112049     2.6282     2.2348      40.15   21.73423  -92.31932    0.00218    0.00297     3.9698     4.0018    21.4739    21.5043    36.2921    36.2899    25.3472    25.3379    1537.17    172.906    174.302         78 0.0000e+00
      32670   1361.219     74.521     75.000    21.5499    21.6008   5.114747   5.120018     2.6558     2.2721      41.15   21.73424  -92.31932    0.00707    0.00920     4.0161     4.0812    21.5326    21.5861    36.2877    36.2846    25.3276    25.3105    1537.17    174.927    177.766         35 0.0000e+00
      32747   1364.403     73.527     74.000    21.6380    21.6999   5.123113   5.128747     2.6821     2.3023      42.05   21.73424  -92.31932    0.00749    0.00789     4.0702     4.1427    21.6234    21.6853    36.2783    36.2710    25.2951    25.2723    1537.17    177.293    180.455         65 0.0000e+00
      32833   1367.995     72.534     73.000    21.7011    21.7455   5.129059   5.133912     2.7292     2.3418      43.07   21.73424  -92.31933    0.01089    0.00943     4.1622     4.2289    21.6868    21.7311    36.2723    36.2740    25.2729    25.2618    1537.17    181.302    184.208         36 0.0000e+00
      32912   1371.290     71.540     72.000    21.8631    21.8622   5.146289   5.144864     2.7570     2.3564      44.03   21.73424  -92.31934    0.00725    0.00245     4.2134     4.2540    21.8570    21.8480    36.2669    36.2672    25.2211    25.2238    1537.17    183.541    185.309         71 0.0000e+00
      32989   1374.520     70.546     71.000    21.9374    21.9817   5.153324   5.158900     2.7911     2.3775      45.08   21.73424  -92.31934    0.01059    0.00611     4.2689     4.2907    21.9214    21.9676    36.2691    36.2736    25.2047    25.1951    1537.17    185.961    186.912         43 0.0000e+00
      34774   1448.864     66.573     67.000    22.6112    22.6732   5.231636   5.238353     2.8738     2.4671      49.18   21.77260  -92.48207    0.00384    0.00426     4.3840     4.4425    22.5977    22.6596    36.3489    36.3487    25.0801    25.0622    1539.88    191.005    193.557         42 0.0000e+00
      34761   1448.319     64.586     65.000    22.5945    22.6547   5.214985   5.222373     2.9169     2.5044      50.45   21.65737  -91.99264    0.00891    0.00456     4.4680     4.5171    22.5814    22.6416    36.1558    36.1636    24.9171    24.9058    1531.73    194.672    196.815         41 0.0000e+00
      35016   1458.963     63.592     64.000    22.7434    22.7918   5.242157   5.247138     2.9536     2.5295      51.90   21.73432  -92.31942    0.00142    0.00126     4.5309     4.5649    22.7304    22.7787    36.2952    36.2939    24.9942    24.9793    1537.17    197.416    198.902         46 0.0000e+00
      35157   1464.848     61.605     62.000    22.8452    22.8408   5.244565   5.245127     2.9558     2.5213      53.68   21.69901  -92.16946   -0.00109    0.00016     4.5260     4.5409    22.8326    22.8281    36.2073    36.2149    24.8915    24.8986    1534.67    197.215    197.863         53 0.0000e+00
      35473   1477.981     60.612     61.000    22.9469    22.9620   5.259970   5.261652     2.9866     2.5488      54.86   21.73433  -92.31945    0.00319    0.00173     4.5796     4.5932    22.9344    22.9495    36.2662    36.2640    24.9133    24.9073    1537.17    199.554    200.148         34 0.0000e+00
      37642   1568.374     58.625     59.000    23.2088    23.2163   5.293897   5.294867     3.0520     2.6063      57.22   21.79895  -92.59375    0.00126    0.00145     4.6895     4.7020    23.1966    23.2041    36.3554    36.3578    24.9169    24.9165    1541.74    204.354    204.900         46 0.0000e+00
      37598   1566.554     57.632     58.000    23.1508    23.1629   5.279948   5.281447     3.0476     2.6009      57.82   21.73440  -92.31956    0.00145    0.00229     4.6835     4.6915    23.1388    23.1509    36.2540    36.2550    24.8447    24.8420    1537.17    204.097    204.445         39 0.0000e+00
      37689   1570.323     56.638     57.000    23.2193    23.2247   5.287402   5.287732     3.0527     2.6042      58.79   21.73440  -92.31958    0.00152    0.00085     4.6868     4.6929    23.2075    23.2131    36.2550    36.2535    24.8255    24.8229    1537.17    204.243    204.507         65 0.0000e+00
      37777   1573.995     55.645     56.000    23.3009    23.3357   5.297331   5.301084     3.0536     2.6129      59.79   21.73440  -92.31958    0.00018    0.00249     4.6812     4.7022    23.2903    23.3241    36.2640    36.2652    24.8081    24.7991    1537.17    204.001    204.919         37 0.0000e+00
      37863   1577.594     54.651     55.000    23.4056    23.4886   5.308148   5.318020     3.0649     2.6260      60.82   21.73442  -92.31959    0.00321    0.00368     4.6929     4.7178    23.3942    23.4772    36.2623    36.2700    24.7764    24.7579    1537.17    204.516    205.605         65 0.0000e+00
      37944   1580.943     53.658     54.000    23.7210    23.6467   5.338833   5.335587     3.0919     2.6438      61.72   21.73442  -92.31960    0.00822    0.00593     4.7248     4.7433    23.7097    23.6355    36.2420    36.2755    24.6682    24.7155    1537.17    205.929    206.725         36 0.0000e+00
      38037   1584.854     52.664     53.000    23.7297    23.8527   5.342680   5.356873     3.1125     2.6699      62.76   21.73442  -92.31960    0.00505    0.00556     4.7591     4.7829    23.7186    23.8416    36.2621    36.2700    24.6808    24.6503    1537.17    207.421    208.464         66 0.0000e+00
      38123   1588.437     51.670     52.000    23.9577    24.0846   5.368453   5.383136     3.1420     2.6947      63.73   21.73442  -92.31960    0.00749    0.00649     4.7966     4.8167    23.9467    24.0736    36.2729    36.2811    24.6212    24.5896    1537.17    209.067    209.950         37 0.0000e+00
      38210   1592.040     50.677     51.000    24.1760    24.3464   5.390917   5.415191     3.1671     2.7242      64.69   21.73442  -92.31960    0.00743    0.00644     4.8273     4.8576    24.1652    24.3355    36.2806    36.3114    24.5618    24.5341    1537.17    210.420    211.744         71 0.0000e+00
      39649   1651.983     49.683     50.000    24.9486    24.9917   5.482630   5.487078     3.2459     2.7858      66.02   21.73447  -92.31967    0.00090    0.00350     4.9029     4.9298    24.9377    24.9808    36.2998    36.2987    24.3427    24.3289    1537.17    213.759    214.937         39 0.0000e+00
      40275   1678.073     47.696     48.000    25.0556    25.1193   5.477192   5.485142     3.2342     2.7548      67.36   21.62174  -91.84075    0.00002    0.00051     4.8714     4.8536    25.0469    25.1088    36.1251    36.1326    24.1539    24.1406    1529.19    212.400    211.625         39 0.0000e+00
      40611   1692.077     46.703     47.000    25.6740    25.9055   5.562219   5.590096     3.2282     2.7299      69.00   21.73450  -92.31972   -0.00312   -0.00692     4.8086     4.7388    25.6638    25.8950    36.3411    36.3615    24.1503    24.0935    1537.17    209.689    206.657         48 0.0000e+00
      40768   1698.632     44.716     45.000    26.5707    26.9075   5.667210   5.708405     3.1581     2.6422      70.79   21.71793  -92.24926   -0.00723   -0.01093     4.5932     4.4781    26.5785    26.8972    36.3680    36.4035    23.8790    23.7986    1536.00    200.345    195.331         55 0.0000e+00
      45821   1909.174     22.856     23.000    29.3583    29.3643   5.964945   5.965912     3.1174     2.6387      91.90   21.49906  -91.31909    0.00035   -0.00020     4.2767     4.2624    29.3527    29.3586    36.1588    36.1609    22.7546    22.7541    1520.50    186.704    186.080         37 0.0000e+00
      46466   1936.049     21.862     22.000    29.6656    29.6864   6.028825   6.031149     3.1518     2.6650      94.17   21.73470  -92.31998    0.00019   -0.00120     4.3246     4.3034    29.6602    29.6809    36.5563    36.5564    23.0098    23.0027    1537.17    188.792    187.867         56 0.0000e+00
