Gulf of Mexico/GOMECC-4/1db/urb2103_0141.cnv
* Sea-Bird SBE 9 Data File:
* FileName = C:\Users\scs.user.rb\CTD\GOMECC4\data\rb2103_0141.hex
* Software Version Seasave V 7.26.7.107
* Temperature SN = 4799
* Conductivity SN = 3860
* Number of Bytes Per Scan = 41
* Number of Voltage Words = 4
* Number of Scans Averaged by the Deck Unit = 1
* NMEA Latitude = 27 06.71 N
* NMEA Longitude = 084 20.03 W
* NMEA UTC (Time) = Sep 18 2021  23:46:35
* NMEA baud rate = 4800
# nquan = 28
# nvalues = 85                          
# units = specified
# name 0 = scan: Scan Count
# name 1 = timeS: Time, Elapsed [seconds]
# name 2 = depSM: Depth [salt water, m]
# name 3 = prDM: Pressure, Digiquartz [db]
# name 4 = t090C: Temperature [ITS-90, deg C]
# name 5 = t190C: Temperature, 2 [ITS-90, deg C]
# name 6 = c0S/m: Conductivity [S/m]
# name 7 = c1S/m: Conductivity, 2 [S/m]
# name 8 = sbeox0V: Oxygen raw, SBE 43 [V]
# name 9 = sbeox1V: Oxygen raw, SBE 43, 2 [V]
# name 10 = altM: Altimeter [m]
# name 11 = latitude: Latitude [deg]
# name 12 = longitude: Longitude [deg]
# name 13 = sbox0dV/dT: Oxygen, SBE 43 [dov/dt]
# name 14 = sbox1dV/dT: Oxygen, SBE 43, 2 [dov/dt]
# name 15 = sbeox0ML/L: Oxygen, SBE 43 [ml/l], WS = 5
# name 16 = sbeox1ML/L: Oxygen, SBE 43, 2 [ml/l], WS = 5
# name 17 = potemp090C: Potential Temperature [ITS-90, deg C]
# name 18 = potemp190C: Potential Temperature, 2 [ITS-90, deg C]
# name 19 = sal00: Salinity, Practical [PSU]
# name 20 = sal11: Salinity, Practical, 2 [PSU]
# name 21 = sigma-é00: Density [sigma-theta, kg/m^3]
# name 22 = sigma-é11: Density, 2 [sigma-theta, kg/m^3]
# name 23 = avgsvCM: Average Sound Velocity [Chen-Millero, m/s], minP = 20, minS = 20
# name 24 = sbox0Mm/Kg: Oxygen, SBE 43 [umol/kg], WS = 5
# name 25 = sbox1Mm/Kg: Oxygen, SBE 43, 2 [umol/kg], WS = 5
# name 26 = nbin: number of scans per bin
# name 27 = flag: flag
# span 0 =      17647,      49425       
# span 1 =    735.261,   2059.348       
# span 2 =      1.987,    123.146       
# span 3 =      2.000,    124.000       
# span 4 =    16.6910,    29.3488       
# span 5 =    16.7031,    29.1693       
# span 6 =   4.601735,   5.862862       
# span 7 =   4.603438,   5.863597       
# span 8 =     1.8522,     3.2661       
# span 9 =     1.5364,     2.8008       
# span 10 =      11.15,     100.62      
# span 11 =   26.76956,   27.54226      
# span 12 =  -85.66983,  -83.26618      
# span 13 =   -0.00410,    0.01217      
# span 14 =   -0.00565,    0.01201      
# span 15 =     2.6108,     4.8388      
# span 16 =     2.6480,     4.8479      
# span 17 =    16.6706,    29.3461      
# span 18 =    16.6830,    29.1667      
# span 19 =    34.5518,    36.5754      
# span 20 =    34.5529,    36.5756      
# span 21 =    21.7816,    26.5219      
# span 22 =    21.7818,    26.5212      
# span 23 =    1512.29,    1555.95      
# span 24 =    113.586,    211.027      
# span 25 =    115.205,    211.424      
# span 26 =         30,         70      
# span 27 = 0.0000e+00, 0.0000e+00      
# interval = decibars: 1                
# start_time = Sep 18 2021 23:46:35 [NMEA time, header]
# bad_flag = -9.990e-29
*END*
[from data line 52]
      30004   1250.144     59.596     60.000    21.7651    21.8381   5.135419   5.143452     2.7867     2.3954      73.83   27.09739  -84.28688    0.00544    0.00652     4.2683     4.3359    21.7533    21.8262    36.2665    36.2689    25.2475    25.2288    1530.82    185.926    188.875         45 0.0000e+00
      31198   1299.893     58.603     59.000    22.0611    22.0104   5.166766   5.162321     2.8717     2.4480      74.89   27.11214  -84.33271    0.00080   -0.00265     4.4200     4.4405    22.0493    21.9987    36.2760    36.2817    25.1737    25.1924    1531.65    192.550    193.439         49 0.0000e+00
      31459   1310.733     57.610     58.000    22.1135    22.0828   5.172179   5.169449     2.8849     2.4596      75.86   27.11214  -84.33270    0.00057    0.00031     4.4418     4.4612    22.1019    22.0713    36.2737    36.2773    25.1572    25.1686    1531.65    193.504    194.348         31 0.0000e+00
      31650   1318.725     55.624     56.000    22.3164    22.5014   5.191041   5.211711     2.9023     2.5030      77.77   27.09742  -84.28690    0.00313    0.00688     4.4587     4.5249    22.3052    22.4901    36.2433    36.2544    25.0744    25.0302    1530.82    194.251    197.145         43 0.0000e+00
      31782   1324.204     54.631     55.000    22.6238    22.7315   5.228232   5.239809     2.9327     2.5306      78.75   27.11214  -84.33268    0.00548    0.00257     4.5040     4.5673    22.6127    22.7203    36.2888    36.2898    25.0230    24.9930    1531.65    196.234    199.001         34 0.0000e+00
      31889   1328.678     53.637     54.000    22.9717    23.0122   5.272797   5.274571     2.9662     2.5449      79.78   27.11214  -84.33266    0.00491   -0.00007     4.5321     4.5750    22.9867    23.0011    36.3259    36.3277    24.9433    24.9405    1531.65    197.478    199.347         35 0.0000e+00
      32000   1333.310     52.644     53.000    23.1735    23.2683   5.292976   5.301414     2.9900     2.5638      80.77   27.11214  -84.33266    0.00385    0.00273     4.5606     4.5957    23.1686    23.2573    36.3322    36.3242    24.8953    24.8634    1531.65    198.730    200.267         39 0.0000e+00
      32192   1341.299     50.658     51.000    23.5320    23.5658   5.325092   5.327763     3.0461     2.6138      80.77   27.09542  -84.28064    0.00640    0.00424     4.6414     4.6811    23.5213    23.5552    36.2811    36.2738    24.7507    24.7352    1530.71    202.277    204.010         32 0.0000e+00
      34121   1421.664     45.692     46.000    24.7311    24.7963   5.449762   5.457118     3.1729     2.7225      87.57   27.11285  -84.33469    0.00115    0.00183     4.7857     4.8151    24.7211    24.7863    36.2621    36.2649    24.3805    24.3628    1531.69    208.644    209.926         34 0.0000e+00
      34240   1426.618     44.699     45.000    24.9643    24.9561   5.481629   5.476783     3.1838     2.7279      88.60   27.11216  -84.33252    0.00174    0.00078     4.7859     4.8136    24.9643    24.9466    36.2822    36.2794    24.3215    24.3235    1531.65    208.664    209.871         33 0.0000e+00
      34345   1430.987     42.712     43.000    25.2002    25.2380   5.488945   5.493114     3.1837     2.7343      90.05   27.02251  -84.05366   -0.00036   -0.00042     4.7618     4.7993    25.1907    25.2285    36.1272    36.1279    24.1199    24.1088    1526.59    207.635    209.274         43 0.0000e+00
      34602   1441.715     41.719     42.000    25.4533    25.4223   5.521791   5.519325     3.2096     2.7597      91.50   27.11216  -84.33250   -0.00057    0.00122     4.7924     4.8417    25.4441    25.4130    36.2184    36.2304    24.1259    24.1445    1531.65    208.987    211.135         39 0.0000e+00
      34721   1446.665     40.726     41.000    25.6451    25.6388   5.537902   5.537456     3.2422     2.7709      93.99   27.11216  -84.33250    0.00225   -0.00261     4.8388     4.8479    25.6360    25.6297    36.1870    36.1888    24.0427    24.0460    1531.65    211.027    211.424         38 0.0000e+00
      36782   1532.547     36.753     37.000    26.9929    27.0904   5.657398   5.665600     3.2534     2.7846      95.77   26.97978  -83.92061   -0.00044   -0.00036     4.7392     4.7543    26.9844    27.0819    35.9189    35.9020    23.3907    23.3465    1524.17    206.794    207.459         33 0.0000e+00
      37088   1545.282     35.760     36.000    27.6551    27.7137   5.734611   5.738090     3.2661     2.8008      97.40   27.11218  -84.33240   -0.00218   -0.00051     4.7121     4.7457    27.6467    27.7052    36.0403    36.0192    23.2925    23.2575    1531.65    205.651    207.123         36 0.0000e+00
      37772   1573.783     31.787     32.000    29.0440    29.0065   5.862862   5.863597     3.2330     2.7465     100.62   27.28042  -84.85569   -0.00410   -0.00565     4.5356     4.5410    29.0363    28.9988    35.9278    36.0112    22.7720    22.8557    1541.15    198.069    198.293         32 0.0000e+00
      39306   1637.714     28.807     29.000    28.9418    28.9098   5.785366   5.799007     3.1440     2.6740      99.37   26.94167  -83.80192    0.00024    0.00038     4.3915     4.3980    28.9348    28.9027    35.3461    35.4231    22.3141    22.3688    1522.02    191.818    192.101         31 0.0000e+00
      39662   1652.551     27.814     28.000    29.0932    29.0673   5.812986   5.810552     3.1627     2.6891     100.00   27.11218  -84.33230   -0.00064    0.00015     4.4165     4.4243    29.0864    29.0605    35.5015    35.5037    22.4117    22.4221    1531.65    192.919    193.258         41 0.0000e+00
      39639   1651.601     25.827     26.000    28.9119    28.9198   5.777444   5.771100     3.1377     2.6658      99.47   26.96827  -83.88465   -0.00044   -0.00206     4.3859     4.3851    28.9472    28.9135    35.2947    35.2498    22.2818    22.2497    1523.52    191.589    191.554         40 0.0000e+00
      39966   1665.202     24.834     25.000    29.0538    29.0626   5.796411   5.796230     3.1524     2.6799     100.00   27.11218  -84.33228   -0.00019   -0.00051     4.4014     4.4070    29.0478    29.0565    35.4183    35.4096    22.3622    22.3528    1531.65    192.267    192.512         55 0.0000e+00
      40074   1669.719     23.841     24.000    29.0555    29.0609   5.794504   5.794496     3.1503     2.6814      88.12   27.11218  -84.33228   -0.00084   -0.00003     4.3974     4.4098    29.0497    29.0551    35.4033    35.3993    22.3503    22.3455    1531.65    192.092    192.639         40 0.0000e+00
      40170   1673.701     22.847     23.000    29.0628    29.0583   5.794313   5.794563     3.1531     2.6814      63.09   27.11218  -84.33228    0.00069   -0.00104     4.4015     4.4093    29.0572    29.0527    35.3969    35.4020    22.3429    22.3483    1531.65    192.276    192.615         30 0.0000e+00
      40275   1678.069     21.854     22.000    29.0727    29.0682   5.794307   5.794049     3.1498     2.6826      70.39   27.11218  -84.33228   -0.00072   -0.00040     4.3944     4.4108    29.0673    29.0629    35.3898    35.3913    22.3342    22.3368    1531.65    191.967    192.684         38 0.0000e+00
      42336   1763.972     18.874     19.000    29.0329    29.0385   5.758168   5.759940     3.1547     2.6878     100.50   27.26160  -84.79694   -0.00076   -0.00004     4.4177     4.4357    29.0283    29.0339    35.2639    35.2721    22.2829    22.2872    1540.09    193.018    193.803         36 0.0000e+00
      42235   1759.764     16.887     17.000    28.7459    28.7519   5.700758   5.702814     3.1240     2.6618      99.57   26.99581  -83.97018   -0.00003    0.00173     4.3757     4.3923    28.7418    28.7478    34.9156    34.9245    22.0634    22.0682    1525.07    191.181    191.907         32 0.0000e+00
      42559   1773.250     15.894     16.000    28.8680    28.8720   5.724487   5.725845     3.1383     2.6719     100.00   27.11220  -84.33218   -0.00005    0.00063     4.3945     4.4082    28.8642    28.8682    35.0615    35.0682    22.1556    22.1593    1531.65    192.004    192.604         30 0.0000e+00
      43009   1792.000     13.907     14.000    28.9799    28.9769   5.746040   5.745057     3.1525     2.6815     100.41   27.22343  -84.67815    0.00103    0.00077     4.4143     4.4240    28.9765    28.9735    35.1970    35.1942    22.2423    22.2412    1537.93    192.872    193.293         31 0.0000e+00
      44130   1838.697     10.927     11.000    29.3488    29.1693   5.809866   5.795672     3.1845     2.7097      94.24   27.54226  -85.66983    0.00009    0.00008     4.4557     4.4677    29.3461    29.1667    35.5646    35.3519    22.4591    22.3260    1555.95    194.685    195.210         41 0.0000e+00
      45492   1895.455      8.941      9.000    29.1163    29.0682   5.758808   5.757494     3.1600     2.6850     100.51   27.28952  -84.88356    0.00018    0.00041     4.4184     4.4250    29.1142    29.0661    35.2273    35.1886    22.2323    22.2131    1541.67    193.062    193.350         55 0.0000e+00
      45401   1891.661      7.947      8.000    28.9395    28.9357   5.722508   5.722252     3.1383     2.6758      99.78   27.11222  -84.33206   -0.00014    0.00081     4.3862     4.4091    28.9376    28.9338    34.9972    34.9983    22.0828    22.0849    1531.65    191.654    192.656         44 0.0000e+00
      46074   1919.709      3.974      4.000    28.6321    28.6341   5.655779   5.656110     3.1042     2.6574      60.08   26.76956  -83.26618    0.00014    0.00041     4.3343     4.3717    28.6311    28.6331    34.5518    34.5529    21.7816    21.7818    1512.29    189.393    191.025         50 0.0000e+00
      49425   2059.348      2.980      3.000    29.0135    29.0161   5.729703   5.730174     3.1448     2.6760      98.73   27.11222  -84.33196   -0.00024    0.00126     4.3897     4.4010    29.0128    29.0154    34.9941    34.9953    22.0553    22.0554    1531.65    191.813    192.309         49 0.0000e+00
      49236   2051.450      1.987      2.000    29.0071    29.0064   5.728989   5.729097     3.1450     2.6740     100.03   27.11222  -84.33196   -0.00003   -0.00026     4.3900     4.3971    29.0066    29.0059    34.9941    34.9954    22.0574    22.0586    1531.65    191.826    192.136         46 0.0000e+00
