Gulf of Mexico/GOMECC-4/1db/urb2103_0341.cnv
* Sea-Bird SBE 9 Data File:
* FileName = C:\Users\scs.user.rb\CTD\GOMECC4\data\rb2103_0341.hex
* Software Version Seasave V 7.26.7.107
* Temperature SN = 4799
* Conductivity SN = 3860
* Number of Bytes Per Scan = 41
* Number of Voltage Words = 4
* Number of Scans Averaged by the Deck Unit = 1
* NMEA Latitude = 29 03.10 N
* NMEA Longitude = 087 31.28 W
* NMEA UTC (Time) = Sep 24 2021  06:51:00
* NMEA baud rate = 4800
# nquan = 28
# nvalues = 181                         
# units = specified
# name 0 = scan: Scan Count
# name 1 = timeS: Time, Elapsed [seconds]
# name 2 = depSM: Depth [salt water, m]
# name 3 = prDM: Pressure, Digiquartz [db]
# name 4 = t090C: Temperature [ITS-90, deg C]
# name 5 = t190C: Temperature, 2 [ITS-90, deg C]
# name 6 = c0S/m: Conductivity [S/m]
# name 7 = c1S/m: Conductivity, 2 [S/m]
# name 8 = sbeox0V: Oxygen raw, SBE 43 [V]
# name 9 = sbeox1V: Oxygen raw, SBE 43, 2 [V]
# name 10 = altM: Altimeter [m]
# name 11 = latitude: Latitude [deg]
# name 12 = longitude: Longitude [deg]
# name 13 = sbox0dV/dT: Oxygen, SBE 43 [dov/dt]
# name 14 = sbox1dV/dT: Oxygen, SBE 43, 2 [dov/dt]
# name 15 = sbeox0ML/L: Oxygen, SBE 43 [ml/l], WS = 5
# name 16 = sbeox1ML/L: Oxygen, SBE 43, 2 [ml/l], WS = 5
# name 17 = potemp090C: Potential Temperature [ITS-90, deg C]
# name 18 = potemp190C: Potential Temperature, 2 [ITS-90, deg C]
# name 19 = sal00: Salinity, Practical [PSU]
# name 20 = sal11: Salinity, Practical, 2 [PSU]
# name 21 = sigma-é00: Density [sigma-theta, kg/m^3]
# name 22 = sigma-é11: Density, 2 [sigma-theta, kg/m^3]
# name 23 = avgsvCM: Average Sound Velocity [Chen-Millero, m/s], minP = 20, minS = 20
# name 24 = sbox0Mm/Kg: Oxygen, SBE 43 [umol/kg], WS = 5
# name 25 = sbox1Mm/Kg: Oxygen, SBE 43, 2 [umol/kg], WS = 5
# name 26 = nbin: number of scans per bin
# name 27 = flag: flag
# span 0 =      59744,     129473       
# span 1 =   2489.290,   5394.676       
# span 2 =      2.980,   1482.587       
# span 3 =      3.000,   1498.000       
# span 4 =     4.2960,    28.1915       
# span 5 =     4.2965,    28.1985       
# span 6 =   3.345089,   5.725629       
# span 7 =   3.345060,   5.734029       
# span 8 =     1.6180,     3.1407       
# span 9 =     1.3222,     2.6717       
# span 10 =      10.22,     100.76      
# span 11 =   28.73140,   29.17729      
# span 12 =  -87.89806,  -86.55481      
# span 13 =   -0.00867,    0.03732      
# span 14 =   -0.00501,    0.03169      
# span 15 =     2.6042,     4.6512      
# span 16 =     2.6197,     4.6975      
# span 17 =     4.1726,    28.1872      
# span 18 =     4.1731,    28.1943      
# span 19 =    33.9369,    36.4869      
# span 20 =    33.9374,    36.4923      
# span 21 =    21.7033,    27.7423      
# span 22 =    21.7030,    27.7415      
# span 23 =    1480.24,    1503.21      
# span 24 =    113.341,    202.116      
# span 25 =    114.014,    204.126      
# span 26 =         30,         72      
# span 27 = 0.0000e+00, 0.0000e+00      
# interval = decibars: 1                
# start_time = Sep 24 2021 06:51:00 [NMEA time, header]
# bad_flag = -9.990e-29
*END*
[from data line 104]
     114529   4771.991    108.238    109.000    19.4427    19.3939   4.919344   4.913371     1.9529     1.6140      77.72   29.07295  -87.58432    0.00010   -0.00042     2.6767     2.6927    19.4253    19.3741    36.4856    36.4923    26.0484    26.0677    1497.85    116.508    117.201         31 0.0000e+00
     114480   4769.951    107.245    108.000    19.4541    19.4225   4.917625   4.914326     1.9516     1.6138      99.88   29.05216  -87.52170   -0.00005    0.00033     2.6742     2.6903    19.4344    19.4028    36.4666    36.4666    26.0300    26.0383    1496.78    116.401    117.100         35 0.0000e+00
     114518   4771.527    106.252    107.000    19.4905    19.4904   4.921415   4.921520     1.9530     1.6158     100.00   29.05216  -87.52170    0.00024    0.00098     2.6752     2.6919    19.4710    19.4708    36.4674    36.4678    26.0211    26.0214    1496.78    116.445    117.170         43 0.0000e+00
     114563   4773.405    105.259    106.000    19.4985    19.5037   4.922509   4.923000     1.9543     1.6194      75.86   29.05216  -87.52170    0.00088    0.00147     2.6770     2.6992    19.4791    19.4843    36.4692    36.4687    26.0203    26.0185    1496.78    116.523    117.489         42 0.0000e+00
     114600   4774.960    104.267    105.000    19.5208    19.5269   4.924730   4.925442     1.9555     1.6225      88.56   29.05216  -87.52170    0.00064    0.00185     2.6781     2.7049    19.5015    19.5077    36.4686    36.4694    26.0139    26.0129    1496.78    116.571    117.736         34 0.0000e+00
     114634   4776.394    103.274    104.000    19.5401    19.5407   4.926436   4.926695     1.9578     1.6248      99.82   29.05216  -87.52170    0.00096    0.00198     2.6818     2.7096    19.5211    19.5217    36.4663    36.4679    26.0071    26.0082    1496.78    116.732    117.943         37 0.0000e+00
     114673   4778.017    102.281    103.000    19.5546    19.5530   4.927532   4.927534     1.9594     1.6255     100.00   29.05216  -87.52170    0.00125    0.00125     2.6843     2.7103    19.5357    19.5341    36.4632    36.4645    26.0009    26.0024    1496.78    116.843    117.972         39 0.0000e+00
     114709   4779.514    101.288    102.000    19.5611    19.5677   4.928256   4.928965     1.9621     1.6280      71.11   29.05216  -87.52170    0.00132    0.00086     2.6894     2.7151    19.5424    19.5490    36.4638    36.4639    25.9996    25.9980    1496.78    117.065    118.186         33 0.0000e+00
     114743   4780.906    100.296    101.000    19.6079    19.6141   4.933103   4.934119     1.9636     1.6289      86.54   29.05216  -87.52170    0.00159    0.00122     2.6899     2.7146    19.5894    19.5955    36.4636    36.4667    25.9871    25.9879    1496.78    117.088    118.164         36 0.0000e+00
     114781   4782.496     99.303    100.000    19.6527    19.6731   4.938002   4.941243     1.9648     1.6303     100.32   29.05216  -87.52170    0.00102    0.00095     2.6894     2.7142    19.6335    19.6547    36.4663    36.4699    25.9776    25.9748    1496.78    117.066    118.149         37 0.0000e+00
     114814   4783.863     98.310     99.000    19.8318    19.8261   4.958423   4.957541     1.9676     1.6322     100.00   29.05216  -87.52170    0.00095    0.00087     2.6881     2.7112    19.8135    19.8080    36.4793    36.4757    25.9401    25.9385    1496.78    117.014    118.019         30 0.0000e+00
     114844   4785.135     97.317     98.000    19.8864    19.8881   4.963955   4.964476     1.9723     1.6341     100.00   29.05216  -87.52170    0.00211    0.00120     2.6925     2.7118    19.8683    19.8699    36.4778    36.4806    25.9245    25.9262    1496.78    117.208    118.050         33 0.0000e+00
     114879   4786.604     96.324     97.000    19.9422    19.9500   4.970236   4.970768     1.9780     1.6392     100.00   29.05216  -87.52170    0.00338    0.00203     2.7013     2.7203    19.9242    19.9319    36.4816    36.4792    25.9125    25.9087    1496.78    117.594    118.420         36 0.0000e+00
     114914   4788.032     95.332     96.000    19.9705    20.0490   4.972759   4.981090     1.9821     1.6445     100.00   29.05216  -87.52170    0.00364    0.00316     2.7083     2.7286    19.9526    20.0311    36.4782    36.4788    25.9024    25.8820    1496.78    117.901    118.784         32 0.0000e+00
     114945   4789.335     94.339     95.000    20.1602    20.1801   4.993755   4.995469     1.9866     1.6507     100.00   29.05216  -87.52170    0.00319    0.00389     2.7075     2.7351    20.1425    20.1623    36.4869    36.4837    25.8584    25.8508    1496.78    117.868    119.070         33 0.0000e+00
     114982   4790.855     93.346     94.000    20.2653    20.2513   5.004200   5.003147     1.9956     1.6576     100.00   29.05216  -87.52170    0.00398    0.00452     2.7208     2.7472    20.2476    20.2336    36.4821    36.4856    25.8267    25.8331    1496.78    118.452    119.602         38 0.0000e+00
     115017   4792.346     92.353     93.000    20.2964    20.3002   5.005505   5.005884     2.0027     1.6644     100.00   29.05216  -87.52170    0.00537    0.00456     2.7344     2.7613    20.2790    20.2828    36.4792    36.4802    25.8161    25.8158    1496.78    119.045    120.214         32 0.0000e+00
     115106   4796.042     90.368     91.000    20.3324    20.3240   5.007661   5.005199     2.0289     1.6969     100.02   29.05873  -87.54149    0.00684    0.00885     2.7873     2.8352    20.3152    20.3069    36.4565    36.4436    25.7898    25.7822    1497.12    121.352    123.439         37 0.0000e+00
     115118   4796.536     89.375     90.000    20.2922    20.3022   4.998228   5.001321     2.0833     1.7662     100.00   29.05216  -87.52170    0.01950    0.02835     2.9170     2.9987    20.2702    20.2856    36.4157    36.4288    25.7700    25.7762    1496.78    127.000    130.558         36 0.0000e+00
     115214   4800.544     87.389     88.000    20.3391    20.3404   5.000483   5.000674     2.1834     1.8460     100.03   29.06075  -87.54758    0.03619    0.03163     3.1165     3.1832    20.3225    20.3239    36.3940    36.3929    25.7404    25.7392    1497.22    135.690    138.595         33 0.0000e+00
     115218   4800.688     86.396     87.000    20.3501    20.3621   5.000862   5.001897     2.2284     1.8842     100.00   29.05216  -87.52170    0.03732    0.03169     3.2112     3.2709    20.3337    20.3457    36.3841    36.3828    25.7288    25.7246    1496.78    139.815    142.417         40 0.0000e+00
     115302   4804.188     84.410     85.000    20.6583    20.6667   5.032792   5.033835     2.2560     1.9117     100.02   29.05720  -87.53689    0.01448    0.01302     3.2496     3.3160    20.6421    20.6506    36.3826    36.3839    25.6451    25.6438    1497.04    141.497    144.391         32 0.0000e+00
     115316   4804.795     83.418     84.000    20.6959    20.7108   5.036679   5.038357     2.2769     1.9211     100.00   29.05215  -87.52170    0.01124    0.00963     3.2910     3.3347    20.6799    20.6947    36.3801    36.3810    25.6323    25.6289    1496.78    143.302    145.205         37 0.0000e+00
     115351   4806.246     82.425     83.000    20.7160    20.7523   5.039295   5.042726     2.2803     1.9193     100.00   29.05214  -87.52170    0.01067    0.00562     3.2965     3.3276    20.7001    20.7364    36.3845    36.3812    25.6302    25.6178    1496.78    143.543    144.898         32 0.0000e+00
     115384   4807.609     81.432     82.000    20.8342    20.8312   5.051208   5.051110     2.2791     1.9161     100.00   29.05214  -87.52170    0.00570   -0.00019     3.2860     3.3152    20.8185    20.8155    36.3802    36.3821    25.5947    25.5969    1496.78    143.092    144.362         33 0.0000e+00
     115418   4809.037     80.439     81.000    20.8440    20.8588   5.052165   5.053737     2.2777     1.9128     100.00   29.05214  -87.52170   -0.00036   -0.00256     3.2819     3.3052    20.8285    20.8433    36.3800    36.3801    25.5918    25.5879    1496.78    142.914    143.926         34 0.0000e+00
     115452   4810.438     79.446     80.000    20.8820    20.9066   5.055598   5.057686     2.2807     1.9187     100.00   29.05214  -87.52170   -0.00033   -0.00072     3.2855     3.3156    20.8666    20.8912    36.3757    36.3716    25.5781    25.5683    1496.78    143.070    144.385         34 0.0000e+00
     116883   4870.086     73.489     74.000    21.5456    21.6301   5.116996   5.127535     2.4713     2.0911      99.86   29.01018  -87.39518   -0.00103   -0.00062     3.6390     3.6643    21.5311    21.6156    36.2976    36.3033    25.3311    25.3113    1494.62    158.499    159.603         43 0.0000e+00
     117137   4880.685     72.496     73.000    21.7088    21.6957   5.139681   5.138944     2.4730     2.0949     100.00   29.05218  -87.52170   -0.00098    0.00025     3.6294     3.6677    21.6944    21.6813    36.3509    36.3562    25.3305    25.3382    1496.78    158.084    159.751         41 0.0000e+00
     117168   4881.975     71.503     72.000    21.8806    21.8750   5.159717   5.159133     2.4833     2.0985     100.00   29.05218  -87.52170    0.00216    0.00075     3.6381     3.6635    21.8664    21.8607    36.3656    36.3657    25.2935    25.2952    1496.78    158.468    159.578         33 0.0000e+00
     117207   4883.586     70.510     71.000    21.9043    21.9294   5.163062   5.165311     2.4876     2.1025     100.00   29.05220  -87.52170    0.00488    0.00237     3.6447     3.6685    21.8902    21.9154    36.3725    36.3692    25.2921    25.2825    1496.78    158.758    159.796         45 0.0000e+00
     117250   4885.357     69.517     70.000    21.9651    21.9766   5.169064   5.170498     2.4885     2.1073     100.00   29.05220  -87.52170    0.00188    0.00239     3.6420     3.6759    21.9511    21.9627    36.3693    36.3709    25.2725    25.2704    1496.78    158.641    160.119         36 0.0000e+00
     117282   4886.716     68.524     69.000    22.1001    22.0916   5.183196   5.182609     2.4986     2.1178     100.00   29.05220  -87.52171    0.00258    0.00368     3.6544     3.6927    22.0863    22.0779    36.3679    36.3704    25.2332    25.2375    1496.78    159.189    160.855         32 0.0000e+00
     117316   4888.137     67.531     68.000    22.1542    22.1738   5.187051   5.188201     2.5374     2.1571     100.00   29.05220  -87.52172    0.01175    0.01252     3.7286     3.7748    22.1407    22.1602    36.3533    36.3459    25.2067    25.1956    1496.78    162.424    164.440         37 0.0000e+00
     117352   4889.643     66.539     67.000    22.2245    22.2415   5.191943   5.193399     2.5770     2.2030     100.00   29.05220  -87.52172    0.02246    0.02392     3.8048     3.8738    22.2111    22.2280    36.3333    36.3305    25.1716    25.1647    1496.78    165.750    168.757         34 0.0000e+00
     117385   4890.997     65.545     66.000    22.3391    22.3653   5.202482   5.203760     2.6179     2.2388     100.00   29.05220  -87.52172    0.02752    0.02917     3.8725     3.9405    22.3175    22.3526    36.3276    36.3228    25.1371    25.1283    1496.78    168.706    171.667         31 0.0000e+00
     117417   4892.352     64.552     65.000    22.4584    22.4498   5.215557   5.214887     2.6585     2.2678     100.00   29.05220  -87.52172    0.02926    0.02667     3.9533     4.0044    22.4453    22.4367    36.3241    36.3260    25.0979    25.1019    1496.78    172.231    174.456         34 0.0000e+00
     117453   4893.814     63.559     64.000    22.5102    22.5305   5.220544   5.222102     2.6848     2.2900     100.00   29.05220  -87.52172    0.02699    0.02080     4.0028     4.0481    22.4972    22.5175    36.3203    36.3156    25.0802    25.0708    1496.78    174.391    176.366         35 0.0000e+00
     117486   4895.220     62.566     63.000    22.6173    22.6284   5.231688   5.232579     2.7073     2.3145      70.82   29.05220  -87.52172    0.01981    0.01662     4.0398     4.0955    22.6045    22.6156    36.3187    36.3164    25.0482    25.0433    1496.78    176.009    178.435         33 0.0000e+00
     117518   4896.562     61.573     62.000    22.7052    22.7059   5.239876   5.239646     2.7362     2.3404      99.98   29.05220  -87.52172    0.01752    0.01723     4.0916     4.1474    22.6926    22.6933    36.3098    36.3074    25.0162    25.0142    1496.78    178.270    180.704         32 0.0000e+00
     117551   4897.921     60.580     61.000    22.7784    22.8039   5.247298   5.249781     2.7659     2.3657     100.00   29.05220  -87.52172    0.02036    0.01879     4.1457     4.1963    22.7660    22.7914    36.3072    36.3054    24.9931    24.9844    1496.78    180.631    182.837         33 0.0000e+00
     117585   4899.324     59.587     60.000    22.8569    22.8885   5.254948   5.258233     2.7930     2.3893     100.00   29.05220  -87.52174    0.02138    0.01843     4.1940     4.2422    22.8446    22.8762    36.3020    36.3014    24.9665    24.9568    1496.78    182.742    184.843         31 0.0000e+00
     119224   4967.622     53.630     54.000    23.4354    23.4285   5.312596   5.312222     2.9463     2.5167      67.12   29.03720  -87.47644    0.00030   -0.00045     4.4532     4.4802    23.4242    23.4173    36.2674    36.2680    24.7697    24.7720    1496.00    194.069    195.245         34 0.0000e+00
     119334   4972.225     52.636     53.000    23.4979    23.5104   5.320530   5.321107     2.9496     2.5169      98.64   29.05226  -87.52180    0.00017   -0.00104     4.4537     4.4743    23.4869    23.4993    36.2824    36.2766    24.7644    24.7564    1496.78    194.096    194.994         54 0.0000e+00
     119396   4974.784     51.644     52.000    23.5818    23.5686   5.329072   5.327117     2.9610     2.5301      87.59   29.05226  -87.52180    0.00352    0.00364     4.4690     4.4983    23.5710    23.5577    36.2794    36.2753    24.7374    24.7382    1496.78    194.767    196.044         64 0.0000e+00
     119454   4977.209     50.650     51.000    23.7412    23.6483   5.345888   5.336574     2.9758     2.5380      88.88   29.05226  -87.52180    0.00514    0.00363     4.4848     4.5087    23.7305    23.6376    36.2779    36.2828    24.6892    24.7203    1496.78    195.464    196.500         52 0.0000e+00
     119511   4979.569     49.657     50.000    23.8407    23.7618   5.357535   5.347323     2.9876     2.5458     100.03   29.05228  -87.52180    0.00623    0.00354     4.4991     4.5161    23.8302    23.7513    36.2859    36.2734    24.6657    24.6796    1496.78    196.094    196.831         62 0.0000e+00
     119570   4982.030     48.664     49.000    23.9138    23.8855   5.365379   5.361611     2.9908     2.5476      66.33   29.05228  -87.52180    0.00201    0.00158     4.4988     4.5108    23.9035    23.8751    36.2863    36.2807    24.6443    24.6485    1496.78    196.084    196.605         54 0.0000e+00
     119620   4984.113     47.671     48.000    24.0531    23.9714   5.380226   5.371698     3.0077     2.5679     100.14   29.05228  -87.52180    0.00314    0.00483     4.5165     4.5453    24.0449    23.9613    36.2844    36.2877    24.6006    24.6282    1496.78    196.868    198.116         48 0.0000e+00
     119672   4986.290     46.678     47.000    24.2430    24.2128   5.400740   5.397881     3.0117     2.5729     100.00   29.05228  -87.52180    0.00634    0.00618     4.5115     4.5382    24.2329    24.2028    36.2874    36.2902    24.5468    24.5579    1496.78    196.657    197.820         57 0.0000e+00
     119726   4988.523     45.685     46.000    24.3886    24.3316   5.416762   5.410442     3.0007     2.5618     100.00   29.05228  -87.52180   -0.00385   -0.00325     4.4772     4.5042    24.3788    24.3217    36.2906    36.2892    24.5054    24.5215    1496.78    195.168    196.342         48 0.0000e+00
