Gulf of Mexico/GOMECC-4/1db/urb2103_0211.cnv
* Sea-Bird SBE 9 Data File:
* FileName = C:\Users\scs.user.rb\CTD\GOMECC4\data\rb2103_0211.hex
* Software Version Seasave V 7.26.7.107
* Temperature SN = 4799
* Conductivity SN = 3860
* Number of Bytes Per Scan = 41
* Number of Voltage Words = 4
* Number of Scans Averaged by the Deck Unit = 1
* NMEA Latitude = 29 12.35 N
* NMEA Longitude = 085 38.79 W
* NMEA UTC (Time) = Sep 20 2021  22:02:36
* NMEA baud rate = 4800
# nquan = 28
# nvalues = 30                          
# units = specified
# name 0 = scan: Scan Count
# name 1 = timeS: Time, Elapsed [seconds]
# name 2 = depSM: Depth [salt water, m]
# name 3 = prDM: Pressure, Digiquartz [db]
# name 4 = t090C: Temperature [ITS-90, deg C]
# name 5 = t190C: Temperature, 2 [ITS-90, deg C]
# name 6 = c0S/m: Conductivity [S/m]
# name 7 = c1S/m: Conductivity, 2 [S/m]
# name 8 = sbeox0V: Oxygen raw, SBE 43 [V]
# name 9 = sbeox1V: Oxygen raw, SBE 43, 2 [V]
# name 10 = altM: Altimeter [m]
# name 11 = latitude: Latitude [deg]
# name 12 = longitude: Longitude [deg]
# name 13 = sbox0dV/dT: Oxygen, SBE 43 [dov/dt]
# name 14 = sbox1dV/dT: Oxygen, SBE 43, 2 [dov/dt]
# name 15 = sbeox0ML/L: Oxygen, SBE 43 [ml/l], WS = 5
# name 16 = sbeox1ML/L: Oxygen, SBE 43, 2 [ml/l], WS = 5
# name 17 = potemp090C: Potential Temperature [ITS-90, deg C]
# name 18 = potemp190C: Potential Temperature, 2 [ITS-90, deg C]
# name 19 = sal00: Salinity, Practical [PSU]
# name 20 = sal11: Salinity, Practical, 2 [PSU]
# name 21 = sigma-é00: Density [sigma-theta, kg/m^3]
# name 22 = sigma-é11: Density, 2 [sigma-theta, kg/m^3]
# name 23 = avgsvCM: Average Sound Velocity [Chen-Millero, m/s], minP = 20, minS = 20
# name 24 = sbox0Mm/Kg: Oxygen, SBE 43 [umol/kg], WS = 5
# name 25 = sbox1Mm/Kg: Oxygen, SBE 43, 2 [umol/kg], WS = 5
# name 26 = nbin: number of scans per bin
# name 27 = flag: flag
# span 0 =      18635,      34149       
# span 1 =    776.410,   1422.835       
# span 2 =      2.980,     73.488       
# span 3 =      3.000,     74.000       
# span 4 =    20.7994,    28.7505       
# span 5 =    20.8030,    28.7496       
# span 6 =   5.058682,   5.733513       
# span 7 =   5.059228,   5.733753       
# span 8 =     2.3039,     3.1890       
# span 9 =     1.9429,     2.7135       
# span 10 =      12.29,      83.32      
# span 11 =   28.66030,   29.65507      
# span 12 =  -86.96667,  -84.04935      
# span 13 =   -0.00448,    0.02722      
# span 14 =   -0.00375,    0.02337      
# span 15 =     3.3355,     4.5400      
# span 16 =     3.3737,     4.5671      
# span 17 =    20.7853,    28.7469      
# span 18 =    20.7889,    28.7460      
# span 19 =    33.4341,    36.4736      
# span 20 =    33.4589,    36.4749      
# span 21 =    21.0946,    25.6749      
# span 22 =    21.1484,    25.6749      
# span 23 =    1508.27,    1560.62      
# span 24 =    145.235,    198.613      
# span 25 =    146.898,    199.797      
# span 26 =         31,         61      
# span 27 = 0.0000e+00, 0.0000e+00      
# interval = decibars: 1                
# start_time = Sep 20 2021 22:02:36 [NMEA time, header]
# bad_flag = -9.990e-29
*END*
      18635    776.410     73.488     74.000    20.7994    20.8030   5.058682   5.059228     2.3039     1.9429      12.29   29.20528  -85.64684    0.00106    0.00134     3.3355     3.3737    20.7853    20.7889    36.4736    36.4749    25.6749    25.6749    1536.93    145.235    146.898         31 0.0000e+00
      18720    779.964     72.495     73.000    20.8190    20.8486   5.060123   5.063158     2.3083     1.9470      13.20   29.20526  -85.64684    0.00099    0.00159     3.3432     3.3808    20.8050    20.8346    36.4688    36.4693    25.6659    25.6582    1536.93    145.570    147.207         38 0.0000e+00
      18821    784.174     71.502     72.000    20.8581    20.8858   5.064118   5.067209     2.3155     1.9573      14.25   29.20526  -85.64684    0.00158    0.00188     3.3556     3.4009    20.8443    20.8720    36.4681    36.4692    25.6546    25.6479    1536.93    146.113    148.087         37 0.0000e+00
      18917    788.183     70.509     71.000    20.9020    20.9266   5.068897   5.071718     2.3242     1.9631      15.22   29.20526  -85.64683    0.00214    0.00128     3.3702     3.4116    20.8884    20.9130    36.4695    36.4712    25.6437    25.6383    1536.93    146.752    148.555         61 0.0000e+00
      23543    980.936     49.657     50.000    23.5815    23.5672   5.334461   5.332023     2.8347     2.4133      35.98   29.25416  -85.79060   -0.00313   -0.00003     4.2161     4.2413    23.5745    23.5567    36.3437    36.3396    24.7921    24.7942    1539.51    183.742    184.840         51 0.0000e+00
      23576    982.304     48.664     49.000    23.6672    23.7987   5.336746   5.349311     2.8435     2.4288      36.75   29.20510  -85.64672    0.00311    0.00182     4.2269     4.2571    23.6559    23.7884    36.2701    36.2578    24.7053    24.6569    1536.93    184.220    185.547         33 0.0000e+00
      23678    986.525     47.671     48.000    23.8690    23.8594   5.355663   5.354718     2.8684     2.4496      37.84   29.20510  -85.64672    0.00546    0.00448     4.2602     4.2971    23.8589    23.8493    36.2491    36.2469    24.6294    24.6305    1536.93    185.687    187.295         52 0.0000e+00
      24026   1001.044     45.685     46.000    24.4856    24.4047   5.427158   5.409070     2.9334     2.4940      40.16   29.34398  -86.05400    0.00342    0.00255     4.3421     4.3578    24.4801    24.3949    36.3438    36.2633    24.5315    24.4941    1544.24    189.291    189.971         36 0.0000e+00
      24332   1013.794     40.719     41.000    25.1897    25.3144   5.466848   5.477483     2.9024     2.4545      44.24   29.05615  -85.21001   -0.00083   -0.00297     4.2203     4.1986    25.1807    25.3054    35.9444    35.9276    23.9763    23.9263    1529.09    184.043    183.108         31 0.0000e+00
      26621   1109.178     39.726     40.000    26.1782    26.1569   5.572867   5.570421     2.8949     2.4601      45.66   29.20504  -85.64668    0.00243    0.00166     4.1362     4.1556    26.1692    26.1479    36.0225    36.0236    23.7518    23.7594    1536.93    180.436    181.283         57 0.0000e+00
      26786   1116.060     38.733     39.000    26.2123    26.2055   5.576348   5.574934     2.9105     2.4734      46.55   29.20504  -85.64668    0.00635    0.00497     4.1623     4.1795    26.2035    26.1967    36.0216    36.0233    23.7405    23.7439    1536.93    181.578    182.329         59 0.0000e+00
      26845   1118.511     37.740     38.000    26.3807    26.3946   5.592423   5.596279     2.9269     2.4958      47.51   29.20504  -85.64668    0.00562    0.00702     4.1805     4.2126    26.3721    26.3860    36.0066    36.0237    23.6759    23.6845    1536.93    182.384    183.780         57 0.0000e+00
      26899   1120.768     36.747     37.000    26.7255    26.8655   5.631278   5.641836     2.9866     2.5610      48.47   29.20503  -85.64668    0.01908    0.02337     4.2671     4.3170    26.7171    26.8572    36.0189    35.9892    23.5758    23.5101    1536.93    186.176    188.368         51 0.0000e+00
      26953   1123.011     35.754     36.000    27.1000    27.2931   5.665576   5.678534     3.0389     2.5949      49.48   29.20502  -85.64668    0.02722    0.02293     4.3361     4.3558    27.0917    27.2848    35.9750    35.9185    23.4229    23.3182    1536.93    189.218    190.097         58 0.0000e+00
      27009   1125.349     34.761     35.000    27.3922    27.3348   5.685174   5.679386     3.0553     2.5905      50.41   29.20502  -85.64668    0.01184    0.00213     4.3456     4.3437    27.3841    27.3267    35.8898    35.8927    23.2645    23.2853    1536.93    189.662    189.574         52 0.0000e+00
      27060   1127.460     33.768     34.000    27.5465    27.6196   5.696621   5.702146     3.0543     2.6045      51.37   29.20502  -85.64667    0.00156    0.00039     4.3323     4.3527    27.5386    27.6116    35.8530    35.8363    23.1868    23.1504    1536.93    189.097    189.995         51 0.0000e+00
      27112   1129.612     32.775     33.000    27.8168    27.8511   5.719718   5.720507     3.0993     2.6434      52.34   29.20502  -85.64666    0.00911    0.01605     4.3942     4.4161    27.8148    27.8433    35.8058    35.7897    23.0613    23.0399    1536.93    191.824    192.780         53 0.0000e+00
      27164   1131.787     31.782     32.000    28.0837    28.1648   5.728972   5.732061     3.1302     2.6682      53.37   29.20502  -85.64666    0.01936    0.01339     4.4341     4.4471    28.0762    28.1572    35.6729    35.6334    22.8758    22.8194    1536.93    193.599    194.178         51 0.0000e+00
      27216   1133.967     30.789     31.000    28.2852    28.3846   5.733387   5.733753     3.1513     2.6870      54.31   29.20502  -85.64666    0.01322    0.01149     4.4600     4.4731    28.2778    28.3772    35.5543    35.4799    22.7202    22.6315    1536.93    194.759    195.346         53 0.0000e+00
      27268   1136.127     29.796     30.000    28.4361    28.4709   5.733513   5.729852     3.1641     2.6931      55.32   29.20501  -85.64666    0.00718    0.00432     4.4732     4.4803    28.4289    28.4637    35.4401    35.3886    22.5845    22.5343    1536.93    195.360    195.680         52 0.0000e+00
      27320   1138.307     28.802     29.000    28.4860    28.5362   5.725203   5.719276     3.1664     2.6932      56.30   29.20500  -85.64666    0.00332    0.00177     4.4753     4.4788    28.4790    28.5294    35.3453    35.2565    22.4967    22.4113    1536.93    195.469    195.632         51 0.0000e+00
      27369   1140.340     27.809     28.000    28.5313    28.5669   5.712860   5.707516     3.1648     2.6890      57.23   29.20500  -85.64666   -0.00007   -0.00144     4.4713     4.4694    28.5246    28.5602    35.2260    35.1623    22.3919    22.3324    1536.93    195.314    195.241         48 0.0000e+00
      27421   1142.484     26.816     27.000    28.5719    28.5837   5.701730   5.695903     3.1613     2.6800      58.23   29.20500  -85.64666   -0.00100   -0.00375     4.4637     4.4516    28.5655    28.5772    35.1188    35.0697    22.2979    22.2571    1536.93    195.001    194.481         56 0.0000e+00
      27476   1144.808     25.823     26.000    28.5753    28.5713   5.684936   5.677067     3.1511     2.6749      59.17   29.20500  -85.64666   -0.00361   -0.00193     4.4494     4.4456    28.5716    28.5651    34.9991    34.9518    22.2059    22.1721    1536.93    194.393    194.234         50 0.0000e+00
      27522   1146.717     24.830     25.000    28.5446    28.5609   5.664099   5.661967     3.1425     2.6685      60.16   29.20500  -85.64666   -0.00448   -0.00336     4.4365     4.4344    28.5388    28.5550    34.8782    34.8509    22.1259    22.0997    1536.93    193.845    193.759         39 0.0000e+00
      30565   1273.483     14.898     15.000    28.7505    28.7496   5.640988   5.641648     3.1604     2.6931      70.94   29.48661  -86.47254   -0.00021    0.00090     4.4685     4.4868    28.7469    28.7460    34.7292    34.7344    21.9968    22.0011    1551.75    195.307    196.109         31 0.0000e+00
      30717   1279.836     10.926     11.000    28.4515    28.4497   5.580250   5.576840     3.1332     2.6675      73.89   29.20062  -85.63385    0.00059    0.00139     4.4306     4.4453    28.4489    28.4471    34.3560    34.3440    21.7625    21.7541    1536.70    193.655    194.301         43 0.0000e+00
      30460   1269.129      7.946      8.000    27.9350    28.0882   5.476076   5.496075     3.0738     2.6212      75.33   28.66030  -84.04935   -0.00082    0.00099     4.3687     4.3788    28.0351    28.0863    33.7415    33.8412    21.3616    21.4224    1508.27    190.967    191.414         32 0.0000e+00
      31057   1294.011      5.960      6.000    28.1698    28.1582   5.450807   5.434608     3.1113     2.6539      78.29   29.00102  -85.04856    0.00033    0.00012     4.4188     4.4450    28.1683    28.1568    33.5628    33.4589    21.2227    21.1484    1526.20    193.212    194.373         35 0.0000e+00
      34149   1422.835      2.980      3.000    28.5564    28.6815   5.436828   5.455127     3.1890     2.7135      83.32   29.65507  -86.96667    0.00109   -0.00168     4.5400     4.5671    28.5557    28.6808    33.4341    33.5868    21.0946    21.1911    1560.62    198.613    199.797         45 0.0000e+00
