Gulf of Mexico/GOMECC-4/1db/urb2103_0131.cnv
* Sea-Bird SBE 9 Data File:
* FileName = C:\Users\scs.user.rb\CTD\GOMECC4\data\rb2103_0131.hex
* Software Version Seasave V 7.26.7.107
* Temperature SN = 4799
* Conductivity SN = 3860
* Number of Bytes Per Scan = 41
* Number of Voltage Words = 4
* Number of Scans Averaged by the Deck Unit = 1
* NMEA Latitude = 26 53.26 N
* NMEA Longitude = 084 39.99 W
* NMEA UTC (Time) = Sep 18 2021  19:15:07
* NMEA baud rate = 4800
# nquan = 28
# nvalues = 100                         
# units = specified
# name 0 = scan: Scan Count
# name 1 = timeS: Time, Elapsed [seconds]
# name 2 = depSM: Depth [salt water, m]
# name 3 = prDM: Pressure, Digiquartz [db]
# name 4 = t090C: Temperature [ITS-90, deg C]
# name 5 = t190C: Temperature, 2 [ITS-90, deg C]
# name 6 = c0S/m: Conductivity [S/m]
# name 7 = c1S/m: Conductivity, 2 [S/m]
# name 8 = sbeox0V: Oxygen raw, SBE 43 [V]
# name 9 = sbeox1V: Oxygen raw, SBE 43, 2 [V]
# name 10 = altM: Altimeter [m]
# name 11 = latitude: Latitude [deg]
# name 12 = longitude: Longitude [deg]
# name 13 = sbox0dV/dT: Oxygen, SBE 43 [dov/dt]
# name 14 = sbox1dV/dT: Oxygen, SBE 43, 2 [dov/dt]
# name 15 = sbeox0ML/L: Oxygen, SBE 43 [ml/l], WS = 5
# name 16 = sbeox1ML/L: Oxygen, SBE 43, 2 [ml/l], WS = 5
# name 17 = potemp090C: Potential Temperature [ITS-90, deg C]
# name 18 = potemp190C: Potential Temperature, 2 [ITS-90, deg C]
# name 19 = sal00: Salinity, Practical [PSU]
# name 20 = sal11: Salinity, Practical, 2 [PSU]
# name 21 = sigma-é00: Density [sigma-theta, kg/m^3]
# name 22 = sigma-é11: Density, 2 [sigma-theta, kg/m^3]
# name 23 = avgsvCM: Average Sound Velocity [Chen-Millero, m/s], minP = 20, minS = 20
# name 24 = sbox0Mm/Kg: Oxygen, SBE 43 [umol/kg], WS = 5
# name 25 = sbox1Mm/Kg: Oxygen, SBE 43, 2 [umol/kg], WS = 5
# name 26 = nbin: number of scans per bin
# name 27 = flag: flag
# span 0 =      25608,      68348       
# span 1 =   1066.979,   2847.783       
# span 2 =     13.908,    222.408       
# span 3 =     14.000,    224.000       
# span 4 =    13.1689,    28.7386       
# span 5 =    13.1741,    28.7492       
# span 6 =   4.194406,   5.773854       
# span 7 =   4.195079,   5.772902       
# span 8 =     1.7462,     3.2162       
# span 9 =     1.4418,     2.7483       
# span 10 =       5.60,     105.71      
# span 11 =   26.68170,   27.03365      
# span 12 =  -85.12487,  -84.01650      
# span 13 =   -0.00215,    0.01366      
# span 14 =   -0.00341,    0.01037      
# span 15 =     2.5965,     4.7235      
# span 16 =     2.6373,     4.7389      
# span 17 =    13.1376,    28.7334      
# span 18 =    13.1427,    28.7441      
# span 19 =    34.8541,    36.6406      
# span 20 =    34.8523,    36.6388      
# span 21 =    22.0872,    26.8983      
# span 22 =    22.0861,    26.8995      
# span 23 =    1511.31,    1531.25      
# span 24 =    112.922,    206.019      
# span 25 =    114.700,    206.695      
# span 26 =         30,         66      
# span 27 = 0.0000e+00, 0.0000e+00      
# interval = decibars: 1                
# start_time = Sep 18 2021 19:15:07 [NMEA time, header]
# bad_flag = -9.990e-29
*END*
[from data line 52]
      53395   2224.739     98.326     99.000    19.4989    19.5490   4.930225   4.935669     2.1246     1.7792      66.70   26.87122  -84.61395    0.00042   -0.00011     3.0436     3.0746    19.4808    19.5308    36.5303    36.5369    26.0652    26.0571    1522.06    132.474    133.820         33 0.0000e+00
      53556   2231.477     97.333     98.000    19.5052    19.5556   4.932413   4.938280     2.1228     1.7785      96.94   26.88788  -84.66640    0.00042   -0.00041     3.0376     3.0705    19.4873    19.5377    36.5449    36.5536    26.0760    26.0694    1523.00    132.212    133.644         31 0.0000e+00
      53588   2232.779     95.347     96.000    19.4698    19.4213   4.918632   4.917249     2.1174     1.7740      99.72   26.81213  -84.42787    0.00071   -0.00038     3.0290     3.0666    19.4523    19.4043    36.4597    36.4519    26.0121    26.0149    1518.71    131.838    133.472         35 0.0000e+00
      53865   2244.335     94.354     95.000    19.7256    19.6800   4.955049   4.951094     2.1320     1.7849     100.00   26.88788  -84.66640    0.00249    0.00162     3.0432     3.0773    19.7081    19.6625    36.5452    36.5526    26.0182    26.0359    1523.00    132.465    133.945         66 0.0000e+00
      53957   2248.149     93.361     94.000    19.8087    19.7943   4.963010   4.961597     2.1389     1.7891     100.00   26.88788  -84.66640    0.00187    0.00110     3.0531     3.0808    19.7914    19.7770    36.5391    36.5400    25.9916    25.9961    1523.00    132.898    134.104         42 0.0000e+00
      54051   2252.082     92.368     93.000    19.8409    19.8488   4.966433   4.967148     2.1438     1.7959     100.00   26.88788  -84.66640    0.00127    0.00141     3.0610     3.0932    19.8237    19.8315    36.5398    36.5389    25.9836    25.9808    1523.00    133.244    134.643         43 0.0000e+00
      54138   2255.720     91.375     92.000    19.8514    19.8642   4.967447   4.969286     2.1482     1.8008     100.00   26.88788  -84.66640    0.00065    0.00069     3.0699     3.1033    19.8343    19.8472    36.5395    36.5435    25.9805    25.9802    1523.00    133.629    135.084         30 0.0000e+00
      54239   2259.914     90.382     91.000    19.9437    19.9405   4.976587   4.976381     2.1582     1.8058     100.00   26.88788  -84.66640    0.00235    0.00101     3.0852     3.1104    19.9268    19.9236    36.5354    36.5360    25.9530    25.9543    1523.00    134.300    135.398         65 0.0000e+00
      54332   2263.772     89.389     90.000    19.9725    19.9743   4.979904   4.980103     2.1626     1.8123     100.00   26.88788  -84.66640    0.00128    0.00122     3.0925     3.1235    19.9557    19.9575    36.5377    36.5382    25.9470    25.9469    1523.00    134.616    135.966         35 0.0000e+00
      54667   2277.763     86.410     87.000    20.0807    20.0503   4.991916   4.987944     2.1750     1.8223      70.61   26.88788  -84.66640    0.00094    0.00034     3.1109     3.1415    20.0645    20.0341    36.5437    36.5374    25.9226    25.9259    1523.00    135.424    136.754         35 0.0000e+00
      54991   2291.263     84.424     85.000    20.1352    20.1360   5.001341   5.001482     2.1891     1.8350     100.14   26.92488  -84.78292    0.00017    0.00031     3.1367     3.1654    20.1193    20.1201    36.5925    36.5930    25.9499    25.9501    1525.10    136.545    137.797         32 0.0000e+00
      55024   2292.621     83.431     84.000    20.1053    20.1192   4.994310   4.995418     2.1860     1.8366     100.00   26.88790  -84.66640   -0.00014    0.00081     3.1319     3.1697    20.0897    20.1035    36.5431    36.5402    25.9155    25.9096    1523.00    136.339    137.985         40 0.0000e+00
      55142   2297.551     82.438     83.000    20.2215    20.2055   5.007079   5.005890     2.1994     1.8456     100.00   26.88791  -84.66641    0.00345    0.00210     3.1527     3.1851    20.2059    20.1900    36.5476    36.5517    25.8879    25.8952    1523.00    137.248    138.657         31 0.0000e+00
      57007   2375.263     78.466     79.000    21.1347    21.0946   5.112357   5.107985     2.3480     1.9725      99.97   26.93054  -84.80053    0.00101   -0.00085     3.4059     3.4242    21.1194    21.0793    36.6406    36.6388    25.7164    25.7260    1525.41    148.300    149.094         36 0.0000e+00
      57001   2375.004     77.473     78.000    21.1264    21.1505   5.107066   5.109813     2.3414     1.9737     100.00   26.88796  -84.66644   -0.00102    0.00062     3.3920     3.4234    21.1113    21.1354    36.5832    36.5841    25.6692    25.6631    1523.00    147.697    149.062         45 0.0000e+00
      57094   2378.872     76.480     77.000    21.1531    21.1647   5.109390   5.111623     2.3482     1.9796      92.06   26.88796  -84.66644    0.00092    0.00191     3.4047     3.4353    21.1382    21.1497    36.5829    36.5912    25.6615    25.6647    1523.00    148.251    149.580         42 0.0000e+00
      57181   2382.512     75.487     76.000    21.2712    21.2506   5.122432   5.120997     2.3565     1.9881     101.83   26.88796  -84.66644    0.00325    0.00262     3.4133     3.4485    21.2565    21.2358    36.5827    36.5888    25.6288    25.6391    1523.00    148.630    150.161         43 0.0000e+00
      57280   2386.634     74.494     75.000    21.2854    21.2831   5.124100   5.124087     2.3649     1.9979      95.12   26.88797  -84.66644    0.00155    0.00197     3.4295     3.4685    21.2660    21.2685    36.5864    36.5870    25.6289    25.6287    1523.00    149.335    151.034         54 0.0000e+00
      57375   2390.581     73.501     74.000    21.3796    21.3631   5.133998   5.131870     2.3820     2.0074      97.49   26.88797  -84.66644    0.00460    0.00271     3.4585     3.4850    21.3643    21.3486    36.5845    36.5816    25.6003    25.6024    1523.00    150.600    151.753         37 0.0000e+00
      57467   2394.404     72.508     73.000    21.4726    21.4889   5.145066   5.145138     2.3980     2.0254     100.10   26.88798  -84.66644    0.00440    0.00491     3.4850     3.5179    21.4583    21.4746    36.5943    36.5809    25.5816    25.5669    1523.00    151.757    153.194         41 0.0000e+00
      57558   2398.211     71.514     72.000    21.5488    21.6150   5.151170   5.157915     2.4153     2.0462     100.00   26.88798  -84.66644    0.00525    0.00596     3.5157     3.5570    21.5346    21.6009    36.5785    36.5760    25.5484    25.5280    1523.00    153.100    154.900         36 0.0000e+00
      58196   2424.805     65.556     66.000    22.2705    22.3653   5.215792   5.225574     2.6182     2.2553      99.76   26.82441  -84.46626    0.01366    0.01037     3.8826     3.9773    22.2572    22.3520    36.4743    36.4485    25.2583    25.2098    1519.40    169.115    173.250         43 0.0000e+00
      60350   2514.526     62.577     63.000    22.8300    22.8806   5.279063   5.285033     2.7860     2.3863      86.03   26.91901  -84.76407   -0.00056   -0.00012     4.1780     4.2337    22.8142    22.8677    36.5212    36.5320    25.1452    25.1390    1524.76    182.016    184.444         40 0.0000e+00
      60371   2515.414     61.584     62.000    22.7969    22.8445   5.266565   5.273385     2.7967     2.3895      67.27   26.88801  -84.66644    0.00356    0.00255     4.2082     4.2487    22.7843    22.8318    36.4487    36.4591    25.0953    25.0894    1523.00    183.338    185.101         39 0.0000e+00
      60475   2519.743     60.590     61.000    22.8104    22.8308   5.265960   5.269393     2.8324     2.4199     105.71   26.88802  -84.66644    0.00974    0.00846     4.2741     4.3110    22.7980    22.8183    36.4247    36.4351    25.0731    25.0751    1523.00    186.213    187.821         35 0.0000e+00
      60575   2523.909     59.597     60.000    22.8064    22.8138   5.259691   5.261416     2.8671     2.4363     100.02   26.88802  -84.66644    0.00991    0.00278     4.3461     4.3505    22.7942    22.8016    36.3808    36.3881    25.0408    25.0443    1523.00    189.357    189.547         46 0.0000e+00
      60677   2528.184     58.604     59.000    22.8378    22.8317   5.260611   5.260766     2.8924     2.4713     100.00   26.88802  -84.66644    0.00669    0.00717     4.3947     4.4272    22.8258    22.8196    36.3623    36.3686    25.0177    25.0242    1523.00    191.476    192.893         52 0.0000e+00
      60609   2525.328     56.618     57.000    22.9401    22.8733   5.255250   5.249302     2.9218     2.5032      99.61   26.78229  -84.33352    0.00382    0.00807     4.4437     4.4915    22.9284    22.8616    36.1797    36.1888    24.8335    24.8598    1517.01    193.628    195.704         37 0.0000e+00
      60981   2540.825     55.625     56.000    23.1940    23.1854   5.295408   5.293290     2.9587     2.5352     100.00   26.88802  -84.66644    0.00165    0.00280     4.4984     4.5412    23.1824    23.1738    36.3381    36.3289    24.8958    24.8913    1523.00    196.018    197.882         55 0.0000e+00
      61500   2562.462     50.659     51.000    24.3482    24.3332   5.419837   5.419340     3.0641     2.6192     100.02   26.89307  -84.68235    0.00124    0.00092     4.6064     4.6302    24.3369    24.3224    36.3477    36.3578    24.5620    24.5740    1523.29    200.789    201.826         51 0.0000e+00
      61595   2566.413     49.666     50.000    24.4106    24.4092   5.427007   5.427825     3.0566     2.6109     100.00   26.88802  -84.66644   -0.00122   -0.00156     4.5857     4.6052    24.3998    24.3985    36.3489    36.3565    24.5432    24.5494    1523.00    199.892    200.740         38 0.0000e+00
      61686   2570.207     48.672     49.000    24.5486    24.4126   5.443610   5.431927     3.0581     2.6117     100.00   26.88802  -84.66644    0.00104    0.00158     4.5761     4.6053    24.5381    24.4021    36.3623    36.3846    24.5116    24.5695    1523.00    199.477    200.739         30 0.0000e+00
      61793   2574.680     47.679     48.000    24.7634    24.7543   5.470061   5.466933     3.0530     2.6139     100.00   26.88802  -84.66644   -0.00170    0.00116     4.5464     4.5828    24.7530    24.7440    36.3812    36.3713    24.4608    24.4561    1523.00    198.196    199.782         48 0.0000e+00
      61895   2578.926     46.686     47.000    24.9834    24.9470   5.489055   5.485079     3.0629     2.6176     100.00   26.88802  -84.66644    0.00083    0.00111     4.5501     4.5761    24.9732    24.9369    36.3556    36.3528    24.3743    24.3842    1523.00    198.373    199.503         43 0.0000e+00
      64377   2682.334     37.747     38.000    25.9832    26.0295   5.573058   5.577060     3.1987     2.7356      99.91   26.86164  -84.58322    0.00161   -0.00103     4.7235     4.7389    25.9747    26.0210    36.1624    36.1570    23.9139    23.8955    1521.50    206.019    206.695         36 0.0000e+00
      64566   2690.218     36.754     37.000    26.3323    26.3371   5.603964   5.604369     3.2101     2.7442     100.00   26.88808  -84.66648    0.00104    0.00206     4.7175     4.7345    26.3239    26.3288    36.1288    36.1279    23.7834    23.7811    1523.00    205.788    206.531         45 0.0000e+00
      65243   2718.414     33.774     34.000    27.8326    27.8013   5.757703   5.759206     3.2162     2.7483     100.45   27.03365  -85.12487    0.00071   -0.00082     4.6123     4.6360    27.8247    27.7933    36.1566    36.1884    23.3502    23.3843    1531.25    201.310    202.341         39 0.0000e+00
      64608   2691.970     31.788     32.000    27.4703    27.6578   5.687473   5.703838     3.1894     2.7139      99.32   26.70565  -84.09205    0.00006   -0.00113     4.5740     4.5631    27.4648    27.6502    35.7335    35.7067    23.0859    23.0052    1512.67    199.635    199.173         42 0.0000e+00
      65173   2715.513     30.794     31.000    28.0304    27.9734   5.746485   5.747023     3.2112     2.7316     100.00   26.88808  -84.66650    0.00263   -0.00221     4.5826     4.5832    28.0232    27.9660    35.8359    35.8822    23.0158    23.0693    1523.00    200.053    200.070         52 0.0000e+00
      65274   2719.720     29.801     30.000    28.2125    28.1392   5.751742   5.751429     3.2079     2.7334     100.00   26.88808  -84.66650   -0.00100   -0.00021     4.5635     4.5767    28.2054    28.1321    35.7356    35.7887    22.8805    22.9445    1523.00    199.247    199.809         33 0.0000e+00
      65373   2723.822     28.807     29.000    28.4088    28.3761   5.761044   5.760346     3.2037     2.7300     100.00   26.88808  -84.66650   -0.00147   -0.00113     4.5421     4.5540    28.4019    28.3692    35.6530    35.6728    22.7535    22.7792    1523.00    198.337    198.854         34 0.0000e+00
      65474   2728.044     27.814     28.000    28.4909    28.4960   5.765353   5.766433     3.1939     2.7199     100.00   26.88808  -84.66650   -0.00215   -0.00270     4.5177     4.5259    28.4842    28.4893    35.6215    35.6267    22.7026    22.7048    1523.00    197.281    197.639         35 0.0000e+00
      65569   2732.017     26.821     27.000    28.5476    28.5770   5.769244   5.771443     3.1869     2.7145     100.00   26.88808  -84.66650   -0.00175   -0.00328     4.5003     4.5090    28.5411    28.5705    35.6063    35.6053    22.6723    22.6618    1523.00    196.529    196.911         43 0.0000e+00
      65674   2736.389     25.828     26.000    28.6038    28.6190   5.772659   5.772902     3.1829     2.7089     100.00   26.88808  -84.66650    0.00017   -0.00341     4.4885     4.4942    28.5975    28.6128    35.5882    35.5774    22.6400    22.6268    1523.00    196.019    196.269         34 0.0000e+00
      65800   2741.645     24.834     25.000    28.6537    28.7116   5.773854   5.769286     3.1800     2.6949     100.00   26.88810  -84.66650    0.00015   -0.00278     4.4795     4.4610    28.6477    28.7056    35.5603    35.4844    22.6024    22.5261    1523.00    195.632    194.839         46 0.0000e+00
      65599   2733.256     22.848     23.000    28.5560    28.5704   5.723874   5.718894     3.1331     2.6566      90.64   26.71349  -84.11673   -0.00211   -0.00042     4.4007     4.3888    28.5505    28.5649    35.1981    35.1312    22.3295    22.2723    1513.11    192.218    191.704         40 0.0000e+00
      66168   2756.969     21.854     22.000    28.7386    28.7492   5.754926   5.748466     3.1527     2.6704      99.86   26.88810  -84.66650    0.00067   -0.00129     4.4262     4.4112    28.7334    28.7441    35.3656    35.3126    22.4276    22.3841    1523.00    193.336    192.690         42 0.0000e+00
      68348   2847.783     13.908     14.000    28.4798    28.4789   5.671688   5.671333     3.1129     2.6502      99.23   26.68170  -84.01650   -0.00016    0.00124     4.3687     4.3822    28.4764    28.4756    34.8541    34.8523    22.0872    22.0861    1511.31    190.857    191.448         32 0.0000e+00
