Gulf of Mexico/GOMECC-4/1db/urb2103_0811.cnv
* Sea-Bird SBE 9 Data File:
* FileName = C:\Users\scs.user.rb\CTD\GOMECC4\data\rb2103_0811.hex
* Software Version Seasave V 7.26.7.107
* Temperature SN = 4799
* Conductivity SN = 3860
* Number of Bytes Per Scan = 41
* Number of Voltage Words = 4
* Number of Scans Averaged by the Deck Unit = 1
* NMEA Latitude = 22 16.45 N
* NMEA Longitude = 096 10.82 W
* NMEA UTC (Time) = Oct 06 2021  16:12:43
* NMEA baud rate = 4800
# nquan = 28
# nvalues = 693                         
# units = specified
# name 0 = scan: Scan Count
# name 1 = timeS: Time, Elapsed [seconds]
# name 2 = depSM: Depth [salt water, m]
# name 3 = prDM: Pressure, Digiquartz [db]
# name 4 = t090C: Temperature [ITS-90, deg C]
# name 5 = t190C: Temperature, 2 [ITS-90, deg C]
# name 6 = c0S/m: Conductivity [S/m]
# name 7 = c1S/m: Conductivity, 2 [S/m]
# name 8 = sbeox0V: Oxygen raw, SBE 43 [V]
# name 9 = sbeox1V: Oxygen raw, SBE 43, 2 [V]
# name 10 = altM: Altimeter [m]
# name 11 = latitude: Latitude [deg]
# name 12 = longitude: Longitude [deg]
# name 13 = sbox0dV/dT: Oxygen, SBE 43 [dov/dt]
# name 14 = sbox1dV/dT: Oxygen, SBE 43, 2 [dov/dt]
# name 15 = sbeox0ML/L: Oxygen, SBE 43 [ml/l], WS = 5
# name 16 = sbeox1ML/L: Oxygen, SBE 43, 2 [ml/l], WS = 5
# name 17 = potemp090C: Potential Temperature [ITS-90, deg C]
# name 18 = potemp190C: Potential Temperature, 2 [ITS-90, deg C]
# name 19 = sal00: Salinity, Practical [PSU]
# name 20 = sal11: Salinity, Practical, 2 [PSU]
# name 21 = sigma-é00: Density [sigma-theta, kg/m^3]
# name 22 = sigma-é11: Density, 2 [sigma-theta, kg/m^3]
# name 23 = avgsvCM: Average Sound Velocity [Chen-Millero, m/s], minP = 20, minS = 20
# name 24 = sbox0Mm/Kg: Oxygen, SBE 43 [umol/kg], WS = 5
# name 25 = sbox1Mm/Kg: Oxygen, SBE 43, 2 [umol/kg], WS = 5
# name 26 = nbin: number of scans per bin
# name 27 = flag: flag
# span 0 =      91763,     214282       
# span 1 =   3823.405,   8928.361       
# span 2 =      2.981,   2560.010       
# span 3 =      3.000,   2592.000       
# span 4 =     4.2617,    29.8079       
# span 5 =     4.2627,    29.9760       
# span 6 =   3.340664,   6.023251       
# span 7 =   3.340750,   6.023851       
# span 8 =     1.5775,     3.2692       
# span 9 =     1.2798,     2.7827       
# span 10 =      10.62,     103.72      
# span 11 =   22.26488,   22.76956      
# span 12 =  -98.31900,  -96.13954      
# span 13 =   -0.01244,    0.04935      
# span 14 =   -0.01363,    0.04464      
# span 15 =     2.4070,     4.8803      
# span 16 =     2.4228,     4.8826      
# span 17 =     4.0824,    29.8065      
# span 18 =     4.0834,    29.9745      
# span 19 =    34.9109,    36.5837      
# span 20 =    34.9097,    36.6833      
# span 21 =    22.6210,    27.7579      
# span 22 =    22.6209,    27.7567      
# span 23 =    1497.41,    1531.36      
# span 24 =    104.661,    212.779      
# span 25 =    105.350,    212.881      
# span 26 =         30,         73      
# span 27 = 0.0000e+00, 0.0000e+00      
# interval = decibars: 1                
# start_time = Oct 06 2021 16:12:43 [NMEA time, header]
# bad_flag = -9.990e-29
*END*
[from data line 570]
     183029   7626.146    164.896    166.000    16.4270    16.4409   4.574130   4.575740     1.8330     1.5084     100.01   22.27759  -96.19477    0.00152    0.00138     2.5947     2.6077    16.4000    16.4140    36.1880    36.1896    26.5692    26.5672    1498.27    112.879    113.446         32 0.0000e+00
     183034   7626.364    163.904    165.000    16.4248    16.4562   4.573652   4.577076     1.8337     1.5101     100.00   22.27418  -96.18006    0.00100    0.00150     2.5961     2.6109    16.3980    16.4294    36.1845    36.1864    26.5666    26.5607    1498.04    112.943    113.586         33 0.0000e+00
     183144   7630.967    159.932    161.000    16.6654    16.7011   4.602055   4.606165     1.8448     1.5197      97.96   22.27475  -96.18253    0.00287    0.00250     2.6068     2.6205    16.6390    16.6746    36.2199    36.2239    26.5371    26.5317    1498.08    113.413    114.005         36 0.0000e+00
     183280   7636.628    154.967    156.000    16.9181    16.9378   4.632564   4.633737     1.8551     1.5272     100.00   22.27413  -96.17984    0.00220    0.00196     2.6144     2.6252    16.8923    16.9119    36.2539    36.2545    26.5029    26.4987    1498.04    113.745    114.213         30 0.0000e+00
     183373   7640.518    151.988    153.000    17.1304    17.1270   4.656812   4.656384     1.8614     1.5320      85.86   22.27551  -96.18580    0.00176    0.00147     2.6161     2.6258    17.1048    17.1014    36.2850    36.2843    26.4760    26.4763    1498.13    113.822    114.245         32 0.0000e+00
     183394   7641.393    150.995    152.000    17.1412    17.1422   4.657544   4.658040     1.8626     1.5336      85.85   22.27418  -96.18006    0.00190    0.00135     2.6178     2.6285    17.1158    17.1167    36.2812    36.2856    26.4703    26.4734    1498.04    113.895    114.360         30 0.0000e+00
     183522   7646.706    148.016    149.000    17.3401    17.3443   4.681857   4.682378     1.8692     1.5388     100.03   22.28018  -96.20599    0.00186    0.00135     2.6205     2.6297    17.3150    17.3191    36.3190    36.3197    26.4518    26.4514    1498.44    114.016    114.415         32 0.0000e+00
     183505   7646.002    147.023    148.000    17.3097    17.3308   4.677222   4.680167     1.8689     1.5400      91.37   22.27418  -96.18006    0.00166    0.00182     2.6216     2.6332    17.2848    17.3059    36.3033    36.3099    26.4464    26.4463    1498.04    114.063    114.569         32 0.0000e+00
     183599   7649.931    143.050    144.000    17.5996    17.5945   4.711280   4.710788     1.8742     1.5431      98.91   22.27228  -96.17186    0.00153    0.00097     2.6161     2.6255    17.5750    17.5700    36.3398    36.3400    26.4034    26.4048    1497.91    113.828    114.240         33 0.0000e+00
     183743   7655.915    139.078    140.000    17.8052    17.8196   4.735674   4.737155     1.8782     1.5458     100.01   22.27660  -96.19051    0.00102    0.00060     2.6122     2.6190    17.7812    17.7956    36.3704    36.3703    26.3767    26.3731    1498.20    113.662    113.960         31 0.0000e+00
     183756   7656.438    138.085    139.000    17.8142    17.8140   4.736349   4.736506     1.8778     1.5456     100.00   22.27418  -96.18006    0.00071    0.00040     2.6105     2.6185    17.7903    17.7901    36.3674    36.3689    26.3718    26.3730    1498.04    113.590    113.938         33 0.0000e+00
     183870   7661.191    134.113    135.000    18.0928    18.0564   4.768720   4.764643     1.8841     1.5510     100.00   22.27461  -96.18193    0.00198    0.00137     2.6079     2.6176    18.0693    18.0330    36.3990    36.3965    26.3269    26.3340    1498.07    113.483    113.905         31 0.0000e+00
     184126   7671.896    130.140    131.000    18.1453    18.1429   4.775952   4.775706     1.8692     1.5387     100.06   22.28715  -96.23607   -0.00422   -0.00370     2.5705     2.5820    18.1225    18.1201    36.4224    36.4224    26.3331    26.3338    1498.91    111.852    112.354         46 0.0000e+00
     184083   7670.064    129.147    130.000    18.1265    18.1216   4.771946   4.771094     1.8720     1.5433     100.00   22.27418  -96.18006   -0.00003    0.00229     2.5774     2.5937    18.1039    18.0992    36.3984    36.3970    26.3177    26.3183    1498.04    112.154    112.865         43 0.0000e+00
     184198   7674.895    128.154    129.000    18.3210    18.3373   4.794027   4.796271     1.8624     1.5225     100.00   22.27418  -96.18007   -0.00262   -0.00411     2.5454     2.5317    18.2984    18.3147    36.4146    36.4194    26.2814    26.2810    1498.04    110.767    110.168         35 0.0000e+00
     184314   7679.727    127.161    128.000    18.4590    18.4866   4.809705   4.813302     1.8450     1.5087     100.00   22.27418  -96.18008   -0.00275   -0.00243     2.4991     2.4903    18.4364    18.4641    36.4262    36.4323    26.2555    26.2532    1498.04    108.753    108.374         34 0.0000e+00
     184396   7683.112    126.168    127.000    18.5927    18.5626   4.825858   4.822338     1.8359     1.5030     100.00   22.27418  -96.18008   -0.00125   -0.00063     2.4715     2.4724    18.5702    18.5402    36.4455    36.4422    26.2364    26.2415    1498.04    107.554    107.592         43 0.0000e+00
     184510   7687.885    125.175    126.000    18.5685    18.6062   4.822905   4.826819     1.8323     1.5013     100.00   22.27419  -96.18008   -0.00001   -0.00049     2.4644     2.4664    18.5462    18.5839    36.4422    36.4445    26.2399    26.2321    1498.04    107.247    107.332         42 0.0000e+00
     185314   7721.388    124.181    125.000    18.6611    18.6813   4.833870   4.835992     1.8305     1.5023      88.91   22.27420  -96.18008   -0.00011    0.00041     2.4552     2.4643    18.6389    18.6591    36.4536    36.4537    26.2251    26.2200    1498.04    106.848    107.244         39 0.0000e+00
     187275   7803.088    123.188    124.000    18.7685    18.7787   4.846282   4.847403     1.8298     1.5014      95.93   22.27420  -96.18008    0.00009   -0.00023     2.4481     2.4570    18.7464    18.7566    36.4642    36.4647    26.2058    26.2036    1498.04    106.539    106.928         41 0.0000e+00
     187128   7796.950    122.195    123.000    18.7688    18.7780   4.846103   4.847197     1.8303     1.5024     100.29   22.27420  -96.18008    0.00008    0.00035     2.4488     2.4592    18.7469    18.7561    36.4628    36.4639    26.2046    26.2031    1498.04    106.573    107.023         61 0.0000e+00
     187200   7799.948    121.202    122.000    18.8323    18.8244   4.853032   4.852313     1.8312     1.5028      79.80   22.27418  -96.18007    0.00026    0.00009     2.4473     2.4577    18.8106    18.8027    36.4656    36.4665    26.1905    26.1933    1498.04    106.505    106.958         55 0.0000e+00
     187244   7801.776    120.209    121.000    18.8739    18.8735   4.858041   4.857913     1.8317     1.5029      89.22   22.27418  -96.18007    0.00027    0.00017     2.4459     2.4552    18.8523    18.8519    36.4716    36.4708    26.1844    26.1839    1498.04    106.445    106.851         45 0.0000e+00
     187294   7803.860    119.216    120.000    18.9069    18.9118   4.861717   4.862123     1.8330     1.5048     100.25   22.27418  -96.18007    0.00052    0.00053     2.4468     2.4578    18.8854    18.8903    36.4739    36.4730    26.1777    26.1758    1498.04    106.488    106.965         50 0.0000e+00
     187337   7805.674    118.222    119.000    18.9613    18.9662   4.867768   4.868358     1.8341     1.5057     100.00   22.27418  -96.18007    0.00058    0.00078     2.4463     2.4571    18.9400    18.9448    36.4773    36.4779    26.1663    26.1655    1498.04    106.464    106.935         39 0.0000e+00
     187375   7807.242    117.229    118.000    19.0321    19.0349   4.875778   4.876120     1.8367     1.5067     100.00   22.27418  -96.18008    0.00095    0.00058     2.4480     2.4557    19.0109    19.0136    36.4827    36.4832    26.1522    26.1518    1498.04    106.542    106.878         36 0.0000e+00
     187409   7808.686    116.236    117.000    19.1235    19.1426   4.886068   4.887815     1.8381     1.5076     100.00   22.27418  -96.18008    0.00130    0.00054     2.4465     2.4527    19.1024    19.1222    36.4892    36.4875    26.1335    26.1278    1498.04    106.476    106.750         34 0.0000e+00
     187443   7810.065    115.243    116.000    19.2131    19.2266   4.896380   4.897890     1.8400     1.5100     100.00   22.27418  -96.18008    0.00123    0.00091     2.4455     2.4541    19.1921    19.2056    36.4972    36.4981    26.1165    26.1136    1498.04    106.438    106.810         33 0.0000e+00
     187474   7811.390    114.250    115.000    19.2577    19.2616   4.901348   4.901584     1.8419     1.5109     100.00   22.27420  -96.18008    0.00133    0.00120     2.4473     2.4542    19.2368    19.2407    36.5001    36.4986    26.1070    26.1049    1498.04    106.514    106.814         30 0.0000e+00
     187506   7812.714    113.256    114.000    19.2945    19.2888   4.905442   4.904851     1.8429     1.5123     100.00   22.27420  -96.18008    0.00126    0.00107     2.4473     2.4559    19.2738    19.2681    36.5024    36.5024    26.0992    26.1007    1498.04    106.515    106.892         34 0.0000e+00
     187542   7814.197    112.263    113.000    19.3131    19.3199   4.907495   4.908163     1.8437     1.5127     100.00   22.27420  -96.18008    0.00086    0.00078     2.4478     2.4553    19.2926    19.2993    36.5036    36.5033    26.0952    26.0932    1498.04    106.541    106.863         36 0.0000e+00
     187574   7815.562    111.270    112.000    19.3625    19.3730   4.912427   4.914003     1.8442     1.5137     100.00   22.27420  -96.18008    0.00049    0.00055     2.4461     2.4547    19.3377    19.3526    36.5058    36.5058    26.0852    26.0813    1498.04    106.465    106.839         30 0.0000e+00
     187647   7818.582    109.283    110.000    19.5359    19.5565   4.932143   4.934308     1.8496     1.5184      54.23   22.27544  -96.18545    0.00156    0.00148     2.4485     2.4568    19.5157    19.5363    36.5157    36.5156    26.0464    26.0409    1498.12    106.575    106.936         36 0.0000e+00
     187671   7819.584    108.290    109.000    19.5860    19.6377   4.936693   4.942658     1.8512     1.5199      78.16   22.27420  -96.18008    0.00184    0.00163     2.4494     2.4562    19.5659    19.6177    36.5097    36.5140    26.0285    26.0182    1498.04    106.615    106.912         33 0.0000e+00
     187707   7821.097    107.297    108.000    19.7337    19.7464   4.954470   4.955055     1.8553     1.5257      98.55   22.27420  -96.18008    0.00183    0.00194     2.4530     2.4635    19.7138    19.7265    36.5287    36.5224    26.0041    25.9960    1498.04    106.775    107.235         30 0.0000e+00
     187784   7824.308    106.304    107.000    19.5111    19.6325   4.929350   4.942024     1.8552     1.5266     100.00   22.27420  -96.18008    0.00077    0.00104     2.4610     2.4720    19.4915    19.6128    36.5147    36.5141    26.0518    26.0195    1498.04    107.119    107.599         43 0.0000e+00
     188396   7849.796    104.318    105.000    19.9920    20.0775   4.985203   4.996052     1.8682     1.5452     100.19   22.31737  -96.36648    0.00156    0.00177     2.4640     2.4943    19.9725    20.0580    36.5837    36.5977    25.9841    25.9719    1500.94    107.260    108.579         39 0.0000e+00
     188111   7837.930    103.324    104.000    20.0930    20.1301   4.991490   4.996634     1.8761     1.5469     100.00   22.27420  -96.18008    0.00275    0.00148     2.4766     2.4955    20.0736    20.1107    36.5232    36.5335    25.9045    25.9026    1498.04    107.814    108.634         38 0.0000e+00
     188223   7842.584    102.331    103.000    20.2074    20.2537   5.003963   5.009386     1.8857     1.5536     100.00   22.27420  -96.18008    0.00173    0.00148     2.4913     2.5059    20.1881    20.2345    36.5269    36.5335    25.8768    25.8701    1498.04    108.455    109.093         46 0.0000e+00
     188322   7846.709    101.338    102.000    20.2701    20.3103   5.011146   5.015208     1.8926     1.5606     100.00   22.27420  -96.18007    0.00141    0.00156     2.5052     2.5191    20.2504    20.2914    36.5324    36.5306    25.8643    25.8521    1498.04    109.060    109.667         43 0.0000e+00
     189288   7886.956     99.351    100.000    20.5985    20.6156   5.044957   5.047028     1.9358     1.5981     100.02   22.27768  -96.19510    0.00176    0.00075     2.5773     2.5914    20.5791    20.5966    36.5272    36.5296    25.7721    25.7693    1498.27    112.211    112.824         47 0.0000e+00
     190000   7916.614     98.358     99.000    20.7186    20.7529   5.056793   5.060138     1.9555     1.6179     100.00   22.27420  -96.18004    0.00020   -0.00038     2.6131     2.6311    20.6997    20.7340    36.5185    36.5174    25.7325    25.7223    1498.04    113.772    114.559         58 0.0000e+00
     190075   7919.738     97.365     98.000    20.7501    20.7612   5.058586   5.060878     1.9561     1.6183     100.00   22.27420  -96.18004    0.00004   -0.00009     2.6115     2.6299    20.7230    20.7425    36.5135    36.5154    25.7223    25.7184    1498.04    113.705    114.506         65 0.0000e+00
     190138   7922.384     96.371     97.000    20.9312    20.9742   5.077648   5.081145     1.9743     1.6363     100.00   22.27420  -96.18004    0.00448    0.00434     2.6447     2.6656    20.9145    20.9556    36.5054    36.4962    25.6639    25.6453    1498.04    115.157    116.071         65 0.0000e+00
     190199   7924.925     95.378     96.000    21.0094    21.0385   5.085040   5.087508     2.0016     1.6649     100.00   22.27421  -96.18004    0.01064    0.01157     2.6904     2.7224    20.9908    21.0200    36.4975    36.4931    25.6370    25.6256    1498.04    117.150    118.544         46 0.0000e+00
     190244   7926.798     94.385     95.000    21.1796    21.1909   5.100144   5.101105     2.0343     1.6946     100.00   22.27422  -96.18004    0.01285    0.01208     2.7541     2.7859    21.1612    21.1725    36.4756    36.4737    25.5734    25.5689    1498.04    119.931    121.315         54 0.0000e+00
     190303   7929.258     93.392     94.000    21.2281    21.2354   5.104205   5.104902     2.0873     1.7465      96.89   22.27422  -96.18004    0.02216    0.02148     2.8624     2.9031    21.2098    21.2171    36.4674    36.4667    25.5538    25.5513    1498.04    124.648    126.423         54 0.0000e+00
     190348   7931.111     92.398     93.000    21.4269    21.4097   5.122075   5.120603     2.1071     1.7631      40.91   22.27422  -96.18004    0.01575    0.01418     2.8929     2.9321    21.4087    21.3915    36.4419    36.4447    25.4793    25.4863    1498.04    125.985    127.694         38 0.0000e+00
     190385   7932.671     91.405     92.000    21.6579    21.6492   5.143373   5.142695     2.1517     1.8057      97.31   22.27422  -96.18004    0.02037    0.01903     2.9740     3.0185    21.6397    21.6311    36.4166    36.4185    25.3958    25.3997    1498.04    129.530    131.463         43 0.0000e+00
     190440   7934.955     90.411     91.000    21.7036    21.7005   5.146898   5.146521     2.2947     1.9314     100.00   22.27422  -96.18004    0.04935    0.04464     3.2656     3.3011    21.6857    21.6826    36.4072    36.4059    25.3758    25.3757    1498.04    142.233    143.781         59 0.0000e+00
     190487   7936.932     89.418     90.000    21.7006    21.6897   5.145360   5.145915     2.3214     1.9531     100.00   22.27422  -96.18004    0.03450    0.02979     3.3179     3.3442    21.6708    21.6721    36.4086    36.4131    25.3810    25.3850    1498.04    144.509    145.655         36 0.0000e+00
