Gulf of Mexico/GOMECC-4/1db/urb2103_0221.cnv
* Sea-Bird SBE 9 Data File:
* FileName = C:\Users\scs.user.rb\CTD\GOMECC4\data\rb2103_0221.hex
* Software Version Seasave V 7.26.7.107
* Temperature SN = 4799
* Conductivity SN = 3860
* Number of Bytes Per Scan = 41
* Number of Voltage Words = 4
* Number of Scans Averaged by the Deck Unit = 1
* NMEA Latitude = 29 02.28 N
* NMEA Longitude = 085 46.96 W
* NMEA UTC (Time) = Sep 21 2021  00:10:54
* NMEA baud rate = 4800
# nquan = 28
# nvalues = 147                         
# units = specified
# name 0 = scan: Scan Count
# name 1 = timeS: Time, Elapsed [seconds]
# name 2 = depSM: Depth [salt water, m]
# name 3 = prDM: Pressure, Digiquartz [db]
# name 4 = t090C: Temperature [ITS-90, deg C]
# name 5 = t190C: Temperature, 2 [ITS-90, deg C]
# name 6 = c0S/m: Conductivity [S/m]
# name 7 = c1S/m: Conductivity, 2 [S/m]
# name 8 = sbeox0V: Oxygen raw, SBE 43 [V]
# name 9 = sbeox1V: Oxygen raw, SBE 43, 2 [V]
# name 10 = altM: Altimeter [m]
# name 11 = latitude: Latitude [deg]
# name 12 = longitude: Longitude [deg]
# name 13 = sbox0dV/dT: Oxygen, SBE 43 [dov/dt]
# name 14 = sbox1dV/dT: Oxygen, SBE 43, 2 [dov/dt]
# name 15 = sbeox0ML/L: Oxygen, SBE 43 [ml/l], WS = 5
# name 16 = sbeox1ML/L: Oxygen, SBE 43, 2 [ml/l], WS = 5
# name 17 = potemp090C: Potential Temperature [ITS-90, deg C]
# name 18 = potemp190C: Potential Temperature, 2 [ITS-90, deg C]
# name 19 = sal00: Salinity, Practical [PSU]
# name 20 = sal11: Salinity, Practical, 2 [PSU]
# name 21 = sigma-é00: Density [sigma-theta, kg/m^3]
# name 22 = sigma-é11: Density, 2 [sigma-theta, kg/m^3]
# name 23 = avgsvCM: Average Sound Velocity [Chen-Millero, m/s], minP = 20, minS = 20
# name 24 = sbox0Mm/Kg: Oxygen, SBE 43 [umol/kg], WS = 5
# name 25 = sbox1Mm/Kg: Oxygen, SBE 43, 2 [umol/kg], WS = 5
# name 26 = nbin: number of scans per bin
# name 27 = flag: flag
# span 0 =      30079,      55439       
# span 1 =   1253.234,   2309.931       
# span 2 =      2.980,    180.696       
# span 3 =      3.000,    182.000       
# span 4 =    14.7998,    28.7162       
# span 5 =    14.7980,    28.7174       
# span 6 =   4.378343,   5.745458       
# span 7 =   4.378279,   5.740766       
# span 8 =     1.7991,     3.1696       
# span 9 =     1.4874,     2.6964       
# span 10 =       5.78,     101.23      
# span 11 =   28.92714,   29.41577      
# span 12 =  -86.91772,  -85.47393      
# span 13 =   -0.00785,    0.02373      
# span 14 =   -0.00870,    0.02133      
# span 15 =     2.6132,     4.5361      
# span 16 =     2.6491,     4.5220      
# span 17 =    14.7732,    28.7153      
# span 18 =    14.7714,    28.7165      
# span 19 =    33.4228,    36.5049      
# span 20 =    33.4239,    36.5044      
# span 21 =    21.0980,    26.7842      
# span 22 =    21.0977,    26.7845      
# span 23 =    1520.83,    1546.52      
# span 24 =    113.665,    197.975      
# span 25 =    115.226,    197.634      
# span 26 =         30,         76      
# span 27 = 0.0000e+00, 0.0000e+00      
# interval = decibars: 1                
# start_time = Sep 21 2021 00:10:54 [NMEA time, header]
# bad_flag = -9.990e-29
*END*
      30130   1255.368    180.696    182.000    14.8266    14.8301   4.385912   4.386386     1.7991     1.4874       5.78   29.03268  -85.78550   -0.00020   -0.00047     2.6132     2.6491    14.7991    14.8026    35.9449    35.9457    26.7451    26.7450    1526.37    113.665    115.226         30 0.0000e+00
      30079   1253.234    179.703    181.000    14.8245    14.8286   4.385621   4.386091     1.8007     1.4879       6.80   29.03268  -85.78550    0.00034    0.00047     2.6168     2.6502    14.7971    14.8012    35.9448    35.9453    26.7455    26.7450    1526.37    113.822    115.275         38 0.0000e+00
      30446   1268.562    176.726    178.000    14.8354    14.8356   4.389120   4.389209     1.8042     1.4926       9.95   29.05811  -85.86064    0.00011    0.00021     2.6229     2.6607    14.8084    14.8087    35.9763    35.9769    26.7693    26.7697    1527.71    114.086    115.732         37 0.0000e+00
      30544   1272.640    174.741    176.000    14.7998    14.7980   4.378343   4.378279     1.8006     1.4880      11.47   28.98728  -85.65140    0.00007    0.00004     2.6176     2.6511    14.7732    14.7714    35.8887    35.8890    26.7039    26.7046    1523.98    113.858    115.315         38 0.0000e+00
      30735   1280.600    173.749    175.000    14.8237    14.8227   4.385286   4.385249     1.8053     1.4931      12.75   29.03266  -85.78554    0.00052    0.00075     2.6259     2.6623    14.7972    14.7962    35.9450    35.9455    26.7456    26.7462    1526.37    114.220    115.799         47 0.0000e+00
      31027   1292.742    171.763    173.000    14.8429    14.8439   4.391278   4.391436     1.8101     1.4980      15.04   29.07413  -85.90808   -0.00017    0.00035     2.6345     2.6724    14.8167    14.8177    35.9964    35.9970    26.7842    26.7845    1528.55    114.594    116.242         38 0.0000e+00
      31218   1300.691    169.779    171.000    14.8482    14.8516   4.390082   4.390540     1.8151     1.5030      16.88   29.05498  -85.85149    0.00119    0.00074     2.6461     2.6850    14.8223    14.8257    35.9752    35.9763    26.7651    26.7652    1527.54    115.099    116.789         39 0.0000e+00
      31292   1303.802    168.787    170.000    14.8443    14.8525   4.387452   4.388507     1.8170     1.5056      17.69   29.03266  -85.78554    0.00087    0.00095     2.6513     2.6917    14.8185    14.8267    35.9478    35.9500    26.7431    26.7430    1526.37    115.321    117.081         30 0.0000e+00
      31482   1311.701    166.802    168.000    14.8773    14.8862   4.389463   4.390637     1.8278     1.5155      19.53   29.01432  -85.73132    0.00204    0.00151     2.6754     2.7156    14.8518    14.8607    35.9306    35.9333    26.7210    26.7212    1525.41    116.372    118.119         31 0.0000e+00
      31708   1321.108    164.816    166.000    14.9540    14.9379   4.398236   4.396525     1.8358     1.5155      21.57   29.01582  -85.73573    0.00075   -0.00095     2.6893     2.7117    14.9287    14.9126    35.9416    35.9408    26.7127    26.7156    1525.48    116.976    117.952         34 0.0000e+00
      33856   1410.644    157.869    159.000    15.6852    15.6821   4.486591   4.485932     1.8921     1.5711      28.57   29.03883  -85.80381    0.00004    0.00009     2.7755     2.8099    15.6602    15.6571    36.0839    36.0833    26.6602    26.6604    1526.70    120.735    122.233         58 0.0000e+00
      33909   1412.814    156.877    158.000    15.6924    15.6887   4.486674   4.486457     1.8924     1.5720      29.49   29.03264  -85.78552    0.00020    0.00026     2.7756     2.8116    15.6676    15.6639    36.0768    36.0777    26.6525    26.6541    1526.37    120.738    122.304         59 0.0000e+00
      33966   1415.194    155.884    157.000    15.7035    15.6867   4.488532   4.486395     1.8944     1.5720      30.42   29.03264  -85.78552    0.00062    0.00038     2.7791     2.8111    15.6788    15.6620    36.0816    36.0804    26.6537    26.6565    1526.37    120.893    122.283         54 0.0000e+00
      34011   1417.098    154.892    156.000    15.6979    15.7172   4.488332   4.489812     1.8951     1.5721      31.36   29.03264  -85.78552    0.00076   -0.00037     2.7809     2.8099    15.6734    15.6930    36.0829    36.0835    26.6559    26.6520    1526.37    120.971    122.232         39 0.0000e+00
      34050   1418.696    153.899    155.000    15.7292    15.7637   4.491581   4.495406     1.8949     1.5745      32.27   29.03264  -85.78552    0.00019    0.00061     2.7781     2.8124    15.7048    15.7392    36.0880    36.0910    26.6527    26.6471    1526.37    120.849    122.344         39 0.0000e+00
      34089   1420.347    152.906    154.000    15.7866    15.7999   4.498065   4.499625     1.8965     1.5770      33.23   29.03264  -85.78552    0.00023    0.00147     2.7779     2.8163    15.7623    15.7756    36.0944    36.0963    26.6445    26.6429    1526.37    120.839    122.512         39 0.0000e+00
      34124   1421.810    151.914    153.000    15.8041    15.8130   4.500239   4.501175     1.8976     1.5794      34.21   29.03264  -85.78552    0.00076    0.00148     2.7792     2.8215    15.7799    15.7888    36.0984    36.0987    26.6435    26.6417    1526.37    120.897    122.738         32 0.0000e+00
      34156   1423.118    150.922    152.000    15.8322    15.8241   4.503360   4.502474     1.9003     1.5799      35.12   29.03264  -85.78550    0.00117    0.00139     2.7834     2.8217    15.8081    15.8000    36.1012    36.1007    26.6392    26.6406    1526.37    121.081    122.747         31 0.0000e+00
      34189   1424.481    149.929    151.000    15.8535    15.8504   4.505927   4.505387     1.9032     1.5815      36.06   29.03263  -85.78550    0.00169    0.00088     2.7884     2.8237    15.8295    15.8265    36.1053    36.1029    26.6374    26.6363    1526.37    121.301    122.834         34 0.0000e+00
      34223   1425.925    148.937    150.000    15.8757    15.8831   4.508588   4.509135     1.9062     1.5850      37.19   29.03263  -85.78550    0.00211    0.00128     2.7940     2.8305    15.8519    15.8593    36.1093    36.1075    26.6354    26.6323    1526.37    121.541    123.128         35 0.0000e+00
      34257   1427.329    147.944    149.000    15.9063    15.9053   4.511978   4.512038     1.9096     1.5864      38.07   29.03263  -85.78550    0.00218    0.00184     2.7995     2.8326    15.8827    15.8817    36.1122    36.1136    26.6306    26.6319    1526.37    121.785    123.221         33 0.0000e+00
      34290   1428.692    146.951    148.000    15.9436    15.9278   4.516592   4.514737     1.9125     1.5892      39.06   29.03262  -85.78550    0.00225    0.00161     2.8034     2.8371    15.9200    15.9046    36.1200    36.1182    26.6280    26.6304    1526.37    121.954    123.418         33 0.0000e+00
      34323   1430.097    145.959    147.000    15.9837    15.9979   4.521486   4.523415     1.9162     1.5919      40.14   29.03262  -85.78550    0.00235    0.00173     2.8095     2.8402    15.9603    15.9746    36.1277    36.1313    26.6246    26.6240    1526.37    122.217    123.556         34 0.0000e+00
      34366   1431.864    144.966    146.000    16.0176    16.0144   4.525265   4.524970     1.9199     1.5954      41.23   29.03262  -85.78550    0.00237    0.00200     2.8159     2.8480    15.9943    15.9912    36.1310    36.1312    26.6193    26.6203    1526.37    122.498    123.893         41 0.0000e+00
      34438   1434.873    143.974    145.000    15.9947    15.9776   4.522336   4.520512     1.9227     1.5965      42.35   29.03262  -85.78550    0.00120    0.00089     2.8235     2.8527    15.9711    15.9545    36.1265    36.1253    26.6213    26.6241    1526.37    122.829    124.098         49 0.0000e+00
      34514   1438.048    142.981    144.000    15.9849    15.9969   4.520827   4.521931     1.9220     1.5959      43.28   29.03262  -85.78550   -0.00022   -0.00080     2.8221     2.8497    15.9620    15.9739    36.1218    36.1209    26.6197    26.6162    1526.37    122.766    123.968         46 0.0000e+00
      34602   1441.694    141.988    143.000    16.1868    16.1644   4.544573   4.540887     1.9232     1.5979      44.29   29.03262  -85.78550    0.00025    0.00021     2.8123     2.8450    16.1605    16.1416    36.1536    36.1449    26.5982    26.5956    1526.37    122.342    123.766         47 0.0000e+00
      34692   1445.439    140.996    142.000    16.3615    16.3096   4.565361   4.558405     1.9142     1.5889      45.27   29.03262  -85.78550   -0.00264   -0.00288     2.7798     2.8120    16.3381    16.2866    36.1779    36.1700    26.5755    26.5814    1526.37    120.930    122.333         43 0.0000e+00
      34769   1448.651    140.003    141.000    16.5198    16.5219   4.583781   4.584658     1.9124     1.5904      46.26   29.03262  -85.78550   -0.00100    0.00008     2.7655     2.8033    16.4968    16.4989    36.1977    36.2032    26.5536    26.5572    1526.37    120.315    121.955         55 0.0000e+00
      35455   1477.242    139.011    140.000    16.6347    16.6694   4.598190   4.601913     1.9315     1.6074      47.37   29.03261  -85.78549    0.00124    0.00188     2.8024     2.8372    16.6117    16.6465    36.2215    36.2230    26.5447    26.5377    1526.37    121.916    123.434         31 0.0000e+00
      36161   1506.678    138.018    139.000    16.7313    16.7157   4.609410   4.607928     1.9474     1.6192      48.30   29.03260  -85.78548    0.00027    0.00053     2.8330     2.8639    16.7084    16.6931    36.2341    36.2339    26.5315    26.5348    1526.37    123.251    124.597         64 0.0000e+00
      36217   1508.999    137.025    138.000    16.7445    16.7510   4.610972   4.611441     1.9476     1.6207      49.23   29.03260  -85.78548    0.00007    0.00020     2.8321     2.8654    16.7225    16.7284    36.2352    36.2342    26.5290    26.5269    1526.37    123.215    124.661         64 0.0000e+00
      36270   1511.200    136.033    137.000    16.7299    16.7221   4.610537   4.609501     1.9500     1.6241      50.12   29.03260  -85.78548    0.00067    0.00135     2.8378     2.8753    16.7143    16.6998    36.2422    36.2419    26.5363    26.5392    1526.37    123.460    125.090         42 0.0000e+00
      36309   1512.854    135.040    136.000    16.8260    16.8103   4.620673   4.619118     1.9555     1.6277      51.09   29.03260  -85.78548    0.00168    0.00165     2.8443     2.8784    16.8049    16.7885    36.2473    36.2477    26.5187    26.5229    1526.37    123.746    125.230         40 0.0000e+00
      36352   1514.605    134.048    135.000    16.8678    16.8676   4.625580   4.625951     1.9624     1.6358      52.06   29.03260  -85.78548    0.00341    0.00316     2.8574     2.8953    16.8454    16.8453    36.2544    36.2577    26.5145    26.5171    1526.37    124.316    125.965         43 0.0000e+00
      36390   1516.198    133.055    134.000    16.9053    16.8901   4.630130   4.628617     1.9680     1.6402      52.99   29.03260  -85.78548    0.00404    0.00405     2.8669     2.9041    16.8831    16.8681    36.2608    36.2617    26.5105    26.5149    1526.37    124.730    126.348         33 0.0000e+00
      36422   1517.543    132.062    133.000    16.9438    16.9321   4.635158   4.633681     1.9725     1.6432      53.89   29.03260  -85.78548    0.00359    0.00290     2.8762     2.9093    16.9232    16.9101    36.2694    36.2682    26.5075    26.5097    1526.37    125.135    126.576         33 0.0000e+00
      36459   1519.077    131.070    132.000    16.9739    16.9732   4.638447   4.638558     1.9777     1.6488      54.99   29.03260  -85.78548    0.00340    0.00269     2.8850     2.9205    16.9519    16.9512    36.2728    36.2744    26.5032    26.5046    1526.37    125.516    127.060         41 0.0000e+00
      36497   1520.687    130.077    131.000    17.0027    17.0015   4.641734   4.641777     1.9836     1.6555      55.90   29.03260  -85.78548    0.00345    0.00367     2.8961     2.9351    16.9805    16.9798    36.2764    36.2775    26.4991    26.5001    1526.37    125.999    127.698         34 0.0000e+00
      36529   1522.007    129.084    130.000    17.0578    17.0443   4.648528   4.647278     1.9896     1.6607      56.89   29.03260  -85.78548    0.00377    0.00399     2.9061     2.9451    17.0361    17.0227    36.2863    36.2875    26.4933    26.4975    1526.37    126.436    128.134         32 0.0000e+00
      36563   1523.427    128.092    129.000    17.0963    17.0984   4.653320   4.653739     1.9985     1.6690      57.84   29.03259  -85.78548    0.00472    0.00443     2.9236     2.9624    17.0748    17.0768    36.2939    36.2958    26.4899    26.4909    1526.37    127.201    128.886         37 0.0000e+00
      36602   1525.049    127.099    128.000    17.1262    17.1516   4.656974   4.659417     2.0088     1.6793      58.95   29.03258  -85.78548    0.00616    0.00587     2.9449     2.9848    17.1048    17.1302    36.2994    36.2979    26.4869    26.4796    1526.37    128.127    129.863         39 0.0000e+00
      36640   1526.636    126.106    127.000    17.1916    17.1782   4.664519   4.663374     2.0165     1.6873      59.84   29.03260  -85.78548    0.00593    0.00619     2.9579     3.0025    17.1703    17.1570    36.3069    36.3089    26.4768    26.4816    1526.37    128.691    130.634         36 0.0000e+00
      36674   1528.058    125.114    126.000    17.2612    17.2634   4.673109   4.673318     2.0223     1.6895      60.84   29.03259  -85.78548    0.00480    0.00412     2.9663     3.0023    17.2401    17.2422    36.3196    36.3195    26.4697    26.4691    1526.37    129.059    130.626         33 0.0000e+00
      36708   1529.440    124.121    125.000    17.3631    17.3810   4.684510   4.686810     2.0270     1.6916      61.76   29.03258  -85.78548    0.00414    0.00224     2.9702     3.0003    17.3420    17.3599    36.3303    36.3317    26.4532    26.4499    1526.37    129.230    130.542         35 0.0000e+00
      36745   1530.987    123.129    124.000    17.4489    17.4723   4.695219   4.697634     2.0296     1.6943      62.85   29.03258  -85.78548    0.00301    0.00162     2.9701     3.0007    17.4279    17.4512    36.3443    36.3443    26.4430    26.4373    1526.37    129.228    130.558         39 0.0000e+00
      36783   1532.573    122.136    123.000    17.5240    17.5066   4.704034   4.702131     2.0324     1.6980      63.73   29.03258  -85.78548    0.00180    0.00180     2.9712     3.0074    17.5032    17.4858    36.3538    36.3529    26.4320    26.4355    1526.37    129.278    130.851         36 0.0000e+00
      36818   1534.040    121.143    122.000    17.5972    17.5818   4.712607   4.710840     2.0366     1.7009      64.79   29.03258  -85.78548    0.00200    0.00220     2.9754     3.0096    17.5764    17.5610    36.3629    36.3614    26.4210    26.4237    1526.37    129.462    130.948         35 0.0000e+00
      36854   1535.552    120.150    121.000    17.6546    17.6466   4.719417   4.718466     2.0398     1.7017      65.76   29.03258  -85.78548    0.00249    0.00160     2.9789     3.0074    17.6340    17.6260    36.3709    36.3698    26.4130    26.4141    1526.37    129.613    130.853         38 0.0000e+00
      36891   1537.064    119.158    120.000    17.7071    17.7283   4.725722   4.727846     2.0421     1.7034      66.77   29.03258  -85.78548    0.00207    0.00118     2.9798     3.0074    17.6865    17.7078    36.3788    36.3782    26.4061    26.4004    1526.37    129.654    130.854         33 0.0000e+00
      36923   1538.416    118.165    119.000    17.8059    17.7864   4.737448   4.735592     2.0481     1.7148      67.63   29.03258  -85.78548    0.00225    0.00318     2.9886     3.0299    17.7868    17.7660    36.3908    36.3935    26.3907    26.3978    1526.37    130.040    131.834         32 0.0000e+00
