Gulf of Mexico/GOMECC-4/1db/urb2103_1401.cnv
* Sea-Bird SBE 9 Data File:
* FileName = C:\Users\scs.user.rb\CTD\GOMECC4\data\rb2103_1401.hex
* Software Version Seasave V 7.26.7.107
* Temperature SN = 4799
* Conductivity SN = 3860
* Number of Bytes Per Scan = 41
* Number of Voltage Words = 4
* Number of Scans Averaged by the Deck Unit = 1
* NMEA Latitude = 25 39.47 N
* NMEA Longitude = 084 42.92 W
* NMEA UTC (Time) = Oct 20 2021  13:16:01
* NMEA baud rate = 4800
# nquan = 28
# nvalues = 313                         
# units = specified
# name 0 = scan: Scan Count
# name 1 = timeS: Time, Elapsed [seconds]
# name 2 = depSM: Depth [salt water, m]
# name 3 = prDM: Pressure, Digiquartz [db]
# name 4 = t090C: Temperature [ITS-90, deg C]
# name 5 = t190C: Temperature, 2 [ITS-90, deg C]
# name 6 = c0S/m: Conductivity [S/m]
# name 7 = c1S/m: Conductivity, 2 [S/m]
# name 8 = sbeox0V: Oxygen raw, SBE 43 [V]
# name 9 = sbeox1V: Oxygen raw, SBE 43, 2 [V]
# name 10 = altM: Altimeter [m]
# name 11 = latitude: Latitude [deg]
# name 12 = longitude: Longitude [deg]
# name 13 = sbox0dV/dT: Oxygen, SBE 43 [dov/dt]
# name 14 = sbox1dV/dT: Oxygen, SBE 43, 2 [dov/dt]
# name 15 = sbeox0ML/L: Oxygen, SBE 43 [ml/l], WS = 5
# name 16 = sbeox1ML/L: Oxygen, SBE 43, 2 [ml/l], WS = 5
# name 17 = potemp090C: Potential Temperature [ITS-90, deg C]
# name 18 = potemp190C: Potential Temperature, 2 [ITS-90, deg C]
# name 19 = sal00: Salinity, Practical [PSU]
# name 20 = sal11: Salinity, Practical, 2 [PSU]
# name 21 = sigma-é00: Density [sigma-theta, kg/m^3]
# name 22 = sigma-é11: Density, 2 [sigma-theta, kg/m^3]
# name 23 = avgsvCM: Average Sound Velocity [Chen-Millero, m/s], minP = 20, minS = 20
# name 24 = sbox0Mm/Kg: Oxygen, SBE 43 [umol/kg], WS = 5
# name 25 = sbox1Mm/Kg: Oxygen, SBE 43, 2 [umol/kg], WS = 5
# name 26 = nbin: number of scans per bin
# name 27 = flag: flag
# span 0 =      46657,     110323       
# span 1 =   1944.003,   4596.765       
# span 2 =      0.993,   1085.048       
# span 3 =      1.000,   1095.000       
# span 4 =     5.1345,    28.2243       
# span 5 =     5.1353,    28.2474       
# span 6 =   3.400255,   5.825729       
# span 7 =   3.400233,   5.826145       
# span 8 =     1.6263,     3.1492       
# span 9 =     1.3233,     2.6682       
# span 10 =      12.18,     103.39      
# span 11 =   25.29043,   25.88889      
# span 12 =  -85.47080,  -83.49434      
# span 13 =   -0.03243,    0.01357      
# span 14 =   -0.03417,    0.01413      
# span 15 =     2.5564,     4.5530      
# span 16 =     2.5633,     4.5359      
# span 17 =     5.0414,    28.2210      
# span 18 =     5.0422,    28.2441      
# span 19 =    34.9015,    36.8307      
# span 20 =    34.8998,    36.8251      
# span 21 =    22.8200,    27.6201      
# span 22 =    22.8194,    27.6193      
# span 23 =    1478.30,    1513.30      
# span 24 =    111.179,    198.565      
# span 25 =    111.475,    197.830      
# span 26 =         30,         74      
# span 27 = 0.0000e+00, 0.0000e+00      
# interval = decibars: 1                
# start_time = Oct 20 2021 13:16:01 [NMEA time, header]
# bad_flag = -9.990e-29
*END*
[from data line 156]
      75970   3165.392    292.880    295.000    13.0047    13.0077   4.178983   4.179260     1.7175     1.4031     100.00   25.66027  -84.71893    0.00037    0.00032     2.5564     2.5633    12.9637    12.9667    35.6575    35.6574    26.9099    26.9092    1499.99    111.179    111.475         38 0.0000e+00
      76107   3171.083    287.919    290.000    13.1617    13.1652   4.197259   4.197683     1.7220     1.4084      89.26   25.66468  -84.73348    0.00126    0.00136     2.5567     2.5669    13.1211    13.1246    35.6878    35.6885    26.9018    26.9016    1500.25    111.189    111.635         33 0.0000e+00
      76132   3172.134    286.927    289.000    13.1516    13.1434   4.195506   4.194532     1.7235     1.4090     100.91   25.65930  -84.71568    0.00165    0.00169     2.5611     2.5696    13.1112    13.1029    35.6793    35.6777    26.8968    26.8973    1499.93    111.382    111.754         43 0.0000e+00
      76252   3177.124    281.967    284.000    13.3349    13.3395   4.216837   4.217393     1.7308     1.4160     100.02   25.66333  -84.72899    0.00175    0.00163     2.5668     2.5759    13.2948    13.2994    35.7134    35.7140    26.8860    26.8855    1500.17    111.633    112.030         31 0.0000e+00
      76275   3178.079    280.974    283.000    13.3120    13.3263   4.213720   4.215379     1.7333     1.4182     100.00   25.65930  -84.71568    0.00232    0.00242     2.5742     2.5827    13.2721    13.2863    35.7044    35.7068    26.8834    26.8823    1499.93    111.956    112.323         38 0.0000e+00
      76309   3179.514    279.982    282.000    13.3275    13.3692   4.215217   4.219977     1.7343     1.4199     100.00   25.65930  -84.71568    0.00175    0.00182     2.5756     2.5848    13.2876    13.3293    35.7046    35.7119    26.8804    26.8775    1499.93    112.014    112.416         30 0.0000e+00
      76442   3185.031    275.021    277.000    13.5361    13.5437   4.240072   4.240882     1.7413     1.4238     100.03   25.66595  -84.73757    0.00155    0.00057     2.5788     2.5832    13.4966    13.5041    35.7487    35.7493    26.8720    26.8709    1500.32    112.154    112.346         41 0.0000e+00
      76464   3185.961    274.029    276.000    13.5371    13.5408   4.239122   4.239749     1.7415     1.4247      98.54   25.65932  -84.71568    0.00078    0.00016     2.5791     2.5858    13.4977    13.5015    35.7392    35.7394    26.8639    26.8633    1499.93    112.170    112.462         36 0.0000e+00
      76581   3190.816    269.068    271.000    13.6022    13.6050   4.246831   4.247201     1.7437     1.4275     100.01   25.66136  -84.72241    0.00052    0.00063     2.5791     2.5881    13.5634    13.5662    35.7517    35.7526    26.8600    26.8602    1500.05    112.169    112.562         36 0.0000e+00
      76609   3192.010    268.076    270.000    13.5992    13.5959   4.246295   4.245946     1.7438     1.4278     100.00   25.65932  -84.71568    0.00028    0.00046     2.5792     2.5890    13.5606    13.5573    35.7492    35.7489    26.8585    26.8591    1499.93    112.176    112.599         32 0.0000e+00
      76763   3198.401    262.122    264.000    13.6850    13.6977   4.256121   4.257421     1.7461     1.4296     100.01   25.66088  -84.72079    0.00013    0.00029     2.5776     2.5862    13.6470    13.6598    35.7647    35.7649    26.8527    26.8502    1500.02    112.108    112.479         31 0.0000e+00
      76914   3204.701    256.169    258.000    13.9099    13.9163   4.282046   4.282692     1.7530     1.4357     100.01   25.66229  -84.72544    0.00142    0.00146     2.5791     2.5881    13.8724    13.8788    35.8012    35.8013    26.8338    26.8325    1500.10    112.175    112.564         31 0.0000e+00
      76938   3205.716    255.176    257.000    13.9160    13.9397   4.282372   4.284872     1.7566     1.4407     100.00   25.65934  -84.71570    0.00211    0.00230     2.5878     2.6000    13.8786    13.9023    35.7981    35.7994    26.8298    26.8258    1499.93    112.552    113.084         35 0.0000e+00
      77090   3212.036    249.223    251.000    14.0342    14.0260   4.296065   4.294915     1.7849     1.4670     100.00   25.66014  -84.71829    0.00552    0.00448     2.6492     2.6646    13.9976    13.9893    35.8188    35.8154    26.8207    26.8198    1499.98    115.221    115.893         30 0.0000e+00
      77495   3228.932    233.345    235.000    14.5122    14.5327   4.351266   4.353701     1.8578     1.5309     100.00   25.65884  -84.71391    0.00337    0.00264     2.7937     2.8007    14.4771    14.4976    35.8943    35.8978    26.7763    26.7745    1499.90    121.512    121.820         37 0.0000e+00
      77651   3235.425    227.391    229.000    14.7913    14.8011   4.383992   4.385286     1.8774     1.5492     100.01   25.66110  -84.72136    0.00352    0.00300     2.8215     2.8309    14.7567    14.7664    35.9412    35.9435    26.7517    26.7513    1500.03    122.724    123.132         37 0.0000e+00
      77681   3236.681    226.398    228.000    14.7978    14.7954   4.384022   4.384858     1.8799     1.5517     100.00   25.65938  -84.71570    0.00264    0.00225     2.8266     2.8375    14.7591    14.7609    35.9391    35.9419    26.7494    26.7512    1499.93    122.948    123.419         31 0.0000e+00
      77802   3241.697    221.436    223.000    14.9085    14.9117   4.397376   4.397780     1.8871     1.5572     100.00   25.65995  -84.71759    0.00137    0.00117     2.8355     2.8432    14.8746    14.8778    35.9579    35.9587    26.7386    26.7385    1499.96    123.337    123.671         33 0.0000e+00
      78017   3250.654    213.496    215.000    15.1574    15.1616   4.427133   4.427306     1.9041     1.5721     100.02   25.66372  -84.73003    0.00214    0.00202     2.8574     2.8642    15.1243    15.1286    36.0055    36.0032    26.7203    26.7176    1500.18    124.290    124.587         32 0.0000e+00
      78036   3251.445    212.504    214.000    15.1808    15.1717   4.429054   4.427712     1.9081     1.5757     100.00   25.65940  -84.71570    0.00282    0.00229     2.8654     2.8728    15.1479    15.1387    36.0003    35.9964    26.7107    26.7097    1499.93    124.638    124.962         30 0.0000e+00
      78312   3262.964    203.571    205.000    15.4766    15.4773   4.465148   4.465192     1.9334     1.5983     100.05   25.67226  -84.75817    0.00193    0.00171     2.9032     2.9095    15.4446    15.4453    36.0653    36.0650    26.6954    26.6950    1500.68    126.288    126.563         35 0.0000e+00
      78346   3264.393    202.578    204.000    15.4417    15.4732   4.459470   4.463280     1.9345     1.5992     100.00   25.65940  -84.71570    0.00086    0.00070     2.9082     2.9120    15.4099    15.4413    36.0413    36.0469    26.6835    26.6808    1499.93    126.506    126.671         36 0.0000e+00
      78455   3268.910    201.586    203.000    15.4418    15.4418   4.456946   4.460057     1.9357     1.6004      99.91   25.65940  -84.71570    0.00015    0.00014     2.9114     2.9165    15.3968    15.4102    36.0311    36.0469    26.6786    26.6878    1499.93    126.644    126.864         54 0.0000e+00
      79147   3297.747    198.608    200.000    15.7260    15.6924   4.492670   4.489242     1.9507     1.6130      99.92   25.65798  -84.71089    0.00069    0.00047     2.9268     2.9321    15.6944    15.6611    36.0824    36.0802    26.6506    26.6567    1499.84    127.319    127.548         51 0.0000e+00
      79851   3327.068    197.616    199.000    15.7789    15.7799   4.499359   4.499591     1.9576     1.6209      99.99   25.65948  -84.71570   -0.00018   -0.00014     2.9393     2.9473    15.7474    15.7485    36.0949    36.0962    26.6483    26.6490    1499.93    127.862    128.209         48 0.0000e+00
      79980   3332.461    196.623    198.000    15.7875    15.7943   4.500308   4.501142     1.9586     1.6222     100.00   25.65948  -84.71570   -0.00004   -0.00008     2.9407     2.9495    15.7561    15.7629    36.0960    36.0973    26.6471    26.6466    1499.93    127.922    128.307         35 0.0000e+00
      80098   3337.376    192.653    194.000    15.9500    15.9499   4.519618   4.519550     1.9630     1.6247     100.00   25.66045  -84.71890    0.00141    0.00091     2.9388     2.9447    15.9191    15.9190    36.1231    36.1226    26.6307    26.6303    1499.99    127.842    128.097         33 0.0000e+00
      80128   3338.618    191.660    193.000    15.9637    15.9642   4.521001   4.520889     1.9606     1.6220     100.00   25.65948  -84.71569   -0.00001   -0.00047     2.9319     2.9365    15.9329    15.9334    36.1230    36.1216    26.6273    26.6261    1499.93    127.542    127.745         33 0.0000e+00
      80272   3344.639    186.697    188.000    16.1253    16.1249   4.540604   4.540559     1.9540     1.6166     100.01   25.66150  -84.72236   -0.00138   -0.00098     2.9039     2.9106    16.0951    16.0947    36.1540    36.1540    26.6139    26.6140    1500.05    126.328    126.620         31 0.0000e+00
      80298   3345.700    185.705    187.000    16.1306    16.1361   4.540971   4.541597     1.9602     1.6246     100.00   25.65948  -84.71568    0.00075    0.00149     2.9178     2.9304    16.1005    16.1061    36.1521    36.1526    26.6110    26.6101    1499.93    126.931    127.481         31 0.0000e+00
      80415   3350.587    181.734    183.000    16.2223    16.2434   4.552699   4.555019     1.9787     1.6429     100.02   25.66589  -84.73685    0.00426    0.00442     2.9537     2.9692    16.1929    16.2139    36.1774    36.1789    26.6097    26.6059    1500.30    128.495    129.167         33 0.0000e+00
      80432   3351.305    180.741    182.000    16.2110    16.2059   4.550631   4.549950     1.9880     1.6532     100.00   25.65950  -84.71568    0.00561    0.00620     2.9762     2.9975    16.1817    16.1766    36.1671    36.1656    26.6037    26.6038    1499.93    129.472    130.398         38 0.0000e+00
      80555   3356.410    175.778    177.000    16.4552    16.4912   4.579875   4.584139     2.0104     1.6704     100.00   25.65833  -84.71183    0.00471    0.00405     3.0103     3.0214    16.4264    16.4623    36.2069    36.2121    26.5771    26.5726    1499.86    130.960    131.445         36 0.0000e+00
      80592   3357.957    174.785    176.000    16.5121    16.5076   4.586252   4.586070     2.0132     1.6730     100.00   25.65950  -84.71568    0.00335    0.00282     3.0123     3.0258    16.4834    16.4795    36.2127    36.2191    26.5682    26.5752    1499.93    131.048    131.633         30 0.0000e+00
      80824   3367.606    165.851    167.000    16.9228    16.9301   4.635992   4.636805     2.0617     1.7196      97.41   25.65826  -84.71154    0.00597    0.00655     3.0940     3.1143    16.8951    16.9024    36.2830    36.2835    26.5245    26.5231    1499.86    134.609    135.490         32 0.0000e+00
      81018   3375.691    158.902    160.000    17.1037    17.1086   4.657135   4.657753     2.0800     1.7289     100.00   25.66018  -84.71788   -0.00017   -0.00023     3.1213     3.1235    17.0769    17.0819    36.3088    36.3097    26.5009    26.5004    1499.97    135.799    135.897         34 0.0000e+00
      81049   3376.994    157.909    159.000    17.1202    17.1257   4.659112   4.659419     2.0802     1.7301     100.00   25.65952  -84.71570   -0.00014    0.00055     3.1203     3.1250    17.0936    17.0991    36.3113    36.3091    26.4987    26.4957    1499.93    135.754    135.960         31 0.0000e+00
      81172   3382.127    153.938    155.000    17.2216    17.2277   4.671432   4.672044     2.0823     1.7310     100.02   25.66597  -84.73701    0.00046    0.00009     3.1164     3.1192    17.1956    17.2016    36.3320    36.3319    26.4907    26.4892    1500.31    135.588    135.708         31 0.0000e+00
      81233   3384.668    152.945    154.000    17.1723    17.1856   4.665094   4.666424     2.0783     1.7292      88.24   25.65952  -84.71570   -0.00118   -0.00067     3.1107     3.1170    17.1465    17.1598    36.3171    36.3180    26.4905    26.4879    1499.93    135.340    135.613         52 0.0000e+00
      82302   3429.188    148.974    150.000    17.6684    17.7217   4.728235   4.732751     2.1808     1.8270     100.07   25.67777  -84.77581    0.00474    0.00564     3.3062     3.3218    17.6428    17.6960    36.4211    36.4276    26.4508    26.4428    1500.99    143.854    144.530         36 0.0000e+00
      83140   3464.137    147.981    149.000    17.8544    17.8338   4.748968   4.746678     2.2281     1.8645     100.00   25.65960  -84.71572   -0.00110   -0.00066     3.4005     3.4079    17.8287    17.8081    36.4362    36.4340    26.4151    26.4185    1499.93    147.956    148.278         39 0.0000e+00
      83324   3471.801    145.996    147.000    17.8568    17.8596   4.749399   4.749784     2.2391     1.8769      66.80   25.66015  -84.71747    0.00013    0.00154     3.4242     3.4359    17.8315    17.8342    36.4389    36.4396    26.4166    26.4164    1499.96    148.989    149.499         38 0.0000e+00
      83363   3473.416    145.003    146.000    17.9252    17.9302   4.757280   4.757672     2.2397     1.8760      98.05   25.65962  -84.71574   -0.00032   -0.00018     3.4203     3.4285    17.9000    17.9050    36.4458    36.4447    26.4048    26.4027    1499.93    148.820    149.177         48 0.0000e+00
      83439   3476.598    144.010    145.000    17.9305    17.9208   4.757464   4.756872     2.2338     1.8711      87.22   25.65962  -84.71572   -0.00151   -0.00154     3.4061     3.4167    17.9054    17.8957    36.4431    36.4466    26.4014    26.4065    1499.93    148.205    148.663         40 0.0000e+00
      83482   3478.359    143.017    144.000    17.9097    17.9203   4.754533   4.756299     2.2295     1.8718      75.40   25.65962  -84.71572   -0.00275   -0.00087     3.3988     3.4190    17.8864    17.8959    36.4364    36.4404    26.4010    26.4012    1499.93    147.885    148.766         36 0.0000e+00
      83522   3480.044    142.024    143.000    17.8625    17.8631   4.746100   4.745963     2.1785     1.8091      98.33   25.65962  -84.71574   -0.01124   -0.01139     3.2863     3.2675    17.8380    17.8385    36.4067    36.4049    26.3902    26.3887    1499.93    142.992    142.175         41 0.0000e+00
      83586   3482.717    141.032    142.000    17.8655    17.8626   4.746041   4.745576     2.0846     1.7152     100.00   25.65963  -84.71574   -0.03243   -0.03417     3.0741     3.0352    17.8410    17.8381    36.4039    36.4024    26.3873    26.3868    1499.93    133.761    132.067         42 0.0000e+00
      83644   3485.131    140.039    141.000    17.8778    17.8768   4.747541   4.747342     2.0537     1.6976     100.00   25.65964  -84.71574   -0.01862   -0.01328     3.0033     2.9904    17.8535    17.8525    36.4062    36.4054    26.3860    26.3856    1499.93    130.677    130.120         33 0.0000e+00
      83674   3486.390    139.046    140.000    17.9190    17.9325   4.751805   4.753224     2.0521     1.6973     100.00   25.65964  -84.71574   -0.00717   -0.00255     2.9968     2.9863    17.8949    17.9084    36.4065    36.4067    26.3760    26.3727    1499.93    130.400    129.940         34 0.0000e+00
      83727   3488.566    138.053    139.000    17.9444    17.9557   4.754540   4.755548     2.0293     1.6666     100.00   25.65965  -84.71573   -0.00629   -0.00791     2.9435     2.9087    17.9204    17.9317    36.4069    36.4065    26.3699    26.3668    1499.93    128.078    126.567         68 0.0000e+00
      83790   3491.207    137.060    138.000    17.9458    17.9480   4.754556   4.754403     2.0087     1.6538     100.00   25.65966  -84.71574   -0.00975   -0.00913     2.8968     2.8773    17.9219    17.9242    36.4071    36.4071    26.3697    26.3691    1499.93    126.049    125.197         52 0.0000e+00
