Gulf of Mexico/GOMECC-4/1db/urb2103_1231.cnv
* Sea-Bird SBE 9 Data File:
* FileName = C:\Users\scs.user.rb\CTD\GOMECC4\data\rb2103_1231.hex
* Software Version Seasave V 7.26.7.107
* Temperature SN = 4799
* Conductivity SN = 3860
* Number of Bytes Per Scan = 41
* Number of Voltage Words = 4
* Number of Scans Averaged by the Deck Unit = 1
* NMEA Latitude = 24 44.12 N
* NMEA Longitude = 080 37.33 W
* NMEA UTC (Time) = Oct 17 2021  22:52:18
* NMEA baud rate = 4800
# nquan = 28
# nvalues = 65                          
# units = specified
# name 0 = scan: Scan Count
# name 1 = timeS: Time, Elapsed [seconds]
# name 2 = depSM: Depth [salt water, m]
# name 3 = prDM: Pressure, Digiquartz [db]
# name 4 = t090C: Temperature [ITS-90, deg C]
# name 5 = t190C: Temperature, 2 [ITS-90, deg C]
# name 6 = c0S/m: Conductivity [S/m]
# name 7 = c1S/m: Conductivity, 2 [S/m]
# name 8 = sbeox0V: Oxygen raw, SBE 43 [V]
# name 9 = sbeox1V: Oxygen raw, SBE 43, 2 [V]
# name 10 = altM: Altimeter [m]
# name 11 = latitude: Latitude [deg]
# name 12 = longitude: Longitude [deg]
# name 13 = sbox0dV/dT: Oxygen, SBE 43 [dov/dt]
# name 14 = sbox1dV/dT: Oxygen, SBE 43, 2 [dov/dt]
# name 15 = sbeox0ML/L: Oxygen, SBE 43 [ml/l], WS = 5
# name 16 = sbeox1ML/L: Oxygen, SBE 43, 2 [ml/l], WS = 5
# name 17 = potemp090C: Potential Temperature [ITS-90, deg C]
# name 18 = potemp190C: Potential Temperature, 2 [ITS-90, deg C]
# name 19 = sal00: Salinity, Practical [PSU]
# name 20 = sal11: Salinity, Practical, 2 [PSU]
# name 21 = sigma-é00: Density [sigma-theta, kg/m^3]
# name 22 = sigma-é11: Density, 2 [sigma-theta, kg/m^3]
# name 23 = avgsvCM: Average Sound Velocity [Chen-Millero, m/s], minP = 20, minS = 20
# name 24 = sbox0Mm/Kg: Oxygen, SBE 43 [umol/kg], WS = 5
# name 25 = sbox1Mm/Kg: Oxygen, SBE 43, 2 [umol/kg], WS = 5
# name 26 = nbin: number of scans per bin
# name 27 = flag: flag
# span 0 =      25514,      54854       
# span 1 =   1063.062,   2285.539       
# span 2 =      0.994,    132.105       
# span 3 =      1.000,    133.000       
# span 4 =    10.4517,    29.7611       
# span 5 =    10.4514,    29.7639       
# span 6 =   3.884512,   5.899392       
# span 7 =   3.884454,   5.900019       
# span 8 =     1.7105,     3.1806       
# span 9 =     1.4019,     2.6877       
# span 10 =      13.30,      99.33      
# span 11 =   24.56959,   24.75510      
# span 12 =  -80.68707,  -80.08262      
# span 13 =   -0.00264,    0.02185      
# span 14 =   -0.00327,    0.02151      
# span 15 =     2.6331,     4.3817      
# span 16 =     2.6444,     4.3559      
# span 17 =    10.4360,    29.7606      
# span 18 =    10.4356,    29.7635      
# span 19 =    35.2700,    36.3931      
# span 20 =    35.2699,    36.3964      
# span 21 =    22.2609,    27.0874      
# span 22 =    22.2611,    27.0874      
# span 23 =    1517.39,    1528.84      
# span 24 =    114.506,    191.424      
# span 25 =    114.996,    190.297      
# span 26 =         31,         77      
# span 27 = 0.0000e+00, 0.0000e+00      
# interval = decibars: 1                
# start_time = Oct 17 2021 22:52:18 [NMEA time, header]
# bad_flag = -9.990e-29
*END*
      25514   1063.062    132.105    133.000    10.4589    10.4517   3.885187   3.884478     1.7107     1.4019      13.30   24.73558  -80.62332    0.00002    0.00008     2.6478     2.6642    10.4431    10.4358    35.2700    35.2699    27.0857    27.0869    1527.63    115.134    115.846         70 0.0000e+00
      25603   1066.745    131.112    132.000    10.4517    10.4514   3.884512   3.884454     1.7105     1.4019      14.29   24.73558  -80.62332   -0.00003    0.00002     2.6476     2.6639    10.4360    10.4356    35.2706    35.2704    27.0874    27.0873    1527.63    115.125    115.831         69 0.0000e+00
      25664   1069.301    130.119    131.000    10.4534    10.4535   3.884991   3.885016     1.7108     1.4024      15.14   24.73558  -80.62332    0.00003    0.00002     2.6478     2.6646    10.4377    10.4378    35.2709    35.2709    27.0874    27.0874    1527.63    115.134    115.863         52 0.0000e+00
      25717   1071.515    129.126    130.000    10.4556    10.4589   3.884867   3.885110     1.7112     1.4028      16.13   24.73558  -80.62332    0.00020    0.00026     2.6484     2.6651    10.4400    10.4434    35.2714    35.2706    27.0874    27.0862    1527.63    115.160    115.884         51 0.0000e+00
      25763   1073.402    128.133    129.000    10.4624    10.4744   3.885467   3.886827     1.7110     1.4029      17.07   24.73556  -80.62332    0.00007    0.00012     2.6473     2.6643    10.4470    10.4590    35.2713    35.2720    27.0861    27.0845    1527.63    115.109    115.849         40 0.0000e+00
      25800   1074.945    127.140    128.000    10.4818    10.4856   3.887474   3.887785     1.7116     1.4029      17.88   24.73556  -80.62332    0.00004    0.00007     2.6472     2.6632    10.4665    10.4703    35.2728    35.2714    27.0838    27.0820    1527.63    115.106    115.801         34 0.0000e+00
      25834   1076.374    126.147    127.000    10.4823    10.4789   3.887988   3.887190     1.7119     1.4035      18.95   24.73556  -80.62332    0.00025    0.00011     2.6474     2.6649    10.4672    10.4637    35.2738    35.2726    27.0844    27.0841    1527.63    115.115    115.876         33 0.0000e+00
      25868   1077.800    125.154    126.000    10.4858    10.4806   3.887735   3.887278     1.7121     1.4040      19.86   24.73556  -80.62332    0.00021    0.00030     2.6475     2.6659    10.4707    10.4656    35.2730    35.2734    27.0832    27.0844    1527.63    115.118    115.921         34 0.0000e+00
      25904   1079.281    124.161    125.000    10.4813    10.4779   3.887212   3.886989     1.7125     1.4042      20.89   24.73556  -80.62332    0.00016    0.00028     2.6485     2.6663    10.4663    10.4629    35.2742    35.2736    27.0848    27.0850    1527.63    115.162    115.939         36 0.0000e+00
      25939   1080.759    123.168    124.000    10.4709    10.4741   3.886249   3.886617     1.7128     1.4040      21.86   24.73556  -80.62332    0.00023    0.00007     2.6496     2.6656    10.4560    10.4593    35.2733    35.2739    27.0860    27.0859    1527.63    115.210    115.906         35 0.0000e+00
      25974   1082.191    122.175    123.000    10.4709    10.4713   3.886204   3.886259     1.7127     1.4040      22.85   24.73556  -80.62332    0.00013   -0.00007     2.6492     2.6655    10.4563    10.4566    35.2733    35.2735    27.0859    27.0860    1527.63    115.191    115.903         34 0.0000e+00
      26008   1083.630    121.182    122.000    10.4700    10.4728   3.886139   3.886339     1.7126     1.4044      23.84   24.73556  -80.62332    0.00001    0.00006     2.6486     2.6663    10.4554    10.4582    35.2740    35.2736    27.0867    27.0859    1527.63    115.165    115.936         35 0.0000e+00
      26044   1085.120    120.189    121.000    10.4837    10.4860   3.887548   3.887694     1.7131     1.4049      24.82   24.73556  -80.62332    0.00003    0.00025     2.6486     2.6665    10.4692    10.4715    35.2754    35.2747    27.0853    27.0844    1527.63    115.167    115.945         36 0.0000e+00
      26080   1086.608    119.196    120.000    10.4916    10.4901   3.888455   3.888076     1.7134     1.4053      25.83   24.73556  -80.62332    0.00020    0.00031     2.6486     2.6670    10.4773    10.4757    35.2774    35.2750    27.0854    27.0839    1527.63    115.166    115.966         36 0.0000e+00
      26114   1088.041    118.203    119.000    10.4987    10.4984   3.889191   3.889011     1.7140     1.4053      26.75   24.73556  -80.62332    0.00029    0.00022     2.6492     2.6662    10.4845    10.4841    35.2784    35.2777    27.0850    27.0845    1527.63    115.195    115.935         33 0.0000e+00
      26148   1089.469    117.210    118.000    10.5063    10.5088   3.889985   3.890169     1.7143     1.4054      27.84   24.73556  -80.62332    0.00034    0.00007     2.6494     2.6654    10.4922    10.4947    35.2796    35.2790    27.0845    27.0836    1527.63    115.202    115.899         35 0.0000e+00
      26184   1090.956    116.217    117.000    10.5102    10.5126   3.890350   3.890532     1.7146     1.4057      28.75   24.73556  -80.62332    0.00028    0.00009     2.6495     2.6656    10.4962    10.4986    35.2800    35.2794    27.0841    27.0833    1527.63    115.208    115.907         37 0.0000e+00
      26220   1092.444    115.224    116.000    10.5162    10.5161   3.890960   3.890785     1.7150     1.4058      29.83   24.73556  -80.62332    0.00020    0.00016     2.6498     2.6656    10.5023    10.5022    35.2807    35.2791    27.0836    27.0824    1527.63    115.220    115.906         35 0.0000e+00
      26254   1093.895    114.231    115.000    10.5401    10.5382   3.893413   3.893242     1.7152     1.4060      30.71   24.73556  -80.62332    0.00019    0.00006     2.6486     2.6641    10.5263    10.5244    35.2829    35.2830    27.0810    27.0815    1527.63    115.167    115.843         34 0.0000e+00
      26289   1095.330    113.238    114.000    10.6361    10.6170   3.904453   3.901473     1.7173     1.4071      31.84   24.73556  -80.62332    0.00051    0.00026     2.6467     2.6617    10.6227    10.6034    35.3015    35.2902    27.0784    27.0732    1527.63    115.087    115.738         35 0.0000e+00
      26324   1096.795    112.245    113.000    10.8275    10.7033   3.925256   3.910971     1.7206     1.4087      32.70   24.73556  -80.62332    0.00143    0.00078     2.6431     2.6607    10.8137    10.6896    35.3269    35.3032    27.0640    27.0678    1527.63    114.932    115.697         36 0.0000e+00
      26360   1098.286    111.252    112.000    11.0072    10.7959   3.945237   3.919186     1.7250     1.4105      33.75   24.73556  -80.62332    0.00232    0.00112     2.6425     2.6600    10.9934    10.7822    35.3543    35.2969    27.0527    27.0462    1527.63    114.904    115.668         35 0.0000e+00
      26394   1099.727    110.259    111.000    11.2465    10.9821   3.971441   3.939873     1.7304     1.4137      34.69   24.73556  -80.62332    0.00304    0.00135     2.6407     2.6490    11.2326    10.9684    35.3861    35.3333    27.0337    27.0408    1527.63    114.830    115.191         34 0.0000e+00
      26428   1101.141    109.265    110.000    11.6898    11.5254   4.017697   4.000053     1.7385     1.4215      35.69   24.73556  -80.62332    0.00397    0.00280     2.6331     2.6444    11.6756    11.5115    35.4197    35.4028    26.9769    26.9948    1527.63    114.506    114.996         34 0.0000e+00
      26463   1102.601    108.272    109.000    11.9623    11.7084   4.054935   4.023464     1.7494     1.4291      36.72   24.73556  -80.62332    0.00581    0.00495     2.6424     2.6538    11.9481    11.6944    35.5258    35.4593    27.0076    27.0043    1527.63    114.906    115.401         36 0.0000e+00
      26498   1104.052    107.280    108.000    12.3881    12.1103   4.100670   4.065263     1.7624     1.4366      37.64   24.73556  -80.62332    0.00764    0.00521     2.6483     2.6511    12.3736    12.0961    35.5670    35.4861    26.9570    26.9482    1527.63    115.168    115.293         31 0.0000e+00
      26533   1105.500    106.286    107.000    12.6366    12.4975   4.128749   4.112150     1.7754     1.4489      38.72   24.73556  -80.62332    0.00869    0.00611     2.6649     2.6595    12.6221    12.4831    35.6035    35.5746    26.9363    26.9412    1527.63    115.895    115.657         39 0.0000e+00
      26587   1107.754    105.293    106.000    12.5678    12.1291   4.118700   4.069458     1.7885     1.4547      39.85   24.73556  -80.62332    0.00788    0.00561     2.7029     2.6927    12.5535    12.1151    35.5713    35.5167    26.9244    26.9677    1527.63    117.546    117.100         65 0.0000e+00
      26654   1110.546    104.300    105.000    12.3173    12.1474   4.088610   4.074605     1.7780     1.4527      40.90   24.73556  -80.62332   -0.00264   -0.00227     2.6908     2.6916    12.3182    12.1335    35.5230    35.5424    26.9334    26.9845    1527.63    117.017    117.048         45 0.0000e+00
      28917   1204.824     98.342     99.000    15.5460    15.6017   4.451683   4.458987     1.9968     1.6604      47.10   24.75510  -80.68707    0.00173    0.00230     3.0131     3.0273    15.5300    15.5863    35.9257    35.9418    26.5692    26.5691    1528.84    131.087    131.702         56 0.0000e+00
      28974   1207.206     97.348     98.000    15.6904    15.7430   4.463400   4.471286     2.0052     1.6734      47.96   24.73555  -80.62332    0.00265    0.00415     3.0237     3.0506    15.6750    15.7276    35.8927    35.9159    26.5090    26.5149    1527.63    131.550    132.722         74 0.0000e+00
      29050   1210.356     96.355     97.000    15.5706    15.7661   4.454829   4.473714     2.0091     1.6835      48.91   24.73555  -80.62332    0.00202    0.00368     3.0384     3.0770    15.5706    15.7508    35.9111    35.9171    26.5469    26.5105    1527.63    132.187    133.867         72 0.0000e+00
      29122   1213.382     95.362     96.000    15.6499    15.9694   4.462200   4.495105     2.0097     1.6918      49.86   24.73554  -80.62330   -0.00030    0.00217     3.0356     3.0836    15.6346    15.9542    35.9198    35.9254    26.5391    26.4703    1527.63    132.064    134.163         71 0.0000e+00
      29196   1216.441     94.369     95.000    15.7427    16.1685   4.472279   4.515777     2.0176     1.7060      50.90   24.73555  -80.62331    0.00225    0.00453     3.0478     3.1068    15.7278    16.1533    35.9268    35.9314    26.5233    26.4289    1527.63    132.599    135.179         75 0.0000e+00
      29270   1219.553     93.376     94.000    16.0546    16.3435   4.501890   4.537137     2.0333     1.7224      51.82   24.73554  -80.62330    0.00452    0.00531     3.0623     3.1353    16.0239    16.3283    35.9233    35.9621    26.4526    26.4118    1527.63    133.239    136.418         69 0.0000e+00
      29332   1222.110     92.383     93.000    16.5994    16.7520   4.564695   4.581759     2.0652     1.7416      52.76   24.73554  -80.62330    0.01013    0.00635     3.1058     3.1628    16.5985    16.7367    35.9712    35.9895    26.3554    26.3368    1527.63    135.144    137.627         58 0.0000e+00
      29389   1224.509     91.390     92.000    16.7751    16.8871   4.584685   4.597134     2.0979     1.7629      53.78   24.73554  -80.62330    0.01413    0.00903     3.1636     3.2023    16.7600    16.8719    35.9949    36.0038    26.3354    26.3156    1527.63    137.662    139.350         58 0.0000e+00
      29449   1226.990     90.396     91.000    16.8456    17.0059   4.593452   4.610162     2.1149     1.7780      54.77   24.73555  -80.62332    0.00914    0.00718     3.1971     3.2315    16.8306    16.9908    36.0091    36.0121    26.3296    26.2936    1527.63    139.119    140.622         60 0.0000e+00
      29507   1229.430     89.403     90.000    17.0554    17.1481   4.615749   4.624834     2.1272     1.7862      55.71   24.73555  -80.62332    0.00496    0.00391     3.2122     3.2429    17.0413    17.1332    36.0163    36.0153    26.2847    26.2618    1527.63    139.782    141.122         58 0.0000e+00
      29565   1231.846     88.410     89.000    17.2034    17.3127   4.632092   4.643412     2.1442     1.7970      56.72   24.73555  -80.62332    0.00674    0.00404     3.2388     3.2580    17.1885    17.2977    36.0280    36.0292    26.2583    26.2328    1527.63    140.943    141.782         58 0.0000e+00
      29624   1234.307     87.417     88.000    17.3276    17.5153   4.645241   4.665431     2.1545     1.8084      57.71   24.73555  -80.62332    0.00506    0.00451     3.2537     3.2729    17.3136    17.5004    36.0315    36.0441    26.2307    26.1950    1527.63    141.598    142.438         60 0.0000e+00
      29686   1236.861     86.424     87.000    17.5728    17.7167   4.670562   4.687992     2.1670     1.8238      58.73   24.73556  -80.62332    0.00440    0.00563     3.2634     3.2976    17.5451    17.7019    36.0422    36.0581    26.1826    26.1566    1527.63    142.026    143.516         60 0.0000e+00
      29747   1239.423     85.431     86.000    17.9560    18.0449   4.713418   4.722733     2.1938     1.8434      59.77   24.73556  -80.62332    0.00879    0.00708     3.2980     3.3235    17.9409    18.0301    36.0646    36.0658    26.1023    26.0811    1527.63    143.540    144.654         66 0.0000e+00
      29817   1242.329     84.438     85.000    18.0853    18.4542   4.728652   4.770774     2.2108     1.8699      60.74   24.73555  -80.62332    0.00708    0.00886     3.3264     3.3609    18.0706    18.4393    36.0812    36.1157    26.0828    26.0169    1527.63    144.781    146.291         71 0.0000e+00
      29889   1245.316     83.444     84.000    18.4847    18.8702   4.772961   4.816965     2.2377     1.8985      61.71   24.73555  -80.62332    0.00818    0.00968     3.3580     3.4017    18.4700    18.8552    36.1078    36.1424    26.0032    25.9318    1527.63    146.166    148.081         72 0.0000e+00
      29968   1248.612     82.451     83.000    18.7965    19.2292   4.806844   4.854176     2.2615     1.9212      62.76   24.73556  -80.62332    0.00745    0.00784     3.3886     3.4355    18.7817    19.2142    36.1218    36.1421    25.9347    25.8390    1527.63    147.508    149.563         58 0.0000e+00
      30054   1252.216     81.458     82.000    19.1387    19.5690   4.841247   4.890427     2.2899     1.9509      63.76   24.73555  -80.62332    0.00804    0.00787     3.4270     3.4809    19.1239    19.5540    36.1131    36.1499    25.8403    25.7567    1527.63    149.194    151.553         67 0.0000e+00
      30144   1255.953     80.465     81.000    19.4243    19.8859   4.874292   4.925243     2.3134     1.9698      64.76   24.73554  -80.62332    0.00630    0.00565     3.4574     3.5058    19.4095    19.8709    36.1414    36.1622    25.7878    25.6826    1527.63    150.526    152.646         56 0.0000e+00
      33948   1414.473     77.485     78.000    21.3573    21.1570   5.083752   5.057244     2.4793     2.0823      67.80   24.73541  -80.62297    0.00570    0.00369     3.6726     3.6803    21.3421    21.1419    36.1940    36.1752    25.3090    25.3499    1527.62    159.970    160.296         42 0.0000e+00
      34038   1418.214     76.492     77.000    21.7696    21.5798   5.126449   5.101968     2.5088     2.0919      68.73   24.73552  -80.62334    0.00770    0.00224     3.7044     3.6745    21.7544    21.5647    36.1929    36.1583    25.1935    25.2199    1527.63    161.374    160.065         66 0.0000e+00
      34116   1421.475     75.499     76.000    22.5325    22.1649   5.203281   5.166003     2.5495     2.1351      69.68   24.73552  -80.62334    0.01119    0.01387     3.7403     3.7333    22.5172    22.1498    36.1732    36.1755    24.9621    25.0689    1527.63    162.973    162.650         77 0.0000e+00
