Gulf of Mexico/GOMECC-4/1db/urb2103_1091.cnv
* Sea-Bird SBE 9 Data File:
* FileName = C:\Users\scs.user.rb\CTD\GOMECC4\data\rb2103_1091.hex
* Software Version Seasave V 7.26.7.107
* Temperature SN = 4799
* Conductivity SN = 3860
* Number of Bytes Per Scan = 41
* Number of Voltage Words = 4
* Number of Scans Averaged by the Deck Unit = 1
* NMEA Latitude = 22 44.06 N
* NMEA Longitude = 086 29.42 W
* NMEA UTC (Time) = Oct 15 2021  01:38:41
* NMEA baud rate = 4800
# nquan = 28
# nvalues = 325                         
# units = specified
# name 0 = scan: Scan Count
# name 1 = timeS: Time, Elapsed [seconds]
# name 2 = depSM: Depth [salt water, m]
# name 3 = prDM: Pressure, Digiquartz [db]
# name 4 = t090C: Temperature [ITS-90, deg C]
# name 5 = t190C: Temperature, 2 [ITS-90, deg C]
# name 6 = c0S/m: Conductivity [S/m]
# name 7 = c1S/m: Conductivity, 2 [S/m]
# name 8 = sbeox0V: Oxygen raw, SBE 43 [V]
# name 9 = sbeox1V: Oxygen raw, SBE 43, 2 [V]
# name 10 = altM: Altimeter [m]
# name 11 = latitude: Latitude [deg]
# name 12 = longitude: Longitude [deg]
# name 13 = sbox0dV/dT: Oxygen, SBE 43 [dov/dt]
# name 14 = sbox1dV/dT: Oxygen, SBE 43, 2 [dov/dt]
# name 15 = sbeox0ML/L: Oxygen, SBE 43 [ml/l], WS = 5
# name 16 = sbeox1ML/L: Oxygen, SBE 43, 2 [ml/l], WS = 5
# name 17 = potemp090C: Potential Temperature [ITS-90, deg C]
# name 18 = potemp190C: Potential Temperature, 2 [ITS-90, deg C]
# name 19 = sal00: Salinity, Practical [PSU]
# name 20 = sal11: Salinity, Practical, 2 [PSU]
# name 21 = sigma-é00: Density [sigma-theta, kg/m^3]
# name 22 = sigma-é11: Density, 2 [sigma-theta, kg/m^3]
# name 23 = avgsvCM: Average Sound Velocity [Chen-Millero, m/s], minP = 20, minS = 20
# name 24 = sbox0Mm/Kg: Oxygen, SBE 43 [umol/kg], WS = 5
# name 25 = sbox1Mm/Kg: Oxygen, SBE 43, 2 [umol/kg], WS = 5
# name 26 = nbin: number of scans per bin
# name 27 = flag: flag
# span 0 =      36203,      95239       
# span 1 =   1508.398,   3968.248       
# span 2 =      0.994,    650.851       
# span 3 =      1.000,    656.000       
# span 4 =     7.7899,    30.5183       
# span 5 =     7.7896,    30.5158       
# span 6 =   3.626191,   6.125344       
# span 7 =   3.626222,   6.125043       
# span 8 =     1.6383,     3.2211       
# span 9 =     1.3353,     2.7184       
# span 10 =      12.01,     105.33      
# span 11 =   22.33275,   23.14537      
# span 12 =  -87.96685,  -84.87569      
# span 13 =   -0.00402,    0.00960      
# span 14 =   -0.00385,    0.01251      
# span 15 =     2.6770,     4.4206      
# span 16 =     2.6882,     4.3962      
# span 17 =     7.7226,    30.5153      
# span 18 =     7.7224,    30.5128      
# span 19 =    34.9496,    37.0003      
# span 20 =    34.9493,    37.0012      
# span 21 =    22.3512,    27.2759      
# span 22 =    22.2437,    27.2759      
# span 23 =    1488.45,    1542.68      
# span 24 =    116.397,    193.013      
# span 25 =    116.883,    191.934      
# span 26 =         30,         75      
# span 27 = 0.0000e+00, 0.0000e+00      
# interval = decibars: 1                
# start_time = Oct 15 2021 01:38:41 [NMEA time, header]
# bad_flag = -9.990e-29
*END*
      36203   1508.398    650.851    656.000     7.7899     7.7896   3.626357   3.626324     1.6507     1.3482      12.01   22.74499  -86.49687    0.00001    0.00005     2.8496     2.8668     7.7226     7.7224    34.9500    34.9499    27.2759    27.2759    1517.08    123.886    124.630         49 0.0000e+00
      36283   1511.766    649.860    655.000     7.7906     7.7898   3.626382   3.626302     1.6508     1.3483      13.06   22.74501  -86.49688    0.00008    0.00006     2.8496     2.8668     7.7234     7.7227    34.9501    34.9500    27.2758    27.2758    1517.08    123.882    124.633         60 0.0000e+00
      36355   1514.761    648.870    654.000     7.7907     7.7899   3.626335   3.626259     1.6507     1.3482      14.35   22.74503  -86.49688   -0.00003   -0.00004     2.8490     2.8661     7.7236     7.7228    34.9499    34.9499    27.2757    27.2758    1517.08    123.856    124.603         66 0.0000e+00
      36408   1516.974    647.879    653.000     7.7913     7.7912   3.626346   3.626320     1.6507     1.3484      15.35   22.74505  -86.49690    0.00000    0.00004     2.8486     2.8662     7.7243     7.7242    34.9500    34.9498    27.2756    27.2755    1517.08    123.840    124.608         47 0.0000e+00
      36456   1518.940    646.888    652.000     7.7917     7.7918   3.626326   3.626321     1.6509     1.3482      16.41   22.74506  -86.49690    0.00004    0.00005     2.8486     2.8654     7.7248     7.7249    34.9498    34.9497    27.2754    27.2753    1517.08    123.841    124.570         43 0.0000e+00
      36492   1520.462    645.898    651.000     7.7917     7.7923   3.626287   3.626304     1.6508     1.3480      17.28   22.74508  -86.49691    0.00002   -0.00011     2.8481     2.8642     7.7250     7.7255    34.9498    34.9494    27.2754    27.2750    1517.08    123.818    124.517         34 0.0000e+00
      36528   1521.967    644.907    650.000     7.7917     7.7922   3.626225   3.626247     1.6510     1.3479      18.47   22.74508  -86.49692    0.00001   -0.00014     2.8483     2.8634     7.7251     7.7255    34.9496    34.9494    27.2752    27.2749    1517.08    123.827    124.483         38 0.0000e+00
      36564   1523.475    643.917    649.000     7.7918     7.7925   3.626191   3.626222     1.6512     1.3480      19.39   22.74509  -86.49692    0.00011   -0.00004     2.8486     2.8634     7.7253     7.7259    34.9496    34.9493    27.2752    27.2748    1517.08    123.840    124.485         33 0.0000e+00
      36860   1535.781    633.019    638.000     7.8343     7.8368   3.629908   3.630143     1.6519     1.3481      30.65   22.74534  -86.49755   -0.00005   -0.00019     2.8433     2.8564     7.7687     7.7712    34.9524    34.9524    27.2710    27.2706    1517.09    123.611    124.179         32 0.0000e+00
      37419   1559.092    612.214    617.000     8.0225     8.0347   3.647482   3.648689     1.6466     1.3431      61.21   22.74513  -86.49637   -0.00076   -0.00041     2.8057     2.8179     7.9583     7.9704    34.9633    34.9640    27.2513    27.2501    1517.07    121.980    122.512         30 0.0000e+00
      37525   1563.519    608.251    613.000     8.0466     8.0474   3.649791   3.649831     1.6453     1.3421      56.39   22.74623  -86.50042   -0.00021   -0.00032     2.7985     2.8121     7.9827     7.9835    34.9660    34.9657    27.2498    27.2494    1517.14    121.665    122.256         31 0.0000e+00
      37557   1564.833    607.260    612.000     8.0418     8.0487   3.649151   3.649796     1.6450     1.3419      57.51   22.74534  -86.49704   -0.00025   -0.00036     2.7976     2.8111     7.9781     7.9849    34.9643    34.9644    27.2491    27.2482    1517.08    121.628    122.214         34 0.0000e+00
      37663   1569.254    603.297    608.000     8.0832     8.0912   3.653307   3.654103     1.6451     1.3418      61.32   22.74662  -86.50186    0.00012   -0.00002     2.7934     2.8061     8.0197     8.0276    34.9697    34.9703    27.2472    27.2464    1517.16    121.445    121.996         35 0.0000e+00
      37696   1570.624    602.306    607.000     8.0915     8.0849   3.653943   3.653254     1.6448     1.3412      62.26   22.74536  -86.49707   -0.00004   -0.00018     2.7916     2.8044     8.0280     8.0215    34.9684    34.9676    27.2448    27.2452    1517.08    121.366    121.923         32 0.0000e+00
      37798   1574.885    598.343    603.000     8.1307     8.1397   3.657764   3.658709     1.6448     1.3417      65.66   22.74522  -86.49647    0.00003    0.00014     2.7871     2.8006     8.0675     8.0765    34.9721    34.9733    27.2418    27.2414    1517.07    121.171    121.760         32 0.0000e+00
      37830   1576.192    597.352    602.000     8.1386     8.1450   3.658555   3.659187     1.6447     1.3418      66.54   22.74540  -86.49708    0.00001    0.00003     2.7861     2.8001     8.0755     8.0818    34.9732    34.9737    27.2415    27.2409    1517.08    121.126    121.738         30 0.0000e+00
      37967   1581.928    592.398    597.000     8.1917     8.1915   3.663719   3.663888     1.6448     1.3417      71.37   22.74529  -86.49660    0.00004   -0.00004     2.7806     2.7947     8.1289     8.1287    34.9779    34.9798    27.2371    27.2386    1517.07    120.888    121.503         32 0.0000e+00
      37999   1583.253    591.407    596.000     8.2009     8.2248   3.664354   3.667448     1.6451     1.3417      72.29   22.74542  -86.49712    0.00005   -0.00011     2.7804     2.7925     8.1346     8.1620    34.9794    34.9863    27.2374    27.2386    1517.08    120.881    121.407         30 0.0000e+00
      38107   1587.765    587.443    592.000     8.3286     8.3638   3.677805   3.681434     1.6469     1.3432      76.13   22.74508  -86.49566    0.00036    0.00031     2.7751     2.7854     8.2657     8.3007    34.9943    34.9980    27.2290    27.2266    1517.05    120.653    121.097         37 0.0000e+00
      38219   1592.412    583.480    588.000     8.4362     8.4463   3.688834   3.689737     1.6465     1.3422      79.54   22.74541  -86.49686   -0.00001   -0.00027     2.7646     2.7750     8.3733     8.3833    35.0066    35.0063    27.2222    27.2204    1517.08    120.194    120.647         31 0.0000e+00
      38337   1597.316    579.516    584.000     8.5616     8.5609   3.701621   3.701654     1.6471     1.3431      83.96   22.74698  -86.50278    0.00036    0.00007     2.7557     2.7682     8.4986     8.4979    35.0201    35.0209    27.2134    27.2142    1517.18    119.808    120.351         33 0.0000e+00
      38399   1599.935    578.525    583.000     8.5954     8.5673   3.704693   3.702008     1.6457     1.3419      84.88   22.74552  -86.49714   -0.00052   -0.00041     2.7489     2.7632     8.5323     8.5044    35.0194    35.0187    27.2075    27.2113    1517.08    119.512    120.137         48 0.0000e+00
      38458   1602.375    577.534    582.000     8.6780     8.6548   3.713145   3.710739     1.6458     1.3414      85.67   22.74552  -86.49714    0.00002   -0.00027     2.7430     2.7556     8.6148     8.5917    35.0273    35.0249    27.2009    27.2026    1517.08    119.257    119.808         42 0.0000e+00
      39118   1629.886    573.570    578.000     8.7343     8.7280   3.718090   3.717437     1.6383     1.3353      88.54   22.74344  -86.48865    0.00013   -0.00001     2.7156     2.7296     8.6712     8.6650    35.0250    35.0246    27.1901    27.1907    1516.93    118.066    118.676         57 0.0000e+00
      41166   1715.197    570.597    575.000     8.7067     8.7042   3.714880   3.714704     1.6393     1.3357      90.47   22.74127  -86.47883    0.00001   -0.00012     2.7200     2.7314     8.6440     8.6416    35.0235    35.0202    27.1932    27.1908    1516.76    118.260    118.754         35 0.0000e+00
      41235   1718.081    569.606    574.000     8.7202     8.7180   3.716880   3.716702     1.6396     1.3367      91.65   22.74616  -86.49734    0.00004    0.00008     2.7189     2.7331     8.6576     8.6554    35.0288    35.0291    27.1953    27.1959    1517.08    118.211    118.829         41 0.0000e+00
      41300   1720.806    568.616    573.000     8.7361     8.7292   3.718397   3.717696     1.6398     1.3360      92.56   22.74617  -86.49734    0.00006   -0.00023     2.7178     2.7299     8.6736     8.6667    35.0289    35.0290    27.1929    27.1940    1517.08    118.165    118.689         37 0.0000e+00
      41338   1722.373    567.624    572.000     8.7707     8.7869   3.721684   3.723511     1.6398     1.3367      93.37   22.74618  -86.49734    0.00002    0.00000     2.7153     2.7277     8.7082     8.7243    35.0304    35.0337    27.1886    27.1886    1517.08    118.054    118.595         36 0.0000e+00
      41385   1724.349    566.633    571.000     8.8082     8.8272   3.725803   3.727785     1.6403     1.3367      94.54   22.74619  -86.49735    0.00016    0.00025     2.7137     2.7244     8.7456     8.7645    35.0372    35.0394    27.1880    27.1867    1517.08    117.986    118.453         58 0.0000e+00
      41435   1726.419    565.642    570.000     8.8225     8.8230   3.727298   3.727380     1.6398     1.3359      95.43   22.74621  -86.49734    0.00001   -0.00033     2.7108     2.7218     8.7599     8.7605    35.0394    35.0397    27.1874    27.1876    1517.08    117.859    118.340         37 0.0000e+00
      41527   1730.244    562.670    567.000     8.8780     8.8825   3.733081   3.733510     1.6396     1.3363      85.11   22.74726  -86.50123   -0.00006    0.00013     2.7051     2.7181     8.8156     8.8201    35.0470    35.0470    27.1846    27.1839    1517.15    117.613    118.178         39 0.0000e+00
      41562   1731.692    561.678    566.000     8.8770     8.8858   3.732774   3.733681     1.6393     1.3358      91.71   22.74624  -86.49734   -0.00017   -0.00022     2.7040     2.7161     8.8147     8.8234    35.0450    35.0458    27.1831    27.1824    1517.08    117.566    118.089         33 0.0000e+00
      41647   1735.250    558.706    563.000     8.8983     8.9018   3.734744   3.735099     1.6395     1.3364     100.00   22.74599  -86.49633    0.00011    0.00010     2.7020     2.7157     8.8362     8.8397    35.0460    35.0463    27.1805    27.1802    1517.06    117.479    118.072         30 0.0000e+00
      41758   1739.876    554.741    559.000     8.9565     8.9706   3.740781   3.742212     1.6401     1.3370     100.00   22.74603  -86.49641    0.00012    0.00002     2.6983     2.7115     8.8946     8.9087    35.0539    35.0550    27.1773    27.1759    1517.06    117.317    117.890         30 0.0000e+00
      41867   1744.420    550.777    555.000     9.0332     9.0445   3.748616   3.749922     1.6406     1.3371     100.00   22.74662  -86.49860    0.00025   -0.00001     2.6929     2.7053     8.9715     8.9827    35.0624    35.0649    27.1717    27.1718    1517.10    117.085    117.625         30 0.0000e+00
      42031   1751.241    544.830    549.000     9.1176     9.1205   3.757291   3.757586     1.6413     1.3378     100.00   22.74649  -86.49798    0.00013    0.00005     2.6872     2.7003     9.0562     9.0591    35.0728    35.0730    27.1661    27.1659    1517.09    116.837    117.405         30 0.0000e+00
      42062   1752.538    543.839    548.000     9.1151     9.1280   3.756934   3.758304     1.6415     1.3382     100.00   22.74634  -86.49740    0.00014    0.00003     2.6877     2.7006     9.0538     9.0667    35.0720    35.0735    27.1659    27.1650    1517.08    116.858    117.420         32 0.0000e+00
      42197   1758.160    538.884    543.000     9.2056     9.1938   3.766446   3.765136     1.6435     1.3397     100.00   22.74681  -86.49912    0.00034    0.00033     2.6853     2.6993     9.1446     9.1328    35.0846    35.0826    27.1611    27.1614    1517.11    116.755    117.364         35 0.0000e+00
      42391   1766.255    531.946    536.000     9.3073     9.3037   3.776787   3.776424     1.6458     1.3419     100.00   22.74647  -86.49768    0.00025    0.00020     2.6825     2.6965     9.2466     9.2430    35.0957    35.0954    27.1531    27.1534    1517.08    116.635    117.242         31 0.0000e+00
      42526   1771.891    526.990    531.000     9.3825     9.3797   3.784519   3.784325     1.6475     1.3432     100.00   22.74611  -86.49617    0.00044    0.00037     2.6805     2.6937     9.3221     9.3193    35.1044    35.1052    27.1475    27.1485    1517.06    116.549    117.119         33 0.0000e+00
      42662   1777.553    522.034    526.000     9.7560     9.6853   3.824861   3.817454     1.6558     1.3489      99.98   22.74633  -86.49696    0.00190    0.00121     2.6770     2.6886     9.6948     9.6243    35.1584    35.1503    27.1277    27.1332    1517.07    116.397    116.902         30 0.0000e+00
      42693   1778.839    521.043    525.000     9.7860     9.6912   3.828021   3.817759     1.6570     1.3494     100.00   22.74646  -86.49744    0.00138    0.00105     2.6778     2.6882     9.7247     9.6325    35.1622    35.1509    27.1256    27.1330    1517.08    116.433    116.883         30 0.0000e+00
      42885   1786.816    514.104    518.000    10.1406    10.0824   3.865745   3.859531     1.6666     1.3584     100.00   22.74601  -86.49561    0.00182    0.00140     2.6786     2.6893    10.0788    10.0208    35.2064    35.1995    27.0996    27.1042    1517.05    116.471    116.935         30 0.0000e+00
      42967   1790.263    511.131    515.000    10.2683    10.2461   3.879816   3.877432     1.6712     1.3633     100.00   22.74669  -86.49810    0.00143    0.00140     2.6819     2.6924    10.2064    10.1843    35.2272    35.2245    27.0937    27.0955    1517.09    116.614    117.068         31 0.0000e+00
      42998   1791.544    510.139    514.000    10.2971    10.2393   3.882722   3.876416     1.6730     1.3647     100.00   22.74653  -86.49746    0.00136    0.00138     2.6846     2.6963    10.2352    10.1776    35.2292    35.2211    27.0903    27.0941    1517.08    116.730    117.241         30 0.0000e+00
      43105   1796.005    506.174    510.000    10.3896    10.3805   3.892761   3.891792     1.6765     1.3698     100.00   22.74609  -86.49571    0.00074    0.00108     2.6868     2.7016    10.3279    10.3188    35.2431    35.2421    27.0850    27.0858    1517.05    116.828    117.471         31 0.0000e+00
      43274   1803.039    500.226    504.000    10.5443    10.4949   3.909505   3.904147     1.6833     1.3749     100.00   22.74680  -86.49835    0.00081    0.00091     2.6934     2.7075    10.4827    10.4335    35.2658    35.2594    27.0754    27.0791    1517.09    117.117    117.728         34 0.0000e+00
      43391   1807.907    496.261    500.000    10.6639    10.6439   3.922521   3.920337     1.6884     1.3800     100.00   22.74649  -86.49705    0.00112    0.00138     2.6981     2.7118    10.6024    10.5825    35.2832    35.2805    27.0678    27.0692    1517.07    117.321    117.917         37 0.0000e+00
      43532   1813.791    491.304    495.000    10.9134    10.8604   3.949944   3.944162     1.6975     1.3868     100.00   22.74767  -86.50145    0.00183    0.00130     2.7046     2.7164    10.8516    10.7988    35.3207    35.3138    27.0524    27.0565    1517.15    117.604    118.121         31 0.0000e+00
      43561   1814.992    490.313    494.000    10.9210    10.8746   3.950256   3.945672     1.6991     1.3876     100.00   22.74664  -86.49752    0.00171    0.00106     2.7083     2.7175    10.8594    10.8131    35.3166    35.3154    27.0477    27.0551    1517.08    117.769    118.167         30 0.0000e+00
      43726   1821.869    484.365    488.000    11.0289    11.0198   3.962240   3.961307     1.7052     1.3956     100.00   22.74609  -86.49529    0.00075    0.00122     2.7156     2.7301    10.9676    10.9586    35.3352    35.3346    27.0426    27.0437    1517.04    118.087    118.717         35 0.0000e+00
