Gulf of Mexico/GOMECC-4/1db/urb2103_1021.cnv
* Sea-Bird SBE 9 Data File:
* FileName = C:\Users\scs.user.rb\CTD\GOMECC4\data\rb2103_1021.hex
* Software Version Seasave V 7.26.7.107
* Temperature SN = 4799
* Conductivity SN = 3860
* Number of Bytes Per Scan = 41
* Number of Voltage Words = 4
* Number of Scans Averaged by the Deck Unit = 1
* NMEA Latitude = 23 46.13 N
* NMEA Longitude = 088 00.04 W
* NMEA UTC (Time) = Oct 12 2021  22:30:12
* NMEA baud rate = 4800
# nquan = 28
# nvalues = 61                          
# units = specified
# name 0 = scan: Scan Count
# name 1 = timeS: Time, Elapsed [seconds]
# name 2 = depSM: Depth [salt water, m]
# name 3 = prDM: Pressure, Digiquartz [db]
# name 4 = t090C: Temperature [ITS-90, deg C]
# name 5 = t190C: Temperature, 2 [ITS-90, deg C]
# name 6 = c0S/m: Conductivity [S/m]
# name 7 = c1S/m: Conductivity, 2 [S/m]
# name 8 = sbeox0V: Oxygen raw, SBE 43 [V]
# name 9 = sbeox1V: Oxygen raw, SBE 43, 2 [V]
# name 10 = altM: Altimeter [m]
# name 11 = latitude: Latitude [deg]
# name 12 = longitude: Longitude [deg]
# name 13 = sbox0dV/dT: Oxygen, SBE 43 [dov/dt]
# name 14 = sbox1dV/dT: Oxygen, SBE 43, 2 [dov/dt]
# name 15 = sbeox0ML/L: Oxygen, SBE 43 [ml/l], WS = 5
# name 16 = sbeox1ML/L: Oxygen, SBE 43, 2 [ml/l], WS = 5
# name 17 = potemp090C: Potential Temperature [ITS-90, deg C]
# name 18 = potemp190C: Potential Temperature, 2 [ITS-90, deg C]
# name 19 = sal00: Salinity, Practical [PSU]
# name 20 = sal11: Salinity, Practical, 2 [PSU]
# name 21 = sigma-é00: Density [sigma-theta, kg/m^3]
# name 22 = sigma-é11: Density, 2 [sigma-theta, kg/m^3]
# name 23 = avgsvCM: Average Sound Velocity [Chen-Millero, m/s], minP = 20, minS = 20
# name 24 = sbox0Mm/Kg: Oxygen, SBE 43 [umol/kg], WS = 5
# name 25 = sbox1Mm/Kg: Oxygen, SBE 43, 2 [umol/kg], WS = 5
# name 26 = nbin: number of scans per bin
# name 27 = flag: flag
# span 0 =      27605,      43827       
# span 1 =   1150.177,   1826.074       
# span 2 =     30.801,    123.176       
# span 3 =     31.000,    124.000       
# span 4 =    19.1374,    27.6501       
# span 5 =    19.1437,    27.6998       
# span 6 =   4.883917,   5.761430       
# span 7 =   4.884825,   5.776111       
# span 8 =     1.9676,     3.2046       
# span 9 =     1.6272,     2.7345       
# span 10 =      10.52,      99.54      
# span 11 =   23.62977,   23.83200      
# span 12 =  -88.22561,  -87.47713      
# span 13 =   -0.00213,    0.01124      
# span 14 =   -0.00246,    0.01063      
# span 15 =     2.7320,     4.5922      
# span 16 =     2.7423,     4.5919      
# span 17 =    19.1149,    27.6428      
# span 18 =    19.1213,    27.6925      
# span 19 =    36.2427,    36.5930      
# span 20 =    36.2164,    36.5913      
# span 21 =    23.4292,    26.1137      
# span 22 =    23.3846,    26.1150      
# span 23 =    1525.32,    1538.37      
# span 24 =    118.907,    200.379      
# span 25 =    119.353,    200.364      
# span 26 =         30,         75      
# span 27 = 0.0000e+00, 0.0000e+00      
# interval = decibars: 1                
# start_time = Oct 12 2021 22:30:12 [NMEA time, header]
# bad_flag = -9.990e-29
*END*
[from data line 52]
      41160   1714.940     42.723     43.000    25.7687    25.6880   5.586880   5.579783     3.0245     2.5657      89.24   23.62977  -87.47713   -0.00136    0.00166     4.3984     4.3950    25.7591    25.6784    36.3552    36.3659    24.1035    24.1368    1525.32    191.781    191.630         39 0.0000e+00
      41542   1730.883     41.729     42.000    26.0441    26.0025   5.636482   5.631733     3.0347     2.5732      90.95   23.77094  -87.99976   -0.00129   -0.00110     4.3990     4.3920    26.0347    25.9931    36.5930    36.5913    24.2248    24.2367    1534.43    191.811    191.504         56 0.0000e+00
      41740   1739.125     39.740     40.000    26.1048    26.1221   5.632999   5.634551     3.0329     2.5712      92.54   23.69864  -87.73211    0.00020   -0.00070     4.3878     4.3753    26.0958    26.1131    36.4704    36.4680    24.0985    24.0912    1529.76    191.333    190.791         33 0.0000e+00
      43234   1801.357     38.749     39.000    26.5300    26.5250   5.677455   5.677197     3.1184     2.6488      93.97   23.77098  -87.99978    0.00383    0.00396     4.5190     4.5115    26.5212    26.5161    36.5059    36.5080    24.0055    24.0087    1534.43    197.088    196.761         33 0.0000e+00
      43381   1807.503     37.755     38.000    26.5846    26.5675   5.681614   5.680886     3.1275     2.6581      94.98   23.77098  -87.99978    0.00195    0.00191     4.5315     4.5271    26.5727    26.5589    36.4951    36.5005    23.9809    23.9895    1534.43    197.639    197.445         50 0.0000e+00
      43483   1811.744     36.762     37.000    26.7920    26.7928   5.699825   5.700426     3.1467     2.6743      95.92   23.77099  -87.99978    0.00524    0.00450     4.5510     4.5441    26.7821    26.7843    36.4626    36.4646    23.8897    23.8904    1534.43    198.507    198.206         59 0.0000e+00
      43795   1824.759     34.775     35.000    27.1943    27.1380   5.749591   5.744394     3.1794     2.6969      98.17   23.83200  -88.22561    0.00145    0.00215     4.5803     4.5665    27.1853    27.1299    36.5400    36.5532    23.8309    23.8593    1538.37    199.807    199.200         66 0.0000e+00
      43766   1823.539     32.788     33.000    27.3855    27.4404   5.756976   5.764567     3.1847     2.7083      99.54   23.72009  -87.81131    0.00342    0.00460     4.5701     4.5628    27.3804    27.4326    36.3712    36.3947    23.6179    23.6224    1531.14    199.384    199.067         31 0.0000e+00
      43827   1826.074     30.801     31.000    27.6501    27.6998   5.761430   5.776111     3.2046     2.7345      65.44   23.65322  -87.56376    0.00399    0.00537     4.5922     4.5919    27.6428    27.6925    36.2427    36.2164    23.4292    23.3846    1526.83    200.379    200.364         45 0.0000e+00
