Gulf of Mexico/GOMECC-4/1db/urb2103_1051.cnv
* Sea-Bird SBE 9 Data File:
* FileName = C:\Users\scs.user.rb\CTD\GOMECC4\data\rb2103_1051.hex
* Software Version Seasave V 7.26.7.107
* Temperature SN = 4799
* Conductivity SN = 3860
* Number of Bytes Per Scan = 41
* Number of Voltage Words = 4
* Number of Scans Averaged by the Deck Unit = 1
* NMEA Latitude = 25 29.58 N
* NMEA Longitude = 087 59.90 W
* NMEA UTC (Time) = Oct 13 2021  14:16:10
* NMEA baud rate = 4800
# nquan = 28
# nvalues = 464                         
# units = specified
# name 0 = scan: Scan Count
# name 1 = timeS: Time, Elapsed [seconds]
# name 2 = depSM: Depth [salt water, m]
# name 3 = prDM: Pressure, Digiquartz [db]
# name 4 = t090C: Temperature [ITS-90, deg C]
# name 5 = t190C: Temperature, 2 [ITS-90, deg C]
# name 6 = c0S/m: Conductivity [S/m]
# name 7 = c1S/m: Conductivity, 2 [S/m]
# name 8 = sbeox0V: Oxygen raw, SBE 43 [V]
# name 9 = sbeox1V: Oxygen raw, SBE 43, 2 [V]
# name 10 = altM: Altimeter [m]
# name 11 = latitude: Latitude [deg]
# name 12 = longitude: Longitude [deg]
# name 13 = sbox0dV/dT: Oxygen, SBE 43 [dov/dt]
# name 14 = sbox1dV/dT: Oxygen, SBE 43, 2 [dov/dt]
# name 15 = sbeox0ML/L: Oxygen, SBE 43 [ml/l], WS = 5
# name 16 = sbeox1ML/L: Oxygen, SBE 43, 2 [ml/l], WS = 5
# name 17 = potemp090C: Potential Temperature [ITS-90, deg C]
# name 18 = potemp190C: Potential Temperature, 2 [ITS-90, deg C]
# name 19 = sal00: Salinity, Practical [PSU]
# name 20 = sal11: Salinity, Practical, 2 [PSU]
# name 21 = sigma-é00: Density [sigma-theta, kg/m^3]
# name 22 = sigma-é11: Density, 2 [sigma-theta, kg/m^3]
# name 23 = avgsvCM: Average Sound Velocity [Chen-Millero, m/s], minP = 20, minS = 20
# name 24 = sbox0Mm/Kg: Oxygen, SBE 43 [umol/kg], WS = 5
# name 25 = sbox1Mm/Kg: Oxygen, SBE 43, 2 [umol/kg], WS = 5
# name 26 = nbin: number of scans per bin
# name 27 = flag: flag
# span 0 =      96464,     243664       
# span 1 =   4019.290,  10152.610       
# span 2 =      0.994,   3273.781       
# span 3 =      1.000,   3321.000       
# span 4 =     4.2992,    29.7572       
# span 5 =     4.3002,    29.7496       
# span 6 =   3.351074,   6.021907       
# span 7 =   3.351050,   6.021133       
# span 8 =     1.6014,     3.1861       
# span 9 =     1.3005,     2.6973       
# span 10 =      10.29,     102.54      
# span 11 =   25.36716,   25.74571      
# span 12 =  -88.80901,  -87.50483      
# span 13 =   -0.00206,    0.01208      
# span 14 =   -0.00194,    0.01118      
# span 15 =     2.6074,     4.7292      
# span 16 =     2.6161,     4.7214      
# span 17 =     4.0797,    29.7560      
# span 18 =     4.0805,    29.7484      
# span 19 =    34.8923,    37.0093      
# span 20 =    34.8919,    37.0081      
# span 21 =    22.7485,    27.7599      
# span 22 =    22.7485,    27.7589      
# span 23 =    1498.59,    1520.93      
# span 24 =    113.372,    205.501      
# span 25 =    113.751,    205.163      
# span 26 =         30,         71      
# span 27 = 0.0000e+00, 0.0000e+00      
# interval = decibars: 1                
# start_time = Oct 13 2021 14:16:10 [NMEA time, header]
# bad_flag = -9.990e-29
*END*
[from data line 415]
     219580   9149.107     82.447     83.000    28.5740    28.5913   5.863802   5.865713     3.1291     2.6515      97.36   25.47198  -87.87093   -0.00057    0.00126     4.4051     4.3921    28.5540    28.5713    36.2044    36.2046    23.1102    23.1045    1504.86    192.282    191.717         38 0.0000e+00
     220016   9167.304     81.454     82.000    28.6336    28.6526   5.874394   5.876731     3.1380     2.6622     100.42   25.50770  -87.99412    0.00108    0.00169     4.4184     4.4102    28.6139    28.6329    36.2563    36.2589    23.1368    23.1324    1506.97    192.865    192.506         37 0.0000e+00
     222595   9274.743     79.467     80.000    28.7519    28.7608   5.889225   5.891282     3.1636     2.6798     100.10   25.53531  -88.08849    0.00005    0.00036     4.4515     4.4377    28.7326    28.7415    36.2728    36.2834    23.1127    23.1192    1508.59    194.316    193.712         33 0.0000e+00
     222438   9268.203     78.474     79.000    28.7452    28.7460   5.885271   5.885504     3.1598     2.6740     100.00   25.50794  -87.99408   -0.00077   -0.00184     4.4470     4.4258    28.7261    28.7269    36.2486    36.2497    23.0936    23.0941    1506.97    194.119    193.194         46 0.0000e+00
     222535   9272.251     77.481     78.000    28.7454    28.7460   5.884970   5.885189     3.1557     2.6724     100.00   25.50796  -87.99408   -0.00129   -0.00040     4.4391     4.4223    28.7266    28.7273    36.2467    36.2480    23.0920    23.0927    1506.97    193.774    193.041         60 0.0000e+00
     222361   9264.983     75.495     76.000    28.7029    28.7075   5.875258   5.875717     3.1467     2.6628      99.84   25.46806  -87.85641   -0.00137   -0.00134     4.4237     4.4030    28.6846    28.6892    36.1851    36.1849    23.0512    23.0495    1504.61    193.106    192.200         37 0.0000e+00
     222811   9283.740     74.502     75.000    28.7481    28.7559   5.884360   5.884786     3.1519     2.6675     100.00   25.50798  -87.99408    0.00024    0.00148     4.4306     4.4101    28.7300    28.7378    36.2412    36.2382    23.0867    23.0819    1506.97    193.405    192.513         56 0.0000e+00
     222908   9287.790     73.508     74.000    28.7581    28.7682   5.884404   5.885285     3.1482     2.6594      87.34   25.50800  -87.99408   -0.00109   -0.00099     4.4220     4.3926    28.7403    28.7503    36.2346    36.2327    23.0783    23.0736    1506.97    193.034    191.751         49 0.0000e+00
     223000   9291.622     72.515     73.000    28.7625    28.7829   5.884589   5.885962     3.1430     2.6565      99.73   25.50800  -87.99407   -0.00155   -0.00006     4.4125     4.3854    28.7449    28.7653    36.2325    36.2266    23.0752    23.0640    1506.97    192.620    191.435         33 0.0000e+00
     223095   9295.583     71.522     72.000    28.7662    28.7895   5.884740   5.886411     3.1415     2.6576     100.00   25.50802  -87.99406   -0.00051   -0.00004     4.4087     4.3865    28.7488    28.7721    36.2310    36.2249    23.0728    23.0604    1506.97    192.453    191.486         63 0.0000e+00
     223890   9328.689     69.535     70.000    28.8658    28.9077   5.901667   5.905855     3.1492     2.6703     100.26   25.57491  -88.22476    0.00060    0.00145     4.4165     4.4060    28.8489    28.8908    36.3187    36.3159    23.1195    23.1034    1510.92    192.796    192.340         37 0.0000e+00
     223379   9307.410     68.542     69.000    28.8150    28.8554   5.888642   5.892944     3.1424     2.6664     100.00   25.50804  -87.99406    0.00073    0.00171     4.4053     4.3996    28.7983    28.8387    36.2219    36.2226    23.0494    23.0364    1506.97    192.309    192.061         43 0.0000e+00
     223471   9311.230     67.549     68.000    28.8484    28.9627   5.892344   5.904888     3.1455     2.6655      82.07   25.50805  -87.99406    0.00052    0.00165     4.4078     4.3884    28.8320    28.9463    36.2224    36.2265    23.0386    23.0052    1506.97    192.419    191.578         45 0.0000e+00
     223567   9315.245     66.556     67.000    29.0509    29.1407   5.914426   5.926275     3.1503     2.6640     101.51   25.50806  -87.99406    0.00115    0.00029     4.4002     4.3729    29.0346    29.1244    36.2219    36.2354    22.9703    22.9500    1506.97    192.102    190.911         49 0.0000e+00
     223337   9305.665     64.570     65.000    29.2808    29.2343   5.937887   5.935425     3.1393     2.6497      99.82   25.46114  -87.83213   -0.00043   -0.00194     4.3594     4.3322    29.2700    29.2184    36.1773    36.2050    22.8482    22.8840    1504.20    190.335    189.140         34 0.0000e+00
     226428   9434.471     59.603     60.000    29.4215    29.4252   5.961251   5.961752     3.1361     2.6511      99.99   25.50521  -87.98303   -0.00034   -0.00049     4.3414     4.3206    29.4068    29.4105    36.2641    36.2660    22.8757    22.8761    1506.78    189.551    188.640         30 0.0000e+00
     226693   9445.499     54.637     55.000    29.3378    29.3390   5.943999   5.944259     3.1291     2.6438      99.76   25.43110  -87.72702    0.00065   -0.00044     4.3299     4.3061    29.3243    29.3255    36.1591    36.1600    22.8085    22.8088    1502.40    189.050    188.009         32 0.0000e+00
     231938   9664.026     44.704     45.000    29.5441    29.5458   5.985295   5.985600     3.1538     2.6688     100.39   25.60911  -88.33972    0.00002    0.00025     4.3597     4.3439    29.5330    29.5347    36.4123    36.4131    22.9670    22.9670    1512.89    190.349    189.660         39 0.0000e+00
     231121   9629.984     43.711     44.000    29.4265    29.4278   5.961635   5.961868     3.1423     2.6568     100.00   25.50887  -87.99391    0.00067   -0.00003     4.3439     4.3234    29.4157    29.4170    36.2698    36.2705    22.8777    22.8778    1506.97    189.662    188.764         39 0.0000e+00
     231207   9633.595     42.717     43.000    29.4230    29.4276   5.961230   5.961768     3.1396     2.6519     100.00   25.50888  -87.99390    0.00013   -0.00057     4.3388     4.3132    29.4125    29.4171    36.2700    36.2702    22.8789    22.8775    1506.97    189.439    188.320         34 0.0000e+00
     231309   9637.832     41.724     42.000    29.4280    29.4276   5.961712   5.961775     3.1431     2.6573     100.00   25.50889  -87.99390    0.00049    0.00008     4.3442     4.3236    29.4177    29.4173    36.2698    36.2705    22.8770    22.8777    1506.97    189.671    188.772         40 0.0000e+00
     231400   9641.610     40.731     41.000    29.4298    29.4315   5.961902   5.962160     3.1447     2.6600      99.20   25.50890  -87.99390   -0.00049    0.00032     4.3463     4.3281    29.4197    29.4214    36.2701    36.2705    22.8765    22.8763    1506.97    189.766    188.970         34 0.0000e+00
     231498   9645.691     39.738     40.000    29.4319    29.4317   5.962120   5.962195     3.1435     2.6585      88.89   25.50890  -87.99390    0.00016   -0.00110     4.3435     4.3244    29.4220    29.4219    36.2703    36.2709    22.8759    22.8764    1506.97    189.642    188.810         41 0.0000e+00
     231590   9649.560     38.744     39.000    29.4320    29.4325   5.962085   5.962250     3.1443     2.6550      78.96   25.50892  -87.99390    0.00022   -0.00084     4.3445     4.3169    29.4225    29.4229    36.2702    36.2710    22.8757    22.8761    1506.97    189.686    188.481         45 0.0000e+00
     230471   9602.918     36.757     37.000    29.2681    29.2695   5.928834   5.929080     3.1268     2.6429      99.44   25.36716  -87.50483   -0.00058   -0.00050     4.3193     4.2974    29.2590    29.2605    36.0687    36.0692    22.7485    22.7485    1498.59    188.588    187.630         42 0.0000e+00
     231877   9661.493     35.764     36.000    29.4317    29.4316   5.961914   5.962019     3.1452     2.6585     100.00   25.50896  -87.99390    0.00022   -0.00089     4.3446     4.3225    29.4229    29.4227    36.2702    36.2710    22.8755    22.8762    1506.97    189.691    188.724         57 0.0000e+00
     231971   9665.434     34.771     35.000    29.4317    29.4320   5.961861   5.962010     3.1455     2.6562      93.28   25.50896  -87.99390   -0.00028   -0.00113     4.3446     4.3173    29.4231    29.4234    36.2701    36.2709    22.8754    22.8759    1506.97    189.690    188.499         56 0.0000e+00
     232068   9669.463     33.777     34.000    29.4325    29.4327   5.961921   5.962063     3.1438     2.6574      98.61   25.50897  -87.99390   -0.00057    0.00005     4.3410     4.3192    29.4242    29.4243    36.2702    36.2711    22.8751    22.8757    1506.97    189.535    188.580         41 0.0000e+00
     232162   9673.372     32.784     33.000    29.4332    29.4334   5.962010   5.962122     3.1447     2.6595      80.64   25.50898  -87.99390   -0.00059    0.00031     4.3420     4.3227    29.4252    29.4253    36.2706    36.2712    22.8750    22.8755    1506.97    189.576    188.735         37 0.0000e+00
     232256   9677.308     31.791     32.000    29.4344    29.4343   5.962116   5.962172     3.1458     2.6596     102.54   25.50900  -87.99390    0.00043    0.00018     4.3434     4.3225    29.4266    29.4264    36.2707    36.2712    22.8747    22.8751    1506.97    189.637    188.724         40 0.0000e+00
     232347   9681.074     30.797     31.000    29.4342    29.4349   5.962055   5.962218     3.1454     2.6625     100.00   25.50900  -87.99388   -0.00021   -0.00011     4.3420     4.3276    29.4266    29.4273    36.2707    36.2714    22.8747    22.8749    1506.97    189.579    188.949         40 0.0000e+00
     233261   9719.181     29.804     30.000    29.4389    29.4376   5.962578   5.962566     3.1481     2.6597      88.11   25.50912  -87.99387    0.00066   -0.00073     4.3461     4.3213    29.4316    29.4303    36.2711    36.2720    22.8733    22.8744    1506.97    189.758    188.674         39 0.0000e+00
     234458   9769.044     28.811     29.000    29.4405    29.4403   5.962810   5.962883     3.1472     2.6608      97.35   25.50925  -87.99386   -0.00038   -0.00010     4.3437     4.3228    29.4334    29.4332    36.2717    36.2724    22.8731    22.8737    1506.97    189.653    188.739         33 0.0000e+00
     234546   9772.712     27.817     28.000    29.4347    29.4353   5.962139   5.962278     3.1480     2.6615     100.97   25.50926  -87.99386    0.00021    0.00083     4.3452     4.3240    29.4278    29.4284    36.2719    36.2725    22.8751    22.8754    1506.97    189.715    188.793         36 0.0000e+00
     234646   9776.869     26.824     27.000    29.4400    29.4395   5.962647   5.962733     3.1480     2.6628     100.00   25.50928  -87.99385    0.00010    0.00032     4.3443     4.3257    29.4334    29.4329    36.2716    36.2726    22.8730    22.8740    1506.97    189.677    188.867         58 0.0000e+00
     234734   9780.551     25.830     26.000    29.4406    29.4401   5.962677   5.962757     3.1490     2.6620     100.00   25.50929  -87.99384    0.00064   -0.00026     4.3455     4.3236    29.4342    29.4337    36.2717    36.2726    22.8728    22.8737    1506.97    189.728    188.775         34 0.0000e+00
     234174   9757.210     23.843     24.000    29.3458    29.3463   5.943297   5.943433     3.1394     2.6543      99.79   25.42600  -87.70648    0.00032   -0.00037     4.3315     4.3104    29.3399    29.3404    36.1534    36.1539    22.7976    22.7979    1502.05    189.118    188.198         31 0.0000e+00
     235061   9794.178     22.850     23.000    29.4417    29.4422   5.962699   5.962858     3.1483     2.6612     100.00   25.50932  -87.99384   -0.00014    0.00002     4.3425     4.3204    29.4360    29.4365    36.2719    36.2726    22.8724    22.8727    1506.97    189.602    188.632         38 0.0000e+00
     235174   9798.864     21.857     22.000    29.4409    29.4418   5.962545   5.962773     3.1498     2.6624      99.90   25.50934  -87.99384    0.00060   -0.00066     4.3448     4.3223    29.4355    29.4364    36.2717    36.2726    22.8724    22.8728    1506.97    189.698    188.716         47 0.0000e+00
     235280   9803.293     20.863     21.000    29.4418    29.4433   5.962611   5.962901     3.1498     2.6660     100.01   25.50935  -87.99384   -0.00005    0.00075     4.3443     4.3289    29.4366    29.4382    36.2718    36.2726    22.8721    22.8722    1506.97    189.677    189.004         43 0.0000e+00
     235397   9808.162     19.870     20.000    29.4452    29.4431   5.963009   5.962832     3.1499     2.6641      76.14   25.50936  -87.99384   -0.00000   -0.00030     4.3435     4.3245    29.4403    29.4382    36.2723    36.2726    22.8712    22.8722    1506.97    189.645    188.813         35 0.0000e+00
     237818   9909.022     17.883     18.000    29.7206    29.7181   6.018479   6.018295     3.1824     2.6888     100.93   25.74571  -88.80901    0.00102   -0.00119     4.3885     4.3634    29.7161    29.7137    36.6086    36.6091    23.0822    23.0835    1520.93    191.610    190.511         30 0.0000e+00
     235731   9822.065     16.889     17.000    29.4480    29.4456   5.963216   5.963067     3.1516     2.6625     100.00   25.50940  -87.99384   -0.00104   -0.00086     4.3448     4.3195    29.4438    29.4414    36.2725    36.2733    22.8702    22.8716    1506.97    189.701    188.596         43 0.0000e+00
     239216   9967.293     13.909     14.000    29.5700    29.5685   5.987589   5.987514     3.1668     2.6756     100.41   25.61324  -88.35100    0.00004   -0.00036     4.3651     4.3400    29.5666    29.5650    36.4199    36.4205    22.9620    22.9630    1513.09    190.586    189.489         36 0.0000e+00
     241910  10079.522      4.968      5.000    29.7572    29.7496   6.021907   6.021133     3.1861     2.6973     100.92   25.74351  -88.79986    0.00025    0.00026     4.3855     4.3711    29.7560    29.7484    36.6066    36.6069    23.0667    23.0694    1520.78    191.479    190.851         38 0.0000e+00
     240624  10025.962      3.974      4.000    29.4991    29.4959   5.968528   5.968391     3.1562     2.6724      89.70   25.50991  -87.99373   -0.00044   -0.00002     4.3428     4.3289    29.4981    29.4949    36.2752    36.2756    22.8538    22.8552    1506.97    189.615    189.007         45 0.0000e+00
     243664  10152.610      2.981      3.000    29.5058    29.5087   5.969381   5.969718     3.1599     2.6704      91.89   25.51021  -87.99368    0.00085   -0.00028     4.3479     4.3235    29.5050    29.5079    36.2752    36.2763    22.8515    22.8513    1506.97    189.840    188.772         42 0.0000e+00
     243543  10147.591      1.987      2.000    29.5087    29.5039   5.969682   5.969229     3.1601     2.6715      94.35   25.51020  -87.99368    0.00042    0.00014     4.3477     4.3255    29.5082    29.5034    36.2754    36.2760    22.8505    22.8526    1506.97    189.830    188.861         39 0.0000e+00
     243587  10149.396      0.994      1.000    29.5112    29.5138   5.969962   5.970372     3.1599     2.6717      99.86   25.51020  -87.99368    0.00011    0.00008     4.3466     4.3246    29.5109    29.5135    36.2757    36.2766    22.8498    22.8496    1506.97    189.782    188.822         38 0.0000e+00
