Gulf of Mexico/GOMECC-4/1db/urb2103_0111.cnv
* Sea-Bird SBE 9 Data File:
* FileName = C:\Users\scs.user.rb\CTD\GOMECC4\data\rb2103_0111.hex
* Software Version Seasave V 7.26.7.107
* Temperature SN = 4799
* Conductivity SN = 3860
* Number of Bytes Per Scan = 41
* Number of Voltage Words = 4
* Number of Scans Averaged by the Deck Unit = 1
* NMEA Latitude = 26 26.63 N
* NMEA Longitude = 085 20.00 W
* NMEA UTC (Time) = Sep 18 2021  04:11:12
* NMEA baud rate = 4800
# nquan = 28
# nvalues = 615                         
# units = specified
# name 0 = scan: Scan Count
# name 1 = timeS: Time, Elapsed [seconds]
# name 2 = depSM: Depth [salt water, m]
# name 3 = prDM: Pressure, Digiquartz [db]
# name 4 = t090C: Temperature [ITS-90, deg C]
# name 5 = t190C: Temperature, 2 [ITS-90, deg C]
# name 6 = c0S/m: Conductivity [S/m]
# name 7 = c1S/m: Conductivity, 2 [S/m]
# name 8 = sbeox0V: Oxygen raw, SBE 43 [V]
# name 9 = sbeox1V: Oxygen raw, SBE 43, 2 [V]
# name 10 = altM: Altimeter [m]
# name 11 = latitude: Latitude [deg]
# name 12 = longitude: Longitude [deg]
# name 13 = sbox0dV/dT: Oxygen, SBE 43 [dov/dt]
# name 14 = sbox1dV/dT: Oxygen, SBE 43, 2 [dov/dt]
# name 15 = sbeox0ML/L: Oxygen, SBE 43 [ml/l], WS = 5
# name 16 = sbeox1ML/L: Oxygen, SBE 43, 2 [ml/l], WS = 5
# name 17 = potemp090C: Potential Temperature [ITS-90, deg C]
# name 18 = potemp190C: Potential Temperature, 2 [ITS-90, deg C]
# name 19 = sal00: Salinity, Practical [PSU]
# name 20 = sal11: Salinity, Practical, 2 [PSU]
# name 21 = sigma-é00: Density [sigma-theta, kg/m^3]
# name 22 = sigma-é11: Density, 2 [sigma-theta, kg/m^3]
# name 23 = avgsvCM: Average Sound Velocity [Chen-Millero, m/s], minP = 20, minS = 20
# name 24 = sbox0Mm/Kg: Oxygen, SBE 43 [umol/kg], WS = 5
# name 25 = sbox1Mm/Kg: Oxygen, SBE 43, 2 [umol/kg], WS = 5
# name 26 = nbin: number of scans per bin
# name 27 = flag: flag
# span 0 =     104645,     242778       
# span 1 =   4360.186,  10115.705       
# span 2 =      1.987,   3267.687       
# span 3 =      2.000,   3315.000       
# span 4 =     4.2967,    29.7991       
# span 5 =     4.2978,    29.7553       
# span 6 =   3.348280,   5.946046       
# span 7 =   3.348210,   5.946389       
# span 8 =     1.6153,     3.2418       
# span 9 =     1.3190,     2.7619       
# span 10 =      10.56,     102.32      
# span 11 =   26.38808,   27.23741      
# span 12 =  -87.89354,  -85.15284      
# span 13 =   -0.00758,    0.02889      
# span 14 =   -0.00609,    0.02498      
# span 15 =     2.5739,     4.7098      
# span 16 =     2.6046,     4.7321      
# span 17 =     4.0808,    29.7986      
# span 18 =     4.0820,    29.7549      
# span 19 =    34.8951,    36.5450      
# span 20 =    34.8939,    36.5451      
# span 21 =    22.3455,    27.7588      
# span 22 =    22.3516,    27.7571      
# span 23 =    1499.49,    1547.75      
# span 24 =    111.915,    205.421      
# span 25 =    113.250,    206.366      
# span 26 =         30,         73      
# span 27 = 0.0000e+00, 0.0000e+00      
# interval = decibars: 1                
# start_time = Sep 18 2021 04:11:12 [NMEA time, header]
# bad_flag = -9.990e-29
*END*
[from data line 570]
     223411   9308.738     65.558     66.000    22.0237    22.0190   5.173726   5.172950     2.7624     2.3583      81.32   26.44356  -85.33188    0.01286    0.01023     4.2005     4.2406    22.0106    22.0059    36.3593    36.3579    25.2481    25.2484    1502.64    182.975    184.723         35 0.0000e+00
     223444   9310.107     64.565     65.000    22.1074    22.1051   5.180794   5.180356     2.7849     2.3784      97.41   26.44356  -85.33188    0.01355    0.01353     4.2389     4.2787    22.0944    22.0922    36.3442    36.3427    25.2130    25.2124    1502.64    184.653    186.386         32 0.0000e+00
     223476   9311.460     63.572     64.000    22.2471    22.2694   5.193981   5.195971     2.8125     2.4072      99.96   26.44356  -85.33188    0.01647    0.01641     4.2839     4.3308    22.2342    22.2565    36.3315    36.3285    25.1637    25.1550    1502.64    186.623    188.668         34 0.0000e+00
     223511   9312.936     62.579     63.000    22.4977    22.4617   5.217014   5.214203     2.8470     2.4450     100.00   26.44356  -85.33188    0.02053    0.02133     4.3368     4.4029    22.4897    22.4490    36.3020    36.3114    25.0684    25.0872    1502.64    188.943    191.820         36 0.0000e+00
     223547   9314.420     61.586     62.000    22.7315    22.7060   5.241686   5.239076     2.8909     2.4825      84.70   26.44356  -85.33188    0.02454    0.02498     4.4036     4.4653    22.7189    22.6934    36.3021    36.3029    25.0027    25.0107    1502.64    191.867    194.554         36 0.0000e+00
     223583   9315.925     60.593     61.000    22.8938    22.8644   5.260220   5.254598     2.9341     2.5176      90.57   26.44356  -85.33188    0.02889    0.02496     4.4767     4.5311    22.8813    22.8520    36.3121    36.3001    24.9635    24.9655    1502.64    195.059    197.431         36 0.0000e+00
     223618   9317.387     59.599     60.000    23.2234    23.2205   5.294984   5.295422     2.9694     2.5495     100.08   26.44356  -85.33188    0.02759    0.02316     4.5242     4.5715    23.2110    23.2081    36.3206    36.3233    24.8742    24.8770    1502.64    197.146    199.208         33 0.0000e+00
     223652   9318.777     58.606     59.000    23.4043    23.4592   5.320371   5.326374     2.9944     2.5668     100.00   26.44356  -85.33188    0.02321    0.01945     4.5526     4.5895    23.3920    23.4470    36.3561    36.3570    24.8481    24.8327    1502.64    198.389    200.001         34 0.0000e+00
     224802   9366.688     54.633     55.000    24.3125    24.2778   5.416476   5.413115     3.0873     2.6380      99.99   26.44078  -85.32291    0.00021   -0.00065     4.6570     4.6772    24.3007    24.2661    36.3457    36.3484    24.5699    24.5824    1502.48    202.995    203.870         35 0.0000e+00
     225634   9401.372     53.640     54.000    24.6221    24.6488   5.447729   5.450743     3.1214     2.6724     100.00   26.44356  -85.33186    0.00104    0.00080     4.6972     4.7218    24.6105    24.6371    36.3321    36.3320    24.4669    24.4587    1502.64    204.769    205.840         42 0.0000e+00
     225425   9392.661     51.654     52.000    24.8466    24.8552   5.464899   5.466555     3.1189     2.6680      99.79   26.38808  -85.15284   -0.00002   -0.00013     4.6707     4.6920    24.8353    24.8439    36.2458    36.2495    24.3240    24.3241    1499.49    203.632    204.558         43 0.0000e+00
     226012   9417.134     50.660     51.000    25.1551    25.0977   5.503836   5.499180     3.1313     2.6797     100.00   26.44357  -85.33186    0.00017    0.00047     4.6696     4.6995    25.1440    25.0866    36.3228    36.3341    24.2972    24.3233    1502.64    203.598    204.896         39 0.0000e+00
     226118   9421.529     49.667     50.000    25.2729    25.5015   5.512460   5.536108     3.1369     2.6905     100.00   26.44356  -85.33186    0.00011    0.00142     4.6705     4.6958    25.2620    25.4904    36.2929    36.2921    24.2382    24.1671    1502.64    203.649    204.761         35 0.0000e+00
     226177   9423.988     48.674     49.000    25.7276    25.5764   5.555641   5.544986     3.1634     2.7084     100.00   26.44357  -85.33186    0.00586    0.00924     4.6809     4.7227    25.7016    25.5656    36.2614    36.2918    24.0784    24.1438    1502.64    204.135    205.942         54 0.0000e+00
     226263   9427.599     47.681     48.000    25.6119    25.7729   5.546889   5.564299     3.1639     2.7205     100.00   26.44356  -85.33186   -0.00131    0.00578     4.6925     4.7321    25.5995    25.7622    36.2788    36.2774    24.1234    24.0717    1502.64    204.631    206.366         33 0.0000e+00
     226318   9429.884     46.688     47.000    26.0494    26.0489   5.588584   5.589920     3.1839     2.7265      81.39   26.44358  -85.33186    0.00145    0.00085     4.6938     4.7228    26.0407    26.0383    36.2350    36.2467    23.9526    23.9622    1502.64    204.721    205.985         41 0.0000e+00
     226380   9432.463     45.694     46.000    26.1173    26.1557   5.596270   5.599661     3.1952     2.7338      99.70   26.44357  -85.33187    0.00818    0.00299     4.7098     4.7302    26.1066    26.1454    36.2396    36.2359    23.9354    23.9214    1502.64    205.421    206.314         73 0.0000e+00
     226449   9435.349     44.701     45.000    26.2372    26.2383   5.606650   5.607359     3.2001     2.7356      87.63   26.44358  -85.33188    0.00125    0.00059     4.7084     4.7262    26.2271    26.2282    36.2197    36.2249    23.8826    23.8860    1502.64    205.371    206.147         59 0.0000e+00
     226504   9437.632     43.708     44.000    26.4690    26.5386   5.623932   5.631201     3.2077     2.7451      99.62   26.44358  -85.33188    0.00261    0.00293     4.7052     4.7228    26.4590    26.5286    36.1661    36.1628    23.7687    23.7443    1502.64    205.256    206.027         53 0.0000e+00
     226557   9439.820     42.714     43.000    27.0869    26.9150   5.671060   5.661210     3.2313     2.7557      88.38   26.44358  -85.33188    0.00769    0.00444     4.6999     4.7171    27.0769    26.9052    36.0225    36.0851    23.4632    23.5657    1502.64    205.084    205.814         55 0.0000e+00
     226618   9442.359     41.721     42.000    27.6283    27.1994   5.715940   5.682190     3.2418     2.7589      86.97   26.44358  -85.33188    0.00743    0.00260     4.6760     4.7027    27.6185    27.1897    35.9249    36.0151    23.2150    23.4216    1502.64    204.094    205.218         63 0.0000e+00
     226677   9444.814     40.728     41.000    27.8580    27.7125   5.735766   5.723191     3.2370     2.7619     100.23   26.44358  -85.33188   -0.00115    0.00101     4.6500     4.6709    27.8483    27.7029    35.8896    35.9121    23.1135    23.1778    1502.64    202.977    203.877         52 0.0000e+00
     226726   9446.855     39.735     40.000    27.9739    27.9026   5.746758   5.740428     3.2289     2.7567      66.64   26.44357  -85.33188   -0.00332   -0.00068     4.6236     4.6456    27.9645    27.8932    35.8808    35.8888    23.0688    23.0982    1502.64    201.832    202.790         49 0.0000e+00
     226787   9449.409     38.742     39.000    28.0796    28.0401   5.756910   5.753307     3.2269     2.7469      99.90   26.44358  -85.33188   -0.00151   -0.00333     4.6083     4.6154    28.0703    28.0309    35.8673    35.8744    23.0240    23.0426    1502.64    201.177    201.481         71 0.0000e+00
     226849   9451.992     37.748     38.000    28.3728    28.3416   5.778870   5.776491     3.2245     2.7428      86.12   26.44358  -85.33188   -0.00189   -0.00370     4.5841     4.5845    28.3637    28.3326    35.8021    35.8089    22.8782    22.8936    1502.64    200.149    200.160         48 0.0000e+00
     226894   9453.867     36.755     37.000    28.7205    28.5999   5.805440   5.796230     3.2197     2.7353      75.33   26.44357  -85.33188   -0.00018   -0.00137     4.5486     4.5534    28.7116    28.5911    35.7251    35.7546    22.7049    22.7689    1502.64    198.630    198.825         49 0.0000e+00
     226956   9456.455     35.761     36.000    28.7617    28.6792   5.808961   5.802135     3.1971     2.7203     100.87   26.44357  -85.33188   -0.00758   -0.00609     4.5039     4.5140    28.7530    28.6705    35.7189    35.7332    22.6865    22.7247    1502.64    196.684    197.115         67 0.0000e+00
     227012   9458.789     34.768     35.000    28.9339    28.7651   5.821525   5.807814     3.1950     2.7194     100.00   26.44356  -85.33188   -0.00372   -0.00110     4.4857     4.5058    28.9246    28.7568    35.6921    35.7068    22.6091    22.6753    1502.64    195.903    196.770         46 0.0000e+00
     227065   9461.002     33.775     34.000    28.9752    28.9169   5.827482   5.821487     3.1875     2.7170     100.00   26.44356  -85.33187   -0.00165   -0.00109     4.4692     4.4908    28.9670    28.9086    35.6881    35.6899    22.5919    22.6127    1502.64    195.185    196.121         64 0.0000e+00
     227126   9463.555     32.782     33.000    28.9900    28.9840   5.823700   5.822506     3.1787     2.7047     100.00   26.44356  -85.33188   -0.00427   -0.00445     4.4525     4.4618    28.9781    28.9762    35.6543    35.6554    22.5628    22.5645    1502.64    194.460    194.866         51 0.0000e+00
     227176   9465.618     31.788     32.000    29.0091    28.9906   5.822534   5.821488     3.1758     2.7037     100.00   26.44356  -85.33187   -0.00194   -0.00144     4.4458     4.4582    29.0013    28.9828    35.6289    35.6356    22.5359    22.5472    1502.64    194.174    194.713         56 0.0000e+00
     227238   9468.203     30.795     31.000    29.0291    29.0224   5.824627   5.824117     3.1698     2.6952     100.00   26.44356  -85.33186   -0.00223   -0.00303     4.4329     4.4383    29.0216    29.0149    35.6286    35.6301    22.5289    22.5323    1502.64    193.613    193.847         60 0.0000e+00
     227289   9470.336     29.802     30.000    29.0711    29.0527   5.826697   5.825720     3.1676     2.6920     100.00   26.44356  -85.33186   -0.00170   -0.00231     4.4262     4.4292    29.0620    29.0454    35.6133    35.6188    22.5038    22.5136    1502.64    193.322    193.454         49 0.0000e+00
     227345   9472.677     28.808     29.000    29.1196    29.1008   5.831915   5.829897     3.1652     2.6867     100.00   26.44355  -85.33186   -0.00066   -0.00142     4.4169     4.4150    29.1125    29.0937    35.6120    35.6121    22.4859    22.4923    1502.64    192.922    192.836         62 0.0000e+00
     227404   9475.137     27.815     28.000    29.1447    29.1289   5.833765   5.832456     3.1593     2.6860      96.76   26.44354  -85.33186   -0.00224   -0.00205     4.4044     4.4108    29.1379    29.1221    35.6074    35.6101    22.4739    22.4813    1502.64    192.377    192.657         55 0.0000e+00
     227458   9477.378     26.822     27.000    29.1576    29.1441   5.834800   5.833781     3.1527     2.6842      98.61   26.44356  -85.33186   -0.00286    0.00091     4.3905     4.4058    29.1510    29.1376    35.6042    35.6072    22.4671    22.4739    1502.64    191.770    192.439         52 0.0000e+00
     227510   9479.548     25.829     26.000    29.1595    29.1511   5.834844   5.834212     3.1489     2.6769      99.95   26.44355  -85.33186   -0.00213   -0.00333     4.3830     4.3901    29.1531    29.1448    35.6034    35.6050    22.4658    22.4699    1502.64    191.444    191.753         57 0.0000e+00
     227573   9482.157     24.835     25.000    29.1613    29.1549   5.834791   5.834452     3.1496     2.6773      95.48   26.44356  -85.33186   -0.00044   -0.00039     4.3835     4.3903    29.1552    29.1488    35.6020    35.6042    22.4641    22.4679    1502.64    191.466    191.761         61 0.0000e+00
     227626   9484.395     23.842     24.000    29.1597    29.1555   5.834275   5.834151     3.1485     2.6772      99.96   26.44356  -85.33186    0.00008    0.00023     4.3810     4.3894    29.1539    29.1497    35.5996    35.6021    22.4628    22.4660    1502.64    191.357    191.725         51 0.0000e+00
     232396   9683.124     15.895     16.000    29.3655    29.3881   5.882008   5.882481     3.1792     2.7007     100.61   26.71490  -86.20750    0.00004   -0.00027     4.4172     4.4266    29.3616    29.3842    35.8666    35.8977    22.6417    22.6617    1518.06    192.943    193.350         41 0.0000e+00
     230122   9588.393     14.901     15.000    29.1101    29.1112   5.820632   5.820888     3.1469     2.6717     100.00   26.44354  -85.33183   -0.00008   -0.00003     4.3788     4.3785    29.1065    29.1076    35.5454    35.5464    22.4380    22.4384    1502.64    191.265    191.250         44 0.0000e+00
     230226   9592.724     13.908     14.000    29.1089    29.1011   5.819798   5.818166     3.1459     2.6743     100.00   26.44354  -85.33183   -0.00009    0.00016     4.3767     4.3839    29.1055    29.0978    35.5408    35.5332    22.4349    22.4317    1502.64    191.176    191.488         30 0.0000e+00
     233421   9725.814      4.967      5.000    28.9419    28.9469   5.775641   5.777762     3.1393     2.6676      98.48   26.42695  -85.27826    0.00026    0.00018     4.3764     4.3801    28.9402    28.9456    35.3527    35.3633    22.3455    22.3516    1501.70    191.175    191.335         41 0.0000e+00
     235307   9804.400      3.974      4.000    28.9317    28.9296   5.773529   5.774384     3.1414     2.6686      76.93   26.44354  -85.33178   -0.00019   -0.00002     4.3816     4.3838    28.9307    28.9286    35.3563    35.3603    22.3548    22.3585    1502.64    191.405    191.498         35 0.0000e+00
     242778  10115.705      1.987      2.000    29.7991    29.7553   5.946046   5.946389     3.2357     2.7524      91.48   27.23741  -87.89354    0.00023    0.00111     4.5121     4.5219    29.7986    29.7549    36.4135    36.3586    23.0230    22.9877    1547.75    197.106    197.531         41 0.0000e+00
