Gulf of Mexico/GOMECC-4/1db/urb2103_0122.cnv
* Sea-Bird SBE 9 Data File:
* FileName = C:\Users\scs.user.rb\CTD\GOMECC4\data\rb2103_0122.hex
* Software Version Seasave V 7.26.7.107
* Temperature SN = 4799
* Conductivity SN = 3860
* Number of Bytes Per Scan = 41
* Number of Voltage Words = 4
* Number of Scans Averaged by the Deck Unit = 1
* NMEA Latitude = 26 39.93 N
* NMEA Longitude = 085 00.17 W
* NMEA UTC (Time) = Sep 18 2021  13:28:43
* NMEA baud rate = 4800
# nquan = 28
# nvalues = 449                         
# units = specified
# name 0 = scan: Scan Count
# name 1 = timeS: Time, Elapsed [seconds]
# name 2 = depSM: Depth [salt water, m]
# name 3 = prDM: Pressure, Digiquartz [db]
# name 4 = t090C: Temperature [ITS-90, deg C]
# name 5 = t190C: Temperature, 2 [ITS-90, deg C]
# name 6 = c0S/m: Conductivity [S/m]
# name 7 = c1S/m: Conductivity, 2 [S/m]
# name 8 = sbeox0V: Oxygen raw, SBE 43 [V]
# name 9 = sbeox1V: Oxygen raw, SBE 43, 2 [V]
# name 10 = altM: Altimeter [m]
# name 11 = latitude: Latitude [deg]
# name 12 = longitude: Longitude [deg]
# name 13 = sbox0dV/dT: Oxygen, SBE 43 [dov/dt]
# name 14 = sbox1dV/dT: Oxygen, SBE 43, 2 [dov/dt]
# name 15 = sbeox0ML/L: Oxygen, SBE 43 [ml/l], WS = 5
# name 16 = sbeox1ML/L: Oxygen, SBE 43, 2 [ml/l], WS = 5
# name 17 = potemp090C: Potential Temperature [ITS-90, deg C]
# name 18 = potemp190C: Potential Temperature, 2 [ITS-90, deg C]
# name 19 = sal00: Salinity, Practical [PSU]
# name 20 = sal11: Salinity, Practical, 2 [PSU]
# name 21 = sigma-é00: Density [sigma-theta, kg/m^3]
# name 22 = sigma-é11: Density, 2 [sigma-theta, kg/m^3]
# name 23 = avgsvCM: Average Sound Velocity [Chen-Millero, m/s], minP = 20, minS = 20
# name 24 = sbox0Mm/Kg: Oxygen, SBE 43 [umol/kg], WS = 5
# name 25 = sbox1Mm/Kg: Oxygen, SBE 43, 2 [umol/kg], WS = 5
# name 26 = nbin: number of scans per bin
# name 27 = flag: flag
# span 0 =     102210,     232323       
# span 1 =   4258.692,   9680.102       
# span 2 =      1.987,   3275.461       
# span 3 =      2.000,   3323.000       
# span 4 =     4.3014,    30.4606       
# span 5 =     4.3023,    30.4332       
# span 6 =   3.348901,   5.966202       
# span 7 =   3.348830,   5.958578       
# span 8 =     1.6139,     3.1920       
# span 9 =     1.3189,     2.7111       
# span 10 =      11.01,     104.63      
# span 11 =   26.65901,   27.29047      
# span 12 =  -87.01554,  -85.00351      
# span 13 =   -0.00577,    0.01913      
# span 14 =   -0.00520,    0.01863      
# span 15 =     2.5903,     4.6950      
# span 16 =     2.6224,     4.7281      
# span 17 =     4.0798,    30.4596      
# span 18 =     4.0810,    30.4322      
# span 19 =    34.9019,    36.6904      
# span 20 =    34.9005,    36.6927      
# span 21 =    21.8417,    27.7610      
# span 22 =    21.9195,    27.7595      
# span 23 =    1502.61,    1538.18      
# span 24 =    112.626,    204.015      
# span 25 =    114.023,    205.456      
# span 26 =         30,         70      
# span 27 = 0.0000e+00, 0.0000e+00      
# interval = decibars: 1                
# start_time = Sep 18 2021 13:28:43 [NMEA time, header]
# bad_flag = -9.990e-29
*END*
[from data line 52]
     111664   4652.645   3019.026   3061.000     4.3696     4.3710   3.414022   3.413970     1.7326     1.4264      95.31   26.66277  -85.00822    0.00023    0.00005     4.6482     4.6790     4.0825     4.0838    34.9760    34.9739    27.7584    27.7567    1502.75    201.981    203.322         30 0.0000e+00
     111792   4657.972   3014.129   3056.000     4.3693     4.3706   3.413792   3.413753     1.7336     1.4272     100.00   26.66274  -85.00812    0.00021    0.00020     4.6497     4.6802     4.0828     4.0841    34.9758    34.9740    27.7582    27.7567    1502.75    202.045    203.371         30 0.0000e+00
     113139   4714.063   2963.197   3004.000     4.3640     4.3651   3.411387   3.411334     1.7389     1.4329      92.44   26.66312  -85.00946   -0.00005    0.00001     4.6433     4.6778     4.0835     4.0846    34.9759    34.9742    27.7583    27.7568    1502.77    201.768    203.270         31 0.0000e+00
     113347   4722.747   2962.217   3003.000     4.3638     4.3650   3.411306   3.411250     1.7389     1.4326      98.24   26.66275  -85.00833    0.00001 -4.153e-07     4.6429     4.6754     4.0834     4.0846    34.9756    34.9737    27.7580    27.7564    1502.75    201.754    203.166         58 0.0000e+00
     113815   4742.251   2960.257   3001.000     4.3633     4.3647   3.411054   3.411019     1.7387     1.4330      99.87   26.66163  -85.00480    0.00000   -0.00004     4.6409     4.6765     4.0831     4.0845    34.9740    34.9722    27.7568    27.7552    1502.69    201.665    203.210         51 0.0000e+00
     114664   4777.640   2959.278   3000.000     4.3631     4.3643   3.411108   3.411068     1.7384     1.4323      98.48   26.66273  -85.00840   -0.00000   -0.00002     4.6388     4.6726     4.0830     4.0842    34.9754    34.9737    27.7579    27.7564    1502.75    201.572    203.044         54 0.0000e+00
     115257   4802.352   2958.298   2999.000     4.3629     4.3641   3.411055   3.411002     1.7383     1.4323     100.31   26.66272  -85.00842    0.00005    0.00003     4.6377     4.6716     4.0829     4.0841    34.9754    34.9735    27.7579    27.7563    1502.75    201.528    203.000         38 0.0000e+00
     115276   4803.142   2957.319   2998.000     4.3628     4.3639   3.411008   3.410961     1.7382     1.4322     100.00   26.66272  -85.00842   -0.00003   -0.00002     4.6369     4.6707     4.0830     4.0841    34.9753    34.9736    27.7579    27.7564    1502.75    201.492    202.962         64 0.0000e+00
     115329   4805.345   2956.339   2997.000     4.3628     4.3639   3.410963   3.410919     1.7386     1.4323     100.00   26.66272  -85.00842    0.00006    0.00001     4.6381     4.6705     4.0831     4.0842    34.9753    34.9736    27.7578    27.7564    1502.75    201.544    202.952         36 0.0000e+00
     122874   5119.710   2667.159   2702.000     4.3369     4.3379   3.397365   3.397298     1.7766     1.4675      95.57   26.66197  -85.00691    0.00004   -0.00002     4.6339     4.6663     4.0906     4.0916    34.9738    34.9720    27.7558    27.7543    1502.72    201.362    202.767         41 0.0000e+00
     123184   5132.635   2665.197   2700.000     4.3368     4.3379   3.397304   3.397248     1.7768     1.4682      84.70   26.66223  -85.00778   -0.00000    0.00013     4.6337     4.6680     4.0908     4.0918    34.9741    34.9723    27.7560    27.7545    1502.73    201.350    202.843         42 0.0000e+00
     124323   5180.079   2664.216   2699.000     4.3367     4.3378   3.397293   3.397248     1.7773     1.4686      99.36   26.66256  -85.00890    0.00006   -0.00002     4.6354     4.6693     4.0908     4.0919    34.9745    34.9728    27.7563    27.7549    1502.75    201.425    202.901         38 0.0000e+00
     124435   5184.743   2663.236   2698.000     4.3367     4.3378   3.397255   3.397204     1.7775     1.4686     100.00   26.66256  -85.00890    0.00005   -0.00003     4.6358     4.6687     4.0909     4.0920    34.9745    34.9728    27.7564    27.7549    1502.75    201.443    202.875         46 0.0000e+00
     124486   5186.868   2662.255   2697.000     4.3365     4.3376   3.397196   3.397146     1.7777     1.4687      81.93   26.66256  -85.00890    0.00009    0.00005     4.6359     4.6688     4.0908     4.0919    34.9745    34.9727    27.7564    27.7548    1502.75    201.446    202.877         57 0.0000e+00
     124534   5188.870   2661.274   2696.000     4.3365     4.3375   3.397153   3.397099     1.7776     1.4689     100.98   26.66256  -85.00890    0.00001    0.00009     4.6351     4.6691     4.0909     4.0919    34.9744    34.9727    27.7563    27.7548    1502.75    201.412    202.892         32 0.0000e+00
     126343   5264.262   2587.690   2621.000     4.3312     4.3322   3.393812   3.393755     1.7877     1.4785      97.28   26.66269  -85.00953    0.00004    0.00028     4.6344     4.6697     4.0939     4.0949    34.9745    34.9728    27.7561    27.7546    1502.76    201.384    202.917         32 0.0000e+00
     126375   5265.577   2586.708   2620.000     4.3309     4.3323   3.393726   3.393690     1.7878     1.4785     100.07   26.66253  -85.00900    0.00005    0.00014     4.6344     4.6693     4.0937     4.0951    34.9742    34.9724    27.7558    27.7543    1502.75    201.384    202.897         31 0.0000e+00
     126496   5270.620   2581.802   2615.000     4.3309     4.3319   3.393572   3.393517     1.7888     1.4792     100.00   26.66281  -85.00992    0.00020    0.00011     4.6356     4.6693     4.0943     4.0953    34.9747    34.9730    27.7562    27.7547    1502.77    201.435    202.901         32 0.0000e+00
     127601   5316.676   2538.619   2571.000     4.3271     4.3281   3.391479   3.391427     1.7941     1.4843     100.00   26.66242  -85.00888    0.00010    0.00013     4.6328     4.6670     4.0953     4.0963    34.9740    34.9724    27.7555    27.7541    1502.75    201.312    202.801         30 0.0000e+00
     127727   5321.909   2533.712   2566.000     4.3270     4.3279   3.391280   3.391225     1.7947     1.4847      84.23   26.66255  -85.00927    0.00011    0.00005     4.6323     4.6661     4.0957     4.0967    34.9741    34.9725    27.7555    27.7541    1502.75    201.290    202.760         30 0.0000e+00
     130753   5447.993   2415.896   2446.000     4.3214     4.3221   3.386054   3.385983     1.8097     1.4982     100.00   26.66230  -85.00876    0.00009   -0.00003     4.6254     4.6569     4.1030     4.1038    34.9733    34.9717    27.7541    27.7527    1502.74    200.993    202.360         30 0.0000e+00
     131585   5482.666   2383.485   2413.000     4.3198     4.3207   3.384610   3.384543     1.8137     1.5030     100.00   26.66223  -85.00858    0.00014    0.00020     4.6225     4.6590     4.1050     4.1059    34.9730    34.9714    27.7537    27.7523    1502.74    200.866    202.454         31 0.0000e+00
     131876   5494.782   2373.663   2403.000     4.3191     4.3200   3.384202   3.384141     1.8153     1.5042      99.83   26.66265  -85.01000    0.00014    0.00003     4.6233     4.6587     4.1054     4.1063    34.9736    34.9719    27.7541    27.7527    1502.76    200.900    202.439         32 0.0000e+00
     132150   5506.219   2372.681   2402.000     4.3191     4.3200   3.384131   3.384082     1.8154     1.5043     100.03   26.66241  -85.00928    0.00004   -0.00001     4.6234     4.6586     4.1054     4.1064    34.9733    34.9717    27.7538    27.7525    1502.75    200.904    202.437         42 0.0000e+00
     132406   5516.885   2371.698   2401.000     4.3191     4.3201   3.384104   3.384039     1.8154     1.5043     100.00   26.66240  -85.00928    0.00002   -0.00001     4.6226     4.6581     4.1056     4.1065    34.9734    34.9716    27.7539    27.7524    1502.75    200.870    202.414         37 0.0000e+00
     133463   5560.909   2370.716   2400.000     4.3194     4.3205   3.384085   3.384028     1.8155     1.5046      99.27   26.66239  -85.00933    0.00003    0.00005     4.6223     4.6588     4.1060     4.1071    34.9732    34.9715    27.7538    27.7523    1502.75    200.858    202.444         51 0.0000e+00
     134052   5585.462   2359.911   2389.000     4.3184     4.3195   3.383576   3.383520     1.8173     1.5064      98.33   26.66250  -85.00971    0.00015    0.00015     4.6236     4.6602     4.1062     4.1072    34.9734    34.9716    27.7538    27.7523    1502.76    200.915    202.504         32 0.0000e+00
     134655   5610.565   2337.316   2366.000     4.3167     4.3177   3.382508   3.382437     1.8204     1.5093      94.62   26.66247  -85.00972    0.00013    0.00014     4.6232     4.6601     4.1069     4.1079    34.9733    34.9714    27.7537    27.7521    1502.76    200.898    202.498         31 0.0000e+00
     134685   5611.831   2336.334   2365.000     4.3167     4.3177   3.382451   3.382395     1.8205     1.5095      74.51   26.66236  -85.00936    0.00009    0.00006     4.6229     4.6602     4.1070     4.1080    34.9730    34.9713    27.7535    27.7520    1502.75    200.885    202.504         30 0.0000e+00
     134788   5616.113   2332.404   2361.000     4.3161     4.3173   3.382266   3.382206     1.8211     1.5099     100.00   26.66240  -85.00951    0.00017    0.00009     4.6231     4.6598     4.1069     4.1081    34.9733    34.9714    27.7537    27.7520    1502.75    200.892    202.486         30 0.0000e+00
     135705   5654.352   2298.015   2326.000     4.3133     4.3143   3.380619   3.380563     1.8262     1.5140     100.00   26.66235  -85.00937    0.00014    0.00004     4.6237     4.6578     4.1077     4.1088    34.9731    34.9714    27.7534    27.7520    1502.75    200.920    202.399         30 0.0000e+00
     135838   5659.865   2293.102   2321.000     4.3129     4.3138   3.380387   3.380334     1.8267     1.5154     100.00   26.66239  -85.00958    0.00009    0.00022     4.6231     4.6610     4.1079     4.1088    34.9731    34.9715    27.7534    27.7520    1502.75    200.892    202.540         32 0.0000e+00
     135970   5665.375   2288.189   2316.000     4.3125     4.3134   3.380155   3.380096     1.8280     1.5163     100.00   26.66234  -85.00943    0.00028    0.00021     4.6256     4.6619     4.1080     4.1089    34.9731    34.9714    27.7534    27.7520    1502.75    201.000    202.577         31 0.0000e+00
     137729   5738.685   2217.426   2244.000     4.3084     4.3093   3.376938   3.376884     1.8377     1.5252      90.40   26.66250  -85.01006    0.00011    0.00007     4.6231     4.6591     4.1115     4.1124    34.9730    34.9714    27.7530    27.7516    1502.76    200.893    202.456         30 0.0000e+00
     139495   5812.241   2147.623   2173.000     4.3061     4.3071   3.373887   3.373816     1.8473     1.5338     100.00   26.66233  -85.00974    0.00005    0.00002     4.6204     4.6550     4.1166     4.1175    34.9725    34.9707    27.7520    27.7505    1502.75    200.776    202.278         30 0.0000e+00
     141260   5885.811   2077.797   2102.000     4.3050     4.3059   3.370904   3.370841     1.8562     1.5430     100.00   26.66214  -85.00934    0.00007    0.00023     4.6143     4.6529     4.1227     4.1236    34.9719    34.9702    27.7509    27.7495    1502.74    200.513    202.188         33 0.0000e+00
     141422   5892.545   2076.813   2101.000     4.3049     4.3059   3.370871   3.370801     1.8564     1.5433      99.84   26.66222  -85.00968    0.00006    0.00004     4.6146     4.6534     4.1227     4.1237    34.9721    34.9703    27.7511    27.7495    1502.75    200.524    202.211         37 0.0000e+00
     142116   5921.443   2075.830   2100.000     4.3050     4.3059   3.370841   3.370773     1.8567     1.5434      98.63   26.66221  -85.00971    0.00004    0.00002     4.6151     4.6535     4.1229     4.1238    34.9721    34.9703    27.7510    27.7496    1502.75    200.544    202.214         34 0.0000e+00
     142665   5944.341   2074.846   2099.000     4.3051     4.3063   3.370788   3.370757     1.8568     1.5444     100.04   26.66220  -85.00976    0.00003    0.00009     4.6152     4.6572     4.1231     4.1242    34.9718    34.9703    27.7508    27.7495    1502.75    200.548    202.376         34 0.0000e+00
     146749   6114.503   1912.485   1934.000     4.3026     4.3035   3.363912   3.363846     1.8783     1.5640     100.00   26.66248  -85.01118    0.00010    0.00024     4.6030     4.6434     4.1372     4.1381    34.9716    34.9699    27.7491    27.7477    1502.77    200.019    201.775         31 0.0000e+00
     146778   6115.721   1911.500   1933.000     4.3026     4.3034   3.363819   3.363745     1.8788     1.5639     100.00   26.66209  -85.00998    0.00013    0.00026     4.6046     4.6422     4.1373     4.1381    34.9710    34.9693    27.7486    27.7472    1502.75    200.091    201.723         30 0.0000e+00
     146895   6120.572   1906.578   1928.000     4.3022     4.3030   3.363583   3.363509     1.8793     1.5643     100.00   26.66203  -85.00985    0.00015    0.00006     4.6037     4.6411     4.1374     4.1382    34.9710    34.9693    27.7486    27.7472    1502.75    200.051    201.676         31 0.0000e+00
     147709   6154.510   1874.090   1895.000     4.3039     4.3047   3.362409   3.362346     1.8845     1.5698      95.50   26.66221  -85.01046    0.00017    0.00017     4.6044     4.6448     4.1423     4.1431    34.9711    34.9695    27.7482    27.7469    1502.76    200.079    201.838         30 0.0000e+00
     149982   6249.220   1783.491   1803.000     4.3017     4.3026   3.358535   3.358477     1.8982     1.5825     100.00   26.66303  -85.01342    0.00014    0.00015     4.6034     4.6433     4.1492     4.1501    34.9719    34.9703    27.7481    27.7467    1502.81    200.036    201.773         30 0.0000e+00
     150134   6255.550   1782.506   1802.000     4.3014     4.3023   3.358358   3.358296     1.8979     1.5824     100.00   26.66200  -85.01014    0.00001    0.00002     4.6016     4.6426     4.1490     4.1499    34.9706    34.9689    27.7470    27.7457    1502.75    199.961    201.742         53 0.0000e+00
     150339   6264.065   1781.521   1801.000     4.3016     4.3023   3.358332   3.358259     1.8983     1.5825     100.00   26.66198  -85.01015    0.00002    0.00002     4.6025     4.6426     4.1493     4.1500    34.9705    34.9690    27.7470    27.7457    1502.75    199.999    201.740         48 0.0000e+00
     150610   6275.378   1780.536   1800.000     4.3016     4.3024   3.358289   3.358224     1.8982     1.5826     100.00   26.66198  -85.01017   -0.00002   -0.00001     4.6019     4.6423     4.1494     4.1502    34.9705    34.9689    27.7469    27.7456    1502.75    199.971    201.729         52 0.0000e+00
     151745   6322.657   1779.551   1799.000     4.3020     4.3028   3.358268   3.358213     1.8989     1.5834     100.00   26.66196  -85.01022    0.00003    0.00005     4.6037     4.6450     4.1498     4.1507    34.9704    34.9689    27.7468    27.7455    1502.75    200.052    201.846         39 0.0000e+00
     151843   6326.746   1773.641   1793.000     4.3019     4.3028   3.358016   3.357950     1.8998     1.5842     100.00   26.66186  -85.00991    0.00020    0.00017     4.6036     4.6446     4.1504     4.1513    34.9703    34.9686    27.7467    27.7453    1502.74    200.047    201.829         30 0.0000e+00
     152655   6360.585   1741.132   1760.000     4.3060     4.3067   3.356962   3.356903     1.9026     1.5868     100.00   26.66169  -85.00947    0.00003    0.00004     4.5946     4.6356     4.1576     4.1583    34.9695    34.9681    27.7453    27.7441    1502.74    199.657    201.436         32 0.0000e+00
     153885   6411.831   1691.868   1710.000     4.3063     4.3071   3.354956   3.354890     1.9097     1.5934     100.00   26.66198  -85.01058    0.00011    0.00008     4.5922     4.6330     4.1628     4.1635    34.9697    34.9681    27.7449    27.7436    1502.75    199.552    201.323         30 0.0000e+00
