Gulf of Mexico/GOMECC-4/1db/urb2103_0281.cnv
* Sea-Bird SBE 9 Data File:
* FileName = C:\Users\scs.user.rb\CTD\GOMECC4\data\rb2103_0281.hex
* Software Version Seasave V 7.26.7.107
* Temperature SN = 4799
* Conductivity SN = 3860
* Number of Bytes Per Scan = 41
* Number of Voltage Words = 4
* Number of Scans Averaged by the Deck Unit = 1
* NMEA Latitude = 27 59.98 N
* NMEA Longitude = 086 37.19 W
* NMEA UTC (Time) = Sep 21 2021  18:09:14
* NMEA baud rate = 4800
# nquan = 28
# nvalues = 289                         
# units = specified
# name 0 = scan: Scan Count
# name 1 = timeS: Time, Elapsed [seconds]
# name 2 = depSM: Depth [salt water, m]
# name 3 = prDM: Pressure, Digiquartz [db]
# name 4 = t090C: Temperature [ITS-90, deg C]
# name 5 = t190C: Temperature, 2 [ITS-90, deg C]
# name 6 = c0S/m: Conductivity [S/m]
# name 7 = c1S/m: Conductivity, 2 [S/m]
# name 8 = sbeox0V: Oxygen raw, SBE 43 [V]
# name 9 = sbeox1V: Oxygen raw, SBE 43, 2 [V]
# name 10 = altM: Altimeter [m]
# name 11 = latitude: Latitude [deg]
# name 12 = longitude: Longitude [deg]
# name 13 = sbox0dV/dT: Oxygen, SBE 43 [dov/dt]
# name 14 = sbox1dV/dT: Oxygen, SBE 43, 2 [dov/dt]
# name 15 = sbeox0ML/L: Oxygen, SBE 43 [ml/l], WS = 5
# name 16 = sbeox1ML/L: Oxygen, SBE 43, 2 [ml/l], WS = 5
# name 17 = potemp090C: Potential Temperature [ITS-90, deg C]
# name 18 = potemp190C: Potential Temperature, 2 [ITS-90, deg C]
# name 19 = sal00: Salinity, Practical [PSU]
# name 20 = sal11: Salinity, Practical, 2 [PSU]
# name 21 = sigma-é00: Density [sigma-theta, kg/m^3]
# name 22 = sigma-é11: Density, 2 [sigma-theta, kg/m^3]
# name 23 = avgsvCM: Average Sound Velocity [Chen-Millero, m/s], minP = 20, minS = 20
# name 24 = sbox0Mm/Kg: Oxygen, SBE 43 [umol/kg], WS = 5
# name 25 = sbox1Mm/Kg: Oxygen, SBE 43, 2 [umol/kg], WS = 5
# name 26 = nbin: number of scans per bin
# name 27 = flag: flag
# span 0 =      90705,     244859       
# span 1 =   3779.316,  10202.431       
# span 2 =      1.987,   2958.981       
# span 3 =      2.000,   3000.000       
# span 4 =     4.2925,    29.6213       
# span 5 =     4.2932,    29.6168       
# span 6 =   3.347456,   5.813995       
# span 7 =   3.347395,   5.813914       
# span 8 =     1.6217,     3.2462       
# span 9 =     1.3250,     2.7570       
# span 10 =       2.90,     104.05      
# span 11 =   27.99305,   28.89505      
# span 12 =  -89.39515,  -86.60354      
# span 13 =   -0.01355,    0.02437      
# span 14 =   -0.01358,    0.03871      
# span 15 =     2.5698,     4.6580      
# span 16 =     2.5950,     4.6876      
# span 17 =     4.0821,    29.6206      
# span 18 =     4.0831,    29.6160      
# span 19 =    33.2587,    36.4858      
# span 20 =    33.2652,    36.4847      
# span 21 =    20.8591,    27.7578      
# span 22 =    20.8692,    27.7563      
# span 23 =    1500.62,    1548.99      
# span 24 =    111.735,    202.407      
# span 25 =    112.830,    203.695      
# span 26 =         30,         78      
# span 27 = 0.0000e+00, 0.0000e+00      
# interval = decibars: 1                
# start_time = Sep 21 2021 18:09:14 [NMEA time, header]
# bad_flag = -9.990e-29
*END*
      90705   3779.316   2958.981   3000.000     4.3623     4.3635   3.411003   3.410957     1.7426     1.4350      11.86   27.99870  -86.62011    0.00004    0.00006     4.6580     4.6858     4.0823     4.0834    34.9749    34.9732    27.7576    27.7561    1500.91    202.407    203.615         70 0.0000e+00
      90774   3782.221   2958.001   2999.000     4.3622     4.3633   3.410966   3.410917     1.7426     1.4351      12.80   27.99882  -86.62052    0.00006    0.00004     4.6575     4.6860     4.0823     4.0833    34.9750    34.9734    27.7577    27.7563    1500.92    202.384    203.623         61 0.0000e+00
      90830   3784.550   2957.022   2998.000     4.3621     4.3630   3.410917   3.410862     1.7427     1.4355      13.73   27.99882  -86.62052    0.00004    0.00014     4.6575     4.6872     4.0823     4.0832    34.9751    34.9734    27.7577    27.7563    1500.92    202.386    203.678         53 0.0000e+00
      90883   3786.739   2956.042   2997.000     4.3618     4.3629   3.410862   3.410808     1.7428     1.4357      14.64   27.99882  -86.62052    0.00004    0.00012     4.6572     4.6876     4.0822     4.0832    34.9751    34.9734    27.7578    27.7563    1500.92    202.371    203.695         52 0.0000e+00
      90932   3788.784   2955.063   2996.000     4.3617     4.3627   3.410809   3.410750     1.7428     1.4358      15.60   27.99882  -86.62052    0.00001    0.00005     4.6566     4.6873     4.0821     4.0832    34.9751    34.9733    27.7577    27.7563    1500.92    202.347    203.681         45 0.0000e+00
      90972   3790.440   2954.083   2995.000     4.3617     4.3627   3.410764   3.410706     1.7431     1.4358      16.46   27.99882  -86.62052    0.00002    0.00002     4.6574     4.6870     4.0822     4.0832    34.9750    34.9733    27.7577    27.7562    1500.92    202.382    203.669         35 0.0000e+00
      91004   3791.802   2953.104   2994.000     4.3615     4.3624   3.410707   3.410656     1.7431     1.4359      17.34   27.99882  -86.62052    0.00016    0.00005     4.6570     4.6868     4.0822     4.0831    34.9749    34.9734    27.7576    27.7563    1500.92    202.364    203.659         30 0.0000e+00
      98268   4094.459   2671.795   2707.000     4.3354     4.3362   3.397293   3.397234     1.7803     1.4701     100.00   27.99764  -86.61721    0.00017    0.00005     4.6536     4.6817     4.0886     4.0895    34.9723    34.9707    27.7548    27.7535    1500.86    202.215    203.437         34 0.0000e+00
      98357   4098.153   2670.815   2706.000     4.3353     4.3363   3.397375   3.397314     1.7803     1.4702     100.00   27.99874  -86.62060    0.00000    0.00001     4.6529     4.6813     4.0887     4.0896    34.9737    34.9721    27.7560    27.7546    1500.92    202.189    203.420         67 0.0000e+00
      98532   4105.450   2668.853   2704.000     4.3353     4.3362   3.397281   3.397226     1.7805     1.4703     100.00   27.99874  -86.62060   -0.00000   -0.00005     4.6525     4.6810     4.0889     4.0898    34.9736    34.9720    27.7558    27.7545    1500.92    202.168    203.407         72 0.0000e+00
      98613   4108.839   2667.872   2703.000     4.3352     4.3361   3.397244   3.397188     1.7805     1.4703      91.69   27.99874  -86.62060    0.00003   -0.00001     4.6519     4.6803     4.0889     4.0898    34.9737    34.9721    27.7559    27.7545    1500.92    202.145    203.378         70 0.0000e+00
      98701   4112.502   2666.891   2702.000     4.3351     4.3360   3.397192   3.397130     1.7806     1.4709      98.97   27.99874  -86.62058    0.00001    0.00014     4.6519     4.6822     4.0889     4.0898    34.9736    34.9720    27.7559    27.7545    1500.92    202.141    203.460         52 0.0000e+00
      98784   4115.945   2665.910   2701.000     4.3349     4.3358   3.397139   3.397076     1.7809     1.4711     100.00   27.99874  -86.62058    0.00007    0.00006     4.6528     4.6827     4.0889     4.0897    34.9736    34.9720    27.7559    27.7545    1500.92    202.181    203.480         50 0.0000e+00
      98874   4119.707   2664.930   2700.000     4.3350     4.3358   3.397109   3.397030     1.7809     1.4712     100.00   27.99874  -86.62058    0.00007    0.00005     4.6520     4.6826     4.0890     4.0899    34.9737    34.9719    27.7559    27.7544    1500.92    202.149    203.478         32 0.0000e+00
     101968   4248.633   2663.949   2699.000     4.3350     4.3360   3.397061   3.397016     1.7811     1.4712     100.00   27.99878  -86.62056    0.00003    0.00003     4.6524     4.6820     4.0891     4.0901    34.9736    34.9720    27.7558    27.7545    1500.92    202.166    203.451         65 0.0000e+00
     102087   4253.597   2662.968   2698.000     4.3347     4.3357   3.396995   3.396951     1.7812     1.4712      99.96   27.99878  -86.62056   -0.00000   -0.00000     4.6520     4.6816     4.0890     4.0899    34.9735    34.9721    27.7558    27.7545    1500.92    202.148    203.436         52 0.0000e+00
     102132   4255.469   2661.987   2697.000     4.3347     4.3356   3.396956   3.396902     1.7814     1.4713     100.00   27.99878  -86.62056    0.00010    0.00004     4.6526     4.6814     4.0890     4.0899    34.9736    34.9720    27.7558    27.7545    1500.92    202.174    203.424         38 0.0000e+00
     102166   4256.876   2661.006   2696.000     4.3346     4.3355   3.396904   3.396848     1.7816     1.4713     100.00   27.99878  -86.62055    0.00011    0.00002     4.6528     4.6806     4.0891     4.0899    34.9735    34.9720    27.7557    27.7544    1500.92    202.181    203.390         31 0.0000e+00
     106737   4447.349   2474.564   2506.000     4.3198     4.3207   3.388316   3.388250     1.8061     1.4944     100.00   27.99957  -86.62279    0.00009    0.00011     4.6461     4.6758     4.0952     4.0960    34.9741    34.9725    27.7556    27.7542    1500.96    201.890    203.182         34 0.0000e+00
     106789   4449.492   2473.582   2505.000     4.3196     4.3204   3.388173   3.388109     1.8063     1.4945     100.00   27.99882  -86.62046    0.00011    0.00009     4.6464     4.6756     4.0951     4.0959    34.9731    34.9715    27.7548    27.7535    1500.92    201.906    203.174         67 0.0000e+00
     106848   4451.963   2472.600   2504.000     4.3195     4.3203   3.388126   3.388063     1.8064     1.4945     100.00   27.99882  -86.62046    0.00004    0.00003     4.6463     4.6753     4.0950     4.0959    34.9731    34.9715    27.7548    27.7535    1500.92    201.902    203.159         55 0.0000e+00
     106907   4454.430   2471.618   2503.000     4.3194     4.3202   3.388077   3.388019     1.8064     1.4946     100.00   27.99882  -86.62046    0.00004    0.00004     4.6460     4.6751     4.0950     4.0959    34.9731    34.9715    27.7548    27.7535    1500.92    201.886    203.152         63 0.0000e+00
     106973   4457.162   2470.637   2502.000     4.3193     4.3203   3.388030   3.387985     1.8064     1.4946      91.85   27.99882  -86.62046    0.00001   -0.00000     4.6454     4.6746     4.0950     4.0960    34.9731    34.9715    27.7548    27.7535    1500.92    201.860    203.131         66 0.0000e+00
     107038   4459.870   2469.655   2501.000     4.3191     4.3202   3.387977   3.387939     1.8065     1.4950      99.80   27.99883  -86.62046    0.00005    0.00015     4.6450     4.6758     4.0950     4.0961    34.9731    34.9715    27.7548    27.7535    1500.92    201.842    203.182         68 0.0000e+00
     107239   4468.238   2468.673   2500.000     4.3190     4.3200   3.387926   3.387882     1.8068     1.4953     100.00   27.99885  -86.62046   -0.00004    0.00007     4.6458     4.6765     4.0950     4.0959    34.9731    34.9716    27.7548    27.7535    1500.92    201.879    203.211         40 0.0000e+00
     109066   4544.370   2467.691   2499.000     4.3197     4.3207   3.387948   3.387902     1.8071     1.4949     100.00   27.99889  -86.62046   -0.00003   -0.00008     4.6462     4.6742     4.0958     4.0968    34.9731    34.9715    27.7547    27.7533    1500.92    201.894    203.111         32 0.0000e+00
     109327   4555.250   2466.710   2498.000     4.3192     4.3201   3.387863   3.387812     1.8071     1.4948     100.00   27.99890  -86.62046    0.00005    0.00006     4.6459     4.6730     4.0954     4.0963    34.9731    34.9715    27.7547    27.7534    1500.92    201.882    203.062         49 0.0000e+00
     109371   4557.078   2465.728   2497.000     4.3190     4.3200   3.387802   3.387750     1.8075     1.4954     100.00   27.99890  -86.62046    0.00003    0.00007     4.6467     4.6749     4.0953     4.0962    34.9730    34.9714    27.7547    27.7533    1500.92    201.918    203.145         37 0.0000e+00
     109406   4558.547   2464.746   2496.000     4.3189     4.3197   3.387754   3.387713     1.8074     1.4956     100.00   27.99890  -86.62046    0.00009    0.00023     4.6460     4.6756     4.0953     4.0961    34.9730    34.9717    27.7547    27.7535    1500.92    201.885    203.175         35 0.0000e+00
     109440   4559.977   2463.764   2495.000     4.3188     4.3197   3.387716   3.387656     1.8075     1.4956      59.57   27.99890  -86.62046    0.00005    0.00016     4.6456     4.6750     4.0953     4.0962    34.9731    34.9715    27.7548    27.7534    1500.92    201.868    203.148         33 0.0000e+00
     114236   4759.801   2277.151   2305.000     4.3067     4.3074   3.379228   3.379160     1.8337     1.5201      86.26   27.99977  -86.62294    0.00008    0.00014     4.6433     4.6732     4.1034     4.1042    34.9734    34.9719    27.7542    27.7529    1500.96    201.771    203.070         40 0.0000e+00
     114305   4762.650   2276.168   2304.000     4.3063     4.3071   3.379067   3.379002     1.8337     1.5199      99.61   27.99896  -86.62044    0.00001    0.00001     4.6431     4.6722     4.1032     4.1039    34.9724    34.9708    27.7534    27.7521    1500.92    201.763    203.024         54 0.0000e+00
     114378   4765.690   2275.185   2303.000     4.3061     4.3069   3.379012   3.378951     1.8339     1.5201     100.00   27.99896  -86.62042    0.00007    0.00004     4.6433     4.6723     4.1031     4.1039    34.9724    34.9709    27.7534    27.7521    1500.92    201.771    203.030         71 0.0000e+00
     114449   4768.682   2274.203   2302.000     4.3061     4.3068   3.378971   3.378896     1.8340     1.5201      95.70   27.99896  -86.62042    0.00002    0.00003     4.6430     4.6719     4.1032     4.1039    34.9724    34.9708    27.7534    27.7521    1500.92    201.759    203.012         63 0.0000e+00
     114533   4772.161   2273.220   2301.000     4.3060     4.3068   3.378921   3.378858     1.8342     1.5206      99.44   27.99896  -86.62042    0.00007    0.00015     4.6435     4.6734     4.1032     4.1040    34.9723    34.9708    27.7533    27.7520    1500.92    201.777    203.080         44 0.0000e+00
     115526   4813.527   2272.237   2300.000     4.3067     4.3074   3.378941   3.378876     1.8341     1.5208      97.41   27.99897  -86.62041    0.00004    0.00007     4.6423     4.6737     4.1040     4.1047    34.9723    34.9709    27.7532    27.7520    1500.92    201.728    203.091         52 0.0000e+00
     117031   4876.234   2271.255   2299.000     4.3076     4.3083   3.378972   3.378916     1.8343     1.5203      80.63   27.99898  -86.62040    0.00001   -0.00002     4.6421     4.6705     4.1050     4.1057    34.9722    34.9708    27.7530    27.7518    1500.92    201.720    202.952         44 0.0000e+00
     117279   4886.595   2270.272   2298.000     4.3072     4.3080   3.378908   3.378846     1.8342     1.5205      96.85   27.99898  -86.62040    0.00002    0.00005     4.6414     4.6709     4.1047     4.1055    34.9723    34.9708    27.7532    27.7519    1500.92    201.685    202.968         67 0.0000e+00
     117334   4888.855   2269.289   2297.000     4.3069     4.3079   3.378839   3.378801     1.8349     1.5204     100.13   27.99899  -86.62040    0.00006    0.00002     4.6435     4.6700     4.1045     4.1055    34.9723    34.9708    27.7532    27.7519    1500.92    201.778    202.928         40 0.0000e+00
     117368   4890.276   2268.307   2296.000     4.3069     4.3078   3.378785   3.378745     1.8351     1.5209     100.00   27.99900  -86.62040    0.00024    0.00004     4.6438     4.6717     4.1046     4.1055    34.9722    34.9708    27.7531    27.7518    1500.92    201.791    203.005         32 0.0000e+00
     117399   4891.592   2267.324   2295.000     4.3068     4.3077   3.378750   3.378696     1.8349     1.5212     100.00   27.99900  -86.62040    0.00013    0.00024     4.6426     4.6722     4.1046     4.1055    34.9722    34.9708    27.7531    27.7519    1500.92    201.741    203.028         31 0.0000e+00
     117430   4892.865   2266.341   2294.000     4.3068     4.3076   3.378715   3.378653     1.8353     1.5213     100.00   27.99900  -86.62040    0.00011    0.00024     4.6436     4.6722     4.1047     4.1055    34.9724    34.9708    27.7532    27.7518    1500.92    201.783    203.026         30 0.0000e+00
     122187   5091.086   2081.523   2106.000     4.2992     4.2999   3.370576   3.370499     1.8604     1.5450      77.22   27.99959  -86.62222    0.00002    0.00007     4.6346     4.6648     4.1165     4.1172    34.9723    34.9707    27.7519    27.7506    1500.95    201.391    202.703         46 0.0000e+00
     122260   5094.106   2080.539   2105.000     4.2989     4.2996   3.370443   3.370379     1.8606     1.5451     100.48   27.99900  -86.62040    0.00012    0.00008     4.6351     4.6648     4.1164     4.1170    34.9715    34.9701    27.7513    27.7501    1500.92    201.415    202.704         65 0.0000e+00
     122450   5102.033   2078.572   2103.000     4.2988     4.2993   3.370292   3.370211     1.8609     1.5459     100.00   27.99847  -86.61877    0.00002    0.00005     4.6352     4.6670     4.1164     4.1169    34.9708    34.9693    27.7507    27.7495    1500.89    201.419    202.802         30 0.0000e+00
     122555   5106.411   2077.588   2102.000     4.2988     4.2994   3.370315   3.370240     1.8613     1.5462     100.00   27.99900  -86.62040    0.00009    0.00009     4.6361     4.6678     4.1166     4.1172    34.9715    34.9700    27.7513    27.7500    1500.92    201.459    202.837         35 0.0000e+00
     122663   5110.920   2076.605   2101.000     4.2988     4.2994   3.370275   3.370189     1.8615     1.5462     100.00   27.99900  -86.62040    0.00003    0.00006     4.6361     4.6673     4.1167     4.1173    34.9715    34.9699    27.7512    27.7499    1500.92    201.456    202.815         53 0.0000e+00
     125102   5212.524   2074.638   2099.000     4.2993     4.3003   3.370217   3.370178     1.8618     1.5467      98.59   27.99894  -86.62010   -0.00003    0.00018     4.6361     4.6681     4.1174     4.1184    34.9712    34.9697    27.7509    27.7496    1500.92    201.457    202.847         49 0.0000e+00
     125159   5214.920   2073.654   2098.000     4.2988     4.2995   3.370144   3.370092     1.8620     1.5470     100.00   27.99902  -86.62034   -0.00002    0.00020     4.6366     4.6688     4.1170     4.1177    34.9714    34.9700    27.7511    27.7499    1500.92    201.480    202.879         57 0.0000e+00
     125210   5217.045   2072.671   2097.000     4.2987     4.2995   3.370098   3.370028     1.8622     1.5470     100.00   27.99902  -86.62034    0.00011    0.00005     4.6365     4.6685     4.1170     4.1178    34.9714    34.9698    27.7512    27.7498    1500.92    201.474    202.867         42 0.0000e+00
     125246   5218.545   2071.687   2096.000     4.2985     4.2993   3.370039   3.369985     1.8623     1.5470     100.00   27.99902  -86.62034    0.00005    0.00002     4.6363     4.6678     4.1169     4.1177    34.9714    34.9699    27.7511    27.7499    1500.92    201.467    202.835         33 0.0000e+00
