Gulf of Mexico/GOMECC-4/1db/urb2103_0291.cnv
* Sea-Bird SBE 9 Data File:
* FileName = C:\Users\scs.user.rb\CTD\GOMECC4\data\rb2103_0291.hex
* Software Version Seasave V 7.26.7.107
* Temperature SN = 4799
* Conductivity SN = 3860
* Number of Bytes Per Scan = 41
* Number of Voltage Words = 4
* Number of Scans Averaged by the Deck Unit = 1
* NMEA Latitude = 27 29.98 N
* NMEA Longitude = 086 48.58 W
* NMEA UTC (Time) = Sep 22 2021  01:30:43
* NMEA baud rate = 4800
# nquan = 28
# nvalues = 333                         
# units = specified
# name 0 = scan: Scan Count
# name 1 = timeS: Time, Elapsed [seconds]
# name 2 = depSM: Depth [salt water, m]
# name 3 = prDM: Pressure, Digiquartz [db]
# name 4 = t090C: Temperature [ITS-90, deg C]
# name 5 = t190C: Temperature, 2 [ITS-90, deg C]
# name 6 = c0S/m: Conductivity [S/m]
# name 7 = c1S/m: Conductivity, 2 [S/m]
# name 8 = sbeox0V: Oxygen raw, SBE 43 [V]
# name 9 = sbeox1V: Oxygen raw, SBE 43, 2 [V]
# name 10 = altM: Altimeter [m]
# name 11 = latitude: Latitude [deg]
# name 12 = longitude: Longitude [deg]
# name 13 = sbox0dV/dT: Oxygen, SBE 43 [dov/dt]
# name 14 = sbox1dV/dT: Oxygen, SBE 43, 2 [dov/dt]
# name 15 = sbeox0ML/L: Oxygen, SBE 43 [ml/l], WS = 5
# name 16 = sbeox1ML/L: Oxygen, SBE 43, 2 [ml/l], WS = 5
# name 17 = potemp090C: Potential Temperature [ITS-90, deg C]
# name 18 = potemp190C: Potential Temperature, 2 [ITS-90, deg C]
# name 19 = sal00: Salinity, Practical [PSU]
# name 20 = sal11: Salinity, Practical, 2 [PSU]
# name 21 = sigma-é00: Density [sigma-theta, kg/m^3]
# name 22 = sigma-é11: Density, 2 [sigma-theta, kg/m^3]
# name 23 = avgsvCM: Average Sound Velocity [Chen-Millero, m/s], minP = 20, minS = 20
# name 24 = sbox0Mm/Kg: Oxygen, SBE 43 [umol/kg], WS = 5
# name 25 = sbox1Mm/Kg: Oxygen, SBE 43, 2 [umol/kg], WS = 5
# name 26 = nbin: number of scans per bin
# name 27 = flag: flag
# span 0 =     102339,     243073       
# span 1 =   4264.066,  10128.004       
# span 2 =      1.987,   3025.693       
# span 3 =      2.000,   3068.000       
# span 4 =     4.2825,    29.3432       
# span 5 =     4.2833,    29.3259       
# span 6 =   3.341759,   5.928917       
# span 7 =   3.341691,   5.930771       
# span 8 =     1.6201,     3.2295       
# span 9 =     1.3227,     2.7085       
# span 10 =      10.30,     111.54      
# span 11 =   27.48736,   28.32218      
# span 12 =  -89.42718,  -86.79127      
# span 13 =   -0.00272,    0.03050      
# span 14 =   -0.00285,    0.02909      
# span 15 =     2.5189,     4.6873      
# span 16 =     2.5437,     4.7171      
# span 17 =     4.0810,    29.3398      
# span 18 =     4.0820,    29.3226      
# span 19 =    32.4490,    39.9694      
# span 20 =    32.4470,    36.6030      
# span 21 =    20.3697,    31.0679      
# span 22 =    20.3693,    27.7570      
# span 23 =    1500.56,    1546.13      
# span 24 =    109.540,    203.679      
# span 25 =    110.622,    204.976      
# span 26 =         30,         77      
# span 27 = 0.0000e+00, 0.0000e+00      
# interval = decibars: 1                
# start_time = Sep 22 2021 01:30:43 [NMEA time, header]
# bad_flag = -9.990e-29
*END*
[from data line 156]
     156243   6510.082   1572.502   1589.000     4.2893     4.2901   3.348441   3.348358     1.9371     1.6180     100.00   27.49520  -86.81579   -0.00005    0.00010     4.6270     4.6642     4.1575     4.1582    34.9697    34.9680    27.7455    27.7440    1501.00    201.063    202.680         30 0.0000e+00
     156274   6511.365   1571.516   1588.000     4.2893     4.2900   3.348392   3.348305     1.9369     1.6178     100.00   27.49512  -86.81554   -0.00003    0.00001     4.6255     4.6629     4.1576     4.1583    34.9696    34.9679    27.7454    27.7439    1501.00    200.997    202.625         33 0.0000e+00
     156306   6512.706   1570.530   1587.000     4.2894     4.2901   3.348346   3.348272     1.9371     1.6178     100.00   27.49512  -86.81554   -0.00001   -0.00003     4.6257     4.6623     4.1578     4.1585    34.9694    34.9679    27.7452    27.7439    1501.00    201.005    202.598         31 0.0000e+00
     159808   6658.607   1439.363   1454.000     4.3086     4.3093   3.344398   3.344319     1.9510     1.6312     100.00   27.49512  -86.81558    0.00021    0.00032     4.5961     4.6344     4.1892     4.1899    34.9679    34.9663    27.7406    27.7393    1501.00    199.723    201.385         30 0.0000e+00
     159964   6665.124   1433.443   1448.000     4.3098     4.3105   3.344239   3.344159     1.9518     1.6319     100.00   27.49511  -86.81550    0.00010    0.00013     4.5952     4.6333     4.1909     4.1916    34.9678    34.9661    27.7403    27.7390    1501.00    199.684    201.337         31 0.0000e+00
     160149   6672.836   1426.537   1441.000     4.3102     4.3108   3.343975   3.343892     1.9525     1.6316     100.00   27.49513  -86.81554    0.00005    0.00003     4.5936     4.6278     4.1920     4.1926    34.9677    34.9661    27.7401    27.7388    1501.00    199.614    201.098         31 0.0000e+00
     160306   6679.374   1420.618   1435.000     4.3114     4.3120   3.343808   3.343727     1.9535     1.6324      99.93   27.49503  -86.81523    0.00011   -0.00002     4.5937     4.6275     4.1938     4.1943    34.9673    34.9658    27.7397    27.7384    1501.00    199.616    201.086         34 0.0000e+00
     160962   6706.708   1395.951   1410.000     4.3177     4.3182   3.343295   3.343222     1.9540     1.6333     100.00   27.49521  -86.81581    0.00010    0.00017     4.5799     4.6154     4.2022     4.2028    34.9671    34.9656    27.7386    27.7374    1501.00    199.018    200.559         30 0.0000e+00
     161047   6710.233   1392.991   1407.000     4.3177     4.3182   3.343182   3.343100     1.9539     1.6337     100.00   27.49522  -86.81586    0.00003    0.00013     4.5778     4.6150     4.2025     4.2030    34.9672    34.9657    27.7387    27.7374    1501.01    198.927    200.541         33 0.0000e+00
     161124   6713.473   1392.004   1406.000     4.3173     4.3179   3.343091   3.343016     1.9539     1.6337     100.00   27.49512  -86.81554   -0.00004    0.00001     4.5772     4.6145     4.2022     4.2029    34.9670    34.9655    27.7385    27.7372    1501.00    198.900    200.521         51 0.0000e+00
     161198   6716.534   1391.017   1405.000     4.3170     4.3177   3.343025   3.342948     1.9538     1.6336     100.00   27.49512  -86.81554   -0.00002   -0.00001     4.5762     4.6137     4.2020     4.2027    34.9671    34.9655    27.7386    27.7373    1501.00    198.858    200.485         70 0.0000e+00
     161275   6719.733   1390.030   1404.000     4.3170     4.3177   3.342979   3.342912     1.9544     1.6336     100.00   27.49512  -86.81554    0.00017   -0.00003     4.5777     4.6129     4.2021     4.2028    34.9670    34.9655    27.7385    27.7373    1501.00    198.922    200.452         61 0.0000e+00
     161365   6723.519   1389.049   1403.000     4.3171     4.3176   3.342938   3.342863     1.9549     1.6337     100.00   27.49512  -86.81554    0.00009    0.00008     4.5793     4.6127     4.2023     4.2028    34.9669    34.9655    27.7385    27.7373    1501.00    198.991    200.443         30 0.0000e+00
     161441   6726.672   1388.056   1402.000     4.3171     4.3178   3.342903   3.342827     1.9550     1.6343      84.08   27.49512  -86.81554    0.00008    0.00016     4.5787     4.6146     4.2024     4.2032    34.9670    34.9653    27.7385    27.7371    1501.00    198.967    200.525         54 0.0000e+00
     161534   6730.552   1387.070   1401.000     4.3171     4.3183   3.342862   3.342829     1.9550     1.6347      74.23   27.49512  -86.81554    0.00000    0.00007     4.5782     4.6156     4.2025     4.2037    34.9670    34.9654    27.7385    27.7371    1501.00    198.942    200.569         45 0.0000e+00
     162718   6779.855   1386.083   1400.000     4.3180     4.3190   3.342898   3.342857     1.9550     1.6355      95.32   27.49512  -86.81554   -0.00003    0.00010     4.5777     4.6181     4.2035     4.2045    34.9670    34.9655    27.7384    27.7371    1501.00    198.922    200.678         39 0.0000e+00
     163111   6796.241   1384.110   1398.000     4.3188     4.3195   3.343010   3.342946     1.9557     1.6360     100.00   27.49636  -86.81944    0.00007 8.0922e-07     4.5789     4.6188     4.2045     4.2052    34.9685    34.9670    27.7395    27.7382    1501.07    198.975    200.709         38 0.0000e+00
     163165   6798.516   1383.123   1397.000     4.3196     4.3207   3.342902   3.342868     1.9557     1.6359     100.00   27.49512  -86.81554    0.00012   -0.00000     4.5782     4.6178     4.2054     4.2065    34.9668    34.9652    27.7380    27.7367    1501.00    198.946    200.664         48 0.0000e+00
     163237   6801.488   1382.136   1396.000     4.3207     4.3215   3.342945   3.342908     1.9559     1.6353     100.00   27.49512  -86.81554    0.00004   -0.00025     4.5783     4.6143     4.2065     4.2074    34.9667    34.9654    27.7378    27.7367    1501.00    198.947    200.514         47 0.0000e+00
     163278   6803.203   1381.149   1395.000     4.3215     4.3223   3.342969   3.342921     1.9559     1.6352      78.55   27.49512  -86.81554   -0.00007   -0.00015     4.5774     4.6135     4.2074     4.2082    34.9666    34.9652    27.7377    27.7364    1501.00    198.907    200.476         41 0.0000e+00
     163320   6804.961   1380.163   1394.000     4.3222     4.3229   3.342995   3.342934     1.9561     1.6356     100.29   27.49512  -86.81554    0.00007    0.00009     4.5776     4.6144     4.2082     4.2089    34.9666    34.9652    27.7376    27.7364    1501.00    198.916    200.516         42 0.0000e+00
     163358   6806.541   1379.176   1393.000     4.3223     4.3232   3.342964   3.342918     1.9563     1.6352     100.00   27.49511  -86.81554    0.00010    0.00002     4.5776     4.6121     4.2084     4.2093    34.9667    34.9652    27.7376    27.7363    1501.00    198.916    200.417         34 0.0000e+00
     163390   6807.871   1378.189   1392.000     4.3228     4.3236   3.342956   3.342912     1.9563     1.6349      16.84   27.49510  -86.81554    0.00007   -0.00019     4.5769     4.6102     4.2090     4.2098    34.9665    34.9652    27.7374    27.7363    1501.00    198.888    200.335         31 0.0000e+00
     163422   6809.210   1377.202   1391.000     4.3234     4.3240   3.342973   3.342894     1.9564     1.6348      58.11   27.49510  -86.81554    0.00006   -0.00020     4.5768     4.6091     4.2096     4.2102    34.9667    34.9651    27.7375    27.7362    1501.00    198.883    200.287         32 0.0000e+00
     163512   6812.948   1374.242   1388.000     4.3238     4.3244   3.342942   3.342857     1.9566     1.6351     100.00   27.49556  -86.81701    0.00001    0.00005     4.5755     4.6084     4.2103     4.2109    34.9673    34.9658    27.7379    27.7366    1501.03    198.827    200.255         33 0.0000e+00
     163544   6814.287   1373.255   1387.000     4.3237     4.3244   3.342833   3.342765     1.9564     1.6358     100.00   27.49510  -86.81554 -8.214e-08    0.00020     4.5742     4.6106     4.2104     4.2110    34.9666    34.9651    27.7373    27.7361    1501.00    198.771    200.353         36 0.0000e+00
     163659   6819.080   1369.307   1383.000     4.3239     4.3245   3.342669   3.342593     1.9563     1.6362     100.00   27.49500  -86.81523    0.00002    0.00007     4.5718     4.6098     4.2109     4.2115    34.9665    34.9650    27.7372    27.7359    1500.99    198.664    200.319         32 0.0000e+00
     163692   6820.473   1368.320   1382.000     4.3240     4.3246   3.342641   3.342568     1.9566     1.6365     100.00   27.49510  -86.81554    0.00004    0.00010     4.5721     4.6103     4.2110     4.2116    34.9666    34.9651    27.7372    27.7360    1501.00    198.678    200.341         33 0.0000e+00
     163807   6825.230   1364.373   1378.000     4.3246     4.3254   3.342547   3.342473     1.9572     1.6361     100.00   27.49519  -86.81582    0.00015   -0.00003     4.5719     4.6066     4.2121     4.2128    34.9667    34.9651    27.7372    27.7359    1501.00    198.671    200.178         31 0.0000e+00
     164178   6840.691   1350.556   1364.000     4.3296     4.3303   3.342364   3.342293     1.9589     1.6374     100.00   27.49511  -86.81558    0.00013   -0.00008     4.5691     4.6026     4.2183     4.2190    34.9662    34.9647    27.7362    27.7349    1501.00    198.547    200.006         30 0.0000e+00
     164736   6863.943   1329.829   1343.000     4.3382     4.3389   3.342224   3.342158     1.9599     1.6390     100.00   27.49529  -86.81614    0.00005    0.00016     4.5592     4.5952     4.2287     4.2294    34.9660    34.9645    27.7349    27.7336    1501.01    198.119    199.685         30 0.0000e+00
     164894   6870.553   1323.907   1337.000     4.3392     4.3399   3.342067   3.341999     1.9601     1.6397     100.00   27.49531  -86.81621    0.00001    0.00022     4.5562     4.5944     4.2303     4.2309    34.9660    34.9645    27.7347    27.7335    1501.01    197.990    199.650         31 0.0000e+00
     165051   6877.071   1317.985   1331.000     4.3407     4.3412   3.341944   3.341853     1.9608     1.6398     100.00   27.49538  -86.81643    0.00010 -9.657e-12     4.5550     4.5911     4.2323     4.2327    34.9660    34.9644    27.7345    27.7332    1501.02    197.938    199.508         31 0.0000e+00
     165081   6878.322   1316.998   1330.000     4.3409     4.3418   3.341879   3.341823     1.9607     1.6398     100.00   27.49510  -86.81554    0.00010 -9.978e-12     4.5542     4.5904     4.2325     4.2335    34.9655    34.9639    27.7341    27.7327    1501.00    197.903    199.477         31 0.0000e+00
     165207   6883.595   1312.062   1325.000     4.3462     4.3463   3.342107   3.341988     1.9605     1.6398     100.00   27.49498  -86.81517   -0.00009   -0.00002     4.5499     4.5869     4.2383     4.2383    34.9650    34.9636    27.7331    27.7319    1500.99    197.716    199.322         33 0.0000e+00
     165421   6892.492   1304.165   1317.000     4.3478     4.3481   3.341889   3.341787     1.9605     1.6395     100.00   27.49482  -86.81466    0.00007    0.00007     4.5450     4.5809     4.2406     4.2409    34.9648    34.9632    27.7326    27.7313    1500.98    197.501    199.062         30 0.0000e+00
     166002   6916.689   1282.446   1295.000     4.3579     4.3587   3.341844   3.341779     1.9615     1.6409     100.00   27.49494  -86.81504    0.00013    0.00003     4.5343     4.5719     4.2526     4.2534    34.9645    34.9629    27.7311    27.7298    1500.99    197.036    198.671         30 0.0000e+00
     166549   6939.488   1261.713   1274.000     4.3674     4.3680   3.341759   3.341691     1.9632     1.6410     100.00   27.49499  -86.81513   -0.00004   -0.00010     4.5270     4.5586     4.2638     4.2645    34.9640    34.9625    27.7295    27.7282    1500.99    196.722    198.093         30 0.0000e+00
     167204   6966.772   1237.027   1249.000     4.3848     4.3862   3.342214   3.342212     1.9622     1.6410     100.00   27.49527  -86.81607   -0.00009   -0.00015     4.5066     4.5414     4.2834     4.2848    34.9634    34.9619    27.7269    27.7256    1501.01    195.835    197.347         30 0.0000e+00
     168298   7012.371   1195.549   1207.000     4.4285     4.4292   3.344150   3.344082     1.9583     1.6375     100.00   27.49500  -86.81523   -0.00013   -0.00022     4.4622     4.4978     4.3305     4.3312    34.9609    34.9594    27.7198    27.7185    1500.99    193.908    195.455         30 0.0000e+00
     168425   7017.667   1190.611   1202.000     4.4365     4.4376   3.344640   3.344612     1.9573     1.6374     100.00   27.49518  -86.81580   -0.00009    0.00004     4.4550     4.4934     4.3388     4.3399    34.9608    34.9593    27.7188    27.7175    1501.00    193.594    195.264         32 0.0000e+00
     168636   7026.456   1182.709   1194.000     4.4401     4.4407   3.344600   3.344525     1.9565     1.6361     100.00   27.49509  -86.81552   -0.00001   -0.00016     4.4468     4.4831     4.3431     4.3437    34.9605    34.9590    27.7182    27.7169    1501.00    193.237    194.817         31 0.0000e+00
     169002   7041.723   1168.880   1180.000     4.4517     4.4535   3.345008   3.345044     1.9571     1.6364     100.00   27.49524  -86.81598   -0.00009   -0.00022     4.4395     4.4748     4.3559     4.3577    34.9601    34.9586    27.7164    27.7150    1501.01    192.920    194.454         30 0.0000e+00
     169367   7056.917   1155.051   1166.000     4.4688     4.4703   3.345866   3.345868     1.9559     1.6356     100.00   27.49502  -86.81529   -0.00008    0.00015     4.4251     4.4615     4.3741     4.3756    34.9591    34.9575    27.7136    27.7122    1501.00    192.296    193.879         30 0.0000e+00
     170385   7099.322   1116.521   1127.000     4.5376     4.5383   3.350144   3.350070     1.9450     1.6252     100.00   27.49522  -86.81590   -0.00013   -0.00011     4.3554     4.3905     4.4458     4.4465    34.9562    34.9547    27.7035    27.7022    1501.01    189.266    190.792         31 0.0000e+00
     170923   7121.735   1096.759   1107.000     4.5662     4.5669   3.351833   3.351780     1.9411     1.6217      98.93   27.49604  -86.81849   -0.00034   -0.00014     4.3269     4.3620     4.4759     4.4767    34.9560    34.9546    27.7000    27.6988    1501.05    188.029    189.558         36 0.0000e+00
     170976   7123.978   1095.770   1106.000     4.5647     4.5659   3.351554   3.351554     1.9405     1.6215      99.36   27.49510  -86.81554   -0.00024   -0.00004     4.3245     4.3607     4.4745     4.4758    34.9548    34.9534    27.6992    27.6980    1501.00    187.925    189.502         33 0.0000e+00
     171105   7129.331   1093.794   1104.000     4.5646     4.5656   3.351483   3.351446     1.9403     1.6215      91.34   27.49520  -86.81586   -0.00004    0.00001     4.3223     4.3598     4.4747     4.4756    34.9550    34.9536    27.6993    27.6981    1501.01    187.833    189.461         65 0.0000e+00
     171174   7132.212   1092.806   1103.000     4.5658     4.5670   3.351528   3.351553     1.9404     1.6214     100.01   27.49510  -86.81554    0.00007   -0.00003     4.3222     4.3588     4.4759     4.4771    34.9548    34.9535    27.6990    27.6978    1501.00    187.827    189.418         59 0.0000e+00
     171258   7135.706   1091.818   1102.000     4.5661     4.5730   3.351515   3.352009     1.9405     1.6212     100.00   27.49510  -86.81554    0.00001   -0.00003     4.3218     4.3567     4.4762     4.4832    34.9549    34.9534    27.6990    27.6971    1501.00    187.811    189.327         39 0.0000e+00
     171330   7138.694   1090.830   1101.000     4.5759     4.5807   3.352289   3.352528     1.9406     1.6212     100.00   27.49510  -86.81554    0.00003   -0.00012     4.3205     4.3555     4.4861     4.4908    34.9542    34.9525    27.6974    27.6956    1501.00    187.753    189.274         60 0.0000e+00
