Gulf of Mexico/GOMECC-4/1db/urb2103_0631.cnv
* Sea-Bird SBE 9 Data File:
* FileName = C:\Users\scs.user.rb\CTD\GOMECC4\data\rb2103_0631.hex
* Software Version Seasave V 7.26.7.107
* Temperature SN = 4799
* Conductivity SN = 3860
* Number of Bytes Per Scan = 41
* Number of Voltage Words = 4
* Number of Scans Averaged by the Deck Unit = 1
* NMEA Latitude = 26 03.63 N
* NMEA Longitude = 096 48.43 W
* NMEA UTC (Time) = Sep 30 2021  06:31:03
* NMEA baud rate = 4800
# nquan = 28
# nvalues = 31                          
# units = specified
# name 0 = scan: Scan Count
# name 1 = timeS: Time, Elapsed [seconds]
# name 2 = depSM: Depth [salt water, m]
# name 3 = prDM: Pressure, Digiquartz [db]
# name 4 = t090C: Temperature [ITS-90, deg C]
# name 5 = t190C: Temperature, 2 [ITS-90, deg C]
# name 6 = c0S/m: Conductivity [S/m]
# name 7 = c1S/m: Conductivity, 2 [S/m]
# name 8 = sbeox0V: Oxygen raw, SBE 43 [V]
# name 9 = sbeox1V: Oxygen raw, SBE 43, 2 [V]
# name 10 = altM: Altimeter [m]
# name 11 = latitude: Latitude [deg]
# name 12 = longitude: Longitude [deg]
# name 13 = sbox0dV/dT: Oxygen, SBE 43 [dov/dt]
# name 14 = sbox1dV/dT: Oxygen, SBE 43, 2 [dov/dt]
# name 15 = sbeox0ML/L: Oxygen, SBE 43 [ml/l], WS = 5
# name 16 = sbeox1ML/L: Oxygen, SBE 43, 2 [ml/l], WS = 5
# name 17 = potemp090C: Potential Temperature [ITS-90, deg C]
# name 18 = potemp190C: Potential Temperature, 2 [ITS-90, deg C]
# name 19 = sal00: Salinity, Practical [PSU]
# name 20 = sal11: Salinity, Practical, 2 [PSU]
# name 21 = sigma-é00: Density [sigma-theta, kg/m^3]
# name 22 = sigma-é11: Density, 2 [sigma-theta, kg/m^3]
# name 23 = avgsvCM: Average Sound Velocity [Chen-Millero, m/s], minP = 20, minS = 20
# name 24 = sbox0Mm/Kg: Oxygen, SBE 43 [umol/kg], WS = 5
# name 25 = sbox1Mm/Kg: Oxygen, SBE 43, 2 [umol/kg], WS = 5
# name 26 = nbin: number of scans per bin
# name 27 = flag: flag
# span 0 =      12835,      23301       
# span 1 =    534.754,    970.849       
# span 2 =      2.980,     37.749       
# span 3 =      3.000,     38.000       
# span 4 =    28.7979,    29.4472       
# span 5 =    28.8155,    29.4501       
# span 6 =   5.832375,   5.897421       
# span 7 =   5.833962,   5.897638       
# span 8 =     2.8309,     3.0983       
# span 9 =     2.3910,     2.6236       
# span 10 =       5.71,      41.04      
# span 11 =   26.04907,   26.20824      
# span 12 =  -97.35421,  -96.76322      
# span 13 =   -0.00139,    0.00786      
# span 14 =   -0.00097,    0.01059      
# span 15 =     3.8335,     4.2692      
# span 16 =     3.8227,     4.2629      
# span 17 =    28.7887,    29.4423      
# span 18 =    28.8063,    29.4452      
# span 19 =    35.7089,    35.9184      
# span 20 =    35.7100,    35.9178      
# span 21 =    22.4990,    22.7757      
# span 22 =    22.4998,    22.7682      
# span 23 =    1544.42,    1553.85      
# span 24 =    167.392,    186.464      
# span 25 =    166.937,    186.189      
# span 26 =         31,         66      
# span 27 = 0.0000e+00, 0.0000e+00      
# interval = decibars: 1                
# start_time = Sep 30 2021 06:31:03 [NMEA time, header]
# bad_flag = -9.990e-29
*END*
      12835    534.754     37.749     38.000    28.7979    28.8155   5.832375   5.833962     2.8309     2.3914       5.71   26.06083  -96.80708    0.00052    0.00130     3.8335     3.8396    28.7887    28.8063    35.8535    35.8513    22.7757    22.7682    1545.12    167.392    167.660         40 0.0000e+00
      12873    536.313     36.756     37.000    28.8303    28.8723   5.834968   5.838771     2.8386     2.4006       6.70   26.06082  -96.80707    0.00122    0.00081     3.8450     3.8543    28.8213    28.8634    35.8474    35.8421    22.7603    22.7423    1545.12    167.897    168.304         40 0.0000e+00
      13056    543.971     35.763     36.000    28.8751    28.9089   5.838796   5.842049     2.8465     2.4003       7.66   26.06082  -96.80706    0.00132    0.00017     3.8560     3.8510    28.8664    28.9002    35.8405    35.8376    22.7401    22.7266    1545.12    168.382    168.163         40 0.0000e+00
      13305    554.334     32.783     33.000    28.9553    28.9892   5.846037   5.849273     2.8417     2.3944      10.56   26.05952  -96.80213   -0.00083   -0.00065     3.8406     3.8328    28.9473    28.9812    35.8306    35.8272    22.7053    22.6914    1545.04    167.711    167.373         43 0.0000e+00
      13371    557.087     31.789     32.000    29.0036    29.0360   5.850394   5.853511     2.8407     2.3910      11.49   26.06084  -96.80704   -0.00004   -0.00079     3.8353     3.8227    28.9958    29.0282    35.8253    35.8226    22.6853    22.6724    1545.12    167.484    166.937         37 0.0000e+00
      13526    563.530     29.803     30.000    29.0776    29.1274   5.857769   5.861806     2.8463     2.4250      13.52   26.07098  -96.84465    0.00159    0.00777     3.8399     3.8857    29.0703    29.1201    35.8281    35.8187    22.6645    22.6408    1545.72    167.692    169.693         38 0.0000e+00
      13572    565.442     28.809     29.000    29.1114    29.1310   5.858920   5.860430     2.8593     2.4315      14.46   26.06084  -96.80704    0.00423    0.00777     3.8607     3.8970    29.1044    29.1239    35.8042    35.8000    22.6331    22.6233    1545.12    168.604    170.191         41 0.0000e+00
      13662    569.210     27.816     28.000    29.1315    29.1761   5.859817   5.861905     2.8725     2.4613      15.44   26.06086  -96.80704    0.00160    0.01059     3.8828     3.9547    29.1247    29.1693    35.7957    35.7782    22.6198    22.5916    1545.12    169.570    172.711         43 0.0000e+00
      13721    571.660     26.823     27.000    29.1699    29.1829   5.861638   5.861640     2.9197     2.4817      16.50   26.06086  -96.80704    0.00786    0.00947     3.9650     3.9938    29.1633    29.1763    35.7799    35.7701    22.5949    22.5832    1545.12    173.166    174.422         40 0.0000e+00
      13863    577.585     24.837     25.000    29.1701    29.1886   5.858067   5.858072     2.9566     2.5252      18.39   26.04907  -96.76322    0.00617    0.00785     4.0307     4.0798    29.1640    29.1825    35.7478    35.7328    22.5681    22.5506    1544.42    176.038    178.184         38 0.0000e+00
      13945    580.986     23.842     24.000    29.1976    29.2134   5.860262   5.860889     2.9692     2.5504      19.32   26.06086  -96.80704    0.00465    0.00681     4.0516     4.1284    29.1917    29.2076    35.7505    35.7430    22.5633    22.5524    1545.12    176.953    180.310         40 0.0000e+00
      14011    583.747     22.849     23.000    29.2288    29.2300   5.861725   5.861727     3.0004     2.5621      20.34   26.06087  -96.80703    0.00507    0.00557     4.1054     4.1503    29.2232    29.2244    35.7375    35.7367    22.5430    22.5419    1545.12    179.305    181.265         45 0.0000e+00
      14166    590.206     21.856     22.000    29.2367    29.2646   5.862061   5.863776     3.0307     2.5886      21.44   26.06088  -96.80702    0.00635    0.00542     4.1590     4.2007    29.2314    29.2592    35.7342    35.7252    22.5378    22.5216    1545.12    181.647    183.470         42 0.0000e+00
      15685    653.505     19.869     20.000    29.4472    29.4501   5.897421   5.897638     3.0983     2.6236      23.59   26.20824  -97.35421    0.00036    0.00011     4.2692     4.2629    29.4423    29.4452    35.9184    35.9178    22.6364    22.6349    1553.85    186.464    186.189         31 0.0000e+00
      15856    660.604     18.875     19.000    29.2819    29.2849   5.864161   5.864343     3.0810     2.6084      24.22   26.06092  -96.80696    0.00063   -0.00049     4.2450     4.2375    29.2773    29.2803    35.7158    35.7149    22.5085    22.5068    1545.12    185.407    185.081         53 0.0000e+00
      16146    672.701     17.882     18.000    29.2824    29.2840   5.864020   5.864191     3.0805     2.6096      25.26   26.06094  -96.80694    0.00012    0.00009     4.2437     4.2395    29.2780    29.2797    35.7148    35.7148    22.5075    22.5069    1545.12    185.351    185.168         34 0.0000e+00
      16428    684.448     16.889     17.000    29.2822    29.2832   5.863840   5.863976     3.0827     2.6125      26.28   26.06094  -96.80694    0.00083    0.00083     4.2471     4.2447    29.2781    29.2790    35.7140    35.7142    22.5069    22.5067    1545.12    185.502    185.396         66 0.0000e+00
      16715    696.419     15.895     16.000    29.2820    29.2836   5.863641   5.863813     3.0830     2.6120      27.24   26.06096  -96.80693    0.00018    0.00009     4.2473     4.2432    29.2781    29.2797    35.7131    35.7131    22.5062    22.5056    1545.12    185.508    185.330         57 0.0000e+00
      16974    707.209     14.902     15.000    29.2835    29.2854   5.863698   5.864039     3.0829     2.6121      28.19   26.06097  -96.80692   -0.00039    0.00021     4.2463     4.2428    29.2799    29.2817    35.7126    35.7136    22.5052    22.5053    1545.12    185.468    185.313         60 0.0000e+00
      17271    719.594     13.909     14.000    29.2884    29.2870   5.864379   5.864412     3.0840     2.6089      29.19   26.06099  -96.80692   -0.00033   -0.00005     4.2476     4.2358    29.2850    29.2836    35.7140    35.7153    22.5045    22.5059    1545.12    185.522    185.007         54 0.0000e+00
      17578    732.366     12.915     13.000    29.2862    29.2825   5.864112   5.863730     3.0860     2.6095      30.27   26.06100  -96.80692    0.00048   -0.00030     4.2508     4.2369    29.2830    29.2793    35.7141    35.7142    22.5052    22.5066    1545.12    185.661    185.054         52 0.0000e+00
      17897    745.662     11.922     12.000    29.2828    29.2828   5.863507   5.863564     3.0831     2.6078      31.27   26.06102  -96.80690   -0.00091   -0.00074     4.2453     4.2329    29.2799    29.2799    35.7127    35.7131    22.5053    22.5056    1545.12    185.423    184.881         39 0.0000e+00
      18211    758.744     10.928     11.000    29.2817    29.2840   5.863204   5.863503     3.0847     2.6101      32.27   26.06104  -96.80688   -0.00139    0.00028     4.2479     4.2369    29.2790    29.2814    35.7118    35.7121    22.5048    22.5043    1545.12    185.536    185.054         31 0.0000e+00
      19256    802.300      9.935     10.000    29.2834    29.2842   5.863064   5.863318     3.0857     2.6123      37.46   26.06107  -96.80681    0.00032   -0.00039     4.2490     4.2409    29.2810    29.2818    35.7098    35.7110    22.5027    22.5033    1545.12    185.586    185.230         50 0.0000e+00
      19972    832.106      8.941      9.000    29.2836    29.2856   5.862922   5.863277     3.0869     2.6101      41.04   26.06109  -96.80677    0.00001    0.00028     4.2506     4.2359    29.2814    29.2834    35.7090    35.7100    22.5020    22.5020    1545.12    185.656    185.014         35 0.0000e+00
      20147    839.413      7.948      8.000    29.2835    29.2857   5.862872   5.863260     3.0841     2.6123      34.70   26.06110  -96.80676   -0.00058    0.00078     4.2452     4.2398    29.2815    29.2838    35.7091    35.7100    22.5020    22.5019    1545.12    185.417    185.182         44 0.0000e+00
      20191    841.269      6.955      7.000    29.2830    29.2853   5.862808   5.863183     3.0842     2.6124      35.65   26.06110  -96.80676   -0.00109   -0.00097     4.2448     4.2394    29.2813    29.2836    35.7092    35.7102    22.5022    22.5021    1545.12    185.401    185.167         34 0.0000e+00
      20279    844.924      5.961      6.000    29.2832    29.2845   5.862741   5.863076     3.0848     2.6131      36.86   26.06110  -96.80676    0.00024   -0.00007     4.2454     4.2404    29.2818    29.2831    35.7089    35.7103    22.5018    22.5024    1545.12    185.429    185.208         42 0.0000e+00
      20319    846.603      4.967      5.000    29.2848    29.2872   5.862907   5.863412     3.0871     2.6114      37.65   26.06110  -96.80676    0.00056    0.00101     4.2489     4.2363    29.2836    29.2859    35.7092    35.7109    22.5014    22.5019    1545.12    185.578    185.028         41 0.0000e+00
      20404    850.117      3.974      4.000    29.2872    29.2931   5.863250   5.864255     3.0878     2.6141      38.82   26.06110  -96.80676    0.00015    0.00049     4.2493     4.2408    29.2862    29.2921    35.7101    35.7126    22.5012    22.5010    1545.12    185.598    185.226         54 0.0000e+00
      23301    970.849      2.980      3.000    29.2910    29.2914   5.863476   5.863694     3.0871     2.6125      39.58   26.06110  -96.80677   -0.00053    0.00016     4.2475     4.2373    29.2903    29.2907    35.7091    35.7102    22.4990    22.4998    1545.12    185.517    185.074         40 0.0000e+00
