Gulf of Mexico/GOMECC-4/1db/urb2103_0871.cnv
* Sea-Bird SBE 9 Data File:
* FileName = C:\Users\scs.user.rb\CTD\GOMECC4\data\rb2103_0871.hex
* Software Version Seasave V 7.26.7.107
* Temperature SN = 4799
* Conductivity SN = 3860
* Number of Bytes Per Scan = 41
* Number of Voltage Words = 4
* Number of Scans Averaged by the Deck Unit = 1
* NMEA Latitude = 19 36.52 N
* NMEA Longitude = 093 30.02 W
* NMEA UTC (Time) = Oct 08 2021  13:21:27
* NMEA baud rate = 4800
# nquan = 28
# nvalues = 218                         
# units = specified
# name 0 = scan: Scan Count
# name 1 = timeS: Time, Elapsed [seconds]
# name 2 = depSM: Depth [salt water, m]
# name 3 = prDM: Pressure, Digiquartz [db]
# name 4 = t090C: Temperature [ITS-90, deg C]
# name 5 = t190C: Temperature, 2 [ITS-90, deg C]
# name 6 = c0S/m: Conductivity [S/m]
# name 7 = c1S/m: Conductivity, 2 [S/m]
# name 8 = sbeox0V: Oxygen raw, SBE 43 [V]
# name 9 = sbeox1V: Oxygen raw, SBE 43, 2 [V]
# name 10 = altM: Altimeter [m]
# name 11 = latitude: Latitude [deg]
# name 12 = longitude: Longitude [deg]
# name 13 = sbox0dV/dT: Oxygen, SBE 43 [dov/dt]
# name 14 = sbox1dV/dT: Oxygen, SBE 43, 2 [dov/dt]
# name 15 = sbeox0ML/L: Oxygen, SBE 43 [ml/l], WS = 5
# name 16 = sbeox1ML/L: Oxygen, SBE 43, 2 [ml/l], WS = 5
# name 17 = potemp090C: Potential Temperature [ITS-90, deg C]
# name 18 = potemp190C: Potential Temperature, 2 [ITS-90, deg C]
# name 19 = sal00: Salinity, Practical [PSU]
# name 20 = sal11: Salinity, Practical, 2 [PSU]
# name 21 = sigma-é00: Density [sigma-theta, kg/m^3]
# name 22 = sigma-é11: Density, 2 [sigma-theta, kg/m^3]
# name 23 = avgsvCM: Average Sound Velocity [Chen-Millero, m/s], minP = 20, minS = 20
# name 24 = sbox0Mm/Kg: Oxygen, SBE 43 [umol/kg], WS = 5
# name 25 = sbox1Mm/Kg: Oxygen, SBE 43, 2 [umol/kg], WS = 5
# name 26 = nbin: number of scans per bin
# name 27 = flag: flag
# span 0 =      45480,     105047       
# span 1 =   1894.957,   4376.925       
# span 2 =      0.994,   1069.656       
# span 3 =      1.000,   1079.000       
# span 4 =     5.7490,    29.8963       
# span 5 =     5.7495,    29.9219       
# span 6 =   3.448979,   5.882064       
# span 7 =   3.449256,   5.882221       
# span 8 =     1.5767,     3.1537       
# span 9 =     1.2795,     2.6680       
# span 10 =      10.22,     107.01      
# span 11 =   19.46423,   19.84026      
# span 12 =  -94.60421,  -92.81120      
# span 13 =   -0.00112,    0.02501      
# span 14 =   -0.00245,    0.01656      
# span 15 =     2.3797,     4.4421      
# span 16 =     2.3936,     4.4428      
# span 17 =     5.6520,    29.8933      
# span 18 =     5.6525,    29.9189      
# span 19 =    34.4748,    36.5409      
# span 20 =    34.4851,    36.5419      
# span 21 =    21.6049,    27.5348      
# span 22 =    21.6105,    27.5344      
# span 23 =    1487.73,    1516.47      
# span 24 =    103.478,    193.748      
# span 25 =    104.082,    193.772      
# span 26 =         30,         74      
# span 27 = 0.0000e+00, 0.0000e+00      
# interval = decibars: 1                
# start_time = Oct 08 2021 13:21:27 [NMEA time, header]
# bad_flag = -9.990e-29
*END*
[from data line 52]
      54888   2286.946    769.837    776.000     6.2898     6.2917   3.490778   3.491007     1.6989     1.3919      99.91   19.60886  -93.50062   -0.00105   -0.00116     3.1689     3.1813     6.2183     6.2202    34.9196    34.9194    27.4610    27.4606    1498.78    137.742    138.280         32 0.0000e+00
      54994   2291.365    765.876    772.000     6.3309     6.3316   3.494415   3.494447     1.6943     1.3888     100.00   19.60931  -93.50277   -0.00092   -0.00068     3.1482     3.1652     6.2596     6.2603    34.9212    34.9208    27.4569    27.4565    1498.81    136.843    137.579         32 0.0000e+00
      55104   2295.961    761.915    768.000     6.3526     6.3525   3.496179   3.496140     1.6905     1.3845     100.00   19.60906  -93.50160   -0.00080   -0.00087     3.1327     3.1469     6.2815     6.2814    34.9206    34.9203    27.4535    27.4533    1498.80    136.169    136.787         30 0.0000e+00
      55212   2300.460    757.954    764.000     6.3894     6.3907   3.499478   3.499538     1.6876     1.3823     100.00   19.60923  -93.50241   -0.00056   -0.00046     3.1185     3.1343     6.3185     6.3198    34.9218    34.9212    27.4496    27.4489    1498.81    135.550    136.238         33 0.0000e+00
      55319   2304.915    753.993    760.000     6.4221     6.4235   3.502315   3.502424     1.6852     1.3793     100.00   19.60938  -93.50311   -0.00054   -0.00068     3.1063     3.1193     6.3514     6.3527    34.9222    34.9219    27.4455    27.4452    1498.82    135.021    135.587         30 0.0000e+00
      55350   2306.191    753.003    759.000     6.4253     6.4255   3.502491   3.502493     1.6839     1.3781     100.00   19.60886  -93.50064   -0.00058   -0.00075     3.1015     3.1148     6.3547     6.3549    34.9212    34.9210    27.4443    27.4442    1498.78    134.812    135.391         33 0.0000e+00
      55455   2310.592    749.042    755.000     6.4657     6.4657   3.506063   3.506038     1.6809     1.3758     100.00   19.60894  -93.50101   -0.00066   -0.00051     3.0869     3.1017     6.3952     6.3952    34.9217    34.9215    27.4394    27.4392    1498.79    134.179    134.822         31 0.0000e+00
      55648   2318.637    742.109    748.000     6.5103     6.5117   3.509900   3.509973     1.6759     1.3714     100.00   19.60914  -93.50197   -0.00035   -0.00025     3.0643     3.0799     6.4403     6.4417    34.9223    34.9216    27.4338    27.4331    1498.80    133.197    133.875         34 0.0000e+00
      55783   2324.240    737.158    743.000     6.5440     6.5509   3.512760   3.513362     1.6722     1.3670     100.00   19.60843  -93.49857   -0.00066   -0.00089     3.0478     3.0596     6.4743     6.4812    34.9222    34.9218    27.4292    27.4280    1498.75    132.482    132.993         37 0.0000e+00
      55920   2329.949    732.206    738.000     6.5687     6.5695   3.514890   3.514940     1.6684     1.3640      93.20   19.60914  -93.50196   -0.00052   -0.00035     3.0317     3.0457     6.4993     6.5001    34.9233    34.9230    27.4268    27.4264    1498.80    131.782    132.391         37 0.0000e+00
      56055   2335.571    727.253    733.000     6.5901     6.5911   3.516723   3.516787     1.6670     1.3633     100.00   19.60946  -93.50348   -0.00019   -0.00010     3.0234     3.0393     6.5212     6.5221    34.9242    34.9238    27.4246    27.4241    1498.83    131.423    132.112         33 0.0000e+00
      56085   2336.854    726.263    732.000     6.5922     6.5923   3.516718   3.516749     1.6660     1.3626      54.40   19.60886  -93.50064   -0.00027   -0.00033     3.0199     3.0366     6.5233     6.5234    34.9225    34.9227    27.4230    27.4231    1498.78    131.269    131.996         30 0.0000e+00
      56300   2345.792    718.340    724.000     6.6192     6.6200   3.518969   3.519017     1.6641     1.3604     100.00   19.60902  -93.50148   -0.00022   -0.00030     3.0082     3.0236     6.5509     6.5518    34.9240    34.9236    27.4204    27.4200    1498.79    130.762    131.431         30 0.0000e+00
      56409   2350.327    714.378    720.000     6.6347     6.6365   3.520251   3.520356     1.6631     1.3604     100.01   19.60985  -93.50538   -0.00016 -4.628e-09     3.0022     3.0206     6.5668     6.5686    34.9257    34.9251    27.4196    27.4189    1498.86    130.502    131.299         31 0.0000e+00
      56439   2351.578    713.387    719.000     6.6408     6.6451   3.520754   3.520985     1.6629     1.3602     100.00   19.60886  -93.50064   -0.00006    0.00001     3.0010     3.0190     6.5729     6.5772    34.9241    34.9223    27.4175    27.4155    1498.78    130.447    131.229         34 0.0000e+00
      56544   2355.970    709.425    715.000     6.6683     6.6692   3.523182   3.523248     1.6613     1.3581     100.00   19.60913  -93.50193   -0.00038   -0.00051     2.9920     3.0081     6.6007     6.6016    34.9248    34.9248    27.4144    27.4142    1498.80    130.057    130.757         34 0.0000e+00
      56682   2361.689    704.473    710.000     6.6772     6.6771   3.523787   3.523731     1.6592     1.3563     100.00   19.60905  -93.50154   -0.00026   -0.00016     2.9827     2.9996     6.6100     6.6099    34.9251    34.9246    27.4133    27.4129    1498.79    129.654    130.387         33 0.0000e+00
      56818   2367.359    699.520    705.000     6.6920     6.6937   3.524926   3.525029     1.6588     1.3565     100.00   19.60890  -93.50081   -0.00004   -0.00003     2.9783     2.9969     6.6253     6.6270    34.9251    34.9245    27.4112    27.4105    1498.78    129.463    130.272         34 0.0000e+00
      57253   2385.502    683.671    689.000     6.8189     6.8184   3.536227   3.536120     1.6509     1.3482     100.00   19.60870  -93.49989   -0.00069   -0.00069     2.9370     2.9525     6.7531     6.7526    34.9289    34.9282    27.3969    27.3964    1498.77    127.669    128.343         30 0.0000e+00
      57362   2390.058    679.708    685.000     6.8784     6.8812   3.541855   3.542107     1.6482     1.3456      90.54   19.60968  -93.50454   -0.00059   -0.00058     2.9222     2.9372     6.8127     6.8155    34.9327    34.9327    27.3917    27.3913    1498.84    127.028    127.679         31 0.0000e+00
      57392   2391.294    678.717    684.000     6.8848     6.8861   3.542263   3.542376     1.6463     1.3438     100.16   19.60886  -93.50064   -0.00084   -0.00079     2.9156     2.9301     6.8192     6.8204    34.9311    34.9310    27.3895    27.3893    1498.78    126.741    127.371         32 0.0000e+00
      57501   2395.818    674.755    680.000     6.9123     6.9117   3.544936   3.544862     1.6434     1.3413     100.01   19.61027  -93.50738   -0.00071   -0.00052     2.9025     2.9182     6.8470     6.8463    34.9348    34.9346    27.3887    27.3887    1498.89    126.171    126.853         36 0.0000e+00
      57531   2397.079    673.764    679.000     6.9107     6.9118   3.544540   3.544603     1.6421     1.3405      99.23   19.60886  -93.50064   -0.00057   -0.00048     2.8985     2.9153     6.8454     6.8465    34.9323    34.9319    27.3869    27.3865    1498.78    125.996    126.728         30 0.0000e+00
      57632   2401.274    669.802    675.000     6.9275     6.9291   3.545816   3.545966     1.6406     1.3393     100.00   19.60804  -93.49671   -0.00034   -0.00025     2.8909     2.9082     6.8625     6.8642    34.9312    34.9312    27.3837    27.3834    1498.72    125.667    126.420         37 0.0000e+00
      57742   2405.869    665.839    671.000     6.9500     6.9510   3.547927   3.548034     1.6396     1.3382     100.00   19.60915  -93.50202   -0.00020   -0.00031     2.8845     2.9012     6.8853     6.8863    34.9338    34.9339    27.3826    27.3826    1498.80    125.389    126.113         31 0.0000e+00
      57934   2413.862    658.904    664.000     6.9906     6.9940   3.551470   3.551753     1.6373     1.3358     100.00   19.60877  -93.50014   -0.00033   -0.00033     2.8715     2.8873     6.9264     6.9298    34.9350    34.9347    27.3779    27.3771    1498.77    124.824    125.511         33 0.0000e+00
      58283   2428.426    646.023    651.000     7.1520     7.1476   3.566400   3.565967     1.6291     1.3271     100.00   19.60845  -93.49860   -0.00067   -0.00076     2.8289     2.8414     7.0883     7.0839    34.9418    34.9415    27.3606    27.3610    1498.75    122.974    123.517         30 0.0000e+00
      58766   2448.549    628.188    633.000     7.3032     7.3029   3.580351   3.580304     1.6151     1.3153     100.00   19.60843  -93.49852   -0.00046   -0.00036     2.7676     2.7837     7.2407     7.2403    34.9504    34.9502    27.3459    27.3458    1498.75    120.312    121.011         30 0.0000e+00
      58957   2456.502    621.252    626.000     7.3370     7.3375   3.583605   3.583622     1.6140     1.3150     100.01   19.61023  -93.50708    0.00002   -0.00001     2.7591     2.7777     7.2750     7.2755    34.9553    34.9552    27.3450    27.3448    1498.88    119.943    120.749         35 0.0000e+00
      59063   2460.919    617.288    622.000     7.3674     7.3705   3.586482   3.586780     1.6130     1.3141     100.01   19.61040  -93.50787   -0.00017   -0.00024     2.7524     2.7707     7.3057     7.3088    34.9581    34.9583    27.3428    27.3425    1498.90    119.652    120.447         32 0.0000e+00
      59094   2462.190    616.297    621.000     7.3636     7.3668   3.585815   3.586147     1.6125     1.3133     100.00   19.60888  -93.50064   -0.00008   -0.00030     2.7509     2.7683     7.3020     7.3052    34.9549    34.9553    27.3407    27.3406    1498.78    119.585    120.342         35 0.0000e+00
      59198   2466.539    612.333    617.000     7.3960     7.3985   3.589064   3.589301     1.6119     1.3124     100.01   19.61002  -93.50606   -0.00012   -0.00012     2.7451     2.7613     7.3346     7.3372    34.9599    34.9599    27.3400    27.3396    1498.87    119.333    120.038         36 0.0000e+00
      59331   2472.076    607.378    612.000     7.4887     7.4910   3.598075   3.598331     1.6104     1.3090     100.00   19.60883  -93.50038   -0.00011   -0.00057     2.7320     2.7415     7.4274     7.4297    34.9667    34.9672    27.3320    27.3321    1498.78    118.765    119.177         33 0.0000e+00
      59466   2477.708    602.423    607.000     7.5118     7.5122   3.600315   3.600307     1.6060     1.3066     100.00   19.60971  -93.50458   -0.00063   -0.00037     2.7149     2.7302     7.4510     7.4513    34.9704    34.9699    27.3316    27.3312    1498.84    118.020    118.687         30 0.0000e+00
      59495   2478.911    601.432    606.000     7.5139     7.5142   3.600330   3.600359     1.6056     1.3065     100.00   19.60887  -93.50064   -0.00050   -0.00016     2.7132     2.7294     7.4532     7.4535    34.9688    34.9689    27.3299    27.3300    1498.78    117.948    118.653         31 0.0000e+00
      60010   2500.383    597.468    602.000     7.5259     7.5299   3.601889   3.602236     1.6049     1.3059     100.02   19.61280  -93.51933   -0.00005   -0.00019     2.7085     2.7248     7.4655     7.4695    34.9762    34.9760    27.3342    27.3334    1499.08    117.744    118.453         40 0.0000e+00
      62051   2585.431    565.753    570.000     7.8605     7.8609   3.633178   3.633219     1.5917     1.2933     100.00   19.60883  -93.50041   -0.00010   -0.00021     2.6340     2.6492     7.8020     7.8024    34.9935    34.9935    27.2983    27.2983    1498.78    114.509    115.171         30 0.0000e+00
      63221   2634.187    518.170    522.000     8.2405     8.2425   3.669656   3.669782     1.5819     1.2832     100.00   19.60855  -93.49914   -0.00024   -0.00042     2.5627     2.5747     8.1856     8.1876    35.0278    35.0271    27.2676    27.2668    1498.76    111.411    111.935         30 0.0000e+00
      63343   2639.233    513.213    517.000     8.3298     8.3418   3.678669   3.679719     1.5804     1.2824     100.00   19.60875  -93.50004   -0.00031   -0.00017     2.5505     2.5640     8.2751     8.2870    35.0374    35.0367    27.2615    27.2591    1498.77    110.882    111.469         31 0.0000e+00
      63464   2644.277    508.256    512.000     8.3705     8.3719   3.682663   3.682750     1.5779     1.2807     100.00   19.60939  -93.50309   -0.00056   -0.00019     2.5385     2.5547     8.3162     8.3175    35.0419    35.0415    27.2588    27.2582    1498.82    110.363    111.064         33 0.0000e+00
      63609   2650.351    502.307    506.000     8.4214     8.4218   3.687224   3.687236     1.5767     1.2795     100.00   19.60854  -93.49906   -0.00015   -0.00010     2.5298     2.5460     8.3676     8.3680    35.0425    35.0422    27.2512    27.2509    1498.75    109.985    110.687         30 0.0000e+00
      66119   2754.924    401.150    404.000     9.9636     9.9647   3.844992   3.845161     1.5782     1.2801     100.01   19.61095  -93.51053    0.00025    0.00019     2.4036     2.4193     9.9162     9.9173    35.2202    35.2193    27.1385    27.1376    1498.94    104.510    105.190         34 0.0000e+00
      67581   2815.814    397.182    400.000    10.0262    10.0272   3.851877   3.852037     1.5798     1.2823     100.02   19.61216  -93.51633    0.00014    0.00009     2.4028     2.4207     9.9791     9.9801    35.2303    35.2310    27.1357    27.1361    1499.03    104.473    105.255         42 0.0000e+00
      67958   2831.550    396.190    399.000    10.0333    10.0324   3.852076   3.852006     1.5798     1.2823     100.00   19.60888  -93.50068    0.00002    0.00008     2.4025     2.4205     9.9863     9.9854    35.2250    35.2251    27.1301    27.1303    1498.78    104.460    105.244         47 0.0000e+00
      68030   2834.543    393.214    396.000    10.0481    10.0497   3.853547   3.853696     1.5801     1.2827     100.00   19.60860  -93.49934    0.00013    0.00012     2.4016     2.4196    10.0014    10.0030    35.2270    35.2271    27.1290    27.1288    1498.76    104.422    105.206         35 0.0000e+00
      68122   2838.390    390.238    393.000    10.0975    10.0980   3.858746   3.858984     1.5813     1.2832     100.00   19.60985  -93.50530    0.00033    0.00017     2.4009     2.4172    10.0510    10.0516    35.2356    35.2364    27.1273    27.1279    1498.85    104.393    105.101         33 0.0000e+00
      68154   2839.698    389.246    392.000    10.1015    10.1033   3.859229   3.859419     1.5813     1.2833     100.00   19.60888  -93.50070    0.00033    0.00009     2.4004     2.4169    10.0551    10.0569    35.2349    35.2350    27.1260    27.1258    1498.78    104.370    105.088         36 0.0000e+00
      68271   2844.590    385.278    388.000    10.1300    10.1284   3.862156   3.861992     1.5813     1.2833     100.00   19.60907  -93.50159    0.00007   -0.00001     2.3974     2.4142    10.0840    10.0824    35.2389    35.2388    27.1242    27.1243    1498.79    104.240    104.971         34 0.0000e+00
      68435   2851.400    379.325    382.000    10.1618    10.1637   3.865469   3.865699     1.5824     1.2840     100.00   19.60963  -93.50427    0.00021    0.00015     2.3966     2.4125    10.1165    10.1184    35.2438    35.2441    27.1224    27.1223    1498.84    104.205    104.898         31 0.0000e+00
      68463   2852.599    378.333    381.000    10.1639    10.1654   3.865513   3.865684     1.5824     1.2845      70.61   19.60888  -93.50069    0.00027    0.00009     2.3963     2.4134    10.1187    10.1202    35.2433    35.2435    27.1216    27.1215    1498.78    104.192    104.938         31 0.0000e+00
      68594   2858.054    373.372    376.000    10.1980    10.1978   3.868924   3.868941     1.5831     1.2843      96.88   19.60839  -93.49838    0.00009   -0.00007     2.3946     2.4094    10.1533    10.1530    35.2470    35.2474    27.1184    27.1188    1498.74    104.119    104.765         31 0.0000e+00
