Gulf of Mexico/GOMECC-4/1db/urb2103_0551.cnv
* Sea-Bird SBE 9 Data File:
* FileName = C:\Users\scs.user.rb\CTD\GOMECC4\data\rb2103_0551.hex
* Software Version Seasave V 7.26.7.107
* Temperature SN = 4799
* Conductivity SN = 3860
* Number of Bytes Per Scan = 41
* Number of Voltage Words = 4
* Number of Scans Averaged by the Deck Unit = 1
* NMEA Latitude = 27 38.90 N
* NMEA Longitude = 094 59.93 W
* NMEA UTC (Time) = Sep 28 2021  16:15:21
* NMEA baud rate = 4800
# nquan = 28
# nvalues = 215                         
# units = specified
# name 0 = scan: Scan Count
# name 1 = timeS: Time, Elapsed [seconds]
# name 2 = depSM: Depth [salt water, m]
# name 3 = prDM: Pressure, Digiquartz [db]
# name 4 = t090C: Temperature [ITS-90, deg C]
# name 5 = t190C: Temperature, 2 [ITS-90, deg C]
# name 6 = c0S/m: Conductivity [S/m]
# name 7 = c1S/m: Conductivity, 2 [S/m]
# name 8 = sbeox0V: Oxygen raw, SBE 43 [V]
# name 9 = sbeox1V: Oxygen raw, SBE 43, 2 [V]
# name 10 = altM: Altimeter [m]
# name 11 = latitude: Latitude [deg]
# name 12 = longitude: Longitude [deg]
# name 13 = sbox0dV/dT: Oxygen, SBE 43 [dov/dt]
# name 14 = sbox1dV/dT: Oxygen, SBE 43, 2 [dov/dt]
# name 15 = sbeox0ML/L: Oxygen, SBE 43 [ml/l], WS = 5
# name 16 = sbeox1ML/L: Oxygen, SBE 43, 2 [ml/l], WS = 5
# name 17 = potemp090C: Potential Temperature [ITS-90, deg C]
# name 18 = potemp190C: Potential Temperature, 2 [ITS-90, deg C]
# name 19 = sal00: Salinity, Practical [PSU]
# name 20 = sal11: Salinity, Practical, 2 [PSU]
# name 21 = sigma-é00: Density [sigma-theta, kg/m^3]
# name 22 = sigma-é11: Density, 2 [sigma-theta, kg/m^3]
# name 23 = avgsvCM: Average Sound Velocity [Chen-Millero, m/s], minP = 20, minS = 20
# name 24 = sbox0Mm/Kg: Oxygen, SBE 43 [umol/kg], WS = 5
# name 25 = sbox1Mm/Kg: Oxygen, SBE 43, 2 [umol/kg], WS = 5
# name 26 = nbin: number of scans per bin
# name 27 = flag: flag
# span 0 =      30860,      84341       
# span 1 =   1285.775,   3514.171       
# span 2 =      1.987,    615.963       
# span 3 =      2.000,    621.000       
# span 4 =     7.8482,    29.6282       
# span 5 =     7.8483,    29.6290       
# span 6 =   3.632257,   5.919402       
# span 7 =   3.632141,   5.919412       
# span 8 =     1.5856,     3.2734       
# span 9 =     1.2909,     2.8066       
# span 10 =      13.03,     102.81      
# span 11 =   27.55847,   28.15903      
# span 12 =  -96.75594,  -94.69200      
# span 13 =   -0.00629,    0.03712      
# span 14 =   -0.01190,    0.03689      
# span 15 =     2.4552,     4.9027      
# span 16 =     2.4813,     4.9174      
# span 17 =     7.7850,    29.6274      
# span 18 =     7.7851,    29.6283      
# span 19 =    34.9752,    36.4638      
# span 20 =    34.9736,    36.4640      
# span 21 =    22.4116,    27.2868      
# span 22 =    22.4104,    27.2857      
# span 23 =    1503.16,    1535.92      
# span 24 =    106.754,    213.707      
# span 25 =    107.887,    214.337      
# span 26 =         30,         65      
# span 27 = 0.0000e+00, 0.0000e+00      
# interval = decibars: 1                
# start_time = Sep 28 2021 16:15:21 [NMEA time, header]
# bad_flag = -9.990e-29
*END*
      30860   1285.775    615.963    621.000     7.8567     7.8565   3.633442   3.633291     1.5949     1.3005      13.03   27.64790  -94.99849    0.00007    0.00009     2.6617     2.6912     7.7928     7.7926    34.9760    34.9746    27.2860    27.2849    1508.02    115.713    116.997         58 0.0000e+00
      30908   1287.779    614.972    620.000     7.8564     7.8567   3.633355   3.633250     1.5952     1.3004      13.92   27.64780  -94.99816    0.00006    0.00002     2.6622     2.6903     7.7926     7.7929    34.9759    34.9744    27.2859    27.2847    1508.01    115.735    116.958         34 0.0000e+00
      30987   1291.080    612.001    617.000     7.8484     7.8485   3.632454   3.632337     1.5949     1.3002      16.74   27.64817  -94.99944   -0.00009   -0.00004     2.6608     2.6894     7.7850     7.7851    34.9756    34.9742    27.2868    27.2857    1508.03    115.676    116.920         30 0.0000e+00
      31016   1292.303    611.011    616.000     7.8485     7.8487   3.632385   3.632257     1.5954     1.3004      17.72   27.64780  -94.99816   -0.00004    0.00006     2.6620     2.6896     7.7852     7.7854    34.9752    34.9736    27.2865    27.2852    1508.01    115.726    116.928         30 0.0000e+00
      31047   1293.584    610.021    615.000     7.8482     7.8483   3.632317   3.632190     1.5957     1.3006      18.81   27.64780  -94.99816    0.00022    0.00006     2.6627     2.6898     7.7850     7.7851    34.9752    34.9737    27.2865    27.2853    1508.01    115.757    116.937         30 0.0000e+00
      31175   1298.936    605.068    610.000     7.8496     7.8499   3.632257   3.632141     1.5967     1.3016      23.80   27.64776  -94.99802    0.00022    0.00005     2.6638     2.6915     7.7869     7.7872    34.9756    34.9740    27.2865    27.2852    1508.01    115.806    117.011         32 0.0000e+00
      31321   1304.993    599.125    604.000     7.8576     7.8572   3.632734   3.632552     1.5960     1.3016      29.78   27.64676  -94.99460   -0.00021    0.00000     2.6592     2.6887     7.7956     7.7951    34.9753    34.9738    27.2850    27.2839    1507.95    115.604    116.889         31 0.0000e+00
      31439   1309.897    594.173    599.000     7.8781     7.8770   3.634855   3.634591     1.5963     1.3016      34.86   27.64914  -95.00277    0.00004   -0.00001     2.6568     2.6858     7.8165     7.8154    34.9799    34.9787    27.2855    27.2848    1508.08    115.499    116.761         39 0.0000e+00
      31579   1315.744    588.230    593.000     7.8973     7.8974   3.636126   3.635998     1.5959     1.3010      40.80   27.64547  -94.99017    0.00001   -0.00007     2.6523     2.6804     7.8362     7.8363    34.9772    34.9758    27.2804    27.2793    1507.88    115.308    116.529         38 0.0000e+00
      31697   1320.670    583.277    588.000     7.9098     7.9081   3.637555   3.637261     1.5961     1.3015      45.68   27.64961  -95.00443    0.00007   -0.00001     2.6501     2.6794     7.8492     7.8475    34.9831    34.9816    27.2832    27.2823    1508.11    115.212    116.486         35 0.0000e+00
      31841   1326.657    577.333    582.000     7.9616     7.9635   3.642349   3.642368     1.5963     1.3012      51.81   27.64715  -94.99600    0.00012    0.00000     2.6452     2.6728     7.9014     7.9033    34.9853    34.9836    27.2771    27.2755    1507.98    114.996    116.196         32 0.0000e+00
      31959   1331.570    572.380    577.000     7.9942     7.9960   3.645402   3.645372     1.5945     1.2993      56.65   27.64794  -94.99871   -0.00031   -0.00040     2.6359     2.6625     7.9344     7.9362    34.9880    34.9859    27.2743    27.2724    1508.02    114.593    115.750         30 0.0000e+00
      32843   1368.435    535.724    540.000     8.2230     8.2224   3.667242   3.667049     1.6036     1.3090      93.60   27.64940  -95.00377    0.00003    0.00012     2.6345     2.6657     8.1662     8.1657    35.0114    35.0099    27.2578    27.2566    1508.10    114.535    115.891         30 0.0000e+00
      32873   1369.681    534.733    539.000     8.2237     8.2232   3.667068   3.666882     1.6039     1.3089      94.76   27.64776  -94.99814    0.00014    0.00026     2.6351     2.6651     8.1671     8.1666    35.0090    35.0075    27.2557    27.2546    1508.01    114.562    115.866         30 0.0000e+00
      32963   1373.423    530.770    535.000     8.2290     8.2287   3.667847   3.667717     1.6047     1.3093      98.47   27.65209  -95.01301    0.00019    0.00008     2.6355     2.6644     8.1728     8.1724    35.0146    35.0133    27.2594    27.2584    1508.25    114.581    115.833         31 0.0000e+00
      32994   1374.713    529.779    534.000     8.2283     8.2282   3.667282   3.667133     1.6044     1.3089      79.20   27.64776  -94.99814    0.00003   -0.00002     2.6345     2.6630     8.1722     8.1721    35.0090    35.0076    27.2549    27.2538    1508.01    114.537    115.776         36 0.0000e+00
      33105   1379.341    524.825    529.000     8.2704     8.2691   3.671131   3.671076     1.6019     1.3060      99.00   27.64854  -95.00081   -0.00053   -0.00076     2.6232     2.6491     8.2146     8.2133    35.0125    35.0115    27.2512    27.2506    1508.05    114.043    115.171         34 0.0000e+00
      33160   1381.626    523.834    528.000     8.2711     8.2763   3.671265   3.671645     1.5994     1.3041      99.96   27.64776  -94.99814   -0.00097   -0.00097     2.6149     2.6423     8.2154     8.2207    35.0119    35.0107    27.2506    27.2488    1508.01    113.683    114.874         41 0.0000e+00
      33292   1387.132    522.843    527.000     8.2928     8.2902   3.673358   3.672908     1.5975     1.3022      97.14   27.64776  -94.99814   -0.00039   -0.00046     2.6073     2.6347     8.2372     8.2346    35.0130    35.0108    27.2482    27.2468    1508.01    113.352    114.547         41 0.0000e+00
      33431   1392.937    521.852    526.000     8.2934     8.3000   3.673433   3.673836     1.5964     1.3017      99.62   27.64776  -94.99814   -0.00015   -0.00004     2.6037     2.6322     8.2379     8.2444    35.0137    35.0114    27.2486    27.2458    1508.01    113.196    114.435         30 0.0000e+00
      33569   1398.655    520.862    525.000     8.2884     8.3024   3.672835   3.674035     1.5966     1.3016      35.52   27.64776  -94.99814    0.00010    0.00001     2.6043     2.6314     8.2330     8.2469    35.0127    35.0118    27.2486    27.2457    1508.01    113.223    114.402         39 0.0000e+00
      33691   1403.733    519.871    524.000     8.3067     8.3095   3.674624   3.674805     1.5965     1.3011     101.81   27.64776  -94.99813   -0.00012   -0.00003     2.6024     2.6291     8.2513     8.2541    35.0141    35.0132    27.2468    27.2457    1508.01    113.140    114.303         53 0.0000e+00
      33817   1409.011    518.880    523.000     8.3227     8.3154   3.676200   3.675411     1.5957     1.3010     100.00   27.64776  -94.99812   -0.00028    0.00014     2.5986     2.6278     8.2674     8.2601    35.0154    35.0143    27.2454    27.2457    1508.01    112.977    114.247         41 0.0000e+00
      33945   1414.339    517.889    522.000     8.3290     8.3254   3.676830   3.676378     1.5953     1.3011     100.00   27.64778  -94.99813   -0.00014    0.00008     2.5967     2.6272     8.2738     8.2702    35.0164    35.0151    27.2452    27.2447    1508.01    112.894    114.219         30 0.0000e+00
      34299   1429.069    516.898    521.000     8.3490     8.3530   3.678868   3.679160     1.5949     1.3006      96.92   27.64777  -94.99814   -0.00010    0.00002     2.5937     2.6233     8.2938     8.2978    35.0186    35.0178    27.2439    27.2426    1508.01    112.762    114.051         46 0.0000e+00
      35799   1491.582    515.907    520.000     8.4075     8.4063   3.684826   3.684568     1.5934     1.2986     100.08   27.64778  -94.99814   -0.00003   -0.00012     2.5850     2.6131     8.3522     8.3510    35.0243    35.0231    27.2394    27.2385    1508.01    112.385    113.606         45 0.0000e+00
      35809   1492.009    514.916    519.000     8.4066     8.4038   3.684666   3.684246     1.5934     1.2990     100.00   27.64778  -94.99814   -0.00002    0.00000     2.5847     2.6143     8.3514     8.3486    35.0241    35.0227    27.2393    27.2386    1508.01    112.371    113.659         44 0.0000e+00
      35847   1493.567    513.926    518.000     8.4026     8.4039   3.684125   3.684245     1.5934     1.2991     100.00   27.64778  -94.99814   -0.00000    0.00013     2.5845     2.6141     8.3475     8.3488    35.0244    35.0227    27.2402    27.2386    1508.01    112.365    113.650         30 0.0000e+00
      35904   1495.953    511.944    516.000     8.4148     8.4165   3.685512   3.685588     1.5939     1.2997     100.00   27.64884  -95.00177    0.00011    0.00008     2.5847     2.6145     8.3599     8.3616    35.0264    35.0255    27.2399    27.2389    1508.07    112.372    113.667         30 0.0000e+00
      35935   1497.238    510.953    515.000     8.4191     8.4200   3.685802   3.685777     1.5941     1.2994     100.00   27.64778  -94.99814    0.00021    0.00018     2.5847     2.6132     8.3643     8.3652    35.0255    35.0243    27.2385    27.2374    1508.01    112.371    113.612         34 0.0000e+00
      36048   1501.970    506.989    511.000     8.4495     8.4491   3.688832   3.688707     1.5946     1.2993     100.00   27.64800  -94.99888    0.00010   -0.00004     2.5827     2.6095     8.3950     8.3946    35.0295    35.0285    27.2368    27.2361    1508.02    112.284    113.449         35 0.0000e+00
      36487   1520.267    490.142    494.000     8.6768     8.6739   3.711925   3.711511     1.5856     1.2909     100.00   27.64846  -95.00047   -0.00042   -0.00014     2.5354     2.5621     8.6234     8.6205    35.0566    35.0552    27.2225    27.2218    1508.05    110.230    111.392         30 0.0000e+00
      36612   1525.477    485.187    489.000     8.7267     8.7251   3.716546   3.716308     1.5912     1.2966     100.00   27.64696  -94.99539    0.00130    0.00142     2.5470     2.5753     8.6737     8.6720    35.0581    35.0573    27.2157    27.2153    1507.97    110.737    111.965         30 0.0000e+00
      36710   1529.556    481.223    485.000     8.7522     8.7534   3.719415   3.719413     1.5931     1.2980     100.01   27.64990  -95.00551    0.00051    0.00040     2.5494     2.5765     8.6995     8.7007    35.0655    35.0643    27.2176    27.2164    1508.13    110.839    112.018         30 0.0000e+00
      36833   1534.655    476.268    480.000     8.8171     8.8217   3.725791   3.726085     1.5956     1.3004     100.00   27.64830  -94.99999    0.00049    0.00054     2.5508     2.5782     8.7647     8.7692    35.0706    35.0692    27.2111    27.2093    1508.04    110.901    112.090         33 0.0000e+00
      36957   1539.851    471.313    475.000     8.9280     8.9371   3.737270   3.738009     1.5974     1.3016     100.00   27.64882  -95.00178    0.00038    0.00034     2.5471     2.5728     8.8757     8.8848    35.0842    35.0830    27.2042    27.2018    1508.07    110.740    111.859         31 0.0000e+00
      36987   1541.098    470.321    474.000     8.9329     8.9382   3.737626   3.738029     1.5969     1.3012     100.00   27.64776  -94.99814    0.00008    0.00001     2.5450     2.5710     8.8808     8.8860    35.0833    35.0824    27.2026    27.2010    1508.01    110.648    111.780         30 0.0000e+00
      37109   1546.152    465.366    469.000     9.0255     9.0260   3.747026   3.746794     1.5965     1.3004     100.00   27.64713  -94.99596   -0.00009   -0.00017     2.5361     2.5611     8.9736     8.9741    35.0928    35.0899    27.1951    27.1928    1507.98    110.263    111.352         30 0.0000e+00
      37233   1551.348    460.410    464.000     9.0861     9.0903   3.753289   3.753640     1.5952     1.2998     100.00   27.64840  -95.00033   -0.00016   -0.00003     2.5268     2.5536     9.0345     9.0388    35.1012    35.1007    27.1919    27.1908    1508.04    109.858    111.024         30 0.0000e+00
      37712   1571.274    450.498    454.000     9.1941     9.1963   3.764527   3.764739     1.5938     1.2994     100.01   27.65113  -95.00976    0.00000    0.00004     2.5122     2.5421     9.1433     9.1454    35.1175    35.1175    27.1871    27.1868    1508.19    109.225    110.524         34 0.0000e+00
      37828   1576.144    449.507    453.000     9.2126     9.1994   3.766230   3.764620     1.5945     1.3001      88.19   27.64774  -94.99814    0.00015    0.00027     2.5128     2.5438     9.1618     9.1488    35.1164    35.1130    27.1832    27.1826    1508.01    109.253    110.602         40 0.0000e+00
      37962   1581.699    448.516    452.000     9.2373     9.2201   3.768906   3.766869     1.5951     1.3003      98.61   27.64774  -94.99813    0.00014    0.00002     2.5127     2.5429     9.1866     9.1694    35.1207    35.1166    27.1824    27.1820    1508.01    109.247    110.559         46 0.0000e+00
      38228   1592.797    447.524    451.000     9.2704     9.2687   3.772713   3.771950     1.5957     1.3000      90.28   27.64774  -94.99814    0.00011   -0.00001     2.5121     2.5385     9.2197     9.2180    35.1244    35.1222    27.1799    27.1785    1508.01    109.222    110.369         41 0.0000e+00
      40006   1666.888    446.533    450.000     9.3339     9.3299   3.778874   3.778415     1.5942     1.2992     100.87   27.64776  -94.99813   -0.00001    0.00004     2.5032     2.5317     9.2831     9.2791    35.1309    35.1300    27.1747    27.1746    1508.01    108.835    110.073         54 0.0000e+00
      40413   1683.826    445.542    449.000     9.3294     9.3320   3.778397   3.778492     1.5938     1.2988     100.00   27.64776  -94.99812   -0.00015   -0.00015     2.5020     2.5302     9.2787     9.2814    35.1306    35.1300    27.1752    27.1742    1508.01    108.785    110.008         41 0.0000e+00
      40467   1686.082    443.560    447.000     9.3503     9.3527   3.780122   3.780083     1.5943     1.2981      99.99   27.64363  -94.98392    0.00012   -0.00011     2.5016     2.5262     9.2998     9.3022    35.1287    35.1277    27.1700    27.1689    1507.78    108.765    109.837         35 0.0000e+00
      40540   1689.132    441.577    445.000     9.3951     9.3937   3.785350   3.784962     1.5952     1.2994      97.42   27.64924  -95.00321    0.00018    0.00014     2.5004     2.5267     9.3447     9.3433    35.1404    35.1377    27.1720    27.1701    1508.09    108.716    109.857         33 0.0000e+00
      40571   1690.420    440.586    444.000     9.4115     9.4183   3.786899   3.787413     1.5955     1.2999      92.08   27.64776  -94.99812    0.00027    0.00038     2.4999     2.5265     9.3611     9.3679    35.1406    35.1393    27.1694    27.1672    1508.01    108.692    109.847         32 0.0000e+00
      40656   1693.978    437.612    441.000     9.4567     9.4551   3.791599   3.791207     1.5968     1.3003      95.90   27.64671  -94.99455    0.00036    0.00013     2.4998     2.5244     9.4066     9.4049    35.1462    35.1438    27.1662    27.1646    1507.95    108.687    109.759         31 0.0000e+00
      40785   1699.328    432.656    436.000     9.5197     9.5163   3.798224   3.797806     1.5941     1.2972     100.00   27.64902  -95.00246   -0.00068   -0.00075     2.4863     2.5093     9.4699     9.4665    35.1559    35.1549    27.1634    27.1631    1508.08    108.101    109.104         31 0.0000e+00
      40909   1704.511    427.700    431.000     9.5744     9.5750   3.803959   3.803878     1.5949     1.2995     100.01   27.65065  -95.00804    0.00044    0.00060     2.4834     2.5110     9.5250     9.5256    35.1643    35.1628    27.1608    27.1596    1508.17    107.976    109.177         31 0.0000e+00
