Gulf of Mexico/GOMECC-4/1db/urb2103_0101.cnv
* Sea-Bird SBE 9 Data File:
* FileName = C:\Users\scs.user.rb\CTD\GOMECC4\data\rb2103_0101.hex
* Software Version Seasave V 7.26.7.107
* Temperature SN = 4799
* Conductivity SN = 3860
* Number of Bytes Per Scan = 41
* Number of Voltage Words = 4
* Number of Scans Averaged by the Deck Unit = 1
* NMEA Latitude = 26 13.28 N
* NMEA Longitude = 085 39.93 W
* NMEA UTC (Time) = Sep 17 2021  22:10:49
* NMEA baud rate = 4800
# nquan = 28
# nvalues = 909                         
# units = specified
# name 0 = scan: Scan Count
# name 1 = timeS: Time, Elapsed [seconds]
# name 2 = depSM: Depth [salt water, m]
# name 3 = prDM: Pressure, Digiquartz [db]
# name 4 = t090C: Temperature [ITS-90, deg C]
# name 5 = t190C: Temperature, 2 [ITS-90, deg C]
# name 6 = c0S/m: Conductivity [S/m]
# name 7 = c1S/m: Conductivity, 2 [S/m]
# name 8 = sbeox0V: Oxygen raw, SBE 43 [V]
# name 9 = sbeox1V: Oxygen raw, SBE 43, 2 [V]
# name 10 = altM: Altimeter [m]
# name 11 = latitude: Latitude [deg]
# name 12 = longitude: Longitude [deg]
# name 13 = sbox0dV/dT: Oxygen, SBE 43 [dov/dt]
# name 14 = sbox1dV/dT: Oxygen, SBE 43, 2 [dov/dt]
# name 15 = sbeox0ML/L: Oxygen, SBE 43 [ml/l], WS = 5
# name 16 = sbeox1ML/L: Oxygen, SBE 43, 2 [ml/l], WS = 5
# name 17 = potemp090C: Potential Temperature [ITS-90, deg C]
# name 18 = potemp190C: Potential Temperature, 2 [ITS-90, deg C]
# name 19 = sal00: Salinity, Practical [PSU]
# name 20 = sal11: Salinity, Practical, 2 [PSU]
# name 21 = sigma-é00: Density [sigma-theta, kg/m^3]
# name 22 = sigma-é11: Density, 2 [sigma-theta, kg/m^3]
# name 23 = avgsvCM: Average Sound Velocity [Chen-Millero, m/s], minP = 20, minS = 20
# name 24 = sbox0Mm/Kg: Oxygen, SBE 43 [umol/kg], WS = 5
# name 25 = sbox1Mm/Kg: Oxygen, SBE 43, 2 [umol/kg], WS = 5
# name 26 = nbin: number of scans per bin
# name 27 = flag: flag
# span 0 =     103324,     242700       
# span 1 =   4305.116,  10112.474       
# span 2 =      1.987,   3241.326       
# span 3 =      2.000,   3288.000       
# span 4 =     4.2848,    30.4602       
# span 5 =     4.2857,    30.4777       
# span 6 =   3.344966,   6.038300       
# span 7 =   3.344879,   6.043242       
# span 8 =     1.6181,     3.2118       
# span 9 =     1.3226,     2.7286       
# span 10 =      10.04,     107.37      
# span 11 =   25.97034,   26.58528      
# span 12 =  -86.85843,  -84.84919      
# span 13 =   -0.03567,    0.04930      
# span 14 =   -0.02976,    0.04320      
# span 15 =     2.5869,     4.6718      
# span 16 =     2.6212,     4.7092      
# span 17 =     4.0800,    30.4585      
# span 18 =     4.0813,    30.4760      
# span 19 =    34.9006,    36.8108      
# span 20 =    34.8985,    36.8120      
# span 21 =    22.2233,    27.7597      
# span 22 =    22.2240,    27.7579      
# span 23 =    1488.25,    1523.50      
# span 24 =    112.484,    203.493      
# span 25 =    113.969,    204.632      
# span 26 =         30,         73      
# span 27 = 0.0000e+00, 0.0000e+00      
# interval = decibars: 1                
# start_time = Sep 17 2021 22:10:49 [NMEA time, header]
# bad_flag = -9.990e-29
*END*
[from data line 415]
     161145   6714.341   1674.184   1692.000     4.2935     4.2943   3.353096   3.353019     1.9161     1.5997     100.00   26.22104  -85.66456    0.00013   -0.00007     4.6077     4.6503     4.1518     4.1526    34.9701    34.9683    27.7464    27.7449    1502.46    200.225    202.074         36 0.0000e+00
     161184   6715.971   1673.198   1691.000     4.2936     4.2943   3.353058   3.352986     1.9163     1.5999     100.00   26.22104  -85.66456    0.00014    0.00005     4.6078     4.6502     4.1520     4.1527    34.9700    34.9684    27.7463    27.7450    1502.46    200.230    202.072         40 0.0000e+00
     161221   6717.484   1672.213   1690.000     4.2936     4.2946   3.353029   3.352961     1.9166     1.6001     100.00   26.22104  -85.66456    0.00011    0.00009     4.6085     4.6504     4.1522     4.1531    34.9701    34.9683    27.7463    27.7448    1502.46    200.260    202.082         32 0.0000e+00
     161282   6720.054   1670.242   1688.000     4.2941     4.2947   3.353013   3.352947     1.9168     1.6005      95.52   26.22141  -85.66578    0.00014    0.00014     4.6079     4.6511     4.1528     4.1534    34.9704    34.9690    27.7465    27.7453    1502.48    200.231    202.109         31 0.0000e+00
     161314   6721.379   1669.256   1687.000     4.2940     4.2946   3.352931   3.352852     1.9169     1.6007      99.89   26.22104  -85.66456    0.00010    0.00018     4.6078     4.6514     4.1528     4.1534    34.9700    34.9684    27.7462    27.7449    1502.46    200.227    202.124         39 0.0000e+00
     161357   6723.156   1668.270   1686.000     4.2941     4.2947   3.352893   3.352810     1.9171     1.6009      72.01   26.22104  -85.66456    0.00010    0.00015     4.6079     4.6514     4.1530     4.1536    34.9699    34.9683    27.7461    27.7448    1502.46    200.233    202.125         40 0.0000e+00
     161473   6728.004   1664.328   1682.000     4.2945     4.2954   3.352821   3.352752     1.9175     1.6014     100.00   26.22146  -85.66593    0.00013    0.00007     4.6070     4.6510     4.1538     4.1547    34.9706    34.9688    27.7466    27.7451    1502.48    200.194    202.108         34 0.0000e+00
     161504   6729.281   1663.343   1681.000     4.2946     4.2954   3.352738   3.352660     1.9177     1.6018     100.00   26.22104  -85.66456    0.00011    0.00025     4.6072     4.6519     4.1540     4.1547    34.9700    34.9683    27.7460    27.7446    1502.46    200.203    202.147         32 0.0000e+00
     161612   6733.777   1659.400   1677.000     4.2957     4.2965   3.352691   3.352610     1.9182     1.6020     100.00   26.22121  -85.66517    0.00016    0.00004     4.6066     4.6504     4.1555     4.1562    34.9702    34.9685    27.7461    27.7446    1502.47    200.176    202.081         30 0.0000e+00
     161642   6735.031   1658.415   1676.000     4.2957     4.2963   3.352617   3.352537     1.9185     1.6020      68.15   26.22102  -85.66456    0.00013    0.00000     4.6070     4.6498     4.1555     4.1562    34.9698    34.9682    27.7458    27.7444    1502.46    200.193    202.054         32 0.0000e+00
     161746   6739.377   1654.472   1672.000     4.2960     4.2966   3.352524   3.352442     1.9190     1.6020     100.00   26.22135  -85.66562    0.00011    0.00002     4.6067     4.6474     4.1563     4.1568    34.9703    34.9688    27.7461    27.7448    1502.48    200.180    201.950         33 0.0000e+00
     161778   6740.705   1653.487   1671.000     4.2961     4.2966   3.352448   3.352353     1.9189     1.6021     100.00   26.22102  -85.66454    0.00003    0.00003     4.6057     4.6471     4.1564     4.1569    34.9698    34.9682    27.7457    27.7443    1502.46    200.136    201.935         33 0.0000e+00
     161904   6745.949   1648.559   1666.000     4.2964     4.2971   3.352270   3.352191     1.9194     1.6032     100.00   26.22098  -85.66442    0.00007    0.00026     4.6043     4.6486     4.1572     4.1579    34.9698    34.9682    27.7456    27.7442    1502.46    200.079    202.004         33 0.0000e+00
     162329   6763.663   1632.788   1650.000     4.2990     4.2997   3.351842   3.351753     1.9213     1.6044     100.00   26.22108  -85.66472    0.00008    0.00001     4.6017     4.6437     4.1613     4.1620    34.9698    34.9681    27.7451    27.7437    1502.46    199.964    201.790         30 0.0000e+00
     162487   6770.257   1626.873   1644.000     4.2994     4.3001   3.351620   3.351529     1.9219     1.6056     100.00   26.22103  -85.66458    0.00003    0.00017     4.6004     4.6448     4.1623     4.1629    34.9697    34.9680    27.7449    27.7435    1502.46    199.907    201.838         33 0.0000e+00
     162617   6775.684   1621.944   1639.000     4.2994     4.3002   3.351385   3.351314     1.9225     1.6063     100.00   26.22082  -85.66391    0.00016    0.00018     4.5999     4.6448     4.1627     4.1635    34.9694    34.9677    27.7446    27.7432    1502.45    199.887    201.837         34 0.0000e+00
     162746   6781.060   1617.016   1634.000     4.2994     4.3002   3.351202   3.351128     1.9236     1.6071     100.00   26.22099  -85.66445    0.00023    0.00014     4.6011     4.6452     4.1632     4.1640    34.9696    34.9680    27.7448    27.7434    1502.46    199.936    201.855         34 0.0000e+00
     162955   6789.764   1609.129   1626.000     4.2997     4.3004   3.350920   3.350840     1.9248     1.6081     100.00   26.22130  -85.66543    0.00010    0.00009     4.6010     4.6445     4.1642     4.1649    34.9700    34.9683    27.7450    27.7435    1502.48    199.933    201.824         30 0.0000e+00
     162985   6791.016   1608.143   1625.000     4.2997     4.3004   3.350835   3.350765     1.9246     1.6081     100.00   26.22100  -85.66446    0.00004   -0.00000     4.5995     4.6438     4.1644     4.1651    34.9694    34.9678    27.7445    27.7431    1502.46    199.867    201.795         32 0.0000e+00
     163087   6795.240   1604.200   1621.000     4.3002     4.3008   3.350769   3.350687     1.9255     1.6083     100.00   26.22144  -85.66591    0.00017    0.00004     4.6003     4.6423     4.1653     4.1658    34.9700    34.9685    27.7449    27.7436    1502.49    199.902    201.729         33 0.0000e+00
     163840   6826.635   1575.608   1592.000     4.3012     4.3019   3.349599   3.349526     1.9294     1.6121     100.00   26.22108  -85.66481    0.00008    0.00010     4.5981     4.6404     4.1689     4.1696    34.9694    34.9678    27.7440    27.7427    1502.47    199.807    201.648         30 0.0000e+00
     163971   6832.071   1570.678   1587.000     4.3021     4.3029   3.349443   3.349378     1.9298     1.6132      97.64   26.22083  -85.66400    0.00010    0.00020     4.5965     4.6418     4.1703     4.1711    34.9690    34.9674    27.7435    27.7422    1502.45    199.736    201.707         32 0.0000e+00
     164074   6836.390   1566.734   1583.000     4.3023     4.3031   3.349349   3.349270     1.9305     1.6134     100.00   26.22126  -85.66538    0.00011    0.00007     4.5967     4.6402     4.1709     4.1717    34.9696    34.9679    27.7440    27.7425    1502.48    199.745    201.638         30 0.0000e+00
     164104   6837.614   1565.748   1582.000     4.3022     4.3029   3.349260   3.349178     1.9304     1.6135     100.00   26.22096  -85.66440    0.00010    0.00006     4.5958     4.6401     4.1709     4.1716    34.9691    34.9674    27.7436    27.7421    1502.46    199.706    201.632         31 0.0000e+00
     164232   6842.970   1560.818   1577.000     4.3021     4.3027   3.349004   3.348922     1.9310     1.6141      99.63   26.22077  -85.66377    0.00015    0.00016     4.5950     4.6396     4.1712     4.1718    34.9687    34.9671    27.7432    27.7419    1502.45    199.670    201.612         34 0.0000e+00
     164363   6848.413   1555.888   1572.000     4.3037     4.3041   3.348988   3.348878     1.9314     1.6141     100.00   26.22119  -85.66514    0.00004    0.00000     4.5932     4.6361     4.1733     4.1737    34.9693    34.9676    27.7434    27.7421    1502.47    199.594    201.458         36 0.0000e+00
     164804   6866.807   1539.124   1555.000     4.3092     4.3098   3.348734   3.348650     1.9337     1.6166     100.00   26.22094  -85.66431    0.00017    0.00010     4.5909     4.6355     4.1804     4.1810    34.9687    34.9672    27.7422    27.7409    1502.46    199.497    201.433         30 0.0000e+00
     164935   6872.249   1534.193   1550.000     4.3096     4.3101   3.348543   3.348457     1.9342     1.6165     100.00   26.22085  -85.66410    0.00009    0.00001     4.5898     4.6320     4.1812     4.1817    34.9686    34.9670    27.7421    27.7407    1502.46    199.450    201.281         34 0.0000e+00
     165064   6877.638   1529.262   1545.000     4.3103     4.3110   3.348402   3.348317     1.9342     1.6167     100.00   26.22091  -85.66427    0.00003    0.00005     4.5870     4.6299     4.1823     4.1831    34.9686    34.9669    27.7420    27.7405    1502.46    199.324    201.192         32 0.0000e+00
     165715   6904.761   1504.606   1520.000     4.3153     4.3160   3.347823   3.347746     1.9368     1.6198     100.00   26.22120  -85.66526    0.00012    0.00018     4.5812     4.6267     4.1896     4.1904    34.9688    34.9671    27.7413    27.7399    1502.48    199.075    201.050         32 0.0000e+00
     165746   6906.053   1503.619   1519.000     4.3159     4.3163   3.347787   3.347699     1.9371     1.6199      71.54   26.22092  -85.66433    0.00010    0.00014     4.5815     4.6265     4.1904     4.1908    34.9682    34.9667    27.7407    27.7395    1502.46    199.086    201.040         31 0.0000e+00
     165846   6910.225   1499.674   1515.000     4.3168     4.3174   3.347774   3.347692     1.9379     1.6205     100.00   26.22146  -85.66607    0.00020    0.00012     4.5819     4.6263     4.1917     4.1923    34.9690    34.9674    27.7413    27.7399    1502.49    199.106    201.035         31 0.0000e+00
     165977   6915.651   1494.742   1510.000     4.3175     4.3180   3.347534   3.347447     1.9376     1.6207     100.00   26.22070  -85.66358   -0.00004    0.00004     4.5781     4.6242     4.1928     4.1933    34.9679    34.9663    27.7402    27.7389    1502.45    198.937    200.943         37 0.0000e+00
     166110   6921.227   1489.810   1505.000     4.3178     4.3184   3.347443   3.347368     1.9386     1.6212     100.00   26.22154  -85.66633    0.00019    0.00008     4.5785     4.6232     4.1936     4.1942    34.9690    34.9675    27.7410    27.7398    1502.50    198.958    200.899         50 0.0000e+00
     166236   6926.442   1484.879   1500.000     4.3189     4.3193   3.347358   3.347280     1.9396     1.6216     100.00   26.22196  -85.66768    0.00024    0.00008     4.5792     4.6214     4.1951     4.1955    34.9694    34.9680    27.7412    27.7400    1502.52    198.987    200.822         33 0.0000e+00
     166267   6927.752   1483.892   1499.000     4.3185     4.3190   3.347168   3.347091     1.9394     1.6215     100.00   26.22091  -85.66428    0.00003   -0.00003     4.5780     4.6205     4.1948     4.1953    34.9680    34.9665    27.7401    27.7389    1502.46    198.937    200.784         37 0.0000e+00
     166366   6931.879   1479.946   1495.000     4.3209     4.3215   3.347257   3.347175     1.9398     1.6215     100.00   26.22131  -85.66561    0.00012    0.00003     4.5769     4.6180     4.1976     4.1981    34.9684    34.9669    27.7401    27.7389    1502.48    198.889    200.675         32 0.0000e+00
     166396   6933.130   1478.960   1494.000     4.3211     4.3216   3.347184   3.347090     1.9398     1.6217     100.00   26.22090  -85.66428    0.00013    0.00005     4.5762     4.6182     4.1979     4.1984    34.9678    34.9662    27.7396    27.7383    1502.46    198.859    200.681         31 0.0000e+00
     166496   6937.307   1475.014   1490.000     4.3227     4.3232   3.347226   3.347148     1.9399     1.6227     100.00   26.22151  -85.66625    0.00006    0.00030     4.5741     4.6197     4.1998     4.2003    34.9686    34.9672    27.7401    27.7389    1502.49    198.765    200.748         32 0.0000e+00
     166525   6938.519   1474.028   1489.000     4.3227     4.3234   3.347112   3.347049     1.9401     1.6228     100.00   26.22090  -85.66426    0.00001    0.00014     4.5743     4.6195     4.1999     4.2006    34.9678    34.9663    27.7394    27.7381    1502.46    198.775    200.737         32 0.0000e+00
     166651   6943.735   1469.095   1484.000     4.3238     4.3247   3.347015   3.346961     1.9401     1.6236      88.21   26.22108  -85.66485   -0.00002    0.00019     4.5712     4.6196     4.2015     4.2023    34.9679    34.9664    27.7393    27.7380    1502.47    198.641    200.743         34 0.0000e+00
     166992   6957.945   1456.270   1471.000     4.3269     4.3274   3.346755   3.346667     1.9418     1.6239     100.00   26.22123  -85.66536    0.00014    0.00002     4.5695     4.6126     4.2057     4.2062    34.9680    34.9664    27.7390    27.7376    1502.48    198.565    200.440         32 0.0000e+00
     167145   6964.340   1450.351   1465.000     4.3286     4.3291   3.346611   3.346526     1.9420     1.6247     100.00   26.22098  -85.66456   -0.00004    0.00002     4.5664     4.6119     4.2080     4.2084    34.9674    34.9660    27.7382    27.7370    1502.47    198.430    200.411         32 0.0000e+00
     167276   6969.810   1445.418   1460.000     4.3305     4.3310   3.346637   3.346552     1.9418     1.6244     100.00   26.22157  -85.66649    0.00001   -0.00007     4.5625     4.6075     4.2103     4.2108    34.9682    34.9667    27.7386    27.7374    1502.50    198.262    200.218         31 0.0000e+00
     167305   6971.003   1444.432   1459.000     4.3307     4.3308   3.346529   3.346422     1.9420     1.6250     100.00   26.22088  -85.66422    0.00005    0.00024     4.5625     4.6096     4.2106     4.2107    34.9672    34.9658    27.7378    27.7367    1502.46    198.262    200.309         34 0.0000e+00
     167431   6976.270   1439.499   1454.000     4.3324     4.3329   3.346527   3.346442     1.9429     1.6257     100.00   26.22127  -85.66549    0.00018    0.00017     4.5627     4.6088     4.2127     4.2132    34.9679    34.9663    27.7381    27.7368    1502.48    198.272    200.273         33 0.0000e+00
     167461   6977.518   1438.512   1453.000     4.3327     4.3330   3.346448   3.346365     1.9433     1.6262     100.00   26.22088  -85.66421    0.00012    0.00011     4.5636     4.6102     4.2131     4.2135    34.9671    34.9658    27.7375    27.7363    1502.46    198.308    200.337         31 0.0000e+00
     167587   6982.759   1433.579   1448.000     4.3341     4.3347   3.346413   3.346338     1.9445     1.6267     100.00   26.22115  -85.66507    0.00026    0.00009     4.5647     4.6090     4.2150     4.2156    34.9677    34.9661    27.7377    27.7364    1502.48    198.358    200.283         30 0.0000e+00
     167616   6983.940   1432.592   1447.000     4.3343     4.3348   3.346362   3.346268     1.9448     1.6270     100.00   26.22087  -85.66420    0.00024    0.00016     4.5652     4.6098     4.2153     4.2158    34.9673    34.9657    27.7374    27.7360    1502.46    198.380    200.318         30 0.0000e+00
     167745   6989.348   1427.659   1442.000     4.3360     4.3364   3.346355   3.346262     1.9453     1.6277     100.00   26.22139  -85.66590    0.00008    0.00004     4.5641     4.6094     4.2174     4.2178    34.9680    34.9665    27.7377    27.7364    1502.49    198.334    200.301         31 0.0000e+00
     167774   6990.524   1426.672   1441.000     4.3362     4.3366   3.346280   3.346172     1.9453     1.6277     100.00   26.22086  -85.66420    0.00010    0.00005     4.5633     4.6087     4.2177     4.2181    34.9673    34.9656    27.7371    27.7357    1502.46    198.296    200.269         31 0.0000e+00
