Gulf of Mexico/GOMECC-4/1db/urb2103_0651.cnv
* Sea-Bird SBE 9 Data File:
* FileName = C:\Users\scs.user.rb\CTD\GOMECC4\data\rb2103_0651.hex
* Software Version Seasave V 7.26.7.107
* Temperature SN = 4799
* Conductivity SN = 3860
* Number of Bytes Per Scan = 41
* Number of Voltage Words = 4
* Number of Scans Averaged by the Deck Unit = 1
* NMEA Latitude = 26 03.47 N
* NMEA Longitude = 096 19.52 W
* NMEA UTC (Time) = Oct 02 2021  07:20:22
* NMEA baud rate = 4800
# nquan = 28
# nvalues = 131                         
# units = specified
# name 0 = scan: Scan Count
# name 1 = timeS: Time, Elapsed [seconds]
# name 2 = depSM: Depth [salt water, m]
# name 3 = prDM: Pressure, Digiquartz [db]
# name 4 = t090C: Temperature [ITS-90, deg C]
# name 5 = t190C: Temperature, 2 [ITS-90, deg C]
# name 6 = c0S/m: Conductivity [S/m]
# name 7 = c1S/m: Conductivity, 2 [S/m]
# name 8 = sbeox0V: Oxygen raw, SBE 43 [V]
# name 9 = sbeox1V: Oxygen raw, SBE 43, 2 [V]
# name 10 = altM: Altimeter [m]
# name 11 = latitude: Latitude [deg]
# name 12 = longitude: Longitude [deg]
# name 13 = sbox0dV/dT: Oxygen, SBE 43 [dov/dt]
# name 14 = sbox1dV/dT: Oxygen, SBE 43, 2 [dov/dt]
# name 15 = sbeox0ML/L: Oxygen, SBE 43 [ml/l], WS = 5
# name 16 = sbeox1ML/L: Oxygen, SBE 43, 2 [ml/l], WS = 5
# name 17 = potemp090C: Potential Temperature [ITS-90, deg C]
# name 18 = potemp190C: Potential Temperature, 2 [ITS-90, deg C]
# name 19 = sal00: Salinity, Practical [PSU]
# name 20 = sal11: Salinity, Practical, 2 [PSU]
# name 21 = sigma-é00: Density [sigma-theta, kg/m^3]
# name 22 = sigma-é11: Density, 2 [sigma-theta, kg/m^3]
# name 23 = avgsvCM: Average Sound Velocity [Chen-Millero, m/s], minP = 20, minS = 20
# name 24 = sbox0Mm/Kg: Oxygen, SBE 43 [umol/kg], WS = 5
# name 25 = sbox1Mm/Kg: Oxygen, SBE 43, 2 [umol/kg], WS = 5
# name 26 = nbin: number of scans per bin
# name 27 = flag: flag
# span 0 =      16632,      44256       
# span 1 =    692.955,   1843.967       
# span 2 =      1.987,    182.721       
# span 3 =      2.000,    184.000       
# span 4 =    15.6582,    29.1723       
# span 5 =    15.6590,    30.9203       
# span 6 =   4.483721,   5.857049       
# span 7 =   4.483794,   6.414753       
# span 8 =     1.8190,     3.3886       
# span 9 =     1.4995,     2.8975       
# span 10 =       5.39,     102.95      
# span 11 =   25.38898,   26.39293      
# span 12 =  -97.55812,  -93.84703      
# span 13 =   -0.01970,    0.02949      
# span 14 =   -0.01209,    0.02449      
# span 15 =     2.5219,     5.1008      
# span 16 =     2.5381,     5.1103      
# span 17 =    15.6293,    29.1699      
# span 18 =    15.6301,    30.9138      
# span 19 =    34.4487,    36.4885      
# span 20 =    34.3751,    40.4345      
# span 21 =    21.7990,    26.6563      
# span 22 =    21.7526,    26.6563      
# span 23 =    1486.34,    1545.12      
# span 24 =    109.749,    222.421      
# span 25 =    110.457,    222.834      
# span 26 =         30,         68      
# span 27 = 0.0000e+00, 0.0000e+00      
# interval = decibars: 1                
# start_time = Oct 02 2021 07:20:22 [NMEA time, header]
# bad_flag = -9.990e-29
*END*
      16632    692.955    182.721    184.000    15.6582    15.6590   4.483721   4.483794     1.8190     1.5011       5.39   26.05865  -96.32586    0.00008    0.00012     2.6123     2.6384    15.6293    15.6301    36.0704    36.0703    26.6563    26.6561    1525.61    113.638    114.770         44 0.0000e+00
      16846    701.862    181.729    183.000    15.6682    15.6677   4.484802   4.484733     1.8194     1.5015       6.26   26.05867  -96.32586    0.00005    0.00026     2.6123     2.6384    15.6394    15.6389    36.0715    36.0713    26.6548    26.6548    1525.61    113.637    114.773         44 0.0000e+00
      16884    703.477    180.736    182.000    15.6769    15.6820   4.486076   4.487033     1.8200     1.5010       7.03   26.05867  -96.32586    0.00016   -0.00007     2.6124     2.6358    15.6483    15.6533    36.0728    36.0734    26.6539    26.6532    1525.61    113.643    114.657         37 0.0000e+00
      16923    705.082    179.744    181.000    15.6886    15.7089   4.487176   4.489488     1.8205     1.5016       8.09   26.05868  -96.32586    0.00032   -0.00001     2.6130     2.6359    15.6601    15.6804    36.0749    36.0784    26.6528    26.6509    1525.61    113.669    114.665         43 0.0000e+00
      16965    706.817    178.751    180.000    15.6970    15.7120   4.488150   4.490048     1.8209     1.5020       9.14   26.05868  -96.32586    0.00032    0.00031     2.6132     2.6362    15.6686    15.6837    36.0765    36.0798    26.6520    26.6511    1525.61    113.678    114.675         34 0.0000e+00
      17028    709.468    176.766    178.000    15.7177    15.7222   4.491377   4.491925     1.8220     1.5022      10.96   26.06595  -96.35273    0.00029    0.00001     2.6135     2.6354    15.6896    15.6942    36.0869    36.0888    26.6558    26.6563    1526.04    113.690    114.640         36 0.0000e+00
      17062    710.879    175.773    177.000    15.7128    15.7204   4.489939   4.490803     1.8219     1.5024      12.06   26.05868  -96.32588    0.00018    0.00002     2.6136     2.6358    15.6850    15.6925    36.0794    36.0802    26.6506    26.6495    1525.61    113.695    114.659         40 0.0000e+00
      17099    712.426    174.780    176.000    15.7137    15.7205   4.490094   4.490814     1.8226     1.5030      12.93   26.05868  -96.32588    0.00027    0.00035     2.6150     2.6371    15.6859    15.6927    36.0800    36.0807    26.6508    26.6498    1525.61    113.752    114.717         34 0.0000e+00
      17164    715.118    172.795    174.000    15.7269    15.7284   4.491945   4.492163     1.8221     1.5028      14.83   26.06376  -96.34464   -0.00009   -0.00022     2.6120     2.6354    15.6995    15.7009    36.0877    36.0884    26.6541    26.6543    1525.91    113.625    114.641         32 0.0000e+00
      17196    716.448    171.802    173.000    15.7240    15.7262   4.491074   4.491358     1.8216     1.5032      15.93   26.05868  -96.32588   -0.00028    0.00014     2.6110     2.6364    15.6967    15.6989    36.0810    36.0815    26.6491    26.6490    1525.61    113.583    114.683         40 0.0000e+00
      17235    718.085    170.810    172.000    15.7241    15.7262   4.491046   4.491304     1.8213     1.5040      16.91   26.05868  -96.32588   -0.00014    0.00049     2.6100     2.6380    15.6970    15.6990    36.0811    36.0815    26.6491    26.6490    1525.61    113.536    114.756         36 0.0000e+00
      17334    722.193    167.832    169.000    15.7305    15.7323   4.492373   4.492605     1.8228     1.5047      19.85   26.06567  -96.35172    0.00025    0.00012     2.6119     2.6384    15.7038    15.7057    36.0911    36.0915    26.6559    26.6558    1526.02    113.621    114.772         41 0.0000e+00
      17373    723.833    166.839    168.000    15.7255    15.7287   4.491034   4.491423     1.8230     1.5042      20.91   26.05869  -96.32588    0.00036    0.00018     2.6125     2.6372    15.6990    15.7023    36.0813    36.0818    26.6488    26.6485    1525.61    113.644    114.719         43 0.0000e+00
      17467    727.746    163.861    165.000    15.7523    15.7535   4.494780   4.494957     1.8241     1.5048      23.74   26.06603  -96.35299    0.00023    0.00006     2.6123     2.6361    15.7263    15.7275    36.0946    36.0950    26.6535    26.6536    1526.04    113.637    114.672         37 0.0000e+00
      17506    729.373    162.868    164.000    15.7437    15.7476   4.492989   4.493481     1.8227     1.5038      24.84   26.05870  -96.32590   -0.00012   -0.00022     2.6094     2.6336    15.7178    15.7217    36.0839    36.0848    26.6465    26.6463    1525.61    113.513    114.562         46 0.0000e+00
      17543    730.913    161.876    163.000    15.7504    15.7516   4.493773   4.493938     1.8228     1.5035      25.66   26.05870  -96.32590   -0.00029   -0.00032     2.6089     2.6322    15.7247    15.7259    36.0852    36.0856    26.6459    26.6460    1525.61    113.492    114.504         30 0.0000e+00
      17602    733.358    159.890    161.000    15.8252    15.8452   4.502672   4.505151     1.8233     1.5032      27.47   26.06104  -96.33457    0.00031   -0.00018     2.6049     2.6260    15.7999    15.8201    36.0976    36.1012    26.6385    26.6364    1525.75    113.315    114.235         31 0.0000e+00
      17636    734.780    158.897    160.000    15.8441    15.8710   4.504589   4.507750     1.8216     1.5019      28.65   26.05870  -96.32590   -0.00026   -0.00026     2.5996     2.6206    15.8188    15.8457    36.0980    36.1019    26.6343    26.6311    1525.61    113.087    113.998         44 0.0000e+00
      17681    736.679    157.905    159.000    15.8433    15.8636   4.504513   4.507237     1.8192     1.4995      29.71   26.05870  -96.32590   -0.00119   -0.00097     2.5938     2.6146    15.8182    15.8384    36.0986    36.1021    26.6349    26.6329    1525.61    112.835    113.740         39 0.0000e+00
      17775    740.586    154.926    156.000    16.0509    16.0763   4.529773   4.532958     1.8238     1.5031      32.46   26.06686  -96.35606    0.00103    0.00075     2.5914     2.6107    16.0259    16.0514    36.1402    36.1456    26.6199    26.6181    1526.09    112.731    113.572         36 0.0000e+00
      17813    742.182    153.934    155.000    16.0424    16.0750   4.527939   4.531791     1.8254     1.5057      33.64   26.05871  -96.32590    0.00149    0.00152     2.5956     2.6173    16.0177    16.0502    36.1287    36.1335    26.6122    26.6083    1525.61    112.913    113.858         48 0.0000e+00
      18100    754.121    149.963    151.000    16.3476    16.3054   4.567080   4.561785     1.8382     1.5175      37.90   26.08685  -96.42991    0.00067    0.00035     2.6056     2.6331    16.3232    16.2811    36.2092    36.2043    26.6058    26.6119    1527.26    113.351    114.548         40 0.0000e+00
      18636    776.444    148.970    150.000    16.4297    16.3968   4.573494   4.569965     1.8384     1.5172      38.61   26.05876  -96.32594    0.00013    0.00001     2.6022     2.6272    16.4054    16.3725    36.1848    36.1797    26.5651    26.5688    1525.61    113.206    114.294         59 0.0000e+00
      19289    803.676    146.984    148.000    16.4500    16.4470   4.576130   4.575866     1.8387     1.5180      40.21   26.06315  -96.34204   -0.00018   -0.00000     2.6009     2.6259    16.4259    16.4229    36.1922    36.1916    26.5664    26.5665    1525.86    113.149    114.239         39 0.0000e+00
      19328    805.281    145.991    147.000    16.4487    16.4448   4.575507   4.575072     1.8391     1.5176      41.35   26.05880  -96.32596    0.00010    0.00000     2.6015     2.6247    16.4248    16.4209    36.1865    36.1862    26.5618    26.5625    1525.61    113.177    114.185         40 0.0000e+00
      19362    806.705    144.999    146.000    16.4422    16.4367   4.574607   4.574024     1.8390     1.5175      42.25   26.05880  -96.32596    0.00029   -0.00002     2.6015     2.6246    16.4185    16.4130    36.1854    36.1857    26.5625    26.5640    1525.61    113.175    114.184         30 0.0000e+00
      19391    807.915    144.006    145.000    16.4420    16.4468   4.574369   4.575283     1.8387     1.5176      43.11   26.05880  -96.32596    0.00001   -0.00005     2.6005     2.6239    16.4185    16.4233    36.1849    36.1865    26.5621    26.5622    1525.61    113.134    114.152         30 0.0000e+00
      19427    809.397    143.013    144.000    16.4530    16.4601   4.575843   4.576721     1.8392     1.5185      44.24   26.05880  -96.32596   -0.00003    0.00015     2.6006     2.6252    16.4296    16.4367    36.1868    36.1881    26.5610    26.5603    1525.61    113.137    114.208         42 0.0000e+00
      19469    811.160    142.020    143.000    16.4609    16.4708   4.576778   4.577868     1.8398     1.5189      45.17   26.05881  -96.32596    0.00027    0.00050     2.6012     2.6254    16.4377    16.4476    36.1883    36.1890    26.5602    26.5584    1525.61    113.162    114.218         38 0.0000e+00
      19533    813.832    140.035    141.000    16.5080    16.5211   4.582125   4.583801     1.8404     1.5177      47.11   26.06079  -96.33323    0.00027   -0.00016     2.5991     2.6188    16.4850    16.4981    36.1934    36.1971    26.5531    26.5529    1525.73    113.075    113.931         32 0.0000e+00
      19568    815.275    139.042    140.000    16.5233    16.5461   4.583885   4.586656     1.8379     1.5139      48.09   26.05882  -96.32596   -0.00033   -0.00123     2.5923     2.6077    16.5005    16.5232    36.1959    36.1998    26.5513    26.5490    1525.61    112.776    113.446         42 0.0000e+00
      19609    817.009    138.049    139.000    16.5395    16.5730   4.585703   4.589403     1.8347     1.5124      49.10   26.05882  -96.32597   -0.00154   -0.00192     2.5835     2.6024    16.5169    16.5503    36.1977    36.2002    26.5488    26.5428    1525.61    112.397    113.219         36 0.0000e+00
      19675    819.754    136.064    137.000    16.6481    16.6692   4.599439   4.601990     1.8362     1.5142      51.02   26.06625  -96.35346   -0.00039    0.00021     2.5801     2.6004    16.6256    16.6467    36.2248    36.2282    26.5447    26.5423    1526.05    112.248    113.133         32 0.0000e+00
      19711    821.266    135.071    136.000    16.6629    16.6675   4.600336   4.601002     1.8352     1.5126      52.19   26.05882  -96.32598    0.00026    0.00011     2.5769     2.5964    16.6406    16.6452    36.2167    36.2184    26.5342    26.5344    1525.61    112.110    112.957         50 0.0000e+00
      19751    822.931    134.078    135.000    16.6685    16.6880   4.600643   4.603255     1.8341     1.5128      53.06   26.05882  -96.32598   -0.00044   -0.00038     2.5738     2.5955    16.6463    16.6658    36.2147    36.2201    26.5313    26.5308    1525.61    111.973    112.918         30 0.0000e+00
      19816    825.614    132.092    133.000    16.7740    16.8051   4.614259   4.617860     1.8370     1.5156      54.93   26.06769  -96.35877    0.00047    0.00066     2.5733     2.5953    16.7521    16.7831    36.2424    36.2475    26.5283    26.5250    1526.13    111.955    112.913         35 0.0000e+00
      19854    827.212    131.099    132.000    16.7756    16.8116   4.613587   4.617712     1.8375     1.5170      56.10   26.05882  -96.32598    0.00072    0.00103     2.5746     2.5984    16.7538    16.7898    36.2323    36.2367    26.5194    26.5141    1525.61    112.010    113.048         52 0.0000e+00
      19952    831.284    128.121    129.000    17.0177    17.0789   4.642374   4.649563     1.8443     1.5224      58.87   26.06970  -96.36617    0.00167    0.00129     2.5754     2.5962    16.9962    17.0575    36.2728    36.2807    26.4935    26.4849    1526.25    112.051    112.957         32 0.0000e+00
      19992    832.955    127.128    128.000    17.0306    17.0434   4.643453   4.644723     1.8443     1.5206      60.15   26.05882  -96.32596    0.00141    0.00060     2.5745     2.5938    17.0093    17.0221    36.2672    36.2667    26.4851    26.4817    1525.61    112.011    112.852         54 0.0000e+00
      20126    838.530    123.156    124.000    17.2888    17.3027   4.672949   4.674846     1.8482     1.5227      61.21   26.05361  -96.30666    0.00097    0.00080     2.5680     2.5839    17.2680    17.2818    36.2941    36.2961    26.4428    26.4410    1525.30    111.731    112.423         49 0.0000e+00
      20179    840.738    122.163    123.000    17.2913    17.2967   4.674287   4.674582     1.8482     1.5236      64.74   26.05884  -96.32598    0.00003    0.00016     2.5673     2.5862    17.2706    17.2761    36.3020    36.3017    26.4488    26.4473    1525.61    111.700    112.524         36 0.0000e+00
      20588    857.778    120.177    121.000    17.7585    17.6946   4.731241   4.723944     1.8652     1.5351      67.16   26.08339  -96.41668    0.00207    0.00138     2.5787     2.5928    17.7378    17.6740    36.3908    36.3849    26.4054    26.4166    1527.05    112.206    112.815         44 0.0000e+00
      21504    895.969    119.185    120.000    17.9030    17.8749   4.745908   4.742644     1.8833     1.5563      68.07   26.05889  -96.32600    0.00038    0.00031     2.6109     2.6354    17.8823    17.8542    36.3763    36.3748    26.3559    26.3617    1525.61    113.608    114.672         51 0.0000e+00
      21685    903.497    118.192    119.000    17.9182    17.8861   4.747720   4.744115     1.8869     1.5580      68.89   26.05892  -96.32600    0.00093   -0.00016     2.6187     2.6387    17.8977    17.8656    36.3802    36.3771    26.3551    26.3607    1525.61    113.949    114.818         47 0.0000e+00
      21744    905.963    117.199    118.000    17.9289    17.9080   4.748878   4.746631     1.8892     1.5573      82.15   26.05892  -96.32601    0.00115   -0.00003     2.6229     2.6355    17.9085    17.8877    36.3810    36.3803    26.3530    26.3577    1525.61    114.130    114.681         39 0.0000e+00
      21795    908.064    116.206    117.000    17.9587    17.9902   4.752462   4.756351     1.8890     1.5570      72.99   26.05892  -96.32602    0.00040   -0.00008     2.6205     2.6300    17.9385    17.9700    36.3857    36.3910    26.3492    26.3454    1525.61    114.029    114.440         56 0.0000e+00
      21852    910.461    115.213    116.000    17.9854    17.9976   4.755379   4.757117     1.8871     1.5529      71.70   26.05892  -96.32602   -0.00084   -0.00148     2.6144     2.6194    17.9653    17.9776    36.3873    36.3913    26.3438    26.3438    1525.61    113.764    113.978         41 0.0000e+00
      21892    912.128    114.220    115.000    18.0360    18.0765   4.760943   4.765763     1.8834     1.5511      72.39   26.05892  -96.32602   -0.00117   -0.00126     2.6030     2.6117    18.0161    18.0567    36.3904    36.3951    26.3334    26.3269    1525.61    113.266    113.647         44 0.0000e+00
      21937    913.981    113.227    114.000    18.1014    18.1395   4.768636   4.773228     1.8731     1.5408      73.74   26.05892  -96.32602   -0.00370   -0.00313     2.5760     2.5816    18.0816    18.1196    36.3986    36.4040    26.3234    26.3181    1525.61    112.095    112.336         43 0.0000e+00
      21976    915.644    112.234    113.000    18.1410    18.1703   4.773290   4.776656     1.8667     1.5345      74.65   26.05892  -96.32602   -0.00487   -0.00482     2.5593     2.5644    18.1213    18.1506    36.4035    36.4063    26.3173    26.3121    1525.61    111.366    111.591         38 0.0000e+00
      22013    917.187    111.241    112.000    18.1684    18.1904   4.776343   4.779022     1.8616     1.5297      75.65   26.05892  -96.32602   -0.00385   -0.00383     2.5456     2.5513    18.1490    18.1708    36.4062    36.4091    26.3124    26.3091    1525.61    110.770    111.018         37 0.0000e+00
