Gulf of Mexico/GOMECC-4/1db/urb2103_0231.cnv
* Sea-Bird SBE 9 Data File:
* FileName = C:\Users\scs.user.rb\CTD\GOMECC4\data\rb2103_0231.hex
* Software Version Seasave V 7.26.7.107
* Temperature SN = 4799
* Conductivity SN = 3860
* Number of Bytes Per Scan = 41
* Number of Voltage Words = 4
* Number of Scans Averaged by the Deck Unit = 1
* NMEA Latitude = 28 51.94 N
* NMEA Longitude = 085 55.30 W
* NMEA UTC (Time) = Sep 21 2021  03:02:09
* NMEA baud rate = 4800
# nquan = 28
# nvalues = 119                         
# units = specified
# name 0 = scan: Scan Count
# name 1 = timeS: Time, Elapsed [seconds]
# name 2 = depSM: Depth [salt water, m]
# name 3 = prDM: Pressure, Digiquartz [db]
# name 4 = t090C: Temperature [ITS-90, deg C]
# name 5 = t190C: Temperature, 2 [ITS-90, deg C]
# name 6 = c0S/m: Conductivity [S/m]
# name 7 = c1S/m: Conductivity, 2 [S/m]
# name 8 = sbeox0V: Oxygen raw, SBE 43 [V]
# name 9 = sbeox1V: Oxygen raw, SBE 43, 2 [V]
# name 10 = altM: Altimeter [m]
# name 11 = latitude: Latitude [deg]
# name 12 = longitude: Longitude [deg]
# name 13 = sbox0dV/dT: Oxygen, SBE 43 [dov/dt]
# name 14 = sbox1dV/dT: Oxygen, SBE 43, 2 [dov/dt]
# name 15 = sbeox0ML/L: Oxygen, SBE 43 [ml/l], WS = 5
# name 16 = sbeox1ML/L: Oxygen, SBE 43, 2 [ml/l], WS = 5
# name 17 = potemp090C: Potential Temperature [ITS-90, deg C]
# name 18 = potemp190C: Potential Temperature, 2 [ITS-90, deg C]
# name 19 = sal00: Salinity, Practical [PSU]
# name 20 = sal11: Salinity, Practical, 2 [PSU]
# name 21 = sigma-é00: Density [sigma-theta, kg/m^3]
# name 22 = sigma-é11: Density, 2 [sigma-theta, kg/m^3]
# name 23 = avgsvCM: Average Sound Velocity [Chen-Millero, m/s], minP = 20, minS = 20
# name 24 = sbox0Mm/Kg: Oxygen, SBE 43 [umol/kg], WS = 5
# name 25 = sbox1Mm/Kg: Oxygen, SBE 43, 2 [umol/kg], WS = 5
# name 26 = nbin: number of scans per bin
# name 27 = flag: flag
# span 0 =      35815,      67767       
# span 1 =   1492.253,   2823.570       
# span 2 =      1.986,    244.202       
# span 3 =      2.000,    246.000       
# span 4 =    12.2046,    28.9328       
# span 5 =    12.2070,    28.9534       
# span 6 =   4.084308,   5.773672       
# span 7 =   4.084531,   5.773718       
# span 8 =     1.6778,     3.1373       
# span 9 =     1.3776,     2.6662       
# span 10 =      12.22,     100.68      
# span 11 =   28.85714,   29.05426      
# span 12 =  -86.50484,  -85.91733      
# span 13 =   -0.00831,    0.01900      
# span 14 =   -0.01129,    0.01817      
# span 15 =     2.4873,     4.4233      
# span 16 =     2.5227,     4.4282      
# span 17 =    12.1726,    28.9244      
# span 18 =    12.1751,    28.9449      
# span 19 =    34.6766,    36.5563      
# span 20 =    34.6777,    36.5587      
# span 21 =    21.9983,    26.9632      
# span 22 =    21.9987,    26.9628      
# span 23 =    1521.09,    1531.50      
# span 24 =    108.167,    193.292      
# span 25 =    109.705,    193.508      
# span 26 =         30,         70      
# span 27 = 0.0000e+00, 0.0000e+00      
# interval = decibars: 1                
# start_time = Sep 21 2021 03:02:09 [NMEA time, header]
# bad_flag = -9.990e-29
*END*
[from data line 104]
      61568   2565.309     21.851     22.000    28.5477    28.5680   5.642746   5.649179     3.1120     2.6446     100.02   28.85942  -85.92458   -0.00022   -0.00127     4.3817     4.3863    28.5424    28.5627    34.7385    34.7602    22.0198    22.0294    1521.23    191.469    191.671         63 0.0000e+00
      64634   2693.035     14.899     15.000    28.6639    28.6648   5.665075   5.665408     3.1373     2.6662     100.68   29.05426  -86.50484   -0.00033   -0.00032     4.4233     4.4282    28.6604    28.6612    34.9120    34.9137    22.1473    22.1482    1531.50    193.292    193.508         35 0.0000e+00
      64252   2677.123     13.906     14.000    28.4738    28.4748   5.627553   5.627643     3.1165     2.6477     100.00   28.85934  -85.92450    0.00035   -0.00085     4.3934     4.3967    28.4705    28.4715    34.6798    34.6797    21.9994    21.9990    1521.23    191.984    192.127         54 0.0000e+00
      64311   2679.580     12.912     13.000    28.4778    28.4834   5.628081   5.629029     3.1173     2.6520      96.36   28.85934  -85.92450    0.00068    0.00052     4.3940     4.4043    28.4747    28.4803    34.6809    34.6832    21.9989    21.9987    1521.23    192.013    192.463         56 0.0000e+00
      64361   2681.687     11.919     12.000    28.4706    28.4781   5.627046   5.628262     3.1156     2.6499      90.81   28.85934  -85.92450   -0.00082    0.00075     4.3909     4.3998    28.4677    28.4752    34.6792    34.6822    21.9999    21.9997    1521.23    191.874    192.267         50 0.0000e+00
      64410   2683.700     10.926     11.000    28.4681    28.4709   5.626545   5.627034     3.1167     2.6492      98.49   28.85934  -85.92450   -0.00015   -0.00072     4.3926     4.3985    28.4655    28.4683    34.6778    34.6792    21.9996    21.9997    1521.23    191.951    192.209         46 0.0000e+00
      64456   2685.634      9.932     10.000    28.4687    28.4704   5.626504   5.626870     3.1157     2.6496      71.76   28.85934  -85.92450    0.00039   -0.00015     4.3902     4.3990    28.4663    28.4680    34.6774    34.6787    21.9990    21.9994    1521.23    191.845    192.228         47 0.0000e+00
      64504   2687.613      8.939      9.000    28.4704    28.4710   5.626708   5.626867     3.1165     2.6496      77.44   28.85934  -85.92450   -0.00035    0.00042     4.3911     4.3982    28.4683    28.4689    34.6779    34.6785    21.9987    21.9990    1521.23    191.886    192.195         50 0.0000e+00
      64559   2689.917      7.946      8.000    28.4725    28.4725   5.626942   5.627055     3.1146     2.6497     100.43   28.85934  -85.92450   -0.00011   -0.00060     4.3868     4.3977    28.4706    28.4706    34.6783    34.6790    21.9983    21.9988    1521.23    191.699    192.174         57 0.0000e+00
      64609   2692.017      6.953      7.000    28.4715    28.4725   5.626770   5.627035     3.1165     2.6509     100.00   28.85934  -85.92450    0.00009    0.00071     4.3900     4.3998    28.4698    28.4708    34.6781    34.6792    21.9984    21.9989    1521.23    191.837    192.265         36 0.0000e+00
      64674   2694.716      5.960      6.000    28.4718    28.4724   5.626803   5.626982     3.1196     2.6525     100.00   28.85934  -85.92449    0.00102    0.00065     4.3950     4.4024    28.4703    28.4709    34.6784    34.6792    21.9984    21.9989    1521.23    192.055    192.378         37 0.0000e+00
      64761   2698.323      4.967      5.000    28.4692    28.4695   5.626429   5.626486     3.1200     2.6548     100.00   28.85933  -85.92448   -0.00013    0.00000     4.3956     4.4068    28.4680    28.4683    34.6780    34.6786    21.9989    21.9993    1521.23    192.080    192.572         38 0.0000e+00
      66479   2769.900      3.973      4.000    28.4610    28.4614   5.625271   5.625513     3.1202     2.6517     100.00   28.85930  -85.92442    0.00031   -0.00117     4.3958     4.4006    28.4601    28.4604    34.6766    34.6777    22.0005    22.0011    1521.23    192.091    192.299         37 0.0000e+00
      67572   2815.466      2.980      3.000    28.4598    28.4600   5.625182   5.625381     3.1198     2.6524      84.21   28.85927  -85.92439    0.00035    0.00082     4.3947     4.4017    28.4591    28.4593    34.6770    34.6781    22.0011    22.0018    1521.23    192.042    192.347         32 0.0000e+00
      67767   2823.570      1.986      2.000    28.4590    28.4592   5.625163   5.625359     3.1192     2.6536      65.94   28.85926  -85.92438   -0.00048    0.00060     4.3933     4.4037    28.4585    28.4587    34.6775    34.6787    22.0017    22.0025    1521.23    191.979    192.433         34 0.0000e+00
