Gulf of Mexico/GOMECC-4/1db/urb2103_0551.cnv
* Sea-Bird SBE 9 Data File:
* FileName = C:\Users\scs.user.rb\CTD\GOMECC4\data\rb2103_0551.hex
* Software Version Seasave V 7.26.7.107
* Temperature SN = 4799
* Conductivity SN = 3860
* Number of Bytes Per Scan = 41
* Number of Voltage Words = 4
* Number of Scans Averaged by the Deck Unit = 1
* NMEA Latitude = 27 38.90 N
* NMEA Longitude = 094 59.93 W
* NMEA UTC (Time) = Sep 28 2021  16:15:21
* NMEA baud rate = 4800
# nquan = 28
# nvalues = 215                         
# units = specified
# name 0 = scan: Scan Count
# name 1 = timeS: Time, Elapsed [seconds]
# name 2 = depSM: Depth [salt water, m]
# name 3 = prDM: Pressure, Digiquartz [db]
# name 4 = t090C: Temperature [ITS-90, deg C]
# name 5 = t190C: Temperature, 2 [ITS-90, deg C]
# name 6 = c0S/m: Conductivity [S/m]
# name 7 = c1S/m: Conductivity, 2 [S/m]
# name 8 = sbeox0V: Oxygen raw, SBE 43 [V]
# name 9 = sbeox1V: Oxygen raw, SBE 43, 2 [V]
# name 10 = altM: Altimeter [m]
# name 11 = latitude: Latitude [deg]
# name 12 = longitude: Longitude [deg]
# name 13 = sbox0dV/dT: Oxygen, SBE 43 [dov/dt]
# name 14 = sbox1dV/dT: Oxygen, SBE 43, 2 [dov/dt]
# name 15 = sbeox0ML/L: Oxygen, SBE 43 [ml/l], WS = 5
# name 16 = sbeox1ML/L: Oxygen, SBE 43, 2 [ml/l], WS = 5
# name 17 = potemp090C: Potential Temperature [ITS-90, deg C]
# name 18 = potemp190C: Potential Temperature, 2 [ITS-90, deg C]
# name 19 = sal00: Salinity, Practical [PSU]
# name 20 = sal11: Salinity, Practical, 2 [PSU]
# name 21 = sigma-é00: Density [sigma-theta, kg/m^3]
# name 22 = sigma-é11: Density, 2 [sigma-theta, kg/m^3]
# name 23 = avgsvCM: Average Sound Velocity [Chen-Millero, m/s], minP = 20, minS = 20
# name 24 = sbox0Mm/Kg: Oxygen, SBE 43 [umol/kg], WS = 5
# name 25 = sbox1Mm/Kg: Oxygen, SBE 43, 2 [umol/kg], WS = 5
# name 26 = nbin: number of scans per bin
# name 27 = flag: flag
# span 0 =      30860,      84341       
# span 1 =   1285.775,   3514.171       
# span 2 =      1.987,    615.963       
# span 3 =      2.000,    621.000       
# span 4 =     7.8482,    29.6282       
# span 5 =     7.8483,    29.6290       
# span 6 =   3.632257,   5.919402       
# span 7 =   3.632141,   5.919412       
# span 8 =     1.5856,     3.2734       
# span 9 =     1.2909,     2.8066       
# span 10 =      13.03,     102.81      
# span 11 =   27.55847,   28.15903      
# span 12 =  -96.75594,  -94.69200      
# span 13 =   -0.00629,    0.03712      
# span 14 =   -0.01190,    0.03689      
# span 15 =     2.4552,     4.9027      
# span 16 =     2.4813,     4.9174      
# span 17 =     7.7850,    29.6274      
# span 18 =     7.7851,    29.6283      
# span 19 =    34.9752,    36.4638      
# span 20 =    34.9736,    36.4640      
# span 21 =    22.4116,    27.2868      
# span 22 =    22.4104,    27.2857      
# span 23 =    1503.16,    1535.92      
# span 24 =    106.754,    213.707      
# span 25 =    107.887,    214.337      
# span 26 =         30,         65      
# span 27 = 0.0000e+00, 0.0000e+00      
# interval = decibars: 1                
# start_time = Sep 28 2021 16:15:21 [NMEA time, header]
# bad_flag = -9.990e-29
*END*
[from data line 104]
      55344   2305.954    217.434    219.000    14.8974    14.8883   4.395137   4.394079     1.7882     1.4732      86.59   27.64769  -94.99805    0.00039    0.00013     2.5946     2.6204    14.8641    14.8550    35.9491    35.9478    26.7341    26.7351    1508.01    112.858    113.979         36 0.0000e+00
      55350   2306.197    215.449    217.000    14.9223    14.9002   4.399344   4.396724     1.7902     1.4729     100.03   27.65679  -95.02934    0.00055   -0.00005     2.5964     2.6180    14.8892    14.8673    35.9620    35.9611    26.7389    26.7432    1508.51    112.936    113.877         34 0.0000e+00
      55370   2307.045    214.457    216.000    14.9305    14.9127   4.399247   4.397240     1.7901     1.4738     100.00   27.64768  -94.99805    0.00067    0.00022     2.5961     2.6196    14.8976    14.8798    35.9575    35.9555    26.7332    26.7356    1508.01    112.925    113.944         40 0.0000e+00
      55458   2310.727    211.480    213.000    14.9701    14.9672   4.404277   4.403906     1.7914     1.4752     100.01   27.65215  -95.01340    0.00025    0.00044     2.5959     2.6189    14.9376    14.9348    35.9699    35.9680    26.7343    26.7334    1508.25    112.916    113.915         30 0.0000e+00
      55486   2311.862    210.488    212.000    14.9716    14.9768   4.403966   4.404474     1.7914     1.4750     100.00   27.64768  -94.99806    0.00047    0.00007     2.5957     2.6178    14.9392    14.9444    35.9645    35.9644    26.7294    26.7281    1508.01    112.904    113.867         40 0.0000e+00
      55596   2316.470    206.518    208.000    15.0391    15.0380   4.411902   4.411578     1.7931     1.4762     100.01   27.64956  -95.00451    0.00043    0.00020     2.5944     2.6160    15.0072    15.0062    35.9772    35.9753    26.7243    26.7230    1508.11    112.852    113.791         32 0.0000e+00
      55717   2321.518    201.556    203.000    15.1732    15.1691   4.426964   4.426515     1.7979     1.4816      99.99   27.64541  -94.99026    0.00133    0.00111     2.5965     2.6212    15.1419    15.1378    35.9920    35.9921    26.7054    26.7065    1507.89    112.942    114.016         33 0.0000e+00
      55840   2326.622    196.594    198.000    15.3057    15.3064   4.442790   4.442253     1.8014     1.4845      99.99   27.64442  -94.98685    0.00082    0.00106     2.5955     2.6196    15.2751    15.2758    36.0160    36.0105    26.6941    26.6896    1507.83    112.902    113.950         38 0.0000e+00
      55975   2332.245    191.632    193.000    15.6167    15.6134   4.479786   4.479483     1.8045     1.4848     100.02   27.65256  -95.01484    0.00081    0.00023     2.5828     2.6013    15.5864    15.5831    36.0710    36.0713    26.6669    26.6679    1508.28    112.351    113.157         39 0.0000e+00
      56100   2337.472    186.670    188.000    15.8961    15.8973   4.512867   4.512791     1.8041     1.4841      55.79   27.65473  -95.02234    0.00070    0.00035     2.5642     2.5821    15.8662    15.8674    36.1163    36.1146    26.6382    26.6365    1508.40    111.547    112.326         31 0.0000e+00
      56120   2338.273    185.677    187.000    15.8639    15.8420   4.508279   4.505762     1.8029     1.4826     101.42   27.64766  -94.99806    0.00040   -0.00040     2.5629     2.5810    15.8343    15.8123    36.1023    36.0997    26.6341    26.6371    1508.01    111.491    112.275         34 0.0000e+00
      56241   2343.334    180.715    182.000    16.0538    16.0465   4.530523   4.529690     1.8067     1.4876      70.77   27.64914  -95.00312    0.00105    0.00153     2.5595     2.5812    16.0246    16.0174    36.1312    36.1304    26.6126    26.6137    1508.09    111.343    112.288         33 0.0000e+00
      56493   2353.844    174.760    176.000    16.2329    16.2538   4.552487   4.556858     1.8189     1.4990     100.04   27.65918  -95.03763    0.00127    0.00116     2.5742     2.5959    16.2004    16.2254    36.1700    36.1700    26.6027    26.5969    1508.64    111.985    112.932         50 0.0000e+00
      56619   2359.077    173.767    175.000    16.3327    16.3289   4.562984   4.561692     1.8247     1.5035     100.00   27.64766  -94.99804    0.00158    0.00114     2.5840     2.6045    16.3050    16.3006    36.1694    36.1643    26.5767    26.5739    1508.01    112.415    113.308         38 0.0000e+00
      56741   2364.182    172.775    174.000    16.4357    16.4479   4.575044   4.576240     1.8299     1.5083     100.00   27.64766  -94.99804    0.00146    0.00193     2.5896     2.6097    16.4074    16.4196    36.1834    36.1829    26.5635    26.5603    1508.01    112.658    113.533         30 0.0000e+00
      56883   2370.076    171.782    173.000    16.4995    16.5475   4.581992   4.587459     1.8332     1.5116     100.00   27.64766  -94.99804    0.00002   -0.00028     2.5934     2.6124    16.4713    16.5192    36.1876    36.1925    26.5517    26.5443    1508.01    112.824    113.654         39 0.0000e+00
      56997   2374.813    170.790    172.000    16.5419    16.5713   4.587022   4.590447     1.8328     1.5121     100.00   27.64766  -94.99804    0.00012    0.00071     2.5897     2.6121    16.5138    16.5432    36.1967    36.1977    26.5487    26.5426    1508.01    112.664    113.638         31 0.0000e+00
      57128   2380.278    169.797    171.000    16.5550    16.5703   4.589154   4.590530     1.8344     1.5138     100.00   27.64766  -94.99804    0.00040    0.00031     2.5925     2.6160    16.5270    16.5423    36.2002    36.2018    26.5483    26.5460    1508.01    112.787    113.809         40 0.0000e+00
      58583   2440.913    168.805    170.000    16.6049    16.5965   4.595288   4.594064     1.8353     1.5144      98.66   27.64764  -94.99799   -0.00004    0.00016     2.5912     2.6158    16.5771    16.5687    36.2103    36.2077    26.5443    26.5443    1508.01    112.730    113.801         61 0.0000e+00
      58798   2449.894    167.812    169.000    16.6263    16.6134   4.597451   4.595955     1.8357     1.5140     100.00   27.64762  -94.99798    0.00001   -0.00021     2.5905     2.6135    16.5986    16.5857    36.2111    36.2096    26.5398    26.5417    1508.01    112.703    113.703         49 0.0000e+00
      58842   2451.704    166.819    168.000    16.6439    16.6411   4.599514   4.599168     1.8360     1.5133      97.05   27.64762  -94.99798    0.00031   -0.00037     2.5901     2.6098    16.6163    16.6136    36.2139    36.2133    26.5377    26.5380    1508.01    112.685    113.541         37 0.0000e+00
      58887   2453.594    165.827    167.000    16.7220    16.7385   4.608640   4.610456     1.8364     1.5140      97.30   27.64762  -94.99798    0.00023   -0.00005     2.5863     2.6062    16.6945    16.7110    36.2242    36.2253    26.5272    26.5241    1508.01    112.520    113.385         58 0.0000e+00
      58938   2455.724    164.834    166.000    16.7769    16.7992   4.615032   4.617565     1.8366     1.5155     100.08   27.64762  -94.99798    0.00010    0.00050     2.5833     2.6063    16.7496    16.7718    36.2312    36.2335    26.5195    26.5159    1508.01    112.390    113.392         37 0.0000e+00
      59032   2459.622    161.857    163.000    17.0650    17.0688   4.649284   4.649362     1.8413     1.5161     100.01   27.64946  -95.00430    0.00147    0.00037     2.5769     2.5923    17.0378    17.0416    36.2742    36.2714    26.4838    26.4808    1508.11    112.116    112.787         31 0.0000e+00
      59063   2460.896    160.864    162.000    17.1022    17.1040   4.653396   4.653184     1.8399     1.5148     100.00   27.64762  -94.99798    0.00040   -0.00031     2.5713     2.5869    17.0752    17.0769    36.2763    36.2728    26.4763    26.4732    1508.01    111.874    112.551         36 0.0000e+00
      59192   2466.278    155.901    157.000    17.4126    17.3982   4.689287   4.687982     1.8369     1.5117      99.99   27.64584  -94.99185   -0.00061   -0.00060     2.5458     2.5620    17.3860    17.3717    36.3116    36.3134    26.4280    26.4328    1507.91    110.769    111.472         30 0.0000e+00
      59619   2484.103    139.025    140.000    18.3473    18.3402   4.798471   4.797357     1.8506     1.5226     100.01   27.65132  -95.01069   -0.00017   -0.00045     2.5209     2.5353    18.3228    18.3156    36.4266    36.4234    26.2848    26.2842    1508.21    109.699    110.327         30 0.0000e+00
      59643   2485.073    138.033    139.000    18.3278    18.3583   4.795546   4.798616     1.8481     1.5220     100.00   27.64762  -94.99798   -0.00123   -0.00100     2.5161     2.5327    18.3035    18.3339    36.4192    36.4168    26.2836    26.2742    1508.01    109.492    110.215         31 0.0000e+00
      59777   2490.661    135.054    136.000    18.3275    18.3443   4.794244   4.795180     1.8475     1.5215      99.82   27.62329  -94.91440   -0.00077   -0.00081     2.5158     2.5326    18.3036    18.3204    36.4017    36.3961    26.2687    26.2601    1506.68    109.477    110.209         51 0.0000e+00
      59978   2499.055    134.062    135.000    18.5601    18.4487   4.821026   4.809280     1.8566     1.5280      53.65   27.64762  -94.99796    0.00162    0.00143     2.5217     2.5413    18.5362    18.4250    36.4304    36.4290    26.2335    26.2606    1508.01    109.742    110.592         43 0.0000e+00
      60103   2504.237    133.069    134.000    18.6343    18.4370   4.830494   4.807635     1.8861     1.5303      99.50   27.64762  -94.99796    0.00477    0.00057     2.5827     2.5463    18.6106    18.4136    36.4453    36.4257    26.2260    26.2608    1508.01    112.394    110.808         30 0.0000e+00
      60226   2509.367    132.076    133.000    18.7206    18.6613   4.836903   4.832573     1.8983     1.5541     100.00   27.64760  -94.99796    0.00357    0.00547     2.6045     2.5935    18.6970    18.6378    36.4419    36.4393    26.2014    26.2145    1508.01    113.348    112.867         37 0.0000e+00
      60356   2514.797    131.084    132.000    18.7871    18.7335   4.845699   4.840396     1.9063     1.5678     100.00   27.64760  -94.99796    0.00207    0.00276     2.6186     2.6228    18.7636    18.7100    36.4435    36.4421    26.1856    26.1982    1508.01    113.963    114.146         36 0.0000e+00
      61787   2574.402    129.098    130.000    18.9583    18.9580   4.863681   4.863645     1.9125     1.5819      99.94   27.63071  -94.93989    0.00034    0.00056     2.6238     2.6459    18.9350    18.9346    36.4363    36.4363    26.1349    26.1351    1507.09    114.192    115.153         37 0.0000e+00
      61914   2579.714    126.120    127.000    18.9913    18.9968   4.868216   4.868583     1.9267     1.5931      96.48   27.65191  -95.01274    0.00330    0.00277     2.6510     2.6692    18.9685    18.9740    36.4536    36.4517    26.1413    26.1384    1508.24    115.378    116.170         34 0.0000e+00
      61938   2580.718    125.127    126.000    19.0022    19.0123   4.868883   4.870056     1.9290     1.5953     100.13   27.64760  -94.99794    0.00414    0.00310     2.6552     2.6734    18.9796    18.9896    36.4480    36.4490    26.1337    26.1319    1508.01    115.561    116.352         31 0.0000e+00
      62059   2585.766    120.163    121.000    19.3029    19.3107   4.901936   4.902773     1.9336     1.6004     100.01   27.64933  -95.00390    0.00087    0.00099     2.6473     2.6685    19.2810    19.2887    36.4638    36.4640    26.0680    26.0662    1508.10    115.227    116.149         32 0.0000e+00
      62202   2591.689    114.206    115.000    19.6348    19.6304   4.932980   4.932511     2.0047     1.6684     100.00   27.64740  -94.99725    0.01669    0.01565     2.7826     2.8128    19.6136    19.6093    36.4339    36.4338    25.9580    25.9591    1508.00    121.127    122.440         33 0.0000e+00
      62348   2597.812    108.249    109.000    20.0107    20.0261   4.964370   4.965387     2.1631     1.8222     100.00   27.64693  -94.99563    0.03712    0.03689     3.1015     3.1542    19.9904    20.0058    36.3691    36.3641    25.8090    25.8011    1507.97    135.027    137.325         31 0.0000e+00
      62635   2609.743    104.278    105.000    20.3250    20.3335   4.991168   4.991851     2.3295     1.9635      99.95   27.63334  -94.94893    0.02721    0.02647     3.4369     3.4670    20.3052    20.3137    36.3131    36.3113    25.6805    25.6769    1507.23    149.648    150.956         39 0.0000e+00
      62804   2616.778    102.281    103.000    20.3265    20.3273   4.986544   4.986873     2.3445     1.9768      99.81   27.59433  -94.81497    0.00174    0.00013     3.4709     3.4978    20.3071    20.3078    36.2831    36.2621    25.6542    25.6363    1505.11    151.128    152.302         40 0.0000e+00
      63094   2628.872    101.301    102.000    20.4494    20.4098   5.006479   5.001490     2.3536     1.9814     100.00   27.64758  -94.99794    0.00156   -0.00042     3.4775     3.5026    20.4290    20.3906    36.3395    36.3323    25.6692    25.6740    1508.01    151.420    152.513         36 0.0000e+00
      63234   2634.728    100.307    101.000    20.5164    20.5181   5.012938   5.013124     2.3575     1.9894     100.00   27.64758  -94.99794    0.00179    0.00117     3.4818     3.5139    20.4972    20.4990    36.3364    36.3356    25.6484    25.6473    1508.01    151.609    153.006         64 0.0000e+00
      64339   2680.745     99.314    100.000    20.6263    20.6189   5.022822   5.022004     2.4109     2.0340      96.14   27.64753  -94.99789    0.00206    0.00099     3.5874     3.6114    20.6073    20.5999    36.3213    36.3209    25.6071    25.6089    1508.01    156.214    157.256         51 0.0000e+00
      64628   2692.802     98.320     99.000    20.6603    20.6661   5.025951   5.026513     2.4388     2.0603     100.16   27.64752  -94.99788    0.00810    0.00791     3.6437     3.6691    20.6415    20.6472    36.3179    36.3176    25.5953    25.5935    1508.01    158.668    159.774         43 0.0000e+00
      64655   2693.936     97.328     98.000    20.6654    20.6450   5.026660   5.024713     2.4394     2.0598      90.50   27.64752  -94.99788    0.00447    0.00377     3.6443     3.6689    20.6468    20.6263    36.3197    36.3214    25.5952    25.6020    1508.01    158.693    159.762         32 0.0000e+00
      64689   2695.351     96.335     97.000    20.7000    20.6815   5.030029   5.027724     2.4403     2.0582      92.52   27.64752  -94.99786    0.00136    0.00030     3.6434     3.6621    20.6815    20.6635    36.3178    36.3178    25.5844    25.5903    1508.01    158.656    159.469         35 0.0000e+00
      64724   2696.781     95.342     96.000    20.7311    20.7400   5.033171   5.033943     2.4446     2.0636     100.28   27.64752  -94.99786    0.00116    0.00011     3.6499     3.6707    20.7128    20.7216    36.3171    36.3157    25.5754    25.5718    1508.01    158.940    159.844         32 0.0000e+00
      64921   2705.007     88.391     89.000    21.1216    21.1575   5.068127   5.070716     2.6118     2.2335      70.85   27.64823  -95.00029    0.02175    0.02191     3.9713     4.0328    21.1044    21.1403    36.2698    36.2602    25.4324    25.4153    1508.05    172.958    175.643         30 0.0000e+00
      65638   2734.895     75.483     76.000    22.3423    22.3549   5.202657   5.203992     2.9466     2.5229     100.32   27.73560  -95.30049    0.01646    0.01732     4.5605     4.5958    22.3270    22.3397    36.3609    36.3608    25.1719    25.1683    1512.81    198.687    200.225         33 0.0000e+00
      65527   2730.238     74.490     75.000    22.2889    22.2989   5.188249   5.189000     2.9466     2.5205     100.00   27.64752  -94.99784    0.00639    0.00533     4.5651     4.5918    22.2739    22.2838    36.2468    36.2446    25.0880    25.0835    1508.01    198.887    200.051         56 0.0000e+00
