Gulf of Mexico/GOMECC-4/1db/urb2103_0791.cnv
* Sea-Bird SBE 9 Data File:
* FileName = C:\Users\scs.user.rb\CTD\GOMECC4\data\rb2103_0791.hex
* Software Version Seasave V 7.26.7.107
* Temperature SN = 4799
* Conductivity SN = 3860
* Number of Bytes Per Scan = 41
* Number of Voltage Words = 4
* Number of Scans Averaged by the Deck Unit = 1
* NMEA Latitude = 22 16.43 N
* NMEA Longitude = 097 21.67 W
* NMEA UTC (Time) = Oct 06 2021  04:28:40
* NMEA baud rate = 4800
# nquan = 28
# nvalues = 200                         
# units = specified
# name 0 = scan: Scan Count
# name 1 = timeS: Time, Elapsed [seconds]
# name 2 = depSM: Depth [salt water, m]
# name 3 = prDM: Pressure, Digiquartz [db]
# name 4 = t090C: Temperature [ITS-90, deg C]
# name 5 = t190C: Temperature, 2 [ITS-90, deg C]
# name 6 = c0S/m: Conductivity [S/m]
# name 7 = c1S/m: Conductivity, 2 [S/m]
# name 8 = sbeox0V: Oxygen raw, SBE 43 [V]
# name 9 = sbeox1V: Oxygen raw, SBE 43, 2 [V]
# name 10 = altM: Altimeter [m]
# name 11 = latitude: Latitude [deg]
# name 12 = longitude: Longitude [deg]
# name 13 = sbox0dV/dT: Oxygen, SBE 43 [dov/dt]
# name 14 = sbox1dV/dT: Oxygen, SBE 43, 2 [dov/dt]
# name 15 = sbeox0ML/L: Oxygen, SBE 43 [ml/l], WS = 5
# name 16 = sbeox1ML/L: Oxygen, SBE 43, 2 [ml/l], WS = 5
# name 17 = potemp090C: Potential Temperature [ITS-90, deg C]
# name 18 = potemp190C: Potential Temperature, 2 [ITS-90, deg C]
# name 19 = sal00: Salinity, Practical [PSU]
# name 20 = sal11: Salinity, Practical, 2 [PSU]
# name 21 = sigma-é00: Density [sigma-theta, kg/m^3]
# name 22 = sigma-é11: Density, 2 [sigma-theta, kg/m^3]
# name 23 = avgsvCM: Average Sound Velocity [Chen-Millero, m/s], minP = 20, minS = 20
# name 24 = sbox0Mm/Kg: Oxygen, SBE 43 [umol/kg], WS = 5
# name 25 = sbox1Mm/Kg: Oxygen, SBE 43, 2 [umol/kg], WS = 5
# name 26 = nbin: number of scans per bin
# name 27 = flag: flag
# span 0 =      17522,      47633       
# span 1 =    730.040,   1984.658       
# span 2 =      0.994,    236.377       
# span 3 =      1.000,    238.000       
# span 4 =    14.5127,    29.6688       
# span 5 =    14.5113,    29.5564       
# span 6 =   4.352150,   6.007930       
# span 7 =   4.351915,   6.008653       
# span 8 =     1.7182,     3.3263       
# span 9 =     1.4061,     2.8332       
# span 10 =       6.68,     100.85      
# span 11 =   22.24790,   22.45165      
# span 12 =  -98.13803,  -97.24743      
# span 13 =   -0.00383,    0.04385      
# span 14 =   -0.00601,    0.04113      
# span 15 =     2.4427,     4.9119      
# span 16 =     2.4580,     4.9082      
# span 17 =    14.4772,    29.6651      
# span 18 =    14.4757,    29.5527      
# span 19 =    29.7992,    36.5534      
# span 20 =    27.2224,    36.5164      
# span 21 =    18.0469,    26.7855      
# span 22 =    16.1297,    26.7855      
# span 23 =    1524.94,    1538.90      
# span 24 =    106.247,    214.198      
# span 25 =    106.916,    214.026      
# span 26 =         30,         73      
# span 27 = 0.0000e+00, 0.0000e+00      
# interval = decibars: 1                
# start_time = Oct 06 2021 04:28:40 [NMEA time, header]
# bad_flag = -9.990e-29
*END*
[from data line 52]
      21670    902.885    179.790    181.000    16.1349    16.1449   4.540284   4.541175     1.8172     1.4952      62.30   22.27408  -97.36188    0.00074    0.00042     2.5793     2.5949    16.1058    16.1158    36.1445    36.1433    26.6039    26.6007    1526.73    112.207    112.884         40 0.0000e+00
      21708    904.472    178.798    180.000    16.1816    16.1936   4.545156   4.547190     1.8176     1.4968      63.24   22.27408  -97.36188    0.00052    0.00066     2.5776     2.5964    16.1527    16.1651    36.1484    36.1516    26.5961    26.5954    1526.73    112.132    112.949         39 0.0000e+00
      21752    906.275    177.804    179.000    16.2160    16.2314   4.549473   4.551149     1.8192     1.4963      64.37   22.27408  -97.36188    0.00057    0.00052     2.5787     2.5923    16.1872    16.2025    36.1535    36.1543    26.5919    26.5890    1526.73    112.180    112.775         48 0.0000e+00
      21802    908.385    176.812    178.000    16.2549    16.2727   4.554169   4.555806     1.8190     1.4961      65.34   22.27408  -97.36188    0.00039   -0.00022     2.5758     2.5893    16.2262    16.2439    36.1603    36.1588    26.5881    26.5828    1526.73    112.054    112.644         51 0.0000e+00
      21849    910.321    175.819    177.000    16.3155    16.3126   4.560934   4.560574     1.8194     1.4961      66.33   22.27408  -97.36188   -0.00001   -0.00015     2.5728     2.5868    16.2868    16.2840    36.1659    36.1653    26.5783    26.5785    1526.73    111.928    112.535         42 0.0000e+00
      21891    912.089    174.826    176.000    16.3716    16.4053   4.567735   4.571807     1.8206     1.4987      67.24   22.27408  -97.36188    0.00032    0.00063     2.5718     2.5880    16.3430    16.3768    36.1758    36.1805    26.5728    26.5685    1526.73    111.881    112.588         42 0.0000e+00
      21932    913.809    173.833    175.000    16.4690    16.4821   4.579217   4.580741     1.8223     1.4993      68.19   22.27408  -97.36188    0.00083    0.00100     2.5703     2.5852    16.4406    16.4536    36.1923    36.1914    26.5626    26.5588    1526.73    111.818    112.470         43 0.0000e+00
      21983    915.936    172.840    174.000    16.5259    16.5310   4.585911   4.586645     1.8236     1.4993      66.07   22.27408  -97.36188    0.00078    0.00022     2.5698     2.5822    16.4975    16.5026    36.1979    36.1998    26.5535    26.5538    1526.73    111.800    112.338         57 0.0000e+00
      22033    917.993    171.847    173.000    16.5723    16.5793   4.591267   4.592669     1.8253     1.5005      65.16   22.27408  -97.36188    0.00068    0.00010     2.5709     2.5821    16.5440    16.5510    36.2038    36.2098    26.5471    26.5501    1526.73    111.847    112.335         41 0.0000e+00
      22071    919.603    170.854    172.000    16.6497    16.6616   4.600463   4.601980     1.8270     1.5027      71.04   22.27408  -97.36188    0.00093    0.00085     2.5701     2.5831    16.6215    16.6334    36.2154    36.2181    26.5377    26.5369    1526.73    111.816    112.381         40 0.0000e+00
      22116    921.462    169.861    171.000    16.6984    16.7167   4.606413   4.608411     1.8303     1.5057      72.24   22.27408  -97.36190    0.00136    0.00152     2.5746     2.5873    16.6703    16.6886    36.2242    36.2253    26.5329    26.5295    1526.73    112.010    112.565         49 0.0000e+00
      22165    923.488    168.868    170.000    16.7265    16.7338   4.609363   4.610210     1.8315     1.5077      73.27   22.27408  -97.36190    0.00130    0.00126     2.5757     2.5911    16.6986    16.7058    36.2252    36.2261    26.5270    26.5259    1526.73    112.056    112.728         45 0.0000e+00
      22209    925.352    167.875    169.000    16.7881    16.8037   4.616813   4.619037     1.8329     1.5099      74.24   22.27408  -97.36191    0.00044    0.00104     2.5754     2.5933    16.7613    16.7771    36.2347    36.2372    26.5194    26.5164    1526.73    112.044    112.826         46 0.0000e+00
      22253    927.182    166.883    168.000    16.8588    16.8653   4.625102   4.625705     1.8363     1.5125      75.17   22.27408  -97.36192    0.00126    0.00136     2.5786     2.5957    16.8310    16.8375    36.2451    36.2446    26.5108    26.5089    1526.73    112.186    112.929         42 0.0000e+00
      22299    929.078    165.889    167.000    16.9038    16.9219   4.630311   4.632391     1.8386     1.5139      75.25   22.27408  -97.36192    0.00163    0.00106     2.5810     2.5959    16.8761    16.8942    36.2507    36.2527    26.5044    26.5016    1526.73    112.290    112.941         49 0.0000e+00
      22347    931.096    164.896    166.000    16.9751    16.9659   4.638676   4.637556     1.8410     1.5149      77.19   22.27408  -97.36192    0.00117    0.00065     2.5822     2.5958    16.9475    16.9384    36.2603    36.2587    26.4946    26.4956    1526.73    112.345    112.936         46 0.0000e+00
      22390    932.883    163.904    165.000    17.0428    17.0779   4.647190   4.650762     1.8432     1.5177      78.18   22.27408  -97.36192    0.00120    0.00091     2.5828     2.5963    17.0153    17.0503    36.2734    36.2740    26.4884    26.4805    1526.73    112.373    112.958         34 0.0000e+00
      22432    934.623    162.911    164.000    17.1417    17.1644   4.658933   4.661225     1.8468     1.5212      79.10   22.27408  -97.36192    0.00159    0.00180     2.5855     2.6003    17.1143    17.1369    36.2884    36.2880    26.4761    26.4704    1526.73    112.492    113.134         45 0.0000e+00
      23938    997.358    157.946    159.000    17.3822    17.3843   4.685946   4.686275     1.8568     1.5296      84.11   22.26978  -97.34311   -0.00010   -0.00030     2.5935     2.6081    17.3553    17.3575    36.3077    36.3086    26.4320    26.4323    1526.44    112.842    113.476         53 0.0000e+00
      23993    999.650    156.953    158.000    17.4586    17.4677   4.695568   4.696440     1.8591     1.5290      84.90   22.27408  -97.36190    0.00077   -0.00016     2.5939     2.6019    17.4318    17.4411    36.3253    36.3240    26.4275    26.4241    1526.73    112.861    113.211         48 0.0000e+00
      24064   1002.637    155.960    157.000    17.5162    17.5322   4.702514   4.704209     1.8607     1.5314      86.26   22.27408  -97.36190    0.00074    0.00054     2.5941     2.6037    17.4885    17.5055    36.3336    36.3339    26.4200    26.4161    1526.73    112.870    113.290         47 0.0000e+00
      24110   1004.539    154.967    156.000    17.6765    17.6975   4.721382   4.723957     1.8630     1.5345      87.07   22.27408  -97.36190    0.00053    0.00119     2.5913     2.6031    17.6510    17.6711    36.3535    36.3568    26.3955    26.3927    1526.73    112.753    113.263         39 0.0000e+00
      24170   1007.047    153.974    155.000    17.7163    17.7040   4.726079   4.724734     1.8672     1.5377      88.12   22.27408  -97.36192    0.00176    0.00148     2.5970     2.6098    17.6898    17.6775    36.3600    36.3594    26.3910    26.3935    1526.73    112.998    113.557         68 0.0000e+00
      24229   1009.517    152.981    154.000    17.7681    17.7462   4.730972   4.728765     1.8690     1.5385      89.08   22.27408  -97.36190    0.00088    0.00060     2.5982     2.6092    17.7417    17.7203    36.3574    36.3622    26.3761    26.3841    1526.73    113.055    113.530         51 0.0000e+00
      24284   1011.777    151.988    153.000    17.7786    17.7888   4.733738   4.734268     1.8705     1.5409      90.01   22.27408  -97.36191    0.00073    0.00065     2.6003     2.6125    17.7523    17.7629    36.3712    36.3682    26.3841    26.3797    1526.73    113.145    113.675         58 0.0000e+00
      24342   1014.216    150.995    152.000    17.8376    17.8379   4.739972   4.739861     1.8725     1.5430      91.09   22.27408  -97.36192    0.00076    0.00109     2.6013     2.6149    17.8115    17.8117    36.3727    36.3729    26.3706    26.3708    1526.73    113.191    113.780         58 0.0000e+00
      24403   1016.750    150.002    151.000    17.8684    17.8727   4.743257   4.744060     1.8730     1.5427      88.27   22.27408  -97.36191    0.00045    0.00016     2.6005     2.6119    17.8424    17.8467    36.3739    36.3769    26.3639    26.3652    1526.73    113.154    113.653         60 0.0000e+00
      24447   1018.568    149.009    150.000    17.9688    18.0052   4.754910   4.759016     1.8728     1.5436      75.63   22.27408  -97.36191   -0.00002   -0.00009     2.5942     2.6070    17.9429    17.9792    36.3849    36.3878    26.3475    26.3406    1526.73    112.883    113.439         30 0.0000e+00
      24478   1019.859    148.015    149.000    18.1545    18.1843   4.776811   4.780141     1.8721     1.5425      93.48   22.27408  -97.36192   -0.00013    0.00009     2.5821     2.5949    18.1286    18.1584    36.4078    36.4098    26.3187    26.3128    1526.73    112.358    112.916         33 0.0000e+00
      24514   1021.359    147.023    148.000    18.1967    18.2157   4.781327   4.783073     1.8630     1.5296      95.05   22.27408  -97.36191   -0.00168   -0.00261     2.5581     2.5603    18.1709    18.1899    36.4093    36.4144    26.3093    26.3085    1526.73    111.318    111.414         39 0.0000e+00
      24553   1022.988    146.030    147.000    18.2451    18.2551   4.786758   4.788415     1.8598     1.5258      95.84   22.27408  -97.36190   -0.00383   -0.00520     2.5490     2.5494    18.2194    18.2294    36.4131    36.4183    26.3001    26.3015    1526.73    110.921    110.937         38 0.0000e+00
      24588   1024.462    145.037    146.000    18.2781    18.2932   4.791393   4.793170     1.8581     1.5258      96.90   22.27408  -97.36190   -0.00295   -0.00297     2.5431     2.5471    18.2526    18.2676    36.4225    36.4255    26.2990    26.2974    1526.73    110.665    110.840         32 0.0000e+00
      24619   1025.743    144.043    145.000    18.3461    18.3713   4.798303   4.801473     1.8565     1.5242      97.62   22.27408  -97.36190   -0.00144   -0.00076     2.5355     2.5384    18.3206    18.3458    36.4281    36.4313    26.2862    26.2823    1526.73    110.333    110.462         30 0.0000e+00
      24651   1027.072    143.050    144.000    18.4093    18.4254   4.806453   4.807925     1.8524     1.5190      98.69   22.27408  -97.36191   -0.00154   -0.00139     2.5228     2.5233    18.3840    18.4001    36.4366    36.4348    26.2767    26.2712    1526.73    109.784    109.807         36 0.0000e+00
      24692   1028.776    142.058    143.000    18.4546    18.4615   4.811298   4.812020     1.8464     1.5135      99.85   22.27408  -97.36192   -0.00294   -0.00341     2.5066     2.5078    18.4294    18.4363    36.4379    36.4380    26.2662    26.2645    1526.73    109.082    109.133         43 0.0000e+00
      24731   1030.418    141.064    142.000    18.4917    18.5355   4.815560   4.820283     1.8419     1.5124     100.00   22.27408  -97.36192   -0.00345   -0.00249     2.4946     2.5012    18.4666    18.5104    36.4417    36.4430    26.2597    26.2496    1526.73    108.557    108.846         35 0.0000e+00
      24763   1031.742    140.071    141.000    18.6451    18.6859   4.833093   4.838103     1.8424     1.5131     100.00   22.27408  -97.36190   -0.00221   -0.00074     2.4874     2.4950    18.6201    18.6608    36.4551    36.4615    26.2311    26.2256    1526.73    108.246    108.579         31 0.0000e+00
      24794   1033.041    139.078    140.000    18.7474    18.7747   4.845126   4.847764     1.8435     1.5125     100.00   22.27408  -97.36190   -0.00026    0.00010     2.4842     2.4890    18.7225    18.7498    36.4669    36.4651    26.2140    26.2057    1526.73    108.110    108.319         32 0.0000e+00
      24828   1034.470    138.085    139.000    18.8206    18.8006   4.852853   4.850971     1.8437     1.5116     100.00   22.27408  -97.36191    0.00058   -0.00029     2.4805     2.4852    18.7957    18.7758    36.4680    36.4698    26.1961    26.2026    1526.73    107.952    108.156         35 0.0000e+00
      24863   1035.930    137.092    138.000    18.8620    18.8705   4.858097   4.858747     1.8437     1.5127     100.00   22.27408  -97.36192    0.00021   -0.00029     2.4780     2.4842    18.8373    18.8458    36.4762    36.4741    26.1918    26.1880    1526.73    107.843    108.111         37 0.0000e+00
      24905   1037.653    136.099    137.000    18.9310    18.9834   4.865211   4.871161     1.8441     1.5163     100.00   22.27408  -97.36192    0.00005    0.00103     2.4752     2.4874    18.9065    18.9588    36.4756    36.4818    26.1736    26.1649    1526.73    107.721    108.254         44 0.0000e+00
      24943   1039.249    135.106    136.000    19.0131    19.0594   4.875387   4.880066     1.8466     1.5191     100.00   22.27408  -97.36192    0.00056    0.00203     2.4760     2.4899    18.9886    19.0349    36.4893    36.4879    26.1630    26.1499    1526.73    107.760    108.365         31 0.0000e+00
      25879   1078.231    129.147    130.000    19.2506    19.2096   4.898250   4.894030     1.8569     1.5249      99.88   22.24790  -97.24743    0.00046    0.00041     2.4862     2.4956    19.2281    19.1860    36.4610    36.4645    26.0761    26.0902    1524.94    108.210    108.615         36 0.0000e+00
      26559   1106.593    128.154    129.000    19.3559    19.3544   4.913348   4.913714     1.8642     1.5336     100.00   22.27410  -97.36188    0.00057    0.00087     2.4964     2.5104    19.3340    19.3316    36.5076    36.5074    26.0875    26.0863    1526.73    108.655    109.263         38 0.0000e+00
      26663   1110.912    127.161    128.000    19.3995    19.3775   4.917561   4.915559     1.8742     1.5449      66.97   22.27409  -97.36188    0.00320    0.00400     2.5148     2.5340    19.3761    19.3542    36.5059    36.5089    26.0753    26.0832    1526.73    109.455    110.290         47 0.0000e+00
      26705   1112.659    126.168    127.000    19.3655    19.3585   4.914193   4.913578     1.8801     1.5460     100.00   22.27410  -97.36188    0.00485    0.00408     2.5288     2.5373    19.3424    19.3353    36.5084    36.5094    26.0859    26.0886    1526.73    110.066    110.435         33 0.0000e+00
      26743   1114.258    125.175    126.000    19.4888    19.4509   4.927476   4.923395     1.8812     1.5475     100.00   22.27409  -97.36188    0.00248    0.00095     2.5246     2.5361    19.4658    19.4278    36.5115    36.5108    26.0561    26.0655    1526.73    109.884    110.384         46 0.0000e+00
      26801   1116.669    124.182    125.000    19.5389    19.5518   4.932897   4.934626     1.8925     1.5578      71.00   22.27410  -97.36188    0.00325    0.00304     2.5460     2.5556    19.5160    19.5288    36.5133    36.5164    26.0444    26.0434    1526.73    110.819    111.237         61 0.0000e+00
      26853   1118.846    123.188    124.000    19.7370    19.7086   4.954279   4.950265     1.9017     1.5653      99.15   22.27410  -97.36188    0.00414    0.00375     2.5557     2.5656    19.7141    19.6858    36.5182    36.5097    25.9960    25.9970    1526.73    111.247    111.678         51 0.0000e+00
      26911   1121.251    122.195    123.000    19.8857    19.8840   4.969806   4.969336     1.9195     1.5833     100.00   22.27409  -97.36188    0.00648    0.00569     2.5862     2.5994    19.8629    19.8611    36.5175    36.5152    25.9562    25.9549    1526.73    112.578    113.153         56 0.0000e+00
      26960   1123.275    121.202    122.000    19.9115    19.9366   4.972216   4.974653     1.9309     1.5946     100.00   22.27408  -97.36187    0.00657    0.00698     2.6093     2.6233    19.8888    19.9139    36.5154    36.5137    25.9477    25.9398    1526.73    113.582    114.193         48 0.0000e+00
