Gulf of Mexico/GOMECC-4/1db/urb2103_1401.cnv
* Sea-Bird SBE 9 Data File:
* FileName = C:\Users\scs.user.rb\CTD\GOMECC4\data\rb2103_1401.hex
* Software Version Seasave V 7.26.7.107
* Temperature SN = 4799
* Conductivity SN = 3860
* Number of Bytes Per Scan = 41
* Number of Voltage Words = 4
* Number of Scans Averaged by the Deck Unit = 1
* NMEA Latitude = 25 39.47 N
* NMEA Longitude = 084 42.92 W
* NMEA UTC (Time) = Oct 20 2021  13:16:01
* NMEA baud rate = 4800
# nquan = 28
# nvalues = 313                         
# units = specified
# name 0 = scan: Scan Count
# name 1 = timeS: Time, Elapsed [seconds]
# name 2 = depSM: Depth [salt water, m]
# name 3 = prDM: Pressure, Digiquartz [db]
# name 4 = t090C: Temperature [ITS-90, deg C]
# name 5 = t190C: Temperature, 2 [ITS-90, deg C]
# name 6 = c0S/m: Conductivity [S/m]
# name 7 = c1S/m: Conductivity, 2 [S/m]
# name 8 = sbeox0V: Oxygen raw, SBE 43 [V]
# name 9 = sbeox1V: Oxygen raw, SBE 43, 2 [V]
# name 10 = altM: Altimeter [m]
# name 11 = latitude: Latitude [deg]
# name 12 = longitude: Longitude [deg]
# name 13 = sbox0dV/dT: Oxygen, SBE 43 [dov/dt]
# name 14 = sbox1dV/dT: Oxygen, SBE 43, 2 [dov/dt]
# name 15 = sbeox0ML/L: Oxygen, SBE 43 [ml/l], WS = 5
# name 16 = sbeox1ML/L: Oxygen, SBE 43, 2 [ml/l], WS = 5
# name 17 = potemp090C: Potential Temperature [ITS-90, deg C]
# name 18 = potemp190C: Potential Temperature, 2 [ITS-90, deg C]
# name 19 = sal00: Salinity, Practical [PSU]
# name 20 = sal11: Salinity, Practical, 2 [PSU]
# name 21 = sigma-é00: Density [sigma-theta, kg/m^3]
# name 22 = sigma-é11: Density, 2 [sigma-theta, kg/m^3]
# name 23 = avgsvCM: Average Sound Velocity [Chen-Millero, m/s], minP = 20, minS = 20
# name 24 = sbox0Mm/Kg: Oxygen, SBE 43 [umol/kg], WS = 5
# name 25 = sbox1Mm/Kg: Oxygen, SBE 43, 2 [umol/kg], WS = 5
# name 26 = nbin: number of scans per bin
# name 27 = flag: flag
# span 0 =      46657,     110323       
# span 1 =   1944.003,   4596.765       
# span 2 =      0.993,   1085.048       
# span 3 =      1.000,   1095.000       
# span 4 =     5.1345,    28.2243       
# span 5 =     5.1353,    28.2474       
# span 6 =   3.400255,   5.825729       
# span 7 =   3.400233,   5.826145       
# span 8 =     1.6263,     3.1492       
# span 9 =     1.3233,     2.6682       
# span 10 =      12.18,     103.39      
# span 11 =   25.29043,   25.88889      
# span 12 =  -85.47080,  -83.49434      
# span 13 =   -0.03243,    0.01357      
# span 14 =   -0.03417,    0.01413      
# span 15 =     2.5564,     4.5530      
# span 16 =     2.5633,     4.5359      
# span 17 =     5.0414,    28.2210      
# span 18 =     5.0422,    28.2441      
# span 19 =    34.9015,    36.8307      
# span 20 =    34.8998,    36.8251      
# span 21 =    22.8200,    27.6201      
# span 22 =    22.8194,    27.6193      
# span 23 =    1478.30,    1513.30      
# span 24 =    111.179,    198.565      
# span 25 =    111.475,    197.830      
# span 26 =         30,         74      
# span 27 = 0.0000e+00, 0.0000e+00      
# interval = decibars: 1                
# start_time = Oct 20 2021 13:16:01 [NMEA time, header]
# bad_flag = -9.990e-29
*END*
[from data line 208]
      83883   3495.086    135.075    136.000    18.0435    18.0657   4.765596   4.767870     1.9957     1.6448     100.00   25.65966  -84.71574   -0.00337   -0.00242     2.8609     2.8478    18.0199    18.0421    36.4155    36.4153    26.3518    26.3460    1499.93    124.486    123.918         53 0.0000e+00
      83943   3497.601    134.082    135.000    18.0805    18.0950   4.769814   4.771614     1.9853     1.6364     100.00   25.65967  -84.71574   -0.00381   -0.00341     2.8350     2.8250    18.0571    18.0716    36.4191    36.4216    26.3453    26.3436    1499.93    123.362    122.924         58 0.0000e+00
      83989   3499.516    133.089    134.000    18.1107    18.1246   4.773420   4.774734     1.9781     1.6317     100.00   25.65967  -84.71574   -0.00415   -0.00321     2.8171     2.8123    18.0874    18.1018    36.4236    36.4229    26.3412    26.3373    1499.93    122.582    122.376         40 0.0000e+00
      84035   3501.405    132.096    133.000    18.1880    18.1979   4.782455   4.783956     1.9778     1.6326     100.00   25.65968  -84.71574   -0.00224   -0.00133     2.8112     2.8092    18.1648    18.1749    36.4325    36.4360    26.3286    26.3286    1499.93    122.328    122.240         53 0.0000e+00
      84091   3503.764    131.103    132.000    18.1961    18.2251   4.783876   4.786705     1.9795     1.6404     100.00   25.65968  -84.71574    0.00050    0.00241     2.8142     2.8264    18.1731    18.2020    36.4378    36.4362    26.3306    26.3221    1499.93    122.456    122.990         60 0.0000e+00
      84147   3506.092    130.110    131.000    18.2252    18.2662   4.787718   4.791990     1.9829     1.6464     100.00   25.65968  -84.71574    0.00090    0.00284     2.8194     2.8383    18.2024    18.2433    36.4451    36.4452    26.3289    26.3187    1499.93    122.685    123.509         43 0.0000e+00
      84183   3507.566    129.117    130.000    18.2794    18.3039   4.793888   4.796873     1.9890     1.6542     100.00   25.65968  -84.71574    0.00254    0.00352     2.8301     2.8553    18.2566    18.2812    36.4501    36.4537    26.3191    26.3157    1499.93    123.153    124.248         35 0.0000e+00
      84238   3509.893    128.124    129.000    18.3271    18.3225   4.799652   4.799076     2.0092     1.6719     100.00   25.65968  -84.71574    0.00616    0.00579     2.8713     2.8968    18.3044    18.2999    36.4573    36.4564    26.3126    26.3130    1499.93    124.947    126.057         39 0.0000e+00
      84352   3514.623    126.139    127.000    18.3560    18.3658   4.803440   4.804392     2.0212     1.6738     100.02   25.66486  -84.73279    0.00255   -0.00032     2.8952     2.8979    18.3336    18.3435    36.4645    36.4657    26.3112    26.3096    1500.23    125.984    126.105         33 0.0000e+00
      84384   3515.951    125.146    126.000    18.3728    18.3829   4.804869   4.806053     2.0232     1.6775      97.18   25.65970  -84.71575    0.00120    0.00112     2.8986     2.9059    18.3507    18.3607    36.4623    36.4635    26.3048    26.3031    1499.93    126.135    126.452         64 0.0000e+00
      84449   3518.660    124.153    125.000    18.3730    18.3771   4.804953   4.805344     2.0258     1.6774      89.21   25.65971  -84.71575    0.00113    0.00077     2.9041     2.9056    18.3510    18.3552    36.4629    36.4629    26.3051    26.3041    1499.93    126.371    126.439         44 0.0000e+00
      84581   3524.179    122.167    123.000    18.4255    18.4060   4.806632   4.803142     2.0217     1.6753      99.83   25.61710  -84.57498    0.00073   -0.00038     2.8919     2.8989    18.4038    18.3843    36.4125    36.4215    26.2482    26.2612    1497.44    125.845    126.148         37 0.0000e+00
      85016   3542.273    120.181    121.000    18.5871    18.5687   4.830395   4.828442     2.0350     1.6844     100.03   25.66786  -84.74251    0.00165   -0.00028     2.9090     2.9101    18.5656    18.5473    36.4952    36.4947    26.2764    26.2808    1500.40    126.589    126.638         52 0.0000e+00
      85569   3565.313    119.188    120.000    18.6411    18.6354   4.836572   4.835690     2.0547     1.7032     100.00   25.65977  -84.71574    0.00015   -0.00082     2.9490     2.9513    18.6199    18.6142    36.4950    36.4937    26.2616    26.2621    1499.93    128.332    128.431         64 0.0000e+00
      86817   3617.347    118.195    119.000    18.7572    18.7473   4.850425   4.849336     2.0815     1.7296     100.00   25.65982  -84.71574    0.00020    0.00018     3.0014     3.0082    18.7360    18.7261    36.5112    36.5105    26.2444    26.2465    1499.93    130.614    130.912         43 0.0000e+00
      86817   3617.348    117.202    118.000    18.7437    18.7367   4.848824   4.848086     2.0805     1.7288     100.00   25.65982  -84.71574   -0.00007    0.00002     2.9996     3.0068    18.7226    18.7157    36.5097    36.5099    26.2468    26.2486    1499.93    130.537    130.847         32 0.0000e+00
      86900   3620.792    116.209    117.000    18.7503    18.7464   4.849504   4.849228     2.0811     1.7287     100.00   25.65982  -84.71574    0.00011   -0.00013     3.0003     3.0056    18.7295    18.7255    36.5102    36.5099    26.2454    26.2462    1499.93    130.567    130.798         52 0.0000e+00
      86950   3622.888    115.216    116.000    18.7751    18.8099   4.852312   4.856344     2.0820     1.7306     100.00   25.65982  -84.71574    0.00036    0.00050     3.0003     3.0059    18.7544    18.7892    36.5124    36.5157    26.2407    26.2343    1499.93    130.566    130.813         41 0.0000e+00
      86995   3624.761    114.223    115.000    18.9382    18.9657   4.871592   4.874775     2.0943     1.7489     100.00   25.65982  -84.71574    0.00209    0.00404     3.0169     3.0408    18.9175    18.9450    36.5314    36.5330    26.2134    26.2076    1499.93    131.292    132.334         52 0.0000e+00
      87062   3627.540    113.230    114.000    18.9850    19.0543   4.877927   4.884735     2.1194     1.7757      95.48   25.65982  -84.71574    0.00883    0.01006     3.0683     3.0993    18.9645    19.0338    36.5439    36.5400    26.2109    26.1901    1499.93    133.532    134.882         57 0.0000e+00
      87118   3629.880    112.237    113.000    19.0512    19.1211   4.885155   4.893124     2.1321     1.7859     100.18   25.65982  -84.71574    0.00601    0.00551     3.0916     3.1204    19.0308    19.1007    36.5467    36.5520    26.1960    26.1820    1499.93    134.546    135.799         35 0.0000e+00
      87149   3631.154    111.244    112.000    19.2259    19.2490   4.905504   4.908768     2.1383     1.7891     100.00   25.65982  -84.71574    0.00502    0.00360     3.0936     3.1185    19.2056    19.2287    36.5639    36.5710    26.1639    26.1634    1499.93    134.636    135.723         32 0.0000e+00
      87210   3633.722    110.251    111.000    19.2864    19.3124   4.912957   4.915890     2.1482     1.7946     100.00   25.65983  -84.71574    0.00434    0.00245     3.1108     3.1275    19.2663    19.2923    36.5735    36.5752    26.1555    26.1500    1499.93    135.388    136.114         41 0.0000e+00
      87277   3636.488    109.258    110.000    19.2977    19.2955   4.913881   4.914684     2.1552     1.7973     100.00   25.65984  -84.71574    0.00257    0.00115     3.1250     3.1345    19.2777    19.2765    36.5717    36.5761    26.1512    26.1539    1499.93    136.004    136.419         30 0.0000e+00
      87349   3639.490    107.272    108.000    19.4570    19.4683   4.932138   4.933839     2.1594     1.8002      87.69   25.65639  -84.70436    0.00135    0.00093     3.1232     3.1303    19.4373    19.4486    36.5834    36.5876    26.1181    26.1183    1499.73    135.930    136.242         70 0.0000e+00
      87421   3642.507    106.279    107.000    19.4288    19.4453   4.929075   4.930798     2.1598     1.7999     100.03   25.65984  -84.71574    0.00073    0.00016     3.1256     3.1306    19.4093    19.4258    36.5846    36.5845    26.1268    26.1224    1499.93    136.033    136.255         51 0.0000e+00
      87473   3644.673    105.286    106.000    19.4859    19.6145   4.935209   4.949649     2.1593     1.7985      74.82   25.65984  -84.71574   -0.00039   -0.00038     3.1207     3.1172    19.4665    19.5950    36.5861    36.5935    26.1129    26.0849    1499.93    135.822    135.674         55 0.0000e+00
      87526   3646.855    104.293    105.000    19.5999    19.6354   4.948598   4.952532     2.1574     1.7918     101.04   25.65984  -84.71574   -0.00039   -0.00266     3.1086     3.0991    19.5807    19.6161    36.5980    36.5996    26.0921    26.0840    1499.93    135.300    134.889         44 0.0000e+00
      87564   3648.447    103.300    104.000    19.6831    19.6980   4.958574   4.960614     2.1572     1.7952     100.00   25.65984  -84.71574   -0.00091   -0.00109     3.1026     3.1031    19.6640    19.6789    36.6084    36.6123    26.0781    26.0772    1499.93    135.038    135.061         39 0.0000e+00
      87627   3651.077    102.307    103.000    19.7633    19.7776   4.967642   4.969681     2.1643     1.8010     100.00   25.65984  -84.71574    0.00132    0.00198     3.1120     3.1118    19.7443    19.7588    36.6138    36.6170    26.0611    26.0594    1499.93    135.450    135.445         42 0.0000e+00
      87795   3658.072     99.328    100.000    19.9174    19.9289   4.985746   4.987346     2.1674     1.8033     100.01   25.66246  -84.72441   -0.00065   -0.00059     3.1088     3.1071    19.8988    19.9103    36.6315    36.6347    26.0341    26.0335    1500.08    135.317    135.242         39 0.0000e+00
      87841   3660.009     98.335     99.000    19.9161    19.9095   4.984788   4.984682     2.1549     1.7988     100.00   25.65984  -84.71576   -0.00562   -0.00284     3.0810     3.0972    19.8977    19.8912    36.6238    36.6286    26.0281    26.0336    1499.93    134.108    134.810         33 0.0000e+00
      87877   3661.480     97.342     98.000    19.9487    19.9889   4.988064   4.992888     2.1549     1.7973     100.00   25.65985  -84.71576   -0.00389   -0.00159     3.0791     3.0886    19.9287    19.9706    36.6242    36.6275    26.0202    26.0116    1499.93    134.026    134.442         41 0.0000e+00
      87930   3663.718     96.349     97.000    19.9734    20.0220   4.990516   4.996101     2.1519     1.7911     100.00   25.65985  -84.71576   -0.00102   -0.00187     3.0704     3.0719    19.9552    20.0039    36.6220    36.6255    26.0115    26.0012    1499.93    133.648    133.712         64 0.0000e+00
      87992   3666.297     95.356     96.000    20.0759    20.1087   5.000390   5.005211     2.1526     1.7898     100.00   25.65986  -84.71576   -0.00016   -0.00136     3.0658     3.0635    20.0579    20.0908    36.6145    36.6255    25.9784    25.9780    1499.93    133.453    133.353         56 0.0000e+00
      88040   3668.309     94.363     95.000    20.1540    20.2017   5.009234   5.014224     2.1507     1.7881     100.00   25.65986  -84.71576   -0.00040   -0.00070     3.0563     3.0540    20.1362    20.1839    36.6195    36.6191    25.9614    25.9483    1499.93    133.043    132.940         43 0.0000e+00
      88087   3670.234     93.370     94.000    20.2289    20.2355   5.016087   5.014420     2.1501     1.7867     100.00   25.65986  -84.71576   -0.00043   -0.00132     3.0502     3.0486    20.2112    20.2178    36.6112    36.5917    25.9349    25.9183    1499.93    132.778    132.707         52 0.0000e+00
      88141   3672.507     92.377     93.000    20.2301    20.2611   5.013744   5.013667     2.1397     1.7591      99.41   25.65986  -84.71576   -0.00277   -0.00758     3.0280     2.9829    20.2126    20.2437    36.5912    36.5637    25.9193    25.8900    1499.93    131.816    129.856         56 0.0000e+00
      88199   3674.915     91.384     92.000    20.2810    20.3771   5.017125   5.026933     2.1254     1.7598      99.31   25.65986  -84.71576   -0.00583   -0.00536     2.9944     2.9776    20.2637    20.3598    36.5756    36.5725    25.8937    25.8657    1499.93    130.356    129.628         55 0.0000e+00
      88245   3676.823     90.391     91.000    20.3886    20.4388   5.029211   5.035602     2.1268     1.7734     100.00   25.65986  -84.71576   -0.00347    0.00472     2.9906     3.0052    20.3715    20.4216    36.5813    36.5901    25.8691    25.8623    1499.93    130.191    130.830         39 0.0000e+00
      88287   3678.598     89.397     90.000    20.5002    20.5624   5.043422   5.051353     2.1409     1.7918      99.44   25.65986  -84.71576    0.00380    0.00824     3.0141     3.0407    20.4831    20.5454    36.6013    36.6101    25.8543    25.8441    1499.93    131.216    132.376         38 0.0000e+00
      88385   3682.678     88.404     89.000    20.6622    20.6261   5.064345   5.059453     2.1766     1.8184      86.79   25.65986  -84.71576    0.00806    0.00470     3.0763     3.0975    20.6452    20.6091    36.6321    36.6309    25.8337    25.8427    1499.93    133.927    134.852         51 0.0000e+00
      88522   3688.382     87.411     88.000    20.8262    20.8767   5.086532   5.089147     2.2237     1.8477      78.93   25.65986  -84.71575    0.00804    0.00301     3.1647     3.1508    20.8092    20.8598    36.6715    36.6505    25.8192    25.7894    1499.93    137.778    137.179         50 0.0000e+00
      88787   3699.401     85.425     86.000    21.0046    20.8979   5.107553   5.094251     2.2670     1.8653      92.31   25.65127  -84.68730    0.00447   -0.00041     3.2451     3.1890    20.9880    20.8813    36.6842    36.6684    25.7788    25.7960    1499.43    141.282    138.837         55 0.0000e+00
      89530   3730.378     84.432     85.000    21.2719    21.2657   5.140368   5.138619     2.2905     1.9033      99.19   25.65990  -84.71575    0.00224   -0.00328     3.2765     3.2540    21.2554    21.2492    36.7237    36.7148    25.7362    25.7311    1499.93    142.656    141.677         33 0.0000e+00
      90329   3763.647     83.439     84.000    21.5398    21.5547   5.172272   5.173871     2.3150     1.9360      80.26   25.65993  -84.71576    0.00052    0.00029     3.3096     3.3109    21.5233    21.5382    36.7496    36.7507    25.6818    25.6785    1499.93    144.106    144.162         56 0.0000e+00
      90527   3771.910     81.453     82.000    21.6003    21.8186   5.178189   5.201866     2.3220     1.9552      78.74   25.65562  -84.70156    0.00143    0.00461     3.3195     3.3386    21.5842    21.8023    36.7446    36.7471    25.6604    25.6011    1499.68    144.541    145.380         57 0.0000e+00
      90645   3776.830     80.460     81.000    21.6608    21.8135   5.185083   5.202830     2.3290     1.9673      99.08   25.65992  -84.71576    0.00129    0.00365     3.3314     3.3651    21.6396    21.7974    36.7546    36.7618    25.6531    25.6143    1499.93    145.058    146.533         37 0.0000e+00
      90737   3780.657     79.466     80.000    21.8392    21.9485   5.204821   5.217312     2.3428     1.9739     100.00   25.65992  -84.71576    0.00314    0.00124     3.3463     3.3722    21.8233    21.9326    36.7562    36.7623    25.6027    25.5765    1499.93    145.717    146.846         74 0.0000e+00
      91061   3794.156     76.487     77.000    22.1144    22.2036   5.235423   5.245767     2.3874     2.0073      96.05   25.66250  -84.72429    0.00245    0.00202     3.4190     3.4310    22.0991    22.1882    36.7677    36.7759    25.5341    25.5150    1500.08    148.892    149.415         64 0.0000e+00
