Gulf of Mexico/GOMECC-4/1db/urb2103_0811.cnv
* Sea-Bird SBE 9 Data File:
* FileName = C:\Users\scs.user.rb\CTD\GOMECC4\data\rb2103_0811.hex
* Software Version Seasave V 7.26.7.107
* Temperature SN = 4799
* Conductivity SN = 3860
* Number of Bytes Per Scan = 41
* Number of Voltage Words = 4
* Number of Scans Averaged by the Deck Unit = 1
* NMEA Latitude = 22 16.45 N
* NMEA Longitude = 096 10.82 W
* NMEA UTC (Time) = Oct 06 2021  16:12:43
* NMEA baud rate = 4800
# nquan = 28
# nvalues = 693                         
# units = specified
# name 0 = scan: Scan Count
# name 1 = timeS: Time, Elapsed [seconds]
# name 2 = depSM: Depth [salt water, m]
# name 3 = prDM: Pressure, Digiquartz [db]
# name 4 = t090C: Temperature [ITS-90, deg C]
# name 5 = t190C: Temperature, 2 [ITS-90, deg C]
# name 6 = c0S/m: Conductivity [S/m]
# name 7 = c1S/m: Conductivity, 2 [S/m]
# name 8 = sbeox0V: Oxygen raw, SBE 43 [V]
# name 9 = sbeox1V: Oxygen raw, SBE 43, 2 [V]
# name 10 = altM: Altimeter [m]
# name 11 = latitude: Latitude [deg]
# name 12 = longitude: Longitude [deg]
# name 13 = sbox0dV/dT: Oxygen, SBE 43 [dov/dt]
# name 14 = sbox1dV/dT: Oxygen, SBE 43, 2 [dov/dt]
# name 15 = sbeox0ML/L: Oxygen, SBE 43 [ml/l], WS = 5
# name 16 = sbeox1ML/L: Oxygen, SBE 43, 2 [ml/l], WS = 5
# name 17 = potemp090C: Potential Temperature [ITS-90, deg C]
# name 18 = potemp190C: Potential Temperature, 2 [ITS-90, deg C]
# name 19 = sal00: Salinity, Practical [PSU]
# name 20 = sal11: Salinity, Practical, 2 [PSU]
# name 21 = sigma-é00: Density [sigma-theta, kg/m^3]
# name 22 = sigma-é11: Density, 2 [sigma-theta, kg/m^3]
# name 23 = avgsvCM: Average Sound Velocity [Chen-Millero, m/s], minP = 20, minS = 20
# name 24 = sbox0Mm/Kg: Oxygen, SBE 43 [umol/kg], WS = 5
# name 25 = sbox1Mm/Kg: Oxygen, SBE 43, 2 [umol/kg], WS = 5
# name 26 = nbin: number of scans per bin
# name 27 = flag: flag
# span 0 =      91763,     214282       
# span 1 =   3823.405,   8928.361       
# span 2 =      2.981,   2560.010       
# span 3 =      3.000,   2592.000       
# span 4 =     4.2617,    29.8079       
# span 5 =     4.2627,    29.9760       
# span 6 =   3.340664,   6.023251       
# span 7 =   3.340750,   6.023851       
# span 8 =     1.5775,     3.2692       
# span 9 =     1.2798,     2.7827       
# span 10 =      10.62,     103.72      
# span 11 =   22.26488,   22.76956      
# span 12 =  -98.31900,  -96.13954      
# span 13 =   -0.01244,    0.04935      
# span 14 =   -0.01363,    0.04464      
# span 15 =     2.4070,     4.8803      
# span 16 =     2.4228,     4.8826      
# span 17 =     4.0824,    29.8065      
# span 18 =     4.0834,    29.9745      
# span 19 =    34.9109,    36.5837      
# span 20 =    34.9097,    36.6833      
# span 21 =    22.6210,    27.7579      
# span 22 =    22.6209,    27.7567      
# span 23 =    1497.41,    1531.36      
# span 24 =    104.661,    212.779      
# span 25 =    105.350,    212.881      
# span 26 =         30,         73      
# span 27 = 0.0000e+00, 0.0000e+00      
# interval = decibars: 1                
# start_time = Oct 06 2021 16:12:43 [NMEA time, header]
# bad_flag = -9.990e-29
*END*
[from data line 363]
     149468   6227.805    919.155    927.000     5.1593     5.1601   3.395588   3.395554     1.8405     1.5238     100.00   22.27438  -96.18091   -0.00044   -0.00046     3.8149     3.8312     5.0808     5.0816    34.9326    34.9315    27.6124    27.6114    1498.05    165.796    166.506         31 0.0000e+00
     149805   6241.825    906.293    914.000     5.1816     5.1822   3.397029   3.396973     1.8377     1.5214      99.35   22.27475  -96.18250   -0.00001   -0.00002     3.7967     3.8136     5.1042     5.1047    34.9325    34.9313    27.6096    27.6086    1498.08    165.006    165.739         31 0.0000e+00
     149966   6248.540    900.357    908.000     5.1923     5.1933   3.397450   3.397516     1.8360     1.5195      90.31   22.27345  -96.17690   -0.00017   -0.00019     3.7871     3.8026     5.1153     5.1163    34.9300    34.9289    27.6063    27.6053    1497.99    164.590    165.261         37 0.0000e+00
     150033   6251.345    899.367    907.000     5.1861     5.1899   3.397035   3.397279     1.8350     1.5188     101.08   22.27418  -96.18006   -0.00039   -0.00042     3.7838     3.7999     5.1092     5.1130    34.9313    34.9303    27.6081    27.6068    1498.04    164.443    165.145         31 0.0000e+00
     150134   6255.535    898.378    906.000     5.1911     5.1907   3.397432   3.397301     1.8349     1.5188     100.00   22.27418  -96.18006   -0.00002   -0.00012     3.7823     3.7991     5.1143     5.1139    34.9312    34.9301    27.6074    27.6065    1498.04    164.378    165.111         47 0.0000e+00
     150227   6259.424    897.388    905.000     5.1953     5.1967   3.397766   3.397786     1.8346     1.5191     100.00   22.27418  -96.18006   -0.00005    0.00002     3.7804     3.7991     5.1186     5.1200    34.9312    34.9299    27.6068    27.6057    1498.04    164.298    165.112         51 0.0000e+00
     150311   6262.933    896.399    904.000     5.1982     5.1980   3.397964   3.397855     1.8339     1.5190     100.00   22.27418  -96.18006   -0.00013   -0.00018     3.7773     3.7981     5.1215     5.1213    34.9310    34.9299    27.6063    27.6055    1498.04    164.162    165.066         37 0.0000e+00
     150408   6266.953    895.410    903.000     5.2011     5.2029   3.398171   3.398222     1.8335     1.5184     100.00   22.27418  -96.18005   -0.00014   -0.00010     3.7750     3.7951     5.1245     5.1263    34.9308    34.9297    27.6059    27.6047    1498.04    164.062    164.934         33 0.0000e+00
     150501   6270.820    894.420    902.000     5.2095     5.2080   3.398840   3.398636     1.8330     1.5180      75.39   22.27418  -96.18004   -0.00014   -0.00012     3.7718     3.7926     5.1329     5.1315    34.9303    34.9295    27.6044    27.6039    1498.04    163.923    164.827         38 0.0000e+00
     150594   6274.713    893.431    901.000     5.2151     5.2179   3.399301   3.399460     1.8319     1.5172      98.96   22.27418  -96.18004   -0.00023   -0.00020     3.7671     3.7881     5.1386     5.1414    34.9302    34.9292    27.6037    27.6025    1498.04    163.718    164.634         45 0.0000e+00
     150840   6284.972    892.441    900.000     5.2253     5.2262   3.400160   3.400148     1.8305     1.5159      99.97   22.27418  -96.18004   -0.00038   -0.00031     3.7609     3.7820     5.1488     5.1497    34.9300    34.9289    27.6023    27.6014    1498.04    163.450    164.367         49 0.0000e+00
     152104   6337.641    891.452    899.000     5.2338     5.2338   3.400886   3.400789     1.8270     1.5129     100.00   22.27418  -96.18006    0.00004 3.0653e-07     3.7478     3.7697     5.1574     5.1574    34.9300    34.9289    27.6013    27.6004    1498.04    162.880    163.832         47 0.0000e+00
     152218   6342.378    890.462    898.000     5.2344     5.2341   3.400883   3.400771     1.8273     1.5129     100.00   22.27418  -96.18007    0.00007    0.00003     3.7482     3.7691     5.1580     5.1577    34.9299    34.9289    27.6011    27.6004    1498.04    162.898    163.808         58 0.0000e+00
     152267   6344.413    889.473    897.000     5.2349     5.2362   3.400887   3.400909     1.8273     1.5129     100.00   22.27418  -96.18008    0.00006    0.00003     3.7477     3.7684     5.1586     5.1599    34.9298    34.9287    27.6010    27.6000    1498.04    162.876    163.776         47 0.0000e+00
     152327   6346.896    888.483    896.000     5.2385     5.2409   3.401167   3.401254     1.8276     1.5128      96.79   22.27418  -96.18008    0.00006   -0.00003     3.7478     3.7671     5.1623     5.1647    34.9299    34.9285    27.6006    27.5993    1498.04    162.880    163.722         56 0.0000e+00
     152448   6351.941    885.515    893.000     5.2485     5.2507   3.402073   3.402175     1.8275     1.5128     100.00   22.27527  -96.18487   -0.00003 -8.650e-07     3.7449     3.7647     5.1725     5.1747    34.9310    34.9296    27.6004    27.5989    1498.11    162.755    163.618         35 0.0000e+00
     152485   6353.519    884.525    892.000     5.2500     5.2511   3.402010   3.402011     1.8271     1.5121      93.96   22.27416  -96.18008   -0.00012   -0.00013     3.7429     3.7617     5.1741     5.1751    34.9296    34.9285    27.5990    27.5980    1498.04    162.670    163.486         49 0.0000e+00
     152615   6358.903    879.578    887.000     5.2737     5.2759   3.403979   3.404063     1.8264     1.5103     100.00   22.27477  -96.18272   -0.00005   -0.00029     3.7357     3.7500     5.1981     5.2002    34.9301    34.9288    27.5966    27.5953    1498.08    162.355    162.977         36 0.0000e+00
     152646   6360.202    878.588    886.000     5.2736     5.2762   3.403793   3.403967     1.8252     1.5093     100.00   22.27416  -96.18008   -0.00040   -0.00061     3.7314     3.7458     5.1981     5.2007    34.9288    34.9277    27.5956    27.5944    1498.04    162.169    162.794         32 0.0000e+00
     152768   6365.306    873.640    881.000     5.2900     5.2919   3.404945   3.405011     1.8226     1.5077     100.00   22.27341  -96.17683   -0.00048   -0.00024     3.7184     3.7360     5.2148     5.2167    34.9271    34.9259    27.5922    27.5910    1497.99    161.603    162.371         30 0.0000e+00
     152987   6374.425    865.724    873.000     5.3235     5.3245   3.407640   3.407632     1.8190     1.5036     100.00   22.27404  -96.17957   -0.00038   -0.00051     3.6988     3.7140     5.2488     5.2499    34.9273    34.9260    27.5883    27.5872    1498.03    160.751    161.413         33 0.0000e+00
     153116   6379.778    860.776    868.000     5.3547     5.3567   3.410092   3.410158     1.8157     1.5002     100.00   22.27360  -96.17768   -0.00047   -0.00059     3.6822     3.6957     5.2802     5.2822    34.9254    34.9241    27.5830    27.5817    1498.00    160.032    160.620         32 0.0000e+00
     153463   6394.230    847.911    855.000     5.4449     5.4452   3.417570   3.417496     1.8036     1.4887     100.00   22.27394  -96.17917   -0.00090   -0.00083     3.6263     3.6389     5.3711     5.3714    34.9239    34.9227    27.5709    27.5699    1498.03    157.607    158.153         31 0.0000e+00
     153573   6398.848    843.952    851.000     5.4781     5.4792   3.420484   3.420456     1.7998     1.4851     100.00   22.27493  -96.18345   -0.00080   -0.00084     3.6085     3.6208     5.4044     5.4055    34.9249    34.9234    27.5677    27.5664    1498.09    156.832    157.369         31 0.0000e+00
     153599   6399.932    842.962    850.000     5.4792     5.4814   3.420431   3.420496     1.7979     1.4833     100.00   22.27416  -96.18010   -0.00097   -0.00108     3.6016     3.6135     5.4056     5.4078    34.9235    34.9219    27.5664    27.5649    1498.04    156.533    157.050         30 0.0000e+00
     153786   6407.708    836.034    843.000     5.5293     5.5316   3.424623   3.424680     1.7908     1.4772     100.00   22.27452  -96.18165   -0.00099   -0.00104     3.5696     3.5833     5.4560     5.4583    34.9230    34.9212    27.5599    27.5582    1498.06    155.143    155.740         32 0.0000e+00
     153943   6414.234    830.096    837.000     5.5601     5.5601   3.426989   3.426924     1.7848     1.4720      99.07   22.27396  -96.17923   -0.00080   -0.00082     3.5441     3.5589     5.4872     5.4872    34.9211    34.9203    27.5546    27.5539    1498.03    154.035    154.680         41 0.0000e+00
     154101   6420.837    824.157    831.000     5.5869     5.5880   3.429124   3.429131     1.7805     1.4679      97.45   22.27388  -96.17893   -0.00066   -0.00066     3.5243     3.5388     5.5144     5.5155    34.9206    34.9195    27.5508    27.5498    1498.02    153.173    153.806         43 0.0000e+00
     154242   6426.726    819.208    826.000     5.6267     5.6257   3.432697   3.432497     1.7776     1.4655     100.00   22.27574  -96.18694   -0.00046   -0.00045     3.5082     3.5241     5.5544     5.5534    34.9227    34.9215    27.5476    27.5468    1498.15    152.475    153.169         40 0.0000e+00
     154269   6427.818    818.218    825.000     5.6274     5.6204   3.432473   3.431803     1.7756     1.4638     100.00   22.27416  -96.18012   -0.00095   -0.00098     3.5012     3.5182     5.5552     5.5483    34.9198    34.9194    27.5452    27.5457    1498.04    152.173    152.911         30 0.0000e+00
     154367   6431.906    814.259    821.000     5.6533     5.6583   3.434629   3.434963     1.7728     1.4616     100.00   22.27412  -96.17995   -0.00064   -0.00046     3.4876     3.5050     5.5813     5.5863    34.9195    34.9182    27.5418    27.5401    1498.04    151.583    152.340         31 0.0000e+00
     154610   6442.055    805.350    812.000     5.6983     5.6991   3.438324   3.438301     1.7654     1.4543      91.55   22.27462  -96.18219   -0.00077   -0.00061     3.4550     3.4709     5.6269     5.6277    34.9195    34.9184    27.5361    27.5352    1498.07    150.166    150.858         33 0.0000e+00
     154745   6447.687    800.400    807.000     5.7124     5.7152   3.439450   3.439610     1.7632     1.4528      97.42   22.27522  -96.18477   -0.00028   -0.00008     3.4441     3.4617     5.6414     5.6442    34.9196    34.9186    27.5344    27.5333    1498.11    149.691    150.457         45 0.0000e+00
     154872   6452.953    795.451    802.000     5.7498     5.7502   3.442591   3.442516     1.7617     1.4511     100.00   22.27520  -96.18471   -0.00020   -0.00014     3.4335     3.4501     5.6790     5.6794    34.9199    34.9186    27.5300    27.5289    1498.11    149.230    149.954         34 0.0000e+00
     154902   6454.190    794.461    801.000     5.7513     5.7481   3.442516   3.442003     1.7603     1.4497     100.00   22.27414  -96.18014   -0.00048   -0.00052     3.4282     3.4447     5.6806     5.6775    34.9178    34.9166    27.5281    27.5276    1498.04    149.004    149.719         36 0.0000e+00
     155030   6459.545    789.511    796.000     5.7665     5.7669   3.443663   3.443614     1.7567     1.4463     100.00   22.27415  -96.18019   -0.00053   -0.00053     3.4127     3.4289     5.6962     5.6966    34.9176    34.9166    27.5260    27.5252    1498.04    148.327    149.032         33 0.0000e+00
     155166   6465.191    784.561    791.000     5.8041     5.8048   3.446924   3.446924     1.7547     1.4445     100.00   22.27501  -96.18392   -0.00027   -0.00023     3.4005     3.4167     5.7340     5.7347    34.9184    34.9177    27.5219    27.5213    1498.10    147.799    148.503         32 0.0000e+00
     155195   6466.410    783.571    790.000     5.8023     5.7937   3.446639   3.445809     1.7536     1.4431     100.00   22.27414  -96.18014   -0.00036   -0.00061     3.3964     3.4122     5.7324     5.7238    34.9173    34.9159    27.5213    27.5212    1498.04    147.622    148.305         36 0.0000e+00
     155323   6471.758    778.621    785.000     5.8196     5.8199   3.447959   3.447890     1.7504     1.4399      74.76   22.27417  -96.18027   -0.00053   -0.00062     3.3823     3.3962     5.7500     5.7503    34.9170    34.9158    27.5188    27.5179    1498.04    147.009    147.610         37 0.0000e+00
     155485   6478.496    772.681    779.000     5.8278     5.8280   3.448488   3.448405     1.7485     1.4391      77.17   22.27470  -96.18255   -0.00018   -0.00014     3.3726     3.3899     5.7587     5.7589    34.9175    34.9164    27.5181    27.5173    1498.08    146.587    147.339         37 0.0000e+00
     155516   6479.801    771.691    778.000     5.8272     5.8277   3.448307   3.448249     1.7480     1.4391     100.82   22.27414  -96.18014   -0.00021   -0.00016     3.3706     3.3896     5.7583     5.7587    34.9165    34.9154    27.5174    27.5164    1498.04    146.498    147.328         31 0.0000e+00
     155648   6485.291    766.741    773.000     5.8312     5.8319   3.448654   3.448616     1.7480     1.4397     100.01   22.27571  -96.18693   -0.00002    0.00009     3.3680     3.3891     5.7626     5.7633    34.9190    34.9179    27.5189    27.5179    1498.15    146.386    147.305         31 0.0000e+00
     155675   6486.423    765.751    772.000     5.8305     5.8312   3.448343   3.448313     1.7478     1.4395     100.00   22.27414  -96.18014    0.00007    0.00003     3.3672     3.3880     5.7620     5.7628    34.9165    34.9154    27.5169    27.5159    1498.04    146.350    147.257         42 0.0000e+00
     155802   6491.723    760.800    767.000     5.8309     5.8316   3.448223   3.448184     1.7485     1.4395     100.00   22.27455  -96.18191    0.00007    0.00017     3.3671     3.3860     5.7630     5.7636    34.9172    34.9161    27.5174    27.5164    1498.07    146.348    147.170         44 0.0000e+00
     155943   6497.563    755.850    762.000     5.8379     5.8381   3.448742   3.448688     1.7488     1.4395     100.01   22.27548  -96.18601    0.00008   -0.00004     3.3653     3.3829     5.7703     5.7705    34.9185    34.9167    27.5175    27.5160    1498.13    146.269    147.037         37 0.0000e+00
     155969   6498.664    754.860    761.000     5.8372     5.8380   3.448469   3.448436     1.7486     1.4396     100.00   22.27412  -96.18014   -0.00003   -0.00005     3.3644     3.3831     5.7698     5.7706    34.9164    34.9152    27.5159    27.5148    1498.04    146.231    147.043         31 0.0000e+00
     156073   6502.982    750.899    757.000     5.8568     5.8565   3.450175   3.450048     1.7484     1.4390     100.00   22.27493  -96.18357   -0.00005   -0.00012     3.3602     3.3775     5.7896     5.7893    34.9177    34.9165    27.5144    27.5135    1498.09    146.047    146.802         39 0.0000e+00
     156207   6508.582    745.948    752.000     5.8727     5.8725   3.451372   3.451276     1.7462     1.4373     100.00   22.27483  -96.18319   -0.00034   -0.00025     3.3493     3.3678     5.8059     5.8057    34.9173    34.9164    27.5120    27.5114    1498.09    145.573    146.379         41 0.0000e+00
     156336   6513.954    740.998    747.000     5.8799     5.8810   3.451777   3.451767     1.7448     1.4363      99.90   22.27446  -96.18162   -0.00017   -0.00010     3.3420     3.3614     5.8136     5.8146    34.9168    34.9156    27.5107    27.5096    1498.06    145.256    146.099         42 0.0000e+00
     156479   6519.923    736.047    742.000     5.8849     5.8852   3.452270   3.452203     1.7446     1.4361     100.01   22.27671  -96.19131    0.00008    0.00002     3.3385     3.3581     5.8190     5.8193    34.9200    34.9189    27.5126    27.5117    1498.21    145.104    145.957         35 0.0000e+00
     156505   6521.002    735.056    741.000     5.8836     5.8847   3.451765   3.451765     1.7441     1.4359     100.00   22.27414  -96.18014    0.00006    0.00000     3.3367     3.3570     5.8177     5.8188    34.9159    34.9148    27.5094    27.5084    1498.04    145.026    145.910         43 0.0000e+00
