Gulf of Mexico/GOMECC-4/1db/urb2103_1191.cnv
* Sea-Bird SBE 9 Data File:
* FileName = C:\Users\scs.user.rb\CTD\GOMECC4\data\rb2103_1191.hex
* Software Version Seasave V 7.26.7.107
* Temperature SN = 4799
* Conductivity SN = 3860
* Number of Bytes Per Scan = 41
* Number of Voltage Words = 4
* Number of Scans Averaged by the Deck Unit = 1
* NMEA Latitude = 21 39.90 N
* NMEA Longitude = 085 58.80 W
* NMEA UTC (Time) = Oct 16 2021  05:31:44
* NMEA baud rate = 4800
# nquan = 28
# nvalues = 432                         
# units = specified
# name 0 = scan: Scan Count
# name 1 = timeS: Time, Elapsed [seconds]
# name 2 = depSM: Depth [salt water, m]
# name 3 = prDM: Pressure, Digiquartz [db]
# name 4 = t090C: Temperature [ITS-90, deg C]
# name 5 = t190C: Temperature, 2 [ITS-90, deg C]
# name 6 = c0S/m: Conductivity [S/m]
# name 7 = c1S/m: Conductivity, 2 [S/m]
# name 8 = sbeox0V: Oxygen raw, SBE 43 [V]
# name 9 = sbeox1V: Oxygen raw, SBE 43, 2 [V]
# name 10 = altM: Altimeter [m]
# name 11 = latitude: Latitude [deg]
# name 12 = longitude: Longitude [deg]
# name 13 = sbox0dV/dT: Oxygen, SBE 43 [dov/dt]
# name 14 = sbox1dV/dT: Oxygen, SBE 43, 2 [dov/dt]
# name 15 = sbeox0ML/L: Oxygen, SBE 43 [ml/l], WS = 5
# name 16 = sbeox1ML/L: Oxygen, SBE 43, 2 [ml/l], WS = 5
# name 17 = potemp090C: Potential Temperature [ITS-90, deg C]
# name 18 = potemp190C: Potential Temperature, 2 [ITS-90, deg C]
# name 19 = sal00: Salinity, Practical [PSU]
# name 20 = sal11: Salinity, Practical, 2 [PSU]
# name 21 = sigma-é00: Density [sigma-theta, kg/m^3]
# name 22 = sigma-é11: Density, 2 [sigma-theta, kg/m^3]
# name 23 = avgsvCM: Average Sound Velocity [Chen-Millero, m/s], minP = 20, minS = 20
# name 24 = sbox0Mm/Kg: Oxygen, SBE 43 [umol/kg], WS = 5
# name 25 = sbox1Mm/Kg: Oxygen, SBE 43, 2 [umol/kg], WS = 5
# name 26 = nbin: number of scans per bin
# name 27 = flag: flag
# span 0 =      63466,     147189       
# span 1 =   2644.375,   6132.813       
# span 2 =      0.994,   1858.973       
# span 3 =      1.000,   1879.000       
# span 4 =     4.2768,    30.1593       
# span 5 =     4.2775,    30.1586       
# span 6 =   3.349645,   6.041090       
# span 7 =   3.349642,   6.041261       
# span 8 =     1.6251,     3.1930       
# span 9 =     1.3222,     2.6912       
# span 10 =      14.49,     100.86      
# span 11 =   21.65005,   21.89387      
# span 12 =  -86.79126,  -85.82283      
# span 13 =   -0.00198,    0.01599      
# span 14 =   -0.00200,    0.01220      
# span 15 =     2.6972,     4.8206      
# span 16 =     2.7058,     4.8303      
# span 17 =     4.1188,    30.1551      
# span 18 =     4.1194,    30.1544      
# span 19 =    34.8772,    36.9927      
# span 20 =    34.8779,    36.9946      
# span 21 =    22.5087,    27.7539      
# span 22 =    22.5043,    27.7531      
# span 23 =    1498.91,    1515.83      
# span 24 =    117.285,    209.476      
# span 25 =    117.658,    209.895      
# span 26 =         30,         70      
# span 27 = 0.0000e+00, 0.0000e+00      
# interval = decibars: 1                
# start_time = Oct 16 2021 05:31:44 [NMEA time, header]
# bad_flag = -9.990e-29
*END*
      63466   2644.375   1858.973   1879.000     4.2785     4.2792   3.359820   3.359805     1.9400     1.6134      14.49   21.67851  -85.98460    0.00000   -0.00014     4.8170     4.8247     4.1189     4.1196    34.9750    34.9741    27.7538    27.7530    1501.83    209.319    209.654         60 0.0000e+00
      63547   2647.731   1857.988   1878.000     4.2786     4.2794   3.359788   3.359782     1.9401     1.6132      15.51   21.67852  -85.98456    0.00004   -0.00009     4.8170     4.8232     4.1191     4.1198    34.9750    34.9742    27.7538    27.7530    1501.83    209.318    209.586         70 0.0000e+00
      63611   2650.415   1857.003   1877.000     4.2786     4.2791   3.359738   3.359711     1.9403     1.6135      16.32   21.67853  -85.98456    0.00006    0.00006     4.8170     4.8238     4.1192     4.1196    34.9749    34.9741    27.7537    27.7530    1501.83    209.316    209.614         43 0.0000e+00
      63648   2651.967   1856.019   1876.000     4.2783     4.2788   3.359679   3.359646     1.9406     1.6140      17.20   21.67854  -85.98456    0.00010    0.00022     4.8176     4.8255     4.1190     4.1195    34.9750    34.9741    27.7538    27.7530    1501.83    209.345    209.689         38 0.0000e+00
      63689   2653.646   1855.033   1875.000     4.2781     4.2787   3.359622   3.359595     1.9407     1.6142      18.21   21.67854  -85.98456    0.00015    0.00025     4.8177     4.8258     4.1189     4.1194    34.9750    34.9741    27.7538    27.7530    1501.83    209.347    209.701         42 0.0000e+00
      63731   2655.408   1854.048   1874.000     4.2780     4.2786   3.359563   3.359546     1.9410     1.6144      19.21   21.67854  -85.98456    0.00011    0.00012     4.8182     4.8262     4.1188     4.1194    34.9750    34.9741    27.7538    27.7530    1501.83    209.370    209.716         43 0.0000e+00
      63774   2657.195   1853.063   1873.000     4.2779     4.2786   3.359515   3.359496     1.9414     1.6147      20.23   21.67856  -85.98456    0.00020    0.00014     4.8191     4.8268     4.1188     4.1195    34.9750    34.9740    27.7538    27.7530    1501.83    209.408    209.742         42 0.0000e+00
      63816   2658.973   1852.078   1872.000     4.2778     4.2785   3.359464   3.359459     1.9414     1.6152      21.18   21.67856  -85.98456    0.00014    0.00024     4.8186     4.8284     4.1188     4.1195    34.9750    34.9742    27.7538    27.7531    1501.83    209.385    209.813         44 0.0000e+00
      63862   2660.893   1851.093   1871.000     4.2777     4.2785   3.359422   3.359409     1.9417     1.6154      22.17   21.67856  -85.98458    0.00007    0.00020     4.8188     4.8285     4.1188     4.1196    34.9751    34.9741    27.7538    27.7530    1501.83    209.398    209.817         47 0.0000e+00
      63909   2662.816   1850.109   1870.000     4.2776     4.2783   3.359371   3.359361     1.9418     1.6154      23.14   21.67856  -85.98458    0.00008    0.00004     4.8187     4.8279     4.1188     4.1196    34.9750    34.9741    27.7538    27.7530    1501.83    209.390    209.794         46 0.0000e+00
      63955   2664.757   1849.124   1869.000     4.2775     4.2783   3.359324   3.359312     1.9421     1.6153      24.12   21.67858  -85.98458    0.00011   -0.00002     4.8192     4.8269     4.1188     4.1196    34.9750    34.9741    27.7538    27.7530    1501.83    209.414    209.751         47 0.0000e+00
      64003   2666.770   1848.138   1868.000     4.2774     4.2782   3.359275   3.359267     1.9425     1.6154      25.11   21.67858  -85.98458    0.00019   -0.00000     4.8204     4.8266     4.1188     4.1197    34.9751    34.9741    27.7538    27.7530    1501.83    209.467    209.737         48 0.0000e+00
      64050   2668.697   1847.153   1867.000     4.2774     4.2782   3.359227   3.359221     1.9426     1.6154      26.07   21.67858  -85.98458    0.00016    0.00001     4.8201     4.8259     4.1190     4.1198    34.9749    34.9740    27.7537    27.7529    1501.83    209.454    209.705         45 0.0000e+00
      64099   2670.760   1846.168   1866.000     4.2773     4.2780   3.359185   3.359166     1.9427     1.6154      27.09   21.67858  -85.98458    0.00005    0.00001     4.8200     4.8255     4.1190     4.1196    34.9750    34.9741    27.7538    27.7530    1501.83    209.446    209.686         56 0.0000e+00
      64154   2673.061   1845.183   1865.000     4.2773     4.2781   3.359137   3.359134     1.9428     1.6157      28.06   21.67858  -85.98458    0.00002    0.00005     4.8196     4.8262     4.1190     4.1199    34.9750    34.9741    27.7537    27.7529    1501.83    209.429    209.716         49 0.0000e+00
      64201   2674.999   1844.198   1864.000     4.2772     4.2779   3.359091   3.359078     1.9428     1.6161      29.07   21.67859  -85.98458    0.00002    0.00022     4.8190     4.8271     4.1190     4.1198    34.9750    34.9741    27.7538    27.7530    1501.83    209.405    209.758         50 0.0000e+00
      64255   2677.231   1843.213   1863.000     4.2772     4.2780   3.359047   3.359047     1.9434     1.6160      30.09   21.67860  -85.98458    0.00015    0.00006     4.8206     4.8261     4.1191     4.1200    34.9750    34.9741    27.7537    27.7529    1501.83    209.476    209.715         51 0.0000e+00
      64305   2679.323   1842.228   1862.000     4.2772     4.2778   3.359000   3.358986     1.9432     1.6159      31.06   21.67860  -85.98458    0.00008   -0.00012     4.8195     4.8251     4.1192     4.1198    34.9749    34.9741    27.7537    27.7530    1501.83    209.427    209.668         58 0.0000e+00
      64370   2682.032   1841.243   1861.000     4.2769     4.2777   3.358945   3.358931     1.9435     1.6166      32.04   21.67860  -85.98459    0.00005    0.00030     4.8201     4.8276     4.1191     4.1198    34.9750    34.9741    27.7538    27.7530    1501.83    209.451    209.777         55 0.0000e+00
      64415   2683.897   1840.258   1860.000     4.2769     4.2777   3.358902   3.358903     1.9437     1.6166      33.00   21.67860  -85.98460    0.00013    0.00010     4.8202     4.8269     4.1192     4.1200    34.9750    34.9742    27.7537    27.7530    1501.83    209.457    209.749         42 0.0000e+00
      64468   2686.124   1839.273   1859.000     4.2768     4.2775   3.358860   3.358831     1.9438     1.6172      33.88   21.67860  -85.98460    0.00005    0.00012     4.8198     4.8288     4.1191     4.1198    34.9751    34.9740    27.7539    27.7529    1501.83    209.440    209.832         49 0.0000e+00
      64538   2689.041   1838.288   1858.000     4.2769     4.2776   3.358814   3.358805     1.9439     1.6177      35.03   21.67860  -85.98460    0.00004    0.00022     4.8195     4.8303     4.1193     4.1201    34.9749    34.9741    27.7537    27.7529    1501.83    209.427    209.895         48 0.0000e+00
      64582   2690.858   1837.303   1857.000     4.2771     4.2778   3.358779   3.358771     1.9441     1.6175      35.87   21.67860  -85.98458    0.00006    0.00011     4.8198     4.8289     4.1196     4.1203    34.9748    34.9740    27.7536    27.7529    1501.83    209.438    209.836         41 0.0000e+00
      64616   2692.299   1836.318   1856.000     4.2771     4.2781   3.358757   3.358753     1.9440     1.6173      36.66   21.67860  -85.98458    0.00008   -0.00012     4.8189     4.8274     4.1198     4.1207    34.9750    34.9740    27.7537    27.7528    1501.83    209.399    209.768         31 0.0000e+00
      64675   2694.770   1834.348   1854.000     4.2777     4.2787   3.358719   3.358722     1.9443     1.6174      38.67   21.67858  -85.98455    0.00003   -0.00002     4.8185     4.8265     4.1205     4.1215    34.9749    34.9739    27.7535    27.7526    1501.83    209.385    209.732         30 0.0000e+00
      64708   2696.110   1833.362   1853.000     4.2780     4.2793   3.358701   3.358727     1.9443     1.6172      39.64   21.67858  -85.98458    0.00007   -0.00001     4.8182     4.8246     4.1209     4.1222    34.9748    34.9738    27.7534    27.7525    1501.83    209.368    209.648         35 0.0000e+00
      64744   2697.641   1832.378   1852.000     4.2781     4.2795   3.358675   3.358704     1.9442     1.6171      40.74   21.67858  -85.98458    0.00003   -0.00008     4.8170     4.8238     4.1212     4.1225    34.9748    34.9738    27.7534    27.7525    1501.83    209.320    209.613         37 0.0000e+00
      64779   2699.066   1831.392   1851.000     4.2783     4.2793   3.358642   3.358649     1.9440     1.6168      55.79   21.67858  -85.98458   -0.00006   -0.00012     4.8157     4.8218     4.1214     4.1225    34.9747    34.9738    27.7533    27.7524    1501.83    209.261    209.526         31 0.0000e+00
      64837   2701.506   1829.422   1849.000     4.2794     4.2805   3.358656   3.358675     1.9443     1.6170      43.54   21.67863  -85.98477    0.00001   -0.00001     4.8153     4.8212     4.1227     4.1238    34.9748    34.9738    27.7532    27.7523    1501.83    209.243    209.501         31 0.0000e+00
      64871   2702.902   1828.437   1848.000     4.2796     4.2805   3.358624   3.358627     1.9444     1.6167      44.66   21.67858  -85.98458    0.00010   -0.00004     4.8151     4.8194     4.1230     4.1239    34.9746    34.9737    27.7530    27.7522    1501.83    209.237    209.421         37 0.0000e+00
      64908   2704.458   1827.452   1847.000     4.2794     4.2800   3.358563   3.358545     1.9441     1.6166      45.64   21.67858  -85.98458   -0.00001   -0.00012     4.8133     4.8184     4.1228     4.1234    34.9746    34.9738    27.7531    27.7523    1501.83    209.158    209.378         36 0.0000e+00
      64943   2705.902   1826.467   1846.000     4.2788     4.2796   3.358469   3.358466     1.9439     1.6166      46.60   21.67858  -85.98458   -0.00013   -0.00007     4.8120     4.8177     4.1224     4.1232    34.9746    34.9737    27.7531    27.7523    1501.83    209.101    209.346         32 0.0000e+00
      64974   2707.202   1825.482   1845.000     4.2783     4.2788   3.358395   3.358367     1.9439     1.6166      47.52   21.67856  -85.98456   -0.00010   -0.00002     4.8113     4.8173     4.1220     4.1225    34.9747    34.9738    27.7532    27.7525    1501.83    209.070    209.331         30 0.0000e+00
      65005   2708.489   1824.497   1844.000     4.2781     4.2785   3.358330   3.358295     1.9440     1.6167      48.51   21.67856  -85.98456   -0.00003    0.00002     4.8113     4.8172     4.1219     4.1223    34.9746    34.9738    27.7532    27.7525    1501.83    209.070    209.325         33 0.0000e+00
      65039   2709.918   1823.511   1843.000     4.2780     4.2784   3.358280   3.358242     1.9442     1.6172      49.59   21.67856  -85.98456    0.00004    0.00015     4.8112     4.8188     4.1219     4.1223    34.9746    34.9738    27.7532    27.7525    1501.83    209.065    209.398         35 0.0000e+00
      65073   2711.352   1822.526   1842.000     4.2779     4.2783   3.358231   3.358188     1.9443     1.6175      50.53   21.67856  -85.98456    0.00011    0.00027     4.8111     4.8192     4.1219     4.1223    34.9747    34.9738    27.7532    27.7524    1501.83    209.062    209.416         34 0.0000e+00
      65107   2712.761   1821.541   1841.000     4.2775     4.2781   3.358164   3.358133     1.9448     1.6177      51.61   21.67856  -85.98456    0.00019    0.00024     4.8127     4.8197     4.1216     4.1222    34.9747    34.9738    27.7533    27.7525    1501.83    209.129    209.435         34 0.0000e+00
      65142   2714.209   1820.556   1840.000     4.2773     4.2779   3.358095   3.358076     1.9449     1.6178      52.48   21.67854  -85.98456    0.00019    0.00014     4.8122     4.8194     4.1215     4.1221    34.9747    34.9739    27.7533    27.7525    1501.83    209.109    209.423         35 0.0000e+00
      65176   2715.627   1819.571   1839.000     4.2773     4.2780   3.358059   3.358047     1.9450     1.6179      53.56   21.67854  -85.98456    0.00011    0.00006     4.8120     4.8192     4.1216     4.1223    34.9747    34.9738    27.7533    27.7525    1501.83    209.101    209.413         33 0.0000e+00
      65209   2716.980   1818.586   1838.000     4.2775     4.2787   3.358036   3.358061     1.9450     1.6184      54.51   21.67854  -85.98456    0.00005    0.00016     4.8113     4.8207     4.1219     4.1231    34.9747    34.9737    27.7533    27.7523    1501.83    209.072    209.481         32 0.0000e+00
      65242   2718.356   1817.600   1837.000     4.2781     4.2798   3.358046   3.358111     1.9452     1.6185      55.50   21.67854  -85.98454    0.00005    0.00022     4.8114     4.8203     4.1226     4.1242    34.9746    34.9737    27.7531    27.7522    1501.83    209.073    209.463         35 0.0000e+00
      65278   2719.866   1816.615   1836.000     4.2786     4.2800   3.358050   3.358091     1.9453     1.6183      56.56   21.67853  -85.98454    0.00009    0.00009     4.8113     4.8187     4.1232     4.1246    34.9746    34.9736    27.7530    27.7521    1501.83    209.070    209.393         37 0.0000e+00
      65314   2721.371   1815.630   1835.000     4.2791     4.2801   3.358038   3.358052     1.9454     1.6178      57.45   21.67852  -85.98454    0.00011   -0.00017     4.8108     4.8161     4.1237     4.1247    34.9745    34.9736    27.7529    27.7521    1501.83    209.050    209.280         34 0.0000e+00
      65347   2722.755   1814.645   1834.000     4.2790     4.2799   3.358006   3.357994     1.9455     1.6177      58.52   21.67852  -85.98454    0.00004   -0.00026     4.8105     4.8149     4.1238     4.1246    34.9746    34.9736    27.7530    27.7521    1501.83    209.035    209.228         33 0.0000e+00
      65380   2724.106   1813.660   1833.000     4.2790     4.2798   3.357951   3.357940     1.9452     1.6177      59.42   21.67850  -85.98454   -0.00002   -0.00012     4.8090     4.8143     4.1239     4.1247    34.9745    34.9736    27.7529    27.7520    1501.83    208.969    209.201         33 0.0000e+00
      65413   2725.499   1812.675   1832.000     4.2798     4.2808   3.357982   3.357986     1.9453     1.6178      60.47   21.67850  -85.98454   -0.00005   -0.00003     4.8087     4.8138     4.1248     4.1258    34.9745    34.9735    27.7528    27.7519    1501.83    208.958    209.181         34 0.0000e+00
      65449   2726.980   1811.689   1831.000     4.2802     4.2810   3.357967   3.357957     1.9455     1.6178      61.55   21.67850  -85.98454    0.00004    0.00003     4.8087     4.8134     4.1253     4.1260    34.9744    34.9735    27.7526    27.7518    1501.83    208.957    209.160         37 0.0000e+00
      65486   2728.559   1810.704   1830.000     4.2807     4.2817   3.357968   3.357969     1.9455     1.6178      62.57   21.67849  -85.98454    0.00009    0.00003     4.8079     4.8125     4.1259     4.1268    34.9743    34.9734    27.7525    27.7516    1501.83    208.923    209.123         37 0.0000e+00
      65522   2730.024   1809.719   1829.000     4.2810     4.2818   3.357948   3.357935     1.9453     1.6175      63.51   21.67848  -85.98453   -0.00002   -0.00006     4.8066     4.8109     4.1262     4.1270    34.9743    34.9733    27.7525    27.7516    1501.83    208.867    209.053         32 0.0000e+00
      65552   2731.311   1808.734   1828.000     4.2815     4.2822   3.357937   3.357931     1.9452     1.6173      64.36   21.67848  -85.98452   -0.00008   -0.00012     4.8053     4.8092     4.1268     4.1275    34.9741    34.9733    27.7523    27.7515    1501.83    208.812    208.978         30 0.0000e+00
      65585   2732.673   1807.749   1827.000     4.2817     4.2825   3.357921   3.357912     1.9451     1.6177      65.52   21.67846  -85.98452   -0.00012   -0.00006     4.8043     4.8100     4.1271     4.1279    34.9742    34.9733    27.7523    27.7515    1501.83    208.764    209.016         35 0.0000e+00
