Gulf of Mexico/GOMECC-4/1db/urb2103_0261.cnv
* Sea-Bird SBE 9 Data File:
* FileName = C:\Users\scs.user.rb\CTD\GOMECC4\data\rb2103_0261.hex
* Software Version Seasave V 7.26.7.107
* Temperature SN = 4799
* Conductivity SN = 3860
* Number of Bytes Per Scan = 41
* Number of Voltage Words = 4
* Number of Scans Averaged by the Deck Unit = 1
* NMEA Latitude = 28 20.64 N
* NMEA Longitude = 086 20.48 W
* NMEA UTC (Time) = Sep 21 2021  10:45:37
* NMEA baud rate = 4800
# nquan = 28
# nvalues = 147                         
# units = specified
# name 0 = scan: Scan Count
# name 1 = timeS: Time, Elapsed [seconds]
# name 2 = depSM: Depth [salt water, m]
# name 3 = prDM: Pressure, Digiquartz [db]
# name 4 = t090C: Temperature [ITS-90, deg C]
# name 5 = t190C: Temperature, 2 [ITS-90, deg C]
# name 6 = c0S/m: Conductivity [S/m]
# name 7 = c1S/m: Conductivity, 2 [S/m]
# name 8 = sbeox0V: Oxygen raw, SBE 43 [V]
# name 9 = sbeox1V: Oxygen raw, SBE 43, 2 [V]
# name 10 = altM: Altimeter [m]
# name 11 = latitude: Latitude [deg]
# name 12 = longitude: Longitude [deg]
# name 13 = sbox0dV/dT: Oxygen, SBE 43 [dov/dt]
# name 14 = sbox1dV/dT: Oxygen, SBE 43, 2 [dov/dt]
# name 15 = sbeox0ML/L: Oxygen, SBE 43 [ml/l], WS = 5
# name 16 = sbeox1ML/L: Oxygen, SBE 43, 2 [ml/l], WS = 5
# name 17 = potemp090C: Potential Temperature [ITS-90, deg C]
# name 18 = potemp190C: Potential Temperature, 2 [ITS-90, deg C]
# name 19 = sal00: Salinity, Practical [PSU]
# name 20 = sal11: Salinity, Practical, 2 [PSU]
# name 21 = sigma-é00: Density [sigma-theta, kg/m^3]
# name 22 = sigma-é11: Density, 2 [sigma-theta, kg/m^3]
# name 23 = avgsvCM: Average Sound Velocity [Chen-Millero, m/s], minP = 20, minS = 20
# name 24 = sbox0Mm/Kg: Oxygen, SBE 43 [umol/kg], WS = 5
# name 25 = sbox1Mm/Kg: Oxygen, SBE 43, 2 [umol/kg], WS = 5
# name 26 = nbin: number of scans per bin
# name 27 = flag: flag
# span 0 =      32538,      80805       
# span 1 =   1355.720,   3366.848       
# span 2 =      1.987,    603.055       
# span 3 =      2.000,    608.000       
# span 4 =     7.3919,    28.6352       
# span 5 =     7.3926,    28.5527       
# span 6 =   3.585622,   5.710289       
# span 7 =   3.585703,   5.705950       
# span 8 =     1.6212,     3.1238       
# span 9 =     1.3262,     2.6605       
# span 10 =      15.52,     101.22      
# span 11 =   28.33258,   28.60624      
# span 12 =  -87.14057,  -86.30687      
# span 13 =   -0.00822,    0.01996      
# span 14 =   -0.01387,    0.02061      
# span 15 =     2.5676,     4.4911      
# span 16 =     2.6001,     4.5111      
# span 17 =     7.3316,    28.6263      
# span 18 =     7.3322,    28.5487      
# span 19 =    32.5150,    36.6168      
# span 20 =    32.5146,    36.6317      
# span 21 =    20.5892,    27.3194      
# span 22 =    20.5884,    27.3186      
# span 23 =    1506.67,    1521.22      
# span 24 =    111.638,    196.525      
# span 25 =    113.054,    197.402      
# span 26 =         30,         75      
# span 27 = 0.0000e+00, 0.0000e+00      
# interval = decibars: 1                
# start_time = Sep 21 2021 10:45:37 [NMEA time, header]
# bad_flag = -9.990e-29
*END*
[from data line 104]
      68993   2874.662     62.570     63.000    23.7605    23.7455   5.361801   5.360211     2.8366     2.4170     100.00   28.34354  -86.34026    0.00592    0.00619     4.2100     4.2395    23.7473    23.7323    36.3797    36.3799    24.7614    24.7659    1507.25    183.476    184.761         49 0.0000e+00
      69044   2876.808     61.577     62.000    23.8435    23.8421   5.370066   5.370136     2.8515     2.4296     100.00   28.34354  -86.34026    0.00843    0.00708     4.2327     4.2595    23.8304    23.8290    36.3752    36.3769    24.7334    24.7350    1507.25    184.472    185.640         54 0.0000e+00
      69095   2878.930     60.584     61.000    24.0341    24.0739   5.390346   5.391622     2.8642     2.4392     100.00   28.34354  -86.34026    0.00564    0.00437     4.2439     4.2633    24.0228    24.0610    36.3728    36.3513    24.6742    24.6466    1507.25    184.967    185.819         47 0.0000e+00
      69143   2880.923     59.591     60.000    24.3214    24.3431   5.418159   5.419263     2.8844     2.4571      89.35   28.34354  -86.34026    0.00824    0.00693     4.2598     4.2823    24.3086    24.3302    36.3511    36.3419    24.5722    24.5588    1507.25    185.681    186.662         51 0.0000e+00
      69196   2883.143     58.598     59.000    24.5516    24.6594   5.439337   5.447779     2.8996     2.4720     100.20   28.34354  -86.34026    0.00855    0.00802     4.2717     4.2933    24.5389    24.6466    36.3244    36.2987    24.4827    24.4306    1507.25    186.216    187.164         52 0.0000e+00
      69246   2885.203     57.605     58.000    24.8299    24.8894   5.468183   5.473443     2.9130     2.4858     100.00   28.34354  -86.34026    0.00625    0.00611     4.2758     4.3036    24.8173    24.8768    36.3164    36.3077    24.3921    24.3675    1507.25    186.410    187.628         49 0.0000e+00
      69296   2887.292     56.612     57.000    25.0785    25.0506   5.493949   5.490603     2.9337     2.4976      78.84   28.34354  -86.34026    0.00847    0.00677     4.2962     4.3168    25.0660    25.0381    36.3089    36.3064    24.3106    24.3173    1507.25    187.315    188.210         51 0.0000e+00
      69347   2889.415     55.619     56.000    25.1619    25.1644   5.502578   5.502237     2.9435     2.5077      99.98   28.34354  -86.34026    0.00742    0.00465     4.3081     4.3295    25.1497    25.1522    36.3065    36.3019    24.2832    24.2789    1507.25    187.841    188.770         51 0.0000e+00
      69398   2891.562     54.625     55.000    25.2148    25.2228   5.508293   5.508629     2.9524     2.5162      94.34   28.34354  -86.34026    0.00389    0.00484     4.3205     4.3429    25.2024    25.2107    36.3071    36.3030    24.2674    24.2617    1507.25    188.383    189.358         41 0.0000e+00
      69449   2893.683     53.633     54.000    25.2674    25.2629   5.513777   5.512863     2.9563     2.5165      90.87   28.34354  -86.34026    0.00344    0.00201     4.3236     4.3399    25.2556    25.2510    36.3057    36.3026    24.2500    24.2491    1507.25    188.519    189.230         31 0.0000e+00
      71020   2959.137     48.667     49.000    26.0299    26.0716   5.587450   5.591692     2.7958     2.3676      99.96   28.33258  -86.30687   -0.00822   -0.01387     3.9569     3.9654    26.0189    26.0606    36.2368    36.2353    23.9591    23.9449    1506.67    172.580    172.953         58 0.0000e+00
      71132   2963.795     47.674     48.000    26.0788    26.0863   5.591234   5.592635     2.7839     2.3418      78.25   28.34352  -86.34024   -0.00307   -0.00744     3.9308     3.9101    26.0681    26.0755    36.2323    36.2366    23.9420    23.9429    1507.25    171.443    170.542         66 0.0000e+00
      71189   2966.154     46.681     47.000    26.2193    26.1677   5.600847   5.597660     2.7625     2.3319      99.72   28.34352  -86.34024   -0.00792   -0.00547     3.8851     3.8859    26.2025    26.1572    36.1967    36.2096    23.8729    23.8970    1507.25    169.465    169.496         54 0.0000e+00
      71247   2968.595     45.688     46.000    26.3263    26.2838   5.611577   5.608022     2.7764     2.3415     100.00   28.34352  -86.34024   -0.00111   -0.00011     3.8990     3.8964    26.3160    26.2734    36.1859    36.1936    23.8290    23.8482    1507.25    170.075    169.961         60 0.0000e+00
      71304   2970.960     44.695     45.000    26.3808    26.4046   5.616835   5.619634     2.8075     2.3815     100.00   28.34352  -86.34024    0.01245    0.01263     3.9542     3.9726    26.3706    26.3944    36.1824    36.1835    23.8091    23.8025    1507.25    172.487    173.293         53 0.0000e+00
      71360   2973.277     43.702     44.000    26.4657    26.4672   5.623973   5.624652     2.8481     2.4300     100.00   28.34352  -86.34024    0.01491    0.02061     4.0243     4.0693    26.4557    26.4573    36.1671    36.1708    23.7706    23.7729    1507.25    175.550    177.513         59 0.0000e+00
      71417   2975.680     42.709     43.000    26.4815    26.4886   5.620383   5.620207     2.8861     2.4543      99.49   28.34352  -86.34024    0.01813    0.01445     4.0955     4.1192    26.4718    26.4789    36.1289    36.1221    23.7368    23.7294    1507.25    178.665    179.700         56 0.0000e+00
      71475   2978.090     41.715     42.000    26.5255    26.5237   5.615440   5.614963     2.8886     2.4538     100.01   28.34352  -86.34024    0.00550    0.00262     4.0976     4.1152    26.5159    26.5141    36.0555    36.0453    23.6674    23.6603    1507.25    178.768    179.538         58 0.0000e+00
      71530   2980.376     40.722     41.000    26.8816    26.8995   5.650267   5.652843     2.9097     2.4729      91.08   28.34352  -86.34024    0.00433    0.00364     4.1163     4.1352    26.8722    26.8902    36.0377    36.0256    23.5405    23.5208    1507.25    179.604    180.432         55 0.0000e+00
      71587   2982.735     39.729     40.000    27.0750    27.0043   5.672367   5.661096     2.9507     2.5026      99.94   28.34352  -86.34024    0.01583    0.01290     4.1735     4.1851    27.0658    26.9951    36.0418    36.0157    23.4816    23.4846    1507.25    182.112    182.619         57 0.0000e+00
      71644   2985.124     38.736     39.000    27.2228    27.0848   5.686078   5.671537     2.9776     2.5152      80.36   28.34352  -86.34024    0.01396    0.00713     4.2126     4.2047    27.2138    27.0758    36.0257    36.0285    23.4218    23.4684    1507.25    183.828    183.475         58 0.0000e+00
      71701   2987.498     37.743     38.000    27.4292    27.2388   5.703317   5.685772     2.9958     2.5345      95.76   28.34352  -86.34024    0.00838    0.00724     4.2305     4.2302    27.4223    27.2303    35.9881    36.0181    23.3262    23.4136    1507.25    184.630    184.602         55 0.0000e+00
      71756   2989.806     36.750     37.000    27.5692    27.4472   5.710289   5.701587     3.0143     2.5480      99.95   28.34352  -86.34024    0.00775    0.00677     4.2559     4.2472    27.5606    27.4386    35.9317    35.9638    23.2389    23.3026    1507.25    185.751    185.362         57 0.0000e+00
      71815   2992.237     35.757     36.000    27.6753    27.5939   5.708364   5.705950     3.0181     2.5582     100.00   28.34352  -86.34024    0.00444    0.00506     4.2565     4.2585    27.6669    27.5855    35.8376    35.8845    23.1335    23.1952    1507.25    185.797    185.875         58 0.0000e+00
      71872   2994.606     34.763     35.000    27.7022    27.6830   5.702092   5.703403     3.0124     2.5576     100.00   28.34352  -86.34024   -0.00181    0.00085     4.2457     4.2536    27.6937    27.6749    35.7726    35.7990    23.0758    23.1030    1507.25    185.336    185.677         55 0.0000e+00
      73909   3079.481     28.804     29.000    28.0807    28.0877   5.673645   5.673642     2.9717     2.5221     100.10   28.37134  -86.42494    0.00006    0.00079     4.1512     4.1625    28.0738    28.0809    35.3041    35.2936    22.6043    22.5938    1508.73    181.296    181.795         70 0.0000e+00
      73906   3079.387     27.811     28.000    28.0680    28.0652   5.667791   5.667766     2.9698     2.5187     100.00   28.34352  -86.34019   -0.00015   -0.00093     4.1477     4.1561    28.0614    28.0586    35.2566    35.2585    22.5675    22.5699    1507.25    181.148    181.515         65 0.0000e+00
      73962   3081.724     26.818     27.000    28.1303    28.1060   5.668565   5.667976     2.9651     2.5125     100.00   28.34352  -86.34018   -0.00092   -0.00117     4.1353     4.1408    28.1198    28.0996    35.2188    35.2298    22.5200    22.5348    1507.25    180.614    180.854         52 0.0000e+00
      74021   3084.187     25.825     26.000    28.1816    28.1690   5.673938   5.672892     2.9696     2.5182     100.00   28.34352  -86.34018    0.00028   -0.00048     4.1404     4.1478    28.1782    28.1629    35.2133    35.2185    22.4967    22.5056    1507.25    180.842    181.166         69 0.0000e+00
      74102   3087.525     24.831     25.000    28.1948    28.1783   5.673771   5.673275     2.9725     2.5224     100.00   28.34352  -86.34018    0.00117    0.00232     4.1432     4.1554    28.1885    28.1724    35.2045    35.2134    22.4866    22.4987    1507.25    180.965    181.496         75 0.0000e+00
      74184   3090.979     23.838     24.000    28.1670    28.2055   5.670153   5.669640     2.9698     2.5159      88.57   28.34352  -86.34018   -0.00049   -0.00161     4.1398     4.1409    28.1614    28.1998    35.2003    35.1681    22.4924    22.4555    1507.25    180.816    180.870         65 0.0000e+00
      74268   3094.462     22.845     23.000    28.2176    28.2461   5.670160   5.669643     2.9624     2.5024     100.12   28.34352  -86.34018   -0.00205   -0.00393     4.1228     4.1106    28.2122    28.2406    35.1630    35.1382    22.4476    22.4197    1507.25    180.082    179.555         73 0.0000e+00
      74352   3097.946     21.852     22.000    28.3561    28.2990   5.679676   5.673244     2.9762     2.5066      87.49   28.34352  -86.34018    0.00268    0.00051     4.1383     4.1155    28.3509    28.2938    35.1268    35.1243    22.3747    22.3917    1507.25    180.773    179.771         65 0.0000e+00
      74435   3101.415     20.859     21.000    28.4860    28.4462   5.684513   5.683034     3.0037     2.5305     100.36   28.34352  -86.34018    0.00881    0.00696     4.1810     4.1552    28.4810    28.4412    35.0678    35.0840    22.2875    22.3128    1507.25    182.651    181.524         74 0.0000e+00
      75169   3131.985     16.886     17.000    28.6352    28.5527   5.668313   5.642250     3.0862     2.6243     100.38   28.45260  -86.67253    0.00602    0.00548     4.3268     4.3498    28.6263    28.5487    34.9093    34.7865    22.1401    22.0743    1513.05    189.066    190.083         32 0.0000e+00
      77692   3237.145     11.919     12.000    28.4337    28.4320   5.422283   5.428911     3.1097     2.6454     100.25   28.41324  -86.55262   -0.00058    0.00039     4.4182     4.4308    28.4209    28.4292    33.3254    33.3632    21.0096    21.0340    1510.96    193.265    193.817         31 0.0000e+00
      78372   3265.437      9.933     10.000    28.0525    28.0655   5.302307   5.305491     3.1238     2.6564      68.40   28.58503  -87.07596   -0.00048   -0.00010     4.4862     4.4985    28.0502    28.0632    32.7982    32.8256    20.7588    20.7746    1520.09    196.305    196.842         53 0.0000e+00
      77796   3241.460      8.940      9.000    27.8254    27.8382   5.251468   5.254295     3.0959     2.6362      91.81   28.34348  -86.34016   -0.00048    0.00018     4.4565     4.4706    27.8233    27.8361    32.5278    32.5414    20.5940    20.6005    1507.25    195.012    195.629         40 0.0000e+00
      77881   3244.990      7.947      8.000    27.8141    27.8289   5.248681   5.251743     3.0949     2.6349      97.97   28.34348  -86.34016   -0.00025   -0.00024     4.4554     4.4680    27.8122    27.8271    32.5182    32.5290    20.5903    20.5936    1507.25    194.964    195.515         50 0.0000e+00
      77984   3249.285      6.953      7.000    27.8257    27.8395   5.251215   5.255089     3.0929     2.6356      99.97   28.34348  -86.34016    0.00041    0.00041     4.4500     4.4678    27.8241    27.8379    32.5279    32.5454    20.5938    20.6024    1507.25    194.727    195.504         31 0.0000e+00
      80299   3345.754      3.973      4.000    28.0506    28.0736   5.293019   5.297056     3.1238     2.6605      91.85   28.60624  -87.14057   -0.00004   -0.00046     4.4911     4.5111    28.0497    28.0727    32.7926    32.8176    20.7631    20.7788    1521.22    196.525    197.402         50 0.0000e+00
      80676   3361.443      2.980      3.000    27.8092    27.8104   5.247559   5.247614     3.0960     2.6375      97.97   28.34348  -86.34012   -0.00001   -0.00015     4.4553     4.4726    27.8085    27.8097    32.5151    32.5146    20.5892    20.5884    1507.25    194.958    195.716         35 0.0000e+00
      80805   3366.848      1.987      2.000    27.8072    27.8069   5.247308   5.247275     3.0960     2.6368      75.93   28.34348  -86.34012    0.00081   -0.00021     4.4550     4.4710    27.8068    27.8064    32.5150    32.5150    20.5896    20.5897    1507.25    194.947    195.646         46 0.0000e+00
