Gulf of Mexico/GOMECC-4/1db/urb2103_1082.cnv
* Sea-Bird SBE 9 Data File:
* FileName = C:\Users\scs.user.rb\CTD\GOMECC4\data\rb2103_1081.hex
* Software Version Seasave V 7.26.7.107
* Temperature SN = 4799
* Conductivity SN = 3860
* Number of Bytes Per Scan = 41
* Number of Voltage Words = 4
* Number of Scans Averaged by the Deck Unit = 1
* NMEA Latitude = 22 55.36 N
* NMEA Longitude = 086 22.48 W
* NMEA UTC (Time) = Oct 14 2021  21:53:13
* NMEA baud rate = 4800
# nquan = 28
# nvalues = 347                         
# units = specified
# name 0 = scan: Scan Count
# name 1 = timeS: Time, Elapsed [seconds]
# name 2 = depSM: Depth [salt water, m]
# name 3 = prDM: Pressure, Digiquartz [db]
# name 4 = t090C: Temperature [ITS-90, deg C]
# name 5 = t190C: Temperature, 2 [ITS-90, deg C]
# name 6 = c0S/m: Conductivity [S/m]
# name 7 = c1S/m: Conductivity, 2 [S/m]
# name 8 = sbeox0V: Oxygen raw, SBE 43 [V]
# name 9 = sbeox1V: Oxygen raw, SBE 43, 2 [V]
# name 10 = altM: Altimeter [m]
# name 11 = latitude: Latitude [deg]
# name 12 = longitude: Longitude [deg]
# name 13 = sbox0dV/dT: Oxygen, SBE 43 [dov/dt]
# name 14 = sbox1dV/dT: Oxygen, SBE 43, 2 [dov/dt]
# name 15 = sbeox0ML/L: Oxygen, SBE 43 [ml/l], WS = 5
# name 16 = sbeox1ML/L: Oxygen, SBE 43, 2 [ml/l], WS = 5
# name 17 = potemp090C: Potential Temperature [ITS-90, deg C]
# name 18 = potemp190C: Potential Temperature, 2 [ITS-90, deg C]
# name 19 = sal00: Salinity, Practical [PSU]
# name 20 = sal11: Salinity, Practical, 2 [PSU]
# name 21 = sigma-é00: Density [sigma-theta, kg/m^3]
# name 22 = sigma-é11: Density, 2 [sigma-theta, kg/m^3]
# name 23 = avgsvCM: Average Sound Velocity [Chen-Millero, m/s], minP = 20, minS = 20
# name 24 = sbox0Mm/Kg: Oxygen, SBE 43 [umol/kg], WS = 5
# name 25 = sbox1Mm/Kg: Oxygen, SBE 43, 2 [umol/kg], WS = 5
# name 26 = nbin: number of scans per bin
# name 27 = flag: flag
# span 0 =      78251,     156988       
# span 1 =   3260.416,   6541.116       
# span 2 =      0.994,    998.244       
# span 3 =      1.000,   1007.000       
# span 4 =     5.1538,    31.5041       
# span 5 =     5.1539,    31.3718       
# span 6 =   3.397784,   6.300135       
# span 7 =   3.397760,   6.300964       
# span 8 =     1.6186,     3.3133       
# span 9 =     1.3174,     2.8012       
# span 10 =      10.46,     101.96      
# span 11 =   22.69897,   23.93018      
# span 12 =  -90.11651,  -85.48441      
# span 13 =   -0.00251,    0.01750      
# span 14 =   -0.00270,    0.01455      
# span 15 =     2.6663,     4.5121      
# span 16 =     2.6808,     4.4898      
# span 17 =     5.0683,    31.5036      
# span 18 =     5.0682,    31.3713      
# span 19 =    34.8811,    37.7959      
# span 20 =    34.8805,    37.6289      
# span 21 =    22.4307,    27.6148      
# span 22 =    22.4730,    27.6145      
# span 23 =    1494.60,    1575.58      
# span 24 =    115.931,    197.060      
# span 25 =    116.563,    196.089      
# span 26 =         30,         73      
# span 27 = 0.0000e+00, 0.0000e+00      
# interval = decibars: 1                
# start_time = Oct 14 2021 21:53:13 [NMEA time, header]
# bad_flag = -9.990e-29
*END*
[from data line 104]
      92631   3859.565    674.615    680.000     8.3450     8.3465   3.682251   3.682400     1.6208     1.3194     100.01   22.93153  -86.38374    0.00006    0.00013     2.7263     2.7402     8.2724     8.2738    34.9839    34.9849    27.2200    27.2205    1510.40    118.532    119.136         34 0.0000e+00
      92659   3860.735    673.625    679.000     8.3435     8.3448   3.681815   3.681959     1.6208     1.3195      61.05   22.92978  -86.37716    0.00014    0.00003     2.7262     2.7402     8.2710     8.2723    34.9817    34.9819    27.2184    27.2184    1510.28    118.528    119.135         33 0.0000e+00
      92760   3864.951    669.663    675.000     8.4265     8.4337   3.690357   3.690911     1.6219     1.3208     100.00   22.93048  -86.37979    0.00031    0.00029     2.7220     2.7369     8.3539     8.3612    34.9922    34.9909    27.2139    27.2118    1510.33    118.345    118.993         33 0.0000e+00
      92791   3866.236    668.672    674.000     8.4254     8.4215   3.690166   3.689663     1.6216     1.3199     100.00   22.92978  -86.37716    0.00014    0.00009     2.7209     2.7347     8.3530     8.3491    34.9915    34.9900    27.2135    27.2129    1510.28    118.296    118.898         32 0.0000e+00
      92896   3870.633    664.710    670.000     8.5172     8.5178   3.699560   3.699620     1.6225     1.3200     100.00   22.93071  -86.38058    0.00031    0.00008     2.7156     2.7267     8.4448     8.4454    35.0023    35.0023    27.2078    27.2077    1510.34    118.065    118.549         30 0.0000e+00
      92923   3871.757    663.720    669.000     8.5246     8.5209   3.700094   3.699819     1.6222     1.3200     100.00   22.92980  -86.37716    0.00008   -0.00016     2.7138     2.7260     8.4522     8.4486    35.0009    35.0017    27.2055    27.2067    1510.28    117.990    118.519         31 0.0000e+00
      93032   3876.302    659.758    665.000     8.6438     8.6501   3.712468   3.713105     1.6230     1.3212     100.00   22.93072  -86.38065    0.00031    0.00039     2.7064     2.7194     8.5713     8.5776    35.0157    35.0159    27.1985    27.1977    1510.34    117.667    118.231         30 0.0000e+00
      93162   3881.690    654.805    660.000     8.6978     8.6969   3.717713   3.717615     1.6230     1.3210     100.00   22.92908  -86.37445   -0.00001   -0.00004     2.7009     2.7141     8.6256     8.6247    35.0198    35.0197    27.1932    27.1933    1510.23    117.431    118.005         30 0.0000e+00
      93272   3886.304    650.843    656.000     8.7403     8.7407   3.721992   3.722253     1.6239     1.3219     100.00   22.92977  -86.37699    0.00026    0.00013     2.6993     2.7125     8.6684     8.6688    35.0249    35.0263    27.1905    27.1916    1510.28    117.359    117.931         32 0.0000e+00
      93406   3891.887    645.890    651.000     8.9399     8.9359   3.742808   3.742534     1.6268     1.3237     100.00   22.93003  -86.37790    0.00058    0.00032     2.6919     2.7028     8.8675     8.8652    35.0493    35.0508    27.1781    27.1798    1510.29    117.038    117.514         30 0.0000e+00
      93542   3897.524    640.937    646.000     9.0509     9.0583   3.754447   3.755170     1.6282     1.3250     100.00   22.93049  -86.37954    0.00028    0.00008     2.6866     2.6971     8.9786     8.9860    35.0643    35.0645    27.1720    27.1710    1510.32    116.810    117.266         31 0.0000e+00
      93648   3901.976    636.974    642.000     9.1346     9.1375   3.763021   3.763469     1.6290     1.3261      90.15   22.93034  -86.37895    0.00022    0.00020     2.6817     2.6940     9.0624     9.0652    35.0734    35.0753    27.1657    27.1666    1510.31    116.597    117.131         30 0.0000e+00
      93997   3916.521    624.095    629.000     9.3802     9.3784   3.788665   3.788416     1.6334     1.3298     100.00   22.93014  -86.37809    0.00044    0.00027     2.6732     2.6847     9.3083     9.3065    35.1052    35.1044    27.1504    27.1501    1510.30    116.231    116.731         30 0.0000e+00
      94134   3922.227    619.142    624.000     9.4686     9.4752   3.797843   3.798617     1.6348     1.3311     100.00   22.93052  -86.37945    0.00027    0.00033     2.6695     2.6808     9.3969     9.4035    35.1162    35.1176    27.1444    27.1444    1510.32    116.068    116.563         31 0.0000e+00
      94456   3935.640    607.253    612.000     9.7255     9.7135   3.825006   3.823575     1.6412     1.3376     100.00   22.93027  -86.37845    0.00075    0.00079     2.6663     2.6813     9.6541     9.6421    35.1509    35.1479    27.1287    27.1283    1510.30    115.931    116.585         31 0.0000e+00
      94619   3942.422    601.308    606.000     9.8543     9.8551   3.838705   3.838784     1.6458     1.3415      91.50   22.93071  -86.38005    0.00066    0.00049     2.6685     2.6821     9.7830     9.7838    35.1689    35.1690    27.1210    27.1210    1510.33    116.029    116.619         31 0.0000e+00
      94647   3943.565    600.317    605.000     9.8593     9.8622   3.839085   3.839349     1.6460     1.3419     100.02   22.92996  -86.37720    0.00049    0.00046     2.6685     2.6824     9.7881     9.7910    35.1683    35.1681    27.1196    27.1190    1510.28    116.029    116.633         30 0.0000e+00
      94777   3948.987    595.363    600.000     9.9243     9.9318   3.845935   3.846728     1.6483     1.3441      97.93   22.93001  -86.37738    0.00049    0.00020     2.6691     2.6831     9.8534     9.8609    35.1775    35.1782    27.1157    27.1150    1510.28    116.054    116.662         32 0.0000e+00
      94809   3950.315    594.372    599.000     9.9296     9.9469   3.846388   3.848355     1.6486     1.3454     100.04   22.92996  -86.37720    0.00032    0.00062     2.6691     2.6858     9.8588     9.8760    35.1774    35.1806    27.1147    27.1143    1510.28    116.055    116.779         31 0.0000e+00
      94970   3957.055    588.427    593.000    10.0451    10.0452   3.858748   3.858821     1.6523     1.3481     100.00   22.93090  -86.38067    0.00043    0.00047     2.6697     2.6854     9.9746     9.9746    35.1944    35.1951    27.1082    27.1088    1510.34    116.083    116.766         30 0.0000e+00
      94998   3958.196    587.436    592.000    10.0524    10.0545   3.859310   3.859694     1.6532     1.3483      94.62   22.92998  -86.37722    0.00061    0.00020     2.6716     2.6850     9.9819     9.9870    35.1933    35.1953    27.1061    27.1073    1510.28    116.165    116.749         31 0.0000e+00
      95131   3963.756    582.482    587.000    10.1107    10.1079   3.865647   3.865183     1.6558     1.3514     100.00   22.93039  -86.37873    0.00052    0.00061     2.6733     2.6896    10.0406    10.0378    35.2036    35.2017    27.1041    27.1031    1510.31    116.238    116.949         32 0.0000e+00
      95255   3968.921    578.518    583.000    10.1757    10.1735   3.872600   3.872514     1.6581     1.3533     100.01   22.93228  -86.38583    0.00055    0.00042     2.6741     2.6896    10.1058    10.1036    35.2135    35.2150    27.1006    27.1022    1510.43    116.273    116.947         30 0.0000e+00
      95311   3971.253    577.527    582.000    10.1533    10.1585   3.869649   3.870579     1.6581     1.3540     100.00   22.93000  -86.37724    0.00011    0.00030     2.6753     2.6925    10.0837    10.0888    35.2087    35.2096    27.1006    27.1004    1510.28    116.327    117.076         50 0.0000e+00
      95369   3973.654    576.536    581.000    10.1545    10.1648   3.870011   3.871128     1.6582     1.3538     100.00   22.93000  -86.37724   -0.00002    0.00011     2.6753     2.6910    10.0849    10.0952    35.2080    35.2096    27.0998    27.0993    1510.28    116.325    117.011         40 0.0000e+00
      95545   3980.982    575.545    580.000    10.1732    10.1874   3.872058   3.873608     1.6591     1.3544     100.00   22.93003  -86.37724    0.00016    0.00021     2.6761     2.6913    10.1037    10.1179    35.2113    35.2133    27.0992    27.0983    1510.28    116.363    117.021         37 0.0000e+00
      96346   4014.389    571.581    576.000    10.2001    10.2025   3.874829   3.875162     1.6608     1.3554      99.07   22.93041  -86.37834    0.00002   -0.00009     2.6777     2.6919    10.1309    10.1333    35.2151    35.2163    27.0974    27.0980    1510.30    116.433    117.050         37 0.0000e+00
      98280   4094.964    570.590    575.000    10.2285    10.2280   3.877861   3.877869     1.6617     1.3572      99.11   22.93032  -86.37735   -0.00001    0.00001     2.6780     2.6955    10.1594    10.1589    35.2190    35.2196    27.0956    27.0961    1510.28    116.445    117.204         33 0.0000e+00
      98597   4108.146    568.609    573.000    10.2521    10.2404   3.880404   3.879295     1.6626     1.3575     100.01   22.93175  -86.38261    0.00016   -0.00013     2.6783     2.6949    10.1832    10.1715    35.2240    35.2233    27.0954    27.0969    1510.37    116.457    117.177         45 0.0000e+00
      98647   4110.253    567.617    572.000    10.2652    10.2557   3.881684   3.880674     1.6627     1.3574      97.76   22.93036  -86.37736   -0.00005    0.00010     2.6775     2.6931    10.1963    10.1868    35.2236    35.2226    27.0928    27.0936    1510.28    116.422    117.101         43 0.0000e+00
      98691   4112.069    566.626    571.000    10.2808    10.2715   3.883356   3.882412     1.6633     1.3578      97.68   22.93036  -86.37736    0.00021    0.00014     2.6778     2.6929    10.2119    10.2027    35.2259    35.2253    27.0918    27.0930    1510.28    116.435    117.093         47 0.0000e+00
      98742   4114.199    565.636    570.000    10.2892    10.2812   3.884205   3.883307     1.6641     1.3581      85.93   22.93036  -86.37736    0.00037    0.00015     2.6791     2.6929    10.2205    10.2125    35.2268    35.2255    27.0911    27.0914    1510.28    116.494    117.092         54 0.0000e+00
      98870   4119.543    561.672    566.000    10.3282    10.3287   3.888402   3.888427     1.6657     1.3600      87.49   22.93027  -86.37695    0.00034    0.00026     2.6795     2.6943    10.2598    10.2603    35.2334    35.2332    27.0893    27.0891    1510.27    116.509    117.153         30 0.0000e+00
      98902   4120.893    560.681    565.000    10.3444    10.3437   3.890165   3.890109     1.6663     1.3604      90.49   22.93038  -86.37736    0.00036    0.00042     2.6798     2.6941    10.2760    10.2753    35.2361    35.2363    27.0886    27.0889    1510.28    116.523    117.143         35 0.0000e+00
      98937   4122.334    559.690    564.000    10.3709    10.3621   3.893062   3.892045     1.6668     1.3613     100.29   22.93038  -86.37736    0.00041    0.00050     2.6791     2.6954    10.3025    10.2938    35.2403    35.2386    27.0873    27.0874    1510.28    116.492    117.202         31 0.0000e+00
      99037   4126.492    555.726    560.000    10.4745    10.4715   3.904414   3.904104     1.6706     1.3640      99.76   22.93163  -86.38199    0.00098    0.00072     2.6814     2.6949    10.4062    10.4032    35.2571    35.2569    27.0822    27.0826    1510.36    116.594    117.183         30 0.0000e+00
      99063   4127.603    554.734    559.000    10.4835    10.4813   3.905143   3.904876     1.6713     1.3648     100.01   22.93040  -86.37736    0.00090    0.00055     2.6826     2.6966    10.4153    10.4131    35.2559    35.2553    27.0797    27.0795    1510.28    116.645    117.256         32 0.0000e+00
      99626   4151.053    532.931    537.000    10.7765    10.7750   3.936581   3.936448     1.6878     1.3801     100.00   22.93110  -86.37978    0.00038    0.00038     2.7012     2.7163    10.7099    10.7084    35.2998    35.3000    27.0616    27.0620    1510.32    117.457    118.112         32 0.0000e+00
      99775   4157.258    526.984    531.000    10.9346    10.9107   3.953241   3.950585     1.6920     1.3841     100.00   22.92970  -86.37451    0.00086    0.00077     2.7004     2.7175    10.8682    10.8443    35.3169    35.3133    27.0463    27.0478    1510.23    117.424    118.166         32 0.0000e+00
      99935   4163.899    521.036    525.000    11.0832    11.0746   3.969946   3.969008     1.7005     1.3922     100.00   22.93061  -86.37789    0.00117    0.00128     2.7117     2.7289    11.0170    11.0083    35.3438    35.3428    27.0403    27.0411    1510.29    117.916    118.664         33 0.0000e+00
     100065   4169.353    516.081    520.000    11.1419    11.1473   3.976623   3.977158     1.7045     1.3957     100.01   22.93313  -86.38730    0.00073    0.00061     2.7169     2.7328    11.0761    11.0814    35.3570    35.3571    27.0399    27.0391    1510.45    118.145    118.836         33 0.0000e+00
     100091   4170.426    515.089    519.000    11.1394    11.1371   3.975965   3.975878     1.7051     1.3961     100.00   22.93050  -86.37738    0.00063    0.00054     2.7184     2.7344    11.0737    11.0714    35.3525    35.3539    27.0367    27.0382    1510.28    118.210    118.905         38 0.0000e+00
     100219   4175.736    510.133    514.000    11.3471    11.3407   3.999073   3.998369     1.7121     1.4019     100.01   22.93273  -86.38571    0.00160    0.00124     2.7217     2.7367    11.2813    11.2748    35.3859    35.3851    27.0247    27.0252    1510.43    118.354    119.004         33 0.0000e+00
     100246   4176.870    509.142    513.000    11.3639    11.3926   4.000617   4.003552     1.7143     1.4044      85.13   22.93052  -86.37738    0.00181    0.00144     2.7266     2.7406    11.2981    11.3268    35.3849    35.3865    27.0206    27.0165    1510.28    118.568    119.176         37 0.0000e+00
     100366   4181.872    504.185    508.000    11.6176    11.6126   4.028684   4.028109     1.7245     1.4130     100.00   22.92984  -86.37474    0.00220    0.00188     2.7355     2.7499    11.5516    11.5466    35.4216    35.4207    27.0019    27.0021    1510.23    118.956    119.584         31 0.0000e+00
     100934   4205.558    482.376    486.000    12.4491    12.4555   4.121879   4.122748     1.7697     1.4543     100.00   22.92990  -86.37472    0.00322    0.00300     2.7934     2.8081    12.3830    12.3895    35.5507    35.5530    26.9425    26.9430    1510.23    121.478    122.118         30 0.0000e+00
     101055   4210.585    478.411    482.000    12.5870    12.5987   4.138089   4.139437     1.7806     1.4646     100.01   22.93306  -86.38658    0.00242    0.00232     2.8112     2.8269    12.5211    12.5327    35.5796    35.5816    26.9380    26.9373    1510.44    122.257    122.937         33 0.0000e+00
     101106   4212.715    477.419    481.000    12.5983    12.5872   4.138664   4.137867     1.7836     1.4679     100.00   22.93064  -86.37740    0.00161    0.00174     2.8184     2.8371    12.5325    12.5213    35.5741    35.5769    26.9313    26.9357    1510.28    122.567    123.381         64 0.0000e+00
     101162   4215.037    476.428    480.000    12.6091    12.5521   4.139673   4.133620     1.7844     1.4676     100.00   22.93064  -86.37739    0.00056    0.00040     2.8195     2.8382    12.5433    12.4865    35.5741    35.5696    26.9292    26.9369    1510.28    122.616    123.427         55 0.0000e+00
     101231   4217.906    475.436    479.000    12.6238    12.6512   4.140399   4.142330     1.7859     1.4683     100.00   22.93065  -86.37740    0.00054   -0.00021     2.8222     2.8335    12.5581    12.5855    35.5676    35.5604    26.9212    26.9101    1510.28    122.735    123.230         30 0.0000e+00
     104388   4349.448    471.470    475.000    12.9369    12.9378   4.175635   4.175650     1.8095     1.4906      99.94   22.91659  -86.32302    0.00001   -0.00014     2.8622     2.8776    12.8707    12.8716    35.6074    35.6111    26.8886    26.8914    1509.33    124.478    125.146         33 0.0000e+00
