Gulf of Mexico/GOMECC-4/1db/urb2103_0221.cnv
* Sea-Bird SBE 9 Data File:
* FileName = C:\Users\scs.user.rb\CTD\GOMECC4\data\rb2103_0221.hex
* Software Version Seasave V 7.26.7.107
* Temperature SN = 4799
* Conductivity SN = 3860
* Number of Bytes Per Scan = 41
* Number of Voltage Words = 4
* Number of Scans Averaged by the Deck Unit = 1
* NMEA Latitude = 29 02.28 N
* NMEA Longitude = 085 46.96 W
* NMEA UTC (Time) = Sep 21 2021  00:10:54
* NMEA baud rate = 4800
# nquan = 28
# nvalues = 147                         
# units = specified
# name 0 = scan: Scan Count
# name 1 = timeS: Time, Elapsed [seconds]
# name 2 = depSM: Depth [salt water, m]
# name 3 = prDM: Pressure, Digiquartz [db]
# name 4 = t090C: Temperature [ITS-90, deg C]
# name 5 = t190C: Temperature, 2 [ITS-90, deg C]
# name 6 = c0S/m: Conductivity [S/m]
# name 7 = c1S/m: Conductivity, 2 [S/m]
# name 8 = sbeox0V: Oxygen raw, SBE 43 [V]
# name 9 = sbeox1V: Oxygen raw, SBE 43, 2 [V]
# name 10 = altM: Altimeter [m]
# name 11 = latitude: Latitude [deg]
# name 12 = longitude: Longitude [deg]
# name 13 = sbox0dV/dT: Oxygen, SBE 43 [dov/dt]
# name 14 = sbox1dV/dT: Oxygen, SBE 43, 2 [dov/dt]
# name 15 = sbeox0ML/L: Oxygen, SBE 43 [ml/l], WS = 5
# name 16 = sbeox1ML/L: Oxygen, SBE 43, 2 [ml/l], WS = 5
# name 17 = potemp090C: Potential Temperature [ITS-90, deg C]
# name 18 = potemp190C: Potential Temperature, 2 [ITS-90, deg C]
# name 19 = sal00: Salinity, Practical [PSU]
# name 20 = sal11: Salinity, Practical, 2 [PSU]
# name 21 = sigma-é00: Density [sigma-theta, kg/m^3]
# name 22 = sigma-é11: Density, 2 [sigma-theta, kg/m^3]
# name 23 = avgsvCM: Average Sound Velocity [Chen-Millero, m/s], minP = 20, minS = 20
# name 24 = sbox0Mm/Kg: Oxygen, SBE 43 [umol/kg], WS = 5
# name 25 = sbox1Mm/Kg: Oxygen, SBE 43, 2 [umol/kg], WS = 5
# name 26 = nbin: number of scans per bin
# name 27 = flag: flag
# span 0 =      30079,      55439       
# span 1 =   1253.234,   2309.931       
# span 2 =      2.980,    180.696       
# span 3 =      3.000,    182.000       
# span 4 =    14.7998,    28.7162       
# span 5 =    14.7980,    28.7174       
# span 6 =   4.378343,   5.745458       
# span 7 =   4.378279,   5.740766       
# span 8 =     1.7991,     3.1696       
# span 9 =     1.4874,     2.6964       
# span 10 =       5.78,     101.23      
# span 11 =   28.92714,   29.41577      
# span 12 =  -86.91772,  -85.47393      
# span 13 =   -0.00785,    0.02373      
# span 14 =   -0.00870,    0.02133      
# span 15 =     2.6132,     4.5361      
# span 16 =     2.6491,     4.5220      
# span 17 =    14.7732,    28.7153      
# span 18 =    14.7714,    28.7165      
# span 19 =    33.4228,    36.5049      
# span 20 =    33.4239,    36.5044      
# span 21 =    21.0980,    26.7842      
# span 22 =    21.0977,    26.7845      
# span 23 =    1520.83,    1546.52      
# span 24 =    113.665,    197.975      
# span 25 =    115.226,    197.634      
# span 26 =         30,         76      
# span 27 = 0.0000e+00, 0.0000e+00      
# interval = decibars: 1                
# start_time = Sep 21 2021 00:10:54 [NMEA time, header]
# bad_flag = -9.990e-29
*END*
[from data line 52]
      37000   1541.607    116.180    117.000    17.8873    17.8940   4.746689   4.747391     2.0616     1.7234      69.70   29.03258  -85.78548    0.00479    0.00347     3.0117     3.0442    17.8671    17.8738    36.3997    36.3998    26.3776    26.3760    1526.37    131.045    132.460         32 0.0000e+00
      37034   1543.060    115.187    116.000    17.9216    17.9159   4.750656   4.750289     2.0637     1.7245      70.67   29.03258  -85.78548    0.00279    0.00194     3.0138     3.0451    17.9016    17.8959    36.4036    36.4056    26.3720    26.3750    1526.37    131.140    132.500         37 0.0000e+00
      37092   1545.476    114.194    115.000    17.9706    17.9705   4.756360   4.756335     2.0665     1.7252      71.89   29.03258  -85.78548    0.00138    0.00043     3.0166     3.0433    17.9511    17.9507    36.4090    36.4092    26.3639    26.3642    1526.37    131.261    132.420         64 0.0000e+00
      37157   1548.155    113.202    114.000    17.9737    17.9364   4.755920   4.752199     2.0674     1.7273      72.83   29.03258  -85.78548    0.00055    0.00086     3.0181     3.0500    17.9540    17.9167    36.4032    36.4044    26.3587    26.3689    1526.37    131.328    132.714         60 0.0000e+00
      37232   1551.281    112.209    113.000    18.0410    17.9801   4.762792   4.754972     2.0601     1.7246      73.88   29.03258  -85.78548   -0.00127   -0.00030     2.9966     3.0407    18.0219    17.9606    36.4022    36.3897    26.3411    26.3467    1526.37    130.392    132.311         74 0.0000e+00
      37309   1554.512    111.216    112.000    18.1038    18.1019   4.768529   4.768833     2.0349     1.6943      74.83   29.03258  -85.78548   -0.00772   -0.00870     2.9371     2.9585    18.0844    18.0825    36.3962    36.4011    26.3209    26.3251    1526.37    127.808    128.740         75 0.0000e+00
      37385   1557.678    110.223    111.000    18.1688    18.2237   4.775120   4.781910     2.0180     1.6770      75.84   29.03258  -85.78548   -0.00582   -0.00658     2.8951     2.9091    18.1492    18.2043    36.3950    36.4045    26.3038    26.2973    1526.37    125.983    126.589         74 0.0000e+00
      37926   1580.227    109.231    110.000    18.3307    18.4064   4.795435   4.802074     2.0102     1.6778      76.25   29.03257  -85.78548   -0.00156    0.00037     2.8672     2.9008    18.3138    18.3873    36.4184    36.4207    26.2803    26.2651    1526.37    124.770    126.233         43 0.0000e+00
      38823   1617.579    108.238    109.000    18.6116    18.5232   4.825316   4.815324     2.0126     1.6792      77.76   29.03256  -85.78548   -0.00014    0.00001     2.8556     2.8969    18.5925    18.5039    36.4311    36.4248    26.2197    26.2374    1526.37    124.271    126.066         47 0.0000e+00
      38960   1623.306    107.245    108.000    18.6823    18.6331   4.833344   4.827166     2.0146     1.6803      78.74   29.03256  -85.78548    0.00020    0.00016     2.8555     2.8929    18.6631    18.6140    36.4353    36.4280    26.2049    26.2119    1526.37    124.268    125.895         53 0.0000e+00
      39008   1625.281    106.252    107.000    18.7139    18.6876   4.836754   4.834541     2.0168     1.6798      79.71   29.03256  -85.78548    0.00119    0.00011     2.8582     2.8881    18.6949    18.6686    36.4382    36.4428    26.1991    26.2093    1526.37    124.388    125.689         45 0.0000e+00
      39054   1627.196    105.260    106.000    18.8089    18.8054   4.846980   4.846970     2.0193     1.6848      80.69   29.03256  -85.78548    0.00108    0.00092     2.8579     2.8934    18.7900    18.7865    36.4412    36.4443    26.1771    26.1803    1526.37    124.379    125.921         45 0.0000e+00
      39094   1628.862    104.267    105.000    18.9169    18.9509   4.859413   4.864465     2.0243     1.6903      81.53   29.03256  -85.78548    0.00183    0.00291     2.8617     2.8978    18.8981    18.9321    36.4512    36.4639    26.1571    26.1581    1526.37    124.545    126.117         34 0.0000e+00
      39162   1631.689    102.281    103.000    19.2406    19.2242   4.896963   4.895751     2.0463     1.7125      83.35   29.03926  -85.80527    0.00631    0.00663     2.8903     2.9349    19.2219    19.2055    36.4858    36.4900    26.1007    26.1082    1526.72    125.798    127.737         30 0.0000e+00
      39188   1632.784    101.289    102.000    19.3331    19.3823   4.906920   4.912407     2.0624     1.7263      84.47   29.03256  -85.78548    0.00988    0.00930     2.9196     2.9587    19.3146    19.3637    36.4854    36.4882    26.0756    26.0649    1526.37    127.075    128.778         41 0.0000e+00
      39229   1634.505    100.296    101.000    19.3859    19.3973   4.913114   4.913774     2.0766     1.7394      85.45   29.03256  -85.78548    0.01026    0.00920     2.9468     2.9888    19.3675    19.3789    36.4912    36.4868    26.0663    26.0599    1526.37    128.261    130.091         38 0.0000e+00
      39266   1636.045     99.303    100.000    19.5198    19.5069   4.928759   4.926596     2.0887     1.7466      86.47   29.03256  -85.78548    0.00829    0.00694     2.9646     2.9992    19.5014    19.4886    36.5049    36.4981    26.0417    26.0399    1526.37    129.039    130.543         37 0.0000e+00
      39303   1637.582     98.310     99.000    19.6005    19.5824   4.936020   4.934276     2.1007     1.7568      87.48   29.03256  -85.78548    0.00781    0.00534     2.9857     3.0188    19.5824    19.5642    36.4951    36.4964    26.0130    26.0188    1526.37    129.959    131.399         36 0.0000e+00
      39339   1639.073     97.317     98.000    19.6451    19.6426   4.940781   4.940587     2.1103     1.7662      88.52   29.03256  -85.78548    0.00756    0.00633     3.0033     3.0374    19.6271    19.6246    36.4961    36.4966    26.0020    26.0031    1526.37    130.730    132.214         36 0.0000e+00
      39376   1640.621     96.325     97.000    19.6986    19.6913   4.946883   4.946006     2.1195     1.7721      89.32   29.03256  -85.78548    0.00642    0.00579     3.0193     3.0479    19.6808    19.6734    36.4997    36.4983    25.9907    25.9916    1526.37    131.426    132.670         39 0.0000e+00
      39416   1642.277     95.332     96.000    19.7568    19.7605   4.953078   4.953363     2.1278     1.7789      90.32   29.03256  -85.78548    0.00568    0.00381     3.0345     3.0608    19.7391    19.7428    36.5041    36.5015    25.9787    25.9757    1526.37    132.088    133.232         39 0.0000e+00
      39453   1643.832     94.339     95.000    19.8075    19.7995   4.958742   4.957888     2.1345     1.7865      91.40   29.03256  -85.78548    0.00490    0.00439     3.0445     3.0753    19.7899    19.7820    36.5046    36.5044    25.9656    25.9676    1526.37    132.526    133.865         37 0.0000e+00
      39492   1645.448     93.346     94.000    19.8559    19.8573   4.963702   4.963653     2.1418     1.7929      92.31   29.03255  -85.78548    0.00440    0.00466     3.0569     3.0867    19.8385    19.8399    36.5038    36.5021    25.9522    25.9505    1526.37    133.069    134.363         41 0.0000e+00
      39531   1647.085     92.353     93.000    19.8720    19.8672   4.964836   4.964392     2.1481     1.7968      93.27   29.03256  -85.78548    0.00435    0.00339     3.0691     3.0949    19.8548    19.8500    36.4995    36.5000    25.9446    25.9463    1526.37    133.599    134.720         35 0.0000e+00
      39564   1648.450     91.360     92.000    19.8935    19.8937   4.966466   4.966527     2.1521     1.8016      94.13   29.03255  -85.78548    0.00374    0.00300     3.0761     3.1044    19.8764    19.8767    36.4947    36.4949    25.9352    25.9353    1526.37    133.907    135.140         33 0.0000e+00
      39599   1649.915     90.368     91.000    19.9486    19.9540   4.971467   4.971929     2.1579     1.8080      91.04   29.03254  -85.78548    0.00329    0.00332     3.0867     3.1163    19.9333    19.9378    36.4877    36.4858    25.9148    25.9117    1526.37    134.370    135.659         39 0.0000e+00
      39641   1651.650     89.375     90.000    20.0043    20.0068   4.976325   4.976596     2.1686     1.8151      92.97   29.03255  -85.78548    0.00464    0.00414     3.1043     3.1292    19.9875    19.9900    36.4805    36.4806    25.8949    25.8943    1526.37    135.138    136.221         41 0.0000e+00
      39679   1653.237     88.382     89.000    20.0547    20.0533   4.981050   4.981322     2.1789     1.8269      97.23   29.03255  -85.78548    0.00619    0.00538     3.1231     3.1537    20.0381    20.0367    36.4761    36.4794    25.8780    25.8810    1526.37    135.958    137.291         36 0.0000e+00
      39715   1654.746     87.389     88.000    20.1580    20.1896   4.991457   4.994917     2.1900     1.8405      98.12   29.03254  -85.78548    0.00661    0.00716     3.1400     3.1781    20.1415    20.1731    36.4725    36.4736    25.8477    25.8401    1526.37    136.698    138.357         35 0.0000e+00
      39750   1656.195     86.396     87.000    20.3060    20.3142   5.008251   5.008342     2.2074     1.8575      81.76   29.03254  -85.78548    0.00833    0.00941     3.1673     3.2095    20.2897    20.2978    36.4826    36.4763    25.8158    25.8088    1526.37    137.893    139.731         35 0.0000e+00
      39807   1658.569     85.403     86.000    20.2827    20.2945   5.005637   5.007361     2.2355     1.8846      96.12   29.03255  -85.78548    0.01227    0.01208     3.2268     3.2722    20.2666    20.2784    36.4816    36.4876    25.8212    25.8232    1526.37    140.482    142.458         58 0.0000e+00
      39872   1661.276     84.411     85.000    20.1274    20.2279   4.989079   4.999879     2.2246     1.8734     100.01   29.03255  -85.78548    0.00050   -0.00005     3.2146     3.2511    20.1115    20.2120    36.4806    36.4822    25.8619    25.8363    1526.37    139.944    141.539         58 0.0000e+00
      39933   1663.828     83.418     84.000    20.2766    20.2043   5.004057   4.997228     2.2217     1.8688     100.00   29.03256  -85.78548   -0.00481   -0.00384     3.1987     3.2409    20.2608    20.1886    36.4748    36.4826    25.8175    25.8429    1526.37    139.259    141.093         65 0.0000e+00
      40003   1666.745     82.425     83.000    20.4942    20.1842   5.027586   4.994632     2.2430     1.8632     100.00   29.03256  -85.78548    0.00923   -0.00127     3.2293     3.2281    20.4785    20.1687    36.4799    36.4773    25.7630    25.8442    1526.37    140.600    140.534         40 0.0000e+00
      40099   1670.734     81.432     82.000    20.3632    20.2760   5.016132   5.004977     2.2580     1.8729     100.00   29.03256  -85.78548    0.00382    0.00227     3.2696     3.2457    20.3490    20.2606    36.4985    36.4836    25.8119    25.8243    1526.37    142.348    141.305         68 0.0000e+00
      40178   1674.043     80.439     81.000    20.8220    20.6976   5.060716   5.050417     2.2854     1.9011     100.00   29.03256  -85.78547    0.00325    0.00756     3.2984     3.2888    20.8064    20.6822    36.4682    36.4913    25.6651    25.7162    1526.37    143.621    143.195         49 0.0000e+00
      40813   1700.519     79.446     80.000    21.0321    21.0646   5.083310   5.086561     2.3761     2.0067      90.91   29.03256  -85.78547    0.01738    0.02133     3.5005     3.5099    21.0139    21.0491    36.4780    36.4742    25.6157    25.6035    1526.37    152.429    152.837         30 0.0000e+00
      41618   1734.025     78.453     79.000    21.0804    21.0183   5.087702   5.081705     2.4041     2.0137      67.37   29.03256  -85.78546   -0.00269   -0.00003     3.5301     3.5261    21.0651    21.0030    36.4666    36.4707    25.5930    25.6132    1526.37    153.722    153.543         56 0.0000e+00
      41706   1737.688     77.461     78.000    21.2144    21.0669   5.099234   5.085922     2.4069     2.0091      94.65   29.03256  -85.78546   -0.00188   -0.00144     3.5279     3.5062    21.1991    21.0519    36.4449    36.4630    25.5396    25.5939    1526.37    153.632    152.685         49 0.0000e+00
      41747   1739.437     76.468     77.000    21.3096    21.2850   5.108653   5.105728     2.4279     2.0305      89.44   29.03256  -85.78546    0.00515    0.00162     3.5633     3.5472    21.2946    21.2700    36.4398    36.4372    25.5094    25.5142    1526.37    155.178    154.477         36 0.0000e+00
      41783   1740.917     75.475     76.000    21.3847    21.3623   5.115272   5.113387     2.4488     2.0617      99.71   29.03256  -85.78546    0.01192    0.01373     3.6013     3.6135    21.3699    21.3475    36.4293    36.4333    25.4806    25.4898    1526.37    156.839    157.367         37 0.0000e+00
      41824   1742.632     74.482     75.000    21.4149    21.3955   5.118040   5.115854     2.4665     2.0837      90.79   29.03256  -85.78547    0.01294    0.01820     3.6358     3.6613    21.4003    21.3808    36.4262    36.4252    25.4698    25.4744    1526.37    158.344    159.454         43 0.0000e+00
      41863   1744.271     73.489     74.000    21.4601    21.4339   5.120173   5.117857     2.4773     2.0953      72.25   29.03256  -85.78546    0.00924    0.01121     3.6550     3.6853    21.4456    21.4194    36.4053    36.4090    25.4413    25.4513    1526.37    159.183    160.500         35 0.0000e+00
      41898   1745.698     72.496     73.000    21.5423    21.5257   5.125755   5.124911     2.4895     2.1078      99.80   29.03256  -85.78546    0.00732    0.00767     3.6771     3.7086    21.5295    21.5115    36.3794    36.3837    25.3982    25.4060    1526.37    160.154    161.522         35 0.0000e+00
      41937   1747.322     71.503     72.000    21.6310    21.6383   5.133016   5.133285     2.5107     2.1317     100.00   29.03256  -85.78546    0.00963    0.01069     3.7124     3.7550    21.6169    21.6241    36.3638    36.3598    25.3620    25.3570    1526.37    161.697    163.553         43 0.0000e+00
      41978   1749.026     70.510     71.000    21.6809    21.6909   5.137126   5.137908     2.5304     2.1500     100.00   29.03256  -85.78546    0.01256    0.01304     3.7494     3.7928    21.6670    21.6769    36.3548    36.3526    25.3412    25.3368    1526.37    163.309    165.201         37 0.0000e+00
      42013   1750.501     69.517     70.000    21.7403    21.7535   5.142577   5.143897     2.5435     2.1599     100.00   29.03256  -85.78546    0.01097    0.00964     3.7719     3.8113    21.7265    21.7397    36.3484    36.3486    25.3197    25.3161    1526.37    164.292    166.008         36 0.0000e+00
      42052   1752.118     68.524     69.000    21.8124    21.8118   5.148641   5.148513     2.5588     2.1705     100.00   29.03256  -85.78546    0.00929    0.00709     3.7980     3.8308    21.7988    21.7982    36.3361    36.3357    25.2901    25.2899    1526.37    165.437    166.862         41 0.0000e+00
      42091   1753.761     67.531     68.000    21.8878    21.8568   5.155189   5.152074     2.5728     2.1814     100.00   29.03256  -85.78546    0.00915    0.00657     3.8209     3.8511    21.8722    21.8436    36.3268    36.3296    25.2623    25.2737    1526.37    166.437    167.752         37 0.0000e+00
      42127   1755.256     66.538     67.000    22.0012    21.9800   5.166099   5.164388     2.5855     2.1943     100.00   29.03256  -85.78546    0.00859    0.00726     3.8387     3.8725    21.9878    21.9667    36.3166    36.3208    25.2220    25.2312    1526.37    167.220    168.692         36 0.0000e+00
      42168   1756.969     65.545     66.000    22.0941    22.0665   5.174576   5.172128     2.6027     2.2080     100.00   29.03256  -85.78546    0.00906    0.00812     3.8671     3.8973    22.0809    22.0533    36.3060    36.3097    25.1877    25.1984    1526.37    168.463    169.776         46 0.0000e+00
