Gulf of Mexico/GOMECC-4/1db/urb2103_1181.cnv
* Sea-Bird SBE 9 Data File:
* FileName = C:\Users\scs.user.rb\CTD\GOMECC4\data\rb2103_1181.hex
* Software Version Seasave V 7.26.7.107
* Temperature SN = 4799
* Conductivity SN = 3860
* Number of Bytes Per Scan = 41
* Number of Voltage Words = 4
* Number of Scans Averaged by the Deck Unit = 1
* NMEA Latitude = 21 37.95 N
* NMEA Longitude = 086 14.49 W
* NMEA UTC (Time) = Oct 16 2021  02:01:26
* NMEA baud rate = 4800
# nquan = 28
# nvalues = 290                         
# units = specified
# name 0 = scan: Scan Count
# name 1 = timeS: Time, Elapsed [seconds]
# name 2 = depSM: Depth [salt water, m]
# name 3 = prDM: Pressure, Digiquartz [db]
# name 4 = t090C: Temperature [ITS-90, deg C]
# name 5 = t190C: Temperature, 2 [ITS-90, deg C]
# name 6 = c0S/m: Conductivity [S/m]
# name 7 = c1S/m: Conductivity, 2 [S/m]
# name 8 = sbeox0V: Oxygen raw, SBE 43 [V]
# name 9 = sbeox1V: Oxygen raw, SBE 43, 2 [V]
# name 10 = altM: Altimeter [m]
# name 11 = latitude: Latitude [deg]
# name 12 = longitude: Longitude [deg]
# name 13 = sbox0dV/dT: Oxygen, SBE 43 [dov/dt]
# name 14 = sbox1dV/dT: Oxygen, SBE 43, 2 [dov/dt]
# name 15 = sbeox0ML/L: Oxygen, SBE 43 [ml/l], WS = 5
# name 16 = sbeox1ML/L: Oxygen, SBE 43, 2 [ml/l], WS = 5
# name 17 = potemp090C: Potential Temperature [ITS-90, deg C]
# name 18 = potemp190C: Potential Temperature, 2 [ITS-90, deg C]
# name 19 = sal00: Salinity, Practical [PSU]
# name 20 = sal11: Salinity, Practical, 2 [PSU]
# name 21 = sigma-é00: Density [sigma-theta, kg/m^3]
# name 22 = sigma-é11: Density, 2 [sigma-theta, kg/m^3]
# name 23 = avgsvCM: Average Sound Velocity [Chen-Millero, m/s], minP = 20, minS = 20
# name 24 = sbox0Mm/Kg: Oxygen, SBE 43 [umol/kg], WS = 5
# name 25 = sbox1Mm/Kg: Oxygen, SBE 43, 2 [umol/kg], WS = 5
# name 26 = nbin: number of scans per bin
# name 27 = flag: flag
# span 0 =      52707,     117941       
# span 1 =   2196.063,   4914.157       
# span 2 =      0.994,   1043.817       
# span 3 =      1.000,   1053.000       
# span 4 =     5.1826,    29.5843       
# span 5 =     5.1828,    29.5839       
# span 6 =   3.402819,   5.942587       
# span 7 =   3.402944,   5.942556       
# span 8 =     1.6308,     3.1910       
# span 9 =     1.3276,     2.6924       
# span 10 =       8.27,     105.77      
# span 11 =   20.28460,   21.74951      
# span 12 =  -86.63535,  -80.78671      
# span 13 =   -0.00701,    0.01063      
# span 14 =   -0.00656,    0.01036      
# span 15 =     2.6982,     4.4119      
# span 16 =     2.7064,     4.3757      
# span 17 =     5.0925,    29.5841      
# span 18 =     5.0925,    29.5836      
# span 19 =    33.7506,    37.0139      
# span 20 =    33.7507,    37.0127      
# span 21 =    21.2093,    27.6116      
# span 22 =    21.2099,    27.6113      
# span 23 =    1409.83,    1511.94      
# span 24 =    117.314,    192.660      
# span 25 =    117.669,    191.079      
# span 26 =         30,         77      
# span 27 = 0.0000e+00, 0.0000e+00      
# interval = decibars: 1                
# start_time = Oct 16 2021 02:01:26 [NMEA time, header]
# bad_flag = -9.990e-29
*END*
[from data line 156]
      93794   3908.032    161.924    163.000    20.6832    20.6492   5.089798   5.085762     2.2877     1.9111     100.00   21.64850  -86.24472    0.00205    0.00105     3.3387     3.3393    20.6521    20.6181    36.7942    36.7909    25.9556    25.9623    1505.16    145.333    145.360         34 0.0000e+00
      93828   3909.471    160.931    162.000    20.7390    20.7491   5.096429   5.097613     2.2905     1.9149     100.00   21.64852  -86.24472    0.00167    0.00162     3.3406     3.3415    20.7080    20.7181    36.8001    36.8011    25.9449    25.9429    1505.16    145.419    145.456         36 0.0000e+00
      93864   3910.957    159.938    161.000    20.8248    20.8285   5.106734   5.106763     2.2930     1.9179      82.31   21.64853  -86.24472    0.00178    0.00235     3.3398     3.3431    20.7939    20.7976    36.8100    36.8070    25.9290    25.9257    1505.16    145.384    145.528         35 0.0000e+00
      93898   3912.374    158.945    160.000    20.8795    20.8821   5.113126   5.113571     2.2965     1.9201      92.55   21.64854  -86.24472    0.00201    0.00209     3.3431     3.3444    20.8480    20.8513    36.8155    36.8162    25.9185    25.9181    1505.16    145.531    145.587         34 0.0000e+00
      93936   3913.975    157.952    159.000    20.9203    20.9054   5.118035   5.116338     2.2989     1.9201     100.08   21.64855  -86.24472    0.00204    0.00098     3.3449     3.3425    20.8897    20.8747    36.8197    36.8189    25.9102    25.9137    1505.16    145.612    145.504         41 0.0000e+00
      93974   3915.562    156.959    158.000    20.9553    20.9320   5.122005   5.119276     2.3013     1.9228     100.00   21.64856  -86.24474    0.00155    0.00076     3.3474     3.3468    20.9249    20.9015    36.8219    36.8200    25.9023    25.9072    1505.16    145.719    145.691         34 0.0000e+00
      94007   3916.916    155.966    157.000    20.9720    20.9646   5.124214   5.123344     2.3021     1.9236      73.68   21.64856  -86.24475    0.00128    0.00120     3.3474     3.3459    20.9422    20.9343    36.8254    36.8253    25.9002    25.9023    1505.16    145.719    145.654         33 0.0000e+00
      94042   3918.386    154.973    156.000    21.0033    21.0053   5.128113   5.128214     2.3027     1.9244      86.24   21.64857  -86.24476    0.00075    0.00078     3.3461     3.3449    20.9731    20.9752    36.8307    36.8297    25.8958    25.8944    1505.16    145.665    145.612         37 0.0000e+00
      94079   3919.925    153.980    155.000    21.0231    21.0150   5.130335   5.129685     2.3045     1.9261     100.07   21.64858  -86.24476    0.00062    0.00073     3.3482     3.3479    20.9931    20.9851    36.8319    36.8336    25.8912    25.8947    1505.16    145.755    145.745         37 0.0000e+00
      94116   3921.443    152.987    154.000    21.0512    21.0367   5.133924   5.132462     2.3056     1.9262     100.00   21.64860  -86.24476    0.00094    0.00075     3.3482     3.3462    21.0214    21.0069    36.8370    36.8377    25.8873    25.8918    1505.16    145.760    145.670         37 0.0000e+00
      94152   3922.956    151.994    153.000    21.1090    21.0921   5.141297   5.139348     2.3083     1.9293     100.00   21.64861  -86.24476    0.00106    0.00077     3.3495     3.3495    21.0793    21.0625    36.8470    36.8459    25.8790    25.8827    1505.16    145.817    145.816         35 0.0000e+00
      94186   3924.387    151.001    152.000    21.1657    21.1395   5.148596   5.145305     2.3121     1.9294     100.00   21.64863  -86.24476    0.00182    0.00111     3.3528     3.3464    21.1362    21.1099    36.8573    36.8534    25.8712    25.8755    1505.16    145.961    145.680         35 0.0000e+00
      94223   3925.930    150.008    151.000    21.2684    21.1930   5.161671   5.151962     2.3161     1.9345     100.00   21.64864  -86.24476    0.00251    0.00149     3.3556     3.3543    21.2399    21.1636    36.8738    36.8613    25.8551    25.8667    1505.16    146.084    146.028         38 0.0000e+00
      94261   3927.506    149.015    150.000    21.2902    21.2416   5.163984   5.158062     2.3230     1.9378     100.00   21.64865  -86.24477    0.00321    0.00244     3.3669     3.3584    21.2609    21.2124    36.8747    36.8689    25.8499    25.8589    1505.16    146.576    146.205         36 0.0000e+00
      94296   3928.946    148.021    149.000    21.3153    21.3080   5.167264   5.166497     2.3262     1.9419     100.00   21.64866  -86.24478    0.00353    0.00265     3.3712     3.3632    21.2862    21.2789    36.8798    36.8800    25.8469    25.8490    1505.16    146.765    146.416         34 0.0000e+00
      94329   3930.345    147.028    148.000    21.3752    21.3620   5.174503   5.173000     2.3304     1.9462      99.99   21.64868  -86.24478    0.00287    0.00258     3.3759     3.3692    21.3462    21.3331    36.8868    36.8861    25.8355    25.8386    1505.16    146.970    146.680         34 0.0000e+00
      94366   3931.890    146.035    147.000    21.4045    21.4204   5.177879   5.179845     2.3334     1.9513     100.00   21.64868  -86.24478    0.00254    0.00313     3.3797     3.3769    21.3757    21.3917    36.8890    36.8911    25.8290    25.8261    1505.16    147.139    147.017         40 0.0000e+00
      94405   3933.512    145.042    146.000    21.4922    21.4712   5.188733   5.184868     2.3359     1.9533     100.00   21.64870  -86.24480    0.00194    0.00266     3.3788     3.3782    21.4678    21.4426    36.8973    36.8909    25.8097    25.8118    1505.16    147.099    147.076         36 0.0000e+00
      94439   3934.935    144.049    145.000    21.5628    21.5658   5.196985   5.197880     2.3404     1.9601      81.81   21.64870  -86.24480    0.00188    0.00234     3.3829     3.3870    21.5342    21.5373    36.9068    36.9114    25.7984    25.8010    1505.16    147.280    147.460         34 0.0000e+00
      94474   3936.370    143.056    144.000    21.6326    21.6371   5.205743   5.206264     2.3486     1.9675      91.38   21.64871  -86.24480    0.00346    0.00408     3.3948     3.3992    21.6042    21.6087    36.9172    36.9175    25.7868    25.7857    1505.16    147.802    147.995         36 0.0000e+00
      94511   3937.913    142.063    143.000    21.6746    21.6787   5.210896   5.211085     2.3582     1.9759      99.98   21.64872  -86.24480    0.00558    0.00524     3.4122     3.4159    21.6469    21.6504    36.9223    36.9222    25.7787    25.7776    1505.16    148.561    148.719         37 0.0000e+00
      94549   3939.489    141.070    142.000    21.7262    21.7173   5.217148   5.215999     2.3691     1.9874     100.00   21.64874  -86.24482    0.00634    0.00603     3.4305     3.4388    21.6981    21.6892    36.9288    36.9272    25.7693    25.7706    1505.16    149.358    149.718         36 0.0000e+00
      94584   3940.952    140.077    141.000    21.7640    21.7614   5.221746   5.221309     2.3793     1.9963     100.00   21.64874  -86.24482    0.00684    0.00679     3.4486     3.4560    21.7361    21.7335    36.9333    36.9321    25.7621    25.7619    1505.16    150.145    150.468         34 0.0000e+00
      94617   3942.324    139.084    140.000    21.8203    21.8114   5.228500   5.227880     2.3872     2.0029     100.00   21.64876  -86.24482    0.00672    0.00599     3.4622     3.4685    21.7925    21.7840    36.9401    36.9405    25.7514    25.7537    1505.16    150.742    151.016         34 0.0000e+00
      94653   3943.849    138.091    139.000    21.8697    21.8479   5.234418   5.231795     2.3972     2.0098     100.00   21.64876  -86.24482    0.00617    0.00497     3.4777     3.4804    21.8421    21.8203    36.9444    36.9422    25.7407    25.7452    1505.16    151.417    151.534         38 0.0000e+00
      94690   3945.368    137.097    138.000    21.8828    21.8688   5.235896   5.234219     2.4069     2.0169     100.00   21.64878  -86.24484    0.00649    0.00472     3.4965     3.4948    21.8553    21.8414    36.9453    36.9440    25.7377    25.7406    1505.16    152.236    152.162         35 0.0000e+00
      94726   3946.895    136.104    137.000    21.8908    21.8845   5.236862   5.236163     2.4118     2.0218     100.00   21.64878  -86.24484    0.00553    0.00425     3.5057     3.5045    21.8636    21.8573    36.9465    36.9463    25.7362    25.7379    1505.16    152.637    152.582         38 0.0000e+00
      94764   3948.447    135.111    136.000    21.9096    21.8976   5.238851   5.237482     2.4154     2.0226     100.00   21.64880  -86.24485    0.00340    0.00254     3.5115     3.5052    21.8825    21.8706    36.9466    36.9459    25.7310    25.7338    1505.16    152.888    152.615         36 0.0000e+00
      94797   3949.850    134.118    135.000    21.9422    21.9325   5.242865   5.241870     2.4172     2.0246     100.00   21.64880  -86.24486    0.00208    0.00099     3.5127     3.5073    21.9158    21.9057    36.9506    36.9513    25.7246    25.7280    1505.16    152.941    152.706         32 0.0000e+00
      94832   3951.278    133.125    134.000    21.9741    21.9768   5.246747   5.246897     2.4215     2.0314     100.00   21.64882  -86.24486    0.00189    0.00208     3.5188     3.5191    21.9474    21.9500    36.9548    36.9538    25.7189    25.7174    1505.16    153.207    153.223         37 0.0000e+00
      94870   3952.861    132.132    133.000    22.0356    22.0733   5.253750   5.258178     2.4285     2.0380      94.51   21.64882  -86.24486    0.00312    0.00402     3.5283     3.5276    22.0090    22.0467    36.9572    36.9611    25.7033    25.6955    1505.16    153.624    153.594         38 0.0000e+00
      94907   3954.403    131.138    132.000    22.0978    22.1968   5.260432   5.271868     2.4359     2.0481      97.15   21.64882  -86.24486    0.00445    0.00504     3.5392     3.5435    22.0713    22.1705    36.9585    36.9639    25.6866    25.6624    1505.16    154.104    154.294         35 0.0000e+00
      94940   3955.777    130.145    131.000    22.2903    22.2971   5.283359   5.284392     2.4444     2.0532      99.97   21.64884  -86.24488    0.00506    0.00557     3.5429     3.5466    22.2639    22.2707    36.9758    36.9782    25.6450    25.6449    1505.16    154.268    154.432         33 0.0000e+00
      94975   3957.270    129.152    130.000    22.3737    22.3922   5.293327   5.295085     2.4516     2.0564     100.00   21.64886  -86.24488    0.00563    0.00378     3.5514     3.5473    22.3474    22.3659    36.9838    36.9819    25.6273    25.6206    1505.16    154.644    154.463         38 0.0000e+00
      95013   3958.836    128.159    129.000    22.4805    22.4957   5.304329   5.305918     2.4544     2.0584      99.72   21.64886  -86.24488    0.00419    0.00208     3.5497     3.5451    22.4544    22.4695    36.9799    36.9807    25.5937    25.5900    1505.16    154.575    154.372         36 0.0000e+00
      95049   3960.316    127.166    128.000    22.5987    22.5997   5.318604   5.318380     2.4555     2.0582     100.00   21.64888  -86.24490    0.00186    0.00117     3.5434     3.5374    22.5726    22.5736    36.9920    36.9894    25.5689    25.5667    1505.16    154.303    154.044         36 0.0000e+00
      95086   3961.855    126.173    127.000    22.7028    22.6766   5.329445   5.326862     2.4543     2.0575     100.00   21.64888  -86.24490    0.00043   -0.00016     3.5336     3.5305    22.6768    22.6507    36.9890    36.9910    25.5367    25.5457    1505.16    153.880    153.743         37 0.0000e+00
      95122   3963.355    125.180    126.000    22.7779    22.7492   5.338381   5.335219     2.4543     2.0573     100.00   21.64890  -86.24490   -0.00038   -0.00040     3.5279     3.5249    22.7521    22.7235    36.9957    36.9952    25.5200    25.5279    1505.16    153.635    153.505         36 0.0000e+00
      95156   3964.812    124.186    125.000    22.8399    22.8318   5.345152   5.344476     2.4550     2.0584     100.00   21.64890  -86.24490   -0.00010    0.00004     3.5248     3.5218    22.8142    22.8062    36.9965    36.9980    25.5026    25.5061    1505.16    153.501    153.374         34 0.0000e+00
      95191   3966.271    123.193    124.000    22.9288    22.9087   5.354981   5.352738     2.4575     2.0592     100.00   21.64892  -86.24490    0.00072    0.00059     3.5234     3.5185    22.9026    22.8832    36.9990    36.9979    25.4789    25.4837    1505.16    153.448    153.230         35 0.0000e+00
      95227   3967.739    122.200    123.000    23.0047    22.9888   5.363855   5.361776     2.4602     2.0610     100.00   21.64893  -86.24492    0.00160    0.00081     3.5234     3.5171    22.9794    22.9635    37.0037    37.0009    25.4602    25.4627    1505.16    153.450    153.172         36 0.0000e+00
      95264   3969.277    121.207    122.000    23.0949    23.0841   5.373989   5.372844     2.4643     2.0659     100.00   21.64894  -86.24492    0.00196    0.00157     3.5252     3.5214    23.0697    23.0590    37.0067    37.0069    25.4362    25.4395    1505.16    153.530    153.366         38 0.0000e+00
      95302   3970.862    120.213    121.000    23.1352    23.1373   5.378318   5.378840     2.4693     2.0695     100.00   21.64894  -86.24493    0.00284    0.00281     3.5323     3.5256    23.1102    23.1123    37.0067    37.0095    25.4243    25.4258    1505.16    153.840    153.551         38 0.0000e+00
      95337   3972.352    119.220    120.000    23.1690    23.1787   5.382398   5.383462     2.4719     2.0725     100.00   21.64896  -86.24494    0.00280    0.00231     3.5348     3.5295    23.1441    23.1538    37.0103    37.0104    25.4172    25.4144    1505.16    153.952    153.719         34 0.0000e+00
      95371   3973.753    118.227    119.000    23.2051    23.2091   5.386236   5.386906     2.4745     2.0757     100.00   21.64897  -86.24494    0.00187    0.00204     3.5372     3.5342    23.1804    23.1844    37.0101    37.0119    25.4064    25.4066    1505.16    154.056    153.925         34 0.0000e+00
      95416   3975.633    117.234    118.000    23.2334    23.2548   5.389583   5.391862     2.4777     2.0792      82.69   21.64898  -86.24494    0.00187    0.00212     3.5413     3.5387    23.2089    23.2303    37.0125    37.0121    25.3999    25.3933    1505.16    154.237    154.123         41 0.0000e+00
      95494   3978.870    116.241    117.000    23.2117    23.2566   5.386648   5.392687     2.4803     2.0818     102.87   21.64901  -86.24495    0.00082    0.00083     3.5476     3.5443    23.1875    23.2328    37.0083    37.0127    25.4030    25.3920    1505.16    154.510    154.367         48 0.0000e+00
      96410   4017.041    110.281    111.000    23.7769    23.7705   5.447238   5.448968     2.5113     2.1055     100.17   21.68508  -86.38787    0.00128    0.00062     3.5685     3.5613    23.7535    23.7471    37.0139    37.0005    25.2456    25.2356    1507.65    155.449    155.137         33 0.0000e+00
      97985   4082.685    108.295    109.000    24.3212    24.3151   5.495488   5.495109     2.5602     2.1486      99.30   21.68477  -86.38514    0.00539    0.00428     3.6322     3.6245    24.2979    24.2918    36.9451    36.9473    25.0325    25.0360    1507.60    158.258    157.922         45 0.0000e+00
      97889   4078.668    107.302    108.000    24.4529    24.4180   5.504579   5.500931     2.5643     2.1516      80.09   21.64970  -86.24535    0.00354    0.00305     3.6310     3.6229    24.4297    24.3949    36.8800    36.8835    24.9363    24.9499    1505.16    158.216    157.862         77 0.0000e+00
      97963   4081.759    106.308    107.000    24.6534    24.6154   5.524223   5.521248     2.5789     2.1641     100.48   21.64972  -86.24537    0.00472    0.00410     3.6462     3.6382    24.6303    24.5923    36.8644    36.8713    24.8638    24.8806    1505.16    158.887    158.539         62 0.0000e+00
