Gulf of Mexico/GOMECC-4/1db/urb2103_1091.cnv
* Sea-Bird SBE 9 Data File:
* FileName = C:\Users\scs.user.rb\CTD\GOMECC4\data\rb2103_1091.hex
* Software Version Seasave V 7.26.7.107
* Temperature SN = 4799
* Conductivity SN = 3860
* Number of Bytes Per Scan = 41
* Number of Voltage Words = 4
* Number of Scans Averaged by the Deck Unit = 1
* NMEA Latitude = 22 44.06 N
* NMEA Longitude = 086 29.42 W
* NMEA UTC (Time) = Oct 15 2021  01:38:41
* NMEA baud rate = 4800
# nquan = 28
# nvalues = 325                         
# units = specified
# name 0 = scan: Scan Count
# name 1 = timeS: Time, Elapsed [seconds]
# name 2 = depSM: Depth [salt water, m]
# name 3 = prDM: Pressure, Digiquartz [db]
# name 4 = t090C: Temperature [ITS-90, deg C]
# name 5 = t190C: Temperature, 2 [ITS-90, deg C]
# name 6 = c0S/m: Conductivity [S/m]
# name 7 = c1S/m: Conductivity, 2 [S/m]
# name 8 = sbeox0V: Oxygen raw, SBE 43 [V]
# name 9 = sbeox1V: Oxygen raw, SBE 43, 2 [V]
# name 10 = altM: Altimeter [m]
# name 11 = latitude: Latitude [deg]
# name 12 = longitude: Longitude [deg]
# name 13 = sbox0dV/dT: Oxygen, SBE 43 [dov/dt]
# name 14 = sbox1dV/dT: Oxygen, SBE 43, 2 [dov/dt]
# name 15 = sbeox0ML/L: Oxygen, SBE 43 [ml/l], WS = 5
# name 16 = sbeox1ML/L: Oxygen, SBE 43, 2 [ml/l], WS = 5
# name 17 = potemp090C: Potential Temperature [ITS-90, deg C]
# name 18 = potemp190C: Potential Temperature, 2 [ITS-90, deg C]
# name 19 = sal00: Salinity, Practical [PSU]
# name 20 = sal11: Salinity, Practical, 2 [PSU]
# name 21 = sigma-é00: Density [sigma-theta, kg/m^3]
# name 22 = sigma-é11: Density, 2 [sigma-theta, kg/m^3]
# name 23 = avgsvCM: Average Sound Velocity [Chen-Millero, m/s], minP = 20, minS = 20
# name 24 = sbox0Mm/Kg: Oxygen, SBE 43 [umol/kg], WS = 5
# name 25 = sbox1Mm/Kg: Oxygen, SBE 43, 2 [umol/kg], WS = 5
# name 26 = nbin: number of scans per bin
# name 27 = flag: flag
# span 0 =      36203,      95239       
# span 1 =   1508.398,   3968.248       
# span 2 =      0.994,    650.851       
# span 3 =      1.000,    656.000       
# span 4 =     7.7899,    30.5183       
# span 5 =     7.7896,    30.5158       
# span 6 =   3.626191,   6.125344       
# span 7 =   3.626222,   6.125043       
# span 8 =     1.6383,     3.2211       
# span 9 =     1.3353,     2.7184       
# span 10 =      12.01,     105.33      
# span 11 =   22.33275,   23.14537      
# span 12 =  -87.96685,  -84.87569      
# span 13 =   -0.00402,    0.00960      
# span 14 =   -0.00385,    0.01251      
# span 15 =     2.6770,     4.4206      
# span 16 =     2.6882,     4.3962      
# span 17 =     7.7226,    30.5153      
# span 18 =     7.7224,    30.5128      
# span 19 =    34.9496,    37.0003      
# span 20 =    34.9493,    37.0012      
# span 21 =    22.3512,    27.2759      
# span 22 =    22.2437,    27.2759      
# span 23 =    1488.45,    1542.68      
# span 24 =    116.397,    193.013      
# span 25 =    116.883,    191.934      
# span 26 =         30,         75      
# span 27 = 0.0000e+00, 0.0000e+00      
# interval = decibars: 1                
# start_time = Oct 15 2021 01:38:41 [NMEA time, header]
# bad_flag = -9.990e-29
*END*
[from data line 52]
      43865   1827.667    479.408    483.000    11.0651    11.0612   3.966055   3.965709     1.7091     1.3992     100.00   22.74672  -86.49754    0.00065    0.00074     2.7223     2.7365    11.0043    11.0005    35.3409    35.3411    27.0404    27.0412    1517.08    118.376    118.993         37 0.0000e+00
      43974   1832.215    475.442    479.000    11.1055    11.0995   3.970548   3.969893     1.7107     1.4005     100.01   22.74811  -86.50278    0.00040    0.00032     2.7225     2.7364    11.0451    11.0391    35.3491    35.3482    27.0394    27.0398    1517.17    118.388    118.990         32 0.0000e+00
      44013   1833.837    474.451    478.000    11.1058    11.0970   3.970361   3.969440     1.7115     1.4018     100.00   22.74674  -86.49756    0.00038    0.00084     2.7244     2.7399    11.0455    11.0367    35.3470    35.3462    27.0376    27.0386    1517.08    118.468    119.144         48 0.0000e+00
      44053   1835.494    473.459    477.000    11.1155    11.1298   3.971445   3.973031     1.7120     1.4026     100.00   22.74676  -86.49756    0.00040    0.00064     2.7247     2.7398    11.0553    11.0695    35.3489    35.3510    27.0373    27.0363    1517.08    118.480    119.138         34 0.0000e+00
      44088   1836.942    472.468    476.000    11.2480    11.2373   3.985955   3.984844     1.7144     1.4040     100.00   22.74676  -86.49756    0.00068    0.00060     2.7224     2.7366    11.1875    11.1768    35.3666    35.3658    27.0268    27.0281    1517.08    118.382    118.999         38 0.0000e+00
      44140   1839.145    471.476    475.000    11.2351    11.2448   3.984800   3.985818     1.7178     1.4069      94.41   22.74677  -86.49756    0.00160    0.00117     2.7316     2.7446    11.1748    11.1844    35.3679    35.3687    27.0302    27.0290    1517.08    118.784    119.346         57 0.0000e+00
      45731   1905.406    469.494    473.000    11.3467    11.3496   3.996830   3.997366     1.7259     1.4149      98.41   22.74591  -86.49305    0.00013   -0.00009     2.7457     2.7605    11.2862    11.2891    35.3823    35.3835    27.0207    27.0211    1517.00    119.399    120.042         30 0.0000e+00
      45826   1909.393    468.502    472.000    11.3491    11.3531   3.997357   3.997845     1.7261     1.4154      99.23   22.74716  -86.49774   -0.00006    0.00011     2.7456     2.7615    11.2887    11.2927    35.3846    35.3857    27.0221    27.0222    1517.08    119.391    120.084         47 0.0000e+00
      45866   1911.055    467.510    471.000    11.4301    11.3767   4.006302   4.000443     1.7274     1.4164      99.98   22.74717  -86.49775    0.00022    0.00035     2.7432     2.7626    11.3696    11.3164    35.3961    35.3892    27.0161    27.0206    1517.08    119.290    120.132         44 0.0000e+00
      45915   1913.072    466.519    470.000    11.4982    11.4113   4.014211   4.004325     1.7302     1.4164      93.20   22.74718  -86.49776    0.00108    0.00025     2.7465     2.7600    11.4376    11.3510    35.4090    35.3950    27.0135    27.0187    1517.08    119.431    120.017         51 0.0000e+00
      45961   1914.989    465.527    469.000    11.5509    11.4936   4.019757   4.013422     1.7333     1.4175      98.49   22.74719  -86.49776    0.00153    0.00011     2.7506     2.7574    11.4903    11.4331    35.4145    35.4068    27.0079    27.0125    1517.08    119.610    119.905         36 0.0000e+00
      45992   1916.299    464.536    468.000    11.6539    11.6036   4.031959   4.026196     1.7361     1.4205      99.98   22.74720  -86.49776    0.00168    0.00096     2.7508     2.7588    11.5974    11.5429    35.4341    35.4279    27.0030    27.0085    1517.08    119.622    119.968         32 0.0000e+00
      46028   1917.806    463.545    467.000    11.7494    11.7105   4.042581   4.038546     1.7410     1.4259      93.10   22.74722  -86.49778    0.00239    0.00244     2.7570     2.7671    11.6882    11.6496    35.4507    35.4481    26.9988    27.0040    1517.08    119.889    120.331         38 0.0000e+00
      46066   1919.356    462.553    466.000    11.8053    11.7671   4.048500   4.044281     1.7451     1.4302      75.79   22.74722  -86.49778    0.00289    0.00312     2.7639     2.7759    11.7442    11.7061    35.4559    35.4509    26.9923    26.9956    1517.08    120.193    120.713         35 0.0000e+00
      46174   1923.895    458.587    462.000    12.0872    12.1445   4.081061   4.087589     1.7598     1.4463     100.01   22.74849  -86.50244    0.00341    0.00373     2.7828     2.7964    12.0256    12.0828    35.5084    35.5175    26.9793    26.9754    1517.16    121.015    121.607         35 0.0000e+00
      46205   1925.183    457.596    461.000    12.1299    12.1443   4.085482   4.087352     1.7640     1.4506      99.78   22.74726  -86.49778    0.00356    0.00403     2.7909     2.8088    12.0683    12.0827    35.5130    35.5155    26.9745    26.9737    1517.08    121.366    122.147         30 0.0000e+00
      46528   1938.640    445.697    449.000    12.6838    12.6793   4.148146   4.147617     1.7982     1.4808     100.00   22.74776  -86.49942    0.00295    0.00244     2.8395     2.8564    12.6221    12.6176    35.5984    35.5975    26.9325    26.9327    1517.11    123.488    124.221         30 0.0000e+00
      46558   1939.861    444.706    448.000    12.7099    12.7072   4.150702   4.150649     1.8011     1.4831     100.00   22.74734  -86.49784    0.00272    0.00233     2.8450     2.8610    12.6482    12.6455    35.5987    35.6008    26.9275    26.9296    1517.08    123.727    124.421         30 0.0000e+00
      46665   1944.327    440.739    444.000    12.8308    12.8264   4.165009   4.164620     1.8102     1.4916     100.01   22.74925  -86.50497    0.00220    0.00205     2.8590     2.8758    12.7694    12.7650    35.6244    35.6248    26.9234    26.9246    1517.20    124.337    125.067         31 0.0000e+00
      46695   1945.588    439.748    443.000    12.8339    12.8243   4.165154   4.163903     1.8127     1.4934     100.00   22.74738  -86.49786    0.00206    0.00187     2.8653     2.8808    12.7726    12.7630    35.6226    35.6197    26.9212    26.9208    1517.08    124.608    125.284         36 0.0000e+00
      46799   1949.936    435.781    439.000    13.0741    13.0789   4.192808   4.193565     1.8232     1.5032     100.01   22.74932  -86.50518    0.00263    0.00243     2.8745     2.8903    13.0126    13.0174    35.6635    35.6662    26.9047    26.9059    1517.21    125.010    125.696         30 0.0000e+00
      46829   1951.152    434.790    438.000    13.0855    13.0855   4.193699   4.193769     1.8266     1.5070     100.00   22.74740  -86.49788    0.00304    0.00312     2.8823     2.9002    13.0240    13.0241    35.6610    35.6616    26.9004    26.9008    1517.08    125.351    126.129         34 0.0000e+00
      46963   1956.753    429.831    433.000    13.1917    13.1971   4.205852   4.206512     1.8355     1.5152     100.00   22.74747  -86.49801    0.00148    0.00155     2.8963     2.9142    13.1307    13.1361    35.6791    35.6803    26.8927    26.8925    1517.08    125.961    126.740         31 0.0000e+00
      47181   1965.831    421.898    425.000    13.4371    13.4309   4.233823   4.232812     1.8506     1.5278      97.76   22.74745  -86.49782    0.00185    0.00155     2.9156     2.9314    13.3764    13.3703    35.7178    35.7140    26.8724    26.8707    1517.08    126.803    127.492         31 0.0000e+00
      47289   1970.354    417.931    421.000    13.5763    13.5607   4.249721   4.248091     1.8601     1.5353     100.00   22.74822  -86.50067    0.00217    0.00173     2.9288     2.9421    13.5159    13.5003    35.7397    35.7390    26.8606    26.8632    1517.13    127.380    127.956         31 0.0000e+00
      47396   1974.804    413.965    417.000    13.6298    13.6316   4.255552   4.255927     1.8658     1.5398     100.00   22.74791  -86.49937    0.00136    0.00097     2.9384     2.9488    13.5698    13.5716    35.7462    35.7481    26.8544    26.8554    1517.11    127.798    128.248         30 0.0000e+00
      47426   1976.044    412.973    416.000    13.6434    13.6375   4.256861   4.256485     1.8669     1.5397      92.07   22.74754  -86.49794    0.00105    0.00061     2.9399     2.9476    13.5835    13.5776    35.7462    35.7481    26.8515    26.8542    1517.08    127.862    128.198         30 0.0000e+00
      47533   1980.512    409.006    412.000    13.7187    13.7174   4.265577   4.265427     1.8707     1.5452     100.00   22.74844  -86.50123    0.00084    0.00129     2.9429     2.9561    13.6591    13.6578    35.7599    35.7597    26.8464    26.8465    1517.14    127.996    128.568         30 0.0000e+00
      47563   1981.744    408.014    411.000    13.7389    13.7126   4.267611   4.264662     1.8719     1.5461      63.62   22.74758  -86.49796    0.00083    0.00095     2.9442     2.9586    13.6794    13.6532    35.7602    35.7571    26.8423    26.8454    1517.08    128.052    128.677         32 0.0000e+00
      47669   1986.158    404.047    407.000    13.7940    13.7965   4.274086   4.274460     1.8763     1.5499     100.01   22.74893  -86.50303    0.00103    0.00093     2.9501     2.9621    13.7349    13.7374    35.7719    35.7730    26.8399    26.8402    1517.17    128.306    128.829         31 0.0000e+00
      47699   1987.396    403.055    406.000    13.7977    13.7960   4.274307   4.274094     1.8766     1.5507     100.00   22.74762  -86.49798    0.00080    0.00112     2.9505     2.9641    13.7388    13.7370    35.7704    35.7700    26.8378    26.8378    1517.08    128.323    128.918         33 0.0000e+00
      47803   1991.738    399.088    402.000    13.9563    13.9240   4.292055   4.288795     1.8825     1.5552     100.00   22.74727  -86.49656    0.00151    0.00114     2.9535     2.9666    13.8975    13.8653    35.7907    35.7900    26.8201    26.8263    1517.06    128.456    129.026         30 0.0000e+00
      48023   2000.929    391.153    394.000    14.2606    14.2585   4.327844   4.327577     1.9059     1.5772     100.00   22.74736  -86.49675    0.00193    0.00204     2.9879     3.0021    14.2022    14.2001    35.8446    35.8441    26.7971    26.7971    1517.06    129.958    130.574         35 0.0000e+00
      48374   2015.556    378.259    381.000    14.6823    14.6592   4.376776   4.373844     1.9354     1.6033      50.34   22.74655  -86.49333    0.00231    0.00211     3.0276     3.0411    14.6247    14.6029    35.9119    35.9083    26.7577    26.7604    1517.00    131.690    132.278         31 0.0000e+00
      48724   2030.115    365.364    368.000    15.2244    15.2328   4.441897   4.443305     1.9944     1.6579     100.00   22.74777  -86.49770    0.00464    0.00448     3.1300     3.1452    15.1673    15.1757    36.0145    36.0196    26.7173    26.7193    1517.07    136.148    136.809         31 0.0000e+00
      48943   2039.254    357.428    360.000    15.5060    15.5070   4.475097   4.475053     2.0191     1.6793      72.13   22.74798  -86.49831    0.00244    0.00198     3.1671     3.1804    15.4495    15.4505    36.0607    36.0594    26.6896    26.6884    1517.08    137.764    138.345         31 0.0000e+00
      49059   2044.102    353.460    356.000    15.5791    15.5837   4.483483   4.484164     2.0274     1.6860      69.55   22.74679  -86.49366    0.00176    0.00136     3.1805     3.1913    15.5230    15.5276    36.0707    36.0720    26.6805    26.6805    1517.00    138.349    138.818         51 0.0000e+00
      49115   2046.411    352.468    355.000    15.5849    15.5818   4.484048   4.483827     2.0289     1.6887      98.36   22.74798  -86.49818    0.00096    0.00122     3.1835     3.1982    15.5290    15.5259    36.0714    36.0728    26.6799    26.6816    1517.08    138.478    139.122         56 0.0000e+00
      49476   2061.452    349.492    352.000    15.7467    15.7639   4.503894   4.505571     2.0455     1.7054     100.00   22.74905  -86.50192    0.00128    0.00080     3.2103     3.2287    15.6909    15.7081    36.0993    36.1033    26.6646    26.6638    1517.14    139.648    140.448         38 0.0000e+00
      49622   2067.549    348.500    351.000    15.8257    15.8374   4.512339   4.514312     2.0517     1.7109     100.00   22.74811  -86.49825    0.00110    0.00093     3.2197     3.2377    15.7699    15.7815    36.1075    36.1148    26.6528    26.6558    1517.08    140.060    140.842         61 0.0000e+00
      51570   2148.706    346.516    349.000    15.9334    15.9357   4.526057   4.526341     2.0613     1.7181      97.02   22.75220  -86.51218    0.00000   -0.00002     3.2342     3.2491    15.8776    15.8799    36.1340    36.1353    26.6489    26.6494    1517.32    140.692    141.340         57 0.0000e+00
      51620   2150.780    345.524    348.000    15.9346    15.9387   4.525254   4.526192     2.0607     1.7178      83.49   22.74862  -86.49855   -0.00004   -0.00008     3.2322     3.2477    15.8789    15.8831    36.1282    36.1305    26.6437    26.6446    1517.08    140.602    141.279         57 0.0000e+00
      51682   2153.357    344.532    347.000    15.9491    15.9457   4.527582   4.527036     2.0605     1.7165      93.76   22.74863  -86.49856   -0.00012   -0.00032     3.2308     3.2432    15.8936    15.8902    36.1315    36.1317    26.6429    26.6438    1517.08    140.544    141.082         61 0.0000e+00
      51734   2155.521    343.540    346.000    15.9744    15.9640   4.530226   4.529019     2.0596     1.7161      99.94   22.74866  -86.49856   -0.00019   -0.00050     3.2260     3.2406    15.9190    15.9086    36.1346    36.1333    26.6395    26.6408    1517.08    140.333    140.969         45 0.0000e+00
      51787   2157.766    342.548    345.000    15.9857    15.9885   4.531492   4.531899     2.0586     1.7161      78.33   22.74866  -86.49856   -0.00052    0.00013     3.2223     3.2385    15.9304    15.9332    36.1361    36.1371    26.6380    26.6381    1517.08    140.173    140.878         60 0.0000e+00
      51834   2159.719    341.556    344.000    16.0043    16.0008   4.533528   4.533169     2.0593     1.7149     100.34   22.74868  -86.49858   -0.00007   -0.00056     3.2223     3.2341    15.9492    15.9456    36.1377    36.1377    26.6349    26.6357    1517.08    140.174    140.690         34 0.0000e+00
      51868   2161.130    340.564    343.000    16.0313    16.0283   4.536669   4.536490     2.0604     1.7171     100.00   22.74870  -86.49860    0.00045   -0.00007     3.2227     3.2376    15.9762    15.9732    36.1416    36.1428    26.6317    26.6333    1517.08    140.190    140.840         36 0.0000e+00
      51904   2162.639    339.572    342.000    16.0633    16.0577   4.540427   4.539911     2.0619     1.7179     100.00   22.74870  -86.49860    0.00081    0.00107     3.2236     3.2374    16.0083    16.0027    36.1465    36.1470    26.6280    26.6297    1517.08    140.232    140.831         33 0.0000e+00
      52098   2170.728    332.627    335.000    16.3688    16.3690   4.577725   4.577897     2.0837     1.7375     100.01   22.75114  -86.50771    0.00304    0.00253     3.2507     3.2642    16.3142    16.3144    36.2050    36.2064    26.6023    26.6033    1517.24    141.414    142.000         31 0.0000e+00
      52125   2171.836    331.635    334.000    16.3816    16.3856   4.579046   4.579193     2.0868     1.7406     100.00   22.74876  -86.49864    0.00294    0.00275     3.2566     3.2707    16.3272    16.3312    36.2044    36.2021    26.5984    26.5958    1517.08    141.673    142.284         32 0.0000e+00
      52232   2176.298    327.666    330.000    16.4781    16.4835   4.590566   4.591309     2.0956     1.7478     100.00   22.75104  -86.50718    0.00208    0.00176     3.2688     3.2808    16.4242    16.4295    36.2210    36.2226    26.5886    26.5886    1517.23    142.202    142.727         33 0.0000e+00
