Gulf of Mexico/GOMECC-4/1db/urb2103_0851.cnv
* Sea-Bird SBE 9 Data File:
* FileName = C:\Users\scs.user.rb\CTD\GOMECC4\data\rb2103_0851.hex
* Software Version Seasave V 7.26.7.107
* Temperature SN = 4799
* Conductivity SN = 3860
* Number of Bytes Per Scan = 41
* Number of Voltage Words = 4
* Number of Scans Averaged by the Deck Unit = 1
* NMEA Latitude = 20 36.04 N
* NMEA Longitude = 094 17.37 W
* NMEA UTC (Time) = Oct 07 2021  22:53:37
* NMEA baud rate = 4800
# nquan = 28
# nvalues = 395                         
# units = specified
# name 0 = scan: Scan Count
# name 1 = timeS: Time, Elapsed [seconds]
# name 2 = depSM: Depth [salt water, m]
# name 3 = prDM: Pressure, Digiquartz [db]
# name 4 = t090C: Temperature [ITS-90, deg C]
# name 5 = t190C: Temperature, 2 [ITS-90, deg C]
# name 6 = c0S/m: Conductivity [S/m]
# name 7 = c1S/m: Conductivity, 2 [S/m]
# name 8 = sbeox0V: Oxygen raw, SBE 43 [V]
# name 9 = sbeox1V: Oxygen raw, SBE 43, 2 [V]
# name 10 = altM: Altimeter [m]
# name 11 = latitude: Latitude [deg]
# name 12 = longitude: Longitude [deg]
# name 13 = sbox0dV/dT: Oxygen, SBE 43 [dov/dt]
# name 14 = sbox1dV/dT: Oxygen, SBE 43, 2 [dov/dt]
# name 15 = sbeox0ML/L: Oxygen, SBE 43 [ml/l], WS = 5
# name 16 = sbeox1ML/L: Oxygen, SBE 43, 2 [ml/l], WS = 5
# name 17 = potemp090C: Potential Temperature [ITS-90, deg C]
# name 18 = potemp190C: Potential Temperature, 2 [ITS-90, deg C]
# name 19 = sal00: Salinity, Practical [PSU]
# name 20 = sal11: Salinity, Practical, 2 [PSU]
# name 21 = sigma-é00: Density [sigma-theta, kg/m^3]
# name 22 = sigma-é11: Density, 2 [sigma-theta, kg/m^3]
# name 23 = avgsvCM: Average Sound Velocity [Chen-Millero, m/s], minP = 20, minS = 20
# name 24 = sbox0Mm/Kg: Oxygen, SBE 43 [umol/kg], WS = 5
# name 25 = sbox1Mm/Kg: Oxygen, SBE 43, 2 [umol/kg], WS = 5
# name 26 = nbin: number of scans per bin
# name 27 = flag: flag
# span 0 =      69368,     160673       
# span 1 =   2890.286,   6694.685       
# span 2 =      0.994,   1862.053       
# span 3 =      1.000,   1882.000       
# span 4 =     4.2605,    31.5653       
# span 5 =     4.2611,    29.4144       
# span 6 =   3.342194,   5.988170       
# span 7 =   3.342161,   5.987266       
# span 8 =     1.5727,     3.3151       
# span 9 =     1.2749,     2.8294       
# span 10 =      12.70,     103.95      
# span 11 =   20.55327,   20.62894      
# span 12 =  -94.42086,  -94.07455      
# span 13 =   -0.00984,    0.02719      
# span 14 =   -0.01310,    0.02323      
# span 15 =     2.3954,     4.8947      
# span 16 =     2.4123,     4.8920      
# span 17 =     4.1018,    31.5631      
# span 18 =     4.1025,    29.4070      
# span 19 =    34.9133,    39.1364      
# span 20 =    34.9116,    36.5178      
# span 21 =    23.0082,    27.7539      
# span 22 =    23.0074,    27.7528      
# span 23 =    1492.37,    1497.87      
# span 24 =    104.154,    213.506      
# span 25 =    104.890,    213.393      
# span 26 =         30,         73      
# span 27 = 0.0000e+00, 0.0000e+00      
# interval = decibars: 1                
# start_time = Oct 07 2021 22:53:37 [NMEA time, header]
# bad_flag = -9.990e-29
*END*
      69368   2890.286   1862.053   1882.000     4.2615     4.2622   3.358219   3.358183     1.9101     1.5887      12.70   20.60070  -94.29037   -0.00006    0.00003     4.7033     4.7232     4.1018     4.1025    34.9728    34.9716    27.7538    27.7528    1495.81    204.376    205.244         45 0.0000e+00
      69640   2901.639   1861.068   1881.000     4.2615     4.2623   3.358189   3.358150     1.9105     1.5885      13.50   20.60070  -94.29038    0.00009   -0.00001     4.7044     4.7221     4.1019     4.1027    34.9729    34.9716    27.7539    27.7528    1495.81    204.425    205.192         46 0.0000e+00
      69723   2905.086   1860.083   1880.000     4.2615     4.2621   3.358150   3.358091     1.9106     1.5885      14.39   20.60070  -94.29040    0.00006    0.00001     4.7041     4.7214     4.1020     4.1026    34.9729    34.9716    27.7539    27.7528    1495.81    204.414    205.163         61 0.0000e+00
      69808   2908.610   1859.098   1879.000     4.2613     4.2621   3.358083   3.358053     1.9105     1.5885      15.41   20.60070  -94.29040   -0.00005   -0.00001     4.7031     4.7209     4.1019     4.1027    34.9728    34.9716    27.7539    27.7528    1495.81    204.367    205.140         41 0.0000e+00
      69888   2911.965   1858.113   1878.000     4.2614     4.2621   3.358063   3.358016     1.9105     1.5885      16.33   20.60070  -94.29040    0.00008   -0.00002     4.7025     4.7199     4.1021     4.1028    34.9729    34.9716    27.7539    27.7528    1495.81    204.343    205.097         58 0.0000e+00
      69976   2915.639   1857.128   1877.000     4.2619     4.2628   3.358055   3.358024     1.9109     1.5885      17.38   20.60070  -94.29040    0.00007    0.00001     4.7032     4.7194     4.1027     4.1036    34.9728    34.9715    27.7537    27.7526    1495.81    204.373    205.075         40 0.0000e+00
      70043   2918.414   1856.142   1876.000     4.2624     4.2631   3.358047   3.358019     1.9109     1.5885      18.16   20.60068  -94.29040    0.00004 5.2080e-08     4.7027     4.7187     4.1032     4.1040    34.9727    34.9715    27.7536    27.7526    1495.81    204.350    205.046         44 0.0000e+00
      70097   2920.684   1855.157   1875.000     4.2627     4.2638   3.358038   3.358029     1.9110     1.5885      19.31   20.60068  -94.29040    0.00006    0.00000     4.7024     4.7180     4.1037     4.1048    34.9727    34.9715    27.7536    27.7525    1495.81    204.337    205.016         60 0.0000e+00
      73348   3056.138   1731.989   1750.000     4.2622     4.2628   3.352819   3.352775     1.9269     1.6037     100.00   20.60065  -94.29016    0.00006    0.00012     4.6888     4.7063     4.1153     4.1159    34.9718    34.9707    27.7516    27.7507    1495.81    203.749    204.509         30 0.0000e+00
      73657   3068.996   1720.162   1738.000     4.2617     4.2624   3.352317   3.352271     1.9289     1.6056     100.00   20.60081  -94.29090    0.00016    0.00033     4.6893     4.7069     4.1160     4.1167    34.9722    34.9710    27.7519    27.7508    1495.82    203.768    204.536         30 0.0000e+00
      73788   3074.478   1715.233   1733.000     4.2614     4.2621   3.352065   3.352022     1.9298     1.6057     100.00   20.60069  -94.29035    0.00012    0.00004     4.6895     4.7044     4.1162     4.1169    34.9720    34.9707    27.7517    27.7506    1495.81    203.777    204.426         32 0.0000e+00
      73918   3079.867   1710.304   1728.000     4.2620     4.2626   3.351876   3.351832     1.9305     1.6066     100.00   20.60051  -94.28951    0.00013    0.00015     4.6893     4.7052     4.1172     4.1179    34.9715    34.9704    27.7512    27.7502    1495.80    203.770    204.458         30 0.0000e+00
      74254   3093.886   1697.489   1715.000     4.2614     4.2620   3.351306   3.351264     1.9323     1.6086     100.00   20.60064  -94.29009    0.00010    0.00017     4.6883     4.7056     4.1180     4.1185    34.9717    34.9706    27.7512    27.7503    1495.81    203.725    204.477         30 0.0000e+00
      74382   3099.229   1692.560   1710.000     4.2611     4.2617   3.351093   3.351039     1.9329     1.6093     100.00   20.60070  -94.29038    0.00014    0.00008     4.6879     4.7053     4.1182     4.1187    34.9719    34.9707    27.7514    27.7504    1495.81    203.707    204.465         30 0.0000e+00
      74688   3111.967   1680.731   1698.000     4.2605     4.2611   3.350567   3.350515     1.9348     1.6106     100.00   20.60087  -94.29128    0.00015    0.00006     4.6878     4.7035     4.1187     4.1193    34.9722    34.9709    27.7516    27.7505    1495.82    203.703    204.385         30 0.0000e+00
      76596   3191.462   1606.778   1623.000     4.2623     4.2629   3.347564   3.347512     1.9446     1.6207     100.00   20.60070  -94.29052    0.00018    0.00020     4.6797     4.6999     4.1276     4.1282    34.9713    34.9701    27.7499    27.7489    1495.81    203.351    204.229         31 0.0000e+00
      77009   3208.667   1590.997   1607.000     4.2657     4.2664   3.347270   3.347239     1.9467     1.6219     100.00   20.60135  -94.29348    0.00008    0.00012     4.6774     4.6944     4.1325     4.1332    34.9721    34.9710    27.7501    27.7491    1495.86    203.254    203.989         40 0.0000e+00
      77050   3210.362   1590.011   1606.000     4.2652     4.2661   3.347091   3.347070     1.9467     1.6219      94.11   20.60068  -94.29042   -0.00001   -0.00005     4.6768     4.6941     4.1321     4.1329    34.9710    34.9698    27.7492    27.7482    1495.81    203.228    203.978         43 0.0000e+00
      77089   3212.007   1589.025   1605.000     4.2652     4.2655   3.347051   3.346991     1.9465     1.6225      99.57   20.60068  -94.29042   -0.00003    0.00016     4.6757     4.6956     4.1322     4.1325    34.9710    34.9700    27.7492    27.7483    1495.81    203.180    204.045         45 0.0000e+00
      77154   3214.697   1588.039   1604.000     4.2651     4.2655   3.346994   3.346945     1.9465     1.6227      99.99   20.60068  -94.29044   -0.00002    0.00011     4.6752     4.6959     4.1322     4.1326    34.9709    34.9699    27.7491    27.7483    1495.81    203.158    204.055         38 0.0000e+00
      77238   3218.227   1587.052   1603.000     4.2649     4.2657   3.346937   3.346906     1.9465     1.6227     100.00   20.60068  -94.29044   -0.00003    0.00001     4.6745     4.6954     4.1321     4.1328    34.9709    34.9698    27.7491    27.7482    1495.81    203.126    204.037         38 0.0000e+00
      77364   3223.463   1586.066   1602.000     4.2654     4.2660   3.346928   3.346897     1.9465     1.6227     100.00   20.60068  -94.29044    0.00000   -0.00000     4.6738     4.6946     4.1326     4.1332    34.9708    34.9698    27.7490    27.7482    1495.81    203.097    204.001         30 0.0000e+00
      77631   3234.604   1585.080   1601.000     4.2656     4.2662   3.346908   3.346873     1.9470     1.6228      97.89   20.60068  -94.29044    0.00007    0.00001     4.6752     4.6944     4.1329     4.1336    34.9709    34.9698    27.7490    27.7481    1495.81    203.156    203.992         50 0.0000e+00
      79220   3300.800   1584.093   1600.000     4.2667     4.2671   3.346963   3.346915     1.9468     1.6226     100.13   20.60068  -94.29047    0.00001    0.00001     4.6737     4.6929     4.1342     4.1345    34.9708    34.9698    27.7488    27.7480    1495.81    203.090    203.926         55 0.0000e+00
      79656   3318.947   1583.107   1599.000     4.2668     4.2671   3.346936   3.346869     1.9470     1.6224      75.72   20.60068  -94.29048    0.00004   -0.00010     4.6738     4.6915     4.1344     4.1346    34.9709    34.9698    27.7488    27.7480    1495.81    203.095    203.867         51 0.0000e+00
      79735   3322.246   1582.121   1598.000     4.2667     4.2670   3.346873   3.346812     1.9473     1.6227      99.01   20.60068  -94.29048    0.00008    0.00008     4.6742     4.6923     4.1343     4.1346    34.9708    34.9698    27.7488    27.7479    1495.81    203.112    203.899         42 0.0000e+00
      79787   3324.432   1581.135   1597.000     4.2667     4.2670   3.346833   3.346767     1.9473     1.6229     100.00   20.60068  -94.29048    0.00004    0.00009     4.6736     4.6925     4.1344     4.1347    34.9708    34.9697    27.7488    27.7479    1495.81    203.089    203.910         30 0.0000e+00
      79826   3326.047   1580.148   1596.000     4.2665     4.2668   3.346777   3.346715     1.9476     1.6228     100.00   20.60068  -94.29048    0.00009    0.00000     4.6740     4.6913     4.1343     4.1345    34.9708    34.9698    27.7488    27.7480    1495.81    203.106    203.856         41 0.0000e+00
      79890   3328.695   1579.162   1595.000     4.2667     4.2672   3.346743   3.346703     1.9477     1.6234     100.00   20.60068  -94.29048    0.00008    0.00012     4.6739     4.6933     4.1346     4.1351    34.9707    34.9697    27.7487    27.7478    1495.81    203.099    203.942         42 0.0000e+00
      79920   3329.978   1578.175   1594.000     4.2682     4.2680   3.346836   3.346734     1.9479     1.6238      91.71   20.60068  -94.29048    0.00008    0.00029     4.6738     4.6941     4.1362     4.1359    34.9706    34.9697    27.7485    27.7478    1495.81    203.096    203.978         31 0.0000e+00
      79958   3331.529   1577.189   1593.000     4.2687     4.2688   3.346839   3.346754     1.9483     1.6238      92.16   20.60068  -94.29048    0.00015    0.00023     4.6749     4.6937     4.1367     4.1368    34.9707    34.9696    27.7485    27.7476    1495.81    203.143    203.959         45 0.0000e+00
      79999   3333.234   1576.202   1592.000     4.2687     4.2691   3.346793   3.346738     1.9483     1.6238     100.23   20.60068  -94.29048    0.00018    0.00006     4.6740     4.6929     4.1368     4.1373    34.9707    34.9695    27.7484    27.7475    1495.81    203.104    203.927         32 0.0000e+00
      80084   3336.797   1573.244   1589.000     4.2672     4.2678   3.346552   3.346515     1.9480     1.6236      56.09   20.60072  -94.29064   -0.00008   -0.00011     4.6715     4.6903     4.1356     4.1362    34.9708    34.9698    27.7487    27.7478    1495.81    202.998    203.814         31 0.0000e+00
      81256   3385.615   1527.866   1543.000     4.2789     4.2794   3.345614   3.345556     1.9523     1.6276      91.10   20.60074  -94.29078    0.00006    0.00022     4.6584     4.6772     4.1515     4.1520    34.9699    34.9688    27.7463    27.7453    1495.81    202.427    203.243         30 0.0000e+00
      82470   3436.207   1480.504   1495.000     4.2889     4.2894   3.344472   3.344421     1.9551     1.6305     100.00   20.60092  -94.29162    0.00008    0.00011     4.6386     4.6588     4.1659     4.1664    34.9694    34.9684    27.7443    27.7434    1495.83    201.569    202.445         31 0.0000e+00
      82501   3437.498   1479.518   1494.000     4.2889     4.2893   3.344387   3.344328     1.9557     1.6312     100.00   20.60068  -94.29050    0.00025    0.00029     4.6403     4.6608     4.1660     4.1664    34.9690    34.9678    27.7440    27.7430    1495.81    201.640    202.534         31 0.0000e+00
      82622   3442.525   1474.583   1489.000     4.2888     4.2892   3.344155   3.344095     1.9561     1.6314     100.00   20.60058  -94.29005    0.00020    0.00006     4.6388     4.6588     4.1663     4.1668    34.9688    34.9676    27.7438    27.7428    1495.80    201.577    202.447         31 0.0000e+00
      83258   3469.034   1449.911   1464.000     4.2942     4.2946   3.343610   3.343549     1.9584     1.6334     100.00   20.60088  -94.29141    0.00012    0.00013     4.6316     4.6512     4.1740     4.1744    34.9689    34.9678    27.7431    27.7422    1495.82    201.264    202.115         33 0.0000e+00
      83891   3495.435   1425.236   1439.000     4.2975     4.2981   3.342792   3.342759     1.9612     1.6361     100.00   20.60066  -94.29041    0.00004    0.00026     4.6265     4.6465     4.1796     4.1802    34.9682    34.9672    27.7419    27.7410    1495.81    201.043    201.913         30 0.0000e+00
      84018   3500.720   1420.301   1434.000     4.2984     4.2990   3.342681   3.342635     1.9611     1.6362     100.00   20.60075  -94.29078   -0.00023    0.00000     4.6233     4.6438     4.1809     4.1816    34.9684    34.9672    27.7419    27.7409    1495.81    200.902    201.792         31 0.0000e+00
      84693   3528.827   1394.635   1408.000     4.3104     4.3108   3.342641   3.342591     1.9625     1.6369      67.60   20.60107  -94.29223   -0.00024   -0.00009     4.6110     4.6294     4.1952     4.1956    34.9680    34.9670    27.7401    27.7393    1495.84    200.370    201.169         34 0.0000e+00
      84757   3531.479   1393.648   1407.000     4.3096     4.3104   3.342484   3.342450     1.9621     1.6362     100.00   20.60068  -94.29046   -0.00013   -0.00035     4.6091     4.6260     4.1946     4.1953    34.9675    34.9663    27.7397    27.7387    1495.81    200.286    201.019         40 0.0000e+00
      84810   3533.708   1392.661   1406.000     4.3090     4.3098   3.342385   3.342366     1.9617     1.6365     100.00   20.60068  -94.29046   -0.00014   -0.00007     4.6070     4.6267     4.1940     4.1948    34.9675    34.9664    27.7398    27.7389    1495.81    200.197    201.050         41 0.0000e+00
      84890   3537.036   1391.674   1405.000     4.3089     4.3087   3.342328   3.342227     1.9616     1.6367     100.00   20.60068  -94.29046    0.00001    0.00012     4.6061     4.6273     4.1941     4.1938    34.9674    34.9665    27.7397    27.7390    1495.81    200.155    201.078         47 0.0000e+00
      84971   3540.433   1390.686   1404.000     4.3094     4.3098   3.342323   3.342277     1.9621     1.6373     100.00   20.60068  -94.29046    0.00006    0.00013     4.6073     4.6287     4.1946     4.1950    34.9673    34.9664    27.7396    27.7388    1495.81    200.208    201.139         40 0.0000e+00
      85053   3543.837   1389.699   1403.000     4.3104     4.3107   3.342377   3.342323     1.9626     1.6375     100.00   20.60068  -94.29046    0.00003   -0.00005     4.6085     4.6288     4.1957     4.1960    34.9674    34.9664    27.7396    27.7387    1495.81    200.260    201.140         33 0.0000e+00
      85148   3547.798   1388.712   1402.000     4.3115     4.3123   3.342428   3.342395     1.9622     1.6374     100.00   20.60068  -94.29046   -0.00005   -0.00004     4.6062     4.6277     4.1969     4.1977    34.9673    34.9661    27.7394    27.7383    1495.81    200.161    201.094         55 0.0000e+00
      85245   3551.832   1387.725   1401.000     4.3118     4.3122   3.342410   3.342350     1.9621     1.6375     100.00   20.60068  -94.29046    0.00003   -0.00001     4.6055     4.6273     4.1973     4.1977    34.9673    34.9662    27.7393    27.7384    1495.81    200.128    201.078         42 0.0000e+00
      86068   3586.117   1386.737   1400.000     4.3126     4.3132   3.342438   3.342399     1.9620     1.6369     100.00   20.60067  -94.29045    0.00009   -0.00006     4.6043     4.6244     4.1982     4.1988    34.9672    34.9662    27.7391    27.7382    1495.81    200.080    200.951         46 0.0000e+00
      86722   3613.368   1385.750   1399.000     4.3130     4.3137   3.342430   3.342394     1.9617     1.6368     100.00   20.60066  -94.29044    0.00004    0.00000     4.6025     4.6233     4.1986     4.1993    34.9672    34.9661    27.7391    27.7382    1495.81    200.002    200.903         50 0.0000e+00
      86814   3617.227   1384.763   1398.000     4.3130     4.3134   3.342384   3.342335     1.9620     1.6373      81.63   20.60066  -94.29044    0.00009    0.00013     4.6029     4.6246     4.1987     4.1991    34.9673    34.9662    27.7391    27.7382    1495.81    200.016    200.962         46 0.0000e+00
