Gulf of Mexico/GOMECC-4/1db/urb2103_0531.cnv
* Sea-Bird SBE 9 Data File:
* FileName = C:\Users\scs.user.rb\CTD\GOMECC4\data\rb2103_0531.hex
* Software Version Seasave V 7.26.7.107
* Temperature SN = 4799
* Conductivity SN = 3860
* Number of Bytes Per Scan = 41
* Number of Voltage Words = 4
* Number of Scans Averaged by the Deck Unit = 1
* NMEA Latitude = 27 19.96 N
* NMEA Longitude = 095 00.01 W
* NMEA UTC (Time) = Sep 28 2021  09:37:15
* NMEA baud rate = 4800
# nquan = 28
# nvalues = 209                         
# units = specified
# name 0 = scan: Scan Count
# name 1 = timeS: Time, Elapsed [seconds]
# name 2 = depSM: Depth [salt water, m]
# name 3 = prDM: Pressure, Digiquartz [db]
# name 4 = t090C: Temperature [ITS-90, deg C]
# name 5 = t190C: Temperature, 2 [ITS-90, deg C]
# name 6 = c0S/m: Conductivity [S/m]
# name 7 = c1S/m: Conductivity, 2 [S/m]
# name 8 = sbeox0V: Oxygen raw, SBE 43 [V]
# name 9 = sbeox1V: Oxygen raw, SBE 43, 2 [V]
# name 10 = altM: Altimeter [m]
# name 11 = latitude: Latitude [deg]
# name 12 = longitude: Longitude [deg]
# name 13 = sbox0dV/dT: Oxygen, SBE 43 [dov/dt]
# name 14 = sbox1dV/dT: Oxygen, SBE 43, 2 [dov/dt]
# name 15 = sbeox0ML/L: Oxygen, SBE 43 [ml/l], WS = 5
# name 16 = sbeox1ML/L: Oxygen, SBE 43, 2 [ml/l], WS = 5
# name 17 = potemp090C: Potential Temperature [ITS-90, deg C]
# name 18 = potemp190C: Potential Temperature, 2 [ITS-90, deg C]
# name 19 = sal00: Salinity, Practical [PSU]
# name 20 = sal11: Salinity, Practical, 2 [PSU]
# name 21 = sigma-é00: Density [sigma-theta, kg/m^3]
# name 22 = sigma-é11: Density, 2 [sigma-theta, kg/m^3]
# name 23 = avgsvCM: Average Sound Velocity [Chen-Millero, m/s], minP = 20, minS = 20
# name 24 = sbox0Mm/Kg: Oxygen, SBE 43 [umol/kg], WS = 5
# name 25 = sbox1Mm/Kg: Oxygen, SBE 43, 2 [umol/kg], WS = 5
# name 26 = nbin: number of scans per bin
# name 27 = flag: flag
# span 0 =      47308,     116726       
# span 1 =   1971.144,   4863.525       
# span 2 =      1.987,   1095.784       
# span 3 =      2.000,   1106.000       
# span 4 =     4.6691,    29.5952       
# span 5 =     4.6690,    29.6005       
# span 6 =   3.360456,   5.972469       
# span 7 =   3.360281,   5.973009       
# span 8 =     1.5863,     3.4049       
# span 9 =     1.2905,     2.9290       
# span 10 =      13.16,     101.21      
# span 11 =   27.24361,   27.68410      
# span 12 =  -96.21991,  -94.68908      
# span 13 =   -0.00649,    0.01766      
# span 14 =   -0.00663,    0.01967      
# span 15 =     2.4381,     5.0856      
# span 16 =     2.4632,     5.1076      
# span 17 =     4.5781,    29.5918      
# span 18 =     4.5780,    29.5971      
# span 19 =    34.9093,    36.5265      
# span 20 =    34.9076,    36.5267      
# span 21 =    22.7317,    27.6838      
# span 22 =    22.7306,    27.6824      
# span 23 =    1496.84,    1521.05      
# span 24 =    106.021,    221.821      
# span 25 =    107.114,    222.792      
# span 26 =         30,         71      
# span 27 = 0.0000e+00, 0.0000e+00      
# interval = decibars: 1                
# start_time = Sep 28 2021 09:37:15 [NMEA time, header]
# bad_flag = -9.990e-29
*END*
[from data line 156]
      92708   3862.803    104.280    105.000    21.7116    21.7264   5.144961   5.146152     2.4025     2.0253     100.00   27.33214  -94.99686    0.00262    0.00121     3.4964     3.5206    21.6909    21.7057    36.3793    36.3761    25.3531    25.3466    1501.70    152.288    153.342         41 0.0000e+00
      92749   3864.519    103.288    104.000    21.7031    21.7123   5.143657   5.144961     2.4051     2.0277     100.00   27.33214  -94.99686    0.00174    0.00103     3.5020     3.5264    21.6826    21.6918    36.3764    36.3790    25.3532    25.3526    1501.70    152.531    153.597         36 0.0000e+00
      92842   3868.378    101.302    102.000    21.8426    21.8557   5.156349   5.156887     2.4332     2.0556     100.04   27.34203  -95.03125    0.00432    0.00449     3.5508     3.5805    21.8261    21.8355    36.3663    36.3607    25.3067    25.2997    1502.24    154.666    155.962         30 0.0000e+00
      92845   3868.502    100.309    101.000    21.8596    21.8557   5.157238   5.156744     2.4592     2.0788     100.00   27.33214  -94.99686    0.01390    0.01283     3.6027     3.6330    21.8397    21.8357    36.3534    36.3528    25.2917    25.2924    1501.70    156.927    158.249         44 0.0000e+00
      92886   3870.214     99.316    100.000    21.8514    21.8538   5.156365   5.156641     2.4759     2.0910     100.00   27.33214  -94.99686    0.01766    0.01580     3.6367     3.6605    21.8298    21.8340    36.3552    36.3539    25.2959    25.2937    1501.70    158.407    159.446         34 0.0000e+00
      92972   3873.801     97.330     98.000    22.0483    22.0734   5.176234   5.177969     2.5057     2.1187     100.00   27.34030  -95.02521    0.00885    0.00717     3.6838     3.7078    22.0288    22.0539    36.3484    36.3404    25.2353    25.2220    1502.15    160.472    161.518         32 0.0000e+00
      92982   3874.192     96.337     97.000    22.0507    22.0830   5.175726   5.178501     2.5301     2.1501      98.84   27.33214  -94.99686    0.01476    0.01591     3.7344     3.7789    22.0314    22.0636    36.3405    36.3354    25.2280    25.2150    1501.70    162.672    164.615         43 0.0000e+00
      93021   3875.847     95.344     96.000    22.0649    22.0667   5.176672   5.176842     2.5433     2.1619     100.04   27.33214  -94.99686    0.01419    0.01663     3.7602     3.8064    22.0457    22.0476    36.3365    36.3363    25.2208    25.2202    1501.70    163.797    165.810         33 0.0000e+00
      93127   3880.237     93.358     94.000    22.1563    22.1693   5.186169   5.187062     2.5737     2.1852      96.03   27.34556  -95.04351    0.00910    0.00648     3.8157     3.8516    22.1375    22.1505    36.3423    36.3385    25.2012    25.1946    1502.44    166.221    167.786         35 0.0000e+00
      95529   3980.322     88.393     89.000    22.5214    22.5257   5.222840   5.223223     2.7911     2.3764     100.19   27.38489  -95.18016   -0.00040    0.00065     4.2328     4.2573    22.5034    22.5077    36.3477    36.3472    25.1068    25.1052    1504.60    184.415    185.484         38 0.0000e+00
      95453   3977.164     87.401     88.000    22.4769    22.4838   5.212655   5.213340     2.7865     2.3724      81.18   27.33214  -94.99682    0.00010    0.00091     4.2259     4.2499    22.4592    22.4661    36.2779    36.2775    25.0589    25.0566    1501.70    184.114    185.162         38 0.0000e+00
      96842   4035.033     76.477     77.000    23.1197    23.2412   5.280415   5.293286     2.9003     2.4880      99.97   27.32397  -94.96849    0.00244    0.00274     4.3991     4.4440    23.1039    23.2252    36.2725    36.2719    24.8678    24.8319    1501.25    191.695    193.659         46 0.0000e+00
      98570   4107.062     71.512     72.000    23.5224    23.5481   5.321934   5.323721     2.9978     2.5624      99.93   27.31333  -94.93139    0.00109    0.00131     4.5581     4.5819    23.5074    23.5330    36.2565    36.2624    24.7359    24.7338    1500.67    198.648    199.687         33 0.0000e+00
      98754   4114.708     70.519     71.000    23.5513    23.5766   5.326854   5.329659     3.0029     2.5713     100.00   27.33212  -94.99670    0.00013    0.00204     4.5656     4.5987    23.5365    23.5617    36.2810    36.2818    24.7488    24.7420    1501.70    198.974    200.418         44 0.0000e+00
      98865   4119.314     69.526     70.000    23.6408    23.7045   5.336906   5.343091     3.0165     2.5797     100.00   27.33212  -94.99670    0.00318    0.00183     4.5845     4.6080    23.6261    23.6898    36.2851    36.2834    24.7255    24.7054    1501.70    199.803    200.832         47 0.0000e+00
      98967   4123.568     68.533     69.000    23.7222    23.7886   5.345700   5.351071     3.0255     2.5978     100.00   27.33212  -94.99670    0.00145    0.00517     4.5948     4.6404    23.7077    23.7741    36.2860    36.2830    24.7021    24.6802    1501.70    200.259    202.249         45 0.0000e+00
      99077   4128.150     67.540     68.000    23.7591    23.8625   5.349635   5.360330     3.0388     2.6064     100.00   27.33212  -94.99668    0.00330    0.00316     4.6176     4.6522    23.7448    23.8482    36.2862    36.2883    24.6913    24.6622    1501.70    201.254    202.765         44 0.0000e+00
      99187   4132.737     66.547     67.000    23.8997    23.9449   5.365010   5.370458     3.0532     2.6321     100.00   27.33212  -94.99668    0.00438    0.00755     4.6361     4.6999    23.8856    23.9308    36.2889    36.2931    24.6516    24.6413    1501.70    202.064    204.849         51 0.0000e+00
      99576   4148.942     64.561     65.000    24.1378    24.1499   5.397389   5.398427     3.1203     2.6731      91.07   27.37718  -95.15329    0.00644    0.00296     4.7446     4.7728    24.1240    24.1362    36.3596    36.3649    24.6407    24.6416    1504.18    206.806    208.037         31 0.0000e+00
      99509   4146.161     63.568     64.000    24.1182    24.1499   5.390699   5.394399     3.1259     2.6856      99.17   27.33212  -94.99666    0.00292    0.00300     4.7564     4.7979    24.1046    24.1364    36.3072    36.3084    24.6002    24.5913    1501.70    207.323    209.133         47 0.0000e+00
      99613   4150.519     62.575     63.000    24.1476    24.1970   5.393845   5.399526     3.1399     2.7026      84.09   27.33212  -94.99666    0.00165    0.00307     4.7809     4.8310    24.1342    24.1836    36.3074    36.3103    24.5915    24.5793    1501.70    208.391    210.576         36 0.0000e+00
      99488   4145.308     60.588     61.000    24.1361    24.2807   5.384595   5.400627     3.1585     2.7179      99.68   27.24361  -94.68908    0.00533    0.00247     4.8152     4.8606    24.1231    24.2681    36.1985    36.2339    24.4983    24.4878    1496.84    209.888    211.870         33 0.0000e+00
      99941   4164.171     59.596     60.000    24.3886    24.3979   5.421096   5.422296     3.1891     2.7388     100.00   27.33210  -94.99664    0.00401    0.00200     4.8562     4.8906    24.3796    24.3850    36.3156    36.3215    24.5240    24.5267    1501.70    211.686    213.186         30 0.0000e+00
     100046   4168.551     58.602     59.000    24.4388    24.4382   5.426735   5.424981     3.1995     2.7431     100.00   27.33210  -94.99662    0.00201    0.00248     4.8695     4.8957    24.4258    24.4256    36.3211    36.3104    24.5144    24.5063    1501.70    212.270    213.412         34 0.0000e+00
     100152   4172.973     57.609     58.000    24.5854    24.5596   5.441081   5.438527     3.2011     2.7425     100.00   27.33210  -94.99662   -0.00036   -0.00010     4.8594     4.8823    24.5729    24.5472    36.3105    36.3108    24.4619    24.4696    1501.70    211.838    212.836         46 0.0000e+00
     100265   4177.662     56.616     57.000    24.5766    24.5422   5.440550   5.436736     3.1944     2.7371     100.00   27.33210  -94.99660   -0.00260   -0.00204     4.8464     4.8727    24.5643    24.5299    36.3139    36.3131    24.4671    24.4769    1501.70    211.271    212.414         51 0.0000e+00
     100378   4182.377     55.623     56.000    24.5891    24.7098   5.441718   5.453494     3.1985     2.7467     100.00   27.33210  -94.99660    0.00071    0.00125     4.8528     4.8791    24.5770    24.6977    36.3129    36.3039    24.4625    24.4191    1501.70    211.550    212.708         32 0.0000e+00
     101172   4215.469     54.630     55.000    25.2023    25.2382   5.507465   5.511018     3.2788     2.8062     100.00   27.33209  -94.99655    0.00096   -0.00020     4.9535     4.9616    25.1902    25.2261    36.3106    36.3082    24.2735    24.2607    1501.70    215.978    216.339         39 0.0000e+00
     101514   4229.710     53.637     54.000    25.3345    25.3991   5.521436   5.528763     3.2972     2.8334     100.00   27.33208  -94.99652   -0.00118    0.00047     4.9767     5.0053    25.3226    25.3872    36.3088    36.3114    24.2317    24.2137    1501.70    217.001    218.252         62 0.0000e+00
     102749   4281.167     44.698     45.000    26.1502    26.2206   5.608602   5.615671     3.3901     2.9165      83.05   27.33208  -94.99648    0.00204    0.00162     5.0749     5.1057    26.1401    26.2105    36.3036    36.2995    23.9732    23.9480    1501.70    221.338    222.690         32 0.0000e+00
     103036   4293.141     43.705     44.000    26.3376    26.4989   5.627364   5.644347     3.4049     2.9290      75.51   27.33208  -94.99647    0.00108    0.00197     5.0856     5.1076    26.3276    26.4889    36.2925    36.2887    23.9056    23.8518    1501.70    221.821    222.792         59 0.0000e+00
     106917   4454.831     35.759     36.000    29.1495    29.2862   5.907866   5.918693     3.1865     2.6875     100.40   27.44028  -95.37254    0.00335    0.00360     4.4505     4.4016    29.1408    29.2774    36.1795    36.1516    22.9246    22.8576    1507.65    194.325    192.198         39 0.0000e+00
     108483   4520.088     33.773     34.000    29.3890    29.3941   5.933841   5.934449     3.1598     2.6810     100.41   27.49419  -95.55988   -0.00035   -0.00045     4.3849     4.3822    29.3808    29.3859    36.2134    36.2137    22.8802    22.8787    1510.61    191.476    191.356         38 0.0000e+00
     108033   4501.328     32.780     33.000    29.2141    29.2204   5.898597   5.899290     3.1437     2.6691     100.00   27.33204  -94.99632    0.00074   -0.00001     4.3635     4.3637    29.2061    29.2123    35.9995    35.9996    22.7455    22.7434    1501.70    190.542    190.548         44 0.0000e+00
     108259   4510.737     31.786     32.000    29.2157    29.2229   5.898482   5.898896     3.1401     2.6645     100.00   27.33202  -94.99632   -0.00075    0.00013     4.3564     4.3539    29.2079    29.2151    35.9978    35.9952    22.7436    22.7392    1501.70    190.229    190.122         68 0.0000e+00
     108484   4520.141     30.793     31.000    29.2158    29.2225   5.898239   5.898631     3.1432     2.6652      96.11   27.33202  -94.99631   -0.00050    0.00009     4.3615     4.3548    29.2082    29.2149    35.9963    35.9940    22.7424    22.7384    1501.70    190.454    190.160         44 0.0000e+00
     110823   4617.578     24.833     25.000    29.2591    29.2627   5.904896   5.905260     3.1448     2.6704     100.13   27.36669  -95.11670    0.00013    0.00034     4.3593     4.3608    29.2530    29.2566    36.0334    36.0332    22.7622    22.7608    1503.60    190.358    190.425         37 0.0000e+00
     111158   4631.540     23.840     24.000    29.2215    29.2236   5.897237   5.897347     3.1427     2.6633     100.00   27.33202  -94.99617    0.00043   -0.00131     4.3568     4.3475    29.2156    29.2178    35.9872    35.9864    22.7331    22.7317    1501.70    190.248    189.845         44 0.0000e+00
     111838   4659.872     19.867     20.000    29.2221    29.2248   5.896966   5.897229     3.1442     2.6665     100.00   27.33200  -94.99616    0.00015   -0.00001     4.3574     4.3519    29.2172    29.2199    35.9861    35.9858    22.7317    22.7306    1501.70    190.275    190.034         37 0.0000e+00
     112027   4667.767     18.874     19.000    29.2215    29.2246   5.896919   5.897335     3.1438     2.6660      97.45   27.33200  -94.99616    0.00020    0.00051     4.3561     4.3502    29.2169    29.2200    35.9865    35.9870    22.7321    22.7315    1501.70    190.222    189.959         45 0.0000e+00
     115478   4811.525     13.907     14.000    29.5952    29.6005   5.972469   5.973009     3.1852     2.7064     101.21   27.68410  -96.21991   -0.00063   -0.00036     4.4113     4.4156    29.5918    29.5971    36.4509    36.4506    23.0260    23.0240    1521.05    192.629    192.819         44 0.0000e+00
     114101   4754.184     12.914     13.000    29.2182    29.2227   5.896430   5.897016     3.1435     2.6708      93.09   27.33200  -94.99612    0.00005   -0.00004     4.3527     4.3567    29.2150    29.2195    35.9874    35.9881    22.7334    22.7324    1501.70    190.068    190.247         31 0.0000e+00
     114179   4757.410     11.921     12.000    29.2188    29.2204   5.896508   5.896808     3.1480     2.6702      99.90   27.33200  -94.99612    0.00045   -0.00105     4.3602     4.3552    29.2159    29.2175    35.9878    35.9886    22.7334    22.7335    1501.70    190.400    190.181         64 0.0000e+00
     114250   4760.364     10.927     11.000    29.2198    29.2195   5.896713   5.896697     3.1477     2.6709     100.00   27.33198  -94.99611    0.00068   -0.00010     4.3590     4.3561    29.2171    29.2168    35.9887    35.9889    22.7337    22.7339    1501.70    190.347    190.220         62 0.0000e+00
     114314   4763.062      9.934     10.000    29.2200    29.2194   5.896802   5.896729     3.1447     2.6727     100.00   27.33198  -94.99610   -0.00166    0.00094     4.3531     4.3592    29.2175    29.2169    35.9895    35.9895    22.7342    22.7343    1501.70    190.088    190.356         62 0.0000e+00
     114371   4765.426      8.940      9.000    29.2198    29.2187   5.896801   5.896696     3.1479     2.6742     100.00   27.33198  -94.99610    0.00099    0.00074     4.3584     4.3617    29.2176    29.2165    35.9900    35.9900    22.7345    22.7349    1501.70    190.317    190.466         60 0.0000e+00
     114436   4768.140      7.947      8.000    29.2192    29.2193   5.896703   5.896710     3.1476     2.6724     100.00   27.33198  -94.99610   -0.00007   -0.00090     4.3574     4.3576    29.2172    29.2173    35.9900    35.9900    22.7346    22.7346    1501.70    190.274    190.284         60 0.0000e+00
     114486   4770.209      6.954      7.000    29.2192    29.2186   5.896639   5.896564     3.1482     2.6750      99.93   27.33198  -94.99609    0.00045    0.00100     4.3579     4.3624    29.2175    29.2169    35.9899    35.9898    22.7344    22.7345    1501.70    190.296    190.492         52 0.0000e+00
     114548   4772.803      5.960      6.000    29.2190    29.2191   5.896512   5.896500     3.1471     2.6730     100.00   27.33198  -94.99608   -0.00055   -0.00029     4.3555     4.3577    29.2175    29.2176    35.9894    35.9893    22.7341    22.7340    1501.70    190.192    190.290         61 0.0000e+00
     114751   4781.268      4.967      5.000    29.2150    29.2165   5.895947   5.896038     3.1475     2.6729      93.13   27.33198  -94.99608    0.00002   -0.00008     4.3560     4.3572    29.2138    29.2152    35.9888    35.9885    22.7349    22.7342    1501.70    190.214    190.269         54 0.0000e+00
     116244   4843.471      3.973      4.000    29.2076    29.2081   5.894948   5.895029     3.1459     2.6738      99.88   27.33197  -94.99603   -0.00002    0.00071     4.3532     4.3591    29.2066    29.2071    35.9878    35.9878    22.7365    22.7364    1501.70    190.093    190.351         43 0.0000e+00
