Gulf of Mexico/GOMECC-4/1db/urb2103_0381.cnv
* Sea-Bird SBE 9 Data File:
* FileName = C:\Users\scs.user.rb\CTD\GOMECC4\data\rb2103_0381.hex
* Software Version Seasave V 7.26.7.107
* Temperature SN = 4799
* Conductivity SN = 3860
* Number of Bytes Per Scan = 41
* Number of Voltage Words = 4
* Number of Scans Averaged by the Deck Unit = 1
* NMEA Latitude = 27 35.06 N
* NMEA Longitude = 089 59.95 W
* NMEA UTC (Time) = Sep 25 2021  13:55:17
* NMEA baud rate = 4800
# nquan = 28
# nvalues = 331                         
# units = specified
# name 0 = scan: Scan Count
# name 1 = timeS: Time, Elapsed [seconds]
# name 2 = depSM: Depth [salt water, m]
# name 3 = prDM: Pressure, Digiquartz [db]
# name 4 = t090C: Temperature [ITS-90, deg C]
# name 5 = t190C: Temperature, 2 [ITS-90, deg C]
# name 6 = c0S/m: Conductivity [S/m]
# name 7 = c1S/m: Conductivity, 2 [S/m]
# name 8 = sbeox0V: Oxygen raw, SBE 43 [V]
# name 9 = sbeox1V: Oxygen raw, SBE 43, 2 [V]
# name 10 = altM: Altimeter [m]
# name 11 = latitude: Latitude [deg]
# name 12 = longitude: Longitude [deg]
# name 13 = sbox0dV/dT: Oxygen, SBE 43 [dov/dt]
# name 14 = sbox1dV/dT: Oxygen, SBE 43, 2 [dov/dt]
# name 15 = sbeox0ML/L: Oxygen, SBE 43 [ml/l], WS = 5
# name 16 = sbeox1ML/L: Oxygen, SBE 43, 2 [ml/l], WS = 5
# name 17 = potemp090C: Potential Temperature [ITS-90, deg C]
# name 18 = potemp190C: Potential Temperature, 2 [ITS-90, deg C]
# name 19 = sal00: Salinity, Practical [PSU]
# name 20 = sal11: Salinity, Practical, 2 [PSU]
# name 21 = sigma-é00: Density [sigma-theta, kg/m^3]
# name 22 = sigma-é11: Density, 2 [sigma-theta, kg/m^3]
# name 23 = avgsvCM: Average Sound Velocity [Chen-Millero, m/s], minP = 20, minS = 20
# name 24 = sbox0Mm/Kg: Oxygen, SBE 43 [umol/kg], WS = 5
# name 25 = sbox1Mm/Kg: Oxygen, SBE 43, 2 [umol/kg], WS = 5
# name 26 = nbin: number of scans per bin
# name 27 = flag: flag
# span 0 =      57053,     119433       
# span 1 =   2377.149,   4976.331       
# span 2 =      3.974,   1232.081       
# span 3 =      4.000,   1244.000       
# span 4 =     4.5044,    28.9042       
# span 5 =     4.5047,    28.9048       
# span 6 =   3.352036,   5.930229       
# span 7 =   3.351967,   5.930404       
# span 8 =     1.6094,     3.1668       
# span 9 =     1.3138,     2.6931       
# span 10 =      10.43,     102.95      
# span 11 =   27.54458,   27.98912      
# span 12 =  -91.25569,  -89.81925      
# span 13 =   -0.03401,    0.01780      
# span 14 =   -0.03407,    0.01876      
# span 15 =     2.5713,     4.6768      
# span 16 =     2.5950,     4.7062      
# span 17 =     4.4029,    28.9027      
# span 18 =     4.4032,    28.9034      
# span 19 =    34.8998,    36.7026      
# span 20 =    34.8994,    36.7034      
# span 21 =    23.1265,    27.7109      
# span 22 =    23.1258,    27.7100      
# span 23 =    1497.39,    1521.34      
# span 24 =    111.854,    203.823      
# span 25 =    112.882,    205.105      
# span 26 =         30,         66      
# span 27 = 0.0000e+00, 0.0000e+00      
# interval = decibars: 1                
# start_time = Sep 25 2021 13:55:17 [NMEA time, header]
# bad_flag = -9.990e-29
*END*
      57053   2377.149   1232.081   1244.000     4.5053     4.5057   3.352358   3.352319     1.9424     1.6252      10.43   27.59199  -89.99882    0.00002    0.00004     4.4168     4.4614     4.4032     4.4036    34.9579    34.9570    27.7095    27.7087    1500.39    191.934    193.873         36 0.0000e+00
      57171   2382.076   1227.143   1239.000     4.5049     4.5051   3.352261   3.352188     1.9439     1.6264      15.14   27.59337  -90.00324    0.00025    0.00021     4.4191     4.4635     4.4033     4.4035    34.9596    34.9586    27.7109    27.7100    1500.46    192.035    193.966         31 0.0000e+00
      57204   2383.441   1226.156   1238.000     4.5044     4.5047   3.352036   3.351967     1.9440     1.6263      16.23   27.59202  -89.99880    0.00024    0.00005     4.4190     4.4625     4.4029     4.4032    34.9580    34.9568    27.7096    27.7086    1500.39    192.033    193.923         36 0.0000e+00
      57320   2388.284   1221.218   1233.000     4.5089     4.5093   3.352169   3.352115     1.9447     1.6264      21.08   27.59169  -89.99771    0.00015    0.00008     4.4182     4.4596     4.4078     4.4081    34.9573    34.9563    27.7085    27.7077    1500.37    191.995    193.794         34 0.0000e+00
      57662   2402.554   1207.392   1219.000     4.5320     4.5333   3.353610   3.353625     1.9446     1.6257      34.93   27.59198  -89.99844    0.00011    0.00019     4.4068     4.4456     4.4319     4.4332    34.9568    34.9557    27.7055    27.7044    1500.38    191.502    193.188         32 0.0000e+00
      57811   2408.771   1201.466   1213.000     4.5480     4.5495   3.354734   3.354766     1.9428     1.6246      40.92   27.59187  -89.99797   -0.00034   -0.00009     4.3951     4.4359     4.4484     4.4498    34.9561    34.9549    27.7031    27.7020    1500.38    190.992    192.769         33 0.0000e+00
      57959   2414.934   1195.540   1207.000     4.5576     4.5588   3.355252   3.355271     1.9403     1.6219      46.98   27.59163  -89.99707   -0.00035   -0.00034     4.3813     4.4207     4.4584     4.4596    34.9551    34.9540    27.7012    27.7002    1500.36    190.396    192.108         40 0.0000e+00
      58083   2420.082   1190.602   1202.000     4.5726     4.5739   3.356618   3.356646     1.9394     1.6207      51.88   27.59428  -90.00565   -0.00007   -0.00017     4.3735     4.4115     4.4737     4.4750    34.9578    34.9568    27.7017    27.7008    1500.51    190.054    191.706         38 0.0000e+00
      58117   2421.493   1189.614   1201.000     4.5711     4.5713   3.356207   3.356150     1.9383     1.6189      52.89   27.59216  -89.99874   -0.00031   -0.00070     4.3692     4.4044     4.4723     4.4725    34.9550    34.9542    27.6996    27.6989    1500.39    189.869    191.398         32 0.0000e+00
      58228   2426.144   1184.676   1196.000     4.5914     4.5933   3.357583   3.357662     1.9360     1.6173      57.93   27.59050  -89.99326   -0.00038   -0.00034     4.3560     4.3927     4.4929     4.4948    34.9521    34.9510    27.6950    27.6939    1500.30    189.294    190.891         49 0.0000e+00
      58353   2431.335   1179.737   1191.000     4.6040     4.6044   3.358703   3.358653     1.9331     1.6152      62.80   27.59293  -90.00112   -0.00052   -0.00041     4.3409     4.3801     4.5058     4.5062    34.9546    34.9536    27.6956    27.6947    1500.43    188.640    190.343         42 0.0000e+00
      58503   2437.578   1173.811   1185.000     4.6235     4.6272   3.360020   3.360261     1.9295     1.6113      68.62   27.59192  -89.99776   -0.00057   -0.00073     4.3224     4.3589     4.5257     4.5294    34.9524    34.9513    27.6916    27.6903    1500.37    187.838    189.425         30 0.0000e+00
      58828   2451.132   1160.969   1172.000     4.6647     4.6651   3.363027   3.362959     1.9218     1.6041      81.69   27.59189  -89.99746   -0.00048   -0.00046     4.2826     4.3191     4.5678     4.5681    34.9506    34.9495    27.6855    27.6846    1500.37    186.110    187.693         33 0.0000e+00
      58954   2456.382   1156.030   1167.000     4.6758     4.6780   3.363757   3.363857     1.9196     1.6027      86.63   27.59191  -89.99741   -0.00035   -0.00029     4.2705     4.3093     4.5792     4.5814    34.9500    34.9488    27.6838    27.6825    1500.37    185.583    187.269         31 0.0000e+00
      59079   2461.574   1151.091   1162.000     4.6851     4.6878   3.364386   3.364532     1.9177     1.6006      91.55   27.59222  -89.99837   -0.00027   -0.00032     4.2601     4.2972     4.5889     4.5915    34.9501    34.9489    27.6827    27.6815    1500.38    185.131    186.742         39 0.0000e+00
      59200   2466.625   1146.151   1157.000     4.6987     4.6987   3.365500   3.365411     1.9163     1.5994      85.12   27.59373  -90.00325   -0.00021   -0.00008     4.2504     4.2887     4.6028     4.6028    34.9514    34.9503    27.6822    27.6813    1500.47    184.708    186.373         35 0.0000e+00
      59235   2468.100   1145.163   1156.000     4.6975     4.6978   3.365205   3.365151     1.9152     1.5984      98.50   27.59234  -89.99870   -0.00042   -0.00032     4.2464     4.2844     4.6017     4.6020    34.9496    34.9486    27.6809    27.6801    1500.39    184.535    186.189         36 0.0000e+00
      59351   2472.915   1140.224   1151.000     4.7027     4.7027   3.365369   3.365281     1.9134     1.5971     100.00   27.59163  -89.99636   -0.00034   -0.00025     4.2364     4.2760     4.6073     4.6073    34.9485    34.9475    27.6794    27.6786    1500.35    184.104    185.824         42 0.0000e+00
      59476   2478.133   1135.284   1146.000     4.7060     4.7060   3.365316   3.365237     1.9124     1.5965      99.99   27.59061  -89.99292   -0.00019   -0.00009     4.2300     4.2705     4.6110     4.6110    34.9469    34.9460    27.6777    27.6769    1500.29    183.825    185.584         37 0.0000e+00
      59576   2482.308   1131.332   1142.000     4.7149     4.7156   3.366227   3.366201     1.9124     1.5960     100.00   27.59349  -90.00231   -0.00003   -0.00001     4.2266     4.2651     4.6203     4.6209    34.9502    34.9493    27.6793    27.6785    1500.45    183.678    185.350         31 0.0000e+00
      59608   2483.646   1130.344   1141.000     4.7133     4.7145   3.365930   3.365955     1.9120     1.5957     100.00   27.59239  -89.99868   -0.00003   -0.00021     4.2249     4.2636     4.6188     4.6200    34.9489    34.9479    27.6784    27.6775    1500.39    183.600    185.284         35 0.0000e+00
      59730   2488.727   1125.404   1136.000     4.7295     4.7294   3.367267   3.367179     1.9116     1.5948     100.00   27.59377  -90.00313   -0.00012   -0.00021     4.2185     4.2554     4.6353     4.6352    34.9500    34.9491    27.6775    27.6768    1500.46    183.324    184.928         42 0.0000e+00
      59856   2493.972   1120.465   1131.000     4.7322     4.7324   3.367405   3.367326     1.9097     1.5941     100.01   27.59487  -90.00668   -0.00026   -0.00017     4.2088     4.2496     4.6384     4.6386    34.9513    34.9503    27.6782    27.6773    1500.52    182.903    184.674         41 0.0000e+00
      59891   2495.404   1119.476   1130.000     4.7331     4.7320   3.367168   3.366994     1.9093     1.5938     100.00   27.59244  -89.99868   -0.00020   -0.00005     4.2068     4.2483     4.6394     4.6383    34.9480    34.9472    27.6754    27.6749    1500.39    182.817    184.618         31 0.0000e+00
      59976   2498.975   1115.524   1126.000     4.7480     4.7486   3.368485   3.368451     1.9097     1.5930     100.01   27.59423  -90.00450    0.00010   -0.00020     4.2041     4.2410     4.6545     4.6552    34.9498    34.9487    27.6752    27.6742    1500.49    182.699    184.302         30 0.0000e+00
      60009   2500.351   1114.536   1125.000     4.7472     4.7478   3.368185   3.368162     1.9089     1.5920      99.95   27.59246  -89.99867   -0.00011   -0.00040     4.2009     4.2368     4.6539     4.6544    34.9475    34.9466    27.6734    27.6726    1500.39    182.560    184.121         38 0.0000e+00
      60131   2505.405   1109.596   1120.000     4.7636     4.7643   3.369376   3.369363     1.9068     1.5902      94.06   27.59235  -89.99823   -0.00037   -0.00025     4.1891     4.2252     4.6706     4.6713    34.9467    34.9458    27.6708    27.6700    1500.38    182.046    183.618         37 0.0000e+00
      60256   2510.644   1104.656   1115.000     4.7862     4.7874   3.371285   3.371311     1.9046     1.5879     100.00   27.59384  -90.00307   -0.00035   -0.00048     4.1756     4.2108     4.6934     4.6946    34.9478    34.9468    27.6692    27.6683    1500.46    181.461    182.990         38 0.0000e+00
      60289   2512.016   1103.667   1114.000     4.7848     4.7858   3.370980   3.370973     1.9031     1.5866     100.00   27.59250  -89.99866   -0.00055   -0.00069     4.1705     4.2060     4.6921     4.6931    34.9461    34.9450    27.6680    27.6670    1500.39    181.238    182.781         30 0.0000e+00
      60406   2516.875   1098.727   1109.000     4.7960     4.7965   3.371642   3.371602     1.9007     1.5849      99.89   27.59160  -89.99569   -0.00043   -0.00032     4.1578     4.1954     4.7037     4.7042    34.9445    34.9435    27.6654    27.6645    1500.34    180.688    182.321         37 0.0000e+00
      60533   2522.157   1093.786   1104.000     4.8037     4.8065   3.372141   3.372306     1.8995     1.5843      95.60   27.59220  -89.99756   -0.00012   -0.00009     4.1501     4.1892     4.7118     4.7145    34.9448    34.9439    27.6647    27.6637    1500.37    180.354    182.051         38 0.0000e+00
      60660   2527.438   1088.845   1099.000     4.8268     4.8269   3.373903   3.373837     1.8977     1.5815     100.00   27.59186  -89.99645   -0.00020   -0.00030     4.1385     4.1734     4.7351     4.7352    34.9436    34.9426    27.6611    27.6603    1500.35    179.850    181.368         35 0.0000e+00
      60789   2532.818   1083.905   1094.000     4.8411     4.8442   3.375016   3.375213     1.8948     1.5791      95.91   27.59262  -89.99885   -0.00052   -0.00045     4.1238     4.1592     4.7497     4.7529    34.9440    34.9430    27.6597    27.6586    1500.39    179.213    180.752         34 0.0000e+00
      60942   2539.188   1077.975   1088.000     4.8622     4.8685   3.376606   3.377066     1.8923     1.5771      86.32   27.59258  -89.99866   -0.00035   -0.00020     4.1094     4.1459     4.7712     4.7775    34.9434    34.9421    27.6568    27.6550    1500.39    178.587    180.174         32 0.0000e+00
      61144   2547.644   1070.069   1080.000     4.9100     4.9109   3.380458   3.380447     1.8883     1.5722     100.00   27.59280  -89.99932   -0.00061   -0.00073     4.0856     4.1180     4.8194     4.8203    34.9419    34.9409    27.6502    27.6493    1500.40    177.553    178.964         31 0.0000e+00
      61269   2552.854   1065.128   1075.000     4.9411     4.9434   3.383079   3.383197     1.8843     1.5682     100.00   27.59397  -90.00305   -0.00059   -0.00067     4.0653     4.0964     4.8507     4.8530    34.9424    34.9413    27.6469    27.6458    1500.46    176.673    178.023         34 0.0000e+00
      61304   2554.299   1064.140   1074.000     4.9384     4.9419   3.382655   3.382872     1.8823     1.5659     100.00   27.59262  -89.99866   -0.00079   -0.00107     4.0583     4.0876     4.8481     4.8516    34.9407    34.9395    27.6459    27.6446    1500.39    176.367    177.643         36 0.0000e+00
      61423   2559.248   1059.198   1069.000     4.9650     4.9660   3.384807   3.384812     1.8775     1.5629     100.00   27.59329  -90.00078   -0.00085   -0.00061     4.0358     4.0709     4.8749     4.8759    34.9403    34.9394    27.6425    27.6416    1500.43    175.390    176.914         38 0.0000e+00
      61456   2560.640   1058.210   1068.000     4.9629     4.9638   3.384507   3.384505     1.8758     1.5617     100.00   27.59264  -89.99865   -0.00113   -0.00071     4.0295     4.0659     4.8730     4.8738    34.9395    34.9386    27.6421    27.6412    1500.39    175.116    176.700         30 0.0000e+00
      61575   2565.564   1053.268   1063.000     4.9738     4.9736   3.385245   3.385159     1.8736     1.5591     100.00   27.59290  -89.99943   -0.00044   -0.00050     4.0180     4.0525     4.8842     4.8840    34.9392    34.9384    27.6406    27.6399    1500.40    174.619    176.117         35 0.0000e+00
      61781   2574.185   1045.361   1055.000     4.9979     5.0074   3.386968   3.387760     1.8707     1.5566     100.00   27.59265  -89.99854   -0.00033   -0.00068     4.0012     4.0350     4.9089     4.9183    34.9378    34.9371    27.6366    27.6349    1500.39    173.889    175.359         32 0.0000e+00
      61905   2579.327   1040.420   1050.000     5.0214     5.0210   3.388951   3.388843     1.8679     1.5527     100.00   27.59396  -90.00278   -0.00042   -0.00077     3.9860     4.0164     4.9327     4.9323    34.9388    34.9379    27.6346    27.6340    1500.46    173.229    174.547         33 0.0000e+00
      61937   2580.657   1039.431   1049.000     5.0199     5.0207   3.388644   3.388629     1.8663     1.5521     100.00   27.59271  -89.99865   -0.00070   -0.00063     3.9805     4.0134     4.9313     4.9320    34.9372    34.9363    27.6335    27.6327    1500.39    172.986    174.420         34 0.0000e+00
      62083   2586.760   1033.501   1043.000     5.0347     5.0356   3.389620   3.389637     1.8631     1.5506     100.00   27.59240  -89.99755   -0.00045   -0.00039     3.9644     4.0034     4.9465     4.9474    34.9361    34.9353    27.6308    27.6301    1500.37    172.289    173.983         33 0.0000e+00
      62238   2593.207   1027.570   1037.000     5.0483     5.0495   3.390588   3.390611     1.8613     1.5487     100.00   27.59275  -89.99861   -0.00024   -0.00020     3.9536     3.9912     4.9605     4.9617    34.9360    34.9351    27.6292    27.6283    1500.39    171.818    173.457         35 0.0000e+00
      62364   2598.454   1022.628   1032.000     5.0680     5.0690   3.392119   3.392143     1.8600     1.5468      81.60   27.59296  -89.99923   -0.00021   -0.00039     3.9446     3.9795     4.9805     4.9815    34.9357    34.9349    27.6266    27.6259    1500.40    171.431    172.949         34 0.0000e+00
      62492   2603.788   1017.685   1027.000     5.0932     5.0946   3.394163   3.394195     1.8575     1.5439      93.63   27.59342  -90.00067   -0.00037   -0.00057     3.9303     3.9634     5.0060     5.0074    34.9354    34.9344    27.6234    27.6225    1500.42    170.809    172.247         36 0.0000e+00
      62614   2608.868   1012.743   1022.000     5.1127     5.1127   3.395657   3.395603     1.8546     1.5417     100.00   27.59384  -90.00198   -0.00041   -0.00033     3.9155     3.9506     5.0258     5.0258    34.9351    34.9342    27.6208    27.6202    1500.45    170.168    171.693         30 0.0000e+00
      62646   2610.208   1011.754   1021.000     5.1079     5.1124   3.395126   3.395419     1.8534     1.5408     100.00   27.59282  -89.99864   -0.00058   -0.00041     3.9117     3.9469     5.0211     5.0256    34.9342    34.9329    27.6207    27.6191    1500.39    170.002    171.532         37 0.0000e+00
      62769   2615.318   1006.811   1016.000     5.1423     5.1448   3.397893   3.398025     1.8506     1.5386     100.00   27.59268  -89.99812   -0.00043   -0.00041     3.8959     3.9324     5.0557     5.0582    34.9327    34.9316    27.6154    27.6143    1500.38    169.314    170.900         31 0.0000e+00
      63004   2625.135    997.914   1007.000     5.1697     5.1709   3.399904   3.399947     1.8434     1.5315     100.00   27.59298  -89.99898   -0.00057   -0.00053     3.8636     3.8985     5.0837     5.0850    34.9318    34.9310    27.6114    27.6107    1500.40    167.912    169.429         33 0.0000e+00
