Gulf of Mexico/GOMECC-4/1db/urb2103_0421.cnv
* Sea-Bird SBE 9 Data File:
* FileName = C:\Users\scs.user.rb\CTD\GOMECC4\data\rb2103_0421.hex
* Software Version Seasave V 7.26.7.107
* Temperature SN = 4799
* Conductivity SN = 3860
* Number of Bytes Per Scan = 41
* Number of Voltage Words = 4
* Number of Scans Averaged by the Deck Unit = 1
* NMEA Latitude = 28 14.68 N
* NMEA Longitude = 089 59.18 W
* NMEA UTC (Time) = Sep 26 2021  04:34:16
* NMEA baud rate = 4800
# nquan = 28
# nvalues = 143                         
# units = specified
# name 0 = scan: Scan Count
# name 1 = timeS: Time, Elapsed [seconds]
# name 2 = depSM: Depth [salt water, m]
# name 3 = prDM: Pressure, Digiquartz [db]
# name 4 = t090C: Temperature [ITS-90, deg C]
# name 5 = t190C: Temperature, 2 [ITS-90, deg C]
# name 6 = c0S/m: Conductivity [S/m]
# name 7 = c1S/m: Conductivity, 2 [S/m]
# name 8 = sbeox0V: Oxygen raw, SBE 43 [V]
# name 9 = sbeox1V: Oxygen raw, SBE 43, 2 [V]
# name 10 = altM: Altimeter [m]
# name 11 = latitude: Latitude [deg]
# name 12 = longitude: Longitude [deg]
# name 13 = sbox0dV/dT: Oxygen, SBE 43 [dov/dt]
# name 14 = sbox1dV/dT: Oxygen, SBE 43, 2 [dov/dt]
# name 15 = sbeox0ML/L: Oxygen, SBE 43 [ml/l], WS = 5
# name 16 = sbeox1ML/L: Oxygen, SBE 43, 2 [ml/l], WS = 5
# name 17 = potemp090C: Potential Temperature [ITS-90, deg C]
# name 18 = potemp190C: Potential Temperature, 2 [ITS-90, deg C]
# name 19 = sal00: Salinity, Practical [PSU]
# name 20 = sal11: Salinity, Practical, 2 [PSU]
# name 21 = sigma-é00: Density [sigma-theta, kg/m^3]
# name 22 = sigma-é11: Density, 2 [sigma-theta, kg/m^3]
# name 23 = avgsvCM: Average Sound Velocity [Chen-Millero, m/s], minP = 20, minS = 20
# name 24 = sbox0Mm/Kg: Oxygen, SBE 43 [umol/kg], WS = 5
# name 25 = sbox1Mm/Kg: Oxygen, SBE 43, 2 [umol/kg], WS = 5
# name 26 = nbin: number of scans per bin
# name 27 = flag: flag
# span 0 =      16352,      40781       
# span 1 =    681.275,   1699.181       
# span 2 =      1.987,    189.638       
# span 3 =      2.000,    191.000       
# span 4 =    14.2869,    28.5568       
# span 5 =    14.2868,    28.5561       
# span 6 =   4.322347,   5.851611       
# span 7 =   4.322188,   5.851588       
# span 8 =     1.8458,     3.1349       
# span 9 =     1.5283,     2.6653       
# span 10 =      10.83,     101.56      
# span 11 =   28.10685,   28.40474      
# span 12 =  -90.49381,  -89.54476      
# span 13 =   -0.00573,    0.01827      
# span 14 =   -0.00574,    0.01677      
# span 15 =     2.7561,     4.3863      
# span 16 =     2.7854,     4.3932      
# span 17 =    14.2602,    28.5559      
# span 18 =    14.2600,    28.5551      
# span 19 =    35.8572,    36.9443      
# span 20 =    35.8553,    36.9437      
# span 21 =    22.9597,    26.7980      
# span 22 =    22.9598,    26.7983      
# span 23 =    1521.44,    1537.57      
# span 24 =    119.877,    191.472      
# span 25 =    121.152,    191.776      
# span 26 =         30,         72      
# span 27 = 0.0000e+00, 0.0000e+00      
# interval = decibars: 1                
# start_time = Sep 26 2021 04:34:16 [NMEA time, header]
# bad_flag = -9.990e-29
*END*
[from data line 104]
      27427   1142.760     68.528     69.000    24.9926    24.9481   5.540412   5.535911     2.6950     2.2795     100.01   28.24562  -89.98756    0.00192    0.00356     3.8354     3.8516    24.9776    24.9331    36.7206    36.7238    24.6491    24.6651    1528.97    167.168    167.870         62 0.0000e+00
      27484   1145.145     67.535     68.000    25.0176    25.0024   5.542905   5.541011     2.7002     2.2810      99.85   28.24562  -89.98756    0.00230    0.00148     3.8433     3.8512    25.0028    24.9876    36.7198    36.7180    24.6408    24.6441    1528.97    167.513    167.859         48 0.0000e+00
      30135   1255.567     58.598     59.000    26.1898    26.0866   5.663008   5.653795     2.8801     2.4277      88.30   28.27481  -90.08020    0.00361    0.00122     4.1015     4.0884    26.1766    26.0734    36.6770    36.6968    24.2476    24.2960    1530.54    178.840    178.261         56 0.0000e+00
      30164   1256.807     57.605     58.000    26.1594    26.0685   5.657192   5.648129     2.8790     2.4248     100.17   28.24576  -89.98760    0.00135   -0.00086     4.1010     4.0816    26.1463    26.0554    36.6473    36.6535    24.2308    24.2641    1528.97    178.816    177.964         56 0.0000e+00
      30222   1259.203     56.612     57.000    26.1545    26.1592   5.655842   5.655847     2.8819     2.4400      96.16   28.24576  -89.98761    0.00100    0.00348     4.1067     4.1066    26.1417    26.1464    36.6414    36.6377    24.2278    24.2235    1528.97    179.066    179.064         65 0.0000e+00
      30289   1261.995     55.619     56.000    26.2820    26.2837   5.667886   5.667603     2.8926     2.4589      96.68   28.24576  -89.98762    0.00274    0.00775     4.1172     4.1380    26.2693    26.2711    36.6280    36.6245    24.1774    24.1742    1528.97    179.534    180.439         59 0.0000e+00
      30344   1264.310     54.626     55.000    26.3280    26.3363   5.672006   5.672922     2.9010     2.4628      93.10   28.24576  -89.98762    0.00413    0.00359     4.1295     4.1420    26.3155    26.3239    36.6217    36.6217    24.1580    24.1554    1528.97    180.072    180.621         60 0.0000e+00
      30412   1267.129     53.633     54.000    26.4513    26.4433   5.683315   5.681808     2.9183     2.4735      96.10   28.24576  -89.98762    0.00588    0.00247     4.1527     4.1567    26.4390    26.4310    36.6061    36.6030    24.1072    24.1074    1528.97    181.095    181.267         61 0.0000e+00
      30471   1269.596     52.640     53.000    26.5412    26.5165   5.692056   5.689429     2.9279     2.4868      99.99   28.24576  -89.98762    0.00418    0.00598     4.1643     4.1790    26.5292    26.5044    36.5985    36.5991    24.0728    24.0812    1528.97    181.605    182.244         62 0.0000e+00
      30534   1272.223     51.647     52.000    26.5994    26.5955   5.697344   5.696281     2.9449     2.4915      93.33   28.24578  -89.98762    0.00610    0.00223     4.1911     4.1831    26.5875    26.5837    36.5911    36.5892    24.0487    24.0484    1528.97    182.778    182.430         65 0.0000e+00
      30602   1275.027     50.654     51.000    26.6705    26.6647   5.703296   5.702083     2.9529     2.5050      97.84   28.24578  -89.98762    0.00338    0.00414     4.2017     4.2063    26.6587    26.6530    36.5780    36.5738    24.0162    24.0148    1528.97    183.246    183.447         64 0.0000e+00
      30659   1277.399     49.660     50.000    26.7677    26.7485   5.710525   5.708646     2.9624     2.5146      88.44   28.24578  -89.98762    0.00369    0.00465     4.2115     4.2202    26.7562    26.7370    36.5538    36.5554    23.9668    23.9741    1528.97    183.682    184.060         58 0.0000e+00
      30728   1280.275     48.667     49.000    26.8410    26.7953   5.716012   5.712413     2.9762     2.5228     100.38   28.24578  -89.98763    0.00501    0.00276     4.2315     4.2336    26.8301    26.7841    36.5358    36.5459    23.9296    23.9519    1528.97    184.562    184.652         68 0.0000e+00
      30788   1282.771     47.674     48.000    26.8695    26.8785   5.718082   5.718476     2.9815     2.5340      93.60   28.24578  -89.98764    0.00228    0.00442     4.2393     4.2510    26.8585    26.8675    36.5286    36.5243    23.9150    23.9089    1528.97    184.906    185.416         57 0.0000e+00
      30853   1285.484     46.681     47.000    26.9476    26.8981   5.724257   5.720111     2.9924     2.5415     101.31   28.24579  -89.98764    0.00413    0.00285     4.2536     4.2647    26.9368    26.8873    36.5118    36.5210    23.8773    23.9001    1528.97    185.534    186.017         49 0.0000e+00
      32219   1342.398     42.709     43.000    27.3117    27.2334   5.751549   5.744293     3.0336     2.5751      99.89   28.21451  -89.88787    0.00077    0.00031     4.3013     4.3089    27.3017    27.2234    36.4047    36.4295    23.6734    23.7188    1527.27    187.647    187.973         35 0.0000e+00
      32359   1348.237     41.716     42.000    27.4657    27.4427   5.767808   5.764560     3.0523     2.5989     100.00   28.24584  -89.98768    0.00273    0.00502     4.3246     4.3445    27.4559    27.4329    36.4171    36.4152    23.6384    23.6449    1528.97    188.675    189.541         43 0.0000e+00
      32458   1352.387     40.722     41.000    27.5657    27.5795   5.775636   5.776059     3.0674     2.6058     100.00   28.24584  -89.98768    0.00313    0.00202     4.3454     4.3484    27.5561    27.5699    36.3970    36.3900    23.5907    23.5811    1528.97    189.592    189.727         37 0.0000e+00
      32547   1356.063     39.729     40.000    27.6337    27.6052   5.781108   5.777868     3.0760     2.6135     100.00   28.24585  -89.98768    0.00184    0.00244     4.3556     4.3618    27.6243    27.5959    36.3829    36.3829    23.5579    23.5672    1528.97    190.042    190.314         43 0.0000e+00
      32620   1359.137     38.736     39.000    27.6767    27.6624   5.784862   5.783189     3.0777     2.6148     100.00   28.24586  -89.98768    0.00028    0.00052     4.3553     4.3603    27.6675    27.6533    36.3782    36.3765    23.5403    23.5436    1528.97    190.035    190.251         51 0.0000e+00
      32685   1361.845     37.743     38.000    27.7512    27.7346   5.791611   5.790229     3.0849     2.6185     100.00   28.24586  -89.98769    0.00160    0.00137     4.3624     4.3622    27.7423    27.7257    36.3674    36.3709    23.5077    23.5158    1528.97    190.351    190.342         50 0.0000e+00
      32752   1364.604     36.750     37.000    27.8006    27.8336   5.795796   5.797596     3.0900     2.6247     100.00   28.24586  -89.98768    0.00285    0.00098     4.3675     4.3676    27.7919    27.8248    36.3595    36.3466    23.4856    23.4652    1528.97    190.577    190.587         49 0.0000e+00
      32807   1366.905     35.757     36.000    27.8636    27.9118   5.801061   5.804926     3.0919     2.6318     100.00   28.24586  -89.98768    0.00066    0.00352     4.3662     4.3762    27.8551    27.9033    36.3482    36.3383    23.4565    23.4332    1528.97    190.524    190.964         43 0.0000e+00
      34455   1435.579     29.798     30.000    28.3457    28.3624   5.835866   5.837013     3.1189     2.6482     100.02   28.25188  -90.00681    0.00043    0.00014     4.3784     4.3772    28.3385    28.3553    36.2286    36.2232    23.2085    23.1989    1529.29    191.105    191.053         72 0.0000e+00
      34533   1438.840     28.804     29.000    28.3817    28.3846   5.836868   5.837045     3.1207     2.6512     100.00   28.24588  -89.98772    0.00085    0.00119     4.3787     4.3809    28.3748    28.3777    36.2037    36.2026    23.1766    23.1748    1528.97    191.125    191.219         45 0.0000e+00
      34601   1441.647     27.811     28.000    28.3788    28.3813   5.835660   5.835357     3.1210     2.6474     100.00   28.24588  -89.98772    0.00033   -0.00136     4.3795     4.3731    28.3721    28.3746    36.1988    36.1979    23.1738    23.1723    1528.97    191.156    190.879         37 0.0000e+00
      34695   1445.573     26.818     27.000    28.4002    28.4043   5.834188   5.834302     3.1213     2.6488     100.00   28.24588  -89.98772   -0.00015    0.00017     4.3782     4.3744    28.3938    28.3979    36.1714    36.1690    23.1461    23.1428    1528.97    191.109    190.943         50 0.0000e+00
      36774   1532.209     18.872     19.000    28.3805    28.3819   5.816583   5.816666     3.1119     2.6443      99.95   28.23196  -89.94330    0.00062   -0.00063     4.3604     4.3646    28.3760    28.3773    36.0571    36.0567    23.0634    23.0626    1528.22    190.343    190.527         36 0.0000e+00
      38288   1595.271     12.913     13.000    28.2584    28.2596   5.791000   5.791209     3.0991     2.6330      94.12   28.10685  -89.54476   -0.00073   -0.00112     4.3395     4.3428    28.2553    28.2564    35.8977    35.8983    22.9597    22.9598    1521.44    189.430    189.574         46 0.0000e+00
      38586   1607.690     11.920     12.000    28.3980    28.3989   5.819499   5.819702     3.1181     2.6491      89.59   28.24588  -89.98770    0.00136    0.00021     4.3671     4.3699    28.3951    28.3960    36.0747    36.0754    23.0729    23.0731    1528.97    190.635    190.758         42 0.0000e+00
      38678   1611.557     10.926     11.000    28.3981    28.3991   5.819370   5.819593     3.1190     2.6515      86.31   28.24588  -89.98770    0.00047    0.00047     4.3682     4.3743    28.3955    28.3965    36.0740    36.0748    23.0722    23.0725    1528.97    190.683    190.950         32 0.0000e+00
      38766   1615.213      9.933     10.000    28.3991    28.3998   5.819344   5.819471     3.1180     2.6500     100.56   28.24588  -89.98770   -0.00035    0.00008     4.3657     4.3706    28.3967    28.3974    36.0734    36.0737    23.0714    23.0713    1528.97    190.577    190.789         32 0.0000e+00
      38840   1618.302      8.940      9.000    28.4005    28.4020   5.819409   5.819621     3.1170     2.6487     100.00   28.24588  -89.98770   -0.00053   -0.00041     4.3633     4.3674    28.3984    28.3998    36.0730    36.0734    23.0705    23.0703    1528.97    190.472    190.651         33 0.0000e+00
      38933   1622.152      7.946      8.000    28.4015    28.4026   5.819470   5.819669     3.1172     2.6510     100.00   28.24588  -89.98770    0.00011    0.00135     4.3632     4.3715    28.3995    28.4007    36.0731    36.0736    23.0702    23.0702    1528.97    190.465    190.827         47 0.0000e+00
      38983   1624.252      6.953      7.000    28.4040    28.4062   5.819723   5.820045     3.1161     2.6485      98.86   28.24588  -89.98770   -0.00070   -0.00021     4.3603     4.3655    28.4023    28.4045    36.0732    36.0738    23.0693    23.0691    1528.97    190.342    190.569         35 0.0000e+00
      39073   1628.006      5.960      6.000    28.4028    28.4052   5.819557   5.819891     3.1176     2.6507      92.34   28.24588  -89.98770    0.00023    0.00058     4.3627     4.3697    28.4013    28.4038    36.0733    36.0737    23.0697    23.0693    1528.97    190.443    190.750         56 0.0000e+00
      40015   1667.255      3.973      4.000    28.5568    28.5561   5.851611   5.851588     3.1349     2.6653      96.94   28.40474  -90.49381   -0.00020    0.00047     4.3863     4.3932    28.5559    28.5551    36.2764    36.2768    23.2013    23.2019    1537.57    191.472    191.776         45 0.0000e+00
      40715   1696.421      2.980      3.000    28.3896    28.3856   5.818004   5.817698     3.1174     2.6490      46.47   28.24587  -89.98769   -0.00056    0.00004     4.3617     4.3661    28.3888    28.3849    36.0734    36.0742    23.0739    23.0759    1528.97    190.402    190.590         39 0.0000e+00
      40781   1699.181      1.987      2.000    28.3874    28.3845   5.817363   5.817348     3.1180     2.6514     101.56   28.24586  -89.98768    0.00055    0.00067     4.3631     4.3702    28.3869    28.3840    36.0735    36.0742    23.0747    23.0762    1528.97    190.462    190.772         32 0.0000e+00
