Gulf of Mexico/GOMECC-4/1db/urb2103_0901.cnv
* Sea-Bird SBE 9 Data File:
* FileName = C:\Users\scs.user.rb\CTD\GOMECC4\data\rb2103_0901.hex
* Software Version Seasave V 7.26.7.107
* Temperature SN = 4799
* Conductivity SN = 3860
* Number of Bytes Per Scan = 41
* Number of Voltage Words = 4
* Number of Scans Averaged by the Deck Unit = 1
* NMEA Latitude = 22 00.00 N
* NMEA Longitude = 092 55.04 W
* NMEA UTC (Time) = Oct 09 2021  18:18:51
* NMEA baud rate = 4800
# nquan = 28
# nvalues = 547                         
# units = specified
# name 0 = scan: Scan Count
# name 1 = timeS: Time, Elapsed [seconds]
# name 2 = depSM: Depth [salt water, m]
# name 3 = prDM: Pressure, Digiquartz [db]
# name 4 = t090C: Temperature [ITS-90, deg C]
# name 5 = t190C: Temperature, 2 [ITS-90, deg C]
# name 6 = c0S/m: Conductivity [S/m]
# name 7 = c1S/m: Conductivity, 2 [S/m]
# name 8 = sbeox0V: Oxygen raw, SBE 43 [V]
# name 9 = sbeox1V: Oxygen raw, SBE 43, 2 [V]
# name 10 = altM: Altimeter [m]
# name 11 = latitude: Latitude [deg]
# name 12 = longitude: Longitude [deg]
# name 13 = sbox0dV/dT: Oxygen, SBE 43 [dov/dt]
# name 14 = sbox1dV/dT: Oxygen, SBE 43, 2 [dov/dt]
# name 15 = sbeox0ML/L: Oxygen, SBE 43 [ml/l], WS = 5
# name 16 = sbeox1ML/L: Oxygen, SBE 43, 2 [ml/l], WS = 5
# name 17 = potemp090C: Potential Temperature [ITS-90, deg C]
# name 18 = potemp190C: Potential Temperature, 2 [ITS-90, deg C]
# name 19 = sal00: Salinity, Practical [PSU]
# name 20 = sal11: Salinity, Practical, 2 [PSU]
# name 21 = sigma-é00: Density [sigma-theta, kg/m^3]
# name 22 = sigma-é11: Density, 2 [sigma-theta, kg/m^3]
# name 23 = avgsvCM: Average Sound Velocity [Chen-Millero, m/s], minP = 20, minS = 20
# name 24 = sbox0Mm/Kg: Oxygen, SBE 43 [umol/kg], WS = 5
# name 25 = sbox1Mm/Kg: Oxygen, SBE 43, 2 [umol/kg], WS = 5
# name 26 = nbin: number of scans per bin
# name 27 = flag: flag
# span 0 =     102685,     249293       
# span 1 =   4278.514,  10387.184       
# span 2 =      0.994,   3244.223       
# span 3 =      1.000,   3290.000       
# span 4 =     4.2783,    32.6736       
# span 5 =     4.2792,    32.5625       
# span 6 =   3.346164,   6.355095       
# span 7 =   3.346143,   6.369083       
# span 8 =     1.5594,     3.2930       
# span 9 =     1.2621,     2.7786       
# span 10 =      12.63,     102.94      
# span 11 =   21.66222,   22.73281      
# span 12 =  -95.99649,  -91.47596      
# span 13 =   -0.00273,    0.01645      
# span 14 =   -0.00335,    0.01106      
# span 15 =     2.3642,     4.6359      
# span 16 =     2.3727,     4.6378      
# span 17 =     4.0794,    32.5434      
# span 18 =     4.0803,    32.5623      
# span 19 =    34.9177,    37.1400      
# span 20 =    34.9166,    37.2939      
# span 21 =    22.4485,    27.7576      
# span 22 =    22.4490,    27.7567      
# span 23 =    1479.67,    1552.80      
# span 24 =    102.893,    201.448      
# span 25 =    103.263,    201.531      
# span 26 =         30,         80      
# span 27 = 0.0000e+00, 0.0000e+00      
# interval = decibars: 1                
# start_time = Oct 09 2021 18:18:51 [NMEA time, header]
# bad_flag = -9.990e-29
*END*
[from data line 363]
     204243   8510.090    301.884    304.000    12.5056    12.4850   4.121992   4.120144     1.6439     1.3381     100.00   22.00245  -92.91550    0.00083    0.00055     2.3995     2.4132    12.4645    12.4439    35.5808    35.5790    26.9499    26.9526    1502.95    104.349    104.947         44 0.0000e+00
     204341   8514.165    300.891    303.000    12.5051    12.5044   4.122320   4.122701     1.6453     1.3384      63.16   22.00245  -92.91550    0.00034    0.00015     2.4025     2.4127    12.4641    12.4634    35.5802    35.5823    26.9496    26.9513    1502.95    104.480    104.922         42 0.0000e+00
     204434   8518.062    299.899    302.000    12.5150    12.5108   4.123397   4.122922     1.6456     1.3394      98.59   22.00246  -92.91550    0.00015    0.00024     2.4023     2.4147    12.4741    12.4699    35.5822    35.5818    26.9491    26.9497    1502.95    104.470    105.012         58 0.0000e+00
     204532   8522.142    298.907    301.000    12.5378    12.5407   4.126238   4.126064     1.6466     1.3408      96.54   22.00246  -92.91550    0.00023    0.00041     2.4032     2.4166    12.4969    12.4999    35.5886    35.5851    26.9496    26.9463    1502.95    104.510    105.091         41 0.0000e+00
     205059   8544.078    297.915    300.000    12.5996    12.5962   4.132552   4.132018     1.6478     1.3431      68.53   22.00247  -92.91549   -0.00002    0.00034     2.4027     2.4200    12.5588    12.5554    35.5952    35.5935    26.9425    26.9418    1502.95    104.491    105.241         43 0.0000e+00
     205749   8572.825    296.922    299.000    12.6460    12.6461   4.138296   4.138308     1.6496     1.3445     100.18   22.00248  -92.91548   -0.00010    0.00009     2.4042     2.4206    12.6052    12.6054    35.6034    35.6034    26.9396    26.9396    1502.95    104.553    105.268         57 0.0000e+00
     205807   8575.231    295.930    298.000    12.6513    12.6509   4.138874   4.138826     1.6500     1.3437      99.89   22.00248  -92.91548    0.00015   -0.00032     2.4046     2.4178    12.6106    12.6102    35.6044    35.6043    26.9394    26.9394    1502.95    104.570    105.147         65 0.0000e+00
     205861   8577.505    294.938    297.000    12.6786    12.6719   4.141726   4.141171     1.6508     1.3443     100.00   22.00248  -92.91548    0.00029   -0.00002     2.4048     2.4181    12.6380    12.6314    35.6065    35.6074    26.9356    26.9376    1502.95    104.580    105.158         46 0.0000e+00
     205904   8579.283    293.945    296.000    12.7219    12.7124   4.146541   4.145467     1.6521     1.3453     100.00   22.00248  -92.91548    0.00049    0.00047     2.4054     2.4183    12.6814    12.6719    35.6132    35.6116    26.9321    26.9327    1502.95    104.610    105.171         38 0.0000e+00
     205941   8580.826    292.953    295.000    12.7592    12.7556   4.150821   4.150350     1.6534     1.3466      76.96   22.00248  -92.91548    0.00076    0.00061     2.4064     2.4192    12.7188    12.7151    35.6187    35.6176    26.9289    26.9288    1502.95    104.650    105.209         39 0.0000e+00
     205980   8582.470    291.961    294.000    12.7901    12.7892   4.154313   4.154052     1.6548     1.3477      97.25   22.00248  -92.91548    0.00087    0.00074     2.4079     2.4203    12.7497    12.7488    35.6235    35.6219    26.9265    26.9254    1502.95    104.719    105.255         38 0.0000e+00
     206015   8583.902    290.968    293.000    12.8270    12.8358   4.158495   4.159521     1.6558     1.3493     100.06   22.00248  -92.91548    0.00080    0.00088     2.4079     2.4220    12.7867    12.7960    35.6293    35.6305    26.9235    26.9226    1502.95    104.717    105.332         31 0.0000e+00
     206099   8587.432    288.984    291.000    12.8971    12.8909   4.166899   4.166085     1.6586     1.3516      62.69   22.00519  -92.92691    0.00086    0.00092     2.4104     2.4244    12.8569    12.8507    35.6457    35.6437    26.9224    26.9221    1503.13    104.828    105.434         33 0.0000e+00
     206107   8587.755    287.991    290.000    12.9261    12.9128   4.169687   4.168098     1.6598     1.3516     101.32   22.00248  -92.91548    0.00114    0.00073     2.4118     2.4229    12.8855    12.8727    35.6449    35.6417    26.9159    26.9159    1502.95    104.887    105.372         31 0.0000e+00
     206507   8604.398    273.105    275.000    13.3812    13.3882   4.221486   4.222282     1.6769     1.3678      93.47   22.00315  -92.91821    0.00167    0.00145     2.4245     2.4370    13.3423    13.3493    35.7169    35.7178    26.8787    26.8780    1502.99    105.445    105.988         30 0.0000e+00
     207839   8659.905    222.484    224.000    15.1034    15.1159   4.419838   4.421227     1.7540     1.4376     100.00   22.00270  -92.91623    0.00362    0.00321     2.5013     2.5149    15.0690    15.0815    35.9834    35.9846    26.7152    26.7134    1502.96    108.800    109.393         31 0.0000e+00
     207971   8665.398    217.520    219.000    15.2487    15.2625   4.436723   4.438332     1.7608     1.4435     100.00   22.00275  -92.91637    0.00131    0.00103     2.5078     2.5208    15.2149    15.2286    36.0058    36.0078    26.7000    26.6985    1502.96    109.085    109.650         30 0.0000e+00
     208314   8679.694    205.607    207.000    15.5863    15.6139   4.476335   4.479320     1.7763     1.4563     100.01   22.00449  -92.92372    0.00119    0.00117     2.5217     2.5314    15.5545    15.5814    36.0604    36.0628    26.6658    26.6615    1503.08    109.693    110.118         35 0.0000e+00
     208387   8682.770    204.614    206.000    15.5019    15.5091   4.465984   4.466662     1.7743     1.4558     100.00   22.00254  -92.91546   -0.00036   -0.00001     2.5218     2.5357    15.4697    15.4769    36.0443    36.0438    26.6724    26.6704    1502.95    109.696    110.304         48 0.0000e+00
     208482   8686.726    203.622    205.000    15.5848    15.6062   4.475287   4.478436     1.7751     1.4568     100.00   22.00254  -92.91546    0.00014    0.00006     2.5186     2.5325    15.5527    15.5741    36.0529    36.0617    26.6602    26.6622    1502.95    109.561    110.165         46 0.0000e+00
     208591   8691.257    202.629    204.000    15.5803    15.5796   4.475194   4.475065     1.7773     1.4574     100.00   22.00254  -92.91546    0.00062   -0.00011     2.5238     2.5353    15.5484    15.5476    36.0566    36.0561    26.6640    26.6638    1502.95    109.786    110.287         33 0.0000e+00
     208691   8695.437    201.636    203.000    15.7041    15.6708   4.488646   4.485554     1.7791     1.4594     100.00   22.00254  -92.91544    0.00048    0.00047     2.5208     2.5352    15.6708    15.6389    36.0683    36.0677    26.6452    26.6520    1502.95    109.656    110.282         36 0.0000e+00
     208803   8700.081    200.643    202.000    15.7662    15.7244   4.496724   4.491926     1.7816     1.4604     100.00   22.00254  -92.91544    0.00051    0.00037     2.5228     2.5348    15.7341    15.6926    36.0820    36.0765    26.6413    26.6466    1502.95    109.745    110.265         41 0.0000e+00
     210479   8769.930    197.665    199.000    15.9268    15.9197   4.516079   4.515448     1.7820     1.4619     100.01   22.00478  -92.92480    0.00005   -0.00003     2.5139     2.5270    15.8951    15.8881    36.1112    36.1096    26.6272    26.6275    1503.10    109.357    109.929         56 0.0000e+00
     210517   8771.504    196.672    198.000    15.9273    15.9234   4.515660   4.515251     1.7823     1.4627     100.00   22.00256  -92.91541    0.00019    0.00030     2.5142     2.5287    15.8958    15.8919    36.1070    36.1073    26.6235    26.6247    1502.95    109.374    110.004         50 0.0000e+00
     210577   8774.006    195.679    197.000    15.9320    15.9323   4.516262   4.516317     1.7825     1.4623     100.00   22.00256  -92.91541    0.00010    0.00000     2.5141     2.5269    15.9007    15.9009    36.1078    36.1080    26.6230    26.6232    1502.95    109.367    109.923         68 0.0000e+00
     210639   8776.585    194.687    196.000    15.9392    15.9428   4.517139   4.517576     1.7828     1.4628     100.00   22.00256  -92.91540    0.00008    0.00008     2.5141     2.5271    15.9080    15.9116    36.1095    36.1101    26.6227    26.6223    1502.95    109.370    109.933         44 0.0000e+00
     210675   8778.092    193.694    195.000    16.0005    16.0020   4.524087   4.524347     1.7843     1.4642     100.00   22.00257  -92.91540    0.00039    0.00040     2.5139     2.5272    15.9694    15.9709    36.1163    36.1173    26.6137    26.6142    1502.95    109.360    109.941         35 0.0000e+00
     210713   8779.653    192.701    194.000    16.0473    16.0482   4.529694   4.529450     1.7875     1.4684     100.00   22.00258  -92.91540    0.00119    0.00129     2.5188     2.5353    16.0170    16.0172    36.1236    36.1217    26.6084    26.6069    1502.95    109.576    110.291         38 0.0000e+00
     210750   8781.218    191.708    193.000    16.0868    16.0967   4.534179   4.535121     1.7913     1.4708     100.00   22.00258  -92.91540    0.00210    0.00218     2.5249     2.5386    16.0559    16.0658    36.1288    36.1282    26.6034    26.6007    1502.95    109.840    110.436         37 0.0000e+00
     210785   8782.678    190.715    192.000    16.1794    16.1683   4.545002   4.543839     1.7948     1.4738     100.00   22.00258  -92.91540    0.00238    0.00192     2.5277     2.5421    16.1485    16.1374    36.1416    36.1414    26.5918    26.5942    1502.95    109.962    110.588         33 0.0000e+00
     210874   8786.371    187.736    189.000    16.2974    16.2929   4.559296   4.558898     1.8030     1.4805     100.00   22.00262  -92.91558    0.00222    0.00190     2.5393     2.5517    16.2669    16.2623    36.1629    36.1636    26.5807    26.5822    1502.95    110.469    111.008         30 0.0000e+00
     210905   8787.661    186.744    188.000    16.3177    16.3168   4.561766   4.561512     1.8056     1.4824     100.00   22.00258  -92.91540    0.00222    0.00157     2.5439     2.5549    16.2873    16.2864    36.1669    36.1654    26.5789    26.5780    1502.95    110.669    111.149         33 0.0000e+00
     210937   8789.012    185.751    187.000    16.3490    16.3453   4.565288   4.564927     1.8076     1.4831     100.00   22.00258  -92.91540    0.00197    0.00117     2.5465     2.5549    16.3187    16.3150    36.1702    36.1703    26.5742    26.5751    1502.95    110.782    111.148         32 0.0000e+00
     211040   8793.304    182.772    184.000    16.4808    16.4810   4.581017   4.580927     1.8118     1.4886     100.00   22.00412  -92.92191    0.00117    0.00157     2.5478     2.5608    16.4508    16.4511    36.1921    36.1912    26.5602    26.5595    1503.06    110.843    111.406         30 0.0000e+00
     211058   8794.029    181.779    183.000    16.5044    16.5031   4.583306   4.583207     1.8126     1.4890     100.00   22.00258  -92.91540    0.00081    0.00121     2.5483     2.5603    16.4745    16.4733    36.1908    36.1910    26.5535    26.5539    1502.95    110.862    111.385         33 0.0000e+00
     211158   8798.217    178.801    180.000    16.5735    16.5748   4.591734   4.591840     1.8145     1.4907      98.48   22.00370  -92.92012    0.00047    0.00045     2.5477     2.5599    16.5441    16.5454    36.2043    36.2039    26.5475    26.5469    1503.03    110.839    111.367         32 0.0000e+00
     211310   8804.547    175.822    177.000    16.5747    16.5945   4.592226   4.594697     1.8143     1.4917      89.51   22.00609  -92.93020   -0.00001    0.00014     2.5464     2.5606    16.5475    16.5661    36.2086    36.2109    26.5504    26.5471    1503.19    110.780    111.401         44 0.0000e+00
     211366   8806.859    174.829    176.000    16.5367    16.5652   4.586955   4.590340     1.8143     1.4914     100.11   22.00258  -92.91540    0.00004   -0.00008     2.5481     2.5610    16.5079    16.5364    36.1969    36.2008    26.5503    26.5466    1502.95    110.854    111.416         40 0.0000e+00
     211464   8810.945    173.836    175.000    16.5487    16.5565   4.587883   4.589515     1.8153     1.4908     100.00   22.00258  -92.91539    0.00026   -0.00002     2.5498     2.5596    16.5201    16.5279    36.1976    36.2010    26.5480    26.5487    1502.95    110.929    111.355         38 0.0000e+00
     211549   8814.500    172.843    174.000    16.6174    16.6134   4.596344   4.595686     1.8162     1.4913      75.82   22.00258  -92.91538    0.00004   -0.00003     2.5474     2.5575    16.5888    16.5849    36.2069    36.2053    26.5389    26.5386    1502.95    110.825    111.264         50 0.0000e+00
     211654   8818.856    171.850    173.000    16.6492    16.6871   4.600178   4.604756     1.8182     1.4947      66.09   22.00260  -92.91538   -0.00001    0.00047     2.5499     2.5621    16.6208    16.6587    36.2129    36.2199    26.5360    26.5324    1502.95    110.937    111.464         54 0.0000e+00
     211744   8822.617    170.858    172.000    16.7584    16.7483   4.613692   4.612512     1.8221     1.4982      97.37   22.00260  -92.91538    0.00074    0.00062     2.5546     2.5674    16.7309    16.7202    36.2332    36.2302    26.5254    26.5255    1502.95    111.141    111.698         40 0.0000e+00
     212633   8859.678    168.871    170.000    16.9329    16.9340   4.633171   4.633579     1.8100     1.4852      94.72   22.00358  -92.91945   -0.00012   -0.00061     2.5137     2.5239    16.9047    16.9058    36.2516    36.2514    26.4983    26.4979    1503.02    109.365    109.808         48 0.0000e+00
     213108   8879.462    167.878    169.000    16.9988    16.9983   4.641050   4.640987     1.8019     1.4784      99.93   22.00262  -92.91536   -0.00019   -0.00018     2.4918     2.5029    16.9707    16.9702    36.2585    36.2584    26.4877    26.4877    1502.95    108.410    108.896         72 0.0000e+00
     213189   8882.817    166.885    168.000    17.0154    17.0108   4.642823   4.642437     1.8002     1.4773      99.92   22.00262  -92.91536   -0.00053   -0.00038     2.4866     2.4990    16.9875    16.9829    36.2592    36.2588    26.4842    26.4850    1502.95    108.187    108.726         71 0.0000e+00
     213259   8885.737    165.893    167.000    17.0579    17.0618   4.647294   4.648072     1.7965     1.4732     100.00   22.00262  -92.91536   -0.00097   -0.00105     2.4756     2.4862    17.0300    17.0339    36.2608    36.2628    26.4752    26.4758    1502.95    107.708    108.168         75 0.0000e+00
     213335   8888.912    164.899    166.000    17.1423    17.1422   4.656682   4.657201     1.7902     1.4656      89.87   22.00262  -92.91536   -0.00203   -0.00257     2.4563     2.4625    17.1145    17.1145    36.2674    36.2720    26.4600    26.4635    1502.95    106.869    107.142         73 0.0000e+00
     213404   8891.774    163.906    165.000    17.2153    17.2059   4.665830   4.665124     1.7907     1.4680      99.94   22.00262  -92.91536   -0.00051    0.00015     2.4534     2.4648    17.1876    17.1785    36.2821    36.2844    26.4536    26.4577    1502.95    106.746    107.241         67 0.0000e+00
     213479   8894.918    162.914    164.000    17.2417    17.2484   4.669171   4.669905     1.7968     1.4747      81.92   22.00262  -92.91536    0.00198    0.00218     2.4655     2.4794    17.2141    17.2211    36.2872    36.2888    26.4511    26.4509    1502.95    107.272    107.878         69 0.0000e+00
     213551   8897.908    161.920    163.000    17.2883    17.2944   4.674309   4.675304     1.7994     1.4767      99.75   22.00262  -92.91536    0.00101    0.00102     2.4687     2.4817    17.2609    17.2670    36.2912    36.2944    26.4429    26.4438    1502.95    107.412    107.979         74 0.0000e+00
