Gulf of Mexico/GOMECC-4/1db/urb2103_0531.cnv
* Sea-Bird SBE 9 Data File:
* FileName = C:\Users\scs.user.rb\CTD\GOMECC4\data\rb2103_0531.hex
* Software Version Seasave V 7.26.7.107
* Temperature SN = 4799
* Conductivity SN = 3860
* Number of Bytes Per Scan = 41
* Number of Voltage Words = 4
* Number of Scans Averaged by the Deck Unit = 1
* NMEA Latitude = 27 19.96 N
* NMEA Longitude = 095 00.01 W
* NMEA UTC (Time) = Sep 28 2021  09:37:15
* NMEA baud rate = 4800
# nquan = 28
# nvalues = 209                         
# units = specified
# name 0 = scan: Scan Count
# name 1 = timeS: Time, Elapsed [seconds]
# name 2 = depSM: Depth [salt water, m]
# name 3 = prDM: Pressure, Digiquartz [db]
# name 4 = t090C: Temperature [ITS-90, deg C]
# name 5 = t190C: Temperature, 2 [ITS-90, deg C]
# name 6 = c0S/m: Conductivity [S/m]
# name 7 = c1S/m: Conductivity, 2 [S/m]
# name 8 = sbeox0V: Oxygen raw, SBE 43 [V]
# name 9 = sbeox1V: Oxygen raw, SBE 43, 2 [V]
# name 10 = altM: Altimeter [m]
# name 11 = latitude: Latitude [deg]
# name 12 = longitude: Longitude [deg]
# name 13 = sbox0dV/dT: Oxygen, SBE 43 [dov/dt]
# name 14 = sbox1dV/dT: Oxygen, SBE 43, 2 [dov/dt]
# name 15 = sbeox0ML/L: Oxygen, SBE 43 [ml/l], WS = 5
# name 16 = sbeox1ML/L: Oxygen, SBE 43, 2 [ml/l], WS = 5
# name 17 = potemp090C: Potential Temperature [ITS-90, deg C]
# name 18 = potemp190C: Potential Temperature, 2 [ITS-90, deg C]
# name 19 = sal00: Salinity, Practical [PSU]
# name 20 = sal11: Salinity, Practical, 2 [PSU]
# name 21 = sigma-é00: Density [sigma-theta, kg/m^3]
# name 22 = sigma-é11: Density, 2 [sigma-theta, kg/m^3]
# name 23 = avgsvCM: Average Sound Velocity [Chen-Millero, m/s], minP = 20, minS = 20
# name 24 = sbox0Mm/Kg: Oxygen, SBE 43 [umol/kg], WS = 5
# name 25 = sbox1Mm/Kg: Oxygen, SBE 43, 2 [umol/kg], WS = 5
# name 26 = nbin: number of scans per bin
# name 27 = flag: flag
# span 0 =      47308,     116726       
# span 1 =   1971.144,   4863.525       
# span 2 =      1.987,   1095.784       
# span 3 =      2.000,   1106.000       
# span 4 =     4.6691,    29.5952       
# span 5 =     4.6690,    29.6005       
# span 6 =   3.360456,   5.972469       
# span 7 =   3.360281,   5.973009       
# span 8 =     1.5863,     3.4049       
# span 9 =     1.2905,     2.9290       
# span 10 =      13.16,     101.21      
# span 11 =   27.24361,   27.68410      
# span 12 =  -96.21991,  -94.68908      
# span 13 =   -0.00649,    0.01766      
# span 14 =   -0.00663,    0.01967      
# span 15 =     2.4381,     5.0856      
# span 16 =     2.4632,     5.1076      
# span 17 =     4.5781,    29.5918      
# span 18 =     4.5780,    29.5971      
# span 19 =    34.9093,    36.5265      
# span 20 =    34.9076,    36.5267      
# span 21 =    22.7317,    27.6838      
# span 22 =    22.7306,    27.6824      
# span 23 =    1496.84,    1521.05      
# span 24 =    106.021,    221.821      
# span 25 =    107.114,    222.792      
# span 26 =         30,         71      
# span 27 = 0.0000e+00, 0.0000e+00      
# interval = decibars: 1                
# start_time = Sep 28 2021 09:37:15 [NMEA time, header]
# bad_flag = -9.990e-29
*END*
[from data line 52]
      57034   2376.369    912.895    921.000     5.7338     5.7346   3.445837   3.445746     1.7555     1.4503     100.00   27.33243  -94.99805    0.00011    0.00009     3.4675     3.5023     5.6518     5.6527    34.9145    34.9126    27.5291    27.5274    1501.70    150.709    152.222         51 0.0000e+00
      57077   2378.160    911.906    920.000     5.7358     5.7355   3.446163   3.445901     1.7555     1.4502     100.00   27.33248  -94.99818    0.00002   -0.00014     3.4668     3.5010     5.6539     5.6536    34.9145    34.9126    27.5288    27.5274    1501.70    150.678    152.165         30 0.0000e+00
      57142   2380.856    909.928    918.000     5.7594     5.7589   3.448025   3.447837     1.7554     1.4504     100.00   27.33298  -94.99992   -0.00002    0.00012     3.4633     3.4988     5.6776     5.6771    34.9143    34.9126    27.5257    27.5244    1501.73    150.528    152.073         40 0.0000e+00
      57180   2382.454    908.939    917.000     5.7613     5.7624   3.448101   3.448010     1.7545     1.4494     100.00   27.33248  -94.99818   -0.00019   -0.00025     3.4598     3.4944     5.6796     5.6807    34.9137    34.9116    27.5250    27.5232    1501.70    150.376    151.880         36 0.0000e+00
      57213   2383.846    907.950    916.000     5.7630     5.7610   3.448117   3.447847     1.7540     1.4484      72.51   27.33248  -94.99818   -0.00041   -0.00056     3.4570     3.4906     5.6813     5.6794    34.9134    34.9120    27.5245    27.5236    1501.70    150.253    151.716         33 0.0000e+00
      57248   2385.308    906.961    915.000     5.7644     5.7642   3.448302   3.448118     1.7534     1.4478      99.93   27.33248  -94.99818   -0.00046   -0.00060     3.4549     3.4877     5.6828     5.6826    34.9138    34.9120    27.5247    27.5233    1501.70    150.163    151.589         38 0.0000e+00
      57285   2386.850    905.972    914.000     5.7661     5.7659   3.448393   3.448217     1.7529     1.4477     100.00   27.33248  -94.99818   -0.00036   -0.00040     3.4526     3.4867     5.6846     5.6844    34.9136    34.9118    27.5243    27.5229    1501.70    150.062    151.544         35 0.0000e+00
      57320   2388.286    904.983    913.000     5.7670     5.7670   3.448433   3.448273     1.7528     1.4472     100.00   27.33248  -94.99818   -0.00028   -0.00021     3.4515     3.4842     5.6856     5.6856    34.9136    34.9118    27.5241    27.5227    1501.70    150.015    151.438         36 0.0000e+00
      57359   2389.926    903.994    912.000     5.7677     5.7676   3.448436   3.448282     1.7524     1.4470      60.61   27.33248  -94.99818   -0.00016   -0.00023     3.4500     3.4833     5.6864     5.6863    34.9134    34.9117    27.5239    27.5226    1501.70    149.949    151.395         41 0.0000e+00
      57396   2391.461    903.005    911.000     5.7679     5.7688   3.448412   3.448356     1.7523     1.4471     100.59   27.33248  -94.99818   -0.00012   -0.00006     3.4491     3.4833     5.6867     5.6876    34.9134    34.9118    27.5239    27.5225    1501.70    149.913    151.397         32 0.0000e+00
      57428   2392.778    902.016    910.000     5.7707     5.7720   3.448623   3.448575     1.7521     1.4469     100.00   27.33248  -94.99818   -0.00015   -0.00001     3.4478     3.4816     5.6895     5.6909    34.9134    34.9115    27.5235    27.5219    1501.70    149.854    151.322         33 0.0000e+00
      57465   2394.314    901.027    909.000     5.7730     5.7737   3.448781   3.448679     1.7522     1.4469     100.00   27.33248  -94.99818   -0.00005   -0.00008     3.4473     3.4808     5.6919     5.6926    34.9133    34.9115    27.5232    27.5216    1501.70    149.833    151.289         39 0.0000e+00
      58367   2431.916    865.417    873.000     5.9492     5.9521   3.462996   3.463031     1.7355     1.4300     100.00   27.33223  -94.99726   -0.00039   -0.00058     3.3595     3.3876     5.8704     5.8733    34.9103    34.9077    27.4984    27.4959    1501.69    146.019    147.243         30 0.0000e+00
      58890   2453.698    844.642    852.000     6.0723     6.0759   3.473251   3.473388     1.7199     1.4154     100.00   27.33211  -94.99689   -0.00087   -0.00086     3.2879     3.3151     5.9948     5.9983    34.9097    34.9076    27.4820    27.4799    1501.68    142.910    144.091         34 0.0000e+00
      59014   2458.866    839.695    847.000     6.1115     6.1105   3.476581   3.476346     1.7151     1.4099      89.57   27.33165  -94.99532   -0.00081   -0.00104     3.2665     3.2902     6.0342     6.0332    34.9093    34.9077    27.4766    27.4755    1501.66    141.980    143.009         36 0.0000e+00
      59139   2464.082    834.748    842.000     6.1256     6.1262   3.477703   3.477621     1.7104     1.4068     100.00   27.33243  -94.99805   -0.00083   -0.00050     3.2478     3.2757     6.0486     6.0493    34.9100    34.9084    27.4754    27.4740    1501.70    141.168    142.379         33 0.0000e+00
      59262   2469.193    829.801    837.000     6.1504     6.1520   3.479791   3.479769     1.7091     1.4058     100.00   27.33250  -94.99826   -0.00016   -0.00012     3.2392     3.2678     6.0738     6.0754    34.9105    34.9085    27.4725    27.4708    1501.70    140.797    142.040         30 0.0000e+00
      59540   2480.776    818.917    826.000     6.1910     6.1908   3.482955   3.482779     1.7025     1.4004     100.00   27.33156  -94.99506   -0.00050   -0.00041     3.2095     3.2406     6.1152     6.1150    34.9097    34.9079    27.4665    27.4651    1501.65    139.504    140.857         30 0.0000e+00
      60932   2538.806    816.938    824.000     6.2332     6.2306   3.486724   3.486341     1.6935     1.3931      99.99   27.33053  -94.99145   -0.00002    0.00003     3.1755     3.2106     6.1574     6.1548    34.9095    34.9079    27.4609    27.4599    1501.60    138.029    139.553         38 0.0000e+00
      60971   2540.427    815.949    823.000     6.2364     6.2363   3.487174   3.487006     1.6940     1.3932     100.00   27.33240  -94.99796    0.00005    0.00008     3.1764     3.2100     6.1606     6.1605    34.9120    34.9103    27.4625    27.4611    1501.70    138.065    139.527         31 0.0000e+00
      61007   2541.933    814.959    822.000     6.2386     6.2390   3.487336   3.487228     1.6944     1.3932     100.00   27.33240  -94.99796    0.00023    0.00002     3.1772     3.2093     6.1629     6.1633    34.9121    34.9104    27.4622    27.4609    1501.70    138.102    139.498         38 0.0000e+00
      61070   2544.533    813.970    821.000     6.2393     6.2390   3.487358   3.487183     1.6943     1.3929     100.00   27.33240  -94.99796    0.00008   -0.00006     3.1764     3.2077     6.1637     6.1634    34.9121    34.9104    27.4621    27.4609    1501.70    138.068    139.429         38 0.0000e+00
      61136   2547.305    811.991    819.000     6.2530     6.2519   3.488511   3.488253     1.6940     1.3924     100.00   27.33210  -94.99691   -0.00005   -0.00016     3.1736     3.2043     6.1775     6.1764    34.9119    34.9101    27.4602    27.4589    1501.68    137.943    139.279         43 0.0000e+00
      61265   2552.679    807.044    814.000     6.2918     6.2912   3.492004   3.491797     1.6927     1.3904     100.00   27.33342  -95.00151   -0.00019   -0.00037     3.1637     3.1915     6.2166     6.2160    34.9138    34.9121    27.4567    27.4554    1501.76    137.517    138.725         31 0.0000e+00
      61389   2557.821    802.096    809.000     6.3184     6.3179   3.494035   3.493828     1.6891     1.3870     100.00   27.33138  -94.99438   -0.00057   -0.00063     3.1478     3.1755     6.2435     6.2430    34.9117    34.9098    27.4514    27.4500    1501.64    136.826    138.027         33 0.0000e+00
      61487   2561.928    798.138    805.000     6.3331     6.3333   3.495423   3.495289     1.6871     1.3858     100.00   27.33363  -95.00222   -0.00052   -0.00035     3.1384     3.1682     6.2585     6.2588    34.9143    34.9125    27.4515    27.4501    1501.77    136.415    137.713         32 0.0000e+00
      62552   2606.290    755.582    762.000     6.5632     6.5630   3.514572   3.514366     1.6702     1.3695      91.66   27.33325  -95.00085   -0.00052   -0.00055     3.0476     3.0747     6.4915     6.4913    34.9138    34.9117    27.4203    27.4187    1501.75    132.471    133.653         31 0.0000e+00
      62673   2611.331    750.633    757.000     6.6121     6.6141   3.518800   3.518797     1.6679     1.3675     100.00   27.33303  -95.00008   -0.00035   -0.00023     3.0341     3.0618     6.5406     6.5426    34.9134    34.9113    27.4134    27.4115    1501.73    131.888    133.092         30 0.0000e+00
      62972   2623.809    738.755    745.000     6.7153     6.7168   3.527914   3.527855     1.6592     1.3600      40.55   27.33278  -94.99926   -0.00033   -0.00043     2.9933     3.0230     6.6444     6.6459    34.9152    34.9131    27.4009    27.3990    1501.72    130.117    131.405         30 0.0000e+00
      63097   2629.004    733.806    740.000     6.7564     6.7569   3.531571   3.531453     1.6554     1.3557     100.00   27.33350  -95.00177   -0.00076   -0.00085     2.9760     3.0027     6.6858     6.6863    34.9164    34.9146    27.3962    27.3947    1501.76    129.365    130.526         32 0.0000e+00
      63127   2630.233    732.816    739.000     6.7527     6.7560   3.531056   3.531166     1.6540     1.3548     100.00   27.33238  -94.99788   -0.00077   -0.00079     2.9715     2.9996     6.6823     6.6855    34.9148    34.9127    27.3954    27.3933    1501.70    129.170    130.391         30 0.0000e+00
      65180   2715.805    714.997    721.000     6.8832     6.8865   3.542432   3.542624     1.6428     1.3455     100.00   27.33191  -94.99616    0.00014    0.00035     2.9187     2.9504     6.8139     6.8171    34.9167    34.9155    27.3789    27.3775    1501.67    126.877    128.255         34 0.0000e+00
      65305   2721.001    710.048    716.000     6.9164     6.9162   3.545397   3.545196     1.6425     1.3443     100.00   27.33199  -94.99645   -0.00019   -0.00043     2.9134     2.9419     6.8473     6.8472    34.9182    34.9161    27.3755    27.3739    1501.68    126.646    127.885         31 0.0000e+00
      65834   2743.032    689.257    695.000     7.1084     7.1124   3.563017   3.563231     1.6302     1.3324     100.00   27.33209  -94.99681   -0.00038   -0.00051     2.8519     2.8784     7.0405     7.0444    34.9277    34.9260    27.3562    27.3544    1501.68    123.972    125.128         30 0.0000e+00
      66435   2768.076    665.493    671.000     7.3361     7.3349   3.584002   3.583720     1.6170     1.3199     100.00   27.33313  -95.00046   -0.00031   -0.00036     2.7847     2.8107     7.2695     7.2683    34.9387    34.9369    27.3326    27.3313    1501.74    121.056    122.188         33 0.0000e+00
      66557   2773.170    660.542    666.000     7.3768     7.3737   3.587672   3.587215     1.6155     1.3185      82.39   27.33241  -94.99796   -0.00020   -0.00029     2.7753     2.8016     7.3105     7.3074    34.9404    34.9386    27.3281    27.3271    1501.70    120.649    121.792         33 0.0000e+00
      67326   2805.191    629.843    635.000     7.6766     7.6769   3.615873   3.615784     1.6018     1.3055     100.00   27.33242  -94.99795   -0.00019   -0.00022     2.7005     2.7252     7.6121     7.6124    34.9601    34.9588    27.3000    27.2990    1501.70    117.398    118.474         30 0.0000e+00
      67624   2817.636    620.930    626.000     7.7273     7.7353   3.620193   3.620925     1.5975     1.3021      99.99   27.33033  -94.99071   -0.00042   -0.00038     2.6809     2.7068     7.6634     7.6714    34.9613    34.9599    27.2934    27.2911    1501.59    116.546    117.676         39 0.0000e+00
      67918   2829.887    619.939    625.000     7.7387     7.7369   3.621591   3.621323     1.5974     1.3030     100.00   27.33238  -94.99779    0.00014    0.00036     2.6790     2.7093     7.6749     7.6731    34.9643    34.9620    27.2942    27.2926    1501.70    116.466    117.782         38 0.0000e+00
      68886   2870.200    615.978    621.000     7.7806     7.7789   3.625705   3.625343     1.5976     1.3027     100.00   27.33287  -94.99954    0.00022    0.00007     2.6754     2.7038     7.7171     7.7154    34.9688    34.9667    27.2915    27.2901    1501.73    116.307    117.545         36 0.0000e+00
      69010   2875.395    611.026    616.000     7.8493     7.8523   3.632330   3.632429     1.5969     1.3016      99.51   27.33176  -94.99568   -0.00001   -0.00002     2.6666     2.6933     7.7860     7.7889    34.9737    34.9718    27.2852    27.2832    1501.67    115.926    117.090         39 0.0000e+00
      69135   2880.582    606.073    611.000     7.9080     7.9030   3.637868   3.637201     1.5943     1.2981      98.17   27.33017  -94.99014   -0.00039   -0.00047     2.6529     2.6766     7.8450     7.8400    34.9767    34.9746    27.2787    27.2777    1501.58    115.334    116.361         36 0.0000e+00
      69243   2885.080    602.111    607.000     7.9511     7.9535   3.642269   3.642361     1.5934     1.2973     100.00   27.33350  -95.00176   -0.00022   -0.00017     2.6456     2.6690     7.8883     7.8906    34.9834    34.9820    27.2776    27.2762    1501.76    115.015    116.034         33 0.0000e+00
      69365   2890.185    597.158    602.000     8.0097     8.0136   3.647651   3.647841     1.5925     1.2972      99.99   27.33074  -94.99216    0.00001   -0.00005     2.6373     2.6631     7.9471     7.9510    34.9846    34.9828    27.2697    27.2677    1501.61    114.657    115.777         32 0.0000e+00
      69471   2894.582    593.196    598.000     8.0907     8.0904   3.655911   3.655603     1.5926     1.2970     100.00   27.33233  -94.99771    0.00014    0.00005     2.6306     2.6557     8.0282     8.0279    34.9944    34.9915    27.2653    27.2630    1501.70    114.363    115.454         31 0.0000e+00
      70085   2920.154    569.422    574.000     8.3662     8.3639   3.682958   3.682522     1.5888     1.2941     100.00   27.33205  -94.99664    0.00008    0.00012     2.5922     2.6196     8.3051     8.3029    35.0201    35.0178    27.2433    27.2418    1501.68    112.697    113.888         30 0.0000e+00
      70191   2924.584    565.459    570.000     8.3887     8.3868   3.685267   3.684936     1.5875     1.2926     100.01   27.33391  -95.00315   -0.00035   -0.00023     2.5851     2.6119     8.3280     8.3261    35.0245    35.0228    27.2433    27.2423    1501.79    112.390    113.552         31 0.0000e+00
      70318   2929.855    560.506    565.000     8.4218     8.4196   3.688449   3.688094     1.5874     1.2921     100.00   27.33371  -95.00246    0.00005   -0.00006     2.5810     2.6063     8.3615     8.3593    35.0277    35.0261    27.2407    27.2397    1501.77    112.209    113.312         31 0.0000e+00
      70470   2936.219    554.562    559.000     8.5336     8.5384   3.699490   3.699821     1.5872     1.2925     100.00   27.33205  -94.99671   -0.00004    0.00006     2.5710     2.5976     8.4735     8.4782    35.0365    35.0353    27.2301    27.2284    1501.68    111.778    112.935         33 0.0000e+00
      70598   2941.552    549.608    554.000     8.6319     8.6356   3.709427   3.709669     1.5870     1.2914     100.00   27.33224  -94.99738    0.00005   -0.00010     2.5621     2.5860     8.5719     8.5756    35.0466    35.0456    27.2227    27.2213    1501.69    111.389    112.431         32 0.0000e+00
      70729   2946.983    544.654    549.000     8.7474     8.7485   3.721450   3.721367     1.5869     1.2905     100.01   27.33393  -95.00321    0.00015   -0.00011     2.5524     2.5741     8.6875     8.6886    35.0619    35.0599    27.2166    27.2149    1501.79    110.970    111.912         32 0.0000e+00
