Gulf of Mexico/GOMECC-4/1db/urb2103_0341.cnv
* Sea-Bird SBE 9 Data File:
* FileName = C:\Users\scs.user.rb\CTD\GOMECC4\data\rb2103_0341.hex
* Software Version Seasave V 7.26.7.107
* Temperature SN = 4799
* Conductivity SN = 3860
* Number of Bytes Per Scan = 41
* Number of Voltage Words = 4
* Number of Scans Averaged by the Deck Unit = 1
* NMEA Latitude = 29 03.10 N
* NMEA Longitude = 087 31.28 W
* NMEA UTC (Time) = Sep 24 2021  06:51:00
* NMEA baud rate = 4800
# nquan = 28
# nvalues = 181                         
# units = specified
# name 0 = scan: Scan Count
# name 1 = timeS: Time, Elapsed [seconds]
# name 2 = depSM: Depth [salt water, m]
# name 3 = prDM: Pressure, Digiquartz [db]
# name 4 = t090C: Temperature [ITS-90, deg C]
# name 5 = t190C: Temperature, 2 [ITS-90, deg C]
# name 6 = c0S/m: Conductivity [S/m]
# name 7 = c1S/m: Conductivity, 2 [S/m]
# name 8 = sbeox0V: Oxygen raw, SBE 43 [V]
# name 9 = sbeox1V: Oxygen raw, SBE 43, 2 [V]
# name 10 = altM: Altimeter [m]
# name 11 = latitude: Latitude [deg]
# name 12 = longitude: Longitude [deg]
# name 13 = sbox0dV/dT: Oxygen, SBE 43 [dov/dt]
# name 14 = sbox1dV/dT: Oxygen, SBE 43, 2 [dov/dt]
# name 15 = sbeox0ML/L: Oxygen, SBE 43 [ml/l], WS = 5
# name 16 = sbeox1ML/L: Oxygen, SBE 43, 2 [ml/l], WS = 5
# name 17 = potemp090C: Potential Temperature [ITS-90, deg C]
# name 18 = potemp190C: Potential Temperature, 2 [ITS-90, deg C]
# name 19 = sal00: Salinity, Practical [PSU]
# name 20 = sal11: Salinity, Practical, 2 [PSU]
# name 21 = sigma-é00: Density [sigma-theta, kg/m^3]
# name 22 = sigma-é11: Density, 2 [sigma-theta, kg/m^3]
# name 23 = avgsvCM: Average Sound Velocity [Chen-Millero, m/s], minP = 20, minS = 20
# name 24 = sbox0Mm/Kg: Oxygen, SBE 43 [umol/kg], WS = 5
# name 25 = sbox1Mm/Kg: Oxygen, SBE 43, 2 [umol/kg], WS = 5
# name 26 = nbin: number of scans per bin
# name 27 = flag: flag
# span 0 =      59744,     129473       
# span 1 =   2489.290,   5394.676       
# span 2 =      2.980,   1482.587       
# span 3 =      3.000,   1498.000       
# span 4 =     4.2960,    28.1915       
# span 5 =     4.2965,    28.1985       
# span 6 =   3.345089,   5.725629       
# span 7 =   3.345060,   5.734029       
# span 8 =     1.6180,     3.1407       
# span 9 =     1.3222,     2.6717       
# span 10 =      10.22,     100.76      
# span 11 =   28.73140,   29.17729      
# span 12 =  -87.89806,  -86.55481      
# span 13 =   -0.00867,    0.03732      
# span 14 =   -0.00501,    0.03169      
# span 15 =     2.6042,     4.6512      
# span 16 =     2.6197,     4.6975      
# span 17 =     4.1726,    28.1872      
# span 18 =     4.1731,    28.1943      
# span 19 =    33.9369,    36.4869      
# span 20 =    33.9374,    36.4923      
# span 21 =    21.7033,    27.7423      
# span 22 =    21.7030,    27.7415      
# span 23 =    1480.24,    1503.21      
# span 24 =    113.341,    202.116      
# span 25 =    114.014,    204.126      
# span 26 =         30,         72      
# span 27 = 0.0000e+00, 0.0000e+00      
# interval = decibars: 1                
# start_time = Sep 24 2021 06:51:00 [NMEA time, header]
# bad_flag = -9.990e-29
*END*
[from data line 52]
      83897   3495.683    721.832    728.000     6.5241     6.5233   3.508472   3.508332     1.6910     1.3890      91.88   29.05261  -87.52272   -0.00106   -0.00094     3.1040     3.1325     6.4560     6.4552    34.9022    34.9015    27.4159    27.4154    1496.80    134.926    136.166         30 0.0000e+00
      84021   3500.845    716.883    723.000     6.5428     6.5432   3.509934   3.509908     1.6854     1.3847     100.00   29.05221  -87.52154   -0.00087   -0.00061     3.0826     3.1138     6.4751     6.4754    34.9019    34.9012    27.4131    27.4125    1496.78    133.994    135.354         34 0.0000e+00
      88212   3675.446    605.993    611.000     7.4384     7.4367   3.590103   3.589818     1.6324     1.3345     100.00   29.05173  -87.52001   -0.00066   -0.00057     2.8037     2.8309     7.3776     7.3758    34.9311    34.9301    27.3112    27.3106    1496.75    121.883    123.065         32 0.0000e+00
      88316   3679.802    602.032    607.000     7.4727     7.4717   3.593506   3.593347     1.6314     1.3341     100.01   29.05389  -87.52652   -0.00033   -0.00009     2.7964     2.8254     7.4121     7.4111    34.9359    34.9351    27.3100    27.3096    1496.86    121.565    122.831         30 0.0000e+00
      88343   3680.913    601.041    606.000     7.4789     7.4715   3.593833   3.593062     1.6312     1.3334     100.00   29.05232  -87.52180   -0.00015   -0.00021     2.7951     2.8228     7.4183     7.4110    34.9334    34.9325    27.3072    27.3075    1496.78    121.509    122.716         30 0.0000e+00
      88776   3698.940    596.090    601.000     7.5172     7.5079   3.598318   3.597538     1.6293     1.3321     100.03   29.06153  -87.54955    0.00002   -0.00022     2.7838     2.8132     7.4570     7.4477    34.9444    34.9432    27.3104    27.3108    1497.25    121.020    122.300         42 0.0000e+00
      89294   3720.561    595.099    600.000     7.5212     7.5205   3.597762   3.597664     1.6275     1.3314      90.52   29.05232  -87.52180    0.00002    0.00013     2.7785     2.8104     7.4610     7.4604    34.9365    34.9361    27.3034    27.3032    1496.78    120.792    122.177         32 0.0000e+00
      89940   3747.458    594.108    599.000     7.5319     7.5364   3.598693   3.599161     1.6266     1.3309      90.29   29.05232  -87.52180    0.00009    0.00006     2.7748     2.8072     7.4718     7.4764    34.9377    34.9378    27.3028    27.3022    1496.78    120.631    122.038         42 0.0000e+00
      90034   3751.392    593.118    598.000     7.5276     7.5338   3.598307   3.598865     1.6266     1.3309     100.12   29.05232  -87.52180   -0.00007   -0.00000     2.7746     2.8071     7.4677     7.4738    34.9374    34.9373    27.3031    27.3022    1496.78    120.618    122.034         63 0.0000e+00
      90094   3753.878    592.128    597.000     7.5347     7.5351   3.599040   3.599023     1.6274     1.3310      94.26   29.05232  -87.52180    0.00034    0.00004     2.7761     2.8068     7.4748     7.4752    34.9382    34.9377    27.3028    27.3023    1496.78    120.684    122.019         54 0.0000e+00
      90153   3756.335    591.137    596.000     7.5479     7.5487   3.600248   3.600259     1.6269     1.3309      95.18   29.05232  -87.52180    0.00000   -0.00002     2.7733     2.8053     7.4881     7.4889    34.9386    34.9379    27.3011    27.3004    1496.78    120.564    121.954         61 0.0000e+00
      90213   3758.829    590.147    595.000     7.5622     7.5645   3.601595   3.601773     1.6270     1.3301      87.54   29.05232  -87.52180   -0.00017   -0.00019     2.7720     2.8011     7.5024     7.5047    34.9393    34.9392    27.2996    27.2992    1496.78    120.509    121.773         62 0.0000e+00
      90275   3761.417    589.156    594.000     7.5761     7.5813   3.602924   3.603321     1.6276     1.3297      92.74   29.05232  -87.52180    0.00027   -0.00030     2.7724     2.7981     7.5164     7.5216    34.9402    34.9393    27.2984    27.2969    1496.78    120.523    121.644         58 0.0000e+00
      90332   3763.807    588.166    593.000     7.5951     7.5946   3.604766   3.604706     1.6268     1.3303      99.92   29.05232  -87.52180   -0.00009    0.00011     2.7684     2.7987     7.5354     7.5349    34.9417    34.9415    27.2967    27.2966    1496.78    120.353    121.667         61 0.0000e+00
      90394   3766.362    587.176    592.000     7.6196     7.6214   3.607101   3.607132     1.6265     1.3301      80.29   29.05232  -87.52180   -0.00023    0.00010     2.7653     2.7958     7.5599     7.5617    34.9428    34.9413    27.2941    27.2926    1496.78    120.217    121.545         62 0.0000e+00
      90456   3768.944    586.185    591.000     7.6374     7.6396   3.608823   3.608978     1.6263     1.3296     100.56   29.05232  -87.52180   -0.00004   -0.00022     2.7630     2.7926     7.5777     7.5799    34.9441    34.9435    27.2924    27.2917    1496.78    120.117    121.406         57 0.0000e+00
      90513   3771.341    585.195    590.000     7.6568     7.6605   3.610835   3.611160     1.6252     1.3288      79.39   29.05232  -87.52180   -0.00036   -0.00024     2.7579     2.7881     7.5971     7.6008    34.9469    34.9467    27.2918    27.2912    1496.78    119.898    121.210         65 0.0000e+00
      90577   3774.006    584.204    589.000     7.6837     7.6851   3.613401   3.613420     1.6251     1.3284     100.76   29.05232  -87.52180   -0.00012   -0.00024     2.7553     2.7845     7.6240     7.6254    34.9479    34.9469    27.2887    27.2877    1496.78    119.784    121.051         55 0.0000e+00
      90630   3776.208    583.214    588.000     7.7040     7.6989   3.614938   3.614901     1.6246     1.3278     100.00   29.05232  -87.52180   -0.00010   -0.00016     2.7512     2.7812     7.6443     7.6392    34.9494    34.9496    27.2869    27.2878    1496.78    119.604    120.910         55 0.0000e+00
      90700   3779.139    582.223    587.000     7.7117     7.7126   3.616175   3.616163     1.6228     1.3272     100.00   29.05232  -87.52180   -0.00066   -0.00028     2.7454     2.7780     7.6521     7.6530    34.9507    34.9500    27.2868    27.2861    1496.78    119.351    120.770         59 0.0000e+00
      90753   3781.332    581.233    586.000     7.7227     7.7261   3.617239   3.617500     1.6232     1.3270     100.00   29.05232  -87.52180   -0.00007   -0.00010     2.7455     2.7760     7.6632     7.6665    34.9520    34.9515    27.2862    27.2853    1496.78    119.359    120.684         54 0.0000e+00
      90818   3784.060    580.242    585.000     7.7370     7.7400   3.618560   3.618670     1.6224     1.3261     100.00   29.05232  -87.52180   -0.00005   -0.00027     2.7419     2.7717     7.6775     7.6805    34.9527    34.9513    27.2847    27.2831    1496.78    119.200    120.496         55 0.0000e+00
      90880   3786.612    579.252    584.000     7.7472     7.7443   3.619538   3.619250     1.6218     1.3259     100.00   29.05231  -87.52180   -0.00042   -0.00020     2.7388     2.7703     7.6877     7.6849    34.9532    34.9520    27.2836    27.2830    1496.78    119.067    120.435         63 0.0000e+00
      90934   3788.855    578.262    583.000     7.7621     7.7608   3.620940   3.620741     1.6220     1.3257     100.00   29.05230  -87.52180   -0.00003   -0.00002     2.7379     2.7681     7.7027     7.7014    34.9539    34.9531    27.2819    27.2815    1496.78    119.027    120.342         46 0.0000e+00
      90999   3791.566    577.271    582.000     7.7774     7.7809   3.622398   3.622697     1.6211     1.3250     100.00   29.05230  -87.52180   -0.00018   -0.00023     2.7338     2.7640     7.7180     7.7215    34.9549    34.9546    27.2804    27.2797    1496.78    118.849    120.163         50 0.0000e+00
      91060   3794.106    576.280    581.000     7.7851     7.7804   3.623090   3.622669     1.6205     1.3243     100.00   29.05230  -87.52180   -0.00036   -0.00025     2.7311     2.7614     7.7258     7.7211    34.9551    34.9552    27.2794    27.2802    1496.78    118.734    120.050         49 0.0000e+00
      91117   3796.500    575.290    580.000     7.8061     7.8053   3.625170   3.624815     1.6209     1.3242     100.00   29.05230  -87.52180    0.00008   -0.00021     2.7301     2.7586     7.7468     7.7460    34.9577    34.9557    27.2784    27.2769    1496.78    118.688    119.928         62 0.0000e+00
      91177   3798.983    574.299    579.000     7.8186     7.8157   3.626408   3.626097     1.6204     1.3246     100.00   29.05230  -87.52180   -0.00017    0.00016     2.7275     2.7591     7.7594     7.7565    34.9582    34.9576    27.2769    27.2769    1496.78    118.576    119.950         62 0.0000e+00
      91238   3801.553    573.309    578.000     7.8333     7.8305   3.627866   3.627463     1.6210     1.3248     100.00   29.05230  -87.52180    0.00013    0.00012     2.7279     2.7583     7.7741     7.7713    34.9597    34.9582    27.2759    27.2751    1496.78    118.591    119.915         58 0.0000e+00
      91301   3804.180    572.318    577.000     7.8394     7.8388   3.628355   3.628313     1.6206     1.3246     100.00   29.05230  -87.52180    0.00002   -0.00007     2.7260     2.7565     7.7803     7.7797    34.9594    34.9595    27.2748    27.2749    1496.78    118.512    119.838         63 0.0000e+00
      91460   3810.771    566.375    571.000     7.8930     7.8953   3.633453   3.633588     1.6203     1.3244     100.00   29.05167  -87.51989   -0.00017   -0.00009     2.7191     2.7500     7.8343     7.8366    34.9635    34.9626    27.2700    27.2689    1496.75    118.213    119.554         30 0.0000e+00
      93379   3890.765    498.017    502.000     8.7061     8.7089   3.713351   3.713600     1.6180     1.3222      99.99   29.04918  -87.51245    0.00018    0.00001     2.6315     2.6625     8.6517     8.6544    35.0382    35.0378    27.2035    27.2027    1496.62    114.410    115.758         42 0.0000e+00
      93527   3896.908    497.026    501.000     8.7172     8.7146   3.714749   3.715285     1.6181     1.3224      85.49   29.05228  -87.52178   -0.00003    0.00000     2.6305     2.6621     8.6629     8.6602    35.0431    35.0427    27.2057    27.2058    1496.78    114.367    115.742         50 0.0000e+00
      93800   3908.307    496.035    500.000     8.7313     8.7494   3.716107   3.717724     1.6183     1.3223     100.25   29.05228  -87.52178   -0.00001   -0.00001     2.6299     2.6593     8.6769     8.6950    35.0441    35.0457    27.2042    27.2026    1496.78    114.341    115.619         41 0.0000e+00
      99248   4135.297    383.044    386.000    10.6418    10.6385   3.916102   3.915627     1.6728     1.3717     100.00   29.05251  -87.52238    0.00069    0.00066     2.6176     2.6484    10.5946    10.5913    35.2909    35.2892    27.0751    27.0744    1496.79    113.821    115.160         30 0.0000e+00
      99350   4139.548    379.079    382.000    10.7198    10.7162   3.924590   3.924172     1.6762     1.3742     100.00   29.05398  -87.52681    0.00083    0.00052     2.6204     2.6495    10.6730    10.6693    35.3028    35.3023    27.0705    27.0708    1496.87    113.942    115.208         30 0.0000e+00
      99468   4144.449    374.121    377.000    10.7815    10.7826   3.930888   3.930894     1.6797     1.3774      79.05   29.05167  -87.51986    0.00082    0.00048     2.6245     2.6531    10.7351    10.7362    35.3087    35.3076    27.0639    27.0628    1496.75    114.121    115.363         31 0.0000e+00
     100162   4173.377    346.358    349.000    11.4094    11.4148   3.999567   3.999879     1.7058     1.4016     100.00   29.05103  -87.51794    0.00085    0.00074     2.6446     2.6744    11.3648    11.3703    35.4026    35.4005    27.0220    27.0193    1496.71    115.002    116.295         30 0.0000e+00
     101601   4233.320    299.748    302.000    12.3180    12.3229   4.101877   4.102441     1.7494     1.4393     100.06   29.07414  -87.58751   -0.00007   -0.00056     2.6840     2.7088    12.2776    12.2824    35.5649    35.5670    26.9755    26.9763    1497.90    116.719    117.800         37 0.0000e+00
     102949   4289.490    293.797    296.000    12.5126    12.5155   4.122019   4.122218     1.7439     1.4368     100.00   29.05270  -87.52290    0.00046    0.00055     2.6558     2.6883    12.4726    12.4754    35.5739    35.5731    26.9430    26.9418    1496.80    115.498    116.910         32 0.0000e+00
     103530   4313.726    271.975    274.000    13.0506    13.0558   4.182640   4.183134     1.8042     1.4926      66.46   29.05400  -87.52685    0.00334    0.00304     2.7687     2.8028    13.0125    13.0177    35.6584    35.6582    26.9007    26.8996    1496.87    120.411    121.896         32 0.0000e+00
     103653   4318.836    267.015    269.000    13.1566    13.1756   4.194411   4.196204     1.8158     1.5008      84.92   29.05180  -87.52021    0.00217    0.00150     2.7896     2.8163    13.1190    13.1379    35.6725    35.6718    26.8900    26.8855    1496.75    121.321    122.482         33 0.0000e+00
     104889   4370.340    221.379    223.000    14.7925    14.7948   4.383568   4.383941     1.8610     1.5441      92.86   29.05302  -87.52385    0.00393    0.00385     2.7795     2.8156    14.7587    14.7611    35.9382    35.9395    26.7489    26.7493    1496.81    120.899    122.471         34 0.0000e+00
     106577   4440.652    217.411    219.000    14.9037    14.9004   4.395553   4.395321     1.8852     1.5638      98.20   29.04120  -87.48827    0.00013    0.00015     2.8299     2.8600    14.8704    14.8670    35.9440    35.9444    26.7279    26.7289    1496.21    123.091    124.403         30 0.0000e+00
     107760   4489.943    172.756    174.000    16.3103    16.3422   4.563094   4.566869     2.0603     1.7244     100.02   29.05829  -87.53977    0.00281    0.00243     3.1357     3.1679    16.2822    16.3140    36.1932    36.1977    26.6009    26.5969    1497.09    136.412    137.815         30 0.0000e+00
     109852   4577.126    157.869    159.000    16.8543    16.8715   4.626089   4.627974     1.9538     1.6272     100.01   29.05370  -87.52615    0.00411    0.00462     2.8467     2.8818    16.8280    16.8452    36.2620    36.2631    26.5246    26.5214    1496.86    123.851    125.377         30 0.0000e+00
     109981   4582.480    152.906    154.000    17.1326    17.1529   4.659567   4.661983     2.0047     1.6776     100.01   29.05383  -87.52656    0.01002    0.00977     2.9444     2.9896    17.1068    17.1271    36.3067    36.3095    26.4922    26.4894    1496.86    128.104    130.070         30 0.0000e+00
     110268   4594.462    142.981    144.000    17.5562    17.5703   4.709539   4.711025     2.0381     1.6967     100.02   29.05740  -87.53730   -0.00118   -0.00217     2.9897     3.0081    17.5317    17.5458    36.3665    36.3668    26.4352    26.4320    1497.05    130.084    130.883         37 0.0000e+00
     112339   4680.770    126.106    127.000    18.3290    18.3756   4.795467   4.800682     1.9064     1.5683     100.00   29.05312  -87.52447   -0.00867   -0.00466     2.6421     2.6408    18.3068    18.3533    36.4209    36.4241    26.2842    26.2749    1496.83    114.972    114.918         31 0.0000e+00
     112367   4681.932    125.114    126.000    18.3565    18.4124   4.798378   4.804501     1.9018     1.5678      74.51   29.05222  -87.52176   -0.00507   -0.00094     2.6301     2.6375    18.3344    18.3902    36.4214    36.4240    26.2775    26.2655    1496.78    114.453    114.777         30 0.0000e+00
     112474   4686.383    121.143    122.000    18.5230    18.5428   4.817264   4.819518     1.8972     1.5667     100.01   29.05408  -87.52737   -0.00106   -0.00024     2.6094     2.6267    18.5015    18.5213    36.4368    36.4384    26.2474    26.2436    1496.88    113.555    114.309         33 0.0000e+00
