Gulf of Mexico/GOMECC-4/1db/urb2103_1181.cnv
* Sea-Bird SBE 9 Data File:
* FileName = C:\Users\scs.user.rb\CTD\GOMECC4\data\rb2103_1181.hex
* Software Version Seasave V 7.26.7.107
* Temperature SN = 4799
* Conductivity SN = 3860
* Number of Bytes Per Scan = 41
* Number of Voltage Words = 4
* Number of Scans Averaged by the Deck Unit = 1
* NMEA Latitude = 21 37.95 N
* NMEA Longitude = 086 14.49 W
* NMEA UTC (Time) = Oct 16 2021  02:01:26
* NMEA baud rate = 4800
# nquan = 28
# nvalues = 290                         
# units = specified
# name 0 = scan: Scan Count
# name 1 = timeS: Time, Elapsed [seconds]
# name 2 = depSM: Depth [salt water, m]
# name 3 = prDM: Pressure, Digiquartz [db]
# name 4 = t090C: Temperature [ITS-90, deg C]
# name 5 = t190C: Temperature, 2 [ITS-90, deg C]
# name 6 = c0S/m: Conductivity [S/m]
# name 7 = c1S/m: Conductivity, 2 [S/m]
# name 8 = sbeox0V: Oxygen raw, SBE 43 [V]
# name 9 = sbeox1V: Oxygen raw, SBE 43, 2 [V]
# name 10 = altM: Altimeter [m]
# name 11 = latitude: Latitude [deg]
# name 12 = longitude: Longitude [deg]
# name 13 = sbox0dV/dT: Oxygen, SBE 43 [dov/dt]
# name 14 = sbox1dV/dT: Oxygen, SBE 43, 2 [dov/dt]
# name 15 = sbeox0ML/L: Oxygen, SBE 43 [ml/l], WS = 5
# name 16 = sbeox1ML/L: Oxygen, SBE 43, 2 [ml/l], WS = 5
# name 17 = potemp090C: Potential Temperature [ITS-90, deg C]
# name 18 = potemp190C: Potential Temperature, 2 [ITS-90, deg C]
# name 19 = sal00: Salinity, Practical [PSU]
# name 20 = sal11: Salinity, Practical, 2 [PSU]
# name 21 = sigma-é00: Density [sigma-theta, kg/m^3]
# name 22 = sigma-é11: Density, 2 [sigma-theta, kg/m^3]
# name 23 = avgsvCM: Average Sound Velocity [Chen-Millero, m/s], minP = 20, minS = 20
# name 24 = sbox0Mm/Kg: Oxygen, SBE 43 [umol/kg], WS = 5
# name 25 = sbox1Mm/Kg: Oxygen, SBE 43, 2 [umol/kg], WS = 5
# name 26 = nbin: number of scans per bin
# name 27 = flag: flag
# span 0 =      52707,     117941       
# span 1 =   2196.063,   4914.157       
# span 2 =      0.994,   1043.817       
# span 3 =      1.000,   1053.000       
# span 4 =     5.1826,    29.5843       
# span 5 =     5.1828,    29.5839       
# span 6 =   3.402819,   5.942587       
# span 7 =   3.402944,   5.942556       
# span 8 =     1.6308,     3.1910       
# span 9 =     1.3276,     2.6924       
# span 10 =       8.27,     105.77      
# span 11 =   20.28460,   21.74951      
# span 12 =  -86.63535,  -80.78671      
# span 13 =   -0.00701,    0.01063      
# span 14 =   -0.00656,    0.01036      
# span 15 =     2.6982,     4.4119      
# span 16 =     2.7064,     4.3757      
# span 17 =     5.0925,    29.5841      
# span 18 =     5.0925,    29.5836      
# span 19 =    33.7506,    37.0139      
# span 20 =    33.7507,    37.0127      
# span 21 =    21.2093,    27.6116      
# span 22 =    21.2099,    27.6113      
# span 23 =    1409.83,    1511.94      
# span 24 =    117.314,    192.660      
# span 25 =    117.669,    191.079      
# span 26 =         30,         77      
# span 27 = 0.0000e+00, 0.0000e+00      
# interval = decibars: 1                
# start_time = Oct 16 2021 02:01:26 [NMEA time, header]
# bad_flag = -9.990e-29
*END*
      52707   2196.063   1043.817   1053.000     5.1828     5.1828   3.403191   3.403170     1.8501     1.5326       8.27   21.64270  -86.24416    0.00004    0.00008     3.9083     3.9248     5.0925     5.0925    34.9332    34.9330    27.6116    27.6113    1505.16    169.854    170.570         63 0.0000e+00
      52893   2203.817   1041.839   1051.000     5.1826     5.1846   3.402819   3.402944     1.8507     1.5327      10.02   21.64075  -86.23631    0.00002    0.00009     3.9098     3.9242     5.0925     5.0944    34.9299    34.9293    27.6089    27.6082    1505.02    169.919    170.546         54 0.0000e+00
      52978   2207.393   1040.851   1050.000     5.1851     5.1875   3.403259   3.403422     1.8510     1.5328      10.99   21.64272  -86.24416    0.00003    0.00007     3.9097     3.9234     5.0951     5.0974    34.9330    34.9325    27.6111    27.6104    1505.16    169.915    170.509         46 0.0000e+00
      53021   2209.156   1039.862   1049.000     5.1865     5.1879   3.403342   3.403433     1.8510     1.5328      11.86   21.64272  -86.24416    0.00002   -0.00013     3.9090     3.9228     5.0965     5.0980    34.9330    34.9326    27.6109    27.6104    1505.16    169.885    170.487         40 0.0000e+00
      53065   2210.991   1038.873   1048.000     5.1871     5.1873   3.403350   3.403335     1.8511     1.5327      12.86   21.64273  -86.24416    0.00003   -0.00005     3.9087     3.9220     5.0972     5.0975    34.9331    34.9326    27.6108    27.6104    1505.16    169.873    170.449         46 0.0000e+00
      53107   2212.748   1037.884   1047.000     5.1873     5.1883   3.403322   3.403366     1.8510     1.5329      13.82   21.64274  -86.24416    0.00000    0.00006     3.9080     3.9224     5.0975     5.0985    34.9330    34.9325    27.6107    27.6102    1505.16    169.842    170.466         38 0.0000e+00
      53143   2214.245   1036.896   1046.000     5.1873     5.1881   3.403278   3.403311     1.8510     1.5328      14.68   21.64274  -86.24416   -0.00002    0.00009     3.9075     3.9213     5.0976     5.0984    34.9330    34.9325    27.6108    27.6102    1505.16    169.821    170.421         36 0.0000e+00
      53178   2215.705   1035.907   1045.000     5.1889     5.1907   3.403371   3.403473     1.8511     1.5329      15.69   21.64274  -86.24416    0.00001   -0.00005     3.9070     3.9210     5.0993     5.1011    34.9328    34.9321    27.6104    27.6097    1505.16    169.799    170.407         32 0.0000e+00
      53209   2216.991   1034.918   1044.000     5.1919     5.1929   3.403590   3.403641     1.8511     1.5334      16.59   21.64274  -86.24416    0.00001    0.00009     3.9063     3.9222     5.1024     5.1033    34.9328    34.9324    27.6100    27.6096    1505.16    169.769    170.458         30 0.0000e+00
      53429   2226.151   1027.007   1036.000     5.1887     5.1893   3.402973   3.402994     1.8519     1.5336      24.31   21.64283  -86.24437    0.00023    0.00023     3.9055     3.9191     5.0999     5.1005    34.9329    34.9325    27.6104    27.6100    1505.16    169.732    170.325         30 0.0000e+00
      54318   2263.225    994.372   1003.000     5.3714     5.3694   3.417499   3.417284     1.8357     1.5156      56.78   21.64300  -86.24481   -0.00126   -0.00149     3.8137     3.8167     5.2843     5.2824    34.9261    34.9257    27.5831    27.5830    1505.17    165.750    165.879         31 0.0000e+00
      54349   2264.491    993.383   1002.000     5.3703     5.3699   3.417286   3.417251     1.8335     1.5140      64.82   21.64286  -86.24416   -0.00139   -0.00136     3.8058     3.8103     5.2833     5.2829    34.9255    34.9253    27.5828    27.5826    1505.16    165.406    165.600         30 0.0000e+00
      54727   2280.245    979.536    988.000     5.3718     5.3720   3.416836   3.416821     1.8292     1.5128      71.71   21.64305  -86.24475    0.00005    0.00034     3.7840     3.7985     5.2861     5.2863    34.9255    34.9251    27.5824    27.5821    1505.17    164.459    165.086         30 0.0000e+00
      54916   2288.143    972.613    981.000     5.3753     5.3751   3.416876   3.416823     1.8305     1.5140      78.58   21.64327  -86.24559    0.00010    0.00015     3.7846     3.7994     5.2903     5.2901    34.9257    34.9254    27.5821    27.5818    1505.19    164.485    165.125         30 0.0000e+00
      54947   2289.430    971.623    980.000     5.3740     5.3750   3.416665   3.416723     1.8304     1.5140      79.44   21.64292  -86.24412    0.00002    0.00004     3.7839     3.7990     5.2890     5.2901    34.9252    34.9248    27.5818    27.5814    1505.16    164.455    165.108         32 0.0000e+00
      55054   2293.867    967.667    976.000     5.3772     5.3776   3.416762   3.416768     1.8307     1.5140      89.54   21.64285  -86.24382    0.00013   -0.00001     3.7828     3.7966     5.2926     5.2930    34.9249    34.9246    27.5812    27.5808    1505.15    164.404    165.004         33 0.0000e+00
      55683   2320.101    944.915    953.000     5.4453     5.4454   3.421684   3.421650     1.8273     1.5104     100.00   21.64316  -86.24475   -0.00018   -0.00017     3.7528     3.7652     5.3624     5.3625    34.9220    34.9215    27.5705    27.5700    1505.17    163.105    163.642         31 0.0000e+00
      55714   2321.371    943.926    952.000     5.4460     5.4484   3.421640   3.421808     1.8269     1.5104     100.00   21.64300  -86.24408   -0.00019   -0.00003     3.7509     3.7644     5.3632     5.3656    34.9212    34.9210    27.5697    27.5693    1505.16    163.022    163.608         30 0.0000e+00
      55932   2330.467    936.011    944.000     5.4747     5.4790   3.423822   3.424146     1.8264     1.5090      99.94   21.64310  -86.24442   -0.00015   -0.00038     3.7426     3.7523     5.3924     5.3967    34.9204    34.9197    27.5655    27.5645    1505.17    162.660    163.081         31 0.0000e+00
      56041   2334.990    932.054    940.000     5.5074     5.5076   3.426521   3.426485     1.8253     1.5067      80.74   21.64331  -86.24524   -0.00018   -0.00060     3.7334     3.7391     5.4253     5.4254    34.9192    34.9188    27.5606    27.5603    1505.18    162.260    162.509         31 0.0000e+00
      56071   2336.262    931.064    939.000     5.5066     5.5078   3.426362   3.426495     1.8240     1.5056     100.49   21.64304  -86.24408   -0.00040   -0.00071     3.7288     3.7343     5.4245     5.4257    34.9188    34.9186    27.5604    27.5601    1505.16    162.063    162.301         30 0.0000e+00
      56179   2340.761    927.107    935.000     5.5151     5.5145   3.426878   3.426796     1.8206     1.5031      68.82   21.64278  -86.24295   -0.00075   -0.00057     3.7144     3.7227     5.4334     5.4328    34.9178    34.9175    27.5585    27.5584    1505.14    161.434    161.795         31 0.0000e+00
      56289   2345.338    923.150    931.000     5.5250     5.5236   3.427574   3.427438     1.8193     1.5029      99.40   21.64291  -86.24346   -0.00029   -0.00004     3.7073     3.7191     5.4435     5.4422    34.9176    34.9173    27.5571    27.5571    1505.15    161.129    161.639         30 0.0000e+00
      56371   2348.755    920.182    928.000     5.5325     5.5315   3.428121   3.428040     1.8187     1.5031     100.00   21.64330  -86.24504   -0.00024    0.00007     3.7030     3.7177     5.4513     5.4503    34.9175    34.9175    27.5561    27.5562    1505.18    160.940    161.579         30 0.0000e+00
      56402   2350.028    919.192    927.000     5.5326     5.5335   3.428071   3.428110     1.8184     1.5030     100.00   21.64306  -86.24408   -0.00014    0.00002     3.7013     3.7167     5.4515     5.4524    34.9173    34.9169    27.5559    27.5555    1505.16    160.868    161.537         32 0.0000e+00
      56539   2355.750    914.245    922.000     5.5455     5.5462   3.428981   3.429014     1.8176     1.5017     100.00   21.64327  -86.24481   -0.00008   -0.00008     3.6952     3.7082     5.4647     5.4654    34.9169    34.9165    27.5540    27.5536    1505.17    160.600    161.167         32 0.0000e+00
      56982   2374.198    898.415    906.000     5.6671     5.6796   3.438910   3.439943     1.8085     1.4901     100.00   21.64322  -86.24442   -0.00117   -0.00115     3.6447     3.6450     5.5871     5.5995    34.9120    34.9109    27.5352    27.5327    1505.17    158.412    158.424         30 0.0000e+00
      57259   2385.744    888.519    896.000     5.7605     5.7707   3.446847   3.447755     1.7919     1.4764      87.63   21.64308  -86.24382   -0.00135   -0.00090     3.5753     3.5820     5.6808     5.6909    34.9107    34.9104    27.5224    27.5210    1505.16    155.394    155.686         31 0.0000e+00
      57368   2390.278    884.561    892.000     5.8010     5.8042   3.450479   3.450711     1.7887     1.4724     100.00   21.64358  -86.24578   -0.00058   -0.00091     3.5586     3.5622     5.7214     5.7246    34.9121    34.9114    27.5185    27.5176    1505.19    154.670    154.828         30 0.0000e+00
      57397   2391.516    883.572    891.000     5.7946     5.8124   3.449743   3.451293     1.7866     1.4706      93.29   21.64314  -86.24404   -0.00080   -0.00117     3.5518     3.5552     5.7151     5.7328    34.9108    34.9104    27.5183    27.5158    1505.16    154.376    154.523         31 0.0000e+00
      57650   2402.042    874.665    882.000     5.8666     5.8690   3.455877   3.456077     1.7725     1.4577     100.00   21.64337  -86.24480   -0.00153   -0.00086     3.4939     3.4986     5.7875     5.7899    34.9105    34.9103    27.5090    27.5085    1505.17    151.859    152.066         30 0.0000e+00
      57679   2403.268    873.676    881.000     5.8634     5.8734   3.455472   3.456396     1.7711     1.4565     100.00   21.64318  -86.24402   -0.00131   -0.00084     3.4891     3.4935     5.7844     5.7944    34.9101    34.9098    27.5090    27.5076    1505.16    151.652    151.841         31 0.0000e+00
      61136   2547.297    868.728    876.000     5.9051     5.9057   3.459453   3.459491     1.7587     1.4471     100.02   21.64683  -86.25728    0.00008    0.00008     3.4415     3.4541     5.8263     5.8269    34.9146    34.9144    27.5074    27.5072    1505.39    149.584    150.132         47 0.0000e+00
      61273   2552.993    867.738    875.000     5.9038     5.9044   3.458849   3.458879     1.7582     1.4469     100.00   21.64348  -86.24392   -0.00008    0.00003     3.4399     3.4535     5.8252     5.8257    34.9092    34.9090    27.5032    27.5030    1505.16    149.515    150.106         62 0.0000e+00
      61322   2555.030    866.749    874.000     5.9048     5.9055   3.458904   3.458926     1.7582     1.4470     100.00   21.64350  -86.24392   -0.00005    0.00002     3.4392     3.4531     5.8262     5.8269    34.9093    34.9088    27.5031    27.5026    1505.16    149.485    150.087         42 0.0000e+00
      61365   2556.831    865.759    873.000     5.9064     5.9083   3.458982   3.459136     1.7582     1.4469      87.77   21.64350  -86.24392    0.00001   -0.00001     3.4388     3.4523     5.8279     5.8298    34.9090    34.9088    27.5027    27.5023    1505.16    149.468    150.052         47 0.0000e+00
      61406   2558.523    864.769    872.000     5.9084     5.9110   3.459121   3.459314     1.7582     1.4470      97.62   21.64350  -86.24392    0.00002   -0.00001     3.4380     3.4517     5.8300     5.8326    34.9090    34.9086    27.5024    27.5018    1505.16    149.430    150.029         32 0.0000e+00
      61494   2562.194    861.800    869.000     5.9154     5.9168   3.459675   3.459773     1.7582     1.4469     100.00   21.64410  -86.24621    0.00002   -0.00003     3.4361     3.4496     5.8372     5.8386    34.9096    34.9093    27.5020    27.5016    1505.20    149.350    149.935         31 0.0000e+00
      61525   2563.484    860.811    868.000     5.9147     5.9183   3.459489   3.459777     1.7581     1.4469      68.94   21.64352  -86.24390   -0.00005   -0.00005     3.4354     3.4490     5.8366     5.8402    34.9087    34.9082    27.5014    27.5005    1505.16    149.319    149.912         34 0.0000e+00
      62298   2595.696    832.109    839.000     6.0586     6.0593   3.471410   3.471462     1.7386     1.4282     100.00   21.64400  -86.24558   -0.00009    0.00011     3.3450     3.3565     5.9824     5.9831    34.9095    34.9093    27.4835    27.4833    1505.19    145.390    145.893         30 0.0000e+00
      62513   2604.673    824.190    831.000     6.0671     6.0686   3.471811   3.471928     1.7380     1.4279      86.70   21.64365  -86.24412   -0.00009    0.00004     3.3389     3.3511     5.9917     5.9931    34.9091    34.9089    27.4820    27.4817    1505.16    145.128    145.658         31 0.0000e+00
      63289   2637.009    795.483    802.000     6.3002     6.3109   3.492388   3.493283     1.7309     1.4201     100.00   21.64388  -86.24485   -0.00026   -0.00012     3.2821     3.2895     6.2261     6.2367    34.9154    34.9144    27.4566    27.4545    1505.18    142.661    142.982         30 0.0000e+00
      63720   2654.946    779.643    786.000     6.4541     6.4533   3.504812   3.504698     1.7194     1.4101     100.00   21.64409  -86.24550   -0.00122   -0.00046     3.2247     3.2355     6.3807     6.3799    34.9047    34.9043    27.4278    27.4276    1505.19    140.172    140.640         30 0.0000e+00
      64148   2672.790    763.801    770.000     6.5547     6.5587   3.512331   3.512654     1.7079     1.3980      80.14   21.64387  -86.24448   -0.00103   -0.00088     3.1727     3.1781     6.4823     6.4863    34.8937    34.8932    27.4057    27.4047    1505.17    137.915    138.150         30 0.0000e+00
      64253   2677.181    759.841    766.000     6.5875     6.5895   3.514808   3.515001     1.7051     1.3956     100.00   21.64383  -86.24431   -0.00048   -0.00044     3.1595     3.1655     6.5153     6.5173    34.8898    34.8899    27.3982    27.3980    1505.17    137.340    137.601         31 0.0000e+00
      65523   2730.098    713.299    719.000     6.9591     6.9590   3.546011   3.545994     1.6662     1.3604     100.00   21.64375  -86.24366   -0.00064   -0.00058     2.9868     2.9958     6.8896     6.8894    34.8805    34.8804    27.3400    27.3400    1505.16    129.841    130.230         30 0.0000e+00
      66443   2768.405    709.338    715.000     7.0308     7.0217   3.552770   3.551866     1.6610     1.3562      99.93   21.64392  -86.24410   -0.00031   -0.00027     2.9632     2.9749     6.9613     6.9522    34.8837    34.8835    27.3326    27.3337    1505.16    128.816    129.324         62 0.0000e+00
      67503   2812.600    708.347    714.000     7.0622     7.0492   3.555745   3.554442     1.6580     1.3538     100.00   21.64392  -86.24384   -0.00002   -0.00006     2.9507     2.9643     6.9927     6.9797    34.8847    34.8845    27.3290    27.3307    1505.16    128.273    128.865         54 0.0000e+00
      67538   2814.060    707.357    713.000     7.0704     7.0632   3.556331   3.555725     1.6580     1.3538     100.00   21.64392  -86.24384   -0.00000   -0.00006     2.9496     2.9627     7.0009     6.9937    34.8843    34.8849    27.3276    27.3290    1505.16    128.223    128.795         44 0.0000e+00
      67577   2815.671    706.366    712.000     7.0856     7.0836   3.557796   3.557590     1.6578     1.3539     100.00   21.64392  -86.24384   -0.00006    0.00001     2.9474     2.9611     7.0161     7.0141    34.8855    34.8853    27.3264    27.3265    1505.16    128.130    128.726         37 0.0000e+00
      67613   2817.182    705.376    711.000     7.0921     7.0940   3.558257   3.558479     1.6571     1.3531     100.00   21.64392  -86.24384   -0.00022   -0.00015     2.9439     2.9571     7.0227     7.0246    34.8856    34.8851    27.3256    27.3249    1505.16    127.976    128.553         36 0.0000e+00
