Gulf of Mexico/GOMECC-4/1db/urb2103_0341.cnv
* Sea-Bird SBE 9 Data File:
* FileName = C:\Users\scs.user.rb\CTD\GOMECC4\data\rb2103_0341.hex
* Software Version Seasave V 7.26.7.107
* Temperature SN = 4799
* Conductivity SN = 3860
* Number of Bytes Per Scan = 41
* Number of Voltage Words = 4
* Number of Scans Averaged by the Deck Unit = 1
* NMEA Latitude = 29 03.10 N
* NMEA Longitude = 087 31.28 W
* NMEA UTC (Time) = Sep 24 2021  06:51:00
* NMEA baud rate = 4800
# nquan = 28
# nvalues = 181                         
# units = specified
# name 0 = scan: Scan Count
# name 1 = timeS: Time, Elapsed [seconds]
# name 2 = depSM: Depth [salt water, m]
# name 3 = prDM: Pressure, Digiquartz [db]
# name 4 = t090C: Temperature [ITS-90, deg C]
# name 5 = t190C: Temperature, 2 [ITS-90, deg C]
# name 6 = c0S/m: Conductivity [S/m]
# name 7 = c1S/m: Conductivity, 2 [S/m]
# name 8 = sbeox0V: Oxygen raw, SBE 43 [V]
# name 9 = sbeox1V: Oxygen raw, SBE 43, 2 [V]
# name 10 = altM: Altimeter [m]
# name 11 = latitude: Latitude [deg]
# name 12 = longitude: Longitude [deg]
# name 13 = sbox0dV/dT: Oxygen, SBE 43 [dov/dt]
# name 14 = sbox1dV/dT: Oxygen, SBE 43, 2 [dov/dt]
# name 15 = sbeox0ML/L: Oxygen, SBE 43 [ml/l], WS = 5
# name 16 = sbeox1ML/L: Oxygen, SBE 43, 2 [ml/l], WS = 5
# name 17 = potemp090C: Potential Temperature [ITS-90, deg C]
# name 18 = potemp190C: Potential Temperature, 2 [ITS-90, deg C]
# name 19 = sal00: Salinity, Practical [PSU]
# name 20 = sal11: Salinity, Practical, 2 [PSU]
# name 21 = sigma-é00: Density [sigma-theta, kg/m^3]
# name 22 = sigma-é11: Density, 2 [sigma-theta, kg/m^3]
# name 23 = avgsvCM: Average Sound Velocity [Chen-Millero, m/s], minP = 20, minS = 20
# name 24 = sbox0Mm/Kg: Oxygen, SBE 43 [umol/kg], WS = 5
# name 25 = sbox1Mm/Kg: Oxygen, SBE 43, 2 [umol/kg], WS = 5
# name 26 = nbin: number of scans per bin
# name 27 = flag: flag
# span 0 =      59744,     129473       
# span 1 =   2489.290,   5394.676       
# span 2 =      2.980,   1482.587       
# span 3 =      3.000,   1498.000       
# span 4 =     4.2960,    28.1915       
# span 5 =     4.2965,    28.1985       
# span 6 =   3.345089,   5.725629       
# span 7 =   3.345060,   5.734029       
# span 8 =     1.6180,     3.1407       
# span 9 =     1.3222,     2.6717       
# span 10 =      10.22,     100.76      
# span 11 =   28.73140,   29.17729      
# span 12 =  -87.89806,  -86.55481      
# span 13 =   -0.00867,    0.03732      
# span 14 =   -0.00501,    0.03169      
# span 15 =     2.6042,     4.6512      
# span 16 =     2.6197,     4.6975      
# span 17 =     4.1726,    28.1872      
# span 18 =     4.1731,    28.1943      
# span 19 =    33.9369,    36.4869      
# span 20 =    33.9374,    36.4923      
# span 21 =    21.7033,    27.7423      
# span 22 =    21.7030,    27.7415      
# span 23 =    1480.24,    1503.21      
# span 24 =    113.341,    202.116      
# span 25 =    114.014,    204.126      
# span 26 =         30,         72      
# span 27 = 0.0000e+00, 0.0000e+00      
# interval = decibars: 1                
# start_time = Sep 24 2021 06:51:00 [NMEA time, header]
# bad_flag = -9.990e-29
*END*
[from data line 156]
     119823   4992.572     43.699     44.000    24.5940    24.6091   5.438974   5.439686     2.9805     2.5466     100.00   29.05228  -87.52181   -0.00544   -0.00401     4.4196     4.4490    24.5845    24.5996    36.2923    36.2855    24.4446    24.4349    1496.78    192.669    193.952         49 0.0000e+00
     121628   5067.784     38.734     39.000    25.6043    25.7607   5.529291   5.541093     2.9125     2.4746     100.09   29.07990  -87.60489    0.00407    0.00510     4.2098     4.2150    25.5957    25.7520    36.1659    36.1314    24.0434    23.9684    1498.20    183.601    183.836         47 0.0000e+00
     121567   5065.271     37.741     38.000    25.6912    25.7447   5.532790   5.537368     2.9206     2.4793     100.00   29.05234  -87.52186    0.00316    0.00248     4.2184     4.2233    25.6827    25.7363    36.1138    36.1050    23.9729    23.9496    1496.78    183.982    184.201         57 0.0000e+00
     121624   5067.610     36.748     37.000    25.7811    25.7752   5.540929   5.540199     2.9289     2.4859     100.00   29.05234  -87.52186    0.00449    0.00294     4.2272     4.2336    25.7728    25.7669    36.1031    36.1020    23.9368    23.9378    1496.78    184.372    184.652         55 0.0000e+00
     121677   5069.850     35.754     36.000    25.8418    25.8417   5.547145   5.547288     2.9336     2.4933     100.00   29.05236  -87.52186    0.00248    0.00301     4.2310     4.2441    25.8338    25.8337    36.1006    36.1018    23.9159    23.9168    1496.78    184.542    185.115         57 0.0000e+00
     121741   5072.511     34.762     35.000    25.8960    25.9125   5.552575   5.554030     2.9405     2.5039     100.00   29.05236  -87.52186    0.00248    0.00437     4.2396     4.2608    25.8882    25.9047    36.0979    36.0956    23.8969    23.8900    1496.78    184.921    185.849         60 0.0000e+00
     121792   5074.628     33.768     34.000    25.9807    26.0077   5.562644   5.563768     2.9503     2.5123     100.00   29.05236  -87.52186    0.00357    0.00340     4.2512     4.2730    25.9731    26.0002    36.0967    36.0916    23.8695    23.8570    1496.78    185.430    186.383         48 0.0000e+00
     123795   5158.086     28.803     29.000    26.7773    26.7558   5.646463   5.645058     3.0484     2.5901      98.28   29.13229  -87.76255    0.00184    0.00441     4.3759     4.3810    26.7706    26.7492    36.1353    36.1419    23.6601    23.6719    1500.90    190.922    191.144         40 0.0000e+00
     124218   5175.701     26.816     27.000    27.5595    27.5756   5.725629   5.734029     3.1035     2.6409     100.43   29.17729  -87.89806    0.00389    0.00448     4.4185     4.4257    27.4808    27.5693    36.1782    36.1676    23.4723    23.4357    1503.21    192.824    193.143         34 0.0000e+00
     122953   5123.010     20.858     21.000    27.6347    27.6526   5.612044   5.610782     3.0700     2.6173      98.90   28.73140  -86.55481    0.00326    0.00488     4.3616     4.3771    27.6525    27.6477    35.0754    35.0299    22.5179    22.4757    1480.24    190.459    191.142         39 0.0000e+00
     125086   5211.884     18.871     19.000    28.1318    28.1560   5.625299   5.628988     3.1303     2.6652      99.73   28.97541  -87.28980   -0.00089   -0.00020     4.4390     4.4485    28.1273    28.1514    34.8715    34.8789    22.2424    22.2401    1492.81    193.920    194.337         42 0.0000e+00
     125509   5229.491     17.878     18.000    28.1915    28.1985   5.633310   5.632012     3.1407     2.6717     100.00   29.05246  -87.52190    0.00096   -0.00029     4.4559     4.4625    28.1872    28.1943    34.9278    34.9134    22.2791    22.2665    1496.78    194.665    194.956         50 0.0000e+00
     125598   5233.195     16.885     17.000    28.1847    28.1764   5.630881   5.622771     3.1386     2.6691      99.71   29.05246  -87.52190   -0.00025   -0.00073     4.4525     4.4590    28.1807    28.1723    34.9150    34.8645    22.2715    22.2364    1496.78    194.515    194.807         42 0.0000e+00
     125673   5236.347     15.892     16.000    28.1667    28.1559   5.618093   5.609024     3.1371     2.6686      86.68   29.05246  -87.52190   -0.00085   -0.00005     4.4529     4.4615    28.1628    28.1521    34.8508    34.7833    22.2291    22.1818    1496.78    194.543    194.927         72 0.0000e+00
     125755   5239.745     14.898     15.000    28.0923    28.1086   5.581558   5.584187     3.1327     2.6648      96.32   29.05246  -87.52191   -0.00104   -0.00094     4.4548     4.4604    28.0906    28.1051    34.6402    34.6445    22.0945    22.0927    1496.78    194.651    194.895         61 0.0000e+00
     125830   5242.868     13.905     14.000    27.8149    27.8017   5.491204   5.489304     3.1151     2.6506      96.67   29.05246  -87.52192   -0.00421   -0.00348     4.4542     4.4619    27.8075    27.7984    34.2124    34.2023    21.8651    21.8604    1496.78    194.667    195.005         64 0.0000e+00
     125918   5246.534     12.912     13.000    27.7686    27.7737   5.477188   5.478062     3.1096     2.6483      99.63   29.05246  -87.52192   -0.00171   -0.00060     4.4483     4.4621    27.7652    27.7707    34.1454    34.1472    21.8284    21.8281    1496.78    194.419    195.019         48 0.0000e+00
     125993   5249.678     11.919     12.000    27.7529    27.7503   5.471721   5.470643     3.1071     2.6446     100.00   29.05246  -87.52192   -0.00087   -0.00111     4.4454     4.4567    27.7501    27.7475    34.1185    34.1132    21.8131    21.8100    1496.78    194.295    194.787         69 0.0000e+00
     126078   5253.200     10.926     11.000    27.7376    27.7453   5.467899   5.469548     3.1068     2.6463     100.00   29.05248  -87.52192   -0.00013    0.00038     4.4458     4.4602    27.7350    27.7428    34.1029    34.1086    21.8062    21.8081    1496.78    194.314    194.939         59 0.0000e+00
     126313   5262.997      9.932     10.000    27.7354    27.7350   5.467116   5.466949     3.1067     2.6414      70.86   29.05248  -87.52192    0.00049   -0.00074     4.4455     4.4505    27.7331    27.7327    34.0994    34.0985    21.8042    21.8037    1496.78    194.298    194.517         52 0.0000e+00
     127152   5297.944      8.939      9.000    27.7251    27.7215   5.465802   5.465563     3.1048     2.6442      95.89   29.05250  -87.52192   -0.00023   -0.00007     4.4419     4.4567    27.7230    27.7194    34.0978    34.0986    21.8063    21.8081    1496.78    194.144    194.789         35 0.0000e+00
     126993   5291.351      5.959      6.000    27.5946    27.5964   5.439722   5.440109     3.0936     2.6316      99.50   28.91628  -87.11154    0.00042    0.00009     4.4272     4.4335    27.5932    27.5950    33.9369    33.9374    21.7033    21.7030    1489.76    193.500    193.776         53 0.0000e+00
     127677   5319.839      4.966      5.000    27.7276    27.7301   5.465722   5.466065     3.1100     2.6437     100.00   29.05250  -87.52192    0.00098    0.00010     4.4496     4.4531    27.7265    27.7290    34.0967    34.0973    21.8044    21.8040    1496.78    194.480    194.631         34 0.0000e+00
     127971   5332.100      3.973      4.000    27.7300    27.7312   5.465961   5.466104     3.1066     2.6441     100.00   29.05251  -87.52193    0.00012   -0.00165     4.4425     4.4532    27.7291    27.7303    34.0969    34.0971    21.8037    21.8034    1496.78    194.168    194.634         46 0.0000e+00
     129473   5394.676      2.980      3.000    27.7248    27.7228   5.465817   5.465557     3.1070     2.6478      61.43   29.05254  -87.52196   -0.00054    0.00041     4.4432     4.4609    27.7241    27.7221    34.1000    34.0996    21.8076    21.8080    1496.78    194.197    194.970         43 0.0000e+00
