Gulf of Mexico/GOMECC-4/1db/urb2103_0661.cnv
* Sea-Bird SBE 9 Data File:
* FileName = C:\Users\scs.user.rb\CTD\GOMECC4\data\rb2103_0661.hex
* Software Version Seasave V 7.26.7.107
* Temperature SN = 4799
* Conductivity SN = 3860
* Number of Bytes Per Scan = 41
* Number of Voltage Words = 4
* Number of Scans Averaged by the Deck Unit = 1
* NMEA Latitude = 26 03.55 N
* NMEA Longitude = 096 04.91 W
* NMEA UTC (Time) = Oct 02 2021  23:29:35
* NMEA baud rate = 4800
# nquan = 28
# nvalues = 229                         
# units = specified
# name 0 = scan: Scan Count
# name 1 = timeS: Time, Elapsed [seconds]
# name 2 = depSM: Depth [salt water, m]
# name 3 = prDM: Pressure, Digiquartz [db]
# name 4 = t090C: Temperature [ITS-90, deg C]
# name 5 = t190C: Temperature, 2 [ITS-90, deg C]
# name 6 = c0S/m: Conductivity [S/m]
# name 7 = c1S/m: Conductivity, 2 [S/m]
# name 8 = sbeox0V: Oxygen raw, SBE 43 [V]
# name 9 = sbeox1V: Oxygen raw, SBE 43, 2 [V]
# name 10 = altM: Altimeter [m]
# name 11 = latitude: Latitude [deg]
# name 12 = longitude: Longitude [deg]
# name 13 = sbox0dV/dT: Oxygen, SBE 43 [dov/dt]
# name 14 = sbox1dV/dT: Oxygen, SBE 43, 2 [dov/dt]
# name 15 = sbeox0ML/L: Oxygen, SBE 43 [ml/l], WS = 5
# name 16 = sbeox1ML/L: Oxygen, SBE 43, 2 [ml/l], WS = 5
# name 17 = potemp090C: Potential Temperature [ITS-90, deg C]
# name 18 = potemp190C: Potential Temperature, 2 [ITS-90, deg C]
# name 19 = sal00: Salinity, Practical [PSU]
# name 20 = sal11: Salinity, Practical, 2 [PSU]
# name 21 = sigma-é00: Density [sigma-theta, kg/m^3]
# name 22 = sigma-é11: Density, 2 [sigma-theta, kg/m^3]
# name 23 = avgsvCM: Average Sound Velocity [Chen-Millero, m/s], minP = 20, minS = 20
# name 24 = sbox0Mm/Kg: Oxygen, SBE 43 [umol/kg], WS = 5
# name 25 = sbox1Mm/Kg: Oxygen, SBE 43, 2 [umol/kg], WS = 5
# name 26 = nbin: number of scans per bin
# name 27 = flag: flag
# span 0 =      51794,     110788       
# span 1 =   2158.057,   4616.123       
# span 2 =      1.987,    850.658       
# span 3 =      2.000,    858.000       
# span 4 =     5.7514,    29.3930       
# span 5 =     5.7516,    29.3927       
# span 6 =   3.444635,   5.827522       
# span 7 =   3.444621,   5.833318       
# span 8 =     1.6005,     3.3956       
# span 9 =     1.3040,     2.9033       
# span 10 =      11.06,     104.68      
# span 11 =   25.61548,   26.07056      
# span 12 =  -96.12009,  -94.44074      
# span 13 =   -0.00981,    0.02113      
# span 14 =   -0.01037,    0.02609      
# span 15 =     2.4806,     5.0694      
# span 16 =     2.4978,     5.0722      
# span 17 =     5.6755,    29.3925      
# span 18 =     5.6759,    29.3922      
# span 19 =    34.7507,    36.4470      
# span 20 =    34.7518,    36.4485      
# span 21 =    21.8482,    27.5270      
# span 22 =    21.8511,    27.5266      
# span 23 =    1475.21,    1501.43      
# span 24 =    107.857,    221.085      
# span 25 =    108.699,    221.270      
# span 26 =         30,         78      
# span 27 = 0.0000e+00, 0.0000e+00      
# interval = decibars: 1                
# start_time = Oct 02 2021 23:29:35 [NMEA time, header]
# bad_flag = -9.990e-29
*END*
[from data line 52]
      66769   2781.981    486.236    490.000     8.3214     8.3240   3.674684   3.674972     1.6020     1.3051     100.00   26.05968  -96.08161    0.00001   -0.00003     2.6064     2.6294     8.2697     8.2723    35.0161    35.0166    27.2456    27.2456    1500.83    113.314    114.314         30 0.0000e+00
      66800   2783.272    485.245    489.000     8.3291     8.3298   3.675346   3.675462     1.6018     1.3047     100.00   26.05966  -96.08154   -0.00003   -0.00011     2.6051     2.6275     8.2775     8.2781    35.0160    35.0165    27.2443    27.2446    1500.83    113.257    114.234         32 0.0000e+00
      66832   2784.617    484.254    488.000     8.3356     8.3354   3.676054   3.675994     1.6014     1.3041     100.00   26.05966  -96.08154   -0.00011   -0.00028     2.6030     2.6247     8.2840     8.2838    35.0176    35.0171    27.2445    27.2442    1500.83    113.168    114.111         31 0.0000e+00
      66962   2790.039    479.297    483.000     8.3752     8.3749   3.679959   3.679896     1.6012     1.3040     100.00   26.06002  -96.08287    0.00001   -0.00001     2.5979     2.6202     8.3240     8.3237    35.0221    35.0218    27.2420    27.2418    1500.85    112.945    113.916         33 0.0000e+00
      68898   2870.695    403.954    407.000     9.5691     9.5871   3.802574   3.804415     1.6033     1.3052      87.74   26.06157  -96.08844    0.00028    0.00029     2.5001     2.5201     9.5226     9.5405    35.1659    35.1674    27.1625    27.1607    1500.94    108.702    109.570         31 0.0000e+00
      68963   2873.430    402.963    406.000     9.4828     9.5041   3.792992   3.795339     1.6019     1.3044      91.10   26.05970  -96.08154   -0.00032   -0.00019     2.5018     2.5226     9.4360     9.4578    35.1520    35.1548    27.1659    27.1645    1500.83    108.775    109.678         55 0.0000e+00
      69042   2876.691    401.971    405.000     9.5602     9.5180   3.800712   3.796617     1.6030     1.3055      79.01   26.05972  -96.08154    0.00021    0.00024     2.4993     2.5246     9.5134     9.4719    35.1582    35.1564    27.1579    27.1634    1500.83    108.667    109.767         63 0.0000e+00
      69191   2882.904    399.988    403.000     9.6447     9.6494   3.809396   3.810572     1.6041     1.3071      73.95   26.05546  -96.06583    0.00038    0.00034     2.4966     2.5211     9.5984     9.6051    35.1630    35.1670    27.1472    27.1494    1500.58    108.550    109.617         52 0.0000e+00
      69299   2887.430    398.996    402.000     9.7042     9.7100   3.816599   3.817304     1.6050     1.3075      69.53   26.05972  -96.08154    0.00009    0.00005     2.4947     2.5181     9.6578     9.6640    35.1804    35.1814    27.1511    27.1509    1500.83    108.468    109.484         33 0.0000e+00
      69386   2891.029    398.005    401.000     9.7571     9.7526   3.821973   3.821709     1.6055     1.3077     104.68   26.05972  -96.08154    0.00014    0.00001     2.4925     2.5156     9.7107     9.7062    35.1846    35.1862    27.1454    27.1475    1500.83    108.375    109.376         64 0.0000e+00
      70917   2954.846    395.030    398.000     9.8444     9.8434   3.831068   3.831065     1.6066     1.3088      99.99   26.05746  -96.07315    0.00031   -0.00001     2.4892     2.5125     9.7981     9.7971    35.1946    35.1955    27.1384    27.1393    1500.70    108.230    109.242         50 0.0000e+00
      70976   2957.295    394.038    397.000     9.8569     9.8585   3.832603   3.832808     1.6069     1.3090      78.03   26.05974  -96.08154    0.00015    0.00001     2.4888     2.5116     9.8106     9.8122    35.1983    35.1988    27.1392    27.1394    1500.83    108.212    109.205         60 0.0000e+00
      71036   2959.796    393.047    396.000     9.8717     9.8678   3.834089   3.833780     1.6069     1.3089     101.30   26.05974  -96.08154    0.00003    0.00001     2.4875     2.5105     9.8256     9.8217    35.1995    35.2001    27.1376    27.1388    1500.83    108.159    109.155         49 0.0000e+00
      71076   2961.450    392.055    395.000     9.8745     9.8663   3.834664   3.833927     1.6070     1.3091     100.00   26.05974  -96.08154   -0.00001   -0.00000     2.4872     2.5107     9.8285     9.8203    35.2026    35.2018    27.1396    27.1404    1500.83    108.145    109.163         36 0.0000e+00
      71109   2962.852    391.064    394.000     9.9174     9.9255   3.838607   3.839461     1.6077     1.3094      91.97   26.05974  -96.08154    0.00014    0.00008     2.4870     2.5092     9.8713     9.8795    35.2059    35.2071    27.1349    27.1344    1500.83    108.135    109.099         31 0.0000e+00
      71140   2964.129    390.072    393.000     9.9309     9.9383   3.840342   3.841137     1.6080     1.3099     100.03   26.05974  -96.08154    0.00034    0.00027     2.4859     2.5084     9.8849     9.8923    35.2073    35.2082    27.1336    27.1331    1500.83    108.090    109.064         31 0.0000e+00
      71173   2965.493    389.081    392.000     9.9424     9.9434   3.841591   3.841697     1.6081     1.3102     100.00   26.05974  -96.08154    0.00027    0.00034     2.4850     2.5084     9.8965     9.8975    35.2093    35.2095    27.1332    27.1332    1500.83    108.049    109.066         35 0.0000e+00
      71206   2966.891    388.089    391.000     9.9505     9.9482   3.842393   3.842127     1.6083     1.3107     100.00   26.05974  -96.08154    0.00009    0.00025     2.4848     2.5095     9.9047     9.9024    35.2101    35.2099    27.1324    27.1326    1500.83    108.041    109.112         31 0.0000e+00
      71650   2985.389    371.231    374.000    10.1357    10.1399   3.861678   3.862127     1.6129     1.3144     100.00   26.05931  -96.07995    0.00025    0.00032     2.4806     2.5035    10.0914    10.0956    35.2347    35.2352    27.1196    27.1192    1500.81    107.857    108.852         30 0.0000e+00
      72890   3037.062    323.624    326.000    10.8458    10.8449   3.937061   3.936870     1.6386     1.3378     100.00   26.05837  -96.07624    0.00069    0.00084     2.4917     2.5150    10.8056    10.8047    35.3312    35.3301    27.0687    27.0680    1500.75    108.348    109.360         30 0.0000e+00
      73408   3058.637    305.768    308.000    11.2655    11.2971   3.983534   3.987039     1.6513     1.3495      81.93   26.06692  -96.10777    0.00045    0.00062     2.4939     2.5160    11.2266    11.2581    35.4018    35.4063    27.0474    27.0451    1501.24    108.444    109.406         49 0.0000e+00
      73448   3060.279    304.776    307.000    11.2521    11.2701   3.981387   3.983476     1.6508     1.3500      97.98   26.05980  -96.08152   -0.00006    0.00041     2.4932     2.5190    11.2133    11.2313    35.3919    35.3954    27.0417    27.0411    1500.83    108.414    109.535         49 0.0000e+00
      73550   3064.556    303.784    306.000    11.2530    11.3007   3.981004   3.986608     1.6514     1.3503      99.60   26.05980  -96.08152    0.00022    0.00022     2.4946     2.5177    11.2157    11.2619    35.3908    35.3976    27.0404    27.0372    1500.83    108.474    109.480         39 0.0000e+00
      73631   3067.915    302.792    305.000    11.3587    11.2693   3.992493   3.982791     1.6525     1.3503     100.00   26.05980  -96.08152    0.00002    0.00006     2.4907     2.5191    11.3194    11.2308    35.3997    35.3902    27.0282    27.0372    1500.83    108.306    109.543         42 0.0000e+00
      73744   3072.625    301.800    304.000    11.3820    11.3851   3.995307   3.995773     1.6543     1.3519     100.00   26.05980  -96.08152    0.00029    0.00034     2.4937     2.5165    11.3433    11.3464    35.4057    35.4085    27.0284    27.0300    1500.83    108.437    109.429         59 0.0000e+00
      73927   3080.234    299.816    302.000    11.4811    11.4876   4.006273   4.007056     1.6574     1.3547      99.99   26.05753  -96.07316    0.00030    0.00020     2.4954     2.5181    11.4424    11.4489    35.4205    35.4223    27.0214    27.0216    1500.70    108.515    109.498         40 0.0000e+00
      74443   3101.734    297.832    300.000    11.5873    11.5646   4.017774   4.017379     1.6601     1.3569      83.71   26.04800  -96.03788    0.00038    0.00019     2.4958     2.5185    11.5486    11.5261    35.4290    35.4273    27.0076    27.0106    1500.15    108.532    109.515         36 0.0000e+00
      75644   3151.796    295.848    298.000    11.6912    11.7032   4.030466   4.031671     1.6633     1.3601     100.02   26.06470  -96.09940    0.00009   -0.00009     2.4965     2.5192    11.6526    11.6646    35.4626    35.4645    27.0151    27.0143    1501.11    108.563    109.549         59 0.0000e+00
      75686   3153.526    294.856    297.000    11.6953    11.7114   4.030595   4.032253     1.6632     1.3603      98.12   26.05984  -96.08148    0.00002   -0.00011     2.4957     2.5189    11.6569    11.6729    35.4581    35.4596    27.0105    27.0086    1500.83    108.528    109.537         48 0.0000e+00
      75728   3155.297    293.863    296.000    11.7151    11.7359   4.032305   4.034740     1.6638     1.3612      71.61   26.05984  -96.08148    0.00016    0.00044     2.4961     2.5198    11.6767    11.6975    35.4586    35.4612    27.0071    27.0052    1500.83    108.543    109.577         40 0.0000e+00
      75764   3156.808    292.872    295.000    11.7400    11.7534   4.035315   4.036782     1.6644     1.3619     100.69   26.05984  -96.08146    0.00039    0.00053     2.4956     2.5207    11.7017    11.7151    35.4634    35.4650    27.0061    27.0048    1500.83    108.522    109.613         32 0.0000e+00
      76868   3202.811    251.200    253.000    12.8213    12.8130   4.156299   4.155414     1.7037     1.3957     100.00   26.06018  -96.08265    0.00097    0.00081     2.5189     2.5403    12.7865    12.7783    35.6309    35.6302    26.9249    26.9260    1500.85    109.545    110.474         30 0.0000e+00
      77888   3245.298    211.505    213.000    14.0229    14.0235   4.293174   4.293071     1.7515     1.4398      99.79   26.06041  -96.08350    0.00146    0.00135     2.5546     2.5785    13.9919    13.9924    35.8181    35.8162    26.8214    26.8199    1500.86    111.107    112.149         30 0.0000e+00
      77918   3246.522    210.513    212.000    14.0585    14.0566   4.297019   4.296546     1.7530     1.4415     100.00   26.05986  -96.08145    0.00129    0.00114     2.5559     2.5808    14.0275    14.0256    35.8212    35.8185    26.8162    26.8145    1500.83    111.166    112.250         31 0.0000e+00
      78092   3253.802    205.550    207.000    14.2149    14.2206   4.315739   4.316123     1.7633     1.4508     100.02   26.06511  -96.10076    0.00122    0.00131     2.5701     2.5948    14.1844    14.1901    35.8542    35.8540    26.8087    26.8073    1501.13    111.784    112.860         48 0.0000e+00
      78158   3256.546    204.558    206.000    14.1368    14.2128   4.305826   4.314309     1.7627     1.4504      94.93   26.05988  -96.08144   -0.00010   -0.00016     2.5732     2.5939    14.1067    14.1825    35.8341    35.8426    26.8093    26.7997    1500.83    111.917    112.818         54 0.0000e+00
      78220   3259.145    202.572    204.000    14.3679    14.3258   4.329694   4.325151     1.7654     1.4513      99.86   26.02321  -95.94623    0.00068    0.00035     2.5680     2.5901    14.3394    14.2956    35.8334    35.8265    26.7568    26.7603    1498.72    111.696    112.656         32 0.0000e+00
      78466   3269.358    201.580    203.000    14.4109    14.4096   4.337982   4.337817     1.7691     1.4548     100.00   26.05988  -96.08144    0.00011   -0.00008     2.5717     2.5933    14.3809    14.3794    35.8772    35.8784    26.7838    26.7851    1500.83    111.856    112.797         54 0.0000e+00
      78643   3276.730    199.595    201.000    14.4388    14.4338   4.340331   4.340124     1.7703     1.4553      99.94   26.05430  -96.06085    0.00005    0.00002     2.5725     2.5928    14.4089    14.4039    35.8735    35.8752    26.7745    26.7769    1500.51    111.891    112.772         59 0.0000e+00
      79763   3323.420    198.603    200.000    14.5260    14.5293   4.351237   4.351716     1.7745     1.4596      97.49   26.05991  -96.08144   -0.00002   -0.00012     2.5771     2.5985    14.4961    14.4994    35.8953    35.8968    26.7730    26.7733    1500.83    112.090    113.023         34 0.0000e+00
      79958   3331.538    197.610    199.000    14.5352    14.5471   4.352369   4.353795     1.7743     1.4602      99.06   26.05992  -96.08144   -0.00024    0.00003     2.5756     2.5988    14.5055    14.5174    35.8980    35.9002    26.7730    26.7721    1500.83    112.028    113.035         59 0.0000e+00
      80037   3334.819    196.617    198.000    14.5662    14.5538   4.355559   4.354514     1.7747     1.4604      99.59   26.05992  -96.08144    0.00004    0.00005     2.5745     2.5986    14.5366    14.5242    35.8995    35.9014    26.7674    26.7716    1500.83    111.980    113.027         60 0.0000e+00
      80104   3337.623    195.625    197.000    14.6201    14.6039   4.361920   4.360242     1.7759     1.4608      99.99   26.05992  -96.08144    0.00047    0.00013     2.5739     2.5964    14.5906    14.5747    35.9088    35.9078    26.7628    26.7654    1500.83    111.955    112.932         64 0.0000e+00
      80167   3340.239    194.632    196.000    14.6839    14.6877   4.369386   4.369938     1.7764     1.4603     100.00   26.05992  -96.08145    0.00029   -0.00002     2.5711     2.5899    14.6545    14.6582    35.9190    35.9206    26.7568    26.7572    1500.83    111.832    112.651         59 0.0000e+00
      80224   3342.608    193.640    195.000    14.7084    14.7171   4.372496   4.373526     1.7753     1.4600     100.00   26.05992  -96.08145   -0.00033   -0.00025     2.5665     2.5873    14.6790    14.6877    35.9255    35.9269    26.7564    26.7556    1500.83    111.635    112.536         58 0.0000e+00
      80280   3344.956    192.647    194.000    14.7528    14.7608   4.377627   4.378543     1.7755     1.4596     100.00   26.05992  -96.08144   -0.00009   -0.00009     2.5642     2.5834    14.7235    14.7316    35.9321    35.9331    26.7518    26.7508    1500.83    111.533    112.369         50 0.0000e+00
      80322   3346.725    191.655    193.000    14.7847    14.8013   4.381358   4.383328     1.7755     1.4602      84.85   26.05992  -96.08144    0.00009   -0.00001     2.5618     2.5823    14.7555    14.7721    35.9373    35.9401    26.7488    26.7474    1500.83    111.431    112.320         38 0.0000e+00
      80362   3348.372    190.662    192.000    14.8439    14.8493   4.388163   4.388734     1.7762     1.4605     100.37   26.05992  -96.08145    0.00011    0.00026     2.5598     2.5800    14.8148    14.8203    35.9456    35.9458    26.7422    26.7412    1500.83    111.345    112.220         39 0.0000e+00
      80397   3349.842    189.670    191.000    14.8630    14.8754   4.390346   4.391703     1.7760     1.4609     100.00   26.05992  -96.08144    0.00023    0.00023     2.5578     2.5793    14.8340    14.8464    35.9485    35.9495    26.7402    26.7383    1500.83    111.256    112.190         32 0.0000e+00
      80429   3351.174    188.677    190.000    14.8918    14.9046   4.393718   4.395210     1.7759     1.4601     100.00   26.05992  -96.08144    0.00000    0.00005     2.5556     2.5751    14.8630    14.8758    35.9532    35.9551    26.7375    26.7361    1500.83    111.162    112.010         35 0.0000e+00
      80467   3352.739    187.684    189.000    14.9236    14.9323   4.397337   4.398444     1.7756     1.4590      86.40   26.05992  -96.08144   -0.00016   -0.00047     2.5529     2.5706    14.8949    14.9036    35.9575    35.9596    26.7338    26.7334    1500.83    111.042    111.813         37 0.0000e+00
