Gulf of Mexico/GOMECC-4/1db/urb2103_0061.cnv
* Sea-Bird SBE 9 Data File:
* FileName = C:\Users\scs.user.rb\CTD\GOMECC4\data\rb2103_006.hex
* Software Version Seasave V 7.26.7.107
* Temperature SN = 4799
* Conductivity SN = 3860
* Number of Bytes Per Scan = 41
* Number of Voltage Words = 4
* Number of Scans Averaged by the Deck Unit = 1
* NMEA Latitude = 26 59.43 N
* NMEA Longitude = 079 59.23 W
* NMEA UTC (Time) = Sep 15 2021  03:40:59
* NMEA baud rate = 4800
# nquan = 28
# nvalues = 11                          
# units = specified
# name 0 = scan: Scan Count
# name 1 = timeS: Time, Elapsed [seconds]
# name 2 = depSM: Depth [salt water, m]
# name 3 = prDM: Pressure, Digiquartz [db]
# name 4 = t090C: Temperature [ITS-90, deg C]
# name 5 = t190C: Temperature, 2 [ITS-90, deg C]
# name 6 = c0S/m: Conductivity [S/m]
# name 7 = c1S/m: Conductivity, 2 [S/m]
# name 8 = sbeox0V: Oxygen raw, SBE 43 [V]
# name 9 = sbeox1V: Oxygen raw, SBE 43, 2 [V]
# name 10 = altM: Altimeter [m]
# name 11 = latitude: Latitude [deg]
# name 12 = longitude: Longitude [deg]
# name 13 = sbox0dV/dT: Oxygen, SBE 43 [dov/dt]
# name 14 = sbox1dV/dT: Oxygen, SBE 43, 2 [dov/dt]
# name 15 = sbeox0ML/L: Oxygen, SBE 43 [ml/l], WS = 5
# name 16 = sbeox1ML/L: Oxygen, SBE 43, 2 [ml/l], WS = 5
# name 17 = potemp090C: Potential Temperature [ITS-90, deg C]
# name 18 = potemp190C: Potential Temperature, 2 [ITS-90, deg C]
# name 19 = sal00: Salinity, Practical [PSU]
# name 20 = sal11: Salinity, Practical, 2 [PSU]
# name 21 = sigma-é00: Density [sigma-theta, kg/m^3]
# name 22 = sigma-é11: Density, 2 [sigma-theta, kg/m^3]
# name 23 = avgsvCM: Average Sound Velocity [Chen-Millero, m/s], minP = 20, minS = 20
# name 24 = sbox0Mm/Kg: Oxygen, SBE 43 [umol/kg], WS = 5
# name 25 = sbox1Mm/Kg: Oxygen, SBE 43, 2 [umol/kg], WS = 5
# name 26 = nbin: number of scans per bin
# name 27 = flag: flag
# span 0 =      22057,      40374       
# span 1 =    918.987,   1682.216       
# span 2 =      1.987,     51.652       
# span 3 =      2.000,     52.000       
# span 4 =    21.0723,    30.5377       
# span 5 =    20.8778,    30.6131       
# span 6 =   5.051167,   6.042490       
# span 7 =   5.031684,   6.042897       
# span 8 =     2.4275,     3.2290       
# span 9 =     2.0497,     2.7383       
# span 10 =      11.87,      59.27      
# span 11 =   26.99440,   27.74190      
# span 12 =  -82.19131,  -79.98826      
# span 13 =   -0.00042,    0.00818      
# span 14 =   -0.00143,    0.00611      
# span 15 =     3.5730,     4.4247      
# span 16 =     3.6067,     4.4360      
# span 17 =    21.0623,    30.5366      
# span 18 =    20.8678,    30.6121      
# span 19 =    35.4624,    36.3544      
# span 20 =    35.4033,    36.4381      
# span 21 =    22.1428,    25.3814      
# span 22 =    22.0984,    25.4407      
# span 23 =    1540.52,    1582.92      
# span 24 =    155.620,    193.323      
# span 25 =    157.084,    193.819      
# span 26 =         33,         71      
# span 27 = 0.0000e+00, 0.0000e+00      
# interval = decibars: 1                
# start_time = Sep 15 2021 03:40:59 [NMEA time, header]
# bad_flag = -9.990e-29
*END*
      22057    918.987     51.652     52.000    21.0723    20.8778   5.051167   5.031684     2.4275     2.0497      11.87   26.99440  -79.98826    0.00269    0.00077     3.5730     3.6067    21.0623    20.8678    36.1879    36.1958    25.3814    25.4407    1540.52    155.620    157.084         47 0.0000e+00
      22131    922.099     50.658     51.000    21.2252    21.1221   5.066275   5.056451     2.4495     2.0640      12.82   26.99443  -79.98826    0.00818    0.00378     3.6082     3.6281    21.2153    21.1123    36.1804    36.1864    25.3337    25.3667    1540.52    157.162    158.023         67 0.0000e+00
      22208    925.308     49.665     50.000    21.3805    21.2225   5.081558   5.066048     2.4664     2.0793      13.78   26.99445  -79.98827    0.00518    0.00562     3.6324     3.6566    21.3708    21.2128    36.1720    36.1803    25.2844    25.3344    1540.52    158.221    159.267         71 0.0000e+00
      22290    928.724     48.672     49.000    21.5744    21.3706   5.100762   5.080513     2.4846     2.0900      14.74   26.99447  -79.98828    0.00556    0.00360     3.6562     3.6713    21.5648    21.3611    36.1625    36.1723    25.2232    25.2873    1540.52    159.270    159.915         47 0.0000e+00
      22374    932.221     47.679     48.000    21.8051    21.5587   5.123538   5.099571     2.5098     2.1100      15.74   26.99451  -79.98828    0.00803    0.00611     3.6913     3.7042    21.7957    21.5493    36.1491    36.1666    25.1487    25.2308    1540.52    160.809    161.359         64 0.0000e+00
      25854   1077.222     36.753     37.000    24.4153    24.3054   5.391719   5.376038     2.7940     2.3554      25.57   27.03912  -80.11754    0.00560    0.00124     4.0711     4.0615    24.4074    24.2975    36.1074    36.0720    24.3651    24.3696    1543.00    177.497    177.078         49 0.0000e+00
      36266   1511.056      8.940      9.000    29.9022    29.9021   5.903035   5.903084     3.1514     2.6835      53.41   27.08527  -80.24771    0.00008    0.00122     4.3285     4.3477    29.9000    29.8999    35.5813    35.5817    22.2146    22.2150    1545.49    189.121    189.960         33 0.0000e+00
      36237   1509.854      7.947      8.000    29.8056    29.8066   5.884012   5.884270     3.1436     2.6693      54.22   26.99810  -79.98940    0.00098   -0.00143     4.3181     4.3221    29.8036    29.8046    35.4671    35.4682    22.1435    22.1439    1540.52    188.667    188.844         36 0.0000e+00
      40374   1682.216      3.974      4.000    30.5377    30.6131   6.042490   6.042897     3.2290     2.7383      59.07   27.74190  -82.19131   -0.00042    0.00166     4.4247     4.4360    30.5366    30.6121    36.3544    36.4381    22.7029    22.7531    1582.92    193.323    193.819         37 0.0000e+00
      39363   1640.076      2.980      3.000    29.7959    29.7953   5.882051   5.882076     3.1446     2.6780      58.41   26.99877  -79.98959    0.00013    0.00043     4.3182     4.3376    29.7951    29.7946    35.4624    35.4629    22.1428    22.1434    1540.52    188.672    189.522         42 0.0000e+00
      39420   1642.447      1.987      2.000    29.7960    29.7958   5.882046   5.873302     3.1456     2.6720      59.27   26.99878  -79.98960    0.00058   -0.00101     4.3195     4.3266    29.7955    29.7953    35.4625    35.4033    22.1428    22.0984    1540.52    188.729    189.046         33 0.0000e+00
