Gulf of Mexico/GOMECC-4/1db/urb2103_0101.cnv
* Sea-Bird SBE 9 Data File:
* FileName = C:\Users\scs.user.rb\CTD\GOMECC4\data\rb2103_0101.hex
* Software Version Seasave V 7.26.7.107
* Temperature SN = 4799
* Conductivity SN = 3860
* Number of Bytes Per Scan = 41
* Number of Voltage Words = 4
* Number of Scans Averaged by the Deck Unit = 1
* NMEA Latitude = 26 13.28 N
* NMEA Longitude = 085 39.93 W
* NMEA UTC (Time) = Sep 17 2021  22:10:49
* NMEA baud rate = 4800
# nquan = 28
# nvalues = 909                         
# units = specified
# name 0 = scan: Scan Count
# name 1 = timeS: Time, Elapsed [seconds]
# name 2 = depSM: Depth [salt water, m]
# name 3 = prDM: Pressure, Digiquartz [db]
# name 4 = t090C: Temperature [ITS-90, deg C]
# name 5 = t190C: Temperature, 2 [ITS-90, deg C]
# name 6 = c0S/m: Conductivity [S/m]
# name 7 = c1S/m: Conductivity, 2 [S/m]
# name 8 = sbeox0V: Oxygen raw, SBE 43 [V]
# name 9 = sbeox1V: Oxygen raw, SBE 43, 2 [V]
# name 10 = altM: Altimeter [m]
# name 11 = latitude: Latitude [deg]
# name 12 = longitude: Longitude [deg]
# name 13 = sbox0dV/dT: Oxygen, SBE 43 [dov/dt]
# name 14 = sbox1dV/dT: Oxygen, SBE 43, 2 [dov/dt]
# name 15 = sbeox0ML/L: Oxygen, SBE 43 [ml/l], WS = 5
# name 16 = sbeox1ML/L: Oxygen, SBE 43, 2 [ml/l], WS = 5
# name 17 = potemp090C: Potential Temperature [ITS-90, deg C]
# name 18 = potemp190C: Potential Temperature, 2 [ITS-90, deg C]
# name 19 = sal00: Salinity, Practical [PSU]
# name 20 = sal11: Salinity, Practical, 2 [PSU]
# name 21 = sigma-é00: Density [sigma-theta, kg/m^3]
# name 22 = sigma-é11: Density, 2 [sigma-theta, kg/m^3]
# name 23 = avgsvCM: Average Sound Velocity [Chen-Millero, m/s], minP = 20, minS = 20
# name 24 = sbox0Mm/Kg: Oxygen, SBE 43 [umol/kg], WS = 5
# name 25 = sbox1Mm/Kg: Oxygen, SBE 43, 2 [umol/kg], WS = 5
# name 26 = nbin: number of scans per bin
# name 27 = flag: flag
# span 0 =     103324,     242700       
# span 1 =   4305.116,  10112.474       
# span 2 =      1.987,   3241.326       
# span 3 =      2.000,   3288.000       
# span 4 =     4.2848,    30.4602       
# span 5 =     4.2857,    30.4777       
# span 6 =   3.344966,   6.038300       
# span 7 =   3.344879,   6.043242       
# span 8 =     1.6181,     3.2118       
# span 9 =     1.3226,     2.7286       
# span 10 =      10.04,     107.37      
# span 11 =   25.97034,   26.58528      
# span 12 =  -86.85843,  -84.84919      
# span 13 =   -0.03567,    0.04930      
# span 14 =   -0.02976,    0.04320      
# span 15 =     2.5869,     4.6718      
# span 16 =     2.6212,     4.7092      
# span 17 =     4.0800,    30.4585      
# span 18 =     4.0813,    30.4760      
# span 19 =    34.9006,    36.8108      
# span 20 =    34.8985,    36.8120      
# span 21 =    22.2233,    27.7597      
# span 22 =    22.2240,    27.7579      
# span 23 =    1488.25,    1523.50      
# span 24 =    112.484,    203.493      
# span 25 =    113.969,    204.632      
# span 26 =         30,         73      
# span 27 = 0.0000e+00, 0.0000e+00      
# interval = decibars: 1                
# start_time = Sep 17 2021 22:10:49 [NMEA time, header]
# bad_flag = -9.990e-29
*END*
[from data line 829]
     226004   9416.784     96.345     97.000    20.0653    20.0921   4.976028   4.978776     2.1299     1.7885      98.91   26.21856  -85.65976    0.01432    0.01315     3.0223     3.0653    20.0472    20.0739    36.4214    36.4220    25.8339    25.8272    1502.46    131.575    133.451         41 0.0000e+00
     226148   9422.774     93.366     94.000    20.9794    20.9358   5.075439   5.070101     2.2416     1.9168     100.02   26.22483  -85.68025    0.02747    0.03313     3.2028     3.3140    20.9613    20.9177    36.4510    36.4452    25.6105    25.6180    1502.82    139.463    144.307         34 0.0000e+00
     226132   9422.113     92.373     93.000    20.9840    20.9775   5.075643   5.073887     2.3166     1.9638     100.00   26.21856  -85.65976    0.04930    0.04320     3.3585     3.4197    20.9661    20.9596    36.4459    36.4373    25.6044    25.5996    1502.46    146.247    148.912         41 0.0000e+00
     226347   9431.081     89.394     90.000    21.9163    21.9050   5.195729   5.192635     2.4257     2.0486     100.04   26.23269  -85.70592    0.02764    0.02210     3.5195     3.5514    21.8984    21.8871    36.6224    36.6076    25.4819    25.4739    1503.27    153.276    154.666         35 0.0000e+00
     226269   9427.823     88.401     89.000    21.8574    21.9410   5.185217   5.196377     2.4386     2.0616     100.00   26.21856  -85.65974    0.02517    0.02082     3.5503     3.5779    21.8397    21.9233    36.5816    36.5994    25.4654    25.4553    1502.46    154.619    155.825         42 0.0000e+00
     226330   9430.364     87.408     88.000    21.9688    21.9442   5.199152   5.194571     2.4444     2.0710     100.00   26.21855  -85.65974    0.00353    0.00562     3.5554     3.5987    21.9513    21.9267    36.5995    36.5876    25.4475    25.4454    1502.46    154.845    156.732         61 0.0000e+00
     226415   9433.935     86.415     87.000    21.8124    21.8905   5.179149   5.189140     2.4419     2.0695     100.00   26.21855  -85.65975   -0.00051    0.00099     3.5596     3.5986    21.7952    21.8732    36.5724    36.5861    25.4708    25.4593    1502.46    155.022    156.722         33 0.0000e+00
     226492   9437.138     85.424     86.000    22.2439    22.3203   5.232521   5.225318     2.4436     2.0730     100.00   26.21854  -85.65974   -0.00366    0.00017     3.5453     3.5890    22.2266    22.3035    36.6343    36.6331    25.3945    25.4146    1502.46    154.402    156.312         53 0.0000e+00
     226585   9441.010     84.429     85.000    22.6165    22.9214   5.285200   5.317885     2.4755     2.1038      99.42   26.21854  -85.65974    0.00262    0.00416     3.5700     3.6073    22.6162    22.9040    36.7164    36.7479    25.3466    25.2939    1502.46    155.494    157.127         42 0.0000e+00
     226664   9444.296     83.435     84.000    23.0580    23.1244   5.339411   5.348013     2.4922     2.1137     100.17   26.21854  -85.65973   -0.00173    0.00087     3.5727     3.6130    23.0356    23.1071    36.7868    36.7936    25.2792    25.2635    1502.46    155.624    157.381         47 0.0000e+00
     226757   9448.181     82.442     83.000    23.1442    23.0956   5.350532   5.343784     2.5038     2.1152      94.93   26.21854  -85.65972    0.00222    0.00066     3.5891     3.6180    23.1309    23.0785    36.7937    36.7852    25.2566    25.2655    1502.46    156.342    157.598         69 0.0000e+00
     226834   9451.379     81.449     82.000    23.4007    23.3741   5.380960   5.376681     2.5160     2.1226     100.72   26.21852  -85.65972    0.00270    0.00162     3.5982     3.6186    23.3925    23.3571    36.8108    36.8091    25.1930    25.2021    1502.46    156.747    157.633         54 0.0000e+00
     226936   9455.622     80.456     81.000    23.4087    23.3903   5.380604   5.378972     2.5264     2.1351     100.00   26.21852  -85.65971    0.00189    0.00246     3.6158     3.6422    23.3925    23.3734    36.8085    36.8120    25.1912    25.1995    1502.46    157.511    158.662         46 0.0000e+00
     227636   9484.777     79.463     80.000    23.6093    23.6008   5.400789   5.400186     2.5508     2.1603     100.00   26.21849  -85.65965    0.00034    0.00124     3.6538     3.6833    23.5926    23.5840    36.7992    36.8001    25.1252    25.1284    1502.46    159.180    160.464         54 0.0000e+00
     228240   9509.939     78.470     79.000    23.6805    23.6793   5.407892   5.407851     2.5698     2.1743     100.00   26.21846  -85.65960    0.00088    0.00085     3.6834     3.7092    23.6640    23.6627    36.7929    36.7940    25.0994    25.1005    1502.46    160.472    161.596         66 0.0000e+00
     228329   9513.661     77.477     78.000    23.6898    23.6821   5.408048   5.407537     2.5725     2.1798     100.00   26.21846  -85.65960    0.00067    0.00160     3.6876     3.7207    23.6734    23.6657    36.7871    36.7896    25.0922    25.0963    1502.46    160.655    162.099         50 0.0000e+00
     228380   9515.802     76.484     77.000    23.7242    23.7308   5.409353   5.410449     2.5762     2.1820     100.00   26.21846  -85.65960    0.00150    0.00149     3.6924     3.7227    23.6941    23.7146    36.7791    36.7718    25.0800    25.0683    1502.46    160.867    162.189         39 0.0000e+00
     228417   9517.331     75.491     76.000    23.9498    23.9515   5.431151   5.430715     2.5925     2.1999      96.95   26.21846  -85.65960    0.00473    0.00458     3.7113     3.7477    23.9334    23.9355    36.7518    36.7539    24.9881    24.9891    1502.46    161.704    163.294         33 0.0000e+00
     228453   9518.851     74.497     75.000    24.0093    24.0114   5.438835   5.439146     2.6044     2.2062      98.02   26.21846  -85.65958    0.00817    0.00714     3.7282     3.7564    23.9935    23.9955    36.7588    36.7597    24.9756    24.9756    1502.46    162.444    163.673         39 0.0000e+00
     228493   9520.510     73.504     74.000    24.0640    24.0620   5.445132   5.445188     2.6111     2.2089     100.01   26.21846  -85.65958    0.00750    0.00439     3.7370     3.7584    24.0483    24.0465    36.7619    36.7643    24.9615    24.9640    1502.46    162.831    163.761         39 0.0000e+00
     228530   9522.050     72.511     73.000    24.1776    24.1716   5.457929   5.457797     2.6120     2.2109      92.38   26.21846  -85.65958    0.00337    0.00170     3.7305     3.7552    24.1621    24.1561    36.7659    36.7698    24.9304    24.9352    1502.46    162.551    163.628         35 0.0000e+00
     228563   9523.435     71.518     72.000    24.3066    24.2996   5.469807   5.468915     2.6172     2.2200      76.05   26.21846  -85.65958    0.00152    0.00260     3.7317     3.7666    24.2912    24.2842    36.7501    36.7491    24.8797    24.8811    1502.46    162.611    164.132         31 0.0000e+00
     228594   9524.715     70.525     71.000    24.3875    24.3733   5.472512   5.471755     2.6419     2.2444     100.12   26.21846  -85.65958    0.00413    0.00489     3.7749     3.8144    24.3723    24.3580    36.7045    36.7104    24.8207    24.8295    1502.46    164.504    166.225         31 0.0000e+00
     228624   9525.972     69.532     70.000    24.4333    24.4441   5.475208   5.476195     2.6781     2.2794     100.00   26.21845  -85.65958    0.01649    0.01697     3.8430     3.8866    24.4183    24.4291    36.6876    36.6863    24.7941    24.7898    1502.46    167.476    169.376         31 0.0000e+00
     228660   9527.467     68.539     69.000    24.5006    24.4796   5.480275   5.479091     2.7138     2.3123     100.00   26.21844  -85.65957    0.02542    0.02443     3.9081     3.9550    24.4858    24.4648    36.6711    36.6793    24.7612    24.7738    1502.46    170.318    172.361         43 0.0000e+00
     228723   9530.094     67.546     68.000    24.4763    24.4701   5.478433   5.478003     2.7466     2.3328     100.00   26.21844  -85.65956    0.01703    0.01193     3.9736     3.9996    24.4617    24.4555    36.6774    36.6793    24.7733    24.7766    1502.46    173.170    174.301         42 0.0000e+00
     228761   9531.683     66.552     67.000    24.5983    24.5495   5.488373   5.484556     2.7505     2.3324     100.00   26.21844  -85.65955    0.00715    0.00337     3.9723     3.9931    24.5838    24.5351    36.6529    36.6640    24.7178    24.7410    1502.46    173.123    174.027         39 0.0000e+00
     228870   9536.220     65.559     66.000    24.5369    24.5118   5.483240   5.481740     2.7622     2.3352     100.00   26.21844  -85.65954    0.00254   -0.00092     3.9991     4.0009    24.5227    24.4976    36.6648    36.6740    24.7453    24.7599    1502.46    174.286    174.364         43 0.0000e+00
     228891   9537.082     63.573     64.000    24.6382    24.6315   5.491525   5.491194     2.7732     2.3490      99.94   26.20320  -85.60978   -0.00022    0.00037     4.0121     4.0216    24.6243    24.6177    36.6361    36.6391    24.6902    24.6945    1501.59    174.861    175.273         41 0.0000e+00
     229087   9545.255     62.580     63.000    24.8774    24.8843   5.518301   5.518999     2.7807     2.3583     100.00   26.21844  -85.65954    0.00142    0.00035     4.0089     4.0241    24.8637    24.8706    36.6514    36.6510    24.6315    24.6290    1502.46    174.733    175.397         49 0.0000e+00
     230328   9596.974     59.600     60.000    25.2125    25.3002   5.540827   5.547977     2.8921     2.4821      99.99   26.21641  -85.65293    0.00174    0.00640     4.2005     4.2611    25.1994    25.2870    36.5479    36.5302    24.4501    24.4097    1502.34    183.118    185.767         46 0.0000e+00
     231673   9652.994     58.607     59.000    25.2871    25.2938   5.533237   5.535157     3.0105     2.5697     100.00   26.21838  -85.65944    0.00380    0.00309     4.4264     4.4505    25.2741    25.2809    36.4328    36.4416    24.3404    24.3450    1502.46    192.984    194.038         37 0.0000e+00
     231720   9654.940     56.621     57.000    25.2440    25.2455   5.517313   5.517910     3.0482     2.6079      99.99   26.21567  -85.65059    0.00863    0.00937     4.5039     4.5370    25.2317    25.2330    36.3486    36.3513    24.2894    24.2909    1502.30    196.375    197.816         46 0.0000e+00
     231821   9659.180     55.627     56.000    25.2729    25.2851   5.520756   5.521130     3.0827     2.6419      87.09   26.21838  -85.65944    0.01233    0.01196     4.5675     4.6062    25.2606    25.2728    36.3525    36.3455    24.2839    24.2748    1502.46    199.147    200.837         40 0.0000e+00
     231861   9660.818     54.634     55.000    25.4778    25.4636   5.541191   5.539917     3.0927     2.6477      99.87   26.21838  -85.65944    0.00606    0.00614     4.5694     4.6042    25.4656    25.4515    36.3401    36.3420    24.2112    24.2170    1502.46    199.244    200.762         37 0.0000e+00
     231911   9662.928     53.641     54.000    25.5381    25.5596   5.549175   5.551389     3.1053     2.6528      77.74   26.21838  -85.65944    0.00658    0.00363     4.5879     4.6066    25.5261    25.5476    36.3512    36.3504    24.2009    24.1936    1502.46    200.053    200.872         68 0.0000e+00
     231974   9665.521     52.648     53.000    25.5716    25.6268   5.553303   5.560010     3.1055     2.6522      99.61   26.21837  -85.65944    0.00118   -0.00057     4.5853     4.5991    25.5599    25.6150    36.3552    36.3592    24.1934    24.1794    1502.46    199.943    200.548         47 0.0000e+00
     232016   9667.298     51.655     52.000    25.7820    25.7587   5.577046   5.575144     3.1033     2.6514      99.90   26.21836  -85.65943   -0.00060    0.00038     4.5620     4.5861    25.7722    25.7472    36.3612    36.3663    24.1320    24.1433    1502.46    198.939    199.988         39 0.0000e+00
     232070   9669.537     50.661     51.000    25.8000    25.8321   5.579967   5.583392     3.0913     2.6421     100.00   26.21836  -85.65942   -0.00363   -0.00277     4.5389     4.5606    25.7886    25.8207    36.3700    36.3696    24.1335    24.1232    1502.46    197.929    198.881         59 0.0000e+00
     232123   9671.731     49.668     50.000    25.9411    25.9279   5.593158   5.591763     3.0880     2.6376     100.00   26.21836  -85.65942   -0.00377   -0.00339     4.5193     4.5432    25.9300    25.9167    36.3608    36.3594    24.0823    24.0855    1502.46    197.088    198.126         46 0.0000e+00
     232167   9673.603     48.675     49.000    25.9502    25.9468   5.590864   5.591760     3.0905     2.6434     100.00   26.21836  -85.65942    0.00009   -0.00004     4.5232     4.5542    25.9393    25.9359    36.3313    36.3405    24.0571    24.0652    1502.46    197.260    198.613         46 0.0000e+00
     232222   9675.887     47.682     48.000    25.9494    25.9495   5.589557   5.589944     3.1091     2.6577      98.14   26.21836  -85.65942    0.00523    0.00561     4.5583     4.5839    25.9387    25.9387    36.3225    36.3253    24.0507    24.0528    1502.46    198.794    199.909         59 0.0000e+00
     232272   9677.950     46.688     47.000    26.0166    25.9635   5.591860   5.590247     3.1159     2.6614     100.03   26.21836  -85.65942    0.00549    0.00360     4.5644     4.5883    25.9853    25.9529    36.3028    36.3158    24.0212    24.0412    1502.46    199.063    200.104         41 0.0000e+00
     232316   9679.785     45.695     46.000    26.1343    26.1346   5.606025   5.605542     3.1600     2.7022     100.00   26.21836  -85.65942    0.01065    0.00859     4.6384     4.6622    26.1256    26.1243    36.2958    36.2934    23.9719    23.9701    1502.46    202.304    203.342         52 0.0000e+00
     232372   9682.123     44.702     45.000    26.1463    26.1419   5.605978   5.607061     3.1748     2.7116      88.98   26.21836  -85.65942    0.01542    0.01338     4.6657     4.6815    26.1360    26.1318    36.2959    36.2971    23.9687    23.9710    1502.46    203.493    204.182         52 0.0000e+00
     232416   9683.939     43.709     44.000    26.3939    26.3428   5.631671   5.628195     3.1763     2.7164      99.64   26.21836  -85.65942    0.00386    0.00424     4.6512     4.6768    26.3839    26.3328    36.2798    36.2944    23.8783    23.9056    1502.46    202.879    203.989         38 0.0000e+00
     232469   9686.169     42.715     43.000    26.5599    26.6069   5.650621   5.655709     3.1763     2.7144      99.86   26.21836  -85.65941    0.00131    0.00145     4.6336     4.6491    26.5501    26.5971    36.2865    36.2864    23.8308    23.8157    1502.46    202.119    202.802         65 0.0000e+00
     232521   9688.345     41.722     42.000    26.7734    26.8332   5.674716   5.676926     3.1704     2.7036      69.26   26.21836  -85.65940   -0.00345   -0.00539     4.6040     4.6122    26.7638    26.8236    36.2931    36.3077    23.7676    23.7594    1502.46    200.841    201.199         37 0.0000e+00
     232558   9689.884     40.729     41.000    27.2626    27.3021   5.738397   5.742106     3.1726     2.6998      76.99   26.21836  -85.65940   -0.00029   -0.00221     4.5656     4.5632    27.2531    27.2926    36.3681    36.3662    23.6671    23.6529    1502.46    199.188    199.085         44 0.0000e+00
     232627   9692.733     39.735     40.000    27.3308    27.3836   5.745416   5.752335     3.1447     2.6827      92.28   26.21836  -85.65940   -0.00817   -0.00637     4.5076     4.5200    27.3215    27.3744    36.3654    36.3774    23.6430    23.6321    1502.46    196.662    197.202         42 0.0000e+00
     232676   9694.774     38.742     39.000    27.4556    27.4091   5.761738   5.755854     3.1439     2.6814      99.79   26.21836  -85.65940   -0.00687   -0.00287     4.4910     4.5157    27.4465    27.4000    36.3575    36.3742    23.5965    23.6241    1502.46    195.945    197.015         49 0.0000e+00
