Gulf of Mexico/GOMECC-4/1db/urb2103_0371.cnv
* Sea-Bird SBE 9 Data File:
* FileName = C:\Users\scs.user.rb\CTD\GOMECC4\data\rb2103_0371.hex
* Software Version Seasave V 7.26.7.107
* Temperature SN = 4799
* Conductivity SN = 3860
* Number of Bytes Per Scan = 41
* Number of Voltage Words = 4
* Number of Scans Averaged by the Deck Unit = 1
* NMEA Latitude = 27 00.07 N
* NMEA Longitude = 089 59.96 W
* NMEA UTC (Time) = Sep 25 2021  07:16:47
* NMEA baud rate = 4800
# nquan = 28
# nvalues = 521                         
# units = specified
# name 0 = scan: Scan Count
# name 1 = timeS: Time, Elapsed [seconds]
# name 2 = depSM: Depth [salt water, m]
# name 3 = prDM: Pressure, Digiquartz [db]
# name 4 = t090C: Temperature [ITS-90, deg C]
# name 5 = t190C: Temperature, 2 [ITS-90, deg C]
# name 6 = c0S/m: Conductivity [S/m]
# name 7 = c1S/m: Conductivity, 2 [S/m]
# name 8 = sbeox0V: Oxygen raw, SBE 43 [V]
# name 9 = sbeox1V: Oxygen raw, SBE 43, 2 [V]
# name 10 = altM: Altimeter [m]
# name 11 = latitude: Latitude [deg]
# name 12 = longitude: Longitude [deg]
# name 13 = sbox0dV/dT: Oxygen, SBE 43 [dov/dt]
# name 14 = sbox1dV/dT: Oxygen, SBE 43, 2 [dov/dt]
# name 15 = sbeox0ML/L: Oxygen, SBE 43 [ml/l], WS = 5
# name 16 = sbeox1ML/L: Oxygen, SBE 43, 2 [ml/l], WS = 5
# name 17 = potemp090C: Potential Temperature [ITS-90, deg C]
# name 18 = potemp190C: Potential Temperature, 2 [ITS-90, deg C]
# name 19 = sal00: Salinity, Practical [PSU]
# name 20 = sal11: Salinity, Practical, 2 [PSU]
# name 21 = sigma-é00: Density [sigma-theta, kg/m^3]
# name 22 = sigma-é11: Density, 2 [sigma-theta, kg/m^3]
# name 23 = avgsvCM: Average Sound Velocity [Chen-Millero, m/s], minP = 20, minS = 20
# name 24 = sbox0Mm/Kg: Oxygen, SBE 43 [umol/kg], WS = 5
# name 25 = sbox1Mm/Kg: Oxygen, SBE 43, 2 [umol/kg], WS = 5
# name 26 = nbin: number of scans per bin
# name 27 = flag: flag
# span 0 =      93377,     192814       
# span 1 =   3890.658,   8033.865       
# span 2 =      1.987,   2375.565       
# span 3 =      2.000,   2405.000       
# span 4 =     4.2721,    29.2290       
# span 5 =     4.2722,    29.2329       
# span 6 =   3.349215,   5.943736       
# span 7 =   3.349130,   5.944230       
# span 8 =     1.5884,     3.1530       
# span 9 =     1.2931,     2.6777       
# span 10 =      10.65,     102.19      
# span 11 =   26.90647,   27.25811      
# span 12 =  -90.72884,  -89.56011      
# span 13 =   -0.00860,    0.02672      
# span 14 =   -0.01088,    0.03204      
# span 15 =     2.5624,     4.7164      
# span 16 =     2.5885,     4.7504      
# span 17 =     4.0828,    29.2258      
# span 18 =     4.0837,    29.2298      
# span 19 =    34.9027,    36.8684      
# span 20 =    34.9018,    36.8728      
# span 21 =    22.8260,    27.7575      
# span 22 =    22.8250,    27.7559      
# span 23 =    1494.14,    1513.64      
# span 24 =    111.419,    204.945      
# span 25 =    112.556,    206.422      
# span 26 =         30,         62      
# span 27 = 0.0000e+00, 0.0000e+00      
# interval = decibars: 1                
# start_time = Sep 25 2021 07:16:47 [NMEA time, header]
# bad_flag = -9.990e-29
*END*
[from data line 311]
     151235   6301.402    687.292    693.000     7.7036     7.6996   3.620469   3.619986     1.5950     1.3002     100.00   27.02588  -89.98614   -0.00027   -0.00039     2.6978     2.7264     7.6328     7.6288    34.9553    34.9541    27.2933    27.2929    1501.15    117.282    118.527         33 0.0000e+00
     151345   6306.013    683.332    689.000     7.7457     7.7410   3.624437   3.623841     1.5960     1.3005     100.00   27.02674  -89.98898    0.00021    0.00012     2.6964     2.7230     7.6751     7.6704    34.9579    34.9559    27.2891    27.2882    1501.20    117.223    118.380         30 0.0000e+00
     151371   6307.092    682.342    688.000     7.7546     7.7432   3.625189   3.623965     1.5961     1.3004     100.00   27.02588  -89.98612    0.00042    0.00023     2.6957     2.7222     7.6841     7.6727    34.9576    34.9558    27.2875    27.2878    1501.15    117.192    118.342         32 0.0000e+00
     151534   6313.858    676.401    682.000     7.8049     7.7989   3.630141   3.629452     1.5950     1.2993     100.00   27.02701  -89.98971   -0.00016   -0.00033     2.6866     2.7124     7.7347     7.7288    34.9637    34.9622    27.2849    27.2846    1501.21    116.798    117.917         38 0.0000e+00
     151682   6320.039    670.460    676.000     7.9228     7.9172   3.641718   3.641059     1.5935     1.2965      92.34   27.02548  -89.98458   -0.00023   -0.00060     2.6719     2.6928     7.8527     7.8471    34.9730    34.9715    27.2747    27.2744    1501.12    116.161    117.070         36 0.0000e+00
     151815   6325.568    665.509    671.000     7.9843     7.9835   3.647875   3.647689     1.5896     1.2940      91.71   27.02668  -89.98853   -0.00062   -0.00039     2.6535     2.6781     7.9144     7.9136    34.9802    34.9791    27.2712    27.2705    1501.19    115.357    116.430         32 0.0000e+00
     151842   6326.724    664.519    670.000     7.9920     7.9847   3.648428   3.647680     1.5884     1.2931     100.24   27.02594  -89.98608   -0.00078   -0.00069     2.6492     2.6746     7.9222     7.9149    34.9789    34.9782    27.2690    27.2695    1501.15    115.171    116.275         30 0.0000e+00
     151976   6332.301    659.567    665.000     8.0204     8.0199   3.650845   3.650827     1.5903     1.2949      92.66   27.02778  -89.99211    0.00051    0.00057     2.6512     2.6764     7.9510     7.9505    34.9788    34.9786    27.2647    27.2646    1501.25    115.258    116.357         37 0.0000e+00
     152003   6333.403    658.577    664.000     8.0185     8.0189   3.650527   3.650439     1.5928     1.2972     100.46   27.02596  -89.98606    0.00117    0.00124     2.6588     2.6840     7.9492     7.9496    34.9778    34.9765    27.2641    27.2630    1501.15    115.590    116.688         32 0.0000e+00
     152117   6338.182    654.616    660.000     8.1124     8.1162   3.660484   3.660894     1.5961     1.3000      83.48   27.03049  -90.00108    0.00101    0.00088     2.6604     2.6846     8.0431     8.0468    34.9934    34.9940    27.2624    27.2623    1501.40    115.660    116.715         35 0.0000e+00
     152134   6338.871    653.626    659.000     8.1020     8.1080   3.658918   3.659366     1.5935     1.2968     102.19   27.02598  -89.98606   -0.00023   -0.00064     2.6533     2.6748     8.0329     8.0388    34.9868    34.9856    27.2585    27.2567    1501.15    115.353    116.289         39 0.0000e+00
     152241   6343.336    648.674    654.000     8.1611     8.1725   3.664113   3.665211     1.5940     1.2987      99.99   27.02353  -89.97781    0.00051    0.00065     2.6492     2.6750     8.0922     8.1036    34.9855    34.9858    27.2485    27.2470    1501.01    115.174    116.296         41 0.0000e+00
     152377   6349.013    643.723    649.000     8.2168     8.2152   3.669885   3.669623     1.5951     1.2992     100.00   27.02570  -89.98505    0.00017   -0.00001     2.6467     2.6719     8.1482     8.1466    34.9943    34.9931    27.2470    27.2463    1501.13    115.068    116.160         35 0.0000e+00
     152412   6350.474    642.732    648.000     8.2163     8.2158   3.669779   3.669659     1.5948     1.2991     100.00   27.02602  -89.98604   -0.00016   -0.00043     2.6453     2.6711     8.1478     8.1473    34.9942    34.9934    27.2470    27.2465    1501.15    115.006    116.127         30 0.0000e+00
     152871   6369.564    624.906    630.000     8.4907     8.4844   3.696791   3.696089     1.6018     1.3051     100.00   27.02609  -89.98602    0.00143    0.00150     2.6413     2.6663     8.4229     8.4166    35.0175    35.0162    27.2230    27.2231    1501.15    114.836    115.920         34 0.0000e+00
     153024   6375.956    618.963    624.000     8.6308     8.6269   3.710990   3.710483     1.6071     1.3102     100.00   27.02600  -89.98567    0.00078    0.00046     2.6456     2.6711     8.5630     8.5591    35.0317    35.0303    27.2124    27.2119    1501.14    115.021    116.130         34 0.0000e+00
     153058   6377.364    617.972    623.000     8.6507     8.6249   3.712803   3.710201     1.6075     1.3101     100.00   27.02610  -89.98600    0.00017    0.00017     2.6450     2.6705     8.5829     8.5572    35.0318    35.0298    27.2093    27.2118    1501.15    114.996    116.105         30 0.0000e+00
     153180   6382.447    613.020    618.000     8.6840     8.6803   3.716203   3.715758     1.6069     1.3101     100.00   27.02589  -89.98523   -0.00021   -0.00018     2.6391     2.6650     8.6166     8.6129    35.0370    35.0359    27.2081    27.2079    1501.14    114.742    115.866         37 0.0000e+00
     153313   6387.995    608.068    613.000     8.7594     8.7592   3.723911   3.723836     1.6082     1.3114     100.00   27.02718  -89.98943    0.00035    0.00030     2.6362     2.6620     8.6922     8.6920    35.0463    35.0457    27.2036    27.2031    1501.21    114.613    115.738         33 0.0000e+00
     153339   6389.086    607.077    612.000     8.7611     8.7495   3.724016   3.722698     1.6074     1.3111     100.00   27.02614  -89.98598   -0.00012   -0.00001     2.6332     2.6614     8.6941     8.6824    35.0459    35.0436    27.2030    27.2030    1501.15    114.486    115.710         30 0.0000e+00
     153463   6394.248    602.125    607.000     8.8419     8.8363   3.732228   3.731602     1.6085     1.3103     100.00   27.02615  -89.98594    0.00010   -0.00008     2.6292     2.6515     8.7750     8.7694    35.0549    35.0539    27.1972    27.1973    1501.15    114.311    115.281         33 0.0000e+00
     153725   6405.182    592.219    597.000     9.0364     9.0246   3.752317   3.750930     1.6079     1.3104     100.00   27.02722  -89.98937    0.00011    0.00028     2.6109     2.6357     8.9698     8.9580    35.0787    35.0759    27.1848    27.1844    1501.21    113.518    114.595         30 0.0000e+00
     153848   6410.287    587.267    592.000     9.0906     9.0858   3.757678   3.757039     1.6089     1.3114      96.20   27.02611  -89.98558    0.00042    0.00035     2.6086     2.6332     9.0244     9.0195    35.0835    35.0816    27.1797    27.1790    1501.14    113.417    114.489         34 0.0000e+00
     153967   6415.238    582.313    587.000     9.1504     9.1447   3.763564   3.762861     1.6108     1.3132      99.99   27.02434  -89.97964    0.00039    0.00027     2.6086     2.6333     9.0845     9.0788    35.0882    35.0864    27.1735    27.1731    1501.04    113.417    114.491         34 0.0000e+00
     154084   6420.121    578.351    583.000     9.2177     9.2171   3.770861   3.770736     1.6120     1.3150     100.01   27.02780  -89.99112    0.00029    0.00050     2.6059     2.6329     9.1520     9.1513    35.1006    35.0999    27.1724    27.1720    1501.24    113.302    114.474         35 0.0000e+00
     154206   6425.214    573.398    578.000     9.3285     9.3084   3.782242   3.780059     1.6144     1.3160     100.00   27.02672  -89.98746    0.00066    0.00030     2.6037     2.6282     9.2629     9.2428    35.1124    35.1094    27.1635    27.1645    1501.18    113.207    114.272         32 0.0000e+00
     154342   6430.888    568.444    573.000     9.4019     9.4049   3.789996   3.790160     1.6158     1.3184     100.01   27.02861  -89.99366    0.00042    0.00051     2.6012     2.6278     9.3365     9.3395    35.1228    35.1224    27.1596    27.1588    1501.28    113.096    114.256         31 0.0000e+00
     154363   6431.745    567.453    572.000     9.4043     9.3990   3.789925   3.789155     1.6158     1.3186     100.00   27.02628  -89.98590    0.00010    0.00042     2.6009     2.6286     9.3391     9.3338    35.1204    35.1188    27.1573    27.1568    1501.15    113.084    114.291         34 0.0000e+00
     154486   6436.894    562.500    567.000     9.4822     9.4653   3.798102   3.796219     1.6188     1.3207     100.00   27.02717  -89.98877    0.00063    0.00049     2.6027     2.6290     9.4171     9.4004    35.1314    35.1284    27.1530    27.1534    1501.20    113.163    114.309         30 0.0000e+00
     154513   6438.001    561.509    566.000     9.4982     9.4764   3.799662   3.797166     1.6193     1.3208     100.00   27.02630  -89.98588    0.00065    0.00049     2.6027     2.6284     9.4333     9.4115    35.1321    35.1277    27.1508    27.1509    1501.15    113.166    114.282         32 0.0000e+00
     154643   6443.415    556.556    561.000     9.5945     9.5845   3.809807   3.808710     1.6254     1.3262     100.00   27.02762  -89.99022    0.00115    0.00123     2.6120     2.6364     9.5297     9.5197    35.1454    35.1439    27.1452    27.1457    1501.22    113.571    114.630         38 0.0000e+00
     154671   6444.583    555.565    560.000     9.5885     9.5786   3.809010   3.807907     1.6261     1.3272      69.90   27.02634  -89.98588    0.00088    0.00104     2.6142     2.6399     9.5239     9.5140    35.1432    35.1415    27.1444    27.1447    1501.15    113.664    114.781         30 0.0000e+00
     154771   6448.742    551.602    556.000     9.7258     9.7300   3.823718   3.824213     1.6299     1.3307     100.01   27.02858  -89.99331    0.00106    0.00085     2.6145     2.6391     9.6611     9.6653    35.1630    35.1640    27.1371    27.1371    1501.27    113.680    114.749         31 0.0000e+00
     154794   6449.698    550.611    555.000     9.7300     9.7290   3.823943   3.823762     1.6313     1.3316      92.54   27.02636  -89.98586    0.00132    0.00106     2.6182     2.6418     9.6654     9.6644    35.1612    35.1603    27.1348    27.1343    1501.15    113.838    114.865         35 0.0000e+00
     154918   6454.891    545.657    550.000     9.8841     9.8783   3.840558   3.839812     1.6333     1.3317     100.00   27.02688  -89.98753    0.00043   -0.00005     2.6117     2.6307     9.8194     9.8137    35.1841    35.1821    27.1267    27.1261    1501.18    113.557    114.386         34 0.0000e+00
     155046   6460.195    540.703    545.000     9.9451     9.9527   3.846940   3.847595     1.6338     1.3336     100.00   27.02730  -89.98885    0.00018    0.00063     2.6073     2.6302     9.8808     9.8884    35.1924    35.1917    27.1228    27.1209    1501.20    113.366    114.363         32 0.0000e+00
     155170   6465.369    535.749    540.000    10.0100    10.0087   3.853701   3.853487     1.6345     1.3347     100.00   27.02666  -89.98661    0.00024    0.00030     2.6035     2.6280     9.9461     9.9447    35.2005    35.1996    27.1179    27.1174    1501.16    113.203    114.269         30 0.0000e+00
     155495   6478.904    522.868    527.000    10.1642    10.1481   3.869587   3.867897     1.6384     1.3386      73.86   27.02554  -89.98273   -0.00007    0.00044     2.6002     2.6268    10.1013    10.0852    35.2184    35.2168    27.1051    27.1066    1501.10    113.061    114.215         31 0.0000e+00
     155613   6483.835    518.904    523.000    10.2449    10.2421   3.878623   3.878162     1.6438     1.3432     100.01   27.02961  -89.99623    0.00145    0.00120     2.6085     2.6336    10.1822    10.1793    35.2347    35.2328    27.1041    27.1030    1501.32    113.423    114.511         35 0.0000e+00
     155630   6484.561    517.913    522.000    10.2284    10.2331   3.876432   3.876861     1.6446     1.3431      52.10   27.02650  -89.98578    0.00103    0.00065     2.6116     2.6335    10.1658    10.1705    35.2282    35.2281    27.1017    27.1007    1501.15    113.558    114.511         32 0.0000e+00
     155740   6489.119    512.959    517.000    10.3150    10.3215   3.885589   3.886310     1.6449     1.3442      99.99   27.02474  -89.97992    0.00019    0.00016     2.6053     2.6295    10.2527    10.2592    35.2400    35.2402    27.0957    27.0946    1501.05    113.282    114.335         45 0.0000e+00
     155874   6494.720    508.004    512.000    10.3825    10.3812   3.892995   3.892756     1.6460     1.3456     100.00   27.02693  -89.98709    0.00037    0.00035     2.6020     2.6281    10.3206    10.3193    35.2517    35.2505    27.0930    27.0923    1501.17    113.138    114.275         35 0.0000e+00
     156220   6509.123    499.085    503.000    10.5078    10.5219   3.906561   3.907521     1.6471     1.3453     100.01   27.02941  -89.99511   -0.00048   -0.00109     2.5932     2.6137    10.4465    10.4605    35.2727    35.2751    27.0873    27.0867    1501.31    112.757    113.651         52 0.0000e+00
     156456   6518.938    498.094    502.000    10.5766    10.5890   3.913943   3.915183     1.6392     1.3380     100.00   27.02663  -89.98571   -0.00023   -0.00030     2.5669     2.5885    10.5152    10.5276    35.2802    35.2811    27.0809    27.0795    1501.15    111.616    112.556         58 0.0000e+00
     157188   6549.475    496.112    500.000    10.6160    10.6254   3.917349   3.918309     1.6385     1.3400      91.65   27.01806  -89.95670    0.00001    0.00032     2.5624     2.5918    10.5546    10.5640    35.2754    35.2758    27.0697    27.0684    1500.67    111.419    112.697         38 0.0000e+00
     157977   6582.338    493.139    497.000    10.6378    10.6413   3.920558   3.920847     1.6432     1.3440     100.00   27.02782  -89.98880    0.00029    0.00046     2.5726     2.6016    10.5768    10.5803    35.2902    35.2897    27.0778    27.0768    1501.20    111.862    113.125         32 0.0000e+00
     158326   6596.891    479.263    483.000    10.9332    10.9184   3.952487   3.950722     1.6630     1.3608     100.00   27.02758  -89.98777    0.00096    0.00086     2.6037     2.6302    10.8729    10.8581    35.3322    35.3289    27.0575    27.0575    1501.19    113.217    114.370         32 0.0000e+00
     158684   6611.801    465.388    469.000    11.3042    11.2919   3.992802   3.991439     1.6812     1.3763     100.00   27.02608  -89.98255    0.00019   -0.00045     2.6249     2.6480    11.2444    11.2321    35.3836    35.3819    27.0295    27.0304    1501.10    114.144    115.148         32 0.0000e+00
     158824   6617.637    460.432    464.000    11.4057    11.4077   4.004255   4.004306     1.6849     1.3819     100.00   27.02805  -89.98908    0.00099    0.00135     2.6265     2.6558    11.3462    11.3482    35.4026    35.4012    27.0255    27.0241    1501.21    114.215    115.486         31 0.0000e+00
     159131   6630.399    448.537    452.000    11.5074    11.5112   4.014790   4.015142     1.6923     1.3870     100.00   27.02663  -89.98414    0.00013    0.00002     2.6362     2.6604    11.4491    11.4529    35.4146    35.4143    27.0156    27.0147    1501.13    114.635    115.687         31 0.0000e+00
     159310   6637.870    441.598    445.000    11.6145    11.6067   4.026479   4.025497     1.6894     1.3845      83.42   27.02560  -89.98061   -0.00036   -0.00042     2.6192     2.6444    11.5568    11.5490    35.4302    35.4279    27.0075    27.0072    1501.07    113.896    114.992         32 0.0000e+00
