Gulf of Mexico/GOMECC-4/1db/urb2103_1051.cnv
* Sea-Bird SBE 9 Data File:
* FileName = C:\Users\scs.user.rb\CTD\GOMECC4\data\rb2103_1051.hex
* Software Version Seasave V 7.26.7.107
* Temperature SN = 4799
* Conductivity SN = 3860
* Number of Bytes Per Scan = 41
* Number of Voltage Words = 4
* Number of Scans Averaged by the Deck Unit = 1
* NMEA Latitude = 25 29.58 N
* NMEA Longitude = 087 59.90 W
* NMEA UTC (Time) = Oct 13 2021  14:16:10
* NMEA baud rate = 4800
# nquan = 28
# nvalues = 464                         
# units = specified
# name 0 = scan: Scan Count
# name 1 = timeS: Time, Elapsed [seconds]
# name 2 = depSM: Depth [salt water, m]
# name 3 = prDM: Pressure, Digiquartz [db]
# name 4 = t090C: Temperature [ITS-90, deg C]
# name 5 = t190C: Temperature, 2 [ITS-90, deg C]
# name 6 = c0S/m: Conductivity [S/m]
# name 7 = c1S/m: Conductivity, 2 [S/m]
# name 8 = sbeox0V: Oxygen raw, SBE 43 [V]
# name 9 = sbeox1V: Oxygen raw, SBE 43, 2 [V]
# name 10 = altM: Altimeter [m]
# name 11 = latitude: Latitude [deg]
# name 12 = longitude: Longitude [deg]
# name 13 = sbox0dV/dT: Oxygen, SBE 43 [dov/dt]
# name 14 = sbox1dV/dT: Oxygen, SBE 43, 2 [dov/dt]
# name 15 = sbeox0ML/L: Oxygen, SBE 43 [ml/l], WS = 5
# name 16 = sbeox1ML/L: Oxygen, SBE 43, 2 [ml/l], WS = 5
# name 17 = potemp090C: Potential Temperature [ITS-90, deg C]
# name 18 = potemp190C: Potential Temperature, 2 [ITS-90, deg C]
# name 19 = sal00: Salinity, Practical [PSU]
# name 20 = sal11: Salinity, Practical, 2 [PSU]
# name 21 = sigma-é00: Density [sigma-theta, kg/m^3]
# name 22 = sigma-é11: Density, 2 [sigma-theta, kg/m^3]
# name 23 = avgsvCM: Average Sound Velocity [Chen-Millero, m/s], minP = 20, minS = 20
# name 24 = sbox0Mm/Kg: Oxygen, SBE 43 [umol/kg], WS = 5
# name 25 = sbox1Mm/Kg: Oxygen, SBE 43, 2 [umol/kg], WS = 5
# name 26 = nbin: number of scans per bin
# name 27 = flag: flag
# span 0 =      96464,     243664       
# span 1 =   4019.290,  10152.610       
# span 2 =      0.994,   3273.781       
# span 3 =      1.000,   3321.000       
# span 4 =     4.2992,    29.7572       
# span 5 =     4.3002,    29.7496       
# span 6 =   3.351074,   6.021907       
# span 7 =   3.351050,   6.021133       
# span 8 =     1.6014,     3.1861       
# span 9 =     1.3005,     2.6973       
# span 10 =      10.29,     102.54      
# span 11 =   25.36716,   25.74571      
# span 12 =  -88.80901,  -87.50483      
# span 13 =   -0.00206,    0.01208      
# span 14 =   -0.00194,    0.01118      
# span 15 =     2.6074,     4.7292      
# span 16 =     2.6161,     4.7214      
# span 17 =     4.0797,    29.7560      
# span 18 =     4.0805,    29.7484      
# span 19 =    34.8923,    37.0093      
# span 20 =    34.8919,    37.0081      
# span 21 =    22.7485,    27.7599      
# span 22 =    22.7485,    27.7589      
# span 23 =    1498.59,    1520.93      
# span 24 =    113.372,    205.501      
# span 25 =    113.751,    205.163      
# span 26 =         30,         71      
# span 27 = 0.0000e+00, 0.0000e+00      
# interval = decibars: 1                
# start_time = Oct 13 2021 14:16:10 [NMEA time, header]
# bad_flag = -9.990e-29
*END*
[from data line 156]
     159289   6637.002   1258.935   1271.000     4.5863     4.5872   3.360554   3.360517     1.9073     1.5825     100.00   25.50315  -87.99620   -0.00038   -0.00038     4.2951     4.2998     4.4810     4.4819    34.9551    34.9537    27.6987    27.6975    1506.98    186.648    186.852         30 0.0000e+00
     159501   6645.813   1251.035   1263.000     4.5896     4.5921   3.360491   3.360572     1.9065     1.5824      99.89   25.50308  -87.99590   -0.00013 -4.212e-12     4.2873     4.2942     4.4850     4.4875    34.9549    34.9532    27.6981    27.6965    1506.98    186.309    186.612         30 0.0000e+00
     159637   6651.488   1246.097   1258.000     4.5994     4.6005   3.361129   3.361122     1.9066     1.5824      68.20   25.50319  -87.99628   -0.00007   -0.00004     4.2834     4.2903     4.4952     4.4963    34.9545    34.9532    27.6966    27.6955    1506.99    186.143    186.442         31 0.0000e+00
     159727   6655.255   1245.109   1257.000     4.6016     4.6009   3.361252   3.361069     1.9059     1.5820      88.58   25.50293  -87.99534   -0.00010   -0.00005     4.2804     4.2883     4.4974     4.4967    34.9541    34.9527    27.6961    27.6951    1506.97    186.012    186.355         46 0.0000e+00
     159864   6660.951   1244.122   1256.000     4.6018     4.6033   3.361269   3.361251     1.9056     1.5820      99.52   25.50294  -87.99534   -0.00005    0.00016     4.2787     4.2873     4.4977     4.4992    34.9540    34.9528    27.6960    27.6949    1506.97    185.938    186.310         34 0.0000e+00
     159977   6665.684   1243.134   1255.000     4.6043     4.6063   3.361431   3.361460     1.9055     1.5818     100.00   25.50294  -87.99532   -0.00006    0.00003     4.2774     4.2858     4.5003     4.5023    34.9540    34.9525    27.6957    27.6943    1506.97    185.882    186.245         33 0.0000e+00
     160232   6676.286   1241.159   1253.000     4.6069     4.6092   3.361688   3.361788     1.9053     1.5808      73.43   25.50430  -87.99995   -0.00001   -0.00011     4.2751     4.2803     4.5030     4.5053    34.9557    34.9543    27.6967    27.6954    1507.05    185.781    186.005         42 0.0000e+00
     160341   6680.830   1240.171   1252.000     4.6069     4.6094   3.361500   3.361608     1.9051     1.5810      99.23   25.50296  -87.99532   -0.00005    0.00013     4.2741     4.2804     4.5031     4.5056    34.9539    34.9525    27.6953    27.6939    1506.97    185.737    186.010         46 0.0000e+00
     160462   6685.881   1239.184   1251.000     4.6076     4.6097   3.361508   3.361579     1.9053     1.5813     100.00   25.50296  -87.99532    0.00005    0.00002     4.2741     4.2809     4.5039     4.5060    34.9538    34.9524    27.6951    27.6938    1506.97    185.739    186.035         45 0.0000e+00
     161724   6738.470   1238.196   1250.000     4.6096     4.6107   3.361651   3.361630     1.9054     1.5814      74.96   25.50303  -87.99530    0.00007    0.00004     4.2737     4.2808     4.5060     4.5070    34.9538    34.9525    27.6949    27.6937    1506.97    185.722    186.030         65 0.0000e+00
     162289   6762.017   1237.209   1249.000     4.6107     4.6114   3.361700   3.361646     1.9056     1.5819      97.24   25.50306  -87.99528   -0.00001    0.00009     4.2736     4.2822     4.5072     4.5078    34.9537    34.9524    27.6947    27.6936    1506.97    185.715    186.089         39 0.0000e+00
     162420   6767.478   1236.221   1248.000     4.6106     4.6114   3.361657   3.361613     1.9056     1.5819     100.00   25.50307  -87.99528    0.00006    0.00006     4.2732     4.2817     4.5072     4.5080    34.9538    34.9525    27.6947    27.6936    1506.97    185.699    186.069         46 0.0000e+00
     162489   6770.338   1235.234   1247.000     4.6109     4.6115   3.361633   3.361584     1.9059     1.5823     100.00   25.50308  -87.99528    0.00006    0.00013     4.2735     4.2827     4.5076     4.5082    34.9537    34.9525    27.6947    27.6936    1506.97    185.712    186.113         50 0.0000e+00
     162547   6772.751   1234.246   1246.000     4.6124     4.6123   3.361708   3.361591     1.9060     1.5824      66.20   25.50308  -87.99528    0.00009    0.00014     4.2732     4.2824     4.5091     4.5090    34.9535    34.9523    27.6943    27.6934    1506.97    185.700    186.097         51 0.0000e+00
     162590   6774.531   1233.258   1245.000     4.6137     4.6137   3.361781   3.361678     1.9059     1.5824      99.82   25.50308  -87.99528 7.4324e-07    0.00000     4.2722     4.2816     4.5105     4.5105    34.9535    34.9523    27.6942    27.6932    1506.97    185.655    186.064         41 0.0000e+00
     162630   6776.222   1232.270   1244.000     4.6153     4.6160   3.361880   3.361829     1.9059     1.5823     100.00   25.50308  -87.99528   -0.00002   -0.00000     4.2715     4.2804     4.5122     4.5129    34.9535    34.9522    27.6939    27.6928    1506.97    185.625    186.014         38 0.0000e+00
     162667   6777.730   1231.283   1243.000     4.6153     4.6165   3.361842   3.361834     1.9058     1.5823     100.00   25.50309  -87.99528   -0.00002   -0.00005     4.2705     4.2798     4.5123     4.5135    34.9535    34.9522    27.6940    27.6928    1506.97    185.580    185.984         37 0.0000e+00
     162702   6779.228   1230.295   1242.000     4.6161     4.6173   3.361870   3.361848     1.9055     1.5819     100.00   25.50310  -87.99528   -0.00011   -0.00010     4.2688     4.2774     4.5132     4.5144    34.9534    34.9520    27.6938    27.6925    1506.97    185.509    185.883         32 0.0000e+00
     162788   6782.810   1227.332   1239.000     4.6176     4.6189   3.361891   3.361892     1.9053     1.5815     100.00   25.50332  -87.99605   -0.00007   -0.00016     4.2660     4.2742     4.5149     4.5162    34.9537    34.9523    27.6938    27.6926    1506.98    185.386    185.744         31 0.0000e+00
     162896   6787.278   1223.381   1235.000     4.6324     4.6342   3.363020   3.363039     1.9053     1.5818     100.00   25.50336  -87.99618    0.00005    0.00006     4.2621     4.2712     4.5300     4.5317    34.9532    34.9516    27.6918    27.6903    1506.99    185.219    185.611         31 0.0000e+00
     163026   6792.720   1218.443   1230.000     4.6431     4.6449   3.363725   3.363754     1.9038     1.5794     100.00   25.50324  -87.99568   -0.00023   -0.00048     4.2529     4.2581     4.5410     4.5428    34.9527    34.9511    27.6901    27.6887    1506.98    184.818    185.043         30 0.0000e+00
     163160   6798.306   1213.504   1225.000     4.6583     4.6593   3.364843   3.364812     1.9024     1.5775     100.00   25.50341  -87.99626   -0.00023   -0.00032     4.2433     4.2460     4.5566     4.5575    34.9523    34.9509    27.6881    27.6869    1506.99    184.400    184.517         32 0.0000e+00
     163287   6803.603   1208.566   1220.000     4.6692     4.6718   3.365505   3.365603     1.9007     1.5762     100.00   25.50282  -87.99417   -0.00030   -0.00014     4.2329     4.2369     4.5678     4.5704    34.9510    34.9495    27.6858    27.6843    1506.95    183.948    184.121         34 0.0000e+00
     164151   6839.602   1175.967   1187.000     4.7742     4.7760   3.373264   3.373295     1.8852     1.5615     100.00   25.50317  -87.99521   -0.00030   -0.00043     4.1475     4.1498     4.6749     4.6767    34.9476    34.9461    27.6711    27.6697    1506.97    180.239    180.340         30 0.0000e+00
     164779   6865.752   1152.256   1163.000     4.8603     4.8614   3.379735   3.379708     1.8738     1.5512     100.00   25.50313  -87.99500   -0.00062   -0.00055     4.0841     4.0878     4.7624     4.7636    34.9444    34.9429    27.6586    27.6573    1506.97    177.487    177.646         30 0.0000e+00
     165696   6903.973   1117.672   1128.000     4.9890     4.9906   3.389488   3.389497     1.8575     1.5359     100.00   25.50335  -87.99567   -0.00103   -0.00082     3.9936     3.9965     4.8933     4.8949    34.9401    34.9386    27.6402    27.6388    1506.98    173.559    173.682         30 0.0000e+00
     165984   6915.968   1106.802   1117.000     5.0577     5.0574   3.395022   3.394883     1.8487     1.5281     100.00   25.50351  -87.99614   -0.00083   -0.00072     3.9498     3.9540     4.9624     4.9621    34.9378    34.9366    27.6304    27.6294    1506.99    171.655    171.836         30 0.0000e+00
     166113   6921.339   1101.861   1112.000     5.0756     5.0744   3.396342   3.396115     1.8450     1.5243     100.00   25.50326  -87.99529   -0.00070   -0.00061     3.9321     3.9353     4.9806     4.9795    34.9369    34.9355    27.6275    27.6265    1506.97    170.885    171.024         33 0.0000e+00
     166925   6955.170   1071.223   1081.000     5.3487     5.3535   3.418938   3.419162     1.8085     1.4906     100.00   25.50337  -87.99550   -0.00067   -0.00041     3.7606     3.7632     5.2544     5.2592    34.9277    34.9254    27.5880    27.5855    1506.98    163.438    163.555         30 0.0000e+00
     167029   6959.519   1067.269   1077.000     5.3812     5.3884   3.421663   3.422169     1.8043     1.4859      72.11   25.50312  -87.99464   -0.00091   -0.00108     3.7409     3.7404     5.2871     5.2942    34.9272    34.9256    27.5836    27.5815    1506.96    162.584    162.563         32 0.0000e+00
     167133   6963.834   1063.315   1073.000     5.4207     5.4245   3.424981   3.425123     1.7993     1.4821     100.00   25.50305  -87.99441   -0.00115   -0.00088     3.7177     3.7203     5.3266     5.3304    34.9263    34.9240    27.5781    27.5759    1506.96    161.576    161.690         30 0.0000e+00
     167239   6968.243   1059.361   1069.000     5.4585     5.4608   3.428140   3.428205     1.7947     1.4768     100.00   25.50335  -87.99538   -0.00094   -0.00122     3.6961     3.6950     5.3645     5.3668    34.9251    34.9234    27.5726    27.5711    1506.97    160.639    160.590         32 0.0000e+00
     167555   6981.423   1047.499   1057.000     5.5530     5.5546   3.435582   3.435746     1.7774     1.4618      99.99   25.50135  -87.98841   -0.00109   -0.00081     3.6227     3.6244     5.4593     5.4610    34.9194    34.9182    27.5566    27.5554    1506.85    157.449    157.526         33 0.0000e+00
     167660   6985.786   1046.511   1056.000     5.5354     5.5406   3.434262   3.434413     1.7749     1.4599      99.97   25.50332  -87.99518   -0.00070   -0.00043     3.6142     3.6184     5.4421     5.4472    34.9229    34.9209    27.5615    27.5593    1506.97    157.080    157.265         34 0.0000e+00
     167765   6990.150   1045.522   1055.000     5.5494     5.5506   3.435489   3.435345     1.7751     1.4608     100.00   25.50332  -87.99518    0.00001    0.00010     3.6129     3.6204     5.4561     5.4572    34.9218    34.9206    27.5589    27.5578    1506.97    157.025    157.349         34 0.0000e+00
     167874   6994.688   1044.534   1054.000     5.5540     5.5614   3.435870   3.436418     1.7741     1.4600     100.00   25.50334  -87.99518   -0.00015   -0.00028     3.6084     3.6157     5.4607     5.4680    34.9217    34.9202    27.5583    27.5562    1506.97    156.830    157.145         44 0.0000e+00
     167991   6999.601   1043.545   1053.000     5.5659     5.5717   3.436837   3.437273     1.7730     1.4590      96.37   25.50334  -87.99518   -0.00023   -0.00029     3.6032     3.6104     5.4726     5.4784    34.9210    34.9199    27.5563    27.5547    1506.97    156.605    156.916         40 0.0000e+00
     169485   7061.843   1040.580   1050.000     5.6231     5.6245   3.441539   3.441711     1.7650     1.4516     100.00   25.50217  -87.99087   -0.00005    0.00005     3.5676     3.5766     5.5296     5.5310    34.9185    34.9175    27.5473    27.5463    1506.90    155.056    155.447         33 0.0000e+00
     169794   7074.692   1039.591   1049.000     5.6247     5.6280   3.441917   3.442121     1.7644     1.4511     100.00   25.50344  -87.99516    0.00014    0.00006     3.5660     3.5738     5.5312     5.5346    34.9201    34.9189    27.5484    27.5470    1506.97    154.987    155.329         45 0.0000e+00
     169865   7077.677   1038.603   1048.000     5.6376     5.6318   3.442960   3.442379     1.7644     1.4518     100.00   25.50344  -87.99516    0.00005    0.00026     3.5643     3.5754     5.5442     5.5384    34.9190    34.9183    27.5459    27.5461    1506.97    154.916    155.399         60 0.0000e+00
     169915   7079.763   1037.614   1047.000     5.6344     5.6438   3.442763   3.443388     1.7641     1.4518      87.26   25.50344  -87.99516   -0.00002    0.00011     3.5633     3.5739     5.5411     5.5505    34.9206    34.9183    27.5476    27.5446    1506.97    154.871    155.330         40 0.0000e+00
     169953   7081.321   1036.625   1046.000     5.6491     5.6569   3.443998   3.444570     1.7635     1.4516      99.61   25.50344  -87.99516   -0.00022   -0.00001     3.5593     3.5715     5.5558     5.5635    34.9199    34.9184    27.5452    27.5431    1506.97    154.696    155.226         41 0.0000e+00
     170003   7083.412   1035.637   1045.000     5.6629     5.6654   3.445157   3.445258     1.7633     1.4504     100.00   25.50344  -87.99516   -0.00028   -0.00033     3.5567     3.5658     5.5696     5.5721    34.9193    34.9179    27.5431    27.5416    1506.97    154.584    154.981         49 0.0000e+00
     170099   7087.413   1032.671   1042.000     5.7001     5.7022   3.448316   3.448421     1.7618     1.4477     100.00   25.50350  -87.99538   -0.00033   -0.00068     3.5466     3.5508     5.6068     5.6089    34.9183    34.9173    27.5376    27.5366    1506.97    154.146    154.327         38 0.0000e+00
     170212   7092.144   1028.717   1038.000     5.7226     5.7259   3.450148   3.450245     1.7562     1.4424     100.00   25.50360  -87.99564   -0.00120   -0.00113     3.5231     3.5265     5.6295     5.6328    34.9184    34.9159    27.5349    27.5326    1506.98    153.127    153.274         32 0.0000e+00
     170343   7097.589   1023.774   1033.000     5.7758     5.7751   3.454473   3.454244     1.7509     1.4362      77.16   25.50311  -87.99392   -0.00095   -0.00122     3.4983     3.4974     5.6828     5.6821    34.9144    34.9125    27.5251    27.5237    1506.95    152.050    152.009         30 0.0000e+00
     170604   7108.479   1013.887   1023.000     5.8213     5.8222   3.458036   3.458009     1.7362     1.4243     100.00   25.50363  -87.99565   -0.00098   -0.00060     3.4396     3.4447     5.7289     5.7298    34.9127    34.9116    27.5181    27.5171    1506.98    149.499    149.720         30 0.0000e+00
     170711   7112.897   1009.932   1019.000     5.8586     5.8589   3.461229   3.461127     1.7338     1.4220     100.00   25.50408  -87.99722   -0.00047   -0.00047     3.4261     3.4311     5.7663     5.7666    34.9125    34.9110    27.5132    27.5120    1507.01    148.914    149.130         30 0.0000e+00
     170831   7117.905   1004.989   1014.000     5.8888     5.8911   3.463567   3.463616     1.7293     1.4177     100.00   25.50269  -87.99241   -0.00079   -0.00063     3.4059     3.4103     5.7968     5.7991    34.9104    34.9083    27.5077    27.5058    1506.92    148.037    148.226         31 0.0000e+00
     171874   7161.376    965.437    974.000     6.2061     6.2041   3.490506   3.490253     1.7072     1.3962     100.00   25.50362  -87.99536   -0.00062   -0.00099     3.2857     3.2868     6.1157     6.1137    34.9072    34.9064    27.4645    27.4641    1506.97    142.819    142.866         30 0.0000e+00
     171997   7166.502    960.492    969.000     6.2536     6.2544   3.494543   3.494530     1.6991     1.3891     100.00   25.50259  -87.99179   -0.00147   -0.00122     3.2524     3.2546     6.1633     6.1642    34.9061    34.9052    27.4575    27.4566    1506.91    141.372    141.464         30 0.0000e+00
