Gulf of Mexico/GOMECC-4/1db/urb2103_1251.cnv
* Sea-Bird SBE 9 Data File:
* FileName = C:\Users\scs.user.rb\CTD\GOMECC4\data\rb2103_1251.hex
* Software Version Seasave V 7.26.7.107
* Temperature SN = 4799
* Conductivity SN = 3860
* Number of Bytes Per Scan = 41
* Number of Voltage Words = 4
* Number of Scans Averaged by the Deck Unit = 1
* NMEA Latitude = 26 35.79 N
* NMEA Longitude = 082 41.74 W
* NMEA UTC (Time) = Oct 19 2021  05:19:27
* NMEA baud rate = 4800
# nquan = 28
# nvalues = 15                          
# units = specified
# name 0 = scan: Scan Count
# name 1 = timeS: Time, Elapsed [seconds]
# name 2 = depSM: Depth [salt water, m]
# name 3 = prDM: Pressure, Digiquartz [db]
# name 4 = t090C: Temperature [ITS-90, deg C]
# name 5 = t190C: Temperature, 2 [ITS-90, deg C]
# name 6 = c0S/m: Conductivity [S/m]
# name 7 = c1S/m: Conductivity, 2 [S/m]
# name 8 = sbeox0V: Oxygen raw, SBE 43 [V]
# name 9 = sbeox1V: Oxygen raw, SBE 43, 2 [V]
# name 10 = altM: Altimeter [m]
# name 11 = latitude: Latitude [deg]
# name 12 = longitude: Longitude [deg]
# name 13 = sbox0dV/dT: Oxygen, SBE 43 [dov/dt]
# name 14 = sbox1dV/dT: Oxygen, SBE 43, 2 [dov/dt]
# name 15 = sbeox0ML/L: Oxygen, SBE 43 [ml/l], WS = 5
# name 16 = sbeox1ML/L: Oxygen, SBE 43, 2 [ml/l], WS = 5
# name 17 = potemp090C: Potential Temperature [ITS-90, deg C]
# name 18 = potemp190C: Potential Temperature, 2 [ITS-90, deg C]
# name 19 = sal00: Salinity, Practical [PSU]
# name 20 = sal11: Salinity, Practical, 2 [PSU]
# name 21 = sigma-é00: Density [sigma-theta, kg/m^3]
# name 22 = sigma-é11: Density, 2 [sigma-theta, kg/m^3]
# name 23 = avgsvCM: Average Sound Velocity [Chen-Millero, m/s], minP = 20, minS = 20
# name 24 = sbox0Mm/Kg: Oxygen, SBE 43 [umol/kg], WS = 5
# name 25 = sbox1Mm/Kg: Oxygen, SBE 43, 2 [umol/kg], WS = 5
# name 26 = nbin: number of scans per bin
# name 27 = flag: flag
# span 0 =      10765,      13905       
# span 1 =    448.518,    579.314       
# span 2 =      1.987,     19.868       
# span 3 =      2.000,     20.000       
# span 4 =    28.5218,    28.8599       
# span 5 =    28.5235,    28.8645       
# span 6 =   5.785815,   5.876135       
# span 7 =   5.786252,   5.875649       
# span 8 =     3.0888,     3.1337       
# span 9 =     2.6085,     2.6465       
# span 10 =       6.09,      23.21      
# span 11 =   26.51010,   26.63467      
# span 12 =  -82.81091,  -82.42348      
# span 13 =   -0.00184,    0.00553      
# span 14 =   -0.00172,    0.00481      
# span 15 =     4.2831,     4.3831      
# span 16 =     4.2598,     4.3534      
# span 17 =    28.5208,    28.8555      
# span 18 =    28.5225,    28.8601      
# span 19 =    35.6921,    36.1143      
# span 20 =    35.6939,    36.1188      
# span 21 =    22.7258,    22.9528      
# span 22 =    22.7266,    22.9549      
# span 23 =    1539.51,    1546.75      
# span 24 =    186.992,    191.386      
# span 25 =    185.978,    190.091      
# span 26 =         32,         61      
# span 27 = 0.0000e+00, 0.0000e+00      
# interval = decibars: 1                
# start_time = Oct 19 2021 05:19:27 [NMEA time, header]
# bad_flag = -9.990e-29
*END*
      10765    448.518     19.868     20.000    28.8488    28.8477   5.872328   5.871991     3.0888     2.6085       6.09   26.59766  -82.69584   -0.00025    0.00124     4.2831     4.2598    28.8440    28.8429    36.0976    36.0966    22.9407    22.9403    1544.60    186.992    185.978         40 0.0000e+00
      10843    451.751     17.881     18.000    28.8599    28.8645   5.876135   5.875649     3.0949     2.6146       7.91   26.63467  -82.81091    0.00049   -0.00032     4.2886     4.2674    28.8555    28.8601    36.1143    36.1188    22.9528    22.9549    1546.75    187.235    186.308         33 0.0000e+00
      10864    452.633     16.888     17.000    28.8395    28.8329   5.870165   5.868553     3.0957     2.6142       8.98   26.59766  -82.69584    0.00142    0.00215     4.2948     4.2711    28.8354    28.8288    36.0906    36.0844    22.9383    22.9359    1544.60    187.507    186.470         39 0.0000e+00
      10900    454.120     15.895     16.000    28.7910    28.7487   5.868383   5.841283     3.0959     2.6154       9.86   26.59766  -82.69584    0.00190    0.00139     4.2968     4.2827    28.8291    28.7449    36.0832    35.9657    22.9348    22.8786    1544.60    187.590    186.985         32 0.0000e+00
      10932    455.449     14.901     15.000    28.7182    28.7186   5.834777   5.835316     3.0969     2.6209      10.93   26.59766  -82.69584    0.00080    0.00138     4.3092     4.2950    28.7140    28.7150    35.9376    35.9407    22.8639    22.8659    1544.60    188.146    187.528         33 0.0000e+00
      10970    457.045     13.908     14.000    28.7096    28.7009   5.832229   5.829867     3.1092     2.6301      11.85   26.59766  -82.69584    0.00296    0.00446     4.3316     4.3148    28.7062    28.6976    35.9263    35.9164    22.8580    22.8534    1544.60    189.127    188.392         43 0.0000e+00
      11012    458.811     12.914     13.000    28.7161    28.6817   5.833275   5.824044     3.1149     2.6374      12.79   26.59766  -82.69584    0.00553    0.00481     4.3408     4.3310    28.7130    28.6785    35.9289    35.8911    22.8577    22.8409    1544.60    189.529    189.102         45 0.0000e+00
      11068    461.125     11.921     12.000    28.7312    28.6873   5.839547   5.825462     3.1121     2.6324      13.81   26.59766  -82.69584    0.00065    0.00074     4.3316     4.3173    28.7283    28.6844    35.9586    35.8967    22.8749    22.8430    1544.60    189.125    188.505         61 0.0000e+00
      11120    463.289     10.928     11.000    28.6623    28.6713   5.818625   5.821928     3.1101     2.6373      14.71   26.59768  -82.69584   -0.00184   -0.00108     4.3381     4.3310    28.6597    28.6687    35.8669    35.8833    22.8288    22.8381    1544.60    189.415    189.106         47 0.0000e+00
      11173    465.500      9.934     10.000    28.6512    28.6503   5.815279   5.815090     3.1211     2.6375      15.71   26.59768  -82.69584    0.00276    0.00212     4.3573     4.3328    28.6488    28.6479    35.8538    35.8531    22.8226    22.8223    1544.60    190.255    189.184         55 0.0000e+00
      11224    467.606      8.941      9.000    28.6445    28.6449   5.813256   5.813474     3.1230     2.6389      16.54   26.59768  -82.69584    0.00300    0.00028     4.3611     4.3357    28.6423    28.6427    35.8450    35.8462    22.8182    22.8189    1544.60    190.422    189.313         53 0.0000e+00
      11282    470.039      7.948      8.000    28.6490    28.6438   5.814655   5.814002     3.1258     2.6392      17.59   26.59768  -82.69584    0.00052    0.00077     4.3652     4.3358    28.6471    28.6418    35.8513    35.8450    22.8213    22.8183    1544.60    190.601    189.315         46 0.0000e+00
      11498    479.044      3.974      4.000    28.5218    28.5235   5.785815   5.786252     3.1197     2.6351      21.38   26.51010  -82.42348    0.00102    0.00207     4.3598     4.3314    28.5208    28.5225    35.6921    35.6939    22.7258    22.7266    1539.51    190.366    189.128         37 0.0000e+00
      12645    526.814      2.980      3.000    28.5974    28.6011   5.799585   5.800168     3.1331     2.6461      22.35   26.59769  -82.69584   -0.00060   -0.00172     4.3812     4.3517    28.5967    28.6004    35.7872    35.7907    22.7899    22.7913    1544.60    191.305    190.018         44 0.0000e+00
      13905    579.314      1.987      2.000    28.5842    28.5825   5.796574   5.796341     3.1337     2.6465      23.21   26.59766  -82.69582   -0.00080   -0.00101     4.3831     4.3534    28.5838    28.5820    35.7783    35.7757    22.7875    22.7861    1544.60    191.386    190.091         53 0.0000e+00
