Gulf of Mexico/GOMECC-4/1db/urb2103_0791.cnv
* Sea-Bird SBE 9 Data File:
* FileName = C:\Users\scs.user.rb\CTD\GOMECC4\data\rb2103_0791.hex
* Software Version Seasave V 7.26.7.107
* Temperature SN = 4799
* Conductivity SN = 3860
* Number of Bytes Per Scan = 41
* Number of Voltage Words = 4
* Number of Scans Averaged by the Deck Unit = 1
* NMEA Latitude = 22 16.43 N
* NMEA Longitude = 097 21.67 W
* NMEA UTC (Time) = Oct 06 2021  04:28:40
* NMEA baud rate = 4800
# nquan = 28
# nvalues = 200                         
# units = specified
# name 0 = scan: Scan Count
# name 1 = timeS: Time, Elapsed [seconds]
# name 2 = depSM: Depth [salt water, m]
# name 3 = prDM: Pressure, Digiquartz [db]
# name 4 = t090C: Temperature [ITS-90, deg C]
# name 5 = t190C: Temperature, 2 [ITS-90, deg C]
# name 6 = c0S/m: Conductivity [S/m]
# name 7 = c1S/m: Conductivity, 2 [S/m]
# name 8 = sbeox0V: Oxygen raw, SBE 43 [V]
# name 9 = sbeox1V: Oxygen raw, SBE 43, 2 [V]
# name 10 = altM: Altimeter [m]
# name 11 = latitude: Latitude [deg]
# name 12 = longitude: Longitude [deg]
# name 13 = sbox0dV/dT: Oxygen, SBE 43 [dov/dt]
# name 14 = sbox1dV/dT: Oxygen, SBE 43, 2 [dov/dt]
# name 15 = sbeox0ML/L: Oxygen, SBE 43 [ml/l], WS = 5
# name 16 = sbeox1ML/L: Oxygen, SBE 43, 2 [ml/l], WS = 5
# name 17 = potemp090C: Potential Temperature [ITS-90, deg C]
# name 18 = potemp190C: Potential Temperature, 2 [ITS-90, deg C]
# name 19 = sal00: Salinity, Practical [PSU]
# name 20 = sal11: Salinity, Practical, 2 [PSU]
# name 21 = sigma-é00: Density [sigma-theta, kg/m^3]
# name 22 = sigma-é11: Density, 2 [sigma-theta, kg/m^3]
# name 23 = avgsvCM: Average Sound Velocity [Chen-Millero, m/s], minP = 20, minS = 20
# name 24 = sbox0Mm/Kg: Oxygen, SBE 43 [umol/kg], WS = 5
# name 25 = sbox1Mm/Kg: Oxygen, SBE 43, 2 [umol/kg], WS = 5
# name 26 = nbin: number of scans per bin
# name 27 = flag: flag
# span 0 =      17522,      47633       
# span 1 =    730.040,   1984.658       
# span 2 =      0.994,    236.377       
# span 3 =      1.000,    238.000       
# span 4 =    14.5127,    29.6688       
# span 5 =    14.5113,    29.5564       
# span 6 =   4.352150,   6.007930       
# span 7 =   4.351915,   6.008653       
# span 8 =     1.7182,     3.3263       
# span 9 =     1.4061,     2.8332       
# span 10 =       6.68,     100.85      
# span 11 =   22.24790,   22.45165      
# span 12 =  -98.13803,  -97.24743      
# span 13 =   -0.00383,    0.04385      
# span 14 =   -0.00601,    0.04113      
# span 15 =     2.4427,     4.9119      
# span 16 =     2.4580,     4.9082      
# span 17 =    14.4772,    29.6651      
# span 18 =    14.4757,    29.5527      
# span 19 =    29.7992,    36.5534      
# span 20 =    27.2224,    36.5164      
# span 21 =    18.0469,    26.7855      
# span 22 =    16.1297,    26.7855      
# span 23 =    1524.94,    1538.90      
# span 24 =    106.247,    214.198      
# span 25 =    106.916,    214.026      
# span 26 =         30,         73      
# span 27 = 0.0000e+00, 0.0000e+00      
# interval = decibars: 1                
# start_time = Oct 06 2021 04:28:40 [NMEA time, header]
# bad_flag = -9.990e-29
*END*
[from data line 104]
      27066   1127.694    119.216    120.000    20.1139    20.1705   4.991324   4.996308     1.9717     1.6433     100.00   22.27408  -97.36186    0.00998    0.01131     2.6861     2.7264    20.0915    20.1480    36.4978    36.4898    25.8804    25.8592    1526.73    116.935    118.693         46 0.0000e+00
      27116   1129.811    118.222    119.000    20.2769    20.2803   5.005183   5.006268     2.0117     1.6884     100.00   22.27408  -97.36186    0.01411    0.01720     2.7730     2.8338    20.2545    20.2580    36.4730    36.4771    25.8178    25.8201    1526.73    120.724    123.371         60 0.0000e+00
      27177   1132.336    117.229    118.000    20.3037    20.3084   5.008138   5.008388     2.0603     1.7188     100.00   22.27408  -97.36188    0.02129    0.01818     2.8623     2.8954    20.2815    20.2862    36.4717    36.4698    25.8096    25.8070    1526.73    124.616    126.056         54 0.0000e+00
      27226   1134.372    116.236    117.000    20.3419    20.3556   5.011474   5.013150     2.0742     1.7270     100.00   22.27408  -97.36186    0.01202    0.00588     2.8928     2.9128    20.3199    20.3335    36.4683    36.4689    25.7967    25.7936    1526.73    125.946    126.816         49 0.0000e+00
      27281   1136.648    115.243    116.000    20.4027    20.4116   5.017234   5.017886     2.0832     1.7361     100.00   22.27408  -97.36188    0.00464    0.00401     2.9080     2.9309    20.3808    20.3897    36.4620    36.4596    25.7756    25.7714    1526.73    126.607    127.606         56 0.0000e+00
      27330   1138.700    114.250    115.000    20.4289    20.4530   5.019168   5.021184     2.0946     1.7475      99.94   22.27408  -97.36188    0.00493    0.00466     2.9306     2.9551    20.4071    20.4313    36.4556    36.4513    25.7637    25.7538    1526.73    127.592    128.662         46 0.0000e+00
      27396   1141.449    113.257    114.000    20.4840    20.4914   5.023633   5.024395     2.1128     1.7649      98.60   22.27408  -97.36188    0.00642    0.00626     2.9660     2.9935    20.4625    20.4699    36.4449    36.4448    25.7406    25.7385    1526.73    129.138    130.336         51 0.0000e+00
      27507   1146.099    112.263    113.000    20.4535    20.4661   5.021078   5.022230     2.1235     1.7679     100.11   22.27408  -97.36187    0.00331    0.00062     2.9900     3.0016    20.4321    20.4447    36.4508    36.4493    25.7532    25.7486    1526.73    130.183    130.688         41 0.0000e+00
      27783   1157.584    110.277    111.000    20.4388    20.5444   5.021555   5.030666     2.1057     1.7834      88.41   22.28892  -97.42673   -0.00316    0.00369     2.9519     3.0331    20.4178    20.5234    36.4768    36.4602    25.7792    25.7381    1527.75    128.522    132.060         45 0.0000e+00
      28925   1205.174    108.290    109.000    20.7650    20.7665   5.048176   5.049190     2.2707     1.9018     100.06   22.28890  -97.42666    0.00114   -0.00087     3.2833     3.2961    20.7442    20.7457    36.4135    36.4083    25.6425    25.6374    1527.75    142.967    143.526         43 0.0000e+00
      28971   1207.075    107.297    108.000    20.8058    20.8152   5.049440   5.050303     2.2712     1.9056     100.00   22.27408  -97.36188   -0.00012    0.00059     3.2815     3.3020    20.7852    20.7945    36.3808    36.3798    25.6042    25.6009    1526.73    142.891    143.785         33 0.0000e+00
      29072   1211.279    104.318    105.000    21.0104    21.0163   5.066162   5.066634     2.3531     1.9965     100.02   22.27960  -97.38601    0.02105    0.02422     3.4407     3.5003    20.9901    20.9961    36.3458    36.3445    25.5225    25.5199    1527.11    149.840    152.435         36 0.0000e+00
      29101   1212.484    103.324    104.000    21.0377    21.0463   5.067354   5.067794     2.3878     2.0196     100.00   22.27408  -97.36188    0.02682    0.02667     3.5117     3.5517    21.0177    21.0262    36.3292    36.3255    25.5014    25.4962    1526.73    152.931    154.675         35 0.0000e+00
      29133   1213.837    102.331    103.000    21.0718    21.0807   5.069754   5.070357     2.4118     2.0387     100.00   22.27408  -97.36188    0.02308    0.01770     3.5596     3.5934    21.0519    21.0609    36.3199    36.3171    25.4849    25.4804    1526.73    155.023    156.492         31 0.0000e+00
      29163   1215.079    101.338    102.000    21.1308    21.1384   5.073522   5.074101     2.4367     2.0632     100.00   22.27408  -97.36188    0.01950    0.01521     3.6080     3.6460    21.1110    21.1187    36.3005    36.2986    25.4539    25.4503    1526.73    157.133    158.790         30 0.0000e+00
      29194   1216.368    100.344    101.000    21.1805    21.1850   5.076435   5.076751     2.4787     2.1078     100.00   22.27408  -97.36188    0.02121    0.01962     3.6926     3.7459    21.1610    21.1654    36.2820    36.2807    25.4261    25.4239    1526.73    160.825    163.145         31 0.0000e+00
      29227   1217.745     99.351    100.000    21.2226    21.2383   5.079384   5.080298     2.5369     2.1658     100.00   22.27408  -97.36188    0.03184    0.03324     3.8115     3.8761    21.2033    21.2189    36.2703    36.2644    25.4056    25.3967    1526.73    166.004    168.821         35 0.0000e+00
      29261   1219.181     98.358     99.000    21.2772    21.2900   5.082981   5.083501     2.5960     2.2250     100.00   22.27408  -97.36188    0.03969    0.04023     3.9313     4.0087    21.2580    21.2708    36.2533    36.2466    25.3775    25.3689    1526.73    171.225    174.600         34 0.0000e+00
      29295   1220.563     97.365     98.000    21.3809    21.3772   5.092802   5.092573     2.6504     2.2739     100.00   22.27408  -97.36188    0.04252    0.04113     4.0184     4.0966    21.3631    21.3583    36.2436    36.2449    25.3410    25.3430    1526.73    175.022    178.430         32 0.0000e+00
      29328   1221.942     96.371     97.000    21.5082    21.5183   5.107257   5.107960     2.7163     2.3219     100.00   22.27408  -97.36188    0.04385    0.03838     4.1633     4.2130    21.4893    21.4993    36.2531    36.2502    25.3133    25.3083    1526.73    181.344    183.511         34 0.0000e+00
      29360   1223.281     95.378     96.000    21.6071    21.6145   5.118554   5.119388     2.7350     2.3303     100.00   22.27408  -97.36188    0.03613    0.02688     4.1942     4.2247    21.5883    21.5957    36.2602    36.2606    25.2911    25.2894    1526.73    182.692    184.021         30 0.0000e+00
      29427   1226.096     93.391     94.000    21.7792    21.7827   5.138581   5.138885     2.7340     2.3164     100.02   22.27847  -97.38109    0.00398   -0.00280     4.1771     4.1792    21.7607    21.7642    36.2781    36.2776    25.2573    25.2560    1527.03    181.954    182.044         30 0.0000e+00
      29457   1227.348     92.398     93.000    21.8241    21.8340   5.143299   5.144177     2.7248     2.3068     100.00   22.27408  -97.36188   -0.00266   -0.00601     4.1536     4.1527    21.8057    21.8156    36.2755    36.2741    25.2420    25.2382    1526.73    180.933    180.895         31 0.0000e+00
      30969   1290.350     88.425     89.000    22.0389    22.0246   5.165501   5.164106     2.7107     2.2972      79.25   22.26028  -97.30156    0.00149    0.00079     4.1052     4.1139    22.0230    22.0069    36.2571    36.2622    25.1646    25.1729    1525.78    178.836    179.212         40 0.0000e+00
      31039   1293.247     87.432     88.000    22.0470    22.0487   5.167102   5.167440     2.7147     2.2989      91.21   22.27408  -97.36188    0.00086    0.00000     4.1125     4.1160    22.0295    22.0311    36.2786    36.2799    25.1814    25.1819    1526.73    179.155    179.304         46 0.0000e+00
      31096   1295.618     86.438     87.000    22.0873    22.1114   5.170840   5.173280     2.7283     2.3181      99.84   22.27408  -97.36188    0.00383    0.00462     4.1370     4.1545    22.0700    22.0941    36.2747    36.2738    25.1670    25.1595    1526.73    180.224    180.987         66 0.0000e+00
      31158   1298.211     85.445     86.000    22.1316    22.1312   5.174717   5.174883     2.7479     2.3404      76.66   22.27408  -97.36188    0.00726    0.01038     4.1732     4.2033    22.1144    22.1140    36.2666    36.2703    25.1483    25.1512    1526.73    181.802    183.116         43 0.0000e+00
      31193   1299.648     84.451     85.000    22.1812    22.2120   5.179133   5.182273     2.7633     2.3491      99.48   22.27408  -97.36188    0.00857    0.00742     4.2010     4.2187    22.1621    22.1950    36.2640    36.2613    25.1328    25.1214    1526.73    183.015    183.790         36 0.0000e+00
      31238   1301.553     83.458     84.000    22.2396    22.2505   5.184964   5.186178     2.7888     2.3773     100.00   22.27408  -97.36188    0.01192    0.01080     4.2481     4.2770    22.2228    22.2337    36.2598    36.2602    25.1124    25.1097    1526.73    185.072    186.332         53 0.0000e+00
      31286   1303.540     82.465     83.000    22.2644    22.2610   5.187254   5.187487     2.8040     2.3906      99.94   22.27408  -97.36188    0.01062    0.01013     4.2769     4.3054    22.2478    22.2443    36.2574    36.2596    25.1035    25.1061    1526.73    186.328    187.571         42 0.0000e+00
      31325   1305.154     81.471     82.000    22.3062    22.3187   5.191625   5.192935     2.8152     2.4011     100.00   22.27408  -97.36188    0.00726    0.00650     4.2960     4.3245    22.2897    22.3022    36.2573    36.2571    25.0915    25.0878    1526.73    187.163    188.407         37 0.0000e+00
      31365   1306.853     80.478     81.000    22.3719    22.3842   5.198139   5.199467     2.8323     2.4155     100.00   22.27408  -97.36188    0.00808    0.00711     4.3251     4.3515    22.3556    22.3679    36.2540    36.2541    25.0702    25.0668    1526.73    188.435    189.587         46 0.0000e+00
      31412   1308.790     79.485     80.000    22.4230    22.4181   5.203743   5.203013     2.8489     2.4288      80.50   22.27408  -97.36189    0.00952    0.00813     4.3544     4.3783    22.4068    22.4020    36.2558    36.2541    25.0570    25.0571    1526.73    189.712    190.756         43 0.0000e+00
      31455   1310.563     78.491     79.000    22.4900    22.4956   5.210554   5.211048     2.8589     2.4348      99.79   22.27408  -97.36190    0.00729    0.00533     4.3687     4.3854    22.4740    22.4797    36.2537    36.2529    25.0362    25.0340    1526.73    190.340    191.069         45 0.0000e+00
      31502   1312.539     77.498     78.000    22.5719    22.5685   5.218594   5.218412     2.8740     2.4469     100.00   22.27408  -97.36190    0.00672    0.00472     4.3923     4.4062    22.5561    22.5530    36.2489    36.2503    25.0091    25.0112    1526.73    191.372    191.980         40 0.0000e+00
      32479   1353.264     74.518     75.000    22.8506    22.7462   5.246263   5.235611     2.9357     2.4851      99.94   22.25995  -97.30019    0.00127   -0.00087     4.5174     4.4760    22.8382    22.7309    36.2372    36.2289    24.9171    24.9412    1525.76    196.840    195.030         51 0.0000e+00
      33167   1381.919     73.525     74.000    22.8627    22.8579   5.250007   5.249277     2.9515     2.5074     100.00   22.27406  -97.36188   -0.00323    0.00008     4.5231     4.5168    22.8480    22.8428    36.2540    36.2522    24.9291    24.9292    1526.73    197.086    196.814         44 0.0000e+00
      33341   1389.163     72.531     73.000    22.9006    22.9076   5.254261   5.255224     2.9520     2.5144      97.19   22.27406  -97.36188   -0.00140    0.00083     4.5202     4.5279    22.8856    22.8926    36.2560    36.2558    24.9197    24.9175    1526.73    196.963    197.298         41 0.0000e+00
      33429   1392.848     71.537     72.000    23.0014    22.9887   5.265222   5.263868     2.9558     2.5200     100.85   22.27406  -97.36188    0.00211    0.00153     4.5188     4.5333    22.9887    22.9739    36.2564    36.2590    24.8901    24.8964    1526.73    196.909    197.538         39 0.0000e+00
      33526   1396.870     70.544     71.000    23.0786    23.0607   5.273235   5.271224     2.9593     2.5232     100.00   22.27406  -97.36188    0.00065    0.00132     4.5198     4.5341    23.0639    23.0461    36.2595    36.2585    24.8706    24.8751    1526.73    196.955    197.579         62 0.0000e+00
      33618   1400.688     69.551     70.000    23.1163    23.1262   5.277624   5.278840     2.9690     2.5356     100.00   22.27406  -97.36188    0.00192    0.00255     4.5348     4.5560    23.1019    23.1120    36.2602    36.2604    24.8601    24.8570    1526.73    197.611    198.535         52 0.0000e+00
      33707   1404.434     68.557     69.000    23.1954    23.1844   5.285625   5.284595     2.9947     2.5644     100.00   22.27406  -97.36188    0.00567    0.00743     4.5792     4.6146    23.1811    23.1701    36.2569    36.2581    24.8346    24.8387    1526.73    199.550    201.096         35 0.0000e+00
      33802   1408.369     67.564     68.000    23.2451    23.2778   5.290912   5.294754     3.0263     2.5882     100.00   22.27406  -97.36188    0.00750    0.00615     4.6380     4.6603    23.2308    23.2637    36.2574    36.2599    24.8205    24.8127    1526.73    202.116    203.090         64 0.0000e+00
      33890   1412.027     66.571     67.000    23.3661    23.4404   5.303361   5.311004     3.0474     2.6032     100.00   22.27406  -97.36188    0.00619    0.00422     4.6693     4.6786    23.3523    23.4264    36.2538    36.2517    24.7823    24.7589    1526.73    203.490    203.897         41 0.0000e+00
      33985   1416.007     65.577     66.000    23.4586    23.4614   5.314432   5.315245     3.0536     2.6083     100.00   22.27406  -97.36186    0.00220    0.00072     4.6728     4.6872    23.4449    23.4476    36.2634    36.2667    24.7623    24.7640    1526.73    203.645    204.273         54 0.0000e+00
      34081   1420.005     64.584     65.000    23.5479    23.5699   5.324629   5.326868     3.0640     2.6112     100.00   22.27406  -97.36186    0.00334    0.00037     4.6851     4.6842    23.5343    23.5563    36.2688    36.2679    24.7402    24.7330    1526.73    204.184    204.146         32 0.0000e+00
      34139   1422.424     63.590     64.000    23.6793    23.6905   5.338689   5.340257     3.0721     2.6220     100.00   22.27406  -97.36186    0.00268    0.00345     4.6893     4.6974    23.6659    23.6771    36.2691    36.2720    24.7016    24.7005    1526.73    204.375    204.731         57 0.0000e+00
      34209   1425.327     62.597     63.000    23.7353    23.7774   5.345045   5.349592     3.0863     2.6361     100.00   22.27406  -97.36186    0.00536    0.00534     4.7119     4.7207    23.7221    23.7642    36.2723    36.2726    24.6874    24.6752    1526.73    205.362    205.749         73 0.0000e+00
      34279   1428.259     61.603     62.000    23.7856    23.8448   5.350969   5.357183     3.0902     2.6463     100.00   22.27406  -97.36186    0.00137    0.00381     4.7155     4.7377    23.7725    23.8318    36.2751    36.2758    24.6747    24.6576    1526.73    205.523    206.491         65 0.0000e+00
      34341   1430.848     60.610     61.000    23.8870    23.9255   5.361989   5.365249     3.1128     2.6630     100.00   22.27406  -97.36186    0.00699    0.00609     4.7500     4.7664    23.8742    23.9127    36.2783    36.2717    24.6469    24.6305    1526.73    207.033    207.750         63 0.0000e+00
      34414   1433.866     59.616     60.000    24.0167    24.0219   5.375162   5.375367     3.1240     2.6677     100.00   22.27406  -97.36186    0.00480    0.00191     4.7604     4.7681    24.0040    24.0092    36.2731    36.2705    24.6044    24.6008    1526.73    207.492    207.829         72 0.0000e+00
