Gulf of Mexico/GOMECC-4/1db/urb2103_0021.cnv
* Sea-Bird SBE 9 Data File:
* FileName = C:\Users\scs.user.rb\CTD\GOMECC4\data\rb1203_002.hex
* Software Version Seasave V 7.26.7.107
* Temperature SN = 4799
* Conductivity SN = 3860
* Number of Bytes Per Scan = 41
* Number of Voltage Words = 4
* Number of Scans Averaged by the Deck Unit = 1
* NMEA Latitude = 27 00.26 N
* NMEA Longitude = 079 40.70 W
* NMEA UTC (Time) = Sep 14 2021  18:19:26
* NMEA baud rate = 4800
# nquan = 28
# nvalues = 164                         
# units = specified
# name 0 = scan: Scan Count
# name 1 = timeS: Time, Elapsed [seconds]
# name 2 = depSM: Depth [salt water, m]
# name 3 = prDM: Pressure, Digiquartz [db]
# name 4 = t090C: Temperature [ITS-90, deg C]
# name 5 = t190C: Temperature, 2 [ITS-90, deg C]
# name 6 = c0S/m: Conductivity [S/m]
# name 7 = c1S/m: Conductivity, 2 [S/m]
# name 8 = sbeox0V: Oxygen raw, SBE 43 [V]
# name 9 = sbeox1V: Oxygen raw, SBE 43, 2 [V]
# name 10 = altM: Altimeter [m]
# name 11 = latitude: Latitude [deg]
# name 12 = longitude: Longitude [deg]
# name 13 = sbox0dV/dT: Oxygen, SBE 43 [dov/dt]
# name 14 = sbox1dV/dT: Oxygen, SBE 43, 2 [dov/dt]
# name 15 = sbeox0ML/L: Oxygen, SBE 43 [ml/l], WS = 5
# name 16 = sbeox1ML/L: Oxygen, SBE 43, 2 [ml/l], WS = 5
# name 17 = potemp090C: Potential Temperature [ITS-90, deg C]
# name 18 = potemp190C: Potential Temperature, 2 [ITS-90, deg C]
# name 19 = sal00: Salinity, Practical [PSU]
# name 20 = sal11: Salinity, Practical, 2 [PSU]
# name 21 = sigma-é00: Density [sigma-theta, kg/m^3]
# name 22 = sigma-é11: Density, 2 [sigma-theta, kg/m^3]
# name 23 = avgsvCM: Average Sound Velocity [Chen-Millero, m/s], minP = 20, minS = 20
# name 24 = sbox0Mm/Kg: Oxygen, SBE 43 [umol/kg], WS = 5
# name 25 = sbox1Mm/Kg: Oxygen, SBE 43, 2 [umol/kg], WS = 5
# name 26 = nbin: number of scans per bin
# name 27 = flag: flag
# span 0 =      51354,     103643       
# span 1 =   2139.704,   4318.412       
# span 2 =      1.987,    532.777       
# span 3 =      2.000,    537.000       
# span 4 =     7.2928,    29.8601       
# span 5 =     7.2983,    29.8605       
# span 6 =   3.574070,   6.030589       
# span 7 =   3.574725,   6.030919       
# span 8 =     1.6467,     3.1837       
# span 9 =     1.3533,     2.7110       
# span 10 =       6.18,     102.40      
# span 11 =   26.97032,   27.30986      
# span 12 =  -80.52776,  -79.52298      
# span 13 =   -0.01216,    0.03429      
# span 14 =   -0.01529,    0.03313      
# span 15 =     2.6248,     4.4304      
# span 16 =     2.6651,     4.4394      
# span 17 =     7.2401,    29.8547      
# span 18 =     7.2456,    29.8551      
# span 19 =    34.9386,    37.0419      
# span 20 =    34.9401,    37.0462      
# span 21 =    22.7055,    27.3367      
# span 22 =    22.7175,    27.3371      
# span 23 =    1512.56,    1531.68      
# span 24 =    114.133,    193.396      
# span 25 =    115.883,    193.788      
# span 26 =         30,         64      
# span 27 = 0.0000e+00, 0.0000e+00      
# interval = decibars: 1                
# start_time = Sep 14 2021 18:19:26 [NMEA time, header]
# bad_flag = -9.990e-29
*END*
      51354   2139.704    532.777    537.000     7.2928     7.2983   3.574070   3.574725     1.6726     1.3778       6.18   27.00444  -79.68348    0.00062    0.00044     2.9104     2.9573     7.2401     7.2456    34.9386    34.9401    27.3367    27.3371    1515.81    126.520    128.560         31 0.0000e+00
      52467   2186.069    512.997    517.000     7.7122     7.7080   3.613746   3.613227     1.6530     1.3608      25.96   27.00096  -79.67214   -0.00004    0.00017     2.8120     2.8634     7.6599     7.6557    34.9571    34.9557    27.2905    27.2900    1515.59    122.246    124.482         30 0.0000e+00
      54644   2276.801    505.031    509.000     7.9076     7.9066   3.633076   3.632993     1.6467     1.3533      33.42   27.00454  -79.68047    0.00008   -0.00009     2.7756     2.8212     7.8554     7.8544    34.9742    34.9736    27.2752    27.2749    1515.74    120.668    122.651         45 0.0000e+00
      55496   2312.276    473.317    477.000     8.6193     8.6078   3.704415   3.703148     1.6523     1.3584      64.90   26.99189  -79.64236    0.00025    0.00026     2.7299     2.7761     8.5679     8.5564    35.0397    35.0377    27.2173    27.2176    1515.02    118.684    120.692         32 0.0000e+00
      55674   2319.692    472.326    476.000     8.6688     8.6621   3.711116   3.710286     1.6550     1.3603      65.84   27.00610  -79.68416    0.00021    0.00032     2.7328     2.7772     8.6173     8.6107    35.0644    35.0622    27.2295    27.2288    1515.81    118.812    120.741         58 0.0000e+00
      55961   2331.665    469.353    473.000     8.8183     8.8233   3.726344   3.726272     1.6592     1.3648      63.52   26.99982  -79.66543    0.00037    0.00051     2.7337     2.7795     8.7666     8.7716    35.0773    35.0754    27.2158    27.2136    1515.45    118.851    120.842         51 0.0000e+00
      56101   2337.517    468.362    472.000     8.8701     8.8621   3.732327   3.731370     1.6616     1.3661      68.90   27.00623  -79.68424    0.00036    0.00055     2.7362     2.7802     8.8184     8.8104    35.0906    35.0887    27.2182    27.2181    1515.81    118.961    120.873         34 0.0000e+00
      56180   2340.796    467.371    471.000     8.8765     8.8501   3.732884   3.730118     1.6618     1.3659      70.83   27.00626  -79.68427   -0.00010   -0.00048     2.7361     2.7799     8.8249     8.7985    35.0906    35.0879    27.2172    27.2193    1515.81    118.958    120.861         30 0.0000e+00
      59231   2467.934    402.935    406.000    10.5676    10.5614   3.910170   3.909080     1.6716     1.3735     100.05   27.02003  -79.72299    0.00100    0.00108     2.6248     2.6651    10.5182    10.5120    35.2905    35.2913    27.0888    27.0907    1516.53    114.133    115.883         39 0.0000e+00
      59441   2476.681    400.952    404.000    10.6137    10.6101   3.915070   3.914362     1.6760     1.3781     100.05   27.02042  -79.72398    0.00050    0.00015     2.6335     2.6749    10.5643    10.5608    35.3013    35.3012    27.0893    27.0899    1516.55    114.511    116.312         41 0.0000e+00
      59567   2481.899    398.968    402.000    10.6148    10.6058   3.912642   3.911698     1.6758     1.3784      99.96   26.99697  -79.65466    0.00009    0.00019     2.6336     2.6763    10.5657    10.5568    35.2731    35.2747    27.0659    27.0688    1515.23    114.515    116.374         43 0.0000e+00
      62163   2590.098    351.371    354.000    11.9676    12.0251   4.062370   4.069329     1.7469     1.4472     100.00   27.00736  -79.68295    0.00432    0.00422     2.7191     2.7689    11.9209    11.9783    35.4857    35.4990    26.9816    26.9810    1515.76    118.246    120.412         30 0.0000e+00
      62355   2598.092    343.437    346.000    12.4737    12.5230   4.119565   4.125181     1.7773     1.4718      73.48   27.00912  -79.68795    0.00368    0.00281     2.7626     2.8041    12.4268    12.4761    35.5655    35.5731    26.9455    26.9417    1515.85    120.140    121.946         30 0.0000e+00
      62385   2599.329    342.445    345.000    12.4820    12.5510   4.120451   4.128639     1.7805     1.4750     100.79   27.00840  -79.68576    0.00320    0.00261     2.7703     2.8129    12.4353    12.5040    35.5635    35.5802    26.9422    26.9417    1515.81    120.476    122.326         31 0.0000e+00
      62524   2605.118    336.495    339.000    12.8541    12.8713   4.163044   4.164734     1.8033     1.4959     100.00   27.00859  -79.68624    0.00403    0.00340     2.8023     2.8472    12.8073    12.8245    35.6277    35.6277    26.9182    26.9148    1515.82    121.869    123.824         30 0.0000e+00
      63121   2630.003    331.535    334.000    13.2598    13.2607   4.207322   4.207447     1.8294     1.5182      76.09   26.99262  -79.63848    0.00015   -0.00011     2.8411     2.8828    13.2127    13.2136    35.6665    35.6692    26.8650    26.8671    1514.91    123.563    125.376         36 0.0000e+00
      65094   2712.194    326.577    329.000    13.3610    13.3590   4.220933   4.220835     1.8315     1.5203     100.01   27.01194  -79.69366    0.00000   -0.00006     2.8369     2.8800    13.3144    13.3124    35.7082    35.7091    26.8778    26.8790    1515.95    123.378    125.253         31 0.0000e+00
      65153   2714.683    325.585    328.000    13.3610    13.3602   4.220659   4.220694     1.8316     1.5210     100.00   27.00954  -79.68652    0.00007    0.00021     2.8370     2.8815    13.3145    13.3138    35.7053    35.7063    26.8754    26.8763    1515.81    123.385    125.320         42 0.0000e+00
      65194   2716.386    324.593    327.000    13.3630    13.3635   4.220868   4.221039     1.8318     1.5207     100.00   27.00956  -79.68654    0.00013    0.00017     2.8371     2.8801    13.3167    13.3171    35.7057    35.7070    26.8753    26.8762    1515.81    123.387    125.257         46 0.0000e+00
      65252   2718.782    323.601    326.000    13.3730    13.3634   4.221985   4.220993     1.8321     1.5207     100.00   27.00958  -79.68655    0.00013   -0.00011     2.8366     2.8798    13.3268    13.3173    35.7074    35.7070    26.8746    26.8761    1515.81    123.367    125.246         63 0.0000e+00
      65300   2720.812    322.609    325.000    13.3911    13.3827   4.224059   4.222954     1.8321     1.5199     100.00   27.00960  -79.68656    0.00004   -0.00001     2.8350     2.8756    13.3450    13.3386    35.7100    35.7098    26.8728    26.8746    1515.81    123.299    125.066         36 0.0000e+00
      65333   2722.176    321.617    324.000    13.4037    13.4121   4.225466   4.226534     1.8323     1.5191     100.00   27.00962  -79.68658    0.00002   -0.00052     2.8344     2.8714    13.3577    13.3661    35.7125    35.7147    26.8721    26.8721    1515.81    123.274    124.883         31 0.0000e+00
      65399   2724.924    319.633    322.000    13.4293    13.4427   4.228791   4.230335     1.8340     1.5225     100.01   27.01241  -79.69474    0.00043    0.00069     2.8364     2.8781    13.3835    13.3969    35.7208    35.7238    26.8734    26.8730    1515.96    123.361    125.174         34 0.0000e+00
      65428   2726.142    318.641    321.000    13.4385    13.4610   4.229454   4.232133     1.8351     1.5235     100.00   27.00966  -79.68660    0.00074    0.00110     2.8381     2.8795    13.3929    13.4153    35.7189    35.7232    26.8698    26.8685    1515.81    123.434    125.232         37 0.0000e+00
      66668   2777.780    266.065    268.000    15.6736    15.7017   4.491027   4.494573     2.0130     1.6862     100.02   27.01593  -79.70389    0.00426    0.00305     3.1045     3.1488    15.6314    15.6594    36.0903    36.0966    26.6717    26.6702    1516.13    135.047    136.973         35 0.0000e+00
      66764   2781.808    265.073    267.000    15.7199    15.7053   4.495706   4.494256     2.0188     1.6903      99.72   27.01026  -79.68705    0.00154    0.00159     3.1154     3.1592    15.6777    15.6632    36.0897    36.0887    26.6601    26.6627    1515.81    135.523    137.426         41 0.0000e+00
      66939   2789.099    264.081    266.000    15.7463    15.7443   4.498915   4.498777     2.0244     1.6944      99.59   27.01034  -79.68710    0.00057    0.00063     3.1261     3.1668    15.7042    15.7022    36.0936    36.0942    26.6571    26.6581    1515.81    135.987    137.756         41 0.0000e+00
      67081   2794.999    263.089    265.000    15.7630    15.7652   4.500879   4.501128     2.0272     1.6976     100.02   27.01040  -79.68715    0.00033    0.00068     3.1312     3.1734    15.7210    15.7232    36.0965    36.0976    26.6555    26.6559    1515.81    136.210    138.044         55 0.0000e+00
      67375   2807.267    261.104    263.000    15.9396    15.9111   4.521879   4.518495     2.0409     1.7093     100.00   27.00994  -79.68551    0.00163    0.00120     3.1508     3.1933    15.8976    15.8692    36.1245    36.1201    26.6366    26.6397    1515.78    137.064    138.912         36 0.0000e+00
      67720   2821.625    259.120    261.000    16.0474    16.0254   4.536985   4.534419     2.0522     1.7191     100.08   27.03141  -79.74858    0.00082    0.00053     3.1684     3.2099    16.0056    15.9837    36.1641    36.1675    26.6438    26.6518    1516.97    137.830    139.636         37 0.0000e+00
      69053   2877.176    256.143    258.000    16.0913    16.0914   4.540970   4.541131     2.0593     1.7264      77.88   27.02148  -79.71774    0.00018   -0.00024     3.1814     3.2232    16.0499    16.0500    36.1632    36.1648    26.6322    26.6334    1516.38    138.399    140.215         46 0.0000e+00
      69073   2878.012    255.151    257.000    16.0892    16.0899   4.539686   4.539956     2.0587     1.7265     100.64   27.01137  -79.68788    0.00004    0.00035     3.1802     3.2233    16.0480    16.0487    36.1502    36.1519    26.6217    26.6229    1515.81    138.345    140.221         37 0.0000e+00
      69110   2879.548    254.159    256.000    16.0917    16.0938   4.539993   4.540393     2.0591     1.7265     100.00   27.01140  -79.68790    0.00014    0.00026     3.1804     3.2227    16.0506    16.0527    36.1510    36.1527    26.6218    26.6226    1515.81    138.354    140.196         45 0.0000e+00
      69163   2881.746    253.167    255.000    16.1116    16.0963   4.542321   4.540662     2.0606     1.7265      86.80   27.01142  -79.68792    0.00045    0.00006     3.1821     3.2222    16.0706    16.0553    36.1542    36.1532    26.6195    26.6223    1515.81    138.430    140.173         50 0.0000e+00
      69739   2905.754    231.337    233.000    16.7700    16.8056   4.620919   4.625496     2.0952     1.7598      92.99   27.01215  -79.68935    0.00217    0.00147     3.2081     3.2505    16.7315    16.7671    36.2630    36.2710    26.5483    26.5460    1515.83    139.567    141.414         31 0.0000e+00
      69769   2907.017    230.345    232.000    16.7799    16.8881   4.622358   4.635322     2.0976     1.7647     100.09   27.01174  -79.68812    0.00217    0.00254     3.2127     3.2570    16.7416    16.8496    36.2670    36.2833    26.5489    26.5357    1515.81    139.770    141.697         31 0.0000e+00
      70093   2920.515    217.444    219.000    17.6061    17.6568   4.721489   4.727624     2.1527     1.8090     100.00   27.01322  -79.69204    0.00103    0.00103     3.2761     3.3121    17.5687    17.6193    36.3946    36.4019    26.4474    26.4405    1515.88    142.540    144.110         33 0.0000e+00
      70123   2921.748    216.452    218.000    17.6256    17.7012   4.723897   4.732368     2.1536     1.8115     100.00   27.01195  -79.68824    0.00100    0.00183     3.2764     3.3142    17.5883    17.6638    36.3979    36.4034    26.4449    26.4306    1515.81    142.555    144.200         31 0.0000e+00
      70243   2926.736    211.490    213.000    17.7627    17.7743   4.739368   4.740826     2.1565     1.8086     100.00   27.01285  -79.69075    0.00007   -0.00088     3.2714     3.3002    17.7261    17.7377    36.4111    36.4133    26.4213    26.4201    1515.86    142.340    143.593         30 0.0000e+00
      70271   2927.899    210.498    212.000    17.7631    17.7888   4.739497   4.742368     2.1534     1.8046     100.00   27.01203  -79.68829   -0.00152   -0.00286     3.2640     3.2888    17.7267    17.7523    36.4117    36.4137    26.4215    26.4167    1515.81    142.017    143.099         30 0.0000e+00
      72948   3039.444    202.558    204.000    18.2284    18.2362   4.793798   4.794881     2.1875     1.8398      99.95   26.99978  -79.64822    0.00054   -0.00004     3.3055     3.3427    18.1927    18.2005    36.4602    36.4625    26.3413    26.3411    1515.03    143.834    145.452         44 0.0000e+00
      73176   3048.970    201.566    203.000    18.3096    18.3051   4.805017   4.804638     2.1970     1.8522     100.00   27.01370  -79.68902    0.00106    0.00119     3.3205     3.3681    18.2740    18.2695    36.4902    36.4910    26.3454    26.3472    1515.81    144.486    146.557         43 0.0000e+00
      75469   3144.491    197.596    199.000    18.4528    18.4832   4.822323   4.826218     2.2096     1.8636     100.00   27.01589  -79.69192    0.00061    0.00108     3.3369     3.3824    18.4177    18.4481    36.5123    36.5185    26.3262    26.3233    1515.86    145.205    147.183         36 0.0000e+00
      75501   3145.816    196.604    198.000    18.4951    18.5078   4.827156   4.829088     2.2132     1.8668     100.00   27.01509  -79.68950    0.00140    0.00162     3.3411     3.3875    18.4601    18.4728    36.5156    36.5205    26.3180    26.3185    1515.81    145.387    147.407         31 0.0000e+00
      75622   3150.881    191.641    193.000    18.6148    18.6222   4.842101   4.843117     2.2305     1.8802      98.23   27.01610  -79.69230    0.00348    0.00282     3.3696     3.4111    18.5805    18.5879    36.5390    36.5410    26.3054    26.3051    1515.86    146.630    148.436         30 0.0000e+00
      75650   3152.046    190.649    192.000    18.6124    18.6340   4.841569   4.844347     2.2314     1.8806     100.04   27.01517  -79.68952    0.00224    0.00203     3.3715     3.4108    18.5783    18.5999    36.5365    36.5409    26.3040    26.3019    1515.81    146.711    148.421         30 0.0000e+00
      75942   3164.190    178.738    180.000    18.9588    18.9585   4.882766   4.882838     2.2536     1.8970     100.00   27.01431  -79.68649    0.00293    0.00113     3.3911     3.4238    18.9264    18.9262    36.5823    36.5831    26.2500    26.2507    1515.75    147.572    148.996         36 0.0000e+00
      76092   3170.473    172.783    174.000    18.9960    19.0047   4.884123   4.884744     2.2061     1.8447     100.00   27.01628  -79.69209   -0.01216   -0.01529     3.2816     3.2920    18.9647    18.9734    36.5640    36.5615    26.2263    26.2222    1515.86    142.809    143.264         31 0.0000e+00
      76298   3179.056    164.842    166.000    19.3114    19.3140   4.921134   4.921658     2.1988     1.8437     100.01   27.01764  -79.69575    0.00325    0.00363     3.2410     3.2665    19.2812    19.2837    36.6002    36.6024    26.1723    26.1733    1515.93    141.052    142.160         30 0.0000e+00
      76324   3180.110    163.850    165.000    19.3152    19.3292   4.921067   4.922858     2.1958     1.8411     100.00   27.01558  -79.68966    0.00241    0.00124     3.2337     3.2588    19.2851    19.2992    36.5958    36.5984    26.1676    26.1660    1515.81    140.736    141.825         30 0.0000e+00
      76444   3185.137    158.886    160.000    19.4914    19.5839   4.940072   4.951371     2.1577     1.8117      95.94   27.01541  -79.68894   -0.00973   -0.00684     3.1371     3.1705    19.4621    19.5545    36.6014    36.6144    26.1258    26.1115    1515.80    136.537    137.992         33 0.0000e+00
