Gulf of Mexico/GOMECC-4/1db/urb2103_0011.cnv
* Sea-Bird SBE 9 Data File:
* FileName = C:\Users\scs.user.rb\CTD\GOMECC4\data\rb1203_001.hex
* Software Version Seasave V 7.26.7.107
* Temperature SN = 4799
* Conductivity SN = 3860
* Number of Bytes Per Scan = 41
* Number of Voltage Words = 4
* Number of Scans Averaged by the Deck Unit = 1
* NMEA Latitude = 26 59.84 N
* NMEA Longitude = 079 37.07 W
* NMEA UTC (Time) = Sep 14 2021  14:55:20
* NMEA baud rate = 4800
# nquan = 28
# nvalues = 108                         
# units = specified
# name 0 = scan: Scan Count
# name 1 = timeS: Time, Elapsed [seconds]
# name 2 = depSM: Depth [salt water, m]
# name 3 = prDM: Pressure, Digiquartz [db]
# name 4 = t090C: Temperature [ITS-90, deg C]
# name 5 = t190C: Temperature, 2 [ITS-90, deg C]
# name 6 = c0S/m: Conductivity [S/m]
# name 7 = c1S/m: Conductivity, 2 [S/m]
# name 8 = sbeox0V: Oxygen raw, SBE 43 [V]
# name 9 = sbeox1V: Oxygen raw, SBE 43, 2 [V]
# name 10 = altM: Altimeter [m]
# name 11 = latitude: Latitude [deg]
# name 12 = longitude: Longitude [deg]
# name 13 = sbox0dV/dT: Oxygen, SBE 43 [dov/dt]
# name 14 = sbox1dV/dT: Oxygen, SBE 43, 2 [dov/dt]
# name 15 = sbeox0ML/L: Oxygen, SBE 43 [ml/l], WS = 5
# name 16 = sbeox1ML/L: Oxygen, SBE 43, 2 [ml/l], WS = 5
# name 17 = potemp090C: Potential Temperature [ITS-90, deg C]
# name 18 = potemp190C: Potential Temperature, 2 [ITS-90, deg C]
# name 19 = sal00: Salinity, Practical [PSU]
# name 20 = sal11: Salinity, Practical, 2 [PSU]
# name 21 = sigma-é00: Density [sigma-theta, kg/m^3]
# name 22 = sigma-é11: Density, 2 [sigma-theta, kg/m^3]
# name 23 = avgsvCM: Average Sound Velocity [Chen-Millero, m/s], minP = 20, minS = 20
# name 24 = sbox0Mm/Kg: Oxygen, SBE 43 [umol/kg], WS = 5
# name 25 = sbox1Mm/Kg: Oxygen, SBE 43, 2 [umol/kg], WS = 5
# name 26 = nbin: number of scans per bin
# name 27 = flag: flag
# span 0 =      56416,     110923       
# span 1 =   2350.645,   4621.732       
# span 2 =      1.987,    616.984       
# span 3 =      2.000,    622.000       
# span 4 =     7.4871,    29.6723       
# span 5 =     7.4812,    29.6697       
# span 6 =   3.596237,   5.996459       
# span 7 =   3.595726,   5.996522       
# span 8 =     1.6247,     3.2102       
# span 9 =     1.3324,     2.7489       
# span 10 =      15.65,     101.90      
# span 11 =   26.66907,   27.18412      
# span 12 =  -80.14817,  -78.61978      
# span 13 =   -0.00539,    0.00887      
# span 14 =   -0.00408,    0.00627      
# span 15 =     2.6134,     4.5059      
# span 16 =     2.6526,     4.5307      
# span 17 =     7.4248,    29.6664      
# span 18 =     7.4190,    29.6638      
# span 19 =    34.9439,    36.8227      
# span 20 =    34.9440,    36.8244      
# span 21 =    22.5100,    27.3144      
# span 22 =    22.5148,    27.3154      
# span 23 =    1495.93,    1525.06      
# span 24 =    113.632,    196.696      
# span 25 =    115.340,    197.786      
# span 26 =         30,         66      
# span 27 = 0.0000e+00, 0.0000e+00      
# interval = decibars: 1                
# start_time = Sep 14 2021 14:55:20 [NMEA time, header]
# bad_flag = -9.990e-29
*END*
[from data line 52]
      92398   3849.858     85.417     86.000    26.8049    26.8305   5.712429   5.715771     2.9930     2.5505     100.23   27.06897  -79.81647    0.00086    0.00197     4.2882     4.3114    26.7852    26.8109    36.5644    36.5680    23.9770    23.9711    1518.77    187.039    188.050         36 0.0000e+00
      92279   3844.899     84.424     85.000    26.8191    26.7958   5.707783   5.705196     2.9844     2.5390     100.00   27.00636  -79.63179    0.00016   -0.00016     4.2684     4.2873    26.7996    26.7763    36.4824    36.4821    23.8991    23.9063    1515.26    186.177    186.999         46 0.0000e+00
      92398   3849.866     82.438     83.000    26.9754    26.9861   5.727499   5.728944     2.9818     2.5389     100.06   27.02269  -79.67993   -0.00146   -0.00144     4.2508     4.2727    26.9563    26.9670    36.5120    36.5117    23.8742    23.8702    1516.18    185.416    186.372         35 0.0000e+00
      94388   3932.793     81.445     82.000    27.1882    27.1606   5.747463   5.744458     2.9878     2.5419     100.00   27.00706  -79.63233   -0.00136   -0.00103     4.2452     4.2657    27.1692    27.1417    36.4785    36.4786    23.7774    23.7863    1515.26    185.188    186.082         34 0.0000e+00
      95068   3961.111     80.451     81.000    27.1800    27.2696   5.746760   5.754201     2.9861     2.5454     100.00   27.00730  -79.63250   -0.00199   -0.00125     4.2420     4.2651    27.1613    27.2508    36.4802    36.4633    23.7813    23.7397    1515.26    185.046    186.064         35 0.0000e+00
      95103   3962.596     79.458     80.000    27.3173    27.3261   5.757048   5.758304     2.9909     2.5519     100.00   27.00731  -79.63250   -0.00042    0.00109     4.2413     4.2730    27.2987    27.3075    36.4474    36.4490    23.7122    23.7106    1515.26    185.027    186.413         36 0.0000e+00
      95138   3964.054     78.465     79.000    27.3990    27.4259   5.763413   5.766152     3.0046     2.5599      85.38   27.00732  -79.63251    0.00407    0.00401     4.2603     4.2839    27.3806    27.4075    36.4285    36.4271    23.6715    23.6617    1515.26    185.867    186.897         32 0.0000e+00
      95170   3965.375     77.472     78.000    27.4621    27.4520   5.769179   5.768627     3.0176     2.5648      79.40   27.00734  -79.63252    0.00834    0.00529     4.2795     4.2916    27.4439    27.4338    36.4208    36.4247    23.6451    23.6514    1515.26    186.709    187.234         33 0.0000e+00
      95206   3966.870     76.479     77.000    27.4503    27.4836   5.768166   5.771159     3.0259     2.5729      99.94   27.00735  -79.63253    0.00887    0.00460     4.2952     4.3056    27.4324    27.4657    36.4230    36.4184    23.6506    23.6363    1515.26    187.391    187.850         39 0.0000e+00
      95243   3968.421     75.486     76.000    27.4809    27.5126   5.770257   5.772998     3.0288     2.5828     100.00   27.00736  -79.63254    0.00490    0.00541     4.2979     4.3237    27.4632    27.4948    36.4144    36.4093    23.6340    23.6199    1515.26    187.514    188.640         33 0.0000e+00
      95330   3972.044     73.500     74.000    27.5898    27.6102   5.779621   5.782170     3.0447     2.5979     100.03   27.01549  -79.65641    0.00459    0.00627     4.3190     4.3474    27.5725    27.5929    36.4019    36.4042    23.5906    23.5858    1515.71    188.443    189.684         30 0.0000e+00
      95336   3972.279     72.507     73.000    27.5922    27.6153   5.778953   5.781180     3.0524     2.6037     100.00   27.00740  -79.63256    0.00622    0.00562     4.3324     4.3583    27.5751    27.5982    36.3906    36.3885    23.5797    23.5706    1515.26    189.026    190.160         39 0.0000e+00
      95373   3973.816     71.514     72.000    27.6237    27.6298   5.780657   5.781410     3.0596     2.6083     100.00   27.00741  -79.63256    0.00567    0.00411     4.3430     4.3665    27.6068    27.6129    36.3786    36.3792    23.5604    23.5588    1515.26    189.495    190.520         32 0.0000e+00
      95477   3978.164     69.528     70.000    27.6754    27.6883   5.784508   5.785976     3.0696     2.6126      89.80   27.01960  -79.66841    0.00422    0.00193     4.3575     4.3706    27.6590    27.6719    36.3739    36.3637    23.5422    23.5294    1515.94    190.133    190.703         35 0.0000e+00
      95471   3977.926     68.535     69.000    27.6827    27.6895   5.783032   5.783666     3.0703     2.6155      98.37   27.00746  -79.63258    0.00244    0.00152     4.3575     4.3760    27.6665    27.6733    36.3504    36.3497    23.5197    23.5170    1515.26    190.133    190.940         38 0.0000e+00
      95506   3979.370     67.542     68.000    27.7191    27.7096   5.784438   5.784441     3.0706     2.6175     100.02   27.00746  -79.63258    0.00082    0.00189     4.3555     4.3786    27.7031    27.6937    36.3340    36.3401    23.4954    23.5031    1515.26    190.051    191.058         32 0.0000e+00
      95537   3980.659     66.549     67.000    27.7384    27.7688   5.785665   5.788073     3.0764     2.6250      94.94   27.00749  -79.63260    0.00124    0.00296     4.3640     4.3895    27.7226    27.7530    36.3267    36.3202    23.4836    23.4687    1515.26    190.422    191.540         32 0.0000e+00
      95571   3982.091     65.556     66.000    27.7804    27.7962   5.788886   5.790265     3.0841     2.6342      53.50   27.00750  -79.63260    0.00365    0.00461     4.3748     4.4059    27.7649    27.7807    36.3172    36.3147    23.4626    23.4556    1515.26    190.900    192.258         35 0.0000e+00
      95605   3983.512     64.562     65.000    27.8122    27.8278   5.791656   5.792596     3.0969     2.6402     100.38   27.00752  -79.63260    0.00621    0.00578     4.3955     4.4157    27.7969    27.8125    36.3125    36.3090    23.4486    23.4409    1515.26    191.804    192.687         31 0.0000e+00
      95636   3984.773     63.569     64.000    27.8395    27.8421   5.793490   5.793906     3.1052     2.6500     100.00   27.00753  -79.63261    0.00760    0.00578     4.4085     4.4340    27.8244    27.8271    36.3047    36.3056    23.4338    23.4335    1515.26    192.374    193.488         30 0.0000e+00
      95667   3986.096     62.576     63.000    27.8548    27.8615   5.794517   5.795339     3.1116     2.6520     100.00   27.00754  -79.63262    0.00697    0.00489     4.4185     4.4363    27.8399    27.8466    36.3005    36.3011    23.4255    23.4237    1515.26    192.815    193.592         35 0.0000e+00
      95707   3987.769     61.583     62.000    27.8571    27.8762   5.794781   5.796643     3.1165     2.6589     100.00   27.00756  -79.63262    0.00470    0.00389     4.4270     4.4489    27.8425    27.8616    36.3008    36.2992    23.4249    23.4174    1515.26    193.182    194.143         44 0.0000e+00
      95747   3989.402     60.590     61.000    27.9182    27.9227   5.800429   5.801183     3.1205     2.6600     100.00   27.00758  -79.63262    0.00251    0.00274     4.4291     4.4472    27.9038    27.9083    36.2939    36.2957    23.3996    23.3995    1515.26    193.282    194.072         32 0.0000e+00
      95934   3997.203     57.610     58.000    28.0887    28.0780   5.820013   5.818752     3.1411     2.6787     100.02   27.01438  -79.65253    0.00227    0.00079     4.4523     4.4726    28.0750    28.0643    36.3056    36.3050    23.3535    23.3565    1515.64    194.305    195.188         50 0.0000e+00
      97330   4055.387     50.658     51.000    28.5838    28.5719   5.878496   5.877794     3.1664     2.6985     100.04   27.02017  -79.66811    0.00064    0.00092     4.4552     4.4718    28.5715    28.5596    36.3391    36.3451    23.2151    23.2240    1515.93    194.457    195.181         46 0.0000e+00
      98045   4085.154     49.665     50.000    28.5853    28.5799   5.877053   5.876705     3.1671     2.6971     100.00   27.00858  -79.63305    0.00028   -0.00034     4.4557     4.4676    28.5733    28.5679    36.3222    36.3247    23.1999    23.2035    1515.26    194.481    194.998         53 0.0000e+00
      98846   4118.542     48.672     49.000    28.5954    28.5969   5.877823   5.878266     3.1671     2.6997     100.00   27.00895  -79.63319   -0.00000    0.00137     4.4544     4.4711    28.5836    28.5851    36.3202    36.3222    23.1949    23.1959    1515.26    194.426    195.151         56 0.0000e+00
      98910   4121.190     47.679     48.000    28.5984    28.6031   5.878136   5.878864     3.1699     2.7038     100.00   27.00898  -79.63320    0.00029    0.00170     4.4586     4.4783    28.5869    28.5916    36.3204    36.3219    23.1939    23.1935    1515.26    194.608    195.469         46 0.0000e+00
      98950   4122.892     46.686     47.000    28.6082    28.6098   5.879144   5.879531     3.1687     2.7043     100.00   27.00900  -79.63320    0.00048    0.00129     4.4552     4.4783    28.5969    28.5985    36.3202    36.3217    23.1905    23.1911    1515.26    194.459    195.467         41 0.0000e+00
      99001   4125.004     45.692     46.000    28.6171    28.6300   5.879881   5.881134     3.1684     2.7025      90.48   27.00902  -79.63322   -0.00025   -0.00042     4.4535     4.4728    28.6060    28.6189    36.3189    36.3177    23.1865    23.1813    1515.26    194.384    195.230         62 0.0000e+00
      99059   4127.418     44.699     45.000    28.6639    28.6617   5.882947   5.883069     3.1696     2.7008     100.36   27.00905  -79.63322    0.00004   -0.00069     4.4519     4.4667    28.6531    28.6509    36.3047    36.3072    23.1602    23.1627    1515.26    194.320    194.969         47 0.0000e+00
      99943   4164.270     39.733     40.000    28.8953    28.8954   5.908388   5.908735     3.2102     2.7210     100.11   27.05959  -79.78137    0.00467    0.00468     4.5059     4.4904    28.8857    28.8857    36.3241    36.3410    23.1058    23.1199    1518.08    196.696    196.019         46 0.0000e+00
     100719   4196.589     37.747     38.000    29.2179    29.1691   5.956175   5.950500     3.2066     2.7489     100.55   27.18412  -80.14817   -0.00539    0.00078     4.4781     4.5307    29.2087    29.1599    36.5055    36.5028    23.1605    23.1748    1525.06    195.494    197.786         32 0.0000e+00
     101670   4236.194     34.767     35.000    29.1505    29.1488   5.926338   5.926351     3.1697     2.6991      99.83   26.96569  -79.50208    0.00026    0.00301     4.4081     4.4213    29.1420    29.1403    36.2094    36.2108    22.9156    22.9172    1512.76    192.450    193.026         35 0.0000e+00
     101934   4247.212     33.774     34.000    29.2120    29.1974   5.937442   5.936155     3.1797     2.7035     100.00   27.01038  -79.63372    0.00113    0.00030     4.4224     4.4279    29.2037    29.1891    36.2686    36.2708    22.9484    22.9550    1515.26    193.073    193.312         40 0.0000e+00
     101978   4249.040     32.780     33.000    29.2160    29.2008   5.937894   5.936867     3.1797     2.7074     100.00   27.01040  -79.63372    0.00059    0.00275     4.4215     4.4346    29.2080    29.1927    36.2689    36.2709    22.9472    22.9538    1515.26    193.034    193.607         38 0.0000e+00
     102027   4251.101     31.787     32.000    29.2301    29.2320   5.939392   5.939666     3.1811     2.7081      97.20   27.01042  -79.63374    0.00048    0.00121     4.4224     4.4336    29.2223    29.2242    36.2689    36.2709    22.9424    22.9432    1515.26    193.076    193.563         62 0.0000e+00
     102089   4253.671     30.794     31.000    29.2421    29.2287   5.940728   5.939584     3.1779     2.7053     100.46   27.01045  -79.63375   -0.00053    0.00007     4.4158     4.4275    29.2345    29.2211    36.2682    36.2713    22.9378    22.9446    1515.26    192.785    193.298         38 0.0000e+00
     102124   4255.117     29.800     30.000    29.3089    29.3171   5.946537   5.947630     3.1785     2.7058     100.00   27.01046  -79.63376   -0.00079   -0.00110     4.4109     4.4222    29.3016    29.3098    36.2590    36.2633    22.9082    22.9086    1515.26    192.578    193.073         34 0.0000e+00
     102173   4257.174     28.807     29.000    29.3401    29.3669   5.950153   5.953402     3.1742     2.7000      87.56   27.01049  -79.63376   -0.00137   -0.00141     4.3999     4.4064    29.3330    29.3598    36.2599    36.2629    22.8982    22.8914    1515.26    192.099    192.384         66 0.0000e+00
     102238   4259.856     27.814     28.000    29.4571    29.3896   5.961936   5.955622     3.1660     2.6924     100.92   27.01052  -79.63377   -0.00178   -0.00408     4.3762     4.3890    29.4503    29.3828    36.2551    36.2611    22.8550    22.8823    1515.26    191.072    191.626         46 0.0000e+00
     102273   4261.317     26.821     27.000    29.5069    29.5120   5.967198   5.967834     3.1578     2.6890     100.00   27.01054  -79.63378   -0.00436   -0.00141     4.3571     4.3731    29.5002    29.5054    36.2524    36.2529    22.8359    22.8346    1515.26    190.242    190.942         32 0.0000e+00
     102312   4262.939     25.827     26.000    29.5147    29.5260   5.967939   5.969282     3.1512     2.6821     100.00   27.01055  -79.63378   -0.00497   -0.00342     4.3443     4.3579    29.5083    29.5196    36.2518    36.2525    22.8328    22.8295    1515.26    189.685    190.280         40 0.0000e+00
     103062   4294.197     23.841     24.000    29.6723    29.6697   5.996459   5.996522     3.1595     2.6878     100.44   27.12905  -79.98279    0.00037    0.00096     4.3503     4.3629    29.6664    29.6638    36.4064    36.4086    22.9199    22.9224    1521.90    189.950    190.500         33 0.0000e+00
     103181   4299.177     20.861     21.000    29.5447    29.5442   5.970293   5.970516     3.1485     2.6755      90.49   27.01093  -79.63394    0.00017   -0.00049     4.3346     4.3410    29.5395    29.5391    36.2469    36.2487    22.8185    22.8200    1515.26    189.267    189.545         37 0.0000e+00
     105829   4409.479     13.907     14.000    29.5110    29.5118   5.962471   5.962833     3.1465     2.6729      91.46   26.97469  -79.52415    0.00054   -0.00099     4.3287     4.3330    29.5076    29.5084    36.1963    36.1982    22.7835    22.7847    1513.16    189.006    189.194         60 0.0000e+00
     106076   4419.802     12.914     13.000    29.5540    29.5539   5.970949   5.971187     3.1519     2.6755      90.49   27.01215  -79.63452    0.00097   -0.00073     4.3359     4.3362    29.5508    29.5507    36.2467    36.2484    22.8145    22.8158    1515.26    189.323    189.333         30 0.0000e+00
     106153   4423.000     11.921     12.000    29.5545    29.5545   5.970962   5.971231     3.1516     2.6774      84.61   27.01218  -79.63453    0.00073    0.00128     4.3349     4.3395    29.5515    29.5515    36.2467    36.2485    22.8143    22.8156    1515.26    189.279    189.480         59 0.0000e+00
     106230   4426.200     10.927     11.000    29.5556    29.5547   5.971040   5.971205     3.1499     2.6779      98.25   27.01221  -79.63455   -0.00078    0.00032     4.3312     4.3398    29.5529    29.5520    36.2466    36.2485    22.8137    22.8155    1515.26    189.116    189.494         61 0.0000e+00
     106310   4429.536      9.934     10.000    29.5598    29.5562   5.971424   5.971334     3.1518     2.6778      99.99   27.01224  -79.63458    0.00061   -0.00039     4.3334     4.3391    29.5573    29.5538    36.2464    36.2485    22.8121    22.8149    1515.26    189.214    189.459         38 0.0000e+00
     106430   4434.532      8.941      9.000    29.5637    29.5618   5.971728   5.971839     3.1498     2.6798     100.00   27.01229  -79.63460   -0.00032    0.00073     4.3294     4.3421    29.5615    29.5596    36.2460    36.2481    22.8103    22.8125    1515.26    189.041    189.593         41 0.0000e+00
