Gulf of Mexico/GOMECC-4/1db/urb2103_1191.cnv
* Sea-Bird SBE 9 Data File:
* FileName = C:\Users\scs.user.rb\CTD\GOMECC4\data\rb2103_1191.hex
* Software Version Seasave V 7.26.7.107
* Temperature SN = 4799
* Conductivity SN = 3860
* Number of Bytes Per Scan = 41
* Number of Voltage Words = 4
* Number of Scans Averaged by the Deck Unit = 1
* NMEA Latitude = 21 39.90 N
* NMEA Longitude = 085 58.80 W
* NMEA UTC (Time) = Oct 16 2021  05:31:44
* NMEA baud rate = 4800
# nquan = 28
# nvalues = 432                         
# units = specified
# name 0 = scan: Scan Count
# name 1 = timeS: Time, Elapsed [seconds]
# name 2 = depSM: Depth [salt water, m]
# name 3 = prDM: Pressure, Digiquartz [db]
# name 4 = t090C: Temperature [ITS-90, deg C]
# name 5 = t190C: Temperature, 2 [ITS-90, deg C]
# name 6 = c0S/m: Conductivity [S/m]
# name 7 = c1S/m: Conductivity, 2 [S/m]
# name 8 = sbeox0V: Oxygen raw, SBE 43 [V]
# name 9 = sbeox1V: Oxygen raw, SBE 43, 2 [V]
# name 10 = altM: Altimeter [m]
# name 11 = latitude: Latitude [deg]
# name 12 = longitude: Longitude [deg]
# name 13 = sbox0dV/dT: Oxygen, SBE 43 [dov/dt]
# name 14 = sbox1dV/dT: Oxygen, SBE 43, 2 [dov/dt]
# name 15 = sbeox0ML/L: Oxygen, SBE 43 [ml/l], WS = 5
# name 16 = sbeox1ML/L: Oxygen, SBE 43, 2 [ml/l], WS = 5
# name 17 = potemp090C: Potential Temperature [ITS-90, deg C]
# name 18 = potemp190C: Potential Temperature, 2 [ITS-90, deg C]
# name 19 = sal00: Salinity, Practical [PSU]
# name 20 = sal11: Salinity, Practical, 2 [PSU]
# name 21 = sigma-é00: Density [sigma-theta, kg/m^3]
# name 22 = sigma-é11: Density, 2 [sigma-theta, kg/m^3]
# name 23 = avgsvCM: Average Sound Velocity [Chen-Millero, m/s], minP = 20, minS = 20
# name 24 = sbox0Mm/Kg: Oxygen, SBE 43 [umol/kg], WS = 5
# name 25 = sbox1Mm/Kg: Oxygen, SBE 43, 2 [umol/kg], WS = 5
# name 26 = nbin: number of scans per bin
# name 27 = flag: flag
# span 0 =      63466,     147189       
# span 1 =   2644.375,   6132.813       
# span 2 =      0.994,   1858.973       
# span 3 =      1.000,   1879.000       
# span 4 =     4.2768,    30.1593       
# span 5 =     4.2775,    30.1586       
# span 6 =   3.349645,   6.041090       
# span 7 =   3.349642,   6.041261       
# span 8 =     1.6251,     3.1930       
# span 9 =     1.3222,     2.6912       
# span 10 =      14.49,     100.86      
# span 11 =   21.65005,   21.89387      
# span 12 =  -86.79126,  -85.82283      
# span 13 =   -0.00198,    0.01599      
# span 14 =   -0.00200,    0.01220      
# span 15 =     2.6972,     4.8206      
# span 16 =     2.7058,     4.8303      
# span 17 =     4.1188,    30.1551      
# span 18 =     4.1194,    30.1544      
# span 19 =    34.8772,    36.9927      
# span 20 =    34.8779,    36.9946      
# span 21 =    22.5087,    27.7539      
# span 22 =    22.5043,    27.7531      
# span 23 =    1498.91,    1515.83      
# span 24 =    117.285,    209.476      
# span 25 =    117.658,    209.895      
# span 26 =         30,         70      
# span 27 = 0.0000e+00, 0.0000e+00      
# interval = decibars: 1                
# start_time = Oct 16 2021 05:31:44 [NMEA time, header]
# bad_flag = -9.990e-29
*END*
[from data line 363]
     128338   5347.364    147.028    148.000    24.4484    24.4491   5.513524   5.513862     2.5304     2.1211     100.00   21.68778  -85.98728    0.00177    0.00190     3.5805     3.5714    24.4165    24.4172    36.9387    36.9407    24.9848    24.9861    1501.83    156.008    155.609         40 0.0000e+00
     128377   5348.994    146.035    147.000    24.4924    24.4828   5.517181   5.516527     2.5357     2.1264     100.00   21.68778  -85.98729    0.00247    0.00211     3.5880     3.5806    24.4607    24.4512    36.9303    36.9333    24.9651    24.9702    1501.83    156.336    156.016         38 0.0000e+00
     128415   5350.567    145.042    146.000    24.5425    24.5238   5.520799   5.519575     2.5441     2.1325     100.00   21.68779  -85.98730    0.00372    0.00346     3.6018     3.5913    24.5110    24.4923    36.9170    36.9229    24.9398    24.9499    1501.83    156.940    156.482         37 0.0000e+00
     128449   5351.988    144.049    145.000    24.5767    24.5709   5.523603   5.523307     2.5550     2.1420     100.00   21.68780  -85.98730    0.00563    0.00456     3.6200     3.6088    24.5454    24.5396    36.9101    36.9126    24.9242    24.9278    1501.83    157.737    157.249         33 0.0000e+00
     130860   5452.473    103.328    104.000    26.6563    26.6611   5.703114   5.703577     2.8241     2.3764     100.01   21.68974  -85.99283    0.00032   -0.00029     3.9849     3.9638    26.6325    26.6373    36.5714    36.5722    24.0197    24.0189    1501.92    173.790    172.874         40 0.0000e+00
     130891   5453.742    102.335    103.000    26.6549    26.6611   5.702651   5.703181     2.8242     2.3754     100.00   21.68844  -85.98765    0.00036    0.00046     3.9848     3.9613    26.6314    26.6375    36.5693    36.5687    24.0183    24.0159    1501.83    173.786    172.764         36 0.0000e+00
     130925   5455.159    101.341    102.000    26.6623    26.6682   5.703214   5.703814     2.8246     2.3767     100.00   21.68846  -85.98766    0.00022    0.00001     3.9846     3.9630    26.6390    26.6449    36.5678    36.5675    24.0147    24.0127    1501.83    173.777    172.839         34 0.0000e+00
     130962   5456.695    100.348    101.000    26.6681    26.6751   5.703644   5.704314     2.8247     2.3783     100.00   21.68846  -85.98766    0.00030    0.00062     3.9839     3.9656    26.6451    26.6520    36.5667    36.5660    24.0119    24.0092    1501.83    173.748    172.950         39 0.0000e+00
     131000   5458.280     99.355    100.000    26.6945    26.7008   5.705191   5.705989     2.8260     2.3795     100.00   21.68848  -85.98766    0.00024    0.00100     3.9842     3.9657    26.6717    26.6779    36.5591    36.5593    23.9977    23.9959    1501.83    173.765    172.959         36 0.0000e+00
     131034   5459.688     98.362     99.000    26.7381    26.7353   5.708711   5.708693     2.8279     2.3811     100.00   21.68848  -85.98767    0.00072    0.00082     3.9844     3.9667    26.7155    26.7126    36.5486    36.5507    23.9758    23.9783    1501.83    173.777    173.006         32 0.0000e+00
     131065   5460.986     97.368     98.000    26.7771    26.7789   5.711815   5.712112     2.8293     2.3844     100.00   21.68849  -85.98768    0.00130    0.00133     3.9839     3.9705    26.7546    26.7564    36.5405    36.5413    23.9572    23.9573    1501.83    173.758    173.175         31 0.0000e+00
     131098   5462.386     96.375     97.000    26.8011    26.8062   5.713597   5.713964     2.8328     2.3882     100.00   21.68850  -85.98768    0.00141    0.00222     3.9884     3.9763    26.7789    26.7839    36.5347    36.5340    23.9452    23.9430    1501.83    173.955    173.427         35 0.0000e+00
     131133   5463.839     95.382     96.000    26.8286    26.8405   5.715614   5.716680     2.8394     2.3961     100.00   21.68850  -85.98768    0.00271    0.00351     3.9986     3.9903    26.8066    26.8184    36.5279    36.5263    23.9311    23.9261    1501.83    174.402    174.043         35 0.0000e+00
     131167   5465.262     94.388     95.000    26.8459    26.8644   5.717144   5.718556     2.8426     2.3980     100.00   21.68852  -85.98768    0.00379    0.00386     4.0030     3.9923    26.8240    26.8425    36.5257    36.5212    23.9239    23.9146    1501.83    174.598    174.131         34 0.0000e+00
     131202   5466.700     93.395     94.000    26.8815    26.9010   5.719775   5.721283     2.8470     2.4025      90.66   21.68852  -85.98769    0.00285    0.00273     4.0085     3.9990    26.8599    26.8795    36.5168    36.5122    23.9057    23.8959    1501.83    174.839    174.427         34 0.0000e+00
     131235   5468.067     92.402     93.000    26.9318    26.9408   5.723659   5.724254     2.8521     2.4064      76.11   21.68853  -85.98770    0.00288    0.00245     4.0143     4.0040    26.9104    26.9194    36.5055    36.5027    23.8810    23.8760    1501.83    175.096    174.649         32 0.0000e+00
     131267   5469.426     91.408     92.000    26.9735    26.9886   5.726516   5.727925     2.8586     2.4086      99.80   21.68855  -85.98770    0.00394    0.00267     4.0232     4.0051    26.9523    26.9674    36.4936    36.4918    23.8586    23.8524    1501.83    175.489    174.702         34 0.0000e+00
     131302   5470.862     90.415     91.000    27.0094    27.0341   5.729249   5.731344     2.8638     2.4174     100.00   21.68856  -85.98771    0.00426    0.00283     4.0302     4.0198    26.9885    27.0131    36.4853    36.4810    23.8407    23.8295    1501.83    175.798    175.347         35 0.0000e+00
     131337   5472.353     89.422     90.000    27.0582    27.0828   5.733108   5.734805     2.8689     2.4223     100.00   21.68856  -85.98772    0.00373    0.00442     4.0359     4.0269    27.0375    27.0620    36.4750    36.4679    23.8172    23.8040    1501.83    176.051    175.659         36 0.0000e+00
     131372   5473.771     88.428     89.000    27.0983    27.1122   5.735869   5.737081     2.8770     2.4268     100.00   21.68856  -85.98772    0.00387    0.00419     4.0481     4.0341    27.0777    27.0917    36.4637    36.4614    23.7958    23.7896    1501.83    176.586    175.975         32 0.0000e+00
     131403   5475.104     87.435     88.000    27.1379    27.1499   5.738736   5.739767     2.8837     2.4314     100.00   21.68858  -85.98772    0.00518    0.00329     4.0575     4.0409    27.1176    27.1295    36.4535    36.4515    23.7752    23.7699    1501.83    176.999    176.274         32 0.0000e+00
     131437   5476.504     86.441     87.000    27.1603    27.1768   5.740401   5.741887     2.8897     2.4351     100.00   21.68859  -85.98773    0.00509    0.00306     4.0668     4.0463    27.1402    27.1566    36.4482    36.4459    23.7640    23.7570    1501.83    177.409    176.514         34 0.0000e+00
     131471   5477.921     85.448     86.000    27.1797    27.2034   5.742047   5.743827     2.8950     2.4390     100.00   21.68860  -85.98774    0.00428    0.00284     4.0749     4.0523    27.1598    27.1835    36.4451    36.4393    23.7553    23.7433    1501.83    177.763    176.779         33 0.0000e+00
     131505   5479.354     84.455     85.000    27.2141    27.2271   5.744615   5.745738     2.8998     2.4467     100.00   21.68860  -85.98774    0.00364    0.00364     4.0819     4.0660    27.1944    27.2074    36.4373    36.4347    23.7383    23.7321    1501.83    178.069    177.380         36 0.0000e+00
     131541   5480.832     83.461     84.000    27.2429    27.2562   5.746722   5.747774     2.9089     2.4506     100.00   21.68862  -85.98774    0.00421    0.00398     4.0956     4.0720    27.2235    27.2367    36.4297    36.4269    23.7232    23.7168    1501.83    178.670    177.644         34 0.0000e+00
     133120   5546.614     78.494     79.000    27.5243    27.5322   5.772862   5.773165     2.9700     2.5041     100.06   21.70493  -86.05106    0.00086   -0.00031     4.1867     4.1630    27.5059    27.5137    36.3988    36.4066    23.6111    23.6155    1502.93    182.669    181.634         51 0.0000e+00
     133074   5544.712     77.501     78.000    27.5082    27.5090   5.768390   5.768479     2.9684     2.5049     100.00   21.68904  -85.98799    0.00012    0.00073     4.1854     4.1650    27.4900    27.4908    36.3793    36.3796    23.5989    23.5988    1501.83    182.608    181.721         41 0.0000e+00
     133111   5546.244     76.507     77.000    27.5150    27.5317   5.768949   5.770407     2.9684     2.5047     100.00   21.68904  -85.98800    0.00014    0.00089     4.1843     4.1626    27.4970    27.5137    36.3782    36.3756    23.5958    23.5884    1501.83    182.564    181.616         38 0.0000e+00
     133152   5547.976     75.514     76.000    27.5381    27.5776   5.770876   5.774282     2.9703     2.5146     100.00   21.68906  -85.98800    0.00035    0.00242     4.1858     4.1795    27.5203    27.5598    36.3743    36.3678    23.5853    23.5676    1501.83    182.631    182.357         45 0.0000e+00
     133195   5549.769     74.521     75.000    27.5810    27.6431   5.774174   5.779708     2.9763     2.5193     100.00   21.68907  -85.98800    0.00201    0.00395     4.1936     4.1850    27.5634    27.6256    36.3650    36.3558    23.5643    23.5372    1501.83    182.976    182.604         40 0.0000e+00
     133234   5551.377     73.527     74.000    27.6375    27.6962   5.779361   5.784354     2.9851     2.5279      80.94   21.68908  -85.98802    0.00386    0.00377     4.2053     4.1981    27.6202    27.6788    36.3580    36.3479    23.5405    23.5138    1501.83    183.489    183.182         38 0.0000e+00
     133273   5552.986     72.534     73.000    27.7465    27.7786   5.789044   5.791759     2.9981     2.5348     100.08   21.68908  -85.98802    0.00613    0.00466     4.2210     4.2063    27.7294    27.7615    36.3424    36.3368    23.4932    23.4785    1501.83    184.182    183.544         38 0.0000e+00
     133310   5554.528     71.540     72.000    27.8565    27.9082   5.799174   5.803879     3.0167     2.5534     100.00   21.68910  -85.98804    0.00871    0.00643     4.2469     4.2381    27.8395    27.8912    36.3298    36.3227    23.4477    23.4254    1501.83    185.319    184.941         37 0.0000e+00
     133349   5556.146     70.547     71.000    27.9028    27.9515   5.803297   5.808183     3.0316     2.5636     100.00   21.68910  -85.98804    0.01072    0.00901     4.2707     4.2526    27.8861    27.9347    36.3229    36.3199    23.4273    23.4090    1501.83    186.362    185.575         42 0.0000e+00
     133392   5557.974     69.554     70.000    27.9364    28.0108   5.806598   5.813714     3.0411     2.5776      60.45   21.68912  -85.98804    0.00818    0.00775     4.2852     4.2767    27.9199    27.9943    36.3206    36.3134    23.4144    23.3846    1501.83    186.997    186.633         44 0.0000e+00
     133435   5559.732     68.560     69.000    28.0034    28.1544   5.813715   5.826925     3.0494     2.5896     100.54   21.68912  -85.98805    0.00483    0.00723     4.2950     4.2908    27.9871    28.1380    36.3194    36.2961    23.3914    23.3243    1501.83    187.430    187.260         39 0.0000e+00
     133470   5561.215     67.567     68.000    28.2062    28.3401   5.834234   5.849420     3.0641     2.6050     100.00   21.68914  -85.98806    0.00587    0.00764     4.3063     4.3080    28.1901    28.3239    36.3079    36.3115    23.3160    23.2744    1501.83    187.938    188.021         34 0.0000e+00
     133507   5562.751     66.573     67.000    28.4227    28.6453   5.859360   5.882747     3.0960     2.6271     100.00   21.68914  -85.98806    0.01250    0.01130     4.3465     4.3346    28.4073    28.6295    36.3177    36.3039    23.2516    23.1640    1501.83    189.706    189.196         41 0.0000e+00
     133550   5564.521     65.580     66.000    28.6095    28.7340   5.877741   5.889454     3.1162     2.6434     100.00   21.68916  -85.98807    0.01599    0.01220     4.3698     4.3572    28.5936    28.7181    36.3037    36.2902    23.1792    23.1275    1501.83    190.734    190.192         42 0.0000e+00
     133592   5566.277     64.586     65.000    28.7104    28.8085   5.885336   5.893608     3.1317     2.6556     100.00   21.68916  -85.98808    0.01199    0.00883     4.3905     4.3770    28.6947    28.7933    36.2798    36.2583    23.1275    23.0767    1501.83    191.647    191.066         43 0.0000e+00
     133634   5568.028     63.593     64.000    28.7946    28.7759   5.889290   5.885651     3.1432     2.6542     100.00   21.68918  -85.98808    0.00821    0.00435     4.4066     4.3754    28.7792    28.7604    36.2501    36.2407    23.0770    23.0763    1501.83    192.359    191.000         38 0.0000e+00
     135128   5630.278     58.625     59.000    29.2615    29.2615   5.933219   5.933264     3.1593     2.6657      72.71   21.69640  -86.01543   -0.00022   -0.00112     4.3971     4.3632    29.2471    29.2471    36.2000    36.2005    22.8840    22.8844    1502.30    191.984    190.501         58 0.0000e+00
     135143   5630.917     57.632     58.000    29.2485    29.2492   5.930851   5.930774     3.1584     2.6647     100.00   21.68958  -85.98835    0.00013   -0.00059     4.3956     4.3614    29.2343    29.2351    36.1882    36.1875    22.8777    22.8769    1501.83    191.919    190.425         57 0.0000e+00
     135199   5633.233     56.638     57.000    29.2469    29.2456   5.930116   5.929452     3.1589     2.6660     100.00   21.68959  -85.98836    0.00032    0.00154     4.3969     4.3638    29.2329    29.2316    36.1852    36.1813    22.8759    22.8734    1501.83    191.976    190.529         49 0.0000e+00
     135257   5635.668     55.645     56.000    29.2411    29.2399   5.928446   5.927696     3.1590     2.6664     100.00   21.68962  -85.98837   -0.00014    0.00027     4.3967     4.3646    29.2274    29.2263    36.1780    36.1737    22.8724    22.8695    1501.83    191.966    190.566         69 0.0000e+00
     135318   5638.210     54.651     55.000    29.2442    29.2417   5.927859   5.927622     3.1551     2.6688     100.00   21.68963  -85.98838   -0.00018    0.00058     4.3889     4.3689    29.2308    29.2282    36.1719    36.1722    22.8667    22.8677    1501.83    191.628    190.751         48 0.0000e+00
     135368   5640.289     53.658     54.000    29.2486    29.2518   5.928349   5.928274     3.1571     2.6692      92.09   21.68965  -85.98840   -0.00103    0.00052     4.3911     4.3684    29.2354    29.2387    36.1701    36.1693    22.8638    22.8620    1501.83    191.724    190.733         58 0.0000e+00
     135427   5642.763     52.664     53.000    29.2677    29.2685   5.930614   5.930347     3.1618     2.6683     100.04   21.68966  -85.98840    0.00180    0.00003     4.3982     4.3649    29.2548    29.2556    36.1739    36.1713    22.8600    22.8578    1501.83    192.034    190.581         57 0.0000e+00
     135485   5645.182     51.671     52.000    29.3126    29.3106   5.936773   5.935911     3.1656     2.6743      93.18   21.68969  -85.98842    0.00165    0.00141     4.4007     4.3732    29.2996    29.2979    36.1827    36.1781    22.8516    22.8487    1501.83    192.145    190.944         61 0.0000e+00
     135543   5647.600     50.677     51.000    29.3566    29.3433   5.942225   5.940167     3.1715     2.6778      86.73   21.68970  -85.98842    0.00242    0.00165     4.4072     4.3771    29.3466    29.3308    36.1852    36.1830    22.8376    22.8412    1501.83    192.433    191.116         53 0.0000e+00
     135599   5649.929     49.684     50.000    29.3743    29.3888   5.943701   5.945195     3.1746     2.6784     100.07   21.68972  -85.98844    0.00183    0.00092     4.4110     4.3747    29.3621    29.3766    36.1842    36.1832    22.8316    22.8258    1501.83    192.598    191.012         59 0.0000e+00
