Gulf of Mexico/GOMECC-4/1db/urb2103_1051.cnv
* Sea-Bird SBE 9 Data File:
* FileName = C:\Users\scs.user.rb\CTD\GOMECC4\data\rb2103_1051.hex
* Software Version Seasave V 7.26.7.107
* Temperature SN = 4799
* Conductivity SN = 3860
* Number of Bytes Per Scan = 41
* Number of Voltage Words = 4
* Number of Scans Averaged by the Deck Unit = 1
* NMEA Latitude = 25 29.58 N
* NMEA Longitude = 087 59.90 W
* NMEA UTC (Time) = Oct 13 2021  14:16:10
* NMEA baud rate = 4800
# nquan = 28
# nvalues = 464                         
# units = specified
# name 0 = scan: Scan Count
# name 1 = timeS: Time, Elapsed [seconds]
# name 2 = depSM: Depth [salt water, m]
# name 3 = prDM: Pressure, Digiquartz [db]
# name 4 = t090C: Temperature [ITS-90, deg C]
# name 5 = t190C: Temperature, 2 [ITS-90, deg C]
# name 6 = c0S/m: Conductivity [S/m]
# name 7 = c1S/m: Conductivity, 2 [S/m]
# name 8 = sbeox0V: Oxygen raw, SBE 43 [V]
# name 9 = sbeox1V: Oxygen raw, SBE 43, 2 [V]
# name 10 = altM: Altimeter [m]
# name 11 = latitude: Latitude [deg]
# name 12 = longitude: Longitude [deg]
# name 13 = sbox0dV/dT: Oxygen, SBE 43 [dov/dt]
# name 14 = sbox1dV/dT: Oxygen, SBE 43, 2 [dov/dt]
# name 15 = sbeox0ML/L: Oxygen, SBE 43 [ml/l], WS = 5
# name 16 = sbeox1ML/L: Oxygen, SBE 43, 2 [ml/l], WS = 5
# name 17 = potemp090C: Potential Temperature [ITS-90, deg C]
# name 18 = potemp190C: Potential Temperature, 2 [ITS-90, deg C]
# name 19 = sal00: Salinity, Practical [PSU]
# name 20 = sal11: Salinity, Practical, 2 [PSU]
# name 21 = sigma-é00: Density [sigma-theta, kg/m^3]
# name 22 = sigma-é11: Density, 2 [sigma-theta, kg/m^3]
# name 23 = avgsvCM: Average Sound Velocity [Chen-Millero, m/s], minP = 20, minS = 20
# name 24 = sbox0Mm/Kg: Oxygen, SBE 43 [umol/kg], WS = 5
# name 25 = sbox1Mm/Kg: Oxygen, SBE 43, 2 [umol/kg], WS = 5
# name 26 = nbin: number of scans per bin
# name 27 = flag: flag
# span 0 =      96464,     243664       
# span 1 =   4019.290,  10152.610       
# span 2 =      0.994,   3273.781       
# span 3 =      1.000,   3321.000       
# span 4 =     4.2992,    29.7572       
# span 5 =     4.3002,    29.7496       
# span 6 =   3.351074,   6.021907       
# span 7 =   3.351050,   6.021133       
# span 8 =     1.6014,     3.1861       
# span 9 =     1.3005,     2.6973       
# span 10 =      10.29,     102.54      
# span 11 =   25.36716,   25.74571      
# span 12 =  -88.80901,  -87.50483      
# span 13 =   -0.00206,    0.01208      
# span 14 =   -0.00194,    0.01118      
# span 15 =     2.6074,     4.7292      
# span 16 =     2.6161,     4.7214      
# span 17 =     4.0797,    29.7560      
# span 18 =     4.0805,    29.7484      
# span 19 =    34.8923,    37.0093      
# span 20 =    34.8919,    37.0081      
# span 21 =    22.7485,    27.7599      
# span 22 =    22.7485,    27.7589      
# span 23 =    1498.59,    1520.93      
# span 24 =    113.372,    205.501      
# span 25 =    113.751,    205.163      
# span 26 =         30,         71      
# span 27 = 0.0000e+00, 0.0000e+00      
# interval = decibars: 1                
# start_time = Oct 13 2021 14:16:10 [NMEA time, header]
# bad_flag = -9.990e-29
*END*
[from data line 363]
     213044   8876.799    215.483    217.000    22.4736    22.4790   5.305861   5.306618     2.4004     2.0132      99.86   25.50932  -88.00260    0.00180    0.00167     3.4768     3.4814    22.4296    22.4350    36.9679    36.9696    25.5919    25.5918    1507.11    151.400    151.600         35 0.0000e+00
     213059   8877.406    214.491    216.000    22.4901    22.4909   5.307627   5.307723     2.4016     2.0140     100.00   25.50692  -87.99426    0.00204    0.00147     3.4779     3.4821    22.4463    22.4470    36.9672    36.9673    25.5863    25.5862    1506.97    151.449    151.629         33 0.0000e+00
     213158   8881.534    211.513    213.000    22.6884    22.6879   5.330202   5.330042     2.4139     2.0257     100.01   25.50905  -88.00160    0.00352    0.00314     3.4888     3.4951    22.6449    22.6444    36.9783    36.9775    25.5380    25.5376    1507.10    151.932    152.205         31 0.0000e+00
     213261   8885.813    207.544    209.000    22.7989    22.8032   5.342408   5.342934     2.4213     2.0303     100.00   25.50754  -87.99631    0.00157    0.00075     3.4949     3.4965    22.7560    22.7604    36.9808    36.9813    25.5077    25.5068    1507.01    152.199    152.271         30 0.0000e+00
     213362   8890.044    203.573    205.000    22.9870    23.0454   5.364399   5.370327     2.4325     2.0418     100.00   25.50659  -87.99302    0.00276    0.00281     3.5035     3.5057    22.9448    23.0031    36.9942    36.9911    25.4630    25.4436    1506.95    152.581    152.678         33 0.0000e+00
     213476   8894.792    199.603    201.000    23.3574    23.3904   5.405727   5.409517     2.4549     2.0585     100.00   25.50756  -87.99629    0.00605    0.00407     3.5227     3.5198    23.3155    23.3484    37.0049    37.0065    25.3630    25.3545    1507.01    153.434    153.308         31 0.0000e+00
     213578   8899.059    195.633    197.000    23.5485    23.5428   5.426948   5.426173     2.4660     2.0679     100.00   25.50673  -87.99336    0.00305    0.00254     3.5309     3.5296    23.5072    23.5015    37.0093    37.0081    25.3097    25.3105    1506.96    153.795    153.739         30 0.0000e+00
     213796   8908.128    187.692    189.000    23.9025    23.9031   5.455067   5.454749     2.4644     2.0649     100.00   25.50671  -87.99322    0.00222    0.00182     3.5026     3.4991    23.8625    23.8630    36.9324    36.9295    25.1461    25.1438    1506.95    152.587    152.438         30 0.0000e+00
     214436   8934.785    164.860    166.000    25.5722    25.5685   5.616631   5.616335     2.6246     2.2077     100.01   25.50847  -87.99908    0.01208    0.01118     3.7014     3.7004    25.5353    25.5316    36.7868    36.7876    24.5275    24.5293    1507.05    161.348    161.302         31 0.0000e+00
     215483   8978.422    131.104    132.000    27.0884    27.0737   5.732587   5.731401     2.8707     2.4230      95.72   25.52054  -88.04033    0.00434    0.00364     4.0604     4.0508    27.0583    27.0432    36.4428    36.4462    23.7889    23.7963    1507.76    177.125    176.704         40 0.0000e+00
     215454   8977.203    130.112    131.000    27.0118    27.0864   5.724002   5.729912     2.8675     2.4268      83.45   25.50718  -87.99420   -0.00206    0.00079     4.0573     4.0571    26.9816    27.0561    36.4332    36.4172    23.8037    23.7676    1506.97    176.986    176.982         43 0.0000e+00
     215560   8981.605    129.119    130.000    27.0900    27.1314   5.729644   5.733141     2.8755     2.4382     100.56   25.50720  -87.99419    0.00189    0.00357     4.0669     4.0778    27.0599    27.1014    36.4127    36.4054    23.7631    23.7442    1506.97    177.410    177.889         48 0.0000e+00
     215667   8986.094    128.126    129.000    27.1306    27.1380   5.732282   5.733102     2.8879     2.4441      96.22   25.50721  -87.99418    0.00220    0.00214     4.0872     4.0892    27.1007    27.1081    36.4002    36.4007    23.7405    23.7385    1506.97    178.303    178.389         48 0.0000e+00
     216143   9005.906    126.140    127.000    27.1838    27.2013   5.741245   5.742035     2.9037     2.4522     100.12   25.53751  -88.09860    0.00036   -0.00069     4.1116     4.1021    27.1544    27.1719    36.4287    36.4375    23.7494    23.7516    1508.76    179.366    178.953         37 0.0000e+00
     215965   8998.494    125.147    126.000    27.1487    27.1682   5.733672   5.735455     2.9015     2.4537     100.00   25.50724  -87.99418   -0.00019    0.00018     4.1101     4.1058    27.1196    27.1390    36.3970    36.3936    23.7320    23.7232    1506.97    179.303    179.117         32 0.0000e+00
     216977   9040.681    124.154    125.000    27.1742    27.1761   5.735459   5.735822     2.9060     2.4559     100.00   25.50736  -87.99417    0.00052    0.00048     4.1161     4.1093    27.1452    27.1471    36.3899    36.3911    23.7184    23.7187    1506.97    179.567    179.269         64 0.0000e+00
     217810   9075.367    123.161    124.000    27.1809    27.1806   5.735901   5.736033     2.9075     2.4566      88.19   25.50745  -87.99416    0.00025    0.00059     4.1183     4.1101    27.1521    27.1518    36.3887    36.3896    23.7153    23.7160    1506.97    179.661    179.303         53 0.0000e+00
     217915   9079.751    122.168    123.000    27.1900    27.1838   5.736623   5.736175     2.9093     2.4571      99.93   25.50746  -87.99416    0.00039   -0.00015     4.1204     4.1105    27.1615    27.1554    36.3867    36.3883    23.7107    23.7139    1506.97    179.757    179.321         65 0.0000e+00
     217983   9082.580    121.175    122.000    27.2176    27.2140   5.738739   5.738466     2.9161     2.4587      85.93   25.50748  -87.99416    0.00207    0.00078     4.1308     4.1115    27.1893    27.1857    36.3806    36.3815    23.6972    23.6990    1506.97    180.212    179.370         69 0.0000e+00
     218045   9085.174    120.182    121.000    27.2434    27.2295   5.740501   5.739574     2.9213     2.4688      90.79   25.50748  -87.99416    0.00217    0.00283     4.1385     4.1310    27.2153    27.2014    36.3733    36.3776    23.6833    23.6910    1506.97    180.548    180.218         55 0.0000e+00
     218115   9088.090    119.189    120.000    27.2777    27.2517   5.743441   5.741378     2.9289     2.4691      99.85   25.50749  -87.99416    0.00259    0.00093     4.1497     4.1297    27.2498    27.2239    36.3683    36.3734    23.6684    23.6806    1506.97    181.041    180.166         53 0.0000e+00
     218172   9090.472    118.196    119.000    27.2853    27.2738   5.744211   5.743296     2.9312     2.4757     100.00   25.50750  -87.99416    0.00128    0.00160     4.1531     4.1415    27.2577    27.2461    36.3676    36.3703    23.6653    23.6711    1506.97    181.187    180.682         48 0.0000e+00
     218232   9092.960    117.203    118.000    27.2999    27.2769   5.745703   5.743694     2.9321     2.4767     100.00   25.50750  -87.99416    0.00058    0.00183     4.1531     4.1427    27.2725    27.2495    36.3675    36.3709    23.6605    23.6705    1506.97    181.191    180.737         63 0.0000e+00
     218280   9094.955    116.211    117.000    27.3126    27.3068   5.746941   5.746562     2.9334     2.4756     100.00   25.50751  -87.99416    0.00015   -0.00104     4.1544     4.1380    27.2854    27.2796    36.3667    36.3684    23.6557    23.6588    1506.97    181.246    180.531         37 0.0000e+00
     218321   9096.646    115.218    116.000    27.3362    27.3157   5.749140   5.747431     2.9375     2.4802      99.82   25.50752  -87.99416    0.00149    0.00098     4.1597     4.1465    27.3092    27.2887    36.3644    36.3680    23.6463    23.6556    1506.97    181.483    180.905         48 0.0000e+00
     218369   9098.666    114.224    115.000    27.3674    27.3374   5.752315   5.749402     2.9412     2.4826     100.01   25.50752  -87.99414    0.00209    0.00207     4.1636     4.1494    27.3394    27.3106    36.3622    36.3655    23.6349    23.6466    1506.97    181.654    181.033         42 0.0000e+00
     218404   9100.128    113.231    114.000    27.5065    27.4368   5.768078   5.761753     2.9493     2.4906     100.00   25.50752  -87.99414    0.00249    0.00213     4.1706     4.1558    27.4800    27.4109    36.3673    36.3624    23.5931    23.6054    1506.97    181.964    181.319         32 0.0000e+00
     218437   9101.520    112.238    113.000    27.5401    27.5043   5.771906   5.767785     2.9592     2.4957     100.00   25.50753  -87.99415    0.00490    0.00369     4.1836     4.1641    27.5137    27.4779    36.3686    36.3670    23.5831    23.5934    1506.97    182.535    181.684         37 0.0000e+00
     218477   9103.155    111.245    112.000    27.6067    27.5533   5.779232   5.773623     2.9674     2.5054     100.00   25.50754  -87.99414    0.00671    0.00538     4.1935     4.1802    27.5805    27.5271    36.3693    36.3709    23.5619    23.5805    1506.97    182.970    182.388         38 0.0000e+00
     218594   9108.038    109.259    110.000    27.6962    27.6751   5.789704   5.787309     2.9826     2.5187     100.03   25.51401  -88.01645    0.00508    0.00493     4.2142     4.1982    27.6704    27.6493    36.3790    36.3759    23.5413    23.5452    1507.35    183.878    183.178         32 0.0000e+00
     218574   9107.225    108.266    109.000    27.7401    27.6960   5.793356   5.789025     2.9891     2.5225      97.30   25.50754  -87.99414    0.00559    0.00477     4.2225     4.2039    27.7145    27.6704    36.3669    36.3704    23.5164    23.5335    1506.97    184.243    183.428         39 0.0000e+00
     218610   9108.696    107.274    108.000    27.7699    27.7367   5.796627   5.793341     2.9970     2.5298      97.92   25.50755  -87.99414    0.00528    0.00371     4.2344     4.2157    27.7445    27.7113    36.3673    36.3697    23.5070    23.5196    1506.97    184.767    183.948         30 0.0000e+00
     218638   9109.887    106.281    107.000    27.8101    27.7785   5.800488   5.797453     3.0044     2.5340      99.98   25.50756  -87.99414    0.00534    0.00400     4.2447     4.2210    27.7849    27.7533    36.3638    36.3668    23.4911    23.5037    1506.97    185.218    184.182         30 0.0000e+00
     218672   9111.274    105.288    106.000    27.8678    27.8281   5.806401   5.802888     3.0109     2.5453     100.00   25.50756  -87.99414    0.00547    0.00533     4.2519     4.2404    27.8428    27.8031    36.3613    36.3672    23.4703    23.4877    1506.97    185.534    185.032         37 0.0000e+00
     218708   9112.801    104.294    105.000    27.9145    27.8689   5.810518   5.806169     3.0225     2.5512      98.56   25.50756  -87.99414    0.00582    0.00612     4.2696     4.2494    27.8897    27.8441    36.3545    36.3591    23.4499    23.4682    1506.97    186.311    185.425         34 0.0000e+00
     218740   9114.112    103.301    104.000    27.9476    27.9043   5.813520   5.809794     3.0313     2.5580      64.94   25.50756  -87.99414    0.00689    0.00519     4.2830     4.2603    27.9230    27.8797    36.3504    36.3576    23.4359    23.4555    1506.97    186.898    185.907         31 0.0000e+00
     218772   9115.466    102.308    103.000    28.0236    27.9399   5.821132   5.813018     3.0419     2.5657      99.67   25.50758  -87.99414    0.00716    0.00460     4.2963     4.2722    27.9992    27.9157    36.3457    36.3546    23.4073    23.4420    1506.97    187.485    186.429         34 0.0000e+00
     218806   9116.890    101.315    102.000    28.0962    28.0433   5.828786   5.823597     3.0571     2.5747     100.00   25.50758  -87.99414    0.00830    0.00583     4.3204     4.2846    28.0714    28.0191    36.3445    36.3483    23.3826    23.4027    1506.97    188.543    186.976         33 0.0000e+00
     218839   9118.251    100.322    101.000    28.1409    28.0877   5.833751   5.828377     3.0661     2.5860     100.00   25.50758  -87.99414    0.00920    0.00671     4.3311     4.3034    28.1169    28.0637    36.3448    36.3480    23.3679    23.3878    1506.97    189.011    187.799         33 0.0000e+00
     218873   9119.671     99.329    100.000    28.1620    28.1372   5.835762   5.833531     3.0739     2.5944     100.00   25.50758  -87.99414    0.00732    0.00719     4.3435     4.3167    28.1383    28.1135    36.3429    36.3463    23.3595    23.3702    1506.97    189.553    188.379         35 0.0000e+00
     218908   9121.125     98.336     99.000    28.1747    28.1568   5.836590   5.835317     3.0800     2.6016     100.00   25.50758  -87.99414    0.00526    0.00627     4.3533     4.3294    28.1511    28.1333    36.3393    36.3441    23.3525    23.3620    1506.97    189.980    188.936         34 0.0000e+00
     218940   9122.440     97.343     98.000    28.1846    28.1748   5.835098   5.835920     3.0839     2.6058     100.00   25.50759  -87.99414    0.00431    0.00467     4.3597     4.3364    28.1613    28.1515    36.3215    36.3348    23.3358    23.3490    1506.97    190.263    189.247         30 0.0000e+00
     218971   9123.736     96.350     97.000    28.2441    28.1905   5.840784   5.836355     3.0875     2.6119      29.65   25.50760  -87.99414    0.00320    0.00399     4.3612     4.3476    28.2210    28.1674    36.3159    36.3261    23.3119    23.3372    1506.97    190.335    189.734         33 0.0000e+00
     219006   9125.225     95.357     96.000    28.2835    28.2291   5.844801   5.839983     3.0977     2.6128      91.20   25.50760  -87.99414    0.00362    0.00323     4.3766     4.3453    28.2606    28.2063    36.3142    36.3221    23.2975    23.3214    1506.97    191.011    189.638         38 0.0000e+00
     219043   9126.753     94.364     95.000    28.3006    28.2901   5.846234   5.845592     3.1023     2.6205      94.07   25.50760  -87.99414    0.00512    0.00250     4.3832     4.3571    28.2780    28.2675    36.3114    36.3149    23.2896    23.2958    1506.97    191.297    190.159         34 0.0000e+00
     219130   9130.360     92.378     93.000    28.3631    28.3360   5.851151   5.849319     3.1084     2.6303     100.01   25.51047  -88.00404    0.00261    0.00451     4.3891     4.3731    28.3409    28.3138    36.3006    36.3083    23.2613    23.2761    1507.14    191.561    190.861         33 0.0000e+00
     219140   9130.794     91.385     92.000    28.3721    28.3560   5.851442   5.850369     3.1087     2.6287      94.96   25.50760  -87.99414    0.00177    0.00214     4.3883     4.3680    28.3501    28.3341    36.2939    36.2987    23.2527    23.2615    1506.97    191.528    190.638         37 0.0000e+00
     219176   9132.280     90.391     91.000    28.3819    28.3757   5.852281   5.851913     3.1090     2.6314      63.70   25.50762  -87.99414    0.00055    0.00082     4.3877     4.3717    28.3602    28.3539    36.2926    36.2948    23.2483    23.2520    1506.97    191.502    190.802         33 0.0000e+00
     219208   9133.613     89.398     90.000    28.4066    28.3926   5.854298   5.853509     3.1112     2.6335      99.69   25.50762  -87.99414    0.00052    0.00079     4.3895     4.3741    28.3852    28.3711    36.2893    36.2932    23.2376    23.2452    1506.97    191.581    190.909         33 0.0000e+00
     219242   9135.039     88.405     89.000    28.4312    28.4187   5.856733   5.855760     3.1136     2.6367     100.00   25.50762  -87.99414    0.00122    0.00217     4.3913     4.3782    28.4099    28.3975    36.2865    36.2893    23.2273    23.2335    1506.97    191.662    191.091         35 0.0000e+00
     219301   9137.500     87.412     88.000    28.4517    28.4750   5.858666   5.861138     3.1151     2.6371     100.00   25.50763  -87.99412    0.00106    0.00083     4.3920     4.3747    28.4306    28.4540    36.2847    36.2840    23.2190    23.2108    1506.97    191.695    190.944         39 0.0000e+00
