Gulf of Mexico/GOMECC-4/1db/urb2103_0341.cnv
* Sea-Bird SBE 9 Data File:
* FileName = C:\Users\scs.user.rb\CTD\GOMECC4\data\rb2103_0341.hex
* Software Version Seasave V 7.26.7.107
* Temperature SN = 4799
* Conductivity SN = 3860
* Number of Bytes Per Scan = 41
* Number of Voltage Words = 4
* Number of Scans Averaged by the Deck Unit = 1
* NMEA Latitude = 29 03.10 N
* NMEA Longitude = 087 31.28 W
* NMEA UTC (Time) = Sep 24 2021  06:51:00
* NMEA baud rate = 4800
# nquan = 28
# nvalues = 181                         
# units = specified
# name 0 = scan: Scan Count
# name 1 = timeS: Time, Elapsed [seconds]
# name 2 = depSM: Depth [salt water, m]
# name 3 = prDM: Pressure, Digiquartz [db]
# name 4 = t090C: Temperature [ITS-90, deg C]
# name 5 = t190C: Temperature, 2 [ITS-90, deg C]
# name 6 = c0S/m: Conductivity [S/m]
# name 7 = c1S/m: Conductivity, 2 [S/m]
# name 8 = sbeox0V: Oxygen raw, SBE 43 [V]
# name 9 = sbeox1V: Oxygen raw, SBE 43, 2 [V]
# name 10 = altM: Altimeter [m]
# name 11 = latitude: Latitude [deg]
# name 12 = longitude: Longitude [deg]
# name 13 = sbox0dV/dT: Oxygen, SBE 43 [dov/dt]
# name 14 = sbox1dV/dT: Oxygen, SBE 43, 2 [dov/dt]
# name 15 = sbeox0ML/L: Oxygen, SBE 43 [ml/l], WS = 5
# name 16 = sbeox1ML/L: Oxygen, SBE 43, 2 [ml/l], WS = 5
# name 17 = potemp090C: Potential Temperature [ITS-90, deg C]
# name 18 = potemp190C: Potential Temperature, 2 [ITS-90, deg C]
# name 19 = sal00: Salinity, Practical [PSU]
# name 20 = sal11: Salinity, Practical, 2 [PSU]
# name 21 = sigma-é00: Density [sigma-theta, kg/m^3]
# name 22 = sigma-é11: Density, 2 [sigma-theta, kg/m^3]
# name 23 = avgsvCM: Average Sound Velocity [Chen-Millero, m/s], minP = 20, minS = 20
# name 24 = sbox0Mm/Kg: Oxygen, SBE 43 [umol/kg], WS = 5
# name 25 = sbox1Mm/Kg: Oxygen, SBE 43, 2 [umol/kg], WS = 5
# name 26 = nbin: number of scans per bin
# name 27 = flag: flag
# span 0 =      59744,     129473       
# span 1 =   2489.290,   5394.676       
# span 2 =      2.980,   1482.587       
# span 3 =      3.000,   1498.000       
# span 4 =     4.2960,    28.1915       
# span 5 =     4.2965,    28.1985       
# span 6 =   3.345089,   5.725629       
# span 7 =   3.345060,   5.734029       
# span 8 =     1.6180,     3.1407       
# span 9 =     1.3222,     2.6717       
# span 10 =      10.22,     100.76      
# span 11 =   28.73140,   29.17729      
# span 12 =  -87.89806,  -86.55481      
# span 13 =   -0.00867,    0.03732      
# span 14 =   -0.00501,    0.03169      
# span 15 =     2.6042,     4.6512      
# span 16 =     2.6197,     4.6975      
# span 17 =     4.1726,    28.1872      
# span 18 =     4.1731,    28.1943      
# span 19 =    33.9369,    36.4869      
# span 20 =    33.9374,    36.4923      
# span 21 =    21.7033,    27.7423      
# span 22 =    21.7030,    27.7415      
# span 23 =    1480.24,    1503.21      
# span 24 =    113.341,    202.116      
# span 25 =    114.014,    204.126      
# span 26 =         30,         72      
# span 27 = 0.0000e+00, 0.0000e+00      
# interval = decibars: 1                
# start_time = Sep 24 2021 06:51:00 [NMEA time, header]
# bad_flag = -9.990e-29
*END*
      59744   2489.290   1482.587   1498.000     4.2960     4.2965   3.345089   3.345060     1.9582     1.6398      10.22   29.05230  -87.52180    0.00006    0.00001     4.6512     4.6975     4.1726     4.1731    34.9678    34.9669    27.7423    27.7415    1496.78    202.116    204.126         38 0.0000e+00
      61538   2564.056   1409.596   1424.000     4.3406     4.3410   3.345775   3.345738     1.9587     1.6398      83.63   29.05225  -87.52158   -0.00003    0.00006     4.6027     4.6468     4.2237     4.2240    34.9651    34.9643    27.7347    27.7341    1496.78    200.008    201.927         32 0.0000e+00
      62064   2585.957   1388.877   1403.000     4.3574     4.3582   3.346373   3.346371     1.9587     1.6397      98.06   29.05254  -87.52247   -0.00003   -0.00008     4.5879     4.6316     4.2422     4.2430    34.9648    34.9639    27.7325    27.7317    1496.79    199.365    201.265         32 0.0000e+00
      62190   2591.193   1383.944   1398.000     4.3639     4.3641   3.346689   3.346619     1.9582     1.6390     100.00   29.05215  -87.52128   -0.00001   -0.00008     4.5823     4.6250     4.2491     4.2492    34.9641    34.9631    27.7311    27.7304    1496.77    199.124    200.979         33 0.0000e+00
      62314   2596.367   1379.010   1393.000     4.3671     4.3674   3.346724   3.346677     1.9568     1.6383     100.00   29.05199  -87.52081   -0.00024   -0.00012     4.5738     4.6189     4.2527     4.2531    34.9636    34.9627    27.7304    27.7296    1496.76    198.755    200.714         30 0.0000e+00
      63120   2629.950   1347.434   1361.000     4.3836     4.3841   3.346792   3.346764     1.9560     1.6379     100.00   29.05201  -87.52084   -0.00015    0.00008     4.5497     4.5958     4.2720     4.2725    34.9628    34.9619    27.7276    27.7269    1496.76    197.707    199.710         32 0.0000e+00
      64026   2667.710   1311.905   1325.000     4.4171     4.4181   3.348130   3.348136     1.9537     1.6359     100.00   29.05191  -87.52051   -0.00000    0.00008     4.5159     4.5622     4.3084     4.3095    34.9610    34.9600    27.7223    27.7214    1496.76    196.242    198.251         31 0.0000e+00
      64124   2671.801   1307.957   1321.000     4.4226     4.4229   3.348513   3.348472     1.9535     1.6355     100.00   29.05267  -87.52280   -0.00006   -0.00007     4.5120     4.5575     4.3143     4.3145    34.9617    34.9609    27.7222    27.7216    1496.80    196.070    198.048         30 0.0000e+00
      64154   2673.058   1306.970   1320.000     4.4231     4.4240   3.348463   3.348473     1.9534     1.6349     100.00   29.05234  -87.52182   -0.00011   -0.00030     4.5110     4.5546     4.3149     4.3157    34.9610    34.9603    27.7216    27.7209    1496.78    196.027    197.922         30 0.0000e+00
      64252   2677.108   1303.021   1316.000     4.4253     4.4256   3.348487   3.348439     1.9534     1.6339     100.00   29.05215  -87.52126   -0.00003   -0.00023     4.5083     4.5481     4.3174     4.3177    34.9610    34.9601    27.7213    27.7206    1496.77    195.910    197.641         33 0.0000e+00
      64624   2692.625   1290.190   1303.000     4.4385     4.4387   3.349360   3.349312     1.9511     1.6333     100.01   29.05512  -87.53021   -0.00011   -0.00011     4.4903     4.5362     4.3316     4.3319    34.9639    34.9631    27.7221    27.7214    1496.92    195.130    197.124         46 0.0000e+00
      64766   2698.532   1289.202   1302.000     4.4365     4.4376   3.348874   3.348893     1.9505     1.6325      94.60   29.05236  -87.52182    0.00002   -0.00005     4.4883     4.5328     4.3298     4.3309    34.9606    34.9598    27.7197    27.7189    1496.78    195.041    196.975         37 0.0000e+00
      64932   2705.479   1288.236   1301.000     4.4392     4.4388   3.349060   3.348947     1.9509     1.6327      61.35   29.05236  -87.52182    0.00009    0.00005     4.4886     4.5326     4.3325     4.3321    34.9605    34.9597    27.7193    27.7187    1496.78    195.052    196.966         32 0.0000e+00
      66814   2783.890   1259.587   1272.000     4.4831     4.4856   3.351617   3.351693     1.9477     1.6293     100.00   29.05228  -87.52164   -0.00031   -0.00034     4.4548     4.4966     4.3787     4.3811    34.9586    34.9569    27.7127    27.7111    1496.78    193.586    195.403         32 0.0000e+00
      66919   2788.262   1255.638   1268.000     4.4950     4.4946   3.352472   3.352355     1.9463     1.6274     100.00   29.05249  -87.52220   -0.00032   -0.00047     4.4457     4.4856     4.3908     4.3904    34.9581    34.9572    27.7110    27.7103    1496.79    193.193    194.924         31 0.0000e+00
      67131   2797.085   1247.740   1260.000     4.5096     4.5100   3.353355   3.353308     1.9426     1.6246     100.00   29.05214  -87.52123   -0.00030   -0.00021     4.4260     4.4681     4.4060     4.4064    34.9570    34.9561    27.7085    27.7077    1496.77    192.336    194.166         30 0.0000e+00
      67691   2820.418   1227.005   1239.000     4.5547     4.5552   3.356384   3.356341     1.9341     1.6168     100.00   29.05257  -87.52250   -0.00005   -0.00015     4.3777     4.4198     4.4526     4.4531    34.9555    34.9544    27.7021    27.7012    1496.79    190.239    192.069         34 0.0000e+00
      67822   2825.878   1222.068   1234.000     4.5639     4.5647   3.356980   3.356923     1.9328     1.6162      99.57   29.05259  -87.52256   -0.00024   -0.00013     4.3691     4.4134     4.4622     4.4630    34.9553    34.9537    27.7009    27.6996    1496.79    189.865    191.789         32 0.0000e+00
      68542   2855.888   1195.406   1207.000     4.6178     4.6192   3.360475   3.360503     1.9241     1.6076     100.00   29.05247  -87.52221   -0.00004   -0.00013     4.3159     4.3580     4.5181     4.5195    34.9528    34.9516    27.6927    27.6917    1496.79    187.552    189.385         31 0.0000e+00
      68674   2861.386   1190.468   1202.000     4.6315     4.6308   3.361386   3.361286     1.9235     1.6062     100.00   29.05203  -87.52086   -0.00006   -0.00014     4.3093     4.3484     4.5321     4.5314    34.9515    34.9509    27.6902    27.6897    1496.76    187.266    188.965         35 0.0000e+00
      69526   2896.884   1158.863   1170.000     4.7089     4.7096   3.366786   3.366764     1.9089     1.5929     100.00   29.05283  -87.52333   -0.00031   -0.00047     4.2302     4.2694     4.6117     4.6124    34.9491    34.9482    27.6794    27.6786    1496.81    183.831    185.536         31 0.0000e+00
      69556   2898.120   1157.876   1169.000     4.7093     4.7102   3.366719   3.366725     1.9085     1.5924      94.62   29.05232  -87.52180   -0.00041   -0.00049     4.2281     4.2667     4.6122     4.6131    34.9484    34.9475    27.6788    27.6779    1496.78    183.743    185.420         30 0.0000e+00
      69658   2902.372   1153.925   1165.000     4.7190     4.7191   3.367359   3.367311     1.9075     1.5912     100.00   29.05208  -87.52107   -0.00020   -0.00023     4.2214     4.2592     4.6222     4.6223    34.9476    34.9469    27.6770    27.6765    1496.77    183.450    185.094         32 0.0000e+00
      69847   2910.244   1147.010   1158.000     4.7377     4.7385   3.368729   3.368737     1.9048     1.5891     100.00   29.05247  -87.52224   -0.00028   -0.00019     4.2056     4.2447     4.6414     4.6421    34.9474    34.9468    27.6747    27.6741    1496.79    182.766    184.464         34 0.0000e+00
      70645   2943.480   1117.375   1128.000     4.8186     4.8195   3.374485   3.374493     1.8916     1.5774     100.00   29.05274  -87.52308   -0.00040   -0.00044     4.1332     4.1740     4.7243     4.7252    34.9445    34.9437    27.6630    27.6623    1496.80    179.618    181.394         32 0.0000e+00
      70777   2948.984   1112.435   1123.000     4.8262     4.8271   3.374917   3.374936     1.8901     1.5753     100.00   29.05257  -87.52256   -0.00023   -0.00017     4.1245     4.1626     4.7323     4.7333    34.9440    34.9433    27.6618    27.6611    1496.79    179.240    180.896         31 0.0000e+00
      70908   2954.477   1107.495   1118.000     4.8423     4.8442   3.376046   3.376154     1.8880     1.5748     100.00   29.05230  -87.52173   -0.00020 9.3755e-07     4.1124     4.1559     4.7487     4.7506    34.9428    34.9420    27.6589    27.6581    1496.78    178.717    180.608         32 0.0000e+00
      71380   2974.118   1092.675   1103.000     4.8593     4.8610   3.376915   3.377000     1.8831     1.5701      98.60   29.05241  -87.52208   -0.00022   -0.00014     4.0854     4.1279     4.7670     4.7687    34.9425    34.9417    27.6566    27.6558    1496.78    177.542    179.392         51 0.0000e+00
      71525   2980.156   1091.687   1102.000     4.8609     4.8618   3.376998   3.377012     1.8831     1.5700      70.68   29.05232  -87.52180   -0.00000    0.00001     4.0846     4.1272     4.7687     4.7695    34.9423    34.9416    27.6562    27.6556    1496.78    177.508    179.360         58 0.0000e+00
      71896   2995.617   1089.710   1100.000     4.8631     4.8638   3.377209   3.377211     1.8822     1.5690     100.00   29.05332  -87.52484   -0.00003    0.00005     4.0802     4.1219     4.7710     4.7717    34.9434    34.9428    27.6569    27.6563    1496.83    177.316    179.132         31 0.0000e+00
      73100   3045.787   1088.723   1099.000     4.8923     4.8908   3.379586   3.379426     1.8773     1.5637     100.00   29.05232  -87.52182    0.00001   -0.00010     4.0591     4.0981     4.8001     4.7986    34.9410    34.9408    27.6516    27.6516    1496.78    176.399    178.097         44 0.0000e+00
      73081   3045.017   1085.759   1096.000     4.8978     4.8975   3.380096   3.380011     1.8780     1.5654     100.01   29.05388  -87.52651   -0.00001    0.00029     4.0594     4.1022     4.8058     4.8055    34.9427    34.9420    27.6523    27.6518    1496.86    176.413    178.273         36 0.0000e+00
      73115   3046.423   1084.771   1095.000     4.8986     4.8980   3.379987   3.379853     1.8781     1.5650     100.00   29.05232  -87.52182    0.00002    0.00029     4.0590     4.1001     4.8067     4.8061    34.9409    34.9401    27.6508    27.6502    1496.78    176.395    178.184         34 0.0000e+00
      73192   3049.608   1081.807   1092.000     4.9062     4.9061   3.380637   3.380582     1.8779     1.5644     100.00   29.05355  -87.52553   -0.00001   -0.00031     4.0560     4.0952     4.8145     4.8144    34.9421    34.9416    27.6509    27.6505    1496.84    176.267    177.972         30 0.0000e+00
      73221   3050.852   1080.818   1091.000     4.9071     4.9072   3.380539   3.380479     1.8778     1.5642     100.00   29.05232  -87.52182   -0.00002   -0.00004     4.0551     4.0939     4.8155     4.8156    34.9405    34.9397    27.6495    27.6488    1496.78    176.227    177.914         33 0.0000e+00
      74028   3084.441   1049.197   1059.000     5.0173     5.0192   3.388761   3.388824     1.8638     1.5517     100.00   29.05216  -87.52136   -0.00061   -0.00035     3.9772     4.0173     4.9278     4.9296    34.9363    34.9351    27.6332    27.6320    1496.77    172.845    174.589         31 0.0000e+00
      75531   3147.073    990.883   1000.000     5.2180     5.2176   3.403843   3.403739     1.8365     1.5268      96.14   29.05316  -87.52440   -0.00034   -0.00023     3.8310     3.8724     5.1324     5.1320    34.9302    34.9293    27.6044    27.6037    1496.82    166.495    168.298         30 0.0000e+00
      75560   3148.287    989.894    999.000     5.2187     5.2183   3.403755   3.403632     1.8362     1.5262      69.29   29.05230  -87.52180   -0.00029   -0.00036     3.8298     3.8697     5.1331     5.1328    34.9291    34.9280    27.6035    27.6026    1496.78    166.443    168.179         30 0.0000e+00
      75658   3152.391    985.940    995.000     5.2302     5.2297   3.404638   3.404533     1.8341     1.5238     100.00   29.05264  -87.52282   -0.00036   -0.00058     3.8193     3.8578     5.1449     5.1444    34.9292    34.9285    27.6022    27.6017    1496.80    165.988    167.661         32 0.0000e+00
      75914   3163.048    976.054    985.000     5.2699     5.2710   3.407619   3.407594     1.8298     1.5191     100.00   29.05217  -87.52139   -0.00017   -0.00060     3.7955     3.8309     5.1852     5.1863    34.9272    34.9257    27.5958    27.5945    1496.77    164.953    166.492         30 0.0000e+00
      77331   3222.104    920.686    929.000     5.4794     5.4794   3.423502   3.423420     1.8003     1.4919     100.00   29.05154  -87.51952   -0.00044   -0.00044     3.6467     3.6824     5.3984     5.3984    34.9196    34.9187    27.5642    27.5635    1496.74    158.493    160.046         30 0.0000e+00
      77457   3227.315    915.741    924.000     5.4934     5.4935   3.424539   3.424464     1.7972     1.4896     100.00   29.05138  -87.51904   -0.00050   -0.00031     3.6326     3.6700     5.4129     5.4130    34.9190    34.9180    27.5619    27.5612    1496.73    157.882    159.507         31 0.0000e+00
      77886   3245.195    898.930    907.000     5.5543     5.5519   3.429108   3.428888     1.7922     1.4844     100.00   29.05164  -87.51977   -0.00024   -0.00021     3.6017     3.6373     5.4749     5.4725    34.9165    34.9165    27.5524    27.5527    1496.75    156.537    158.084         30 0.0000e+00
      78044   3251.809    893.985    902.000     5.5736     5.5748   3.430480   3.430496     1.7864     1.4796      99.89   29.05025  -87.51556   -0.00097   -0.00075     3.5781     3.6154     5.4945     5.4958    34.9146    34.9139    27.5485    27.5478    1496.67    155.513    157.134         42 0.0000e+00
      79086   3295.211    892.007    900.000     5.6255     5.6312   3.435263   3.435684     1.7780     1.4719     100.00   29.05292  -87.52360    0.00015   -0.00004     3.5438     3.5809     5.5463     5.5519    34.9165    34.9156    27.5437    27.5423    1496.81    154.025    155.636         36 0.0000e+00
      81465   3394.337    816.831    824.000     5.9311     5.9313   3.459040   3.459008     1.7433     1.4395     100.00   29.05305  -87.52406    0.00022    0.00026     3.3657     3.4018     5.8571     5.8574    34.9084    34.9078    27.4985    27.4980    1496.82    146.291    147.859         31 0.0000e+00
      81591   3399.567    811.884    819.000     5.9734     5.9763   3.462363   3.462625     1.7430     1.4381     100.00   29.05200  -87.52083    0.00006   -0.00025     3.3592     3.3908     5.8996     5.9025    34.9053    34.9047    27.4906    27.4899    1496.76    146.007    147.382         32 0.0000e+00
      82830   3451.222    763.399    770.000     6.1689     6.1696   3.477873   3.477861     1.7179     1.4158     100.00   29.05171  -87.52003   -0.00023   -0.00011     3.2384     3.2736     6.0987     6.0994    34.9026    34.9018    27.4631    27.4624    1496.75    140.759    142.293         31 0.0000e+00
      82959   3456.590    758.451    765.000     6.1860     6.1875   3.479364   3.479463     1.7177     1.4150     100.00   29.05341  -87.52514   -0.00006   -0.00008     3.2342     3.2671     6.1162     6.1177    34.9044    34.9040    27.4623    27.4618    1496.84    140.580    142.009         31 0.0000e+00
      83086   3461.871    753.503    760.000     6.2456     6.2457   3.484479   3.484325     1.7160     1.4126      99.96   29.05245  -87.52224   -0.00021   -0.00048     3.2215     3.2515     6.1759     6.1760    34.9031    34.9013    27.4535    27.4520    1496.79    140.029    141.331         30 0.0000e+00
      83188   3466.136    749.544    756.000     6.2985     6.2991   3.489147   3.489126     1.7112     1.4076     100.00   29.05292  -87.52367   -0.00103   -0.00111     3.1996     3.2275     6.2289     6.2295    34.9033    34.9024    27.4467    27.4460    1496.81    139.077    140.291         34 0.0000e+00
