Gulf of Mexico/GOMECC-4/1db/urb2103_1082.cnv
* Sea-Bird SBE 9 Data File:
* FileName = C:\Users\scs.user.rb\CTD\GOMECC4\data\rb2103_1081.hex
* Software Version Seasave V 7.26.7.107
* Temperature SN = 4799
* Conductivity SN = 3860
* Number of Bytes Per Scan = 41
* Number of Voltage Words = 4
* Number of Scans Averaged by the Deck Unit = 1
* NMEA Latitude = 22 55.36 N
* NMEA Longitude = 086 22.48 W
* NMEA UTC (Time) = Oct 14 2021  21:53:13
* NMEA baud rate = 4800
# nquan = 28
# nvalues = 347                         
# units = specified
# name 0 = scan: Scan Count
# name 1 = timeS: Time, Elapsed [seconds]
# name 2 = depSM: Depth [salt water, m]
# name 3 = prDM: Pressure, Digiquartz [db]
# name 4 = t090C: Temperature [ITS-90, deg C]
# name 5 = t190C: Temperature, 2 [ITS-90, deg C]
# name 6 = c0S/m: Conductivity [S/m]
# name 7 = c1S/m: Conductivity, 2 [S/m]
# name 8 = sbeox0V: Oxygen raw, SBE 43 [V]
# name 9 = sbeox1V: Oxygen raw, SBE 43, 2 [V]
# name 10 = altM: Altimeter [m]
# name 11 = latitude: Latitude [deg]
# name 12 = longitude: Longitude [deg]
# name 13 = sbox0dV/dT: Oxygen, SBE 43 [dov/dt]
# name 14 = sbox1dV/dT: Oxygen, SBE 43, 2 [dov/dt]
# name 15 = sbeox0ML/L: Oxygen, SBE 43 [ml/l], WS = 5
# name 16 = sbeox1ML/L: Oxygen, SBE 43, 2 [ml/l], WS = 5
# name 17 = potemp090C: Potential Temperature [ITS-90, deg C]
# name 18 = potemp190C: Potential Temperature, 2 [ITS-90, deg C]
# name 19 = sal00: Salinity, Practical [PSU]
# name 20 = sal11: Salinity, Practical, 2 [PSU]
# name 21 = sigma-é00: Density [sigma-theta, kg/m^3]
# name 22 = sigma-é11: Density, 2 [sigma-theta, kg/m^3]
# name 23 = avgsvCM: Average Sound Velocity [Chen-Millero, m/s], minP = 20, minS = 20
# name 24 = sbox0Mm/Kg: Oxygen, SBE 43 [umol/kg], WS = 5
# name 25 = sbox1Mm/Kg: Oxygen, SBE 43, 2 [umol/kg], WS = 5
# name 26 = nbin: number of scans per bin
# name 27 = flag: flag
# span 0 =      78251,     156988       
# span 1 =   3260.416,   6541.116       
# span 2 =      0.994,    998.244       
# span 3 =      1.000,   1007.000       
# span 4 =     5.1538,    31.5041       
# span 5 =     5.1539,    31.3718       
# span 6 =   3.397784,   6.300135       
# span 7 =   3.397760,   6.300964       
# span 8 =     1.6186,     3.3133       
# span 9 =     1.3174,     2.8012       
# span 10 =      10.46,     101.96      
# span 11 =   22.69897,   23.93018      
# span 12 =  -90.11651,  -85.48441      
# span 13 =   -0.00251,    0.01750      
# span 14 =   -0.00270,    0.01455      
# span 15 =     2.6663,     4.5121      
# span 16 =     2.6808,     4.4898      
# span 17 =     5.0683,    31.5036      
# span 18 =     5.0682,    31.3713      
# span 19 =    34.8811,    37.7959      
# span 20 =    34.8805,    37.6289      
# span 21 =    22.4307,    27.6148      
# span 22 =    22.4730,    27.6145      
# span 23 =    1494.60,    1575.58      
# span 24 =    115.931,    197.060      
# span 25 =    116.563,    196.089      
# span 26 =         30,         73      
# span 27 = 0.0000e+00, 0.0000e+00      
# interval = decibars: 1                
# start_time = Oct 14 2021 21:53:13 [NMEA time, header]
# bad_flag = -9.990e-29
*END*
[from data line 259]
     121077   5044.824    157.939    159.000    22.8091    22.7960   5.342003   5.340742     2.4244     2.0336     100.00   22.93352  -86.37904    0.00547    0.00330     3.4791     3.4831    22.7766    22.7634    36.9860    36.9873    25.5056    25.5104    1510.28    151.513    151.688         36 0.0000e+00
     121154   5048.028    155.953    157.000    22.9303    22.9327   5.357093   5.357186     2.4307     2.0397     100.00   22.93640  -86.38987    0.00312    0.00255     3.4828     3.4872    22.8980    22.9004    37.0019    37.0021    25.4828    25.4822    1510.47    151.676    151.870         32 0.0000e+00
     121173   5048.823    154.960    156.000    22.9586    22.9747   5.360037   5.361498     2.4341     2.0437     100.00   22.93354  -86.37904    0.00225    0.00229     3.4875     3.4932    22.9265    22.9426    37.0015    36.9992    25.4739    25.4675    1510.28    151.883    152.133         36 0.0000e+00
     121621   5067.495    138.079    139.000    24.3863    24.4457   5.510760   5.515293     2.5523     2.1494     100.01   22.93480  -86.38361    0.00742    0.00609     3.6234     3.6295    24.3565    24.4158    36.9728    36.9600    25.0290    25.0014    1510.36    157.870    158.139         32 0.0000e+00
     121972   5082.115    124.176    125.000    25.7574    25.7657   5.633622   5.634482     2.6766     2.2527     100.00   22.93256  -86.37503    0.00952    0.00812     3.7713     3.7659    25.7295    25.7378    36.7744    36.7740    24.4572    24.4543    1510.21    164.406    164.171         30 0.0000e+00
     122169   5090.316    119.211    120.000    25.9863    25.9806   5.655049   5.654645     2.7113     2.2832     100.01   22.94326  -86.41526    0.00530    0.00456     3.8210     3.8158    25.9594    25.9537    36.7568    36.7585    24.3742    24.3773    1510.91    166.586    166.359         52 0.0000e+00
     122171   5090.428    118.217    119.000    25.9543    25.9727   5.650577   5.652266     2.7134     2.2825     100.00   22.93366  -86.37912    0.00258    0.00181     3.8267     3.8140    25.9276    25.9460    36.7438    36.7416    24.3724    24.3649    1510.28    166.834    166.283         51 0.0000e+00
     122216   5092.272    117.224    118.000    25.9619    25.9802   5.650937   5.652652     2.7137     2.2821     100.00   22.93368  -86.37912    0.00075   -0.00031     3.8262     3.8132    25.9355    25.9537    36.7417    36.7382    24.3683    24.3599    1510.28    166.813    166.245         37 0.0000e+00
     122283   5095.090    116.231    117.000    25.9919    26.0048   5.653682   5.654687     2.7189     2.2885     100.00   22.93368  -86.37913    0.00136    0.00149     3.8337     3.8240    25.9656    25.9785    36.7366    36.7336    24.3550    24.3487    1510.28    167.142    166.719         52 0.0000e+00
     123008   5125.277    114.245    115.000    26.2168    26.2867   5.672840   5.678668     2.7440     2.3225     100.00   22.93292  -86.37593    0.00174    0.00400     3.8626     3.8758    26.1908    26.2606    36.6909    36.6803    24.2495    24.2194    1510.22    168.419    169.001         52 0.0000e+00
     123847   5160.244    113.252    114.000    26.3050    26.3173   5.680045   5.681278     2.7584     2.3263     100.00   22.93390  -86.37923    0.00004   -0.00024     3.8866     3.8831    26.2792    26.2915    36.6787    36.6784    24.2125    24.2084    1510.28    169.474    169.320         31 0.0000e+00
     124056   5168.942    112.258    113.000    26.3120    26.3163   5.680167   5.680861     2.7618     2.3272     100.00   22.93392  -86.37924    0.00023    0.00001     3.8936     3.8855    26.2864    26.2907    36.6775    36.6782    24.2094    24.2086    1510.28    169.777    169.426         54 0.0000e+00
     124122   5171.723    111.265    112.000    26.3179    26.3229   5.680907   5.681556     2.7616     2.3310     100.00   22.93394  -86.37924    0.00026    0.00128     3.8916     3.8921    26.2925    26.2976    36.6763    36.6770    24.2065    24.2055    1510.28    169.690    169.713         54 0.0000e+00
     124168   5173.631    110.272    111.000    26.3194    26.3253   5.680484   5.681016     2.7605     2.3299     100.00   22.93394  -86.37925   -0.00069    0.00052     3.8890     3.8893    26.2942    26.3001    36.6723    36.6734    24.2030    24.2019    1510.28    169.581    169.590         36 0.0000e+00
     124207   5175.242    109.279    110.000    26.3854    26.3500   5.684515   5.682816     2.7641     2.3304     100.00   22.93396  -86.37926    0.00028   -0.00028     3.8925     3.8883    26.3604    26.3251    36.6561    36.6669    24.1698    24.1891    1510.28    169.737    169.549         45 0.0000e+00
     124254   5177.201    108.286    109.000    26.4219    26.4010   5.688597   5.687056     2.7700     2.3338      77.77   22.93396  -86.37926    0.00263    0.00069     3.8993     3.8920    26.3972    26.3762    36.6499    36.6557    24.1535    24.1645    1510.28    170.036    169.718         41 0.0000e+00
     124350   5181.220    105.306    106.000    26.5268    26.5114   5.696315   5.695450     2.7804     2.3488     100.01   22.93650  -86.38884    0.00261    0.00439     3.9108     3.9155    26.5027    26.4873    36.6249    36.6318    24.1015    24.1118    1510.45    170.548    170.749         30 0.0000e+00
     124369   5181.987    104.313    105.000    26.5569    26.5371   5.698029   5.696905     2.7867     2.3514     100.00   22.93397  -86.37926    0.00378    0.00377     3.9206     3.9189    26.5330    26.5132    36.6129    36.6204    24.0825    24.0945    1510.28    170.976    170.898         34 0.0000e+00
     124402   5183.364    103.320    104.000    26.5765    26.5806   5.699424   5.699971     2.7897     2.3543      99.87   22.93398  -86.37926    0.00408    0.00251     3.9245     3.9219    26.5528    26.5569    36.6077    36.6085    24.0723    24.0715    1510.28    171.150    171.035         31 0.0000e+00
     124543   5189.256     98.354     99.000    26.9242    26.8953   5.730593   5.728120     2.8328     2.3853     100.00   22.93393  -86.37903    0.00773    0.00587     3.9801     3.9646    26.9014    26.8725    36.5596    36.5645    23.9246    23.9376    1510.28    173.598    172.919         34 0.0000e+00
     124577   5190.667     97.361     98.000    26.9413    26.9518   5.731350   5.731891     2.8419     2.3966     100.00   22.93400  -86.37928    0.00859    0.00810     3.9956     3.9844    26.9187    26.9293    36.5518    36.5475    23.9133    23.9066    1510.28    174.277    173.788         31 0.0000e+00
     124717   5196.509     92.394     93.000    27.1975    27.1748   5.749088   5.747325     2.8730     2.4266      98.17   22.93526  -86.38395    0.00677    0.00587     4.0349     4.0302    27.1760    27.1533    36.4803    36.4902    23.7769    23.7917    1510.36    176.016    175.808         30 0.0000e+00
     124918   5204.875     87.428     88.000    27.2945    27.3070   5.751434   5.752346     2.8978     2.4476      57.18   22.94493  -86.42032    0.00374    0.00338     4.0738     4.0651    27.2741    27.2865    36.4298    36.4265    23.7092    23.7028    1511.00    177.724    177.344         38 0.0000e+00
     124912   5204.638     86.434     87.000    27.2574    27.3333   5.747948   5.753300     2.8990     2.4537      88.18   22.93406  -86.37932    0.00298    0.00358     4.0777     4.0761    27.2372    27.3136    36.4262    36.4022    23.7161    23.6722    1510.28    177.890    177.827         62 0.0000e+00
     124973   5207.146     85.441     86.000    27.2742    27.3800   5.748872   5.756057     2.8976     2.4608      97.75   22.93406  -86.37932   -0.00065    0.00270     4.0724     4.0864    27.2542    27.3599    36.4200    36.3889    23.7060    23.6484    1510.28    177.663    178.283         52 0.0000e+00
     125016   5208.977     84.448     85.000    27.4238    27.4099   5.761004   5.758688     2.9162     2.4664      99.76   22.93406  -86.37932    0.00357    0.00278     4.0972     4.0956    27.4040    27.3901    36.3902    36.3845    23.6350    23.6353    1510.28    178.757    178.687         30 0.0000e+00
     125828   5242.790     83.455     84.000    27.4668    27.4553   5.764046   5.764402     2.9292     2.4744     100.00   22.93419  -86.37940    0.00602    0.00199     4.1177     4.1070    27.4472    27.4357    36.3774    36.3808    23.6113    23.6176    1510.28    179.654    179.189         33 0.0000e+00
     126980   5290.810     82.461     83.000    27.5182    27.5147   5.767314   5.767461     2.9415     2.4842     100.00   22.93435  -86.37950    0.00203    0.00065     4.1373     4.1246    27.4988    27.4953    36.3621    36.3650    23.5831    23.5864    1510.28    180.514    179.962         41 0.0000e+00
     127273   5303.014     81.468     82.000    27.5176    27.5299   5.767068   5.768249     2.9457     2.4915      93.42   22.93440  -86.37953    0.00054    0.00239     4.1448     4.1385    27.4985    27.5107    36.3613    36.3598    23.5826    23.5775    1510.28    180.840    180.568         46 0.0000e+00
     127355   5306.396     80.474     81.000    27.5407    27.5393   5.768334   5.768682     2.9499     2.4906     100.17   22.93440  -86.37954    0.00112   -0.00081     4.1506     4.1355    27.5218    27.5204    36.3529    36.3562    23.5687    23.5717    1510.28    181.099    180.436         61 0.0000e+00
     127414   5308.864     79.481     80.000    27.5514    27.5525   5.769096   5.769572     2.9553     2.4975     100.00   22.93442  -86.37954    0.00195    0.00169     4.1596     4.1483    27.5327    27.5338    36.3501    36.3526    23.5630    23.5646    1510.28    181.491    180.998         63 0.0000e+00
     127477   5311.491     78.488     79.000    27.6123    27.6033   5.774093   5.774315     2.9619     2.5021     100.00   22.93442  -86.37956    0.00249    0.00228     4.1668     4.1547    27.5928    27.5848    36.3385    36.3466    23.5348    23.5434    1510.28    181.809    181.278         63 0.0000e+00
     127537   5313.980     77.495     78.000    27.7064    27.7005   5.782867   5.782923     2.9760     2.5193      97.14   22.93442  -86.37956    0.00467    0.00485     4.1859     4.1824    27.6881    27.6822    36.3282    36.3344    23.4959    23.5025    1510.28    182.651    182.498         53 0.0000e+00
     127588   5316.139     76.501     77.000    27.7664    27.7273   5.788576   5.785864     2.9874     2.5238      94.76   22.93444  -86.37957    0.00540    0.00464     4.2022     4.1893    27.7483    27.7092    36.3224    36.3336    23.4720    23.4931    1510.28    183.366    182.799         56 0.0000e+00
     127646   5318.554     75.508     76.000    27.8023    27.7610   5.791632   5.788542     2.9923     2.5256     100.07   22.93444  -86.37958    0.00358    0.00095     4.2084     4.1904    27.7845    27.7432    36.3178    36.3267    23.4566    23.4768    1510.28    183.640    182.850         56 0.0000e+00
     127702   5320.856     74.515     75.000    27.8242    27.8296   5.794061   5.794773     2.9981     2.5335      99.08   22.93444  -86.37958    0.00181    0.00254     4.2167     4.2013    27.8066    27.8119    36.3171    36.3181    23.4489    23.4479    1510.28    184.004    183.333         54 0.0000e+00
     127753   5322.988     73.521     74.000    27.8367    27.8504   5.794799   5.796573     3.0023     2.5385     100.02   22.93445  -86.37959    0.00234    0.00255     4.2232     4.2098    27.8193    27.8329    36.3131    36.3150    23.4417    23.4387    1510.28    184.288    183.704         48 0.0000e+00
     127797   5324.846     72.528     73.000    27.8956    27.8955   5.799562   5.799689     3.0094     2.5458     100.00   22.93446  -86.37960    0.00256    0.00319     4.2317     4.2217    27.8784    27.8783    36.3017    36.3034    23.4138    23.4151    1510.28    184.665    184.229         45 0.0000e+00
     127845   5326.840     71.535     72.000    27.9885    27.9392   5.807455   5.803709     3.0168     2.5506     100.00   22.93446  -86.37960    0.00379    0.00331     4.2382     4.2279    27.9715    27.9222    36.2859    36.2974    23.3714    23.3963    1510.28    184.955    184.502         47 0.0000e+00
     127886   5328.528     70.541     71.000    28.1392    28.0666   5.821281   5.814928     3.0377     2.5608     100.00   22.93448  -86.37960    0.00579    0.00350     4.2663     4.2403    28.1224    28.0498    36.2666    36.2766    23.3072    23.3387    1510.28    186.190    185.051         36 0.0000e+00
     127924   5330.113     69.548     70.000    28.2390    28.1697   5.831702   5.825046     3.0702     2.5851     100.00   22.93448  -86.37961    0.01598    0.00938     4.3171     4.2817    28.2224    28.1530    36.2643    36.2708    23.2725    23.3003    1510.28    188.417    186.868         41 0.0000e+00
     127965   5331.825     68.554     69.000    28.3396    28.2996   5.842102   5.837353     3.0963     2.6125     100.00   22.93449  -86.37962    0.01750    0.01431     4.3569     4.3280    28.3231    28.2831    36.2604    36.2578    23.2363    23.2476    1510.28    190.159    188.895         40 0.0000e+00
     128004   5333.448     67.561     68.000    28.3824    28.3917   5.845582   5.846411     3.1169     2.6308      99.92   22.93450  -86.37962    0.01489    0.01455     4.3911     4.3584    28.3660    28.3757    36.2523    36.2515    23.2161    23.2126    1510.28    191.657    190.233         38 0.0000e+00
     128048   5335.303     66.568     67.000    28.4168    28.4298   5.848483   5.849974     3.1244     2.6480     100.00   22.93450  -86.37962    0.00913    0.01088     4.4017     4.3901    28.4008    28.4138    36.2465    36.2470    23.2002    23.1963    1510.28    192.124    191.617         55 0.0000e+00
     128117   5338.175     65.574     66.000    28.3900    28.4774   5.845592   5.851949     3.1290     2.6495      78.49   22.93451  -86.37963    0.00250    0.00261     4.4117     4.3903    28.3743    28.4616    36.2470    36.2279    23.2094    23.1660    1510.28    192.556    191.632         57 0.0000e+00
     128174   5340.531     64.581     65.000    28.4864    28.5136   5.853701   5.855261     3.1262     2.6489      99.28   22.93452  -86.37964   -0.00119   -0.00136     4.3989     4.3854    28.4708    28.4980    36.2303    36.2205    23.1648    23.1484    1510.28    192.007    191.423         43 0.0000e+00
     128256   5343.941     63.587     64.000    28.6086    28.6101   5.866530   5.865433     3.1373     2.6577     100.05   22.93454  -86.37964    0.00186    0.00294     4.4090     4.3957    28.5932    28.5947    36.2268    36.2180    23.1215    23.1144    1510.28    192.456    191.875         31 0.0000e+00
     131166   5465.212     58.621     59.000    28.7248    28.7285   5.874597   5.875107     3.1589     2.6757     100.03   22.94204  -86.40636    0.00046   -0.00017     4.4380     4.4218    28.7106    28.7142    36.2012    36.2019    23.0648    23.0641    1510.74    193.736    193.026         41 0.0000e+00
     131188   5466.130     57.627     58.000    28.7238    28.7262   5.873506   5.873930     3.1580     2.6756      85.93   22.93503  -86.37994    0.00055   -0.00050     4.4358     4.4210    28.7098    28.7122    36.1894    36.1905    23.0545    23.0546    1510.28    193.637    192.992         46 0.0000e+00
     131260   5469.143     56.634     57.000    28.7251    28.7242   5.873570   5.873731     3.1561     2.6767      99.60   22.93504  -86.37995   -0.00085    0.00096     4.4320     4.4228    28.7114    28.7105    36.1887    36.1903    23.0535    23.0550    1510.28    193.473    193.071         60 0.0000e+00
     131336   5472.302     55.640     56.000    28.7386    28.7414   5.874420   5.874886     3.1561     2.6785     100.00   22.93506  -86.37996   -0.00021    0.00079     4.4304     4.4251    28.7251    28.7279    36.1853    36.1866    23.0464    23.0464    1510.28    193.406    193.173         54 0.0000e+00
