GOMECC/GOMECC-4/1db/drb2103_0551.cnv
* Sea-Bird SBE 9 Data File:
* FileName = C:\Users\scs.user.rb\CTD\GOMECC4\data\rb2103_0551.hex
* Software Version Seasave V 7.26.7.107
* Temperature SN = 4799
* Conductivity SN = 3860
* Number of Bytes Per Scan = 41
* Number of Voltage Words = 4
* Number of Scans Averaged by the Deck Unit = 1
* NMEA Latitude = 27 38.90 N
* NMEA Longitude = 094 59.93 W
* NMEA UTC (Time) = Sep 28 2021  16:15:21
* NMEA baud rate = 4800
# nquan = 28
# nvalues = 175                         
# units = specified
# name 0 = scan: Scan Count
# name 1 = timeS: Time, Elapsed [seconds]
# name 2 = depSM: Depth [salt water, m]
# name 3 = prDM: Pressure, Digiquartz [db]
# name 4 = t090C: Temperature [ITS-90, deg C]
# name 5 = t190C: Temperature, 2 [ITS-90, deg C]
# name 6 = c0S/m: Conductivity [S/m]
# name 7 = c1S/m: Conductivity, 2 [S/m]
# name 8 = sbeox0V: Oxygen raw, SBE 43 [V]
# name 9 = sbeox1V: Oxygen raw, SBE 43, 2 [V]
# name 10 = altM: Altimeter [m]
# name 11 = latitude: Latitude [deg]
# name 12 = longitude: Longitude [deg]
# name 13 = sbox0dV/dT: Oxygen, SBE 43 [dov/dt]
# name 14 = sbox1dV/dT: Oxygen, SBE 43, 2 [dov/dt]
# name 15 = sbeox0ML/L: Oxygen, SBE 43 [ml/l], WS = 5
# name 16 = sbeox1ML/L: Oxygen, SBE 43, 2 [ml/l], WS = 5
# name 17 = potemp090C: Potential Temperature [ITS-90, deg C]
# name 18 = potemp190C: Potential Temperature, 2 [ITS-90, deg C]
# name 19 = sal00: Salinity, Practical [PSU]
# name 20 = sal11: Salinity, Practical, 2 [PSU]
# name 21 = sigma-é00: Density [sigma-theta, kg/m^3]
# name 22 = sigma-é11: Density, 2 [sigma-theta, kg/m^3]
# name 23 = avgsvCM: Average Sound Velocity [Chen-Millero, m/s], minP = 20, minS = 20
# name 24 = sbox0Mm/Kg: Oxygen, SBE 43 [umol/kg], WS = 5
# name 25 = sbox1Mm/Kg: Oxygen, SBE 43, 2 [umol/kg], WS = 5
# name 26 = nbin: number of scans per bin
# name 27 = flag: flag
# span 0 =       9135,      29485       
# span 1 =    380.575,   1228.510       
# span 2 =      3.974,    618.934       
# span 3 =      4.000,    624.000       
# span 4 =     7.8528,    29.2394       
# span 5 =     7.8529,    29.2408       
# span 6 =   3.633070,   5.905578       
# span 7 =   3.633037,   5.905788       
# span 8 =     1.5858,     3.2829       
# span 9 =     1.2921,     2.8143       
# span 10 =      10.21,     102.21      
# span 11 =   27.52048,   27.65495      
# span 12 =  -95.02259,  -94.55971      
# span 13 =   -0.02996,    0.02686      
# span 14 =   -0.02915,    0.02498      
# span 15 =     2.4685,     4.9171      
# span 16 =     2.4970,     4.9520      
# span 17 =     7.7887,    29.2309      
# span 18 =     7.7887,    29.2322      
# span 19 =    34.9712,    36.4712      
# span 20 =    34.9694,    36.4717      
# span 21 =    22.3432,    27.2926      
# span 22 =    22.3430,    27.2908      
# span 23 =       0.00,    1544.87      
# span 24 =    107.329,    214.327      
# span 25 =    108.570,    215.846      
# span 26 =         30,         74      
# span 27 = 0.0000e+00, 0.0000e+00      
# interval = decibars: 1                
# start_time = Sep 28 2021 16:15:21 [NMEA time, header]
# bad_flag = -9.990e-29
*END*
[from data line 104]
      15281    636.670    151.930    153.000    17.7532    17.7547   4.729089   4.729305     1.8572     1.5331     100.00   27.64814  -94.99850   -0.00211   -0.00244     2.5719     2.5954    17.7270    17.7284    36.3538    36.3544    26.3770    26.3771    1532.44    111.909    112.931         36 0.0000e+00
      15314    638.044    152.923    154.000    17.7244    17.7254   4.725836   4.725960     1.8548     1.5312     100.00   27.64813  -94.99850   -0.00199   -0.00188     2.5683     2.5924    17.6980    17.6990    36.3511    36.3513    26.3821    26.3820    1532.35    111.750    112.800         30 0.0000e+00
      15367    640.258    154.908    156.000    17.6846    17.6857   4.720895   4.721036     1.8515     1.5290      99.98   27.64397  -94.98424   -0.00156   -0.00091     2.5638     2.5897    17.6579    17.6590    36.3415    36.3417    26.3841    26.3841    1531.95    111.556    112.681         30 0.0000e+00
      15403    641.766    155.901    157.000    17.6663    17.6678   4.719167   4.719354     1.8486     1.5255     100.00   27.64813  -94.99850   -0.00151   -0.00143     2.5584     2.5823    17.6395    17.6410    36.3442    36.3445    26.3912    26.3910    1532.09    111.318    112.362         38 0.0000e+00
      15440    643.298    156.893    158.000    17.6395    17.6417   4.716056   4.716312     1.8457     1.5239     100.00   27.64812  -94.99850   -0.00198   -0.00198     2.5536     2.5800    17.6125    17.6148    36.3409    36.3411    26.3952    26.3949    1532.01    111.112    112.259         33 0.0000e+00
      15524    646.795    159.871    161.000    17.5096    17.5116   4.700474   4.700715     1.8409     1.5205      99.98   27.64380  -94.98362   -0.00137   -0.00087     2.5510     2.5794    17.4823    17.4843    36.3192    36.3195    26.4101    26.4098    1531.52    110.995    112.231         36 0.0000e+00
      15563    648.415    160.864    162.000    17.4388    17.4425   4.692560   4.692980     1.8400     1.5191     100.00   27.64812  -94.99850   -0.00087   -0.00087     2.5530     2.5797    17.4114    17.4151    36.3154    36.3157    26.4249    26.4242    1531.68    111.082    112.244         36 0.0000e+00
      15647    651.937    163.842    165.000    17.2746    17.2771   4.672999   4.673283     1.8365     1.5168      91.89   27.64367  -94.98321   -0.00100   -0.00070     2.5551     2.5838    17.2468    17.2493    36.2896    36.2897    26.4446    26.4441    1531.18    111.169    112.420         33 0.0000e+00
      15685    653.509    164.834    166.000    17.2396    17.2435   4.669317   4.669757     1.8376     1.5185      91.14   27.64812  -94.99850   -0.00057    0.00015     2.5598     2.5902    17.2117    17.2156    36.2903    36.2906    26.4541    26.4534    1531.34    111.373    112.695         37 0.0000e+00
      15720    654.965    165.827    167.000    17.1533    17.1563   4.659237   4.659577     1.8381     1.5189      97.00   27.64812  -94.99850    0.00038    0.00072     2.5661     2.5960    17.1254    17.1284    36.2794    36.2797    26.4666    26.4661    1531.26    111.646    112.949         32 0.0000e+00
      15803    658.433    168.805    170.000    16.9460    16.9492   4.634426   4.634781     1.8387     1.5196      73.21   27.64269  -94.97979    0.00031    0.00019     2.5800     2.6098    16.9178    16.9210    36.2447    36.2449    26.4892    26.4886    1530.71    112.248    113.546         36 0.0000e+00
      15843    660.100    169.797    171.000    16.8423    16.8455   4.622681   4.623084     1.8397     1.5209     100.66   27.64812  -94.99850    0.00026    0.00040     2.5883     2.6191    16.8140    16.8172    36.2376    36.2382    26.5091    26.5088    1530.93    112.609    113.949         36 0.0000e+00
      15931    663.739    172.775    174.000    16.6159    16.6185   4.595994   4.596304     1.8422     1.5232      99.99   27.64592  -94.99094    0.00075    0.00067     2.6080     2.6384    16.5874    16.5900    36.2048    36.2052    26.5374    26.5371    1530.55    113.461    114.783         31 0.0000e+00
      15965    665.177    173.767    175.000    16.5324    16.5372   4.586357   4.586907     1.8431     1.5238     100.00   27.64812  -94.99850    0.00064    0.00044     2.6151     2.6447    16.5038    16.5086    36.1956    36.1962    26.5503    26.5495    1530.59    113.771    115.056         35 0.0000e+00
      15998    666.537    174.760    176.000    16.4831    16.4846   4.580715   4.580903     1.8426     1.5230     100.00   27.64812  -94.99850    0.00030    0.00011     2.6172     2.6458    16.4544    16.4560    36.1899    36.1902    26.5575    26.5574    1530.50    113.858    115.105         31 0.0000e+00
      16028    667.811    175.752    177.000    16.4719    16.4732   4.579462   4.579618     1.8419     1.5224     100.00   27.64812  -94.99850   -0.00016   -0.00025     2.6165     2.6453    16.4431    16.4444    36.1885    36.1887    26.5591    26.5590    1530.42    113.828    115.083         31 0.0000e+00
      16060    669.129    176.745    178.000    16.4650    16.4664   4.578686   4.578856     1.8408     1.5211     100.00   27.64812  -94.99850   -0.00055   -0.00064     2.6146     2.6427    16.4360    16.4375    36.1875    36.1877    26.5600    26.5598    1530.33    113.748    114.968         31 0.0000e+00
      16120    671.606    178.730    180.000    16.3274    16.3283   4.562225   4.562408     1.8356     1.5165     100.00   27.64734  -94.99581   -0.00156   -0.00144     2.6112     2.6390    16.2975    16.2991    36.1660    36.1661    26.5759    26.5755    1530.12    113.597    114.808         31 0.0000e+00
      16152    672.942    179.723    181.000    16.2899    16.2912   4.557924   4.558076     1.8318     1.5119     100.00   27.64812  -94.99850   -0.00229   -0.00228     2.6048     2.6298    16.2607    16.2619    36.1607    36.1610    26.5804    26.5803    1530.08    113.318    114.407         33 0.0000e+00
      16185    674.353    180.715    182.000    16.2670    16.2688   4.555277   4.555466     1.8289     1.5091     100.00   27.64812  -94.99850   -0.00255   -0.00283     2.5996     2.6242    16.2376    16.2395    36.1576    36.1576    26.5834    26.5830    1530.00    113.089    114.161         34 0.0000e+00
      16218    675.703    181.707    183.000    16.2258    16.2277   4.550598   4.550791     1.8258     1.5069     100.00   27.64812  -94.99850   -0.00231   -0.00223     2.5951     2.6212    16.1963    16.1982    36.1529    36.1529    26.5894    26.5890    1529.91    112.894    114.032         30 0.0000e+00
      16306    679.379    184.685    186.000    16.0824    16.0838   4.533681   4.533802     1.8177     1.4988     100.00   27.64744  -94.99617   -0.00227   -0.00200     2.5852     2.6094    16.0527    16.0540    36.1309    36.1307    26.6057    26.6053    1529.63    112.464    113.515         36 0.0000e+00
      16342    680.881    185.677    187.000    16.0633    16.0649   4.531560   4.531732     1.8149     1.4967      95.37   27.64812  -94.99850   -0.00217   -0.00230     2.5800     2.6052    16.0334    16.0350    36.1292    36.1293    26.6089    26.6086    1529.58    112.235    113.331         34 0.0000e+00
      16426    684.361    188.655    190.000    15.9868    15.9885   4.521958   4.522131     1.8098     1.4938      92.88   27.64165  -94.97630   -0.00129   -0.00080     2.5736     2.6029    15.9565    15.9582    36.1093    36.1093    26.6108    26.6104    1528.98    111.956    113.231         36 0.0000e+00
      16468    686.121    189.647    191.000    15.9430    15.9454   4.517466   4.517699     1.8083     1.4927     100.24   27.64812  -94.99850   -0.00125   -0.00078     2.5727     2.6027    15.9126    15.9150    36.1110    36.1109    26.6228    26.6222    1529.26    111.916    113.224         38 0.0000e+00
      16552    689.604    192.624    194.000    15.8596    15.8613   4.507149   4.507305     1.8049     1.4894      99.99   27.64226  -94.97840   -0.00090   -0.00087     2.5704     2.6000    15.8289    15.8305    36.0911    36.0909    26.6261    26.6257    1528.69    111.816    113.106         35 0.0000e+00
      16594    691.369    193.617    195.000    15.8387    15.8396   4.505287   4.505337     1.8041     1.4896     100.00   27.64810  -94.99850   -0.00082   -0.00013     2.5700     2.6018    15.8077    15.8087    36.0952    36.0948    26.6347    26.6342    1528.94    111.797    113.182         40 0.0000e+00
      16671    694.580    196.594    198.000    15.6522    15.6541   4.482361   4.482546     1.8016     1.4864      95.42   27.63801  -94.96385   -0.00058   -0.00073     2.5760     2.6052    15.6211    15.6230    36.0542    36.0542    26.6448    26.6444    1528.14    112.057    113.327         33 0.0000e+00
      16718    696.538    197.587    199.000    15.6375    15.6388   4.481627   4.481747     1.8023     1.4864     100.29   27.64810  -94.99850   -0.00046   -0.00075     2.5786     2.6060    15.6062    15.6075    36.0644    36.0643    26.6569    26.6565    1528.63    112.171    113.362         44 0.0000e+00
      16798    699.893    200.564    202.000    15.4666    15.4686   4.460956   4.461161     1.8019     1.4868      99.98   27.64141  -94.97550   -0.00006    0.00004     2.5887     2.6177    15.4351    15.4371    36.0303    36.0304    26.6688    26.6684    1528.02    112.609    113.870         34 0.0000e+00
      16841    701.655    201.556    203.000    15.4262    15.4283   4.456936   4.457109     1.8044     1.4895     100.00   27.64810  -94.99850    0.00039    0.00080     2.5972     2.6274    15.3946    15.3966    36.0329    36.0326    26.6805    26.6798    1528.31    112.978    114.290         38 0.0000e+00
      17428    726.138    225.372    227.000    14.6678    14.6688   4.368992   4.369061     1.7837     1.4691     100.00   27.64939  -95.00298   -0.00201   -0.00206     2.5997     2.6246    14.6337    14.6347    35.9179    35.9176    26.7606    26.7601    1526.59    113.078    114.160         30 0.0000e+00
      17722    738.376    237.279    239.000    14.1924    14.1938   4.313745   4.313871     1.7403     1.4299     100.00   27.64890  -95.00132   -0.00391   -0.00328     2.5250     2.5505    14.1572    14.1586    35.8416    35.8415    26.8045    26.8040    1525.70    109.824    110.933         30 0.0000e+00
      17871    744.576    243.233    245.000    13.9566    13.9567   4.286570   4.286526     1.7365     1.4277      66.50   27.64937  -95.00293   -0.00029   -0.00028     2.5315     2.5599    13.9210    13.9211    35.8049    35.8044    26.8263    26.8259    1525.31    110.103    111.337         31 0.0000e+00
      17987    749.428    248.194    250.000    13.8503    13.8542   4.274015   4.274355     1.7336     1.4272      99.99   27.64617  -94.99193   -0.00051    0.00027     2.5322     2.5662    13.8141    13.8180    35.7833    35.7828    26.8319    26.8307    1524.79    110.131    111.611         32 0.0000e+00
      18138    755.711    254.147    256.000    13.6872    13.6894   4.255852   4.256036     1.7356     1.4274     100.00   27.64891  -95.00139    0.00026   -0.00018     2.5486     2.5780    13.6504    13.6526    35.7631    35.7628    26.8507    26.8500    1524.53    110.846    112.123         30 0.0000e+00
      20546    856.058    351.354    354.000    10.9396    10.9415   3.948527   3.948615     1.6477     1.3491     100.00   27.64853  -95.00020   -0.00048   -0.00055     2.5192     2.5513    10.8957    10.8975    35.3436    35.3428    27.0622    27.0613    1518.66    109.545    110.939         31 0.0000e+00
      21163    881.730    376.145    379.000    10.4306    10.4318   3.893452   3.893444     1.6273     1.3291      94.64   27.64607  -94.99176   -0.00083   -0.00060     2.5036     2.5312    10.3849    10.3861    35.2689    35.2676    27.0951    27.0938    1517.18    108.860    110.063         33 0.0000e+00
      21286    886.874    381.103    384.000    10.3621    10.3630   3.886101   3.886123     1.6245     1.3269      61.23   27.64665  -94.99374   -0.00047   -0.00037     2.5024     2.5309    10.3160    10.3169    35.2593    35.2580    27.0996    27.0985    1516.96    108.806    110.048         31 0.0000e+00
      21318    888.220    382.094    385.000    10.3334    10.3345   3.883272   3.883247     1.6235     1.3256     100.99   27.64798  -94.99836   -0.00051   -0.00073     2.5010     2.5287    10.2873    10.2883    35.2575    35.2562    27.1034    27.1022    1516.98    108.749    109.954         30 0.0000e+00
      21960    914.967    407.872    411.000     9.9056     9.9066   3.838515   3.838475     1.5992     1.3037      43.88   27.64948  -95.00354   -0.00262   -0.00238     2.4685     2.4970     9.8575     9.8586    35.2054    35.2039    27.1369    27.1356    1515.80    107.329    108.570         31 0.0000e+00
      22082    920.048    412.829    416.000     9.8359     9.8370   3.830872   3.830828     1.6000     1.3058      99.94   27.64818  -94.99901    0.00028    0.00038     2.4768     2.5094     9.7875     9.7886    35.1923    35.1908    27.1385    27.1372    1515.49    107.691    109.107         35 0.0000e+00
      22204    925.129    417.786    421.000     9.7770     9.7783   3.825609   3.825588     1.6068     1.3123     100.00   27.64873  -95.00089    0.00140    0.00116     2.5014     2.5349     9.7281     9.7294    35.1855    35.1841    27.1433    27.1419    1515.29    108.760    110.216         32 0.0000e+00
      22847    951.900    443.560    447.000     9.4119     9.4129   3.786879   3.786825     1.5970     1.3032      99.99   27.64628  -94.99249    0.00041    0.00062     2.5053     2.5379     9.3612     9.3622    35.1383    35.1368    27.1675    27.1662    1514.00    108.926    110.345         31 0.0000e+00
      22965    956.838    448.516    452.000     9.3219     9.3225   3.777418   3.777340     1.5962     1.3022      99.99   27.64510  -94.98843   -0.00017   -0.00015     2.5103     2.5424     9.2709     9.2715    35.1258    35.1244    27.1725    27.1714    1513.72    109.146    110.542         30 0.0000e+00
      23000    958.302    449.507    453.000     9.3136     9.3155   3.776875   3.776929     1.5963     1.3020     100.00   27.64798  -94.99832   -0.00018    0.00010     2.5115     2.5424     9.2625     9.2644    35.1284    35.1271    27.1761    27.1748    1513.84    109.195    110.542         33 0.0000e+00
      23121    963.322    454.463    458.000     9.2322     9.2328   3.768361   3.768283     1.5974     1.3039     100.00   27.64766  -94.99722    0.00035    0.00065     2.5216     2.5553     9.1808     9.1814    35.1174    35.1160    27.1808    27.1796    1513.62    109.633    111.099         33 0.0000e+00
      23745    989.315    479.241    483.000     8.8439     8.8448   3.728744   3.728693     1.5958     1.3016     100.01   27.64981  -95.00461    0.00002   -0.00005     2.5505     2.5814     8.7910     8.7920    35.0737    35.0723    27.2094    27.2082    1512.72    110.890    112.232         31 0.0000e+00
      23867    994.432    484.196    488.000     8.7721     8.7729   3.721370   3.721303     1.5972     1.3038     100.00   27.64899  -95.00180    0.00010    0.00032     2.5611     2.5947     8.7189     8.7197    35.0649    35.0635    27.2140    27.2127    1512.48    111.351    112.808         30 0.0000e+00
      24208   1008.609    498.070    502.000     8.6506     8.6515   3.709378   3.709341     1.5907     1.2967      99.99   27.64580  -94.99091   -0.00096   -0.00120     2.5549     2.5850     8.5963     8.5972    35.0516    35.0501    27.2227    27.2214    1511.77    111.080    112.384         30 0.0000e+00
      24242   1010.028    499.061    503.000     8.6448     8.6459   3.709078   3.709035     1.5889     1.2951     100.00   27.64796  -94.99832   -0.00168   -0.00173     2.5501     2.5803     8.5904     8.5915    35.0540    35.0525    27.2256    27.2242    1511.85    110.868    112.183         32 0.0000e+00
