GOMECC/GOMECC-4/1db/drb2103_0791.cnv
* Sea-Bird SBE 9 Data File:
* FileName = C:\Users\scs.user.rb\CTD\GOMECC4\data\rb2103_0791.hex
* Software Version Seasave V 7.26.7.107
* Temperature SN = 4799
* Conductivity SN = 3860
* Number of Bytes Per Scan = 41
* Number of Voltage Words = 4
* Number of Scans Averaged by the Deck Unit = 1
* NMEA Latitude = 22 16.43 N
* NMEA Longitude = 097 21.67 W
* NMEA UTC (Time) = Oct 06 2021  04:28:40
* NMEA baud rate = 4800
# nquan = 28
# nvalues = 187                         
# units = specified
# name 0 = scan: Scan Count
# name 1 = timeS: Time, Elapsed [seconds]
# name 2 = depSM: Depth [salt water, m]
# name 3 = prDM: Pressure, Digiquartz [db]
# name 4 = t090C: Temperature [ITS-90, deg C]
# name 5 = t190C: Temperature, 2 [ITS-90, deg C]
# name 6 = c0S/m: Conductivity [S/m]
# name 7 = c1S/m: Conductivity, 2 [S/m]
# name 8 = sbeox0V: Oxygen raw, SBE 43 [V]
# name 9 = sbeox1V: Oxygen raw, SBE 43, 2 [V]
# name 10 = altM: Altimeter [m]
# name 11 = latitude: Latitude [deg]
# name 12 = longitude: Longitude [deg]
# name 13 = sbox0dV/dT: Oxygen, SBE 43 [dov/dt]
# name 14 = sbox1dV/dT: Oxygen, SBE 43, 2 [dov/dt]
# name 15 = sbeox0ML/L: Oxygen, SBE 43 [ml/l], WS = 5
# name 16 = sbeox1ML/L: Oxygen, SBE 43, 2 [ml/l], WS = 5
# name 17 = potemp090C: Potential Temperature [ITS-90, deg C]
# name 18 = potemp190C: Potential Temperature, 2 [ITS-90, deg C]
# name 19 = sal00: Salinity, Practical [PSU]
# name 20 = sal11: Salinity, Practical, 2 [PSU]
# name 21 = sigma-é00: Density [sigma-theta, kg/m^3]
# name 22 = sigma-é11: Density, 2 [sigma-theta, kg/m^3]
# name 23 = avgsvCM: Average Sound Velocity [Chen-Millero, m/s], minP = 20, minS = 20
# name 24 = sbox0Mm/Kg: Oxygen, SBE 43 [umol/kg], WS = 5
# name 25 = sbox1Mm/Kg: Oxygen, SBE 43, 2 [umol/kg], WS = 5
# name 26 = nbin: number of scans per bin
# name 27 = flag: flag
# span 0 =       5257,      16504       
# span 1 =    218.983,    687.610       
# span 2 =      2.981,    238.362       
# span 3 =      3.000,    240.000       
# span 4 =    14.4810,    29.4451       
# span 5 =    14.4828,    29.4467       
# span 6 =   4.347512,   5.962365       
# span 7 =   4.347675,   5.962699       
# span 8 =     1.7175,     3.3247       
# span 9 =     1.4057,     2.8366       
# span 10 =       5.16,     101.20      
# span 11 =   22.13372,   22.27550      
# span 12 =  -97.36822,  -96.74838      
# span 13 =   -0.04958,    0.02676      
# span 14 =   -0.04745,    0.02760      
# span 15 =     2.4519,     4.9552      
# span 16 =     2.4695,     4.9611      
# span 17 =    14.4452,    29.4397      
# span 18 =    14.4470,    29.4412      
# span 19 =    35.8860,    36.5214      
# span 20 =    35.8864,    36.5231      
# span 21 =    22.7226,    26.7768      
# span 22 =    22.7230,    26.7767      
# span 23 =       0.00,    1547.18      
# span 24 =    106.645,    216.069      
# span 25 =    107.413,    216.328      
# span 26 =         30,         61      
# span 27 = 0.0000e+00, 0.0000e+00      
# interval = decibars: 1                
# start_time = Oct 06 2021 04:28:40 [NMEA time, header]
# bad_flag = -9.990e-29
*END*
[from data line 156]
      13019    542.396    191.705    193.000    15.7387    15.7405   4.493465   4.493797     1.8100     1.4901      51.78   22.27400  -97.36162   -0.00244   -0.00240     2.5892     2.6082    15.7082    15.7100    36.0810    36.0823    26.6465    26.6471    1530.49    112.631    113.459         42 0.0000e+00
      13140    547.464    195.676    197.000    15.6305    15.6318   4.480753   4.480978     1.8055     1.4846      47.83   22.27251  -97.35512   -0.00070   -0.00117     2.5861     2.6013    15.5995    15.6008    36.0638    36.0648    26.6578    26.6583    1530.03    112.498    113.156         39 0.0000e+00
      13179    549.064    196.669    198.000    15.6209    15.6223   4.479898   4.480139     1.8039     1.4846      46.93   22.27400  -97.36162   -0.00098   -0.00102     2.5829     2.6019    15.5898    15.5912    36.0644    36.0653    26.6606    26.6610    1530.05    112.357    113.185         35 0.0000e+00
      13211    550.430    197.661    199.000    15.6005    15.6030   4.477482   4.477833     1.8019     1.4829      45.96   22.27400  -97.36162   -0.00121   -0.00053     2.5795     2.5990    15.5693    15.5718    36.0604    36.0617    26.6622    26.6626    1529.96    112.209    113.055         31 0.0000e+00
      13243    551.757    198.654    200.000    15.5685    15.5688   4.473642   4.473752     1.7998     1.4806      45.05   22.27400  -97.36162   -0.00140   -0.00107     2.5769     2.5950    15.5372    15.5374    36.0549    36.0557    26.6653    26.6659    1529.88    112.098    112.884         33 0.0000e+00
      13276    553.118    199.647    201.000    15.5391    15.5395   4.470063   4.470348     1.7981     1.4797      43.98   22.27400  -97.36162   -0.00147   -0.00146     2.5752     2.5949    15.5076    15.5080    36.0503    36.0514    26.6684    26.6692    1529.79    112.022    112.877         31 0.0000e+00
      13335    555.571    201.632    203.000    15.4550    15.4561   4.460123   4.460325     1.7927     1.4747      42.04   22.27098  -97.34844   -0.00179   -0.00143     2.5679     2.5872    15.4233    15.4245    36.0351    36.0362    26.6756    26.6762    1529.41    111.702    112.544         34 0.0000e+00
      13374    557.191    202.625    204.000    15.4434    15.4453   4.458976   4.459267     1.7897     1.4718      40.92   22.27400  -97.36164   -0.00206   -0.00201     2.5613     2.5804    15.4116    15.4136    36.0352    36.0361    26.6785    26.6787    1529.54    111.417    112.246         39 0.0000e+00
      13409    558.679    203.618    205.000    15.4159    15.4169   4.455813   4.456110     1.7870     1.4693      40.05   22.27401  -97.36164   -0.00202   -0.00187     2.5568     2.5755    15.3840    15.3850    36.0302    36.0312    26.6809    26.6814    1529.45    111.217    112.033         31 0.0000e+00
      13465    561.008    205.604    207.000    15.2636    15.2653   4.437459   4.437748     1.7794     1.4618      38.11   22.27103  -97.34856   -0.00239   -0.00230     2.5480     2.5652    15.2316    15.2333    36.0023    36.0033    26.6932    26.6936    1529.08    110.834    111.583         31 0.0000e+00
      13500    562.478    206.596    208.000    15.2384    15.2405   4.434798   4.435144     1.7722     1.4541      37.00   22.27402  -97.36164   -0.00380   -0.00385     2.5323     2.5464    15.2063    15.2084    36.0021    36.0033    26.6991    26.6995    1529.20    110.152    110.767         37 0.0000e+00
      13537    564.013    207.589    209.000    15.2038    15.2048   4.430787   4.430990     1.7655     1.4477      36.06   22.27402  -97.36164   -0.00479   -0.00493     2.5185     2.5319    15.1716    15.1726    35.9970    35.9979    26.7029    26.7033    1529.12    109.551    110.134         35 0.0000e+00
      13597    566.519    209.575    211.000    15.1494    15.1506   4.424281   4.424472     1.7563     1.4404      34.21   22.27230  -97.35415   -0.00383   -0.00339     2.5001     2.5163    15.1170    15.1181    35.9861    35.9868    26.7064    26.7067    1528.84    108.749    109.457         30 0.0000e+00
      13631    567.937    210.567    212.000    15.1331    15.1347   4.422547   4.422807     1.7525     1.4380      35.10   22.27402  -97.36165   -0.00336   -0.00242     2.4923     2.5112    15.1005    15.1021    35.9857    35.9866    26.7100    26.7103    1528.87    108.411    109.233         37 0.0000e+00
      13667    569.421    211.560    213.000    15.1075    15.1078   4.419553   4.419652     1.7492     1.4350      56.34   22.27402  -97.36166   -0.00274   -0.00185     2.4860     2.5051    15.0748    15.0752    35.9815    35.9820    26.7124    26.7128    1528.79    108.136    108.967         32 0.0000e+00
      13881    578.323    219.502    221.000    14.9578    14.9575   4.401607   4.401589     1.7394     1.4252      24.26   22.26800  -97.33536   -0.00074   -0.00094     2.4736     2.4903    14.9242    14.9239    35.9493    35.9499    26.7204    26.7209    1527.74    107.596    108.320         40 0.0000e+00
      13924    580.137    220.495    222.000    14.9216    14.9228   4.398094   4.398316     1.7370     1.4232      23.25   22.27402  -97.36166   -0.00130   -0.00129     2.4697     2.4868    14.8878    14.8890    35.9527    35.9536    26.7316    26.7320    1528.08    107.424    108.167         39 0.0000e+00
      13964    581.806    221.487    223.000    14.8977    14.8989   4.395374   4.395546     1.7343     1.4215      22.31   22.27402  -97.36166   -0.00168   -0.00128     2.4648     2.4839    14.8638    14.8649    35.9493    35.9499    26.7343    26.7345    1528.01    107.213    108.043         42 0.0000e+00
      14003    583.425    222.480    224.000    14.8812    14.8821   4.393507   4.393661     1.7330     1.4198      21.27   22.27402  -97.36166   -0.00136   -0.00107     2.4629     2.4802    14.8472    14.8481    35.9468    35.9473    26.7360    26.7362    1527.93    107.130    107.879         35 0.0000e+00
      14036    584.803    223.473    225.000    14.8708    14.8720   4.392320   4.392502     1.7327     1.4189      20.47   22.27402  -97.36166   -0.00077   -0.00098     2.4630     2.4791    14.8366    14.8378    35.9454    35.9459    26.7372    26.7374    1527.85    107.132    107.833         31 0.0000e+00
      14067    586.067    224.465    226.000    14.8662    14.8675   4.391845   4.392023     1.7318     1.4189      19.52   22.27402  -97.36166   -0.00048   -0.00060     2.4613     2.4796    14.8319    14.8332    35.9448    35.9453    26.7378    26.7379    1527.78    107.061    107.853         31 0.0000e+00
      14100    587.477    225.458    227.000    14.8624    14.8637   4.391463   4.391624     1.7312     1.4189      18.40   22.27402  -97.36166   -0.00053   -0.00017     2.4605     2.4799    14.8280    14.8292    35.9444    35.9447    26.7384    26.7383    1527.70    107.025    107.870         37 0.0000e+00
      14138    589.060    226.450    228.000    14.8581    14.8594   4.390978   4.391161     1.7304     1.4189      17.43   22.27402  -97.36166   -0.00048   -0.00000     2.4592     2.4806    14.8235    14.8248    35.9435    35.9440    26.7387    26.7387    1527.63    106.966    107.897         37 0.0000e+00
      14172    590.466    227.443    229.000    14.8308    14.8323   4.387653   4.387941     1.7294     1.4181      16.48   22.27402  -97.36166   -0.00050   -0.00011     2.4584     2.4802    14.7961    14.7976    35.9378    35.9390    26.7403    26.7409    1527.56    106.933    107.880         30 0.0000e+00
      14201    591.685    228.436    230.000    14.6748    14.6610   4.369311   4.368059     1.7275     1.4156      15.58   22.27402  -97.36166   -0.00089   -0.00069     2.4592     2.4798    14.6402    14.6264    35.9148    35.9142    26.7566    26.7592    1527.52    106.967    107.863         30 0.0000e+00
      14235    593.069    229.429    231.000    14.6098    14.6115   4.361974   4.362267     1.7234     1.4117      14.52   22.27402  -97.36166   -0.00179   -0.00187     2.4570     2.4757    14.5752    14.5768    35.9047    35.9059    26.7630    26.7636    1527.40    106.868    107.684         37 0.0000e+00
      14272    594.629    230.421    232.000    14.5742    14.5749   4.357820   4.357968     1.7216     1.4101      13.50   22.27402  -97.36166   -0.00211   -0.00222     2.4549     2.4738    14.5395    14.5402    35.8989    35.8996    26.7663    26.7667    1527.33    106.777    107.602         35 0.0000e+00
      14336    597.290    232.406    234.000    14.5550    14.5556   4.355689   4.355794     1.7215     1.4094      11.56   22.27317  -97.35794   -0.00029   -0.00025     2.4562     2.4737    14.5200    14.5206    35.8958    35.8962    26.7681    26.7683    1527.13    106.835    107.596         32 0.0000e+00
      14647    610.239    234.392    236.000    14.5083    14.5215   4.350482   4.351706     1.7220     1.4101       9.19   22.27350  -97.35929    0.00025    0.00024     2.4619     2.4783    14.4727    14.4869    35.8905    35.8913    26.7742    26.7724    1527.01    107.080    107.793         39 0.0000e+00
      15155    631.396    237.369    239.000    14.4950    14.4960   4.348943   4.349103     1.7203     1.4093       6.28   22.27245  -97.35472   -0.00035   -0.00044     2.4584     2.4781    14.4593    14.4603    35.8871    35.8872    26.7744    26.7743    1526.71    106.927    107.784         36 0.0000e+00
      16504    687.610    238.362    240.000    14.4810    14.4828   4.347512   4.347675     1.7175     1.4057       5.16   22.27405  -97.36173    0.00007   -0.00012     2.4519     2.4695    14.4452    14.4470    35.8860    35.8864    26.7768    26.7767    1526.73    106.645    107.413         53 0.0000e+00
