GOMECC/GOMECC-4/1db/drb2103_1051.cnv
* Sea-Bird SBE 9 Data File:
* FileName = C:\Users\scs.user.rb\CTD\GOMECC4\data\rb2103_1051.hex
* Software Version Seasave V 7.26.7.107
* Temperature SN = 4799
* Conductivity SN = 3860
* Number of Bytes Per Scan = 41
* Number of Voltage Words = 4
* Number of Scans Averaged by the Deck Unit = 1
* NMEA Latitude = 25 29.58 N
* NMEA Longitude = 087 59.90 W
* NMEA UTC (Time) = Oct 13 2021  14:16:10
* NMEA baud rate = 4800
# nquan = 28
# nvalues = 295                         
# units = specified
# name 0 = scan: Scan Count
# name 1 = timeS: Time, Elapsed [seconds]
# name 2 = depSM: Depth [salt water, m]
# name 3 = prDM: Pressure, Digiquartz [db]
# name 4 = t090C: Temperature [ITS-90, deg C]
# name 5 = t190C: Temperature, 2 [ITS-90, deg C]
# name 6 = c0S/m: Conductivity [S/m]
# name 7 = c1S/m: Conductivity, 2 [S/m]
# name 8 = sbeox0V: Oxygen raw, SBE 43 [V]
# name 9 = sbeox1V: Oxygen raw, SBE 43, 2 [V]
# name 10 = altM: Altimeter [m]
# name 11 = latitude: Latitude [deg]
# name 12 = longitude: Longitude [deg]
# name 13 = sbox0dV/dT: Oxygen, SBE 43 [dov/dt]
# name 14 = sbox1dV/dT: Oxygen, SBE 43, 2 [dov/dt]
# name 15 = sbeox0ML/L: Oxygen, SBE 43 [ml/l], WS = 5
# name 16 = sbeox1ML/L: Oxygen, SBE 43, 2 [ml/l], WS = 5
# name 17 = potemp090C: Potential Temperature [ITS-90, deg C]
# name 18 = potemp190C: Potential Temperature, 2 [ITS-90, deg C]
# name 19 = sal00: Salinity, Practical [PSU]
# name 20 = sal11: Salinity, Practical, 2 [PSU]
# name 21 = sigma-é00: Density [sigma-theta, kg/m^3]
# name 22 = sigma-é11: Density, 2 [sigma-theta, kg/m^3]
# name 23 = avgsvCM: Average Sound Velocity [Chen-Millero, m/s], minP = 20, minS = 20
# name 24 = sbox0Mm/Kg: Oxygen, SBE 43 [umol/kg], WS = 5
# name 25 = sbox1Mm/Kg: Oxygen, SBE 43, 2 [umol/kg], WS = 5
# name 26 = nbin: number of scans per bin
# name 27 = flag: flag
# span 0 =       4404,      96437       
# span 1 =    183.454,   4018.154       
# span 2 =      2.981,   3274.761       
# span 3 =      3.000,   3322.000       
# span 4 =     4.3047,    29.4234       
# span 5 =     4.3054,    29.4243       
# span 6 =   3.377471,   5.961955       
# span 7 =   3.377441,   5.962288       
# span 8 =     1.7168,     3.1510       
# span 9 =     1.4042,     2.6706       
# span 10 =       9.74,     100.82      
# span 11 =   25.48954,   25.50130      
# span 12 =  -88.00179,  -87.98389      
# span 13 =   -0.00773,    0.00436      
# span 14 =   -0.00704,    0.00592      
# span 15 =     3.4432,     4.7310      
# span 16 =     3.4564,     4.7274      
# span 17 =     4.0790,    29.4114      
# span 18 =     4.0800,    29.4124      
# span 19 =    34.9731,    37.0071      
# span 20 =    34.9719,    37.0088      
# span 21 =    22.8794,    27.7616      
# span 22 =    22.8802,    27.7605      
# span 23 =       0.00,    1555.11      
# span 24 =    149.907,    205.578      
# span 25 =    150.482,    205.425      
# span 26 =         30,         67      
# span 27 = 0.0000e+00, 0.0000e+00      
# interval = decibars: 1                
# start_time = Oct 13 2021 14:16:10 [NMEA time, header]
# bad_flag = -9.990e-29
*END*
[from data line 104]
       9396    391.441    106.281    107.000    28.0711    28.0700   5.820999   5.821167     3.0611     2.5908     100.00   25.49362  -87.99822   -0.00445   -0.00475     4.3314     4.3186    28.0457    28.0446    36.3070    36.3090    23.3629    23.3647    1546.12    189.023    188.464         35 0.0000e+00
       9432    392.973    107.274    108.000    27.9955    27.9946   5.813264   5.813438     3.0511     2.5822      95.77   25.49362  -87.99822   -0.00667   -0.00587     4.3189     4.3068    27.9700    27.9690    36.3104    36.3124    23.3903    23.3921    1546.11    188.474    187.947         37 0.0000e+00
       9466    394.392    108.267    109.000    27.9297    27.9287   5.807183   5.807391     3.0414     2.5733      94.91   25.49364  -87.99822   -0.00658   -0.00586     4.3064     4.2934    27.9039    27.9029    36.3180    36.3203    23.4178    23.4197    1546.09    187.923    187.355         32 0.0000e+00
       9498    395.701    109.260    110.000    27.8959    27.8961   5.804081   5.804365     3.0317     2.5652      99.97   25.49364  -87.99822   -0.00701   -0.00625     4.2915     4.2794    27.8700    27.8701    36.3219    36.3238    23.4318    23.4331    1546.07    187.268    186.743         31 0.0000e+00
       9530    397.060    110.253    111.000    27.8666    27.8669   5.801239   5.801578     3.0279     2.5593     100.00   25.49364  -87.99822   -0.00619   -0.00585     4.2870     4.2700    27.8404    27.8407    36.3242    36.3263    23.4432    23.4447    1546.06    187.071    186.329         34 0.0000e+00
       9566    398.521    111.246    112.000    27.8389    27.8390   5.798595   5.798897     3.0233     2.5563     100.00   25.49364  -87.99822   -0.00393   -0.00426     4.2810     4.2662    27.8125    27.8126    36.3265    36.3286    23.4541    23.4556    1546.04    186.810    186.160         36 0.0000e+00
       9600    399.967    112.239    113.000    27.8009    27.8007   5.794883   5.794956     3.0161     2.5536     100.00   25.49364  -87.99822   -0.00342   -0.00210     4.2744     4.2663    27.7744    27.7741    36.3295    36.3315    23.4687    23.4703    1546.02    186.516    186.164         33 0.0000e+00
       9633    401.339    113.232    114.000    27.7321    27.7316   5.788396   5.788648     3.0106     2.5478     100.00   25.49364  -87.99822   -0.00436   -0.00236     4.2662     4.2571    27.7053    27.7048    36.3364    36.3386    23.4965    23.4983    1546.01    186.155    185.758         33 0.0000e+00
       9666    402.723    114.225    115.000    27.7157    27.7163   5.786920   5.787265     3.0042     2.5428     100.00   25.49366  -87.99822   -0.00447   -0.00364     4.2560     4.2482    27.6887    27.6893    36.3384    36.3403    23.5034    23.5047    1546.00    185.710    185.367         34 0.0000e+00
       9700    404.136    115.218    116.000    27.7047    27.7049   5.785925   5.786246     2.9980     2.5364     100.00   25.49366  -87.99822   -0.00440   -0.00398     4.2459     4.2362    27.6774    27.6777    36.3395    36.3416    23.5080    23.5095    1545.98    185.265    184.846         34 0.0000e+00
       9734    405.551    116.211    117.000    27.6802    27.6809   5.783508   5.783841     2.9927     2.5331     100.00   25.49366  -87.99822   -0.00429   -0.00388     4.2382     4.2316    27.6528    27.6534    36.3410    36.3429    23.5171    23.5183    1545.96    184.928    184.642         32 0.0000e+00
       9765    406.817    117.203    118.000    27.6545    27.6558   5.781139   5.781512     2.9877     2.5295     100.00   25.49366  -87.99822   -0.00398   -0.00296     4.2314     4.2266    27.6268    27.6282    36.3439    36.3455    23.5278    23.5285    1545.94    184.628    184.419         30 0.0000e+00
       9798    408.210    118.196    119.000    27.5506    27.5491   5.770597   5.770689     2.9796     2.5206     100.00   25.49366  -87.99820   -0.00422   -0.00361     4.2207     4.2140    27.5233    27.5213    36.3488    36.3511    23.5651    23.5675    1545.93    184.157    183.863         38 0.0000e+00
       9837    409.813    119.190    120.000    27.4945    27.4945   5.765150   5.765447     2.9700     2.5127     100.00   25.49367  -87.99820   -0.00579   -0.00539     4.2112     4.2037    27.4665    27.4665    36.3539    36.3560    23.5874    23.5890    1545.91    183.737    183.412         36 0.0000e+00
       9897    412.350    121.175    122.000    27.4347    27.4351   5.759951   5.760304     2.9579     2.4994      86.37   25.48954  -87.98389   -0.00439   -0.00458     4.1935     4.1809    27.4063    27.4067    36.3600    36.3622    23.6107    23.6122    1545.62    182.960    182.409         33 0.0000e+00
       9934    413.866    122.168    123.000    27.3995    27.3990   5.757902   5.758152     2.9491     2.4915     100.11   25.49368  -87.99820   -0.00517   -0.00544     4.1800     4.1674    27.3708    27.3703    36.3753    36.3774    23.6345    23.6363    1545.85    182.368    181.820         36 0.0000e+00
       9967    415.268    123.161    124.000    27.3350    27.3348   5.751948   5.752205     2.9388     2.4846     100.00   25.49368  -87.99820   -0.00653   -0.00564     4.1658     4.1579    27.3062    27.3059    36.3827    36.3847    23.6610    23.6626    1545.83    181.742    181.402         31 0.0000e+00
       9998    416.524    124.154    125.000    27.2885    27.2888   5.748501   5.748840     2.9291     2.4767     100.00   25.49368  -87.99820   -0.00721   -0.00533     4.1514     4.1449    27.2594    27.2597    36.3941    36.3963    23.6847    23.6863    1545.81    181.110    180.828         31 0.0000e+00
      10031    417.937    125.147    126.000    27.2488    27.2479   5.745664   5.745870     2.9178     2.4670     100.00   25.49369  -87.99820   -0.00773   -0.00608     4.1332     4.1278    27.2196    27.2187    36.4045    36.4066    23.7054    23.7073    1545.80    180.312    180.077         36 0.0000e+00
      10068    419.437    126.140    127.000    27.2000    27.2005   5.741405   5.741737     2.9087     2.4582     100.00   25.49370  -87.99820   -0.00741   -0.00656     4.1200     4.1129    27.1706    27.1710    36.4118    36.4139    23.7268    23.7282    1545.77    179.736    179.425         35 0.0000e+00
      10101    420.832    127.133    128.000    27.1821    27.1821   5.740325   5.740643     2.9025     2.4525     100.00   25.49370  -87.99820   -0.00606   -0.00577     4.1100     4.1027    27.1525    27.1525    36.4178    36.4201    23.7371    23.7388    1545.75    179.298    178.980         33 0.0000e+00
      10133    422.179    128.126    129.000    27.1402    27.1402   5.737270   5.737573     2.8956     2.4475     100.00   25.49370  -87.99820   -0.00493   -0.00436     4.1004     4.0955    27.1103    27.1104    36.4284    36.4306    23.7587    23.7603    1545.73    178.875    178.659         32 0.0000e+00
      10165    423.484    129.119    130.000    27.1159    27.1160   5.736164   5.736468     2.8905     2.4410      87.27   25.49371  -87.99820   -0.00468   -0.00382     4.0927     4.0837    27.0858    27.0860    36.4392    36.4413    23.7747    23.7762    1545.71    178.537    178.144         31 0.0000e+00
      10197    424.834    130.111    131.000    27.0581    27.0580   5.731755   5.732053     2.8844     2.4345      98.85   25.49372  -87.99820   -0.00431   -0.00473     4.0855     4.0744    27.0279    27.0278    36.4526    36.4548    23.8034    23.8051    1545.69    178.217    177.730         34 0.0000e+00
      10232    426.296    131.105    132.000    27.0266    27.0264   5.728905   5.729143     2.8734     2.4287     100.00   25.49372  -87.99820   -0.00533   -0.00476     4.0675     4.0648    26.9962    26.9959    36.4565    36.4584    23.8165    23.8180    1545.67    177.428    177.312         35 0.0000e+00
      10266    427.690    132.097    133.000    26.9835    26.9837   5.724895   5.725228     2.8676     2.4225     100.00   25.49372  -87.99820   -0.00614   -0.00407     4.0602     4.0551    26.9528    26.9531    36.4613    36.4634    23.8340    23.8356    1545.65    177.105    176.884         32 0.0000e+00
      10298    429.050    133.090    134.000    26.9654    26.9659   5.723612   5.723939     2.8631     2.4167      76.98   25.49372  -87.99820   -0.00473   -0.00420     4.0533     4.0446    26.9346    26.9350    36.4659    36.4679    23.8434    23.8448    1545.62    176.803    176.424         34 0.0000e+00
      10332    430.466    134.083    135.000    26.9287    26.9279   5.720663   5.720878     2.8589     2.4130      79.15   25.49372  -87.99820   -0.00334   -0.00400     4.0483     4.0396    26.8977    26.8968    36.4732    36.4754    23.8607    23.8627    1545.60    176.585    176.205         33 0.0000e+00
      10364    431.799    135.076    136.000    26.8790    26.8788   5.716665   5.716947     2.8533     2.4065     100.11   25.49372  -87.99820   -0.00320   -0.00368     4.0416     4.0296    26.8478    26.8475    36.4832    36.4854    23.8842    23.8860    1545.58    176.287    175.762         31 0.0000e+00
      10396    433.136    136.069    137.000    26.8482    26.8490   5.714626   5.714978     2.8466     2.4026     100.00   25.49372  -87.99820   -0.00420   -0.00365     4.0315     4.0238    26.8167    26.8175    36.4925    36.4944    23.9012    23.9023    1545.56    175.843    175.506         34 0.0000e+00
      10432    434.621    137.062    138.000    26.8411    26.8419   5.714327   5.714677     2.8420     2.3980     100.00   25.49373  -87.99820   -0.00430   -0.00354     4.0235     4.0150    26.8094    26.8102    36.4956    36.4975    23.9059    23.9071    1545.54    175.496    175.121         36 0.0000e+00
      10464    435.973    138.055    139.000    26.7887    26.7872   5.709703   5.709820     2.8373     2.3935     100.00   25.49374  -87.99820   -0.00349   -0.00287     4.0187     4.0095    26.7569    26.7553    36.5032    36.5052    23.9284    23.9304    1545.52    175.282    174.881         30 0.0000e+00
      10495    437.242    139.048    140.000    26.7197    26.7202   5.703889   5.704358     2.8291     2.3838     100.00   25.49374  -87.99820   -0.00403   -0.00417     4.0112     3.9957    26.6901    26.6895    36.5135    36.5156    23.9575    23.9585    1545.50    174.948    174.274         32 0.0000e+00
      10531    438.741    140.040    141.000    26.6761    26.6753   5.699084   5.699050     2.8202     2.3782     100.00   25.49374  -87.99820   -0.00581   -0.00578     3.9952     3.9854    26.6439    26.6432    36.5147    36.5166    23.9731    23.9754    1545.48    174.247    173.820         38 0.0000e+00
      10566    440.193    141.033    142.000    26.6425    26.6425   5.696485   5.696802     2.8153     2.3740     100.00   25.49374  -87.99820   -0.00528   -0.00408     3.9885     3.9792    26.6100    26.6101    36.5222    36.5244    23.9895    23.9912    1545.45    173.952    173.547         32 0.0000e+00
      10597    441.485    142.026    143.000    26.6248    26.6252   5.695512   5.695839     2.8111     2.3684     100.00   25.49374  -87.99820   -0.00376   -0.00327     3.9821     3.9688    26.5922    26.5926    36.5288    36.5308    24.0002    24.0016    1545.43    173.672    173.092         31 0.0000e+00
      10629    442.816    143.019    144.000    26.5947    26.5950   5.694374   5.694695     2.8052     2.3644      99.81   25.49374  -87.99820   -0.00352   -0.00374     3.9732     3.9625    26.5619    26.5622    36.5440    36.5461    24.0213    24.0228    1545.41    173.279    172.816         33 0.0000e+00
      10662    444.197    144.012    145.000    26.5739    26.5742   5.693168   5.693470     2.7977     2.3615     100.00   25.49374  -87.99820   -0.00436   -0.00295     3.9606     3.9581    26.5408    26.5411    36.5515    36.5534    24.0336    24.0350    1545.39    172.731    172.620         33 0.0000e+00
      10695    445.591    145.005    146.000    26.5470    26.5468   5.691345   5.691624     2.7920     2.3552     100.00   25.49376  -87.99820   -0.00500   -0.00308     3.9520     3.9470    26.5138    26.5135    36.5592    36.5614    24.0481    24.0498    1545.37    172.350    172.133         34 0.0000e+00
      10730    447.044    145.998    147.000    26.4728    26.4713   5.686254   5.686430     2.7853     2.3510     100.00   25.49376  -87.99820   -0.00443   -0.00331     3.9445     3.9430    26.4394    26.4378    36.5808    36.5833    24.0880    24.0904    1545.34    172.017    171.953         35 0.0000e+00
      10764    448.442    146.990    148.000    26.3988    26.3989   5.680576   5.680884     2.7752     2.3399     100.00   25.49378  -87.99820   -0.00508   -0.00450     3.9305     3.9244    26.3652    26.3653    36.5980    36.6002    24.1245    24.1261    1545.32    171.400    171.135         32 0.0000e+00
      10795    449.749    147.983    149.000    26.3743    26.3746   5.678430   5.678758     2.7698     2.3343     100.00   25.49378  -87.99820   -0.00598   -0.00613     3.9224     3.9145    26.3405    26.3408    36.6016    36.6037    24.1350    24.1365    1545.29    171.045    170.703         32 0.0000e+00
      10827    451.102    148.976    150.000    26.3352    26.3352   5.675784   5.676074     2.7643     2.3315     100.00   25.49378  -87.99820   -0.00497   -0.00476     3.9146     3.9116    26.3012    26.3012    36.6131    36.6152    24.1561    24.1577    1545.27    170.705    170.572         32 0.0000e+00
      10860    452.457    149.969    151.000    26.3094    26.3096   5.673783   5.674104     2.7578     2.3260     100.00   25.49378  -87.99819   -0.00420   -0.00304     3.9045     3.9020    26.2752    26.2754    36.6188    36.6209    24.1686    24.1701    1545.25    170.258    170.149         33 0.0000e+00
      10894    453.856    150.962    152.000    26.2777    26.2778   5.672001   5.672225     2.7519     2.3204      97.82   25.49378  -87.99818   -0.00447   -0.00345     3.9003     3.8983    26.2434    26.2435    36.6312    36.6332    24.1880    24.1895    1545.23    170.073    169.984         35 0.0000e+00
      10928    455.309    151.954    153.000    26.1353    26.1350   5.662086   5.662357     2.7408     2.3109     100.03   25.49380  -87.99818   -0.00514   -0.00477     3.8826     3.8801    26.1008    26.1005    36.6709    36.6732    24.2629    24.2647    1545.20    169.291    169.182         33 0.0000e+00
      10961    456.660    152.947    154.000    26.1136    26.1142   5.660284   5.660635     2.7301     2.3014     100.00   25.49380  -87.99818   -0.00714   -0.00632     3.8651     3.8627    26.0789    26.0795    36.6755    36.6776    24.2733    24.2747    1545.18    168.527    168.419         32 0.0000e+00
      10992    457.968    153.940    155.000    26.1100    26.1107   5.660033   5.660392     2.7282     2.2966     100.00   25.49380  -87.99818   -0.00652   -0.00615     3.8622     3.8531    26.0751    26.0758    36.6763    36.6783    24.2751    24.2763    1545.15    168.397    168.002         32 0.0000e+00
      11026    459.368    154.933    156.000    26.1033    26.1031   5.659313   5.659561     2.7252     2.2966      61.64   25.49380  -87.99818   -0.00318   -0.00342     3.8574     3.8542    26.0681    26.0679    36.6760    36.6780    24.2771    24.2786    1545.13    168.188    168.047         36 0.0000e+00
      11062    460.864    155.925    157.000    26.0487    26.0480   5.654433   5.654660     2.7186     2.2917      96.69   25.49380  -87.99818   -0.00253   -0.00166     3.8487     3.8476    26.0134    26.0127    36.6836    36.6859    24.3000    24.3020    1545.11    167.807    167.755         34 0.0000e+00
      11094    462.222    156.918    158.000    26.0292    26.0293   5.653026   5.653316     2.7157     2.2869     100.03   25.49382  -87.99818   -0.00358   -0.00269     3.8450     3.8388    25.9937    25.9938    36.6887    36.6907    24.3100    24.3115    1545.08    167.642    167.374         31 0.0000e+00
