GOMECC/GOMECC-4/1db/drb2103_0621.cnv
* Sea-Bird SBE 9 Data File:
* FileName = C:\Users\scs.user.rb\CTD\GOMECC4\data\rb2103_0621.hex
* Software Version Seasave V 7.26.7.107
* Temperature SN = 4799
* Conductivity SN = 3860
* Number of Bytes Per Scan = 41
* Number of Voltage Words = 4
* Number of Scans Averaged by the Deck Unit = 1
* NMEA Latitude = 26 04.01 N
* NMEA Longitude = 096 55.37 W
* NMEA UTC (Time) = Sep 30 2021  08:06:13
* NMEA baud rate = 4800
# nquan = 28
# nvalues = 23                          
# units = specified
# name 0 = scan: Scan Count
# name 1 = timeS: Time, Elapsed [seconds]
# name 2 = depSM: Depth [salt water, m]
# name 3 = prDM: Pressure, Digiquartz [db]
# name 4 = t090C: Temperature [ITS-90, deg C]
# name 5 = t190C: Temperature, 2 [ITS-90, deg C]
# name 6 = c0S/m: Conductivity [S/m]
# name 7 = c1S/m: Conductivity, 2 [S/m]
# name 8 = sbeox0V: Oxygen raw, SBE 43 [V]
# name 9 = sbeox1V: Oxygen raw, SBE 43, 2 [V]
# name 10 = altM: Altimeter [m]
# name 11 = latitude: Latitude [deg]
# name 12 = longitude: Longitude [deg]
# name 13 = sbox0dV/dT: Oxygen, SBE 43 [dov/dt]
# name 14 = sbox1dV/dT: Oxygen, SBE 43, 2 [dov/dt]
# name 15 = sbeox0ML/L: Oxygen, SBE 43 [ml/l], WS = 5
# name 16 = sbeox1ML/L: Oxygen, SBE 43, 2 [ml/l], WS = 5
# name 17 = potemp090C: Potential Temperature [ITS-90, deg C]
# name 18 = potemp190C: Potential Temperature, 2 [ITS-90, deg C]
# name 19 = sal00: Salinity, Practical [PSU]
# name 20 = sal11: Salinity, Practical, 2 [PSU]
# name 21 = sigma-é00: Density [sigma-theta, kg/m^3]
# name 22 = sigma-é11: Density, 2 [sigma-theta, kg/m^3]
# name 23 = avgsvCM: Average Sound Velocity [Chen-Millero, m/s], minP = 20, minS = 20
# name 24 = sbox0Mm/Kg: Oxygen, SBE 43 [umol/kg], WS = 5
# name 25 = sbox1Mm/Kg: Oxygen, SBE 43, 2 [umol/kg], WS = 5
# name 26 = nbin: number of scans per bin
# name 27 = flag: flag
# span 0 =      14575,      17384       
# span 1 =    607.244,    724.298       
# span 2 =      3.974,     28.809       
# span 3 =      4.000,     29.000       
# span 4 =    29.0138,    29.2575       
# span 5 =    29.0161,    29.2584       
# span 6 =   5.811741,   5.858148       
# span 7 =   5.812044,   5.858424       
# span 8 =     3.0484,     3.1870       
# span 9 =     2.6068,     2.7026       
# span 10 =       5.27,      29.49      
# span 11 =   26.02855,   26.24296      
# span 12 =  -97.57812,  -96.78099      
# span 13 =   -0.00178,    0.00129      
# span 14 =   -0.00219,    0.00192      
# span 15 =     4.2154,     4.4419      
# span 16 =     4.2568,     4.4330      
# span 17 =    29.0072,    29.2556      
# span 18 =    29.0095,    29.2565      
# span 19 =    35.5271,    35.8117      
# span 20 =    35.5275,    35.8129      
# span 21 =    22.4494,    22.6251      
# span 22 =    22.4489,    22.6257      
# span 23 =       0.00,    1544.60      
# span 24 =    184.115,    194.014      
# span 25 =    185.920,    193.624      
# span 26 =         30,         68      
# span 27 = 0.0000e+00, 0.0000e+00      
# interval = decibars: 1                
# start_time = Sep 30 2021 08:06:13 [NMEA time, header]
# bad_flag = -9.990e-29
*END*
      14575    607.244      3.974      4.000    29.0611    29.0621   5.818702   5.818983     3.1658     2.6850      29.49   26.06705  -96.92399    0.00031    0.00093     4.4103     4.4022    29.0601    29.0611    35.5718    35.5730    22.4734    22.4739       0.00    192.636    192.282         44 0.0000e+00
      15110    629.548      4.967      5.000    29.0604    29.0613   5.818651   5.818915     3.1662     2.6887      28.56   26.06706  -96.92400    0.00002    0.00084     4.4117     4.4100    29.0592    29.0601    35.5717    35.5729    22.4736    22.4741       0.00    192.696    192.624         36 0.0000e+00
      15180    632.474      5.961      6.000    29.0606    29.0616   5.818722   5.818990     3.1633     2.6861      27.61   26.06704  -96.92400   -0.00065   -0.00022     4.4068     4.4055    29.0591    29.0601    35.5718    35.5729    22.4736    22.4741       0.00    192.483    192.423         30 0.0000e+00
      15451    643.747      7.948      8.000    29.2575    29.2584   5.858148   5.858424     3.1870     2.7026      26.03   26.24296  -97.57812    0.00050   -0.00004     4.4419     4.4330    29.2556    29.2565    35.8117    35.8129    22.6251    22.6257       0.00    194.014    193.624         41 0.0000e+00
      15424    642.642      8.941      9.000    29.0616    29.0625   5.818935   5.819246     3.1649     2.6880      24.86   26.06704  -96.92400   -0.00073    0.00180     4.4112     4.4107    29.0594    29.0603    35.5716    35.5730    22.4734    22.4742       0.00    192.675    192.653         41 0.0000e+00
      15466    644.363      9.935     10.000    29.0617    29.0626   5.819018   5.819291     3.1650     2.6854      24.05   26.06704  -96.92400    0.00092   -0.00123     4.4120     4.4060    29.0593    29.0602    35.5718    35.5730    22.4736    22.4742       0.00    192.710    192.446         42 0.0000e+00
      15560    648.292     10.928     11.000    29.0620    29.0629   5.819082   5.819380     3.1619     2.6818      22.73   26.06704  -96.92400   -0.00072   -0.00055     4.4069     4.3993    29.0593    29.0602    35.5717    35.5731    22.4735    22.4743       0.00    192.488    192.153         42 0.0000e+00
      15594    649.699     11.922     12.000    29.0623    29.0632   5.819151   5.819423     3.1615     2.6850      22.06   26.06704  -96.92400   -0.00064    0.00040     4.4066     4.4063    29.0594    29.0603    35.5717    35.5729    22.4735    22.4741       0.00    192.471    192.459         39 0.0000e+00
      15655    652.233     12.915     13.000    29.0625    29.0634   5.819235   5.819512     3.1654     2.6830      20.88   26.06703  -96.92402    0.00129   -0.00003     4.4142     4.4027    29.0594    29.0603    35.5718    35.5730    22.4736    22.4742       0.00    192.807    192.304         45 0.0000e+00
      15700    654.138     13.909     14.000    29.0627    29.0637   5.819285   5.819559     3.1621     2.6827      19.88   26.06702  -96.92402   -0.00005   -0.00045     4.4087     4.4026    29.0593    29.0603    35.5717    35.5729    22.4736    22.4741       0.00    192.567    192.298         32 0.0000e+00
      15746    656.062     14.902     15.000    29.0625    29.0637   5.819311   5.819627     3.1625     2.6820      18.97   26.06702  -96.92402   -0.00129   -0.00029     4.4100     4.4018    29.0589    29.0600    35.5717    35.5731    22.4737    22.4743       0.00    192.620    192.262         52 0.0000e+00
      15793    657.992     15.895     16.000    29.0615    29.0628   5.819196   5.819533     3.1635     2.6824      17.98   26.06702  -96.92402    0.00079    0.00013     4.4125     4.4031    29.0576    29.0589    35.5714    35.5727    22.4739    22.4744       0.00    192.730    192.321         41 0.0000e+00
      15844    660.106     16.889     17.000    29.0609    29.0619   5.819151   5.819450     3.1594     2.6805      16.96   26.06702  -96.92402   -0.00076   -0.00020     4.4057     4.4000    29.0568    29.0578    35.5713    35.5726    22.4741    22.4747       0.00    192.433    192.187         63 0.0000e+00
      15898    662.369     17.882     18.000    29.0635    29.0644   5.819548   5.819838     3.1605     2.6807      16.12   26.06702  -96.92402   -0.00109   -0.00088     4.4079     4.4007    29.0591    29.0600    35.5717    35.5731    22.4736    22.4743       0.00    192.530    192.216         36 0.0000e+00
      15935    663.914     18.876     19.000    29.0644    29.0651   5.819691   5.819972     3.1620     2.6813      15.15   26.06702  -96.92402    0.00087    0.00027     4.4111     4.4023    29.0598    29.0605    35.5718    35.5732    22.4735    22.4743       0.00    192.669    192.287         43 0.0000e+00
      15991    666.247     19.869     20.000    29.0632    29.0640   5.819569   5.819811     3.1606     2.6818      14.08   26.06702  -96.92402    0.00025   -0.00024     4.4092     4.4040    29.0584    29.0591    35.5715    35.5726    22.4737    22.4743     700.93    192.588    192.359         60 0.0000e+00
      16046    668.539     20.862     21.000    29.0573    29.0624   5.819469   5.819826     3.1603     2.6810      13.12   26.06702  -96.92402   -0.00040    0.00086     4.4095     4.4030    29.0522    29.0574    35.5749    35.5736    22.4784    22.4756    1536.08    192.600    192.317         56 0.0000e+00
      16101    670.838     21.856     22.000    29.0585    29.0594   5.819644   5.819903     3.1547     2.6765      12.18   26.06701  -96.92402   -0.00178   -0.00219     4.3999     4.3947    29.0532    29.0541    35.5749    35.5760    22.4780    22.4785    1544.57    192.178    191.953         53 0.0000e+00
      16155    673.102     22.849     23.000    29.0575    29.0577   5.819742   5.820010     3.1539     2.6788      11.21   26.06701  -96.92402   -0.00099    0.00080     4.3990     4.4000    29.0520    29.0522    35.5761    35.5778    22.4793    22.4805    1544.58    192.140    192.181         42 0.0000e+00
      16259    677.399     23.843     24.000    29.0587    29.0597   5.819755   5.820020     3.1563     2.6754      10.20   26.06700  -96.92402    0.00109   -0.00023     4.4038     4.3935    29.0529    29.0539    35.5750    35.5761    22.4782    22.4786    1544.58    192.351    191.898         45 0.0000e+00
      16666    694.384     26.823     27.000    29.0138    29.0161   5.811741   5.812044     3.1476     2.6708       7.26   26.02855  -96.78099   -0.00027   -0.00022     4.3916     4.3873    29.0072    29.0095    35.5271    35.5275    22.4494    22.4489    1542.31    191.816    191.628         43 0.0000e+00
      16861    702.518     27.800     28.000    29.0530    29.0547   5.822111   5.822075     3.1406     2.6633       6.39   26.06702  -96.92403    0.00057   -0.00071     4.3789     4.3718    29.0452    29.0481    35.5951    35.5927    22.4958    22.4933    1544.59    191.259    190.949         51 0.0000e+00
      17384    724.298     28.809     29.000    29.0663    29.0640   5.830045   5.828331     3.0484     2.6068       5.27   26.06701  -96.92405    0.00103    0.00192     4.2154     4.2568    29.0593    29.0570    35.6383    35.6287    22.5235    22.5172    1544.60    184.115    185.920         68 0.0000e+00
