GOMECC/GOMECC-4/1db/drb2103_0982.cnv
* Sea-Bird SBE 9 Data File:
* FileName = C:\Users\scs.user.rb\CTD\GOMECC4\data\rb2103_0982.hex
* Software Version Seasave V 7.26.7.107
* Temperature SN = 4799
* Conductivity SN = 3860
* Number of Bytes Per Scan = 41
* Number of Voltage Words = 4
* Number of Scans Averaged by the Deck Unit = 1
* NMEA Latitude = 23 11.00 N
* NMEA Longitude = 090 38.50 W
* NMEA UTC (Time) = Oct 11 2021  16:51:30
* NMEA baud rate = 4800
# nquan = 28
# nvalues = 215                         
# units = specified
# name 0 = scan: Scan Count
# name 1 = timeS: Time, Elapsed [seconds]
# name 2 = depSM: Depth [salt water, m]
# name 3 = prDM: Pressure, Digiquartz [db]
# name 4 = t090C: Temperature [ITS-90, deg C]
# name 5 = t190C: Temperature, 2 [ITS-90, deg C]
# name 6 = c0S/m: Conductivity [S/m]
# name 7 = c1S/m: Conductivity, 2 [S/m]
# name 8 = sbeox0V: Oxygen raw, SBE 43 [V]
# name 9 = sbeox1V: Oxygen raw, SBE 43, 2 [V]
# name 10 = altM: Altimeter [m]
# name 11 = latitude: Latitude [deg]
# name 12 = longitude: Longitude [deg]
# name 13 = sbox0dV/dT: Oxygen, SBE 43 [dov/dt]
# name 14 = sbox1dV/dT: Oxygen, SBE 43, 2 [dov/dt]
# name 15 = sbeox0ML/L: Oxygen, SBE 43 [ml/l], WS = 5
# name 16 = sbeox1ML/L: Oxygen, SBE 43, 2 [ml/l], WS = 5
# name 17 = potemp090C: Potential Temperature [ITS-90, deg C]
# name 18 = potemp190C: Potential Temperature, 2 [ITS-90, deg C]
# name 19 = sal00: Salinity, Practical [PSU]
# name 20 = sal11: Salinity, Practical, 2 [PSU]
# name 21 = sigma-é00: Density [sigma-theta, kg/m^3]
# name 22 = sigma-é11: Density, 2 [sigma-theta, kg/m^3]
# name 23 = avgsvCM: Average Sound Velocity [Chen-Millero, m/s], minP = 20, minS = 20
# name 24 = sbox0Mm/Kg: Oxygen, SBE 43 [umol/kg], WS = 5
# name 25 = sbox1Mm/Kg: Oxygen, SBE 43, 2 [umol/kg], WS = 5
# name 26 = nbin: number of scans per bin
# name 27 = flag: flag
# span 0 =      17788,     111386       
# span 1 =    741.125,   4641.044       
# span 2 =      4.968,   3286.047       
# span 3 =      5.000,   3333.000       
# span 4 =     4.3987,    29.7161       
# span 5 =     4.3998,    29.7179       
# span 6 =   3.354484,   5.983314       
# span 7 =   3.354462,   5.983637       
# span 8 =     1.6628,     3.3281       
# span 9 =     1.3573,     2.8405       
# span 10 =      11.24,     100.66      
# span 11 =   23.18130,   23.18444      
# span 12 =  -90.64534,  -90.63295      
# span 13 =   -0.03411,    0.04135      
# span 14 =   -0.03211,    0.03926      
# span 15 =     2.4536,     4.8899      
# span 16 =     2.4691,     4.8885      
# span 17 =     4.0799,    29.7147      
# span 18 =     4.0810,    29.7164      
# span 19 =    34.9438,    36.6815      
# span 20 =    34.9432,    36.6826      
# span 21 =    22.6944,    27.7574      
# span 22 =    22.6951,    27.7561      
# span 23 =       0.00,    1546.51      
# span 24 =    106.737,    213.313      
# span 25 =    107.414,    213.253      
# span 26 =         30,         70      
# span 27 = 0.0000e+00, 0.0000e+00      
# interval = decibars: 1                
# start_time = Oct 11 2021 16:51:30 [NMEA time, header]
# bad_flag = -9.990e-29
*END*
[from data line 104]
      22867    952.746    108.284    109.000    20.6902    20.6910   5.072074   5.072330     2.1778     1.8184     100.17   23.18360  -90.64166    0.00319    0.00267     3.0861     3.1014    20.6694    20.6702    36.6636    36.6650    25.8513    25.8521    1539.12    134.350    135.017         40 0.0000e+00
      22912    954.633    109.277    110.000    20.7060    20.7064   5.075084   5.075268     2.1848     1.8254     100.00   23.18360  -90.64166    0.00455    0.00429     3.1003     3.1168    20.6849    20.6854    36.6749    36.6761    25.8557    25.8564    1539.00    134.971    135.688         53 0.0000e+00
      22963    956.755    110.270    111.000    20.7110    20.7119   5.076315   5.076559     2.1881     1.8293     100.00   23.18358  -90.64166    0.00259    0.00278     3.1071     3.1261    20.6898    20.6907    36.6794    36.6807    25.8578    25.8585    1538.90    135.265    136.092         44 0.0000e+00
      23005    958.513    111.263    112.000    20.7039    20.7060   5.075856   5.076217     2.1892     1.8291     100.00   23.18358  -90.64166    0.00113    0.00100     3.1103     3.1263    20.6825    20.6846    36.6815    36.6826    25.8614    25.8617    1538.79    135.404    136.101         42 0.0000e+00
      23056    960.605    112.257    113.000    20.6513    20.6536   5.069845   5.070245     2.1876     1.8273     100.00   23.18358  -90.64166    0.00004   -0.00043     3.1106     3.1255    20.6298    20.6321    36.6777    36.6790    25.8728    25.8732    1538.69    135.414    136.066         52 0.0000e+00
      23103    962.572    113.250    114.000    20.6206    20.6223   5.066255   5.066594     2.1838     1.8231     100.00   23.18358  -90.64166   -0.00138   -0.00157     3.1048     3.1180    20.5989    20.6006    36.6746    36.6759    25.8788    25.8793    1538.58    135.162    135.737         44 0.0000e+00
      23149    964.493    114.243    115.000    20.5907    20.5930   5.062863   5.063253     2.1797     1.8186     100.00   23.18358  -90.64166   -0.00207   -0.00207     3.0982     3.1095    20.5688    20.5711    36.6725    36.6737    25.8854    25.8857    1538.48    134.875    135.367         51 0.0000e+00
      23199    966.593    115.236    116.000    20.5225    20.5259   5.054817   5.055371     2.1737     1.8119     100.00   23.18358  -90.64166   -0.00237   -0.00289     3.0899     3.0979    20.5000    20.5038    36.6659    36.6671    25.8989    25.8989    1538.39    134.510    134.858         45 0.0000e+00
      23242    968.362    116.229    117.000    20.4450    20.4482   5.045699   5.046195     2.1660     1.8050      94.90   23.18358  -90.64166   -0.00346   -0.00343     3.0790     3.0872    20.4229    20.4261    36.6578    36.6591    25.9136    25.9137    1538.28    134.035    134.392         44 0.0000e+00
      23292    970.446    117.222    118.000    20.3583    20.3609   5.034800   5.035262     2.1561     1.7960      97.67   23.18358  -90.64166   -0.00459   -0.00402     3.0637     3.0717    20.3360    20.3387    36.6435    36.6449    25.9261    25.9265    1538.17    133.366    133.716         53 0.0000e+00
      23339    972.422    118.215    119.000    20.2869    20.2906   5.026034   5.026597     2.1466     1.7885      99.98   23.18358  -90.64166   -0.00476   -0.00435     3.0483     3.0587    20.2645    20.2682    36.6332    36.6346    25.9374    25.9375    1538.07    132.697    133.147         44 0.0000e+00
      23385    974.347    119.208    120.000    20.2117    20.2157   5.016841   5.017438     2.1361     1.7778     100.00   23.18358  -90.64166   -0.00506   -0.00431     3.0309     3.0381    20.1891    20.1931    36.6227    36.6241    25.9496    25.9496    1537.97    131.935    132.252         48 0.0000e+00
      23429    976.154    120.202    121.000    20.0426    20.0507   4.996335   4.997344     2.1221     1.7644     100.00   23.18358  -90.64167   -0.00613   -0.00617     3.0118     3.0166    20.0200    20.0281    36.6007    36.6019    25.9780    25.9767    1537.87    131.100    131.311         38 0.0000e+00
      23465    977.651    121.195    122.000    19.8887    19.8919   4.977739   4.978241     2.1017     1.7432     100.00   23.18358  -90.64167   -0.00915   -0.00917     2.9775     2.9762    19.8661    19.8693    36.5809    36.5822    26.0038    26.0039    1537.77    129.606    129.548         34 0.0000e+00
      23497    978.998    122.188    123.000    19.7954    19.7997   4.966667   4.967156     2.0820     1.7245     100.00   23.18358  -90.64168   -0.01304   -0.01306     2.9433     2.9397    19.7726    19.7769    36.5703    36.5717    26.0204    26.0203    1537.66    128.115    127.956         31 0.0000e+00
      23529    980.337    123.181    124.000    19.6973    19.6995   4.955127   4.955505     2.0669     1.7131     100.00   23.18358  -90.64168   -0.01383   -0.01288     2.9146     2.9164    19.6744    19.6766    36.5599    36.5612    26.0384    26.0387    1537.55    126.863    126.941         33 0.0000e+00
      23561    981.671    124.174    125.000    19.6384    19.6399   4.948234   4.948603     2.0545     1.7037     100.00   23.18358  -90.64168   -0.01174   -0.00968     2.8917     2.8978    19.6154    19.6169    36.5538    36.5556    26.0493    26.0502    1537.45    125.863    126.131         31 0.0000e+00
      23591    982.929    125.167    126.000    19.6216    19.6228   4.946313   4.946623     2.0472     1.6995     100.00   23.18358  -90.64168   -0.00943   -0.00676     2.8772     2.8891    19.5984    19.5997    36.5521    36.5536    26.0524    26.0532    1537.34    125.234    125.753         30 0.0000e+00
      23623    984.252    126.160    127.000    19.6101    19.6121   4.945265   4.945646     2.0419     1.6936     100.00   23.18358  -90.64168   -0.00641   -0.00474     2.8667     2.8761    19.5867    19.5887    36.5531    36.5546    26.0562    26.0568    1537.23    124.778    125.184         33 0.0000e+00
      23657    985.654    127.153    128.000    19.5753    19.5779   4.941358   4.941805     2.0370     1.6921     100.00   23.18358  -90.64168   -0.00433   -0.00319     2.8584     2.8747    19.5518    19.5544    36.5507    36.5522    26.0635    26.0640    1537.13    124.414    125.123         33 0.0000e+00
      23688    986.973    128.146    129.000    19.5230    19.5257   4.935048   4.935556     2.0338     1.6905     100.00   23.18358  -90.64168   -0.00330   -0.00186     2.8561     2.8744    19.4993    19.5023    36.5437    36.5449    26.0719    26.0720    1537.05    124.314    125.109         31 0.0000e+00
      23720    988.287    129.139    130.000    19.4310    19.4340   4.924444   4.924917     2.0277     1.6817     100.00   23.18358  -90.64168   -0.00316   -0.00250     2.8475     2.8585    19.4073    19.4102    36.5354    36.5368    26.0897    26.0899    1536.93    123.937    124.414         33 0.0000e+00
      23753    989.657    130.132    131.000    19.3536    19.3570   4.915411   4.915937     2.0196     1.6726     100.00   23.18358  -90.64168   -0.00434   -0.00517     2.8346     2.8415    19.3298    19.3332    36.5275    36.5289    26.1038    26.1040    1536.82    123.371    123.673         33 0.0000e+00
      23814    992.188    132.119    133.000    19.1397    19.1424   4.890372   4.890845     1.9978     1.6531      79.27   23.18311  -90.63984   -0.00756   -0.00720     2.7994     2.8064    19.1157    19.1184    36.5047    36.5064    26.1419    26.1425    1536.59    121.838    122.140         31 0.0000e+00
      23847    993.570    133.111    134.000    19.0453    19.0514   4.879428   4.880225     1.9845     1.6401     100.11   23.18358  -90.64168   -0.00894   -0.00817     2.7766     2.7812    19.0212    19.0273    36.4958    36.4971    26.1595    26.1590    1536.51    120.842    121.044         34 0.0000e+00
      23880    994.971    134.105    135.000    18.9343    18.9367   4.866986   4.867410     1.9715     1.6283     100.00   23.18358  -90.64168   -0.00961   -0.00898     2.7548     2.7591    18.9101    18.9125    36.4884    36.4899    26.1825    26.1830    1536.41    119.890    120.077         33 0.0000e+00
      23912    996.292    135.098    136.000    18.9193    18.9214   4.865759   4.866141     1.9645     1.6235     100.00   23.18358  -90.64168   -0.00864   -0.00778     2.7405     2.7487    18.8949    18.8970    36.4910    36.4923    26.1883    26.1888    1536.31    119.268    119.624         31 0.0000e+00
      23944    997.621    136.091    137.000    18.8474    18.8499   4.857963   4.858382     1.9625     1.6252      81.15   23.18358  -90.64168   -0.00558   -0.00383     2.7405     2.7570    18.8229    18.8254    36.4882    36.4896    26.2047    26.2051    1536.20    119.265    119.984         32 0.0000e+00
      23975    998.902    137.084    138.000    18.8181    18.8197   4.854654   4.854990     1.9633     1.6264      86.81   23.18358  -90.64168   -0.00201   -0.00007     2.7442     2.7617    18.7934    18.7951    36.4858    36.4872    26.2104    26.2110    1536.10    119.428    120.186         30 0.0000e+00
      24005   1000.153    138.077    139.000    18.7689    18.7713   4.849114   4.849494     1.9616     1.6249      99.86   23.18358  -90.64168   -0.00038    0.00066     2.7436     2.7611    18.7442    18.7465    36.4820    36.4831    26.2200    26.2203    1536.00    119.400    120.161         31 0.0000e+00
      24038   1001.544    139.070    140.000    18.6976    18.7009   4.841125   4.841610     1.9592     1.6238     100.00   23.18357  -90.64168   -0.00095   -0.00057     2.7427     2.7626    18.6728    18.6760    36.4771    36.4783    26.2345    26.2345    1535.90    119.357    120.224         35 0.0000e+00
      24073   1002.991    140.063    141.000    18.6395    18.6415   4.834517   4.834879     1.9597     1.6234      99.92   23.18357  -90.64168   -0.00116   -0.00073     2.7474     2.7652    18.6145    18.6164    36.4721    36.4735    26.2455    26.2461    1535.80    119.561    120.335         33 0.0000e+00
      24104   1004.280    141.056    142.000    18.5921    18.5945   4.829107   4.829504     1.9594     1.6219     100.00   23.18356  -90.64168   -0.00025   -0.00053     2.7499     2.7644    18.5669    18.5693    36.4678    36.4691    26.2543    26.2547    1535.69    119.667    120.300         30 0.0000e+00
      24133   1005.518    142.049    143.000    18.5443    18.5470   4.823699   4.824127     1.9574     1.6197     100.00   23.18356  -90.64168   -0.00030   -0.00103     2.7485     2.7621    18.5190    18.5217    36.4639    36.4651    26.2634    26.2637    1535.59    119.606    120.197         30 0.0000e+00
      24165   1006.849    143.042    144.000    18.4974    18.4994   4.818393   4.818737     1.9560     1.6187     100.00   23.18356  -90.64168   -0.00110   -0.00142     2.7483     2.7624    18.4720    18.4739    36.4600    36.4612    26.2723    26.2728    1535.49    119.597    120.212         33 0.0000e+00
      24198   1008.220    144.035    145.000    18.4663    18.4674   4.814897   4.815159     1.9567     1.6204     100.00   23.18356  -90.64168   -0.00085   -0.00055     2.7520     2.7686    18.4408    18.4419    36.4574    36.4586    26.2783    26.2789    1535.39    119.757    120.477         33 0.0000e+00
      24230   1009.557    145.028    146.000    18.4375    18.4396   4.811646   4.812003     1.9596     1.6239     100.00   23.18356  -90.64168    0.00051    0.00101     2.7605     2.7791    18.4118    18.4139    36.4549    36.4561    26.2837    26.2841    1535.29    120.128    120.938         32 0.0000e+00
      24262   1010.855    146.021    147.000    18.4010    18.4028   4.807480   4.807808     1.9622     1.6273     100.00   23.18356  -90.64168    0.00166    0.00226     2.7687     2.7897    18.3751    18.3770    36.4515    36.4526    26.2903    26.2907    1535.19    120.482    121.394         30 0.0000e+00
      24293   1012.165    147.014    148.000    18.3680    18.3708   4.803578   4.804039     1.9648     1.6294     100.00   23.18356  -90.64168    0.00208    0.00246     2.7768     2.7970    18.3420    18.3449    36.4471    36.4485    26.2953    26.2957    1535.10    120.834    121.715         33 0.0000e+00
      24326   1013.561    148.007    149.000    18.2961    18.3003   4.795075   4.795655     1.9654     1.6282     100.00   23.18356  -90.64168    0.00169    0.00135     2.7827     2.7984    18.2700    18.2742    36.4381    36.4393    26.3065    26.3064    1535.00    121.089    121.771         34 0.0000e+00
      24359   1014.926    149.000    150.000    18.1774    18.1821   4.781174   4.781813     1.9611     1.6233     100.00   23.18356  -90.64168    0.00001   -0.00091     2.7804     2.7933    18.1513    18.1560    36.4244    36.4256    26.3258    26.3256    1534.90    120.990    121.550         31 0.0000e+00
      24389   1016.186    149.993    151.000    18.1335    18.1348   4.776007   4.776300     1.9575     1.6203      96.67   23.18356  -90.64168   -0.00215   -0.00275     2.7753     2.7890    18.1072    18.1086    36.4189    36.4202    26.3326    26.3332    1534.81    120.767    121.362         30 0.0000e+00
      24420   1017.467    150.986    152.000    18.1104    18.1124   4.773083   4.773451     1.9556     1.6184      99.97   23.18356  -90.64168   -0.00273   -0.00250     2.7728     2.7859    18.0840    18.0860    36.4140    36.4153    26.3346    26.3351    1534.71    120.655    121.224         32 0.0000e+00
      24453   1018.840    151.979    153.000    18.0347    18.0400   4.763535   4.764239     1.9501     1.6122     100.00   23.18356  -90.64168   -0.00229   -0.00234     2.7653     2.7750    18.0082    18.0135    36.3991    36.4004    26.3421    26.3418    1534.62    120.330    120.750         34 0.0000e+00
      24486   1020.227    152.972    154.000    17.9262    17.9287   4.750162   4.750597     1.9362     1.5973     100.00   23.18356  -90.64168   -0.00431   -0.00452     2.7442     2.7488    17.8996    17.9022    36.3806    36.3820    26.3549    26.3554    1534.51    119.411    119.610         32 0.0000e+00
      24518   1021.528    153.964    155.000    17.8221    17.8261   4.737694   4.738537     1.9065     1.5678     100.00   23.18356  -90.64168   -0.01356   -0.01381     2.6763     2.6739    17.7954    17.7995    36.3635    36.3649    26.3676    26.3677    1534.42    116.451    116.350         30 0.0000e+00
      24548   1022.797    154.958    156.000    17.7497    17.7530   4.728816   4.729303     1.8835     1.5454     100.00   23.18356  -90.64168   -0.01769   -0.01775     2.6326     2.6268    17.7230    17.7263    36.3534    36.3547    26.3777    26.3779    1534.33    114.552    114.297         31 0.0000e+00
      24581   1024.159    155.950    157.000    17.6936    17.6955   4.721898   4.722248     1.8626     1.5275     100.00   23.18356  -90.64168   -0.01801   -0.01719     2.5887     2.5857    17.6667    17.6687    36.3434    36.3447    26.3839    26.3844    1534.23    112.641    112.508         35 0.0000e+00
      24615   1025.580    156.944    158.000    17.6792    17.6806   4.720187   4.720510     1.8444     1.5143     100.00   23.18356  -90.64168   -0.01525   -0.01329     2.5487     2.5542    17.6521    17.6536    36.3411    36.3426    26.3857    26.3865    1534.13    110.900    111.139         32 0.0000e+00
      24646   1026.864    157.936    159.000    17.6655    17.6668   4.718616   4.718883     1.8369     1.5083      60.18   23.18356  -90.64169   -0.01180   -0.00918     2.5326     2.5403    17.6384    17.6396    36.3394    36.3406    26.3877    26.3884    1534.03    110.196    110.532         30 0.0000e+00
      24675   1028.097    158.930    160.000    17.6420    17.6440   4.715853   4.716187     1.8317     1.5037      90.81   23.18356  -90.64170   -0.00786   -0.00590     2.5225     2.5303    17.6147    17.6166    36.3361    36.3372    26.3911    26.3914    1533.94    109.759    110.100         31 0.0000e+00
