GOMECC/GOMECC-4/1db/drb2103_0982.cnv
* Sea-Bird SBE 9 Data File:
* FileName = C:\Users\scs.user.rb\CTD\GOMECC4\data\rb2103_0982.hex
* Software Version Seasave V 7.26.7.107
* Temperature SN = 4799
* Conductivity SN = 3860
* Number of Bytes Per Scan = 41
* Number of Voltage Words = 4
* Number of Scans Averaged by the Deck Unit = 1
* NMEA Latitude = 23 11.00 N
* NMEA Longitude = 090 38.50 W
* NMEA UTC (Time) = Oct 11 2021  16:51:30
* NMEA baud rate = 4800
# nquan = 28
# nvalues = 215                         
# units = specified
# name 0 = scan: Scan Count
# name 1 = timeS: Time, Elapsed [seconds]
# name 2 = depSM: Depth [salt water, m]
# name 3 = prDM: Pressure, Digiquartz [db]
# name 4 = t090C: Temperature [ITS-90, deg C]
# name 5 = t190C: Temperature, 2 [ITS-90, deg C]
# name 6 = c0S/m: Conductivity [S/m]
# name 7 = c1S/m: Conductivity, 2 [S/m]
# name 8 = sbeox0V: Oxygen raw, SBE 43 [V]
# name 9 = sbeox1V: Oxygen raw, SBE 43, 2 [V]
# name 10 = altM: Altimeter [m]
# name 11 = latitude: Latitude [deg]
# name 12 = longitude: Longitude [deg]
# name 13 = sbox0dV/dT: Oxygen, SBE 43 [dov/dt]
# name 14 = sbox1dV/dT: Oxygen, SBE 43, 2 [dov/dt]
# name 15 = sbeox0ML/L: Oxygen, SBE 43 [ml/l], WS = 5
# name 16 = sbeox1ML/L: Oxygen, SBE 43, 2 [ml/l], WS = 5
# name 17 = potemp090C: Potential Temperature [ITS-90, deg C]
# name 18 = potemp190C: Potential Temperature, 2 [ITS-90, deg C]
# name 19 = sal00: Salinity, Practical [PSU]
# name 20 = sal11: Salinity, Practical, 2 [PSU]
# name 21 = sigma-é00: Density [sigma-theta, kg/m^3]
# name 22 = sigma-é11: Density, 2 [sigma-theta, kg/m^3]
# name 23 = avgsvCM: Average Sound Velocity [Chen-Millero, m/s], minP = 20, minS = 20
# name 24 = sbox0Mm/Kg: Oxygen, SBE 43 [umol/kg], WS = 5
# name 25 = sbox1Mm/Kg: Oxygen, SBE 43, 2 [umol/kg], WS = 5
# name 26 = nbin: number of scans per bin
# name 27 = flag: flag
# span 0 =      17788,     111386       
# span 1 =    741.125,   4641.044       
# span 2 =      4.968,   3286.047       
# span 3 =      5.000,   3333.000       
# span 4 =     4.3987,    29.7161       
# span 5 =     4.3998,    29.7179       
# span 6 =   3.354484,   5.983314       
# span 7 =   3.354462,   5.983637       
# span 8 =     1.6628,     3.3281       
# span 9 =     1.3573,     2.8405       
# span 10 =      11.24,     100.66      
# span 11 =   23.18130,   23.18444      
# span 12 =  -90.64534,  -90.63295      
# span 13 =   -0.03411,    0.04135      
# span 14 =   -0.03211,    0.03926      
# span 15 =     2.4536,     4.8899      
# span 16 =     2.4691,     4.8885      
# span 17 =     4.0799,    29.7147      
# span 18 =     4.0810,    29.7164      
# span 19 =    34.9438,    36.6815      
# span 20 =    34.9432,    36.6826      
# span 21 =    22.6944,    27.7574      
# span 22 =    22.6951,    27.7561      
# span 23 =       0.00,    1546.51      
# span 24 =    106.737,    213.313      
# span 25 =    107.414,    213.253      
# span 26 =         30,         70      
# span 27 = 0.0000e+00, 0.0000e+00      
# interval = decibars: 1                
# start_time = Oct 11 2021 16:51:30 [NMEA time, header]
# bad_flag = -9.990e-29
*END*
[from data line 156]
      24742   1030.893    160.915    162.000    17.5073    17.5105   4.699971   4.700421     1.8226     1.4979     100.00   23.18356  -90.64170   -0.00352   -0.00237     2.5097     2.5234    17.4798    17.4829    36.3183    36.3194    26.4104    26.4105    1533.74    109.199    109.795         32 0.0000e+00
      24774   1032.189    161.908    163.000    17.4670    17.4687   4.695317   4.695603     1.8182     1.4934     100.00   23.18356  -90.64170   -0.00325   -0.00236     2.5021     2.5145    17.4394    17.4411    36.3136    36.3146    26.4167    26.4170    1533.65    108.869    109.409         30 0.0000e+00
      24804   1033.477    162.901    164.000    17.4461    17.4461   4.692912   4.693011     1.8143     1.4888     100.00   23.18356  -90.64170   -0.00321   -0.00321     2.4946     2.5047    17.4183    17.4183    36.3111    36.3120    26.4199    26.4206    1533.56    108.542    108.980         32 0.0000e+00
      24836   1034.795    163.894    165.000    17.4378    17.4390   4.691971   4.692220     1.8120     1.4883     100.00   23.18356  -90.64170   -0.00288   -0.00284     2.4903     2.5041    17.4098    17.4110    36.3100    36.3111    26.4211    26.4217    1533.46    108.352    108.953         31 0.0000e+00
      24868   1036.114    164.887    166.000    17.3610    17.3653   4.682991   4.683531     1.8102     1.4875     100.00   23.18356  -90.64170   -0.00200   -0.00132     2.4904     2.5061    17.3330    17.3373    36.3004    36.3012    26.4324    26.4321    1533.37    108.359    109.041         32 0.0000e+00
      24901   1037.481    165.879    167.000    17.3065    17.3096   4.676635   4.677061     1.8086     1.4855     100.00   23.18356  -90.64170   -0.00140   -0.00068     2.4901     2.5044    17.2784    17.2814    36.2936    36.2945    26.4404    26.4405    1533.28    108.344    108.965         34 0.0000e+00
      24933   1038.845    166.872    168.000    17.2187    17.2231   4.666401   4.666933     1.8073     1.4836      36.67   23.18356  -90.64170   -0.00118   -0.00125     2.4922     2.5044    17.1905    17.1949    36.2828    36.2835    26.4534    26.4529    1533.19    108.433    108.963         31 0.0000e+00
      24965   1040.149    167.865    169.000    17.1152    17.1197   4.654446   4.655016     1.8064     1.4833      87.13   23.18356  -90.64170   -0.00099   -0.00123     2.4959     2.5090    17.0870    17.0914    36.2710    36.2720    26.4694    26.4690    1533.10    108.595    109.163         32 0.0000e+00
      24996   1041.452    168.858    170.000    17.0102    17.0136   4.642231   4.642715     1.8069     1.4835      99.94   23.18355  -90.64170   -0.00053   -0.00046     2.5031     2.5155    16.9819    16.9853    36.2582    36.2594    26.4848    26.4849    1533.00    108.903    109.444         31 0.0000e+00
      25027   1042.769    169.851    171.000    16.9734    16.9753   4.637862   4.638192     1.8070     1.4835     100.00   23.18355  -90.64170    0.00003    0.00005     2.5056     2.5177    16.9450    16.9469    36.2527    36.2538    26.4894    26.4898    1532.91    109.013    109.539         32 0.0000e+00
      25061   1044.153    170.844    172.000    16.9313    16.9338   4.632993   4.633369     1.8062     1.4837      98.02   23.18355  -90.64170    0.00003    0.00005     2.5064     2.5206    16.9027    16.9052    36.2475    36.2486    26.4955    26.4957    1532.82    109.047    109.664         34 0.0000e+00
      25094   1045.534    171.837    173.000    16.8830    16.8859   4.627416   4.627727     1.8057     1.4847      89.22   23.18355  -90.64170   -0.00044    0.00025     2.5080     2.5259    16.8544    16.8573    36.2417    36.2425    26.5026    26.5025    1532.72    109.116    109.894         31 0.0000e+00
      25123   1046.768    172.830    174.000    16.8438    16.8457   4.623147   4.623460     1.8059     1.4855      99.98   23.18355  -90.64170   -0.00037    0.00049     2.5111     2.5305    16.8150    16.8170    36.2384    36.2394    26.5094    26.5097    1532.62    109.250    110.092         30 0.0000e+00
      25155   1048.075    173.823    175.000    16.8228    16.8245   4.620765   4.621046     1.8091     1.4880     100.00   23.18355  -90.64170    0.00049    0.00097     2.5198     2.5382    16.7939    16.7956    36.2367    36.2377    26.5132    26.5135    1532.53    109.628    110.430         33 0.0000e+00
      25189   1049.499    174.815    176.000    16.8135    16.8145   4.619824   4.620032     1.8146     1.4931     100.00   23.18355  -90.64170    0.00229    0.00210     2.5335     2.5520    16.7844    16.7855    36.2364    36.2374    26.5152    26.5157    1532.44    110.225    111.028         34 0.0000e+00
      25221   1050.819    175.808    177.000    16.7948    16.7985   4.617858   4.618331     1.8210     1.5005      79.94   23.18354  -90.64170    0.00400    0.00386     2.5497     2.5718    16.7656    16.7693    36.2356    36.2365    26.5191    26.5189    1532.35    110.927    111.888         30 0.0000e+00
      25251   1052.065    176.801    178.000    16.7194    16.7219   4.609387   4.609753     1.8290     1.5105      94.20   23.18354  -90.64170    0.00462    0.00521     2.5726     2.6017    16.6901    16.6926    36.2287    36.2297    26.5317    26.5319    1532.26    111.925    113.188         30 0.0000e+00
      25282   1053.389    177.794    179.000    16.6551    16.6582   4.601852   4.602270     1.8461     1.5283      99.97   23.18354  -90.64170    0.00669    0.00826     2.6164     2.6506    16.6257    16.6289    36.2200    36.2208    26.5402    26.5401    1532.17    113.826    115.313         34 0.0000e+00
      25316   1054.797    178.787    180.000    16.5884    16.5915   4.593807   4.594227     1.8597     1.5383     100.00   23.18354  -90.64170    0.01075    0.01083     2.6521     2.6802    16.5589    16.5621    36.2089    36.2097    26.5475    26.5474    1532.08    115.379    116.602         33 0.0000e+00
      25348   1056.115    179.780    181.000    16.5386    16.5410   4.587792   4.588176     1.8633     1.5387      45.09   23.18354  -90.64170    0.00905    0.00722     2.6639     2.6844    16.5090    16.5115    36.2004    36.2015    26.5527    26.5530    1531.99    115.893    116.783         31 0.0000e+00
      25379   1057.397    180.772    182.000    16.5016    16.5042   4.583167   4.583545     1.8597     1.5342      99.17   23.18354  -90.64170    0.00355    0.00120     2.6578     2.6748    16.4719    16.4746    36.1925    36.1934    26.5554    26.5555    1531.90    115.628    116.367         31 0.0000e+00
      25412   1058.781    181.765    183.000    16.4643    16.4657   4.578549   4.578807     1.8425     1.5136     100.00   23.18354  -90.64170   -0.00432   -0.00537     2.6204     2.6254    16.4345    16.4359    36.1849    36.1860    26.5584    26.5588    1531.81    114.001    114.217         34 0.0000e+00
      25444   1060.133    182.758    184.000    16.4359    16.4387   4.575061   4.575428     1.8236     1.4940     100.00   23.18354  -90.64170   -0.01016   -0.01151     2.5782     2.5769    16.4060    16.4088    36.1794    36.1801    26.5608    26.5606    1531.72    112.165    112.104         31 0.0000e+00
      25503   1062.578    184.744    186.000    16.3550    16.3570   4.565122   4.565431     1.7910     1.4655      99.99   23.18160  -90.63410   -0.01400   -0.01320     2.5073     2.5091    16.3249    16.3268    36.1628    36.1638    26.5668    26.5671    1531.41    109.079    109.157         33 0.0000e+00
      25540   1064.126    185.736    187.000    16.3135    16.3177   4.560446   4.560959     1.7816     1.4593     100.00   23.18354  -90.64171   -0.01092   -0.00904     2.4877     2.4956    16.2832    16.2874    36.1594    36.1601    26.5741    26.5737    1531.46    108.224    108.566         36 0.0000e+00
      25573   1065.490    186.729    188.000    16.2179    16.2204   4.549297   4.549636     1.7751     1.4553     100.00   23.18354  -90.64170   -0.00717   -0.00509     2.4781     2.4906    16.1876    16.1901    36.1465    36.1473    26.5865    26.5865    1531.36    107.804    108.348         30 0.0000e+00
      25602   1066.727    187.722    189.000    16.1811    16.1828   4.544986   4.545244     1.7711     1.4511     100.00   23.18354  -90.64171   -0.00490   -0.00328     2.4710     2.4822    16.1507    16.1524    36.1411    36.1419    26.5909    26.5911    1531.28    107.498    107.982         30 0.0000e+00
      25635   1068.068    188.715    190.000    16.1637    16.1647   4.542984   4.543191     1.7680     1.4478     100.00   23.18354  -90.64172   -0.00348   -0.00307     2.4650     2.4749    16.1331    16.1342    36.1387    36.1396    26.5932    26.5936    1531.19    107.236    107.665         34 0.0000e+00
      25667   1069.411    189.708    191.000    16.1502    16.1518   4.541472   4.541722     1.7656     1.4462     100.00   23.18354  -90.64172   -0.00244   -0.00246     2.4602     2.4717    16.1195    16.1211    36.1371    36.1379    26.5950    26.5953    1531.10    107.028    107.527         30 0.0000e+00
      25696   1070.638    190.700    192.000    16.1263    16.1279   4.538721   4.538949     1.7641     1.4450     100.00   23.18354  -90.64172   -0.00184   -0.00154     2.4583     2.4703    16.0955    16.0971    36.1336    36.1344    26.5980    26.5982    1531.02    106.945    107.463         30 0.0000e+00
      25729   1072.018    191.693    193.000    16.1125    16.1136   4.537110   4.537318     1.7624     1.4443     100.00   23.18354  -90.64172   -0.00140   -0.00089     2.4553     2.4695    16.0815    16.0827    36.1316    36.1325    26.5997    26.6000    1530.93    106.815    107.433         37 0.0000e+00
      25766   1073.532    192.686    194.000    16.1029    16.1042   4.536053   4.536260     1.7614     1.4438      91.96   23.18354  -90.64172   -0.00110   -0.00055     2.4539     2.4691    16.0718    16.0731    36.1305    36.1312    26.6011    26.6013    1530.84    106.753    107.414         33 0.0000e+00
      25822   1075.854    194.671    196.000    16.0838    16.0852   4.533689   4.533909     1.7605     1.4437      99.99   23.18130  -90.63295   -0.00043   -0.00008     2.4536     2.4703    16.0524    16.0538    36.1250    36.1257    26.6011    26.6013    1530.53    106.737    107.463         31 0.0000e+00
      25858   1077.355    195.664    197.000    16.0751    16.0767   4.533041   4.533280     1.7610     1.4437      95.95   23.18354  -90.64172   -0.00016   -0.00008     2.4555     2.4712    16.0435    16.0452    36.1277    36.1284    26.6054    26.6056    1530.60    106.819    107.502         36 0.0000e+00
      25892   1078.782    196.657    198.000    16.0551    16.0572   4.530745   4.531018     1.7629     1.4462     100.09   23.18354  -90.64172    0.00045    0.00037     2.4609     2.4786    16.0235    16.0255    36.1251    36.1257    26.6081    26.6081    1530.51    107.054    107.828         31 0.0000e+00
      25921   1080.012    197.649    199.000    16.0249    16.0268   4.527240   4.527488     1.7676     1.4516      70.02   23.18354  -90.64172    0.00162    0.00188     2.4743     2.4948    15.9931    15.9950    36.1207    36.1212    26.6117    26.6116    1530.43    107.636    108.531         30 0.0000e+00
      25953   1081.321    198.643    200.000    15.9920    15.9941   4.523258   4.523533     1.7717     1.4547      99.42   23.18354  -90.64172    0.00291    0.00323     2.4861     2.5047    15.9601    15.9621    36.1146    36.1152    26.6146    26.6146    1530.35    108.152    108.959         33 0.0000e+00
      25987   1082.753    199.635    201.000    15.9567    15.9590   4.519029   4.519333     1.7705     1.4519     100.01   23.18354  -90.64172    0.00239    0.00181     2.4857     2.4996    15.9247    15.9269    36.1085    36.1091    26.6181    26.6180    1530.27    108.131    108.737         34 0.0000e+00
      26047   1085.237    201.621    203.000    15.9129    15.9151   4.513781   4.514083     1.7613     1.4418     100.00   23.18282  -90.63889   -0.00280   -0.00354     2.4670     2.4765    15.8806    15.8828    36.1002    36.1010    26.6218    26.6218    1530.06    107.320    107.731         32 0.0000e+00
      26082   1086.702    202.613    204.000    15.8884    15.8888   4.510974   4.511130     1.7580     1.4396     100.00   23.18354  -90.64172   -0.00334   -0.00325     2.4612     2.4726    15.8560    15.8567    36.0973    36.0978    26.6253    26.6254    1530.03    107.066    107.561         36 0.0000e+00
      26115   1088.090    203.606    205.000    15.7573    15.7593   4.495728   4.495961     1.7563     1.4395     100.00   23.18354  -90.64172   -0.00242   -0.00156     2.4641     2.4793    15.7249    15.7269    36.0771    36.0774    26.6397    26.6395    1529.95    107.189    107.855         30 0.0000e+00
      26144   1089.301    204.599    206.000    15.6976    15.7001   4.488568   4.488892     1.7553     1.4384     100.00   23.18354  -90.64172   -0.00147   -0.00057     2.4653     2.4800    15.6651    15.6676    36.0692    36.0698    26.6472    26.6471    1529.87    107.244    107.882         30 0.0000e+00
      26176   1090.611    205.591    207.000    15.6379    15.6407   4.481600   4.481949     1.7537     1.4364     100.00   23.18354  -90.64172   -0.00102   -0.00078     2.4653     2.4783    15.6054    15.6082    36.0605    36.0611    26.6541    26.6539    1529.79    107.242    107.808         34 0.0000e+00
      26211   1092.102    206.584    208.000    15.5853    15.5874   4.475435   4.475740     1.7525     1.4360     100.00   23.18354  -90.64172   -0.00103   -0.00110     2.4656     2.4804    15.5527    15.5548    36.0526    36.0534    26.6600    26.6601    1529.71    107.254    107.899         34 0.0000e+00
      26269   1094.510    208.570    210.000    15.4986    15.5013   4.465396   4.465772     1.7562     1.4407     100.00   23.18241  -90.63740    0.00060    0.00108     2.4799     2.4980    15.4658    15.4685    36.0399    36.0408    26.6697    26.6699    1529.48    107.876    108.661         30 0.0000e+00
      26304   1095.952    209.562    211.000    15.4571    15.4600   4.460759   4.461146     1.7600     1.4448     100.00   23.18352  -90.64172    0.00191    0.00227     2.4917     2.5112    15.4242    15.4271    36.0360    36.0368    26.6762    26.6762    1529.47    108.386    109.235         37 0.0000e+00
      26338   1097.382    210.555    212.000    15.4066    15.4090   4.454966   4.455294     1.7626     1.4479     100.00   23.18352  -90.64172    0.00237    0.00268     2.5009     2.5222    15.3736    15.3760    36.0294    36.0301    26.6825    26.6826    1529.39    108.788    109.714         30 0.0000e+00
      26418   1100.715    213.533    215.000    15.2682    15.2713   4.438413   4.438808     1.7592     1.4440      99.99   23.18234  -90.63709   -0.00050   -0.00055     2.5017     2.5205    15.2349    15.2381    36.0044    36.0051    26.6943    26.6941    1529.07    108.820    109.638         30 0.0000e+00
      26556   1106.440    218.496    220.000    15.1562    15.1586   4.425782   4.426086     1.7428     1.4274     100.00   23.18444  -90.64534   -0.00280   -0.00238     2.4699     2.4843    15.1224    15.1247    35.9910    35.9916    26.7093    26.7092    1528.82    107.436    108.063         30 0.0000e+00
      29062   1210.857    317.736    320.000    12.1878    12.1901   4.086912   4.087197     1.6628     1.3573      99.99   23.18195  -90.63569   -0.00118   -0.00122     2.4722     2.4895    12.1452    12.1475    35.5303    35.5309    26.9730    26.9730    1521.99    107.508    108.261         32 0.0000e+00
      50023   2084.264   1133.665   1144.000     4.8491     4.8494   3.377861   3.377839     1.8760     1.5589     100.00   23.18324  -90.64053    0.00052    0.00021     4.0831     4.1085     4.7531     4.7534    34.9438    34.9432    27.6592    27.6587    1499.67    177.442    178.547         31 0.0000e+00
