GOMECC/GOMECC-4/1db/drb2103_0841.cnv
* Sea-Bird SBE 9 Data File:
* FileName = C:\Users\scs.user.rb\CTD\GOMECC4\data\rb2103_0841.hex
* Software Version Seasave V 7.26.7.107
* Temperature SN = 4799
* Conductivity SN = 3860
* Number of Bytes Per Scan = 41
* Number of Voltage Words = 4
* Number of Scans Averaged by the Deck Unit = 1
* NMEA Latitude = 20 43.74 N
* NMEA Longitude = 094 44.99 W
* NMEA UTC (Time) = Oct 07 2021  16:02:53
* NMEA baud rate = 4800
# nquan = 28
# nvalues = 395                         
# units = specified
# name 0 = scan: Scan Count
# name 1 = timeS: Time, Elapsed [seconds]
# name 2 = depSM: Depth [salt water, m]
# name 3 = prDM: Pressure, Digiquartz [db]
# name 4 = t090C: Temperature [ITS-90, deg C]
# name 5 = t190C: Temperature, 2 [ITS-90, deg C]
# name 6 = c0S/m: Conductivity [S/m]
# name 7 = c1S/m: Conductivity, 2 [S/m]
# name 8 = sbeox0V: Oxygen raw, SBE 43 [V]
# name 9 = sbeox1V: Oxygen raw, SBE 43, 2 [V]
# name 10 = altM: Altimeter [m]
# name 11 = latitude: Latitude [deg]
# name 12 = longitude: Longitude [deg]
# name 13 = sbox0dV/dT: Oxygen, SBE 43 [dov/dt]
# name 14 = sbox1dV/dT: Oxygen, SBE 43, 2 [dov/dt]
# name 15 = sbeox0ML/L: Oxygen, SBE 43 [ml/l], WS = 5
# name 16 = sbeox1ML/L: Oxygen, SBE 43, 2 [ml/l], WS = 5
# name 17 = potemp090C: Potential Temperature [ITS-90, deg C]
# name 18 = potemp190C: Potential Temperature, 2 [ITS-90, deg C]
# name 19 = sal00: Salinity, Practical [PSU]
# name 20 = sal11: Salinity, Practical, 2 [PSU]
# name 21 = sigma-é00: Density [sigma-theta, kg/m^3]
# name 22 = sigma-é11: Density, 2 [sigma-theta, kg/m^3]
# name 23 = avgsvCM: Average Sound Velocity [Chen-Millero, m/s], minP = 20, minS = 20
# name 24 = sbox0Mm/Kg: Oxygen, SBE 43 [umol/kg], WS = 5
# name 25 = sbox1Mm/Kg: Oxygen, SBE 43, 2 [umol/kg], WS = 5
# name 26 = nbin: number of scans per bin
# name 27 = flag: flag
# span 0 =      12358,     102129       
# span 1 =    514.865,   4255.323       
# span 2 =      4.969,   3191.624       
# span 3 =      5.000,   3236.000       
# span 4 =     4.2646,    29.4639       
# span 5 =     4.2650,    29.4648       
# span 6 =   3.340327,   5.987241       
# span 7 =   3.340284,   5.987500       
# span 8 =     1.5701,     3.3074       
# span 9 =     1.2742,     2.8263       
# span 10 =       8.47,     101.06      
# span 11 =   20.72146,   20.73352      
# span 12 =  -94.77317,  -94.71799      
# span 13 =   -0.03364,    0.02949      
# span 14 =   -0.03095,    0.03039      
# span 15 =     2.4219,     4.9869      
# span 16 =     2.4421,     4.9962      
# span 17 =     4.0773,    29.4622      
# span 18 =     4.0783,    29.4629      
# span 19 =    34.9125,    36.5093      
# span 20 =    34.9120,    36.5108      
# span 21 =    22.9809,    27.7582      
# span 22 =    22.9815,    27.7568      
# span 23 =       0.00,    1546.38      
# span 24 =    105.312,    217.422      
# span 25 =    106.191,    217.826      
# span 26 =         30,         75      
# span 27 = 0.0000e+00, 0.0000e+00      
# interval = decibars: 1                
# start_time = Oct 07 2021 16:02:53 [NMEA time, header]
# bad_flag = -9.990e-29
*END*
[from data line 311]
      50961   2123.317   1271.189   1283.000     4.3475     4.3477   3.340419   3.340373     1.9718     1.6481     100.00   20.72844  -94.75002   -0.00002    0.00003     4.5661     4.5944     4.2434     4.2436    34.9647    34.9639    27.7322    27.7316    1496.69    198.419    199.649         31 0.0000e+00
      51061   2127.484   1275.139   1287.000     4.3464     4.3466   3.340429   3.340386     1.9720     1.6484     100.00   20.72804  -94.74821    0.00009    0.00006     4.5695     4.5983     4.2419     4.2421    34.9640    34.9633    27.7319    27.7313    1496.64    198.568    199.820         31 0.0000e+00
      51095   2128.919   1276.127   1288.000     4.3459     4.3462   3.340515   3.340471     1.9721     1.6484     100.00   20.72860  -94.75076    0.00002    0.00001     4.5705     4.5991     4.2413     4.2416    34.9650    34.9643    27.7328    27.7321    1496.67    198.612    199.852         33 0.0000e+00
      51195   2133.078   1280.078   1292.000     4.3432     4.3435   3.340424   3.340376     1.9718     1.6485     100.00   20.72835  -94.74960   -0.00008    0.00001     4.5722     4.6019     4.2383     4.2386    34.9648    34.9640    27.7329    27.7322    1496.63    198.686    199.976         30 0.0000e+00
      51408   2141.943   1287.980   1300.000     4.3383     4.3386   3.340327   3.340284     1.9723     1.6484     100.00   20.72825  -94.74916    0.00004    0.00009     4.5792     4.6073     4.2328     4.2330    34.9648    34.9641    27.7335    27.7329    1496.58    198.986    200.208         32 0.0000e+00
      51543   2147.571   1292.919   1305.000     4.3376     4.3378   3.340559   3.340516     1.9727     1.6485      94.56   20.72888  -94.75204    0.00010    0.00000     4.5837     4.6107     4.2316     4.2317    34.9659    34.9652    27.7345    27.7339    1496.60    199.186    200.357         31 0.0000e+00
      51648   2151.954   1296.869   1309.000     4.3360     4.3362   3.340556   3.340511     1.9719     1.6477      98.62   20.72856  -94.75056   -0.00014   -0.00017     4.5835     4.6100     4.2296     4.2298    34.9655    34.9648    27.7344    27.7338    1496.55    199.173    200.329         31 0.0000e+00
      51779   2157.426   1301.807   1314.000     4.3335     4.3338   3.340552   3.340494     1.9716     1.6473      94.26   20.72849  -94.75025    0.00008    0.00004     4.5859     4.6117     4.2267     4.2270    34.9656    34.9647    27.7348    27.7340    1496.52    199.278    200.401         30 0.0000e+00
      52123   2171.744   1314.646   1327.000     4.3287     4.3290   3.340664   3.340623     1.9711     1.6472     100.00   20.72836  -94.74961   -0.00014    0.00002     4.5923     4.6197     4.2208     4.2210    34.9655    34.9648    27.7353    27.7347    1496.44    199.558    200.750         32 0.0000e+00
      52440   2184.949   1326.496   1339.000     4.3240     4.3243   3.340806   3.340754     1.9705     1.6460     100.00   20.72853  -94.75038    0.00000   -0.00000     4.5978     4.6226     4.2151     4.2153    34.9662    34.9653    27.7365    27.7358    1496.40    199.796    200.875         31 0.0000e+00
      52786   2199.373   1339.334   1352.000     4.3175     4.3178   3.340865   3.340814     1.9699     1.6459     100.00   20.72900  -94.75250 -1.889e-08   -0.00002     4.6042     4.6311     4.2074     4.2077    34.9674    34.9664    27.7383    27.7375    1496.37    200.075    201.241         31 0.0000e+00
      52971   2207.065   1346.246   1359.000     4.3166     4.3168   3.341032   3.340983     1.9701     1.6459     100.00   20.72864  -94.75088   -0.00008   -0.00002     4.6093     4.6352     4.2059     4.2061    34.9668    34.9660    27.7379    27.7373    1496.31    200.298    201.419         30 0.0000e+00
      53130   2213.693   1352.170   1365.000     4.3146     4.3148   3.341118   3.341068     1.9695     1.6452     100.00   20.72867  -94.75100   -0.00009    0.00009     4.6108     4.6363     4.2033     4.2035    34.9669    34.9661    27.7383    27.7377    1496.29    200.363    201.468         30 0.0000e+00
      53261   2219.165   1357.107   1370.000     4.3128     4.3131   3.341144   3.341095     1.9691     1.6448     100.00   20.72841  -94.74981   -0.00007   -0.00012     4.6125     4.6379     4.2011     4.2014    34.9667    34.9658    27.7384    27.7376    1496.25    200.436    201.538         30 0.0000e+00
      53292   2220.442   1358.095   1371.000     4.3119     4.3122   3.341139   3.341090     1.9689     1.6448     100.00   20.72862  -94.75078   -0.00009    0.00001     4.6127     4.6388     4.2001     4.2004    34.9670    34.9662    27.7388    27.7381    1496.26    200.445    201.578         30 0.0000e+00
      54365   2265.177   1397.586   1411.000     4.2990     4.2993   3.341761   3.341721     1.9666     1.6429     100.00   20.72890  -94.75208   -0.00007   -0.00015     4.6298     4.6567     4.1836     4.1840    34.9683    34.9675    27.7415    27.7409    1496.12    201.187    202.356         30 0.0000e+00
      54470   2269.523   1401.534   1415.000     4.2979     4.2981   3.341776   3.341722     1.9666     1.6435     100.00   20.72845  -94.75000    0.00000    0.00011     4.6324     4.6619     4.1822     4.1824    34.9676    34.9667    27.7411    27.7404    1496.08    201.300    202.579         31 0.0000e+00
      54683   2278.401   1409.431   1423.000     4.2956     4.2958   3.341861   3.341814     1.9658     1.6422     100.00   20.72810  -94.74838   -0.00001    0.00005     4.6346     4.6620     4.1792     4.1794    34.9671    34.9663    27.7411    27.7404    1496.02    201.394    202.586         31 0.0000e+00
      54787   2282.762   1413.380   1427.000     4.2950     4.2953   3.342000   3.341946     1.9657     1.6420     100.00   20.72816  -94.74869   -0.00002   -0.00006     4.6365     4.6637     4.1783     4.1785    34.9673    34.9664    27.7413    27.7406    1496.02    201.476    202.659         30 0.0000e+00
      54820   2284.134   1414.367   1428.000     4.2947     4.2949   3.342073   3.342018     1.9653     1.6413     100.00   20.72862  -94.75078   -0.00005   -0.00018     4.6358     4.6614     4.1778     4.1781    34.9681    34.9672    27.7420    27.7413    1496.05    201.445    202.559         33 0.0000e+00
      54953   2289.655   1419.303   1433.000     4.2937     4.2940   3.342218   3.342169     1.9652     1.6411     100.00   20.72871  -94.75115    0.00008    0.00006     4.6386     4.6638     4.1764     4.1767    34.9684    34.9675    27.7424    27.7417    1496.04    201.568    202.663         30 0.0000e+00
      55328   2305.276   1433.121   1447.000     4.2919     4.2921   3.342613   3.342563     1.9634     1.6399     100.00   20.72848  -94.75012   -0.00007    0.00006     4.6403     4.6676     4.1733     4.1735    34.9681    34.9672    27.7425    27.7417    1495.98    201.644    202.828         31 0.0000e+00
      55461   2310.820   1438.057   1452.000     4.2908     4.2912   3.342748   3.342699     1.9629     1.6396      98.43   20.72850  -94.75020   -0.00011   -0.00007     4.6416     4.6695     4.1718     4.1722    34.9682    34.9673    27.7428    27.7420    1495.96    201.699    202.909         31 0.0000e+00
      55864   2327.616   1452.861   1467.000     4.2874     4.2877   3.343090   3.343037     1.9619     1.6386     100.00   20.72854  -94.75040   -0.00002   -0.00013     4.6473     4.6749     4.1670     4.1673    34.9685    34.9676    27.7435    27.7428    1495.92    201.945    203.147         31 0.0000e+00
      56560   2356.638   1478.519   1493.000     4.2834     4.2837   3.343848   3.343800     1.9597     1.6361      97.72   20.72855  -94.75043   -0.00002   -0.00002     4.6552     4.6811     4.1606     4.1609    34.9689    34.9680    27.7445    27.7438    1495.86    202.290    203.414         30 0.0000e+00
      56802   2366.700   1487.400   1502.000     4.2821     4.2824   3.344089   3.344034     1.9585     1.6349     100.00   20.72836  -94.74957   -0.00009   -0.00035     4.6564     4.6818     4.1586     4.1589    34.9686    34.9677    27.7445    27.7437    1495.83    202.342    203.444         32 0.0000e+00
      56937   2372.336   1492.334   1507.000     4.2813     4.2816   3.344266   3.344220     1.9580     1.6349     100.00   20.72864  -94.75083   -0.00006    0.00001     4.6578     4.6850     4.1573     4.1575    34.9692    34.9683    27.7451    27.7444    1495.84    202.402    203.584         33 0.0000e+00
      57070   2377.880   1497.268   1512.000     4.2810     4.2813   3.344461   3.344403     1.9572     1.6340     100.00   20.72867  -94.75094   -0.00010   -0.00022     4.6578     4.6845     4.1565     4.1568    34.9693    34.9683    27.7453    27.7444    1495.83    202.404    203.560         31 0.0000e+00
      57393   2391.331   1509.108   1524.000     4.2793     4.2796   3.344833   3.344790     1.9558     1.6329     100.00   20.72878  -94.75145   -0.00008   -0.00009     4.6599     4.6874     4.1537     4.1540    34.9697    34.9688    27.7458    27.7451    1495.81    202.491    203.689         30 0.0000e+00
      57499   2395.768   1513.055   1528.000     4.2790     4.2793   3.344944   3.344899     1.9552     1.6325      98.98   20.72860  -94.75062   -0.00010   -0.00023     4.6604     4.6883     4.1530     4.1533    34.9693    34.9685    27.7456    27.7449    1495.79    202.513    203.726         32 0.0000e+00
      57606   2400.214   1517.001   1532.000     4.2786     4.2788   3.345066   3.345015     1.9549     1.6318     100.00   20.72849  -94.75012   -0.00012   -0.00019     4.6614     4.6879     4.1523     4.1525    34.9692    34.9683    27.7456    27.7449    1495.78    202.557    203.709         34 0.0000e+00
      57740   2405.808   1521.935   1537.000     4.2780     4.2783   3.345267   3.345212     1.9541     1.6312     100.00   20.72876  -94.75135   -0.00014   -0.00004     4.6615     4.6885     4.1512     4.1515    34.9697    34.9688    27.7462    27.7454    1495.79    202.564    203.735         31 0.0000e+00
      57901   2412.496   1527.854   1543.000     4.2776     4.2780   3.345490   3.345438     1.9535     1.6313     100.00   20.72876  -94.75138   -0.00010 7.7417e-09     4.6631     4.6927     4.1503     4.1506    34.9698    34.9688    27.7463    27.7455    1495.78    202.632    203.917         30 0.0000e+00
      58250   2427.030   1540.679   1556.000     4.2767     4.2770   3.345947   3.345901     1.9523     1.6287      68.23   20.72870  -94.75109   -0.00005   -0.00027     4.6663     4.6901     4.1482     4.1485    34.9698    34.9689    27.7465    27.7458    1495.76    202.770    203.806         30 0.0000e+00
      58678   2444.858   1556.463   1572.000     4.2746     4.2749   3.346430   3.346379     1.9506     1.6279     100.00   20.72865  -94.75083   -0.00013    0.00007     4.6701     4.6966     4.1445     4.1448    34.9699    34.9690    27.7470    27.7463    1495.73    202.936    204.089         32 0.0000e+00
      58811   2450.402   1561.394   1577.000     4.2739     4.2742   3.346587   3.346532     1.9496     1.6265     100.00   20.72867  -94.75093   -0.00013   -0.00037     4.6693     4.6941     4.1434     4.1437    34.9700    34.9690    27.7472    27.7464    1495.72    202.900    203.978         30 0.0000e+00
      59241   2468.341   1577.177   1593.000     4.2728     4.2733   3.347177   3.347122     1.9477     1.6246     100.00   20.72868  -94.75097   -0.00027   -0.00015     4.6718     4.6961     4.1408     4.1413    34.9703    34.9692    27.7477    27.7468    1495.70    203.008    204.067         31 0.0000e+00
      59402   2475.021   1583.094   1599.000     4.2725     4.2729   3.347386   3.347337     1.9472     1.6239     100.00   20.72862  -94.75070   -0.00006   -0.00003     4.6738     4.6970     4.1400     4.1403    34.9702    34.9692    27.7477    27.7469    1495.69    203.098    204.105         32 0.0000e+00
      59535   2480.576   1588.026   1604.000     4.2719     4.2722   3.347560   3.347505     1.9466     1.6239     100.00   20.72873  -94.75118   -0.00015 2.9075e-12     4.6744     4.7002     4.1389     4.1392    34.9704    34.9694    27.7480    27.7472    1495.70    203.122    204.242         32 0.0000e+00
      59939   2497.400   1602.820   1619.000     4.2707     4.2710   3.348065   3.348015     1.9446     1.6221     100.00   20.72866  -94.75085   -0.00007   -0.00012     4.6760     4.7019     4.1362     4.1366    34.9704    34.9694    27.7483    27.7475    1495.68    203.194    204.315         30 0.0000e+00
      60042   2501.707   1606.765   1623.000     4.2703     4.2707   3.348170   3.348123     1.9441     1.6215     100.00   20.72844  -94.74983   -0.00013   -0.00007     4.6769     4.7021     4.1355     4.1359    34.9701    34.9691    27.7481    27.7473    1495.66    203.232    204.327         32 0.0000e+00
      60074   2503.032   1607.751   1624.000     4.2703     4.2707   3.348245   3.348199     1.9442     1.6216     100.00   20.72862  -94.75066   -0.00001   -0.00006     4.6778     4.7031     4.1354     4.1358    34.9704    34.9695    27.7484    27.7476    1495.67    203.271    204.370         30 0.0000e+00
      60179   2507.426   1611.696   1628.000     4.2704     4.2707   3.348448   3.348401     1.9438     1.6210     100.00   20.72887  -94.75182   -0.00009   -0.00013     4.6786     4.7030     4.1351     4.1355    34.9708    34.9699    27.7487    27.7480    1495.69    203.306    204.363         30 0.0000e+00
      60391   2516.253   1619.585   1636.000     4.2697     4.2701   3.348688   3.348644     1.9427     1.6203     100.00   20.72864  -94.75077   -0.00012   -0.00003     4.6794     4.7052     4.1337     4.1340    34.9704    34.9695    27.7486    27.7478    1495.67    203.340    204.462         31 0.0000e+00
      60608   2525.288   1627.474   1644.000     4.2694     4.2697   3.349011   3.348967     1.9416     1.6190     100.00   20.72876  -94.75131   -0.00009   -0.00004     4.6799     4.7046     4.1326     4.1329    34.9707    34.9698    27.7489    27.7482    1495.67    203.360    204.435         32 0.0000e+00
      61709   2571.151   1667.901   1685.000     4.2666     4.2669   3.350467   3.350417     1.9365     1.6142     100.00   20.72866  -94.75080   -0.00007   -0.00000     4.6857     4.7098     4.1259     4.1263    34.9709    34.9700    27.7498    27.7490    1495.65    203.615    204.662         30 0.0000e+00
      62788   2616.143   1707.334   1725.000     4.2654     4.2657   3.352017   3.351966     1.9308     1.6085     100.00   20.72862  -94.75046   -0.00012   -0.00019     4.6881     4.7109     4.1209     4.1212    34.9711    34.9701    27.7505    27.7497    1495.66    203.716    204.706         32 0.0000e+00
      62925   2621.823   1712.263   1730.000     4.2654     4.2658   3.352264   3.352218     1.9304     1.6080     100.00   20.72888  -94.75168   -0.00009   -0.00004     4.6897     4.7117     4.1204     4.1208    34.9715    34.9706    27.7509    27.7501    1495.68    203.787    204.741         31 0.0000e+00
      63005   2625.186   1715.220   1733.000     4.2652     4.2656   3.352343   3.352286     1.9298     1.6079     100.00   20.72863  -94.75050   -0.00016   -0.00008     4.6890     4.7131     4.1200     4.1204    34.9712    34.9701    27.7506    27.7498    1495.66    203.757    204.803         30 0.0000e+00
      63114   2629.704   1719.162   1737.000     4.2651     4.2655   3.352472   3.352422     1.9293     1.6069      80.57   20.72844  -94.74966   -0.00012   -0.00018     4.6897     4.7115     4.1195     4.1199    34.9709    34.9699    27.7504    27.7496    1495.65    203.786    204.732         32 0.0000e+00
      63251   2635.403   1724.091   1742.000     4.2651     4.2655   3.352689   3.352645     1.9285     1.6068     100.00   20.72853  -94.75006   -0.00021 9.9667e-11     4.6896     4.7140     4.1190     4.1194    34.9711    34.9701    27.7506    27.7498    1495.65    203.783    204.843         31 0.0000e+00
