GOMECC/GOMECC-4/1db/drb2103_1401.cnv
* Sea-Bird SBE 9 Data File:
* FileName = C:\Users\scs.user.rb\CTD\GOMECC4\data\rb2103_1401.hex
* Software Version Seasave V 7.26.7.107
* Temperature SN = 4799
* Conductivity SN = 3860
* Number of Bytes Per Scan = 41
* Number of Voltage Words = 4
* Number of Scans Averaged by the Deck Unit = 1
* NMEA Latitude = 25 39.47 N
* NMEA Longitude = 084 42.92 W
* NMEA UTC (Time) = Oct 20 2021  13:16:01
* NMEA baud rate = 4800
# nquan = 28
# nvalues = 433                         
# units = specified
# name 0 = scan: Scan Count
# name 1 = timeS: Time, Elapsed [seconds]
# name 2 = depSM: Depth [salt water, m]
# name 3 = prDM: Pressure, Digiquartz [db]
# name 4 = t090C: Temperature [ITS-90, deg C]
# name 5 = t190C: Temperature, 2 [ITS-90, deg C]
# name 6 = c0S/m: Conductivity [S/m]
# name 7 = c1S/m: Conductivity, 2 [S/m]
# name 8 = sbeox0V: Oxygen raw, SBE 43 [V]
# name 9 = sbeox1V: Oxygen raw, SBE 43, 2 [V]
# name 10 = altM: Altimeter [m]
# name 11 = latitude: Latitude [deg]
# name 12 = longitude: Longitude [deg]
# name 13 = sbox0dV/dT: Oxygen, SBE 43 [dov/dt]
# name 14 = sbox1dV/dT: Oxygen, SBE 43, 2 [dov/dt]
# name 15 = sbeox0ML/L: Oxygen, SBE 43 [ml/l], WS = 5
# name 16 = sbeox1ML/L: Oxygen, SBE 43, 2 [ml/l], WS = 5
# name 17 = potemp090C: Potential Temperature [ITS-90, deg C]
# name 18 = potemp190C: Potential Temperature, 2 [ITS-90, deg C]
# name 19 = sal00: Salinity, Practical [PSU]
# name 20 = sal11: Salinity, Practical, 2 [PSU]
# name 21 = sigma-é00: Density [sigma-theta, kg/m^3]
# name 22 = sigma-é11: Density, 2 [sigma-theta, kg/m^3]
# name 23 = avgsvCM: Average Sound Velocity [Chen-Millero, m/s], minP = 20, minS = 20
# name 24 = sbox0Mm/Kg: Oxygen, SBE 43 [umol/kg], WS = 5
# name 25 = sbox1Mm/Kg: Oxygen, SBE 43, 2 [umol/kg], WS = 5
# name 26 = nbin: number of scans per bin
# name 27 = flag: flag
# span 0 =       8408,      43098       
# span 1 =    350.276,   1795.712       
# span 2 =      3.974,   1086.036       
# span 3 =      4.000,   1096.000       
# span 4 =     5.1350,    28.2078       
# span 5 =     5.1357,    28.2080       
# span 6 =   3.400071,   5.822422       
# span 7 =   3.400054,   5.822139       
# span 8 =     1.6275,     3.1436       
# span 9 =     1.3255,     2.6684       
# span 10 =      11.57,     101.26      
# span 11 =   25.47165,   25.67027      
# span 12 =  -84.75717,  -84.10155      
# span 13 =   -0.04753,    0.05351      
# span 14 =   -0.04648,    0.05321      
# span 15 =     2.5733,     4.5733      
# span 16 =     2.5849,     4.5646      
# span 17 =     5.0415,    28.1995      
# span 18 =     5.0425,    28.1997      
# span 19 =    34.8998,    36.7793      
# span 20 =    34.8989,    36.7824      
# span 21 =    23.0291,    27.6189      
# span 22 =    23.0291,    27.6180      
# span 23 =       0.00,    1576.57      
# span 24 =    111.911,    199.417      
# span 25 =    112.414,    199.062      
# span 26 =         30,         66      
# span 27 = 0.0000e+00, 0.0000e+00      
# interval = decibars: 1                
# start_time = Oct 20 2021 13:16:01 [NMEA time, header]
# bad_flag = -9.990e-29
*END*
[from data line 156]
      16704    695.962    193.646    195.000    15.9647    15.9644   4.521282   4.521289     1.9640     1.6304     100.00   25.65772  -84.71548    0.00272    0.00311     2.9407     2.9590    15.9336    15.9333    36.1238    36.1242    26.6278    26.6281    1528.26    127.927    128.721         36 0.0000e+00
      16741    697.497    194.638    196.000    15.8987    15.8999   4.513489   4.513670     1.9691     1.6356     100.00   25.65772  -84.71548    0.00336    0.00352     2.9574     2.9767    15.8675    15.8688    36.1137    36.1142    26.6352    26.6353    1528.19    128.649    129.489         36 0.0000e+00
      16774    698.888    195.631    197.000    15.8717    15.8712   4.510355   4.510301     1.9709     1.6372     100.00   25.65772  -84.71548    0.00275    0.00291     2.9638     2.9830    15.8404    15.8399    36.1099    36.1098    26.6385    26.6385    1528.11    128.928    129.765         31 0.0000e+00
      16859    702.416    198.609    200.000    15.7467    15.7496   4.494818   4.495210     1.9670     1.6306      99.98   25.65159  -84.69526   -0.00080   -0.00166     2.9643     2.9750    15.7151    15.7180    36.0806    36.0815    26.6441    26.6441    1527.53    128.950    129.413         35 0.0000e+00
      16903    704.261    199.601    201.000    15.6891    15.6896   4.488653   4.488750     1.9631     1.6266     100.00   25.65772  -84.71550   -0.00193   -0.00197     2.9591     2.9688    15.6574    15.6579    36.0798    36.0802    26.6571    26.6573    1527.83    128.721    129.142         43 0.0000e+00
      17064    710.975    205.556    207.000    15.5166    15.5183   4.468661   4.468888     1.9476     1.6142      90.51   25.65983  -84.72245   -0.00212   -0.00183     2.9356     2.9494    15.4842    15.4859    36.0555    36.0559    26.6779    26.6779    1527.53    127.697    128.298         33 0.0000e+00
      17215    717.233    211.511    213.000    15.3102    15.3125   4.444245   4.444559     1.9402     1.6080     100.00   25.65711  -84.71347   -0.00109   -0.00064     2.9335     2.9476    15.2772    15.2795    36.0197    36.0205    26.6967    26.6968    1526.94    127.604    128.216         31 0.0000e+00
      17608    733.605    227.391    229.000    14.8533    14.8553   4.390465   4.390703     1.8975     1.5683      98.40   25.65338  -84.70110   -0.00160   -0.00100     2.8668     2.8785    14.8185    14.8205    35.9412    35.9415    26.7376    26.7374    1525.63    124.698    125.206         30 0.0000e+00
      17761    740.000    233.345    235.000    14.6726    14.6742   4.369972   4.370186     1.8868     1.5595     100.00   25.65845  -84.71782   -0.00168   -0.00130     2.8545     2.8683    14.6372    14.6389    35.9190    35.9195    26.7606    26.7606    1525.55    124.161    124.761         32 0.0000e+00
      18112    754.643    247.238    249.000    14.2211    14.2220   4.317665   4.317777     1.8528     1.5273     100.00   25.65835  -84.71749   -0.00271   -0.00257     2.8051     2.8154    14.1844    14.1852    35.8472    35.8475    26.8029    26.8029    1524.66    122.006    122.453         31 0.0000e+00
      18232    759.619    252.200    254.000    14.0509    14.0525   4.297888   4.298088     1.8301     1.5046     100.00   25.65823  -84.71709   -0.00478   -0.00489     2.7617     2.7660    14.0137    14.0153    35.8189    35.8193    26.8174    26.8174    1524.34    120.117    120.302         34 0.0000e+00
      18354    764.690    257.161    259.000    13.9973    14.0003   4.291703   4.292037     1.8013     1.4794      99.99   25.65573  -84.70883   -0.00492   -0.00392     2.6951     2.7026    13.9596    13.9625    35.8080    35.8084    26.8202    26.8199    1523.89    117.221    117.547         31 0.0000e+00
      18877    786.483    277.998    280.000    13.5181    13.5192   4.237050   4.237137     1.7486     1.4345     100.00   25.65652  -84.71144   -0.00028   -0.00020     2.5996     2.6154    13.4782    13.4792    35.7331    35.7330    26.8631    26.8628    1522.71    113.059    113.749         32 0.0000e+00
      19226    801.053    291.888    294.000    13.0160    13.0172   4.179895   4.180014     1.7314     1.4168     100.00   25.65678  -84.71229   -0.00115   -0.00102     2.5913     2.6007    12.9751    12.9763    35.6556    35.6556    26.9060    26.9057    1521.95    112.693    113.106         31 0.0000e+00
      19376    807.290    297.840    300.000    12.8726    12.8730   4.163545   4.163585     1.7202     1.4074     100.00   25.65706  -84.71315   -0.00108   -0.00112     2.5733     2.5849    12.8313    12.8316    35.6315    35.6315    26.9163    26.9162    1521.63    111.911    112.414         30 0.0000e+00
      19722    821.700    311.729    314.000    12.6036    12.6074   4.133138   4.133539     1.7471     1.4340      99.99   25.65558  -84.70826    0.00008   -0.00015     2.6646     2.6806    12.5609    12.5646    35.5872    35.5869    26.9358    26.9348    1520.79    115.881    116.573         30 0.0000e+00
      20099    837.399    326.609    329.000    12.1058    12.1078   4.077333   4.077541     1.7390     1.4238     100.00   25.65788  -84.71586   -0.00267   -0.00316     2.6804     2.6879    12.0621    12.0642    35.5116    35.5116    26.9746    26.9743    1520.15    116.563    116.890         30 0.0000e+00
      20243    843.426    332.561    335.000    12.0012    12.0031   4.065661   4.065837     1.7264     1.4135     100.00   25.65615  -84.71013   -0.00179   -0.00180     2.6563     2.6672    11.9570    11.9589    35.4946    35.4945    26.9816    26.9812    1519.74    115.513    115.986         30 0.0000e+00
      20275    844.755    333.552    336.000    11.9954    11.9968   4.065265   4.065380     1.7238     1.4110     100.00   25.65778  -84.71552   -0.00218   -0.00213     2.6499     2.6604    11.9511    11.9525    35.4957    35.4954    26.9836    26.9832    1519.79    115.236    115.693         30 0.0000e+00
      20390    849.538    338.512    341.000    11.9293    11.9309   4.057824   4.057959     1.7172     1.4057      99.99   25.65642  -84.71095   -0.00122   -0.00090     2.6385     2.6510    11.8845    11.8861    35.4832    35.4830    26.9866    26.9862    1519.45    114.740    115.282         31 0.0000e+00
      20423    850.928    339.504    342.000    11.9095    11.9113   4.055737   4.055901     1.7166     1.4051     100.00   25.65780  -84.71552   -0.00084   -0.00058     2.6384     2.6509    11.8646    11.8664    35.4816    35.4815    26.9893    26.9888    1519.49    114.736    115.279         32 0.0000e+00
      20894    870.543    358.349    361.000    11.5888    11.5920   4.020704   4.021015     1.7036     1.3935      84.93   25.65908  -84.71968   -0.00125   -0.00135     2.6309     2.6434    11.5423    11.5454    35.4352    35.4352    27.0143    27.0137    1518.66    114.405    114.949         37 0.0000e+00
      21009    875.330    363.307    366.000    11.4105    11.4116   4.000388   4.000476     1.6999     1.3909      99.99   25.65527  -84.70710   -0.00056   -0.00041     2.6347     2.6494    11.3637    11.3648    35.4018    35.4016    27.0214    27.0211    1518.20    114.568    115.210         31 0.0000e+00
      21043    876.740    364.299    367.000    11.3796    11.3817   3.997185   3.997393     1.7012     1.3928     100.00   25.65782  -84.71552   -0.00010    0.00021     2.6401     2.6567    11.3328    11.3349    35.3999    35.3999    27.0259    27.0255    1518.30    114.806    115.526         31 0.0000e+00
      21239    884.898    372.233    375.000    11.2557    11.2571   3.983592   3.983710     1.7046     1.3953     100.00   25.65729  -84.71370    0.00007    0.00013     2.6603     2.6750    11.2082    11.2096    35.3801    35.3799    27.0335    27.0331    1517.90    115.680    116.321         31 0.0000e+00
      21389    891.152    378.183    381.000    11.0712    11.0727   3.963319   3.963439     1.7017     1.3927     100.00   25.65801  -84.71609   -0.00059   -0.00049     2.6666     2.6810    11.0234    11.0250    35.3529    35.3526    27.0462    27.0457    1517.66    115.956    116.578         30 0.0000e+00
      21662    902.541    389.092    392.000    10.9054    10.9060   3.945382   3.945396     1.6949     1.3860     100.00   25.65723  -84.71348    0.00002   -0.00013     2.6628     2.6758    10.8567    10.8573    35.3279    35.3275    27.0570    27.0565    1517.12    115.788    116.354         30 0.0000e+00
      22619    942.424    426.771    430.000    10.0219    10.0242   3.850370   3.850558     1.6606     1.3548     100.00   25.65752  -84.71434   -0.00066   -0.00062     2.6398     2.6519     9.9712     9.9735    35.2045    35.2042    27.1166    27.1160    1515.48    114.781    115.308         30 0.0000e+00
      22965    956.850    440.651    444.000     9.7102     9.7120   3.817006   3.817138     1.6508     1.3462      99.99   25.65553  -84.70777   -0.00065   -0.00077     2.6379     2.6511     9.6588     9.6606    35.1591    35.1587    27.1341    27.1335    1514.77    114.698    115.270         30 0.0000e+00
      23000    958.311    441.642    445.000     9.6883     9.6899   3.814943   3.815049     1.6507     1.3455     100.00   25.65788  -84.71552   -0.00058   -0.00060     2.6394     2.6506     9.6369     9.6385    35.1592    35.1588    27.1380    27.1375    1514.87    114.761    115.251         36 0.0000e+00
      23145    964.353    447.591    451.000     9.5873     9.5894   3.804324   3.804502     1.6478     1.3435     100.00   25.65676  -84.71175   -0.00041   -0.00033     2.6401     2.6531     9.5355     9.5376    35.1455    35.1452    27.1442    27.1437    1514.55    114.792    115.356         38 0.0000e+00
      23181    965.839    448.582    452.000     9.5449     9.5469   3.799937   3.800094     1.6467     1.3428      99.93   25.65790  -84.71552   -0.00040   -0.00038     2.6401     2.6539     9.4931     9.4952    35.1414    35.1410    27.1481    27.1475    1514.57    114.791    115.391         30 0.0000e+00
      23353    973.000    455.521    459.000     9.3668     9.3679   3.781160   3.781195     1.6415     1.3383     100.00   25.65734  -84.71368   -0.00065   -0.00049     2.6399     2.6544     9.3149     9.3159    35.1179    35.1172    27.1592    27.1585    1514.24    114.778    115.412         30 0.0000e+00
      23502    979.225    461.469    465.000     9.2742     9.2764   3.771861   3.772052     1.6402     1.3373     100.00   25.65780  -84.71518   -0.00018   -0.00002     2.6440     2.6592     9.2219     9.2241    35.1075    35.1075    27.1664    27.1660    1514.02    114.958    115.618         38 0.0000e+00
      23621    984.149    466.425    470.000     9.2515     9.2528   3.769201   3.769258     1.6396     1.3366      99.99   25.65475  -84.70505   -0.00000   -0.00008     2.6461     2.6604     9.1987     9.2000    35.1014    35.1013    27.1652    27.1650    1513.63    115.048    115.670         34 0.0000e+00
      23658    985.719    467.417    471.000     9.2522     9.2533   3.769694   3.769732     1.6395     1.3360     100.00   25.65792  -84.71552   -0.00008   -0.00021     2.6458     2.6589     9.1992     9.2004    35.1057    35.1050    27.1687    27.1679    1513.78    115.037    115.604         33 0.0000e+00
      24005   1000.174    481.294    485.000     9.0952     9.0965   3.753655   3.753720     1.6359     1.3329     100.00   25.65757  -84.71438    0.00000    0.00015     2.6510     2.6644     9.0412     9.0425    35.0863    35.0856    27.1791    27.1784    1513.21    115.262    115.845         30 0.0000e+00
      24583   1024.251    504.090    508.000     8.7589     8.7607   3.719314   3.719438     1.6312     1.3283      89.47   25.65691  -84.71213   -0.00003   -0.00012     2.6683     2.6805     8.7036     8.7054    35.0466    35.0461    27.2020    27.2013    1512.29    116.011    116.542         35 0.0000e+00
      24618   1025.719    505.082    509.000     8.7545     8.7554   3.719018   3.719030     1.6312     1.3284     100.38   25.65794  -84.71552   -0.00006   -0.00029     2.6691     2.6812     8.6991     8.7000    35.0476    35.0468    27.2035    27.2027    1512.32    116.043    116.573         31 0.0000e+00
      24731   1030.415    510.037    514.000     8.7329     8.7359   3.716725   3.716937     1.6304     1.3278      99.99   25.65529  -84.70679   -0.00002   -0.00006     2.6701     2.6825     8.6770     8.6799    35.0426    35.0413    27.2030    27.2014    1511.98    116.087    116.627         36 0.0000e+00
      24770   1032.034    511.028    515.000     8.7320     8.7340   3.716958   3.717106     1.6302     1.3275     100.00   25.65794  -84.71552   -0.00007    0.00014     2.6698     2.6821     8.6760     8.6780    35.0454    35.0449    27.2054    27.2047    1512.10    116.074    116.608         33 0.0000e+00
      24882   1036.719    515.983    520.000     8.6577     8.6678   3.709307   3.710150     1.6291     1.3269     100.00   25.65716  -84.71296   -0.00019   -0.00012     2.6733     2.6870     8.6014     8.6115    35.0356    35.0357    27.2094    27.2079    1511.87    116.229    116.824         31 0.0000e+00
      24914   1038.025    516.974    521.000     8.6041     8.6035   3.703994   3.703669     1.6286     1.3262     100.00   25.65794  -84.71552   -0.00043   -0.00033     2.6759     2.6883     8.5479     8.5484    35.0307    35.0298    27.2140    27.2135    1511.89    116.340    116.878         30 0.0000e+00
      25088   1045.300    523.911    528.000     8.4905     8.4911   3.692336   3.692331     1.6290     1.3272     100.00   25.65712  -84.71280    0.00008    0.00001     2.6878     2.7022     8.4340     8.4346    35.0178    35.0171    27.2216    27.2209    1511.59    116.855    117.483         33 0.0000e+00
      25241   1051.687    529.857    534.000     8.4265     8.4277   3.686200   3.686240     1.6289     1.3272     100.00   25.65844  -84.71716    0.00016 1.3071e-13     2.6937     2.7087     8.3696     8.3707    35.0136    35.0129    27.2283    27.2276    1511.45    117.114    117.765         31 0.0000e+00
      25388   1057.811    535.803    540.000     8.3467     8.3479   3.678042   3.678094     1.6278     1.3260      99.99   25.65638  -84.71038   -0.00031   -0.00025     2.6985     2.7123     8.2894     8.2907    35.0030    35.0023    27.2322    27.2315    1511.12    117.320    117.922         33 0.0000e+00
      25424   1059.274    536.794    541.000     8.3411     8.3424   3.677681   3.677748     1.6283     1.3269     100.00   25.65794  -84.71552    0.00005   -0.00003     2.7005     2.7160     8.2837     8.2851    35.0045    35.0039    27.2343    27.2336    1511.18    117.408    118.081         32 0.0000e+00
      25540   1064.105    541.748    546.000     8.2978     8.2989   3.673375   3.673426     1.6288     1.3272     100.00   25.65746  -84.71393    0.00003    0.00017     2.7071     2.7219     8.2401     8.2412    34.9995    34.9988    27.2371    27.2364    1510.98    117.692    118.336         31 0.0000e+00
      25570   1065.392    542.739    547.000     8.2945     8.2971   3.673159   3.673352     1.6293     1.3272     100.00   25.65792  -84.71552    0.00013    0.00007     2.7088     2.7224     8.2367     8.2393    34.9998    34.9993    27.2378    27.2370    1510.97    117.769    118.358         30 0.0000e+00
      25601   1066.664    543.730    548.000     8.2890     8.2904   3.672640   3.672735     1.6295     1.3272     100.00   25.65794  -84.71552    0.00024    0.00002     2.7102     2.7232     8.2311     8.2325    34.9993    34.9986    27.2383    27.2375    1510.94    117.830    118.394         30 0.0000e+00
      25711   1071.232    548.685    553.000     8.2047     8.2056   3.664190   3.664197     1.6287     1.3264      99.99   25.65498  -84.70583   -0.00009   -0.00021     2.7156     2.7283     8.1466     8.1475    34.9879    34.9873    27.2422    27.2415    1510.60    118.064    118.613         32 0.0000e+00
