GOMECC/GOMECC-4/1db/drb2103_1401.cnv
* Sea-Bird SBE 9 Data File:
* FileName = C:\Users\scs.user.rb\CTD\GOMECC4\data\rb2103_1401.hex
* Software Version Seasave V 7.26.7.107
* Temperature SN = 4799
* Conductivity SN = 3860
* Number of Bytes Per Scan = 41
* Number of Voltage Words = 4
* Number of Scans Averaged by the Deck Unit = 1
* NMEA Latitude = 25 39.47 N
* NMEA Longitude = 084 42.92 W
* NMEA UTC (Time) = Oct 20 2021  13:16:01
* NMEA baud rate = 4800
# nquan = 28
# nvalues = 433                         
# units = specified
# name 0 = scan: Scan Count
# name 1 = timeS: Time, Elapsed [seconds]
# name 2 = depSM: Depth [salt water, m]
# name 3 = prDM: Pressure, Digiquartz [db]
# name 4 = t090C: Temperature [ITS-90, deg C]
# name 5 = t190C: Temperature, 2 [ITS-90, deg C]
# name 6 = c0S/m: Conductivity [S/m]
# name 7 = c1S/m: Conductivity, 2 [S/m]
# name 8 = sbeox0V: Oxygen raw, SBE 43 [V]
# name 9 = sbeox1V: Oxygen raw, SBE 43, 2 [V]
# name 10 = altM: Altimeter [m]
# name 11 = latitude: Latitude [deg]
# name 12 = longitude: Longitude [deg]
# name 13 = sbox0dV/dT: Oxygen, SBE 43 [dov/dt]
# name 14 = sbox1dV/dT: Oxygen, SBE 43, 2 [dov/dt]
# name 15 = sbeox0ML/L: Oxygen, SBE 43 [ml/l], WS = 5
# name 16 = sbeox1ML/L: Oxygen, SBE 43, 2 [ml/l], WS = 5
# name 17 = potemp090C: Potential Temperature [ITS-90, deg C]
# name 18 = potemp190C: Potential Temperature, 2 [ITS-90, deg C]
# name 19 = sal00: Salinity, Practical [PSU]
# name 20 = sal11: Salinity, Practical, 2 [PSU]
# name 21 = sigma-é00: Density [sigma-theta, kg/m^3]
# name 22 = sigma-é11: Density, 2 [sigma-theta, kg/m^3]
# name 23 = avgsvCM: Average Sound Velocity [Chen-Millero, m/s], minP = 20, minS = 20
# name 24 = sbox0Mm/Kg: Oxygen, SBE 43 [umol/kg], WS = 5
# name 25 = sbox1Mm/Kg: Oxygen, SBE 43, 2 [umol/kg], WS = 5
# name 26 = nbin: number of scans per bin
# name 27 = flag: flag
# span 0 =       8408,      43098       
# span 1 =    350.276,   1795.712       
# span 2 =      3.974,   1086.036       
# span 3 =      4.000,   1096.000       
# span 4 =     5.1350,    28.2078       
# span 5 =     5.1357,    28.2080       
# span 6 =   3.400071,   5.822422       
# span 7 =   3.400054,   5.822139       
# span 8 =     1.6275,     3.1436       
# span 9 =     1.3255,     2.6684       
# span 10 =      11.57,     101.26      
# span 11 =   25.47165,   25.67027      
# span 12 =  -84.75717,  -84.10155      
# span 13 =   -0.04753,    0.05351      
# span 14 =   -0.04648,    0.05321      
# span 15 =     2.5733,     4.5733      
# span 16 =     2.5849,     4.5646      
# span 17 =     5.0415,    28.1995      
# span 18 =     5.0425,    28.1997      
# span 19 =    34.8998,    36.7793      
# span 20 =    34.8989,    36.7824      
# span 21 =    23.0291,    27.6189      
# span 22 =    23.0291,    27.6180      
# span 23 =       0.00,    1576.57      
# span 24 =    111.911,    199.417      
# span 25 =    112.414,    199.062      
# span 26 =         30,         66      
# span 27 = 0.0000e+00, 0.0000e+00      
# interval = decibars: 1                
# start_time = Oct 20 2021 13:16:01 [NMEA time, header]
# bad_flag = -9.990e-29
*END*
[from data line 104]
      14537    605.655    129.117    130.000    18.3703    18.3716   4.804491   4.804750     2.0295     1.6853      99.99   25.65546  -84.70802    0.00018    0.00099     2.9142     2.9271    18.3475    18.3487    36.4587    36.4598    26.3026    26.3031    1533.59    126.814    127.372         31 0.0000e+00
      14572    607.117    130.110    131.000    18.3481    18.3488   4.802187   4.802382     2.0313     1.6874     100.00   25.65772  -84.71548    0.00091    0.00136     2.9200     2.9338    18.3251    18.3258    36.4595    36.4605    26.3090    26.3097    1533.63    127.063    127.664         38 0.0000e+00
      14611    608.760    131.103    132.000    18.3228    18.3240   4.798997   4.799280     2.0314     1.6858     100.00   25.65772  -84.71548    0.00100    0.00070     2.9222     2.9316    18.2997    18.3009    36.4543    36.4557    26.3115    26.3122    1533.53    127.162    127.571         38 0.0000e+00
      14674    611.364    133.089    134.000    18.2240    18.2248   4.786661   4.786891     2.0099     1.6623      80.71   25.65724  -84.71390   -0.00491   -0.00585     2.8811     2.8808    18.2006    18.2014    36.4358    36.4371    26.3221    26.3229    1533.30    125.371    125.356         31 0.0000e+00
      14706    612.728    134.082    135.000    18.2055    18.2061   4.784352   4.784533     1.9934     1.6459      97.43   25.65772  -84.71548   -0.01014   -0.01059     2.8458     2.8421    18.1820    18.1825    36.4323    36.4334    26.3242    26.3248    1533.23    123.832    123.674         34 0.0000e+00
      14742    614.203    135.074    136.000    18.1420    18.1428   4.776786   4.777026     1.9792     1.6340      90.76   25.65772  -84.71548   -0.01151   -0.01115     2.8182     2.8167    18.1184    18.1191    36.4237    36.4251    26.3335    26.3344    1533.13    122.633    122.568         37 0.0000e+00
      14779    615.729    136.067    137.000    18.1195    18.1206   4.774478   4.774702     1.9693     1.6268      98.26   25.65772  -84.71548   -0.00931   -0.00784     2.7976     2.8006    18.0957    18.0967    36.4236    36.4246    26.3390    26.3396    1533.04    121.734    121.866         34 0.0000e+00
      14835    618.102    138.053    139.000    18.0295    18.0309   4.763567   4.763856     1.9677     1.6269      80.59   25.65329  -84.70084   -0.00241   -0.00133     2.8002     2.8068    18.0054    18.0068    36.4074    36.4087    26.3486    26.3493    1532.58    121.844    122.134         31 0.0000e+00
      14873    619.664    139.046    140.000    17.9843    17.9852   4.758845   4.759055     1.9708     1.6329      99.69   25.65772  -84.71548    0.00022    0.00117     2.8099     2.8243    17.9600    17.9609    36.4088    36.4098    26.3615    26.3621    1532.76    122.266    122.895         40 0.0000e+00
      14913    621.320    140.039    141.000    17.9370    17.9382   4.753339   4.753620     1.9811     1.6435     100.00   25.65772  -84.71548    0.00273    0.00370     2.8372     2.8545    17.9126    17.9138    36.4033    36.4046    26.3690    26.3698    1532.67    123.452    124.208         36 0.0000e+00
      14945    622.655    141.032    142.000    17.8990    17.8999   4.748920   4.749142     1.9846     1.6455      93.00   25.65772  -84.71548    0.00435    0.00455     2.8469     2.8611    17.8745    17.8754    36.3988    36.3999    26.3751    26.3757    1532.56    123.873    124.491         30 0.0000e+00
      14976    623.958    142.025    143.000    17.8790    17.8804   4.746754   4.746991     1.9867     1.6459      53.73   25.65772  -84.71548    0.00374    0.00315     2.8532     2.8634    17.8544    17.8557    36.3976    36.3984    26.3791    26.3795    1532.47    124.148    124.593         33 0.0000e+00
      15009    625.328    143.017    144.000    17.9162    17.9185   4.752830   4.753123     1.9902     1.6510     100.53   25.65772  -84.71548    0.00223    0.00150     2.8603     2.8752    17.8914    17.8936    36.4163    36.4168    26.3843    26.3841    1532.39    124.459    125.107         32 0.0000e+00
      15040    626.619    144.010    145.000    18.0037    18.0043   4.766109   4.766212     2.0287     1.6966     100.00   25.65772  -84.71548    0.00706    0.00843     2.9400     2.9812    17.9786    17.9792    36.4520    36.4523    26.3900    26.3901    1532.29    127.923    129.718         31 0.0000e+00
      15074    628.045    145.003    146.000    18.0063    18.0078   4.766831   4.767043     2.1174     1.7882     100.00   25.65772  -84.71548    0.03177    0.03564     3.1395     3.2069    17.9810    17.9825    36.4555    36.4560    26.3921    26.3921    1532.21    136.607    139.536         39 0.0000e+00
      15113    629.686    145.996    147.000    17.9983    17.9995   4.766067   4.766255     2.1915     1.8498     100.00   25.65772  -84.71548    0.05351    0.05321     3.3070     3.3596    17.9729    17.9740    36.4556    36.4562    26.3942    26.3944    1532.13    143.894    146.180         36 0.0000e+00
      15174    632.214    147.982    149.000    17.9311    17.9330   4.757979   4.758096     2.2293     1.8764     100.00   25.65712  -84.71350    0.02453    0.01826     3.3959     3.4293    17.9054    17.9073    36.4451    36.4469    26.4029    26.4037    1531.92    147.759    149.214         30 0.0000e+00
      15206    633.561    148.974    150.000    17.7939    17.7941   4.741145   4.741290     2.2311     1.8725     100.00   25.65772  -84.71548    0.01196    0.00760     3.4070     3.4196    17.7681    17.7683    36.4226    36.4236    26.4196    26.4204    1531.88    148.240    148.786         34 0.0000e+00
      15241    634.983    149.967    151.000    17.7722    17.7737   4.738704   4.738981     2.2229     1.8602     100.00   25.65772  -84.71548    0.00189   -0.00177     3.3956     3.4025    17.7463    17.7478    36.4206    36.4216    26.4235    26.4239    1531.79    147.745    148.045         34 0.0000e+00
      15275    636.410    150.960    152.000    17.7301    17.7306   4.733557   4.733517     2.2216     1.8578     100.00   25.65772  -84.71548   -0.00347   -0.00610     3.3967     3.4006    17.7061    17.7046    36.4117    36.4127    26.4266    26.4277    1531.71    147.789    147.961         34 0.0000e+00
      15308    637.782    151.953    153.000    17.6049    17.6099   4.717719   4.718517     2.2146     1.8505     100.00   25.65771  -84.71548   -0.00287   -0.00388     3.3864     3.3866    17.5788    17.5838    36.3882    36.3906    26.4398    26.4404    1531.63    147.340    147.347         32 0.0000e+00
      15340    639.124    152.945    154.000    17.5374    17.5370   4.708755   4.708917     2.1957     1.8319     100.00   25.65770  -84.71548   -0.00578   -0.00602     3.3527     3.3501    17.5112    17.5108    36.3707    36.3724    26.4429    26.4444    1531.53    145.875    145.759         34 0.0000e+00
      15375    640.573    153.938    155.000    17.3947    17.3912   4.690690   4.690533     2.1603     1.7954     100.00   25.65770  -84.71548   -0.01467   -0.01476     3.2830     3.2694    17.3685    17.3650    36.3414    36.3432    26.4553    26.4575    1531.45    142.841    142.250         34 0.0000e+00
      15408    641.955    154.931    156.000    17.3179    17.3190   4.681710   4.681985     2.1197     1.7571     100.00   25.65770  -84.71548   -0.02393   -0.02454     3.1964     3.1793    17.2916    17.2927    36.3319    36.3333    26.4667    26.4675    1531.36    139.069    138.325         32 0.0000e+00
      15439    643.238    155.924    157.000    17.2267    17.2271   4.671007   4.671234     2.0974     1.7404      89.73   25.65770  -84.71548   -0.02609   -0.02480     3.1517     3.1437    17.2003    17.2007    36.3202    36.3218    26.4798    26.4809    1531.27    137.123    136.775         31 0.0000e+00
      15471    644.576    156.916    158.000    17.1869    17.1879   4.666510   4.666748     2.0902     1.7384      96.76   25.65770  -84.71548   -0.01820   -0.01433     3.1384     3.1414    17.1604    17.1615    36.3163    36.3174    26.4865    26.4871    1531.19    136.545    136.677         33 0.0000e+00
      15505    646.008    157.909    159.000    17.1707    17.1718   4.664740   4.664970     2.0906     1.7418      82.16   25.65770  -84.71548   -0.00542   -0.00268     3.1407     3.1515    17.1441    17.1452    36.3150    36.3160    26.4894    26.4899    1531.10    136.646    137.112         36 0.0000e+00
      15540    647.475    158.902    160.000    17.1580    17.1592   4.663321   4.663551     2.0915     1.7434      87.94   25.65770  -84.71548   -0.00047    0.00147     3.1439     3.1565    17.1312    17.1324    36.3137    36.3146    26.4915    26.4919    1531.01    136.784    137.331         34 0.0000e+00
      15574    648.893    159.895    161.000    17.1378    17.1390   4.661015   4.661240     2.0916     1.7423      99.98   25.65770  -84.71548    0.00045    0.00089     3.1460     3.1556    17.1108    17.1120    36.3113    36.3122    26.4946    26.4950    1530.93    136.874    137.291         34 0.0000e+00
      15608    650.301    160.887    162.000    17.1210    17.1223   4.659059   4.659300     2.0907     1.7414     100.00   25.65770  -84.71548    0.00003   -0.00035     3.1455     3.1549    17.0939    17.0952    36.3090    36.3099    26.4969    26.4973    1530.84    136.854    137.259         32 0.0000e+00
      15639    651.570    161.880    163.000    17.0969    17.0985   4.656228   4.656494     2.0886     1.7397      99.53   25.65771  -84.71548   -0.00062   -0.00087     3.1426     3.1524    17.0697    17.0713    36.3054    36.3063    26.5000    26.5003    1530.76    136.726    137.153         30 0.0000e+00
      15669    652.846    162.873    164.000    17.0567    17.0580   4.651408   4.651676     2.0851     1.7370      57.82   25.65772  -84.71548   -0.00155   -0.00130     3.1377     3.1487    17.0294    17.0307    36.2991    36.3003    26.5048    26.5054    1530.68    136.511    136.988         33 0.0000e+00
      15708    654.463    163.866    165.000    17.0024    17.0030   4.645199   4.645401     2.0807     1.7336     100.69   25.65772  -84.71548   -0.00262   -0.00208     3.1318     3.1441    16.9750    16.9755    36.2930    36.2941    26.5132    26.5139    1530.59    136.254    136.790         42 0.0000e+00
      15744    655.975    164.858    166.000    16.9888    16.9895   4.643731   4.643873     2.0843     1.7379     100.00   25.65772  -84.71548   -0.00150   -0.00085     3.1414     3.1563    16.9612    16.9618    36.2923    36.2929    26.5159    26.5163    1530.51    136.669    137.317         30 0.0000e+00
      15799    658.240    166.844    168.000    16.9587    16.9606   4.639977   4.640248     2.0930     1.7452      99.99   25.65407  -84.70343    0.00352    0.00335     3.1644     3.1773    16.9308    16.9326    36.2841    36.2848    26.5165    26.5166    1530.13    137.672    138.232         33 0.0000e+00
      15839    659.909    167.837    169.000    16.9327    16.9349   4.637036   4.637399     2.0960     1.7477     100.00   25.65772  -84.71548    0.00325    0.00265     3.1733     3.1856    16.9047    16.9069    36.2829    36.2841    26.5223    26.5227    1530.27    138.056    138.594         42 0.0000e+00
      15878    661.535    168.829    170.000    16.9063    16.9064   4.633731   4.633805     2.0890     1.7401     100.00   25.65772  -84.71548    0.00031   -0.00008     3.1594     3.1685    16.8781    16.8782    36.2774    36.2779    26.5244    26.5248    1530.19    137.453    137.851         35 0.0000e+00
      15968    665.297    171.807    173.000    16.8118    16.8139   4.622115   4.622450     2.0567     1.7095      99.99   25.65631  -84.71084   -0.00855   -0.00791     3.0926     3.0987    16.7832    16.7853    36.2588    36.2598    26.5326    26.5328    1529.87    134.545    134.810         35 0.0000e+00
      16005    666.840    172.800    174.000    16.7454    16.7433   4.614185   4.614020     2.0512     1.7053     100.00   25.65772  -84.71548   -0.00597   -0.00476     3.0847     3.0929    16.7168    16.7147    36.2491    36.2495    26.5410    26.5419    1529.88    134.200    134.560         37 0.0000e+00
      16041    668.340    173.793    175.000    16.6667    16.6683   4.604479   4.604858     2.0458     1.7011     100.00   25.65772  -84.71548   -0.00400   -0.00311     3.0779     3.0877    16.6380    16.6395    36.2343    36.2362    26.5483    26.5494    1529.80    133.903    134.329         36 0.0000e+00
      16078    669.865    174.785    176.000    16.5524    16.5537   4.590744   4.591010     2.0371     1.6919     100.00   25.65772  -84.71548   -0.00407   -0.00355     3.0658     3.0718    16.5236    16.5249    36.2159    36.2171    26.5612    26.5618    1529.72    133.376    133.635         34 0.0000e+00
      16162    673.388    177.763    179.000    16.4014    16.4030   4.571800   4.572075     2.0122     1.6687      99.95   25.64549  -84.67509   -0.00662   -0.00664     3.0193     3.0237    16.3724    16.3739    36.1786    36.1797    26.5669    26.5673    1528.75    131.351    131.542         51 0.0000e+00
      16217    675.666    178.756    180.000    16.3805    16.3824   4.570604   4.570916     2.0141     1.6744      88.78   25.65772  -84.71548   -0.00095    0.00103     3.0253     3.0398    16.3513    16.3532    36.1916    36.1927    26.5830    26.5834    1529.40    131.613    132.241         36 0.0000e+00
      16290    678.721    181.734    183.000    16.2885    16.2969   4.558834   4.559900     2.0159     1.6757      98.79   25.64794  -84.68319    0.00067    0.00069     3.0362     3.0496    16.2590    16.2673    36.1654    36.1673    26.5834    26.5829    1528.58    132.083    132.666         40 0.0000e+00
      16344    680.970    182.727    184.000    16.2266    16.2291   4.552368   4.552738     2.0179     1.6771      87.49   25.65772  -84.71548    0.00102    0.00078     3.0460     3.0582    16.1970    16.1994    36.1676    36.1686    26.6005    26.6008    1529.08    132.509    133.039         49 0.0000e+00
      16430    684.555    185.705    187.000    16.1751    16.1809   4.545575   4.546356     1.9926     1.6510      90.21   25.65433  -84.70428   -0.00633   -0.00675     2.9914     2.9953    16.1450    16.1508    36.1513    36.1530    26.5998    26.5997    1528.65    130.134    130.302         30 0.0000e+00
      16465    686.018    186.697    188.000    16.1315    16.1336   4.540579   4.540861     1.9758     1.6341      99.84   25.65772  -84.71548   -0.00902   -0.00900     2.9550     2.9552    16.1014    16.1034    36.1473    36.1480    26.6071    26.6072    1528.78    128.550    128.560         37 0.0000e+00
      16505    687.651    187.690    189.000    16.1221    16.1235   4.539514   4.539694     1.9589     1.6195      99.51   25.65772  -84.71548   -0.01149   -0.01101     2.9161     2.9185    16.0918    16.0931    36.1460    36.1463    26.6083    26.6083    1528.70    126.859    126.964         40 0.0000e+00
      16544    689.286    188.682    190.000    16.1097    16.1114   4.538120   4.538347     1.9526     1.6169     100.01   25.65772  -84.71548   -0.00867   -0.00702     2.9026     2.9131    16.0793    16.0809    36.1444    36.1449    26.6100    26.6100    1528.63    126.269    126.728         37 0.0000e+00
      16577    690.661    189.675    191.000    16.0950    16.0982   4.536409   4.536717     1.9529     1.6178     100.00   25.65772  -84.71548   -0.00354   -0.00169     2.9046     2.9168    16.0644    16.0676    36.1421    36.1428    26.6117    26.6115    1528.55    126.356    126.887         30 0.0000e+00
      16632    692.972    191.660    193.000    16.0213    16.0202   4.527590   4.527558     1.9549     1.6207      99.99   25.65435  -84.70435    0.00051    0.00068     2.9152     2.9298    15.9904    15.9894    36.1290    36.1297    26.6185    26.6194    1528.21    126.817    127.452         32 0.0000e+00
