GOMECC/GOMECC-4/1db/drb2103_0331.cnv
* Sea-Bird SBE 9 Data File:
* FileName = C:\Users\scs.user.rb\CTD\GOMECC4\data\rb2103_0331.hex
* Software Version Seasave V 7.26.7.107
* Temperature SN = 4799
* Conductivity SN = 3860
* Number of Bytes Per Scan = 41
* Number of Voltage Words = 4
* Number of Scans Averaged by the Deck Unit = 1
* NMEA Latitude = 29 27.77 N
* NMEA Longitude = 087 14.16 W
* NMEA UTC (Time) = Sep 23 2021  23:47:16
* NMEA baud rate = 4800
# nquan = 28
# nvalues = 189                         
# units = specified
# name 0 = scan: Scan Count
# name 1 = timeS: Time, Elapsed [seconds]
# name 2 = depSM: Depth [salt water, m]
# name 3 = prDM: Pressure, Digiquartz [db]
# name 4 = t090C: Temperature [ITS-90, deg C]
# name 5 = t190C: Temperature, 2 [ITS-90, deg C]
# name 6 = c0S/m: Conductivity [S/m]
# name 7 = c1S/m: Conductivity, 2 [S/m]
# name 8 = sbeox0V: Oxygen raw, SBE 43 [V]
# name 9 = sbeox1V: Oxygen raw, SBE 43, 2 [V]
# name 10 = altM: Altimeter [m]
# name 11 = latitude: Latitude [deg]
# name 12 = longitude: Longitude [deg]
# name 13 = sbox0dV/dT: Oxygen, SBE 43 [dov/dt]
# name 14 = sbox1dV/dT: Oxygen, SBE 43, 2 [dov/dt]
# name 15 = sbeox0ML/L: Oxygen, SBE 43 [ml/l], WS = 5
# name 16 = sbeox1ML/L: Oxygen, SBE 43, 2 [ml/l], WS = 5
# name 17 = potemp090C: Potential Temperature [ITS-90, deg C]
# name 18 = potemp190C: Potential Temperature, 2 [ITS-90, deg C]
# name 19 = sal00: Salinity, Practical [PSU]
# name 20 = sal11: Salinity, Practical, 2 [PSU]
# name 21 = sigma-é00: Density [sigma-theta, kg/m^3]
# name 22 = sigma-é11: Density, 2 [sigma-theta, kg/m^3]
# name 23 = avgsvCM: Average Sound Velocity [Chen-Millero, m/s], minP = 20, minS = 20
# name 24 = sbox0Mm/Kg: Oxygen, SBE 43 [umol/kg], WS = 5
# name 25 = sbox1Mm/Kg: Oxygen, SBE 43, 2 [umol/kg], WS = 5
# name 26 = nbin: number of scans per bin
# name 27 = flag: flag
# span 0 =      12666,      27775       
# span 1 =    527.712,   1157.239       
# span 2 =      4.966,    397.902       
# span 3 =      5.000,    401.000       
# span 4 =     9.9799,    28.2619       
# span 5 =     9.9806,    28.2632       
# span 6 =   3.844793,   5.684609       
# span 7 =   3.844797,   5.684370       
# span 8 =     1.6374,     3.1548       
# span 9 =     1.3398,     2.6921       
# span 10 =       8.75,     101.02      
# span 11 =   29.44683,   29.46621      
# span 12 =  -87.24615,  -87.18866      
# span 13 =   -0.04096,    0.08113      
# span 14 =   -0.03625,    0.08241      
# span 15 =     2.5672,     4.5097      
# span 16 =     2.5988,     4.5302      
# span 17 =     9.9330,    28.2545      
# span 18 =     9.9337,    28.2559      
# span 19 =    34.2384,    36.5472      
# span 20 =    34.2391,    36.5481      
# span 21 =    21.8948,    27.1213      
# span 22 =    21.8947,    27.1206      
# span 23 =       0.00,    1578.69      
# span 24 =    111.622,    196.904      
# span 25 =    112.998,    197.797      
# span 26 =         30,         78      
# span 27 = 0.0000e+00, 0.0000e+00      
# interval = decibars: 1                
# start_time = Sep 23 2021 23:47:16 [NMEA time, header]
# bad_flag = -9.990e-29
*END*
[from data line 156]
      21116    879.809    209.466    211.000    13.8720    13.8727   4.275049   4.274891     1.8464     1.5300      99.99   29.46131  -87.23162   -0.00095   -0.00112     2.7984     2.8302    13.8414    13.8426    35.7893    35.7882    26.8307    26.8300    1523.74    121.711    123.095         30 0.0000e+00
      21149    881.167    210.458    212.000    13.8484    13.8500   4.272475   4.272643     1.8441     1.5278     100.00   29.46282  -87.23608   -0.00129   -0.00169     2.7950     2.8270    13.8178    13.8193    35.7872    35.7873    26.8342    26.8339    1523.73    121.564    122.954         32 0.0000e+00
      21263    885.934    215.419    217.000    13.8148    13.8156   4.268411   4.268493     1.8365     1.5213      99.99   29.45855  -87.22345   -0.00141   -0.00117     2.7802     2.8135    13.7835    13.7842    35.7770    35.7771    26.8333    26.8331    1523.13    120.917    122.368         34 0.0000e+00
      21592    899.615    228.317    230.000    13.5336    13.5339   4.236524   4.236538     1.8243     1.5120     100.00   29.46181  -87.23308    0.00029    0.00068     2.7725     2.8105    13.5008    13.5011    35.7350    35.7348    26.8599    26.8597    1522.36    120.580    122.234         30 0.0000e+00
      22727    946.900    272.958    275.000    12.5090    12.5084   4.121003   4.120808     1.7464     1.4390     100.00   29.46424  -87.24024   -0.00049   -0.00094     2.6554     2.6875    12.4718    12.4712    35.5757    35.5743    26.9446    26.9436    1519.61    115.478    116.876         32 0.0000e+00
      22849    952.015    277.918    280.000    12.4022    12.4031   4.108798   4.108862     1.7423     1.4351     100.00   29.46263  -87.23553   -0.00052   -0.00088     2.6535     2.6848    12.3645    12.3654    35.5573    35.5571    26.9514    26.9510    1519.25    115.395    116.758         36 0.0000e+00
      22972    957.122    282.877    285.000    12.3043    12.3052   4.097709   4.097768     1.7369     1.4314      99.99   29.46015  -87.22819   -0.00086   -0.00058     2.6475     2.6823    12.2662    12.2671    35.5397    35.5394    26.9568    26.9564    1518.83    115.133    116.646         33 0.0000e+00
      23103    962.569    287.837    290.000    12.2162    12.2156   4.088268   4.088297     1.7336     1.4277     100.00   29.46364  -87.23850   -0.00072   -0.00091     2.6461     2.6788    12.1776    12.1769    35.5300    35.5291    26.9666    26.9661    1518.74    115.073    116.493         33 0.0000e+00
      23199    966.582    291.804    294.000    12.0783    12.0789   4.072368   4.072392     1.7271     1.4214      99.99   29.46086  -87.23027   -0.00147   -0.00148     2.6394     2.6710    12.0394    12.0400    35.5040    35.5037    26.9730    26.9727    1518.37    114.779    116.152         30 0.0000e+00
      23232    967.959    292.796    295.000    12.0745    12.0754   4.072170   4.072216     1.7244     1.4190     100.00   29.46280  -87.23602   -0.00198   -0.00190     2.6328     2.6647    12.0355    12.0364    35.5057    35.5053    26.9752    26.9747    1518.42    114.494    115.877         31 0.0000e+00
      23352    972.955    297.755    300.000    11.9057    11.9058   4.053118   4.053042     1.7168     1.4128      99.99   29.46080  -87.23011   -0.00148   -0.00104     2.6253     2.6594    11.8664    11.8665    35.4774    35.4766    26.9855    26.9849    1518.05    114.166    115.648         36 0.0000e+00
      23475    978.103    302.714    305.000    11.7751    11.7732   4.038596   4.038274     1.7102     1.4058      90.55   29.45963  -87.22664   -0.00103   -0.00116     2.6181     2.6491    11.7354    11.7336    35.4570    35.4556    26.9945    26.9938    1517.72    113.850    115.200         33 0.0000e+00
      23511    979.571    303.706    306.000    11.7353    11.7364   4.034520   4.034586     1.7085     1.4044     100.36   29.46280  -87.23602   -0.00107   -0.00127     2.6164     2.6476    11.6956    11.6967    35.4552    35.4548    27.0009    27.0004    1517.83    113.777    115.133         30 0.0000e+00
      23608    983.606    307.673    310.000    11.6783    11.6792   4.028305   4.028364     1.7033     1.4000      99.63   29.46349  -87.23807   -0.00135   -0.00109     2.6075     2.6399    11.6382    11.6391    35.4469    35.4466    27.0053    27.0049    1517.65    113.390    114.798         33 0.0000e+00
      23701    987.493    311.639    314.000    11.5274    11.5283   4.011056   4.011077     1.6962     1.3934      95.72   29.45823  -87.22248   -0.00167   -0.00152     2.5994     2.6310    11.4871    11.4880    35.4180    35.4173    27.0109    27.0102    1517.17    113.037    114.412         32 0.0000e+00
      23736    988.975    312.631    315.000    11.4787    11.4793   4.005992   4.005928     1.6945     1.3917      97.08   29.46280  -87.23602   -0.00162   -0.00180     2.5985     2.6300    11.4384    11.4390    35.4151    35.4139    27.0181    27.0170    1517.35    112.996    114.367         30 0.0000e+00
      24112   1004.624    327.507    330.000    10.9687    10.9696   3.949996   3.949891     1.6854     1.3869      79.89   29.46277  -87.23590   -0.00005    0.00053     2.6124     2.6533    10.9276    10.9286    35.3392    35.3390    27.0529    27.0527    1516.54    113.597    115.375         33 0.0000e+00
      24237   1009.821    332.465    335.000    10.9599    10.9611   3.949157   3.949255     1.6890     1.3902      74.87   29.46305  -87.23673    0.00054    0.00055     2.6241     2.6652    10.9182    10.9195    35.3389    35.3387    27.0544    27.0541    1516.30    114.107    115.894         36 0.0000e+00
      24328   1013.646    336.431    339.000    10.8390    10.8409   3.935181   3.935361     1.6881     1.3887      71.04   29.45613  -87.21624   -0.00029   -0.00044     2.6313     2.6701    10.7972    10.7990    35.3133    35.3127    27.0561    27.0552    1515.73    114.419    116.105         33 0.0000e+00
      24369   1015.349    337.423    340.000    10.8295    10.8322   3.934803   3.935050     1.6899     1.3895      69.85   29.46280  -87.23600   -0.00001    0.00014     2.6368     2.6733    10.7875    10.7902    35.3184    35.3183    27.0621    27.0615    1516.02    114.657    116.246         33 0.0000e+00
      24459   1019.083    341.389    344.000    10.7805    10.7810   3.929255   3.929245     1.6904     1.3894      72.87   29.45976  -87.22700    0.00022    0.00003     2.6429     2.6777    10.7382    10.7386    35.3075    35.3069    27.0623    27.0617    1515.66    114.922    116.437         46 0.0000e+00
      24587   1024.419    346.347    349.000    10.5800    10.5816   3.907651   3.907776     1.6843     1.3833      60.90   29.46228  -87.23445   -0.00153   -0.00143     2.6412     2.6743    10.5376    10.5392    35.2815    35.2813    27.0780    27.0775    1515.54    114.846    116.287         42 0.0000e+00
      24714   1029.700    351.305    354.000    10.5561    10.5553   3.905393   3.905235     1.6776     1.3776      55.97   29.46376  -87.23887   -0.00113   -0.00101     2.6259     2.6604    10.5131    10.5123    35.2802    35.2793    27.0813    27.0808    1515.37    114.179    115.680         35 0.0000e+00
      24841   1034.997    356.263    359.000    10.4847    10.4852   3.897820   3.897809     1.6728     1.3740      51.04   29.46390  -87.23928   -0.00096   -0.00076     2.6190     2.6561    10.4413    10.4418    35.2704    35.2698    27.0864    27.0858    1515.13    113.882    115.491         33 0.0000e+00
      25318   1054.874    375.100    378.000    10.2001    10.2012   3.867679   3.867719     1.6558     1.3575      32.20   29.46335  -87.23768   -0.00090   -0.00071     2.5971     2.6312    10.1552    10.1563    35.2317    35.2310    27.1062    27.1055    1514.20    112.925    114.411         30 0.0000e+00
      25737   1072.332    390.963    394.000    10.0211    10.0229   3.849234   3.849376     1.6446     1.3474      16.09   29.46621  -87.24615   -0.00063   -0.00060     2.5829     2.6173     9.9748     9.9766    35.2107    35.2104    27.1211    27.1205    1513.64    112.306    113.801         47 0.0000e+00
      25789   1074.501    391.954    395.000    10.0057    10.0022   3.847273   3.846870     1.6434     1.3461      14.95   29.46280  -87.23604   -0.00050   -0.00053     2.5810     2.6151     9.9593     9.9558    35.2048    35.2038    27.1190    27.1188    1513.42    112.222    113.708         65 0.0000e+00
      25856   1077.288    392.945    396.000     9.9952     9.9954   3.846233   3.846237     1.6421     1.3449      13.89   29.46280  -87.23605   -0.00043   -0.00041     2.5784     2.6123     9.9487     9.9488    35.2036    35.2031    27.1199    27.1194    1513.38    112.111    113.586         65 0.0000e+00
      25909   1079.509    393.937    397.000     9.9865     9.9911   3.845350   3.845778     1.6410     1.3435      12.97   29.46280  -87.23606   -0.00050   -0.00062     2.5763     2.6086     9.9399     9.9445    35.2026    35.2024    27.1206    27.1196    1513.33    112.019    113.424         34 0.0000e+00
      25981   1082.505    394.928    398.000     9.9817     9.9823   3.844980   3.844890     1.6394     1.3423      11.90   29.46280  -87.23606   -0.00052   -0.00046     2.5720     2.6059     9.9350     9.9356    35.2020    35.2015    27.1209    27.1205    1513.29    111.830    113.307         32 0.0000e+00
      26036   1084.773    395.919    399.000     9.9811     9.9812   3.844870   3.844806     1.6387     1.3419      11.06   29.46280  -87.23606   -0.00044   -0.00034     2.5707     2.6050     9.9343     9.9343    35.2020    35.2014    27.1211    27.1206    1513.25    111.775    113.265         46 0.0000e+00
      26120   1088.273    396.911    400.000     9.9799     9.9806   3.844793   3.844797     1.6379     1.3405       9.88   29.46280  -87.23606   -0.00024   -0.00043     2.5689     2.6011     9.9330     9.9337    35.2020    35.2013    27.1213    27.1206    1513.20    111.697    113.099         42 0.0000e+00
      27775   1157.239    397.902    401.000     9.9905     9.9903   3.845834   3.845754     1.6374     1.3398       8.75   29.46280  -87.23611    0.00006   -0.00010     2.5672     2.5988     9.9434     9.9432    35.2019    35.2012    27.1194    27.1189    1513.16    111.622    112.998         78 0.0000e+00
