GOMECC/GOMECC-4/1db/drb2103_1082.cnv
* Sea-Bird SBE 9 Data File:
* FileName = C:\Users\scs.user.rb\CTD\GOMECC4\data\rb2103_1081.hex
* Software Version Seasave V 7.26.7.107
* Temperature SN = 4799
* Conductivity SN = 3860
* Number of Bytes Per Scan = 41
* Number of Voltage Words = 4
* Number of Scans Averaged by the Deck Unit = 1
* NMEA Latitude = 22 55.36 N
* NMEA Longitude = 086 22.48 W
* NMEA UTC (Time) = Oct 14 2021  21:53:13
* NMEA baud rate = 4800
# nquan = 28
# nvalues = 471                         
# units = specified
# name 0 = scan: Scan Count
# name 1 = timeS: Time, Elapsed [seconds]
# name 2 = depSM: Depth [salt water, m]
# name 3 = prDM: Pressure, Digiquartz [db]
# name 4 = t090C: Temperature [ITS-90, deg C]
# name 5 = t190C: Temperature, 2 [ITS-90, deg C]
# name 6 = c0S/m: Conductivity [S/m]
# name 7 = c1S/m: Conductivity, 2 [S/m]
# name 8 = sbeox0V: Oxygen raw, SBE 43 [V]
# name 9 = sbeox1V: Oxygen raw, SBE 43, 2 [V]
# name 10 = altM: Altimeter [m]
# name 11 = latitude: Latitude [deg]
# name 12 = longitude: Longitude [deg]
# name 13 = sbox0dV/dT: Oxygen, SBE 43 [dov/dt]
# name 14 = sbox1dV/dT: Oxygen, SBE 43, 2 [dov/dt]
# name 15 = sbeox0ML/L: Oxygen, SBE 43 [ml/l], WS = 5
# name 16 = sbeox1ML/L: Oxygen, SBE 43, 2 [ml/l], WS = 5
# name 17 = potemp090C: Potential Temperature [ITS-90, deg C]
# name 18 = potemp190C: Potential Temperature, 2 [ITS-90, deg C]
# name 19 = sal00: Salinity, Practical [PSU]
# name 20 = sal11: Salinity, Practical, 2 [PSU]
# name 21 = sigma-é00: Density [sigma-theta, kg/m^3]
# name 22 = sigma-é11: Density, 2 [sigma-theta, kg/m^3]
# name 23 = avgsvCM: Average Sound Velocity [Chen-Millero, m/s], minP = 20, minS = 20
# name 24 = sbox0Mm/Kg: Oxygen, SBE 43 [umol/kg], WS = 5
# name 25 = sbox1Mm/Kg: Oxygen, SBE 43, 2 [umol/kg], WS = 5
# name 26 = nbin: number of scans per bin
# name 27 = flag: flag
# span 0 =      38556,      76739       
# span 1 =   1606.454,   3197.404       
# span 2 =      0.994,    998.245       
# span 3 =      1.000,   1007.000       
# span 4 =     5.1519,    30.6510       
# span 5 =     5.1523,    30.6025       
# span 6 =   3.398060,   6.080937       
# span 7 =   3.398086,   6.089550       
# span 8 =     1.6194,     3.2554       
# span 9 =     1.3199,     3.3177       
# span 10 =      11.05,     100.98      
# span 11 =   22.72564,   22.93046      
# span 12 =  -86.38621,  -85.62820      
# span 13 =   -0.02245,    0.07825      
# span 14 =   -0.15231,    0.09413      
# span 15 =     2.6836,     4.4817      
# span 16 =     2.7014,     5.5495      
# span 17 =     5.0668,    30.6508      
# span 18 =     5.0672,    30.6020      
# span 19 =    34.8798,    37.0021      
# span 20 =    34.8793,    37.0036      
# span 21 =    21.5297,    27.6182      
# span 22 =    22.4704,    27.6177      
# span 23 =       0.00,    1546.94      
# span 24 =    116.684,    195.710      
# span 25 =    117.455,    242.316      
# span 26 =         30,         67      
# span 27 = 0.0000e+00, 0.0000e+00      
# interval = decibars: 1                
# start_time = Oct 14 2021 21:53:13 [NMEA time, header]
# bad_flag = -9.990e-29
*END*
[from data line 208]
      53947   2247.762    223.463    225.000    19.4238    19.4241   4.943302   4.943437     2.2830     1.9151     100.00   22.92448  -86.37468   -0.00044   -0.00027     3.4414     3.4546    19.3826    19.3829    36.6636    36.6644    26.1941    26.1946    1538.59    149.768    150.345         36 0.0000e+00
      53981   2249.186    224.456    226.000    19.4030    19.4047   4.940842   4.941139     2.2825     1.9159     100.00   22.92448  -86.37468   -0.00061   -0.00059     3.4421     3.4583    19.3617    19.3634    36.6609    36.6619    26.1975    26.1978    1538.53    149.800    150.503         32 0.0000e+00
      54014   2250.548    225.448    227.000    19.3492    19.3501   4.934410   4.934693     2.2820     1.9158     100.00   22.92450  -86.37470   -0.00037    0.00010     3.4452     3.4622    19.3078    19.3087    36.6541    36.6549    26.2064    26.2067    1538.47    149.934    150.675         33 0.0000e+00
      54049   2251.983    226.441    228.000    19.3296    19.3306   4.932031   4.932269     2.2819     1.9178     100.00   22.92450  -86.37470   -0.00032    0.00052     3.4471     3.4688    19.2880    19.2890    36.6512    36.6522    26.2092    26.2098    1538.42    150.014    150.958         37 0.0000e+00
      54219   2259.080    232.397    234.000    19.0576    19.0586   4.899250   4.899480     2.2802     1.9164      58.10   22.92534  -86.37779   -0.00091   -0.00141     3.4654     3.4868    19.0153    19.0163    36.6143    36.6154    26.2518    26.2524    1538.12    150.807    151.738         31 0.0000e+00
      54349   2264.500    237.359    239.000    18.9333    18.9352   4.884226   4.884452     2.2721     1.9097      71.97   22.92475  -86.37553   -0.00166   -0.00096     3.4587     3.4810    18.8903    18.8922    36.5954    36.5957    26.2695    26.2691    1537.80    150.511    151.481         30 0.0000e+00
      54407   2266.923    239.345    241.000    18.8290    18.8289   4.871637   4.871736     2.2699     1.9066     100.00   22.92441  -86.37419   -0.00135   -0.00093     3.4621     3.4816    18.7858    18.7857    36.5805    36.5815    26.2848    26.2855    1537.66    150.656    151.506         30 0.0000e+00
      54605   2275.187    246.292    248.000    18.6966    18.6978   4.855908   4.856165     2.2701     1.9061     100.00   22.92415  -86.37316    0.00016   -0.00022     3.4754     3.4926    18.6524    18.6536    36.5619    36.5631    26.3046    26.3051    1537.24    151.231    151.983         30 0.0000e+00
      54688   2278.638    249.270    251.000    18.6300    18.6316   4.847915   4.848188     2.2684     1.9044     100.00   22.92369  -86.37134   -0.00036   -0.00045     3.4778     3.4942    18.5853    18.5870    36.5519    36.5527    26.3139    26.3141    1537.05    151.334    152.048         30 0.0000e+00
      54792   2282.954    253.240    255.000    18.5437    18.5447   4.837503   4.837728     2.2646     1.9003      99.92   22.92228  -86.36598   -0.00070   -0.00105     3.4772     3.4920    18.4985    18.4995    36.5378    36.5388    26.3249    26.3254    1536.73    151.308    151.952         30 0.0000e+00
      54833   2284.662    254.232    256.000    18.5402    18.5410   4.837357   4.837556     2.2642     1.8997     100.00   22.92462  -86.37480   -0.00041   -0.00087     3.4769     3.4912    18.4948    18.4956    36.5405    36.5415    26.3283    26.3288    1536.83    151.295    151.916         39 0.0000e+00
      54968   2290.276    259.194    261.000    18.5164    18.5173   4.834661   4.834855     2.2598     1.8968      99.05   22.92448  -86.37423   -0.00073   -0.00103     3.4709     3.4879    18.4702    18.4711    36.5367    36.5376    26.3316    26.3320    1536.56    151.035    151.771         41 0.0000e+00
      55005   2291.824    260.187    262.000    18.5118    18.5127   4.834170   4.834366     2.2588     1.8969     100.02   22.92464  -86.37482   -0.00097   -0.00011     3.4694     3.4888    18.4654    18.4663    36.5363    36.5372    26.3325    26.3330    1536.52    150.969    151.814         31 0.0000e+00
      55106   2296.059    264.157    266.000    18.3706    18.3709   4.817030   4.817125     2.2521     1.8900     100.00   22.92421  -86.37313   -0.00126   -0.00125     3.4656     3.4815    18.3237    18.3240    36.5142    36.5146    26.3512    26.3515    1536.30    150.800    151.491         34 0.0000e+00
      55142   2297.524    265.149    267.000    18.2933    18.2973   4.807694   4.808018     2.2480     1.8865     100.00   22.92467  -86.37485   -0.00258   -0.00248     3.4634     3.4806    18.2464    18.2504    36.5031    36.5023    26.3623    26.3606    1536.27    150.703    151.451         32 0.0000e+00
      55251   2302.084    269.119    271.000    18.2122    18.2141   4.798044   4.798321     2.2421     1.8798     100.00   22.92531  -86.37724   -0.00111   -0.00157     3.4576     3.4712    18.1648    18.1666    36.4916    36.4924    26.3740    26.3741    1536.11    150.450    151.039         30 0.0000e+00
      55307   2304.408    271.104    273.000    18.1697    18.1713   4.792820   4.793076     2.2391     1.8773     100.00   22.92440  -86.37377   -0.00115   -0.00065     3.4548     3.4690    18.1219    18.1235    36.4836    36.4844    26.3785    26.3787    1535.95    150.326    150.943         30 0.0000e+00
      55446   2310.223    276.066    278.000    18.0913    18.0924   4.783489   4.783712     2.2329     1.8728     100.00   22.92445  -86.37387   -0.00093   -0.00048     3.4486     3.4654    18.0429    18.0440    36.4718    36.4727    26.3892    26.3896    1535.70    150.056    150.787         33 0.0000e+00
      55478   2311.562    277.058    279.000    18.0884    18.0894   4.783224   4.783443     2.2322     1.8719     100.00   22.92472  -86.37489   -0.00075   -0.00119     3.4478     3.4638    18.0397    18.0408    36.4718    36.4727    26.3899    26.3904    1535.67    150.018    150.717         30 0.0000e+00
      55583   2315.932    281.027    283.000    18.0646    18.0658   4.780526   4.780752     2.2291     1.8708     100.00   22.92386  -86.37159   -0.00069   -0.00050     3.4441     3.4644    18.0153    18.0166    36.4678    36.4686    26.3929    26.3932    1535.43    149.859    150.739         32 0.0000e+00
      55619   2317.418    282.020    284.000    18.0489    18.0502   4.778784   4.779001     2.2277     1.8701     100.00   22.92475  -86.37492   -0.00075   -0.00062     3.4424     3.4642    17.9994    18.0008    36.4670    36.4676    26.3963    26.3965    1535.44    149.785    150.730         34 0.0000e+00
      55755   2323.099    286.982    289.000    17.9268    17.9291   4.764069   4.764430     2.2200     1.8626     100.00   22.92492  -86.37553   -0.00157   -0.00127     3.4359     3.4561    17.8768    17.8790    36.4477    36.4488    26.4120    26.4123    1535.22    149.500    150.377         33 0.0000e+00
      55787   2324.423    287.974    290.000    17.9158    17.9166   4.762698   4.762863     2.2174     1.8592     100.00   22.92476  -86.37494   -0.00197   -0.00195     3.4314     3.4488    17.8656    17.8664    36.4452    36.4460    26.4129    26.4133    1535.16    149.301    150.058         31 0.0000e+00
      55952   2331.297    293.928    296.000    17.8278    17.8296   4.752263   4.752501     2.2072     1.8518     100.00   22.92403  -86.37207   -0.00139   -0.00063     3.4170     3.4390    17.7767    17.7785    36.4313    36.4318    26.4241    26.4241    1534.84    148.674    149.630         35 0.0000e+00
      55988   2332.789    294.920    297.000    17.8154    17.8163   4.750898   4.751069     2.2058     1.8512     100.00   22.92480  -86.37496   -0.00146   -0.00057     3.4150     3.4388    17.7642    17.7650    36.4307    36.4314    26.4268    26.4272    1534.85    148.587    149.622         31 0.0000e+00
      56084   2336.799    298.889    301.000    17.7618    17.7629   4.744188   4.744408     2.2027     1.8463      99.99   22.92284  -86.36754   -0.00076   -0.00114     3.4135     3.4318    17.7099    17.7110    36.4183    36.4192    26.4304    26.4309    1534.54    148.522    149.317         33 0.0000e+00
      56125   2338.481    299.881    302.000    17.7571    17.7585   4.743884   4.744120     2.2026     1.8461     100.00   22.92482  -86.37498   -0.00049   -0.00093     3.4140     3.4322    17.7051    17.7065    36.4204    36.4213    26.4335    26.4338    1534.63    148.543    149.333         37 0.0000e+00
      56251   2343.768    304.842    307.000    17.7221    17.7229   4.739531   4.739700     2.1994     1.8435      99.99   22.92196  -86.36415   -0.00078   -0.00074     3.4114     3.4301    17.6693    17.6701    36.4108    36.4116    26.4346    26.4350    1534.22    148.429    149.242         32 0.0000e+00
      56294   2345.537    305.835    308.000    17.7178    17.7189   4.739379   4.739573     2.1988     1.8435     100.00   22.92485  -86.37500   -0.00071   -0.00070     3.4107     3.4310    17.6649    17.6660    36.4143    36.4151    26.4388    26.4390    1534.37    148.399    149.281         38 0.0000e+00
      56429   2351.166    310.796    313.000    17.6861    17.6870   4.735638   4.735820     2.1934     1.8400     100.00   22.92426  -86.37269   -0.00122   -0.00095     3.4027     3.4263    17.6324    17.6333    36.4082    36.4090    26.4419    26.4423    1534.13    148.052    149.078         38 0.0000e+00
      56467   2352.739    311.788    314.000    17.6838    17.6849   4.735467   4.735683     2.1938     1.8392     100.00   22.92488  -86.37502   -0.00094   -0.00048     3.4042     3.4249    17.6299    17.6310    36.4087    36.4096    26.4430    26.4434    1534.13    148.115    149.016         32 0.0000e+00
      56576   2357.273    315.757    318.000    17.6508    17.6517   4.731705   4.731866     2.1903     1.8354     100.00   22.92553  -86.37738   -0.00083   -0.00098     3.4003     3.4192    17.5962    17.5972    36.4045    36.4051    26.4482    26.4484    1534.01    147.946    148.768         33 0.0000e+00
      56687   2361.899    319.725    322.000    17.5958    17.5967   4.725154   4.725340     2.1852     1.8303     100.00   22.92576  -86.37820   -0.00120   -0.00150     3.3943     3.4119    17.5407    17.5415    36.3956    36.3965    26.4550    26.4554    1533.87    147.683    148.450         32 0.0000e+00
      56799   2366.567    323.694    326.000    17.5909    17.5920   4.724624   4.724848     2.1831     1.8301     100.00   22.92458  -86.37369   -0.00060    0.00013     3.3915     3.4136    17.5351    17.5362    36.3933    36.3943    26.4544    26.4549    1533.64    147.560    148.522         32 0.0000e+00
      56899   2370.744    327.663    330.000    17.5335    17.5346   4.717516   4.717728     2.1801     1.8264      99.99   22.92188  -86.36348   -0.00054   -0.00094     3.3905     3.4098    17.4772    17.4783    36.3803    36.3811    26.4582    26.4586    1533.31    147.516    148.355         34 0.0000e+00
      56943   2372.587    328.655    331.000    17.5285    17.5297   4.717300   4.717532     2.1792     1.8261     100.00   22.92496  -86.37508   -0.00056   -0.00064     3.3890     3.4097    17.4720    17.4732    36.3840    36.3850    26.4628    26.4632    1533.48    147.451    148.352         37 0.0000e+00
      57039   2376.598    332.623    335.000    17.4102    17.4113   4.702643   4.702854     2.1723     1.8194      99.99   22.92171  -86.36275   -0.00152   -0.00149     3.3838     3.4031    17.3533    17.3544    36.3618    36.3627    26.4744    26.4748    1533.11    147.224    148.061         36 0.0000e+00
      57085   2378.516    333.615    336.000    17.4076    17.4088   4.702694   4.702927     2.1703     1.8178     100.00   22.92499  -86.37508   -0.00199   -0.00209     3.3794     3.3994    17.3505    17.3517    36.3638    36.3647    26.4769    26.4773    1533.30    147.033    147.900         35 0.0000e+00
      57189   2382.821    337.583    340.000    17.2046    17.2078   4.678262   4.678685     2.1620     1.8115     100.00   22.92468  -86.37391   -0.00197   -0.00161     3.3766     3.3988    17.1473    17.1505    36.3317    36.3325    26.5014    26.5013    1533.13    146.907    147.873         34 0.0000e+00
      57223   2384.231    338.576    341.000    17.1528    17.1545   4.672158   4.672409     2.1599     1.8081     100.00   22.92500  -86.37510   -0.00172   -0.00188     3.3759     3.3946    17.0955    17.0972    36.3247    36.3254    26.5086    26.5087    1533.11    146.874    147.686         31 0.0000e+00
      57387   2391.074    344.528    347.000    16.9613    16.9624   4.648940   4.649160     2.1419     1.7917      97.43   22.92473  -86.37403   -0.00338   -0.00328     3.3504     3.3683    16.9034    16.9045    36.2916    36.2925    26.5292    26.5296    1532.87    145.762    146.539         30 0.0000e+00
      57418   2392.376    345.520    348.000    16.9458    16.9470   4.647206   4.647427     2.1403     1.7901      73.61   22.92504  -86.37512   -0.00241   -0.00187     3.3480     3.3657    16.8878    16.8890    36.2901    36.2909    26.5318    26.5322    1532.85    145.659    146.429         32 0.0000e+00
      57450   2393.694    346.512    349.000    16.9324    16.9336   4.645712   4.645949     2.1386     1.7895     100.14   22.92504  -86.37513   -0.00152   -0.00099     3.3454     3.3655    16.8742    16.8754    36.2887    36.2897    26.5340    26.5345    1532.81    145.542    146.417         30 0.0000e+00
      57550   2397.878    350.480    353.000    16.8866    16.8875   4.640472   4.640656     2.1356     1.7886      99.99   22.92329  -86.36848   -0.00059   -0.00004     3.3434     3.3680    16.8278    16.8287    36.2816    36.2824    26.5394    26.5398    1532.54    145.457    146.526         32 0.0000e+00
      57588   2399.446    351.472    354.000    16.8731    16.8750   4.639165   4.639461     2.1369     1.7885     100.00   22.92506  -86.37514    0.00023   -0.00019     3.3478     3.3691    16.8142    16.8162    36.2827    36.2837    26.5437    26.5440    1532.63    145.648    146.574         34 0.0000e+00
      57726   2405.197    356.432    359.000    16.8576    16.8586   4.637558   4.637751     2.1362     1.7868     100.00   22.92517  -86.37549   -0.00016   -0.00071     3.3494     3.3679    16.7980    16.7989    36.2806    36.2815    26.5459    26.5464    1532.45    145.716    146.520         32 0.0000e+00
      57758   2406.532    357.424    360.000    16.8272    16.8300   4.633900   4.634226     2.1349     1.7869     100.00   22.92508  -86.37517   -0.00053   -0.00059     3.3489     3.3706    16.7674    16.7702    36.2755    36.2759    26.5493    26.5490    1532.41    145.693    146.636         32 0.0000e+00
      57924   2413.440    363.376    366.000    16.7315    16.7328   4.622508   4.622722     2.1249     1.7781     100.00   22.92493  -86.37452   -0.00130   -0.00077     3.3349     3.3572    16.6710    16.6722    36.2593    36.2601    26.5597    26.5600    1532.19    145.082    146.053         31 0.0000e+00
      57955   2414.767    364.368    367.000    16.7193    16.7205   4.621086   4.621303     2.1244     1.7764     100.00   22.92512  -86.37519   -0.00117   -0.00096     3.3349     3.3542    16.6586    16.6598    36.2575    36.2583    26.5613    26.5616    1532.17    145.082    145.921         32 0.0000e+00
      57987   2416.096    365.360    368.000    16.7158    16.7168   4.620704   4.620890     2.1237     1.7749     100.00   22.92512  -86.37520   -0.00068   -0.00111     3.3339     3.3507    16.6549    16.6559    36.2569    36.2577    26.5617    26.5621    1532.13    145.041    145.770         30 0.0000e+00
