GOMECC/GOMECC-4/1db/drb2103_1082.cnv
* Sea-Bird SBE 9 Data File:
* FileName = C:\Users\scs.user.rb\CTD\GOMECC4\data\rb2103_1081.hex
* Software Version Seasave V 7.26.7.107
* Temperature SN = 4799
* Conductivity SN = 3860
* Number of Bytes Per Scan = 41
* Number of Voltage Words = 4
* Number of Scans Averaged by the Deck Unit = 1
* NMEA Latitude = 22 55.36 N
* NMEA Longitude = 086 22.48 W
* NMEA UTC (Time) = Oct 14 2021  21:53:13
* NMEA baud rate = 4800
# nquan = 28
# nvalues = 471                         
# units = specified
# name 0 = scan: Scan Count
# name 1 = timeS: Time, Elapsed [seconds]
# name 2 = depSM: Depth [salt water, m]
# name 3 = prDM: Pressure, Digiquartz [db]
# name 4 = t090C: Temperature [ITS-90, deg C]
# name 5 = t190C: Temperature, 2 [ITS-90, deg C]
# name 6 = c0S/m: Conductivity [S/m]
# name 7 = c1S/m: Conductivity, 2 [S/m]
# name 8 = sbeox0V: Oxygen raw, SBE 43 [V]
# name 9 = sbeox1V: Oxygen raw, SBE 43, 2 [V]
# name 10 = altM: Altimeter [m]
# name 11 = latitude: Latitude [deg]
# name 12 = longitude: Longitude [deg]
# name 13 = sbox0dV/dT: Oxygen, SBE 43 [dov/dt]
# name 14 = sbox1dV/dT: Oxygen, SBE 43, 2 [dov/dt]
# name 15 = sbeox0ML/L: Oxygen, SBE 43 [ml/l], WS = 5
# name 16 = sbeox1ML/L: Oxygen, SBE 43, 2 [ml/l], WS = 5
# name 17 = potemp090C: Potential Temperature [ITS-90, deg C]
# name 18 = potemp190C: Potential Temperature, 2 [ITS-90, deg C]
# name 19 = sal00: Salinity, Practical [PSU]
# name 20 = sal11: Salinity, Practical, 2 [PSU]
# name 21 = sigma-é00: Density [sigma-theta, kg/m^3]
# name 22 = sigma-é11: Density, 2 [sigma-theta, kg/m^3]
# name 23 = avgsvCM: Average Sound Velocity [Chen-Millero, m/s], minP = 20, minS = 20
# name 24 = sbox0Mm/Kg: Oxygen, SBE 43 [umol/kg], WS = 5
# name 25 = sbox1Mm/Kg: Oxygen, SBE 43, 2 [umol/kg], WS = 5
# name 26 = nbin: number of scans per bin
# name 27 = flag: flag
# span 0 =      38556,      76739       
# span 1 =   1606.454,   3197.404       
# span 2 =      0.994,    998.245       
# span 3 =      1.000,   1007.000       
# span 4 =     5.1519,    30.6510       
# span 5 =     5.1523,    30.6025       
# span 6 =   3.398060,   6.080937       
# span 7 =   3.398086,   6.089550       
# span 8 =     1.6194,     3.2554       
# span 9 =     1.3199,     3.3177       
# span 10 =      11.05,     100.98      
# span 11 =   22.72564,   22.93046      
# span 12 =  -86.38621,  -85.62820      
# span 13 =   -0.02245,    0.07825      
# span 14 =   -0.15231,    0.09413      
# span 15 =     2.6836,     4.4817      
# span 16 =     2.7014,     5.5495      
# span 17 =     5.0668,    30.6508      
# span 18 =     5.0672,    30.6020      
# span 19 =    34.8798,    37.0021      
# span 20 =    34.8793,    37.0036      
# span 21 =    21.5297,    27.6182      
# span 22 =    22.4704,    27.6177      
# span 23 =       0.00,    1546.94      
# span 24 =    116.684,    195.710      
# span 25 =    117.455,    242.316      
# span 26 =         30,         67      
# span 27 = 0.0000e+00, 0.0000e+00      
# interval = decibars: 1                
# start_time = Oct 14 2021 21:53:13 [NMEA time, header]
# bad_flag = -9.990e-29
*END*
[from data line 104]
      50220   2092.454    113.252    114.000    26.3121    26.3134   5.680767   5.681160     2.7669     2.3340     100.00   22.92396  -86.37430   -0.00179   -0.00224     3.9029     3.8998    26.2863    26.2875    36.6793    36.6811    24.2107    24.2118    1544.86    170.185    170.049         31 0.0000e+00
      50252   2093.804    114.245    115.000    26.2395    26.2497   5.675111   5.676124     2.7633     2.3303     100.00   22.92396  -86.37430   -0.00095   -0.00201     3.9014     3.8965    26.2136    26.2237    36.6957    36.6949    24.2461    24.2424    1544.83    170.111    169.897         34 0.0000e+00
      50286   2095.217    115.238    116.000    26.0724    26.0776   5.660783   5.661438     2.7532     2.3234     100.00   22.92398  -86.37430   -0.00333   -0.00339     3.8927     3.8917    26.0463    26.0515    36.7254    36.7262    24.3212    24.3201    1544.79    169.720    169.678         34 0.0000e+00
      50321   2096.659    116.231    117.000    26.0248    26.0258   5.656972   5.657464     2.7362     2.3098     100.00   22.92398  -86.37430   -0.00823   -0.00628     3.8647     3.8676    25.9985    25.9995    36.7321    36.7340    24.3412    24.3424    1544.76    168.495    168.624         35 0.0000e+00
      50355   2098.096    117.224    118.000    26.0137    26.0150   5.655785   5.656179     2.7307     2.3056      74.22   22.92398  -86.37431   -0.00816   -0.00624     3.8553     3.8600    25.9872    25.9885    36.7341    36.7360    24.3464    24.3473    1544.72    168.086    168.292         34 0.0000e+00
      50389   2099.483    118.217    119.000    26.0037    26.0052   5.654993   5.655395     2.7279     2.3032      99.69   22.92398  -86.37432   -0.00466   -0.00360     3.8511     3.8559    25.9769    25.9785    36.7361    36.7378    24.3511    24.3518    1544.69    167.900    168.113         33 0.0000e+00
      50422   2100.872    119.211    120.000    25.9736    25.9760   5.652491   5.652947     2.7254     2.2998     100.00   22.92398  -86.37432   -0.00250   -0.00232     3.8486     3.8510    25.9467    25.9491    36.7415    36.7430    24.3646    24.3650    1544.65    167.791    167.895         34 0.0000e+00
      50456   2102.302    120.204    121.000    25.9482    25.9500   5.650342   5.650759     2.7224     2.2980     100.00   22.92400  -86.37432   -0.00192   -0.00174     3.8450     3.8492    25.9211    25.9229    36.7458    36.7474    24.3759    24.3766    1544.62    167.632    167.814         34 0.0000e+00
      50489   2103.687    121.197    122.000    25.8958    25.9018   5.645822   5.646561     2.7178     2.2949     100.00   22.92400  -86.37432   -0.00229   -0.00173     3.8401     3.8461    25.8685    25.8745    36.7545    36.7551    24.3989    24.3975    1544.59    167.415    167.678         32 0.0000e+00
      50523   2105.078    122.190    123.000    25.8039    25.8074   5.637964   5.638496     2.7088     2.2859     100.00   22.92400  -86.37432   -0.00395   -0.00334     3.8292     3.8333    25.7764    25.7799    36.7703    36.7714    24.4397    24.4394    1544.55    166.934    167.110         35 0.0000e+00
      50558   2106.558    123.183    124.000    25.7590    25.7628   5.634373   5.634933     2.7012     2.2782     100.00   22.92400  -86.37434   -0.00544   -0.00517     3.8180     3.8201    25.7314    25.7351    36.7797    36.7808    24.4608    24.4605    1544.52    166.442    166.531         36 0.0000e+00
      50592   2107.978    124.176    125.000    25.7155    25.7191   5.630716   5.631259     2.6944     2.2731     100.00   22.92401  -86.37434   -0.00513   -0.00490     3.8135     3.8152    25.6896    25.6915    36.7861    36.7873    24.4787    24.4785    1544.49    166.242    166.314         32 0.0000e+00
      50623   2109.254    125.169    126.000    25.5271    25.5280   5.613725   5.614023     2.6826     2.2625      95.58   22.92402  -86.37434   -0.00575   -0.00490     3.7972     3.8003    25.4992    25.5000    36.8139    36.8154    24.5589    24.5598    1544.45    165.518    165.652         30 0.0000e+00
      50655   2110.568    126.162    127.000    25.4842    25.4871   5.609777   5.610292     2.6700     2.2520      89.48   22.92402  -86.37434   -0.00814   -0.00689     3.7772     3.7823    25.4561    25.4590    36.8191    36.8206    24.5762    24.5764    1544.41    164.644    164.867         34 0.0000e+00
      50693   2112.152    127.155    128.000    25.4339    25.4400   5.605163   5.605958     2.6603     2.2429     100.19   22.92402  -86.37434   -0.00860   -0.00747     3.7623     3.7664    25.4056    25.4117    36.8253    36.8264    24.5966    24.5955    1544.37    163.990    164.171         39 0.0000e+00
      50727   2113.598    128.148    129.000    25.3144    25.3208   5.594091   5.594902     2.6505     2.2320     100.00   22.92402  -86.37434   -0.00652   -0.00633     3.7515     3.7506    25.2860    25.2924    36.8398    36.8407    24.6445    24.6431    1544.33    163.514    163.476         31 0.0000e+00
      50758   2114.861    129.142    130.000    25.1608    25.1721   5.580315   5.581462     2.6366     2.2211     100.00   22.92402  -86.37434   -0.00722   -0.00730     3.7350     3.7366    25.1323    25.1436    36.8620    36.8613    24.7086    24.7046    1544.29    162.781    162.853         31 0.0000e+00
      50791   2116.246    130.135    131.000    25.0597    25.0619   5.571664   5.572120     2.6205     2.2061      58.69   22.92404  -86.37436   -0.01015   -0.00913     3.7104     3.7114    25.0311    25.0333    36.8795    36.8811    24.7530    24.7535    1544.25    161.705    161.746         36 0.0000e+00
      50828   2117.782    131.128    132.000    24.9752    24.9796   5.564172   5.564801     2.6108     2.1982     100.31   22.92404  -86.37436   -0.00997   -0.00861     3.6975     3.6998    24.9463    24.9508    36.8923    36.8933    24.7886    24.7880    1544.20    161.135    161.238         36 0.0000e+00
      50861   2119.160    132.121    133.000    24.9098    24.9149   5.558027   5.558719     2.6026     2.1943     100.00   22.92404  -86.37436   -0.00704   -0.00572     3.6860     3.6956    24.8809    24.8859    36.8994    36.9004    24.8140    24.8132    1544.17    160.631    161.051         30 0.0000e+00
      50891   2120.413    133.114    134.000    24.8036    24.8108   5.548146   5.549030     2.5957     2.1870     100.00   22.92404  -86.37436   -0.00601   -0.00420     3.6795     3.6861    24.7745    24.7816    36.9130    36.9132    24.8567    24.8547    1544.12    160.343    160.632         31 0.0000e+00
      50925   2121.853    134.107    135.000    24.7051    24.7084   5.539543   5.540113     2.5855     2.1780      98.77   22.92405  -86.37436   -0.00627   -0.00531     3.6667     3.6736    24.6759    24.6791    36.9279    36.9295    24.8980    24.8982    1544.07    159.778    160.078         40 0.0000e+00
      50967   2123.564    135.100    136.000    24.6534    24.6569   5.534770   5.535356     2.5816     2.1745     100.03   22.92406  -86.37436   -0.00498   -0.00455     3.6627     3.6697    24.6239    24.6275    36.9342    36.9356    24.9185    24.9186    1544.03    159.599    159.904         38 0.0000e+00
      51035   2126.427    138.079    139.000    24.4181    24.4189   5.511410   5.511761     2.5688     2.1647      83.83   22.91362  -86.33500   -0.00315   -0.00206     3.6541     3.6640    24.3882    24.3891    36.9437    36.9456    24.9951    24.9963    1543.18    159.210    159.641         44 0.0000e+00
      51104   2129.287    139.072    140.000    24.4059    24.4093   5.511819   5.512409     2.5650     2.1606      93.12   22.92408  -86.37438   -0.00250   -0.00232     3.6478     3.6562    24.3758    24.3792    36.9635    36.9652    25.0159    25.0161    1543.85    158.935    159.300         40 0.0000e+00
      51173   2132.158    142.051    143.000    24.1275    24.1296   5.483762   5.484241     2.5502     2.1458      99.97   22.91659  -86.34616   -0.00386   -0.00400     3.6380     3.6422    24.0970    24.0992    36.9750    36.9769    25.1070    25.1078    1543.19    158.492    158.677         36 0.0000e+00
      51229   2134.510    143.044    144.000    24.1075    24.1100   5.482790   5.483302     2.5467     2.1431     100.00   22.92410  -86.37439   -0.00412   -0.00390     3.6328     3.6379    24.0768    24.0793    36.9889    36.9908    25.1250    25.1257    1543.65    158.266    158.488         42 0.0000e+00
      51266   2136.029    144.037    145.000    24.0231    24.0336   5.474160   5.475275     2.5410     2.1394     100.00   22.92410  -86.37440   -0.00300   -0.00209     3.6275     3.6351    23.9923    24.0028    36.9929    36.9927    25.1533    25.1501    1543.61    158.031    158.360         31 0.0000e+00
      51295   2137.271    145.030    146.000    23.8386    23.8415   5.454706   5.455152     2.5334     2.1317     100.00   22.92410  -86.37440   -0.00401   -0.00299     3.6240     3.6303    23.8075    23.8106    36.9977    36.9986    25.2121    25.2118    1543.55    157.870    158.144         30 0.0000e+00
      51327   2138.564    146.023    147.000    23.7332    23.7379   5.443497   5.444154     2.5214     2.1229     100.00   22.92410  -86.37440   -0.00645   -0.00521     3.6086     3.6182    23.7023    23.7069    36.9992    37.0004    25.2444    25.2440    1543.50    157.190    157.608         32 0.0000e+00
      51359   2139.935    147.016    148.000    23.6456    23.6513   5.434243   5.435052     2.5141     2.1147      76.46   22.92411  -86.37440   -0.00734   -0.00656     3.6003     3.6058    23.6145    23.6202    37.0011    37.0025    25.2719    25.2713    1543.45    156.826    157.065         35 0.0000e+00
      51396   2141.464    148.009    149.000    23.5433    23.5464   5.423303   5.423827     2.5076     2.1078      99.76   22.92412  -86.37441   -0.00552   -0.00569     3.5945     3.5974    23.5121    23.5152    37.0021    37.0036    25.3029    25.3031    1543.40    156.570    156.697         38 0.0000e+00
      51432   2142.947    149.002    150.000    23.5014    23.5046   5.418606   5.419196     2.5006     2.1035     100.00   22.92412  -86.37442   -0.00447   -0.00418     3.5837     3.5911    23.4700    23.4732    37.0008    37.0026    25.3143    25.3147    1543.34    156.098    156.420         32 0.0000e+00
      51486   2145.225    150.988    152.000    23.2959    23.3033   5.395575   5.396508     2.4890     2.0912      99.99   22.92141  -86.36417   -0.00453   -0.00391     3.5739     3.5777    23.2643    23.2717    36.9928    36.9940    25.3682    25.3670    1543.05    155.662    155.826         34 0.0000e+00
      51528   2146.963    151.981    153.000    23.2163    23.2189   5.387107   5.387627     2.4768     2.0846     100.00   22.92414  -86.37442   -0.00614   -0.00492     3.5560     3.5682    23.1846    23.1872    36.9956    36.9974    25.3942    25.3948    1543.18    154.878    155.410         37 0.0000e+00
      51563   2148.426    152.974    154.000    23.1755    23.1774   5.382656   5.383057     2.4704     2.0798     100.00   22.92414  -86.37444   -0.00663   -0.00444     3.5462     3.5606    23.1436    23.1455    36.9951    36.9966    25.4057    25.4063    1543.13    154.449    155.074         32 0.0000e+00
      51594   2149.708    153.967    155.000    23.1343    23.1404   5.378302   5.378974     2.4671     2.0756     100.00   22.92414  -86.37444   -0.00462   -0.00365     3.5428     3.5536    23.1023    23.1083    36.9956    36.9968    25.4182    25.4174    1543.08    154.301    154.771         31 0.0000e+00
      51627   2151.070    154.960    156.000    23.0752    23.0767   5.372117   5.372491     2.4603     2.0654      98.17   22.92414  -86.37444   -0.00363   -0.00460     3.5333     3.5357    23.0430    23.0444    36.9970    36.9987    25.4366    25.4375    1543.02    153.883    153.988         35 0.0000e+00
      51663   2152.603    155.953    157.000    23.0607    23.0617   5.370631   5.370966     2.4559     2.0638      91.82   22.92416  -86.37444   -0.00384   -0.00439     3.5258     3.5334    23.0282    23.0293    36.9974    36.9991    25.4412    25.4422    1542.96    153.555    153.885         37 0.0000e+00
      51697   2154.003    156.946    158.000    23.0233    23.0275   5.366435   5.367087     2.4520     2.0613     100.02   22.92416  -86.37444   -0.00329   -0.00221     3.5207     3.5290    22.9907    22.9952    36.9959    36.9978    25.4510    25.4514    1542.91    153.333    153.693         31 0.0000e+00
      51727   2155.257    157.939    159.000    22.9901    22.9923   5.362435   5.362866     2.4485     2.0586     100.00   22.92416  -86.37444   -0.00273   -0.00174     3.5163     3.5270    22.9573    22.9596    36.9925    36.9939    25.4581    25.4585    1542.85    153.141    153.605         30 0.0000e+00
      51759   2156.580    158.932    160.000    22.9189    22.9245   5.354082   5.354898     2.4434     2.0550     100.00   22.92416  -86.37446   -0.00296   -0.00208     3.5112     3.5235    22.8860    22.8916    36.9872    36.9888    25.4747    25.4743    1542.79    152.915    153.452         34 0.0000e+00
      51795   2158.064    159.925    161.000    22.8454    22.8498   5.346950   5.347555     2.4380     2.0481     100.00   22.92417  -86.37446   -0.00364   -0.00322     3.5053     3.5130    22.8124    22.8168    36.9933    36.9943    25.5007    25.5002    1542.74    152.654    152.988         37 0.0000e+00
      51831   2159.569    160.918    162.000    22.7481    22.7533   5.336958   5.337673     2.4333     2.0454     100.00   22.92418  -86.37446   -0.00357   -0.00357     3.5024     3.5133    22.7150    22.7201    36.9972    36.9984    25.5319    25.5313    1542.69    152.523    152.999         34 0.0000e+00
      51862   2160.883    161.911    163.000    22.5942    22.6046   5.319172   5.320377     2.4282     2.0401     100.00   22.92418  -86.37446   -0.00320   -0.00280     3.5029     3.5112    22.5610    22.5714    36.9880    36.9886    25.5692    25.5667    1542.63    152.540    152.901         30 0.0000e+00
      51893   2162.168    162.904    164.000    22.3833    22.3911   5.293949   5.294972     2.4192     2.0318     100.00   22.92418  -86.37446   -0.00437   -0.00393     3.4992     3.5060    22.3501    22.3579    36.9686    36.9699    25.6149    25.6137    1542.57    152.373    152.670         32 0.0000e+00
      51927   2163.597    163.897    165.000    22.2560    22.2596   5.278677   5.279311     2.4115     2.0229     100.00   22.92419  -86.37446   -0.00589   -0.00610     3.4923     3.4953    22.2227    22.2264    36.9561    36.9580    25.6418    25.6422    1542.51    152.069    152.199         36 0.0000e+00
      51963   2165.064    164.890    166.000    22.2017    22.2040   5.272252   5.272724     2.4051     2.0204     100.00   22.92420  -86.37446   -0.00541   -0.00488     3.4834     3.4935    22.1683    22.1706    36.9513    36.9530    25.6536    25.6543    1542.45    151.677    152.120         34 0.0000e+00
      51995   2166.425    165.883    167.000    22.1103    22.1164   5.261719   5.262438     2.3982     2.0148     100.00   22.92420  -86.37446   -0.00469   -0.00291     3.4759     3.4864    22.0768    22.0829    36.9448    36.9460    25.6746    25.6738    1542.39    151.346    151.808         31 0.0000e+00
      52027   2167.763    166.875    168.000    21.9864    21.9909   5.247296   5.247984     2.3919     2.0083     100.00   22.92420  -86.37448   -0.00479   -0.00375     3.4715     3.4804    21.9529    21.9574    36.9366    36.9382    25.7035    25.7035    1542.32    151.152    151.541         34 0.0000e+00
      52062   2169.223    167.868    169.000    21.8874    21.8928   5.235802   5.236574     2.3859     2.0026      90.80   22.92420  -86.37448   -0.00461   -0.00437     3.4660     3.4741    21.8538    21.8592    36.9296    36.9311    25.7261    25.7258    1542.26    150.908    151.264         36 0.0000e+00
