GOMECC/GOMECC-4/1db/drb2103_1061.cnv
* Sea-Bird SBE 9 Data File:
* FileName = C:\Users\scs.user.rb\CTD\GOMECC4\data\rb2103_1061.hex
* Software Version Seasave V 7.26.7.107
* Temperature SN = 4799
* Conductivity SN = 3860
* Number of Bytes Per Scan = 41
* Number of Voltage Words = 4
* Number of Scans Averaged by the Deck Unit = 1
* NMEA Latitude = 26 00.02 N
* NMEA Longitude = 088 00.00 W
* NMEA UTC (Time) = Oct 13 2021  21:11:53
* NMEA baud rate = 4800
# nquan = 28
# nvalues = 628                         
# units = specified
# name 0 = scan: Scan Count
# name 1 = timeS: Time, Elapsed [seconds]
# name 2 = depSM: Depth [salt water, m]
# name 3 = prDM: Pressure, Digiquartz [db]
# name 4 = t090C: Temperature [ITS-90, deg C]
# name 5 = t190C: Temperature, 2 [ITS-90, deg C]
# name 6 = c0S/m: Conductivity [S/m]
# name 7 = c1S/m: Conductivity, 2 [S/m]
# name 8 = sbeox0V: Oxygen raw, SBE 43 [V]
# name 9 = sbeox1V: Oxygen raw, SBE 43, 2 [V]
# name 10 = altM: Altimeter [m]
# name 11 = latitude: Latitude [deg]
# name 12 = longitude: Longitude [deg]
# name 13 = sbox0dV/dT: Oxygen, SBE 43 [dov/dt]
# name 14 = sbox1dV/dT: Oxygen, SBE 43, 2 [dov/dt]
# name 15 = sbeox0ML/L: Oxygen, SBE 43 [ml/l], WS = 5
# name 16 = sbeox1ML/L: Oxygen, SBE 43, 2 [ml/l], WS = 5
# name 17 = potemp090C: Potential Temperature [ITS-90, deg C]
# name 18 = potemp190C: Potential Temperature, 2 [ITS-90, deg C]
# name 19 = sal00: Salinity, Practical [PSU]
# name 20 = sal11: Salinity, Practical, 2 [PSU]
# name 21 = sigma-é00: Density [sigma-theta, kg/m^3]
# name 22 = sigma-é11: Density, 2 [sigma-theta, kg/m^3]
# name 23 = avgsvCM: Average Sound Velocity [Chen-Millero, m/s], minP = 20, minS = 20
# name 24 = sbox0Mm/Kg: Oxygen, SBE 43 [umol/kg], WS = 5
# name 25 = sbox1Mm/Kg: Oxygen, SBE 43, 2 [umol/kg], WS = 5
# name 26 = nbin: number of scans per bin
# name 27 = flag: flag
# span 0 =      10771,      97200       
# span 1 =    448.739,   4049.953       
# span 2 =      3.974,   3015.255       
# span 3 =      4.000,   3057.000       
# span 4 =     4.2998,    29.6461       
# span 5 =     4.3006,    29.6476       
# span 6 =   3.354731,   5.986186       
# span 7 =   3.354714,   5.986539       
# span 8 =     1.5822,     3.1810       
# span 9 =     1.2836,     2.6948       
# span 10 =      11.01,     101.80      
# span 11 =   25.98943,   26.00253      
# span 12 =  -88.00697,  -87.96280      
# span 13 =   -0.01005,    0.00877      
# span 14 =   -0.00961,    0.00753      
# span 15 =     2.5095,     4.7134      
# span 16 =     2.5247,     4.7114      
# span 17 =     4.0794,    29.6442      
# span 18 =     4.0804,    29.6454      
# span 19 =    34.9033,    36.9656      
# span 20 =    34.9027,    36.9666      
# span 21 =    22.8099,    27.7595      
# span 22 =    22.8103,    27.7582      
# span 23 =       0.00,    1559.53      
# span 24 =    109.112,    204.817      
# span 25 =    109.775,    204.729      
# span 26 =         30,         68      
# span 27 = 0.0000e+00, 0.0000e+00      
# interval = decibars: 1                
# start_time = Oct 13 2021 21:11:53 [NMEA time, header]
# bad_flag = -9.990e-29
*END*
[from data line 259]
      28578   1190.694    500.113    504.000    13.6726    13.6742   4.264267   4.264460     1.8278     1.5058      78.66   26.00114  -88.00219   -0.00071   -0.00131     2.8692     2.8822    13.5997    13.6012    35.7522    35.7525    26.8528    26.8528    1531.58    124.789    125.351         31 0.0000e+00
      28708   1196.109    505.069    509.000    13.4818    13.4827   4.242202   4.242357     1.8253     1.5052      99.89   26.00064  -88.00053   -0.00066   -0.00017     2.8775     2.8947    13.4088    13.4097    35.7201    35.7207    26.8675    26.8678    1531.35    125.147    125.896         34 0.0000e+00
      28921   1205.000    512.997    517.000    13.3353    13.3387   4.225664   4.226056     1.8148     1.4957      22.64   26.00099  -88.00169   -0.00076   -0.00097     2.8629     2.8801    13.2617    13.2651    35.6974    35.6980    26.8802    26.8799    1531.04    124.510    125.258         30 0.0000e+00
      29029   1209.488    516.961    521.000    13.2677    13.2692   4.217937   4.218136     1.8106     1.4917     100.00   26.00072  -88.00079   -0.00080   -0.00088     2.8581     2.8747    13.1937    13.1952    35.6858    35.6862    26.8851    26.8851    1530.87    124.303    125.023         30 0.0000e+00
      29319   1221.594    527.862    532.000    13.0547    13.0552   4.193865   4.193924     1.7887     1.4705     100.00   26.00035  -87.99949   -0.00271   -0.00276     2.8188     2.8320    12.9800    12.9805    35.6519    35.6520    26.9022    26.9021    1530.42    122.590    123.164         30 0.0000e+00
      29531   1230.432    535.790    540.000    12.8186    12.8195   4.167099   4.167221     1.7496     1.4343     100.00   26.00042  -87.99979   -0.00511   -0.00463     2.7340     2.7455    12.7437    12.7445    35.6146    35.6150    26.9208    26.9209    1530.11    118.898    119.399         32 0.0000e+00
      30250   1260.383    562.543    567.000    12.0182    12.0197   4.077231   4.077433     1.7169     1.4066     100.00   26.00028  -87.99930   -0.00047   -0.00063     2.7083     2.7248    11.9426    11.9442    35.4909    35.4914    26.9816    26.9817    1529.03    117.776    118.491         30 0.0000e+00
      30383   1265.897    567.496    572.000    11.9148    11.9173   4.065710   4.065947     1.7113     1.4015     100.00   26.00057  -88.00028   -0.00117   -0.00115     2.7015     2.7180    11.8390    11.8415    35.4746    35.4745    26.9887    26.9881    1528.85    117.479    118.197         30 0.0000e+00
      30487   1270.248    571.460    576.000    11.7787    11.7811   4.050556   4.050760     1.7045     1.3942     100.00   26.00007  -87.99858   -0.00143   -0.00142     2.6940     2.7072    11.7029    11.7053    35.4538    35.4535    26.9984    26.9977    1528.66    117.152    117.726         30 0.0000e+00
      30623   1275.900    576.413    581.000    11.6415    11.6424   4.035452   4.035554     1.6950     1.3862     100.00   26.00147  -88.00332   -0.00148   -0.00111     2.6781     2.6932    11.5657    11.5666    35.4343    35.4344    27.0092    27.0091    1528.54    116.457    117.116         30 0.0000e+00
      30804   1283.453    583.348    588.000    11.4912    11.4906   4.018799   4.018687     1.6886     1.3813     100.00   25.99957  -87.99697   -0.00071   -0.00040     2.6729     2.6907    11.4150    11.4144    35.4101    35.4095    27.0185    27.0181    1528.15    116.229    117.004         31 0.0000e+00
      30938   1289.035    588.301    593.000    11.4129    11.4147   4.010317   4.010497     1.6898     1.3823      92.70   25.99997  -87.99833    0.00047    0.00017     2.6831     2.7002    11.3364    11.3382    35.3990    35.3991    27.0245    27.0242    1527.98    116.676    117.418         30 0.0000e+00
      31206   1300.219    598.208    603.000    11.1456    11.1464   3.980989   3.981075     1.6828     1.3751     100.00   26.00072  -88.00087   -0.00105   -0.00126     2.6850     2.6992    11.0690    11.0698    35.3598    35.3599    27.0433    27.0432    1527.63    116.755    117.372         31 0.0000e+00
      31309   1304.513    602.170    607.000    11.0845    11.0854   3.974404   3.974483     1.6774     1.3700     100.00   26.00037  -87.99967   -0.00130   -0.00114     2.6753     2.6891    11.0076    11.0085    35.3510    35.3509    27.0476    27.0474    1527.45    116.333    116.932         32 0.0000e+00
      31738   1322.369    618.019    623.000    10.9604    10.9621   3.961730   3.961876     1.6525     1.3467      81.67   26.00081  -88.00115   -0.00272   -0.00261     2.6191     2.6313    10.8820    10.8837    35.3369    35.3367    27.0594    27.0590    1526.87    113.887    114.418         30 0.0000e+00
      31971   1332.075    626.934    632.000    10.8325    10.8356   3.947717   3.948014     1.6421     1.3382      99.99   25.99873  -87.99409   -0.00094   -0.00074     2.6011     2.6164    10.7535    10.7566    35.3151    35.3151    27.0655    27.0650    1526.41    113.102    113.767         31 0.0000e+00
      32006   1333.545    627.924    633.000    10.7991    10.8031   3.944186   3.944571     1.6398     1.3352     100.00   26.00052  -88.00016   -0.00167   -0.00183     2.5971     2.6095    10.7202    10.7241    35.3119    35.3119    27.0691    27.0684    1526.48    112.928    113.468         33 0.0000e+00
      32105   1337.654    631.886    637.000    10.6219    10.6233   3.924589   3.924721     1.6392     1.3362     100.00   25.99987  -87.99795   -0.00003    0.00039     2.6083     2.6256    10.5432    10.5447    35.2838    35.2837    27.0787    27.0784    1526.29    113.416    114.166         36 0.0000e+00
      32239   1343.238    636.838    642.000    10.4735    10.4746   3.908851   3.908940     1.6316     1.3276     100.00   26.00068  -88.00071   -0.00204   -0.00240     2.5981     2.6099    10.3949    10.3960    35.2663    35.2661    27.0913    27.0910    1526.15    112.970    113.483         30 0.0000e+00
      32370   1348.714    641.790    647.000    10.3575    10.3593   3.896280   3.896447     1.6208     1.3185     100.00   25.99943  -87.99647   -0.00177   -0.00146     2.5767     2.5908    10.2788    10.2806    35.2487    35.2487    27.0979    27.0976    1525.90    112.037    112.650         30 0.0000e+00
      32403   1350.068    642.781    648.000    10.3489    10.3500   3.895520   3.895625     1.6204     1.3183     100.00   26.00052  -88.00016   -0.00135   -0.00093     2.5762     2.5910    10.2701    10.2712    35.2492    35.2492    27.0998    27.0996    1525.92    112.019    112.659         31 0.0000e+00
      32505   1354.339    646.742    652.000    10.3187    10.3190   3.892508   3.892643     1.6172     1.3158     100.00   26.00023  -87.99916   -0.00082   -0.00067     2.5705     2.5864    10.2396    10.2399    35.2457    35.2454    27.1024    27.1022    1525.75    111.770    112.460         38 0.0000e+00
      32642   1360.040    651.694    657.000    10.2012    10.2025   3.880280   3.880367     1.6151     1.3139     100.01   26.00208  -88.00544   -0.00028   -0.00027     2.5734     2.5895    10.1220    10.1233    35.2326    35.2322    27.1126    27.1121    1525.68    111.893    112.597         35 0.0000e+00
      32739   1364.101    655.655    661.000    10.1722    10.1745   3.877228   3.877402     1.6088     1.3062      99.99   25.99808  -87.99190   -0.00150   -0.00183     2.5588     2.5686    10.0927    10.0949    35.2282    35.2278    27.1141    27.1135    1525.29    111.257    111.684         36 0.0000e+00
      32777   1365.677    656.646    662.000    10.1355    10.1369   3.873585   3.873685     1.6043     1.3015     100.00   26.00052  -88.00016   -0.00238   -0.00268     2.5485     2.5566    10.0560    10.0574    35.2268    35.2265    27.1195    27.1190    1525.40    110.811    111.163         30 0.0000e+00
      32881   1370.002    660.607    666.000    10.0426    10.0454   3.863895   3.864128     1.5939     1.2923     100.01   26.00253  -88.00697   -0.00250   -0.00215     2.5255     2.5347     9.9631     9.9659    35.2169    35.2166    27.1279    27.1271    1525.38    109.811    110.210         34 0.0000e+00
      32984   1374.274    664.569    670.000     9.9435     9.9446   3.853244   3.853308     1.5871     1.2876     100.00   26.00099  -88.00171   -0.00145   -0.00094     2.5135     2.5276     9.8640     9.8650    35.2022    35.2019    27.1332    27.1328    1525.14    109.290    109.900         33 0.0000e+00
      33117   1379.835    669.520    675.000     9.8122     9.8137   3.839191   3.839296     1.5822     1.2836     100.00   26.00097  -88.00162   -0.00071   -0.00050     2.5095     2.5247     9.7327     9.7342    35.1838    35.1834    27.1411    27.1406    1524.95    109.112    109.775         30 0.0000e+00
      33249   1385.318    674.471    680.000     9.6609     9.6626   3.822841   3.823004     1.5879     1.2914      85.56   26.00062  -88.00051    0.00124    0.00176     2.5376     2.5607     9.5816     9.5833    35.1609    35.1609    27.1486    27.1483    1524.75    110.334    111.340         30 0.0000e+00
      33805   1408.511    695.266    701.000     9.1502     9.1513   3.769029   3.769108     1.5993     1.3005     100.00   26.00033  -87.99951   -0.00016   -0.00030     2.6123     2.6302     9.0710     9.0720    35.0936    35.0934    27.1801    27.1797    1523.96    113.577    114.357         30 0.0000e+00
      33913   1412.994    699.226    705.000     9.0901     9.0923   3.762902   3.763040     1.5988     1.3004     100.00   26.00002  -87.99847   -0.00003 3.2243e-07     2.6163     2.6353     9.0107     9.0129    35.0871    35.0864    27.1847    27.1838    1523.79    113.751    114.575         30 0.0000e+00
      34019   1417.420    703.187    709.000     8.9675     8.9684   3.750534   3.750616     1.5973     1.2990      96.59   26.00058  -88.00037   -0.00023   -0.00021     2.6213     2.6404     8.8883     8.8892    35.0725    35.0721    27.1929    27.1925    1523.68    113.969    114.800         31 0.0000e+00
      34359   1431.594    716.058    722.000     8.8441     8.8455   3.737733   3.737818     1.5955     1.2963     100.00   25.99959  -87.99697   -0.00011   -0.00027     2.6290     2.6441     8.7641     8.7654    35.0576    35.0571    27.2010    27.2004    1523.14    114.301    114.960         30 0.0000e+00
      34392   1432.970    717.048    723.000     8.8375     8.8387   3.737185   3.737273     1.5952     1.2955     100.00   26.00054  -88.00018   -0.00016   -0.00034     2.6288     2.6423     8.7574     8.7586    35.0580    35.0578    27.2024    27.2021    1523.16    114.292    114.881         32 0.0000e+00
      34493   1437.155    721.008    727.000     8.7821     8.7863   3.731372   3.731541     1.5942     1.2955      99.99   25.99918  -87.99564   -0.00018    0.00006     2.6313     2.6474     8.7018     8.7060    35.0496    35.0493    27.2046    27.2037    1522.94    114.402    115.103         32 0.0000e+00
      34527   1438.570    721.998    728.000     8.7465     8.7475   3.728336   3.728362     1.5935     1.2953     100.00   26.00052  -88.00018   -0.00025   -0.00012     2.6314     2.6494     8.6663     8.6673    35.0478    35.0471    27.2088    27.2081    1522.99    114.406    115.189         30 0.0000e+00
      34626   1442.718    725.958    732.000     8.7210     8.7230   3.725402   3.725573     1.5929     1.2943     100.00   25.99995  -87.99825   -0.00008   -0.00014     2.6330     2.6492     8.6404     8.6424    35.0448    35.0447    27.2106    27.2101    1522.81    114.474    115.181         33 0.0000e+00
      34922   1455.029    736.848    743.000     8.5930     8.5945   3.712521   3.712649     1.5908     1.2925      98.46   25.99992  -87.99814   -0.00000    0.00016     2.6393     2.6559     8.5119     8.5134    35.0304    35.0302    27.2193    27.2190    1522.42    114.747    115.470         32 0.0000e+00
      34954   1456.383    737.838    744.000     8.5813     8.5826   3.711419   3.711481     1.5910     1.2926      75.14   26.00052  -88.00018    0.00007    0.00021     2.6409     2.6572     8.5002     8.5014    35.0299    35.0293    27.2208    27.2202    1522.42    114.818    115.526         30 0.0000e+00
      35057   1460.667    741.798    748.000     8.4932     8.4947   3.702517   3.702659     1.5909     1.2929     100.00   26.00053  -88.00023   -0.00006    0.00008     2.6480     2.6658     8.4121     8.4136    35.0211    35.0211    27.2276    27.2273    1522.28    115.125    115.899         39 0.0000e+00
      35163   1465.093    745.757    752.000     8.4230     8.4245   3.695594   3.695686     1.5880     1.2898     100.00   25.99959  -87.99702   -0.00068   -0.00088     2.6454     2.6615     8.3418     8.3433    35.0153    35.0148    27.2338    27.2332    1522.09    115.012    115.710         36 0.0000e+00
      35270   1469.547    749.717    756.000     8.3379     8.3403   3.687210   3.687346     1.5874     1.2896     100.00   25.99951  -87.99675    0.00008    0.00017     2.6508     2.6680     8.2568     8.2591    35.0087    35.0078    27.2417    27.2407    1521.94    115.247    115.993         32 0.0000e+00
      35303   1470.921    750.707    757.000     8.2957     8.2974   3.682933   3.683032     1.5870     1.2889     100.00   26.00052  -88.00018   -0.00003   -0.00008     2.6529     2.6690     8.2147     8.2163    35.0052    35.0047    27.2455    27.2448    1521.97    115.336    116.035         30 0.0000e+00
      36162   1506.699    782.381    789.000     7.8701     7.8705   3.641451   3.641440     1.5906     1.2931     100.00   26.00037  -87.99966    0.00023    0.00045     2.7055     2.7237     7.7881     7.7884    34.9699    34.9694    27.2818    27.2814    1520.87    117.617    118.411         31 0.0000e+00
      36296   1512.286    787.329    794.000     7.8422     7.8422   3.638855   3.638810     1.5936     1.2958     100.00   26.00113  -88.00226    0.00036    0.00032     2.7184     2.7368     7.7597     7.7597    34.9677    34.9672    27.2843    27.2839    1520.75    118.181    118.980         31 0.0000e+00
      36428   1517.806    792.278    799.000     7.7555     7.7561   3.630047   3.630068     1.5957     1.2981     100.00   25.99970  -87.99741    0.00047    0.00048     2.7330     2.7524     7.6730     7.6737    34.9569    34.9564    27.2885    27.2881    1520.50    118.813    119.658         32 0.0000e+00
      36462   1519.203    793.268    800.000     7.7459     7.7468   3.629180   3.629224     1.5965     1.2991      97.69   26.00052  -88.00018    0.00065    0.00074     2.7367     2.7568     7.6634     7.6643    34.9568    34.9563    27.2899    27.2894    1520.51    118.974    119.849         30 0.0000e+00
      36568   1523.626    797.226    804.000     7.6910     7.6921   3.623980   3.624035     1.5983     1.3008     100.01   26.00196  -88.00504    0.00030    0.00042     2.7475     2.7678     7.6084     7.6095    34.9539    34.9534    27.2957    27.2952    1520.47    119.442    120.328         31 0.0000e+00
      36805   1533.488    806.133    813.000     7.5003     7.5011   3.605388   3.605430     1.6042     1.3063     100.00   25.99961  -87.99707    0.00092    0.00091     2.7835     2.8039     7.4178     7.4186    34.9392    34.9386    27.3117    27.3112    1520.03    121.007    121.892         35 0.0000e+00
      36840   1534.971    807.123    814.000     7.4841     7.4851   3.603909   3.603967     1.6054     1.3067     100.00   26.00052  -88.00018    0.00087    0.00076     2.7887     2.8069     7.4016     7.4026    34.9390    34.9387    27.3140    27.3136    1520.06    121.232    122.022         31 0.0000e+00
      36942   1539.223    811.081    818.000     7.4479     7.4485   3.600549   3.600563     1.6058     1.3071     100.00   26.00043  -87.99982    0.00005    0.00009     2.7941     2.8123     7.3652     7.3658    34.9370    34.9366    27.3176    27.3172    1519.92    121.467    122.257         40 0.0000e+00
