GOMECC/GOMECC-4/1db/drb2103_0711.cnv
* Sea-Bird SBE 9 Data File:
* FileName = C:\Users\scs.user.rb\CTD\GOMECC4\data\rb2103_0711.hex
* Software Version Seasave V 7.26.7.107
* Temperature SN = 4799
* Conductivity SN = 3860
* Number of Bytes Per Scan = 41
* Number of Voltage Words = 4
* Number of Scans Averaged by the Deck Unit = 1
* NMEA Latitude = 26 03.51 N
* NMEA Longitude = 094 11.79 W
* NMEA UTC (Time) = Oct 03 2021  22:34:45
* NMEA baud rate = 4800
# nquan = 28
# nvalues = 252                         
# units = specified
# name 0 = scan: Scan Count
# name 1 = timeS: Time, Elapsed [seconds]
# name 2 = depSM: Depth [salt water, m]
# name 3 = prDM: Pressure, Digiquartz [db]
# name 4 = t090C: Temperature [ITS-90, deg C]
# name 5 = t190C: Temperature, 2 [ITS-90, deg C]
# name 6 = c0S/m: Conductivity [S/m]
# name 7 = c1S/m: Conductivity, 2 [S/m]
# name 8 = sbeox0V: Oxygen raw, SBE 43 [V]
# name 9 = sbeox1V: Oxygen raw, SBE 43, 2 [V]
# name 10 = altM: Altimeter [m]
# name 11 = latitude: Latitude [deg]
# name 12 = longitude: Longitude [deg]
# name 13 = sbox0dV/dT: Oxygen, SBE 43 [dov/dt]
# name 14 = sbox1dV/dT: Oxygen, SBE 43, 2 [dov/dt]
# name 15 = sbeox0ML/L: Oxygen, SBE 43 [ml/l], WS = 5
# name 16 = sbeox1ML/L: Oxygen, SBE 43, 2 [ml/l], WS = 5
# name 17 = potemp090C: Potential Temperature [ITS-90, deg C]
# name 18 = potemp190C: Potential Temperature, 2 [ITS-90, deg C]
# name 19 = sal00: Salinity, Practical [PSU]
# name 20 = sal11: Salinity, Practical, 2 [PSU]
# name 21 = sigma-é00: Density [sigma-theta, kg/m^3]
# name 22 = sigma-é11: Density, 2 [sigma-theta, kg/m^3]
# name 23 = avgsvCM: Average Sound Velocity [Chen-Millero, m/s], minP = 20, minS = 20
# name 24 = sbox0Mm/Kg: Oxygen, SBE 43 [umol/kg], WS = 5
# name 25 = sbox1Mm/Kg: Oxygen, SBE 43, 2 [umol/kg], WS = 5
# name 26 = nbin: number of scans per bin
# name 27 = flag: flag
# span 0 =      18024,      99987       
# span 1 =    750.978,   4166.073       
# span 2 =      3.974,   2992.714       
# span 3 =      4.000,   3034.000       
# span 4 =     4.2968,    29.3102       
# span 5 =     4.2975,    29.3082       
# span 6 =   3.352299,   5.919239       
# span 7 =   3.352250,   5.919509       
# span 8 =     1.5736,     3.3277       
# span 9 =     1.2783,     2.8426       
# span 10 =      10.30,     100.50      
# span 11 =   26.05067,   26.05999      
# span 12 =  -94.20138,  -94.16735      
# span 13 =   -0.05326,    0.03330      
# span 14 =   -0.05164,    0.03316      
# span 15 =     2.4294,     4.9399      
# span 16 =     2.4523,     4.9412      
# span 17 =     4.0797,    29.3092      
# span 18 =     4.0808,    29.3072      
# span 19 =    34.9096,    36.7513      
# span 20 =    34.9092,    36.7531      
# span 21 =    22.7257,    27.7593      
# span 22 =    22.7274,    27.7578      
# span 23 =       0.00,    1555.17      
# span 24 =    105.628,    215.456      
# span 25 =    106.625,    215.511      
# span 26 =         30,         70      
# span 27 = 0.0000e+00, 0.0000e+00      
# interval = decibars: 1                
# start_time = Oct 03 2021 22:34:45 [NMEA time, header]
# bad_flag = -9.990e-29
*END*
      18024    750.978      3.974      4.000    29.3102    29.3082   5.910873   5.910726     3.1484     2.6690     100.00   26.05884  -94.19658    0.00004    0.00055     4.3489     4.3416    29.3092    29.3072    36.0194    36.0208    22.7257    22.7274       0.00    189.908    189.589         54 0.0000e+00
      18117    754.820      4.967      5.000    29.2583    29.2624   5.903623   5.904302     3.1480     2.6650     100.00   26.05882  -94.19658   -0.00007   -0.00110     4.3531     4.3377    29.2571    29.2612    36.0091    36.0107    22.7355    22.7354       0.00    190.087    189.416         47 0.0000e+00
      18188    757.808      5.961      6.000    29.2284    29.2294   5.899944   5.900028     3.1491     2.6614     100.00   26.05882  -94.19658    0.00012   -0.00125     4.3579     4.3336    29.2269    29.2279    36.0060    36.0059    22.7434    22.7429       0.00    190.294    189.235         70 0.0000e+00
      18258    760.699      6.954      7.000    29.2305    29.2321   5.900116   5.900426     3.1502     2.6639      94.42   26.05882  -94.19658    0.00046   -0.00039     4.3603     4.3389    29.2288    29.2304    36.0053    36.0062    22.7422    22.7424       0.00    190.401    189.464         56 0.0000e+00
      18315    763.098      7.948      8.000    29.2182    29.2212   5.899044   5.899467     3.1451     2.6673      81.94   26.05882  -94.19658   -0.00124    0.00171     4.3523     4.3470    29.2163    29.2192    36.0069    36.0076    22.7476    22.7471       0.00    190.051    189.817         67 0.0000e+00
      18377    765.663      8.941      9.000    29.2112    29.2112   5.898445   5.898736     3.1462     2.6698     100.45   26.05882  -94.19658   -0.00064    0.00117     4.3554     4.3530    29.2090    29.2090    36.0079    36.0097    22.7508    22.7522       0.00    190.185    190.082         50 0.0000e+00
      18425    767.648      9.935     10.000    29.2007    29.2045   5.897819   5.898217     3.1430     2.6661     100.00   26.05882  -94.19658    0.00014   -0.00027     4.3510     4.3467    29.1983    29.2021    36.0110    36.0105    22.7567    22.7551       0.00    189.992    189.804         50 0.0000e+00
      18477    769.836     10.928     11.000    29.2005    29.2036   5.897693   5.897730     3.1438     2.6633     100.00   26.05882  -94.19658   -0.00099   -0.00188     4.3530     4.3415    29.1978    29.2010    36.0093    36.0079    22.7557    22.7535       0.00    190.078    189.576         52 0.0000e+00
      18526    771.874     11.921     12.000    29.1862    29.1884   5.898573   5.898366     3.1443     2.6675     100.00   26.05882  -94.19658    0.00036    0.00059     4.3553     4.3515    29.1832    29.1855    36.0267    36.0252    22.7736    22.7717       0.00    190.178    190.010         47 0.0000e+00
      18574    773.870     12.915     13.000    29.1815    29.1838   5.898393   5.898662     3.1434     2.6637      99.96   26.05882  -94.19658    0.00009    0.00017     4.3543     4.3444    29.1784    29.1806    36.0285    36.0287    22.7766    22.7760       0.00    190.133    189.700         50 0.0000e+00
      18625    776.016     13.908     14.000    29.1824    29.1855   5.898420   5.898805     3.1418     2.6643     100.00   26.05882  -94.19658   -0.00091   -0.00086     4.3520     4.3460    29.1790    29.1821    36.0278    36.0281    22.7759    22.7750       0.00    190.032    189.771         51 0.0000e+00
      18674    778.058     14.902     15.000    29.1851    29.1897   5.898060   5.898266     3.1444     2.6630     100.00   26.05882  -94.19658    0.00050    0.00003     4.3567     4.3440    29.1815    29.1861    36.0241    36.0209    22.7722    22.7683       0.00    190.237    189.685         48 0.0000e+00
      18723    780.076     15.895     16.000    29.1888    29.1837   5.897587   5.898623     3.1429     2.6623      83.91   26.05882  -94.19658    0.00031   -0.00048     4.3546     4.3432    29.1849    29.1798    36.0167    36.0276    22.7655    22.7754       0.00    190.146    189.649         50 0.0000e+00
      18773    782.175     16.889     17.000    29.1811    29.1824   5.899162   5.899409     3.1423     2.6583      92.70   26.05882  -94.19658   -0.00065   -0.00133     4.3543     4.3358    29.1769    29.1783    36.0330    36.0337    22.7805    22.7805       0.00    190.131    189.323         49 0.0000e+00
      18821    784.166     17.882     18.000    29.1811    29.1803   5.899275   5.899514     3.1399     2.6618     100.00   26.05882  -94.19658   -0.00066   -0.00047     4.3506     4.3433    29.1767    29.1759    36.0334    36.0357    22.7809    22.7828       0.00    189.971    189.649         47 0.0000e+00
      18869    786.175     18.875     19.000    29.1776    29.1786   5.899170   5.899468     3.1405     2.6608     100.00   26.05882  -94.19658   -0.00047    0.00134     4.3524     4.3425    29.1730    29.1739    36.0353    36.0367    22.7835    22.7842       0.00    190.050    189.616         50 0.0000e+00
      18923    788.409     19.869     20.000    29.1774    29.1786   5.899156   5.899468     3.1390     2.6568     100.00   26.05882  -94.19659   -0.00024   -0.00168     4.3503     4.3347    29.1725    29.1737    36.0351    36.0362    22.7835    22.7839     777.40    189.958    189.277         56 0.0000e+00
      18973    790.506     20.862     21.000    29.1600    29.1669   5.898749   5.899254     3.1390     2.6586     100.00   26.05882  -94.19658   -0.00026   -0.00035     4.3518     4.3392    29.1549    29.1617    36.0448    36.0432    22.7967    22.7932    1555.17    190.021    189.469         44 0.0000e+00
      19017    792.324     21.856     22.000    29.1520    29.1535   5.898743   5.899049     3.1376     2.6596      93.00   26.05882  -94.19660   -0.00065    0.00072     4.3502     4.3425    29.1466    29.1481    36.0506    36.0515    22.8039    22.8041    1545.31    189.949    189.614         44 0.0000e+00
      19069    794.504     22.849     23.000    29.1510    29.1520   5.899222   5.899534     3.1394     2.6560      98.54   26.05882  -94.19660    0.00029   -0.00064     4.3540     4.3360    29.1454    29.1465    36.0536    36.0547    22.8066    22.8070    1545.31    190.114    189.327         54 0.0000e+00
      19120    796.607     23.842     24.000    29.1680    29.1695   5.903371   5.903693     3.1393     2.6562      94.51   26.05882  -94.19660    0.00040   -0.00101     4.3527     4.3358    29.1621    29.1636    36.0717    36.0729    22.8146    22.8149    1545.31    190.057    189.317         47 0.0000e+00
      19166    798.534     24.836     25.000    29.1889    29.1900   5.910508   5.910815     3.1404     2.6634      76.91   26.05882  -94.19660    0.00020    0.00202     4.3527     4.3478    29.1828    29.1840    36.1030    36.1043    22.8311    22.8316    1545.31    190.054    189.837         49 0.0000e+00
      19219    800.753     25.829     26.000    29.2002    29.2015   5.914375   5.914715     3.1418     2.6629     100.50   26.05882  -94.19660    0.00062    0.00166     4.3546     4.3461    29.1938    29.1952    36.1208    36.1221    22.8408    22.8413    1545.32    190.132    189.763         53 0.0000e+00
      19269    802.844     26.823     27.000    29.2086    29.2100   5.917918   5.918306     3.1430     2.6652     100.00   26.05882  -94.19660    0.00068   -0.00018     4.3562     4.3500    29.2020    29.2034    36.1386    36.1402    22.8513    22.8521    1545.33    190.202    189.933         49 0.0000e+00
      19317    804.837     27.816     28.000    29.2095    29.2106   5.919239   5.919509     3.1435     2.6651     100.00   26.05882  -94.19660    0.00033    0.00127     4.3573     4.3501    29.2027    29.2038    36.1467    36.1478    22.8572    22.8576    1545.34    190.248    189.935         46 0.0000e+00
      19365    806.824     28.809     29.000    29.2075    29.2086   5.919109   5.919386     3.1452     2.6661     100.00   26.05882  -94.19660    0.00060    0.00012     4.3611     4.3529    29.2004    29.2015    36.1470    36.1482    22.8582    22.8587    1545.35    190.414    190.057         53 0.0000e+00
      19418    809.058     29.803     30.000    29.2023    29.2031   5.918915   5.919191     3.1457     2.6642     100.00   26.05882  -94.19660    0.00051   -0.00065     4.3628     4.3502    29.1949    29.1958    36.1494    36.1506    22.8618    22.8625    1545.36    190.488    189.938         49 0.0000e+00
      19464    810.950     30.796     31.000    29.1971    29.1980   5.918570   5.918849     3.1458     2.6635      89.75   26.05882  -94.19660    0.00021   -0.00007     4.3638     4.3495    29.1896    29.1904    36.1506    36.1518    22.8645    22.8652    1545.37    190.530    189.904         46 0.0000e+00
      19516    813.131     31.789     32.000    29.1839    29.1846   5.917636   5.917887     3.1452     2.6656     100.03   26.05881  -94.19660   -0.00030   -0.00017     4.3645     4.3557    29.1760    29.1768    36.1535    36.1548    22.8713    22.8720    1545.38    190.559    190.175         57 0.0000e+00
      19568    815.287     32.783     33.000    29.1727    29.1730   5.916608   5.916821     3.1458     2.6654     100.00   26.05880  -94.19661    0.00011    0.00114     4.3667     4.3559    29.1646    29.1650    36.1549    36.1561    22.8762    22.8770    1545.39    190.654    190.185         46 0.0000e+00
      19613    817.185     33.776     34.000    29.1590    29.1579   5.915137   5.915182     3.1472     2.6660     100.00   26.05880  -94.19661    0.00059   -0.00023     4.3707     4.3588    29.1507    29.1496    36.1548    36.1560    22.8808    22.8820    1545.39    190.828    190.309         47 0.0000e+00
      19664    819.308     34.769     35.000    29.0838    29.0821   5.904934   5.904898     3.1472     2.6672     100.00   26.05880  -94.19660    0.00028    0.00037     4.3773     4.3674    29.0753    29.0736    36.1409    36.1419    22.8957    22.8971    1545.40    191.115    190.682         52 0.0000e+00
      19712    821.280     35.763     36.000    28.9754    28.9772   5.890625   5.891044     3.1486     2.6685     100.00   26.05880  -94.19660    0.00041    0.00041     4.3888     4.3789    28.9667    28.9685    36.1237    36.1252    22.9192    22.9198    1545.40    191.610    191.181         46 0.0000e+00
      19766    823.527     36.756     37.000    28.9148    28.9149   5.884099   5.884353     3.1529     2.6738     100.00   26.05880  -94.19660    0.00114    0.00144     4.4022     4.3943    28.9058    28.9059    36.1242    36.1258    22.9400    22.9412    1545.39    192.195    191.846         60 0.0000e+00
      19817    825.669     37.749     38.000    28.8915    28.8925   5.885193   5.885513     3.1598     2.6791     100.00   26.05880  -94.19660    0.00297    0.00351     4.4164     4.4063    28.8823    28.8833    36.1491    36.1505    22.9666    22.9674    1545.38    192.807    192.369         41 0.0000e+00
      19858    827.378     38.743     39.000    28.9974    28.9996   5.908941   5.909420     3.1665     2.6855     100.00   26.05880  -94.19660    0.00360    0.00277     4.4188     4.4099    28.9880    28.9901    36.2329    36.2346    22.9942    22.9947    1545.38    192.908    192.520         46 0.0000e+00
      19914    829.729     39.736     40.000    29.0190    29.0200   5.915789   5.916090     3.1599     2.6776      99.93   26.05880  -94.19660   -0.00018   -0.00082     4.4050     4.3923    29.0092    29.0103    36.2637    36.2650    23.0102    23.0108    1545.38    192.301    191.747         62 0.0000e+00
      19966    831.879     40.729     41.000    28.9995    29.0025   5.913061   5.913697     3.1568     2.6745     100.00   26.05880  -94.19661   -0.00254   -0.00347     4.4015     4.3882    28.9895    28.9926    36.2593    36.2614    23.0135    23.0140    1545.39    192.148    191.569         42 0.0000e+00
      20008    833.611     41.722     42.000    28.9463    28.9435   5.904618   5.904383     3.1598     2.6776     100.00   26.05878  -94.19662   -0.00028    0.00011     4.4123     4.3994    28.9357    28.9332    36.2413    36.2414    23.0180    23.0189    1545.39    192.622    192.059         45 0.0000e+00
      20063    835.921     42.716     43.000    28.8863    28.8894   5.894718   5.895589     3.1615     2.6834     100.00   26.05878  -94.19662    0.00134    0.00222     4.4207     4.4160    28.8759    28.8790    36.2188    36.2213    23.0211    23.0220    1545.39    192.988    192.778         60 0.0000e+00
      20113    837.985     43.709     44.000    28.6821    28.6829   5.873823   5.874223     3.1722     2.7028     100.00   26.05878  -94.19662    0.00173    0.00424     4.4569     4.4809    28.6714    28.6722    36.2276    36.2297    23.0960    23.0974    1545.38    194.554    195.596         43 0.0000e+00
      20162    840.031     44.703     45.000    28.6212    28.6197   5.870499   5.870708     3.1893     2.7121     100.00   26.05878  -94.19662    0.00743    0.00825     4.4916     4.4936    28.6104    28.6089    36.2521    36.2547    23.1348    23.1372    1545.37    196.060    196.147         55 0.0000e+00
      20212    842.121     45.696     46.000    28.3642    28.3602   5.853445   5.854076     3.1996     2.7131     100.00   26.05878  -94.19662    0.00718    0.00299     4.5279     4.5107    28.3532    28.3492    36.3137    36.3154    23.2665    23.2691    1545.35    197.619    196.866         43 0.0000e+00
      20258    844.048     46.689     47.000    28.3243    28.3244   5.846617   5.846916     3.2049     2.7218     100.00   26.05878  -94.19662    0.00316    0.00158     4.5440     4.5353    28.3131    28.3132    36.3100    36.3119    23.2770    23.2784    1545.33    198.319    197.938         54 0.0000e+00
      20314    846.368     47.682     48.000    28.0445    28.0383   5.817985   5.818209     3.2147     2.7347      88.98   26.05879  -94.19662    0.00413    0.00618     4.5858     4.5846    28.0331    28.0269    36.3198    36.3227    23.3766    23.3808    1545.30    200.125    200.069         52 0.0000e+00
      20361    848.338     48.675     49.000    27.7695    27.7684   5.790814   5.791085     3.2257     2.7488      99.32   26.05878  -94.19662    0.00480    0.00603     4.6275     4.6329    27.7580    27.7568    36.3445    36.3473    23.4854    23.4879    1545.26    201.922    202.156         46 0.0000e+00
      20410    850.382     49.669     50.000    27.5410    27.5396   5.769668   5.769952     3.2242     2.7462      98.63   26.05878  -94.19661    0.00281    0.00353     4.6431     4.6444    27.5294    27.5279    36.3715    36.3749    23.5802    23.5832    1545.21    202.585    202.641         52 0.0000e+00
      20461    852.517     50.662     51.000    27.4145    27.4150   5.761417   5.761796     3.1978     2.7174      63.27   26.05879  -94.19661   -0.00622   -0.00766     4.6043     4.5948    27.4027    27.4031    36.4109    36.4133    23.6510    23.6527    1545.15    200.877    200.461         50 0.0000e+00
      20511    854.573     51.655     52.000    27.3117    27.3114   5.750963   5.751273     3.1675     2.6931     100.19   26.05878  -94.19662   -0.01577   -0.01442     4.5572     4.5533    27.2996    27.2994    36.4163    36.4187    23.6885    23.6903    1545.10    198.817    198.645         48 0.0000e+00
      20560    856.634     52.648     53.000    27.2634    27.2640   5.747284   5.747667     3.1661     2.6907     100.00   26.05878  -94.19662   -0.00691   -0.00572     4.5582     4.5520    27.2511    27.2517    36.4274    36.4297    23.7125    23.7140    1545.05    198.856    198.581         52 0.0000e+00
      20612    858.776     53.642     54.000    27.1820    27.1820   5.737554   5.738097     3.1567     2.6835     100.00   26.05878  -94.19662   -0.00295   -0.00223     4.5490     4.5439    27.1659    27.1696    36.4239    36.4264    23.7374    23.7387    1544.99    198.447    198.227         49 0.0000e+00
