GOMECC/GOMECC-4/1db/drb2103_0761.cnv
* Sea-Bird SBE 9 Data File:
* FileName = C:\Users\scs.user.rb\CTD\GOMECC4\data\rb2103_0761.hex
* Software Version Seasave V 7.26.7.107
* Temperature SN = 4799
* Conductivity SN = 3860
* Number of Bytes Per Scan = 41
* Number of Voltage Words = 4
* Number of Scans Averaged by the Deck Unit = 1
* NMEA Latitude = 22 16.44 N
* NMEA Longitude = 097 38.35 W
* NMEA UTC (Time) = Oct 05 2021  23:34:35
* NMEA baud rate = 4800
# nquan = 28
# nvalues = 21                          
# units = specified
# name 0 = scan: Scan Count
# name 1 = timeS: Time, Elapsed [seconds]
# name 2 = depSM: Depth [salt water, m]
# name 3 = prDM: Pressure, Digiquartz [db]
# name 4 = t090C: Temperature [ITS-90, deg C]
# name 5 = t190C: Temperature, 2 [ITS-90, deg C]
# name 6 = c0S/m: Conductivity [S/m]
# name 7 = c1S/m: Conductivity, 2 [S/m]
# name 8 = sbeox0V: Oxygen raw, SBE 43 [V]
# name 9 = sbeox1V: Oxygen raw, SBE 43, 2 [V]
# name 10 = altM: Altimeter [m]
# name 11 = latitude: Latitude [deg]
# name 12 = longitude: Longitude [deg]
# name 13 = sbox0dV/dT: Oxygen, SBE 43 [dov/dt]
# name 14 = sbox1dV/dT: Oxygen, SBE 43, 2 [dov/dt]
# name 15 = sbeox0ML/L: Oxygen, SBE 43 [ml/l], WS = 5
# name 16 = sbeox1ML/L: Oxygen, SBE 43, 2 [ml/l], WS = 5
# name 17 = potemp090C: Potential Temperature [ITS-90, deg C]
# name 18 = potemp190C: Potential Temperature, 2 [ITS-90, deg C]
# name 19 = sal00: Salinity, Practical [PSU]
# name 20 = sal11: Salinity, Practical, 2 [PSU]
# name 21 = sigma-é00: Density [sigma-theta, kg/m^3]
# name 22 = sigma-é11: Density, 2 [sigma-theta, kg/m^3]
# name 23 = avgsvCM: Average Sound Velocity [Chen-Millero, m/s], minP = 20, minS = 20
# name 24 = sbox0Mm/Kg: Oxygen, SBE 43 [umol/kg], WS = 5
# name 25 = sbox1Mm/Kg: Oxygen, SBE 43, 2 [umol/kg], WS = 5
# name 26 = nbin: number of scans per bin
# name 27 = flag: flag
# span 0 =      14557,     276282       
# span 1 =    606.485,  11510.944       
# span 2 =      6.956,    113.266       
# span 3 =      5.000,     30.000       
# span 4 =    28.8209,   561.7086       
# span 5 =    28.8125,   561.7262       
# span 6 =   5.870698, 112.088721       
# span 7 =   5.871031, 112.093231       
# span 8 =     3.1347,    56.7952       
# span 9 =     2.6502,    50.6850       
# span 10 =      11.31,     626.47      
# span 11 =   22.20906,  424.97699      
# span 12 =-1862.90059,  -97.35416      
# span 13 =   -0.01784,    0.00108      
# span 14 =   -0.00821,    0.00139      
# span 15 =     4.3296,    78.3962      
# span 16 =     4.3123,    82.3591      
# span 17 =    28.8136,   561.6805      
# span 18 =    28.8052,   561.6982      
# span 19 =    35.6497,   680.6561      
# span 20 =    35.6508,   680.6740      
# span 21 =    22.4075,   427.8194      
# span 22 =    22.4078,   427.8269      
# span 23 =       0.00,    1588.17      
# span 24 =    189.118,   3424.390      
# span 25 =    188.352,   3597.489      
# span 26 =         30,         74      
# span 27 = 0.0000e+00, 0.0000e+00      
# interval = decibars: 1                
# start_time = Oct 05 2021 23:34:35 [NMEA time, header]
# bad_flag = -9.990e-29
*END*
     276282  11510.944    113.266      5.000   561.7086   561.7262 112.088721 112.093231    56.7952    50.6850     626.47  424.97699-1862.90059   -0.01784   -0.00821    78.3962    82.3591   561.6805   561.6982   680.6561   680.6740   427.8194   427.8269       0.00   3424.390   3597.489         64 0.0000e+00
      14557    606.485      6.956      7.000    29.4193    29.4210   5.870698   5.871031     3.1393     2.6560      33.75   22.25843  -97.57059    0.00011   -0.00003     4.3335     4.3168    29.4176    29.4193    35.6497    35.6508    22.4075    22.4078       0.00    189.290    188.559         44 0.0000e+00
      14652    610.476      7.950      8.000    29.4466    29.4501   5.875871   5.876432     3.1427     2.6592      32.83   22.27418  -97.63960    0.00106    0.00044     4.3387     4.3223    29.4446    29.4481    35.6769    35.6781    22.4227    22.4225       0.00    189.516    188.800         53 0.0000e+00
      14731    613.747      8.944      9.000    29.4494    29.4480   5.876301   5.876349     3.1406     2.6555      31.67   22.27417  -97.63960   -0.00085   -0.00109     4.3352     4.3155    29.4472    29.4458    35.6773    35.6776    22.4222    22.4229       0.00    189.365    188.503         45 0.0000e+00
      14817    617.351      9.937     10.000    29.4462    29.4476   5.875898   5.876227     3.1412     2.6578      30.81   22.27417  -97.63960    0.00003    0.00073     4.3371     4.3208    29.4437    29.4451    35.6768    35.6777    22.4229    22.4232       0.00    189.449    188.737         71 0.0000e+00
      14893    620.515     10.931     11.000    29.4476    29.4486   5.876135   5.876404     3.1432     2.6583      29.81   22.27417  -97.63960    0.00108    0.00021     4.3411     4.3222    29.4449    29.4459    35.6768    35.6778    22.4226    22.4230       0.00    189.620    188.796         69 0.0000e+00
      14969    623.667     11.925     12.000    29.4468    29.4502   5.875992   5.876720     3.1399     2.6572      28.83   22.27418  -97.63960   -0.00101   -0.00016     4.3357     4.3203    29.4438    29.4473    35.6764    35.6788    22.4226    22.4233       0.00    189.388    188.712         44 0.0000e+00
      15045    626.827     12.919     13.000    29.4512    29.4520   5.876823   5.877095     3.1418     2.6562      27.91   22.27418  -97.63960    0.00032    0.00031     4.3397     4.3188    29.4480    29.4488    35.6790    35.6798    22.4232    22.4235       0.00    189.559    188.647         43 0.0000e+00
      15124    630.109     13.912     14.000    29.4513    29.4543   5.877272   5.877770     3.1402     2.6534      26.87   22.27418  -97.63960   -0.00044   -0.00077     4.3369     4.3135    29.4479    29.4509    35.6812    35.6824    22.4249    22.4247       0.00    189.439    188.415         53 0.0000e+00
      15211    633.752     14.906     15.000    29.4505    29.4521   5.877320   5.877690     3.1377     2.6568      25.90   22.27418  -97.63960   -0.00071    0.00139     4.3330     4.3209    29.4469    29.4485    35.6818    35.6832    22.4257    22.4261       0.00    189.269    188.739         36 0.0000e+00
      15279    636.600     15.899     16.000    29.4505    29.4522   5.877809   5.878197     3.1389     2.6559      25.02   22.27418  -97.63960   -0.00032    0.00064     4.3355     4.3195    29.4466    29.4483    35.6849    35.6863    22.4281    22.4285       0.00    189.378    188.677         46 0.0000e+00
      15356    639.783     16.893     17.000    29.4505    29.4518   5.877572   5.877918     3.1376     2.6599      23.99   22.27418  -97.63960   -0.00089    0.00121     4.3337     4.3281    29.4464    29.4477    35.6830    35.6844    22.4267    22.4273       0.00    189.298    189.053         51 0.0000e+00
      15444    643.441     17.887     18.000    29.4519    29.4534   5.878790   5.878970     3.1370     2.6546      23.08   22.27418  -97.63960   -0.00041   -0.00143     4.3329     4.3178    29.4475    29.4490    35.6900    35.6901    22.4316    22.4312       0.00    189.262    188.601         53 0.0000e+00
      15513    646.339     18.880     19.000    29.4520    29.4530   5.879775   5.879854     3.1390     2.6545      22.09   22.27418  -97.63960    0.00005   -0.00026     4.3370     4.3179    29.4473    29.4484    35.6964    35.6961    22.4365    22.4359       0.00    189.439    188.608         58 0.0000e+00
      15594    649.708     19.874     20.000    29.4515    29.4533   5.880237   5.879953     3.1347     2.6538      21.13   22.27418  -97.63960   -0.00113    0.00032     4.3296     4.3172    29.4466    29.4484    35.6997    35.6963    22.4392    22.4361     777.33    189.118    188.575         74 0.0000e+00
      15666    652.699     20.868     21.000    29.4505    29.4515   5.880770   5.881219     3.1349     2.6548      20.21   22.27418  -97.63961   -0.00037   -0.00081     4.3305     4.3196    29.4453    29.4463    35.7037    35.7061    22.4427    22.4441    1588.17    189.157    188.677         63 0.0000e+00
      15749    656.169     21.861     22.000    29.4473    29.4484   5.882283   5.882719     3.1352     2.6522      19.25   22.27418  -97.63962   -0.00004   -0.00059     4.3314     4.3148    29.4419    29.4430    35.7162    35.7184    22.4531    22.4544    1545.53    189.194    188.466         50 0.0000e+00
      15822    659.210     22.855     23.000    29.4199    29.4268   5.886925   5.887112     3.1349     2.6502      18.31   22.27418  -97.63962   -0.00064   -0.00081     4.3321     4.3123    29.4135    29.4213    35.7713    35.7664    22.5042    22.4985    1545.53    189.214    188.352         34 0.0000e+00
      15959    664.936     23.849     24.000    29.3537    29.3509   5.889714   5.890120     3.1347     2.6548      17.26   22.27418  -97.63962    0.00044   -0.00005     4.3359     4.3249    29.3478    29.3450    35.8365    35.8413    22.5753    22.5798    1545.54    189.368    188.885         39 0.0000e+00
      16107    671.090     24.842     25.000    29.3073    29.3065   5.893454   5.894454     3.1353     2.6562      16.30   22.27418  -97.63962    0.00007   -0.00018     4.3395     4.3300    29.3012    29.3004    35.8965    35.9039    22.6361    22.6419    1545.54    189.513    189.097         38 0.0000e+00
      16851    702.073     29.810     30.000    28.8209    28.8125   5.880402   5.879142     3.1646     2.6831      11.31   22.20906  -97.35416   -0.00089    0.00007     4.4218     4.4105    28.8136    28.8052    36.1213    36.1345    22.9527    22.9669    1541.00    193.036    192.541         30 0.0000e+00
