GOMECC/GOMECC-4/1db/drb2103_1221.cnv
* Sea-Bird SBE 9 Data File:
* FileName = C:\Users\scs.user.rb\CTD\GOMECC4\data\rb2103_1221.hex
* Software Version Seasave V 7.26.7.107
* Temperature SN = 4799
* Conductivity SN = 3860
* Number of Bytes Per Scan = 41
* Number of Voltage Words = 4
* Number of Scans Averaged by the Deck Unit = 1
* NMEA Latitude = 24 31.02 N
* NMEA Longitude = 080 37.81 W
* NMEA UTC (Time) = Oct 17 2021  20:29:11
* NMEA baud rate = 4800
# nquan = 28
# nvalues = 225                         
# units = specified
# name 0 = scan: Scan Count
# name 1 = timeS: Time, Elapsed [seconds]
# name 2 = depSM: Depth [salt water, m]
# name 3 = prDM: Pressure, Digiquartz [db]
# name 4 = t090C: Temperature [ITS-90, deg C]
# name 5 = t190C: Temperature, 2 [ITS-90, deg C]
# name 6 = c0S/m: Conductivity [S/m]
# name 7 = c1S/m: Conductivity, 2 [S/m]
# name 8 = sbeox0V: Oxygen raw, SBE 43 [V]
# name 9 = sbeox1V: Oxygen raw, SBE 43, 2 [V]
# name 10 = altM: Altimeter [m]
# name 11 = latitude: Latitude [deg]
# name 12 = longitude: Longitude [deg]
# name 13 = sbox0dV/dT: Oxygen, SBE 43 [dov/dt]
# name 14 = sbox1dV/dT: Oxygen, SBE 43, 2 [dov/dt]
# name 15 = sbeox0ML/L: Oxygen, SBE 43 [ml/l], WS = 5
# name 16 = sbeox1ML/L: Oxygen, SBE 43, 2 [ml/l], WS = 5
# name 17 = potemp090C: Potential Temperature [ITS-90, deg C]
# name 18 = potemp190C: Potential Temperature, 2 [ITS-90, deg C]
# name 19 = sal00: Salinity, Practical [PSU]
# name 20 = sal11: Salinity, Practical, 2 [PSU]
# name 21 = sigma-é00: Density [sigma-theta, kg/m^3]
# name 22 = sigma-é11: Density, 2 [sigma-theta, kg/m^3]
# name 23 = avgsvCM: Average Sound Velocity [Chen-Millero, m/s], minP = 20, minS = 20
# name 24 = sbox0Mm/Kg: Oxygen, SBE 43 [umol/kg], WS = 5
# name 25 = sbox1Mm/Kg: Oxygen, SBE 43, 2 [umol/kg], WS = 5
# name 26 = nbin: number of scans per bin
# name 27 = flag: flag
# span 0 =      18894,      31364       
# span 1 =    787.207,   1306.778       
# span 2 =      4.968,    233.364       
# span 3 =      5.000,    235.000       
# span 4 =    13.7551,    28.8435       
# span 5 =    13.9950,    28.8450       
# span 6 =   4.263084,   5.893174       
# span 7 =   4.292007,   5.893534       
# span 8 =     1.8677,     3.1490       
# span 9 =     1.5549,     2.6628       
# span 10 =      11.84,     100.35      
# span 11 =   24.51915,   24.53919      
# span 12 =  -80.67697,  -80.61861      
# span 13 =   -0.02986,    0.00421      
# span 14 =   -0.02832,    0.00443      
# span 15 =     2.8664,     4.4052      
# span 16 =     2.9017,     4.3879      
# span 17 =    13.7213,    28.8372      
# span 18 =    13.9635,    28.8387      
# span 19 =    35.7511,    36.8122      
# span 20 =    35.7524,    36.8136      
# span 21 =    22.7354,    26.8491      
# span 22 =    22.7369,    26.8441      
# span 23 =       0.00,    1544.84      
# span 24 =    124.665,    192.365      
# span 25 =    126.206,    191.506      
# span 26 =         30,         59      
# span 27 = 0.0000e+00, 0.0000e+00      
# interval = decibars: 1                
# start_time = Oct 17 2021 20:29:11 [NMEA time, header]
# bad_flag = -9.990e-29
*END*
[from data line 156]
      25139   1047.414    159.908    161.000    17.7907    17.7934   4.734390   4.734645     2.0844     1.7356      85.99   24.52070  -80.62356   -0.00296   -0.00206     3.0863     3.0978    17.7631    17.7658    36.3629    36.3627    26.3751    26.3742    1537.70    134.292    134.793         31 0.0000e+00
      25172   1048.774    160.901    162.000    17.6736    17.6669   4.720392   4.719887     2.0803     1.7317      85.04   24.52071  -80.62353   -0.00318   -0.00290     3.0852     3.0963    17.6459    17.6392    36.3464    36.3479    26.3913    26.3941    1537.58    134.241    134.726         34 0.0000e+00
      25205   1050.186    161.893    163.000    17.6059    17.5893   4.712236   4.710373     2.0764     1.7274      84.03   24.52072  -80.62352   -0.00288   -0.00297     3.0814     3.0910    17.5781    17.5615    36.3360    36.3357    26.3999    26.4038    1537.48    134.076    134.492         34 0.0000e+00
      25240   1051.611    162.886    164.000    17.5068    17.5054   4.700245   4.700301     2.0719     1.7234      82.95   24.52072  -80.62350   -0.00293   -0.00304     3.0780     3.0867    17.4789    17.4775    36.3204    36.3221    26.4123    26.4139    1537.34    133.926    134.304         34 0.0000e+00
      25272   1052.943    163.879    165.000    17.4762    17.4757   4.696738   4.696901     2.0682     1.7208      82.17   24.52073  -80.62349   -0.00302   -0.00273     3.0719     3.0825    17.4482    17.4477    36.3169    36.3188    26.4171    26.4187    1537.23    133.662    134.123         30 0.0000e+00
      25302   1054.209    164.872    166.000    17.4727    17.4822   4.696424   4.697793     2.0662     1.7188      81.17   24.52074  -80.62348   -0.00265   -0.00206     3.0687     3.0774    17.4454    17.4541    36.3163    36.3203    26.4173    26.4183    1537.12    133.520    133.899         31 0.0000e+00
      25335   1055.565    165.865    167.000    17.4255    17.4420   4.690663   4.692863     2.0631     1.7177      80.11   24.52075  -80.62346   -0.00206   -0.00147     3.0644     3.0776    17.3972    17.4137    36.3089    36.3132    26.4233    26.4227    1537.01    133.332    133.908         34 0.0000e+00
      25369   1057.017    166.857    168.000    17.4239    17.4230   4.690603   4.690746     2.0609     1.7162      79.06   24.52076  -80.62345   -0.00195   -0.00106     3.0599     3.0754    17.3955    17.3946    36.3094    36.3114    26.4241    26.4259    1536.89    133.137    133.810         35 0.0000e+00
      25403   1058.402    167.850    169.000    17.3962    17.3699   4.687344   4.684320     2.0592     1.7140      78.23   24.52078  -80.62344   -0.00163   -0.00107     3.0583     3.0728    17.3676    17.3416    36.3055    36.3022    26.4280    26.4316    1536.78    133.068    133.699         32 0.0000e+00
      25435   1059.737    168.843    170.000    17.2989    17.2759   4.675710   4.673186     2.0563     1.7112      77.07   24.52078  -80.62342   -0.00137   -0.00159     3.0586     3.0730    17.2703    17.2472    36.2911    36.2899    26.4406    26.4452    1536.67    133.077    133.704         32 0.0000e+00
      25467   1061.088    169.836    171.000    17.2066    17.1996   4.664918   4.664219     2.0520     1.7080      76.17   24.52078  -80.62341   -0.00218   -0.00206     3.0552     3.0701    17.1779    17.1709    36.2796    36.2798    26.4540    26.4559    1536.56    132.930    133.578         33 0.0000e+00
      25500   1062.472    170.829    172.000    17.1948    17.1925   4.663689   4.663579     2.0501     1.7060      75.12   24.52080  -80.62339   -0.00261   -0.00211     3.0518     3.0659    17.1659    17.1636    36.2791    36.2802    26.4565    26.4579    1536.45    132.781    133.393         34 0.0000e+00
      25535   1063.897    171.821    173.000    17.1919    17.1933   4.663427   4.663750     2.0484     1.7053      74.20   24.52080  -80.62337   -0.00171   -0.00139     3.0486     3.0644    17.1629    17.1643    36.2790    36.2805    26.4572    26.4580    1536.34    132.643    133.330         34 0.0000e+00
      25568   1065.301    172.814    174.000    17.1930    17.1936   4.663877   4.663876     2.0473     1.7039      73.21   24.52082  -80.62336   -0.00104   -0.00076     3.0464     3.0613    17.1638    17.1644    36.2796    36.2810    26.4575    26.4584    1536.24    132.547    133.192         33 0.0000e+00
      25600   1066.645    173.807    175.000    17.2039    17.2019   4.665096   4.665333     2.0464     1.7033      72.13   24.52082  -80.62334   -0.00091   -0.00081     3.0440     3.0596    17.1745    17.1725    36.2811    36.2820    26.4560    26.4572    1536.12    132.440    133.120         32 0.0000e+00
      25633   1068.015    174.799    176.000    17.2099    17.2112   4.665860   4.666142     2.0460     1.7021      71.15   24.52083  -80.62333   -0.00056   -0.00072     3.0430     3.0564    17.1804    17.1817    36.2828    36.2841    26.4559    26.4566    1536.02    132.399    132.979         34 0.0000e+00
      25668   1069.452    175.792    177.000    17.2091    17.2124   4.666077   4.666369     2.0458     1.7019      70.26   24.52084  -80.62331   -0.00037   -0.00051     3.0431     3.0562    17.1794    17.1827    36.2832    36.2845    26.4565    26.4566    1535.92    132.404    132.971         34 0.0000e+00
      25701   1070.835    176.785    178.000    17.2085    17.2090   4.666100   4.666240     2.0463     1.7013      69.12   24.52085  -80.62330   -0.00003   -0.00045     3.0445     3.0552    17.1786    17.1791    36.2854    36.2862    26.4583    26.4588    1535.81    132.461    132.927         33 0.0000e+00
      25734   1072.201    177.778    179.000    17.2091    17.2097   4.666232   4.666425     2.0449     1.7015      68.22   24.52086  -80.62328   -0.00006   -0.00022     3.0417     3.0562    17.1790    17.1796    36.2857    36.2868    26.4585    26.4591    1535.71    132.341    132.972         33 0.0000e+00
      25768   1073.635    178.770    180.000    17.2095    17.2097   4.666329   4.666463     2.0441     1.7020      67.21   24.52087  -80.62327   -0.00064    0.00016     3.0400     3.0578    17.1793    17.1795    36.2858    36.2867    26.4585    26.4591    1535.61    132.267    133.043         35 0.0000e+00
      25802   1075.043    179.763    181.000    17.2118    17.2102   4.666628   4.666548     2.0444     1.7010      66.34   24.52088  -80.62326   -0.00053    0.00005     3.0411     3.0557    17.1814    17.1798    36.2858    36.2865    26.4579    26.4589    1535.51    132.315    132.948         33 0.0000e+00
      25835   1076.422    180.756    182.000    17.2133    17.2123   4.666835   4.666813     2.0445     1.7006      65.27   24.52089  -80.62324    0.00007   -0.00039     3.0416     3.0548    17.1827    17.1817    36.2860    36.2867    26.4578    26.4585    1535.41    132.337    132.911         34 0.0000e+00
      25870   1077.859    181.748    183.000    17.2142    17.2135   4.667188   4.666955     2.0441     1.7011      64.18   24.52090  -80.62323    0.00005   -0.00027     3.0412     3.0563    17.1835    17.1827    36.2853    36.2862    26.4570    26.4580    1535.31    132.318    132.978         34 0.0000e+00
      25903   1079.262    182.741    184.000    17.2100    17.2107   4.666412   4.666492     2.0440     1.7012      63.45   24.52090  -80.62320   -0.00020    0.00012     3.0415     3.0571    17.1791    17.1798    36.2848    36.2855    26.4578    26.4581    1535.22    132.331    133.013         33 0.0000e+00
      25935   1080.600    183.734    185.000    17.2255    17.2270   4.668327   4.668602     2.0444     1.7013      62.32   24.52092  -80.62319   -0.00005    0.00016     3.0417     3.0568    17.1944    17.1959    36.2868    36.2879    26.4556    26.4561    1535.13    132.342    132.999         32 0.0000e+00
      25969   1081.992    184.727    186.000    17.2339    17.2348   4.669294   4.669497     2.0447     1.7007      61.31   24.52092  -80.62318    0.00022    0.00001     3.0421     3.0552    17.2026    17.2035    36.2874    36.2883    26.4540    26.4545    1535.04    132.360    132.926         35 0.0000e+00
      26004   1083.444    185.719    187.000    17.2370    17.2368   4.669722   4.669787     2.0450     1.6994      60.34   24.52094  -80.62316    0.00022   -0.00047     3.0430     3.0522    17.2056    17.2053    36.2879    36.2887    26.4537    26.4544    1534.94    132.398    132.799         34 0.0000e+00
      26037   1084.828    186.712    188.000    17.2406    17.2376   4.670181   4.669927     2.0442     1.7005      59.29   24.52094  -80.62315   -0.00004   -0.00040     3.0412     3.0552    17.2090    17.2060    36.2883    36.2886    26.4532    26.4541    1534.85    132.321    132.930         33 0.0000e+00
      26070   1086.197    187.705    189.000    17.2392    17.2352   4.670025   4.669646     2.0446     1.7010      58.35   24.52096  -80.62314   -0.00014    0.00031     3.0427     3.0571    17.2075    17.2034    36.2880    36.2883    26.4533    26.4546    1534.76    132.384    133.012         33 0.0000e+00
      26104   1087.616    188.698    190.000    17.2362    17.2378   4.669540   4.669962     2.0443     1.7012      57.27   24.52096  -80.62312   -0.00007    0.00039     3.0427     3.0577    17.2042    17.2059    36.2876    36.2884    26.4538    26.4541    1534.69    132.383    133.037         35 0.0000e+00
      26139   1089.068    189.690    191.000    17.2306    17.2349   4.669218   4.669776     2.0435     1.7015      56.40   24.52097  -80.62311   -0.00017    0.00024     3.0416     3.0592    17.1985    17.2028    36.2877    36.2887    26.4553    26.4550    1534.59    132.337    133.102         34 0.0000e+00
      26172   1090.456    190.683    192.000    17.2296    17.2355   4.668849   4.669861     2.0434     1.7002      55.37   24.52098  -80.62309   -0.00030   -0.00011     3.0420     3.0561    17.1973    17.2032    36.2869    36.2885    26.4549    26.4547    1534.50    132.355    132.965         33 0.0000e+00
      26204   1091.790    191.676    193.000    17.1933    17.1976   4.665087   4.666114     2.0423     1.6999      54.38   24.52099  -80.62307   -0.00037   -0.00048     3.0414     3.0582    17.1608    17.1651    36.2822    36.2821    26.4601    26.4590    1534.43    132.328    133.060         32 0.0000e+00
      26238   1093.213    192.668    194.000    17.1857    17.1838   4.664463   4.663805     2.0412     1.6985      53.65   24.52100  -80.62306   -0.00065   -0.00060     3.0404     3.0559    17.1531    17.1513    36.2808    36.2812    26.4609    26.4617    1534.33    132.286    132.958         36 0.0000e+00
      26274   1094.705    193.661    195.000    17.1823    17.1835   4.663566   4.663784     2.0406     1.6969      52.33   24.52101  -80.62305   -0.00069   -0.00081     3.0394     3.0523    17.1496    17.1508    36.2802    36.2810    26.4613    26.4617    1534.25    132.241    132.801         35 0.0000e+00
      26307   1096.093    194.654    196.000    17.1815    17.1842   4.663524   4.663899     2.0402     1.6951      51.53   24.52102  -80.62304   -0.00048   -0.00118     3.0390     3.0481    17.1487    17.1513    36.2801    36.2810    26.4615    26.4616    1534.16    132.224    132.620         32 0.0000e+00
      26340   1097.454    195.646    197.000    17.1778    17.1807   4.663123   4.663546     2.0396     1.6955      50.62   24.52103  -80.62301   -0.00034   -0.00083     3.0383     3.0497    17.1448    17.1477    36.2796    36.2807    26.4620    26.4622    1534.08    132.194    132.690         33 0.0000e+00
      26375   1098.898    196.639    198.000    17.1688    17.1728   4.662152   4.662683     2.0392     1.6956      49.45   24.52104  -80.62300   -0.00035   -0.00015     3.0383     3.0507    17.1355    17.1396    36.2789    36.2799    26.4637    26.4635    1534.00    132.193    132.734         35 0.0000e+00
      26408   1100.309    197.632    199.000    17.1683    17.1694   4.662161   4.662347     2.0390     1.6962      48.55   24.52104  -80.62298   -0.00031    0.00020     3.0382     3.0528    17.1349    17.1361    36.2789    36.2796    26.4639    26.4641    1533.92    132.187    132.825         33 0.0000e+00
      26441   1101.673    198.624    200.000    17.1537    17.1547   4.660489   4.660675     2.0385     1.6960      47.49   24.52106  -80.62298   -0.00022    0.00024     3.0384     3.0537    17.1202    17.1212    36.2771    36.2778    26.4660    26.4663    1533.83    132.197    132.861         33 0.0000e+00
      26476   1103.105    199.617    201.000    17.0969    17.0988   4.654092   4.654343     2.0377     1.6951      46.58   24.52107  -80.62296   -0.00039   -0.00014     3.0407     3.0554    17.0633    17.0652    36.2718    36.2723    26.4757    26.4757    1533.76    132.294    132.933         36 0.0000e+00
      26511   1104.594    200.609    202.000    17.0786    17.0815   4.652404   4.652798     2.0377     1.6947      45.54   24.52108  -80.62294   -0.00035   -0.00042     3.0425     3.0558    17.0448    17.0478    36.2696    36.2707    26.4784    26.4785    1533.69    132.371    132.952         35 0.0000e+00
      26545   1105.991    201.602    203.000    17.0695    17.0699   4.651028   4.651149     2.0379     1.6955      44.59   24.52109  -80.62294   -0.00009   -0.00012     3.0436     3.0588    17.0356    17.0360    36.2689    36.2697    26.4801    26.4806    1533.60    132.421    133.081         32 0.0000e+00
      26577   1107.323    202.595    204.000    17.0696    17.0731   4.651084   4.651569     2.0382     1.6945      43.66   24.52110  -80.62292    0.00015    0.00001     3.0447     3.0566    17.0356    17.0391    36.2689    36.2700    26.4801    26.4801    1533.52    132.468    132.986         32 0.0000e+00
      26610   1108.722    203.587    205.000    17.0570    17.0558   4.649726   4.649644     2.0374     1.6943      42.67   24.52111  -80.62290    0.00001   -0.00018     3.0440     3.0574    17.0228    17.0215    36.2679    36.2684    26.4824    26.4831    1533.44    132.440    133.020         36 0.0000e+00
      26646   1110.198    204.580    206.000    17.0168    17.0179   4.645105   4.645349     2.0366     1.6938      41.74   24.52112  -80.62288   -0.00042   -0.00040     3.0454     3.0589    16.9824    16.9835    36.2633    36.2645    26.4886    26.4892    1533.37    132.497    133.087         34 0.0000e+00
      26679   1111.588    205.573    207.000    16.9215    16.9675   4.633908   4.638344     2.0360     1.6940      40.67   24.52113  -80.62287   -0.00045   -0.00013     3.0507     3.0655    16.8872    16.9331    36.2505    36.2562    26.5016    26.4950    1533.29    132.727    133.373         33 0.0000e+00
      26712   1112.938    206.565    208.000    16.7506    16.7376   4.613494   4.611861     2.0330     1.6907      39.68   24.52114  -80.62286   -0.00078   -0.00046     3.0556     3.0687    16.7163    16.7034    36.2248    36.2222    26.5224    26.5235    1533.21    132.936    133.507         33 0.0000e+00
      26747   1114.399    207.558    209.000    16.4743    16.4765   4.580462   4.580934     2.0263     1.6825      38.76   24.52115  -80.62284   -0.00248   -0.00282     3.0589     3.0658    16.4402    16.4425    36.1825    36.1846    26.5551    26.5563    1533.13    133.077    133.377         36 0.0000e+00
      26783   1115.901    208.550    210.000    16.2486    16.2621   4.553301   4.555089     2.0182     1.6745      37.64   24.52116  -80.62283   -0.00442   -0.00502     3.0555     3.0596    16.2146    16.2281    36.1455    36.1492    26.5794    26.5791    1533.05    132.927    133.103         35 0.0000e+00
      26816   1117.291    209.543    211.000    16.0187    16.0139   4.525988   4.525522     2.0084     1.6665      36.90   24.52116  -80.62282   -0.00569   -0.00552     3.0485     3.0555    15.9850    15.9802    36.1103    36.1105    26.6055    26.6068    1532.96    132.620    132.923         33 0.0000e+00
