GOMECC/GOMECC-4/1db/drb2103_0982.cnv
* Sea-Bird SBE 9 Data File:
* FileName = C:\Users\scs.user.rb\CTD\GOMECC4\data\rb2103_0982.hex
* Software Version Seasave V 7.26.7.107
* Temperature SN = 4799
* Conductivity SN = 3860
* Number of Bytes Per Scan = 41
* Number of Voltage Words = 4
* Number of Scans Averaged by the Deck Unit = 1
* NMEA Latitude = 23 11.00 N
* NMEA Longitude = 090 38.50 W
* NMEA UTC (Time) = Oct 11 2021  16:51:30
* NMEA baud rate = 4800
# nquan = 28
# nvalues = 215                         
# units = specified
# name 0 = scan: Scan Count
# name 1 = timeS: Time, Elapsed [seconds]
# name 2 = depSM: Depth [salt water, m]
# name 3 = prDM: Pressure, Digiquartz [db]
# name 4 = t090C: Temperature [ITS-90, deg C]
# name 5 = t190C: Temperature, 2 [ITS-90, deg C]
# name 6 = c0S/m: Conductivity [S/m]
# name 7 = c1S/m: Conductivity, 2 [S/m]
# name 8 = sbeox0V: Oxygen raw, SBE 43 [V]
# name 9 = sbeox1V: Oxygen raw, SBE 43, 2 [V]
# name 10 = altM: Altimeter [m]
# name 11 = latitude: Latitude [deg]
# name 12 = longitude: Longitude [deg]
# name 13 = sbox0dV/dT: Oxygen, SBE 43 [dov/dt]
# name 14 = sbox1dV/dT: Oxygen, SBE 43, 2 [dov/dt]
# name 15 = sbeox0ML/L: Oxygen, SBE 43 [ml/l], WS = 5
# name 16 = sbeox1ML/L: Oxygen, SBE 43, 2 [ml/l], WS = 5
# name 17 = potemp090C: Potential Temperature [ITS-90, deg C]
# name 18 = potemp190C: Potential Temperature, 2 [ITS-90, deg C]
# name 19 = sal00: Salinity, Practical [PSU]
# name 20 = sal11: Salinity, Practical, 2 [PSU]
# name 21 = sigma-é00: Density [sigma-theta, kg/m^3]
# name 22 = sigma-é11: Density, 2 [sigma-theta, kg/m^3]
# name 23 = avgsvCM: Average Sound Velocity [Chen-Millero, m/s], minP = 20, minS = 20
# name 24 = sbox0Mm/Kg: Oxygen, SBE 43 [umol/kg], WS = 5
# name 25 = sbox1Mm/Kg: Oxygen, SBE 43, 2 [umol/kg], WS = 5
# name 26 = nbin: number of scans per bin
# name 27 = flag: flag
# span 0 =      17788,     111386       
# span 1 =    741.125,   4641.044       
# span 2 =      4.968,   3286.047       
# span 3 =      5.000,   3333.000       
# span 4 =     4.3987,    29.7161       
# span 5 =     4.3998,    29.7179       
# span 6 =   3.354484,   5.983314       
# span 7 =   3.354462,   5.983637       
# span 8 =     1.6628,     3.3281       
# span 9 =     1.3573,     2.8405       
# span 10 =      11.24,     100.66      
# span 11 =   23.18130,   23.18444      
# span 12 =  -90.64534,  -90.63295      
# span 13 =   -0.03411,    0.04135      
# span 14 =   -0.03211,    0.03926      
# span 15 =     2.4536,     4.8899      
# span 16 =     2.4691,     4.8885      
# span 17 =     4.0799,    29.7147      
# span 18 =     4.0810,    29.7164      
# span 19 =    34.9438,    36.6815      
# span 20 =    34.9432,    36.6826      
# span 21 =    22.6944,    27.7574      
# span 22 =    22.6951,    27.7561      
# span 23 =       0.00,    1546.51      
# span 24 =    106.737,    213.313      
# span 25 =    107.414,    213.253      
# span 26 =         30,         70      
# span 27 = 0.0000e+00, 0.0000e+00      
# interval = decibars: 1                
# start_time = Oct 11 2021 16:51:30 [NMEA time, header]
# bad_flag = -9.990e-29
*END*
[from data line 52]
      20414    850.538     56.633     57.000    25.9795    25.9896   5.606256   5.607450     3.2210     2.7461      82.92   23.18362  -90.64162   -0.00199   -0.00041     4.7702     4.7716    25.9657    25.9769    36.4188    36.4204    24.1150    24.1134    1545.90    208.021    208.081         44 0.0000e+00
      20460    852.465     57.626     58.000    25.8224    25.8242   5.592459   5.593010     3.2130     2.7385      95.74   23.18362  -90.64162   -0.00057   -0.00099     4.7702     4.7671    25.8095    25.8113    36.4418    36.4444    24.1812    24.1826    1545.78    208.006    207.871         50 0.0000e+00
      20510    854.536     58.620     59.000    25.7938    25.7944   5.590976   5.591316     3.1989     2.7280     100.12   23.18362  -90.64162   -0.00565   -0.00529     4.7459     4.7476    25.7807    25.7813    36.4533    36.4554    24.1989    24.2002    1545.66    206.944    207.017         46 0.0000e+00
      20554    856.367     59.613     60.000    25.6178    25.6227   5.571673   5.572445     3.1815     2.7154     100.00   23.18362  -90.64162   -0.00783   -0.00528     4.7284     4.7353    25.6045    25.6094    36.4516    36.4534    24.2524    24.2522    1545.55    206.169    206.472         46 0.0000e+00
      20604    858.448     60.606     61.000    25.3831    25.3894   5.545713   5.546498     3.1631     2.6965     100.00   23.18362  -90.64162   -0.00948   -0.00842     4.7140     4.7145    25.3714    25.3760    36.4462    36.4479    24.3205    24.3203    1545.42    205.526    205.549         51 0.0000e+00
      20649    860.343     61.600     62.000    25.1787    25.1818   5.525179   5.525850     3.1439     2.6772     100.00   23.18362  -90.64163   -0.00902   -0.00922     4.6943     4.6902    25.1651    25.1682    36.4592    36.4617    24.3939    24.3948    1545.30    204.655    204.475         42 0.0000e+00
      20695    862.233     62.593     63.000    25.1225    25.1246   5.521399   5.521981     3.1213     2.6620      95.67   23.18361  -90.64164   -0.01110   -0.00934     4.6554     4.6623    25.1087    25.1108    36.4760    36.4787    24.4239    24.4253    1545.17    202.954    203.253         49 0.0000e+00
      20744    864.283     63.586     64.000    25.0040    25.0099   5.508924   5.509877     3.1021     2.6430      97.09   23.18362  -90.64164   -0.01083   -0.00855     4.6287     4.6311    24.9901    24.9960    36.4784    36.4807    24.4620    24.4620    1545.04    201.784    201.888         48 0.0000e+00
      20791    866.245     64.580     65.000    24.8908    24.9003   5.497403   5.498250     3.0880     2.6266      93.37   23.18362  -90.64164   -0.00818   -0.00907     4.6153     4.6093    24.8767    24.8862    36.4835    36.4850    24.5006    24.4988    1544.93    201.192    200.930         47 0.0000e+00
      20838    868.228     65.573     66.000    24.5865    24.5937   5.466782   5.467850     3.0587     2.6023      66.34   23.18361  -90.64164   -0.00996   -0.00942     4.5797     4.5769    24.5723    24.5795    36.5003    36.5024    24.6058    24.6052    1544.79    199.618    199.497         47 0.0000e+00
      20884    870.127     66.566     67.000    24.4761    24.4781   5.454056   5.454594     3.0318     2.5801      99.67   23.18361  -90.64164   -0.01619   -0.01354     4.5370     4.5387    24.4617    24.4638    36.4940    36.4964    24.6344    24.6356    1544.65    197.752    197.823         46 0.0000e+00
      20931    872.103     67.560     68.000    24.4021    24.4051   5.445622   5.446228     3.0265     2.5765     100.00   23.18362  -90.64164   -0.00741   -0.00551     4.5336     4.5373    24.3875    24.3906    36.4903    36.4924    24.6540    24.6546    1544.53    197.597    197.759         48 0.0000e+00
      20979    874.101     68.553     69.000    24.2719    24.2769   5.431198   5.432015     3.0142     2.5655     100.00   23.18361  -90.64164   -0.00409   -0.00355     4.5207     4.5240    24.2572    24.2622    36.4871    36.4892    24.6908    24.6909    1544.39    197.031    197.175         47 0.0000e+00
      21026    876.025     69.547     70.000    24.1067    24.1160   5.412198   5.413466     2.9999     2.5533     100.00   23.18361  -90.64164   -0.00689   -0.00565     4.5072     4.5107    24.0918    24.1011    36.4777    36.4798    24.7332    24.7319    1544.26    196.432    196.586         47 0.0000e+00
      21073    878.017     70.540     71.000    23.9589    23.9624   5.396186   5.396814     2.9857     2.5378     100.00   23.18361  -90.64164   -0.00713   -0.00729     4.4919     4.4895    23.9439    23.9474    36.4767    36.4786    24.7766    24.7770    1544.12    195.757    195.656         48 0.0000e+00
      21121    880.010     71.533     72.000    23.8804    23.8843   5.388321   5.388980     2.9651     2.5229      99.35   23.18361  -90.64164   -0.00874   -0.00746     4.4579     4.4634    23.8653    23.8691    36.4808    36.4827    24.8030    24.8033    1543.99    194.273    194.510         46 0.0000e+00
      21166    881.889     72.527     73.000    23.7625    23.7683   5.375339   5.376237     2.9476     2.5077      98.21   23.18360  -90.64164   -0.00980   -0.00790     4.4335     4.4397    23.7471    23.7529    36.4783    36.4803    24.8361    24.8360    1543.86    193.203    193.470         46 0.0000e+00
      21214    883.894     73.520     74.000    23.5835    23.5872   5.353913   5.354608     2.9285     2.4899     100.02   23.18360  -90.64164   -0.00977   -0.00847     4.4112     4.4154    23.5680    23.5717    36.4611    36.4634    24.8761    24.8768    1543.72    192.221    192.405         49 0.0000e+00
      21261    885.848     74.513     75.000    23.4107    23.4172   5.333782   5.334720     2.9184     2.4797      72.46   23.18360  -90.64164   -0.00725   -0.00720     4.4060     4.4069    23.3951    23.4016    36.4487    36.4505    24.9175    24.9170    1543.59    191.987    192.028         46 0.0000e+00
      21309    887.835     75.507     76.000    23.2546    23.2582   5.316518   5.317141     2.9016     2.4662     100.02   23.18360  -90.64164   -0.00667   -0.00599     4.3860     4.3900    23.2388    23.2425    36.4443    36.4461    24.9599    24.9602    1543.45    191.107    191.283         49 0.0000e+00
      21357    889.816     76.500     77.000    23.0129    23.0191   5.287836   5.288738     2.8856     2.4524     100.00   23.18360  -90.64164   -0.00824   -0.00670     4.3745     4.3786    22.9971    23.0033    36.4222    36.4240    25.0135    25.0131    1543.31    190.596    190.778         46 0.0000e+00
      21404    891.807     77.493     78.000    22.9018    22.9035   5.278638   5.279015     2.8735     2.4408     100.00   23.18360  -90.64164   -0.00740   -0.00666     4.3591     4.3618    22.8859    22.8875    36.4427    36.4443    25.0614    25.0621    1543.16    189.920    190.036         49 0.0000e+00
      21450    893.704     78.487     79.000    22.8511    22.8523   5.275036   5.275401     2.8583     2.4295     100.00   23.18360  -90.64164   -0.00668   -0.00587     4.3327     4.3408    22.8350    22.8361    36.4566    36.4585    25.0866    25.0877    1543.02    188.765    189.114         43 0.0000e+00
      21495    895.595     79.480     80.000    22.7956    22.7977   5.269157   5.269617     2.8462     2.4216     100.00   23.18360  -90.64164   -0.00746   -0.00514     4.3132     4.3274    22.7793    22.7813    36.4567    36.4585    25.1027    25.1036    1542.88    187.911    188.531         49 0.0000e+00
      21546    897.711     80.473     81.000    22.7691    22.7708   5.266808   5.267219     2.8377     2.4107     100.00   23.18360  -90.64164   -0.00516   -0.00499     4.2987     4.3059    22.7526    22.7543    36.4601    36.4619    25.1130    25.1140    1542.74    187.275    187.592         49 0.0000e+00
      21591    899.566     81.467     82.000    22.7144    22.7184   5.261083   5.261700     2.8300     2.4069     100.00   23.18360  -90.64164   -0.00382   -0.00348     4.2882     4.3012    22.6977    22.7017    36.4608    36.4622    25.1294    25.1293    1542.60    186.814    187.384         44 0.0000e+00
      21638    901.556     82.460     83.000    22.6449    22.6465   5.253651   5.254060     2.8183     2.3948     100.00   23.18360  -90.64164   -0.00510   -0.00376     4.2702     4.2808    22.6281    22.6297    36.4603    36.4622    25.1491    25.1500    1542.48    186.028    186.489         50 0.0000e+00
      21686    903.552     83.453     84.000    22.5814    22.5880   5.246023   5.247032     2.8095     2.3851      99.88   23.18360  -90.64164   -0.00520   -0.00588     4.2600     4.2660    22.5652    22.5711    36.4527    36.4551    25.1613    25.1613    1542.34    185.584    185.845         45 0.0000e+00
      21733    905.483     84.446     85.000    22.4253    22.4291   5.226619   5.227228     2.8036     2.3813     100.00   23.18360  -90.64164   -0.00385   -0.00359     4.2597     4.2685    22.4081    22.4119    36.4316    36.4332    25.1902    25.1903    1542.21    185.566    185.948         48 0.0000e+00
      21779    907.414     85.440     86.000    22.3024    22.3057   5.213013   5.213510     2.7968     2.3740     100.00   23.18360  -90.64164   -0.00334   -0.00262     4.2564     4.2626    22.2851    22.2884    36.4273    36.4285    25.2220    25.2220    1542.07    185.415    185.685         46 0.0000e+00
      21828    909.441     86.433     87.000    22.1857    22.1876   5.204652   5.204858     2.7702     2.3478      74.56   23.18360  -90.64164   -0.00780   -0.00773     4.2043     4.2035    22.1682    22.1701    36.4544    36.4557    25.2758    25.2762    1541.95    183.134    183.101         50 0.0000e+00
      21875    911.406     87.426     88.000    22.1597    22.1609   5.205107   5.205386     2.7344     2.3140      93.89   23.18360  -90.64164   -0.01550   -0.01548     4.1393     4.1370    22.1421    22.1433    36.4841    36.4853    25.3058    25.3064    1541.81    180.299    180.198         45 0.0000e+00
      21921    913.319     88.419     89.000    22.1018    22.1040   5.200787   5.201211     2.6999     2.2838      99.96   23.18360  -90.64164   -0.01841   -0.01661     4.0731     4.0731    22.0841    22.0862    36.4984    36.4999    25.3331    25.3337    1541.68    177.409    177.410         47 0.0000e+00
      21970    915.368     89.413     90.000    22.0201    22.0221   5.191583   5.191997     2.6696     2.2570     100.00   23.18360  -90.64164   -0.01651   -0.01449     4.0176     4.0187    22.0022    22.0042    36.4942    36.4957    25.3531    25.3537    1541.55    174.989    175.038         52 0.0000e+00
      22018    917.379     90.406     91.000    21.9541    21.9560   5.183910   5.184313     2.6483     2.2389     100.00   23.18360  -90.64164   -0.01271   -0.01122     3.9792     3.9831    21.9361    21.9380    36.4887    36.4903    25.3675    25.3682    1541.42    173.316    173.484         42 0.0000e+00
      22060    919.134     91.399     92.000    21.8245    21.8274   5.169206   5.169688     2.6298     2.2228     100.00   23.18360  -90.64164   -0.01019   -0.00860     3.9516     3.9562    21.8063    21.8092    36.4812    36.4826    25.3984    25.3986    1541.29    172.109    172.308         47 0.0000e+00
      22113    921.325     92.393     93.000    21.6924    21.6948   5.153943   5.154409     2.5927     2.1872      97.79   23.18360  -90.64164   -0.01404   -0.01293     3.8853     3.8852    21.6741    21.6765    36.4712    36.4729    25.4278    25.4284    1541.16    169.214    169.211         52 0.0000e+00
      22158    923.213     93.386     94.000    21.5538    21.5579   5.138043   5.138639     2.5663     2.1650      98.78   23.18360  -90.64164   -0.01601   -0.01455     3.8413     3.8444    21.5353    21.5394    36.4615    36.4628    25.4591    25.4590    1541.03    167.296    167.430         41 0.0000e+00
      22202    925.057     94.379     95.000    21.4642    21.4684   5.128728   5.129319     2.5347     2.1356      99.98   23.18360  -90.64164   -0.01542   -0.01393     3.7826     3.7838    21.4456    21.4498    36.4628    36.4639    25.4850    25.4848    1540.90    164.731    164.785         49 0.0000e+00
      22252    927.130     95.372     96.000    21.2986    21.3046   5.111241   5.112054     2.5032     2.1078      92.21   23.18360  -90.64164   -0.01601   -0.01441     3.7293     3.7314    21.2799    21.2859    36.4631    36.4645    25.5312    25.5306    1540.77    162.402    162.497         50 0.0000e+00
      22302    929.229     96.366     97.000    21.1917    21.1939   5.099414   5.099880     2.4690     2.0759      92.29   23.18360  -90.64164   -0.01592   -0.01472     3.6673     3.6673    21.1736    21.1758    36.4582    36.4598    25.5568    25.5574    1540.64    159.698    159.700         47 0.0000e+00
      22345    931.008     97.359     98.000    21.1404    21.1418   5.093931   5.094248     2.4439     2.0542      99.95   23.18360  -90.64164   -0.01535   -0.01374     3.6173     3.6198    21.1215    21.1228    36.4580    36.4594    25.5710    25.5717    1540.51    157.521    157.631         42 0.0000e+00
      22393    932.996     98.352     99.000    21.0805    21.0829   5.090329   5.090679     2.4132     2.0256     100.00   23.18360  -90.64164   -0.01418   -0.01255     3.5569     3.5578    21.0614    21.0638    36.4798    36.4806    25.6041    25.6041    1540.38    154.885    154.923         52 0.0000e+00
      22441    934.993     99.345    100.000    21.0339    21.0354   5.088331   5.088659     2.3459     1.9579     100.00   23.18360  -90.64164   -0.02355   -0.02345     3.4186     3.4040    21.0146    21.0161    36.5031    36.5045    25.6347    25.6354    1540.25    148.857    148.223         44 0.0000e+00
      22488    936.952    100.339    101.000    20.9806    20.9802   5.082853   5.083365     2.2858     1.9068     100.00   23.18360  -90.64164   -0.03411   -0.03211     3.3131     3.3044    20.9612    20.9612    36.5042    36.5054    25.6502    25.6502    1540.13    144.261    143.882         53 0.0000e+00
      22538    939.029    101.332    102.000    20.6170    20.6264   5.039773   5.040922     2.2302     1.8555     100.00   23.18360  -90.64164   -0.02741   -0.02358     3.2022     3.1923    20.5976    20.6070    36.4664    36.4677    25.7204    25.7189    1539.99    139.423    138.991         42 0.0000e+00
      22580    940.807    102.325    103.000    20.4974    20.4987   5.025863   5.026194     2.1896     1.8201     100.00   23.18360  -90.64164   -0.02651   -0.02462     3.1243     3.1180    20.4779    20.4792    36.4556    36.4572    25.7445    25.7454    1539.86    136.032    135.755         48 0.0000e+00
      22631    942.899    103.318    104.000    20.4964    20.4970   5.026497   5.026767     2.1760     1.8106     100.00   23.18360  -90.64164   -0.01447   -0.01141     3.0959     3.0961    20.4767    20.4773    36.4613    36.4630    25.7492    25.7504    1539.72    134.790    134.802         47 0.0000e+00
      22675    944.759    104.311    105.000    20.4979    20.4982   5.026942   5.027070     2.1718     1.8099      87.23   23.18360  -90.64166   -0.00424   -0.00234     3.0880     3.0955    20.4780    20.4783    36.4625    36.4641    25.7498    25.7509    1539.59    134.448    134.775         48 0.0000e+00
      22727    946.923    105.304    106.000    20.5640    20.5629   5.043265   5.043229     2.1687     1.8091     100.58   23.18360  -90.64166   -0.00172   -0.00041     3.0756     3.0882    20.5439    20.5428    36.5391    36.5397    25.7904    25.7911    1539.46    133.902    134.451         49 0.0000e+00
      22769    948.661    106.297    107.000    20.6169    20.6171   5.054059   5.054204     2.1658     1.8076     100.00   23.18360  -90.64166   -0.00156   -0.00053     3.0658     3.0814    20.5966    20.5967    36.5810    36.5821    25.8081    25.8089    1539.35    133.475    134.151         41 0.0000e+00
