GOMECC/GOMECC-4/1db/drb2103_1181.cnv
* Sea-Bird SBE 9 Data File:
* FileName = C:\Users\scs.user.rb\CTD\GOMECC4\data\rb2103_1181.hex
* Software Version Seasave V 7.26.7.107
* Temperature SN = 4799
* Conductivity SN = 3860
* Number of Bytes Per Scan = 41
* Number of Voltage Words = 4
* Number of Scans Averaged by the Deck Unit = 1
* NMEA Latitude = 21 37.95 N
* NMEA Longitude = 086 14.49 W
* NMEA UTC (Time) = Oct 16 2021  02:01:26
* NMEA baud rate = 4800
# nquan = 28
# nvalues = 344                         
# units = specified
# name 0 = scan: Scan Count
# name 1 = timeS: Time, Elapsed [seconds]
# name 2 = depSM: Depth [salt water, m]
# name 3 = prDM: Pressure, Digiquartz [db]
# name 4 = t090C: Temperature [ITS-90, deg C]
# name 5 = t190C: Temperature, 2 [ITS-90, deg C]
# name 6 = c0S/m: Conductivity [S/m]
# name 7 = c1S/m: Conductivity, 2 [S/m]
# name 8 = sbeox0V: Oxygen raw, SBE 43 [V]
# name 9 = sbeox1V: Oxygen raw, SBE 43, 2 [V]
# name 10 = altM: Altimeter [m]
# name 11 = latitude: Latitude [deg]
# name 12 = longitude: Longitude [deg]
# name 13 = sbox0dV/dT: Oxygen, SBE 43 [dov/dt]
# name 14 = sbox1dV/dT: Oxygen, SBE 43, 2 [dov/dt]
# name 15 = sbeox0ML/L: Oxygen, SBE 43 [ml/l], WS = 5
# name 16 = sbeox1ML/L: Oxygen, SBE 43, 2 [ml/l], WS = 5
# name 17 = potemp090C: Potential Temperature [ITS-90, deg C]
# name 18 = potemp190C: Potential Temperature, 2 [ITS-90, deg C]
# name 19 = sal00: Salinity, Practical [PSU]
# name 20 = sal11: Salinity, Practical, 2 [PSU]
# name 21 = sigma-é00: Density [sigma-theta, kg/m^3]
# name 22 = sigma-é11: Density, 2 [sigma-theta, kg/m^3]
# name 23 = avgsvCM: Average Sound Velocity [Chen-Millero, m/s], minP = 20, minS = 20
# name 24 = sbox0Mm/Kg: Oxygen, SBE 43 [umol/kg], WS = 5
# name 25 = sbox1Mm/Kg: Oxygen, SBE 43, 2 [umol/kg], WS = 5
# name 26 = nbin: number of scans per bin
# name 27 = flag: flag
# span 0 =      17676,      51261       
# span 1 =    736.440,   2135.840       
# span 2 =      3.975,   1044.806       
# span 3 =      4.000,   1054.000       
# span 4 =     5.1825,    29.6708       
# span 5 =     5.1828,    29.6693       
# span 6 =   3.402809,   5.953900       
# span 7 =   3.402798,   5.954098       
# span 8 =     1.6319,     3.1976       
# span 9 =     1.3297,     2.6983       
# span 10 =       8.59,     101.05      
# span 11 =   21.63392,   21.64247      
# span 12 =  -86.24926,  -86.22705      
# span 13 =   -0.01704,    0.00684      
# span 14 =   -0.01582,    0.00560      
# span 15 =     2.7122,     4.4305      
# span 16 =     2.7294,     4.3955      
# span 17 =     5.0921,    29.6698      
# span 18 =     5.0924,    29.6683      
# span 19 =    34.8814,    37.0212      
# span 20 =    34.8812,    37.0231      
# span 21 =    22.6229,    27.6115      
# span 22 =    22.6246,    27.6112      
# span 23 =       0.00,    1545.83      
# span 24 =    117.924,    193.463      
# span 25 =    118.671,    191.936      
# span 26 =         30,         67      
# span 27 = 0.0000e+00, 0.0000e+00      
# interval = decibars: 1                
# start_time = Oct 16 2021 02:01:26 [NMEA time, header]
# bad_flag = -9.990e-29
*END*
[from data line 104]
      22316    929.786    107.302    108.000    24.2834    24.2867   5.490830   5.491860     2.5931     2.1748      82.38   21.63699  -86.24342   -0.00902   -0.00903     3.6969     3.6816    24.2559    24.2636    36.9201    36.9215    25.0192    25.0179    1543.37    161.072    160.409         34 0.0000e+00
      22373    932.180    109.288    110.000    24.0325    24.0416   5.468429   5.469498     2.5580     2.1461      99.99   21.63392  -86.23113   -0.01696   -0.01582     3.6460     3.6346    24.0091    24.0183    36.9512    36.9517    25.1160    25.1137    1543.01    158.841    158.343         30 0.0000e+00
      22410    933.688    110.281    111.000    23.8651    23.8695   5.454892   5.455458     2.5401     2.1290     100.00   21.63702  -86.24342   -0.01360   -0.01179     3.6213     3.6076    23.8416    23.8461    36.9888    36.9896    25.1951    25.1945    1543.17    157.752    157.159         37 0.0000e+00
      22448    935.296    111.274    112.000    23.8219    23.8249   5.452547   5.452935     2.5275     2.1183     100.00   21.63704  -86.24342   -0.01158   -0.01013     3.5993     3.5870    23.7983    23.8013    37.0065    37.0070    25.2215    25.2209    1543.10    156.791    156.252         38 0.0000e+00
      22482    936.691    112.268    113.000    23.7934    23.7970   5.451194   5.451612     2.5262     2.1199     100.00   21.63704  -86.24342   -0.00768   -0.00704     3.5986     3.5923    23.7715    23.7733    37.0180    37.0193    25.2382    25.2384    1543.04    156.759    156.485         30 0.0000e+00
      22512    937.940    113.261    114.000    23.7393    23.7431   5.445571   5.445963     2.5258     2.1196     100.00   21.63705  -86.24343   -0.00212   -0.00088     3.6020     3.5952    23.7153    23.7193    37.0212    37.0231    25.2573    25.2583    1542.97    156.901    156.608         31 0.0000e+00
      22546    939.363    114.254    115.000    23.6642    23.6663   5.437412   5.437891     2.5216     2.1172     100.00   21.63707  -86.24344   -0.00108   -0.00009     3.5992     3.5955    23.6400    23.6421    37.0211    37.0231    25.2795    25.2804    1542.90    156.779    156.614         37 0.0000e+00
      22581    940.846    115.247    116.000    23.5503    23.5591   5.424770   5.426005     2.5157     2.1134     100.00   21.63708  -86.24344   -0.00272   -0.00174     3.5954     3.5934    23.5260    23.5348    37.0189    37.0210    25.3115    25.3105    1542.83    156.608    156.523         33 0.0000e+00
      22613    942.174    116.240    117.000    23.4690    23.4708   5.415789   5.416267     2.5089     2.1065      91.20   21.63708  -86.24344   -0.00409   -0.00296     3.5878     3.5853    23.4445    23.4463    37.0175    37.0197    25.3345    25.3356    1542.76    156.272    156.163         31 0.0000e+00
      22645    943.483    117.234    118.000    23.4068    23.4157   5.408752   5.410003     2.5030     2.1022      99.04   21.63710  -86.24344   -0.00465   -0.00396     3.5805     3.5796    23.3822    23.3910    37.0150    37.0172    25.3509    25.3501    1542.69    155.953    155.914         33 0.0000e+00
      22679    944.926    118.227    119.000    23.2943    23.3017   5.395642   5.396560     2.4953     2.0955      99.99   21.63711  -86.24345   -0.00492   -0.00412     3.5736     3.5726    23.2719    23.2770    37.0059    37.0088    25.3764    25.3771    1542.62    155.646    155.604         36 0.0000e+00
      22716    946.448    119.220    120.000    23.1445    23.1451   5.376368   5.376729     2.4876     2.0889     100.00   21.63712  -86.24346   -0.00516   -0.00427     3.5685     3.5678    23.1196    23.1202    36.9842    36.9865    25.4045    25.4061    1542.55    155.423    155.392         36 0.0000e+00
      22749    947.843    120.214    121.000    23.0900    23.0927   5.369249   5.369869     2.4822     2.0842      83.03   21.63713  -86.24346   -0.00483   -0.00418     3.5621     3.5620    23.0650    23.0677    36.9745    36.9770    25.4131    25.4142    1542.48    155.139    155.135         31 0.0000e+00
      22779    949.104    121.207    122.000    22.9267    22.9362   5.348328   5.349756     2.4751     2.0752      86.40   21.63714  -86.24346   -0.00443   -0.00449     3.5595     3.5525    22.9016    22.9111    36.9490    36.9521    25.4412    25.4408    1542.41    155.025    154.718         31 0.0000e+00
      22813    950.501    122.200    123.000    22.8373    22.8389   5.337961   5.338445     2.4673     2.0685      99.81   21.63715  -86.24347   -0.00521   -0.00541     3.5502     3.5442    22.8121    22.8137    36.9432    36.9457    25.4628    25.4642    1542.34    154.616    154.355         36 0.0000e+00
      22849    951.992    123.193    124.000    22.8099    22.8108   5.334940   5.335279     2.4634     2.0650     100.00   21.63716  -86.24348   -0.00491   -0.00474     3.5445     3.5385    22.7845    22.7854    36.9425    36.9444    25.4702    25.4714    1542.26    154.368    154.106         34 0.0000e+00
      22881    953.352    124.186    125.000    22.6888    22.6914   5.320026   5.320504     2.4588     2.0629     100.00   21.63716  -86.24348   -0.00331   -0.00261     3.5434     3.5419    22.6633    22.6659    36.9279    36.9294    25.4941    25.4945    1542.19    154.315    154.247         32 0.0000e+00
      22913    954.683    125.180    126.000    22.6405    22.6422   5.316368   5.316872     2.4511     2.0564     100.00   21.63718  -86.24348   -0.00389   -0.00239     3.5319     3.5308    22.6148    22.6165    36.9398    36.9423    25.5171    25.5185    1542.11    153.811    153.764         33 0.0000e+00
      22949    956.156    126.173    127.000    22.6395    22.6418   5.316849   5.317567     2.4491     2.0546     100.00   21.63720  -86.24348   -0.00389   -0.00303     3.5281     3.5271    22.6136    22.6159    36.9440    36.9477    25.5207    25.5228    1542.04    153.643    153.599         37 0.0000e+00
      22984    957.641    127.166    128.000    22.6396    22.6504   5.317238   5.319126     2.4474     2.0528     100.00   21.63720  -86.24348   -0.00200   -0.00195     3.5248     3.5246    22.6136    22.6246    36.9468    36.9529    25.5228    25.5245    1541.97    153.502    153.490         33 0.0000e+00
      23015    958.921    128.159    129.000    22.7057    22.7056   5.328134   5.328393     2.4497     2.0541     100.00   21.63721  -86.24349   -0.00068   -0.00086     3.5254     3.5237    22.6794    22.6792    36.9758    36.9778    25.5259    25.5274    1541.91    153.524    153.453         30 0.0000e+00
      23047    960.239    129.152    130.000    22.7155    22.7186   5.330230   5.330841     2.4519     2.0588      96.81   21.63722  -86.24350    0.00085    0.00082     3.5294     3.5322    22.6889    22.6921    36.9826    36.9847    25.5283    25.5290    1541.83    153.700    153.823         34 0.0000e+00
      23084    961.772    130.146    131.000    22.7130    22.7142   5.329932   5.330337     2.4530     2.0601     100.00   21.63724  -86.24350    0.00157    0.00241     3.5321     3.5358    22.6863    22.6874    36.9828    36.9850    25.5292    25.5306    1541.76    153.817    153.977         38 0.0000e+00
      23119    963.264    131.139    132.000    22.7119    22.7120   5.330028   5.330200     2.4533     2.0606     100.00   21.63724  -86.24352    0.00077    0.00121     3.5331     3.5375    22.6850    22.6851    36.9841    36.9854    25.5306    25.5315    1541.69    153.859    154.052         33 0.0000e+00
      23151    964.591    132.132    133.000    22.6996    22.6986   5.328659   5.328727     2.4528     2.0606     100.00   21.63726  -86.24352    0.00013    0.00015     3.5334     3.5388    22.6725    22.6714    36.9835    36.9849    25.5337    25.5351    1541.62    153.873    154.107         32 0.0000e+00
      23185    965.997    133.125    134.000    22.6547    22.6576   5.322972   5.323559     2.4512     2.0597      99.90   21.63726  -86.24352   -0.00044    0.00001     3.5336     3.5399    22.6274    22.6303    36.9766    36.9788    25.5415    25.5423    1541.56    153.882    154.155         34 0.0000e+00
      23218    967.369    134.118    135.000    22.6324    22.6331   5.320273   5.320549     2.4484     2.0577     100.00   21.63728  -86.24352   -0.00123   -0.00070     3.5299     3.5375    22.6049    22.6056    36.9740    36.9756    25.5460    25.5470    1541.50    153.718    154.048         32 0.0000e+00
      23251    968.746    135.111    136.000    22.6242    22.6260   5.320187   5.320571     2.4483     2.0580     100.00   21.63729  -86.24353   -0.00135   -0.00102     3.5307     3.5388    22.5965    22.5983    36.9800    36.9815    25.5529    25.5536    1541.43    153.750    154.104         35 0.0000e+00
      23287    970.249    136.104    137.000    22.5812    22.5891   5.316753   5.317699     2.4494     2.0602     100.00   21.63730  -86.24354   -0.00026    0.00042     3.5345     3.5462    22.5556    22.5616    36.9874    36.9882    25.5703    25.5687    1541.38    153.913    154.425         36 0.0000e+00
      23320    971.618    137.097    138.000    22.4246    22.4265   5.298625   5.299580     2.4506     2.0595     100.00   21.63731  -86.24354    0.00073    0.00070     3.5494     3.5572    22.3953    22.3985    36.9805    36.9823    25.6110    25.6115    1541.33    154.556    154.896         31 0.0000e+00
      23352    972.950    138.091    139.000    22.4032    22.4047   5.296439   5.296850     2.4526     2.0609     100.00   21.63732  -86.24354    0.00092    0.00033     3.5555     3.5606    22.3750    22.3766    36.9801    36.9819    25.6166    25.6175    1541.24    154.823    155.043         34 0.0000e+00
      23388    974.444    139.084    140.000    22.3860    22.3876   5.294664   5.295070     2.4570     2.0629     100.00   21.63734  -86.24355    0.00176    0.00080     3.5662     3.5666    22.3577    22.3594    36.9803    36.9821    25.6217    25.6226    1541.18    155.288    155.306         36 0.0000e+00
      23423    975.929    140.077    141.000    22.3681    22.3710   5.292812   5.293358     2.4602     2.0663     100.00   21.63734  -86.24356    0.00265    0.00154     3.5743     3.5758    22.3396    22.3425    36.9806    36.9825    25.6271    25.6277    1541.12    155.641    155.706         35 0.0000e+00
      23457    977.325    141.070    142.000    22.1780    22.1885   5.270599   5.271962     2.4585     2.0667      99.74   21.63736  -86.24356    0.00153    0.00178     3.5846     3.5891    22.1495    22.1600    36.9669    36.9687    25.6708    25.6692    1541.05    156.080    156.278         32 0.0000e+00
      23489    978.671    142.063    143.000    22.0666    22.0759   5.257306   5.258731     2.4522     2.0597      93.92   21.63737  -86.24356   -0.00061   -0.00001     3.5791     3.5804    22.0380    22.0473    36.9564    36.9597    25.6945    25.6944    1540.99    155.839    155.895         33 0.0000e+00
      23522    980.052    143.056    144.000    22.0293    22.0372   5.252562   5.253850     2.4406     2.0482      99.86   21.63738  -86.24357   -0.00503   -0.00514     3.5590     3.5578    22.0005    22.0084    36.9503    36.9537    25.7005    25.7008    1540.92    154.961    154.912         35 0.0000e+00
      23559    981.565    144.049    145.000    22.0050    22.0107   5.249199   5.250171     2.4299     2.0384     100.00   21.63739  -86.24358   -0.00720   -0.00704     3.5390     3.5379    21.9760    21.9817    36.9440    36.9469    25.7026    25.7031    1540.86    154.089    154.043         36 0.0000e+00
      23593    983.018    145.043    146.000    21.9756    21.9718   5.245031   5.245015     2.4195     2.0290     100.00   21.63740  -86.24358   -0.00726   -0.00652     3.5226     3.5211    21.9465    21.9434    36.9358    36.9368    25.7048    25.7058    1540.79    153.376    153.310         33 0.0000e+00
      23626    984.362    146.036    147.000    21.9156    21.9186   5.236752   5.237316     2.4075     2.0178     100.00   21.63742  -86.24360   -0.00744   -0.00679     3.5000     3.4980    21.8863    21.8894    36.9209    36.9228    25.7104    25.7109    1540.73    152.391    152.306         32 0.0000e+00
      23658    985.727    147.029    148.000    21.8807    21.8822   5.232266   5.232653     2.3941     2.0070     100.00   21.63742  -86.24360   -0.00878   -0.00790     3.4749     3.4763    21.8513    21.8527    36.9147    36.9165    25.7155    25.7165    1540.66    151.300    151.358         34 0.0000e+00
      23694    987.226    148.022    149.000    21.8407    21.8460   5.226931   5.227843     2.3862     2.0005     100.00   21.63744  -86.24360   -0.00844   -0.00700     3.4617     3.4641    21.8111    21.8164    36.9061    36.9088    25.7203    25.7208    1540.59    150.724    150.825         37 0.0000e+00
      23730    988.691    149.015    150.000    21.6885    21.6986   5.206833   5.208303     2.3765     1.9897     100.00   21.63744  -86.24362   -0.00626   -0.00555     3.4527     3.4497    21.6589    21.6690    36.8759    36.8789    25.7400    25.7394    1540.53    150.330    150.197         33 0.0000e+00
      23761    989.984    150.008    151.000    21.5771    21.5793   5.194776   5.195219     2.3659     1.9790     100.00   21.63745  -86.24362   -0.00654   -0.00679     3.4384     3.4329    21.5473    21.5496    36.8747    36.8763    25.7703    25.7709    1540.46    149.701    149.461         31 0.0000e+00
      23794    991.354    151.001    152.000    21.5109    21.5192   5.188374   5.189318     2.3519     1.9670     100.00   21.63746  -86.24364   -0.00835   -0.00827     3.4159     3.4113    21.4890    21.4900    36.8731    36.8756    25.7854    25.7856    1540.39    148.719    148.520         35 0.0000e+00
      23831    992.896    151.994    153.000    21.4410    21.4427   5.179103   5.179475     2.3403     1.9577     100.00   21.63746  -86.24364   -0.00914   -0.00802     3.3947     3.3933    21.4109    21.4127    36.8654    36.8669    25.8013    25.8019    1540.33    147.796    147.732         37 0.0000e+00
      23866    994.367    152.987    154.000    21.4170    21.4201   5.177343   5.177844     2.3337     1.9520     100.00   21.63748  -86.24366   -0.00726   -0.00592     3.3828     3.3818    21.3869    21.3899    36.8714    36.8728    25.8125    25.8127    1540.26    147.275    147.229         33 0.0000e+00
      23897    995.674    153.980    155.000    21.3772    21.3790   5.173979   5.174388     2.3275     1.9468      94.81   21.63749  -86.24366   -0.00501   -0.00420     3.3727     3.3727    21.3469    21.3487    36.8783    36.8800    25.8289    25.8297    1540.19    146.830    146.831         31 0.0000e+00
      23931    997.064    154.973    156.000    21.3516    21.3533   5.170982   5.171386     2.3223     1.9430      93.19   21.63750  -86.24367   -0.00449   -0.00358     3.3639     3.3658    21.3211    21.3228    36.8759    36.8777    25.8342    25.8350    1540.12    146.449    146.532         37 0.0000e+00
      23968    998.620    155.966    157.000    21.3044    21.3129   5.165196   5.166697     2.3193     1.9387     100.07   21.63750  -86.24368   -0.00333   -0.00308     3.3612     3.3590    21.2738    21.2824    36.8696    36.8727    25.8425    25.8419    1540.06    146.328    146.233         36 0.0000e+00
      24001   1000.006    156.959    158.000    21.2084    21.2035   5.152454   5.151459     2.3146     1.9369     100.00   21.63751  -86.24368   -0.00255   -0.00240     3.3593     3.3621    21.1761    21.1739    36.8508    36.8496    25.8552    25.8565    1540.01    146.244    146.368         31 0.0000e+00
      24032   1001.310    157.952    159.000    21.1554    21.1575   5.145622   5.146100     2.3135     1.9381     100.00   21.63752  -86.24368   -0.00251   -0.00114     3.3601     3.3684    21.1245    21.1267    36.8397    36.8418    25.8610    25.8620    1539.92    146.277    146.639         33 0.0000e+00
