GOMECC/GOMECC-4/1db/drb2103_1261.cnv
* Sea-Bird SBE 9 Data File:
* FileName = C:\Users\scs.user.rb\CTD\GOMECC4\data\rb2103_1261.hex
* Software Version Seasave V 7.26.7.107
* Temperature SN = 4799
* Conductivity SN = 3860
* Number of Bytes Per Scan = 41
* Number of Voltage Words = 4
* Number of Scans Averaged by the Deck Unit = 1
* NMEA Latitude = 26 37.81 N
* NMEA Longitude = 082 33.26 W
* NMEA UTC (Time) = Oct 19 2021  03:53:17
* NMEA baud rate = 4800
# nquan = 28
# nvalues = 11                          
# units = specified
# name 0 = scan: Scan Count
# name 1 = timeS: Time, Elapsed [seconds]
# name 2 = depSM: Depth [salt water, m]
# name 3 = prDM: Pressure, Digiquartz [db]
# name 4 = t090C: Temperature [ITS-90, deg C]
# name 5 = t190C: Temperature, 2 [ITS-90, deg C]
# name 6 = c0S/m: Conductivity [S/m]
# name 7 = c1S/m: Conductivity, 2 [S/m]
# name 8 = sbeox0V: Oxygen raw, SBE 43 [V]
# name 9 = sbeox1V: Oxygen raw, SBE 43, 2 [V]
# name 10 = altM: Altimeter [m]
# name 11 = latitude: Latitude [deg]
# name 12 = longitude: Longitude [deg]
# name 13 = sbox0dV/dT: Oxygen, SBE 43 [dov/dt]
# name 14 = sbox1dV/dT: Oxygen, SBE 43, 2 [dov/dt]
# name 15 = sbeox0ML/L: Oxygen, SBE 43 [ml/l], WS = 5
# name 16 = sbeox1ML/L: Oxygen, SBE 43, 2 [ml/l], WS = 5
# name 17 = potemp090C: Potential Temperature [ITS-90, deg C]
# name 18 = potemp190C: Potential Temperature, 2 [ITS-90, deg C]
# name 19 = sal00: Salinity, Practical [PSU]
# name 20 = sal11: Salinity, Practical, 2 [PSU]
# name 21 = sigma-é00: Density [sigma-theta, kg/m^3]
# name 22 = sigma-é11: Density, 2 [sigma-theta, kg/m^3]
# name 23 = avgsvCM: Average Sound Velocity [Chen-Millero, m/s], minP = 20, minS = 20
# name 24 = sbox0Mm/Kg: Oxygen, SBE 43 [umol/kg], WS = 5
# name 25 = sbox1Mm/Kg: Oxygen, SBE 43, 2 [umol/kg], WS = 5
# name 26 = nbin: number of scans per bin
# name 27 = flag: flag
# span 0 =      14317,    7090641       
# span 1 =    596.479, 295422.230       
# span 2 =      3.974,   1401.520       
# span 3 =      2.000,     17.000       
# span 4 =    28.5257, 13890.9824       
# span 5 =    28.5313, 13552.1339       
# span 6 =   5.664335, 2.5012e+03       
# span 7 =   5.646641, 2.6216e+03       
# span 8 =     2.5527,  1649.0646       
# span 9 =     1.6811,  1409.3109       
# span 10 =       4.26,    8065.93      
# span 11 =   26.51899, 1.3517e+04      
# span 12 = -4.190e+04,  -82.21163      
# span 13 =  -23.46347,    0.04549      
# span 14 =  -23.16462,    0.11232      
# span 15 =     3.3616,  2003.6899      
# span 16 =     2.4258,  2236.2780      
# span 17 =    28.5225, 12241.9575      
# span 18 =    28.5302, 13551.8203      
# span 19 =    34.9053, 14981.1914      
# span 20 =    34.7698, 15445.6395      
# span 21 =    22.1497,  9511.9701      
# span 22 =    22.0469,  9797.9397      
# span 23 =       0.00,       0.00      
# span 24 =    146.874,  87550.859      
# span 25 =    105.999,  97731.780      
# span 26 =         45,         81      
# span 27 = 0.0000e+00, 0.0000e+00      
# interval = decibars: 1                
# start_time = Oct 19 2021 03:53:17 [NMEA time, header]
# bad_flag = -9.990e-29
*END*
    7090641 295422.230   1401.520      2.000 13890.9824 13552.1339 2.5012e+03 2.6216e+03  1649.0646  1409.3109    8065.93 1.3517e+04 -4.190e+04  -23.46347  -23.16462  2003.6899  2236.2780 12241.9575 13551.8203 14981.1914 15445.6395  9511.9701  9797.9397       0.00  87550.859  97731.780         81 0.0000e+00
      14722    613.362      3.974      4.000    29.4634    29.4394   5.849551   5.856764     2.8329     2.3302      17.90   27.53935  -85.37566   -0.00957   -0.01478     3.7793     3.6947    29.3515    29.4384    36.0227    36.0488    22.8720    22.8878       0.00    165.114    161.419         81 0.0000e+00
      14317    596.479      4.967      5.000    28.5299    28.5313   5.664335   5.663680     2.6520     2.2017      16.42   26.63056  -82.55824   -0.01814   -0.00813     3.5254     3.4733    28.5284    28.5302    34.9053    34.9073    22.1497    22.1507       0.00    154.031    151.757         60 0.0000e+00
      14388    599.460      5.961      6.000    28.5291    28.5324   5.669466   5.659973     2.5527     2.0441      15.41   26.63056  -82.55824   -0.03654   -0.04863     3.3616     3.1603    28.5272    28.5310    34.9323    34.8629    22.1704    22.1170       0.00    146.874    138.084         52 0.0000e+00
      14440    601.626      6.954      7.000    28.5305    28.5330   5.686376   5.657646     2.5692     1.9131      14.52   26.63056  -82.55823   -0.01651   -0.06363     3.3766     2.8947    28.5289    28.5313    35.0486    34.8473    22.2573    22.1052       0.00    147.517    126.483         55 0.0000e+00
      14500    604.145      7.948      8.000    28.5320    28.5335   5.690082   5.650252     2.6991     1.8080      13.49   26.63056  -82.55824    0.04549   -0.04772     3.6139     2.6826    28.5301    28.5316    35.0730    34.7953    22.2752    22.0661       0.00    157.878    117.218         64 0.0000e+00
      14554    606.367      8.941      9.000    28.5321    28.5338   5.694329   5.646641     2.7506     1.7360      12.50   26.63057  -82.55824    0.03021   -0.03474     3.7077     2.5373    28.5299    28.5316    35.1021    34.7698    22.2971    22.0469       0.00    161.975    110.869         45 0.0000e+00
      14609    608.672      9.934     10.000    28.5326    28.5344   5.695390   5.649321     2.7805     1.6811      11.51   26.63058  -82.55825    0.02078   -0.02807     3.7626     2.4258    28.5302    28.5321    35.1089    34.7876    22.3021    22.0601       0.00    164.371    105.999         66 0.0000e+00
      14667    611.064     10.928     11.000    28.5333    28.5349   5.700527   5.672763     2.7494     1.7357      10.53   26.63058  -82.55826   -0.01070   -0.00181     3.7054     2.5346    28.5307    28.5322    35.1437    34.9497    22.3282    22.1819       0.00    161.868    110.737         47 0.0000e+00
      14718    613.200     11.921     12.000    28.5373    28.5498   5.698441   5.691244     2.7664     2.1362       9.51   26.63058  -82.55826    0.00283    0.11232     3.7371     3.3441    28.5344    28.5469    35.1260    35.0685    22.3136    22.2662       0.00    163.255    146.093         59 0.0000e+00
      19962    831.714     16.888     17.000    28.5257    28.5378   5.718849   5.722887     3.1131     2.6348       4.26   26.51899  -82.21163    0.00803    0.00726     4.3659     4.3469    28.5225    28.5337    35.2111    35.2303    22.3602    22.3709       0.00    190.698    189.869         51 0.0000e+00
