GOMECC/GOMECC-4/1db/drb2103_0551.cnv
* Sea-Bird SBE 9 Data File:
* FileName = C:\Users\scs.user.rb\CTD\GOMECC4\data\rb2103_0551.hex
* Software Version Seasave V 7.26.7.107
* Temperature SN = 4799
* Conductivity SN = 3860
* Number of Bytes Per Scan = 41
* Number of Voltage Words = 4
* Number of Scans Averaged by the Deck Unit = 1
* NMEA Latitude = 27 38.90 N
* NMEA Longitude = 094 59.93 W
* NMEA UTC (Time) = Sep 28 2021  16:15:21
* NMEA baud rate = 4800
# nquan = 28
# nvalues = 175                         
# units = specified
# name 0 = scan: Scan Count
# name 1 = timeS: Time, Elapsed [seconds]
# name 2 = depSM: Depth [salt water, m]
# name 3 = prDM: Pressure, Digiquartz [db]
# name 4 = t090C: Temperature [ITS-90, deg C]
# name 5 = t190C: Temperature, 2 [ITS-90, deg C]
# name 6 = c0S/m: Conductivity [S/m]
# name 7 = c1S/m: Conductivity, 2 [S/m]
# name 8 = sbeox0V: Oxygen raw, SBE 43 [V]
# name 9 = sbeox1V: Oxygen raw, SBE 43, 2 [V]
# name 10 = altM: Altimeter [m]
# name 11 = latitude: Latitude [deg]
# name 12 = longitude: Longitude [deg]
# name 13 = sbox0dV/dT: Oxygen, SBE 43 [dov/dt]
# name 14 = sbox1dV/dT: Oxygen, SBE 43, 2 [dov/dt]
# name 15 = sbeox0ML/L: Oxygen, SBE 43 [ml/l], WS = 5
# name 16 = sbeox1ML/L: Oxygen, SBE 43, 2 [ml/l], WS = 5
# name 17 = potemp090C: Potential Temperature [ITS-90, deg C]
# name 18 = potemp190C: Potential Temperature, 2 [ITS-90, deg C]
# name 19 = sal00: Salinity, Practical [PSU]
# name 20 = sal11: Salinity, Practical, 2 [PSU]
# name 21 = sigma-é00: Density [sigma-theta, kg/m^3]
# name 22 = sigma-é11: Density, 2 [sigma-theta, kg/m^3]
# name 23 = avgsvCM: Average Sound Velocity [Chen-Millero, m/s], minP = 20, minS = 20
# name 24 = sbox0Mm/Kg: Oxygen, SBE 43 [umol/kg], WS = 5
# name 25 = sbox1Mm/Kg: Oxygen, SBE 43, 2 [umol/kg], WS = 5
# name 26 = nbin: number of scans per bin
# name 27 = flag: flag
# span 0 =       9135,      29485       
# span 1 =    380.575,   1228.510       
# span 2 =      3.974,    618.934       
# span 3 =      4.000,    624.000       
# span 4 =     7.8528,    29.2394       
# span 5 =     7.8529,    29.2408       
# span 6 =   3.633070,   5.905578       
# span 7 =   3.633037,   5.905788       
# span 8 =     1.5858,     3.2829       
# span 9 =     1.2921,     2.8143       
# span 10 =      10.21,     102.21      
# span 11 =   27.52048,   27.65495      
# span 12 =  -95.02259,  -94.55971      
# span 13 =   -0.02996,    0.02686      
# span 14 =   -0.02915,    0.02498      
# span 15 =     2.4685,     4.9171      
# span 16 =     2.4970,     4.9520      
# span 17 =     7.7887,    29.2309      
# span 18 =     7.7887,    29.2322      
# span 19 =    34.9712,    36.4712      
# span 20 =    34.9694,    36.4717      
# span 21 =    22.3432,    27.2926      
# span 22 =    22.3430,    27.2908      
# span 23 =       0.00,    1544.87      
# span 24 =    107.329,    214.327      
# span 25 =    108.570,    215.846      
# span 26 =         30,         74      
# span 27 = 0.0000e+00, 0.0000e+00      
# interval = decibars: 1                
# start_time = Sep 28 2021 16:15:21 [NMEA time, header]
# bad_flag = -9.990e-29
*END*
[from data line 52]
      12375    515.576     59.594     60.000    23.7790    23.7871   5.345233   5.346347     3.1883     2.7330     100.00   27.64814  -94.99854    0.00924    0.00465     4.9097     4.9318    23.7664    23.7745    36.2390    36.2409    24.6491    24.6481    1542.82    213.993    214.955         39 0.0000e+00
      12449    518.684     62.573     63.000    23.4232    23.4280   5.302147   5.302947     3.1567     2.7064      80.35   27.61235  -94.87558   -0.00706   -0.00628     4.8808     4.9049    23.4101    23.4149    36.1801    36.1823    24.7040    24.7043    1540.36    212.716    213.767         42 0.0000e+00
      12511    521.256     63.566     64.000    23.3725    23.3773   5.300075   5.300811     3.1629     2.7133     102.21   27.64814  -94.99854   -0.00214   -0.00171     4.8996     4.9264    23.3592    23.3640    36.2244    36.2261    24.7579    24.7578    1542.22    213.528    214.696         40 0.0000e+00
      12584    524.274     66.545     67.000    23.1407    23.1455   5.274796   5.275373     3.1341     2.6905      99.92   27.62632  -94.92356   -0.00634   -0.00489     4.8644     4.8971    23.1283    23.1317    36.2063    36.2078    24.8084    24.8084    1540.56    211.980    213.407         38 0.0000e+00
      12634    526.372     67.538     68.000    22.9926    22.9986   5.261544   5.262264     3.1221     2.6755     100.00   27.64814  -94.99854   -0.01075   -0.01009     4.8541     4.8771    22.9786    22.9846    36.2382    36.2389    24.8793    24.8780    1541.63    211.521    212.523         39 0.0000e+00
      12711    529.588     70.517     71.000    22.7512    22.7530   5.238882   5.239008     3.0110     2.5702      99.94   27.63092  -94.93939   -0.02996   -0.02915     4.6513     4.6636    22.7415    22.7385    36.2509    36.2506    24.9557    24.9552    1540.25    202.666    203.202         35 0.0000e+00
      12756    531.463     71.511     72.000    22.7293    22.7313   5.237044   5.237455     2.9966     2.5625     100.00   27.64814  -94.99853   -0.02923   -0.02573     4.6248     4.6488    22.7146    22.7167    36.2643    36.2658    24.9752    24.9758    1541.07    201.512    202.557         36 0.0000e+00
      12845    535.166     74.490     75.000    22.4359    22.4378   5.204029   5.204391     2.9701     2.5413      99.99   27.64594  -94.99095   -0.00633   -0.00460     4.5987     4.6276    22.4208    22.4227    36.2483    36.2497    25.0472    25.0477    1540.54    200.358    201.618         37 0.0000e+00
      12881    536.657     75.483     76.000    22.3645    22.3669   5.196463   5.196858     2.9604     2.5337      91.41   27.64814  -94.99852   -0.00898   -0.00834     4.5856     4.6168    22.3492    22.3516    36.2487    36.2499    25.0680    25.0682    1540.54    199.783    201.143         32 0.0000e+00
      12970    540.373     78.462     79.000    22.1954    22.1975   5.179719   5.180060     2.9542     2.5253     100.00   27.64696  -94.99447   -0.00128   -0.00163     4.5889     4.6131    22.1796    22.1817    36.2565    36.2575    25.1220    25.1221    1540.07    199.920    200.972         38 0.0000e+00
      13006    541.871     79.455     80.000    22.0718    22.0775   5.166414   5.167494     2.9451     2.5150      99.38   27.64814  -94.99850   -0.00469   -0.00635     4.5789     4.5981    22.0526    22.0615    36.2579    36.2590    25.1591    25.1574    1540.02    199.473    200.312         31 0.0000e+00
      13087    545.263     82.434     83.000    21.7295    21.7346   5.128172   5.128874     2.8857     2.4641      99.96   27.63612  -94.95720   -0.01796   -0.01561     4.4907     4.5133    21.7177    21.7185    36.2285    36.2301    25.2293    25.2291    1538.95    195.619    196.601         39 0.0000e+00
      13133    547.149     83.427     84.000    21.5795    21.5855   5.112057   5.112869     2.8794     2.4630     100.00   27.64814  -94.99850   -0.00946   -0.00650     4.4911     4.5252    21.5628    21.5690    36.2361    36.2376    25.2799    25.2794    1539.48    195.629    197.112         36 0.0000e+00
      13209    550.313     86.406     87.000    21.3552    21.3570   5.087577   5.087922     2.8040     2.3874      99.93   27.62826  -94.93018   -0.01804   -0.01937     4.3536     4.3705    21.3377    21.3402    36.2192    36.2203    25.3268    25.3272    1537.99    189.625    190.362         41 0.0000e+00
      13259    552.412     87.398     88.000    21.3492    21.3492   5.089669   5.089703     2.7913     2.3818     100.00   27.64814  -94.99850   -0.02252   -0.02015     4.3289     4.3595    21.3321    21.3320    36.2499    36.2502    25.3544    25.3547    1538.98    188.546    189.883         35 0.0000e+00
      13338    555.710     90.377     91.000    21.2017    21.2038   5.074500   5.074694     2.7566     2.3495      99.96   27.63681  -94.95956   -0.00994   -0.00854     4.2708     4.2989    21.1854    21.1861    36.2479    36.2478    25.3926    25.3920    1537.97    186.009    187.232         42 0.0000e+00
      13382    557.523     91.370     92.000    21.1678    21.1697   5.072755   5.072994     2.7424     2.3354     100.00   27.64814  -94.99850   -0.00862   -0.00897     4.2429     4.2685    21.1500    21.1519    36.2664    36.2667    25.4173    25.4169    1538.48    184.793    185.908         32 0.0000e+00
      13469    561.146     94.349     95.000    20.9745    20.9764   5.055629   5.055911     2.6360     2.2325     100.00   27.64711  -94.99498   -0.02911   -0.02907     4.0358     4.0461    20.9562    20.9581    36.2911    36.2918    25.4891    25.4891    1538.07    175.760    176.209         35 0.0000e+00
      13504    562.610     95.342     96.000    20.9024    20.9061   5.049115   5.049540     2.6047     2.2057     100.00   27.64814  -94.99850   -0.02887   -0.02711     3.9757     3.9894    20.8840    20.8876    36.3001    36.3005    25.5158    25.5151    1538.01    173.135    173.734         34 0.0000e+00
      13537    564.013     96.335     97.000    20.8257    20.8274   5.042152   5.042389     2.5705     2.1744     100.00   27.64814  -94.99850   -0.02360   -0.02063     3.9097     3.9228    20.8072    20.8089    36.3087    36.3092    25.5433    25.5432    1537.89    170.259    170.827         32 0.0000e+00
      13620    567.463     99.313    100.000    20.7126    20.7150   5.029694   5.030023     2.5021     2.1150      99.97   27.63821  -94.96439   -0.01940   -0.01716     3.7748     3.7938    20.6935    20.6959    36.2985    36.2991    25.5651    25.5650    1537.00    164.379    165.207         39 0.0000e+00
      13663    569.268    100.306    101.000    20.6652    20.6673   5.026315   5.026545     2.4869     2.1033     100.00   27.64814  -94.99850   -0.01307   -0.01041     3.7465     3.7703    20.6460    20.6481    36.3159    36.3160    25.5926    25.5921    1537.44    163.142    164.179         35 0.0000e+00
      13746    572.690    103.285    104.000    20.3675    20.3692   4.995797   4.996067     2.4063     2.0244      99.97   27.64122  -94.97473   -0.02315   -0.02295     3.5975     3.6072    20.3480    20.3496    36.3193    36.3201    25.6749    25.6751    1536.73    156.644    157.063         37 0.0000e+00
      13787    574.398    104.278    105.000    20.3507    20.3526   4.994863   4.995005     2.3899     2.0115     100.00   27.64814  -94.99852   -0.02133   -0.01954     3.5652     3.5785    20.3322    20.3328    36.3268    36.3274    25.6855    25.6858    1537.01    155.232    155.813         37 0.0000e+00
      13820    575.785    105.271    106.000    20.2783    20.2863   4.987464   4.988291     2.3804     2.0062     100.00   27.64814  -94.99852   -0.01120   -0.00874     3.5493     3.5708    20.2584    20.2664    36.3292    36.3291    25.7071    25.7049    1536.90    154.539    155.474         30 0.0000e+00
      13904    579.297    108.249    109.000    20.0825    20.0848   4.969403   4.969693     2.3240     1.9504      99.98   27.64342  -94.98229   -0.01511   -0.01489     3.4427     3.4535    20.0622    20.0645    36.3465    36.3469    25.7722    25.7719    1536.31    149.887    150.356         36 0.0000e+00
      13943    580.903    109.242    110.000    20.0513    20.0527   4.967403   4.967625     2.2906     1.9201     100.00   27.64814  -94.99852   -0.01864   -0.01785     3.3735     3.3841    20.0308    20.0322    36.3589    36.3595    25.7906    25.7906    1536.47    146.872    147.336         35 0.0000e+00
      14060    585.787    113.214    114.000    19.8397    19.8413   4.949861   4.950083     2.1990     1.8364      99.99   27.64499  -94.98766   -0.01734   -0.01561     3.1908     3.2001    19.8186    19.8202    36.3945    36.3950    25.8736    25.8736    1535.87    138.908    139.312         36 0.0000e+00
      14098    587.379    114.206    115.000    19.8191    19.8210   4.948492   4.948756     2.1591     1.7997     100.00   27.64814  -94.99852   -0.02275   -0.02201     3.1064     3.1146    19.7978    19.7997    36.4022    36.4027    25.8854    25.8853    1535.95    135.229    135.586         35 0.0000e+00
      14179    590.747    117.185    118.000    19.5484    19.5527   4.923862   4.924365     2.0866     1.7328      99.98   27.64117  -94.97459   -0.01977   -0.01798     2.9661     2.9714    19.5268    19.5311    36.4292    36.4296    25.9765    25.9757    1535.26    129.112    129.342         30 0.0000e+00
      14217    592.345    118.178    119.000    19.4549    19.4580   4.915861   4.916242     2.0447     1.6925     100.00   27.64814  -94.99852   -0.02408   -0.02335     2.8807     2.8808    19.4331    19.4362    36.4471    36.4476    26.0154    26.0150    1535.55    125.391    125.396         40 0.0000e+00
      14255    593.905    119.171    120.000    19.4185    19.4201   4.912496   4.912733     2.0102     1.6634      84.45   27.64814  -94.99852   -0.02666   -0.02481     2.8080     2.8136    19.3966    19.3982    36.4505    36.4510    26.0275    26.0275    1535.44    122.226    122.466         32 0.0000e+00
      14341    597.489    122.149    123.000    19.2906    19.2937   4.900952   4.901348     1.9580     1.6193      99.99   27.64570  -94.99012   -0.01498   -0.01279     2.7020     2.7154    19.2682    19.2714    36.4638    36.4643    26.0709    26.0704    1535.01    117.604    118.188         37 0.0000e+00
      14377    599.002    123.142    124.000    19.2095    19.2132   4.892810   4.893219     1.9459     1.6103     100.00   27.64814  -94.99852   -0.01200   -0.00984     2.6808     2.6988    19.1870    19.1907    36.4688    36.4689    26.0960    26.0952    1535.05    116.678    117.464         32 0.0000e+00
      14408    600.275    124.134    125.000    19.1168    19.1178   4.883598   4.883761     1.9323     1.5961     100.00   27.64814  -94.99852   -0.00958   -0.00786     2.6498     2.6581    19.0943    19.0952    36.4712    36.4717    26.1219    26.1220    1534.95    115.328    115.689         30 0.0000e+00
      14438    601.540    125.127    126.000    19.1147    19.1153   4.883412   4.883538     1.9189     1.5835     100.00   27.64814  -94.99852   -0.00988   -0.00935     2.6267     2.6394    19.0920    19.0926    36.4712    36.4717    26.1224    26.1227    1534.85    114.323    114.874         31 0.0000e+00
      14527    605.249    128.106    129.000    19.0091    19.0094   4.871503   4.871548     1.9006     1.5716      99.99   27.64523  -94.98852   -0.00506   -0.00325     2.5934     2.6172    18.9859    18.9862    36.4623    36.4624    26.1428    26.1428    1534.40    112.869    113.906         34 0.0000e+00
      14564    606.771    129.098    130.000    18.9827    18.9839   4.868722   4.868895     1.9009     1.5726     100.00   27.64814  -94.99852   -0.00294   -0.00165     2.5956     2.6211    18.9593    18.9605    36.4623    36.4627    26.1498    26.1499    1534.47    112.967    114.076         36 0.0000e+00
      14598    608.188    130.091    131.000    18.9551    18.9569   4.865672   4.866006     1.9018     1.5734     100.00   27.64814  -94.99852   -0.00033    0.00016     2.5991     2.6250    18.9316    18.9336    36.4606    36.4611    26.1556    26.1554    1534.38    113.118    114.246         30 0.0000e+00
      14683    611.746    133.069    134.000    18.8436    18.8450   4.852323   4.852510     1.9117     1.5855      99.98   27.64230  -94.97847    0.00250    0.00283     2.6283     2.6608    18.8196    18.8210    36.4426    36.4429    26.1699    26.1698    1533.78    114.385    115.799         41 0.0000e+00
      14723    613.401    134.062    135.000    18.8186    18.8209   4.850578   4.850871     1.9181     1.5910      99.98   27.64814  -94.99850    0.00471    0.00534     2.6439     2.6756    18.7945    18.7968    36.4521    36.4525    26.1843    26.1840    1534.01    115.064    116.444         30 0.0000e+00
      14808    616.944    137.040    138.000    18.7025    18.7053   4.838205   4.838555     1.8922     1.5626      87.55   27.64560  -94.98981   -0.00696   -0.00728     2.5943     2.6137    18.6779    18.6808    36.4477    36.4482    26.2104    26.2100    1533.60    112.903    113.748         39 0.0000e+00
      14845    618.517    138.033    139.000    18.6359    18.6385   4.830874   4.831185     1.8798     1.5516      86.84   27.64813  -94.99850   -0.00930   -0.00891     2.5703     2.5905    18.6113    18.6139    36.4452    36.4455    26.2257    26.2253    1533.66    111.854    112.734         32 0.0000e+00
      14906    621.027    140.018    141.000    18.5487    18.5508   4.820970   4.821232     1.8677     1.5424     100.00   27.64843  -94.99950   -0.00685   -0.00548     2.5486     2.5733    18.5237    18.5259    36.4377    36.4380    26.2422    26.2419    1533.50    110.911    111.983         34 0.0000e+00
      14939    622.431    141.011    142.000    18.4949    18.4976   4.814702   4.815041     1.8654     1.5399     100.00   27.64814  -94.99852   -0.00358   -0.00274     2.5466     2.5701    18.4698    18.4726    36.4316    36.4320    26.2511    26.2508    1533.40    110.824    111.846         32 0.0000e+00
      14996    624.795    142.996    144.000    18.3637    18.3665   4.799250   4.799592     1.8556     1.5295      99.09   27.64551  -94.98948   -0.00301   -0.00319     2.5326     2.5521    18.3384    18.3412    36.4145    36.4149    26.2709    26.2705    1533.08    110.211    111.057         30 0.0000e+00
      15030    626.190    143.989    145.000    18.2914    18.2944   4.791522   4.791871     1.8521     1.5275     100.00   27.64814  -94.99852   -0.00380   -0.00389     2.5288     2.5511    18.2660    18.2690    36.4134    36.4137    26.2886    26.2881    1533.14    110.043    111.014         34 0.0000e+00
      15063    627.563    144.981    146.000    18.2339    18.2357   4.784918   4.785128     1.8584     1.5372     100.00   27.64814  -94.99852   -0.00166   -0.00053     2.5462     2.5781    18.2084    18.2102    36.4077    36.4079    26.2987    26.2983    1533.05    110.799    112.187         32 0.0000e+00
      15118    629.880    146.967    148.000    18.0916    18.0941   4.767948   4.768257     1.8620     1.5387      58.03   27.64378  -94.98354    0.00371    0.00402     2.5627     2.5898    18.0659    18.0684    36.3864    36.3868    26.3176    26.3172    1532.63    111.516    112.693         30 0.0000e+00
      15155    631.399    147.960    149.000    18.0566    18.0589   4.764466   4.764747     1.8626     1.5391      99.50   27.64814  -94.99850    0.00070   -0.00011     2.5662     2.5930    18.0307    18.0330    36.3892    36.3895    26.3289    26.3286    1532.79    111.667    112.831         39 0.0000e+00
      15190    632.889    148.952    150.000    17.9667    17.9699   4.753710   4.754443     1.8648     1.5418     100.00   27.64813  -94.99850    0.00013    0.00003     2.5759     2.6039    17.9422    17.9443    36.3784    36.3787    26.3427    26.3421    1532.70    112.085    113.305         30 0.0000e+00
