GOMECC/GOMECC-4/1db/drb2103_0331.cnv
* Sea-Bird SBE 9 Data File:
* FileName = C:\Users\scs.user.rb\CTD\GOMECC4\data\rb2103_0331.hex
* Software Version Seasave V 7.26.7.107
* Temperature SN = 4799
* Conductivity SN = 3860
* Number of Bytes Per Scan = 41
* Number of Voltage Words = 4
* Number of Scans Averaged by the Deck Unit = 1
* NMEA Latitude = 29 27.77 N
* NMEA Longitude = 087 14.16 W
* NMEA UTC (Time) = Sep 23 2021  23:47:16
* NMEA baud rate = 4800
# nquan = 28
# nvalues = 189                         
# units = specified
# name 0 = scan: Scan Count
# name 1 = timeS: Time, Elapsed [seconds]
# name 2 = depSM: Depth [salt water, m]
# name 3 = prDM: Pressure, Digiquartz [db]
# name 4 = t090C: Temperature [ITS-90, deg C]
# name 5 = t190C: Temperature, 2 [ITS-90, deg C]
# name 6 = c0S/m: Conductivity [S/m]
# name 7 = c1S/m: Conductivity, 2 [S/m]
# name 8 = sbeox0V: Oxygen raw, SBE 43 [V]
# name 9 = sbeox1V: Oxygen raw, SBE 43, 2 [V]
# name 10 = altM: Altimeter [m]
# name 11 = latitude: Latitude [deg]
# name 12 = longitude: Longitude [deg]
# name 13 = sbox0dV/dT: Oxygen, SBE 43 [dov/dt]
# name 14 = sbox1dV/dT: Oxygen, SBE 43, 2 [dov/dt]
# name 15 = sbeox0ML/L: Oxygen, SBE 43 [ml/l], WS = 5
# name 16 = sbeox1ML/L: Oxygen, SBE 43, 2 [ml/l], WS = 5
# name 17 = potemp090C: Potential Temperature [ITS-90, deg C]
# name 18 = potemp190C: Potential Temperature, 2 [ITS-90, deg C]
# name 19 = sal00: Salinity, Practical [PSU]
# name 20 = sal11: Salinity, Practical, 2 [PSU]
# name 21 = sigma-é00: Density [sigma-theta, kg/m^3]
# name 22 = sigma-é11: Density, 2 [sigma-theta, kg/m^3]
# name 23 = avgsvCM: Average Sound Velocity [Chen-Millero, m/s], minP = 20, minS = 20
# name 24 = sbox0Mm/Kg: Oxygen, SBE 43 [umol/kg], WS = 5
# name 25 = sbox1Mm/Kg: Oxygen, SBE 43, 2 [umol/kg], WS = 5
# name 26 = nbin: number of scans per bin
# name 27 = flag: flag
# span 0 =      12666,      27775       
# span 1 =    527.712,   1157.239       
# span 2 =      4.966,    397.902       
# span 3 =      5.000,    401.000       
# span 4 =     9.9799,    28.2619       
# span 5 =     9.9806,    28.2632       
# span 6 =   3.844793,   5.684609       
# span 7 =   3.844797,   5.684370       
# span 8 =     1.6374,     3.1548       
# span 9 =     1.3398,     2.6921       
# span 10 =       8.75,     101.02      
# span 11 =   29.44683,   29.46621      
# span 12 =  -87.24615,  -87.18866      
# span 13 =   -0.04096,    0.08113      
# span 14 =   -0.03625,    0.08241      
# span 15 =     2.5672,     4.5097      
# span 16 =     2.5988,     4.5302      
# span 17 =     9.9330,    28.2545      
# span 18 =     9.9337,    28.2559      
# span 19 =    34.2384,    36.5472      
# span 20 =    34.2391,    36.5481      
# span 21 =    21.8948,    27.1213      
# span 22 =    21.8947,    27.1206      
# span 23 =       0.00,    1578.69      
# span 24 =    111.622,    196.904      
# span 25 =    112.998,    197.797      
# span 26 =         30,         78      
# span 27 = 0.0000e+00, 0.0000e+00      
# interval = decibars: 1                
# start_time = Sep 23 2021 23:47:16 [NMEA time, header]
# bad_flag = -9.990e-29
*END*
[from data line 104]
      18441    768.328    128.088    129.000    16.7965    16.7976   4.617210   4.617348     2.0083     1.6771     100.00   29.46280  -87.23607   -0.00395   -0.00291     2.9655     3.0014    16.7753    16.7763    36.2474    36.2477    26.5258    26.5258    1532.11    129.018    130.581         35 0.0000e+00
      18492    770.463    130.073    131.000    16.6942    16.6966   4.604073   4.604392     2.0043     1.6747      99.97   29.45262  -87.20594   -0.00194   -0.00133     2.9639     3.0026    16.6718    16.6754    36.2204    36.2210    26.5287    26.5286    1531.33    128.946    130.630         32 0.0000e+00
      18538    772.362    131.065    132.000    16.6344    16.6363   4.598043   4.598253     2.0036     1.6733     100.00   29.46280  -87.23608   -0.00118   -0.00068     2.9664     3.0029    16.6128    16.6146    36.2237    36.2239    26.5462    26.5459    1531.72    129.052    130.643         44 0.0000e+00
      18631    776.249    134.043    135.000    16.3762    16.3779   4.567151   4.567370     1.9966     1.6672      99.99   29.45642  -87.21718   -0.00180   -0.00151     2.9680     3.0049    16.3543    16.3561    36.1806    36.1810    26.5733    26.5731    1531.01    129.118    130.725         39 0.0000e+00
      18674    778.039    135.036    136.000    16.3169    16.3182   4.561267   4.561446     1.9981     1.6691     100.00   29.46280  -87.23608   -0.00101   -0.00061     2.9756     3.0136    16.2949    16.2962    36.1840    36.1845    26.5903    26.5904    1531.22    129.448    131.099         37 0.0000e+00
      18707    779.409    136.028    137.000    16.3017    16.3018   4.559958   4.560028     2.0159     1.6957     100.00   29.46280  -87.23608    0.00223    0.00377     3.0187     3.0833    16.2796    16.2797    36.1858    36.1863    26.5953    26.5957    1531.09    131.321    134.131         31 0.0000e+00
      18738    780.690    137.021    138.000    16.2902    16.2915   4.558693   4.558911     2.0327     1.7083      89.98   29.46280  -87.23608    0.00880    0.01072     3.0586     3.1161    16.2679    16.2692    36.1846    36.1853    26.5971    26.5974    1530.97    133.059    135.560         31 0.0000e+00
      18769    782.004    138.013    139.000    16.2573    16.2627   4.554736   4.555427     2.0475     1.7189      91.44   29.46280  -87.23608    0.01376    0.01390     3.0959     3.1454    16.2349    16.2403    36.1788    36.1801    26.6004    26.6000    1530.85    134.679    136.832         32 0.0000e+00
      18804    783.472    139.006    140.000    16.2396    16.2458   4.552650   4.553422     2.0521     1.7204      96.40   29.46280  -87.23608    0.01047    0.00815     3.1082     3.1508    16.2171    16.2232    36.1759    36.1772    26.6023    26.6018    1530.73    135.214    137.069         38 0.0000e+00
      18842    785.026    139.998    141.000    16.1951    16.1973   4.547266   4.547559     2.0489     1.7162      95.54   29.46280  -87.23608    0.00268    0.00087     3.1043     3.1436    16.1724    16.1746    36.1680    36.1686    26.6066    26.6066    1530.62    135.043    136.755         35 0.0000e+00
      18874    786.372    140.991    142.000    16.1393    16.1393   4.540612   4.540610     2.0429     1.7093     100.06   29.46280  -87.23608   -0.00188   -0.00286     3.0945     3.1302    16.1165    16.1165    36.1590    36.1590    26.6126    26.6126    1530.49    134.616    136.172         30 0.0000e+00
      18904    787.620    141.983    143.000    16.1189    16.1188   4.538297   4.538319     2.0368     1.7035     100.00   29.46280  -87.23608   -0.00396   -0.00443     3.0819     3.1171    16.0960    16.0959    36.1565    36.1568    26.6154    26.6157    1530.38    134.069    135.602         31 0.0000e+00
      18939    789.079    142.976    144.000    16.0882    16.0892   4.534700   4.534824     2.0339     1.7024     100.00   29.46280  -87.23608   -0.00406   -0.00374     3.0776     3.1166    16.0652    16.0661    36.1519    36.1521    26.6190    26.6190    1530.26    133.882    135.579         40 0.0000e+00
      18978    790.690    143.969    145.000    16.0363    16.0370   4.528528   4.528611     2.0330     1.7012     100.00   29.46280  -87.23608   -0.00195   -0.00129     3.0796     3.1174    16.0132    16.0139    36.1436    36.1437    26.6247    26.6246    1530.14    133.967    135.611         34 0.0000e+00
      19032    792.968    145.954    147.000    15.9724    15.9734   4.520220   4.520389     2.0320     1.7013      99.97   29.45387  -87.20966   -0.00020   -0.00003     3.0824     3.1226    15.9490    15.9500    36.1235    36.1241    26.6233    26.6235    1529.44    134.088    135.840         33 0.0000e+00
      19078    794.857    146.946    148.000    15.9465    15.9462   4.518008   4.517975     2.0313     1.6999     100.00   29.46280  -87.23610   -0.00039   -0.00029     3.0829     3.1213    15.9230    15.9226    36.1300    36.1300    26.6350    26.6351    1529.81    134.108    135.779         44 0.0000e+00
      19114    796.371    147.939    149.000    15.9319    15.9332   4.516354   4.516524     2.0313     1.7004     100.00   29.46280  -87.23610   -0.00057   -0.00059     3.0843     3.1239    15.9083    15.9095    36.1281    36.1284    26.6369    26.6369    1529.69    134.169    135.892         30 0.0000e+00
      19172    798.793    149.924    151.000    15.9079    15.9049   4.513179   4.512818     2.0312     1.6995      99.99   29.45901  -87.22489    0.00023    0.00016     3.0869     3.1247    15.8839    15.8809    36.1194    36.1189    26.6355    26.6359    1529.27    134.284    135.929         36 0.0000e+00
      19212    800.473    150.916    152.000    15.8285    15.8301   4.503847   4.504054     2.0270     1.6931     100.00   29.46280  -87.23610   -0.00081   -0.00132     3.0807     3.1130    15.8044    15.8060    36.1089    36.1093    26.6460    26.6459    1529.36    134.013    135.419         38 0.0000e+00
      19247    801.913    151.909    153.000    15.7990    15.8010   4.500225   4.500451     2.0155     1.6811     100.00   29.46280  -87.23610   -0.00366   -0.00461     3.0578     3.0845    15.7748    15.7768    36.1029    36.1031    26.6482    26.6479    1529.26    133.018    134.177         31 0.0000e+00
      19306    804.376    153.894    155.000    15.6356    15.6345   4.480389   4.480029     1.9815     1.6467      88.78   29.45672  -87.21810   -0.01091   -0.01135     2.9874     3.0042    15.6113    15.6102    36.0683    36.0680    26.6583    26.6583    1528.72    129.953    130.683         39 0.0000e+00
      19350    806.214    154.886    156.000    15.6188    15.6194   4.478689   4.478792     1.9638     1.6328      99.55   29.46280  -87.23610   -0.01288   -0.01224     2.9489     2.9727    15.5943    15.5949    36.0725    36.0728    26.6659    26.6660    1528.93    128.276    129.312         38 0.0000e+00
      19444    810.124    157.864    159.000    15.5763    15.5776   4.473726   4.473867     1.9500     1.6240      81.15   29.46124  -87.23150   -0.00343   -0.00211     2.9199     2.9535    15.5514    15.5527    36.0655    36.0661    26.6701    26.6703    1528.54    127.015    128.476         47 0.0000e+00
      19486    811.890    158.856    160.000    15.5716    15.5726   4.473342   4.473528     1.9473     1.6220     100.89   29.46280  -87.23610   -0.00188   -0.00145     2.9142     2.9489    15.5466    15.5476    36.0666    36.0667    26.6721    26.6720    1528.51    126.769    128.277         32 0.0000e+00
      19538    814.053    160.841    162.000    15.4485    15.4494   4.458612   4.458742     1.9433     1.6186      99.98   29.45641  -87.21718   -0.00135   -0.00076     2.9140     2.9491    15.4233    15.4242    36.0436    36.0439    26.6821    26.6821    1527.97    126.757    128.285         34 0.0000e+00
      19582    815.868    161.834    163.000    15.4312    15.4331   4.456753   4.456958     1.9347     1.6088      99.99   29.46280  -87.23610   -0.00295   -0.00312     2.8945     2.9244    15.4058    15.4077    36.0430    36.0431    26.6858    26.6854    1528.21    125.909    127.209         42 0.0000e+00
      19642    818.365    163.819    165.000    15.2998    15.3009   4.440749   4.440798     1.9231     1.6001      99.98   29.45643  -87.21724   -0.00505   -0.00437     2.8761     2.9111    15.2742    15.2754    36.0159    36.0156    26.6941    26.6936    1527.67    125.108    126.628         31 0.0000e+00
      19681    820.016    164.811    166.000    15.2711    15.2719   4.437782   4.437838     1.9219     1.5994     100.00   29.46280  -87.23610   -0.00298   -0.00197     2.8755     2.9113    15.2455    15.2463    36.0164    36.0162    26.7013    26.7009    1527.91    125.080    126.638         40 0.0000e+00
      19719    821.581    165.803    167.000    15.2168    15.2182   4.431427   4.431560     1.9205     1.5987     100.00   29.46280  -87.23610   -0.00114   -0.00064     2.8760     2.9132    15.1910    15.1924    36.0081    36.0080    26.7071    26.7067    1527.81    125.100    126.720         33 0.0000e+00
      19779    824.100    167.788    169.000    15.1504    15.1525   4.423393   4.423626     1.9166     1.5948      99.99   29.46043  -87.22907   -0.00130   -0.00112     2.8713     2.9074    15.1244    15.1265    35.9943    35.9945    26.7111    26.7108    1527.48    124.894    126.468         35 0.0000e+00
      19818    825.697    168.781    170.000    15.1118    15.1163   4.419067   4.419555     1.9094     1.5865     100.00   29.46280  -87.23608   -0.00255   -0.00274     2.8574     2.8888    15.0858    15.0902    35.9907    35.9910    26.7171    26.7164    1527.51    124.292    125.659         38 0.0000e+00
      19854    827.216    169.773    171.000    15.0407    15.0419   4.410622   4.410682     1.9016     1.5789      99.92   29.46280  -87.23608   -0.00427   -0.00471     2.8436     2.8738    15.0146    15.0158    35.9786    35.9781    26.7236    26.7229    1527.41    123.688    125.003         34 0.0000e+00
      19945    830.980    172.750    174.000    14.7498    14.7527   4.375922   4.376284     1.8831     1.5620      99.98   29.45693  -87.21869   -0.00458   -0.00427     2.8190     2.8486    14.7236    14.7264    35.9261    35.9270    26.7468    26.7470    1526.80    122.617    123.904         42 0.0000e+00
      19990    832.860    173.743    175.000    14.7079    14.7087   4.371427   4.371481     1.8766     1.5566     100.00   29.46280  -87.23608   -0.00447   -0.00421     2.8063     2.8373    14.6815    14.6824    35.9244    35.9241    26.7550    26.7547    1527.01    122.063    123.410         38 0.0000e+00
      20080    836.606    176.720    178.000    14.5700    14.5730   4.354923   4.355217     1.8738     1.5558      99.98   29.45773  -87.22106   -0.00056   -0.00012     2.8093     2.8446    14.5434    14.5464    35.8968    35.8968    26.7635    26.7628    1526.44    122.194    123.727         41 0.0000e+00
      20123    838.417    177.712    179.000    14.5372    14.5386   4.351626   4.351786     1.8718     1.5540      90.35   29.46280  -87.23608   -0.00036   -0.00020     2.8068     2.8422    14.5104    14.5118    35.8980    35.8981    26.7719    26.7717    1526.61    122.085    123.625         36 0.0000e+00
      20182    840.882    179.697    181.000    14.5074    14.5125   4.347892   4.348505     1.8671     1.5497      99.99   29.45943  -87.22605   -0.00176   -0.00159     2.7989     2.8340    14.4804    14.4855    35.8897    35.8901    26.7718    26.7710    1526.25    121.739    123.264         32 0.0000e+00
      20219    842.413    180.689    182.000    14.4711    14.4706   4.344079   4.344002     1.8652     1.5485     100.00   29.46282  -87.23608   -0.00167   -0.00146     2.7959     2.8330    14.4440    14.4435    35.8881    35.8878    26.7787    26.7786    1526.32    121.609    123.224         35 0.0000e+00
      20252    843.783    181.682    183.000    14.4614    14.4617   4.343009   4.343011     1.8637     1.5483     100.00   29.46282  -87.23609   -0.00144   -0.00090     2.7932     2.8333    14.4342    14.4345    35.8867    35.8865    26.7797    26.7795    1526.23    121.490    123.234         33 0.0000e+00
      20287    845.260    182.674    184.000    14.4358    14.4371   4.340076   4.340191     1.8636     1.5483     100.00   29.46282  -87.23610   -0.00087   -0.00026     2.7951     2.8352    14.4085    14.4097    35.8829    35.8828    26.7823    26.7820    1526.13    121.572    123.318         38 0.0000e+00
      20324    846.804    183.666    185.000    14.4284    14.4294   4.339241   4.339352     1.8636     1.5475     100.00   29.46282  -87.23610   -0.00018   -0.00014     2.7959     2.8339    14.4009    14.4020    35.8816    35.8817    26.7830    26.7828    1526.04    121.608    123.263         35 0.0000e+00
      20418    850.724    186.643    188.000    14.3590    14.3601   4.330940   4.331022     1.8634     1.5471      99.99   29.45903  -87.22489    0.00006   -0.00002     2.8012     2.8385    14.3311    14.3322    35.8673    35.8672    26.7868    26.7865    1525.57    121.838    123.461         45 0.0000e+00
      20462    852.537    187.636    189.000    14.3479    14.3491   4.329888   4.330000     1.8633     1.5460     100.00   29.46282  -87.23610   -0.00031   -0.00060     2.8017     2.8363    14.3200    14.3211    35.8679    35.8678    26.7898    26.7895    1525.67    121.858    123.366         33 0.0000e+00
      20516    854.803    189.620    191.000    14.3074    14.3082   4.324783   4.324821     1.8611     1.5452      99.98   29.45816  -87.22231   -0.00047   -0.00026     2.7999     2.8376    14.2792    14.2800    35.8564    35.8560    26.7894    26.7889    1525.25    121.782    123.421         32 0.0000e+00
      20554    856.394    190.613    192.000    14.2394    14.2413   4.317338   4.317505     1.8591     1.5435      98.89   29.46282  -87.23610   -0.00107   -0.00070     2.7996     2.8375    14.2111    14.2130    35.8507    35.8506    26.7999    26.7994    1525.40    121.766    123.416         38 0.0000e+00
      20591    857.914    191.605    193.000    14.2119    14.2112   4.314114   4.313982     1.8582     1.5416      97.80   29.46282  -87.23610   -0.00128   -0.00123     2.7995     2.8347    14.1835    14.1828    35.8459    35.8453    26.8021    26.8018    1525.31    121.761    123.295         34 0.0000e+00
      20624    859.307    192.597    194.000    14.1823    14.1777   4.310756   4.310175     1.8570     1.5409      99.99   29.46282  -87.23610   -0.00086   -0.00109     2.7989     2.8353    14.1538    14.1492    35.8417    35.8406    26.8052    26.8053    1525.22    121.735    123.319         34 0.0000e+00
      20659    860.751    193.590    195.000    14.1518    14.1513   4.307201   4.307121     1.8558     1.5405     100.00   29.46282  -87.23610   -0.00070   -0.00059     2.7983     2.8362    14.1232    14.1227    35.8365    35.8362    26.8077    26.8076    1525.14    121.709    123.358         35 0.0000e+00
      20693    862.164    194.582    196.000    14.1093    14.1110   4.301774   4.301955     1.8542     1.5389     100.00   29.46282  -87.23610   -0.00095   -0.00049     2.7975     2.8356    14.0806    14.0824    35.8295    35.8295    26.8113    26.8110    1525.05    121.676    123.329         32 0.0000e+00
      20751    864.603    196.567    198.000    14.0664    14.0673   4.296771   4.296913     1.8522     1.5365      99.98   29.45779  -87.22121   -0.00088   -0.00097     2.7962     2.8320    14.0375    14.0384    35.8187    35.8182    26.8119    26.8113    1524.61    121.619    123.176         37 0.0000e+00
      20796    866.441    197.559    199.000    14.0679    14.0688   4.297565   4.297662     1.8522     1.5362     100.00   29.46282  -87.23610   -0.00042   -0.00057     2.7962     2.8312    14.0388    14.0398    35.8230    35.8230    26.8152    26.8150    1524.78    121.619    123.141         41 0.0000e+00
