GOMECC/GOMECC-4/1db/drb2103_0281.cnv
* Sea-Bird SBE 9 Data File:
* FileName = C:\Users\scs.user.rb\CTD\GOMECC4\data\rb2103_0281.hex
* Software Version Seasave V 7.26.7.107
* Temperature SN = 4799
* Conductivity SN = 3860
* Number of Bytes Per Scan = 41
* Number of Voltage Words = 4
* Number of Scans Averaged by the Deck Unit = 1
* NMEA Latitude = 27 59.98 N
* NMEA Longitude = 086 37.19 W
* NMEA UTC (Time) = Sep 21 2021  18:09:14
* NMEA baud rate = 4800
# nquan = 28
# nvalues = 201                         
# units = specified
# name 0 = scan: Scan Count
# name 1 = timeS: Time, Elapsed [seconds]
# name 2 = depSM: Depth [salt water, m]
# name 3 = prDM: Pressure, Digiquartz [db]
# name 4 = t090C: Temperature [ITS-90, deg C]
# name 5 = t190C: Temperature, 2 [ITS-90, deg C]
# name 6 = c0S/m: Conductivity [S/m]
# name 7 = c1S/m: Conductivity, 2 [S/m]
# name 8 = sbeox0V: Oxygen raw, SBE 43 [V]
# name 9 = sbeox1V: Oxygen raw, SBE 43, 2 [V]
# name 10 = altM: Altimeter [m]
# name 11 = latitude: Latitude [deg]
# name 12 = longitude: Longitude [deg]
# name 13 = sbox0dV/dT: Oxygen, SBE 43 [dov/dt]
# name 14 = sbox1dV/dT: Oxygen, SBE 43, 2 [dov/dt]
# name 15 = sbeox0ML/L: Oxygen, SBE 43 [ml/l], WS = 5
# name 16 = sbeox1ML/L: Oxygen, SBE 43, 2 [ml/l], WS = 5
# name 17 = potemp090C: Potential Temperature [ITS-90, deg C]
# name 18 = potemp190C: Potential Temperature, 2 [ITS-90, deg C]
# name 19 = sal00: Salinity, Practical [PSU]
# name 20 = sal11: Salinity, Practical, 2 [PSU]
# name 21 = sigma-é00: Density [sigma-theta, kg/m^3]
# name 22 = sigma-é11: Density, 2 [sigma-theta, kg/m^3]
# name 23 = avgsvCM: Average Sound Velocity [Chen-Millero, m/s], minP = 20, minS = 20
# name 24 = sbox0Mm/Kg: Oxygen, SBE 43 [umol/kg], WS = 5
# name 25 = sbox1Mm/Kg: Oxygen, SBE 43, 2 [umol/kg], WS = 5
# name 26 = nbin: number of scans per bin
# name 27 = flag: flag
# span 0 =       8833,      87088       
# span 1 =    367.993,   3628.618       
# span 2 =      4.966,   2960.940       
# span 3 =      5.000,   3002.000       
# span 4 =     4.3611,    29.3045       
# span 5 =     4.3621,    29.3107       
# span 6 =   3.410702,   5.818821       
# span 7 =   3.410644,   5.819306       
# span 8 =     1.7435,     3.1305       
# span 9 =     1.4366,     2.6587       
# span 10 =      10.42,     100.22      
# span 11 =   27.99826,   27.99963      
# span 12 =  -86.62044,  -86.61828      
# span 13 =   -0.03904,    0.03345      
# span 14 =   -0.03639,    0.03439      
# span 15 =     2.5702,     4.6649      
# span 16 =     2.5985,     4.6974      
# span 17 =     4.0816,    29.2964      
# span 18 =     4.0826,    29.3027      
# span 19 =    33.1801,    36.4784      
# span 20 =    33.1971,    36.4788      
# span 21 =    20.8504,    27.7580      
# span 22 =    20.8641,    27.7564      
# span 23 =       0.00,    1543.20      
# span 24 =    111.846,    202.706      
# span 25 =    113.081,    204.121      
# span 26 =         30,         77      
# span 27 = 0.0000e+00, 0.0000e+00      
# interval = decibars: 1                
# start_time = Sep 21 2021 18:09:14 [NMEA time, header]
# bad_flag = -9.990e-29
*END*
[from data line 52]
      11388    474.479     56.613     57.000    26.5087    26.5089   5.664182   5.664384     3.0277     2.5693     100.00   27.99954  -86.61998   -0.00597   -0.00629     4.3612     4.3585    26.4958    26.4959    36.4207    36.4221    23.9493    23.9502    1542.85    190.216    190.097         33 0.0000e+00
      11421    475.851     57.606     58.000    26.4476    26.4471   5.657907   5.658017     3.0261     2.5713     100.00   27.99954  -86.61998   -0.00118   -0.00094     4.3634     4.3676    26.4344    26.4339    36.4232    36.4244    23.9707    23.9717    1542.81    190.309    190.492         32 0.0000e+00
      11454    477.213     58.599     59.000    26.3349    26.3349   5.645019   5.645099     3.0210     2.5684     100.00   27.99954  -86.61998   -0.00089    0.00040     4.3633     4.3705    26.3216    26.3215    36.4183    36.4190    24.0026    24.0031    1542.77    190.298    190.610         33 0.0000e+00
      11488    478.630     59.592     60.000    26.2601    26.2538   5.635564   5.634833     3.0204     2.5716     100.00   27.99954  -86.61998   -0.00272   -0.00023     4.3688     4.3836    26.2465    26.2403    36.4085    36.4081    24.0189    24.0206    1542.72    190.534    191.178         35 0.0000e+00
      11521    480.017     60.585     61.000    26.2084    26.2012   5.628320   5.627357     3.0252     2.5787     100.00   27.99954  -86.61998   -0.00033    0.00207     4.3829     4.4036    26.1947    26.1875    36.3963    36.3949    24.0260    24.0273    1542.67    191.149    192.050         32 0.0000e+00
      11554    481.376     61.578     62.000    26.0992    26.1074   5.613129   5.614357     3.0363     2.5910      86.34   27.99954  -86.61998    0.00374    0.00539     4.4137     4.4376    26.0853    26.0935    36.3717    36.3741    24.0419    24.0411    1542.62    192.488    193.532         33 0.0000e+00
      11587    482.751     62.571     63.000    25.9706    25.9695   5.603581   5.603649     3.0488     2.5986      96.60   27.99954  -86.61998    0.00759    0.00715     4.4477     4.4632    25.9565    25.9554    36.4037    36.4050    24.1064    24.1078    1542.57    193.957    194.633         33 0.0000e+00
      11620    484.129     63.565     64.000    25.8417    25.8416   5.594747   5.594966     3.0324     2.5754     100.01   27.99954  -86.61998    0.00440    0.00210     4.4262     4.4246    25.8274    25.8273    36.4413    36.4429    24.1752    24.1765    1542.52    193.008    192.938         33 0.0000e+00
      11654    485.530     64.558     65.000    25.6429    25.6395   5.572257   5.571391     3.0095     2.5602     100.00   27.99954  -86.61998   -0.00830   -0.00970     4.3988     4.4076    25.6285    25.6251    36.4341    36.4304    24.2316    24.2299    1542.47    191.805    192.188         34 0.0000e+00
      11687    486.926     65.551     66.000    25.1105    25.1074   5.510163   5.509593     2.9960     2.5562     100.00   27.99954  -86.61998   -0.01514   -0.01214     4.4170     4.4405    25.0960    25.0930    36.4010    36.3992    24.3711    24.3707    1542.39    192.569    193.595         33 0.0000e+00
      11720    488.289     66.544     67.000    24.8801    24.8802   5.483723   5.483690     2.9994     2.5566      99.76   27.99952  -86.61998   -0.00806   -0.00408     4.4431     4.4595    24.8655    24.8656    36.3892    36.3888    24.4326    24.4323    1542.31    193.697    194.412         33 0.0000e+00
      11752    489.639     67.537     68.000    24.6328    24.6314   5.455124   5.454889     2.9989     2.5612     100.00   27.99952  -86.61998   -0.00116    0.00021     4.4632     4.4895    24.6181    24.6168    36.3744    36.3737    24.4966    24.4965    1542.22    194.561    195.708         33 0.0000e+00
      11786    491.045     68.530     69.000    24.5029    24.5023   5.440211   5.440286     3.0163     2.5862     100.00   27.99952  -86.61998    0.00399    0.00597     4.5078     4.5543    24.4881    24.4875    36.3671    36.3682    24.5304    24.5313    1542.14    196.499    198.526         34 0.0000e+00
      11820    492.439     69.523     70.000    24.4588    24.4588   5.436937   5.437118     3.0255     2.5808     100.00   27.99952  -86.61998    0.00943    0.01044     4.5308     4.5463    24.4438    24.4438    36.3779    36.3792    24.5519    24.5529    1542.04    197.496    198.172         32 0.0000e+00
      11853    493.815     70.516     71.000    24.1515    24.1502   5.399979   5.399470     2.9982     2.5552     100.00   27.99952  -86.61998    0.00132   -0.00271     4.5040     4.5162    24.1364    24.1351    36.3480    36.3452    24.6215    24.6198    1541.95    196.315    196.846         34 0.0000e+00
      11887    495.230     71.509     72.000    23.8971    23.8969   5.371287   5.371434     2.9922     2.5584     100.00   27.99952  -86.61998   -0.01137   -0.01083     4.5138     4.5435    23.8819    23.8818    36.3373    36.3385    24.6893    24.6903    1541.84    196.728    198.025         34 0.0000e+00
      11919    496.593     72.502     73.000    23.8961    23.8972   5.381401   5.381911     2.9858     2.5445     100.00   27.99952  -86.61998   -0.00760   -0.00445     4.4869     4.4906    23.8855    23.8824    36.4108    36.4141    24.7440    24.7463    1541.76    195.545    195.708         32 0.0000e+00
      11951    497.926     73.495     74.000    23.9063    23.9065   5.384820   5.385076     2.9413     2.4942     100.00   27.99952  -86.61998   -0.01015   -0.01287     4.4107     4.4009    23.8907    23.8909    36.4322    36.4340    24.7586    24.7599    1541.65    192.224    191.795         32 0.0000e+00
      11985    499.338     74.488     75.000    23.9007    23.9007   5.385015   5.385190     2.8985     2.4583     100.00   27.99952  -86.61998   -0.02642   -0.02888     4.3268     4.3233    23.8849    23.8848    36.4379    36.4393    24.7647    24.7658    1541.55    188.565    188.411         36 0.0000e+00
      12021    500.834     75.480     76.000    23.9015    23.9013   5.385571   5.385753     2.8742     2.4484     100.00   27.99952  -86.61998   -0.02777   -0.02222     4.2789     4.3018    23.8855    23.8853    36.4412    36.4428    24.7670    24.7683    1541.45    186.479    187.475         35 0.0000e+00
      12054    502.219     76.474     77.000    23.8420    23.8404   5.379012   5.378836     2.8644     2.4395     100.00   27.99952  -86.61998   -0.01632   -0.00953     4.2646     4.2875    23.8258    23.8242    36.4396    36.4396    24.7836    24.7840    1541.37    185.849    186.848         31 0.0000e+00
      12085    503.506     77.466     78.000    23.5406    23.5472   5.345250   5.344440     2.8509     2.4274     100.00   27.99950  -86.61998   -0.01029   -0.00718     4.2637     4.2849    23.5299    23.5309    36.4241    36.4211    24.8592    24.8566    1541.29    185.799    186.725         32 0.0000e+00
      12119    504.898     78.460     79.000    23.3073    23.3095   5.316774   5.317336     2.8204     2.4021     100.00   27.99950  -86.61998   -0.01289   -0.01195     4.2215     4.2466    23.2899    23.2931    36.4025    36.4042    24.9133    24.9136    1541.17    183.948    185.042         35 0.0000e+00
      12153    506.338     79.452     80.000    23.2537    23.2548   5.310739   5.311109     2.8127     2.3922     100.00   27.99950  -86.61998   -0.01444   -0.01298     4.2104     4.2292    23.2372    23.2382    36.3990    36.4010    24.9260    24.9273    1541.06    183.462    184.281         34 0.0000e+00
      12187    507.738     80.445     81.000    23.1991    23.2012   5.305125   5.305494     2.8055     2.3849     100.00   27.99950  -86.61998   -0.00837   -0.00755     4.2000     4.2176    23.1824    23.1845    36.4004    36.4015    24.9431    24.9433    1540.96    183.009    183.773         33 0.0000e+00
      12220    509.113     81.439     82.000    23.1285    23.1255   5.296029   5.295657     2.7902     2.3759     100.00   27.99950  -86.61998   -0.00682   -0.00579     4.1764     4.2039    23.1116    23.1086    36.3882    36.3877    24.9544    24.9550    1540.86    181.977    183.175         32 0.0000e+00
      12251    510.426     82.431     83.000    22.9110    22.9177   5.268431   5.269012     2.7812     2.3703     100.00   27.99950  -86.61998   -0.00872   -0.00593     4.1762     4.2082    22.8941    22.9008    36.3540    36.3529    24.9916    24.9889    1540.76    181.962    183.358         31 0.0000e+00
      12283    511.748     83.424     84.000    22.6711    22.6749   5.240693   5.240980     2.7798     2.3687     100.00   27.99950  -86.61998   -0.00647   -0.00400     4.1934     4.2231    22.6540    22.6578    36.3370    36.3360    25.0479    25.0461    1540.65    182.700    183.995         33 0.0000e+00
      12317    513.160     84.417     85.000    22.5008    22.5027   5.222270   5.222557     2.7672     2.3525     100.00   27.99950  -86.61998   -0.00429   -0.00459     4.1818     4.2008    22.4836    22.4855    36.3344    36.3351    25.0948    25.0948    1540.54    182.185    183.014         35 0.0000e+00
      12351    514.600     85.410     86.000    22.3944    22.3981   5.211708   5.212102     2.7476     2.3372     100.00   27.99950  -86.61998   -0.00843   -0.00880     4.1504     4.1745    22.3771    22.3808    36.3400    36.3400    25.1294    25.1284    1540.43    180.812    181.861         33 0.0000e+00
      12383    515.932     86.403     87.000    22.3101    22.3119   5.203694   5.204009     2.7298     2.3182     100.00   27.99950  -86.61998   -0.01295   -0.01207     4.1208     4.1383    22.2926    22.2944    36.3472    36.3482    25.1590    25.1592    1540.31    179.519    180.279         31 0.0000e+00
      12415    517.242     87.396     88.000    22.2611    22.2624   5.198657   5.198905     2.7131     2.3023      81.75   27.99950  -86.61998   -0.01333   -0.01285     4.0910     4.1064    22.2435    22.2448    36.3482    36.3490    25.1737    25.1740    1540.20    178.216    178.891         33 0.0000e+00
      12449    518.650     88.389     89.000    22.1810    22.1843   5.190381   5.190769     2.6974     2.2914      91.22   27.99950  -86.61998   -0.01248   -0.01158     4.0653     4.0879    22.1632    22.1665    36.3497    36.3500    25.1977    25.1970    1540.09    177.093    178.080         34 0.0000e+00
      12482    520.036     89.382     90.000    22.0768    22.0795   5.179672   5.180002     2.6813     2.2768     100.10   27.99950  -86.61998   -0.01160   -0.00933     4.0407     4.0629    22.0589    22.0616    36.3522    36.3526    25.2291    25.2286    1539.98    176.019    176.982         32 0.0000e+00
      12514    521.372     90.375     91.000    21.9765    21.9854   5.171134   5.171376     2.6635     2.2601     100.00   27.99950  -86.61998   -0.01180   -0.01017     4.0100     4.0303    21.9568    21.9678    36.3700    36.3700    25.2714    25.2708    1539.87    174.674    175.555         32 0.0000e+00
      12546    522.699     91.368     92.000    21.9014    21.9037   5.165835   5.166103     2.6413     2.2388     100.00   27.99949  -86.61998   -0.01356   -0.01279     3.9716     3.9893    21.8831    21.8854    36.3896    36.3897    25.3070    25.3065    1539.76    172.992    173.764         32 0.0000e+00
      12578    524.053     92.361     93.000    21.8324    21.8355   5.161549   5.161872     2.6162     2.2160     100.00   27.99949  -86.61998   -0.01635   -0.01530     3.9248     3.9423    21.8140    21.8171    36.4133    36.4133    25.3445    25.3437    1539.64    170.951    171.711         33 0.0000e+00
      12611    525.427     93.353     94.000    21.7430    21.7454   5.152052   5.152609     2.5946     2.1941     100.00   27.99948  -86.61998   -0.01742   -0.01652     3.8856     3.8986    21.7213    21.7270    36.4157    36.4162    25.3723    25.3714    1539.54    169.239    169.801         33 0.0000e+00
      12644    526.780     94.347     95.000    21.6633    21.6737   5.144594   5.145696     2.5761     2.1769     100.00   27.99948  -86.61998   -0.01607   -0.01562     3.8551     3.8650    21.6446    21.6550    36.4207    36.4207    25.3976    25.3946    1539.43    167.904    168.338         33 0.0000e+00
      12677    528.155     95.339     96.000    21.5196    21.5234   5.127869   5.128331     2.5573     2.1624     100.00   27.99948  -86.61998   -0.01408   -0.01281     3.8272     3.8431    21.5008    21.5046    36.4085    36.4090    25.4283    25.4277    1539.32    166.686    167.375         33 0.0000e+00
      12710    529.555     96.332     97.000    21.2255    21.2460   5.093286   5.095340     2.5306     2.1372     100.00   27.99948  -86.61998   -0.01473   -0.01245     3.7893     3.7995    21.2066    21.2274    36.3805    36.3775    25.4884    25.4798    1539.20    165.024    165.470         34 0.0000e+00
      12744    530.976     97.325     98.000    20.9475    20.9527   5.061566   5.062076     2.4857     2.0898     100.00   27.99948  -86.61998   -0.02084   -0.02003     3.7209     3.7169    20.9286    20.9339    36.3615    36.3612    25.5504    25.5487    1539.08    162.035    161.862         34 0.0000e+00
      12777    532.333     98.318     99.000    20.8892    20.8899   5.056502   5.056737     2.4333     2.0376     100.00   27.99948  -86.61998   -0.03058   -0.03152     3.6148     3.6003    20.8702    20.8709    36.3700    36.3713    25.5728    25.5736    1538.96    157.413    156.780         31 0.0000e+00
      12809    533.657     99.311    100.000    20.8561    20.8578   5.054593   5.054809     2.3902     1.9999      98.81   27.99948  -86.61998   -0.03571   -0.03515     3.5265     3.5151    20.8370    20.8387    36.3824    36.3827    25.5914    25.5911    1538.84    153.562    153.069         33 0.0000e+00
      12842    535.041    100.304    101.000    20.8338    20.8350   5.052776   5.052987     2.3550     1.9727      82.09   27.99948  -86.61998   -0.03248   -0.02888     3.4539     3.4538    20.8145    20.8157    36.3864    36.3871    25.6005    25.6007    1538.72    150.400    150.398         34 0.0000e+00
      12876    536.438    101.297    102.000    20.7636    20.7708   5.046102   5.046862     2.3337     1.9597     100.01   27.99948  -86.61998   -0.02467   -0.01923     3.4157     3.4295    20.7441    20.7514    36.3940    36.3930    25.6254    25.6227    1538.60    148.736    149.333         32 0.0000e+00
      12908    537.772    102.290    103.000    20.5863    20.5882   5.032424   5.032873     2.3098     1.9367     100.00   27.99948  -86.61998   -0.01803   -0.01314     3.3540     3.3600    20.5667    20.5686    36.4305    36.4306    25.7014    25.7010    1538.49    146.038    146.297         32 0.0000e+00
      12939    539.094    103.282    104.000    20.5577    20.5598   5.030132   5.030386     2.2592     1.8797     100.00   27.99948  -86.61998   -0.02112   -0.02032     3.2691     3.2541    20.5380    20.5401    36.4381    36.4384    25.7150    25.7146    1538.37    142.337    141.685         32 0.0000e+00
      12973    540.480    104.275    105.000    20.5203    20.5218   5.027300   5.027526     2.2002     1.8252      70.14   27.99948  -86.61998   -0.03468   -0.03639     3.1464     3.1294    20.5004    20.5019    36.4469    36.4475    25.7319    25.7319    1538.26    136.995    136.253         34 0.0000e+00
      13006    541.867    105.268    106.000    20.4870    20.4895   5.024701   5.024998     2.1604     1.7963      97.78   27.99948  -86.61998   -0.03904   -0.03637     3.0669     3.0655    20.4670    20.4695    36.4540    36.4543    25.7463    25.7458    1538.14    133.529    133.468         32 0.0000e+00
      13038    543.201    106.261    107.000    20.4172    20.4198   5.018605   5.018903     2.1321     1.7721     100.03   27.99948  -86.61998   -0.03012   -0.02421     3.0081     3.0116    20.3970    20.3996    36.4640    36.4642    25.7727    25.7722    1538.02    130.967    131.118         32 0.0000e+00
