GOMECC/GOMECC-4/1db/drb2103_0381.cnv
* Sea-Bird SBE 9 Data File:
* FileName = C:\Users\scs.user.rb\CTD\GOMECC4\data\rb2103_0381.hex
* Software Version Seasave V 7.26.7.107
* Temperature SN = 4799
* Conductivity SN = 3860
* Number of Bytes Per Scan = 41
* Number of Voltage Words = 4
* Number of Scans Averaged by the Deck Unit = 1
* NMEA Latitude = 27 35.06 N
* NMEA Longitude = 089 59.95 W
* NMEA UTC (Time) = Sep 25 2021  13:55:17
* NMEA baud rate = 4800
# nquan = 28
# nvalues = 398                         
# units = specified
# name 0 = scan: Scan Count
# name 1 = timeS: Time, Elapsed [seconds]
# name 2 = depSM: Depth [salt water, m]
# name 3 = prDM: Pressure, Digiquartz [db]
# name 4 = t090C: Temperature [ITS-90, deg C]
# name 5 = t190C: Temperature, 2 [ITS-90, deg C]
# name 6 = c0S/m: Conductivity [S/m]
# name 7 = c1S/m: Conductivity, 2 [S/m]
# name 8 = sbeox0V: Oxygen raw, SBE 43 [V]
# name 9 = sbeox1V: Oxygen raw, SBE 43, 2 [V]
# name 10 = altM: Altimeter [m]
# name 11 = latitude: Latitude [deg]
# name 12 = longitude: Longitude [deg]
# name 13 = sbox0dV/dT: Oxygen, SBE 43 [dov/dt]
# name 14 = sbox1dV/dT: Oxygen, SBE 43, 2 [dov/dt]
# name 15 = sbeox0ML/L: Oxygen, SBE 43 [ml/l], WS = 5
# name 16 = sbeox1ML/L: Oxygen, SBE 43, 2 [ml/l], WS = 5
# name 17 = potemp090C: Potential Temperature [ITS-90, deg C]
# name 18 = potemp190C: Potential Temperature, 2 [ITS-90, deg C]
# name 19 = sal00: Salinity, Practical [PSU]
# name 20 = sal11: Salinity, Practical, 2 [PSU]
# name 21 = sigma-é00: Density [sigma-theta, kg/m^3]
# name 22 = sigma-é11: Density, 2 [sigma-theta, kg/m^3]
# name 23 = avgsvCM: Average Sound Velocity [Chen-Millero, m/s], minP = 20, minS = 20
# name 24 = sbox0Mm/Kg: Oxygen, SBE 43 [umol/kg], WS = 5
# name 25 = sbox1Mm/Kg: Oxygen, SBE 43, 2 [umol/kg], WS = 5
# name 26 = nbin: number of scans per bin
# name 27 = flag: flag
# span 0 =      18314,     517440       
# span 1 =    763.024,  21558.815       
# span 2 =      6.953,   1233.068       
# span 3 =      4.000,   1245.000       
# span 4 =     4.5040,   803.6935       
# span 5 =     4.5041,   803.7078       
# span 6 =   3.352007, 165.024629       
# span 7 =   3.351944, 165.029541       
# span 8 =     1.6113,    78.5906       
# span 9 =     1.3175,    74.7833       
# span 10 =       9.82,    1122.31      
# span 11 =   27.41954,  778.18748      
# span 12 =-2538.87616,  -89.45764      
# span 13 =   -0.03294,    0.02718      
# span 14 =   -0.03176,    0.02519      
# span 15 =     2.5891,   109.7491      
# span 16 =     2.6229,   123.0076      
# span 17 =     4.4022,   803.6529      
# span 18 =     4.4023,   803.6672      
# span 19 =    34.9002,  1021.7318      
# span 20 =    34.8996,  1021.7550      
# span 21 =    23.0105,   653.0711      
# span 22 =    23.0109,   653.0841      
# span 23 =       0.00,    1562.54      
# span 24 =    112.625,   4790.488      
# span 25 =    114.094,   5369.228      
# span 26 =         30,         69      
# span 27 = 0.0000e+00, 0.0000e+00      
# interval = decibars: 1                
# start_time = Sep 25 2021 13:55:17 [NMEA time, header]
# bad_flag = -9.990e-29
*END*
[from data line 259]
      39251   1635.409    713.004    719.000     6.8662     6.8670   3.539729   3.539747     1.6570     1.3605      99.61   27.58804  -89.99637    0.00058    0.00056     2.9646     3.0028     6.7971     6.7979    34.9052    34.9045    27.3721    27.3715    1509.07    128.872    130.532         47 0.0000e+00
      39375   1640.588    717.953    724.000     6.7974     6.7975   3.533367   3.533310     1.6582     1.3622      99.90   27.58653  -89.99137    0.00008    0.00027     2.9759     3.0163     6.7282     6.7283    34.9020    34.9014    27.3790    27.3785    1508.85    129.363    131.117         32 0.0000e+00
      39415   1642.266    718.943    725.000     6.7949     6.7948   3.533408   3.533327     1.6600     1.3644     100.00   27.58890  -89.99910    0.00022    0.00064     2.9820     3.0241     6.7256     6.7255    34.9048    34.9041    27.3817    27.3811    1508.95    129.627    131.457         38 0.0000e+00
      39535   1647.262    723.893    730.000     6.7275     6.7289   3.527048   3.527138     1.6641     1.3680      66.31   27.58669  -89.99181    0.00064    0.00048     3.0027     3.0443     6.6581     6.6595    34.9030    34.9022    27.3894    27.3886    1508.69    130.526    132.334         38 0.0000e+00
      39576   1648.942    724.883    731.000     6.7234     6.7215   3.526988   3.526745     1.6656     1.3689      99.20   27.58894  -89.99910    0.00071    0.00041     3.0080     3.0480     6.6539     6.6520    34.9035    34.9028    27.3903    27.3900    1508.79    130.754    132.493         33 0.0000e+00
      39702   1654.189    729.832    736.000     6.7092     6.7099   3.526078   3.526070     1.6690     1.3724     100.01   27.59038  -90.00374    0.00049    0.00055     3.0218     3.0628     6.6393     6.6400    34.9056    34.9048    27.3940    27.3933    1508.74    131.356    133.136         36 0.0000e+00
      39807   1658.573    733.791    740.000     6.6763     6.6770   3.523131   3.523118     1.6696     1.3724     100.00   27.58951  -90.00082    0.00011    0.00000     3.0278     3.0673     6.6062     6.6069    34.9043    34.9035    27.3974    27.3967    1508.58    131.618    133.331         31 0.0000e+00
      39912   1662.966    737.751    744.000     6.6635     6.6649   3.522279   3.522297     1.6724     1.3743     100.00   27.59017  -90.00290    0.00061    0.00049     3.0390     3.0766     6.5930     6.5944    34.9049    34.9041    27.3997    27.3989    1508.52    132.105    133.738         36 0.0000e+00
      40009   1667.017    741.710    748.000     6.6114     6.6123   3.517280   3.517288     1.6729     1.3761     100.00   27.58791  -89.99547    0.00017    0.00036     3.0469     3.0884     6.5408     6.5417    34.9014    34.9006    27.4039    27.4031    1508.29    132.445    134.249         31 0.0000e+00
      40328   1680.274    753.588    760.000     6.5421     6.5417   3.511530   3.511417     1.6800     1.3822     100.00   27.58913  -89.99924    0.00045    0.00041     3.0800     3.1202     6.4708     6.4703    34.9023    34.9016    27.4140    27.4135    1508.04    133.884    135.632         30 0.0000e+00
      40617   1692.324    764.475    771.000     6.4703     6.4715   3.505444   3.505467     1.6826     1.3847     100.00   27.58933  -89.99968    0.00028    0.00034     3.0987     3.1391     6.3983     6.3994    34.9021    34.9013    27.4235    27.4227    1507.78    134.693    136.450         34 0.0000e+00
      40741   1697.508    769.423    776.000     6.4423     6.4420   3.502903   3.502800     1.6873     1.3896     100.00   27.58793  -89.99504    0.00102    0.00110     3.1185     3.1608     6.3699     6.3697    34.9002    34.8996    27.4257    27.4253    1507.58    135.555    137.392         37 0.0000e+00
      40779   1699.081    770.413    777.000     6.4418     6.4421   3.503037   3.502989     1.6878     1.3907     100.00   27.58916  -89.99906    0.00079    0.00079     3.1205     3.1649     6.3694     6.3697    34.9018    34.9009    27.4270    27.4264    1507.63    135.642    137.573         31 0.0000e+00
      40871   1702.908    774.371    781.000     6.4268     6.4270   3.501757   3.501712     1.6894     1.3909     100.00   27.58836  -89.99638    0.00035    0.00007     3.1286     3.1688     6.3540     6.3542    34.9008    34.9001    27.4283    27.4277    1507.49    135.991    137.739         31 0.0000e+00
      40904   1704.292    775.361    782.000     6.4258     6.4260   3.501811   3.501759     1.6897     1.3914     100.00   27.58920  -89.99906    0.00034    0.00012     3.1300     3.1709     6.3529     6.3531    34.9020    34.9013    27.4294    27.4288    1507.51    136.054    137.833         31 0.0000e+00
      41185   1715.987    786.247    793.000     6.3899     6.3905   3.498875   3.498857     1.6927     1.3931     100.00   27.58803  -89.99509    0.00038    0.00021     3.1471     3.1843     6.3162     6.3168    34.9004    34.8996    27.4329    27.4323    1507.19    136.796    138.413         34 0.0000e+00
      41220   1717.449    787.237    794.000     6.3889     6.3898   3.498948   3.498963     1.6931     1.3932      88.51   27.58924  -89.99904    0.00034   -0.00008     3.1488     3.1852     6.3150     6.3160    34.9020    34.9012    27.4344    27.4336    1507.22    136.872    138.452         31 0.0000e+00
      41315   1721.419    791.195    798.000     6.3758     6.3763   3.497862   3.497834     1.6932     1.3944      97.72   27.58830  -89.99592    0.00005    0.00036     3.1520     3.1921     6.3016     6.3021    34.9010    34.9002    27.4354    27.4346    1507.08    137.009    138.751         30 0.0000e+00
      41346   1722.725    792.184    799.000     6.3739     6.3745   3.497813   3.497809     1.6933     1.3946      97.66   27.58926  -89.99904    0.00004    0.00028     3.1527     3.1934     6.2997     6.3003    34.9021    34.9014    27.4365    27.4359    1507.11    137.037    138.810         30 0.0000e+00
      41477   1728.154    797.132    804.000     6.3239     6.3242   3.493563   3.493516     1.6943     1.3952     100.00   27.58942  -89.99948    0.00017    0.00006     3.1624     3.2020     6.2495     6.2498    34.9033    34.9024    27.4440    27.4433    1507.01    137.459    139.182         30 0.0000e+00
      41578   1732.370    801.091    808.000     6.3041     6.3043   3.491812   3.491757     1.6967     1.3979     100.00   27.58856  -89.99661    0.00062    0.00075     3.1736     3.2147     6.2294     6.2296    34.9019    34.9011    27.4455    27.4449    1506.87    137.948    139.734         31 0.0000e+00
      41712   1737.965    806.038    813.000     6.2594     6.2600   3.488200   3.488187     1.7001     1.4016     100.00   27.58975  -90.00042    0.00062    0.00069     3.1904     3.2336     6.1845     6.1851    34.9049    34.9041    27.4538    27.4531    1506.82    138.676    140.552         30 0.0000e+00
      41970   1748.710    815.933    823.000     6.2037     6.2044   3.483589   3.483583     1.7051     1.4062     100.00   27.58905  -89.99801    0.00049    0.00066     3.2156     3.2590     6.1281     6.1288    34.9053    34.9045    27.4614    27.4607    1506.57    139.771    141.657         32 0.0000e+00
      42098   1754.026    820.880    828.000     6.1933     6.1936   3.482843   3.482802     1.7075     1.4078     100.00   27.58915  -89.99823    0.00038    0.00039     3.2266     3.2675     6.1173     6.1177    34.9051    34.9043    27.4626    27.4620    1506.46    140.249    142.028         31 0.0000e+00
      42647   1776.922    841.657    849.000     6.0790     6.0793   3.473464   3.473434     1.7203     1.4201     100.00   27.58989  -90.00035    0.00071    0.00074     3.2872     3.3301     6.0017     6.0020    34.9068    34.9061    27.4788    27.4783    1506.06    142.882    144.746         30 0.0000e+00
      42776   1782.291    846.604    854.000     6.0763     6.0767   3.473485   3.473448     1.7218     1.4210      88.54   27.59014  -90.00110    0.00018    0.00017     3.2945     3.3357     5.9986     5.9989    34.9073    34.9066    27.4797    27.4790    1505.98    143.198    144.988         31 0.0000e+00
      43295   1803.923    866.389    874.000     5.9448     5.9453   3.462569   3.462551     1.7296     1.4291     100.00   27.58968  -89.99934    0.00075    0.00090     3.3409     3.3851     5.8660     5.8665    34.9095    34.9088    27.4983    27.4977    1505.55    145.212    147.135         31 0.0000e+00
      43453   1810.519    872.325    880.000     5.9299     5.9303   3.461465   3.461437     1.7339     1.4324      98.95   27.58957  -89.99893    0.00059    0.00036     3.3590     3.4011     5.8506     5.8510    34.9095    34.9087    27.5002    27.4996    1505.43    145.996    147.828         34 0.0000e+00
      43578   1815.708    877.270    885.000     5.8782     5.8791   3.456902   3.456912     1.7357     1.4339     100.00   27.58837  -89.99488    0.00026    0.00043     3.3721     3.4136     5.7987     5.7996    34.9086    34.9078    27.5060    27.5052    1505.26    146.565    148.371         33 0.0000e+00
      43614   1817.208    878.260    886.000     5.8703     5.8708   3.456391   3.456372     1.7376     1.4355     100.00   27.58964  -89.99904    0.00069    0.00084     3.3797     3.4207     5.7908     5.7913    34.9103    34.9095    27.5084    27.5077    1505.31    146.895    148.680         32 0.0000e+00
      44134   1838.872    898.042    906.000     5.7833     5.7840   3.449556   3.449547     1.7495     1.4469     100.00   27.59000  -89.99990    0.00076    0.00062     3.4360     3.4786     5.7025     5.7031    34.9128    34.9121    27.5214    27.5208    1504.96    149.342    151.194         30 0.0000e+00
      44601   1858.324    915.844    924.000     5.6972     5.6976   3.442645   3.442611     1.7591     1.4566     100.00   27.58935  -89.99758    0.00079    0.00063     3.4842     3.5301     5.6152     5.6156    34.9145    34.9137    27.5336    27.5329    1504.60    151.435    153.429         32 0.0000e+00
      44729   1863.676    920.789    929.000     5.6732     5.6736   3.440737   3.440700     1.7625     1.4594     100.00   27.58935  -89.99749    0.00065    0.00066     3.5002     3.5449     5.5909     5.5913    34.9151    34.9143    27.5371    27.5364    1504.51    152.131    154.072         33 0.0000e+00
      44762   1865.055    921.778    930.000     5.6670     5.6677   3.440290   3.440278     1.7634     1.4602     100.00   27.58982  -89.99904    0.00082    0.00068     3.5042     3.5486     5.5847     5.5853    34.9160    34.9152    27.5386    27.5379    1504.52    152.304    154.234         30 0.0000e+00
      44860   1869.145    925.734    934.000     5.6513     5.6512   3.439029   3.438952     1.7657     1.4623     100.00   27.58921  -89.99700    0.00058    0.00051     3.5155     3.5598     5.5687     5.5686    34.9159    34.9151    27.5404    27.5398    1504.42    152.792    154.719         32 0.0000e+00
      44989   1874.502    930.679    939.000     5.5974     5.5983   3.434446   3.434450     1.7684     1.4652      99.87   27.58897  -89.99615    0.00051    0.00048     3.5320     3.5777     5.5147     5.5156    34.9170    34.9160    27.5479    27.5471    1504.32    153.509    155.498         30 0.0000e+00
      45022   1875.887    931.668    940.000     5.5882     5.5887   3.433761   3.433739     1.7700     1.4669      99.62   27.58986  -89.99904    0.00062    0.00084     3.5387     3.5853     5.5055     5.5060    34.9182    34.9174    27.5500    27.5494    1504.35    153.801    155.828         32 0.0000e+00
      45120   1879.945    935.623    944.000     5.5682     5.5690   3.432128   3.432131     1.7756     1.4727      88.05   27.58938  -89.99740    0.00141    0.00144     3.5615     3.6103     5.4852     5.4860    34.9183    34.9175    27.5526    27.5518    1504.26    154.790    156.912         30 0.0000e+00
      45151   1881.259    936.612    945.000     5.5549     5.5565   3.431047   3.431120     1.7766     1.4737      76.63   27.58988  -89.99904    0.00109    0.00120     3.5666     3.6158     5.4719     5.4735    34.9193    34.9185    27.5550    27.5542    1504.27    155.013    157.151         31 0.0000e+00
      45308   1887.789    942.546    951.000     5.4677     5.4689   3.423701   3.423750     1.7878     1.4845     100.00   27.58987  -89.99893    0.00232    0.00255     3.6161     3.6669     5.3848     5.3860    34.9213    34.9204    27.5672    27.5664    1504.16    157.164    159.369         31 0.0000e+00
      45465   1894.326    948.479    957.000     5.4463     5.4470   3.421911   3.421902     1.7962     1.4910     100.00   27.58922  -89.99670    0.00094    0.00068     3.6494     3.6957     5.3630     5.3637    34.9216    34.9207    27.5700    27.5692    1504.02    158.608    160.621         31 0.0000e+00
      45498   1895.694    949.467    958.000     5.4372     5.4381   3.421244   3.421236     1.7972     1.4921     100.00   27.58994  -89.99904    0.00074    0.00058     3.6539     3.7009     5.3539     5.3547    34.9229    34.9219    27.5722    27.5713    1504.04    158.803    160.847         31 0.0000e+00
      45626   1901.046    954.412    963.000     5.4204     5.4209   3.419996   3.419973     1.8006     1.4945      88.49   27.59002  -89.99922    0.00078    0.00053     3.6698     3.7138     5.3367     5.3372    34.9235    34.9228    27.5747    27.5741    1503.96    159.494    161.409         37 0.0000e+00
      45754   1906.355    959.355    968.000     5.3796     5.3799   3.416553   3.416511     1.8031     1.4976     100.00   27.58939  -89.99710    0.00042    0.00078     3.6848     3.7320     5.2957     5.2960    34.9240    34.9232    27.5800    27.5794    1503.85    160.145    162.196         30 0.0000e+00
      45785   1907.682    960.344    969.000     5.3781     5.3784   3.416520   3.416487     1.8042     1.4992     100.00   27.58998  -89.99904    0.00062    0.00091     3.6891     3.7385     5.2941     5.2944    34.9248    34.9240    27.5809    27.5802    1503.86    160.334    162.479         30 0.0000e+00
      45940   1914.113    966.277    975.000     5.3574     5.3579   3.414901   3.414868     1.8087     1.5020     100.00   27.58924  -89.99651    0.00056    0.00035     3.7093     3.7540     5.2730     5.2735    34.9247    34.9238    27.5833    27.5825    1503.72    161.211    163.154         31 0.0000e+00
      45973   1915.517    967.266    976.000     5.3533     5.3536   3.414660   3.414622     1.8096     1.5030     100.00   27.59002  -89.99904    0.00057    0.00034     3.7133     3.7586     5.2689     5.2692    34.9257    34.9249    27.5846    27.5839    1503.75    161.383    163.351         33 0.0000e+00
      46101   1920.813    972.209    981.000     5.3235     5.3239   3.412292   3.412250     1.8117     1.5050      94.65   27.58974  -89.99805    0.00032    0.00023     3.7263     3.7715     5.2388     5.2392    34.9263    34.9254    27.5887    27.5879    1503.66    161.948    163.911         31 0.0000e+00
      46260   1927.460    978.141    987.000     5.2962     5.2969   3.410083   3.410066     1.8165     1.5093      61.80   27.58979  -89.99814    0.00085    0.00045     3.7480     3.7928     5.2112     5.2119    34.9271    34.9261    27.5926    27.5918    1503.56    162.893    164.839         32 0.0000e+00
      46293   1928.837    979.130    988.000     5.2827     5.2837   3.408973   3.408977     1.8170     1.5096      96.68   27.59008  -89.99902    0.00065    0.00011     3.7516     3.7959     5.1977     5.1987    34.9278    34.9269    27.5948    27.5940    1503.56    163.049    164.971         31 0.0000e+00
      46422   1934.225    984.074    993.000     5.2567     5.2566   3.406953   3.406881     1.8223     1.5150     100.00   27.59064  -90.00078    0.00105    0.00095     3.7750     3.8210     5.1713     5.1713    34.9293    34.9285    27.5991    27.5985    1503.51    164.064    166.064         36 0.0000e+00
