GOMECC/GOMECC-4/1db/drb2103_0141.cnv
* Sea-Bird SBE 9 Data File:
* FileName = C:\Users\scs.user.rb\CTD\GOMECC4\data\rb2103_0141.hex
* Software Version Seasave V 7.26.7.107
* Temperature SN = 4799
* Conductivity SN = 3860
* Number of Bytes Per Scan = 41
* Number of Voltage Words = 4
* Number of Scans Averaged by the Deck Unit = 1
* NMEA Latitude = 27 06.71 N
* NMEA Longitude = 084 20.03 W
* NMEA UTC (Time) = Sep 18 2021  23:46:35
* NMEA baud rate = 4800
# nquan = 28
# nvalues = 114                         
# units = specified
# name 0 = scan: Scan Count
# name 1 = timeS: Time, Elapsed [seconds]
# name 2 = depSM: Depth [salt water, m]
# name 3 = prDM: Pressure, Digiquartz [db]
# name 4 = t090C: Temperature [ITS-90, deg C]
# name 5 = t190C: Temperature, 2 [ITS-90, deg C]
# name 6 = c0S/m: Conductivity [S/m]
# name 7 = c1S/m: Conductivity, 2 [S/m]
# name 8 = sbeox0V: Oxygen raw, SBE 43 [V]
# name 9 = sbeox1V: Oxygen raw, SBE 43, 2 [V]
# name 10 = altM: Altimeter [m]
# name 11 = latitude: Latitude [deg]
# name 12 = longitude: Longitude [deg]
# name 13 = sbox0dV/dT: Oxygen, SBE 43 [dov/dt]
# name 14 = sbox1dV/dT: Oxygen, SBE 43, 2 [dov/dt]
# name 15 = sbeox0ML/L: Oxygen, SBE 43 [ml/l], WS = 5
# name 16 = sbeox1ML/L: Oxygen, SBE 43, 2 [ml/l], WS = 5
# name 17 = potemp090C: Potential Temperature [ITS-90, deg C]
# name 18 = potemp190C: Potential Temperature, 2 [ITS-90, deg C]
# name 19 = sal00: Salinity, Practical [PSU]
# name 20 = sal11: Salinity, Practical, 2 [PSU]
# name 21 = sigma-é00: Density [sigma-theta, kg/m^3]
# name 22 = sigma-é11: Density, 2 [sigma-theta, kg/m^3]
# name 23 = avgsvCM: Average Sound Velocity [Chen-Millero, m/s], minP = 20, minS = 20
# name 24 = sbox0Mm/Kg: Oxygen, SBE 43 [umol/kg], WS = 5
# name 25 = sbox1Mm/Kg: Oxygen, SBE 43, 2 [umol/kg], WS = 5
# name 26 = nbin: number of scans per bin
# name 27 = flag: flag
# span 0 =      10384,      16392       
# span 1 =    432.624,    682.943       
# span 2 =      4.967,    124.139       
# span 3 =      5.000,    125.000       
# span 4 =    16.6554,    29.1540       
# span 5 =    16.6667,    29.1549       
# span 6 =   4.598172,   5.858208       
# span 7 =   4.599645,   5.858592       
# span 8 =     1.8541,     3.2790       
# span 9 =     1.5383,     2.8078       
# span 10 =      10.39,     100.28      
# span 11 =   27.10345,   27.11203      
# span 12 =  -84.33354,  -84.30671      
# span 13 =   -0.04444,    0.00895      
# span 14 =   -0.04270,    0.00886      
# span 15 =     2.6176,     4.8872      
# span 16 =     2.6580,     4.9175      
# span 17 =    16.6349,    29.1459      
# span 18 =    16.6463,    29.1468      
# span 19 =    34.9851,    36.5817      
# span 20 =    34.9865,    36.5829      
# span 21 =    22.0360,    26.5294      
# span 22 =    22.0376,    26.5288      
# span 23 =       0.00,    1544.05      
# span 24 =    113.879,    213.150      
# span 25 =    115.636,    214.471      
# span 26 =         30,         65      
# span 27 = 0.0000e+00, 0.0000e+00      
# interval = decibars: 1                
# start_time = Sep 18 2021 23:46:35 [NMEA time, header]
# bad_flag = -9.990e-29
*END*
[from data line 52]
      13054    543.870     56.617     57.000    22.9205    22.9208   5.259231   5.259363     3.0043     2.5744      77.44   27.11202  -84.33344   -0.01353   -0.00992     4.6149     4.6510    22.9088    22.9091    36.2836    36.2844    24.9339    24.9345    1541.53    201.087    202.662         33 0.0000e+00
      13085    545.153     57.610     58.000    22.5012    22.5026   5.210550   5.210459     2.9935     2.5657      76.63   27.11202  -84.33344   -0.00826   -0.00573     4.6259     4.6599    22.4895    22.4909    36.2515    36.2497    25.0301    25.0283    1541.35    201.553    203.034         30 0.0000e+00
      13116    546.461     58.603     59.000    22.2269    22.2272   5.182167   5.182357     2.9638     2.5323      75.62   27.11202  -84.33344   -0.01269   -0.01127     4.5903     4.6157    22.2151    22.2154    36.2570    36.2583    25.1125    25.1134    1541.15    199.981    201.088         33 0.0000e+00
      13149    547.839     59.596     60.000    22.1604    22.1610   5.175926   5.176246     2.9399     2.5127      74.53   27.11202  -84.33344   -0.01714   -0.01689     4.5520     4.5771    22.1484    22.1490    36.2632    36.2652    25.1361    25.1374    1540.96    198.307    199.399         33 0.0000e+00
      13183    549.233     60.589     61.000    22.1061    22.1061   5.171345   5.171547     2.9184     2.4998      73.62   27.11202  -84.33344   -0.01767   -0.01559     4.5129     4.5527    22.0939    22.0939    36.2721    36.2737    25.1583    25.1595    1540.77    196.599    198.333         34 0.0000e+00
      13217    550.666     61.583     62.000    22.0474    22.0451   5.165883   5.165785     2.9024     2.4875      72.56   27.11202  -84.33344   -0.01475   -0.01033     4.4854     4.5301    22.0351    22.0328    36.2778    36.2789    25.1792    25.1807    1540.59    195.397    197.347         34 0.0000e+00
      13249    551.992     62.575     63.000    21.9553    21.9542   5.156269   5.156196     2.8877     2.4718      71.63   27.11202  -84.33343   -0.01203   -0.00923     4.4635     4.5025    21.9428    21.9417    36.2786    36.2790    25.2058    25.2065    1540.41    194.437    196.136         31 0.0000e+00
      13280    553.293     63.569     64.000    21.5352    21.5349   5.113587   5.113472     2.8637     2.4478      70.71   27.11202  -84.33342   -0.01302   -0.01181     4.4476     4.4792    21.5227    21.5224    36.2926    36.2919    25.3340    25.3335    1540.23    193.722    195.100         32 0.0000e+00
      13313    554.665     64.562     65.000    21.3156    21.3135   5.093527   5.093697     2.7924     2.3646      69.69   27.11202  -84.33342   -0.02702   -0.02844     4.3211     4.3102    21.3030    21.3008    36.3159    36.3175    25.4127    25.4145    1540.03    188.197    187.722         34 0.0000e+00
      13347    556.092     65.555     66.000    21.2753    21.2793   5.089852   5.090419     2.7440     2.3281      68.67   27.11202  -84.33342   -0.03819   -0.03947     4.2230     4.2283    21.2624    21.2664    36.3219    36.3231    25.4285    25.4283    1539.84    183.920    184.153         33 0.0000e+00
      13379    557.432     66.548     67.000    21.2394    21.2379   5.086616   5.086628     2.7123     2.3043      67.79   27.11202  -84.33342   -0.03749   -0.03418     4.1657     4.1820    21.2281    21.2250    36.3246    36.3261    25.4401    25.4416    1539.65    181.422    182.136         31 0.0000e+00
      13411    558.745     67.541     68.000    21.0749    21.0720   5.069318   5.069187     2.6856     2.2805      66.71   27.11202  -84.33342   -0.02644   -0.02136     4.1118     4.1291    21.0618    21.0589    36.3262    36.3276    25.4870    25.4889    1539.47    179.070    179.822         33 0.0000e+00
      13446    560.195     68.534     69.000    20.9848    20.9820   5.059843   5.059474     2.6515     2.2478      65.72   27.11202  -84.33342   -0.02175   -0.01904     4.0540     4.0676    20.9715    20.9687    36.3262    36.3256    25.5117    25.5120    1539.28    176.548    177.138         35 0.0000e+00
      13478    561.561     69.527     70.000    20.6047    20.6041   5.022209   5.022250     2.6062     2.2011      64.91   27.11202  -84.33342   -0.02446   -0.02291     3.9882     3.9869    20.5914    20.5908    36.3456    36.3465    25.6300    25.6309    1539.09    173.664    173.607         31 0.0000e+00
      13509    562.820     70.520     71.000    20.5697    20.5696   5.018929   5.019119     2.5291     2.1247      63.84   27.11202  -84.33342   -0.03631   -0.03706     3.8286     3.8125    20.5562    20.5562    36.3486    36.3502    25.6418    25.6430    1538.90    166.709    166.008         31 0.0000e+00
      13542    564.223     71.513     72.000    20.5156    20.5158   5.014158   5.014320     2.4876     2.0947      62.79   27.11202  -84.33340   -0.04444   -0.04270     3.7447     3.7464    20.5020    20.5022    36.3558    36.3569    25.6619    25.6627    1538.72    163.055    163.128         36 0.0000e+00
      13577    565.666     72.506     73.000    20.4198    20.4198   5.008263   5.008404     2.4499     2.0660      61.80   27.11202  -84.33340   -0.03742   -0.03026     3.6715     3.6859    20.4060    20.4060    36.3897    36.3909    25.7137    25.7145    1538.53    159.857    160.484         32 0.0000e+00
      13608    566.939     73.500     74.000    20.2406    20.2443   4.990337   4.990817     2.4061     2.0193      60.84   27.11202  -84.33340   -0.02954   -0.02424     3.5673     3.5667    20.2267    20.2304    36.3969    36.3977    25.7673    25.7669    1538.37    155.314    155.288         31 0.0000e+00
      13640    568.308     74.493     75.000    20.1706    20.1736   4.982487   4.983000     2.3588     1.9800      59.87   27.11202  -84.33340   -0.03212   -0.03015     3.4955     3.5014    20.1566    20.1595    36.3927    36.3943    25.7828    25.7833    1538.17    152.185    152.442         35 0.0000e+00
      13676    569.785     75.486     76.000    20.1335    20.1339   4.978125   4.978281     2.3240     1.9533      58.90   27.11202  -84.33340   -0.03239   -0.02858     3.4247     3.4424    20.1193    20.1197    36.3885    36.3895    25.7895    25.7902    1537.99    149.103    149.872         33 0.0000e+00
      13736    572.290     77.472     78.000    20.0541    20.0536   4.972505   4.972659     2.2881     1.9242      56.99   27.10898  -84.32396   -0.01650   -0.01271     3.3535     3.3795    20.0395    20.0390    36.4088    36.4105    25.8260    25.8274    1537.47    145.998    147.127         34 0.0000e+00
      13774    573.862     78.465     79.000    20.1575    20.1548   4.992866   4.992653     2.2721     1.9096      55.83   27.11202  -84.33340   -0.01289   -0.01105     3.3116     3.3379    20.1427    20.1401    36.4879    36.4884    25.8592    25.8603    1537.48    144.167    145.313         37 0.0000e+00
      13807    575.232     79.458     80.000    20.1663    20.1668   4.994861   4.995090     2.2552     1.8939      55.00   27.11202  -84.33340   -0.01183   -0.01087     3.2752     3.3005    20.1513    20.1518    36.4963    36.4977    25.8633    25.8643    1537.32    142.582    143.685         30 0.0000e+00
      13836    576.474     80.451     81.000    20.1553    20.1555   4.995507   4.995689     2.2426     1.8830      54.13   27.11202  -84.33340   -0.01138   -0.01047     3.2491     3.2759    20.1401    20.1403    36.5107    36.5120    25.8773    25.8782    1537.16    141.443    142.609         31 0.0000e+00
      13871    577.903     81.444     82.000    20.1106    20.1109   4.992811   4.992713     2.2293     1.8728      52.90   27.11202  -84.33340   -0.01057   -0.00911     3.2274     3.2574    20.1074    20.0964    36.5165    36.5173    25.8905    25.8915    1537.01    140.499    141.805         36 0.0000e+00
      13904    579.310     82.437     83.000    20.0960    20.0956   4.996336   4.996397     2.2164     1.8605      52.06   27.11202  -84.33340   -0.00942   -0.00780     3.1950     3.2242    20.0830    20.0805    36.5661    36.5669    25.9348    25.9355    1536.87    139.082    140.355         31 0.0000e+00
      13935    580.564     83.430     84.000    20.0448    20.0457   4.991914   4.992120     2.2068     1.8545      51.14   27.11202  -84.33340   -0.00886   -0.00754     3.1794     3.2154    20.0291    20.0300    36.5760    36.5769    25.9567    25.9572    1536.72    138.400    139.968         31 0.0000e+00
      13968    581.965     84.423     85.000    19.9727    19.9735   4.983676   4.983867     2.1978     1.8460      50.00   27.11202  -84.33340   -0.00783   -0.00620     3.1654     3.2003    19.9569    19.9577    36.5704    36.5713    25.9717    25.9721    1536.57    137.786    139.307         36 0.0000e+00
      14004    583.456     85.416     86.000    19.9421    19.9435   4.980214   4.980466     2.1901     1.8360      49.11   27.11202  -84.33339   -0.00632   -0.00588     3.1534     3.1818    19.9261    19.9275    36.5687    36.5699    25.9785    25.9791    1536.44    137.265    138.499         34 0.0000e+00
      14065    585.991     87.402     88.000    19.8930    19.8932   4.975815   4.975945     2.1784     1.8275      47.13   27.10969  -84.32612   -0.00470   -0.00447     3.1297     3.1625    19.8767    19.8769    36.5727    36.5736    25.9944    25.9951    1536.03    136.229    137.660         33 0.0000e+00
      14099    587.425     88.395     89.000    19.8965    19.8986   4.976785   4.977255     2.1732     1.8238      46.24   27.11202  -84.33338   -0.00430   -0.00293     3.1186     3.1538    19.8800    19.8821    36.5784    36.5805    25.9982    25.9992    1536.03    135.746    137.281         34 0.0000e+00
      14134    588.875     89.388     90.000    19.9014    19.9027   4.977747   4.978018     2.1697     1.8215      45.07   27.11202  -84.33338   -0.00366   -0.00231     3.1112     3.1484    19.8847    19.8860    36.5817    36.5829    25.9995    26.0000    1535.89    135.424    137.044         35 0.0000e+00
      14167    590.245     90.381     91.000    19.8777    19.8798   4.975211   4.975554     2.1674     1.8194      44.22   27.11202  -84.33338   -0.00250   -0.00179     3.1080     3.1452    19.8608    19.8630    36.5811    36.5820    26.0053    26.0055    1535.77    135.285    136.903         30 0.0000e+00
      14197    591.498     91.374     92.000    19.8539    19.8542   4.972589   4.972691     2.1641     1.8161      43.36   27.11202  -84.33338   -0.00201   -0.00181     3.1028     3.1394    19.8367    19.8373    36.5799    36.5805    26.0108    26.0112    1535.64    135.059    136.651         31 0.0000e+00
      14230    592.863     92.367     93.000    19.7841    19.7859   4.964709   4.964973     2.1593     1.8121      42.17   27.11202  -84.33338   -0.00252   -0.00228     3.0973     3.1345    19.7670    19.7687    36.5751    36.5757    26.0255    26.0256    1535.52    134.817    136.437         35 0.0000e+00
      14266    594.368     93.360     94.000    19.6984    19.7019   4.954989   4.955392     2.1501     1.8017      41.27   27.11202  -84.33338   -0.00400   -0.00384     3.0831     3.1153    19.6811    19.6846    36.5690    36.5693    26.0435    26.0428    1535.39    134.197    135.597         35 0.0000e+00
      14325    596.836     95.346     96.000    19.5252    19.5269   4.934952   4.935191     2.1325     1.7859      39.29   27.10738  -84.31895   -0.00671   -0.00693     3.0570     3.0892    19.5077    19.5093    36.5517    36.5525    26.0755    26.0757    1534.89    133.054    134.459         32 0.0000e+00
      14363    598.436     96.339     97.000    19.4848    19.4853   4.930711   4.930854     2.1256     1.7800      38.27   27.11202  -84.33338   -0.00617   -0.00507     3.0448     3.0778    19.4670    19.4675    36.5529    36.5537    26.0874    26.0879    1535.03    132.522    133.961         39 0.0000e+00
      14398    599.894     97.332     98.000    19.4601    19.4608   4.927951   4.928142     2.1208     1.7764      37.30   27.11202  -84.33338   -0.00467   -0.00373     3.0360     3.0710    19.4422    19.4429    36.5511    36.5521    26.0926    26.0931    1534.91    132.141    133.663         30 0.0000e+00
      14453    602.164     99.318    100.000    19.3862    19.3882   4.918890   4.919203     2.1109     1.7709      35.38   27.10345  -84.30671   -0.00370   -0.00214     3.0201     3.0629    19.3680    19.3699    36.5356    36.5366    26.0991    26.0993    1534.18    131.447    133.308         36 0.0000e+00
      14497    603.985    100.310    101.000    19.3314    19.3332   4.913746   4.914022     2.1087     1.7670      34.26   27.11202  -84.33337   -0.00308   -0.00224     3.0190     3.0572    19.3130    19.3148    36.5444    36.5451    26.1211    26.1212    1534.56    131.394    133.058         40 0.0000e+00
      14588    607.789    103.289    104.000    19.2194    19.2204   4.901769   4.901980     2.1087     1.7687      31.41   27.11097  -84.33008    0.00009    0.00049     3.0268     3.0690    19.2005    19.2015    36.5409    36.5418    26.1476    26.1480    1534.16    131.734    133.567         34 0.0000e+00
      14625    609.324    104.282    105.000    19.1842    19.1853   4.898126   4.898327     2.1097     1.7693      30.45   27.11202  -84.33336    0.00036    0.00087     3.0315     3.0727    19.1652    19.1663    36.5415    36.5422    26.1573    26.1575    1534.11    131.936    133.730         38 0.0000e+00
      14661    610.833    105.275    106.000    19.1342    19.1369   4.892546   4.892923     2.1109     1.7696      29.43   27.11202  -84.33336    0.00053    0.00046     3.0377     3.0769    19.1151    19.1178    36.5382    36.5390    26.1677    26.1677    1534.00    132.204    133.908         34 0.0000e+00
      14719    613.263    107.261    108.000    18.9829    18.9869   4.873448   4.873956     2.1100     1.7687      27.63   27.10798  -84.32079    0.00048    0.00051     3.0465     3.0847    18.9636    18.9675    36.5091    36.5098    26.1843    26.1837    1533.55    132.586    134.247         32 0.0000e+00
      14755    614.760    108.254    109.000    18.8520    18.8552   4.857736   4.858120     2.1041     1.7618      26.49   27.11202  -84.33336   -0.00152   -0.00186     3.0419     3.0763    18.8325    18.8358    36.4929    36.4933    26.2058    26.2052    1533.67    132.383    133.879         36 0.0000e+00
      14791    616.238    109.247    110.000    18.7119    18.7144   4.840520   4.840216     2.0922     1.7480      25.56   27.11202  -84.33336   -0.00477   -0.00573     3.0298     3.0600    18.6992    18.6950    36.4647    36.4632    26.2183    26.2174    1533.56    131.856    133.169         33 0.0000e+00
      14822    617.546    110.240    111.000    18.3831    18.3889   4.798521   4.799099     2.0670     1.7200      24.66   27.11202  -84.33336   -0.00971   -0.01123     2.9909     3.0044    18.3635    18.3694    36.4048    36.4045    26.2575    26.2558    1533.44    130.154    130.746         31 0.0000e+00
      14854    618.869    111.232    112.000    18.2340    18.2375   4.780466   4.780811     2.0334     1.6855      23.59   27.11202  -84.33336   -0.01752   -0.01912     2.9259     2.9298    18.2145    18.2179    36.3826    36.3825    26.2779    26.2770    1533.32    127.325    127.494         33 0.0000e+00
      14888    620.281    112.225    113.000    18.0636    18.0674   4.760567   4.760963     2.0051     1.6606      22.64   27.11202  -84.33336   -0.02302   -0.02304     2.8732     2.8787    18.0440    18.0478    36.3633    36.3634    26.3058    26.3049    1533.20    125.028    125.267         34 0.0000e+00
      14920    621.638    113.218    114.000    18.0099    18.0110   4.754566   4.754792     1.9837     1.6438      21.66   27.11202  -84.33336   -0.02058   -0.01845     2.8292     2.8417    17.9902    17.9913    36.3593    36.3602    26.3160    26.3165    1533.07    123.114    123.657         32 0.0000e+00
