GOMECC/GOMECC-4/1db/drb2103_0361.cnv
* Sea-Bird SBE 9 Data File:
* FileName = C:\Users\scs.user.rb\CTD\GOMECC4\data\rb2103_0361.hex
* Software Version Seasave V 7.26.7.107
* Temperature SN = 4799
* Conductivity SN = 3860
* Number of Bytes Per Scan = 41
* Number of Voltage Words = 4
* Number of Scans Averaged by the Deck Unit = 1
* NMEA Latitude = 28 20.83 N
* NMEA Longitude = 087 59.99 W
* NMEA UTC (Time) = Sep 24 2021  17:05:11
* NMEA baud rate = 4800
# nquan = 28
# nvalues = 216                         
# units = specified
# name 0 = scan: Scan Count
# name 1 = timeS: Time, Elapsed [seconds]
# name 2 = depSM: Depth [salt water, m]
# name 3 = prDM: Pressure, Digiquartz [db]
# name 4 = t090C: Temperature [ITS-90, deg C]
# name 5 = t190C: Temperature, 2 [ITS-90, deg C]
# name 6 = c0S/m: Conductivity [S/m]
# name 7 = c1S/m: Conductivity, 2 [S/m]
# name 8 = sbeox0V: Oxygen raw, SBE 43 [V]
# name 9 = sbeox1V: Oxygen raw, SBE 43, 2 [V]
# name 10 = altM: Altimeter [m]
# name 11 = latitude: Latitude [deg]
# name 12 = longitude: Longitude [deg]
# name 13 = sbox0dV/dT: Oxygen, SBE 43 [dov/dt]
# name 14 = sbox1dV/dT: Oxygen, SBE 43, 2 [dov/dt]
# name 15 = sbeox0ML/L: Oxygen, SBE 43 [ml/l], WS = 5
# name 16 = sbeox1ML/L: Oxygen, SBE 43, 2 [ml/l], WS = 5
# name 17 = potemp090C: Potential Temperature [ITS-90, deg C]
# name 18 = potemp190C: Potential Temperature, 2 [ITS-90, deg C]
# name 19 = sal00: Salinity, Practical [PSU]
# name 20 = sal11: Salinity, Practical, 2 [PSU]
# name 21 = sigma-é00: Density [sigma-theta, kg/m^3]
# name 22 = sigma-é11: Density, 2 [sigma-theta, kg/m^3]
# name 23 = avgsvCM: Average Sound Velocity [Chen-Millero, m/s], minP = 20, minS = 20
# name 24 = sbox0Mm/Kg: Oxygen, SBE 43 [umol/kg], WS = 5
# name 25 = sbox1Mm/Kg: Oxygen, SBE 43, 2 [umol/kg], WS = 5
# name 26 = nbin: number of scans per bin
# name 27 = flag: flag
# span 0 =      15093,      78272       
# span 1 =    628.817,   3261.287       
# span 2 =      5.960,   2219.109       
# span 3 =      6.000,   2246.000       
# span 4 =     4.2833,    29.9121       
# span 5 =     4.2839,    29.9143       
# span 6 =   3.343128,   5.869346       
# span 7 =   3.343071,   5.869575       
# span 8 =     1.6290,     3.1051       
# span 9 =     1.3318,     2.6348       
# span 10 =      10.67,     101.79      
# span 11 =   28.34320,   28.34876      
# span 12 =  -88.00544,  -87.98949      
# span 13 =   -0.05802,    0.02357      
# span 14 =   -0.05286,    0.02369      
# span 15 =     2.5403,     4.6872      
# span 16 =     2.5679,     4.7292      
# span 17 =     4.0916,    29.9062      
# span 18 =     4.0926,    29.9084      
# span 19 =    30.4721,    36.5347      
# span 20 =    30.4719,    36.5362      
# span 21 =    19.1799,    27.7567      
# span 22 =    19.1792,    27.7553      
# span 23 =       0.00,    1541.56      
# span 24 =    110.482,    203.679      
# span 25 =    111.680,    205.505      
# span 26 =         30,         82      
# span 27 = 0.0000e+00, 0.0000e+00      
# interval = decibars: 1                
# start_time = Sep 24 2021 17:05:11 [NMEA time, header]
# bad_flag = -9.990e-29
*END*
[from data line 156]
      21773    907.160    162.840    164.000    14.4025    14.4033   4.335003   4.335075     1.7669     1.4560     100.00   28.34654  -87.99988   -0.00174   -0.00108     2.5543     2.5845    14.3782    14.3790    35.8751    35.8750    26.7828    26.7826    1524.33    111.101    112.412         36 0.0000e+00
      21810    908.706    163.833    165.000    14.3640    14.3642   4.330488   4.330485     1.7661     1.4547     100.00   28.34654  -87.99988   -0.00118   -0.00084     2.5549     2.5835    14.3396    14.3398    35.8686    35.8683    26.7861    26.7859    1524.22    111.124    112.370         37 0.0000e+00
      21845    910.147    164.825    166.000    14.3000    14.3030   4.323004   4.323263     1.7648     1.4529     100.00   28.34654  -87.99988   -0.00071   -0.00096     2.5559     2.5824    14.2755    14.2785    35.8580    35.8577    26.7918    26.7908    1524.13    111.168    112.321         32 0.0000e+00
      21875    911.434    165.818    167.000    14.2122    14.2101   4.312916   4.312618     1.7631     1.4520     100.00   28.34654  -87.99988   -0.00093   -0.00111     2.5572     2.5858    14.1877    14.1856    35.8454    35.8445    26.8007    26.8005    1524.03    111.223    112.465         30 0.0000e+00
      21908    912.776    166.810    168.000    14.1554    14.1559   4.306300   4.306295     1.7618     1.4517     100.00   28.34654  -87.99990   -0.00110   -0.00073     2.5577     2.5882    14.1308    14.1312    35.8361    35.8356    26.8058    26.8053    1523.93    111.243    112.572         35 0.0000e+00
      21944    914.303    167.803    169.000    14.1100    14.1080   4.301039   4.300731     1.7607     1.4496     100.00   28.34654  -87.99990   -0.00098   -0.00062     2.5580     2.5858    14.0853    14.0833    35.8288    35.8278    26.8098    26.8095    1523.84    111.258    112.466         36 0.0000e+00
      21978    915.694    168.795    170.000    14.0787    14.0787   4.297463   4.297408     1.7596     1.4478     100.00   28.34654  -87.99989   -0.00084   -0.00114     2.5574     2.5829    14.0539    14.0539    35.8241    35.8237    26.8129    26.8125    1523.74    111.229    112.341         31 0.0000e+00
      22008    916.969    169.788    171.000    14.0112    14.0125   4.289587   4.289676     1.7586     1.4467     100.00   28.34654  -87.99988   -0.00075   -0.00129     2.5592     2.5840    13.9863    13.9876    35.8130    35.8123    26.8186    26.8178    1523.65    111.307    112.390         32 0.0000e+00
      22043    918.431    170.781    172.000    13.9398    13.9403   4.281337   4.281362     1.7573     1.4468     100.00   28.34654  -87.99990   -0.00079   -0.00071     2.5606     2.5889    13.9149    13.9153    35.8019    35.8017    26.8251    26.8249    1523.55    111.369    112.602         37 0.0000e+00
      22077    919.845    171.773    173.000    13.9034    13.9040   4.277161   4.277197     1.7572     1.4469     100.00   28.34654  -87.99990   -0.00071   -0.00010     2.5630     2.5918    13.8783    13.8790    35.7963    35.7961    26.8285    26.8282    1523.45    111.471    112.724         31 0.0000e+00
      22108    921.123    172.765    174.000    13.8566    13.8582   4.271883   4.272069     1.7578     1.4472     100.00   28.34654  -87.99990   -0.00016    0.00012     2.5675     2.5954    13.8315    13.8330    35.7900    35.7898    26.8335    26.8330    1523.36    111.668    112.880         32 0.0000e+00
      22142    922.551    173.758    175.000    13.8241    13.8247   4.268174   4.268215     1.7585     1.4488     100.00   28.34654  -87.99990    0.00038    0.00041     2.5717     2.6020    13.7988    13.7994    35.7851    35.7850    26.8366    26.8363    1523.26    111.850    113.166         36 0.0000e+00
      22178    924.049    174.750    176.000    13.7995    13.8008   4.265388   4.265518     1.7596     1.4499     100.00   28.34655  -87.99990    0.00058    0.00087     2.5762     2.6067    13.7742    13.7754    35.7815    35.7815    26.8389    26.8387    1523.16    112.046    113.371         35 0.0000e+00
      22212    925.454    175.743    177.000    13.7815    13.7818   4.263375   4.263389     1.7596     1.4502     100.00   28.34656  -87.99990    0.00051    0.00075     2.5776     2.6090    13.7561    13.7563    35.7789    35.7789    26.8408    26.8407    1523.07    112.107    113.471         33 0.0000e+00
      22244    926.786    176.735    178.000    13.7759    13.7773   4.262785   4.262931     1.7593     1.4502     100.00   28.34656  -87.99990    0.00007    0.00029     2.5773     2.6094    13.7503    13.7517    35.7782    35.7783    26.8414    26.8412    1522.97    112.093    113.490         31 0.0000e+00
      22275    928.095    177.728    179.000    13.7697    13.7716   4.262125   4.262325     1.7583     1.4494     100.00   28.34656  -87.99990   -0.00032   -0.00013     2.5755     2.6080    13.7440    13.7458    35.7774    35.7775    26.8421    26.8418    1522.88    112.017    113.429         32 0.0000e+00
      22309    929.520    178.720    180.000    13.7603    13.7585   4.260988   4.260798     1.7576     1.4492     100.00   28.34656  -87.99991   -0.00052   -0.00035     2.5749     2.6085    13.7338    13.7327    35.7757    35.7749    26.8429    26.8426    1522.79    111.987    113.448         35 0.0000e+00
      22344    930.942    179.713    181.000    13.7312    13.7323   4.257725   4.257818     1.7568     1.4483     100.00   28.34656  -87.99992   -0.00056   -0.00037     2.5749     2.6080    13.7052    13.7063    35.7711    35.7710    26.8454    26.8450    1522.70    111.990    113.427         34 0.0000e+00
      22377    932.338    180.705    182.000    13.7212    13.7220   4.256592   4.256645     1.7566     1.4471     100.00   28.34656  -87.99990   -0.00044   -0.00060     2.5753     2.6056    13.6951    13.6959    35.7694    35.7691    26.8461    26.8458    1522.61    112.004    113.324         34 0.0000e+00
      22412    933.773    181.697    183.000    13.7032    13.7038   4.254532   4.254529     1.7559     1.4458     100.00   28.34656  -87.99991   -0.00031   -0.00084     2.5751     2.6035    13.6770    13.6775    35.7663    35.7658    26.8476    26.8471    1522.52    111.998    113.232         34 0.0000e+00
      22444    935.135    182.690    184.000    13.6587    13.6591   4.249381   4.249331     1.7546     1.4438     100.00   28.34656  -87.99992   -0.00047   -0.00099     2.5748     2.6011    13.6324    13.6328    35.7590    35.7582    26.8512    26.8505    1522.43    111.982    113.129         32 0.0000e+00
      22477    936.482    183.682    185.000    13.6061    13.6069   4.243401   4.243418     1.7520     1.4405     100.00   28.34656  -87.99990   -0.00108   -0.00150     2.5718     2.5956    13.5797    13.5805    35.7514    35.7509    26.8563    26.8557    1522.34    111.853    112.887         33 0.0000e+00
      22510    937.859    184.675    186.000    13.5791    13.5806   4.240321   4.240455     1.7478     1.4365     100.00   28.34656  -87.99990   -0.00192   -0.00228     2.5634     2.5865    13.5526    13.5541    35.7472    35.7471    26.8587    26.8583    1522.25    111.485    112.493         33 0.0000e+00
      22543    939.264    185.668    187.000    13.5591    13.5602   4.237985   4.238089     1.7442     1.4330     100.00   28.34656  -87.99990   -0.00261   -0.00273     2.5559     2.5784    13.5325    13.5336    35.7434    35.7433    26.8599    26.8596    1522.16    111.162    112.139         34 0.0000e+00
      22578    940.712    186.660    188.000    13.5510    13.5522   4.237080   4.237163     1.7409     1.4305     100.00   28.34656  -87.99992   -0.00267   -0.00247     2.5483     2.5726    13.5243    13.5254    35.7420    35.7417    26.8606    26.8601    1522.08    110.831    111.887         34 0.0000e+00
      22611    942.075    187.652    189.000    13.4997    13.4989   4.231407   4.231074     1.7380     1.4279     100.00   28.34656  -87.99992   -0.00236   -0.00191     2.5438     2.5679    13.4729    13.4721    35.7345    35.7336    26.8654    26.8648    1521.99    110.633    111.680         33 0.0000e+00
      22645    943.488    188.645    190.000    13.4499    13.4515   4.225517   4.225608     1.7350     1.4272     100.00   28.34656  -87.99992   -0.00218   -0.00152     2.5403     2.5699    13.4230    13.4246    35.7265    35.7259    26.8695    26.8687    1521.90    110.482    111.768         35 0.0000e+00
      22678    944.876    189.637    191.000    13.3770    13.3795   4.217018   4.217220     1.7349     1.4294     100.00   28.34656  -87.99992   -0.00170   -0.00048     2.5448     2.5805    13.3501    13.3525    35.7139    35.7135    26.8748    26.8740    1521.82    110.675    112.228         31 0.0000e+00
      22739    947.409    191.622    193.000    13.2745    13.2745   4.204917   4.204833     1.7423     1.4365      91.60   28.34320  -87.98949    0.00202    0.00252     2.5703     2.6068    13.2474    13.2474    35.6934    35.6926    26.8797    26.8791    1521.46    111.783    113.371         38 0.0000e+00
      22781    949.174    192.614    194.000    13.2300    13.2294   4.200112   4.200045     1.7502     1.4431     100.25   28.34656  -87.99992    0.00357    0.00321     2.5932     2.6279    13.2028    13.2023    35.6901    35.6899    26.8865    26.8865    1521.56    112.779    114.287         39 0.0000e+00
      28108   1171.112    409.833    413.000     8.9987     8.9992   3.740470   3.740428     1.6315     1.3332     100.00   28.34581  -87.99740   -0.00032   -0.00045     2.6208     2.6474     8.9532     8.9537    35.0766    35.0757    27.1857    27.1849    1508.50    113.946    115.105         30 0.0000e+00
      28226   1176.058    414.790    418.000     8.9194     8.9204   3.732445   3.732485     1.6290     1.3318     100.00   28.34552  -87.99648   -0.00046   -0.00037     2.6206     2.6501     8.8736     8.8746    35.0682    35.0676    27.1919    27.1913    1508.30    113.937    115.221         30 0.0000e+00
      37937   1580.658    807.970    815.000     5.4528     5.4532   3.416284   3.416240     1.8139     1.5073     100.00   28.34660  -87.99957    0.00090    0.00110     3.6412     3.6867     5.3826     5.3830    34.9209    34.9200    27.5672    27.5664    1498.51    158.253    160.230         31 0.0000e+00
      42178   1757.360    978.085    987.000     4.8192     4.8198   3.368438   3.368409     1.9101     1.5956     100.00   28.34697  -88.00043    0.00059    0.00045     4.1226     4.1671     4.7377     4.7383    34.9440    34.9430    27.6611    27.6603    1496.33    179.158    181.091         30 0.0000e+00
      43598   1816.523   1034.430   1044.000     4.6670     4.6674   3.357699   3.357654     1.9340     1.6180     100.00   28.34693  -88.00024    0.00064    0.00042     4.2545     4.3004     4.5815     4.5820    34.9501    34.9491    27.6835    27.6827    1495.78    184.888    186.884         30 0.0000e+00
      44946   1872.702   1087.794   1098.000     4.5669     4.5675   3.351391   3.351354     1.9491     1.6313     100.00   28.34713  -88.00087    0.00007    0.00007     4.3502     4.3938     4.4775     4.4781    34.9545    34.9535    27.6986    27.6977    1495.34    189.042    190.941         30 0.0000e+00
      45069   1877.828   1092.735   1103.000     4.5571     4.5575   3.350691   3.350642     1.9508     1.6328     100.00   28.34651  -87.99895    0.00029    0.00034     4.3600     4.4036     4.4673     4.4677    34.9542    34.9531    27.6995    27.6986    1495.27    189.471    191.366         30 0.0000e+00
      46538   1939.025   1151.024   1162.000     4.4561     4.4566   3.344572   3.344520     1.9662     1.6480     100.00   28.34697  -88.00038    0.00010    0.00035     4.4611     4.5089     4.3619     4.3623    34.9593    34.9582    27.7151    27.7142    1494.89    193.859    195.939         30 0.0000e+00
      51841   2159.982   1360.337   1374.000     4.3340     4.3345   3.343128   3.343071     1.9675     1.6481     100.00   28.34696  -88.00030    0.00001   -0.00010     4.6064     4.6507     4.2217     4.2222    34.9656    34.9645    27.7353    27.7344    1493.99    200.169    202.095         30 0.0000e+00
      52319   2179.924   1379.086   1393.000     4.3275     4.3280   3.343360   3.343290     1.9658     1.6464     100.00   28.34674  -87.99963   -0.00001   -0.00002     4.6122     4.6563     4.2135     4.2140    34.9659    34.9645    27.7364    27.7353    1493.93    200.423    202.337         30 0.0000e+00
      53811   2242.074   1437.296   1452.000     4.3134     4.3139   3.344681   3.344617     1.9610     1.6411     100.00   28.34707  -88.00065   -0.00003   -0.00027     4.6314     4.6724     4.1941     4.1946    34.9672    34.9659    27.7395    27.7385    1493.85    201.256    203.037         30 0.0000e+00
      53934   2247.195   1442.228   1457.000     4.3122     4.3127   3.344754   3.344691     1.9605     1.6410      77.06   28.34676  -87.99968   -0.00011   -0.00001     4.6331     4.6752     4.1925     4.1930    34.9668    34.9656    27.7395    27.7384    1493.82    201.328    203.158         31 0.0000e+00
      54061   2252.488   1447.160   1462.000     4.3119     4.3123   3.344965   3.344906     1.9602     1.6409     100.00   28.34704  -88.00054   -0.00008   -0.00001     4.6347     4.6781     4.1917     4.1921    34.9672    34.9661    27.7398    27.7389    1493.84    201.400    203.286         30 0.0000e+00
      55371   2307.069   1498.448   1514.000     4.3015     4.3020   3.346276   3.346204     1.9561     1.6373     100.00   28.34699  -88.00041    0.00003   -0.00001     4.6519     4.6963     4.1766     4.1771    34.9681    34.9667    27.7421    27.7410    1493.78    202.148    204.074         30 0.0000e+00
      61113   2546.329   1721.209   1740.000     4.2837     4.2843   3.354146   3.354088     1.9277     1.6088     100.00   28.34658  -87.99928   -0.00009   -0.00014     4.6828     4.7187     4.1375     4.1382    34.9695    34.9682    27.7475    27.7464    1493.89    203.486    205.046         30 0.0000e+00
      63080   2628.287   1797.051   1817.000     4.2833     4.2839   3.357318   3.357253     1.9168     1.6001     100.00   28.34685  -88.00002   -0.00009    0.00002     4.6872     4.7292     4.1296     4.1303    34.9703    34.9689    27.7489    27.7477    1494.03    203.679    205.505         31 0.0000e+00
      67478   2811.549   1966.369   1989.000     4.2900     4.2907   3.364946   3.364879     1.8894     1.5727      99.51   28.34688  -87.99986   -0.00020   -0.00028     4.6821     4.7162     4.1193     4.1200    34.9710    34.9694    27.7505    27.7492    1494.48    203.458    204.940         30 0.0000e+00
      67609   2816.996   1971.289   1994.000     4.2900     4.2908   3.365161   3.365097     1.8886     1.5726      89.46   28.34698  -88.00018   -0.00007   -0.00012     4.6819     4.7187     4.1188     4.1196    34.9711    34.9695    27.7507    27.7494    1494.50    203.449    205.048         31 0.0000e+00
      68674   2861.376   2011.628   2035.000     4.2883     4.2890   3.366725   3.366653     1.8804     1.5647     100.00   28.34726  -88.00099   -0.00020   -0.00015     4.6742     4.7097     4.1131     4.1138    34.9719    34.9703    27.7519    27.7506    1494.64    203.112    204.656         30 0.0000e+00
      68803   2866.765   2016.547   2040.000     4.2882     4.2890   3.366912   3.366853     1.8793     1.5635      99.37   28.34720  -88.00077   -0.00020   -0.00017     4.6730     4.7072     4.1124     4.1132    34.9718    34.9704    27.7520    27.7507    1494.66    203.061    204.548         31 0.0000e+00
      70596   2941.457   2084.417   2109.000     4.2889     4.2897   3.369759   3.369703     1.8643     1.5496     100.00   28.34707  -88.00032 -9.676e-07   -0.00023     4.6536     4.6883     4.1061     4.1069    34.9722    34.9707    27.7529    27.7516    1494.89    202.220    203.726         31 0.0000e+00
