GOMECC/GOMECC-4/1db/drb2103_0801.cnv
* Sea-Bird SBE 9 Data File:
* FileName = C:\Users\scs.user.rb\CTD\GOMECC4\data\rb2103_0801.hex
* Software Version Seasave V 7.26.7.107
* Temperature SN = 4799
* Conductivity SN = 3860
* Number of Bytes Per Scan = 41
* Number of Voltage Words = 4
* Number of Scans Averaged by the Deck Unit = 1
* NMEA Latitude = 22 16.43 N
* NMEA Longitude = 096 46.23 W
* NMEA UTC (Time) = Oct 06 2021  09:45:19
* NMEA baud rate = 4800
# nquan = 28
# nvalues = 390                         
# units = specified
# name 0 = scan: Scan Count
# name 1 = timeS: Time, Elapsed [seconds]
# name 2 = depSM: Depth [salt water, m]
# name 3 = prDM: Pressure, Digiquartz [db]
# name 4 = t090C: Temperature [ITS-90, deg C]
# name 5 = t190C: Temperature, 2 [ITS-90, deg C]
# name 6 = c0S/m: Conductivity [S/m]
# name 7 = c1S/m: Conductivity, 2 [S/m]
# name 8 = sbeox0V: Oxygen raw, SBE 43 [V]
# name 9 = sbeox1V: Oxygen raw, SBE 43, 2 [V]
# name 10 = altM: Altimeter [m]
# name 11 = latitude: Latitude [deg]
# name 12 = longitude: Longitude [deg]
# name 13 = sbox0dV/dT: Oxygen, SBE 43 [dov/dt]
# name 14 = sbox1dV/dT: Oxygen, SBE 43, 2 [dov/dt]
# name 15 = sbeox0ML/L: Oxygen, SBE 43 [ml/l], WS = 5
# name 16 = sbeox1ML/L: Oxygen, SBE 43, 2 [ml/l], WS = 5
# name 17 = potemp090C: Potential Temperature [ITS-90, deg C]
# name 18 = potemp190C: Potential Temperature, 2 [ITS-90, deg C]
# name 19 = sal00: Salinity, Practical [PSU]
# name 20 = sal11: Salinity, Practical, 2 [PSU]
# name 21 = sigma-é00: Density [sigma-theta, kg/m^3]
# name 22 = sigma-é11: Density, 2 [sigma-theta, kg/m^3]
# name 23 = avgsvCM: Average Sound Velocity [Chen-Millero, m/s], minP = 20, minS = 20
# name 24 = sbox0Mm/Kg: Oxygen, SBE 43 [umol/kg], WS = 5
# name 25 = sbox1Mm/Kg: Oxygen, SBE 43, 2 [umol/kg], WS = 5
# name 26 = nbin: number of scans per bin
# name 27 = flag: flag
# span 0 =       8237,      63476       
# span 1 =    343.165,   2644.790       
# span 2 =      3.975,   2014.466       
# span 3 =      4.000,   2037.000       
# span 4 =     4.2662,    29.4397       
# span 5 =     4.2667,    29.4413       
# span 6 =   3.341238,   5.932514       
# span 7 =   3.341201,   5.932833       
# span 8 =     1.5763,     3.1869       
# span 9 =     1.2809,     2.7203       
# span 10 =      10.25,     101.56      
# span 11 =   22.23052,   22.36030      
# span 12 =  -97.14589,  -96.58208      
# span 13 =   -0.06339,    0.06281      
# span 14 =   -0.05978,    0.06544      
# span 15 =     2.4196,     4.8182      
# span 16 =     2.4475,     4.8354      
# span 17 =     4.1052,    29.4373      
# span 18 =     4.1058,    29.4389      
# span 19 =    34.9051,    36.4639      
# span 20 =    34.9045,    36.4652      
# span 21 =    22.7046,    27.7536      
# span 22 =    22.7048,    27.7526      
# span 23 =       0.00,    1545.61      
# span 24 =    105.216,    210.039      
# span 25 =    106.428,    210.789      
# span 26 =         30,         69      
# span 27 = 0.0000e+00, 0.0000e+00      
# interval = decibars: 1                
# start_time = Oct 06 2021 09:45:19 [NMEA time, header]
# bad_flag = -9.990e-29
*END*
[from data line 208]
      36255   1510.603   1012.133   1021.000     4.9388     4.9392   3.380412   3.380408     1.8790     1.5631     100.04   22.27394  -96.77080    0.00005    0.00006     4.0191     4.0494     4.8533     4.8538    34.9407    34.9402    27.6453    27.6448    1499.92    174.665    175.981         39 0.0000e+00
      36397   1516.501   1018.066   1027.000     4.9077     4.9083   3.377833   3.377836     1.8794     1.5639     100.00   22.27303  -96.76685    0.00011    0.00020     4.0271     4.0592     4.8219     4.8225    34.9403    34.9397    27.6486    27.6480    1499.78    175.009    176.406         32 0.0000e+00
      36435   1518.089   1019.055   1028.000     4.9003     4.9009   3.377341   3.377347     1.8803     1.5650     100.00   22.27394  -96.77080    0.00033    0.00033     4.0316     4.0646     4.8145     4.8151    34.9418    34.9413    27.6506    27.6502    1499.83    175.207    176.639         38 0.0000e+00
      36553   1523.018   1023.999   1033.000     4.8727     4.8727   3.375055   3.375017     1.8844     1.5697     100.00   22.27329  -96.76799    0.00080    0.00104     4.0515     4.0880     4.7866     4.7866    34.9417    34.9413    27.6537    27.6534    1499.72    176.069    177.659         30 0.0000e+00
      36585   1524.342   1024.988   1034.000     4.8711     4.8713   3.375046   3.375032     1.8857     1.5713     100.00   22.27394  -96.77080    0.00095    0.00121     4.0567     4.0945     4.7849     4.7852    34.9429    34.9424    27.6548    27.6544    1499.76    176.297    177.942         30 0.0000e+00
      36964   1540.104   1039.820   1049.000     4.8556     4.8560   3.374305   3.374276     1.8908     1.5739     100.00   22.27334  -96.76821   -0.00002   -0.00021     4.0841     4.1142     4.7682     4.7686    34.9429    34.9422    27.6567    27.6562    1499.53    177.485    178.797         30 0.0000e+00
      36997   1541.495   1040.809   1050.000     4.8525     4.8529   3.374150   3.374134     1.8910     1.5740     100.00   22.27394  -96.77082   -0.00003   -0.00011     4.0856     4.1154     4.7650     4.7655    34.9440    34.9433    27.6580    27.6574    1499.56    177.554    178.846         33 0.0000e+00
      37124   1546.797   1045.753   1055.000     4.8326     4.8327   3.372669   3.372629     1.8924     1.5764     100.00   22.27432  -96.77246    0.00033    0.00062     4.0954     4.1294     4.7448     4.7449    34.9451    34.9446    27.6612    27.6607    1499.53    177.976    179.454         30 0.0000e+00
      37222   1550.888   1049.708   1059.000     4.8238     4.8240   3.371991   3.371959     1.8946     1.5787      89.60   22.27353  -96.76904    0.00045    0.00061     4.1063     4.1415     4.7358     4.7360    34.9444    34.9438    27.6616    27.6611    1499.43    178.451    179.981         31 0.0000e+00
      37454   1560.538   1058.606   1068.000     4.7528     4.7531   3.366199   3.366183     1.9006     1.5849     100.00   22.27360  -96.76933    0.00082    0.00092     4.1404     4.1780     4.6645     4.6649    34.9470    34.9464    27.6717    27.6713    1499.33    179.930    181.566         30 0.0000e+00
      37576   1565.642   1063.549   1073.000     4.7378     4.7382   3.365084   3.365075     1.9077     1.5921     100.00   22.27330  -96.76803    0.00141    0.00145     4.1699     4.2099     4.6492     4.6496    34.9472    34.9466    27.6736    27.6732    1499.26    181.215    182.953         32 0.0000e+00
      37611   1567.083   1064.538   1074.000     4.7381     4.7386   3.365231   3.365236     1.9094     1.5930     100.00   22.27394  -96.77082    0.00116    0.00103     4.1762     4.2136     4.6494     4.6499    34.9482    34.9477    27.6744    27.6740    1499.29    181.488    183.110         32 0.0000e+00
      38089   1586.992   1083.322   1093.000     4.6638     4.6643   3.359505   3.359501     1.9206     1.6036     100.00   22.27325  -96.76779    0.00099    0.00107     4.2349     4.2732     4.5740     4.5745    34.9499    34.9493    27.6843    27.6837    1499.03    184.037    185.702         33 0.0000e+00
      38245   1593.518   1089.253   1099.000     4.6436     4.6439   3.358144   3.358130     1.9259     1.6081      81.40   22.27419  -96.77190    0.00067    0.00059     4.2591     4.2962     4.5534     4.5538    34.9522    34.9517    27.6884    27.6879    1499.03    185.089    186.701         35 0.0000e+00
      38367   1598.566   1094.196   1104.000     4.6365     4.6370   3.357657   3.357649     1.9289     1.6109     100.00   22.27340  -96.76847    0.00060    0.00051     4.2737     4.3104     4.5460     4.5464    34.9515    34.9509    27.6886    27.6881    1498.93    185.719    187.317         30 0.0000e+00
      38398   1599.858   1095.184   1105.000     4.6348     4.6357   3.357627   3.357644     1.9295     1.6115     100.00   22.27394  -96.77080    0.00060    0.00048     4.2763     4.3135     4.5442     4.5450    34.9525    34.9518    27.6896    27.6890    1498.95    185.831    187.449         30 0.0000e+00
      38576   1607.299   1102.104   1112.000     4.6301     4.6306   3.357545   3.357531     1.9313     1.6120     100.00   22.27405  -96.77129    0.00020    0.00005     4.2870     4.3199     4.5389     4.5394    34.9529    34.9522    27.6906    27.6899    1498.89    186.299    187.729         31 0.0000e+00
      38727   1613.600   1108.034   1118.000     4.6290     4.6289   3.357677   3.357623     1.9316     1.6117     100.00   22.27388  -96.77057 3.3322e-07   -0.00001     4.2915     4.3226     4.5372     4.5372    34.9527    34.9521    27.6905    27.6901    1498.81    186.495    187.844         30 0.0000e+00
      39237   1634.852   1127.802   1138.000     4.5310     4.5310   3.349992   3.349954     1.9444     1.6251      99.41   22.27362  -96.76943    0.00129    0.00106     4.3603     4.3972     4.4382     4.4383    34.9560    34.9554    27.7041    27.7037    1498.60    189.483    191.087         31 0.0000e+00
      39441   1643.345   1135.709   1146.000     4.5034     4.5045   3.347998   3.348039     1.9512     1.6311     100.00   22.27382  -96.77029    0.00063    0.00052     4.3924     4.4281     4.4102     4.4113    34.9576    34.9570    27.7085    27.7078    1498.53    190.878    192.426         30 0.0000e+00
      40233   1676.318   1166.345   1177.000     4.4567     4.4574   3.345305   3.345313     1.9619     1.6397     100.00   22.27374  -96.76994   -0.00000   -0.00002     4.4545     4.4855     4.3611     4.3618    34.9598    34.9592    27.7156    27.7150    1498.24    193.573    194.920         31 0.0000e+00
      40381   1682.515   1172.274   1183.000     4.4514     4.4517   3.345090   3.345055     1.9630     1.6409     100.00   22.27359  -96.76929    0.00027    0.00025     4.4627     4.4941     4.3553     4.3556    34.9598    34.9591    27.7162    27.7157    1498.18    193.928    195.292         33 0.0000e+00
      40416   1683.946   1173.262   1184.000     4.4511     4.4514   3.345157   3.345125     1.9632     1.6410     100.00   22.27394  -96.77082    0.00026    0.00002     4.4640     4.4952     4.3549     4.3553    34.9604    34.9597    27.7168    27.7162    1498.19    193.985    195.341         32 0.0000e+00
      40591   1691.254   1180.179   1191.000     4.4431     4.4433   3.344765   3.344733     1.9638     1.6418      85.69   22.27399  -96.77103    0.00019    0.00016     4.4711     4.5034     4.3463     4.3466    34.9608    34.9602    27.7180    27.7175    1498.14    194.294    195.698         31 0.0000e+00
      40739   1697.432   1186.107   1197.000     4.4366     4.4378   3.344446   3.344492     1.9641     1.6420     100.00   22.27387  -96.77052    0.00006    0.00005     4.4764     4.5085     4.3394     4.3406    34.9609    34.9602    27.7188    27.7182    1498.08    194.523    195.920         30 0.0000e+00
      41145   1714.323   1201.916   1213.000     4.4247     4.4251   3.343996   3.343979     1.9646     1.6425      91.87   22.27299  -96.76669    0.00002    0.00006     4.4891     4.5214     4.3261     4.3265    34.9602    34.9595    27.7197    27.7191    1497.89    195.075    196.478         32 0.0000e+00
      41182   1715.889   1202.904   1214.000     4.4245     4.4247   3.344136   3.344103     1.9647     1.6426      97.45   22.27394  -96.77080    0.00008    0.00011     4.4902     4.5224     4.3259     4.3260    34.9615    34.9610    27.7208    27.7203    1497.94    195.122    196.523         37 0.0000e+00
      41330   1722.053   1208.832   1220.000     4.4121     4.4124   3.343431   3.343393     1.9649     1.6432      99.94   22.27462  -96.77378    0.00004    0.00005     4.4955     4.5294     4.3131     4.3133    34.9628    34.9621    27.7232    27.7226    1497.94    195.353    196.828         43 0.0000e+00
      41477   1728.171   1214.760   1226.000     4.4005     4.4011   3.342531   3.342524     1.9671     1.6459     100.00   22.27345  -96.76873    0.00037    0.00053     4.5087     4.5452     4.3010     4.3016    34.9619    34.9613    27.7238    27.7233    1497.82    195.928    197.512         37 0.0000e+00
      41513   1729.656   1215.747   1227.000     4.3992     4.3995   3.342532   3.342498     1.9678     1.6460     100.00   22.27392  -96.77080    0.00050    0.00038     4.5122     4.5466     4.2996     4.3000    34.9629    34.9621    27.7247    27.7241    1497.84    196.078    197.572         30 0.0000e+00
      41686   1736.889   1222.663   1234.000     4.3962     4.3965   3.342462   3.342523     1.9694     1.6473     100.00   22.27383  -96.77042    0.00023    0.00010     4.5219     4.5561     4.2960     4.2963    34.9628    34.9622    27.7251    27.7245    1497.78    196.502    197.988         30 0.0000e+00
      41837   1743.164   1228.590   1240.000     4.3904     4.3907   3.342288   3.342262     1.9696     1.6470     100.00   22.27364  -96.76948    0.00008    0.00000     4.5273     4.5594     4.2897     4.2901    34.9629    34.9621    27.7258    27.7252    1497.72    196.733    198.128         32 0.0000e+00
      42400   1766.615   1250.323   1262.000     4.3666     4.3669   3.341238   3.341201     1.9721     1.6496     100.00   22.27408  -96.77140    0.00004   -0.00002     4.5523     4.5854     4.2641     4.2645    34.9647    34.9639    27.7300    27.7293    1497.60    197.818    199.257         30 0.0000e+00
      42730   1780.388   1263.163   1275.000     4.3654     4.3650   3.341707   3.341605     1.9720     1.6493     100.00   22.27411  -96.77152   -0.00002    0.00006     4.5598     4.5924     4.2618     4.2614    34.9649    34.9642    27.7304    27.7299    1497.51    198.146    199.565         31 0.0000e+00
      42881   1786.658   1269.090   1281.000     4.3637     4.3641   3.341753   3.341779     1.9714     1.6484     100.00   22.27409  -96.77147   -0.00011   -0.00015     4.5618     4.5925     4.2596     4.2600    34.9649    34.9642    27.7307    27.7301    1497.47    198.234    199.566         30 0.0000e+00
      43288   1803.644   1284.892   1297.000     4.3544     4.3547   3.341682   3.341647     1.9707     1.6485     100.00   22.27391  -96.77068   -0.00008   -0.00001     4.5694     4.6035     4.2489     4.2493    34.9653    34.9645    27.7322    27.7315    1497.36    198.563    200.044         30 0.0000e+00
      43468   1811.142   1291.805   1304.000     4.3545     4.3549   3.341979   3.341950     1.9703     1.6477      78.91   22.27389  -96.77060   -0.00009   -0.00021     4.5723     4.6046     4.2483     4.2488    34.9652    34.9645    27.7322    27.7315    1497.31    198.689    200.092         32 0.0000e+00
      43615   1817.255   1297.731   1310.000     4.3534     4.3542   3.342087   3.342097     1.9694     1.6470     100.00   22.27349  -96.76883   -0.00016   -0.00001     4.5726     4.6056     4.2468     4.2475    34.9646    34.9639    27.7318    27.7312    1497.25    198.704    200.137         33 0.0000e+00
      43651   1818.745   1298.718   1311.000     4.3531     4.3534   3.342160   3.342141     1.9692     1.6470     100.00   22.27394  -96.77080   -0.00012   -0.00004     4.5725     4.6063     4.2463     4.2467    34.9654    34.9648    27.7325    27.7320    1497.28    198.696    200.165         34 0.0000e+00
      43769   1823.655   1303.656   1316.000     4.3537     4.3543   3.342417   3.342404     1.9689     1.6459      65.97   22.27380  -96.77018   -0.00001   -0.00015     4.5744     4.6046     4.2465     4.2471    34.9653    34.9644    27.7324    27.7316    1497.24    198.778    200.094         31 0.0000e+00
      44178   1840.716   1319.455   1332.000     4.3507     4.3509   3.342752   3.342719     1.9673     1.6449     100.00   22.27328  -96.76791   -0.00016   -0.00017     4.5784     4.6107     4.2420     4.2423    34.9644    34.9638    27.7322    27.7316    1497.12    198.954    200.360         40 0.0000e+00
      44327   1846.923   1325.380   1338.000     4.3497     4.3499   3.342965   3.342917     1.9667     1.6438     100.00   22.27352  -96.76896   -0.00006   -0.00018     4.5800     4.6100     4.2405     4.2407    34.9650    34.9642    27.7328    27.7322    1497.10    199.022    200.328         35 0.0000e+00
      44363   1848.417   1326.368   1339.000     4.3491     4.3493   3.343004   3.342966     1.9664     1.6435     100.00   22.27394  -96.77080   -0.00005   -0.00035     4.5792     4.6094     4.2398     4.2401    34.9656    34.9649    27.7334    27.7328    1497.12    198.990    200.303         32 0.0000e+00
      45098   1879.052   1355.001   1368.000     4.3395     4.3399   3.343416   3.343379     1.9654     1.6426      99.99   22.27382  -96.77030    0.00001   -0.00013     4.5944     4.6246     4.2277     4.2281    34.9662    34.9653    27.7351    27.7344    1496.97    199.647    200.962         30 0.0000e+00
      45306   1887.713   1362.899   1376.000     4.3369     4.3373   3.343522   3.343501     1.9636     1.6412     100.00   22.27375  -96.77002   -0.00020   -0.00014     4.5926     4.6241     4.2244     4.2248    34.9662    34.9655    27.7355    27.7349    1496.93    199.570    200.939         32 0.0000e+00
      45460   1894.120   1368.823   1382.000     4.3285     4.3289   3.343063   3.343035     1.9635     1.6412     100.00   22.27388  -96.77059    0.00000    0.00006     4.5969     4.6286     4.2155     4.2159    34.9667    34.9660    27.7369    27.7362    1496.91    199.758    201.136         39 0.0000e+00
      45642   1901.708   1375.733   1389.000     4.3236     4.3240   3.342950   3.342933     1.9644     1.6423     100.00   22.27394  -96.77084    0.00015    0.00001     4.6051     4.6379     4.2100     4.2105    34.9671    34.9665    27.7378    27.7372    1496.88    200.116    201.539         31 0.0000e+00
      46444   1935.141   1406.334   1420.000     4.3159     4.3164   3.343606   3.343587     1.9632     1.6410     100.00   22.27388  -96.77059   -0.00005 2.4146e-11     4.6201     4.6524     4.1996     4.2001    34.9676    34.9669    27.7393    27.7387    1496.75    200.763    202.169         32 0.0000e+00
      46568   1940.293   1411.269   1425.000     4.3146     4.3148   3.343686   3.343645     1.9626     1.6402      79.01   22.27374  -96.76986   -0.00010   -0.00014     4.6212     4.6523     4.1978     4.1981    34.9675    34.9668    27.7394    27.7388    1496.72    200.812    202.162         30 0.0000e+00
      46599   1941.603   1412.256   1426.000     4.3143     4.3143   3.343723   3.343668     1.9628     1.6399      99.97   22.27396  -96.77084   -0.00005   -0.00029     4.6226     4.6518     4.1974     4.1975    34.9678    34.9671    27.7397    27.7391    1496.73    200.871    202.142         32 0.0000e+00
