GOMECC/GOMECC-4/1db/drb2103_0671.cnv
* Sea-Bird SBE 9 Data File:
* FileName = C:\Users\scs.user.rb\CTD\GOMECC4\data\rb2103_0671.hex
* Software Version Seasave V 7.26.7.107
* Temperature SN = 4799
* Conductivity SN = 3860
* Number of Bytes Per Scan = 41
* Number of Voltage Words = 4
* Number of Scans Averaged by the Deck Unit = 1
* NMEA Latitude = 26 03.51 N
* NMEA Longitude = 095 50.44 W
* NMEA UTC (Time) = Oct 03 2021  02:51:18
* NMEA baud rate = 4800
# nquan = 28
# nvalues = 252                         
# units = specified
# name 0 = scan: Scan Count
# name 1 = timeS: Time, Elapsed [seconds]
# name 2 = depSM: Depth [salt water, m]
# name 3 = prDM: Pressure, Digiquartz [db]
# name 4 = t090C: Temperature [ITS-90, deg C]
# name 5 = t190C: Temperature, 2 [ITS-90, deg C]
# name 6 = c0S/m: Conductivity [S/m]
# name 7 = c1S/m: Conductivity, 2 [S/m]
# name 8 = sbeox0V: Oxygen raw, SBE 43 [V]
# name 9 = sbeox1V: Oxygen raw, SBE 43, 2 [V]
# name 10 = altM: Altimeter [m]
# name 11 = latitude: Latitude [deg]
# name 12 = longitude: Longitude [deg]
# name 13 = sbox0dV/dT: Oxygen, SBE 43 [dov/dt]
# name 14 = sbox1dV/dT: Oxygen, SBE 43, 2 [dov/dt]
# name 15 = sbeox0ML/L: Oxygen, SBE 43 [ml/l], WS = 5
# name 16 = sbeox1ML/L: Oxygen, SBE 43, 2 [ml/l], WS = 5
# name 17 = potemp090C: Potential Temperature [ITS-90, deg C]
# name 18 = potemp190C: Potential Temperature, 2 [ITS-90, deg C]
# name 19 = sal00: Salinity, Practical [PSU]
# name 20 = sal11: Salinity, Practical, 2 [PSU]
# name 21 = sigma-é00: Density [sigma-theta, kg/m^3]
# name 22 = sigma-é11: Density, 2 [sigma-theta, kg/m^3]
# name 23 = avgsvCM: Average Sound Velocity [Chen-Millero, m/s], minP = 20, minS = 20
# name 24 = sbox0Mm/Kg: Oxygen, SBE 43 [umol/kg], WS = 5
# name 25 = sbox1Mm/Kg: Oxygen, SBE 43, 2 [umol/kg], WS = 5
# name 26 = nbin: number of scans per bin
# name 27 = flag: flag
# span 0 =      19873,      54307       
# span 1 =    827.988,   2262.747       
# span 2 =      3.974,   1116.639       
# span 3 =      4.000,   1127.000       
# span 4 =     4.8086,    29.3494       
# span 5 =     4.8092,    29.3513       
# span 6 =   3.373574,   5.844348       
# span 7 =   3.373592,   5.844657       
# span 8 =     1.5777,     3.3739       
# span 9 =     1.2845,     2.8937       
# span 10 =      10.01,     100.55      
# span 11 =   26.05029,   26.06021      
# span 12 =  -95.84466,  -95.80993      
# span 13 =   -0.04171,    0.03707      
# span 14 =   -0.04068,    0.03785      
# span 15 =     2.4158,     5.0504      
# span 16 =     2.4404,     5.0734      
# span 17 =     4.7146,    29.3465      
# span 18 =     4.7152,    29.3484      
# span 19 =    34.9104,    36.4991      
# span 20 =    34.9099,    36.5006      
# span 21 =    22.1846,    27.6648      
# span 22 =    22.1852,    27.6644      
# span 23 =       0.00,    1544.94      
# span 24 =    105.046,    220.312      
# span 25 =    106.116,    221.279      
# span 26 =         30,         67      
# span 27 = 0.0000e+00, 0.0000e+00      
# interval = decibars: 1                
# start_time = Oct 03 2021 02:51:18 [NMEA time, header]
# bad_flag = -9.990e-29
*END*
[from data line 52]
      22604    941.803     55.628     56.000    23.7634    23.7677   5.343014   5.343544     3.1754     2.7210     100.00   26.05864  -95.84072   -0.02031   -0.01838     4.8834     4.9041    23.7507    23.7560    36.2370    36.2375    24.6522    24.6513    1542.01    212.846    213.747         42 0.0000e+00
      22647    943.581     56.621     57.000    23.6815    23.6833   5.337157   5.337394     3.1431     2.6898     100.00   26.05864  -95.84072   -0.02150   -0.01808     4.8267     4.8435    23.6696    23.6713    36.2579    36.2583    24.6921    24.6919    1541.86    210.366    211.099         40 0.0000e+00
      22681    944.994     57.615     58.000    23.6253    23.6285   5.333605   5.334172     3.1091     2.6577     100.00   26.05864  -95.84072   -0.01895   -0.01780     4.7753     4.7879    23.6156    23.6164    36.2746    36.2764    24.7206    24.7211    1541.73    208.121    208.668         30 0.0000e+00
      22710    946.227     58.608     59.000    23.4315    23.4379   5.309778   5.310684     3.0745     2.6251     100.00   26.05864  -95.84072   -0.02342   -0.02214     4.7074     4.7151    23.4145    23.4258    36.2560    36.2579    24.7657    24.7653    1541.60    205.154    205.486         30 0.0000e+00
      22742    947.540     59.601     60.000    23.2969    23.3040   5.295166   5.296197     3.0620     2.6166     100.00   26.05864  -95.84072   -0.02263   -0.02095     4.7006     4.7154    23.2843    23.2916    36.2502    36.2523    24.7994    24.7989    1541.42    204.847    205.495         35 0.0000e+00
      22780    949.108     60.594     61.000    23.2131    23.2154   5.287114   5.287534     3.0518     2.6137     100.00   26.05864  -95.84072   -0.01260   -0.00926     4.6881     4.7169    23.2005    23.2028    36.2565    36.2579    24.8286    24.8291    1541.27    204.298    205.552         38 0.0000e+00
      22815    950.598     61.587     62.000    23.0990    23.1057   5.275463   5.276435     3.0318     2.5892      71.18   26.05864  -95.84072   -0.00829   -0.00553     4.6583     4.6732    23.0863    23.0929    36.2602    36.2622    24.8647    24.8643    1541.12    202.991    203.640         33 0.0000e+00
      22847    951.902     62.581     63.000    22.9973    23.0023   5.265664   5.266418     3.0110     2.5720      99.69   26.05864  -95.84072   -0.01231   -0.01184     4.6256     4.6427    22.9844    22.9894    36.2679    36.2697    24.9001    24.9000    1540.98    201.559    202.304         31 0.0000e+00
      22878    953.224     63.574     64.000    22.7947    22.8043   5.240544   5.241968     2.9879     2.5531     100.00   26.05864  -95.84072   -0.01640   -0.01588     4.5977     4.6179    22.7816    22.7912    36.2401    36.2432    24.9376    24.9372    1540.83    200.339    201.217         32 0.0000e+00
      22911    954.588     64.567     65.000    22.6721    22.6771   5.224226   5.225177     3.0031     2.5725     100.00   26.05864  -95.84072   -0.01071   -0.00812     4.6405     4.6730    22.6589    22.6639    36.2142    36.2174    24.9532    24.9543    1540.68    202.199    203.615         34 0.0000e+00
      22946    956.049     65.560     66.000    22.5604    22.5683   5.210256   5.211384     3.0414     2.6127      74.84   26.05864  -95.84072    0.00881    0.01175     4.7294     4.7734    22.5470    22.5549    36.1973    36.1996    24.9725    24.9720    1540.52    206.069    207.989         35 0.0000e+00
      22980    957.438     66.553     67.000    22.4674    22.4716   5.201068   5.201737     3.0716     2.6403      75.13   26.05864  -95.84072    0.02374    0.02467     4.7997     4.8442    22.4539    22.4581    36.2023    36.2041    25.0029    25.0031    1540.38    209.126    211.063         31 0.0000e+00
      23010    958.725     67.546     68.000    22.3385    22.3419   5.187699   5.188262     3.0732     2.6395      99.93   26.05864  -95.84072    0.01884    0.01762     4.8152     4.8536    22.3230    22.3284    36.2059    36.2074    25.0430    25.0431    1540.23    209.795    211.466         32 0.0000e+00
      23045    960.170     68.540     69.000    22.2635    22.2658   5.182186   5.182552     3.0602     2.6222     100.00   26.05864  -95.84072    0.00384    0.00154     4.7956     4.8217    22.2497    22.2520    36.2232    36.2241    25.0769    25.0770    1540.08    208.932    210.071         37 0.0000e+00
      23080    961.624     69.533     70.000    22.1913    22.1934   5.176939   5.177335     3.0233     2.5868     100.00   26.05864  -95.84072   -0.01172   -0.01331     4.7262     4.7477    22.1773    22.1794    36.2418    36.2432    25.1117    25.1121    1539.93    205.900    206.837         32 0.0000e+00
      23111    962.934     70.526     71.000    22.0747    22.0790   5.160529   5.163245     2.9729     2.5429     100.00   26.05864  -95.84072   -0.02480   -0.02441     4.6279     4.6539    22.0313    22.0652    36.2338    36.2360    25.1469    25.1420    1539.82    201.612    202.744         32 0.0000e+00
      23144    964.290     71.519     72.000    22.0102    22.0112   5.157338   5.157716     2.9597     2.5295     100.00   26.05864  -95.84072   -0.02741   -0.02488     4.6131     4.6348    21.9958    21.9969    36.2380    36.2400    25.1600    25.1613    1539.64    200.967    201.910         33 0.0000e+00
      23178    965.688     72.512     73.000    22.0067    22.0074   5.157251   5.157587     2.9431     2.5134     100.00   26.05864  -95.84072   -0.01763   -0.01599     4.5798     4.5990    21.9922    21.9929    36.2398    36.2418    25.1624    25.1637    1539.50    199.512    200.352         33 0.0000e+00
      23209    966.984     73.506     74.000    21.9976    21.9991   5.156712   5.157078     2.9316     2.5049     100.00   26.05864  -95.84072   -0.01128   -0.01040     4.5574     4.5809    21.9829    21.9844    36.2428    36.2444    25.1673    25.1681    1539.36    198.536    199.561         31 0.0000e+00
      23243    968.406     74.498     75.000    21.9888    21.9888   5.156049   5.156291     2.9198     2.4958      98.46   26.05864  -95.84072   -0.00957   -0.00769     4.5342     4.5617    21.9739    21.9739    36.2446    36.2465    25.1712    25.1727    1539.24    197.525    198.723         37 0.0000e+00
      23279    969.905     75.491     76.000    21.9680    21.9709   5.154038   5.154558     2.9088     2.4857      99.92   26.05864  -95.84072   -0.00810   -0.00644     4.5166     4.5436    21.9530    21.9558    36.2458    36.2475    25.1780    25.1785    1539.11    196.755    197.936         34 0.0000e+00
      23311    971.247     76.485     77.000    21.8295    21.8359   5.136967   5.137903     2.8982     2.4757     100.00   26.05864  -95.84072   -0.00750   -0.00674     4.5005     4.5247    21.7918    21.8216    36.2451    36.2469    25.2228    25.2223    1539.01    196.046    197.102         32 0.0000e+00
      23343    972.600     77.478     78.000    21.7441    21.7494   5.131635   5.132233     2.8844     2.4620     100.00   26.05864  -95.84072   -0.00827   -0.00796     4.4836     4.5057    21.7287    21.7340    36.2554    36.2557    25.2483    25.2470    1538.85    195.308    196.270         32 0.0000e+00
      23376    973.964     78.471     79.000    21.6345    21.6385   5.123159   5.123671     2.8512     2.4252      99.94   26.05864  -95.84072   -0.01164   -0.01172     4.4240     4.4305    21.6189    21.6229    36.2799    36.2806    25.2976    25.2970    1538.71    192.703    192.983         33 0.0000e+00
      23409    975.350     79.464     80.000    21.6232    21.6231   5.123568   5.123757     2.7691     2.3424     100.00   26.05864  -95.84072   -0.03110   -0.03066     4.2549     4.2428    21.6075    21.6074    36.2923    36.2938    25.3102    25.3114    1538.59    185.332    184.806         34 0.0000e+00
      23444    976.797     80.457     81.000    21.6218    21.6236   5.124210   5.124587     2.7282     2.3108     100.00   26.05864  -95.84072   -0.04171   -0.04068     4.1702     4.1707    21.6059    21.6076    36.2982    36.2997    25.3151    25.3158    1538.46    181.645    181.663         35 0.0000e+00
      23478    978.195     81.450     82.000    21.5905    21.5934   5.121245   5.121670     2.6969     2.2857     100.00   26.05864  -95.84072   -0.03625   -0.03254     4.1147     4.1205    21.5745    21.5773    36.3006    36.3020    25.3258    25.3260    1538.34    179.223    179.475         32 0.0000e+00
      23509    979.515     82.443     83.000    21.5130    21.5147   5.113540   5.113934     2.6716     2.2656      59.15   26.05864  -95.84072   -0.02435   -0.01958     4.0546     4.0669    21.4968    21.4985    36.3042    36.3059    25.3501    25.3509    1538.22    176.603    177.137         31 0.0000e+00
      23541    980.827     83.437     84.000    21.4714    21.4754   5.108877   5.109491     2.6526     2.2494      95.72   26.05864  -95.84072   -0.01871   -0.01496     4.0262     4.0426    21.4550    21.4590    36.3018    36.3033    25.3599    25.3599    1538.10    175.361    176.077         33 0.0000e+00
      23577    982.317     84.429     85.000    21.3624    21.3659   5.096765   5.097357     2.6389     2.2392      99.95   26.05864  -95.84074   -0.01441   -0.01186     4.0066     4.0279    21.3459    21.3494    36.2967    36.2984    25.3862    25.3866    1537.99    174.506    175.432         39 0.0000e+00
      23614    983.859     85.423     86.000    21.2541    21.2616   5.084717   5.085653     2.6313     2.2356     100.00   26.05864  -95.84074   -0.00887   -0.00616     3.9997     4.0279    21.2375    21.2449    36.2914    36.2927    25.4122    25.4111    1537.87    174.201    175.429         33 0.0000e+00
      23644    985.142     86.416     87.000    21.1738    21.1792   5.075613   5.076457     2.6308     2.2356     100.00   26.05864  -95.84072   -0.00467   -0.00267     4.0057     4.0344    21.1569    21.1623    36.2861    36.2883    25.4303    25.4305    1537.75    174.458    175.707         30 0.0000e+00
      23676    986.443     87.409     88.000    21.0488    21.0617   5.061474   5.063085     2.6324     2.2354     100.00   26.05864  -95.84072   -0.00124   -0.00060     4.0194     4.0428    21.0318    21.0448    36.2781    36.2800    25.4585    25.4565    1537.63    175.049    176.069         33 0.0000e+00
      23710    987.859     88.402     89.000    20.8587    20.8656   5.039986   5.040825     2.6417     2.2529     100.00   26.05864  -95.84072    0.00160    0.00187     4.0628     4.0999    20.8404    20.8489    36.2669    36.2685    25.5023    25.5019    1537.51    176.934    178.546         34 0.0000e+00
      23743    989.261     89.395     90.000    20.8115    20.8139   5.035519   5.035980     2.6532     2.2597     100.00   26.05864  -95.84072    0.00567    0.00688     4.0830     4.1192    20.7943    20.7967    36.2697    36.2713    25.5170    25.5176    1537.39    177.810    179.387         33 0.0000e+00
      23777    990.648     90.388     91.000    20.7904    20.7923   5.033635   5.034022     2.6537     2.2589     100.00   26.05864  -95.84072    0.00663    0.00676     4.0862     4.1196    20.7731    20.7749    36.2720    36.2736    25.5246    25.5253    1537.27    177.950    179.401         34 0.0000e+00
      23810    992.031     91.381     92.000    20.7744    20.7755   5.032442   5.032668     2.6488     2.2529     100.00   26.05864  -95.84072    0.00126    0.00036     4.0773     4.1074    20.7568    20.7580    36.2750    36.2765    25.5313    25.5321    1537.15    177.558    178.867         33 0.0000e+00
      23842    993.383     92.374     93.000    20.7706    20.7717   5.032258   5.032568     2.6413     2.2452     100.00   26.05864  -95.84072   -0.00330   -0.00380     4.0625     4.0900    20.7528    20.7539    36.2770    36.2786    25.5339    25.5349    1537.03    176.913    178.113         32 0.0000e+00
      23875    994.739     93.367     94.000    20.7677    20.7684   5.032251   5.032513     2.6361     2.2408     100.00   26.05864  -95.84072   -0.00476   -0.00494     4.0523     4.0805    20.7498    20.7505    36.2791    36.2806    25.5363    25.5373    1536.93    176.468    177.697         33 0.0000e+00
      23908    996.134     94.360     95.000    20.7263    20.7318   5.029440   5.029845     2.6285     2.2341     100.00   26.05864  -95.84072   -0.00438   -0.00395     4.0368     4.0650    20.7077    20.7143    36.2886    36.2896    25.5550    25.5540    1536.83    175.789    177.019         34 0.0000e+00
      23941    997.518     95.353     96.000    20.6714    20.6731   5.024203   5.024525     2.6055     2.2093      99.78   26.05865  -95.84072   -0.00763   -0.00746     3.9955     4.0150    20.6532    20.6548    36.2953    36.2965    25.5749    25.5754    1536.70    173.989    174.840         32 0.0000e+00
      23974    998.862     96.346     97.000    20.6325    20.6351   5.021993   5.022388     2.5772     2.1797      99.99   26.05864  -95.84073   -0.01465   -0.01538     3.9388     3.9488    20.6141    20.6167    36.3103    36.3112    25.5969    25.5969    1536.60    171.516    171.952         33 0.0000e+00
      24006   1000.227     97.339     98.000    20.5864    20.5892   5.018038   5.018474     2.5309     2.1342     100.00   26.05864  -95.84074   -0.02311   -0.02400     3.8421     3.8458    20.5678    20.5706    36.3172    36.3183    25.6147    25.6148    1536.49    167.301    167.462         32 0.0000e+00
      24040   1001.615     98.332     99.000    20.5406    20.5426   5.014079   5.014448     2.4904     2.0984     100.00   26.05866  -95.84072   -0.02958   -0.02896     3.7620     3.7663    20.5218    20.5239    36.3239    36.3252    25.6323    25.6327    1536.39    163.814    163.998         34 0.0000e+00
      24073   1002.997     99.325    100.000    20.5180    20.5192   5.012384   5.012678     2.4569     2.0691      99.48   26.05866  -95.84072   -0.02980   -0.02677     3.6927     3.6999    20.4990    20.5003    36.3291    36.3304    25.6424    25.6430    1536.28    160.794    161.106         33 0.0000e+00
      24105   1004.324    100.318    101.000    20.4785    20.4828   5.008689   5.009293     2.4317     2.0463     100.00   26.05866  -95.84072   -0.02455   -0.02152     3.6424     3.6494    20.4594    20.4637    36.3325    36.3337    25.6556    25.6554    1536.18    158.600    158.906         31 0.0000e+00
      24138   1005.708    101.311    102.000    20.3507    20.3573   4.996331   4.997099     2.4051     2.0245     100.00   26.05866  -95.84072   -0.02018   -0.01753     3.5949     3.6070    20.3314    20.3380    36.3410    36.3416    25.6966    25.6953    1536.07    156.527    157.052         36 0.0000e+00
      24174   1007.213    102.304    103.000    20.2304    20.2357   4.984336   4.985036     2.3704     1.9904     100.00   26.05866  -95.84072   -0.02020   -0.01796     3.5296     3.5354    20.2111    20.2164    36.3459    36.3471    25.7326    25.7320    1535.97    153.678    153.931         35 0.0000e+00
      24234   1009.700    104.290    105.000    20.0073    20.0109   4.964512   4.964992     2.3092     1.9320      99.99   26.05629  -95.83201   -0.02222   -0.02092     3.4141     3.4127    19.9879    19.9913    36.3743    36.3752    25.8135    25.8133    1535.62    148.636    148.576         31 0.0000e+00
      24271   1011.241    105.283    106.000    19.9659    19.9678   4.961596   4.961946     2.2508     1.8744     100.00   26.05866  -95.84072   -0.02918   -0.02872     3.2912     3.2794    19.9462    19.9481    36.3864    36.3877    25.8340    25.8345    1535.66    143.285    142.770         39 0.0000e+00
      24308   1012.778    106.276    107.000    19.9207    19.9238   4.957890   4.958347     2.2027     1.8335     100.00   26.05866  -95.84072   -0.03617   -0.03467     3.1894     3.1844    19.9006    19.9042    36.3948    36.3960    25.8525    25.8526    1535.55    138.849    138.629         34 0.0000e+00
