GOMECC/GOMECC-4/1db/drb2103_0791.cnv
* Sea-Bird SBE 9 Data File:
* FileName = C:\Users\scs.user.rb\CTD\GOMECC4\data\rb2103_0791.hex
* Software Version Seasave V 7.26.7.107
* Temperature SN = 4799
* Conductivity SN = 3860
* Number of Bytes Per Scan = 41
* Number of Voltage Words = 4
* Number of Scans Averaged by the Deck Unit = 1
* NMEA Latitude = 22 16.43 N
* NMEA Longitude = 097 21.67 W
* NMEA UTC (Time) = Oct 06 2021  04:28:40
* NMEA baud rate = 4800
# nquan = 28
# nvalues = 187                         
# units = specified
# name 0 = scan: Scan Count
# name 1 = timeS: Time, Elapsed [seconds]
# name 2 = depSM: Depth [salt water, m]
# name 3 = prDM: Pressure, Digiquartz [db]
# name 4 = t090C: Temperature [ITS-90, deg C]
# name 5 = t190C: Temperature, 2 [ITS-90, deg C]
# name 6 = c0S/m: Conductivity [S/m]
# name 7 = c1S/m: Conductivity, 2 [S/m]
# name 8 = sbeox0V: Oxygen raw, SBE 43 [V]
# name 9 = sbeox1V: Oxygen raw, SBE 43, 2 [V]
# name 10 = altM: Altimeter [m]
# name 11 = latitude: Latitude [deg]
# name 12 = longitude: Longitude [deg]
# name 13 = sbox0dV/dT: Oxygen, SBE 43 [dov/dt]
# name 14 = sbox1dV/dT: Oxygen, SBE 43, 2 [dov/dt]
# name 15 = sbeox0ML/L: Oxygen, SBE 43 [ml/l], WS = 5
# name 16 = sbeox1ML/L: Oxygen, SBE 43, 2 [ml/l], WS = 5
# name 17 = potemp090C: Potential Temperature [ITS-90, deg C]
# name 18 = potemp190C: Potential Temperature, 2 [ITS-90, deg C]
# name 19 = sal00: Salinity, Practical [PSU]
# name 20 = sal11: Salinity, Practical, 2 [PSU]
# name 21 = sigma-é00: Density [sigma-theta, kg/m^3]
# name 22 = sigma-é11: Density, 2 [sigma-theta, kg/m^3]
# name 23 = avgsvCM: Average Sound Velocity [Chen-Millero, m/s], minP = 20, minS = 20
# name 24 = sbox0Mm/Kg: Oxygen, SBE 43 [umol/kg], WS = 5
# name 25 = sbox1Mm/Kg: Oxygen, SBE 43, 2 [umol/kg], WS = 5
# name 26 = nbin: number of scans per bin
# name 27 = flag: flag
# span 0 =       5257,      16504       
# span 1 =    218.983,    687.610       
# span 2 =      2.981,    238.362       
# span 3 =      3.000,    240.000       
# span 4 =    14.4810,    29.4451       
# span 5 =    14.4828,    29.4467       
# span 6 =   4.347512,   5.962365       
# span 7 =   4.347675,   5.962699       
# span 8 =     1.7175,     3.3247       
# span 9 =     1.4057,     2.8366       
# span 10 =       5.16,     101.20      
# span 11 =   22.13372,   22.27550      
# span 12 =  -97.36822,  -96.74838      
# span 13 =   -0.04958,    0.02676      
# span 14 =   -0.04745,    0.02760      
# span 15 =     2.4519,     4.9552      
# span 16 =     2.4695,     4.9611      
# span 17 =    14.4452,    29.4397      
# span 18 =    14.4470,    29.4412      
# span 19 =    35.8860,    36.5214      
# span 20 =    35.8864,    36.5231      
# span 21 =    22.7226,    26.7768      
# span 22 =    22.7230,    26.7767      
# span 23 =       0.00,    1547.18      
# span 24 =    106.645,    216.069      
# span 25 =    107.413,    216.328      
# span 26 =         30,         61      
# span 27 = 0.0000e+00, 0.0000e+00      
# interval = decibars: 1                
# start_time = Oct 06 2021 04:28:40 [NMEA time, header]
# bad_flag = -9.990e-29
*END*
       5257    218.983      2.981      3.000    29.4362    29.4360   5.959943   5.960084     3.1451     2.6567      98.99   22.27396  -97.36140    0.00071   -0.00132     4.3271     4.3017    29.4355    29.4352    36.2630    36.2642    22.8659    22.8668       0.00    188.929    187.821         41 0.0000e+00
       5741    239.156      3.975      4.000    29.4363    29.4377   5.960028   5.960319     3.1472     2.6622      99.90   22.27396  -97.36138    0.00023    0.00066     4.3315     4.3131    29.4353    29.4367    36.2633    36.2642    22.8661    22.8664       0.00    189.120    188.315         41 0.0000e+00
       5964    248.461      4.969      5.000    29.4358    29.4370   5.960020   5.960307     3.1481     2.6646     100.00   22.27396  -97.36139   -0.00022   -0.00001     4.3336     4.3184    29.4346    29.4358    36.2633    36.2644    22.8664    22.8668       0.00    189.210    188.548         31 0.0000e+00
       6101    254.179      6.956      7.000    29.2504    29.2517   5.922590   5.922878     3.1280     2.6475      94.93   22.13372  -96.74838   -0.00045   -0.00037     4.3069     4.2914    29.2487    29.2500    36.0350    36.0361    22.7226    22.7230       0.00    188.047    187.370         58 0.0000e+00
       6206    258.548      7.950      8.000    29.4356    29.4370   5.960144   5.960460     3.1457     2.6628      97.91   22.27396  -97.36138   -0.00062   -0.00047     4.3309     4.3163    29.4337    29.4351    36.2634    36.2645    22.8668    22.8671       0.00    189.095    188.458         55 0.0000e+00
       6261    260.819      8.944      9.000    29.4355    29.4372   5.960184   5.960522     3.1464     2.6645      81.75   22.27396  -97.36138   -0.00011    0.00022     4.3326     4.3202    29.4333    29.4350    36.2634    36.2645    22.8669    22.8671       0.00    189.170    188.628         61 0.0000e+00
       6320    263.289      9.937     10.000    29.4358    29.4373   5.960261   5.960582     3.1491     2.6622     100.47   22.27396  -97.36138    0.00099   -0.00059     4.3380     4.3163    29.4334    29.4348    36.2634    36.2646    22.8669    22.8673       0.00    189.405    188.457         52 0.0000e+00
       6368    265.284     10.931     11.000    29.4370    29.4382   5.960452   5.960743     3.1487     2.6645     100.00   22.27396  -97.36139    0.00065    0.00029     4.3376     4.3212    29.4343    29.4355    36.2636    36.2646    22.8667    22.8671       0.00    189.386    188.671         47 0.0000e+00
       6415    267.255     11.925     12.000    29.4374    29.4385   5.960540   5.960729     3.1457     2.6662     100.00   22.27396  -97.36140   -0.00107    0.00102     4.3329     4.3252    29.4345    29.4356    36.2636    36.2647    22.8667    22.8671       0.00    189.182    188.844         47 0.0000e+00
       6465    269.334     12.918     13.000    29.4418    29.4421   5.961069   5.961254     3.1464     2.6662     100.00   22.27396  -97.36140   -0.00051    0.00019     4.3343     4.3253    29.4386    29.4389    36.2635    36.2646    22.8652    22.8659       0.00    189.242    188.852         54 0.0000e+00
       6517    271.489     13.912     14.000    29.4431    29.4445   5.961250   5.961562     3.1467     2.6642     100.00   22.27396  -97.36140    0.00037    0.00012     4.3352     4.3216    29.4396    29.4410    36.2635    36.2646    22.8649    22.8652       0.00    189.281    188.690         47 0.0000e+00
       6560    273.298     14.906     15.000    29.4434    29.4449   5.961331   5.961641     3.1469     2.6628     100.00   22.27396  -97.36140    0.00004   -0.00121     4.3360     4.3194    29.4397    29.4412    36.2635    36.2646    22.8648    22.8651       0.00    189.317    188.593         43 0.0000e+00
       6608    275.306     15.899     16.000    29.4434    29.4449   5.961368   5.961696     3.1439     2.6633     100.00   22.27396  -97.36140   -0.00074   -0.00066     4.3312     4.3210    29.4395    29.4410    36.2635    36.2646    22.8649    22.8652       0.00    189.108    188.663         52 0.0000e+00
       6660    277.446     16.893     17.000    29.4431    29.4446   5.961383   5.961714     3.1458     2.6604     100.00   22.27396  -97.36140   -0.00027   -0.00037     4.3350     4.3157    29.4389    29.4405    36.2635    36.2647    22.8651    22.8654       0.00    189.275    188.432         49 0.0000e+00
       6706    279.391     17.887     18.000    29.4432    29.4445   5.961423   5.961739     3.1451     2.6585     100.00   22.27396  -97.36140    0.00043   -0.00085     4.3344     4.3125    29.4387    29.4400    36.2635    36.2647    22.8651    22.8656       0.00    189.249    188.292         44 0.0000e+00
       6750    281.190     18.880     19.000    29.4430    29.4448   5.961460   5.961816     3.1450     2.6578     100.00   22.27396  -97.36140   -0.00016   -0.00145     4.3346     4.3116    29.4383    29.4402    36.2636    36.2646    22.8653    22.8655       0.00    189.258    188.253         46 0.0000e+00
       6804    283.442     19.874     20.000    29.4429    29.4442   5.961501   5.961802     3.1439     2.6582     100.00   22.27396  -97.36140   -0.00025    0.00077     4.3332     4.3130    29.4380    29.4393    36.2636    36.2647    22.8655    22.8658     735.00    189.196    188.311         58 0.0000e+00
       6851    285.419     20.868     21.000    29.4433    29.4449   5.961585   5.961928     3.1458     2.6584     100.00   22.27396  -97.36140   -0.00035   -0.00079     4.3372     4.3137    29.4381    29.4398    36.2636    36.2647    22.8655    22.8657    1547.18    189.370    188.344         39 0.0000e+00
       6894    287.195     21.861     22.000    29.4422    29.4442   5.961512   5.961882     3.1454     2.6605     100.00   22.27396  -97.36140    0.00089    0.00098     4.3370     4.3186    29.4368    29.4388    36.2636    36.2647    22.8659    22.8660    1546.10    189.359    188.556         50 0.0000e+00
       6948    289.444     22.855     23.000    29.4427    29.4442   5.961610   5.961936     3.1433     2.6585      97.64   22.27396  -97.36140   -0.00087   -0.00005     4.3337     4.3150    29.4370    29.4386    36.2637    36.2647    22.8658    22.8662    1546.11    189.215    188.399         52 0.0000e+00
       6993    291.342     23.849     24.000    29.4418    29.4436   5.961561   5.961914     3.1414     2.6571      99.99   22.27396  -97.36140   -0.00103   -0.00135     4.3309     4.3129    29.4359    29.4377    36.2637    36.2648    22.8662    22.8665    1546.11    189.095    188.307         42 0.0000e+00
       7039    293.269     24.842     25.000    29.4411    29.4427   5.961549   5.961883     3.1445     2.6610      86.62   22.27396  -97.36141    0.00028    0.00069     4.3371     4.3211    29.4350    29.4366    36.2638    36.2649    22.8667    22.8669    1546.11    189.365    188.668         51 0.0000e+00
       7090    295.383     25.836     26.000    29.4416    29.4419   5.961611   5.961864     3.1440     2.6584      95.31   22.27396  -97.36142    0.00093    0.00071     4.3367     4.3166    29.4352    29.4355    36.2636    36.2651    22.8664    22.8674    1546.11    189.347    188.471         47 0.0000e+00
       7135    297.234     26.830     27.000    29.4435    29.4445   5.961861   5.962147     3.1433     2.6579      99.86   22.27396  -97.36142   -0.00042   -0.00113     4.3358     4.3160    29.4368    29.4379    36.2636    36.2648    22.8659    22.8664    1546.12    189.309    188.442         47 0.0000e+00
       7187    299.417     27.823     28.000    29.4429    29.4446   5.961869   5.962203     3.1419     2.6602     100.00   22.27396  -97.36142   -0.00074    0.00040     4.3338     4.3209    29.4360    29.4377    36.2638    36.2648    22.8663    22.8665    1546.12    189.223    188.658         52 0.0000e+00
       7233    301.351     28.817     29.000    29.4406    29.4412   5.961683   5.961940     3.1405     2.6582      99.91   22.27396  -97.36142   -0.00018    0.00000     4.3320     4.3177    29.4335    29.4340    36.2639    36.2653    22.8672    22.8681    1546.13    189.141    188.517         44 0.0000e+00
       7278    303.223     29.810     30.000    29.4408    29.4430   5.961759   5.962146     3.1399     2.6587     100.00   22.27396  -97.36142   -0.00117   -0.00005     4.3314     4.3192    29.4335    29.4356    36.2640    36.2651    22.8673    22.8674    1546.13    189.114    188.581         46 0.0000e+00
       7326    305.226     30.804     31.000    29.4428    29.4435   5.961999   5.962240     3.1431     2.6556      85.99   22.27396  -97.36142    0.00106   -0.00097     4.3376     4.3134    29.4352    29.4359    36.2639    36.2650    22.8666    22.8672    1546.14    189.385    188.332         53 0.0000e+00
       7383    307.596     31.798     32.000    29.4441    29.4451   5.962173   5.962452     3.1415     2.6544      96.74   22.27396  -97.36142    0.00011   -0.00059     4.3351     4.3115    29.4362    29.4373    36.2638    36.2649    22.8662    22.8667    1546.14    189.277    188.247         51 0.0000e+00
       7424    309.273     32.791     33.000    29.4442    29.4459   5.962223   5.962558     3.1370     2.6584      99.96   22.27396  -97.36142   -0.00167    0.00012     4.3276     4.3199    29.4361    29.4378    36.2638    36.2648    22.8662    22.8665    1546.15    188.949    188.614         37 0.0000e+00
       7470    311.215     33.785     34.000    29.4451    29.4467   5.962365   5.962699     3.1389     2.6570      70.77   22.27396  -97.36142   -0.00081    0.00081     4.3313     4.3175    29.4368    29.4384    36.2637    36.2648    22.8660    22.8663    1546.15    189.114    188.509         59 0.0000e+00
       7527    313.565     34.778     35.000    29.4409    29.4425   5.961964   5.962322     3.1405     2.6573     101.20   22.27396  -97.36142    0.00108   -0.00032     4.3351     4.3188    29.4324    29.4339    36.2638    36.2651    22.8676    22.8680    1546.16    189.279    188.567         46 0.0000e+00
       7567    315.252     35.772     36.000    29.4260    29.4287   5.960597   5.961046     3.1399     2.6602     100.00   22.27396  -97.36142    0.00022    0.00076     4.3356     4.3261    29.4172    29.4199    36.2654    36.2665    22.8739    22.8738    1546.16    189.299    188.885         41 0.0000e+00
       7617    317.324     36.766     37.000    29.4238    29.4237   5.960436   5.960632     3.1418     2.6616      71.61   22.27396  -97.36142    0.00025    0.00112     4.3398     4.3299    29.4147    29.4146    36.2657    36.2669    22.8749    22.8758    1546.17    189.479    189.048         57 0.0000e+00
       7669    319.496     37.759     38.000    29.4199    29.4218   5.960099   5.960430     3.1433     2.6604     100.51   22.27396  -97.36144    0.00092    0.00015     4.3433     4.3281    29.4106    29.4125    36.2660    36.2671    22.8766    22.8767    1546.17    189.632    188.971         45 0.0000e+00
       7712    321.289     38.753     39.000    29.4175    29.4186   5.959917   5.960213     3.1442     2.6648     100.00   22.27396  -97.36144    0.00064    0.00052     4.3456     4.3376    29.4079    29.4090    36.2663    36.2675    22.8777    22.8783    1546.18    189.732    189.382         45 0.0000e+00
       7764    323.466     39.746     40.000    29.4172    29.4184   5.959937   5.960235     3.1442     2.6632      69.76   22.27396  -97.36144    0.00012    0.00081     4.3460     4.3350    29.4073    29.4085    36.2664    36.2675    22.8780    22.8784    1546.18    189.753    189.271         56 0.0000e+00
       7812    325.458     40.740     41.000    29.4195    29.4202   5.960226   5.960475     3.1438     2.6596     100.00   22.27396  -97.36144    0.00015   -0.00129     4.3457     4.3282    29.4095    29.4101    36.2663    36.2675    22.8772    22.8778    1546.19    189.737    188.972         41 0.0000e+00
       7858    327.380     41.733     42.000    29.4200    29.4202   5.960151   5.960390     3.1424     2.6598     100.00   22.27396  -97.36144   -0.00073   -0.00113     4.3434     4.3287    29.4097    29.4099    36.2661    36.2674    22.8769    22.8778    1546.19    189.639    188.994         53 0.0000e+00
       7907    329.403     42.727     43.000    29.3714    29.3745   5.956402   5.957021     3.1443     2.6583     100.00   22.27396  -97.36143    0.00023   -0.00008     4.3520     4.3287    29.3608    29.3639    36.2690    36.2709    22.8957    22.8960    1546.20    190.010    188.993         40 0.0000e+00
       7951    331.245     43.720     44.000    29.1318    29.1424   5.931646   5.933157     3.1583     2.6728     100.00   22.27396  -97.36144    0.00305    0.00194     4.3949     4.3754    29.1211    29.1317    36.2860    36.2883    22.9893    22.9874    1546.20    191.867    191.015         58 0.0000e+00
       8014    333.877     44.714     45.000    28.7433    28.7633   5.892188   5.894629     3.2133     2.7315     100.00   22.27396  -97.36144    0.01886    0.02158     4.5268     4.5220    28.7325    28.7525    36.3083    36.3101    23.1363    23.1310    1546.18    197.592    197.387         51 0.0000e+00
       8051    335.409     45.708     46.000    28.0217    28.0380   5.813142   5.815610     3.2455     2.7669     100.00   22.27396  -97.36144    0.02171    0.02268     4.6427     4.6484    28.0108    28.0271    36.3082    36.3130    23.3750    23.3733    1546.14    202.608    202.856         33 0.0000e+00
       8089    336.992     46.701     47.000    27.6689    27.6760   5.775386   5.776613     3.3036     2.8220     100.00   22.27396  -97.36144    0.02676    0.02760     4.7798     4.7897    27.6579    27.6650    36.3137    36.3169    23.4949    23.4950    1546.07    208.566    208.999         44 0.0000e+00
       8161    339.991     47.695     48.000    27.1607    27.2031   5.719725   5.724878     3.3220     2.8358     100.00   22.27396  -97.36144    0.01375    0.01113     4.8581     4.8567    27.1496    27.1920    36.3118    36.3156    23.6580    23.6472    1546.00    211.949    211.892         40 0.0000e+00
       8229    342.837     49.682     50.000    26.5820    26.5838   5.654428   5.654815     3.3140     2.8347      99.86   22.24296  -97.22594   -0.00206   -0.00007     4.8988     4.9101    26.5706    26.5724    36.2816    36.2845    23.8172    23.8188    1543.63    213.689    214.181         56 0.0000e+00
       8295    345.574     50.675     51.000    26.5324    26.5380   5.650946   5.651897     3.3247     2.8366     100.00   22.27396  -97.36144    0.00217    0.00112     4.9200     4.9147    26.5212    26.5264    36.3077    36.3105    23.8560    23.8564    1545.68    214.608    214.377         50 0.0000e+00
       8344    347.610     51.669     52.000    26.2745    26.2878   5.621870   5.623784     3.3121     2.8282     100.00   22.27396  -97.36145   -0.00161   -0.00287     4.9199     4.9187    26.2628    26.2760    36.2998    36.3032    23.9316    23.9300    1545.57    214.588    214.534         51 0.0000e+00
       8392    349.612     52.662     53.000    26.0233    26.0236   5.594340   5.594743     3.2964     2.8182     100.00   22.27396  -97.36146   -0.00792   -0.00519     4.9143     4.9203    26.0114    26.0118    36.2974    36.3001    24.0090    24.0109    1545.45    214.329    214.587         42 0.0000e+00
       8434    351.360     53.656     54.000    25.6581    25.6679   5.554504   5.555996     3.2856     2.8123     100.00   22.27396  -97.36145   -0.00697   -0.00406     4.9253     4.9380    25.6461    25.6559    36.2948    36.2979    24.1210    24.1203    1545.32    214.785    215.336         46 0.0000e+00
       8485    353.483     54.649     55.000    25.4231    25.4270   5.529437   5.530236     3.2895     2.8133     100.00   22.27396  -97.36145   -0.00270   -0.00154     4.9546     4.9611    25.4110    25.4149    36.2968    36.2996    24.1954    24.1963    1545.19    216.046    216.328         55 0.0000e+00
