GOMECC/GOMECC-4/1db/drb2103_1061.cnv
* Sea-Bird SBE 9 Data File:
* FileName = C:\Users\scs.user.rb\CTD\GOMECC4\data\rb2103_1061.hex
* Software Version Seasave V 7.26.7.107
* Temperature SN = 4799
* Conductivity SN = 3860
* Number of Bytes Per Scan = 41
* Number of Voltage Words = 4
* Number of Scans Averaged by the Deck Unit = 1
* NMEA Latitude = 26 00.02 N
* NMEA Longitude = 088 00.00 W
* NMEA UTC (Time) = Oct 13 2021  21:11:53
* NMEA baud rate = 4800
# nquan = 28
# nvalues = 628                         
# units = specified
# name 0 = scan: Scan Count
# name 1 = timeS: Time, Elapsed [seconds]
# name 2 = depSM: Depth [salt water, m]
# name 3 = prDM: Pressure, Digiquartz [db]
# name 4 = t090C: Temperature [ITS-90, deg C]
# name 5 = t190C: Temperature, 2 [ITS-90, deg C]
# name 6 = c0S/m: Conductivity [S/m]
# name 7 = c1S/m: Conductivity, 2 [S/m]
# name 8 = sbeox0V: Oxygen raw, SBE 43 [V]
# name 9 = sbeox1V: Oxygen raw, SBE 43, 2 [V]
# name 10 = altM: Altimeter [m]
# name 11 = latitude: Latitude [deg]
# name 12 = longitude: Longitude [deg]
# name 13 = sbox0dV/dT: Oxygen, SBE 43 [dov/dt]
# name 14 = sbox1dV/dT: Oxygen, SBE 43, 2 [dov/dt]
# name 15 = sbeox0ML/L: Oxygen, SBE 43 [ml/l], WS = 5
# name 16 = sbeox1ML/L: Oxygen, SBE 43, 2 [ml/l], WS = 5
# name 17 = potemp090C: Potential Temperature [ITS-90, deg C]
# name 18 = potemp190C: Potential Temperature, 2 [ITS-90, deg C]
# name 19 = sal00: Salinity, Practical [PSU]
# name 20 = sal11: Salinity, Practical, 2 [PSU]
# name 21 = sigma-é00: Density [sigma-theta, kg/m^3]
# name 22 = sigma-é11: Density, 2 [sigma-theta, kg/m^3]
# name 23 = avgsvCM: Average Sound Velocity [Chen-Millero, m/s], minP = 20, minS = 20
# name 24 = sbox0Mm/Kg: Oxygen, SBE 43 [umol/kg], WS = 5
# name 25 = sbox1Mm/Kg: Oxygen, SBE 43, 2 [umol/kg], WS = 5
# name 26 = nbin: number of scans per bin
# name 27 = flag: flag
# span 0 =      10771,      97200       
# span 1 =    448.739,   4049.953       
# span 2 =      3.974,   3015.255       
# span 3 =      4.000,   3057.000       
# span 4 =     4.2998,    29.6461       
# span 5 =     4.3006,    29.6476       
# span 6 =   3.354731,   5.986186       
# span 7 =   3.354714,   5.986539       
# span 8 =     1.5822,     3.1810       
# span 9 =     1.2836,     2.6948       
# span 10 =      11.01,     101.80      
# span 11 =   25.98943,   26.00253      
# span 12 =  -88.00697,  -87.96280      
# span 13 =   -0.01005,    0.00877      
# span 14 =   -0.00961,    0.00753      
# span 15 =     2.5095,     4.7134      
# span 16 =     2.5247,     4.7114      
# span 17 =     4.0794,    29.6442      
# span 18 =     4.0804,    29.6454      
# span 19 =    34.9033,    36.9656      
# span 20 =    34.9027,    36.9666      
# span 21 =    22.8099,    27.7595      
# span 22 =    22.8103,    27.7582      
# span 23 =       0.00,    1559.53      
# span 24 =    109.112,    204.817      
# span 25 =    109.775,    204.729      
# span 26 =         30,         68      
# span 27 = 0.0000e+00, 0.0000e+00      
# interval = decibars: 1                
# start_time = Oct 13 2021 21:11:53 [NMEA time, header]
# bad_flag = -9.990e-29
*END*
[from data line 311]
      37182   1549.189    819.987    827.000     7.3206     7.3216   3.588474   3.588543     1.6059     1.3082      68.28   26.00022  -87.99909    0.00019    0.00047     2.8074     2.8287     7.2377     7.2387    34.9293    34.9290    27.3297    27.3293    1519.61    122.043    122.968         31 0.0000e+00
      37213   1550.511    820.977    828.000     7.3140     7.3150   3.587912   3.587962     1.6074     1.3096     100.81   26.00054  -88.00018    0.00055    0.00082     2.8130     2.8343     7.2311     7.2321    34.9294    34.9289    27.3307    27.3302    1519.60    122.288    123.211         30 0.0000e+00
      37313   1554.670    824.935    832.000     7.2614     7.2622   3.583010   3.583016     1.6103     1.3124     100.00   25.99956  -87.99685    0.00071    0.00064     2.8277     2.8495     7.1784     7.1792    34.9271    34.9265    27.3364    27.3358    1519.42    122.926    123.872         30 0.0000e+00
      37347   1556.089    825.925    833.000     7.2465     7.2474   3.581744   3.581779     1.6110     1.3126     100.00   26.00054  -88.00018    0.00046    0.00047     2.8311     2.8515     7.1635     7.1644    34.9277    34.9271    27.3389    27.3383    1519.44    123.074    123.957         34 0.0000e+00
      37478   1561.528    830.872    838.000     7.1780     7.1789   3.575354   3.575403     1.6132     1.3147     100.00   26.00031  -87.99939    0.00048    0.00062     2.8452     2.8658     7.0949     7.0958    34.9244    34.9241    27.3460    27.3456    1519.27    123.685    124.582         31 0.0000e+00
      37587   1566.085    834.830    842.000     7.1524     7.1527   3.573003   3.572977     1.6154     1.3166      99.55   25.99988  -87.99793    0.00049    0.00043     2.8557     2.8756     7.0690     7.0693    34.9227    34.9220    27.3482    27.3477    1519.12    124.138    125.004         33 0.0000e+00
      37723   1571.756    839.778    847.000     7.1039     7.1046   3.568609   3.568631     1.6186     1.3193      75.24   26.00100  -88.00166    0.00069    0.00053     2.8715     2.8906     7.0203     7.0210    34.9212    34.9207    27.3540    27.3535    1519.02    124.828    125.657         34 0.0000e+00
      37828   1576.118    843.736    851.000     7.0784     7.0793   3.566219   3.566258     1.6207     1.3211     100.00   26.00011  -87.99865    0.00039    0.00042     2.8816     2.9003     6.9945     6.9955    34.9187    34.9182    27.3556    27.3550    1518.85    125.267    126.079         30 0.0000e+00
      37963   1581.769    848.683    856.000     7.0289     7.0297   3.561686   3.561710     1.6234     1.3235     100.00   26.00053  -88.00009    0.00045    0.00054     2.8960     2.9143     6.9449     6.9456    34.9166    34.9161    27.3608    27.3603    1518.72    125.891    126.686         30 0.0000e+00
      38153   1589.651    855.608    863.000     6.9439     6.9447   3.553840   3.553872     1.6282     1.3283      93.16   26.00064  -88.00049    0.00067    0.00079     2.9208     2.9402     6.8596     6.8605    34.9131    34.9126    27.3698    27.3693    1518.51    126.967    127.812         32 0.0000e+00
      38613   1608.829    872.428    880.000     6.7662     6.7670   3.538011   3.538041     1.6381     1.3377     100.00   26.00081  -88.00108    0.00052    0.00076     2.9732     2.9935     6.6813     6.6822    34.9105    34.9100    27.3921    27.3916    1518.01    129.243    130.126         30 0.0000e+00
      38720   1613.295    876.385    884.000     6.7024     6.7036   3.532156   3.532205     1.6440     1.3436      94.47   26.00126  -88.00263    0.00131    0.00122     2.9989     3.0208     6.6176     6.6188    34.9085    34.9079    27.3992    27.3986    1517.92    130.361    131.312         33 0.0000e+00
      38823   1617.591    880.342    888.000     6.6660     6.6667   3.528756   3.528770     1.6482     1.3475     100.00   25.99998  -87.99835    0.00091    0.00082     3.0174     3.0392     6.5811     6.5817    34.9058    34.9053    27.4019    27.4015    1517.72    131.163    132.109         31 0.0000e+00
      38935   1622.240    884.299    892.000     6.6565     6.6575   3.528145   3.528173     1.6509     1.3493     100.00   26.00036  -87.99965    0.00052    0.00043     3.0284     3.0479     6.5712     6.5722    34.9068    34.9061    27.4041    27.4034    1517.63    131.642    132.489         33 0.0000e+00
      39037   1626.500    888.256    896.000     6.6143     6.6147   3.524147   3.524132     1.6524     1.3512      86.02   25.99919  -87.99569    0.00038    0.00052     3.0384     3.0596     6.5289     6.5292    34.9033    34.9028    27.4070    27.4065    1517.44    132.077    132.996         37 0.0000e+00
      39144   1630.973    892.213    900.000     6.5748     6.5755   3.520700   3.520717     1.6557     1.3548     100.00   25.99943  -87.99649    0.00068    0.00072     3.0540     3.0770     6.4892     6.4899    34.9034    34.9028    27.4124    27.4118    1517.34    132.752    133.752         31 0.0000e+00
      39178   1632.389    893.202    901.000     6.5701     6.5709   3.520455   3.520472     1.6571     1.3560     100.00   26.00052  -88.00018    0.00080    0.00082     3.0593     3.0820     6.4845     6.4853    34.9050    34.9044    27.4143    27.4137    1517.37    132.984    133.971         31 0.0000e+00
      39254   1635.535    896.169    904.000     6.5291     6.5303   3.516698   3.516732     1.6586     1.3571     100.00   25.99942  -87.99646    0.00056    0.00043     3.0689     3.0906     6.4434     6.4446    34.9035    34.9027    27.4186    27.4177    1517.22    133.401    134.343         32 0.0000e+00
      39287   1636.923    897.159    905.000     6.5159     6.5167   3.515628   3.515650     1.6594     1.3579     100.00   26.00052  -88.00018    0.00043    0.00032     3.0728     3.0949     6.4302     6.4310    34.9047    34.9041    27.4213    27.4208    1517.26    133.567    134.530         30 0.0000e+00
      39391   1641.232    901.116    909.000     6.4855     6.4862   3.512984   3.513001     1.6630     1.3602     100.00   26.00024  -87.99922    0.00091    0.00058     3.0888     3.1070     6.3996     6.4003    34.9042    34.9037    27.4250    27.4245    1517.13    134.262    135.057         31 0.0000e+00
      39500   1645.781    905.072    913.000     6.4793     6.4802   3.512645   3.512678     1.6665     1.3641     100.00   26.00068  -88.00073    0.00096    0.00097     3.1024     3.1231     6.3931     6.3939    34.9048    34.9043    27.4263    27.4258    1517.04    134.854    135.755         30 0.0000e+00
      39792   1657.979    915.952    924.000     6.4189     6.4197   3.507673   3.507685     1.6703     1.3675     100.00   26.00049  -88.00014    0.00040    0.00055     3.1245     3.1448     6.3319     6.3327    34.9058    34.9051    27.4352    27.4345    1516.72    135.812    136.694         30 0.0000e+00
      39823   1659.236    916.941    925.000     6.4167     6.4174   3.507543   3.507556     1.6713     1.3681     100.00   26.00050  -88.00016    0.00065    0.00057     3.1281     3.1473     6.3296     6.3304    34.9061    34.9056    27.4358    27.4352    1516.70    135.970    136.806         30 0.0000e+00
      39956   1664.797    921.887    930.000     6.4166     6.4173   3.507863   3.507882     1.6710     1.3673     100.00   26.00092  -88.00157   -0.00017   -0.00006     3.1293     3.1466     6.3291     6.3298    34.9074    34.9069    27.4368    27.4364    1516.58    136.023    136.773         30 0.0000e+00
      40170   1673.692    929.800    938.000     6.3638     6.3647   3.503245   3.503252     1.6720     1.3687      76.99   25.99992  -87.99819    0.00037    0.00054     3.1403     3.1592     6.2759     6.2767    34.9058    34.9050    27.4425    27.4418    1516.31    136.499    137.322         30 0.0000e+00
      40202   1675.023    930.788    939.000     6.3368     6.3389   3.501213   3.501194     1.6728     1.3693     100.81   26.00050  -88.00016    0.00044    0.00052     3.1457     3.1638     6.2489     6.2510    34.9049    34.9040    27.4453    27.4444    1516.32    136.735    137.519         30 0.0000e+00
      40307   1679.423    934.745    943.000     6.3098     6.3103   3.498475   3.498471     1.6780     1.3756     100.00   26.00092  -88.00157    0.00128    0.00165     3.1667     3.1906     6.2217     6.2222    34.9051    34.9045    27.4491    27.4485    1516.23    137.647    138.685         36 0.0000e+00
      40410   1683.699    938.701    947.000     6.2968     6.2976   3.497360   3.497374     1.6829     1.3795     100.00   26.00003  -87.99860    0.00106    0.00097     3.1858     3.2072     6.2084     6.2092    34.9042    34.9035    27.4501    27.4495    1516.07    138.475    139.407         30 0.0000e+00
      40441   1685.016    939.690    948.000     6.2843     6.2852   3.496331   3.496347     1.6838     1.3796      97.11   26.00048  -88.00016    0.00084    0.00069     3.1903     3.2092     6.1959     6.1968    34.9050    34.9042    27.4524    27.4516    1516.07    138.672    139.494         30 0.0000e+00
      40844   1701.799    954.524    963.000     6.1643     6.1650   3.486150   3.486167     1.6942     1.3898     100.00   26.00091  -88.00162    0.00053    0.00056     3.2413     3.2624     6.0752     6.0759    34.9064    34.9059    27.4691    27.4686    1515.71    140.887    141.804         30 0.0000e+00
      41110   1712.856    964.413    973.000     6.1063     6.1070   3.481258   3.481269     1.7029     1.3972     100.00   25.99987  -87.99811    0.00089    0.00087     3.2797     3.2986     6.0167     6.0174    34.9061    34.9055    27.4764    27.4758    1515.39    142.556    143.377         34 0.0000e+00
      41249   1718.670    969.357    978.000     6.0713     6.0719   3.478522   3.478533     1.7049     1.3998     100.00   26.00147  -88.00349    0.00031    0.00050     3.2916     3.3132     5.9814     5.9821    34.9089    34.9082    27.4832    27.4825    1515.36    143.072    144.007         36 0.0000e+00
      41349   1722.831    973.313    982.000     6.0421     6.0430   3.475903   3.475917     1.7071     1.4018     100.00   25.99982  -87.99789    0.00052    0.00044     3.3036     3.3248     5.9521     5.9529    34.9073    34.9066    27.4856    27.4849    1515.16    143.591    144.513         33 0.0000e+00
      41383   1724.249    974.301    983.000     6.0302     6.0309   3.474951   3.474957     1.7081     1.4026     100.00   26.00048  -88.00014    0.00056    0.00059     3.3082     3.3291     5.9402     5.9408    34.9084    34.9078    27.4880    27.4874    1515.17    143.791    144.702         31 0.0000e+00
      41487   1728.582    978.257    987.000     6.0235     6.0241   3.474492   3.474495     1.7111     1.4057     100.00   26.00015  -87.99902    0.00069    0.00077     3.3205     3.3429     5.9331     5.9337    34.9081    34.9075    27.4886    27.4881    1515.06    144.328    145.298         34 0.0000e+00
      41592   1732.951    982.212    991.000     5.9991     5.9995   3.472468   3.472451     1.7122     1.4065      86.35   26.00006  -87.99871    0.00018    0.00021     3.3285     3.3497     5.9085     5.9089    34.9084    34.9079    27.4920    27.4915    1514.95    144.672    145.595         30 0.0000e+00
      41623   1734.259    983.201    992.000     5.9954     5.9957   3.472225   3.472206     1.7129     1.4066     100.32   26.00048  -88.00014    0.00027    0.00012     3.3313     3.3508     5.9047     5.9051    34.9090    34.9085    27.4930    27.4925    1514.95    144.797    145.644         30 0.0000e+00
      41889   1745.346    993.088   1002.000     5.9390     5.9395   3.467557   3.467553     1.7201     1.4133     100.00   26.00036  -87.99977    0.00069    0.00073     3.3649     3.3846     5.8478     5.8482    34.9095    34.9089    27.5005    27.5001    1514.70    146.254    147.108         30 0.0000e+00
      41996   1749.776    997.043   1006.000     5.9161     5.9167   3.465723   3.465726     1.7217     1.4150     100.00   26.00024  -87.99935    0.00035    0.00038     3.3742     3.3946     5.8247     5.8253    34.9103    34.9098    27.5041    27.5036    1514.60    146.657    147.545         31 0.0000e+00
      42211   1758.770   1004.953   1014.000     5.8725     5.8750   3.462868   3.462866     1.7255     1.4185     100.00   26.00046  -88.00010    0.00051    0.00020     3.3955     3.4143     5.7805     5.7830    34.9110    34.9100    27.5103    27.5092    1514.42    147.582    148.401         30 0.0000e+00
      42320   1763.296   1008.908   1018.000     5.8586     5.8589   3.461117   3.461098     1.7276     1.4207     100.00   26.00023  -87.99931    0.00054    0.00058     3.4048     3.4258     5.7664     5.7667    34.9116    34.9111    27.5125    27.5120    1514.32    147.988    148.900         32 0.0000e+00
      42532   1772.111   1016.817   1026.000     5.8211     5.8216   3.458141   3.458131     1.7312     1.4241     100.00   25.99997  -87.99843    0.00057    0.00047     3.4239     3.4453     5.7284     5.7289    34.9126    34.9121    27.5180    27.5175    1514.11    148.817    149.748         30 0.0000e+00
      42564   1773.452   1017.805   1027.000     5.8168     5.8173   3.457866   3.457858     1.7315     1.4247      98.33   26.00048  -88.00016    0.00054    0.00043     3.4257     3.4483     5.7241     5.7245    34.9135    34.9129    27.5193    27.5188    1514.12    148.896    149.877         32 0.0000e+00
      42695   1778.919   1022.748   1032.000     5.7925     5.7931   3.455874   3.455879     1.7340     1.4258      99.43   26.00021  -87.99926    0.00053    0.00029     3.4389     3.4571     5.6994     5.7000    34.9136    34.9130    27.5224    27.5219    1513.99    149.466    150.257         36 0.0000e+00
      43124   1796.807   1038.565   1048.000     5.6977     5.6983   3.448139   3.448137     1.7438     1.4355     100.00   26.00009  -87.99883    0.00070    0.00057     3.4884     3.5090     5.6038     5.6044    34.9158    34.9152    27.5360    27.5355    1513.62    151.617    152.514         33 0.0000e+00
      43158   1798.194   1039.554   1049.000     5.6952     5.6958   3.448007   3.448004     1.7451     1.4369     100.00   26.00048  -88.00014    0.00080    0.00080     3.4935     3.5146     5.6013     5.6019    34.9164    34.9157    27.5368    27.5362    1513.62    151.838    152.754         30 0.0000e+00
      43261   1802.495   1043.508   1053.000     5.6709     5.6716   3.446042   3.446055     1.7484     1.4402     100.00   26.00069  -88.00091    0.00069    0.00069     3.5087     3.5309     5.5767     5.5774    34.9172    34.9167    27.5405    27.5400    1513.55    152.499    153.464         34 0.0000e+00
      43581   1815.816   1055.369   1065.000     5.5881     5.5887   3.439155   3.439155     1.7586     1.4495     100.00   25.99991  -87.99827    0.00069    0.00061     3.5572     3.5792     5.4934     5.4940    34.9186    34.9179    27.5518    27.5512    1513.24    154.603    155.561         30 0.0000e+00
      43612   1817.143   1056.358   1066.000     5.5839     5.5844   3.438893   3.438883     1.7597     1.4506     100.00   26.00046  -88.00014    0.00056    0.00071     3.5620     3.5840     5.4891     5.4897    34.9195    34.9188    27.5531    27.5525    1513.26    154.813    155.768         31 0.0000e+00
      43907   1829.433   1067.231   1077.000     5.5385     5.5390   3.435397   3.435400     1.7664     1.4567     100.00   26.00070  -88.00094    0.00058    0.00045     3.5946     3.6164     5.4431     5.4436    34.9212    34.9207    27.5600    27.5596    1513.03    156.228    157.175         33 0.0000e+00
      44011   1833.764   1071.184   1081.000     5.5145     5.5149   3.433432   3.433414     1.7683     1.4586      86.72   25.99977  -87.99779    0.00040    0.00035     3.6056     3.6279     5.4189     5.4193    34.9209    34.9201    27.5627    27.5621    1512.89    156.705    157.676         34 0.0000e+00
