GOMECC/GOMECC-4/1db/drb2103_1071.cnv
* Sea-Bird SBE 9 Data File:
* FileName = C:\Users\scs.user.rb\CTD\GOMECC4\data\rb2103_1071.hex
* Software Version Seasave V 7.26.7.107
* Temperature SN = 4799
* Conductivity SN = 3860
* Number of Bytes Per Scan = 41
* Number of Voltage Words = 4
* Number of Scans Averaged by the Deck Unit = 1
* NMEA Latitude = 23 05.26 N
* NMEA Longitude = 086 16.38 W
* NMEA UTC (Time) = Oct 14 2021  17:43:34
* NMEA baud rate = 4800
# nquan = 28
# nvalues = 377                         
# units = specified
# name 0 = scan: Scan Count
# name 1 = timeS: Time, Elapsed [seconds]
# name 2 = depSM: Depth [salt water, m]
# name 3 = prDM: Pressure, Digiquartz [db]
# name 4 = t090C: Temperature [ITS-90, deg C]
# name 5 = t190C: Temperature, 2 [ITS-90, deg C]
# name 6 = c0S/m: Conductivity [S/m]
# name 7 = c1S/m: Conductivity, 2 [S/m]
# name 8 = sbeox0V: Oxygen raw, SBE 43 [V]
# name 9 = sbeox1V: Oxygen raw, SBE 43, 2 [V]
# name 10 = altM: Altimeter [m]
# name 11 = latitude: Latitude [deg]
# name 12 = longitude: Longitude [deg]
# name 13 = sbox0dV/dT: Oxygen, SBE 43 [dov/dt]
# name 14 = sbox1dV/dT: Oxygen, SBE 43, 2 [dov/dt]
# name 15 = sbeox0ML/L: Oxygen, SBE 43 [ml/l], WS = 5
# name 16 = sbeox1ML/L: Oxygen, SBE 43, 2 [ml/l], WS = 5
# name 17 = potemp090C: Potential Temperature [ITS-90, deg C]
# name 18 = potemp190C: Potential Temperature, 2 [ITS-90, deg C]
# name 19 = sal00: Salinity, Practical [PSU]
# name 20 = sal11: Salinity, Practical, 2 [PSU]
# name 21 = sigma-é00: Density [sigma-theta, kg/m^3]
# name 22 = sigma-é11: Density, 2 [sigma-theta, kg/m^3]
# name 23 = avgsvCM: Average Sound Velocity [Chen-Millero, m/s], minP = 20, minS = 20
# name 24 = sbox0Mm/Kg: Oxygen, SBE 43 [umol/kg], WS = 5
# name 25 = sbox1Mm/Kg: Oxygen, SBE 43, 2 [umol/kg], WS = 5
# name 26 = nbin: number of scans per bin
# name 27 = flag: flag
# span 0 =      10122,      47816       
# span 1 =    421.692,   1992.305       
# span 2 =      3.975,   1219.634       
# span 3 =      4.000,   1231.000       
# span 4 =     4.3653,    29.9219       
# span 5 =     4.3661,    29.9829       
# span 6 =   3.339790,   6.015194       
# span 7 =   3.339792,   6.022853       
# span 8 =     1.6137,     3.1953       
# span 9 =     1.3143,     2.7062       
# span 10 =      10.58,     100.33      
# span 11 =   23.07288,   23.08943      
# span 12 =  -86.27946,  -86.21817      
# span 13 =   -0.01238,    0.00867      
# span 14 =   -0.01137,    0.00859      
# span 15 =     2.6902,     4.5604      
# span 16 =     2.7076,     4.5826      
# span 17 =     4.2660,    29.9202      
# span 18 =     4.2665,    29.9812      
# span 19 =    34.8977,    37.0102      
# span 20 =    34.8972,    37.0118      
# span 21 =    22.7131,    27.7317      
# span 22 =    22.6929,    27.7309      
# span 23 =       0.00,    1551.03      
# span 24 =    116.975,    198.171      
# span 25 =    117.730,    199.136      
# span 26 =         30,         65      
# span 27 = 0.0000e+00, 0.0000e+00      
# interval = decibars: 1                
# start_time = Oct 14 2021 17:43:34 [NMEA time, header]
# bad_flag = -9.990e-29
*END*
[from data line 208]
      23053    960.486    398.087    401.000    15.9724    15.9737   4.532955   4.533175     2.0762     1.7358     100.00   23.08766  -86.27316    0.00118    0.00230     3.2884     3.3144    15.9081    15.9094    36.1390    36.1397    26.6453    26.6456    1532.62    143.047    144.180         31 0.0000e+00
      23180    965.804    403.046    406.000    15.8890    15.8899   4.522904   4.523078     2.0718     1.7269     100.00   23.08745  -86.27238   -0.00235   -0.00346     3.2859     3.2986    15.8241    15.8250    36.1228    36.1236    26.6522    26.6525    1532.42    142.939    143.493         34 0.0000e+00
      23213    967.177    404.038    407.000    15.8835    15.8846   4.522314   4.522497     2.0676     1.7239     100.00   23.08768  -86.27316   -0.00280   -0.00297     3.2766     3.2916    15.8185    15.8196    36.1222    36.1229    26.6530    26.6533    1532.40    142.534    143.187         30 0.0000e+00
      23310    971.226    408.005    411.000    15.8142    15.8157   4.513833   4.514060     2.0562     1.7141     100.00   23.08660  -86.26917   -0.00260   -0.00217     3.2547     3.2710    15.7487    15.7502    36.1073    36.1080    26.6574    26.6576    1532.18    141.582    142.288         32 0.0000e+00
      24107   1004.401    437.755    441.000    14.5698    14.5739   4.366703   4.367198     1.9452     1.6128     100.00   23.08781  -86.27363   -0.00220   -0.00259     3.0829     3.0964    14.5033    14.5074    35.8990    35.8998    26.7742    26.7740    1531.10    134.092    134.681         30 0.0000e+00
      24235   1009.758    442.712    446.000    14.4455    14.4469   4.352169   4.352414     1.9287     1.5982     100.00   23.08739  -86.27208   -0.00315   -0.00279     3.0523     3.0668    14.3787    14.3801    35.8775    35.8785    26.7846    26.7850    1530.88    132.758    133.392         32 0.0000e+00
      24366   1015.202    447.670    451.000    14.3519    14.3539   4.341158   4.341419     1.9175     1.5912      57.20   23.08657  -86.26906   -0.00215   -0.00132     3.0324     3.0557    14.2846    14.2866    35.8599    35.8604    26.7911    26.7911    1530.62    131.894    132.908         33 0.0000e+00
      24495   1020.604    452.628    456.000    14.1618    14.1632   4.318995   4.319189     1.9066     1.5795      99.27   23.08579  -86.26609   -0.00226   -0.00217     3.0201     3.0383    14.0943    14.0957    35.8279    35.8285    26.8070    26.8071    1530.37    131.355    132.148         34 0.0000e+00
      24532   1022.116    453.619    457.000    14.1389    14.1410   4.316550   4.316845     1.9036     1.5769     100.03   23.08768  -86.27316   -0.00227   -0.00203     3.0145     3.0329    14.0713    14.0734    35.8268    35.8276    26.8112    26.8114    1530.46    131.111    131.911         32 0.0000e+00
      24655   1027.251    458.577    462.000    14.0860    14.0872   4.310510   4.310689     1.8963     1.5705     100.00   23.08675  -86.26970   -0.00138   -0.00104     3.0013     3.0207    14.0179    14.0191    35.8172    35.8177    26.8150    26.8152    1530.19    130.537    131.382         31 0.0000e+00
      24687   1028.578    459.568    463.000    14.0789    14.0805   4.309826   4.310041     1.8943     1.5692     100.00   23.08768  -86.27316   -0.00136   -0.00097     2.9972     3.0178    14.0106    14.0122    35.8174    35.8179    26.8169    26.8169    1530.22    130.357    131.255         30 0.0000e+00
      25001   1041.668    471.466    475.000    13.5705    13.5721   4.250634   4.250858     1.8646     1.5412     100.00   23.08725  -86.27156   -0.00277   -0.00255     2.9609     2.9782    13.5022    13.5037    35.7308    35.7315    26.8564    26.8566    1529.71    128.776    129.527         30 0.0000e+00
      25635   1068.072    495.259    499.000    12.8869    12.8871   4.172695   4.172757     1.8178     1.4982     100.00   23.08697  -86.27057   -0.00226   -0.00221     2.8955     2.9108    12.8175    12.8177    35.6210    35.6214    26.9109    26.9112    1528.73    125.924    126.592         30 0.0000e+00
      25764   1073.445    500.215    504.000    12.6753    12.6763   4.148363   4.148492     1.8030     1.4846      99.99   23.08648  -86.26874   -0.00313   -0.00283     2.8729     2.8878    12.6059    12.6069    35.5847    35.5850    26.9249    26.9249    1528.49    124.939    125.589         31 0.0000e+00
      25796   1074.796    501.206    505.000    12.6581    12.6585   4.146607   4.146687     1.8004     1.4824     100.00   23.08767  -86.27316   -0.00292   -0.00284     2.8674     2.8829    12.5887    12.5891    35.5839    35.5843    26.9278    26.9281    1528.53    124.700    125.375         31 0.0000e+00
      25927   1080.269    506.163    510.000    12.5674    12.5688   4.136554   4.136682     1.7931     1.4770     100.00   23.08852  -86.27633   -0.00125   -0.00112     2.8560     2.8751    12.4975    12.4990    35.5709    35.5707    26.9358    26.9354    1528.38    124.205    125.032         32 0.0000e+00
      26058   1085.702    511.119    515.000    12.2907    12.2936   4.104998   4.105299     1.7800     1.4642     100.00   23.08798  -86.27432   -0.00263   -0.00287     2.8422     2.8579    12.2212    12.2241    35.5251    35.5252    26.9544    26.9539    1528.14    123.599    124.284         32 0.0000e+00
      26319   1096.600    521.031    525.000    12.0351    12.0361   4.076476   4.076604     1.7568     1.4431     100.00   23.08672  -86.26957   -0.00111   -0.00094     2.8008     2.8168    11.9652    11.9662    35.4853    35.4856    26.9729    26.9729    1527.63    121.800    122.496         30 0.0000e+00
      26351   1097.932    522.022    526.000    12.0246    12.0254   4.075495   4.075607     1.7560     1.4425     100.00   23.08768  -86.27314   -0.00093   -0.00070     2.7995     2.8162    11.9546    11.9554    35.4855    35.4859    26.9751    26.9752    1527.66    121.743    122.467         31 0.0000e+00
      26562   1106.706    529.951    534.000    11.9224    11.9216   4.064497   4.064444     1.7504     1.4386      67.92   23.08808  -86.27462   -0.00049   -0.00031     2.7942     2.8145    11.8517    11.8509    35.4719    35.4722    26.9842    26.9846    1527.35    121.511    122.392         30 0.0000e+00
      26693   1112.157    534.907    539.000    11.8575    11.8572   4.057254   4.057350     1.7482     1.4359      88.91   23.08792  -86.27404   -0.00034   -0.00065     2.7946     2.8123    11.7864    11.7861    35.4619    35.4618    26.9889    26.9889    1527.15    121.527    122.298         32 0.0000e+00
      26931   1122.100    543.827    548.000    11.7380    11.7389   4.044094   4.044209     1.7373     1.4257     100.00   23.08759  -86.27281   -0.00073   -0.00066     2.7762     2.7933    11.6661    11.6671    35.4413    35.4415    26.9956    26.9956    1526.77    120.724    121.471         30 0.0000e+00
      27032   1126.306    547.791    552.000    11.6999    11.7001   4.039960   4.039999     1.7349     1.4244      99.99   23.08627  -86.26787   -0.00050   -0.00025     2.7739     2.7936    11.6277    11.6278    35.4357    35.4359    26.9985    26.9986    1526.51    120.627    121.482         31 0.0000e+00
      27065   1127.678    548.783    553.000    11.6836    11.6840   4.038426   4.038470     1.7352     1.4247     100.00   23.08768  -86.27314   -0.00036   -0.00017     2.7760     2.7959    11.6113    11.6117    35.4353    35.4353    27.0013    27.0013    1526.57    120.716    121.580         31 0.0000e+00
      27193   1132.982    553.738    558.000    11.6100    11.6110   4.030256   4.030362     1.7347     1.4237     100.00   23.08689  -86.27017   -0.00020   -0.00033     2.7813     2.7994    11.5373    11.5383    35.4227    35.4228    27.0054    27.0053    1526.33    120.948    121.732         38 0.0000e+00
      27229   1134.507    554.729    559.000    11.5992    11.6000   4.029158   4.029250     1.7339     1.4237     100.00   23.08768  -86.27314   -0.00052   -0.00038     2.7803     2.8005    11.5265    11.5272    35.4219    35.4221    27.0069    27.0069    1526.34    120.905    121.780         30 0.0000e+00
      27317   1138.187    558.693    563.000    11.5103    11.5115   4.019280   4.019388     1.7310     1.4196      99.99   23.08555  -86.26517   -0.00074   -0.00096     2.7801     2.7957    11.4374    11.4386    35.4074    35.4076    27.0122    27.0121    1526.04    120.895    121.574         31 0.0000e+00
      27356   1139.810    559.684    564.000    11.4631    11.4643   4.014085   4.014171     1.7293     1.4185     100.00   23.08768  -86.27314   -0.00092   -0.00120     2.7787     2.7959    11.3903    11.3915    35.4010    35.4007    27.0161    27.0156    1526.15    120.833    121.581         38 0.0000e+00
      27486   1145.222    564.639    569.000    11.3004    11.3012   3.996034   3.996278     1.7207     1.4103     100.00   23.08838  -86.27576   -0.00160   -0.00165     2.7681     2.7843    11.2276    11.2294    35.3773    35.3772    27.0278    27.0275    1526.00    120.370    121.074         30 0.0000e+00
      27696   1153.965    572.566    577.000    11.1792    11.1803   3.982841   3.982978     1.7108     1.4016      98.14   23.08657  -86.26899   -0.00092   -0.00094     2.7518     2.7686    11.1059    11.1069    35.3570    35.3573    27.0343    27.0343    1525.58    119.660    120.389         34 0.0000e+00
      27828   1159.463    577.521    582.000    11.1506    11.1526   3.980103   3.980252     1.7081     1.4003      77.22   23.08736  -86.27195   -0.00045   -0.00020     2.7481     2.7683    11.0767    11.0787    35.3548    35.3552    27.0379    27.0379    1525.44    119.498    120.376         36 0.0000e+00
      27990   1166.215    583.466    588.000    10.9282    10.9293   3.955767   3.955883     1.7030     1.3963     100.00   23.08820  -86.27515   -0.00120   -0.00068     2.7513     2.7732    10.8545    10.8556    35.3236    35.3238    27.0541    27.0540    1525.27    119.637    120.589         30 0.0000e+00
      28388   1182.807    598.329    603.000    10.6365    10.6379   3.924218   3.924343     1.6828     1.3774      99.10   23.08796  -86.27427   -0.00063   -0.00053     2.7197     2.7400    10.5621    10.5635    35.2813    35.2814    27.0735    27.0733    1524.69    118.259    119.142         31 0.0000e+00
      28520   1188.302    603.283    608.000    10.4754    10.4763   3.906593   3.906686     1.6788     1.3724      94.81   23.08747  -86.27243   -0.00083   -0.00105     2.7209     2.7372    10.4011    10.4020    35.2566    35.2567    27.0826    27.0825    1524.46    118.312    119.019         32 0.0000e+00
      28834   1201.387    615.172    620.000    10.3561    10.3571   3.893988   3.894101     1.6690     1.3638     100.00   23.08669  -86.26951   -0.00060   -0.00080     2.7055     2.7226    10.2808    10.2818    35.2391    35.2392    27.0901    27.0899    1523.97    117.639    118.386         32 0.0000e+00
      28868   1202.796    616.163    621.000    10.3484    10.3492   3.893338   3.893420     1.6680     1.3632     100.00   23.08766  -86.27314   -0.00073   -0.00053     2.7034     2.7218    10.2730    10.2739    35.2395    35.2395    27.0918    27.0917    1524.00    117.548    118.349         32 0.0000e+00
      28968   1206.969    620.126    625.000    10.2633    10.2643   3.883999   3.884090     1.6643     1.3593     100.00   23.08667  -86.26943   -0.00094   -0.00094     2.7002     2.7167    10.1878    10.1888    35.2251    35.2251    27.0953    27.0951    1523.79    117.411    118.129         30 0.0000e+00
      29000   1208.294    621.117    626.000    10.2515    10.2518   3.882860   3.882881     1.6633     1.3586     100.00   23.08766  -86.27314   -0.00109   -0.00091     2.6986     2.7155    10.1760    10.1762    35.2248    35.2248    27.0972    27.0971    1523.81    117.339    118.076         30 0.0000e+00
      29102   1212.552    625.080    630.000    10.2093    10.2103   3.878372   3.878464     1.6604     1.3563     100.00   23.08746  -86.27238   -0.00080   -0.00054     2.6945     2.7126    10.1335    10.1345    35.2182    35.2182    27.0994    27.0992    1523.65    117.162    117.950         32 0.0000e+00
      29235   1218.072    630.033    635.000    10.0476    10.0494   3.861195   3.861332     1.6545     1.3507     100.00   23.08745  -86.27237   -0.00114   -0.00104     2.6902     2.7076     9.9719     9.9737    35.1979    35.1975    27.1114    27.1108    1523.47    116.975    117.730         31 0.0000e+00
      29448   1226.955    637.958    643.000     9.7227     9.7238   3.825910   3.826018     1.6459     1.3431      96.57   23.08721  -86.27147   -0.00103   -0.00096     2.6908     2.7085     9.6476     9.6486    35.1488    35.1488    27.1280    27.1279    1523.16    116.999    117.765         34 0.0000e+00
      30380   1265.804    672.627    678.000     9.0190     9.0203   3.753983   3.754099     1.6253     1.3248      94.67   23.08828  -86.27539   -0.00056   -0.00038     2.6909     2.7098     8.9431     8.9444    35.0762    35.0760    27.1870    27.1867    1521.97    116.993    117.817         30 0.0000e+00
      30567   1273.569    679.560    685.000     8.9862     8.9871   3.751380   3.751452     1.6252     1.3249      54.21   23.08780  -86.27360    0.00001   -0.00028     2.6953     2.7148     8.9097     8.9106    35.0779    35.0777    27.1937    27.1935    1521.68    117.183    118.035         32 0.0000e+00
      30697   1279.013    684.512    690.000     8.8957     8.8976   3.741964   3.742174     1.6243     1.3248     100.00   23.08754  -86.27262   -0.00017   -0.00005     2.7007     2.7224     8.8191     8.8273    35.0659    35.0657    27.1988    27.1983    1521.49    117.421    118.363         34 0.0000e+00
      30827   1284.426    689.464    695.000     8.6329     8.6346   3.713440   3.713570     1.6211     1.3210     100.00   23.08709  -86.27096   -0.00080   -0.00074     2.7119     2.7302     8.5571     8.5587    35.0228    35.0225    27.2063    27.2058    1521.27    117.907    118.700         31 0.0000e+00
      30859   1285.734    690.455    696.000     8.6051     8.6061   3.710484   3.710583     1.6204     1.3203     100.00   23.08768  -86.27316   -0.00067   -0.00073     2.7119     2.7304     8.5293     8.5303    35.0187    35.0187    27.2075    27.2073    1521.28    117.906    118.709         30 0.0000e+00
      31280   1303.283    706.300    712.000     8.2984     8.2991   3.678980   3.679033     1.6177     1.3187     100.00   23.08716  -86.27120   -0.00013   -0.00003     2.7314     2.7524     8.2224     8.2231    34.9809    34.9808    27.2252    27.2250    1520.66    118.749    119.662         32 0.0000e+00
      31313   1304.648    707.290    713.000     8.2929     8.2937   3.678522   3.678588     1.6177     1.3187     100.00   23.08768  -86.27312   -0.00007   -0.00000     2.7322     2.7532     8.2168     8.2177    34.9811    34.9810    27.2262    27.2260    1520.66    118.784    119.697         31 0.0000e+00
      31440   1309.960    712.242    718.000     8.2531     8.2539   3.674841   3.674885     1.6167     1.3178      94.44   23.08771  -86.27324   -0.00025   -0.00018     2.7338     2.7547     8.1767     8.1775    34.9791    34.9787    27.2307    27.2303    1520.48    118.854    119.765         33 0.0000e+00
      31893   1328.833    729.076    735.000     8.1117     8.1130   3.662250   3.662357     1.6155     1.3157     100.00   23.08767  -86.27310   -0.00040   -0.00045     2.7463     2.7644     8.0342     8.0355    34.9774    34.9772    27.2510    27.2507    1519.89    119.394    120.182         31 0.0000e+00
