GOMECC/GOMECC-4/1db/drb2103_0101.cnv
* Sea-Bird SBE 9 Data File:
* FileName = C:\Users\scs.user.rb\CTD\GOMECC4\data\rb2103_0101.hex
* Software Version Seasave V 7.26.7.107
* Temperature SN = 4799
* Conductivity SN = 3860
* Number of Bytes Per Scan = 41
* Number of Voltage Words = 4
* Number of Scans Averaged by the Deck Unit = 1
* NMEA Latitude = 26 13.28 N
* NMEA Longitude = 085 39.93 W
* NMEA UTC (Time) = Sep 17 2021  22:10:49
* NMEA baud rate = 4800
# nquan = 28
# nvalues = 585                         
# units = specified
# name 0 = scan: Scan Count
# name 1 = timeS: Time, Elapsed [seconds]
# name 2 = depSM: Depth [salt water, m]
# name 3 = prDM: Pressure, Digiquartz [db]
# name 4 = t090C: Temperature [ITS-90, deg C]
# name 5 = t190C: Temperature, 2 [ITS-90, deg C]
# name 6 = c0S/m: Conductivity [S/m]
# name 7 = c1S/m: Conductivity, 2 [S/m]
# name 8 = sbeox0V: Oxygen raw, SBE 43 [V]
# name 9 = sbeox1V: Oxygen raw, SBE 43, 2 [V]
# name 10 = altM: Altimeter [m]
# name 11 = latitude: Latitude [deg]
# name 12 = longitude: Longitude [deg]
# name 13 = sbox0dV/dT: Oxygen, SBE 43 [dov/dt]
# name 14 = sbox1dV/dT: Oxygen, SBE 43, 2 [dov/dt]
# name 15 = sbeox0ML/L: Oxygen, SBE 43 [ml/l], WS = 5
# name 16 = sbeox1ML/L: Oxygen, SBE 43, 2 [ml/l], WS = 5
# name 17 = potemp090C: Potential Temperature [ITS-90, deg C]
# name 18 = potemp190C: Potential Temperature, 2 [ITS-90, deg C]
# name 19 = sal00: Salinity, Practical [PSU]
# name 20 = sal11: Salinity, Practical, 2 [PSU]
# name 21 = sigma-é00: Density [sigma-theta, kg/m^3]
# name 22 = sigma-é11: Density, 2 [sigma-theta, kg/m^3]
# name 23 = avgsvCM: Average Sound Velocity [Chen-Millero, m/s], minP = 20, minS = 20
# name 24 = sbox0Mm/Kg: Oxygen, SBE 43 [umol/kg], WS = 5
# name 25 = sbox1Mm/Kg: Oxygen, SBE 43, 2 [umol/kg], WS = 5
# name 26 = nbin: number of scans per bin
# name 27 = flag: flag
# span 0 =      14203,     102135       
# span 1 =    591.751,   4255.567       
# span 2 =      4.967,   3242.305       
# span 3 =      5.000,   3289.000       
# span 4 =     4.2849,    30.1073       
# span 5 =     4.2855,    30.1126       
# span 6 =   3.345151,   5.965071       
# span 7 =   3.345089,   5.966846       
# span 8 =     1.6260,     3.1911       
# span 9 =     1.3346,     2.7386       
# span 10 =       9.47,     102.11      
# span 11 =   26.11964,   26.22308      
# span 12 =  -85.67062,  -85.33291      
# span 13 =   -0.04275,    0.03666      
# span 14 =   -0.03981,    0.03536      
# span 15 =     2.6096,     4.7358      
# span 16 =     2.6440,     4.7754      
# span 17 =     4.0798,    30.1031      
# span 18 =     4.0809,    30.1084      
# span 19 =    34.8995,    36.8004      
# span 20 =    34.8982,    36.8013      
# span 21 =    22.1795,    27.7597      
# span 22 =    22.2007,    27.7580      
# span 23 =       0.00,    1545.78      
# span 24 =    113.569,    206.524      
# span 25 =    115.067,    208.252      
# span 26 =         30,         69      
# span 27 = 0.0000e+00, 0.0000e+00      
# interval = decibars: 1                
# start_time = Sep 17 2021 22:10:49 [NMEA time, header]
# bad_flag = -9.990e-29
*END*
[from data line 52]
      17162    715.050     60.593     61.000    25.2015    25.2020   5.520752   5.521083     3.0860     2.6390     100.00   26.22152  -85.66570   -0.00385   -0.00423     4.5811     4.6077    25.1881    25.1886    36.4082    36.4103    24.3483    24.3497    1543.27    199.729    200.888         34 0.0000e+00
      17201    716.647     61.587     62.000    25.1864    25.1862   5.521364   5.521412     3.0564     2.6117     100.00   26.22152  -85.66572   -0.01340   -0.01386     4.5251     4.5506    25.1728    25.1727    36.4246    36.4251    24.3654    24.3658    1543.17    197.283    198.397         43 0.0000e+00
      17246    718.538     62.580     63.000    25.1793    25.1801   5.523670   5.523903     3.0333     2.5922     100.00   26.22152  -85.66571   -0.01552   -0.01408     4.4809     4.5092    25.1655    25.1663    36.4471    36.4482    24.3846    24.3852    1543.08    195.354    196.586         46 0.0000e+00
      17286    720.208     63.573     64.000    25.1564    25.1571   5.524943   5.525219     3.0150     2.5781     100.00   26.22152  -85.66570   -0.01197   -0.00949     4.4505     4.4849    25.1421    25.1435    36.4750    36.4765    24.4129    24.4138    1543.00    194.023    195.522         34 0.0000e+00
      17318    721.524     64.566     65.000    25.1783    25.1793   5.536562   5.536973     2.9889     2.5455     100.00   26.22152  -85.66571   -0.01272   -0.01202     4.3891     4.4023    25.1664    25.1653    36.5413    36.5434    24.4555    24.4568    1542.91    191.335    191.913         30 0.0000e+00
      17350    722.855     65.559     66.000    25.1814    25.1819   5.543165   5.543395     2.9397     2.4949     100.00   26.22152  -85.66572   -0.02078   -0.02304     4.2973     4.2988    25.1670    25.1675    36.5895    36.5908    24.4919    24.4927    1542.83    187.332    187.395         35 0.0000e+00
      17388    724.477     66.553     67.000    25.1230    25.1243   5.545783   5.546064     2.8762     2.4274      99.73   26.22152  -85.66572   -0.03650   -0.03723     4.1962     4.1791    25.1289    25.1101    36.6458    36.6470    24.5461    24.5467    1542.76    182.914    182.165         42 0.0000e+00
      17427    726.085     67.546     68.000    24.9045    24.9074   5.520291   5.520646     2.8087     2.3795      71.47   26.22152  -85.66571   -0.04275   -0.03981     4.0643     4.0705    24.8894    24.8926    36.6429    36.6431    24.6172    24.6165    1542.67    177.151    177.423         34 0.0000e+00
      17459    727.415     68.539     69.000    24.7277    24.7296   5.503866   5.504201     2.8024     2.3837      99.96   26.22152  -85.66570   -0.03089   -0.02403     4.0650     4.0922    24.7128    24.7146    36.6631    36.6642    24.6864    24.6866    1542.58    177.169    178.356         31 0.0000e+00
      17490    728.688     69.532     70.000    24.6786    24.6816   5.509067   5.509431     2.7976     2.3760     100.00   26.22152  -85.66572   -0.01349   -0.00798     4.0554     4.0739    24.6635    24.6664    36.7420    36.7423    24.7611    24.7604    1542.50    176.739    177.550         30 0.0000e+00
      17521    730.018     70.525     71.000    24.5783    24.5800   5.499583   5.499883     2.7225     2.2961     100.00   26.22152  -85.66572   -0.01769   -0.01939     3.9191     3.9130    24.5630    24.5647    36.7524    36.7532    24.7994    24.7995    1542.42    170.792    170.525         34 0.0000e+00
      17555    731.402     71.518     72.000    24.5272    24.5299   5.494592   5.494958     2.6885     2.2735     100.00   26.22152  -85.66572   -0.03351   -0.03303     3.8560     3.8673    24.5117    24.5144    36.7563    36.7569    24.8179    24.8175    1542.33    168.040    168.532         32 0.0000e+00
      17613    733.824     73.505     74.000    24.2795    24.2811   5.469529   5.469775     2.6474     2.2352      99.99   26.21894  -85.65730   -0.01856   -0.01493     3.7937     3.8010    24.2639    24.2653    36.7684    36.7690    24.9015    24.9016    1542.01    165.310    165.626         30 0.0000e+00
      17646    735.203     74.498     75.000    24.1700    24.1719   5.455997   5.456273     2.6332     2.2294     100.00   26.22152  -85.66572   -0.01504   -0.01298     3.7739     3.7967    24.1541    24.1559    36.7568    36.7573    24.9260    24.9258    1542.07    164.442    165.437         34 0.0000e+00
      17681    736.687     75.491     76.000    24.0230    24.0236   5.439063   5.439169     2.6293     2.2300     100.00   26.22152  -85.66572   -0.01069   -0.00806     3.7771     3.8083    24.0069    24.0075    36.7489    36.7492    24.9640    24.9641    1541.99    164.577    165.938         36 0.0000e+00
      17715    738.095     76.484     77.000    23.8901    23.8905   5.426467   5.426591     2.6256     2.2285     100.00   26.22154  -85.66572   -0.00433   -0.00114     3.7793     3.8139    23.8738    23.8743    36.7624    36.7629    25.0139    25.0142    1541.89    164.663    166.172         31 0.0000e+00
      17745    739.335     77.477     78.000    23.7213    23.7221   5.409827   5.409959     2.6162     2.2149     100.00   26.22154  -85.66572   -0.00314   -0.00259     3.7726     3.7956    23.7049    23.7057    36.7746    36.7749    25.0733    25.0734    1541.80    164.363    165.364         30 0.0000e+00
      17777    740.676     78.470     79.000    23.6304    23.6311   5.401622   5.401802     2.6019     2.2029     100.00   26.22152  -85.66572   -0.00685   -0.00743     3.7506     3.7753    23.6139    23.6145    36.7868    36.7876    25.1095    25.1100    1541.71    163.398    164.475         35 0.0000e+00
      17814    742.198     79.463     80.000    23.5385    23.5388   5.392501   5.392645     2.5845     2.1900     100.00   26.22154  -85.66572   -0.01045   -0.00943     3.7228     3.7534    23.5218    23.5221    36.7928    36.7937    25.1413    25.1419    1541.61    162.182    163.518         36 0.0000e+00
      17847    743.569     80.456     81.000    23.4596    23.4602   5.384986   5.385174     2.5709     2.1785      79.01   26.22154  -85.66572   -0.01099   -0.00841     3.7013     3.7335    23.4427    23.4433    36.8004    36.8013    25.1703    25.1708    1541.52    161.242    162.646         30 0.0000e+00
      17904    745.971     82.442     83.000    23.3975    23.3978   5.377935   5.378145     2.5492     2.1607      99.98   26.21682  -85.65035   -0.00929   -0.00815     3.6630     3.6989    23.3802    23.3805    36.7944    36.7958    25.1834    25.1844    1541.06    159.570    161.135         34 0.0000e+00
      17943    747.594     83.435     84.000    23.3704    23.3708   5.375435   5.375631     2.5442     2.1578     100.00   26.22153  -85.66572   -0.00679   -0.00496     3.6553     3.6949    23.3530    23.3533    36.8001    36.8013    25.1965    25.1972    1541.24    159.234    160.958         37 0.0000e+00
      17979    749.074     84.429     85.000    23.3350    23.3350   5.371208   5.371328     2.5407     2.1531     100.00   26.22154  -85.66572   -0.00370   -0.00265     3.6514     3.6876    23.3173    23.3174    36.7967    36.7976    25.2043    25.2050    1541.15    159.061    160.641         34 0.0000e+00
      18011    750.396     85.422     86.000    23.0124    23.0106   5.327188   5.326340     2.5315     2.1428     100.00   26.22154  -85.66572   -0.00312   -0.00378     3.6614     3.6916    22.9948    22.9929    36.7248    36.7197    25.2439    25.2405    1541.06    159.490    160.806         30 0.0000e+00
      18042    751.691     86.415     87.000    22.3458    22.3529   5.236761   5.237244     2.5177     2.1332     100.00   26.22154  -85.66572   -0.00638   -0.00639     3.6786     3.7128    22.3283    22.3354    36.5770    36.5749    25.3234    25.3197    1540.96    160.227    161.719         32 0.0000e+00
      18074    753.031     87.408     88.000    21.9108    21.9078   5.181767   5.181189     2.5162     2.1342     100.00   26.22154  -85.66572   -0.00780   -0.00571     3.7080     3.7466    21.8933    21.8903    36.5093    36.5073    25.3952    25.3945    1540.83    161.496    163.178         33 0.0000e+00
      18107    754.408     88.401     89.000    21.6078    21.6046   5.146937   5.146449     2.5082     2.1210     100.00   26.22154  -85.66572   -0.00461   -0.00364     3.7138     3.7382    21.5903    21.5871    36.4884    36.4873    25.4643    25.4643    1540.71    161.740    162.802         33 0.0000e+00
      18141    755.842     89.394     90.000    21.2983    21.2940   5.109867   5.109285     2.4814     2.0941     100.00   26.22154  -85.66572   -0.00766   -0.00949     3.6812     3.6982    21.2808    21.2765    36.4545    36.4534    25.5244    25.5247    1540.57    160.309    161.052         35 0.0000e+00
      18176    757.302     90.387     91.000    21.0804    21.0779   5.083895   5.083533     2.4489     2.0667     100.00   26.22154  -85.66572   -0.01752   -0.01749     3.6294     3.6504    21.0628    21.0603    36.4308    36.4301    25.5664    25.5665    1540.43    158.048    158.961         35 0.0000e+00
      18209    758.670     91.380     92.000    20.8557    20.8528   5.058128   5.057721     2.4207     2.0419     100.00   26.22154  -85.66572   -0.02141   -0.01872     3.5866     3.6088    20.8381    20.8352    36.4143    36.4134    25.6153    25.6155    1540.28    156.178    157.145         31 0.0000e+00
      18266    761.024     93.366     94.000    20.3426    20.3420   5.002404   5.002380     2.3424     1.9632      94.19   26.21519  -85.64498   -0.02627   -0.02555     3.4569     3.4596    20.3249    20.3243    36.3974    36.3977    25.7405    25.7409    1539.60    150.511    150.626         33 0.0000e+00
      18305    762.671     94.359     95.000    20.2424    20.2422   4.993007   4.993117     2.2847     1.9083      96.20   26.22154  -85.66572   -0.03499   -0.03437     3.3440     3.3407    20.2246    20.2243    36.4097    36.4108    25.7776    25.7785    1539.83    145.591    145.446         37 0.0000e+00
      18341    764.160     95.352     96.000    20.1933    20.1925   4.988255   4.988356     2.2378     1.8701     100.04   26.22154  -85.66572   -0.03695   -0.03440     3.2442     3.2511    20.1753    20.1745    36.4127    36.4142    25.7931    25.7944    1539.67    141.241    141.543         34 0.0000e+00
      18428    767.775     98.331     99.000    20.1582    20.1595   4.987432   4.987801     2.1830     1.8336      99.96   26.21099  -85.63124   -0.01406   -0.00912     3.1298     3.1680    20.1396    20.1409    36.4300    36.4319    25.8144    25.8156    1538.60    136.260    137.919         39 0.0000e+00
      18474    769.722     99.324    100.000    20.1542    20.1556   4.989187   4.989497     2.1768     1.8278     100.00   26.22154  -85.66572   -0.00736   -0.00491     3.1170     3.1549    20.1354    20.1368    36.4527    36.4541    25.8343    25.8349    1539.08    135.701    137.348         38 0.0000e+00
      18555    773.070    102.303    103.000    19.8559    19.8556   4.961812   4.961898     2.1385     1.7817      99.96   26.21047  -85.62957   -0.00755   -0.00880     3.0534     3.0638    19.8368    19.8365    36.4795    36.4804    25.9327    25.9334    1538.01    132.917    133.370         34 0.0000e+00
      18604    775.116    103.296    104.000    19.7681    19.7660   4.953276   4.953109     2.0764     1.7210     100.00   26.22154  -85.66572   -0.02597   -0.02924     2.9253     2.9255    19.7489    19.7468    36.4902    36.4907    25.9655    25.9664    1538.53    127.339    127.348         46 0.0000e+00
      18686    778.546    106.275    107.000    19.4503    19.4499   4.918133   4.918139     2.0168     1.6758      99.49   26.21115  -85.63181   -0.01597   -0.01172     2.8196     2.8401    19.4403    19.4315    36.4613    36.4616    26.0231    26.0234    1537.49    122.728    123.620         30 0.0000e+00
      18731    780.416    107.268    108.000    19.3732    19.3715   4.909568   4.909557     2.0021     1.6646      98.17   26.22154  -85.66574   -0.01215   -0.00983     2.7877     2.8139    19.3514    19.3520    36.4720    36.4734    26.0558    26.0573    1537.97    121.335    122.476         45 0.0000e+00
      18771    782.092    108.261    109.000    19.2934    19.2930   4.904912   4.905027     1.9866     1.6469     100.06   26.22154  -85.66573   -0.00949   -0.00815     2.7591     2.7762    19.2737    19.2732    36.5008    36.5020    26.0980    26.0991    1537.83    120.085    120.830         33 0.0000e+00
      18825    784.340    110.247    111.000    19.2408    19.2409   4.899689   4.899811     1.9436     1.6082      69.88   26.21756  -85.65275   -0.01566   -0.01601     2.6685     2.6868    19.2207    19.2208    36.5006    36.5015    26.1112    26.1118    1537.33    116.143    116.937         31 0.0000e+00
      18861    785.853    111.240    112.000    19.2055    19.2058   4.896603   4.896723     1.9321     1.6019      92.93   26.22154  -85.66574   -0.01528   -0.01252     2.6458     2.6738    19.1852    19.1856    36.5073    36.5080    26.1259    26.1264    1537.43    115.152    116.371         37 0.0000e+00
      18898    787.381    112.233    113.000    19.1158    19.1183   4.886678   4.887104     1.9273     1.6010     100.12   26.22154  -85.66574   -0.00900   -0.00472     2.6403     2.6770    19.0944    19.0981    36.5034    36.5046    26.1464    26.1467    1537.32    114.911    116.506         34 0.0000e+00
      18930    788.714    113.226    114.000    19.0391    19.0419   4.877802   4.878173     1.9259     1.5995     100.00   26.22154  -85.66574   -0.00335   -0.00122     2.6419     2.6772    19.0186    19.0214    36.4951    36.4957    26.1596    26.1594    1537.17    114.980    116.514         30 0.0000e+00
      18959    789.928    114.219    115.000    18.9528    18.9531   4.867377   4.867471     1.9211     1.5935     100.00   26.22154  -85.66574   -0.00203   -0.00146     2.6363     2.6677    18.9322    18.9325    36.4830    36.4835    26.1727    26.1729    1537.03    114.735    116.101         30 0.0000e+00
      18992    791.282    115.212    116.000    18.8700    18.8690   4.857320   4.857246     1.9135     1.5837     100.00   26.22154  -85.66574   -0.00377   -0.00439     2.6236     2.6489    18.8493    18.8483    36.4708    36.4711    26.1846    26.1851    1536.90    114.178    115.282         35 0.0000e+00
      19028    792.778    116.204    117.000    18.7961    18.7958   4.848789   4.848850     1.9047     1.5800     100.00   26.22154  -85.66574   -0.00582   -0.00560     2.6096     2.6440    18.7752    18.7750    36.4636    36.4644    26.1981    26.1987    1536.77    113.569    115.067         35 0.0000e+00
      19061    794.158    117.197    118.000    18.7467    18.7471   4.843358   4.843472     1.9040     1.5821     100.00   26.22154  -85.66574   -0.00429   -0.00252     2.6109     2.6519    18.7257    18.7261    36.4610    36.4616    26.2087    26.2091    1536.64    113.626    115.410         32 0.0000e+00
      19091    795.422    118.190    119.000    18.6952    18.6951   4.837749   4.837814     1.9061     1.5854     100.00   26.22154  -85.66574   -0.00137    0.00091     2.6186     2.6630    18.6740    18.6740    36.4586    36.4593    26.2201    26.2205    1536.51    113.961    115.892         30 0.0000e+00
      19123    796.754    119.183    120.000    18.6281    18.6276   4.830150   4.830153     1.9091     1.5894     100.00   26.22154  -85.66574    0.00122    0.00259     2.6292     2.6766    18.6069    18.6063    36.4532    36.4537    26.2330    26.2335    1536.39    114.419    116.483         34 0.0000e+00
      19159    798.268    120.176    121.000    18.5525    18.5526   4.821354   4.821464     1.9094     1.5877     100.00   26.22154  -85.66574    0.00168    0.00187     2.6346     2.6768    18.5312    18.5312    36.4451    36.4460    26.2459    26.2466    1536.26    114.651    116.487         37 0.0000e+00
