GOMECC/GOMECC-4/1db/drb2103_0281.cnv
* Sea-Bird SBE 9 Data File:
* FileName = C:\Users\scs.user.rb\CTD\GOMECC4\data\rb2103_0281.hex
* Software Version Seasave V 7.26.7.107
* Temperature SN = 4799
* Conductivity SN = 3860
* Number of Bytes Per Scan = 41
* Number of Voltage Words = 4
* Number of Scans Averaged by the Deck Unit = 1
* NMEA Latitude = 27 59.98 N
* NMEA Longitude = 086 37.19 W
* NMEA UTC (Time) = Sep 21 2021  18:09:14
* NMEA baud rate = 4800
# nquan = 28
# nvalues = 201                         
# units = specified
# name 0 = scan: Scan Count
# name 1 = timeS: Time, Elapsed [seconds]
# name 2 = depSM: Depth [salt water, m]
# name 3 = prDM: Pressure, Digiquartz [db]
# name 4 = t090C: Temperature [ITS-90, deg C]
# name 5 = t190C: Temperature, 2 [ITS-90, deg C]
# name 6 = c0S/m: Conductivity [S/m]
# name 7 = c1S/m: Conductivity, 2 [S/m]
# name 8 = sbeox0V: Oxygen raw, SBE 43 [V]
# name 9 = sbeox1V: Oxygen raw, SBE 43, 2 [V]
# name 10 = altM: Altimeter [m]
# name 11 = latitude: Latitude [deg]
# name 12 = longitude: Longitude [deg]
# name 13 = sbox0dV/dT: Oxygen, SBE 43 [dov/dt]
# name 14 = sbox1dV/dT: Oxygen, SBE 43, 2 [dov/dt]
# name 15 = sbeox0ML/L: Oxygen, SBE 43 [ml/l], WS = 5
# name 16 = sbeox1ML/L: Oxygen, SBE 43, 2 [ml/l], WS = 5
# name 17 = potemp090C: Potential Temperature [ITS-90, deg C]
# name 18 = potemp190C: Potential Temperature, 2 [ITS-90, deg C]
# name 19 = sal00: Salinity, Practical [PSU]
# name 20 = sal11: Salinity, Practical, 2 [PSU]
# name 21 = sigma-é00: Density [sigma-theta, kg/m^3]
# name 22 = sigma-é11: Density, 2 [sigma-theta, kg/m^3]
# name 23 = avgsvCM: Average Sound Velocity [Chen-Millero, m/s], minP = 20, minS = 20
# name 24 = sbox0Mm/Kg: Oxygen, SBE 43 [umol/kg], WS = 5
# name 25 = sbox1Mm/Kg: Oxygen, SBE 43, 2 [umol/kg], WS = 5
# name 26 = nbin: number of scans per bin
# name 27 = flag: flag
# span 0 =       8833,      87088       
# span 1 =    367.993,   3628.618       
# span 2 =      4.966,   2960.940       
# span 3 =      5.000,   3002.000       
# span 4 =     4.3611,    29.3045       
# span 5 =     4.3621,    29.3107       
# span 6 =   3.410702,   5.818821       
# span 7 =   3.410644,   5.819306       
# span 8 =     1.7435,     3.1305       
# span 9 =     1.4366,     2.6587       
# span 10 =      10.42,     100.22      
# span 11 =   27.99826,   27.99963      
# span 12 =  -86.62044,  -86.61828      
# span 13 =   -0.03904,    0.03345      
# span 14 =   -0.03639,    0.03439      
# span 15 =     2.5702,     4.6649      
# span 16 =     2.5985,     4.6974      
# span 17 =     4.0816,    29.2964      
# span 18 =     4.0826,    29.3027      
# span 19 =    33.1801,    36.4784      
# span 20 =    33.1971,    36.4788      
# span 21 =    20.8504,    27.7580      
# span 22 =    20.8641,    27.7564      
# span 23 =       0.00,    1543.20      
# span 24 =    111.846,    202.706      
# span 25 =    113.081,    204.121      
# span 26 =         30,         77      
# span 27 = 0.0000e+00, 0.0000e+00      
# interval = decibars: 1                
# start_time = Sep 21 2021 18:09:14 [NMEA time, header]
# bad_flag = -9.990e-29
*END*
[from data line 104]
      13104    545.967    108.247    109.000    20.3671    20.3685   5.014306   5.014554     2.0856     1.7348      79.41   27.99946  -86.61998   -0.01867   -0.01554     2.9124     2.9274    20.3466    20.3480    36.4713    36.4722    25.7919    25.7922    1537.80    126.799    127.451         35 0.0000e+00
      13138    547.381    109.240    110.000    20.3483    20.3495   5.012747   5.012976     2.0726     1.7248      70.54   27.99946  -86.61998   -0.01417   -0.01090     2.8861     2.9055    20.3276    20.3288    36.4745    36.4753    25.7994    25.7997    1537.69    125.651    126.496         33 0.0000e+00
      13170    548.718    110.232    111.000    20.3409    20.3421   5.012229   5.012450     2.0635     1.7162     100.22   27.99946  -86.61998   -0.00968   -0.00776     2.8675     2.8860    20.3199    20.3211    36.4763    36.4771    25.8028    25.8031    1537.59    124.841    125.647         31 0.0000e+00
      13202    550.037    111.225    112.000    20.2789    20.2835   5.006237   5.007132     2.0544     1.7104     100.00   27.99946  -86.61998   -0.00740   -0.00602     2.8486     2.8732    20.2578    20.2624    36.4784    36.4788    25.8211    25.8202    1537.48    124.015    125.085         33 0.0000e+00
      13235    551.406    112.218    113.000    20.1948    20.2002   4.996949   4.997505     2.0436     1.7006     100.00   27.99946  -86.61998   -0.00717   -0.00557     2.8338     2.8574    20.1737    20.1790    36.4765    36.4764    25.8422    25.8407    1537.38    123.367    124.398         33 0.0000e+00
      13268    552.804    113.211    114.000    20.1090    20.1117   4.987579   4.987917     2.0344     1.6914     100.00   27.99946  -86.61998   -0.00738   -0.00643     2.8193     2.8409    20.0877    20.0904    36.4735    36.4739    25.8629    25.8625    1537.27    122.735    123.675         34 0.0000e+00
      13302    554.215    114.204    115.000    20.0737    20.0769   4.983917   4.984334     2.0304     1.6869     100.00   27.99946  -86.61998   -0.00594   -0.00602     2.8129     2.8326    20.0522    20.0554    36.4736    36.4742    25.8724    25.8720    1537.17    122.457    123.315         34 0.0000e+00
      13336    555.610    115.196    116.000    19.9890    19.9946   4.974184   4.974772     2.0296     1.6884     100.00   27.99946  -86.61998   -0.00317   -0.00292     2.8165     2.8409    19.9674    19.9730    36.4665    36.4664    25.8895    25.8880    1537.06    122.609    123.674         32 0.0000e+00
      13368    556.963    116.189    117.000    19.8822    19.8888   4.962166   4.962787     2.0386     1.7007     100.00   27.99946  -86.61998    0.00043    0.00178     2.8422     2.8761    19.8605    19.8671    36.4597    36.4591    25.9126    25.9104    1536.96    123.726    125.203         33 0.0000e+00
      13401    558.337    117.182    118.000    19.7402    19.7447   4.947238   4.947687     2.0608     1.7240     100.00   27.99946  -86.61998    0.00675    0.00874     2.8989     2.9395    19.7185    19.7229    36.4593    36.4591    25.9499    25.9486    1536.85    126.192    127.956         33 0.0000e+00
      13435    559.734    118.174    119.000    19.6328    19.6393   4.936186   4.936800     2.0770     1.7391     100.00   27.99946  -86.61998    0.01285    0.01395     2.9403     2.9816    19.6109    19.6175    36.4609    36.4602    25.9794    25.9772    1536.74    127.988    129.787         34 0.0000e+00
      13468    561.110    119.167    120.000    19.5120    19.5165   4.923710   4.924182     2.0781     1.7341     100.00   27.99944  -86.61998    0.01114    0.00960     2.9501     2.9767    19.4900    19.4946    36.4622    36.4621    26.0121    26.0108    1536.64    128.412    129.570         33 0.0000e+00
      13501    562.495    120.160    121.000    19.4290    19.4334   4.914999   4.915457     2.0510     1.6979     100.00   27.99944  -86.61998    0.00047   -0.00563     2.8965     2.8961    19.4069    19.4113    36.4618    36.4617    26.0335    26.0323    1536.52    126.074    126.058         33 0.0000e+00
      13534    563.887    121.153    122.000    19.3496    19.3543   4.906568   4.907052     2.0196     1.6731      99.25   27.99944  -86.61998   -0.01598   -0.01869     2.8329     2.8407    19.3274    19.3321    36.4605    36.4604    26.0532    26.0520    1536.41    123.304    123.645         33 0.0000e+00
      13566    565.218    122.146    123.000    19.2531    19.2577   4.896232   4.896722     1.9959     1.6529      97.94   27.99944  -86.61998   -0.02163   -0.02073     2.7869     2.7978    19.2308    19.2354    36.4582    36.4583    26.0766    26.0754    1536.31    121.298    121.775         31 0.0000e+00
      13598    566.548    123.138    124.000    19.1941    19.1958   4.889842   4.890102     1.9806     1.6429      95.42   27.99944  -86.61998   -0.01800   -0.01508     2.7571     2.7775    19.1716    19.1734    36.4562    36.4568    26.0904    26.0904    1536.20    120.001    120.890         33 0.0000e+00
      13632    567.970    124.131    125.000    19.1610    19.1635   4.886328   4.886642     1.9784     1.6435      99.88   27.99944  -86.61998   -0.01048   -0.00742     2.7545     2.7810    19.1385    19.1410    36.4553    36.4558    26.0983    26.0980    1536.09    119.887    121.042         35 0.0000e+00
      13667    569.405    125.124    126.000    19.1146    19.1190   4.881332   4.881792     1.9796     1.6471      79.89   27.99944  -86.61998   -0.00276   -0.00030     2.7601     2.7924    19.0919    19.0962    36.4538    36.4538    26.1092    26.1081    1535.98    120.131    121.534         34 0.0000e+00
      13700    570.781    126.117    127.000    19.0271    19.0311   4.871827   4.872253     1.9823     1.6498      96.04   27.99944  -86.61998    0.00074    0.00198     2.7714     2.8040    19.0043    19.0082    36.4505    36.4506    26.1292    26.1283    1535.88    120.618    122.037         32 0.0000e+00
      13732    572.112    127.109    128.000    18.9327    18.9376   4.861481   4.861948     1.9874     1.6551     100.02   27.99944  -86.61998    0.00214    0.00251     2.7882     2.8222    18.9098    18.9147    36.4461    36.4457    26.1502    26.1486    1535.77    121.346    122.827         32 0.0000e+00
      13764    573.457    128.102    129.000    18.8490    18.8527   4.852463   4.852821     1.9931     1.6623     100.00   27.99944  -86.61998    0.00343    0.00386     2.8058     2.8445    18.8259    18.8296    36.4434    36.4432    26.1696    26.1685    1535.67    122.111    123.798         33 0.0000e+00
      13797    574.836    129.095    130.000    18.7982    18.8009   4.847067   4.847381     1.9970     1.6638      91.86   27.99944  -86.61998    0.00387    0.00407     2.8176     2.8513    18.7751    18.7777    36.4422    36.4426    26.1817    26.1813    1535.56    122.625    124.091         33 0.0000e+00
      13830    576.227    130.087    131.000    18.7708    18.7724   4.844122   4.844349     1.9977     1.6646      72.34   27.99944  -86.61998    0.00261    0.00196     2.8211     2.8552    18.7474    18.7490    36.4412    36.4417    26.1880    26.1880    1535.45    122.776    124.261         33 0.0000e+00
      13863    577.583    131.080    132.000    18.7349    18.7377   4.840391   4.840728     1.9960     1.6631      99.99   27.99944  -86.61998    0.00063    0.00030     2.8199     2.8539    18.7115    18.7142    36.4409    36.4413    26.1969    26.1965    1535.35    122.722    124.200         33 0.0000e+00
      13895    578.927    132.073    133.000    18.7013    18.7033   4.837014   4.837257     1.9905     1.6538     100.00   27.99944  -86.61998   -0.00137   -0.00177     2.8098     2.8335    18.6776    18.6796    36.4417    36.4420    26.2061    26.2059    1535.25    122.280    123.311         32 0.0000e+00
      13929    580.320    133.066    134.000    18.6835    18.6855   4.835890   4.836147     1.9768     1.6374     100.00   27.99944  -86.61998   -0.00459   -0.00645     2.7808     2.7947    18.6597    18.6617    36.4476    36.4479    26.2152    26.2150    1535.14    121.017    121.623         34 0.0000e+00
      13963    581.740    134.058    135.000    18.6229    18.6268   4.829693   4.830106     1.9447     1.6031     100.00   27.99944  -86.61998   -0.01166   -0.01394     2.7134     2.7149    18.5990    18.6028    36.4482    36.4483    26.2311    26.2302    1535.04    118.083    118.147         34 0.0000e+00
      13995    583.070    135.051    136.000    18.5899    18.5916   4.826077   4.826326     1.9139     1.5753     100.00   27.99944  -86.61998   -0.02051   -0.02153     2.6471     2.6494    18.5658    18.5675    36.4464    36.4470    26.2382    26.2382    1534.94    115.197    115.297         31 0.0000e+00
      14027    584.425    136.044    137.000    18.5465    18.5508   4.821170   4.821640     1.8909     1.5567     100.00   27.99944  -86.61998   -0.02251   -0.02126     2.5990     2.6069    18.5223    18.5266    36.4427    36.4429    26.2464    26.2455    1534.84    113.101    113.445         34 0.0000e+00
      14062    585.891    137.036    138.000    18.4608    18.4659   4.811273   4.811820     1.8783     1.5514     100.00   27.99943  -86.61998   -0.01554   -0.01165     2.5760     2.5985    18.4365    18.4416    36.4342    36.4342    26.2616    26.2603    1534.74    112.101    113.081         35 0.0000e+00
      14095    587.264    138.029    139.000    18.4059    18.4092   4.804830   4.805215     1.8741     1.5503     100.00   27.99942  -86.61998   -0.00855   -0.00437     2.5702     2.5987    18.3815    18.3848    36.4276    36.4280    26.2705    26.2699    1534.65    111.846    113.085         31 0.0000e+00
      14126    588.522    139.022    140.000    18.2877    18.2896   4.791181   4.791368     1.8746     1.5516     100.00   27.99943  -86.61998   -0.00382   -0.00126     2.5778     2.6086    18.2632    18.2650    36.4158    36.4157    26.2911    26.2906    1534.54    112.174    113.517         31 0.0000e+00
      14159    589.909    140.014    141.000    18.2465    18.2497   4.786459   4.786848     1.8787     1.5558     100.00   27.99942  -86.61998    0.00010    0.00115     2.5894     2.6215    18.2219    18.2250    36.4116    36.4121    26.2983    26.2979    1534.43    112.679    114.077         35 0.0000e+00
      14194    591.389    141.007    142.000    18.1993    18.1997   4.781093   4.781159     1.8819     1.5572     100.00   27.99942  -86.61998    0.00233    0.00213     2.5992     2.6277    18.1745    18.1749    36.4073    36.4075    26.3069    26.3069    1534.34    113.106    114.343         34 0.0000e+00
      14227    592.743    142.000    143.000    18.1624    18.1650   4.776901   4.777219     1.8828     1.5593     100.00   27.99942  -86.61998    0.00208    0.00148     2.6038     2.6351    18.1375    18.1400    36.4039    36.4043    26.3135    26.3132    1534.24    113.304    114.665         32 0.0000e+00
      14259    594.103    142.992    144.000    18.1425    18.1442   4.774718   4.774983     1.8834     1.5612     100.00   27.99942  -86.61998    0.00092    0.00135     2.6066     2.6412    18.1174    18.1192    36.4025    36.4032    26.3175    26.3176    1534.14    113.426    114.932         34 0.0000e+00
      14293    595.496    143.985    145.000    18.1253    18.1255   4.772815   4.772870     1.8837     1.5610     100.00   27.99942  -86.61998    0.00043    0.00115     2.6084     2.6420    18.1000    18.1004    36.4012    36.4012    26.3208    26.3207    1534.05    113.504    114.967         33 0.0000e+00
      14326    596.859    144.977    146.000    18.0674    18.0699   4.766262   4.766612     1.8837     1.5604     100.00   27.99942  -86.61998    0.00020    0.00005     2.6119     2.6436    18.0420    18.0446    36.3961    36.3968    26.3314    26.3313    1533.95    113.654    115.036         33 0.0000e+00
      14359    598.256    145.970    147.000    18.0483    18.0521   4.764145   4.764616     1.8846     1.5604      99.69   27.99942  -86.61998    0.00023   -0.00025     2.6154     2.6449    18.0228    18.0266    36.3945    36.3952    26.3350    26.3345    1533.85    113.807    115.092         34 0.0000e+00
      14392    599.642    146.963    148.000    18.0121    18.0144   4.760004   4.760273     1.8843     1.5584      99.86   27.99942  -86.61998    0.00031   -0.00047     2.6169     2.6423    17.9865    17.9888    36.3909    36.3912    26.3413    26.3409    1533.76    113.871    114.975         32 0.0000e+00
      14424    600.938    147.956    149.000    17.9599    17.9615   4.753954   4.754255     1.8839     1.5598     100.00   27.99942  -86.61998   -0.00003   -0.00053     2.6193     2.6490    17.9342    17.9357    36.3850    36.3853    26.3497    26.3496    1533.66    113.975    115.268         31 0.0000e+00
      14456    602.279    148.948    150.000    17.9399    17.9415   4.751657   4.751916     1.8846     1.5621     100.00   27.99942  -86.61998   -0.00016    0.00048     2.6223     2.6560    17.9140    17.9156    36.3828    36.3836    26.3530    26.3532    1533.57    114.107    115.573         34 0.0000e+00
      14492    603.772    149.941    151.000    17.9175    17.9200   4.749138   4.749449     1.8871     1.5634      98.55   27.99942  -86.61998    0.00070    0.00138     2.6295     2.6607    17.8914    17.8939    36.3807    36.3811    26.3570    26.3567    1533.47    114.417    115.775         36 0.0000e+00
      14525    605.166    150.934    152.000    17.8845    17.8867   4.745368   4.745639     1.8892     1.5658      94.56   27.99942  -86.61998    0.00149    0.00130     2.6364     2.6688    17.8584    17.8605    36.3772    36.3777    26.3626    26.3624    1533.38    114.718    116.127         31 0.0000e+00
      14555    606.407    151.926    153.000    17.8482    17.8506   4.741184   4.741474     1.8900     1.5667      99.87   27.99942  -86.61998    0.00137    0.00125     2.6407     2.6732    17.8218    17.8243    36.3733    36.3736    26.3685    26.3682    1533.29    114.904    116.318         30 0.0000e+00
      14587    607.757    152.919    154.000    17.8149    17.8173   4.737326   4.737627     1.8914     1.5679     100.00   27.99942  -86.61998    0.00099    0.00109     2.6461     2.6784    17.7884    17.7908    36.3693    36.3698    26.3738    26.3736    1533.20    115.137    116.541         35 0.0000e+00
      14623    609.260    153.911    155.000    17.7687    17.7735   4.731920   4.732423     1.8921     1.5671     100.00   27.99942  -86.61998    0.00086    0.00045     2.6505     2.6791    17.7421    17.7469    36.3636    36.3637    26.3808    26.3797    1533.11    115.328    116.572         35 0.0000e+00
      14656    610.620    154.904    156.000    17.6602    17.6643   4.719534   4.719931     1.8903     1.5657      90.23   27.99942  -86.61998    0.00016   -0.00034     2.6529     2.6819    17.6336    17.6377    36.3532    36.3530    26.3996    26.3984    1533.02    115.430    116.694         31 0.0000e+00
      14686    611.892    155.897    157.000    17.6572    17.6582   4.720866   4.720864     1.8912     1.5671      99.77   27.99942  -86.61998   -0.00059   -0.00051     2.6540     2.6861    17.6304    17.6313    36.3651    36.3662    26.4095    26.4101    1532.93    115.478    116.875         31 0.0000e+00
      14719    613.262    156.889    158.000    17.6143    17.6278   4.717842   4.718273     1.9247     1.6113     100.00   27.99942  -86.62000    0.00530    0.00787     2.7423     2.7976    17.5873    17.6009    36.3697    36.3705    26.4235    26.4208    1532.83    119.317    121.724         34 0.0000e+00
      14753    614.678    157.882    159.000    17.5582    17.5607   4.710216   4.710547     1.9788     1.6655      98.47   27.99942  -86.62000    0.02263    0.02668     2.8604     2.9366    17.5311    17.5336    36.3628    36.3634    26.4320    26.4319    1532.75    124.458    127.772         33 0.0000e+00
