GOMECC/GOMECC-4/1db/drb2103_0381.cnv
* Sea-Bird SBE 9 Data File:
* FileName = C:\Users\scs.user.rb\CTD\GOMECC4\data\rb2103_0381.hex
* Software Version Seasave V 7.26.7.107
* Temperature SN = 4799
* Conductivity SN = 3860
* Number of Bytes Per Scan = 41
* Number of Voltage Words = 4
* Number of Scans Averaged by the Deck Unit = 1
* NMEA Latitude = 27 35.06 N
* NMEA Longitude = 089 59.95 W
* NMEA UTC (Time) = Sep 25 2021  13:55:17
* NMEA baud rate = 4800
# nquan = 28
# nvalues = 398                         
# units = specified
# name 0 = scan: Scan Count
# name 1 = timeS: Time, Elapsed [seconds]
# name 2 = depSM: Depth [salt water, m]
# name 3 = prDM: Pressure, Digiquartz [db]
# name 4 = t090C: Temperature [ITS-90, deg C]
# name 5 = t190C: Temperature, 2 [ITS-90, deg C]
# name 6 = c0S/m: Conductivity [S/m]
# name 7 = c1S/m: Conductivity, 2 [S/m]
# name 8 = sbeox0V: Oxygen raw, SBE 43 [V]
# name 9 = sbeox1V: Oxygen raw, SBE 43, 2 [V]
# name 10 = altM: Altimeter [m]
# name 11 = latitude: Latitude [deg]
# name 12 = longitude: Longitude [deg]
# name 13 = sbox0dV/dT: Oxygen, SBE 43 [dov/dt]
# name 14 = sbox1dV/dT: Oxygen, SBE 43, 2 [dov/dt]
# name 15 = sbeox0ML/L: Oxygen, SBE 43 [ml/l], WS = 5
# name 16 = sbeox1ML/L: Oxygen, SBE 43, 2 [ml/l], WS = 5
# name 17 = potemp090C: Potential Temperature [ITS-90, deg C]
# name 18 = potemp190C: Potential Temperature, 2 [ITS-90, deg C]
# name 19 = sal00: Salinity, Practical [PSU]
# name 20 = sal11: Salinity, Practical, 2 [PSU]
# name 21 = sigma-é00: Density [sigma-theta, kg/m^3]
# name 22 = sigma-é11: Density, 2 [sigma-theta, kg/m^3]
# name 23 = avgsvCM: Average Sound Velocity [Chen-Millero, m/s], minP = 20, minS = 20
# name 24 = sbox0Mm/Kg: Oxygen, SBE 43 [umol/kg], WS = 5
# name 25 = sbox1Mm/Kg: Oxygen, SBE 43, 2 [umol/kg], WS = 5
# name 26 = nbin: number of scans per bin
# name 27 = flag: flag
# span 0 =      18314,     517440       
# span 1 =    763.024,  21558.815       
# span 2 =      6.953,   1233.068       
# span 3 =      4.000,   1245.000       
# span 4 =     4.5040,   803.6935       
# span 5 =     4.5041,   803.7078       
# span 6 =   3.352007, 165.024629       
# span 7 =   3.351944, 165.029541       
# span 8 =     1.6113,    78.5906       
# span 9 =     1.3175,    74.7833       
# span 10 =       9.82,    1122.31      
# span 11 =   27.41954,  778.18748      
# span 12 =-2538.87616,  -89.45764      
# span 13 =   -0.03294,    0.02718      
# span 14 =   -0.03176,    0.02519      
# span 15 =     2.5891,   109.7491      
# span 16 =     2.6229,   123.0076      
# span 17 =     4.4022,   803.6529      
# span 18 =     4.4023,   803.6672      
# span 19 =    34.9002,  1021.7318      
# span 20 =    34.8996,  1021.7550      
# span 21 =    23.0105,   653.0711      
# span 22 =    23.0109,   653.0841      
# span 23 =       0.00,    1562.54      
# span 24 =    112.625,   4790.488      
# span 25 =    114.094,   5369.228      
# span 26 =         30,         69      
# span 27 = 0.0000e+00, 0.0000e+00      
# interval = decibars: 1                
# start_time = Sep 25 2021 13:55:17 [NMEA time, header]
# bad_flag = -9.990e-29
*END*
[from data line 52]
      21290    887.026     62.573     63.000    26.1261    26.1137   5.654699   5.654084     2.9382     2.4868     100.00   27.58588  -89.99936   -0.01106   -0.01256     4.2270     4.2251    26.1120    26.0997    36.6540    36.6560    24.2466    24.2507    1543.17    184.309    184.223         32 0.0000e+00
      21348    889.457     64.559     65.000    25.4684    25.4659   5.579806   5.579943     2.8726     2.4330     100.00   27.58453  -89.99496   -0.02463   -0.02279     4.1444     4.1449    25.4541    25.4516    36.6297    36.6327    24.4335    24.4366    1542.95    180.674    180.697         31 0.0000e+00
      21382    890.895     65.553     66.000    25.4141    25.4121   5.574106   5.574164     2.8592     2.4241     100.00   27.58589  -89.99936   -0.02009   -0.01836     4.1230     4.1302    25.3995    25.3975    36.6314    36.6335    24.4519    24.4540    1542.96    179.739    180.053         37 0.0000e+00
      21421    892.490     66.546     67.000    25.3604    25.3587   5.567985   5.568040     2.8499     2.4219     100.00   27.58590  -89.99936   -0.00896   -0.00462     4.1097     4.1298    25.3457    25.3440    36.6290    36.6308    24.4667    24.4685    1542.89    179.156    180.031         37 0.0000e+00
      21455    893.908     67.539     68.000    25.2840    25.2810   5.558904   5.558867     2.8412     2.4170     100.00   27.58590  -89.99936   -0.00613   -0.00242     4.0993     4.1254    25.2690    25.2661    36.6230    36.6251    24.4858    24.4883    1542.82    178.699    179.834         32 0.0000e+00
      21513    896.327     69.525     70.000    25.0164    25.0143   5.526397   5.526530     2.8217     2.3966      99.99   27.58316  -89.99035   -0.00660   -0.00638     4.0790     4.1006    25.0011    24.9990    36.5952    36.5979    24.5466    24.5492    1542.52    177.801    178.746         31 0.0000e+00
      21550    897.860     70.518     71.000    24.9723    24.9726   5.524093   5.524791     2.8304     2.4108     100.00   27.58592  -89.99936   -0.00480   -0.00343     4.1032     4.1355    24.9568    24.9571    36.6151    36.6201    24.5756    24.5793    1542.59    178.854    180.261         40 0.0000e+00
      21589    899.521     71.511     72.000    24.9518    24.9483   5.524976   5.524823     2.8265     2.3985     100.00   27.58592  -89.99935    0.00184    0.00223     4.1061     4.1199    24.9361    24.9327    36.6499    36.6522    24.6083    24.6111    1542.52    178.975    179.575         35 0.0000e+00
      21643    901.746     73.497     74.000    24.5321    24.5260   5.475598   5.475163     2.7948     2.3718      99.97   27.57562  -89.96566   -0.01186   -0.01228     4.0680     4.0842    24.5162    24.5101    36.6030    36.6045    24.6990    24.7019    1541.78    177.297    178.003         33 0.0000e+00
      21687    903.602     74.490     75.000    24.4265    24.4219   5.463457   5.463176     2.7944     2.3737     100.00   27.58594  -89.99934   -0.00671   -0.00443     4.0762     4.0967    24.4104    24.4058    36.6028    36.6044    24.7323    24.7349    1542.27    177.652    178.543         39 0.0000e+00
      21723    905.097     75.483     76.000    24.2509    24.2427   5.440093   5.439427     2.8023     2.3860     100.00   27.58594  -89.99934    0.00004    0.00205     4.1063     4.1374    24.2347    24.2265    36.5693    36.5710    24.7597    24.7635    1542.19    178.955    180.312         33 0.0000e+00
      21754    906.393     76.476     77.000    24.0570    24.0515   5.415238   5.414920     2.8188     2.4041      51.89   27.58596  -89.99934    0.00589    0.00836     4.1550     4.1920    24.0407    24.0352    36.5392    36.5413    24.7950    24.7983    1542.10    181.071    182.683         30 0.0000e+00
      21786    907.708     77.469     78.000    23.8188    23.8084   5.381846   5.380803     2.8326     2.4175      88.55   27.58596  -89.99934    0.01017    0.01143     4.2027     4.2412    23.8024    23.7920    36.4799    36.4805    24.8210    24.8245    1542.00    183.147    184.826         34 0.0000e+00
      21821    909.168     78.462     79.000    23.6050    23.5972   5.351480   5.350683     2.8598     2.4453     100.01   27.58596  -89.99934    0.01303    0.01324     4.2758     4.3200    23.5885    23.5807    36.4230    36.4233    24.8411    24.8437    1541.90    186.327    188.256         35 0.0000e+00
      21855    910.579     79.455     80.000    23.2719    23.2636   5.304990   5.304572     2.8872     2.4756     100.00   27.58597  -89.99935    0.01714    0.01785     4.3603     4.4151    23.2554    23.2470    36.3395    36.3432    24.8755    24.8808    1541.80    190.003    192.391         32 0.0000e+00
      21886    911.855     80.448     81.000    23.0965    23.0954   5.280534   5.280770     2.9222     2.5130     100.00   27.58598  -89.99935    0.02140    0.02290     4.4467     4.5130    23.0798    23.0788    36.2950    36.2978    24.8930    24.8954    1541.68    193.766    196.654         31 0.0000e+00
      21922    913.379     81.441     82.000    23.0512    23.0500   5.275346   5.275567     2.9676     2.5438     100.00   27.58598  -89.99934    0.02652    0.02519     4.5434     4.5860    23.0343    23.0332    36.2920    36.2946    24.9039    24.9063    1541.57    197.979    199.834         42 0.0000e+00
      21961    914.991     82.434     83.000    23.0301    23.0287   5.274603   5.274722     2.9753     2.5476     100.00   27.58598  -89.99934    0.02134    0.01609     4.5607     4.5965    23.0130    23.0116    36.3033    36.3054    24.9187    24.9207    1541.46    198.731    200.288         32 0.0000e+00
      22009    917.017     84.420     85.000    22.8163    22.8142   5.247474   5.247617     2.9618     2.5347      99.96   27.57396  -89.96007   -0.00271   -0.00332     4.5556     4.5887    22.7994    22.7969    36.2668    36.2695    24.9522    24.9549    1540.56    198.498    199.942         35 0.0000e+00
      22059    919.072     85.413     86.000    22.7454    22.7430   5.239678   5.239667     2.9545     2.5261      87.17   27.58600  -89.99934   -0.00487   -0.00481     4.5455     4.5741    22.7279    22.7255    36.2666    36.2685    24.9732    24.9754    1541.12    198.057    199.302         41 0.0000e+00
      22116    921.452     87.399     88.000    22.5908    22.5882   5.221560   5.221582     2.9364     2.5087      99.97   27.57897  -89.97633   -0.00632   -0.00609     4.5233     4.5487    22.5730    22.5704    36.2497    36.2515    25.0039    25.0060    1540.50    197.083    198.188         30 0.0000e+00
      22153    923.018     88.392     89.000    22.5586    22.5592   5.220121   5.220386     2.9254     2.4984     100.00   27.58602  -89.99934   -0.00714   -0.00699     4.5039     4.5283    22.5406    22.5411    36.2680    36.2696    25.0281    25.0291    1540.79    196.232    197.296         35 0.0000e+00
      22189    924.501     89.385     90.000    22.6061    22.6128   5.228430   5.229802     2.9111     2.4860     100.00   27.58603  -89.99932   -0.00857   -0.00817     4.4726     4.5030    22.5862    22.5949    36.2945    36.3000    25.0351    25.0374    1540.69    194.868    196.193         35 0.0000e+00
      22223    925.919     90.378     91.000    22.6864    22.6848   5.243139   5.243155     2.8875     2.4574     100.00   27.58604  -89.99932   -0.01085   -0.01116     4.4151     4.4254    22.6679    22.6663    36.3409    36.3423    25.0469    25.0484    1540.58    192.358    192.810         33 0.0000e+00
      22255    927.269     91.371     92.000    22.5318    22.5209   5.221233   5.220014     2.8575     2.4324     100.00   27.58604  -89.99932   -0.01653   -0.01693     4.3682     4.3837    22.5132    22.5023    36.2979    36.2974    25.0586    25.0613    1540.48    190.316    190.990         34 0.0000e+00
      22293    928.821     92.364     93.000    22.2924    22.2860   5.190656   5.190938     2.8470     2.4296     100.00   27.58604  -89.99932   -0.01859   -0.01610     4.3681     4.3974    22.2738    22.2680    36.2573    36.2596    25.0960    25.0978    1540.38    190.306    191.577         38 0.0000e+00
      22327    930.255     93.357     94.000    22.1586    22.1510   5.173920   5.173141     2.8453     2.4283     100.00   27.58606  -89.99932   -0.00733   -0.00397     4.3769     4.4062    22.1398    22.1323    36.2369    36.2371    25.1186    25.1208    1540.27    190.683    191.957         31 0.0000e+00
      22357    931.501     94.349     95.000    22.0421    22.0389   5.160525   5.160377     2.8398     2.4223     100.00   27.58606  -89.99932   -0.00232   -0.00111     4.3761     4.4021    22.0232    22.0200    36.2283    36.2298    25.1450    25.1470    1540.16    190.642    191.776         30 0.0000e+00
      22390    932.875     95.342     96.000    21.9733    21.9747   5.155243   5.155752     2.8263     2.4087     100.00   27.58606  -89.99932   -0.00497   -0.00488     4.3542     4.3763    21.9542    21.9557    36.2438    36.2467    25.1762    25.1779    1540.05    189.685    190.644         36 0.0000e+00
      22427    934.416     96.335     97.000    22.0137    22.0150   5.163689   5.164034     2.8043     2.3849     100.00   27.58606  -89.99932   -0.01039   -0.01094     4.3049     4.3187    21.9944    21.9957    36.2764    36.2781    25.1896    25.1905    1539.94    187.532    188.136         35 0.0000e+00
      22459    935.744     97.328     98.000    22.0814    22.0809   5.176809   5.176905     2.7817     2.3644      99.71   27.58608  -89.99932   -0.01382   -0.01407     4.2520     4.2663    22.0619    22.0613    36.3230    36.3242    25.2060    25.2071    1539.84    185.227    185.849         30 0.0000e+00
      22488    936.977     98.321     99.000    21.9807    21.9765   5.163846   5.163607     2.7514     2.3368      97.46   27.58608  -89.99932   -0.01744   -0.01662     4.2038     4.2176    21.9610    21.9569    36.3175    36.3189    25.2303    25.2325    1539.74    183.120    183.722         30 0.0000e+00
      22519    938.266     99.314    100.000    21.9135    21.9133   5.159205   5.159337     2.7276     2.3165      99.95   27.58608  -89.99932   -0.02109   -0.01914     4.1548     4.1712    21.8937    21.8935    36.3242    36.3255    25.2544    25.2554    1539.65    180.981    181.699         33 0.0000e+00
      22557    939.840    100.307    101.000    21.8303    21.8267   5.150794   5.150599     2.7049     2.2954     100.00   27.58610  -89.99932   -0.01830   -0.01612     4.1147     4.1298    21.8104    21.8068    36.3269    36.3284    25.2798    25.2819    1539.55    179.231    179.889         43 0.0000e+00
      22596    941.477    101.300    102.000    21.7952    21.7958   5.147194   5.147477     2.6803     2.2746     100.00   27.58610  -89.99930   -0.01497   -0.01339     4.0726     4.0901    21.7751    21.7757    36.3276    36.3293    25.2902    25.2914    1539.46    177.394    178.159         32 0.0000e+00
      22643    943.421    103.286    104.000    21.5898    21.5885   5.122867   5.122866     2.6411     2.2362      99.95   27.57344  -89.95798   -0.01497   -0.01382     4.0028     4.0137    21.5698    21.5681    36.3005    36.3013    25.3255    25.3264    1538.53    174.348    174.824         34 0.0000e+00
      22693    945.500    104.278    105.000    21.5753    21.5753   5.122500   5.122678     2.6188     2.2166     100.00   27.58612  -89.99931   -0.01624   -0.01543     3.9577     3.9702    21.5548    21.5547    36.3153    36.3168    25.3424    25.3436    1539.15    172.382    172.926         42 0.0000e+00
      22783    949.270    107.257    108.000    21.5729    21.5868   5.132049   5.134443     2.5771     2.1787      99.99   27.57945  -89.97751   -0.00995   -0.00876     3.8723     3.8829    21.5492    21.5661    36.3911    36.3990    25.4007    25.4030    1538.48    168.654    169.112         41 0.0000e+00
      22827    951.087    108.250    109.000    21.8591    21.8706   5.184032   5.186093     2.5477     2.1468     100.00   27.58614  -89.99931   -0.01526   -0.01641     3.7851     3.7860    21.8375    21.8489    36.5636    36.5703    25.4523    25.4541    1538.77    164.845    164.885         33 0.0000e+00
      22877    953.174    110.236    111.000    22.0936    22.0873   5.232803   5.232028     2.4743     2.0732      99.95   27.57307  -89.95664   -0.02325   -0.02438     3.6137     3.6011    22.0714    22.0651    36.7440    36.7432    25.5217    25.5228    1537.89    157.368    156.821         39 0.0000e+00
      22930    955.367    111.229    112.000    21.8240    21.7980   5.197550   5.194391     2.4144     2.0198     100.00   27.58616  -89.99930   -0.03294   -0.03176     3.5100     3.4999    21.8018    21.7758    36.6997    36.6967    25.5658    25.5708    1538.56    152.847    152.407         40 0.0000e+00
      23012    958.776    114.207    115.000    21.2263    21.2140   5.115472   5.114056     2.3271     1.9500      99.04   27.57492  -89.96258   -0.02250   -0.01809     3.3715     3.3798    21.2039    21.1917    36.5463    36.5455    25.6141    25.6168    1537.67    146.809    147.171         41 0.0000e+00
      23061    960.846    115.200    116.000    20.8198    20.8124   5.061919   5.061199     2.3048     1.9322      99.75   27.58618  -89.99932   -0.01376   -0.01091     3.3534     3.3656    20.7976    20.7902    36.4671    36.4676    25.6666    25.6690    1538.21    146.015    146.544         37 0.0000e+00
      23147    964.434    118.178    119.000    20.6573    20.6570   5.040081   5.040342     2.2573     1.8897      99.72   27.58134  -89.98347   -0.01292   -0.01162     3.2652     3.2780    20.6347    20.6343    36.4276    36.4287    25.6803    25.6811    1537.65    142.173    142.731         32 0.0000e+00
      23187    966.093    119.171    120.000    20.6517    20.6509   5.040366   5.040500     2.2480     1.8841      84.29   27.58620  -89.99932   -0.00914   -0.00748     3.2473     3.2662    20.6289    20.6281    36.4339    36.4358    25.6872    25.6889    1537.83    141.390    142.215         39 0.0000e+00
      23225    967.648    120.164    121.000    20.6374    20.6377   5.039613   5.039805     2.2402     1.8792     100.24   27.58621  -89.99932   -0.00631   -0.00425     3.2301     3.2553    20.6144    20.6146    36.4400    36.4420    25.6958    25.6972    1537.74    140.641    141.738         35 0.0000e+00
      23257    968.989    121.157    122.000    20.6291    20.6298   5.040410   5.040621     2.2321     1.8748     100.00   27.58622  -89.99932   -0.00549   -0.00309     3.2140     3.2455    20.6059    20.6066    36.4539    36.4550    25.7087    25.7093    1537.65    139.938    141.312         30 0.0000e+00
      23287    970.242    122.149    123.000    20.6310    20.6318   5.041569   5.041880     2.2273     1.8672     100.00   27.58622  -89.99932   -0.00532   -0.00382     3.2043     3.2286    20.6068    20.6088    36.4621    36.4638    25.7146    25.7157    1537.57    139.516    140.574         32 0.0000e+00
      23321    971.663    123.142    124.000    20.6547    20.6592   5.049987   5.050228     2.2197     1.8617      77.36   27.58622  -89.99932   -0.00484   -0.00482     3.1841     3.2128    20.6353    20.6357    36.5054    36.5069    25.7400    25.7409    1537.48    138.634    139.882         36 0.0000e+00
      23356    973.133    124.135    125.000    20.6647    20.6648   5.052477   5.052770     2.2149     1.8577     100.47   27.58624  -89.99932   -0.00448   -0.00406     3.1753     3.2035    20.6407    20.6409    36.5205    36.5227    25.7500    25.7516    1537.39    138.248    139.479         32 0.0000e+00
      23387    974.412    125.128    126.000    20.6333    20.6339   5.049424   5.049658     2.2105     1.8518     100.00   27.58624  -89.99932   -0.00378   -0.00332     3.1680     3.1918    20.6093    20.6099    36.5222    36.5237    25.7598    25.7607    1537.31    137.930    138.967         31 0.0000e+00
