GOMECC/GOMECC-4/1db/drb2103_1082.cnv
* Sea-Bird SBE 9 Data File:
* FileName = C:\Users\scs.user.rb\CTD\GOMECC4\data\rb2103_1081.hex
* Software Version Seasave V 7.26.7.107
* Temperature SN = 4799
* Conductivity SN = 3860
* Number of Bytes Per Scan = 41
* Number of Voltage Words = 4
* Number of Scans Averaged by the Deck Unit = 1
* NMEA Latitude = 22 55.36 N
* NMEA Longitude = 086 22.48 W
* NMEA UTC (Time) = Oct 14 2021  21:53:13
* NMEA baud rate = 4800
# nquan = 28
# nvalues = 471                         
# units = specified
# name 0 = scan: Scan Count
# name 1 = timeS: Time, Elapsed [seconds]
# name 2 = depSM: Depth [salt water, m]
# name 3 = prDM: Pressure, Digiquartz [db]
# name 4 = t090C: Temperature [ITS-90, deg C]
# name 5 = t190C: Temperature, 2 [ITS-90, deg C]
# name 6 = c0S/m: Conductivity [S/m]
# name 7 = c1S/m: Conductivity, 2 [S/m]
# name 8 = sbeox0V: Oxygen raw, SBE 43 [V]
# name 9 = sbeox1V: Oxygen raw, SBE 43, 2 [V]
# name 10 = altM: Altimeter [m]
# name 11 = latitude: Latitude [deg]
# name 12 = longitude: Longitude [deg]
# name 13 = sbox0dV/dT: Oxygen, SBE 43 [dov/dt]
# name 14 = sbox1dV/dT: Oxygen, SBE 43, 2 [dov/dt]
# name 15 = sbeox0ML/L: Oxygen, SBE 43 [ml/l], WS = 5
# name 16 = sbeox1ML/L: Oxygen, SBE 43, 2 [ml/l], WS = 5
# name 17 = potemp090C: Potential Temperature [ITS-90, deg C]
# name 18 = potemp190C: Potential Temperature, 2 [ITS-90, deg C]
# name 19 = sal00: Salinity, Practical [PSU]
# name 20 = sal11: Salinity, Practical, 2 [PSU]
# name 21 = sigma-é00: Density [sigma-theta, kg/m^3]
# name 22 = sigma-é11: Density, 2 [sigma-theta, kg/m^3]
# name 23 = avgsvCM: Average Sound Velocity [Chen-Millero, m/s], minP = 20, minS = 20
# name 24 = sbox0Mm/Kg: Oxygen, SBE 43 [umol/kg], WS = 5
# name 25 = sbox1Mm/Kg: Oxygen, SBE 43, 2 [umol/kg], WS = 5
# name 26 = nbin: number of scans per bin
# name 27 = flag: flag
# span 0 =      38556,      76739       
# span 1 =   1606.454,   3197.404       
# span 2 =      0.994,    998.245       
# span 3 =      1.000,   1007.000       
# span 4 =     5.1519,    30.6510       
# span 5 =     5.1523,    30.6025       
# span 6 =   3.398060,   6.080937       
# span 7 =   3.398086,   6.089550       
# span 8 =     1.6194,     3.2554       
# span 9 =     1.3199,     3.3177       
# span 10 =      11.05,     100.98      
# span 11 =   22.72564,   22.93046      
# span 12 =  -86.38621,  -85.62820      
# span 13 =   -0.02245,    0.07825      
# span 14 =   -0.15231,    0.09413      
# span 15 =     2.6836,     4.4817      
# span 16 =     2.7014,     5.5495      
# span 17 =     5.0668,    30.6508      
# span 18 =     5.0672,    30.6020      
# span 19 =    34.8798,    37.0021      
# span 20 =    34.8793,    37.0036      
# span 21 =    21.5297,    27.6182      
# span 22 =    22.4704,    27.6177      
# span 23 =       0.00,    1546.94      
# span 24 =    116.684,    195.710      
# span 25 =    117.455,    242.316      
# span 26 =         30,         67      
# span 27 = 0.0000e+00, 0.0000e+00      
# interval = decibars: 1                
# start_time = Oct 14 2021 21:53:13 [NMEA time, header]
# bad_flag = -9.990e-29
*END*
[from data line 311]
      62242   2593.380    511.124    515.000    11.4565    11.4568   4.010952   4.010988     1.7337     1.4224     100.00   22.92576  -86.37560   -0.00203   -0.00209     2.7742     2.7906    11.3901    11.3904    35.3977    35.3977    27.0135    27.0135    1526.70    120.635    121.352         35 0.0000e+00
      62276   2594.780    512.116    516.000    11.4053    11.4061   4.005261   4.005334     1.7308     1.4202     100.00   22.92576  -86.37560   -0.00192   -0.00201     2.7702     2.7878    11.3390    11.3398    35.3899    35.3899    27.0170    27.0168    1526.66    120.461    121.230         31 0.0000e+00
      62382   2599.195    516.081    520.000    11.2154    11.2176   3.984175   3.984422     1.7215     1.4121     100.00   22.92493  -86.37239   -0.00193   -0.00171     2.7591     2.7775    11.1493    11.1515    35.3606    35.3610    27.0292    27.0290    1526.42    119.978    120.778         31 0.0000e+00
      62418   2600.706    517.072    521.000    11.1897    11.1911   3.981473   3.981661     1.7194     1.4098     100.00   22.92580  -86.37562   -0.00192   -0.00169     2.7553     2.7728    11.1235    11.1250    35.3582    35.3587    27.0320    27.0322    1526.43    119.814    120.574         36 0.0000e+00
      62451   2602.102    518.063    522.000    11.1603    11.1618   3.978292   3.978447     1.7174     1.4080      98.79   22.92580  -86.37562   -0.00166   -0.00160     2.7521     2.7696    11.0941    11.0956    35.3543    35.3544    27.0344    27.0342    1526.39    119.675    120.434         30 0.0000e+00
      62558   2606.557    522.028    526.000    11.0996    11.1006   3.971689   3.971819     1.7120     1.4029     100.00   22.92523  -86.37338   -0.00115   -0.00105     2.7427     2.7600    11.0331    11.0341    35.3449    35.3452    27.0381    27.0383    1526.17    119.266    120.015         31 0.0000e+00
      62593   2607.997    523.019    527.000    11.0961    11.0969   3.971440   3.971557     1.7106     1.4018      96.02   22.92582  -86.37562   -0.00098   -0.00113     2.7394     2.7570    11.0296    11.0304    35.3454    35.3458    27.0393    27.0394    1526.16    119.122    119.888         35 0.0000e+00
      62626   2609.377    524.010    528.000    11.0765    11.0775   3.969348   3.969443     1.7096     1.4005      52.15   22.92582  -86.37562   -0.00092   -0.00103     2.7384     2.7549    11.0099    11.0109    35.3429    35.3430    27.0409    27.0408    1526.12    119.076    119.794         30 0.0000e+00
      62702   2612.549    526.984    531.000    11.0207    11.0219   3.963162   3.963274     1.7067     1.3992      99.99   22.92462  -86.37106   -0.00090   -0.00037     2.7353     2.7558    10.9539    10.9551    35.3332    35.3331    27.0435    27.0432    1525.90    118.942    119.833         30 0.0000e+00
      62737   2614.020    527.975    532.000    10.9742    10.9729   3.958187   3.958037     1.7055     1.3977     100.00   22.92584  -86.37564   -0.00076   -0.00065     2.7355     2.7548    10.9075    10.9062    35.3280    35.3278    27.0479    27.0480    1525.93    118.949    119.791         35 0.0000e+00
      62772   2615.443    528.966    533.000    10.9283    10.9217   3.953117   3.952308     1.7042     1.3962     100.00   22.92586  -86.37564   -0.00082   -0.00099     2.7354     2.7541    10.8615    10.8551    35.3211    35.3193    27.0508    27.0506    1525.89    118.945    119.759         31 0.0000e+00
      62848   2618.607    531.939    536.000    10.7922    10.7952   3.937923   3.938262     1.6988     1.3909      99.99   22.92424  -86.36955   -0.00155   -0.00156     2.7309     2.7476    10.7257    10.7287    35.2980    35.2991    27.0572    27.0575    1525.64    118.747    119.473         31 0.0000e+00
      62886   2620.218    532.931    537.000    10.7947    10.7953   3.938457   3.938556     1.6974     1.3901     100.00   22.92586  -86.37566   -0.00143   -0.00119     2.7271     2.7452    10.7280    10.7286    35.3010    35.3014    27.0592    27.0594    1525.71    118.581    119.370         36 0.0000e+00
      63056   2627.302    538.877    543.000    10.7719    10.7725   3.936190   3.936282     1.6924     1.3858      95.14   22.92490  -86.37190   -0.00068   -0.00066     2.7166     2.7357    10.7045    10.7052    35.2974    35.2975    27.0606    27.0605    1525.37    118.128    118.959         31 0.0000e+00
      63091   2628.765    539.869    544.000    10.7719    10.7726   3.936378   3.936504     1.6923     1.3852      99.98   22.92590  -86.37568   -0.00037   -0.00061     2.7167     2.7345    10.7044    10.7051    35.2989    35.2992    27.0618    27.0619    1525.40    118.133    118.904         34 0.0000e+00
      63202   2633.386    543.833    548.000    10.7652    10.7660   3.935702   3.935779     1.6912     1.3843     100.00   22.92492  -86.37193   -0.00028   -0.00010     2.7155     2.7335    10.6972    10.6980    35.2966    35.2966    27.0612    27.0611    1525.16    118.081    118.863         31 0.0000e+00
      63237   2634.836    544.824    549.000    10.6986    10.6992   3.928530   3.928499     1.6902     1.3830     100.00   22.92592  -86.37568   -0.00048   -0.00031     2.7174     2.7344    10.6307    10.6313    35.2885    35.2876    27.0669    27.0661    1525.18    118.160    118.901         33 0.0000e+00
      63350   2639.521    548.789    553.000    10.5863    10.5859   3.916148   3.916076     1.6854     1.3792     100.00   22.92504  -86.37230   -0.00095   -0.00074     2.7131     2.7316    10.5184    10.5180    35.2702    35.2698    27.0725    27.0723    1524.95    117.974    118.777         33 0.0000e+00
      63386   2641.040    549.780    554.000    10.5619    10.5611   3.913605   3.913492     1.6841     1.3781     100.00   22.92594  -86.37570   -0.00097   -0.00072     2.7116     2.7304    10.4940    10.4932    35.2678    35.2675    27.0750    27.0749    1524.96    117.906    118.723         33 0.0000e+00
      63467   2644.426    552.753    557.000    10.4899    10.4907   3.905711   3.905792     1.6807     1.3743      61.89   22.92532  -86.37328   -0.00097   -0.00110     2.7078     2.7245    10.4219    10.4227    35.2562    35.2563    27.0787    27.0786    1524.79    117.741    118.469         31 0.0000e+00
      63501   2645.853    553.744    558.000    10.4863    10.4846   3.905431   3.905233     1.6800     1.3735     100.55   22.92597  -86.37570   -0.00090   -0.00099     2.7064     2.7226    10.4182    10.4165    35.2566    35.2562    27.0797    27.0797    1524.79    117.679    118.384         33 0.0000e+00
      63533   2647.170    554.735    559.000    10.4824    10.4804   3.905046   3.904811     1.6789     1.3725     100.00   22.92598  -86.37572   -0.00075   -0.00077     2.7041     2.7201    10.4142    10.4122    35.2560    35.2555    27.0798    27.0799    1524.75    117.579    118.278         30 0.0000e+00
      63643   2651.742    558.699    563.000    10.3863    10.3866   3.894584   3.894588     1.6748     1.3697      99.99   22.92467  -86.37071   -0.00087   -0.00065     2.7007     2.7194    10.3180    10.3183    35.2410    35.2410    27.0851    27.0849    1524.49    117.430    118.247         40 0.0000e+00
      63685   2653.517    559.690    564.000    10.3677    10.3680   3.892675   3.892678     1.6737     1.3686     100.00   22.92600  -86.37572   -0.00088   -0.00076     2.6990     2.7173    10.2994    10.2997    35.2395    35.2392    27.0871    27.0869    1524.53    117.359    118.155         33 0.0000e+00
      63791   2657.930    563.654    568.000    10.3148    10.3152   3.887063   3.887097     1.6716     1.3664     100.00   22.92612  -86.37614   -0.00052   -0.00048     2.6980     2.7156    10.2461    10.2466    35.2321    35.2320    27.0907    27.0905    1524.37    117.315    118.079         39 0.0000e+00
      63827   2659.419    564.645    569.000    10.3053    10.3061   3.886062   3.886122     1.6708     1.3659     100.00   22.92602  -86.37572   -0.00046   -0.00046     2.6967     2.7150    10.2366    10.2373    35.2306    35.2305    27.0912    27.0910    1524.32    117.260    118.052         31 0.0000e+00
      63909   2662.834    567.618    572.000    10.2519    10.2527   3.880540   3.880511     1.6692     1.3639     100.00   22.92533  -86.37306   -0.00038   -0.00054     2.6965     2.7134    10.1830    10.1838    35.2219    35.2216    27.0937    27.0933    1524.14    117.249    117.982         31 0.0000e+00
      63941   2664.186    568.609    573.000    10.2398    10.2405   3.879051   3.879118     1.6685     1.3638     100.00   22.92604  -86.37574   -0.00052   -0.00046     2.6959     2.7143    10.1708    10.1716    35.2211    35.2210    27.0952    27.0950    1524.15    117.223    118.025         30 0.0000e+00
      64001   2666.647    570.591    575.000    10.2015    10.2052   3.874911   3.875319     1.6668     1.3620      85.01   22.92607  -86.37578   -0.00071   -0.00048     2.6938     2.7111    10.1324    10.1362    35.2151    35.2157    27.0972    27.0970    1524.07    117.130    117.882         30 0.0000e+00
      64084   2670.138    573.563    578.000    10.2020    10.2025   3.875066   3.875118     1.6654     1.3609     100.00   22.92563  -86.37415   -0.00038   -0.00029     2.6915     2.7096    10.1327    10.1332    35.2148    35.2148    27.0969    27.0968    1523.92    117.029    117.819         30 0.0000e+00
      64119   2671.563    574.554    579.000    10.2013    10.2028   3.875093   3.875246     1.6649     1.3604     100.00   22.92607  -86.37576   -0.00032   -0.00028     2.6904     2.7084    10.1318    10.1333    35.2155    35.2155    27.0976    27.0974    1523.90    116.983    117.764         35 0.0000e+00
      64199   2674.931    577.527    582.000    10.2001    10.2005   3.875009   3.875035     1.6642     1.3600     100.00   22.92513  -86.37217   -0.00016   -0.00012     2.6896     2.7084    10.1303    10.1306    35.2141    35.2140    27.0967    27.0966    1523.72    116.950    117.768         31 0.0000e+00
      64237   2676.508    578.518    583.000    10.2004    10.2001   3.875199   3.875153     1.6641     1.3598     100.00   22.92608  -86.37578   -0.00015   -0.00008     2.6896     2.7079    10.1304    10.1301    35.2156    35.2154    27.0979    27.0979    1523.74    116.949    117.746         38 0.0000e+00
      64351   2681.237    582.482    587.000    10.1453    10.1464   3.869338   3.869437     1.6626     1.3588     100.00   22.92581  -86.37469   -0.00036   -0.00015     2.6905     2.7099    10.0751    10.0761    35.2075    35.2075    27.1011    27.1009    1523.56    116.988    117.829         40 0.0000e+00
      64463   2685.897    586.445    591.000    10.0977    10.0980   3.864163   3.864167     1.6606     1.3568      99.99   22.92488  -86.37111   -0.00044   -0.00028     2.6895     2.7085    10.0271    10.0274    35.1990    35.1987    27.1027    27.1024    1523.33    116.944    117.771         35 0.0000e+00
      64501   2687.501    587.436    592.000    10.0742    10.0755   3.861790   3.861897     1.6601     1.3564     100.00   22.92612  -86.37578   -0.00031   -0.00040     2.6899     2.7089    10.0036    10.0049    35.1973    35.1972    27.1055    27.1052    1523.38    116.961    117.788         34 0.0000e+00
      64615   2692.263    591.400    596.000    10.0089    10.0097   3.854875   3.854954     1.6579     1.3542     100.00   22.92607  -86.37554   -0.00042   -0.00039     2.6894     2.7080     9.9381     9.9390    35.1884    35.1884    27.1098    27.1096    1523.21    116.937    117.746         30 0.0000e+00
      64646   2693.527    592.391    597.000    10.0007    10.0005   3.854033   3.853995     1.6572     1.3541     100.00   22.92614  -86.37580   -0.00042   -0.00042     2.6883     2.7085     9.9298     9.9297    35.1874    35.1871    27.1104    27.1102    1523.18    116.890    117.771         30 0.0000e+00
      64705   2695.988    594.372    599.000     9.9653     9.9661   3.850858   3.850855     1.6561     1.3528     100.00   22.92623  -86.37607   -0.00047   -0.00044     2.6884     2.7072     9.8943     9.8951    35.1822    35.1820    27.1124    27.1121    1523.11    116.894    117.711         30 0.0000e+00
      64734   2697.221    595.363    600.000     9.9497     9.9496   3.848604   3.848564     1.6557     1.3524     100.00   22.92616  -86.37580   -0.00043   -0.00045     2.6885     2.7077     9.8787     9.8786    35.1800    35.1797    27.1133    27.1131    1523.06    116.898    117.733         30 0.0000e+00
      64821   2700.824    598.336    603.000     9.8868     9.8876   3.842387   3.842350     1.6537     1.3500     100.00   22.92590  -86.37484   -0.00046   -0.00055     2.6880     2.7051     9.8157     9.8165    35.1708    35.1705    27.1169    27.1165    1522.92    116.875    117.622         32 0.0000e+00
      64854   2702.193    599.327    604.000     9.8769     9.8773   3.840846   3.840888     1.6530     1.3493      74.35   22.92618  -86.37582   -0.00052   -0.00069     2.6871     2.7044     9.8057     9.8062    35.1698    35.1697    27.1178    27.1177    1522.90    116.837    117.589         31 0.0000e+00
      64936   2705.611    602.299    607.000     9.8565     9.8571   3.838636   3.838689     1.6515     1.3479      99.99   22.92500  -86.37137   -0.00042   -0.00045     2.6854     2.7024     9.7850     9.7856    35.1652    35.1652    27.1177    27.1175    1522.71    116.762    117.503         33 0.0000e+00
      64972   2707.125    603.290    608.000     9.8498     9.8502   3.838115   3.838126     1.6507     1.3479     100.00   22.92618  -86.37582   -0.00052   -0.00035     2.6840     2.7031     9.7783     9.7787    35.1662    35.1659    27.1196    27.1194    1522.75    116.701    117.534         32 0.0000e+00
      65082   2711.718    607.253    612.000     9.7825     9.7840   3.830951   3.831117     1.6485     1.3465     100.00   22.92558  -86.37349   -0.00042   -0.00022     2.6836     2.7044     9.7108     9.7123    35.1563    35.1564    27.1233    27.1231    1522.54    116.685    117.588         33 0.0000e+00
      65118   2713.219    608.244    613.000     9.7530     9.7563   3.827908   3.828212     1.6482     1.3456     100.00   22.92620  -86.37584   -0.00029   -0.00028     2.6850     2.7039     9.6813     9.6846    35.1534    35.1533    27.1260    27.1254    1522.56    116.747    117.567         35 0.0000e+00
      65232   2717.947    612.207    617.000     9.6307     9.6305   3.814829   3.814784     1.6450     1.3428     100.00   22.92630  -86.37614   -0.00074   -0.00063     2.6855     2.7048     9.5591     9.5589    35.1363    35.1360    27.1331    27.1329    1522.40    116.765    117.607         32 0.0000e+00
      65264   2719.292    613.197    618.000     9.6087     9.6089   3.812473   3.812463     1.6445     1.3421     100.00   22.92624  -86.37584   -0.00063   -0.00036     2.6860     2.7046     9.5371     9.5373    35.1329    35.1327    27.1342    27.1340    1522.36    116.787    117.598         32 0.0000e+00
      65380   2724.104    617.161    622.000     9.5594     9.5595   3.807364   3.807342     1.6421     1.3408     100.00   22.92589  -86.37454   -0.00053   -0.00029     2.6838     2.7051     9.4875     9.4876    35.1265    35.1262    27.1374    27.1371    1522.18    116.691    117.617         30 0.0000e+00
      65411   2725.416    618.151    623.000     9.5442     9.5447   3.805829   3.805833     1.6416     1.3399     100.00   22.92624  -86.37586   -0.00032   -0.00043     2.6836     2.7036     9.4723     9.4728    35.1251    35.1247    27.1388    27.1385    1522.17    116.684    117.551         31 0.0000e+00
      65528   2730.281    622.114    627.000     9.4593     9.4598   3.796930   3.796971     1.6394     1.3378      95.40   22.92654  -86.37685   -0.00052   -0.00031     2.6845     2.7040     9.3873     9.3878    35.1143    35.1143    27.1445    27.1444    1522.03    116.722    117.569         31 0.0000e+00
