GOMECC/GOMECC-4/1db/drb2103_0361.cnv
* Sea-Bird SBE 9 Data File:
* FileName = C:\Users\scs.user.rb\CTD\GOMECC4\data\rb2103_0361.hex
* Software Version Seasave V 7.26.7.107
* Temperature SN = 4799
* Conductivity SN = 3860
* Number of Bytes Per Scan = 41
* Number of Voltage Words = 4
* Number of Scans Averaged by the Deck Unit = 1
* NMEA Latitude = 28 20.83 N
* NMEA Longitude = 087 59.99 W
* NMEA UTC (Time) = Sep 24 2021  17:05:11
* NMEA baud rate = 4800
# nquan = 28
# nvalues = 216                         
# units = specified
# name 0 = scan: Scan Count
# name 1 = timeS: Time, Elapsed [seconds]
# name 2 = depSM: Depth [salt water, m]
# name 3 = prDM: Pressure, Digiquartz [db]
# name 4 = t090C: Temperature [ITS-90, deg C]
# name 5 = t190C: Temperature, 2 [ITS-90, deg C]
# name 6 = c0S/m: Conductivity [S/m]
# name 7 = c1S/m: Conductivity, 2 [S/m]
# name 8 = sbeox0V: Oxygen raw, SBE 43 [V]
# name 9 = sbeox1V: Oxygen raw, SBE 43, 2 [V]
# name 10 = altM: Altimeter [m]
# name 11 = latitude: Latitude [deg]
# name 12 = longitude: Longitude [deg]
# name 13 = sbox0dV/dT: Oxygen, SBE 43 [dov/dt]
# name 14 = sbox1dV/dT: Oxygen, SBE 43, 2 [dov/dt]
# name 15 = sbeox0ML/L: Oxygen, SBE 43 [ml/l], WS = 5
# name 16 = sbeox1ML/L: Oxygen, SBE 43, 2 [ml/l], WS = 5
# name 17 = potemp090C: Potential Temperature [ITS-90, deg C]
# name 18 = potemp190C: Potential Temperature, 2 [ITS-90, deg C]
# name 19 = sal00: Salinity, Practical [PSU]
# name 20 = sal11: Salinity, Practical, 2 [PSU]
# name 21 = sigma-é00: Density [sigma-theta, kg/m^3]
# name 22 = sigma-é11: Density, 2 [sigma-theta, kg/m^3]
# name 23 = avgsvCM: Average Sound Velocity [Chen-Millero, m/s], minP = 20, minS = 20
# name 24 = sbox0Mm/Kg: Oxygen, SBE 43 [umol/kg], WS = 5
# name 25 = sbox1Mm/Kg: Oxygen, SBE 43, 2 [umol/kg], WS = 5
# name 26 = nbin: number of scans per bin
# name 27 = flag: flag
# span 0 =      15093,      78272       
# span 1 =    628.817,   3261.287       
# span 2 =      5.960,   2219.109       
# span 3 =      6.000,   2246.000       
# span 4 =     4.2833,    29.9121       
# span 5 =     4.2839,    29.9143       
# span 6 =   3.343128,   5.869346       
# span 7 =   3.343071,   5.869575       
# span 8 =     1.6290,     3.1051       
# span 9 =     1.3318,     2.6348       
# span 10 =      10.67,     101.79      
# span 11 =   28.34320,   28.34876      
# span 12 =  -88.00544,  -87.98949      
# span 13 =   -0.05802,    0.02357      
# span 14 =   -0.05286,    0.02369      
# span 15 =     2.5403,     4.6872      
# span 16 =     2.5679,     4.7292      
# span 17 =     4.0916,    29.9062      
# span 18 =     4.0926,    29.9084      
# span 19 =    30.4721,    36.5347      
# span 20 =    30.4719,    36.5362      
# span 21 =    19.1799,    27.7567      
# span 22 =    19.1792,    27.7553      
# span 23 =       0.00,    1541.56      
# span 24 =    110.482,    203.679      
# span 25 =    111.680,    205.505      
# span 26 =         30,         82      
# span 27 = 0.0000e+00, 0.0000e+00      
# interval = decibars: 1                
# start_time = Sep 24 2021 17:05:11 [NMEA time, header]
# bad_flag = -9.990e-29
*END*
      15093    628.817      5.960      6.000    27.4189    27.4204   4.915921   4.916044     3.0969     2.6314      68.23   28.34650  -87.99986   -0.00023   -0.00082     4.5416     4.5426    27.4175    27.4191    30.4721    30.4719    19.1799    19.1792       0.00    199.009    199.053         44 0.0000e+00
      15166    631.872      6.953      7.000    27.4200    27.4221   4.916526   4.916877     3.0990     2.6322     101.79   28.34650  -87.99986    0.00082   -0.00003     4.5459     4.5446    27.4184    27.4205    30.4752    30.4763    19.1819    19.1821       0.00    199.200    199.142         45 0.0000e+00
      15207    633.571      7.946      8.000    27.7238    27.7645   5.030328   5.042588     3.1045     2.6348     100.00   28.34650  -87.99986    0.00143    0.00219     4.5205     4.5223    27.7220    27.7627    31.0333    31.1038    19.5040    19.5439       0.00    198.026    198.122         43 0.0000e+00
      15262    635.893      8.940      9.000    27.9446    27.9392   5.110655   5.108606     3.1051     2.6320     100.00   28.34650  -87.99986    0.00252    0.00043     4.4907     4.4804    27.9425    27.9371    31.4744    31.4632    19.7645    19.7579       0.00    196.667    196.215         55 0.0000e+00
      15307    637.760      9.933     10.000    27.9398    27.9414   5.118942   5.119474     3.1004     2.6319      91.31   28.34649  -87.99986   -0.00184   -0.00178     4.4814     4.4795    27.9375    27.9390    31.5329    31.5356    19.8101    19.8115       0.00    196.253    196.166         40 0.0000e+00
      15355    639.754     10.926     11.000    27.9610    27.9614   5.131179   5.130744     3.0974     2.6284      91.71   28.34648  -87.99986   -0.00198   -0.00121     4.4729     4.4694    27.9584    27.9588    31.6030    31.5997    19.8559    19.8533       0.00    195.869    195.719         58 0.0000e+00
      15412    642.137     11.920     12.000    27.9708    27.9705   5.137482   5.136917     3.0946     2.6316      70.77   28.34648  -87.99986   -0.00126    0.00025     4.4664     4.4752    27.9680    27.9677    31.6397    31.6360    19.8804    19.8777       0.00    195.582    195.968         48 0.0000e+00
      15454    643.875     12.913     13.000    27.9707    27.9724   5.139958   5.140269     3.0963     2.6250      93.56   28.34648  -87.99986   -0.00054   -0.00033     4.4698     4.4612    27.9676    27.9694    31.6566    31.6576    19.8932    19.8934       0.00    195.727    195.350         44 0.0000e+00
      15507    646.100     13.906     14.000    27.9831    27.9827   5.144862   5.144295     3.0981     2.6271     100.10   28.34648  -87.99986    0.00118   -0.00149     4.4721     4.4648    27.9799    27.9794    31.6819    31.6782    19.9083    19.9056       0.00    195.825    195.506         58 0.0000e+00
      15557    648.167     14.899     15.000    28.0040    28.0071   5.151232   5.151821     3.0975     2.6278     100.00   28.34648  -87.99986    0.00025    0.00153     4.4691     4.4641    28.0005    28.0036    31.7115    31.7135    19.9238    19.9243       0.00    195.690    195.472         44 0.0000e+00
      15607    650.230     15.893     16.000    28.0351    28.0374   5.159166   5.158968     3.0924     2.6267     100.00   28.34648  -87.99986   -0.00170   -0.00052     4.4567     4.4593    28.0314    28.0336    31.7451    31.7422    19.9390    19.9361       0.00    195.147    195.260         55 0.0000e+00
      15658    652.356     16.886     17.000    28.0775    28.0859   5.170059   5.171685     3.0945     2.6225     100.00   28.34648  -87.99986   -0.00062   -0.00124     4.4566     4.4461    28.0735    28.0819    31.7915    31.7970    19.9602    19.9617       0.00    195.136    194.678         45 0.0000e+00
      15705    654.314     17.879     18.000    28.2113    28.2146   5.200158   5.200554     3.0944     2.6231     100.00   28.34648  -87.99986    0.00090   -0.00068     4.4434     4.4357    28.2071    28.2104    31.9086    31.9090    20.0048    20.0040       0.00    194.552    194.215         51 0.0000e+00
      15757    656.484     18.872     19.000    28.3007    28.3008   5.219231   5.218973     3.0864     2.6182      98.63   28.34648  -87.99986   -0.00228   -0.00118     4.4201     4.4179    28.2962    28.2964    31.9792    31.9774    20.0288    20.0274       0.00    193.525    193.430         52 0.0000e+00
      15806    658.557     19.865     20.000    28.5382    28.5569   5.291151   5.296167     3.0849     2.6131      97.55   28.34646  -87.99986   -0.00272   -0.00291     4.3916     4.3822    28.5391    28.5521    32.3274    32.3426    20.2107    20.2178     647.19    192.246    191.829         46 0.0000e+00
      15851    660.420     20.859     21.000    28.9137    28.9229   5.443767   5.446412     3.0928     2.6159      72.15   28.34646  -87.99986    0.00166   -0.00073     4.3579     4.3413    28.9088    28.9178    33.0987    33.1103    20.6675    20.6732    1521.94    190.684    189.955         47 0.0000e+00
      15903    662.572     21.852     22.000    29.1921    29.1833   5.534271   5.530779     3.0945     2.6194      99.85   28.34646  -87.99986    0.00264    0.00176     4.3301     4.3208    29.1868    29.1779    33.5219    33.5044    20.8924    20.8822    1539.99    189.423    189.020         55 0.0000e+00
      15953    664.672     22.845     23.000    29.6239    29.6319   5.691921   5.693775     3.0730     2.5890     100.00   28.34646  -87.99986   -0.00325   -0.00391     4.2409     4.2099    29.6183    29.6263    34.2888    34.2957    21.3226    21.3250    1540.14    185.447    184.087         45 0.0000e+00
      15999    666.563     23.838     24.000    29.9121    29.9143   5.825985   5.826697     3.0212     2.5395     100.00   28.34646  -87.99986   -0.02048   -0.02346     4.1116     4.0768    29.9062    29.9084    34.9880    34.9915    21.7492    21.7511    1540.36    179.714    178.193         47 0.0000e+00
      16049    668.663     24.832     25.000    29.8532    29.8541   5.846059   5.846700     3.0056     2.5300     100.00   28.34646  -87.99984   -0.01601   -0.01346     4.0838     4.0580    29.8470    29.8480    35.1696    35.1733    21.9055    21.9080    1540.58    178.471    177.344         52 0.0000e+00
      16100    670.802     25.825     26.000    29.7721    29.7699   5.863881   5.864237     2.9921     2.5244     100.00   28.34646  -87.99984   -0.00688   -0.00323     4.0619     4.0488    29.7657    29.7635    35.3497    35.3542    22.0683    22.0724    1540.79    177.488    176.913         52 0.0000e+00
      16149    672.843     26.818     27.000    29.5030    29.5018   5.869346   5.869575     2.9686     2.4962      93.57   28.34646  -87.99984   -0.00805   -0.00769     4.0341     4.0058    29.4964    29.4952    35.5848    35.5873    22.3361    22.3384    1540.97    176.225    174.989         45 0.0000e+00
      16196    674.786     27.811     28.000    29.3669    29.3648   5.861162   5.861086     2.9373     2.4697      96.24   28.34646  -87.99984   -0.01442   -0.01459     3.9870     3.9615    29.3601    29.3580    35.6294    35.6304    22.4156    22.4171    1541.14    174.154    173.043         53 0.0000e+00
      16255    677.236     28.804     29.000    29.0631    29.0849   5.837758   5.840020     2.8934     2.4360      99.03   28.34644  -87.99984   -0.01601   -0.01204     3.9279     3.9112    29.0560    29.0779    35.6945    35.6938    22.5669    22.5590    1541.28    171.551    170.822         54 0.0000e+00
      16298    679.040     29.797     30.000    28.6832    28.6796   5.811447   5.811333     2.8297     2.3762      77.36   28.34644  -87.99984   -0.02743   -0.02328     3.8333     3.8125    28.6771    28.6725    35.7961    35.7985    22.7698    22.7730    1541.38    167.383    166.477         37 0.0000e+00
      16348    681.126     30.791     31.000    28.5231    28.5235   5.793725   5.794023     2.7560     2.3124     100.01   28.34644  -87.99984   -0.03708   -0.03385     3.7136     3.6962    28.5157    28.5161    35.7940    35.7958    22.8219    22.8231    1541.47    162.150    161.388         59 0.0000e+00
      16399    683.257     31.784     32.000    28.2085    28.1947   5.762823   5.762226     2.7191     2.2797     100.00   28.34644  -87.99984   -0.02312   -0.01882     3.6614     3.6432    28.2008    28.1871    35.8159    35.8221    22.9423    22.9515    1541.53    159.850    159.055         43 0.0000e+00
      16448    685.271     32.777     33.000    27.3740    27.3681   5.690599   5.690715     2.6140     2.1743     100.00   28.34644  -87.99984   -0.03148   -0.03166     3.5232     3.4805    27.3663    27.3605    35.9431    35.9485    23.3103    23.3162    1541.56    153.761    151.898         55 0.0000e+00
      16497    687.339     33.770     34.000    27.0701    27.0699   5.665015   5.665354     2.5116     2.0919     100.00   28.34644  -87.99984   -0.05802   -0.05286     3.3506     3.3269    27.0623    27.0620    35.9947    35.9973    23.4472    23.4493    1541.55    146.211    145.177         40 0.0000e+00
      16543    689.264     34.763     35.000    26.8444    26.8406   5.646866   5.646998     2.4984     2.0947      99.82   28.34644  -87.99984   -0.02918   -0.02014     3.3389     3.3453    26.8364    26.8326    36.0393    36.0432    23.5531    23.5573    1541.52    145.683    145.964         53 0.0000e+00
      16597    691.509     35.756     36.000    26.6093    26.6090   5.626685   5.626962     2.5423     2.1425      99.33   28.34643  -87.99984    0.00970    0.01523     3.4356     3.4577    26.6011    26.6008    36.0767    36.0790    23.6563    23.6582    1541.48    149.889    150.854         48 0.0000e+00
      16642    693.393     36.750     37.000    26.4912    26.4901   5.613240   5.613470     2.5348     2.1263      99.99   28.34642  -87.99984    0.01286    0.01068     3.4292     3.4311    26.4829    26.4817    36.0714    36.0740    23.6899    23.6922    1541.44    149.605    149.689         47 0.0000e+00
      16691    695.400     37.743     38.000    26.3806    26.3802   5.603281   5.603569     2.4962     2.0933      96.88   28.34642  -87.99984   -0.01408   -0.01521     3.3630     3.3685    26.3720    26.3716    36.0855    36.0879    23.7356    23.7375    1541.39    146.709    146.950         48 0.0000e+00
      16740    697.476     38.736     39.000    26.2813    26.2797   5.595159   5.595360     2.4988     2.1026      88.36   28.34642  -87.99984   -0.00873   -0.00551     3.3741     3.3939    26.2725    26.2709    36.1042    36.1069    23.7811    23.7836    1541.33    147.186    148.050         54 0.0000e+00
      16794    699.689     39.729     40.000    26.1490    26.1480   5.584209   5.584425     2.5272     2.1357     100.36   28.34642  -87.99984    0.00872    0.01158     3.4354     3.4707    26.1400    26.1390    36.1281    36.1305    23.8408    23.8429    1541.28    149.851    151.392         47 0.0000e+00
      16839    701.566     40.722     41.000    25.8776    25.8718   5.558943   5.558786     2.5472     2.1469     100.00   28.34642  -87.99984    0.01346    0.01202     3.4910     3.5108    25.8684    25.8626    36.1573    36.1607    23.9478    23.9523    1541.22    152.261    153.125         48 0.0000e+00
      16890    703.698     41.715     42.000    25.6207    25.6186   5.534527   5.534653     2.5519     2.1479     100.00   28.34642  -87.99984    0.00531    0.00264     3.5163     3.5280    25.6114    25.6093    36.1812    36.1838    24.0460    24.0486    1541.14    153.352    153.863         52 0.0000e+00
      16939    705.767     42.708     43.000    25.4286    25.4248   5.516122   5.516093     2.5523     2.1476     100.00   28.34642  -87.99984    0.00083   -0.00039     3.5294     3.5391    25.4191    25.4153    36.1979    36.2007    24.1181    24.1214    1541.06    153.913    154.334         47 0.0000e+00
      16988    707.783     43.701     44.000    25.2256    25.2245   5.497026   5.497271     2.5531     2.1512     100.00   28.34642  -87.99984    0.00001    0.00101     3.5441     3.5589    25.2160    25.2149    36.2181    36.2208    24.1960    24.1983    1540.97    154.540    155.183         50 0.0000e+00
      17038    709.877     44.695     45.000    25.1253    25.1224   5.487469   5.487517     2.5592     2.1535     100.00   28.34642  -87.99984    0.00201    0.00121     3.5627     3.5702    25.1154    25.1125    36.2271    36.2297    24.2336    24.2365    1540.88    155.348    155.674         51 0.0000e+00
      17089    712.012     45.688     46.000    24.9723    24.9705   5.472789   5.472935     2.5659     2.1648     100.00   28.34642  -87.99983    0.00284    0.00363     3.5858     3.6039    24.9622    24.9605    36.2401    36.2426    24.2903    24.2927    1540.79    156.344    157.135         51 0.0000e+00
      17138    714.024     46.681     47.000    24.7205    24.7132   5.448687   5.448375     2.5713     2.1707      84.22   28.34642  -87.99982    0.00312    0.00390     3.6130     3.6327    24.7104    24.7030    36.2620    36.2657    24.3835    24.3885    1540.69    157.517    158.374         47 0.0000e+00
      17187    716.095     47.674     48.000    24.2283    24.2163   5.398548   5.397864     2.5787     2.1782      97.02   28.34642  -87.99982    0.00305    0.00342     3.6591     3.6802    24.2181    24.2061    36.2824    36.2869    24.5473    24.5544    1540.58    159.502    160.418         53 0.0000e+00
      17238    718.221     48.667     49.000    23.9186    23.9100   5.366494   5.366055     2.5890     2.1836     100.02   28.34642  -87.99982    0.00479    0.00335     3.7023     3.7119    23.9082    23.8997    36.2909    36.2945    24.6463    24.6516    1540.45    161.366    161.786         47 0.0000e+00
      17287    720.267     49.660     50.000    23.5398    23.5334   5.325314   5.325113     2.5850     2.1814     100.00   28.34642  -87.99982    0.00133    0.00061     3.7206     3.7313    23.5294    23.5229    36.2857    36.2895    24.7544    24.7592    1540.31    162.147    162.615         54 0.0000e+00
      17343    722.563     50.653     51.000    23.2281    23.2262   5.293003   5.293225     2.5819     2.1873     100.00   28.34642  -87.99982   -0.00307   -0.00077     3.7368     3.7657    23.2176    23.2156    36.2931    36.2964    24.8514    24.8545    1540.16    162.841    164.097         52 0.0000e+00
      17389    724.483     51.646     52.000    23.0646    23.0574   5.276106   5.275742     2.6307     2.2389     100.00   28.34642  -87.99982    0.00885    0.01426     3.8470     3.8916    23.0539    23.0467    36.2970    36.3002    24.9020    24.9065    1540.00    167.631    169.575         43 0.0000e+00
      17436    726.467     52.640     53.000    22.7770    22.7811   5.245706   5.246390     2.6782     2.2861      99.97   28.34642  -87.99982    0.02357    0.02369     3.9644     4.0165    22.7662    22.7703    36.2987    36.3006    24.9865    24.9868    1539.84    172.734    175.003         55 0.0000e+00
      17492    728.800     53.633     54.000    22.5682    22.5685   5.225682   5.225705     2.6893     2.2850     100.00   28.34642  -87.99982    0.02279    0.01965     4.0138     4.0413    22.5573    22.5576    36.3306    36.3321    25.0708    25.0719    1539.67    174.873    176.069         49 0.0000e+00
      17535    730.592     54.625     55.000    22.3854    22.3849   5.214931   5.216475     2.6651     2.2621      90.19   28.34642  -87.99982   -0.00774   -0.01122     3.9652     3.9897    22.3818    22.3742    36.3778    36.3879    25.1568    25.1639    1539.50    172.740    173.805         44 0.0000e+00
      17588    732.800     55.619     56.000    22.3308    22.3361   5.212274   5.213139     2.6520     2.2508      85.94   28.34642  -87.99982   -0.00855   -0.00710     3.9436     3.9679    22.3194    22.3249    36.4083    36.4107    25.1978    25.1981    1539.34    171.790    172.851         57 0.0000e+00
