GOMECC/GOMECC-4/1db/drb2103_0751.cnv
* Sea-Bird SBE 9 Data File:
* FileName = C:\Users\scs.user.rb\CTD\GOMECC4\data\rb2103_0751.hex
* Software Version Seasave V 7.26.7.107
* Temperature SN = 4799
* Conductivity SN = 3860
* Number of Bytes Per Scan = 41
* Number of Voltage Words = 4
* Number of Scans Averaged by the Deck Unit = 1
* NMEA Latitude = 22 16.49 N
* NMEA Longitude = 097 43.15 W
* NMEA UTC (Time) = Oct 05 2021  22:28:17
* NMEA baud rate = 4800
# nquan = 28
# nvalues = 13                          
# units = specified
# name 0 = scan: Scan Count
# name 1 = timeS: Time, Elapsed [seconds]
# name 2 = depSM: Depth [salt water, m]
# name 3 = prDM: Pressure, Digiquartz [db]
# name 4 = t090C: Temperature [ITS-90, deg C]
# name 5 = t190C: Temperature, 2 [ITS-90, deg C]
# name 6 = c0S/m: Conductivity [S/m]
# name 7 = c1S/m: Conductivity, 2 [S/m]
# name 8 = sbeox0V: Oxygen raw, SBE 43 [V]
# name 9 = sbeox1V: Oxygen raw, SBE 43, 2 [V]
# name 10 = altM: Altimeter [m]
# name 11 = latitude: Latitude [deg]
# name 12 = longitude: Longitude [deg]
# name 13 = sbox0dV/dT: Oxygen, SBE 43 [dov/dt]
# name 14 = sbox1dV/dT: Oxygen, SBE 43, 2 [dov/dt]
# name 15 = sbeox0ML/L: Oxygen, SBE 43 [ml/l], WS = 5
# name 16 = sbeox1ML/L: Oxygen, SBE 43, 2 [ml/l], WS = 5
# name 17 = potemp090C: Potential Temperature [ITS-90, deg C]
# name 18 = potemp190C: Potential Temperature, 2 [ITS-90, deg C]
# name 19 = sal00: Salinity, Practical [PSU]
# name 20 = sal11: Salinity, Practical, 2 [PSU]
# name 21 = sigma-é00: Density [sigma-theta, kg/m^3]
# name 22 = sigma-é11: Density, 2 [sigma-theta, kg/m^3]
# name 23 = avgsvCM: Average Sound Velocity [Chen-Millero, m/s], minP = 20, minS = 20
# name 24 = sbox0Mm/Kg: Oxygen, SBE 43 [umol/kg], WS = 5
# name 25 = sbox1Mm/Kg: Oxygen, SBE 43, 2 [umol/kg], WS = 5
# name 26 = nbin: number of scans per bin
# name 27 = flag: flag
# span 0 =      14562,      20200       
# span 1 =    606.713,    841.630       
# span 2 =      3.975,     18.880       
# span 3 =      4.000,     19.000       
# span 4 =    28.6538,    29.3248       
# span 5 =    28.6578,    29.3250       
# span 6 =   5.707103,   5.852996       
# span 7 =   5.708713,   5.852870       
# span 8 =     3.0766,     3.1439       
# span 9 =     2.5960,     2.6584       
# span 10 =       8.41,      23.27      
# span 11 =   21.80255,   22.27496      
# span 12 =  -97.71966,  -95.64719      
# span 13 =   -0.00085,    0.00116      
# span 14 =   -0.00071,    0.00204      
# span 15 =     4.2671,     4.3586      
# span 16 =     4.2353,     4.3367      
# span 17 =    28.6506,    29.3211      
# span 18 =    28.6549,    29.3213      
# span 19 =    34.7412,    35.6097      
# span 20 =    34.7491,    35.6100      
# span 21 =    21.8700,    22.4140      
# span 22 =    21.8745,    22.4142      
# span 23 =       0.00,    1539.28      
# span 24 =    186.405,    190.403      
# span 25 =    185.013,    189.440      
# span 26 =         33,         65      
# span 27 = 0.0000e+00, 0.0000e+00      
# interval = decibars: 1                
# start_time = Oct 05 2021 22:28:17 [NMEA time, header]
# bad_flag = -9.990e-29
*END*
      14562    606.713      3.975      4.000    29.2777    29.2790   5.824028   5.824311     3.1417     2.6499      23.27   22.27494  -97.71959    0.00068   -0.00033     4.3534     4.3194    29.2767    29.2780    35.4477    35.4487    22.3073    22.3077       0.00    190.180    188.696         41 0.0000e+00
      15362    640.037      4.969      5.000    29.2731    29.2757   5.823713   5.824041     3.1437     2.6511      22.36   22.27494  -97.71963    0.00116    0.00188     4.3577     4.3226    29.2718    29.2745    35.4486    35.4491    22.3097    22.3092       0.00    190.368    188.834         56 0.0000e+00
      15540    647.449      5.962      6.000    29.2696    29.2713   5.823455   5.823807     3.1426     2.6507      21.39   22.27494  -97.71963   -0.00005    0.00022     4.3565     4.3226    29.2682    29.2699    35.4491    35.4503    22.3113    22.3116       0.00    190.316    188.835         33 0.0000e+00
      15633    651.321      6.956      7.000    29.2707    29.2717   5.823646   5.823943     3.1427     2.6497      20.47   22.27494  -97.71962    0.00033   -0.00071     4.3572     4.3210    29.2690    29.2700    35.4494    35.4506    22.3112    22.3118       0.00    190.346    188.766         45 0.0000e+00
      15717    654.851      7.950      8.000    29.2713    29.2723   5.823679   5.823963     3.1410     2.6505      19.49   22.27494  -97.71964   -0.00085    0.00096     4.3546     4.3231    29.2694    29.2704    35.4488    35.4501    22.3107    22.3113       0.00    190.232    188.857         65 0.0000e+00
      15809    658.685      8.943      9.000    29.2664    29.2678   5.824119   5.824225     3.1411     2.6529      18.57   22.27494  -97.71964   -0.00020    0.00094     4.3552     4.3290    29.2642    29.2656    35.4565    35.4553    22.3182    22.3168       0.00    190.260    189.114         41 0.0000e+00
      15886    661.871      9.937     10.000    29.2650    29.2661   5.825733   5.825592     3.1426     2.6524      17.61   22.27496  -97.71964    0.00036    0.00204     4.3586     4.3280    29.2626    29.2637    35.4668    35.4652    22.3265    22.3249       0.00    190.403    189.068         33 0.0000e+00
      15827    659.422     11.925     12.000    28.6538    28.6578   5.707103   5.708713     3.0766     2.5960      15.02   21.80255  -95.64719   -0.00011   -0.00048     4.2671     4.2353    28.6506    28.6549    34.7412    34.7491    21.8700    21.8745       0.00    186.405    185.013         34 0.0000e+00
      16263    677.591     12.918     13.000    29.3027    29.2976   5.844736   5.840636     3.1439     2.6584      14.67   22.27496  -97.71964    0.00004    0.00050     4.3572     4.3367    29.2995    29.2945    35.5608    35.5437    22.3846    22.3736       0.00    190.330    189.440         40 0.0000e+00
      16376    682.282     13.912     14.000    29.3235    29.3232   5.852835   5.852475     3.1391     2.6543      13.74   22.27496  -97.71966   -0.00062   -0.00040     4.3463     4.3265    29.3201    29.3198    35.6089    35.6063    22.4138    22.4119       0.00    189.851    188.984         54 0.0000e+00
      16505    687.662     14.906     15.000    29.3248    29.3250   5.852996   5.852870     3.1368     2.6493      12.82   22.27496  -97.71966    0.00057   -0.00007     4.3433     4.3174    29.3211    29.3213    35.6097    35.6100    22.4140    22.4142       0.00    189.717    188.588         41 0.0000e+00
      16632    692.952     15.900     16.000    29.3232    29.3242   5.852404   5.852679     3.1351     2.6505      11.78   22.27496  -97.71966   -0.00001   -0.00042     4.3409     4.3199    29.3193    29.3203    35.6067    35.6071    22.4123    22.4123       0.00    189.613    188.698         42 0.0000e+00
      20200    841.630     18.880     19.000    29.2231    29.2239   5.838597   5.839531     3.1121     2.6342       8.41   22.18927  -97.34371   -0.00037    0.00022     4.3035     4.2904    29.2185    29.2193    35.5177    35.5235    22.3581    22.3622    1539.28    187.975    187.402         50 0.0000e+00
