GOMECC/GOMECC-4/1db/drb2103_1051.cnv
* Sea-Bird SBE 9 Data File:
* FileName = C:\Users\scs.user.rb\CTD\GOMECC4\data\rb2103_1051.hex
* Software Version Seasave V 7.26.7.107
* Temperature SN = 4799
* Conductivity SN = 3860
* Number of Bytes Per Scan = 41
* Number of Voltage Words = 4
* Number of Scans Averaged by the Deck Unit = 1
* NMEA Latitude = 25 29.58 N
* NMEA Longitude = 087 59.90 W
* NMEA UTC (Time) = Oct 13 2021  14:16:10
* NMEA baud rate = 4800
# nquan = 28
# nvalues = 295                         
# units = specified
# name 0 = scan: Scan Count
# name 1 = timeS: Time, Elapsed [seconds]
# name 2 = depSM: Depth [salt water, m]
# name 3 = prDM: Pressure, Digiquartz [db]
# name 4 = t090C: Temperature [ITS-90, deg C]
# name 5 = t190C: Temperature, 2 [ITS-90, deg C]
# name 6 = c0S/m: Conductivity [S/m]
# name 7 = c1S/m: Conductivity, 2 [S/m]
# name 8 = sbeox0V: Oxygen raw, SBE 43 [V]
# name 9 = sbeox1V: Oxygen raw, SBE 43, 2 [V]
# name 10 = altM: Altimeter [m]
# name 11 = latitude: Latitude [deg]
# name 12 = longitude: Longitude [deg]
# name 13 = sbox0dV/dT: Oxygen, SBE 43 [dov/dt]
# name 14 = sbox1dV/dT: Oxygen, SBE 43, 2 [dov/dt]
# name 15 = sbeox0ML/L: Oxygen, SBE 43 [ml/l], WS = 5
# name 16 = sbeox1ML/L: Oxygen, SBE 43, 2 [ml/l], WS = 5
# name 17 = potemp090C: Potential Temperature [ITS-90, deg C]
# name 18 = potemp190C: Potential Temperature, 2 [ITS-90, deg C]
# name 19 = sal00: Salinity, Practical [PSU]
# name 20 = sal11: Salinity, Practical, 2 [PSU]
# name 21 = sigma-é00: Density [sigma-theta, kg/m^3]
# name 22 = sigma-é11: Density, 2 [sigma-theta, kg/m^3]
# name 23 = avgsvCM: Average Sound Velocity [Chen-Millero, m/s], minP = 20, minS = 20
# name 24 = sbox0Mm/Kg: Oxygen, SBE 43 [umol/kg], WS = 5
# name 25 = sbox1Mm/Kg: Oxygen, SBE 43, 2 [umol/kg], WS = 5
# name 26 = nbin: number of scans per bin
# name 27 = flag: flag
# span 0 =       4404,      96437       
# span 1 =    183.454,   4018.154       
# span 2 =      2.981,   3274.761       
# span 3 =      3.000,   3322.000       
# span 4 =     4.3047,    29.4234       
# span 5 =     4.3054,    29.4243       
# span 6 =   3.377471,   5.961955       
# span 7 =   3.377441,   5.962288       
# span 8 =     1.7168,     3.1510       
# span 9 =     1.4042,     2.6706       
# span 10 =       9.74,     100.82      
# span 11 =   25.48954,   25.50130      
# span 12 =  -88.00179,  -87.98389      
# span 13 =   -0.00773,    0.00436      
# span 14 =   -0.00704,    0.00592      
# span 15 =     3.4432,     4.7310      
# span 16 =     3.4564,     4.7274      
# span 17 =     4.0790,    29.4114      
# span 18 =     4.0800,    29.4124      
# span 19 =    34.9731,    37.0071      
# span 20 =    34.9719,    37.0088      
# span 21 =    22.8794,    27.7616      
# span 22 =    22.8802,    27.7605      
# span 23 =       0.00,    1555.11      
# span 24 =    149.907,    205.578      
# span 25 =    150.482,    205.425      
# span 26 =         30,         67      
# span 27 = 0.0000e+00, 0.0000e+00      
# interval = decibars: 1                
# start_time = Oct 13 2021 14:16:10 [NMEA time, header]
# bad_flag = -9.990e-29
*END*
[from data line 52]
       7134    297.199     54.637     55.000    29.4231    29.4241   5.961874   5.962212     3.1373     2.6553     100.00   25.49338  -87.99828    0.00029   -0.00074     4.3408     4.3263    29.4096    29.4106    36.2708    36.2724    22.8805    22.8813    1546.25    189.523    188.890         51 0.0000e+00
       7180    299.133     55.630     56.000    29.4234    29.4243   5.961955   5.962288     3.1362     2.6541     100.00   25.49338  -87.99828   -0.00022   -0.00094     4.3394     4.3245    29.4097    29.4106    36.2708    36.2724    22.8805    22.8814    1546.25    189.462    188.813         44 0.0000e+00
       7227    301.071     56.624     57.000    29.4232    29.4240   5.961954   5.962288     3.1321     2.6540     100.00   25.49338  -87.99828   -0.00150   -0.00024     4.3324     4.3248    29.4092    29.4101    36.2707    36.2723    22.8805    22.8815    1546.26    189.158    188.823         49 0.0000e+00
       7275    303.072     57.617     58.000    29.4212    29.4214   5.961758   5.961995     3.1329     2.6512      89.33   25.49338  -87.99828   -0.00086   -0.00068     4.3346     4.3198    29.4070    29.4072    36.2706    36.2720    22.8812    22.8822    1546.27    189.254    188.608         45 0.0000e+00
       7320    304.978     58.610     59.000    29.4205    29.4214   5.961688   5.962038     3.1347     2.6518      97.33   25.49338  -87.99828    0.00071   -0.00101     4.3384     4.3217    29.4060    29.4070    36.2703    36.2720    22.8814    22.8823    1546.27    189.420    188.689         49 0.0000e+00
       7370    307.027     59.603     60.000    29.4205    29.4216   5.961736   5.962087     3.1347     2.6543     100.03   25.49340  -87.99828    0.00054    0.00116     4.3389     4.3271    29.4058    29.4069    36.2703    36.2719    22.8814    22.8823    1546.28    189.441    188.925         47 0.0000e+00
       7414    308.883     60.597     61.000    29.4208    29.4218   5.961807   5.962161     3.1338     2.6530      78.89   25.49340  -87.99828    0.00011    0.00034     4.3380     4.3250    29.4058    29.4068    36.2703    36.2720    22.8814    22.8823    1546.29    189.399    188.835         45 0.0000e+00
       7461    310.842     61.590     62.000    29.4205    29.4218   5.961810   5.962197     3.1327     2.6519      87.78   25.49340  -87.99828   -0.00083   -0.00063     4.3364     4.3233    29.4053    29.4066    36.2702    36.2719    22.8815    22.8824    1546.30    189.333    188.761         47 0.0000e+00
       7508    312.786     62.583     63.000    29.4189    29.4197   5.961650   5.961969     3.1324     2.6533      99.97   25.49340  -87.99827   -0.00040    0.00006     4.3364     4.3269    29.4034    29.4042    36.2701    36.2716    22.8820    22.8829    1546.31    189.333    188.915         47 0.0000e+00
       7556    314.805     63.576     64.000    29.4193    29.4198   5.961740   5.962004     3.1316     2.6501     100.00   25.49341  -87.99826   -0.00045   -0.00016     4.3355     4.3210    29.4036    29.4041    36.2701    36.2716    22.8820    22.8830    1546.31    189.290    188.659         49 0.0000e+00
       7603    316.753     64.569     65.000    29.4173    29.4180   5.961525   5.961834     3.1321     2.6502     100.00   25.49342  -87.99826    0.00017   -0.00147     4.3370     4.3217    29.4013    29.4021    36.2698    36.2714    22.8826    22.8835    1546.32    189.359    188.690         45 0.0000e+00
       7648    318.628     65.563     66.000    29.4175    29.4191   5.961597   5.962018     3.1332     2.6517     100.00   25.49342  -87.99826    0.00019    0.00083     4.3396     4.3252    29.4013    29.4029    36.2698    36.2715    22.8826    22.8833    1546.33    189.470    188.843         46 0.0000e+00
       7696    320.618     66.556     67.000    29.4181    29.4197   5.961708   5.962131     3.1352     2.6510      94.18   25.49343  -87.99826    0.00087    0.00010     4.3437     4.3243    29.4017    29.4033    36.2699    36.2716    22.8825    22.8832    1546.34    189.648    188.804         49 0.0000e+00
       7743    322.572     67.549     68.000    29.4136    29.4136   5.961151   5.961368     3.1344     2.6520      90.65   25.49344  -87.99826    0.00044    0.00025     4.3430     4.3272    29.3969    29.3969    36.2691    36.2707    22.8835    22.8847    1546.35    189.621    188.931         45 0.0000e+00
       7787    324.432     68.542     69.000    29.4073    29.4074   5.960383   5.960627     3.1315     2.6480      99.87   25.49344  -87.99826   -0.00095   -0.00102     4.3390     4.3202    29.3904    29.3905    36.2683    36.2699    22.8851    22.8863    1546.35    189.442    188.622         45 0.0000e+00
       7836    326.464     69.536     70.000    29.4041    29.4050   5.959934   5.960304     3.1333     2.6523      91.13   25.49344  -87.99826   -0.00043    0.00027     4.3430     4.3297    29.3869    29.3879    36.2680    36.2696    22.8861    22.8869    1546.36    189.620    189.037         51 0.0000e+00
       7884    328.466     70.529     71.000    29.4039    29.4049   5.960055   5.960387     3.1336     2.6492      75.05   25.49346  -87.99826    0.00074   -0.00011     4.3440     4.3237    29.3865    29.3875    36.2680    36.2696    22.8862    22.8871    1546.37    189.661    188.775         45 0.0000e+00
       7928    330.312     71.522     72.000    29.4045    29.4056   5.960172   5.960517     3.1327     2.6433      99.71   25.49346  -87.99826   -0.00022   -0.00308     4.3429     4.3126    29.3869    29.3879    36.2681    36.2697    22.8862    22.8870    1546.38    189.614    188.289         45 0.0000e+00
       7975    332.247     72.515     73.000    29.4052    29.4056   5.960294   5.960571     3.1314     2.6466     100.00   25.49346  -87.99826   -0.00050    0.00017     4.3409     4.3196    29.3873    29.3877    36.2682    36.2697    22.8861    22.8871    1546.38    189.526    188.595         46 0.0000e+00
       8021    334.166     73.508     74.000    29.4006    29.4002   5.959747   5.959912     3.1277     2.6478      99.88   25.49347  -87.99826   -0.00145    0.00140     4.3352     4.3231    29.3825    29.3821    36.2675    36.2689    22.8872    22.8884    1546.39    189.277    188.749         47 0.0000e+00
       8069    336.173     74.501     75.000    29.3614    29.3613   5.954781   5.955021     3.1302     2.6467     100.00   25.49348  -87.99826   -0.00037   -0.00012     4.3433     4.3243    29.3430    29.3429    36.2628    36.2645    22.8970    22.8983    1546.39    189.631    188.802         48 0.0000e+00
       8116    338.131     75.495     76.000    29.3332    29.3350   5.951204   5.951659     3.1338     2.6498     100.00   25.49348  -87.99826    0.00162    0.00027     4.3525     4.3328    29.3146    29.3164    36.2591    36.2610    22.9039    22.9046    1546.40    190.032    189.169         47 0.0000e+00
       8161    340.020     76.488     77.000    29.2628    29.2609   5.941994   5.942079     3.1329     2.6495      80.23   25.49348  -87.99826    0.00120    0.00107     4.3570     4.3382    29.2440    29.2421    36.2487    36.2507    22.9198    22.9220    1546.41    190.223    189.404         45 0.0000e+00
       8208    341.947     77.481     78.000    28.9076    28.9272   5.899459   5.900963     3.1347     2.6563      99.88   25.49350  -87.99825   -0.00090    0.00087     4.3983     4.3841    28.8887    28.9082    36.2154    36.2197    23.0143    23.0109    1546.41    192.008    191.389         47 0.0000e+00
       8255    343.905     78.474     79.000    28.8709    28.8717   5.894248   5.894640     3.1476     2.6699     100.00   25.49350  -87.99826    0.00435    0.00592     4.4158     4.4092    28.8518    28.8526    36.2153    36.2174    23.0266    23.0279    1546.40    192.771    192.483         47 0.0000e+00
       8300    345.801     79.467     80.000    28.8492    28.8498   5.892181   5.892561     3.1496     2.6700     100.00   25.49350  -87.99825    0.00436    0.00407     4.4216     4.4115    28.8299    28.8304    36.2171    36.2193    23.0353    23.0368    1546.39    193.022    192.583         44 0.0000e+00
       8347    347.736     80.460     81.000    28.8324    28.8313   5.890940   5.891129     3.1483     2.6655     100.00   25.49351  -87.99825    0.00029   -0.00078     4.4209     4.4043    28.8128    28.8117    36.2210    36.2232    23.0439    23.0459    1546.38    192.991    192.263         49 0.0000e+00
       8396    349.785     81.453     82.000    28.7520    28.7514   5.882694   5.882922     3.1471     2.6649     100.00   25.49352  -87.99824   -0.00088   -0.00177     4.4254     4.4091    28.7322    28.7316    36.2246    36.2267    23.0735    23.0753    1546.37    193.183    192.471         47 0.0000e+00
       8440    351.607     82.447     83.000    28.7299    28.7304   5.880375   5.880715     3.1434     2.6609      88.53   25.49352  -87.99824   -0.00090   -0.00066     4.4210     4.4031    28.7099    28.7104    36.2250    36.2270    23.0813    23.0826    1546.36    192.986    192.208         42 0.0000e+00
       8487    353.581     83.440     84.000    28.7151    28.7158   5.878943   5.879290     3.1368     2.6595     100.11   25.49352  -87.99824   -0.00286   -0.00164     4.4106     4.4020    28.6949    28.6955    36.2260    36.2279    23.0870    23.0883    1546.36    192.534    192.157         52 0.0000e+00
       8534    355.546     84.433     85.000    28.6972    28.6975   5.877016   5.877304     3.1351     2.6571     100.00   25.49352  -87.99824   -0.00198   -0.00104     4.4095     4.3988    28.6767    28.6770    36.2260    36.2277    23.0931    23.0943    1546.35    192.483    192.018         43 0.0000e+00
       8578    357.393     85.426     86.000    28.6772    28.6777   5.874672   5.874990     3.1302     2.6518      66.57   25.49354  -87.99824   -0.00161   -0.00154     4.4026     4.3902    28.6565    28.6570    36.2246    36.2264    23.0987    23.1000    1546.34    192.182    191.641         47 0.0000e+00
       8627    359.400     86.419     87.000    28.6662    28.6669   5.873363   5.873686     3.1276     2.6491     100.44   25.49354  -87.99824   -0.00221   -0.00263     4.3992     4.3860    28.6453    28.6459    36.2235    36.2253    23.1017    23.1028    1546.33    192.034    191.457         47 0.0000e+00
       8673    361.328     87.412     88.000    28.6586    28.6591   5.872475   5.872791     3.1261     2.6464     100.00   25.49354  -87.99824   -0.00100   -0.00116     4.3976     4.3816    28.6374    28.6379    36.2229    36.2247    23.1039    23.1050    1546.32    191.960    191.264         47 0.0000e+00
       8720    363.291     88.406     89.000    28.6369    28.6364   5.871028   5.871309     3.1232     2.6442     100.00   25.49354  -87.99824   -0.00092   -0.00122     4.3940     4.3787    28.6155    28.6150    36.2272    36.2292    23.1144    23.1160    1546.31    191.804    191.136         47 0.0000e+00
       8768    365.295     89.399     90.000    28.6174    28.6181   5.869440   5.869790     3.1195     2.6398     100.00   25.49356  -87.99824   -0.00184   -0.00176     4.3895     4.3720    28.5958    28.5964    36.2326    36.2345    23.1250    23.1262    1546.30    191.604    190.842         48 0.0000e+00
       8814    367.190     90.392     91.000    28.6058    28.6059   5.868884   5.869200     3.1176     2.6371     100.00   25.49356  -87.99824   -0.00143   -0.00183     4.3873     4.3679    28.5839    28.5841    36.2372    36.2393    23.1324    23.1340    1546.29    191.508    190.661         44 0.0000e+00
       8858    369.061     91.385     92.000    28.5510    28.5502   5.865257   5.865490     3.1133     2.6371      82.79   25.49356  -87.99824   -0.00147   -0.00050     4.3839     4.3720    28.5289    28.5282    36.2535    36.2557    23.1630    23.1649    1546.29    191.352    190.831         46 0.0000e+00
       8906    371.053     92.378     93.000    28.4982    28.4981   5.861403   5.861706     3.1033     2.6296      95.77   25.49356  -87.99824   -0.00359   -0.00228     4.3699     4.3607    28.4759    28.4759    36.2664    36.2685    23.1902    23.1919    1546.28    190.739    190.334         50 0.0000e+00
       8956    373.124     93.371     94.000    28.4790    28.4793   5.860402   5.860729     3.1003     2.6277     100.04   25.49358  -87.99824   -0.00350   -0.00206     4.3661     4.3586    28.4565    28.4567    36.2741    36.2762    23.2025    23.2039    1546.27    190.568    190.239         48 0.0000e+00
       8997    374.816     94.364     95.000    28.4610    28.4622   5.859227   5.859600     3.0992     2.6254     100.00   25.49358  -87.99824   -0.00078   -0.00106     4.3660     4.3555    28.4383    28.4395    36.2792    36.2809    23.2124    23.2132    1546.25    190.562    190.102         32 0.0000e+00
       9028    376.131     95.357     96.000    28.4440    28.4439   5.857851   5.858092     3.0959     2.6199     100.00   25.49358  -87.99824   -0.00114   -0.00222     4.3617     4.3460    28.4211    28.4209    36.2824    36.2842    23.2205    23.2218    1546.24    190.372    189.690         33 0.0000e+00
       9061    377.512     96.350     97.000    28.4139    28.4158   5.855125   5.855573     3.0914     2.6187     100.00   25.49359  -87.99824   -0.00244   -0.00242     4.3560     4.3461    28.3907    28.3926    36.2862    36.2878    23.2334    23.2339    1546.23    190.123    189.688         34 0.0000e+00
       9096    378.951     97.343     98.000    28.4065    28.4078   5.854553   5.854928     3.0904     2.6155     100.00   25.49360  -87.99824   -0.00211   -0.00208     4.3554     4.3407    28.3831    28.3844    36.2875    36.2891    23.2369    23.2376    1546.22    190.093    189.452         34 0.0000e+00
       9129    380.328     98.336     99.000    28.4062    28.4068   5.854641   5.854990     3.0888     2.6172     100.00   25.49360  -87.99824   -0.00155   -0.00099     4.3529     4.3448    28.3825    28.3832    36.2880    36.2900    23.2375    23.2387    1546.21    189.985    189.630         33 0.0000e+00
       9162    381.702     99.329    100.000    28.3967    28.3966   5.854150   5.854434     3.0893     2.6171      78.48   25.49360  -87.99824   -0.00072    0.00008     4.3551     4.3457    28.3728    28.3727    36.2916    36.2936    23.2433    23.2449    1546.20    190.080    189.671         34 0.0000e+00
       9197    383.181    100.323    101.000    28.3790    28.3550   5.852581   5.851417     3.0894     2.6161     100.21   25.49360  -87.99824    0.00017    0.00030     4.3586     4.3492    28.3550    28.3309    36.2961    36.3006    23.2527    23.2640    1546.20    190.232    189.820         35 0.0000e+00
       9230    384.539    101.315    102.000    28.2587    28.2598   5.840976   5.841347     3.0832     2.6148     100.00   25.49360  -87.99822   -0.00110   -0.00080     4.3550     4.3516    28.2344    28.2355    36.3045    36.3063    23.2989    23.2999    1546.18    190.064    189.918         31 0.0000e+00
       9262    385.892    102.309    103.000    28.2362    28.2369   5.838564   5.838900     3.0816     2.6122     100.00   25.49360  -87.99822   -0.00258   -0.00127     4.3544     4.3483    28.2117    28.2124    36.3046    36.3064    23.3064    23.3076    1546.17    190.040    189.773         35 0.0000e+00
       9298    387.383    103.302    104.000    28.2234    28.2225   5.837149   5.837318     3.0789     2.6090     100.00   25.49362  -87.99822   -0.00210   -0.00163     4.3509     4.3433    28.1986    28.1978    36.3042    36.3061    23.3104    23.3121    1546.16    189.885    189.554         35 0.0000e+00
       9331    388.759    104.295    105.000    28.2066    28.2050   5.835217   5.835260     3.0773     2.6066      99.67   25.49362  -87.99822   -0.00149   -0.00214     4.3499     4.3404    28.1817    28.1800    36.3032    36.3048    23.3153    23.3170    1546.15    189.839    189.424         31 0.0000e+00
