GOMECC/GOMECC-4/1db/drb2103_0051.cnv
* Sea-Bird SBE 9 Data File:
* FileName = C:\Users\scs.user.rb\CTD\GOMECC4\data\rb2103_005.hex
* Software Version Seasave V 7.26.7.107
* Temperature SN = 4799
* Conductivity SN = 3860
* Number of Bytes Per Scan = 41
* Number of Voltage Words = 4
* Number of Scans Averaged by the Deck Unit = 1
* NMEA Latitude = 26 59.47 N
* NMEA Longitude = 079 56.01 W
* NMEA UTC (Time) = Sep 15 2021  02:01:09
* NMEA baud rate = 4800
# nquan = 28
# nvalues = 117                         
# units = specified
# name 0 = scan: Scan Count
# name 1 = timeS: Time, Elapsed [seconds]
# name 2 = depSM: Depth [salt water, m]
# name 3 = prDM: Pressure, Digiquartz [db]
# name 4 = t090C: Temperature [ITS-90, deg C]
# name 5 = t190C: Temperature, 2 [ITS-90, deg C]
# name 6 = c0S/m: Conductivity [S/m]
# name 7 = c1S/m: Conductivity, 2 [S/m]
# name 8 = sbeox0V: Oxygen raw, SBE 43 [V]
# name 9 = sbeox1V: Oxygen raw, SBE 43, 2 [V]
# name 10 = altM: Altimeter [m]
# name 11 = latitude: Latitude [deg]
# name 12 = longitude: Longitude [deg]
# name 13 = sbox0dV/dT: Oxygen, SBE 43 [dov/dt]
# name 14 = sbox1dV/dT: Oxygen, SBE 43, 2 [dov/dt]
# name 15 = sbeox0ML/L: Oxygen, SBE 43 [ml/l], WS = 5
# name 16 = sbeox1ML/L: Oxygen, SBE 43, 2 [ml/l], WS = 5
# name 17 = potemp090C: Potential Temperature [ITS-90, deg C]
# name 18 = potemp190C: Potential Temperature, 2 [ITS-90, deg C]
# name 19 = sal00: Salinity, Practical [PSU]
# name 20 = sal11: Salinity, Practical, 2 [PSU]
# name 21 = sigma-é00: Density [sigma-theta, kg/m^3]
# name 22 = sigma-é11: Density, 2 [sigma-theta, kg/m^3]
# name 23 = avgsvCM: Average Sound Velocity [Chen-Millero, m/s], minP = 20, minS = 20
# name 24 = sbox0Mm/Kg: Oxygen, SBE 43 [umol/kg], WS = 5
# name 25 = sbox1Mm/Kg: Oxygen, SBE 43, 2 [umol/kg], WS = 5
# name 26 = nbin: number of scans per bin
# name 27 = flag: flag
# span 0 =      13667,      22838       
# span 1 =    569.422,    951.556       
# span 2 =      5.960,    139.032       
# span 3 =      6.000,    140.000       
# span 4 =    13.2692,    29.6726       
# span 5 =    13.3079,    29.6743       
# span 6 =   4.198882,   5.946056       
# span 7 =   4.202462,   5.946156       
# span 8 =     1.8440,     3.1888       
# span 9 =     1.5337,     2.7155       
# span 10 =      11.98,     100.00      
# span 11 =   26.97017,   26.99535      
# span 12 =  -79.93414,  -79.85488      
# span 13 =   -0.03771,    0.00275      
# span 14 =   -0.03371,    0.00304      
# span 15 =     2.8084,     4.5369      
# span 16 =     2.8529,     4.5585      
# span 17 =    13.2496,    29.6701      
# span 18 =    13.2882,    29.6718      
# span 19 =    35.4019,    36.3064      
# span 20 =    35.4044,    36.3139      
# span 21 =    22.1555,    26.8492      
# span 22 =    22.1568,    26.8395      
# span 23 =       0.00,    1556.93      
# span 24 =    122.141,    197.918      
# span 25 =    124.077,    198.861      
# span 26 =         30,         72      
# span 27 = 0.0000e+00, 0.0000e+00      
# interval = decibars: 1                
# start_time = Sep 15 2021 02:01:09 [NMEA time, header]
# bad_flag = -9.990e-29
*END*
[from data line 52]
      16565    690.166     57.611     58.000    27.3534    27.3458   5.723119   5.723040     3.1463     2.6855      95.10   26.99446  -79.93276   -0.00055    0.00050     4.5234     4.5440    27.3400    27.3323    36.1831    36.1892    23.4997    23.5068    1545.61    197.378    198.276         50 0.0000e+00
      16617    692.331     58.604     59.000    27.1622    27.1463   5.708863   5.708000     3.1418     2.6785      94.46   26.99447  -79.93276   -0.00082   -0.00256     4.5288     4.5423    27.1486    27.1326    36.2295    36.2357    23.5964    23.6063    1545.55    197.595    198.180         55 0.0000e+00
      16674    694.703     59.597     60.000    27.0400    27.0223   5.699018   5.698019     3.1399     2.6783      94.23   26.99448  -79.93276   -0.00135   -0.00150     4.5346     4.5529    27.0261    27.0085    36.2539    36.2606    23.6542    23.6649    1545.48    197.838    198.634         56 0.0000e+00
      16728    696.944     60.590     61.000    26.8030    26.7057   5.675281   5.665591     3.1301     2.6719      92.06   26.99450  -79.93276   -0.00267   -0.00070     4.5369     4.5585    26.7890    26.6918    36.2682    36.2745    23.7409    23.7766    1545.41    197.918    198.861         52 0.0000e+00
      16780    699.138     61.583     62.000    26.5725    26.5661   5.650443   5.650185     3.1194     2.6554      88.47   26.99452  -79.93276   -0.00513   -0.00624     4.5359     4.5407    26.5583    26.5520    36.2693    36.2724    23.8152    23.8196    1545.33    197.860    198.071         53 0.0000e+00
      16829    701.184     62.576     63.000    26.4944    26.4876   5.642192   5.641874     3.1124     2.6537      79.50   26.99453  -79.93276   -0.00350   -0.00451     4.5295     4.5437    26.4800    26.4733    36.2707    36.2736    23.8411    23.8454    1545.25    197.578    198.197         44 0.0000e+00
      16873    703.018     63.570     64.000    26.3472    26.3093   5.627212   5.624187     3.0965     2.6483      89.21   26.99454  -79.93276   -0.00524   -0.00153     4.5147     4.5445    26.3327    26.2949    36.2800    36.2854    23.8947    23.9107    1545.18    196.921    198.221         46 0.0000e+00
      16918    704.880     64.562     65.000    25.9006    25.8306   5.582821   5.576257     3.0720     2.6150      88.08   26.99456  -79.93276   -0.01040   -0.01034     4.5013     4.5125    25.8861    25.8161    36.3064    36.3139    24.0550    24.0825    1545.09    196.307    196.791         43 0.0000e+00
      16960    706.622     65.556     66.000    25.4739    25.3943   5.533974   5.524846     3.0467     2.5878      87.25   26.99458  -79.93276   -0.01328   -0.01540     4.4885     4.4894    25.4594    25.3797    36.2862    36.2824    24.1724    24.1941    1544.99    195.724    195.759         41 0.0000e+00
      16999    708.252     66.549     67.000    25.1725    25.1242   5.496480   5.491157     3.0127     2.5589      86.37   26.99458  -79.93276   -0.01685   -0.01703     4.4486     4.4494    25.1579    25.1096    36.2490    36.2481    24.2371    24.2513    1544.88    193.975    194.007         37 0.0000e+00
      17036    709.793     67.542     68.000    24.8007    24.8360   5.451584   5.455976     2.9716     2.5280      85.80   26.99459  -79.93275   -0.02202   -0.01830     4.4002     4.4062    24.7860    24.8213    36.2122    36.2167    24.3229    24.3155    1544.76    191.846    192.110         38 0.0000e+00
      17074    711.394     68.535     69.000    24.3582    24.3597   5.399188   5.399850     2.9213     2.4862      84.44   26.99461  -79.93274   -0.02744   -0.02089     4.3386     4.3529    24.3435    24.3449    36.1749    36.1787    24.4284    24.4309    1544.63    189.142    189.766         37 0.0000e+00
      17110    712.864     69.528     70.000    23.7787    23.7869   5.335561   5.335847     2.8728     2.4398      83.51   26.99462  -79.93274   -0.03126   -0.02767     4.2842     4.2913    23.7640    23.7722    36.1597    36.1574    24.5894    24.5853    1544.51    186.741    187.049         34 0.0000e+00
      17143    714.253     70.521     71.000    23.2565    23.2551   5.280486   5.280632     2.8278     2.4017      82.39   26.99462  -79.93274   -0.03309   -0.02989     4.2415     4.2513    23.2418    23.2404    36.1663    36.1686    24.7482    24.7502    1544.32    184.852    185.277         33 0.0000e+00
      17176    715.636     71.514     72.000    22.9962    22.9934   5.252858   5.252956     2.7944     2.3715      80.88   26.99464  -79.93274   -0.03071   -0.02738     4.1953     4.2040    22.9815    22.9787    36.1665    36.1695    24.8240    24.8271    1544.15    182.822    183.204         33 0.0000e+00
      17208    716.951     72.507     73.000    22.7337    22.6897   5.224633   5.219816     2.7666     2.3470      79.99   26.99464  -79.93274   -0.02472   -0.02183     4.1601     4.1726    22.7189    22.6749    36.1635    36.1623    24.8974    24.9091    1543.98    181.278    181.819         30 0.0000e+00
      17238    718.219     73.500     74.000    22.2117    22.1891   5.167843   5.165411     2.7301     2.3147      79.26   26.99466  -79.93274   -0.02336   -0.02060     4.1274     4.1375    22.1969    22.1743    36.1517    36.1513    25.0374    25.0435    1543.79    179.826    180.264         32 0.0000e+00
      17273    719.648     74.493     75.000    21.4036    21.3757   5.081495   5.078747     2.6744     2.2648      77.79   26.99466  -79.93274   -0.02913   -0.02609     4.0762     4.0846    21.3890    21.3611    36.1431    36.1446    25.2572    25.2660    1543.59    177.558    177.921         36 0.0000e+00
      17306    721.039     75.486     76.000    20.8303    20.8251   5.019999   5.019624     2.6219     2.2168      77.00   26.99467  -79.93274   -0.03771   -0.03371     4.0118     4.0153    20.8158    20.8106    36.1330    36.1343    25.4070    25.4094    1543.37    174.726    174.882         30 0.0000e+00
      17420    725.776     79.459     80.000    20.1509    20.1448   4.946573   4.946262     2.5129     2.1322      72.54   26.99023  -79.91951   -0.02061   -0.01534     3.8349     3.8693    20.1360    20.1299    36.1108    36.1134    25.5726    25.5763    1542.19    166.995    168.492         30 0.0000e+00
      17453    727.161     80.452     81.000    20.0153    20.0107   4.932607   4.932381     2.4946     2.1174      71.80   26.99472  -79.93274   -0.01703   -0.01272     3.8063     3.8447    20.0002    19.9956    36.1142    36.1162    25.6118    25.6146    1542.22    165.746    167.415         31 0.0000e+00
      17485    728.514     81.445     82.000    19.7993    19.7914   4.909320   4.908673     2.4753     2.0977      70.43   26.99472  -79.93274   -0.01503   -0.01232     3.7839     3.8159    19.7842    19.7763    36.1076    36.1090    25.6639    25.6671    1541.99    164.758    166.155         33 0.0000e+00
      17567    731.896     84.424     85.000    19.0327    19.0272   4.826132   4.825667     2.4033     2.0319      67.46   26.98938  -79.91683   -0.02010   -0.01851     3.6844     3.7137    19.0174    19.0119    36.0749    36.0758    25.8379    25.8400    1540.98    160.400    161.673         31 0.0000e+00
      17601    733.352     85.417     86.000    18.7876    18.7810   4.800103   4.799399     2.3781     2.0084      66.75   26.99476  -79.93274   -0.02063   -0.01886     3.6479     3.6750    18.7723    18.7657    36.0715    36.0714    25.8987    25.9003    1541.05    158.802    159.982         32 0.0000e+00
      17717    738.173     89.389     90.000    17.7401    17.7397   4.690436   4.690653     2.2697     1.9088      62.49   26.99275  -79.92664   -0.02301   -0.02190     3.4851     3.5061    17.7248    17.7243    36.0553    36.0576    26.1485    26.1503    1539.93    151.680    152.593         30 0.0000e+00
      17748    739.469     90.382     91.000    17.6503    17.6495   4.683423   4.683627     2.2458     1.8880      61.36   26.99482  -79.93272   -0.02304   -0.02141     3.4378     3.4611    17.6348    17.6341    36.0750    36.0774    26.1858    26.1879    1539.81    149.616    150.628         30 0.0000e+00
      17779    740.738     91.375     92.000    17.5758    17.5775   4.677332   4.677737     2.2237     1.8701      60.55   26.99483  -79.93271   -0.02055   -0.01793     3.3933     3.4218    17.5602    17.5619    36.0882    36.0901    26.2142    26.2153    1539.57    147.675    148.915         30 0.0000e+00
      17868    744.451     94.354     95.000    17.4416    17.4442   4.669715   4.670047     2.1702     1.8259      57.37   26.99535  -79.93414   -0.01471   -0.01212     3.2817     3.3215    17.4256    17.4281    36.1407    36.1413    26.2874    26.2873    1538.87    142.808    144.540         32 0.0000e+00
      17899    745.747     95.347     96.000    17.3843    17.3823   4.665647   4.665659     2.1527     1.8101      56.36   26.99488  -79.93270   -0.01339   -0.01170     3.2458     3.2861    17.3675    17.3669    36.1565    36.1584    26.3137    26.3155    1538.60    141.241    142.993         30 0.0000e+00
      17955    748.070     97.332     98.000    17.2317    17.2316   4.651912   4.651947     2.1208     1.7799      54.44   26.99216  -79.92459   -0.01330   -0.01224     3.1845     3.2215    17.2152    17.2152    36.1711    36.1714    26.3614    26.3617    1537.99    138.568    140.177         30 0.0000e+00
      17987    749.412     98.326     99.000    17.1562    17.1616   4.644952   4.645502     2.1065     1.7670      53.39   26.99490  -79.93270   -0.01284   -0.01209     3.1572     3.1940    17.1397    17.1450    36.1787    36.1787    26.3858    26.3845    1537.93    137.378    138.976         31 0.0000e+00
      18019    750.747     99.318    100.000    17.0606    17.0612   4.635347   4.635203     2.0935     1.7543      52.34   26.99492  -79.93270   -0.01150   -0.01098     3.1341     3.1690    17.0440    17.0445    36.1801    36.1784    26.4099    26.4084    1537.71    136.368    137.885         33 0.0000e+00
      18051    752.078    100.311    101.000    16.8322    16.8854   4.610327   4.616169     2.0788     1.7411      51.43   26.99494  -79.93270   -0.01047   -0.00975     3.1162     3.1477    16.8156    16.8687    36.1657    36.1691    26.4534    26.4434    1537.49    135.583    136.954         31 0.0000e+00
      18109    754.493    102.297    103.000    16.4993    16.5047   4.572174   4.572803     2.0518     1.7188      49.38   26.99247  -79.92532   -0.01099   -0.00944     3.0773     3.1168    16.4825    16.4879    36.1277    36.1284    26.5028    26.5020    1536.90    133.882    135.602         30 0.0000e+00
      18140    755.809    103.290    104.000    16.3748    16.3776   4.558115   4.558293     2.0417     1.7099      48.44   26.99496  -79.93268   -0.01025   -0.00849     3.0625     3.1030    16.3580    16.3608    36.1163    36.1153    26.5235    26.5221    1536.83    133.238    135.000         30 0.0000e+00
      18171    757.081    104.283    105.000    16.1884    16.1918   4.536726   4.537020     2.0323     1.7018      47.50   26.99498  -79.93268   -0.00882   -0.00739     3.0535     3.0946    16.1716    16.1749    36.0945    36.0941    26.5502    26.5491    1536.59    132.843    134.629         31 0.0000e+00
      18202    758.360    105.276    106.000    16.0649    16.0672   4.522119   4.522430     2.0244     1.6947      46.52   26.99498  -79.93268   -0.00748   -0.00655     3.0446     3.0858    16.0485    16.0511    36.0755    36.0760    26.5641    26.5639    1536.38    132.452    134.245         31 0.0000e+00
      18233    759.651    106.269    107.000    15.9302    15.9332   4.507083   4.507297     2.0178     1.6900      45.53   26.99499  -79.93268   -0.00628   -0.00534     3.0379     3.0822    15.9132    15.9162    36.0635    36.0626    26.5861    26.5847    1536.14    132.158    134.087         31 0.0000e+00
      18266    761.041    107.262    108.000    15.8627    15.8625   4.500693   4.500822     2.0105     1.6837      44.49   26.99500  -79.93268   -0.00543   -0.00440     3.0253     3.0706    15.8456    15.8454    36.0672    36.0686    26.6044    26.6056    1535.92    131.610    133.578         35 0.0000e+00
      18299    762.433    108.255    109.000    15.8603    15.8623   4.501131   4.501483     2.0050     1.6793      43.53   26.99502  -79.93268   -0.00490   -0.00404     3.0130     3.0597    15.8430    15.8451    36.0730    36.0743    26.6095    26.6100    1535.70    131.071    133.106         32 0.0000e+00
      18331    763.760    109.248    110.000    15.8107    15.8142   4.495524   4.495935     1.9998     1.6756      42.51   26.99503  -79.93268   -0.00426   -0.00339     3.0044     3.0538    15.7933    15.7969    36.0674    36.0679    26.6166    26.6161    1535.49    130.697    132.846         31 0.0000e+00
      18362    765.047    110.241    111.000    15.6987    15.7043   4.482106   4.482696     1.9940     1.6709      41.63   26.99504  -79.93268   -0.00407   -0.00298     2.9987     3.0493    15.6813    15.6868    36.0484    36.0487    26.6275    26.6265    1535.27    130.448    132.647         31 0.0000e+00
      18419    767.407    112.226    113.000    15.5280    15.5306   4.460938   4.461286     1.9852     1.6624      39.62   26.99177  -79.92294   -0.00390   -0.00363     2.9905     3.0395    15.5104    15.5130    36.0114    36.0121    26.6375    26.6375    1534.66    130.088    132.221         31 0.0000e+00
      18455    768.899    113.219    114.000    15.4829    15.4863   4.456164   4.456569     1.9812     1.6592      38.53   26.99506  -79.93268   -0.00331   -0.00308     2.9842     3.0344    15.4651    15.4686    36.0103    36.0108    26.6472    26.6468    1534.64    129.816    131.999         37 0.0000e+00
      18492    770.459    114.212    115.000    15.3884    15.3947   4.444910   4.445630     1.9766     1.6554      37.54   26.99508  -79.93268   -0.00297   -0.00245     2.9807     3.0313    15.3706    15.3769    35.9944    35.9952    26.6563    26.6554    1534.44    129.662    131.864         36 0.0000e+00
      18526    771.885    115.205    116.000    15.2178    15.2257   4.424226   4.424983     1.9708     1.6496      36.59   26.99509  -79.93268   -0.00324   -0.00280     2.9783     3.0275    15.2000    15.2079    35.9625    35.9621    26.6699    26.6678    1534.22    129.555    131.696         33 0.0000e+00
      18558    773.210    116.198    117.000    15.1194    15.1235   4.412386   4.412850     1.9652     1.6442      35.73   26.99510  -79.93268   -0.00390   -0.00374     2.9721     3.0205    15.1014    15.1056    35.9446    35.9450    26.6780    26.6774    1534.01    129.284    131.391         31 0.0000e+00
      18617    775.664    118.183    119.000    14.9344    14.9387   4.390176   4.390639     1.9576     1.6381      33.67   26.99358  -79.92813   -0.00335   -0.00296     2.9671     3.0176    14.9164    14.9206    35.9102    35.9105    26.6924    26.6917    1533.51    129.065    131.263         31 0.0000e+00
      18651    777.096    119.176    120.000    14.8472    14.8544   4.380159   4.380880     1.9540     1.6345      32.67   26.99513  -79.93268   -0.00298   -0.00243     2.9648     3.0140    14.8291    14.8363    35.8988    35.8988    26.7030    26.7014    1533.39    128.963    131.103         36 0.0000e+00
      18688    778.644    120.169    121.000    14.7375    14.7453   4.367718   4.368473     1.9488     1.6287      31.61   26.99514  -79.93268   -0.00299   -0.00292     2.9606     3.0075    14.7193    14.7271    35.8853    35.8851    26.7166    26.7147    1533.19    128.781    130.820         37 0.0000e+00
      18724    780.112    121.162    122.000    14.6246    14.6266   4.356207   4.356448     1.9435     1.6240      30.71   26.99516  -79.93268   -0.00334   -0.00343     2.9537     3.0002    14.6063    14.6084    35.8744    35.8746    26.7328    26.7326    1533.00    128.477    130.498         33 0.0000e+00
