GOMECC/GOMECC-4/1db/drb2103_0221.cnv
* Sea-Bird SBE 9 Data File:
* FileName = C:\Users\scs.user.rb\CTD\GOMECC4\data\rb2103_0221.hex
* Software Version Seasave V 7.26.7.107
* Temperature SN = 4799
* Conductivity SN = 3860
* Number of Bytes Per Scan = 41
* Number of Voltage Words = 4
* Number of Scans Averaged by the Deck Unit = 1
* NMEA Latitude = 29 02.28 N
* NMEA Longitude = 085 46.96 W
* NMEA UTC (Time) = Sep 21 2021  00:10:54
* NMEA baud rate = 4800
# nquan = 28
# nvalues = 167                         
# units = specified
# name 0 = scan: Scan Count
# name 1 = timeS: Time, Elapsed [seconds]
# name 2 = depSM: Depth [salt water, m]
# name 3 = prDM: Pressure, Digiquartz [db]
# name 4 = t090C: Temperature [ITS-90, deg C]
# name 5 = t190C: Temperature, 2 [ITS-90, deg C]
# name 6 = c0S/m: Conductivity [S/m]
# name 7 = c1S/m: Conductivity, 2 [S/m]
# name 8 = sbeox0V: Oxygen raw, SBE 43 [V]
# name 9 = sbeox1V: Oxygen raw, SBE 43, 2 [V]
# name 10 = altM: Altimeter [m]
# name 11 = latitude: Latitude [deg]
# name 12 = longitude: Longitude [deg]
# name 13 = sbox0dV/dT: Oxygen, SBE 43 [dov/dt]
# name 14 = sbox1dV/dT: Oxygen, SBE 43, 2 [dov/dt]
# name 15 = sbeox0ML/L: Oxygen, SBE 43 [ml/l], WS = 5
# name 16 = sbeox1ML/L: Oxygen, SBE 43, 2 [ml/l], WS = 5
# name 17 = potemp090C: Potential Temperature [ITS-90, deg C]
# name 18 = potemp190C: Potential Temperature, 2 [ITS-90, deg C]
# name 19 = sal00: Salinity, Practical [PSU]
# name 20 = sal11: Salinity, Practical, 2 [PSU]
# name 21 = sigma-é00: Density [sigma-theta, kg/m^3]
# name 22 = sigma-é11: Density, 2 [sigma-theta, kg/m^3]
# name 23 = avgsvCM: Average Sound Velocity [Chen-Millero, m/s], minP = 20, minS = 20
# name 24 = sbox0Mm/Kg: Oxygen, SBE 43 [umol/kg], WS = 5
# name 25 = sbox1Mm/Kg: Oxygen, SBE 43, 2 [umol/kg], WS = 5
# name 26 = nbin: number of scans per bin
# name 27 = flag: flag
# span 0 =      20015,      63166       
# span 1 =    833.905,   2631.800       
# span 2 =      5.960,    181.688       
# span 3 =      4.000,    183.000       
# span 4 =    14.8164,    88.7556       
# span 5 =    14.8178,    88.7584       
# span 6 =   4.384749,  17.004284       
# span 7 =   4.384923,  17.004933       
# span 8 =     1.8016,     9.8022       
# span 9 =     1.4883,     8.3329       
# span 10 =       5.58,     249.50      
# span 11 =   28.70194,   90.89206      
# span 12 = -268.56629,  -84.80799      
# span 13 =   -0.03667,    0.01789      
# span 14 =   -0.03606,    0.01826      
# span 15 =     2.6192,    13.9518      
# span 16 =     2.6515,    13.9663      
# span 17 =    14.7897,    88.7517      
# span 18 =    14.7911,    88.7545      
# span 19 =    33.0312,   104.6038      
# span 20 =    33.0322,   104.6063      
# span 21 =    20.8467,    66.0181      
# span 22 =    20.8472,    66.0191      
# span 23 =       0.00,    1542.08      
# span 24 =    113.928,    610.223      
# span 25 =    115.331,    610.850      
# span 26 =         30,         66      
# span 27 = 0.0000e+00, 0.0000e+00      
# interval = decibars: 1                
# start_time = Sep 21 2021 00:10:54 [NMEA time, header]
# bad_flag = -9.990e-29
*END*
[from data line 156]
      26431   1101.249    170.771    172.000    14.8365    14.8331   4.386676   4.386349     1.8360     1.5193      16.21   29.03270  -85.78552   -0.00331   -0.00329     2.6984     2.7298    14.8105    14.8070    35.9469    35.9473    26.7442    26.7452    1527.40    117.371    118.736         38 0.0000e+00
      26512   1104.617    171.764    173.000    14.8240    14.8296   4.385736   4.386330     1.8223     1.5091      15.18   29.03270  -85.78552   -0.00415   -0.00334     2.6675     2.7036    14.7978    14.8035    35.9459    35.9479    26.7462    26.7464    1527.31    116.029    117.597         57 0.0000e+00
      26569   1106.996    172.756    174.000    14.8234    14.8238   4.385343   4.385486     1.8183     1.5059      14.24   29.03270  -85.78552   -0.00272   -0.00136     2.6570     2.6956    14.7970    14.7974    35.9465    35.9471    26.7468    26.7472    1527.21    115.569    117.248         45 0.0000e+00
      26659   1110.731    173.749    175.000    14.8189    14.8196   4.384970   4.385161     1.8148     1.5018      13.17   29.03270  -85.78552   -0.00112   -0.00107     2.6491     2.6853    14.7924    14.7931    35.9464    35.9468    26.7477    26.7479    1527.11    115.228    116.799         60 0.0000e+00
      26741   1114.179    174.741    176.000    14.8164    14.8178   4.384749   4.384923     1.8106     1.4974      12.16   29.03270  -85.78552   -0.00123   -0.00097     2.6394     2.6743    14.7897    14.7911    35.9463    35.9467    26.7483    26.7483    1527.02    114.806    116.321         53 0.0000e+00
      26831   1117.902    175.733    177.000    14.8168    14.8179   4.384861   4.385002     1.8075     1.4941      11.19   29.03270  -85.78552   -0.00086   -0.00094     2.6324     2.6658    14.7900    14.7911    35.9465    35.9468    26.7483    26.7483    1526.91    114.501    115.951         65 0.0000e+00
      27739   1155.763    176.726    178.000    14.8172    14.8186   4.385234   4.385175     1.8079     1.4929      10.16   29.03269  -85.78551    0.00021   -0.00041     2.6320     2.6633    14.7903    14.7917    35.9465    35.9463    26.7483    26.7479    1526.83    114.482    115.844         30 0.0000e+00
      28953   1206.323    177.718    179.000    14.8182    14.8191   4.384944   4.385062     1.8088     1.4923       9.28   29.03268  -85.78550    0.00044    0.00029     2.6360     2.6616    14.7911    14.7920    35.9451    35.9454    26.7470    26.7471    1526.72    114.659    115.769         66 0.0000e+00
      29021   1209.154    178.711    180.000    14.8180    14.8188   4.384965   4.385071     1.8036     1.4896       8.28   29.03268  -85.78550   -0.00144   -0.00085     2.6239     2.6548    14.7908    14.7916    35.9451    35.9453    26.7471    26.7471    1526.63    114.131    115.475         66 0.0000e+00
      29072   1211.310    179.703    181.000    14.8186    14.8194   4.385074   4.385195     1.8016     1.4883       7.47   29.03268  -85.78550   -0.00155   -0.00082     2.6192     2.6516    14.7912    14.7920    35.9452    35.9455    26.7471    26.7471    1526.54    113.928    115.334         38 0.0000e+00
      29500   1229.123    181.688    183.000    14.8474    14.8489   4.393333   4.393516     1.8029     1.4890       5.58   29.08561  -85.94189   -0.00042   -0.00025     2.6196     2.6515    14.8198    14.8212    36.0107    36.0111    26.7955    26.7954    1529.16    113.943    115.331         30 0.0000e+00
