GOMECC/GOMECC-4/1db/drb2103_0811.cnv
* Sea-Bird SBE 9 Data File:
* FileName = C:\Users\scs.user.rb\CTD\GOMECC4\data\rb2103_0811.hex
* Software Version Seasave V 7.26.7.107
* Temperature SN = 4799
* Conductivity SN = 3860
* Number of Bytes Per Scan = 41
* Number of Voltage Words = 4
* Number of Scans Averaged by the Deck Unit = 1
* NMEA Latitude = 22 16.45 N
* NMEA Longitude = 096 10.82 W
* NMEA UTC (Time) = Oct 06 2021  16:12:43
* NMEA baud rate = 4800
# nquan = 28
# nvalues = 755                         
# units = specified
# name 0 = scan: Scan Count
# name 1 = timeS: Time, Elapsed [seconds]
# name 2 = depSM: Depth [salt water, m]
# name 3 = prDM: Pressure, Digiquartz [db]
# name 4 = t090C: Temperature [ITS-90, deg C]
# name 5 = t190C: Temperature, 2 [ITS-90, deg C]
# name 6 = c0S/m: Conductivity [S/m]
# name 7 = c1S/m: Conductivity, 2 [S/m]
# name 8 = sbeox0V: Oxygen raw, SBE 43 [V]
# name 9 = sbeox1V: Oxygen raw, SBE 43, 2 [V]
# name 10 = altM: Altimeter [m]
# name 11 = latitude: Latitude [deg]
# name 12 = longitude: Longitude [deg]
# name 13 = sbox0dV/dT: Oxygen, SBE 43 [dov/dt]
# name 14 = sbox1dV/dT: Oxygen, SBE 43, 2 [dov/dt]
# name 15 = sbeox0ML/L: Oxygen, SBE 43 [ml/l], WS = 5
# name 16 = sbeox1ML/L: Oxygen, SBE 43, 2 [ml/l], WS = 5
# name 17 = potemp090C: Potential Temperature [ITS-90, deg C]
# name 18 = potemp190C: Potential Temperature, 2 [ITS-90, deg C]
# name 19 = sal00: Salinity, Practical [PSU]
# name 20 = sal11: Salinity, Practical, 2 [PSU]
# name 21 = sigma-é00: Density [sigma-theta, kg/m^3]
# name 22 = sigma-é11: Density, 2 [sigma-theta, kg/m^3]
# name 23 = avgsvCM: Average Sound Velocity [Chen-Millero, m/s], minP = 20, minS = 20
# name 24 = sbox0Mm/Kg: Oxygen, SBE 43 [umol/kg], WS = 5
# name 25 = sbox1Mm/Kg: Oxygen, SBE 43, 2 [umol/kg], WS = 5
# name 26 = nbin: number of scans per bin
# name 27 = flag: flag
# span 0 =      15518,     253550       
# span 1 =    646.553,  10563.884       
# span 2 =      5.963,   2560.992       
# span 3 =      4.000,   2593.000       
# span 4 =     4.2621,   481.7605       
# span 5 =     4.2626,   481.7891       
# span 6 =   3.340798,  96.979588       
# span 7 =   3.340751,  96.985561       
# span 8 =     1.5799,    51.7323       
# span 9 =     1.2843,    43.7472       
# span 10 =       9.92,    1646.03      
# span 11 =   22.11091,  366.65698      
# span 12 =-1583.23974,  -95.47581      
# span 13 =   -0.03625,    0.01854      
# span 14 =   -0.03329,    0.01776      
# span 15 =     2.4274,    71.5253      
# span 16 =     2.4477,    71.1907      
# span 17 =     4.0821,   481.7403      
# span 18 =     4.0830,   481.7689      
# span 19 =    34.9126,   591.2672      
# span 20 =    34.9121,   591.2864      
# span 21 =    22.5004,   373.0927      
# span 22 =    22.5005,   373.0976      
# span 23 =       0.00,    1589.30      
# span 24 =    105.552,   3123.517      
# span 25 =    106.431,   3108.923      
# span 26 =         30,         65      
# span 27 = 0.0000e+00, 0.0000e+00      
# interval = decibars: 1                
# start_time = Oct 06 2021 16:12:43 [NMEA time, header]
# bad_flag = -9.990e-29
*END*
[from data line 674]
      73237   3051.515   1995.765   2018.000     4.2668     4.2675   3.364238   3.364207     1.8919     1.5726     100.00   22.27392  -96.18044   -0.00019   -0.00006     4.7131     4.7365     4.0936     4.0942    34.9733    34.9723    27.7551    27.7542    1495.78    204.801    205.821         30 0.0000e+00
      73368   3056.947   2000.686   2023.000     4.2672     4.2678   3.364482   3.364448     1.8914     1.5716     100.00   22.27403  -96.18093   -0.00007   -0.00025     4.7140     4.7350     4.0934     4.0940    34.9735    34.9724    27.7553    27.7544    1495.79    204.843    205.756         32 0.0000e+00
      73500   3062.472   2005.607   2028.000     4.2676     4.2682   3.364713   3.364674     1.8906     1.5708      98.89   22.27393  -96.18039   -0.00011   -0.00021     4.7139     4.7349     4.0933     4.0940    34.9734    34.9722    27.7552    27.7542    1495.80    204.838    205.748         30 0.0000e+00
      73631   3067.935   2010.529   2033.000     4.2676     4.2682   3.364923   3.364881     1.8899     1.5700      61.85   22.27396  -96.18052   -0.00014   -0.00011     4.7139     4.7345     4.0928     4.0934    34.9735    34.9723    27.7553    27.7544    1495.82    204.838    205.732         30 0.0000e+00
      73734   3072.219   2014.466   2037.000     4.2677     4.2684   3.365066   3.365025     1.8891     1.5701     100.00   22.27375  -96.17962   -0.00021    0.00003     4.7134     4.7372     4.0925     4.0932    34.9731    34.9719    27.7551    27.7541    1495.81    204.817    205.851         31 0.0000e+00
      73863   3077.601   2019.387   2042.000     4.2681     4.2688   3.365314   3.365272     1.8886     1.5689     100.00   22.27381  -96.17985   -0.00010   -0.00026     4.7144     4.7352     4.0924     4.0931    34.9733    34.9721    27.7552    27.7542    1495.83    204.857    205.763         31 0.0000e+00
      73896   3078.966   2020.371   2043.000     4.2682     4.2689   3.365376   3.365348     1.8884     1.5690      75.57   22.27398  -96.18060   -0.00014   -0.00009     4.7143     4.7360     4.0924     4.0931    34.9735    34.9724    27.7554    27.7545    1495.85    204.853    205.797         32 0.0000e+00
      74054   3085.531   2026.276   2049.000     4.2687     4.2693   3.365669   3.365634     1.8875     1.5681      89.76   22.27405  -96.18089   -0.00005   -0.00024     4.7139     4.7356     4.0923     4.0929    34.9736    34.9725    27.7555    27.7545    1495.86    204.839    205.781         38 0.0000e+00
      74179   3090.769   2031.197   2054.000     4.2689     4.2696   3.365839   3.365811     1.8867     1.5668      99.88   22.27367  -96.17923   -0.00015   -0.00026     4.7137     4.7332     4.0920     4.0927    34.9730    34.9719    27.7550    27.7541    1495.86    204.830    205.678         32 0.0000e+00
      74214   3092.205   2032.181   2055.000     4.2690     4.2697   3.365941   3.365911     1.8864     1.5666     100.00   22.27398  -96.18058   -0.00010   -0.00030     4.7134     4.7326     4.0920     4.0927    34.9736    34.9725    27.7555    27.7546    1495.88    204.814    205.652         33 0.0000e+00
      74793   3116.345   2053.831   2077.000     4.2707     4.2714   3.366922   3.366892     1.8828     1.5636     100.00   22.27364  -96.17900   -0.00014   -0.00017     4.7120     4.7327     4.0915     4.0921    34.9730    34.9719    27.7551    27.7542    1495.92    204.753    205.655         30 0.0000e+00
      74830   3117.879   2054.815   2078.000     4.2708     4.2715   3.367020   3.366988     1.8828     1.5631     100.00   22.27400  -96.18056   -0.00004   -0.00024     4.7125     4.7313     4.0914     4.0921    34.9735    34.9725    27.7555    27.7546    1495.95    204.775    205.594         38 0.0000e+00
      74958   3123.199   2059.735   2083.000     4.2711     4.2718   3.367241   3.367204     1.8819     1.5629      79.09   22.27393  -96.18025   -0.00015   -0.00001     4.7117     4.7334     4.0913     4.0919    34.9734    34.9723    27.7555    27.7545    1495.96    204.740    205.685         41 0.0000e+00
      75090   3128.706   2064.655   2088.000     4.2714     4.2720   3.367449   3.367419     1.8813     1.5619     100.00   22.27383  -96.17982   -0.00008   -0.00024     4.7123     4.7319     4.0910     4.0917    34.9733    34.9723    27.7554    27.7545    1495.97    204.765    205.621         34 0.0000e+00
      75681   3153.339   2086.302   2110.000     4.2733     4.2741   3.368561   3.368527     1.8774     1.5587      98.78   22.27419  -96.18132   -0.00015   -0.00013     4.7096     4.7313     4.0907     4.0914    34.9740    34.9728    27.7560    27.7550    1496.05    204.649    205.595         30 0.0000e+00
      75810   3158.715   2091.221   2115.000     4.2736     4.2744   3.368744   3.368707     1.8769     1.5580      85.64   22.27390  -96.18009   -0.00003   -0.00009     4.7106     4.7311     4.0905     4.0912    34.9735    34.9723    27.7556    27.7546    1496.05    204.693    205.586         36 0.0000e+00
      75942   3164.215   2096.140   2120.000     4.2737     4.2744   3.368935   3.368900     1.8757     1.5570     100.00   22.27376  -96.17947   -0.00029   -0.00018     4.7088     4.7299     4.0900     4.0907    34.9733    34.9722    27.7555    27.7545    1496.06    204.616    205.534         31 0.0000e+00
      76182   3174.191   2104.995   2129.000     4.2740     4.2746   3.369325   3.369288     1.8747     1.5557     100.00   22.27375  -96.17936   -0.00009   -0.00027     4.7103     4.7298     4.0894     4.0901    34.9733    34.9722    27.7556    27.7546    1496.08    204.681    205.526         30 0.0000e+00
      76213   3175.489   2105.979   2130.000     4.2741     4.2747   3.369412   3.369361     1.8746     1.5556     100.00   22.27402  -96.18052   -0.00003   -0.00029     4.7104     4.7297     4.0894     4.0900    34.9738    34.9726    27.7560    27.7549    1496.11    204.685    205.524         30 0.0000e+00
      76342   3180.876   2110.897   2135.000     4.2743     4.2749   3.369604   3.369574     1.8739     1.5553     100.00   22.27388  -96.17991   -0.00016   -0.00004     4.7105     4.7316     4.0891     4.0897    34.9735    34.9725    27.7558    27.7549    1496.11    204.688    205.608         32 0.0000e+00
      76716   3196.475   2124.670   2149.000     4.2750     4.2757   3.370240   3.370207     1.8716     1.5526     100.00   22.27399  -96.18036   -0.00002   -0.00011     4.7098     4.7281     4.0883     4.0891    34.9737    34.9725    27.7560    27.7550    1496.17    204.660    205.455         34 0.0000e+00
      76875   3203.075   2130.572   2155.000     4.2754     4.2762   3.370540   3.370511     1.8706     1.5519      74.93   22.27411  -96.18088   -0.00013   -0.00013     4.7094     4.7285     4.0882     4.0889    34.9740    34.9729    27.7562    27.7553    1496.20    204.640    205.471         30 0.0000e+00
      77033   3209.683   2136.474   2161.000     4.2756     4.2764   3.370764   3.370733     1.8698     1.5512     100.00   22.27385  -96.17975   -0.00019   -0.00014     4.7096     4.7288     4.0877     4.0885    34.9736    34.9724    27.7560    27.7550    1496.20    204.650    205.486         31 0.0000e+00
      77461   3227.517   2152.212   2177.000     4.2766     4.2774   3.371525   3.371483     1.8670     1.5483      86.49   22.27399  -96.18036   -0.00020   -0.00026     4.7077     4.7259     4.0871     4.0879    34.9740    34.9727    27.7564    27.7553    1496.26    204.570    205.358         32 0.0000e+00
      77830   3242.876   2165.981   2191.000     4.2777     4.2785   3.372148   3.372128     1.8654     1.5466     100.00   22.27390  -96.17987   -0.00011   -0.00006     4.7098     4.7268     4.0867     4.0875    34.9736    34.9726    27.7561    27.7552    1496.30    204.658    205.397         30 0.0000e+00
      77863   3244.236   2166.965   2192.000     4.2779     4.2786   3.372238   3.372198     1.8651     1.5463     100.00   22.27404  -96.18046   -0.00012   -0.00015     4.7089     4.7259     4.0868     4.0876    34.9740    34.9728    27.7564    27.7554    1496.32    204.621    205.360         33 0.0000e+00
      77993   3249.656   2171.882   2197.000     4.2784     4.2791   3.372461   3.372428     1.8638     1.5458     100.00   22.27397  -96.18014   -0.00022   -0.00002     4.7067     4.7265     4.0868     4.0875    34.9738    34.9727    27.7563    27.7553    1496.33    204.523    205.385         31 0.0000e+00
      78608   3275.294   2195.484   2221.000     4.2802     4.2809   3.373576   3.373543     1.8596     1.5417     100.00   22.27391  -96.17988   -0.00022   -0.00006     4.7037     4.7227     4.0861     4.0868    34.9738    34.9726    27.7563    27.7553    1496.41    204.396    205.219         30 0.0000e+00
      78640   3276.606   2196.468   2222.000     4.2803     4.2811   3.373647   3.373608     1.8596     1.5411     100.00   22.27404  -96.18043   -0.00015   -0.00023     4.7042     4.7207     4.0861     4.0869    34.9741    34.9728    27.7565    27.7555    1496.42    204.416    205.131         30 0.0000e+00
      79249   3302.002   2220.068   2246.000     4.2822     4.2830   3.374755   3.374718     1.8558     1.5375     100.00   22.27391  -96.17984   -0.00020   -0.00024     4.7031     4.7192     4.0855     4.0863    34.9739    34.9726    27.7565    27.7554    1496.50    204.368    205.069         30 0.0000e+00
      79280   3303.295   2221.051   2247.000     4.2823     4.2831   3.374817   3.374784     1.8556     1.5374     100.00   22.27404  -96.18040   -0.00016   -0.00018     4.7026     4.7192     4.0855     4.0863    34.9741    34.9729    27.7566    27.7556    1496.51    204.345    205.066         30 0.0000e+00
      79458   3310.689   2227.934   2254.000     4.2827     4.2836   3.375146   3.375107     1.8546     1.5368     100.00   22.27405  -96.18045   -0.00018   -0.00012     4.7026     4.7205     4.0852     4.0860    34.9743    34.9729    27.7568    27.7556    1496.54    204.347    205.127         30 0.0000e+00
      79611   3317.067   2233.833   2260.000     4.2832     4.2840   3.375401   3.375370     1.8535     1.5358     100.00   22.27393  -96.17994   -0.00019   -0.00015     4.7016     4.7199     4.0850     4.0859    34.9740    34.9727    27.7566    27.7555    1496.56    204.302    205.096         37 0.0000e+00
      79765   3323.518   2239.733   2266.000     4.2836     4.2845   3.375711   3.375679     1.8525     1.5348     100.00   22.27416  -96.18089   -0.00015   -0.00021     4.7011     4.7190     4.0849     4.0857    34.9744    34.9731    27.7569    27.7558    1496.60    204.281    205.058         35 0.0000e+00
      79890   3328.700   2244.648   2271.000     4.2840     4.2848   3.375904   3.375862     1.8517     1.5340     100.00   22.27385  -96.17952   -0.00016   -0.00013     4.7011     4.7183     4.0847     4.0855    34.9739    34.9726    27.7565    27.7554    1496.60    204.280    205.027         32 0.0000e+00
      80046   3335.188   2250.547   2277.000     4.2846     4.2854   3.376212   3.376180     1.8509     1.5336     100.00   22.27406  -96.18038   -0.00007   -0.00001     4.7012     4.7202     4.0846     4.0854    34.9742    34.9730    27.7568    27.7557    1496.63    204.287    205.110         32 0.0000e+00
      80375   3348.920   2263.327   2290.000     4.2855     4.2864   3.376788   3.376750     1.8485     1.5311      99.90   22.27380  -96.17925   -0.00009   -0.00024     4.6990     4.7167     4.0842     4.0851    34.9739    34.9726    27.7566    27.7555    1496.66    204.190    204.958         31 0.0000e+00
      80409   3350.334   2264.311   2291.000     4.2857     4.2865   3.376868   3.376835     1.8486     1.5311     100.00   22.27406  -96.18036   -0.00007   -0.00005     4.6999     4.7173     4.0843     4.0850    34.9742    34.9730    27.7569    27.7558    1496.68    204.229    204.986         32 0.0000e+00
      80738   3364.051   2277.090   2304.000     4.2867     4.2875   3.377484   3.377452     1.8464     1.5287     100.00   22.27412  -96.18060   -0.00019   -0.00028     4.6984     4.7143     4.0839     4.0847    34.9744    34.9731    27.7570    27.7559    1496.74    204.162    204.855         31 0.0000e+00
      81428   3392.796   2303.630   2331.000     4.2893     4.2902   3.378745   3.378705     1.8422     1.5250      82.79   22.27384  -96.17926   -0.00011   -0.00023     4.6973     4.7138     4.0836     4.0845    34.9740    34.9726    27.7567    27.7555    1496.83    204.117    204.835         31 0.0000e+00
      81461   3394.157   2304.613   2332.000     4.2894     4.2903   3.378821   3.378792     1.8417     1.5250     100.15   22.27408  -96.18032   -0.00015   -0.00011     4.6956     4.7141     4.0837     4.0846    34.9743    34.9730    27.7570    27.7559    1496.85    204.043    204.847         32 0.0000e+00
      81580   3399.124   2309.527   2337.000     4.2899     4.2908   3.379023   3.378987     1.8413     1.5238     100.00   22.27380  -96.17912   -0.00016   -0.00017     4.6970     4.7118     4.0836     4.0845    34.9738    34.9725    27.7566    27.7555    1496.85    204.102    204.746         35 0.0000e+00
      81616   3400.609   2310.510   2338.000     4.2901     4.2909   3.379118   3.379080     1.8408     1.5238     100.00   22.27408  -96.18032   -0.00010   -0.00002     4.6955     4.7124     4.0837     4.0845    34.9743    34.9730    27.7570    27.7558    1496.87    204.040    204.773         32 0.0000e+00
      82120   3421.641   2330.166   2358.000     4.2919     4.2928   3.380038   3.380008     1.8375     1.5211     100.00   22.27391  -96.17958   -0.00000   -0.00006     4.6937     4.7120     4.0834     4.0842    34.9740    34.9728    27.7567    27.7557    1496.95    203.960    204.754         31 0.0000e+00
      82153   3423.020   2331.149   2359.000     4.2920     4.2929   3.380119   3.380084     1.8373     1.5206     100.00   22.27408  -96.18030   -0.00016   -0.00022     4.6934     4.7105     4.0834     4.0843    34.9744    34.9730    27.7571    27.7559    1496.96    203.946    204.690         32 0.0000e+00
      82250   3427.031   2335.080   2363.000     4.2924     4.2933   3.380283   3.380255     1.8370     1.5200     100.00   22.27387  -96.17941    0.00002   -0.00017     4.6945     4.7100     4.0834     4.0842    34.9740    34.9728    27.7568    27.7557    1496.97    203.995    204.667         30 0.0000e+00
      82282   3428.360   2336.063   2364.000     4.2926     4.2934   3.380363   3.380334     1.8368     1.5199     100.00   22.27408  -96.18030    0.00008   -0.00009     4.6940     4.7104     4.0834     4.0842    34.9744    34.9731    27.7570    27.7560    1496.98    203.973    204.686         30 0.0000e+00
      82381   3432.495   2339.993   2368.000     4.2930     4.2938   3.380531   3.380499     1.8364     1.5195     100.00   22.27391  -96.17956   -0.00008   -0.00010     4.6946     4.7108     4.0834     4.0842    34.9741    34.9728    27.7568    27.7557    1496.99    203.999    204.702         34 0.0000e+00
      82509   3437.822   2344.907   2373.000     4.2934     4.2943   3.380794   3.380747     1.8355     1.5189     100.00   22.27401  -96.17998   -0.00013   -0.00004     4.6940     4.7110     4.0833     4.0842    34.9744    34.9729    27.7571    27.7558    1497.01    203.972    204.713         31 0.0000e+00
      83183   3465.934   2370.456   2399.000     4.2960     4.2968   3.382035   3.381999     1.8314     1.5147      99.94   22.27407  -96.18021   -0.00001   -0.00014     4.6923     4.7074     4.0831     4.0839    34.9743    34.9731    27.7571    27.7560    1497.13    203.897    204.555         30 0.0000e+00
