GOMECC/GOMECC-4/1db/drb2103_0241.cnv
* Sea-Bird SBE 9 Data File:
* FileName = C:\Users\scs.user.rb\CTD\GOMECC4\data\rb2103_0241.hex
* Software Version Seasave V 7.26.7.107
* Temperature SN = 4799
* Conductivity SN = 3860
* Number of Bytes Per Scan = 41
* Number of Voltage Words = 4
* Number of Scans Averaged by the Deck Unit = 1
* NMEA Latitude = 28 41.35 N
* NMEA Longitude = 086 03.85 W
* NMEA UTC (Time) = Sep 21 2021  05:37:15
* NMEA baud rate = 4800
# nquan = 28
# nvalues = 268                         
# units = specified
# name 0 = scan: Scan Count
# name 1 = timeS: Time, Elapsed [seconds]
# name 2 = depSM: Depth [salt water, m]
# name 3 = prDM: Pressure, Digiquartz [db]
# name 4 = t090C: Temperature [ITS-90, deg C]
# name 5 = t190C: Temperature, 2 [ITS-90, deg C]
# name 6 = c0S/m: Conductivity [S/m]
# name 7 = c1S/m: Conductivity, 2 [S/m]
# name 8 = sbeox0V: Oxygen raw, SBE 43 [V]
# name 9 = sbeox1V: Oxygen raw, SBE 43, 2 [V]
# name 10 = altM: Altimeter [m]
# name 11 = latitude: Latitude [deg]
# name 12 = longitude: Longitude [deg]
# name 13 = sbox0dV/dT: Oxygen, SBE 43 [dov/dt]
# name 14 = sbox1dV/dT: Oxygen, SBE 43, 2 [dov/dt]
# name 15 = sbeox0ML/L: Oxygen, SBE 43 [ml/l], WS = 5
# name 16 = sbeox1ML/L: Oxygen, SBE 43, 2 [ml/l], WS = 5
# name 17 = potemp090C: Potential Temperature [ITS-90, deg C]
# name 18 = potemp190C: Potential Temperature, 2 [ITS-90, deg C]
# name 19 = sal00: Salinity, Practical [PSU]
# name 20 = sal11: Salinity, Practical, 2 [PSU]
# name 21 = sigma-é00: Density [sigma-theta, kg/m^3]
# name 22 = sigma-é11: Density, 2 [sigma-theta, kg/m^3]
# name 23 = avgsvCM: Average Sound Velocity [Chen-Millero, m/s], minP = 20, minS = 20
# name 24 = sbox0Mm/Kg: Oxygen, SBE 43 [umol/kg], WS = 5
# name 25 = sbox1Mm/Kg: Oxygen, SBE 43, 2 [umol/kg], WS = 5
# name 26 = nbin: number of scans per bin
# name 27 = flag: flag
# span 0 =       9442,      24839       
# span 1 =    393.393,   1034.937       
# span 2 =      4.967,    304.716       
# span 3 =      5.000,    307.000       
# span 4 =    11.2280,    28.9277       
# span 5 =    11.2301,    28.9293       
# span 6 =   3.977168,   5.821831       
# span 7 =   3.977382,   5.822069       
# span 8 =     1.6719,     3.2388       
# span 9 =     1.3728,     2.7638       
# span 10 =      11.68,     100.73      
# span 11 =   28.68618,   28.70838      
# span 12 =  -86.12065,  -86.05439      
# span 13 =   -0.03364,    0.01539      
# span 14 =   -0.03183,    0.01408      
# span 15 =     2.5499,     4.6831      
# span 16 =     2.5872,     4.6918      
# span 17 =    11.1900,    28.9199      
# span 18 =    11.1922,    28.9216      
# span 19 =    34.7621,    36.5959      
# span 20 =    34.7629,    36.5947      
# span 21 =    22.1032,    27.0521      
# span 22 =    22.1037,    27.0522      
# span 23 =       0.00,    1546.10      
# span 24 =    110.883,    204.378      
# span 25 =    112.502,    204.755      
# span 26 =         30,         61      
# span 27 = 0.0000e+00, 0.0000e+00      
# interval = decibars: 1                
# start_time = Sep 21 2021 05:37:15 [NMEA time, header]
# bad_flag = -9.990e-29
*END*
[from data line 208]
      17218    717.391    212.455    214.000    13.2828    13.2841   4.206975   4.207074     1.7976     1.4888      87.94   28.68928  -86.06364   -0.00048   -0.00045     2.7160     2.7569    13.2527    13.2540    35.6972    35.6969    26.8818    26.8813    1524.49    118.123    119.900         34 0.0000e+00
      17251    718.763    213.448    215.000    13.2575    13.2587   4.204139   4.204214     1.7965     1.4873      99.93   28.68928  -86.06364   -0.00061   -0.00078     2.7152     2.7548    13.2274    13.2285    35.6935    35.6931    26.8841    26.8836    1524.41    118.088    119.809         32 0.0000e+00
      17284    720.107    214.440    216.000    13.2327    13.2336   4.201329   4.201367     1.7956     1.4851     100.00   28.68928  -86.06364   -0.00073   -0.00115     2.7149     2.7505    13.2024    13.2034    35.6897    35.6891    26.8863    26.8857    1524.31    118.073    119.623         33 0.0000e+00
      17318    721.548    215.432    217.000    13.2132    13.2150   4.199150   4.199313     1.7944     1.4847      72.52   28.68928  -86.06364   -0.00077   -0.00115     2.7133     2.7510    13.1828    13.1847    35.6868    35.6866    26.8881    26.8876    1524.23    118.003    119.641         35 0.0000e+00
      17352    722.953    216.425    218.000    13.1973    13.1981   4.197379   4.197403     1.7936     1.4845      85.08   28.68928  -86.06364   -0.00076   -0.00052     2.7127     2.7519    13.1667    13.1675    35.6845    35.6840    26.8896    26.8890    1524.14    117.976    119.680         32 0.0000e+00
      17383    724.249    217.417    219.000    13.1739    13.1746   4.194787   4.194784     1.7923     1.4835      99.81   28.68928  -86.06364   -0.00073   -0.00026     2.7116     2.7512    13.1438    13.1443    35.6809    35.6802    26.8914    26.8908    1524.05    117.931    119.649         31 0.0000e+00
      17414    725.540    218.409    220.000    13.1248    13.1243   4.189078   4.188900     1.7909     1.4823      98.74   28.68928  -86.06364   -0.00085   -0.00064     2.7111     2.7509    13.0941    13.0936    35.6727    35.6715    26.8952    26.8943    1523.96    117.908    119.638         32 0.0000e+00
      17449    726.989    219.401    221.000    13.0474    13.0493   4.180173   4.180270     1.7885     1.4801      97.63   28.68928  -86.06364   -0.00118   -0.00103     2.7106     2.7502    13.0167    13.0186    35.6601    35.6593    26.9011    26.9001    1523.88    117.883    119.606         37 0.0000e+00
      17484    728.440    220.393    222.000    13.0039    13.0051   4.175171   4.175205     1.7864     1.4779      96.62   28.68928  -86.06364   -0.00154   -0.00141     2.7083     2.7470    12.9731    12.9743    35.6528    35.6520    26.9043    26.9035    1523.79    117.785    119.469         32 0.0000e+00
      17545    730.990    222.378    224.000    12.8545    12.8572   4.158080   4.158354     1.7816     1.4732      94.68   28.68808  -86.06004   -0.00150   -0.00162     2.7067     2.7442    12.8237    12.8264    35.6288    35.6287    26.9158    26.9151    1523.55    117.712    119.345         34 0.0000e+00
      17579    732.414    223.370    225.000    12.8366    12.8396   4.156123   4.156403     1.7793     1.4703      93.68   28.68928  -86.06364   -0.00197   -0.00190     2.7021     2.7375    12.8057    12.8087    35.6268    35.6266    26.9178    26.9170    1523.53    117.511    119.052         33 0.0000e+00
      17613    733.836    224.362    226.000    12.8181    12.8210   4.154269   4.154484     1.7773     1.4679      86.67   28.68928  -86.06363   -0.00186   -0.00202     2.6984     2.7322    12.7871    12.7899    35.6239    35.6237    26.9193    26.9186    1523.44    117.351    118.824         34 0.0000e+00
      17646    735.206    225.355    227.000    12.8172    12.8187   4.154021   4.154150     1.7756     1.4661      91.41   28.68928  -86.06362   -0.00141   -0.00172     2.6945     2.7278    12.7860    12.7875    35.6240    35.6238    26.9196    26.9192    1523.35    117.184    118.632         32 0.0000e+00
      17677    736.498    226.346    228.000    12.8143    12.8148   4.153778   4.153760     1.7743     1.4652      90.90   28.68928  -86.06362   -0.00121   -0.00129     2.6919     2.7260    12.7831    12.7835    35.6239    35.6233    26.9201    26.9196    1523.27    117.070    118.551         31 0.0000e+00
      17709    737.846    227.339    229.000    12.8080    12.8089   4.153116   4.153191     1.7733     1.4653      89.88   28.68928  -86.06362   -0.00099   -0.00064     2.6901     2.7268    12.7766    12.7775    35.6231    35.6226    26.9208    26.9202    1523.18    116.989    118.584         34 0.0000e+00
      17744    739.276    228.331    230.000    12.8041    12.8058   4.152735   4.152857     1.7724     1.4652      88.85   28.68928  -86.06362   -0.00076   -0.00015     2.6883     2.7271    12.7726    12.7742    35.6227    35.6223    26.9213    26.9206    1523.10    116.913    118.600         35 0.0000e+00
      17778    740.713    229.323    231.000    12.7994    12.8047   4.152142   4.152460     1.7717     1.4643      87.81   28.68928  -86.06362   -0.00065   -0.00018     2.6871     2.7253    12.7677    12.7730    35.6220    35.6221    26.9217    26.9207    1523.01    116.860    118.520         33 0.0000e+00
      17810    742.026    230.316    232.000    12.7885    12.7892   4.151126   4.151178     1.7711     1.4637      86.85   28.68928  -86.06362   -0.00055   -0.00043     2.6868     2.7245    12.7567    12.7574    35.6204    35.6197    26.9226    26.9220    1522.93    116.847    118.485         30 0.0000e+00
      17841    743.330    231.308    233.000    12.7825    12.7857   4.150398   4.150698     1.7703     1.4629      85.74   28.68928  -86.06362   -0.00045   -0.00063     2.6853     2.7231    12.7505    12.7538    35.6194    35.6192    26.9231    26.9223    1522.85    116.780    118.426         33 0.0000e+00
      17875    744.744    232.300    234.000    12.7726    12.7761   4.149320   4.149638     1.7692     1.4626      84.94   28.68928  -86.06362   -0.00062   -0.00044     2.6834     2.7230    12.7406    12.7441    35.6179    35.6176    26.9240    26.9230    1522.77    116.697    118.419         35 0.0000e+00
      17910    746.191    233.292    235.000    12.7660    12.7652   4.148587   4.148418     1.7684     1.4616      83.69   28.68928  -86.06362   -0.00070   -0.00039     2.6823     2.7215    12.7339    12.7331    35.6166    35.6158    26.9243    26.9238    1522.69    116.649    118.354         33 0.0000e+00
      17942    747.534    234.284    236.000    12.7567    12.7574   4.147542   4.147541     1.7682     1.4615      82.81   28.68928  -86.06361   -0.00047   -0.00043     2.6826     2.7219    12.7244    12.7251    35.6150    35.6143    26.9249    26.9243    1522.61    116.663    118.373         33 0.0000e+00
      17975    748.900    235.276    237.000    12.7470    12.7500   4.146459   4.146732     1.7680     1.4614      81.96   28.68928  -86.06360   -0.00022   -0.00021     2.6832     2.7224    12.7146    12.7176    35.6133    35.6131    26.9256    26.9248    1522.53    116.689    118.396         33 0.0000e+00
      18008    750.279    236.268    238.000    12.7288    12.7303   4.144677   4.144819     1.7676     1.4616      80.72   28.68928  -86.06360   -0.00020   -0.00004     2.6839     2.7248    12.6963    12.6977    35.6101    35.6096    26.9267    26.9261    1522.46    116.722    118.498         33 0.0000e+00
      18041    751.657    237.261    239.000    12.7219    12.7231   4.143636   4.143706     1.7674     1.4610      73.06   28.68928  -86.06360   -0.00023   -0.00001     2.6838     2.7238    12.6892    12.6905    35.6090    35.6085    26.9273    26.9266    1522.37    116.715    118.455         33 0.0000e+00
      18074    753.036    238.253    240.000    12.7164    12.7174   4.143056   4.143102     1.7674     1.4602      76.55   28.68928  -86.06360   -0.00011   -0.00031     2.6845     2.7223    12.6837    12.6847    35.6081    35.6076    26.9277    26.9271    1522.29    116.747    118.388         33 0.0000e+00
      18106    754.395    239.245    241.000    12.7124    12.7136   4.142650   4.142704     1.7665     1.4594      77.86   28.68928  -86.06360   -0.00023   -0.00062     2.6829     2.7204    12.6795    12.6807    35.6076    35.6070    26.9281    26.9274    1522.22    116.677    118.307         32 0.0000e+00
      18139    755.768    240.237    242.000    12.7072    12.7084   4.142092   4.142151     1.7663     1.4585      76.96   28.68928  -86.06360   -0.00039   -0.00059     2.6829     2.7186    12.6742    12.6753    35.6067    35.6062    26.9285    26.9279    1522.14    116.678    118.229         34 0.0000e+00
      18173    757.146    241.229    243.000    12.6995    12.7006   4.141240   4.141282     1.7655     1.4580      75.83   28.68928  -86.06360   -0.00040   -0.00062     2.6817     2.7180    12.6663    12.6674    35.6054    35.6047    26.9290    26.9283    1522.06    116.622    118.205         33 0.0000e+00
      18205    758.520    242.221    244.000    12.6858    12.6878   4.139897   4.139983     1.7649     1.4578      74.85   28.68928  -86.06360   -0.00043   -0.00040     2.6812     2.7187    12.6525    12.6546    35.6029    35.6027    26.9298    26.9293    1521.99    116.601    118.233         32 0.0000e+00
      18238    759.864    243.214    245.000    12.6791    12.6809   4.138963   4.139093     1.7643     1.4567      73.90   28.68928  -86.06360   -0.00045   -0.00032     2.6808     2.7165    12.6457    12.6475    35.6018    35.6014    26.9304    26.9297    1521.91    116.584    118.136         32 0.0000e+00
      18269    761.184    244.205    246.000    12.6759    12.6768   4.138618   4.138659     1.7639     1.4567      72.86   28.68928  -86.06360   -0.00035   -0.00044     2.6801     2.7171    12.6423    12.6433    35.6012    35.6006    26.9305    26.9299    1521.84    116.555    118.163         32 0.0000e+00
      18303    762.580    245.198    247.000    12.6729    12.6739   4.138313   4.138361     1.7630     1.4567      71.86   28.68928  -86.06360   -0.00046   -0.00022     2.6785     2.7175    12.6392    12.6402    35.6006    35.6001    26.9308    26.9302    1521.76    116.485    118.181         35 0.0000e+00
      18338    764.057    246.190    248.000    12.6663    12.6675   4.137577   4.137643     1.7628     1.4566      70.92   28.68928  -86.06360   -0.00045   -0.00001     2.6786     2.7181    12.6326    12.6337    35.5993    35.5988    26.9310    26.9304    1521.69    116.491    118.205         34 0.0000e+00
      18371    765.396    247.182    249.000    12.6436    12.6439   4.134970   4.134904     1.7626     1.4553      69.94   28.68928  -86.06360   -0.00026   -0.00024     2.6799     2.7161    12.6097    12.6100    35.5952    35.5943    26.9324    26.9316    1521.62    116.544    118.121         31 0.0000e+00
      18402    766.692    248.174    250.000    12.5942    12.5995   4.129392   4.130248     1.7611     1.4540      68.95   28.68928  -86.06360   -0.00040   -0.00071     2.6792     2.7156    12.5602    12.5655    35.5876    35.5878    26.9363    26.9354    1521.55    116.513    118.098         32 0.0000e+00
      18435    768.104    249.166    251.000    12.5665    12.5669   4.126250   4.126202     1.7598     1.4533      67.89   28.68928  -86.06360   -0.00080   -0.00087     2.6784     2.7160    12.5324    12.5329    35.5832    35.5822    26.9383    26.9375    1521.48    116.481    118.115         36 0.0000e+00
      18470    769.561    250.158    252.000    12.5045    12.5065   4.119142   4.119215     1.7584     1.4529      66.91   28.68928  -86.06359   -0.00098   -0.00055     2.6792     2.7190    12.4704    12.4724    35.5727    35.5715    26.9425    26.9412    1521.40    116.512    118.246         33 0.0000e+00
      18502    770.884    251.150    253.000    12.4386    12.4397   4.111727   4.111768     1.7568     1.4517      66.04   28.68928  -86.06358   -0.00099   -0.00052     2.6797     2.7204    12.4045    12.4057    35.5629    35.5623    26.9479    26.9471    1521.33    116.536    118.304         32 0.0000e+00
      18535    772.241    252.142    254.000    12.4316    12.4329   4.110934   4.111010     1.7556     1.4498      64.89   28.68928  -86.06358   -0.00106   -0.00077     2.6774     2.7158    12.3975    12.3987    35.5614    35.5610    26.9481    26.9475    1521.26    116.435    118.104         33 0.0000e+00
      18569    773.678    253.135    255.000    12.4249    12.4260   4.110202   4.110256     1.7540     1.4472      64.09   28.68928  -86.06358   -0.00103   -0.00139     2.6740     2.7093    12.3906    12.3917    35.5603    35.5597    26.9485    26.9479    1521.18    116.287    117.821         35 0.0000e+00
      18603    775.085    254.126    256.000    12.4173    12.4186   4.109380   4.109451     1.7525     1.4463      63.03   28.68928  -86.06358   -0.00105   -0.00152     2.6710     2.7073    12.3829    12.3841    35.5591    35.5586    26.9491    26.9485    1521.12    116.156    117.736         32 0.0000e+00
      19322    805.054    279.919    282.000    11.6919    11.6956   4.028769   4.029025     1.7209     1.4176      37.26   28.68973  -86.06490   -0.00078   -0.00068     2.6435     2.6802    11.6554    11.6591    35.4478    35.4476    27.0027    27.0019    1519.35    114.956    116.551         45 0.0000e+00
      19363    806.750    280.911    283.000    11.6776    11.6778   4.026868   4.026808     1.7197     1.4165      36.30   28.68928  -86.06356   -0.00070   -0.00065     2.6421     2.6785    11.6410    11.6412    35.4452    35.4443    27.0034    27.0027    1519.26    114.895    116.478         37 0.0000e+00
      19401    808.339    281.903    284.000    11.6695    11.6713   4.026088   4.026175     1.7189     1.4158      35.21   28.68928  -86.06356   -0.00063   -0.00051     2.6409     2.6772    11.6328    11.6346    35.4437    35.4433    27.0038    27.0031    1519.19    114.843    116.419         39 0.0000e+00
      19436    809.808    282.894    285.000    11.6527    11.6543   4.024101   4.024196     1.7180     1.4144      34.34   28.68928  -86.06356   -0.00055   -0.00064     2.6399     2.6746    11.6159    11.6176    35.4408    35.4402    27.0047    27.0040    1519.13    114.799    116.304         30 0.0000e+00
      19466    811.057    283.886    286.000    11.6467    11.6484   4.023469   4.023592     1.7171     1.4140      33.43   28.68928  -86.06356   -0.00056   -0.00072     2.6381     2.6743    11.6098    11.6115    35.4399    35.4395    27.0052    27.0045    1519.06    114.721    116.293         31 0.0000e+00
      19524    813.476    285.870    288.000    11.6121    11.6122   4.019543   4.019448     1.7161     1.4134      31.44   28.68918  -86.06323   -0.00049   -0.00021     2.6384     2.6755    11.5750    11.5751    35.4333    35.4323    27.0066    27.0058    1518.93    114.732    116.344         30 0.0000e+00
      19555    814.729    286.862    289.000    11.5605    11.5615   4.013899   4.013879     1.7148     1.4117      30.39   28.68928  -86.06354   -0.00055   -0.00055     2.6387     2.6741    11.5234    11.5244    35.4265    35.4254    27.0110    27.0100    1518.87    114.746    116.286         31 0.0000e+00
      19587    816.063    287.854    290.000    11.5238    11.5249   4.009883   4.009922     1.7134     1.4111      29.36   28.68928  -86.06354   -0.00091   -0.00088     2.6378     2.6751    11.4866    11.4877    35.4215    35.4209    27.0140    27.0134    1518.81    114.707    116.326         32 0.0000e+00
