GOMECC/GOMECC-4/1db/drb2103_0841.cnv
* Sea-Bird SBE 9 Data File:
* FileName = C:\Users\scs.user.rb\CTD\GOMECC4\data\rb2103_0841.hex
* Software Version Seasave V 7.26.7.107
* Temperature SN = 4799
* Conductivity SN = 3860
* Number of Bytes Per Scan = 41
* Number of Voltage Words = 4
* Number of Scans Averaged by the Deck Unit = 1
* NMEA Latitude = 20 43.74 N
* NMEA Longitude = 094 44.99 W
* NMEA UTC (Time) = Oct 07 2021  16:02:53
* NMEA baud rate = 4800
# nquan = 28
# nvalues = 395                         
# units = specified
# name 0 = scan: Scan Count
# name 1 = timeS: Time, Elapsed [seconds]
# name 2 = depSM: Depth [salt water, m]
# name 3 = prDM: Pressure, Digiquartz [db]
# name 4 = t090C: Temperature [ITS-90, deg C]
# name 5 = t190C: Temperature, 2 [ITS-90, deg C]
# name 6 = c0S/m: Conductivity [S/m]
# name 7 = c1S/m: Conductivity, 2 [S/m]
# name 8 = sbeox0V: Oxygen raw, SBE 43 [V]
# name 9 = sbeox1V: Oxygen raw, SBE 43, 2 [V]
# name 10 = altM: Altimeter [m]
# name 11 = latitude: Latitude [deg]
# name 12 = longitude: Longitude [deg]
# name 13 = sbox0dV/dT: Oxygen, SBE 43 [dov/dt]
# name 14 = sbox1dV/dT: Oxygen, SBE 43, 2 [dov/dt]
# name 15 = sbeox0ML/L: Oxygen, SBE 43 [ml/l], WS = 5
# name 16 = sbeox1ML/L: Oxygen, SBE 43, 2 [ml/l], WS = 5
# name 17 = potemp090C: Potential Temperature [ITS-90, deg C]
# name 18 = potemp190C: Potential Temperature, 2 [ITS-90, deg C]
# name 19 = sal00: Salinity, Practical [PSU]
# name 20 = sal11: Salinity, Practical, 2 [PSU]
# name 21 = sigma-é00: Density [sigma-theta, kg/m^3]
# name 22 = sigma-é11: Density, 2 [sigma-theta, kg/m^3]
# name 23 = avgsvCM: Average Sound Velocity [Chen-Millero, m/s], minP = 20, minS = 20
# name 24 = sbox0Mm/Kg: Oxygen, SBE 43 [umol/kg], WS = 5
# name 25 = sbox1Mm/Kg: Oxygen, SBE 43, 2 [umol/kg], WS = 5
# name 26 = nbin: number of scans per bin
# name 27 = flag: flag
# span 0 =      12358,     102129       
# span 1 =    514.865,   4255.323       
# span 2 =      4.969,   3191.624       
# span 3 =      5.000,   3236.000       
# span 4 =     4.2646,    29.4639       
# span 5 =     4.2650,    29.4648       
# span 6 =   3.340327,   5.987241       
# span 7 =   3.340284,   5.987500       
# span 8 =     1.5701,     3.3074       
# span 9 =     1.2742,     2.8263       
# span 10 =       8.47,     101.06      
# span 11 =   20.72146,   20.73352      
# span 12 =  -94.77317,  -94.71799      
# span 13 =   -0.03364,    0.02949      
# span 14 =   -0.03095,    0.03039      
# span 15 =     2.4219,     4.9869      
# span 16 =     2.4421,     4.9962      
# span 17 =     4.0773,    29.4622      
# span 18 =     4.0783,    29.4629      
# span 19 =    34.9125,    36.5093      
# span 20 =    34.9120,    36.5108      
# span 21 =    22.9809,    27.7582      
# span 22 =    22.9815,    27.7568      
# span 23 =       0.00,    1546.38      
# span 24 =    105.312,    217.422      
# span 25 =    106.191,    217.826      
# span 26 =         30,         75      
# span 27 = 0.0000e+00, 0.0000e+00      
# interval = decibars: 1                
# start_time = Oct 07 2021 16:02:53 [NMEA time, header]
# bad_flag = -9.990e-29
*END*
[from data line 259]
      37801   1574.979    776.717    783.000     5.8891     5.8895   3.453926   3.453910     1.7460     1.4388     100.00   20.72807  -94.74824    0.00068    0.00050     3.3605     3.3851     5.8193     5.8197    34.9138    34.9133    27.5076    27.5071    1502.81    146.061    147.133         32 0.0000e+00
      37931   1580.402    781.667    788.000     5.8563     5.8570   3.451358   3.451372     1.7468     1.4400     100.00   20.72870  -94.75109    0.00006    0.00028     3.3683     3.3944     5.7862     5.7869    34.9161    34.9155    27.5136    27.5130    1502.75    146.399    147.534         30 0.0000e+00
      38478   1603.189    802.458    809.000     5.7070     5.7074   3.438818   3.438805     1.7634     1.4565     100.00   20.72810  -94.74837    0.00123    0.00120     3.4463     3.4767     5.6358     5.6362    34.9176    34.9170    27.5335    27.5330    1502.29    149.785    151.109         30 0.0000e+00
      38662   1610.873    809.388    816.000     5.6473     5.6477   3.433771   3.433755     1.7703     1.4633      92.96   20.72832  -94.74939    0.00069    0.00084     3.4778     3.5097     5.5758     5.5762    34.9184    34.9178    27.5416    27.5411    1502.18    151.153    152.542         30 0.0000e+00
      38693   1612.169    810.378    817.000     5.6361     5.6367   3.432853   3.432849     1.7719     1.4651      59.98   20.72862  -94.75074    0.00106    0.00134     3.4844     3.5179     5.5646     5.5652    34.9191    34.9185    27.5435    27.5429    1502.18    151.443    152.898         30 0.0000e+00
      38791   1616.264    814.338    821.000     5.6224     5.6230   3.431663   3.431657     1.7775     1.4698     100.00   20.72800  -94.74791    0.00141    0.00116     3.5060     3.5373     5.5506     5.5512    34.9186    34.9180    27.5448    27.5442    1502.06    152.382    153.739         30 0.0000e+00
      39502   1645.879    841.064    848.000     5.4824     5.4827   3.420676   3.420648     1.7964     1.4869     100.00   20.72891  -94.75217    0.00061    0.00057     3.5953     3.6256     5.4090     5.4093    34.9240    34.9234    27.5664    27.5659    1501.63    156.257    157.577         30 0.0000e+00
      39842   1660.044    853.931    861.000     5.4377     5.4380   3.417284   3.417257     1.8016     1.4908     100.00   20.72889  -94.75208    0.00055    0.00051     3.6231     3.6502     5.3634     5.3637    34.9251    34.9245    27.5728    27.5723    1501.40    157.465    158.644         30 0.0000e+00
      39971   1665.434    858.880    866.000     5.4130     5.4133   3.415294   3.415262     1.8043     1.4939     100.00   20.72882  -94.75173    0.00046    0.00059     3.6372     3.6662     5.3383     5.3387    34.9255    34.9248    27.5762    27.5756    1501.30    158.077    159.338         31 0.0000e+00
      40207   1675.234    867.788    875.000     5.3702     5.3706   3.411878   3.411865     1.8105     1.4994     100.00   20.72866  -94.75102    0.00054    0.00039     3.6666     3.6948     5.2950     5.2954    34.9263    34.9258    27.5820    27.5815    1501.14    159.356    160.582         32 0.0000e+00
      40309   1679.502    871.746    879.000     5.3567     5.3571   3.410788   3.410768     1.8136     1.5018     100.00   20.72811  -94.74849    0.00070    0.00063     3.6801     3.7070     5.2812     5.2816    34.9258    34.9252    27.5832    27.5827    1501.04    159.940    161.111         33 0.0000e+00
      40443   1685.077    876.695    884.000     5.3394     5.3399   3.409617   3.409602     1.8159     1.5042     100.00   20.72903  -94.75271    0.00041    0.00031     3.6918     3.7197     5.2636     5.2641    34.9277    34.9271    27.5868    27.5863    1501.02    160.451    161.664         31 0.0000e+00
      40545   1689.341    880.653    888.000     5.3315     5.3319   3.409038   3.409021     1.8176     1.5061      84.56   20.72869  -94.75116    0.00043    0.00054     3.7006     3.7295     5.2554     5.2558    34.9274    34.9269    27.5876    27.5872    1500.93    160.834    162.088         31 0.0000e+00
      40675   1694.755    885.601    893.000     5.3035     5.3039   3.406704   3.406691     1.8200     1.5079      48.91   20.72815  -94.74867    0.00044    0.00028     3.7139     3.7412     5.2271     5.2275    34.9273    34.9267    27.5909    27.5904    1500.81    161.409    162.595         31 0.0000e+00
      40806   1700.205    890.549    898.000     5.2870     5.2873   3.405534   3.405511     1.8232     1.5110     100.00   20.72856  -94.75056    0.00043    0.00044     3.7289     3.7569     5.2103     5.2106    34.9285    34.9279    27.5938    27.5934    1500.76    162.059    163.278         31 0.0000e+00
      41513   1729.655    917.266    925.000     5.1961     5.1964   3.398698   3.398671     1.8362     1.5238     100.00   20.72846  -94.75011    0.00075    0.00103     3.7954     3.8264     5.1176     5.1178    34.9311    34.9305    27.6069    27.6064    1500.34    164.950    166.295         31 0.0000e+00
      42612   1775.473    958.818    967.000     4.9601     4.9604   3.379915   3.379881     1.8779     1.5622     100.00   20.72877  -94.75154    0.00072    0.00058     3.9847     4.0156     4.8794     4.8797    34.9396    34.9389    27.6414    27.6408    1499.75    173.169    174.513         31 0.0000e+00
      42714   1779.700    962.775    971.000     4.9533     4.9536   3.379429   3.379393     1.8793     1.5637     100.00   20.72826  -94.74919    0.00033    0.00041     3.9927     4.0240     4.8723     4.8725    34.9390    34.9384    27.6418    27.6412    1499.66    173.516    174.878         30 0.0000e+00
      43002   1791.713    973.657    982.000     4.9131     4.9135   3.376412   3.376386     1.8835     1.5666      94.86   20.72841  -94.74989    0.00026    0.00017     4.0170     4.0450     4.8314     4.8317    34.9406    34.9400    27.6477    27.6472    1499.52    174.573    175.788         30 0.0000e+00
      43211   1800.432    981.570    990.000     4.8821     4.8824   3.373999   3.373963     1.8898     1.5726     100.00   20.72805  -94.74826    0.00093    0.00070     4.0467     4.0750     4.7998     4.8001    34.9411    34.9404    27.6518    27.6511    1499.39    175.861    177.091         34 0.0000e+00
      43345   1805.994    986.516    995.000     4.8554     4.8562   3.371987   3.371995     1.8926     1.5747     100.00   20.72877  -94.75154    0.00035    0.00030     4.0619     4.0885     4.7729     4.7737    34.9431    34.9423    27.6564    27.6557    1499.38    176.524    177.678         32 0.0000e+00
      43449   1810.348    990.472    999.000     4.8479     4.8481   3.371524   3.371478     1.8959     1.5789     100.00   20.72877  -94.75154    0.00086    0.00110     4.0763     4.1073     4.7651     4.7654    34.9437    34.9429    27.6578    27.6571    1499.32    177.149    178.495         31 0.0000e+00
      43550   1814.554    994.429   1003.000     4.8354     4.8357   3.370532   3.370507     1.8977     1.5800     100.00   20.72826  -94.74922    0.00043    0.00028     4.0862     4.1150     4.7523     4.7526    34.9433    34.9427    27.6589    27.6584    1499.24    177.577    178.828         31 0.0000e+00
      43583   1815.909    995.417   1004.000     4.8336     4.8339   3.370472   3.370432     1.8979     1.5809     100.00   20.72860  -94.75076    0.00022    0.00024     4.0876     4.1193     4.7505     4.7508    34.9440    34.9432    27.6596    27.6590    1499.25    177.639    179.017         31 0.0000e+00
      43682   1820.029    999.374   1008.000     4.8112     4.8121   3.368640   3.368650     1.9001     1.5823     100.00   20.72822  -94.74902    0.00049    0.00038     4.0999     4.1290     4.7279     4.7288    34.9442    34.9433    27.6623    27.6616    1499.17    178.172    179.440         32 0.0000e+00
      43813   1825.510   1004.319   1013.000     4.8017     4.8020   3.368096   3.368055     1.9043     1.5865     100.00   20.72872  -94.75129    0.00084    0.00081     4.1181     4.1486     4.7180     4.7183    34.9453    34.9446    27.6643    27.6638    1499.14    178.964    180.290         31 0.0000e+00
      44002   1833.391   1011.242   1020.000     4.7905     4.7908   3.367478   3.367438     1.9062     1.5875      91.62   20.72902  -94.75266    0.00014   -0.00001     4.1300     4.1574     4.7063     4.7066    34.9463    34.9456    27.6665    27.6659    1499.08    179.479    180.673         30 0.0000e+00
      44662   1860.860   1035.966   1045.000     4.7232     4.7233   3.362576   3.362532     1.9137     1.5955     100.00   20.72820  -94.74897    0.00058    0.00052     4.1776     4.2091     4.6372     4.6373    34.9474    34.9467    27.6751    27.6746    1498.72    181.545    182.916         30 0.0000e+00
      44693   1862.174   1036.955   1046.000     4.7210     4.7212   3.362484   3.362450     1.9149     1.5968     100.00   20.72860  -94.75078    0.00074    0.00062     4.1823     4.2150     4.6350     4.6352    34.9481    34.9475    27.6760    27.6755    1498.74    181.751    183.174         31 0.0000e+00
      45010   1875.386   1048.821   1058.000     4.6824     4.6826   3.359679   3.359650     1.9223     1.6030      87.64   20.72873  -94.75135    0.00040    0.00053     4.2193     4.2494     4.5956     4.5958    34.9499    34.9494    27.6818    27.6814    1498.61    183.357    184.667         33 0.0000e+00
      45114   1879.705   1052.776   1062.000     4.6694     4.6697   3.358707   3.358672     1.9246     1.6056     100.00   20.72857  -94.75063    0.00053    0.00064     4.2311     4.2630     4.5824     4.5826    34.9502    34.9496    27.6836    27.6830    1498.55    183.870    185.259         31 0.0000e+00
      45592   1899.632   1070.574   1080.000     4.6131     4.6134   3.354609   3.354587     1.9339     1.6140     100.00   20.72868  -94.75114    0.00076    0.00066     4.2806     4.3118     4.5249     4.5252    34.9526    34.9520    27.6918    27.6913    1498.37    186.021    187.378         31 0.0000e+00
      45723   1905.080   1075.518   1085.000     4.5982     4.5988   3.353592   3.353555     1.9366     1.6167      83.73   20.72879  -94.75163    0.00039    0.00050     4.2949     4.3268     4.5096     4.5103    34.9534    34.9527    27.6942    27.6935    1498.32    186.641    188.028         32 0.0000e+00
      46041   1918.333   1087.382   1097.000     4.5772     4.5775   3.352273   3.352232     1.9419     1.6215      66.10   20.72882  -94.75179    0.00045    0.00033     4.3225     4.3545     4.4878     4.4880    34.9544    34.9538    27.6974    27.6969    1498.20    187.841    189.230         30 0.0000e+00
      46542   1939.215   1106.165   1116.000     4.5412     4.5414   3.349888   3.349850     1.9473     1.6263     100.00   20.72822  -94.74906    0.00031    0.00051     4.3569     4.3881     4.4504     4.4506    34.9549    34.9543    27.7019    27.7014    1497.96    189.336    190.688         33 0.0000e+00
      47152   1964.625   1128.900   1139.000     4.4927     4.4929   3.346752   3.346710     1.9552     1.6337     100.00   20.72860  -94.75078    0.00017    0.00012     4.4042     4.4357     4.4002     4.4004    34.9579    34.9572    27.7098    27.7092    1497.78    191.389    192.756         31 0.0000e+00
      47256   1968.941   1132.854   1143.000     4.4840     4.4842   3.346153   3.346103     1.9561     1.6341     100.00   20.72842  -94.74994    0.00023    0.00008     4.4107     4.4408     4.3912     4.3914    34.9580    34.9571    27.7109    27.7102    1497.73    191.672    192.977         31 0.0000e+00
      47494   1978.894   1141.750   1152.000     4.4724     4.4726   3.345564   3.345525     1.9589     1.6365     100.00   20.72858  -94.75071    0.00018    0.00008     4.4272     4.4566     4.3789     4.3791    34.9588    34.9581    27.7129    27.7123    1497.66    192.387    193.666         30 0.0000e+00
      47654   1985.534   1147.680   1158.000     4.4648     4.4650   3.345187   3.345139     1.9601     1.6375      86.75   20.72874  -94.75140    0.00014    0.00009     4.4359     4.4648     4.3708     4.3711    34.9594    34.9586    27.7142    27.7135    1497.62    192.764    194.019         30 0.0000e+00
      48024   2000.952   1161.517   1172.000     4.4407     4.4410   3.343657   3.343619     1.9636     1.6411     100.00   20.72832  -94.74948    0.00024    0.00029     4.4598     4.4897     4.3457     4.3460    34.9598    34.9590    27.7172    27.7166    1497.47    193.803    195.104         32 0.0000e+00
      48155   2006.423   1166.458   1177.000     4.4332     4.4334   3.343238   3.343191     1.9646     1.6422     100.00   20.72845  -94.75009    0.00023    0.00017     4.4670     4.4979     4.3378     4.3380    34.9603    34.9595    27.7185    27.7179    1497.43    194.117    195.457         32 0.0000e+00
      48500   2020.784   1179.305   1190.000     4.4145     4.4148   3.342206   3.342167     1.9676     1.6447      98.31   20.72852  -94.75042    0.00015    0.00002     4.4879     4.5177     4.3181     4.3185    34.9614    34.9606    27.7215    27.7209    1497.33    195.021    196.318         31 0.0000e+00
      48713   2029.658   1187.211   1198.000     4.4084     4.4087   3.342061   3.342014     1.9688     1.6458     100.00   20.72872  -94.75135    0.00011    0.00020     4.4975     4.5274     4.3114     4.3116    34.9621    34.9613    27.7228    27.7222    1497.29    195.439    196.741         30 0.0000e+00
      48815   2033.934   1191.163   1202.000     4.4057     4.4059   3.341930   3.341890     1.9693     1.6459      69.58   20.72835  -94.74964    0.00017    0.00001     4.5021     4.5305     4.3083     4.3085    34.9615    34.9608    27.7227    27.7221    1497.23    195.641    196.875         31 0.0000e+00
      48847   2035.266   1192.152   1203.000     4.4054     4.4056   3.341993   3.341948     1.9695     1.6459     100.88   20.72860  -94.75078    0.00021   -0.00000     4.5035     4.5312     4.3079     4.3081    34.9620    34.9613    27.7232    27.7225    1497.24    195.702    196.904         30 0.0000e+00
      48950   2039.533   1196.104   1207.000     4.4030     4.4031   3.341982   3.341919     1.9692     1.6459     100.00   20.72872  -94.75135   -0.00003   -0.00000     4.5049     4.5339     4.3052     4.3053    34.9624    34.9616    27.7238    27.7231    1497.22    195.760    197.021         30 0.0000e+00
      49084   2045.141   1201.045   1212.000     4.3984     4.3987   3.341793   3.341759     1.9695     1.6463     100.00   20.72876  -94.75151    0.00014    0.00012     4.5095     4.5387     4.3002     4.3005    34.9626    34.9619    27.7245    27.7239    1497.18    195.963    197.233         31 0.0000e+00
      49213   2050.510   1205.985   1217.000     4.3951     4.3953   3.341690   3.341645     1.9698     1.6462     100.00   20.72849  -94.75029    0.00005   -0.00009     4.5140     4.5419     4.2965     4.2967    34.9623    34.9616    27.7246    27.7240    1497.13    196.156    197.370         30 0.0000e+00
      49665   2069.314   1222.782   1234.000     4.3891     4.3894   3.341919   3.341884     1.9689     1.6459     100.00   20.72862  -94.75085   -0.00020   -0.00003     4.5212     4.5515     4.2890     4.2893    34.9629    34.9622    27.7259    27.7253    1497.02    196.471    197.787         30 0.0000e+00
      50217   2092.347   1243.529   1255.000     4.3717     4.3719   3.341247   3.341197     1.9691     1.6455     100.00   20.72811  -94.74855   -0.00001    0.00011     4.5368     4.5645     4.2698     4.2701    34.9629    34.9620    27.7280    27.7273    1496.84    197.146    198.350         30 0.0000e+00
      50249   2093.671   1244.517   1256.000     4.3704     4.3706   3.341249   3.341203     1.9692     1.6459     100.00   20.72860  -94.75078   -0.00006    0.00011     4.5377     4.5669     4.2685     4.2687    34.9638    34.9630    27.7288    27.7282    1496.87    197.187    198.455         30 0.0000e+00
