GOMECC/GOMECC-4/1db/drb2103_0791.cnv
* Sea-Bird SBE 9 Data File:
* FileName = C:\Users\scs.user.rb\CTD\GOMECC4\data\rb2103_0791.hex
* Software Version Seasave V 7.26.7.107
* Temperature SN = 4799
* Conductivity SN = 3860
* Number of Bytes Per Scan = 41
* Number of Voltage Words = 4
* Number of Scans Averaged by the Deck Unit = 1
* NMEA Latitude = 22 16.43 N
* NMEA Longitude = 097 21.67 W
* NMEA UTC (Time) = Oct 06 2021  04:28:40
* NMEA baud rate = 4800
# nquan = 28
# nvalues = 187                         
# units = specified
# name 0 = scan: Scan Count
# name 1 = timeS: Time, Elapsed [seconds]
# name 2 = depSM: Depth [salt water, m]
# name 3 = prDM: Pressure, Digiquartz [db]
# name 4 = t090C: Temperature [ITS-90, deg C]
# name 5 = t190C: Temperature, 2 [ITS-90, deg C]
# name 6 = c0S/m: Conductivity [S/m]
# name 7 = c1S/m: Conductivity, 2 [S/m]
# name 8 = sbeox0V: Oxygen raw, SBE 43 [V]
# name 9 = sbeox1V: Oxygen raw, SBE 43, 2 [V]
# name 10 = altM: Altimeter [m]
# name 11 = latitude: Latitude [deg]
# name 12 = longitude: Longitude [deg]
# name 13 = sbox0dV/dT: Oxygen, SBE 43 [dov/dt]
# name 14 = sbox1dV/dT: Oxygen, SBE 43, 2 [dov/dt]
# name 15 = sbeox0ML/L: Oxygen, SBE 43 [ml/l], WS = 5
# name 16 = sbeox1ML/L: Oxygen, SBE 43, 2 [ml/l], WS = 5
# name 17 = potemp090C: Potential Temperature [ITS-90, deg C]
# name 18 = potemp190C: Potential Temperature, 2 [ITS-90, deg C]
# name 19 = sal00: Salinity, Practical [PSU]
# name 20 = sal11: Salinity, Practical, 2 [PSU]
# name 21 = sigma-é00: Density [sigma-theta, kg/m^3]
# name 22 = sigma-é11: Density, 2 [sigma-theta, kg/m^3]
# name 23 = avgsvCM: Average Sound Velocity [Chen-Millero, m/s], minP = 20, minS = 20
# name 24 = sbox0Mm/Kg: Oxygen, SBE 43 [umol/kg], WS = 5
# name 25 = sbox1Mm/Kg: Oxygen, SBE 43, 2 [umol/kg], WS = 5
# name 26 = nbin: number of scans per bin
# name 27 = flag: flag
# span 0 =       5257,      16504       
# span 1 =    218.983,    687.610       
# span 2 =      2.981,    238.362       
# span 3 =      3.000,    240.000       
# span 4 =    14.4810,    29.4451       
# span 5 =    14.4828,    29.4467       
# span 6 =   4.347512,   5.962365       
# span 7 =   4.347675,   5.962699       
# span 8 =     1.7175,     3.3247       
# span 9 =     1.4057,     2.8366       
# span 10 =       5.16,     101.20      
# span 11 =   22.13372,   22.27550      
# span 12 =  -97.36822,  -96.74838      
# span 13 =   -0.04958,    0.02676      
# span 14 =   -0.04745,    0.02760      
# span 15 =     2.4519,     4.9552      
# span 16 =     2.4695,     4.9611      
# span 17 =    14.4452,    29.4397      
# span 18 =    14.4470,    29.4412      
# span 19 =    35.8860,    36.5214      
# span 20 =    35.8864,    36.5231      
# span 21 =    22.7226,    26.7768      
# span 22 =    22.7230,    26.7767      
# span 23 =       0.00,    1547.18      
# span 24 =    106.645,    216.069      
# span 25 =    107.413,    216.328      
# span 26 =         30,         61      
# span 27 = 0.0000e+00, 0.0000e+00      
# interval = decibars: 1                
# start_time = Oct 06 2021 04:28:40 [NMEA time, header]
# bad_flag = -9.990e-29
*END*
[from data line 52]
       8580    357.462     56.636     57.000    25.3169    25.3181   5.518037   5.518375     3.2769     2.8041     100.00   22.27396  -97.36145   -0.00319   -0.00181     4.9429     4.9534    25.3044    25.3056    36.2976    36.3000    24.2289    24.2303    1544.94    215.528    215.986         34 0.0000e+00
       8614    358.869     57.630     58.000    25.0381    25.0502   5.488207   5.489399     3.2670     2.7944     100.00   22.27396  -97.36145   -0.00554   -0.00411     4.9455     4.9538    25.0254    25.0376    36.2902    36.2936    24.3089    24.3078    1544.79    215.626    215.986         36 0.0000e+00
       8656    360.606     58.623     59.000    24.8708    24.8747   5.468811   5.469663     3.2442     2.7740     100.00   22.27396  -97.36145   -0.00932   -0.00833     4.9192     4.9262    24.8579    24.8619    36.2878    36.2909    24.3582    24.3594    1544.65    214.469    214.772         42 0.0000e+00
       8693    362.154     59.616     60.000    24.6770    24.6851   5.446522   5.447936     3.2233     2.7565     100.00   22.27396  -97.36146   -0.01301   -0.01192     4.9011     4.9052    24.6641    24.6722    36.2767    36.2808    24.4087    24.4093    1544.52    213.669    213.849         31 0.0000e+00
       8747    364.417     61.603     62.000    24.1723    24.1742   5.389947   5.390493     3.1606     2.6925      99.97   22.26633  -97.32813   -0.02070   -0.02071     4.8203     4.8105    24.1594    24.1610    36.2535    36.2561    24.5418    24.5433    1543.67    210.118    209.690         31 0.0000e+00
       8782    365.895     62.597     63.000    24.1112    24.1145   5.384929   5.385691     3.1512     2.6914     100.00   22.27396  -97.36146   -0.02191   -0.01973     4.8076     4.8139    24.0979    24.1011    36.2693    36.2725    24.5735    24.5749    1544.05    209.560    209.830         35 0.0000e+00
       8818    367.374     63.590     64.000    24.0063    24.0097   5.374075   5.374868     3.1526     2.6966     100.00   22.27396  -97.36146   -0.00753   -0.00408     4.8202     4.8344    23.9927    23.9962    36.2720    36.2753    24.6069    24.6083    1543.90    210.098    210.721         35 0.0000e+00
       8853    368.832     64.584     65.000    23.8741    23.8780   5.359213   5.360073     3.1484     2.6917     100.00   22.27396  -97.36146   -0.00061    0.00174     4.8245     4.8354    23.8604    23.8643    36.2663    36.2697    24.6419    24.6434    1543.75    210.281    210.757         34 0.0000e+00
       8941    372.482     67.564     68.000    23.5616    23.5646   5.324922   5.325658     3.0941     2.6439      99.97   22.26788  -97.33489   -0.01462   -0.01299     4.7462     4.7589    23.5474    23.5504    36.2571    36.2603    24.7267    24.7283    1542.89    206.851    207.403         33 0.0000e+00
       8979    374.083     68.557     69.000    23.5205    23.5213   5.321153   5.321565     3.0738     2.6248      94.20   22.27396  -97.36146   -0.01305   -0.01093     4.7096     4.7205    23.5061    23.5069    36.2632    36.2657    24.7442    24.7459    1543.17    205.251    205.726         39 0.0000e+00
       9015    375.579     69.551     70.000    23.3845    23.3877   5.305804   5.306666     3.0697     2.6252     100.06   22.27396  -97.36146   -0.01093   -0.00918     4.7153     4.7360    23.3700    23.3731    36.2565    36.2605    24.7791    24.7813    1543.02    205.494    206.396         32 0.0000e+00
       9046    376.881     70.544     71.000    23.2662    23.2687   5.292886   5.293606     3.0713     2.6272     100.00   22.27396  -97.36146   -0.00412   -0.00184     4.7284     4.7481    23.2515    23.2540    36.2540    36.2575    24.8119    24.8138    1542.88    206.058    206.917         31 0.0000e+00
       9077    378.163     71.538     72.000    23.2000    23.2015   5.286126   5.286636     3.0578     2.6119     100.00   22.27396  -97.36146   -0.00196   -0.00122     4.7074     4.7201    23.1852    23.1866    36.2559    36.2587    24.8327    24.8343    1542.73    205.137    205.691         31 0.0000e+00
       9108    379.448     72.531     73.000    23.1540    23.1548   5.281537   5.281945     3.0326     2.5817      98.62   22.27396  -97.36146   -0.00855   -0.01005     4.6616     4.6582    23.1390    23.1397    36.2581    36.2606    24.8478    24.8495    1542.59    203.140    202.989         30 0.0000e+00
       9139    380.731     73.524     74.000    23.1031    23.1052   5.276361   5.276953     3.0047     2.5564      98.41   22.27396  -97.36146   -0.01648   -0.01804     4.6101     4.6059    23.0879    23.0899    36.2597    36.2626    24.8639    24.8654    1542.45    200.890    200.710         32 0.0000e+00
       9173    382.173     74.518     75.000    23.0139    23.0162   5.266119   5.266735     2.9768     2.5372      99.96   22.27396  -97.36146   -0.02161   -0.01997     4.5620     4.5712    22.9985    23.0008    36.2537    36.2565    24.8852    24.8867    1542.31    198.792    199.192         39 0.0000e+00
       9212    383.812     75.511     76.000    22.9336    22.9364   5.257209   5.257886     2.9696     2.5356     100.00   22.27396  -97.36146   -0.01459   -0.01076     4.5550     4.5746    22.9180    22.9208    36.2506    36.2535    24.9062    24.9076    1542.17    198.482    199.339         36 0.0000e+00
       9296    387.298     78.491     79.000    22.6622    22.6575   5.227570   5.227514     2.9221     2.4843      99.97   22.26713  -97.33163   -0.01249   -0.01364     4.4845     4.4855    22.6460    22.6416    36.2393    36.2427    24.9748    24.9787    1541.30    195.395    195.436         31 0.0000e+00
       9334    388.873     79.485     80.000    22.5585    22.5604   5.217423   5.217921     2.9059     2.4736     100.00   22.27396  -97.36148   -0.01470   -0.01419     4.4597     4.4680    22.5423    22.5442    36.2501    36.2524    25.0140    25.0152    1541.64    194.311    194.671         40 0.0000e+00
       9374    390.537     80.478     81.000    22.5124    22.5142   5.213056   5.213532     2.8917     2.4607      88.16   22.27396  -97.36148   -0.01113   -0.00901     4.4350     4.4432    22.4960    22.4978    36.2540    36.2562    25.0301    25.0313    1541.51    193.233    193.586         38 0.0000e+00
       9461    394.168     83.458     84.000    22.3543    22.3557   5.195458   5.195878     2.8723     2.4442      99.97   22.26813  -97.33601   -0.00490   -0.00426     4.4101     4.4200    22.3374    22.3388    36.2428    36.2450    25.0659    25.0672    1540.71    192.137    192.568         30 0.0000e+00
       9496    395.645     84.451     85.000    22.3241    22.3256   5.193315   5.193518     2.8627     2.4387     100.00   22.27396  -97.36148   -0.00562   -0.00504     4.3936     4.4105    22.3070    22.3086    36.2546    36.2548    25.0845    25.0843    1540.99    191.417    192.153         36 0.0000e+00
       9533    397.176     85.445     86.000    22.2623    22.2650   5.187188   5.187727     2.8456     2.4217      87.80   22.27396  -97.36148   -0.00810   -0.00656     4.3640     4.3774    22.2450    22.2477    36.2576    36.2596    25.1045    25.1052    1540.86    190.124    190.707         37 0.0000e+00
       9568    398.610     86.438     87.000    22.2285    22.2301   5.184160   5.184551     2.8305     2.4058     100.05   22.27396  -97.36148   -0.01069   -0.01036     4.3363     4.3444    22.2111    22.2127    36.2616    36.2634    25.1171    25.1180    1540.75    188.912    189.267         32 0.0000e+00
       9599    399.919     87.432     88.000    22.1752    22.1809   5.178665   5.179225     2.8169     2.3932     100.00   22.27396  -97.36148   -0.01055   -0.01063     4.3161     4.3224    22.1577    22.1633    36.2678    36.2698    25.1370    25.1369    1540.63    188.032    188.304         31 0.0000e+00
       9630    401.202     88.425     89.000    22.1214    22.1221   5.175277   5.175576     2.7890     2.3628     100.00   22.27396  -97.36150   -0.01251   -0.01282     4.2603     4.2561    22.1037    22.1044    36.2805    36.2823    25.1619    25.1631    1540.51    185.595    185.410         31 0.0000e+00
       9661    402.502     89.418     90.000    22.1122    22.1130   5.175405   5.175676     2.7560     2.3332     100.00   22.27397  -97.36150   -0.01931   -0.01944     4.1933     4.1898    22.0942    22.0950    36.2889    36.2904    25.1709    25.1718    1540.39    182.677    182.524         31 0.0000e+00
       9693    403.831     90.411     91.000    22.0967    22.0978   5.174498   5.174865     2.7314     2.3079     100.00   22.27398  -97.36150   -0.02359   -0.02249     4.1476     4.1367    22.0785    22.0797    36.2944    36.2963    25.1795    25.1807    1540.28    180.684    180.209         33 0.0000e+00
       9727    405.255     91.405     92.000    22.0494    22.0514   5.168625   5.169087     2.6977     2.2829      91.76   22.27398  -97.36150   -0.02241   -0.02034     4.0795     4.0812    22.0311    22.0331    36.2873    36.2892    25.1875    25.1885    1540.16    177.715    177.789         36 0.0000e+00
       9763    406.771     92.398     93.000    22.0103    22.0124   5.163780   5.164250     2.6931     2.2806     100.12   22.27398  -97.36150   -0.01589   -0.01327     4.0734     4.0796    21.9918    21.9939    36.2814    36.2834    25.1941    25.1951    1540.05    177.445    177.717         35 0.0000e+00
       9796    408.122     93.391     94.000    21.9508    21.9523   5.156726   5.157245     2.6990     2.2884      98.06   22.27398  -97.36150   -0.00791   -0.00453     4.0896     4.0967    21.9322    21.9337    36.2751    36.2774    25.2062    25.2075    1539.94    178.153    178.460         30 0.0000e+00
       9853    410.490     95.378     96.000    21.8493    21.8511   5.144735   5.145209     2.7137     2.3062      94.96   22.26778  -97.33440    0.00608    0.00761     4.1304     4.1513    21.8303    21.8321    36.2607    36.2630    25.2228    25.2241    1539.29    179.922    180.835         32 0.0000e+00
       9889    412.011     96.371     97.000    21.7920    21.7945   5.138943   5.139501     2.7205     2.3098      97.85   22.27398  -97.36150    0.00534    0.00504     4.1496     4.1647    21.7728    21.7753    36.2664    36.2688    25.2443    25.2454    1539.61    180.757    181.414         36 0.0000e+00
       9925    413.486     97.365     98.000    21.7344    21.7357   5.132595   5.132939     2.7283     2.3195      87.30   22.27398  -97.36150    0.00447    0.00349     4.1710     4.1916    21.7150    21.7164    36.2641    36.2657    25.2587    25.2596    1539.51    181.687    182.586         33 0.0000e+00
       9957    414.823     98.358     99.000    21.6795    21.6822   5.125679   5.126361     2.7339     2.3250      88.71   22.27398  -97.36150    0.00505    0.00501     4.1876     4.2092    21.6601    21.6627    36.2549    36.2580    25.2671    25.2687    1539.40    182.411    183.349         32 0.0000e+00
       9988    416.137     99.351    100.000    21.4785    21.4854   5.098564   5.101432     2.7417     2.3377     100.10   22.27398  -97.36150    0.00492    0.00632     4.2213     4.2539    21.4590    21.4659    36.2261    36.2310    25.3011    25.3029    1539.29    183.870    185.292         31 0.0000e+00
      10019    417.428    100.345    101.000    21.3652    21.3671   5.089571   5.090031     2.7829     2.3812     100.00   22.27398  -97.36150    0.01167    0.01457     4.3173     4.3642    21.3455    21.3474    36.2312    36.2331    25.3365    25.3374    1539.18    188.046    190.090         32 0.0000e+00
      10051    418.745    101.338    102.000    21.2504    21.2520   5.079885   5.080311     2.7830     2.3664      70.85   22.27398  -97.36150    0.01823    0.01748     4.3272     4.3392    21.2307    21.2322    36.2501    36.2522    25.3826    25.3837    1539.07    188.469    188.992         32 0.0000e+00
      10084    420.135    102.331    103.000    21.2030    21.2046   5.077953   5.078331     2.7340     2.3099      94.23   22.27398  -97.36150    0.00455   -0.00116     4.2274     4.2119    21.1830    21.1846    36.2744    36.2761    25.4143    25.4151    1538.97    184.119    183.441         34 0.0000e+00
      10119    421.597    103.324    104.000    21.1573    21.1587   5.075455   5.075785     2.6497     2.2299      99.97   22.27398  -97.36150   -0.04180   -0.04317     4.0548     4.0310    21.1372    21.1386    36.2927    36.2942    25.4408    25.4416    1538.86    176.596    175.559         36 0.0000e+00
      10154    423.051    104.317    105.000    21.1306    21.1320   5.074196   5.074519     2.5804     2.1699     100.00   22.27398  -97.36150   -0.04958   -0.04745     3.9113     3.8944    21.1103    21.1117    36.3049    36.3064    25.4575    25.4582    1538.75    170.343    169.607         33 0.0000e+00
      10241    426.674    107.297    108.000    21.0131    21.0149   5.064298   5.064640     2.4758     2.0814      99.99   22.26670  -97.32969   -0.02799   -0.02358     3.7005     3.6984    20.9923    20.9941    36.3197    36.3209    25.4999    25.5004    1537.93    161.155    161.064         38 0.0000e+00
      10284    428.453    108.290    109.000    20.9415    20.9447   5.061239   5.061739     2.4375     2.0457     100.00   22.27398  -97.36150   -0.02355   -0.02085     3.6289     3.6249    20.9217    20.9239    36.3590    36.3604    25.5504    25.5505    1538.34    158.027    157.854         39 0.0000e+00
      10371    432.084    111.270    112.000    20.7273    20.7285   5.042480   5.042806     2.3110     1.9281      98.50   22.26650  -97.32879   -0.03396   -0.03190     3.3723     3.3609    20.7059    20.7071    36.3857    36.3873    25.6283    25.6293    1537.51    146.843    146.348         32 0.0000e+00
      10410    433.695    112.263    113.000    20.6853    20.6876   5.040460   5.040919     2.2771     1.8992     100.01   22.27398  -97.36150   -0.03003   -0.02690     3.3033     3.2962    20.6637    20.6661    36.4094    36.4111    25.6590    25.6597    1537.94    143.836    143.528         38 0.0000e+00
      10446    435.206    113.256    114.000    20.5873    20.5893   5.032296   5.032743     2.2402     1.8660      26.95   22.27398  -97.36150   -0.02492   -0.02155     3.2312     3.2247    20.5657    20.5677    36.4267    36.4286    25.6988    25.6997    1537.83    140.689    140.405         33 0.0000e+00
      10506    437.718    115.243    116.000    20.4984    20.4997   5.025225   5.025563     2.1811     1.8139     100.00   22.27342  -97.35904   -0.02467   -0.02195     3.1114     3.1085    20.4765    20.4777    36.4445    36.4461    25.7363    25.7373    1537.60    135.468    135.342         32 0.0000e+00
      10540    439.122    116.236    117.000    20.4807    20.4820   5.024155   5.024480     2.1578     1.7941     100.00   22.27398  -97.36150   -0.02131   -0.01857     3.0631     3.0635    20.4585    20.4599    36.4510    36.4525    25.7462    25.7470    1537.54    133.363    133.382         35 0.0000e+00
      10575    440.597    117.229    118.000    20.4392    20.4416   5.020798   5.021265     2.1395     1.7786     100.00   22.27398  -97.36151   -0.01625   -0.01380     3.0268     3.0296    20.4169    20.4193    36.4590    36.4607    25.7636    25.7642    1537.44    131.781    131.905         34 0.0000e+00
      10607    441.927    118.222    119.000    20.4146    20.4162   5.018227   5.018581     2.1265     1.7694     100.00   22.27398  -97.36152   -0.01285   -0.01058     3.0009     3.0099    20.3921    20.3941    36.4588    36.4604    25.7701    25.7709    1537.35    130.653    131.044         31 0.0000e+00
      10637    443.166    119.216    120.000    20.3995    20.4005   5.016856   5.017157     2.1227     1.7681     100.00   22.27398  -97.36152   -0.00921   -0.00694     2.9939     3.0079    20.3769    20.3779    36.4602    36.4618    25.7753    25.7762    1537.25    130.348    130.959         30 0.0000e+00
