GOMECC/GOMECC-4/1db/drb2103_1201.cnv
* Sea-Bird SBE 9 Data File:
* FileName = C:\Users\scs.user.rb\CTD\GOMECC4\data\rb2103_1201.hex
* Software Version Seasave V 7.26.7.107
* Temperature SN = 4799
* Conductivity SN = 3860
* Number of Bytes Per Scan = 41
* Number of Voltage Words = 4
* Number of Scans Averaged by the Deck Unit = 1
* NMEA Latitude = 21 40.66 N
* NMEA Longitude = 085 53.83 W
* NMEA UTC (Time) = Oct 16 2021  08:41:52
* NMEA baud rate = 4800
# nquan = 28
# nvalues = 270                         
# units = specified
# name 0 = scan: Scan Count
# name 1 = timeS: Time, Elapsed [seconds]
# name 2 = depSM: Depth [salt water, m]
# name 3 = prDM: Pressure, Digiquartz [db]
# name 4 = t090C: Temperature [ITS-90, deg C]
# name 5 = t190C: Temperature, 2 [ITS-90, deg C]
# name 6 = c0S/m: Conductivity [S/m]
# name 7 = c1S/m: Conductivity, 2 [S/m]
# name 8 = sbeox0V: Oxygen raw, SBE 43 [V]
# name 9 = sbeox1V: Oxygen raw, SBE 43, 2 [V]
# name 10 = altM: Altimeter [m]
# name 11 = latitude: Latitude [deg]
# name 12 = longitude: Longitude [deg]
# name 13 = sbox0dV/dT: Oxygen, SBE 43 [dov/dt]
# name 14 = sbox1dV/dT: Oxygen, SBE 43, 2 [dov/dt]
# name 15 = sbeox0ML/L: Oxygen, SBE 43 [ml/l], WS = 5
# name 16 = sbeox1ML/L: Oxygen, SBE 43, 2 [ml/l], WS = 5
# name 17 = potemp090C: Potential Temperature [ITS-90, deg C]
# name 18 = potemp190C: Potential Temperature, 2 [ITS-90, deg C]
# name 19 = sal00: Salinity, Practical [PSU]
# name 20 = sal11: Salinity, Practical, 2 [PSU]
# name 21 = sigma-é00: Density [sigma-theta, kg/m^3]
# name 22 = sigma-é11: Density, 2 [sigma-theta, kg/m^3]
# name 23 = avgsvCM: Average Sound Velocity [Chen-Millero, m/s], minP = 20, minS = 20
# name 24 = sbox0Mm/Kg: Oxygen, SBE 43 [umol/kg], WS = 5
# name 25 = sbox1Mm/Kg: Oxygen, SBE 43, 2 [umol/kg], WS = 5
# name 26 = nbin: number of scans per bin
# name 27 = flag: flag
# span 0 =       8318,      63730       
# span 1 =    346.554,   2655.385       
# span 2 =      4.969,   1931.848       
# span 3 =      5.000,   1953.000       
# span 4 =     4.1805,    30.0491       
# span 5 =     4.1812,    30.0506       
# span 6 =   3.354754,   6.028003       
# span 7 =   3.354745,   6.028326       
# span 8 =     1.6275,     3.2056       
# span 9 =     1.3267,     2.7129       
# span 10 =       9.84,     101.20      
# span 11 =   21.67744,   21.68397      
# span 12 =  -85.90029,  -85.89228      
# span 13 =   -0.01154,    0.00715      
# span 14 =   -0.00959,    0.00698      
# span 15 =     2.6964,     5.2656      
# span 16 =     2.7136,     5.2762      
# span 17 =     4.0149,    30.0371      
# span 18 =     4.0156,    30.0387      
# span 19 =    34.9075,    37.0154      
# span 20 =    34.9070,    37.0169      
# span 21 =    22.6341,    27.7735      
# span 22 =    22.6345,    27.7728      
# span 23 =       0.00,    1549.94      
# span 24 =    117.242,    228.807      
# span 25 =    117.988,    229.269      
# span 26 =         30,         70      
# span 27 = 0.0000e+00, 0.0000e+00      
# interval = decibars: 1                
# start_time = Oct 16 2021 08:41:52 [NMEA time, header]
# bad_flag = -9.990e-29
*END*
[from data line 156]
      14577    607.317    161.924    163.000    23.5133    23.5172   5.419598   5.420297     2.4691     2.0714     100.00   21.67902  -85.89786   -0.00217   -0.00123     3.5253     3.5250    23.4792    23.4831    36.9943    36.9961    25.3067    25.3069    1543.84    153.553    153.539         33 0.0000e+00
      14611    608.748    162.917    164.000    23.4667    23.4672   5.414672   5.414963     2.4653     2.0690     100.00   21.67902  -85.89786   -0.00215   -0.00220     3.5204     3.5225    23.4324    23.4329    36.9947    36.9964    25.3208    25.3219    1543.79    153.339    153.428         35 0.0000e+00
      14645    610.169    163.910    165.000    23.4395    23.4405   5.411762   5.412088     2.4639     2.0675     100.00   21.67902  -85.89786   -0.00200   -0.00192     3.5203     3.5215    23.4051    23.4060    36.9947    36.9964    25.3288    25.3298    1543.74    153.335    153.386         33 0.0000e+00
      14679    611.568    164.903    166.000    23.3837    23.3851   5.406114   5.406476     2.4638     2.0672     100.00   21.67903  -85.89787   -0.00118   -0.00086     3.5242     3.5248    23.3491    23.3505    36.9975    36.9991    25.3474    25.3482    1543.68    153.502    153.525         34 0.0000e+00
      14713    612.996    165.896    167.000    23.2652    23.2670   5.395810   5.396177     2.4649     2.0703      83.72   21.67904  -85.89788   -0.00005    0.00013     3.5351     3.5400    23.2305    23.2323    37.0100    37.0114    25.3917    25.3922    1543.64    153.966    154.182         34 0.0000e+00
      14747    614.409    166.889    168.000    23.1438    23.1454   5.382449   5.382827     2.4710     2.0760      96.80   21.67904  -85.89788    0.00147    0.00222     3.5552     3.5599    23.1090    23.1107    37.0154    37.0169    25.4313    25.4320    1543.58    154.838    155.042         34 0.0000e+00
      14781    615.829    167.882    169.000    23.0788    23.0800   5.375393   5.375748     2.4769     2.0789     100.04   21.67904  -85.89788    0.00360    0.00323     3.5720     3.5707    23.0439    23.0451    37.0149    37.0167    25.4499    25.4509    1543.53    155.567    155.512         34 0.0000e+00
      14814    617.218    168.875    170.000    23.0146    23.0159   5.368439   5.368809     2.4776     2.0795     100.00   21.67904  -85.89788    0.00356    0.00211     3.5781     3.5767    22.9796    22.9809    37.0147    37.0164    25.4685    25.4694    1543.48    155.829    155.766         33 0.0000e+00
      14847    618.591    169.868    171.000    22.9694    22.9704   5.363575   5.363904     2.4748     2.0787      78.61   21.67904  -85.89788    0.00063    0.00061     3.5760     3.5782    22.9342    22.9352    37.0147    37.0164    25.4816    25.4827    1543.43    155.736    155.829         34 0.0000e+00
      14882    620.054    170.861    172.000    22.9269    22.9264   5.358837   5.358770     2.4712     2.0766      74.23   21.67906  -85.89788   -0.00165   -0.00071     3.5737     3.5770    22.8916    22.8911    37.0133    37.0149    25.4930    25.4943    1543.37    155.635    155.776         35 0.0000e+00
      14917    621.495    171.854    173.000    22.8320    22.8329   5.348211   5.348538     2.4664     2.0720     100.28   21.67906  -85.89788   -0.00262   -0.00188     3.5688     3.5727    22.7966    22.7975    37.0102    37.0120    25.5182    25.5193    1543.32    155.418    155.588         34 0.0000e+00
      14951    622.912    172.847    174.000    22.8129    22.8139   5.346180   5.346517     2.4654     2.0720     100.00   21.67907  -85.89788   -0.00261   -0.00193     3.5688     3.5743    22.7772    22.7782    37.0102    37.0120    25.5238    25.5248    1543.27    155.414    155.655         34 0.0000e+00
      14984    624.305    173.840    175.000    22.7748    22.7761   5.342274   5.342627     2.4644     2.0716     100.00   21.67908  -85.89789   -0.00127   -0.00083     3.5696     3.5763    22.7390    22.7402    37.0116    37.0133    25.5358    25.5368    1543.21    155.450    155.741         33 0.0000e+00
      15017    625.661    174.832    176.000    22.7188    22.7203   5.336320   5.336688     2.4644     2.0713     100.00   21.67908  -85.89790   -0.00045   -0.00003     3.5737     3.5794    22.6829    22.6843    37.0121    37.0137    25.5525    25.5533    1543.16    155.626    155.875         33 0.0000e+00
      15051    627.073    175.825    177.000    22.6851    22.6863   5.332659   5.333008     2.4630     2.0701     100.00   21.67908  -85.89790   -0.00054   -0.00041     3.5736     3.5795    22.6490    22.6502    37.0117    37.0134    25.5619    25.5628    1543.10    155.618    155.876         35 0.0000e+00
      15086    628.547    176.819    178.000    22.6179    22.6154   5.324761   5.324672     2.4624     2.0689     100.00   21.67909  -85.89790   -0.00062   -0.00075     3.5771     3.5819    22.5817    22.5792    37.0064    37.0079    25.5773    25.5791    1543.06    155.769    155.977         35 0.0000e+00
      15121    629.982    177.811    179.000    22.5276    22.5289   5.314170   5.314558     2.4580     2.0666     100.00   21.67910  -85.89790   -0.00096   -0.00104     3.5760     3.5827    22.4912    22.4925    36.9997    37.0016    25.5982    25.5992    1543.00    155.718    156.007         34 0.0000e+00
      15153    631.348    178.804    180.000    22.4563    22.4575   5.305957   5.306331     2.4550     2.0617      75.71   21.67910  -85.89791   -0.00209   -0.00193     3.5744     3.5765    22.4198    22.4210    36.9953    36.9973    25.6153    25.6165    1542.94    155.646    155.739         33 0.0000e+00
      15187    632.764    179.797    181.000    22.4372    22.4382   5.303795   5.304138     2.4540     2.0607      99.88   21.67910  -85.89792   -0.00231   -0.00237     3.5740     3.5760    22.4006    22.4016    36.9942    36.9960    25.6199    25.6211    1542.89    155.630    155.714         34 0.0000e+00
      15221    634.186    180.790    182.000    22.4245    22.4256   5.302376   5.302723     2.4529     2.0596     100.00   21.67910  -85.89792   -0.00116   -0.00148     3.5731     3.5748    22.3876    22.3887    36.9935    36.9953    25.6232    25.6242    1542.84    155.588    155.663         34 0.0000e+00
      15255    635.581    181.783    183.000    22.4061    22.4067   5.300285   5.300565     2.4515     2.0587     100.00   21.67912  -85.89792   -0.00075   -0.00061     3.5719     3.5743    22.3691    22.3697    36.9923    36.9940    25.6276    25.6287    1542.78    155.534    155.639         34 0.0000e+00
      15290    637.052    182.776    184.000    22.3846    22.3869   5.297848   5.298267     2.4484     2.0585      99.15   21.67912  -85.89792   -0.00128   -0.00049     3.5674     3.5755    22.3479    22.3497    36.9907    36.9925    25.6323    25.6332    1542.73    155.340    155.693         36 0.0000e+00
      15325    638.498    183.769    185.000    22.3572    22.3573   5.294417   5.294630     2.4460     2.0553     100.00   21.67912  -85.89792   -0.00182   -0.00076     3.5649     3.5708    22.3198    22.3199    36.9871    36.9886    25.6376    25.6388    1542.68    155.230    155.484         33 0.0000e+00
      15357    639.853    184.762    186.000    22.3349    22.3358   5.291726   5.292023     2.4437     2.0522     100.00   21.67913  -85.89792   -0.00178   -0.00178     3.5622     3.5656    22.2974    22.2982    36.9844    36.9860    25.6421    25.6430    1542.63    155.109    155.256         32 0.0000e+00
      15391    641.253    185.755    187.000    22.3233    22.3243   5.290693   5.290992     2.4414     2.0505     100.00   21.67914  -85.89792   -0.00161   -0.00208     3.5586     3.5629    22.2855    22.2866    36.9858    36.9873    25.6465    25.6473    1542.58    154.953    155.143         35 0.0000e+00
      15425    642.665    186.747    188.000    22.3178    22.3195   5.290232   5.290629     2.4426     2.0508     100.00   21.67914  -85.89792   -0.00110   -0.00113     3.5618     3.5642    22.2798    22.2816    36.9866    36.9882    25.6487    25.6494    1542.52    155.092    155.196         33 0.0000e+00
      15459    644.077    187.740    189.000    22.3052    22.3061   5.288722   5.289018     2.4428     2.0522     100.00   21.67914  -85.89794    0.00017    0.00017     3.5635     3.5688    22.2671    22.2680    36.9850    36.9866    25.6511    25.6520    1542.47    155.168    155.394         35 0.0000e+00
      15494    645.527    188.733    190.000    22.2746    22.2759   5.284938   5.285258     2.4394     2.0479     100.00   21.67916  -85.89794   -0.00023   -0.00019     3.5587     3.5613    22.2363    22.2376    36.9809    36.9823    25.6568    25.6575    1542.43    154.956    155.067         34 0.0000e+00
      15528    646.943    189.726    191.000    22.2335    22.2349   5.279886   5.280236     2.4360     2.0437     100.00   21.67916  -85.89794   -0.00206   -0.00227     3.5553     3.5549    22.1951    22.1964    36.9756    36.9772    25.6645    25.6653    1542.37    154.808    154.791         34 0.0000e+00
      15562    648.366    190.719    192.000    22.2038    22.2051   5.276251   5.276576     2.4318     2.0407      94.09   21.67916  -85.89794   -0.00252   -0.00278     3.5492     3.5506    22.1652    22.1665    36.9719    36.9734    25.6702    25.6709    1542.32    154.540    154.599         35 0.0000e+00
      15597    649.847    191.712    193.000    22.1848    22.1861   5.274055   5.274395     2.4280     2.0384      77.71   21.67916  -85.89794   -0.00267   -0.00203     3.5430     3.5468    22.1460    22.1473    36.9704    36.9719    25.6745    25.6753    1542.27    154.272    154.437         35 0.0000e+00
      15631    651.244    192.705    194.000    22.0863    22.0901   5.261661   5.262267     2.4231     2.0331     100.24   21.67918  -85.89796   -0.00287   -0.00201     3.5404     3.5416    22.0474    22.0512    36.9560    36.9575    25.6915    25.6916    1542.22    154.152    154.207         32 0.0000e+00
      15662    652.544    193.698    195.000    21.9314    21.9346   5.243541   5.244094     2.4146     2.0241     100.00   21.67918  -85.89796   -0.00386   -0.00401     3.5337     3.5316    21.8925    21.8958    36.9443    36.9459    25.7264    25.7267    1542.17    153.859    153.763         32 0.0000e+00
      15696    653.969    194.690    196.000    21.8023    21.8040   5.228685   5.229100     2.4079     2.0179     100.00   21.67918  -85.89796   -0.00543   -0.00562     3.5291     3.5263    21.7633    21.7651    36.9362    36.9380    25.7566    25.7575    1542.12    153.652    153.529         36 0.0000e+00
      15733    655.499    195.683    197.000    21.7708    21.7720   5.225061   5.225414     2.4047     2.0168     100.00   21.67920  -85.89796   -0.00437   -0.00368     3.5250     3.5262    21.7317    21.7329    36.9340    36.9358    25.7638    25.7648    1542.06    153.472    153.525         36 0.0000e+00
      15767    656.911    196.676    198.000    21.7571    21.7582   5.223472   5.223793     2.4028     2.0162     100.00   21.67920  -85.89796   -0.00224   -0.00124     3.5224     3.5261    21.7178    21.7189    36.9327    36.9343    25.7667    25.7676    1542.01    153.361    153.520         33 0.0000e+00
      15800    658.291    197.669    199.000    21.7454    21.7466   5.222141   5.222478     2.3995     2.0112     100.00   21.67921  -85.89796   -0.00169   -0.00110     3.5166     3.5161    21.7060    21.7072    36.9317    36.9334    25.7693    25.7702    1541.96    153.108    153.083         33 0.0000e+00
      15833    659.682    198.662    200.000    21.7342    21.7352   5.220896   5.221216     2.3972     2.0107     100.00   21.67922  -85.89796   -0.00200   -0.00194     3.5131     3.5157    21.6946    21.6956    36.9311    36.9327    25.7720    25.7730    1541.91    152.951    153.067         33 0.0000e+00
      15867    661.066    199.655    201.000    21.6894    21.6924   5.215397   5.215922     2.3950     2.0077      91.86   21.67922  -85.89796   -0.00178   -0.00174     3.5120     3.5122    21.6497    21.6526    36.9252    36.9269    25.7801    25.7806    1541.86    152.905    152.911         34 0.0000e+00
      15902    662.546    200.647    202.000    21.6005    21.6032   5.204507   5.205041     2.3878     2.0039      99.41   21.67922  -85.89796   -0.00229   -0.00187     3.5040     3.5092    21.5606    21.5633    36.9142    36.9162    25.7967    25.7974    1541.80    152.554    152.779         36 0.0000e+00
      25825   1076.020    584.511    589.000     9.7924     9.7938   3.831118   3.831247     1.6559     1.3521     100.00   21.68029  -85.89837   -0.00077   -0.00026     2.6964     2.7136     9.7234     9.7249    35.1588    35.1588    27.1231    27.1229    1523.38    117.242    117.988         30 0.0000e+00
      29259   1219.066    716.269    722.000     7.9841     7.9854   3.648065   3.648165     1.6275     1.3267     100.00   21.68081  -85.89886    0.00002    0.00000     2.7880     2.8049     7.9087     7.9100    34.9586    34.9584    27.2551    27.2547    1518.39    121.208    121.942         30 0.0000e+00
      29857   1244.005    739.045    745.000     7.5422     7.5426   3.604815   3.604800     1.6361     1.3353     100.00   21.68054  -85.89754    0.00035    0.00040     2.8560     2.8748     7.4668     7.4671    34.9231    34.9226    27.2920    27.2916    1517.59    124.161    124.978         30 0.0000e+00
      32728   1363.626    846.953    854.000     6.4084     6.4099   3.503857   3.503952     1.7115     1.4063      30.19   21.68163  -85.90022    0.00100    0.00105     3.2316     3.2541     6.3285     6.3300    34.9075    34.9070    27.4369    27.4363    1514.27    140.468    141.449         30 0.0000e+00
      33522   1396.701    876.643    884.000     5.9220     5.9230   3.460932   3.460981     1.7673     1.4593     100.00   21.68124  -85.89842    0.00135    0.00173     3.4725     3.5002     5.8424     5.8433    34.9096    34.9092    27.5013    27.5009    1513.39    150.930    152.136         31 0.0000e+00
      33864   1410.968    889.507    897.000     5.8364     5.8374   3.453851   3.453888     1.7815     1.4700     100.00   21.68124  -85.89823    0.00079    0.00060     3.5337     3.5530     5.7560     5.7570    34.9113    34.9107    27.5135    27.5130    1513.03    153.587    154.430         30 0.0000e+00
      35031   1459.563    933.041    941.000     5.5666     5.5674   3.432263   3.432293     1.8176     1.5033      86.29   21.68162  -85.89901    0.00047    0.00031     3.7019     3.7210     5.4839     5.4847    34.9230    34.9225    27.5565    27.5560    1511.88    160.893    161.722         30 0.0000e+00
      36249   1510.333    978.544    987.000     5.3837     5.3853   3.418267   3.418360     1.8393     1.5243     100.00   21.68210  -85.90029    0.00063    0.00067     3.8165     3.8390     5.2980     5.2996    34.9300    34.9294    27.5846    27.5839    1510.79    165.871    166.846         30 0.0000e+00
      36703   1529.236    995.359   1004.000     5.3169     5.3169   3.413600   3.413682     1.8472     1.5311      98.44   21.68196  -85.89953    0.00020    0.00002     3.8587     3.8800     5.2301     5.2301    34.9321    34.9312    27.5944    27.5936    1510.40    167.703    168.626         30 0.0000e+00
      37320   1554.952   1018.105   1027.000     5.1006     5.1012   3.395193   3.395212     1.8818     1.5662      79.74   21.68218  -85.89999    0.00134    0.00147     4.0136     4.0461     5.0133     5.0139    34.9396    34.9391    27.6259    27.6254    1509.91    174.429    175.841         30 0.0000e+00
      37452   1560.449   1023.049   1032.000     5.0956     5.0963   3.394953   3.394977     1.8917     1.5738     100.00   21.68188  -85.89871    0.00157    0.00109     4.0509     4.0778     5.0079     5.0086    34.9396    34.9390    27.6265    27.6260    1509.77    176.047    177.219         31 0.0000e+00
