GOMECC/GOMECC-4/1db/drb2103_0711.cnv
* Sea-Bird SBE 9 Data File:
* FileName = C:\Users\scs.user.rb\CTD\GOMECC4\data\rb2103_0711.hex
* Software Version Seasave V 7.26.7.107
* Temperature SN = 4799
* Conductivity SN = 3860
* Number of Bytes Per Scan = 41
* Number of Voltage Words = 4
* Number of Scans Averaged by the Deck Unit = 1
* NMEA Latitude = 26 03.51 N
* NMEA Longitude = 094 11.79 W
* NMEA UTC (Time) = Oct 03 2021  22:34:45
* NMEA baud rate = 4800
# nquan = 28
# nvalues = 252                         
# units = specified
# name 0 = scan: Scan Count
# name 1 = timeS: Time, Elapsed [seconds]
# name 2 = depSM: Depth [salt water, m]
# name 3 = prDM: Pressure, Digiquartz [db]
# name 4 = t090C: Temperature [ITS-90, deg C]
# name 5 = t190C: Temperature, 2 [ITS-90, deg C]
# name 6 = c0S/m: Conductivity [S/m]
# name 7 = c1S/m: Conductivity, 2 [S/m]
# name 8 = sbeox0V: Oxygen raw, SBE 43 [V]
# name 9 = sbeox1V: Oxygen raw, SBE 43, 2 [V]
# name 10 = altM: Altimeter [m]
# name 11 = latitude: Latitude [deg]
# name 12 = longitude: Longitude [deg]
# name 13 = sbox0dV/dT: Oxygen, SBE 43 [dov/dt]
# name 14 = sbox1dV/dT: Oxygen, SBE 43, 2 [dov/dt]
# name 15 = sbeox0ML/L: Oxygen, SBE 43 [ml/l], WS = 5
# name 16 = sbeox1ML/L: Oxygen, SBE 43, 2 [ml/l], WS = 5
# name 17 = potemp090C: Potential Temperature [ITS-90, deg C]
# name 18 = potemp190C: Potential Temperature, 2 [ITS-90, deg C]
# name 19 = sal00: Salinity, Practical [PSU]
# name 20 = sal11: Salinity, Practical, 2 [PSU]
# name 21 = sigma-é00: Density [sigma-theta, kg/m^3]
# name 22 = sigma-é11: Density, 2 [sigma-theta, kg/m^3]
# name 23 = avgsvCM: Average Sound Velocity [Chen-Millero, m/s], minP = 20, minS = 20
# name 24 = sbox0Mm/Kg: Oxygen, SBE 43 [umol/kg], WS = 5
# name 25 = sbox1Mm/Kg: Oxygen, SBE 43, 2 [umol/kg], WS = 5
# name 26 = nbin: number of scans per bin
# name 27 = flag: flag
# span 0 =      18024,      99987       
# span 1 =    750.978,   4166.073       
# span 2 =      3.974,   2992.714       
# span 3 =      4.000,   3034.000       
# span 4 =     4.2968,    29.3102       
# span 5 =     4.2975,    29.3082       
# span 6 =   3.352299,   5.919239       
# span 7 =   3.352250,   5.919509       
# span 8 =     1.5736,     3.3277       
# span 9 =     1.2783,     2.8426       
# span 10 =      10.30,     100.50      
# span 11 =   26.05067,   26.05999      
# span 12 =  -94.20138,  -94.16735      
# span 13 =   -0.05326,    0.03330      
# span 14 =   -0.05164,    0.03316      
# span 15 =     2.4294,     4.9399      
# span 16 =     2.4523,     4.9412      
# span 17 =     4.0797,    29.3092      
# span 18 =     4.0808,    29.3072      
# span 19 =    34.9096,    36.7513      
# span 20 =    34.9092,    36.7531      
# span 21 =    22.7257,    27.7593      
# span 22 =    22.7274,    27.7578      
# span 23 =       0.00,    1555.17      
# span 24 =    105.628,    215.456      
# span 25 =    106.625,    215.511      
# span 26 =         30,         70      
# span 27 = 0.0000e+00, 0.0000e+00      
# interval = decibars: 1                
# start_time = Oct 03 2021 22:34:45 [NMEA time, header]
# bad_flag = -9.990e-29
*END*
[from data line 104]
      22736    947.272    112.234    113.000    21.9713    21.9813   5.180007   5.181657     2.5534     2.1611     100.00   26.05876  -94.19664   -0.00356   -0.00287     3.7936     3.8158    21.9488    21.9588    36.4354    36.4401    25.3233    25.3241    1540.54    165.236    166.204         32 0.0000e+00
      22768    948.645    113.227    114.000    21.6232    21.6255   5.135087   5.135712     2.5488     2.1573     100.00   26.05876  -94.19665   -0.00445   -0.00284     3.8113     3.8336    21.6008    21.6031    36.3720    36.3751    25.3728    25.3744    1540.45    166.001    166.971         34 0.0000e+00
      22803    950.078    114.220    115.000    21.5908    21.5925   5.130725   5.131260     2.5528     2.1585     100.00   26.05876  -94.19666   -0.00215   -0.00157     3.8225     3.8391    21.5683    21.5700    36.3643    36.3671    25.3759    25.3776    1540.35    166.488    167.213         34 0.0000e+00
      22835    951.427    115.213    116.000    21.5552    21.5559   5.126411   5.126749     2.5536     2.1586     100.00   26.05874  -94.19666    0.00115   -0.00028     3.8275     3.8427    21.5325    21.5332    36.3596    36.3617    25.3824    25.3837    1540.25    166.703    167.367         31 0.0000e+00
      22866    952.720    116.206    117.000    21.4593    21.4600   5.114459   5.114830     2.5465     2.1531     100.00   26.05876  -94.19666    0.00002   -0.00048     3.8206     3.8375    21.4364    21.4371    36.3449    36.3473    25.3979    25.3995    1540.16    166.401    167.138         32 0.0000e+00
      22899    954.096    117.199    118.000    21.4170    21.4175   5.109269   5.109565     2.5367     2.1444     100.00   26.05876  -94.19666   -0.00432   -0.00344     3.8067     3.8242    21.3940    21.3945    36.3389    36.3408    25.4051    25.4064    1540.06    165.797    166.556         34 0.0000e+00
      22932    955.475    118.192    119.000    21.3284    21.3293   5.099431   5.099807     2.5272     2.1324     100.00   26.05876  -94.19666   -0.00667   -0.00634     3.7908     3.7998    21.3053    21.3061    36.3348    36.3370    25.4265    25.4280    1539.95    165.097    165.492         32 0.0000e+00
      22964    956.800    119.184    120.000    21.2933    21.2939   5.095708   5.096015     2.5114     2.1188     100.00   26.05876  -94.19666   -0.00809   -0.00868     3.7607     3.7715    21.2699    21.2705    36.3344    36.3363    25.4359    25.4372    1539.86    163.788    164.257         31 0.0000e+00
      22997    958.150    120.177    121.000    21.2850    21.2853   5.096253   5.096439     2.4970     2.1097      99.89   26.05876  -94.19666   -0.01040   -0.00920     3.7312     3.7512    21.2615    21.2618    36.3454    36.3466    25.4466    25.4475    1539.77    162.498    163.369         34 0.0000e+00
      23030    959.562    121.170    122.000    21.3137    21.3139   5.102309   5.102506     2.4865     2.1005     100.00   26.05876  -94.19666   -0.01016   -0.00739     3.7071     3.7281    21.2900    21.2902    36.3692    36.3707    25.4569    25.4580    1539.68    161.447    162.361         34 0.0000e+00
      23063    960.921    122.163    123.000    21.2615    21.2624   5.096110   5.096421     2.4723     2.0865     100.00   26.05876  -94.19666   -0.00885   -0.00737     3.6816     3.6997    21.2376    21.2385    36.3635    36.3652    25.4670    25.4681    1539.58    160.335    161.126         32 0.0000e+00
      23095    962.262    123.156    124.000    21.1414    21.1425   5.080467   5.081110     2.4592     2.0727     100.00   26.05876  -94.19666   -0.00957   -0.00942     3.6630     3.6754    21.1147    21.1185    36.3417    36.3436    25.4842    25.4847    1539.49    159.523    160.062         32 0.0000e+00
      23127    963.595    124.149    125.000    21.0874    21.0883   5.076354   5.076743     2.4445     2.0554      74.61   26.05876  -94.19666   -0.00998   -0.01072     3.6361     3.6404    21.0627    21.0641    36.3524    36.3543    25.5067    25.5077    1539.40    158.349    158.538         32 0.0000e+00
      23160    964.957    125.142    126.000    21.0714    21.0723   5.074655   5.074989     2.4160     2.0283      94.60   26.05876  -94.19666   -0.01307   -0.01405     3.5779     3.5790    21.0471    21.0480    36.3515    36.3534    25.5103    25.5115    1539.31    155.815    155.864         33 0.0000e+00
      23193    966.319    126.135    127.000    21.0455    21.0465   5.071646   5.071998     2.3951     2.0102     100.02   26.05876  -94.19666   -0.01743   -0.01691     3.5377     3.5408    21.0208    21.0222    36.3491    36.3511    25.5157    25.5169    1539.22    154.063    154.199         32 0.0000e+00
      23226    967.690    127.128    128.000    20.9922    20.9931   5.066126   5.066434     2.3785     1.9982     100.00   26.05875  -94.19666   -0.01609   -0.01385     3.5050     3.5153    20.9675    20.9685    36.3494    36.3511    25.5306    25.5316    1539.13    152.637    153.083         34 0.0000e+00
      23259    969.078    128.121    129.000    20.9618    20.9631   5.064286   5.064611     2.3644     1.9860      87.11   26.05876  -94.19666   -0.01222   -0.00969     3.4776     3.4889    20.9370    20.9383    36.3601    36.3616    25.5471    25.5478    1539.04    151.439    151.933         33 0.0000e+00
      23291    970.420    129.113    130.000    20.9968    20.9962   5.072523   5.072558     2.3554     1.9782      69.53   26.05874  -94.19666   -0.01012   -0.00832     3.4558     3.4684    20.9717    20.9712    36.3965    36.3972    25.5652    25.5660    1538.95    150.489    151.040         32 0.0000e+00
      23324    971.791    130.106    131.000    21.0180    21.0189   5.076610   5.076897     2.3558     1.9809      99.99   26.05875  -94.19666   -0.00575   -0.00469     3.4555     3.4733    20.9927    20.9936    36.4110    36.4125    25.5706    25.5715    1538.87    150.476    151.250         33 0.0000e+00
      23357    973.164    131.099    132.000    20.8423    20.8450   5.055335   5.055891     2.3468     1.9723     100.00   26.05874  -94.19666   -0.00253   -0.00115     3.4490     3.4651    20.8170    20.8197    36.3887    36.3909    25.6016    25.6025    1538.78    150.186    150.890         32 0.0000e+00
      23388    974.462    132.092    133.000    20.7553    20.7563   5.046354   5.046660     2.3237     1.9443     100.00   26.05875  -94.19666   -0.00743   -0.00711     3.4057     3.4056    20.7299    20.7309    36.3904    36.3920    25.6265    25.6275    1538.70    148.298    148.293         31 0.0000e+00
      23421    975.823    133.085    134.000    20.7017    20.7025   5.041631   5.041920     2.2823     1.9079     100.00   26.05874  -94.19666   -0.01981   -0.02061     3.3204     3.3237    20.6761    20.6769    36.3896    36.3912    25.6406    25.6416    1538.62    144.583    144.725         34 0.0000e+00
      23455    977.250    134.078    135.000    20.6995    20.7001   5.041659   5.041882     2.2703     1.8993     100.00   26.05874  -94.19666   -0.02009   -0.01858     3.2970     3.3049    20.6737    20.6743    36.3991    36.4004    25.6485    25.6493    1538.53    143.562    143.905         34 0.0000e+00
      23488    978.609    135.071    136.000    20.7017    20.7025   5.043804   5.044043     2.2657     1.8953     100.00   26.05874  -94.19666   -0.01145   -0.00859     3.2871     3.2955    20.6758    20.6765    36.4141    36.4154    25.6593    25.6601    1538.44    143.130    143.497         32 0.0000e+00
      23519    979.926    136.063    137.000    20.7059    20.7067   5.046491   5.046708     2.2632     1.8949     100.00   26.05874  -94.19666   -0.00461   -0.00339     3.2817     3.2943    20.6798    20.6805    36.4320    36.4331    25.6719    25.6725    1538.36    142.892    143.442         31 0.0000e+00
      23551    981.255    137.056    138.000    20.6031    20.6059   5.035634   5.036163     2.2536     1.8855     100.00   26.05874  -94.19666   -0.00308   -0.00210     3.2681     3.2788    20.5769    20.5796    36.4316    36.4335    25.6994    25.7002    1538.28    142.296    142.763         33 0.0000e+00
      23584    982.627    138.049    139.000    20.4490    20.4502   5.020251   5.020575     2.2285     1.8568     100.00   26.05874  -94.19666   -0.00762   -0.00723     3.2237     3.2203    20.4227    20.4239    36.4384    36.4400    25.7463    25.7472    1538.19    140.359    140.210         34 0.0000e+00
      23618    984.055    139.042    140.000    20.3919    20.3927   5.014015   5.014288     2.1671     1.7994     100.00   26.05874  -94.19666   -0.02409   -0.02491     3.0978     3.0905    20.3655    20.3663    36.4362    36.4378    25.7601    25.7610    1538.11    134.874    134.557         34 0.0000e+00
      23651    985.417    140.035    141.000    20.3761    20.3756   5.014789   5.014744     2.1502     1.7896     100.00   26.05874  -94.19666   -0.02790   -0.02593     3.0620     3.0678    20.3495    20.3490    36.4558    36.4559    25.7793    25.7794    1538.03    133.312    133.565         31 0.0000e+00
      23682    986.715    141.028    142.000    20.5007    20.5052   5.039441   5.040321     2.1402     1.7824     100.00   26.05874  -94.19666   -0.01894   -0.01463     3.0320     3.0423    20.4737    20.4783    36.5494    36.5526    25.8172    25.8184    1537.94    132.000    132.450         31 0.0000e+00
      23715    988.064    142.020    143.000    20.3438    20.3449   5.021312   5.021645     2.1358     1.7812     100.00   26.05874  -94.19666   -0.00813   -0.00496     3.0303     3.0474    20.3168    20.3179    36.5363    36.5381    25.8495    25.8505    1537.87    131.923    132.667         34 0.0000e+00
      23747    989.431    143.013    144.000    20.2798    20.2814   5.013603   5.014009     2.1204     1.7658     100.00   26.05874  -94.19666   -0.00607   -0.00442     3.0038     3.0169    20.2527    20.2543    36.5283    36.5302    25.8606    25.8616    1537.79    130.766    131.337         32 0.0000e+00
      23780    990.793    144.006    145.000    20.2192    20.2206   5.006480   5.006849     2.1013     1.7468     100.00   26.05874  -94.19666   -0.00991   -0.00883     2.9667     2.9760    20.1919    20.1933    36.5219    36.5238    25.8720    25.8730    1537.71    129.153    129.558         33 0.0000e+00
      23814    992.203    144.999    146.000    20.1434    20.1447   4.996863   4.997209     2.0803     1.7258      82.34   26.05874  -94.19666   -0.01399   -0.01395     2.9267     2.9311    20.1160    20.1174    36.5083    36.5099    25.8818    25.8828    1537.62    127.407    127.602         34 0.0000e+00
      23846    993.546    145.992    147.000    20.1021    20.1032   4.991657   4.991963     2.0597     1.7080      74.58   26.05874  -94.19666   -0.01487   -0.01437     2.8850     2.8917    20.0746    20.0757    36.5009    36.5024    25.8872    25.8881    1537.55    125.595    125.886         31 0.0000e+00
      23878    994.864    146.984    148.000    20.0472    20.0484   4.986004   4.986297     2.0418     1.6913      99.79   26.05874  -94.19666   -0.01480   -0.01362     2.8499     2.8555    20.0196    20.0207    36.5016    36.5030    25.9024    25.9032    1537.47    124.065    124.308         33 0.0000e+00
      23912    996.286    147.977    149.000    20.0040    20.0050   4.981999   4.982277     2.0219     1.6713     100.00   26.05874  -94.19666   -0.01408   -0.01312     2.8098     2.8105    19.9762    19.9772    36.5057    36.5071    25.9172    25.9179    1537.38    122.314    122.348         35 0.0000e+00
      23945    997.678    148.970    150.000    19.9680    19.9687   4.978704   4.978940     2.0039     1.6564     100.00   26.05874  -94.19666   -0.01372   -0.01304     2.7732     2.7774    19.9400    19.9408    36.5095    36.5108    25.9296    25.9304    1537.31    120.720    120.906         31 0.0000e+00
      23976    998.950    149.963    151.000    19.9468    19.9468   4.976610   4.976788     1.9910     1.6456     100.00   26.05874  -94.19666   -0.01272   -0.01129     2.7467     2.7532    19.9188    19.9188    36.5102    36.5117    25.9358    25.9369    1537.23    119.567    119.849         31 0.0000e+00
      24008   1000.289    150.955    152.000    19.9215    19.9224   4.974096   4.974363     1.9814     1.6389     100.00   26.05874  -94.19666   -0.01023   -0.00799     2.7278     2.7390    19.8933    19.8942    36.5111    36.5125    25.9432    25.9441    1537.15    118.741    119.229         34 0.0000e+00
      24043   1001.734    151.948    153.000    19.8731    19.8745   4.968993   4.969316     1.9743     1.6334     100.00   26.05874  -94.19668   -0.00721   -0.00544     2.7152     2.7287    19.8447    19.8461    36.5107    36.5121    25.9558    25.9565    1537.07    118.194    118.782         34 0.0000e+00
      24075   1003.080    152.941    154.000    19.8119    19.8129   4.962568   4.962834     1.9672     1.6265     100.00   26.05874  -94.19668   -0.00547   -0.00432     2.7034     2.7158    19.7834    19.7843    36.5104    36.5118    25.9718    25.9726    1537.00    117.678    118.215         31 0.0000e+00
      24106   1004.391    153.933    155.000    19.7798    19.7810   4.959347   4.959637     1.9613     1.6203      98.58   26.05874  -94.19668   -0.00496   -0.00461     2.6927     2.7028    19.7512    19.7523    36.5113    36.5128    25.9810    25.9818    1536.92    117.211    117.652         32 0.0000e+00
      24139   1005.765    154.926    156.000    19.7134    19.7146   4.952247   4.952553     1.9550     1.6153      99.11   26.05874  -94.19668   -0.00478   -0.00468     2.6829     2.6947    19.6846    19.6858    36.5101    36.5115    25.9976    25.9984    1536.84    116.782    117.294         34 0.0000e+00
      24173   1007.160    155.919    157.000    19.6398    19.6412   4.944713   4.945032     1.9480     1.6102     100.00   26.05874  -94.19668   -0.00457   -0.00385     2.6720     2.6865    19.6109    19.6123    36.5114    36.5129    26.0180    26.0188    1536.76    116.308    116.935         33 0.0000e+00
      24206   1008.524    156.912    158.000    19.6130    19.6140   4.942314   4.942584     1.9398     1.6030     100.00   26.05873  -94.19668   -0.00515   -0.00394     2.6559     2.6709    19.5839    19.5850    36.5145    36.5159    26.0275    26.0282    1536.69    115.602    116.255         32 0.0000e+00
      24237   1009.844    157.905    159.000    19.5948    19.5960   4.940498   4.940786     1.9334     1.5968      99.24   26.05873  -94.19668   -0.00558   -0.00482     2.6431     2.6573    19.5656    19.5667    36.5149    36.5163    26.0326    26.0334    1536.62    115.044    115.665         32 0.0000e+00
      24271   1011.237    158.897    160.000    19.5527    19.5544   4.936234   4.936567     1.9282     1.5928      80.96   26.05872  -94.19668   -0.00490   -0.00441     2.6343     2.6502    19.5234    19.5251    36.5159    36.5172    26.0444    26.0449    1536.54    114.662    115.355         35 0.0000e+00
      24305   1012.674    159.890    161.000    19.5049    19.5066   4.931218   4.931567     1.9234     1.5879     100.09   26.05872  -94.19668   -0.00379   -0.00335     2.6267     2.6411    19.4754    19.4771    36.5156    36.5170    26.0567    26.0574    1536.46    114.332    114.957         33 0.0000e+00
      24364   1015.122    161.876    163.000    19.4350    19.4360   4.923437   4.923706     1.9125     1.5786      99.99   26.05649  -94.18863   -0.00397   -0.00359     2.6073     2.6230    19.4052    19.4063    36.5101    36.5114    26.0706    26.0714    1536.18    113.482    114.167         31 0.0000e+00
      24400   1016.623    162.868    164.000    19.4284    19.4292   4.922992   4.923206     1.9095     1.5761     100.00   26.05872  -94.19668   -0.00376   -0.00323     2.6012     2.6175    19.3985    19.3993    36.5128    36.5139    26.0747    26.0754    1536.24    113.218    113.929         37 0.0000e+00
