GOMECC/GOMECC-4/1db/drb2103_0141.cnv
* Sea-Bird SBE 9 Data File:
* FileName = C:\Users\scs.user.rb\CTD\GOMECC4\data\rb2103_0141.hex
* Software Version Seasave V 7.26.7.107
* Temperature SN = 4799
* Conductivity SN = 3860
* Number of Bytes Per Scan = 41
* Number of Voltage Words = 4
* Number of Scans Averaged by the Deck Unit = 1
* NMEA Latitude = 27 06.71 N
* NMEA Longitude = 084 20.03 W
* NMEA UTC (Time) = Sep 18 2021  23:46:35
* NMEA baud rate = 4800
# nquan = 28
# nvalues = 114                         
# units = specified
# name 0 = scan: Scan Count
# name 1 = timeS: Time, Elapsed [seconds]
# name 2 = depSM: Depth [salt water, m]
# name 3 = prDM: Pressure, Digiquartz [db]
# name 4 = t090C: Temperature [ITS-90, deg C]
# name 5 = t190C: Temperature, 2 [ITS-90, deg C]
# name 6 = c0S/m: Conductivity [S/m]
# name 7 = c1S/m: Conductivity, 2 [S/m]
# name 8 = sbeox0V: Oxygen raw, SBE 43 [V]
# name 9 = sbeox1V: Oxygen raw, SBE 43, 2 [V]
# name 10 = altM: Altimeter [m]
# name 11 = latitude: Latitude [deg]
# name 12 = longitude: Longitude [deg]
# name 13 = sbox0dV/dT: Oxygen, SBE 43 [dov/dt]
# name 14 = sbox1dV/dT: Oxygen, SBE 43, 2 [dov/dt]
# name 15 = sbeox0ML/L: Oxygen, SBE 43 [ml/l], WS = 5
# name 16 = sbeox1ML/L: Oxygen, SBE 43, 2 [ml/l], WS = 5
# name 17 = potemp090C: Potential Temperature [ITS-90, deg C]
# name 18 = potemp190C: Potential Temperature, 2 [ITS-90, deg C]
# name 19 = sal00: Salinity, Practical [PSU]
# name 20 = sal11: Salinity, Practical, 2 [PSU]
# name 21 = sigma-é00: Density [sigma-theta, kg/m^3]
# name 22 = sigma-é11: Density, 2 [sigma-theta, kg/m^3]
# name 23 = avgsvCM: Average Sound Velocity [Chen-Millero, m/s], minP = 20, minS = 20
# name 24 = sbox0Mm/Kg: Oxygen, SBE 43 [umol/kg], WS = 5
# name 25 = sbox1Mm/Kg: Oxygen, SBE 43, 2 [umol/kg], WS = 5
# name 26 = nbin: number of scans per bin
# name 27 = flag: flag
# span 0 =      10384,      16392       
# span 1 =    432.624,    682.943       
# span 2 =      4.967,    124.139       
# span 3 =      5.000,    125.000       
# span 4 =    16.6554,    29.1540       
# span 5 =    16.6667,    29.1549       
# span 6 =   4.598172,   5.858208       
# span 7 =   4.599645,   5.858592       
# span 8 =     1.8541,     3.2790       
# span 9 =     1.5383,     2.8078       
# span 10 =      10.39,     100.28      
# span 11 =   27.10345,   27.11203      
# span 12 =  -84.33354,  -84.30671      
# span 13 =   -0.04444,    0.00895      
# span 14 =   -0.04270,    0.00886      
# span 15 =     2.6176,     4.8872      
# span 16 =     2.6580,     4.9175      
# span 17 =    16.6349,    29.1459      
# span 18 =    16.6463,    29.1468      
# span 19 =    34.9851,    36.5817      
# span 20 =    34.9865,    36.5829      
# span 21 =    22.0360,    26.5294      
# span 22 =    22.0376,    26.5288      
# span 23 =       0.00,    1544.05      
# span 24 =    113.879,    213.150      
# span 25 =    115.636,    214.471      
# span 26 =         30,         65      
# span 27 = 0.0000e+00, 0.0000e+00      
# interval = decibars: 1                
# start_time = Sep 18 2021 23:46:35 [NMEA time, header]
# bad_flag = -9.990e-29
*END*
[from data line 104]
      14986    624.373    115.204    116.000    17.9645    17.9659   4.749637   4.749882     1.9665     1.6364      19.75   27.11202  -84.33336   -0.00886   -0.00515     2.7940     2.8265    17.9444    17.9459    36.3566    36.3574    26.3254    26.3257    1532.83    121.578    122.993         31 0.0000e+00
      15018    625.722    116.197    117.000    17.9008    17.9047   4.742323   4.742803     1.9618     1.6323      18.61   27.11202  -84.33335   -0.00521   -0.00283     2.7876     2.8202    17.8806    17.8845    36.3501    36.3508    26.3362    26.3358    1532.71    121.299    122.719         34 0.0000e+00
      15053    627.150    117.190    118.000    17.6811    17.6887   4.716932   4.717689     1.9548     1.6269      17.71   27.11202  -84.33335   -0.00405   -0.00305     2.7853     2.8196    17.6610    17.6686    36.3268    36.3265    26.3725    26.3704    1532.59    121.194    122.689         35 0.0000e+00
      15091    628.756    118.182    119.000    17.3983    17.3986   4.684322   4.684223     1.9439     1.6173      16.68   27.11202  -84.33334   -0.00522   -0.00442     2.7776     2.8122    17.3782    17.3785    36.2969    36.2957    26.4187    26.4177    1532.46    120.856    122.360         37 0.0000e+00
      15148    631.138    119.175    120.000    17.2532    17.2540   4.667588   4.667872     1.9285     1.6011      15.47   27.11202  -84.33334   -0.00724   -0.00701     2.7516     2.7811    17.2331    17.2338    36.2811    36.2829    26.4419    26.4431    1532.34    119.721    121.002         35 0.0000e+00
      15253    635.509    120.168    121.000    17.1257    17.1367   4.652939   4.654222     1.9150     1.5911      14.49   27.11202  -84.33334   -0.00331   -0.00281     2.7287     2.7629    17.1055    17.1165    36.2673    36.2686    26.4621    26.4604    1532.22    118.721    120.210         64 0.0000e+00
      15345    639.319    121.161    122.000    16.9066    16.9283   4.627321   4.629769     1.8974     1.5763      13.45   27.11202  -84.33334   -0.00439   -0.00368     2.7016     2.7380    16.8864    16.9081    36.2397    36.2416    26.4934    26.4896    1532.08    117.538    119.122         31 0.0000e+00
      15433    643.011    122.154    123.000    16.7428    16.7642   4.608228   4.610842     1.8791     1.5597      12.46   27.11203  -84.33334   -0.00525   -0.00443     2.6667     2.7048    16.7225    16.7441    36.2192    36.2235    26.5167    26.5151    1531.94    116.019    117.676         65 0.0000e+00
      15522    646.706    123.147    124.000    16.6974    16.7026   4.603174   4.603776     1.8652     1.5467      11.49   27.11202  -84.33334   -0.00393   -0.00374     2.6406     2.6768    16.6771    16.6823    36.2152    36.2158    26.5244    26.5236    1531.81    114.884    116.459         47 0.0000e+00
      16392    682.943    124.139    125.000    16.6554    16.6667   4.598172   4.599645     1.8541     1.5383      10.39   27.11203  -84.33331   -0.00112   -0.00067     2.6176     2.6580    16.6349    16.6463    36.2087    36.2114    26.5294    26.5288    1531.65    113.879    115.636         31 0.0000e+00
