GOMECC/GOMECC-4/1db/drb2103_0361.cnv
* Sea-Bird SBE 9 Data File:
* FileName = C:\Users\scs.user.rb\CTD\GOMECC4\data\rb2103_0361.hex
* Software Version Seasave V 7.26.7.107
* Temperature SN = 4799
* Conductivity SN = 3860
* Number of Bytes Per Scan = 41
* Number of Voltage Words = 4
* Number of Scans Averaged by the Deck Unit = 1
* NMEA Latitude = 28 20.83 N
* NMEA Longitude = 087 59.99 W
* NMEA UTC (Time) = Sep 24 2021  17:05:11
* NMEA baud rate = 4800
# nquan = 28
# nvalues = 216                         
# units = specified
# name 0 = scan: Scan Count
# name 1 = timeS: Time, Elapsed [seconds]
# name 2 = depSM: Depth [salt water, m]
# name 3 = prDM: Pressure, Digiquartz [db]
# name 4 = t090C: Temperature [ITS-90, deg C]
# name 5 = t190C: Temperature, 2 [ITS-90, deg C]
# name 6 = c0S/m: Conductivity [S/m]
# name 7 = c1S/m: Conductivity, 2 [S/m]
# name 8 = sbeox0V: Oxygen raw, SBE 43 [V]
# name 9 = sbeox1V: Oxygen raw, SBE 43, 2 [V]
# name 10 = altM: Altimeter [m]
# name 11 = latitude: Latitude [deg]
# name 12 = longitude: Longitude [deg]
# name 13 = sbox0dV/dT: Oxygen, SBE 43 [dov/dt]
# name 14 = sbox1dV/dT: Oxygen, SBE 43, 2 [dov/dt]
# name 15 = sbeox0ML/L: Oxygen, SBE 43 [ml/l], WS = 5
# name 16 = sbeox1ML/L: Oxygen, SBE 43, 2 [ml/l], WS = 5
# name 17 = potemp090C: Potential Temperature [ITS-90, deg C]
# name 18 = potemp190C: Potential Temperature, 2 [ITS-90, deg C]
# name 19 = sal00: Salinity, Practical [PSU]
# name 20 = sal11: Salinity, Practical, 2 [PSU]
# name 21 = sigma-é00: Density [sigma-theta, kg/m^3]
# name 22 = sigma-é11: Density, 2 [sigma-theta, kg/m^3]
# name 23 = avgsvCM: Average Sound Velocity [Chen-Millero, m/s], minP = 20, minS = 20
# name 24 = sbox0Mm/Kg: Oxygen, SBE 43 [umol/kg], WS = 5
# name 25 = sbox1Mm/Kg: Oxygen, SBE 43, 2 [umol/kg], WS = 5
# name 26 = nbin: number of scans per bin
# name 27 = flag: flag
# span 0 =      15093,      78272       
# span 1 =    628.817,   3261.287       
# span 2 =      5.960,   2219.109       
# span 3 =      6.000,   2246.000       
# span 4 =     4.2833,    29.9121       
# span 5 =     4.2839,    29.9143       
# span 6 =   3.343128,   5.869346       
# span 7 =   3.343071,   5.869575       
# span 8 =     1.6290,     3.1051       
# span 9 =     1.3318,     2.6348       
# span 10 =      10.67,     101.79      
# span 11 =   28.34320,   28.34876      
# span 12 =  -88.00544,  -87.98949      
# span 13 =   -0.05802,    0.02357      
# span 14 =   -0.05286,    0.02369      
# span 15 =     2.5403,     4.6872      
# span 16 =     2.5679,     4.7292      
# span 17 =     4.0916,    29.9062      
# span 18 =     4.0926,    29.9084      
# span 19 =    30.4721,    36.5347      
# span 20 =    30.4719,    36.5362      
# span 21 =    19.1799,    27.7567      
# span 22 =    19.1792,    27.7553      
# span 23 =       0.00,    1541.56      
# span 24 =    110.482,    203.679      
# span 25 =    111.680,    205.505      
# span 26 =         30,         82      
# span 27 = 0.0000e+00, 0.0000e+00      
# interval = decibars: 1                
# start_time = Sep 24 2021 17:05:11 [NMEA time, header]
# bad_flag = -9.990e-29
*END*
[from data line 104]
      19994    833.050    110.229    111.000    16.7655    16.7654   4.610030   4.610051     1.8683     1.5426     100.00   28.34644  -87.99982   -0.00205   -0.00199     2.6393     2.6587    16.7472    16.7471    36.2193    36.2196    26.5109    26.5112    1530.59    114.827    115.672         34 0.0000e+00
      20030    834.522    111.222    112.000    16.6706    16.6687   4.598970   4.598690     1.8656     1.5405     100.00   28.34644  -87.99982   -0.00199   -0.00204     2.6390     2.6592    16.6523    16.6503    36.2071    36.2064    26.5241    26.5240    1530.45    114.811    115.691         35 0.0000e+00
      20063    835.909    112.215    113.000    16.5131    16.5125   4.581059   4.580997     1.8621     1.5383     100.00   28.34644  -87.99982   -0.00197   -0.00175     2.6401     2.6623    16.4947    16.4941    36.1909    36.1909    26.5488    26.5490    1530.31    114.858    115.825         32 0.0000e+00
      20095    837.244    113.208    114.000    16.4632    16.4622   4.575262   4.575139     1.8609     1.5401     100.00   28.34644  -87.99982   -0.00202   -0.00087     2.6406     2.6702    16.4447    16.4437    36.1843    36.1841    26.5555    26.5556    1530.17    114.880    116.166         34 0.0000e+00
      20131    838.746    114.200    115.000    16.3656    16.3631   4.563874   4.563569     1.8604     1.5403      83.76   28.34644  -87.99982   -0.00110    0.00045     2.6456     2.6765    16.3470    16.3445    36.1714    36.1709    26.5685    26.5687    1530.03    115.094    116.437         37 0.0000e+00
      20166    840.189    115.193    116.000    16.2224    16.2235   4.547057   4.547189     1.8577     1.5387     100.01   28.34644  -87.99982   -0.00073    0.00004     2.6478     2.6805    16.2038    16.2049    36.1514    36.1515    26.5865    26.5863    1529.89    115.189    116.610         32 0.0000e+00
      20196    841.478    116.186    117.000    16.1630    16.1638   4.540071   4.540209     1.8560     1.5355     100.00   28.34645  -87.99982   -0.00145   -0.00119     2.6477     2.6759    16.1442    16.1451    36.1427    36.1432    26.5936    26.5938    1529.75    115.182    116.411         30 0.0000e+00
      20229    842.817    117.179    118.000    16.1515    16.1509   4.538776   4.538740     1.8544     1.5337      85.28   28.34646  -87.99982   -0.00145   -0.00181     2.6451     2.6727    16.1326    16.1320    36.1412    36.1414    26.5952    26.5955    1529.61    115.070    116.271         34 0.0000e+00
      20264    844.291    118.172    119.000    16.1173    16.1158   4.534766   4.534629     1.8519     1.5323      70.84   28.34646  -87.99984   -0.00132   -0.00149     2.6417     2.6715    16.0982    16.0967    36.1361    36.1363    26.5992    26.5997    1529.47    114.920    116.217         36 0.0000e+00
      20298    845.727    119.164    120.000    16.0796    16.0842   4.530177   4.530665     1.8500     1.5293     100.37   28.34646  -87.99984   -0.00151   -0.00128     2.6402     2.6668    16.0604    16.0651    36.1298    36.1307    26.6031    26.6027    1529.34    114.854    116.014         33 0.0000e+00
      20330    847.046    120.157    121.000    15.9456    15.9436   4.514699   4.514376     1.8464     1.5263     100.00   28.34646  -87.99984   -0.00169   -0.00189     2.6395     2.6664    15.9264    15.9244    36.1121    36.1110    26.6204    26.6200    1529.20    114.824    115.993         32 0.0000e+00
      20364    848.446    121.150    122.000    15.8772    15.8770   4.506659   4.506658     1.8414     1.5214     100.00   28.34646  -87.99984   -0.00259   -0.00255     2.6320     2.6578    15.8579    15.8577    36.1019    36.1021    26.6284    26.6285    1529.07    114.496    115.619         35 0.0000e+00
      20398    849.886    122.142    123.000    15.8297    15.8299   4.501156   4.501199     1.8370     1.5172     100.00   28.34646  -87.99984   -0.00335   -0.00310     2.6249     2.6500    15.8103    15.8105    36.0954    36.0956    26.6343    26.6344    1528.93    114.185    115.279         34 0.0000e+00
      20432    851.292    123.135    124.000    15.7894    15.7899   4.496417   4.496471     1.8336     1.5129     100.00   28.34646  -87.99984   -0.00301   -0.00316     2.6194     2.6417    15.7699    15.7703    36.0892    36.0893    26.6387    26.6387    1528.80    113.949    114.918         33 0.0000e+00
      20465    852.647    124.128    125.000    15.7608    15.7617   4.493121   4.493248     1.8307     1.5094     100.00   28.34646  -87.99984   -0.00244   -0.00283     2.6148     2.6346    15.7411    15.7420    36.0852    36.0856    26.6422    26.6423    1528.66    113.745    114.609         32 0.0000e+00
      20497    854.021    125.121    126.000    15.7493    15.7509   4.491822   4.492062     1.8280     1.5080     100.00   28.34646  -87.99984   -0.00215   -0.00234     2.6093     2.6317    15.7294    15.7311    36.0837    36.0844    26.6437    26.6439    1528.53    113.506    114.484         35 0.0000e+00
      20533    855.516    126.113    127.000    15.7430    15.7446   4.491164   4.491390     1.8250     1.5074      98.61   28.34646  -87.99984   -0.00208   -0.00114     2.6030     2.6310    15.7230    15.7246    36.0831    36.0837    26.6448    26.6448    1528.41    113.235    114.449         35 0.0000e+00
      20567    856.900    127.106    128.000    15.7368    15.7381   4.490517   4.490700     1.8239     1.5058     100.00   28.34646  -87.99984   -0.00170   -0.00066     2.6011     2.6276    15.7167    15.7180    36.0825    36.0830    26.6457    26.6458    1528.27    113.151    114.302         32 0.0000e+00
      20598    858.206    128.099    129.000    15.7152    15.7159   4.488195   4.488322     1.8223     1.5044     100.00   28.34648  -87.99986   -0.00112   -0.00093     2.5990     2.6254    15.6949    15.6956    36.0786    36.0789    26.6477    26.6478    1528.15    113.057    114.209         32 0.0000e+00
      20632    859.626    129.091    130.000    15.6780    15.6828   4.483462   4.484042     1.8198     1.5015     100.00   28.34648  -87.99986   -0.00122   -0.00138     2.5955     2.6203    15.6576    15.6623    36.0719    36.0727    26.6510    26.6506    1528.03    112.908    113.985         35 0.0000e+00
      20667    861.066    130.084    131.000    15.5653    15.5647   4.470325   4.470220     1.8156     1.4972      91.71   28.34648  -87.99986   -0.00195   -0.00198     2.5925     2.6162    15.5448    15.5442    36.0560    36.0556    26.6644    26.6643    1527.90    112.774    113.804         34 0.0000e+00
      20701    862.499    131.077    132.000    15.5299    15.5305   4.466216   4.466302     1.8098     1.4911      94.03   28.34648  -87.99986   -0.00301   -0.00320     2.5812     2.6026    15.5093    15.5099    36.0509    36.0511    26.6685    26.6685    1527.78    112.281    113.214         35 0.0000e+00
      20736    863.943    132.069    133.000    15.4992    15.4995   4.462553   4.462577     1.8064     1.4884      96.31   28.34648  -87.99986   -0.00347   -0.00348     2.5750     2.5975    15.4785    15.4788    36.0454    36.0454    26.6713    26.6711    1527.66    112.012    112.992         34 0.0000e+00
      20769    865.331    133.062    134.000    15.4206    15.4205   4.453341   4.453294     1.8029     1.4863      95.63   28.34648  -87.99986   -0.00277   -0.00229     2.5717     2.5968    15.3998    15.3997    36.0336    36.0332    26.6799    26.6796    1527.54    111.869    112.959         33 0.0000e+00
      20802    866.711    134.055    135.000    15.3789    15.3798   4.448513   4.448658     1.8010     1.4856      94.57   28.34648  -87.99986   -0.00218   -0.00138     2.5699     2.5977    15.3579    15.3588    36.0277    36.0282    26.6848    26.6849    1527.42    111.788    112.997         33 0.0000e+00
      20835    868.094    135.047    136.000    15.3668    15.3671   4.447167   4.447209     1.8013     1.4860      75.93   28.34648  -87.99986   -0.00130   -0.00053     2.5716     2.5996    15.3457    15.3460    36.0261    36.0262    26.6863    26.6863    1527.29    111.862    113.080         33 0.0000e+00
      20868    869.472    136.040    137.000    15.3302    15.3306   4.442954   4.443006     1.8012     1.4871     100.24   28.34648  -87.99986   -0.00019    0.00031     2.5739     2.6049    15.3090    15.3094    36.0210    36.0212    26.6906    26.6906    1527.18    111.962    113.312         33 0.0000e+00
      20902    870.860    137.033    138.000    15.3088    15.3097   4.440494   4.440595     1.8023     1.4881     100.00   28.34648  -87.99986    0.00023    0.00062     2.5780     2.6090    15.2875    15.2883    36.0179    36.0181    26.6930    26.6930    1527.06    112.140    113.489         34 0.0000e+00
      20936    872.302    138.025    139.000    15.2799    15.2807   4.437161   4.437263     1.8040     1.4894     100.00   28.34648  -87.99986    0.00073    0.00081     2.5841     2.6143    15.2585    15.2593    36.0137    36.0140    26.6963    26.6963    1526.94    112.407    113.718         35 0.0000e+00
      20971    873.752    139.018    140.000    15.2638    15.2645   4.435302   4.435397     1.8059     1.4907     100.00   28.34648  -87.99986    0.00116    0.00087     2.5898     2.6191    15.2422    15.2429    36.0112    36.0114    26.6980    26.6980    1526.83    112.654    113.928         35 0.0000e+00
      21006    875.197    140.011    141.000    15.2340    15.2348   4.431848   4.431950     1.8074     1.4937     100.00   28.34648  -87.99986    0.00116    0.00118     2.5955     2.6289    15.2122    15.2131    36.0068    36.0069    26.7013    26.7012    1526.71    112.902    114.352         34 0.0000e+00
      21038    876.530    141.003    142.000    15.2039    15.2044   4.428332   4.428378     1.8085     1.4950     100.00   28.34648  -87.99986    0.00110    0.00162     2.6002     2.6344    15.1821    15.1826    36.0020    36.0020    26.7043    26.7042    1526.60    113.103    114.592         30 0.0000e+00
      21068    877.782    141.996    143.000    15.1776    15.1786   4.425276   4.425363     1.8087     1.4942     100.00   28.34648  -87.99987    0.00072    0.00101     2.6026     2.6340    15.1557    15.1566    35.9979    35.9978    26.7071    26.7068    1526.49    113.208    114.576         31 0.0000e+00
      21103    879.234    142.988    144.000    15.1525    15.1531   4.422355   4.422409     1.8097     1.4937     100.00   28.34648  -87.99988    0.00049   -0.00022     2.6068     2.6344    15.1304    15.1309    35.9939    35.9939    26.7096    26.7096    1526.38    113.392    114.594         39 0.0000e+00
      21142    880.859    143.981    145.000    15.1215    15.1211   4.418712   4.418658     1.8107     1.4945     100.00   28.34648  -87.99988    0.00066   -0.00008     2.6115     2.6387    15.0993    15.0989    35.9888    35.9887    26.7126    26.7126    1526.27    113.594    114.780         36 0.0000e+00
      21200    883.303    145.967    147.000    15.0685    15.0694   4.412364   4.412475     1.8110     1.4928      99.99   28.34351  -87.99059    0.00021   -0.00041     2.6160     2.6379    15.0460    15.0469    35.9778    35.9780    26.7157    26.7157    1525.89    113.789    114.745         32 0.0000e+00
      21238    884.881    146.959    148.000    15.0665    15.0672   4.412434   4.412535     1.8115     1.4947     100.00   28.34650  -87.99988    0.00026   -0.00000     2.6177     2.6434    15.0438    15.0446    35.9809    35.9811    26.7189    26.7189    1525.95    113.863    114.981         40 0.0000e+00
      21276    886.447    147.952    149.000    15.0400    15.0413   4.409327   4.409476     1.8115     1.4954     100.00   28.34650  -87.99988    0.00024    0.00085     2.6195     2.6469    15.0173    15.0185    35.9765    35.9767    26.7213    26.7212    1525.84    113.943    115.134         33 0.0000e+00
      21307    887.751    148.944    150.000    15.0184    15.0194   4.406745   4.406833     1.8109     1.4944     100.00   28.34650  -87.99988   -0.00011    0.00029     2.6196     2.6459    14.9955    14.9965    35.9724    35.9722    26.7230    26.7226    1525.74    113.946    115.089         31 0.0000e+00
      21339    889.070    149.937    151.000    14.9597    14.9593   4.399933   4.399835     1.8093     1.4924     100.00   28.34650  -87.99988   -0.00051   -0.00061     2.6197     2.6446    14.9368    14.9364    35.9636    35.9631    26.7292    26.7289    1525.63    113.949    115.031         33 0.0000e+00
      21373    890.490    150.930    152.000    14.8741    14.8739   4.389976   4.389917     1.8062     1.4875      81.61   28.34650  -87.99988   -0.00123   -0.00176     2.6176     2.6369    14.8510    14.8509    35.9509    35.9505    26.7384    26.7381    1525.53    113.857    114.698         34 0.0000e+00
      21407    891.921    151.922    153.000    14.8314    14.8315   4.384956   4.384966     1.8016     1.4831      99.95   28.34651  -87.99988   -0.00228   -0.00301     2.6094     2.6280    14.8082    14.8083    35.9439    35.9439    26.7423    26.7423    1525.43    113.499    114.307         35 0.0000e+00
      21442    893.359    152.915    154.000    14.7926    14.7931   4.380406   4.380443     1.7980     1.4808     100.00   28.34652  -87.99988   -0.00288   -0.00288     2.6033     2.6245    14.7693    14.7699    35.9374    35.9373    26.7459    26.7456    1525.32    113.236    114.158         34 0.0000e+00
      21475    894.733    153.908    155.000    14.7415    14.7413   4.374417   4.374353     1.7944     1.4781     100.00   28.34652  -87.99988   -0.00272   -0.00198     2.5979     2.6208    14.7182    14.7179    35.9291    35.9288    26.7507    26.7504    1525.22    113.000    113.995         32 0.0000e+00
      21507    896.098    154.900    156.000    14.6932    14.6934   4.368772   4.368770     1.7899     1.4749      83.86   28.34652  -87.99988   -0.00270   -0.00183     2.5904     2.6153    14.6698    14.6700    35.9213    35.9212    26.7552    26.7551    1525.12    112.673    113.755         34 0.0000e+00
      21541    897.507    155.892    157.000    14.6724    14.6717   4.366343   4.366286     1.7850     1.4695      89.68   28.34652  -87.99988   -0.00316   -0.00263     2.5801     2.6027    14.6488    14.6481    35.9178    35.9179    26.7571    26.7573    1525.02    112.225    113.207         33 0.0000e+00
      21574    898.890    156.885    158.000    14.6399    14.6405   4.362584   4.362618     1.7809     1.4662      99.96   28.34652  -87.99988   -0.00337   -0.00322     2.5723     2.5960    14.6162    14.6168    35.9128    35.9126    26.7603    26.7600    1524.91    111.886    112.914         34 0.0000e+00
      21608    900.298    157.878    159.000    14.6097    14.6087   4.359075   4.358937     1.7780     1.4646     100.00   28.34652  -87.99988   -0.00287   -0.00245     2.5675     2.5940    14.5859    14.5849    35.9079    35.9076    26.7632    26.7632    1524.82    111.674    112.827         34 0.0000e+00
      21643    901.755    158.870    160.000    14.5774    14.5780   4.355346   4.355409     1.7758     1.4619     100.00   28.34652  -87.99988   -0.00207   -0.00154     2.5644     2.5889    14.5535    14.5541    35.9030    35.9030    26.7664    26.7663    1524.72    111.539    112.604         35 0.0000e+00
      21678    903.190    159.863    161.000    14.5476    14.5480   4.351901   4.351920     1.7735     1.4600     100.00   28.34652  -87.99988   -0.00164   -0.00153     2.5607     2.5858    14.5236    14.5240    35.8983    35.8981    26.7693    26.7691    1524.62    111.378    112.469         33 0.0000e+00
      21710    904.545    160.855    162.000    14.4884    14.4881   4.345068   4.344922     1.7711     1.4586     100.00   28.34652  -87.99988   -0.00162   -0.00138     2.5585     2.5855    14.4642    14.4640    35.8888    35.8885    26.7748    26.7746    1524.51    111.282    112.460         32 0.0000e+00
