GOMECC/GOMECC-4/1db/drb2103_1051.cnv
* Sea-Bird SBE 9 Data File:
* FileName = C:\Users\scs.user.rb\CTD\GOMECC4\data\rb2103_1051.hex
* Software Version Seasave V 7.26.7.107
* Temperature SN = 4799
* Conductivity SN = 3860
* Number of Bytes Per Scan = 41
* Number of Voltage Words = 4
* Number of Scans Averaged by the Deck Unit = 1
* NMEA Latitude = 25 29.58 N
* NMEA Longitude = 087 59.90 W
* NMEA UTC (Time) = Oct 13 2021  14:16:10
* NMEA baud rate = 4800
# nquan = 28
# nvalues = 295                         
# units = specified
# name 0 = scan: Scan Count
# name 1 = timeS: Time, Elapsed [seconds]
# name 2 = depSM: Depth [salt water, m]
# name 3 = prDM: Pressure, Digiquartz [db]
# name 4 = t090C: Temperature [ITS-90, deg C]
# name 5 = t190C: Temperature, 2 [ITS-90, deg C]
# name 6 = c0S/m: Conductivity [S/m]
# name 7 = c1S/m: Conductivity, 2 [S/m]
# name 8 = sbeox0V: Oxygen raw, SBE 43 [V]
# name 9 = sbeox1V: Oxygen raw, SBE 43, 2 [V]
# name 10 = altM: Altimeter [m]
# name 11 = latitude: Latitude [deg]
# name 12 = longitude: Longitude [deg]
# name 13 = sbox0dV/dT: Oxygen, SBE 43 [dov/dt]
# name 14 = sbox1dV/dT: Oxygen, SBE 43, 2 [dov/dt]
# name 15 = sbeox0ML/L: Oxygen, SBE 43 [ml/l], WS = 5
# name 16 = sbeox1ML/L: Oxygen, SBE 43, 2 [ml/l], WS = 5
# name 17 = potemp090C: Potential Temperature [ITS-90, deg C]
# name 18 = potemp190C: Potential Temperature, 2 [ITS-90, deg C]
# name 19 = sal00: Salinity, Practical [PSU]
# name 20 = sal11: Salinity, Practical, 2 [PSU]
# name 21 = sigma-é00: Density [sigma-theta, kg/m^3]
# name 22 = sigma-é11: Density, 2 [sigma-theta, kg/m^3]
# name 23 = avgsvCM: Average Sound Velocity [Chen-Millero, m/s], minP = 20, minS = 20
# name 24 = sbox0Mm/Kg: Oxygen, SBE 43 [umol/kg], WS = 5
# name 25 = sbox1Mm/Kg: Oxygen, SBE 43, 2 [umol/kg], WS = 5
# name 26 = nbin: number of scans per bin
# name 27 = flag: flag
# span 0 =       4404,      96437       
# span 1 =    183.454,   4018.154       
# span 2 =      2.981,   3274.761       
# span 3 =      3.000,   3322.000       
# span 4 =     4.3047,    29.4234       
# span 5 =     4.3054,    29.4243       
# span 6 =   3.377471,   5.961955       
# span 7 =   3.377441,   5.962288       
# span 8 =     1.7168,     3.1510       
# span 9 =     1.4042,     2.6706       
# span 10 =       9.74,     100.82      
# span 11 =   25.48954,   25.50130      
# span 12 =  -88.00179,  -87.98389      
# span 13 =   -0.00773,    0.00436      
# span 14 =   -0.00704,    0.00592      
# span 15 =     3.4432,     4.7310      
# span 16 =     3.4564,     4.7274      
# span 17 =     4.0790,    29.4114      
# span 18 =     4.0800,    29.4124      
# span 19 =    34.9731,    37.0071      
# span 20 =    34.9719,    37.0088      
# span 21 =    22.8794,    27.7616      
# span 22 =    22.8802,    27.7605      
# span 23 =       0.00,    1555.11      
# span 24 =    149.907,    205.578      
# span 25 =    150.482,    205.425      
# span 26 =         30,         67      
# span 27 = 0.0000e+00, 0.0000e+00      
# interval = decibars: 1                
# start_time = Oct 13 2021 14:16:10 [NMEA time, header]
# bad_flag = -9.990e-29
*END*
[from data line 208]
      12886    536.869    210.521    212.000    23.1807    23.1807   5.385945   5.386187     2.4567     2.0626     100.00   25.49402  -87.99816   -0.00309   -0.00353     3.5430     3.5468    23.1367    23.1367    36.9962    36.9981    25.4086    25.4100    1543.38    154.310    154.475         33 0.0000e+00
      12918    538.210    211.514    213.000    23.1071    23.1060   5.376970   5.377005     2.4501     2.0578      52.12   25.49404  -87.99816   -0.00384   -0.00372     3.5350     3.5413    23.0630    23.0619    36.9882    36.9894    25.4240    25.4252    1543.34    153.959    154.231         31 0.0000e+00
      12950    539.562    212.506    214.000    22.9609    22.9590   5.360277   5.360252     2.4439     2.0503      74.40   25.49404  -87.99816   -0.00453   -0.00395     3.5327     3.5341    22.9168    22.9149    36.9813    36.9827    25.4613    25.4629    1543.30    153.852    153.914         35 0.0000e+00
      12985    541.019    213.499    215.000    22.8315    22.8307   5.345808   5.345956     2.4375     2.0449      99.96   25.49404  -87.99816   -0.00472   -0.00480     3.5286     3.5306    22.7874    22.7866    36.9774    36.9792    25.4959    25.4975    1543.27    153.667    153.755         34 0.0000e+00
      13018    542.396    214.491    216.000    22.7629    22.7628   5.338213   5.338431     2.4341     2.0418     100.00   25.49404  -87.99816   -0.00395   -0.00366     3.5267     3.5281    22.7187    22.7186    36.9757    36.9775    25.5144    25.5159    1543.23    153.582    153.647         32 0.0000e+00
      13051    543.745    215.484    217.000    22.7030    22.7022   5.331593   5.331733     2.4300     2.0388     100.00   25.49404  -87.99816   -0.00298   -0.00246     3.5228     3.5256    22.6586    22.6579    36.9743    36.9760    25.5307    25.5322    1543.19    153.410    153.533         33 0.0000e+00
      13084    545.122    216.476    218.000    22.6505    22.6504   5.325762   5.325997     2.4244     2.0333     100.00   25.49404  -87.99816   -0.00318   -0.00277     3.5151     3.5169    22.6060    22.6059    36.9728    36.9747    25.5447    25.5462    1543.15    153.074    153.152         33 0.0000e+00
      13117    546.519    217.469    219.000    22.6322    22.6328   5.323845   5.324175     2.4204     2.0311     100.00   25.49405  -87.99817   -0.00355   -0.00294     3.5084     3.5133    22.5876    22.5881    36.9728    36.9749    25.5501    25.5515    1543.10    152.783    152.996         33 0.0000e+00
      13149    547.841    218.461    220.000    22.6233    22.6236   5.322977   5.323260     2.4165     2.0297     100.00   25.49406  -87.99818   -0.00323   -0.00208     3.5014     3.5111    22.5784    22.5788    36.9733    36.9752    25.5530    25.5544    1543.06    152.478    152.898         31 0.0000e+00
      13181    549.160    219.453    221.000    22.6101    22.6105   5.321623   5.321918     2.4145     2.0282     100.00   25.49406  -87.99818   -0.00258   -0.00120     3.4985     3.5090    22.5651    22.5654    36.9735    36.9755    25.5570    25.5585    1543.03    152.351    152.808         33 0.0000e+00
      13216    550.641    220.446    222.000    22.5985    22.5988   5.320431   5.320696     2.4121     2.0275     100.00   25.49406  -87.99818   -0.00188   -0.00096     3.4949     3.5086    22.5532    22.5535    36.9737    36.9755    25.5606    25.5619    1542.99    152.192    152.786         37 0.0000e+00
      13251    552.072    221.439    223.000    22.5804    22.5805   5.318611   5.318842     2.4102     2.0256     100.00   25.49406  -87.99818   -0.00150   -0.00077     3.4926     3.5058    22.5350    22.5351    36.9743    36.9761    25.5663    25.5676    1542.95    152.091    152.665         32 0.0000e+00
      13313    554.654    223.424    225.000    22.5034    22.5022   5.310103   5.310149     2.4078     2.0218      99.99   25.49157  -87.98958   -0.00088   -0.00130     3.4934     3.5023    22.4578    22.4565    36.9710    36.9723    25.5857    25.5870    1542.72    152.122    152.509         37 0.0000e+00
      13351    556.233    224.416    226.000    22.3964    22.3951   5.297517   5.297527     2.4037     2.0173      89.69   25.49406  -87.99818   -0.00138   -0.00182     3.4927     3.4999    22.3507    22.3494    36.9638    36.9649    25.6111    25.6123    1542.83    152.090    152.400         34 0.0000e+00
      13411    558.768    226.401    228.000    22.2441    22.2449   5.279623   5.279909     2.3911     2.0051      99.99   25.49203  -87.99112   -0.00433   -0.00409     3.4777     3.4821    22.1981    22.1989    36.9503    36.9520    25.6441    25.6451    1542.63    151.433    151.623         34 0.0000e+00
      13448    560.292    227.393    229.000    22.2132    22.2141   5.276353   5.276696     2.3874     2.0004     100.00   25.49408  -87.99818   -0.00405   -0.00427     3.4725     3.4740    22.1671    22.1680    36.9517    36.9537    25.6543    25.6555    1542.70    151.205    151.270         36 0.0000e+00
      13481    561.668    228.386    230.000    22.2062    22.2073   5.275643   5.275996     2.3858     2.0006     100.00   25.49408  -87.99818   -0.00278   -0.00292     3.4701     3.4753    22.1600    22.1610    36.9517    36.9536    25.6563    25.6574    1542.67    151.097    151.325         31 0.0000e+00
      13511    562.935    229.378    231.000    22.1402    22.1416   5.267850   5.268155     2.3840     2.0000     100.00   25.49408  -87.99818   -0.00162   -0.00104     3.4704     3.4785    22.0938    22.0952    36.9459    36.9471    25.6707    25.6712    1542.63    151.107    151.460         31 0.0000e+00
      13545    564.324    230.371    232.000    22.0625    22.0626   5.258818   5.259027     2.3790     1.9964     100.00   25.49408  -87.99818   -0.00186   -0.00070     3.4664     3.4756    22.0160    22.0162    36.9404    36.9419    25.6885    25.6897    1542.58    150.933    151.334         35 0.0000e+00
      13582    565.860    231.363    233.000    22.0249    22.0250   5.254457   5.254675     2.3744     1.9933     100.00   25.49408  -87.99818   -0.00312   -0.00221     3.4598     3.4713    21.9783    21.9783    36.9376    36.9392    25.6971    25.6983    1542.55    150.642    151.145         37 0.0000e+00
      13614    567.225    232.355    234.000    21.9835    21.9837   5.249587   5.249813     2.3733     1.9927     100.00   25.49410  -87.99818   -0.00261   -0.00169     3.4607     3.4730    21.9367    21.9370    36.9339    36.9355    25.7060    25.7072    1542.50    150.680    151.219         30 0.0000e+00
      13676    569.795    234.340    236.000    21.9014    21.9016   5.240014   5.240260     2.3679     1.9874      99.99   25.49239  -87.99227   -0.00169   -0.00178     3.4558     3.4669    21.8543    21.8545    36.9265    36.9282    25.7233    25.7246    1542.32    150.465    150.948         37 0.0000e+00
      13713    571.345    235.333    237.000    21.8856    21.8860   5.238421   5.238688     2.3667     1.9862     100.00   25.49410  -87.99818   -0.00173   -0.00150     3.4548     3.4655    21.8384    21.8388    36.9279    36.9296    25.7292    25.7303    1542.38    150.421    150.886         33 0.0000e+00
      13775    573.900    237.317    239.000    21.7748    21.7738   5.224988   5.225033     2.3627     1.9821      99.99   25.49059  -87.98605   -0.00109   -0.00111     3.4549     3.4641    21.7274    21.7263    36.9131    36.9144    25.7486    25.7499    1542.08    150.422    150.823         38 0.0000e+00
      13813    575.512    238.310    240.000    21.6308    21.6327   5.208108   5.208360     2.3585     1.9784     100.00   25.49412  -87.99817   -0.00195   -0.00193     3.4536     3.4635    21.5833    21.5852    36.9019    36.9038    25.7810    25.7819    1542.26    150.363    150.793         34 0.0000e+00
      13844    576.807    239.302    241.000    21.6186    21.6194   5.206498   5.206846     2.3555     1.9756     100.00   25.49412  -87.99817   -0.00258   -0.00249     3.4513     3.4598    21.5710    21.5718    36.9007    36.9028    25.7835    25.7849    1542.21    150.260    150.630         30 0.0000e+00
      13876    578.135    240.294    242.000    21.6029    21.6034   5.204667   5.204944     2.3535     1.9737     100.00   25.49412  -87.99816   -0.00243   -0.00208     3.4484     3.4570    21.5552    21.5556    36.8991    36.9010    25.7867    25.7880    1542.16    150.135    150.510         34 0.0000e+00
      13909    579.504    241.287    243.000    21.5854    21.5857   5.202540   5.202766     2.3508     1.9731     100.00   25.49413  -87.99816   -0.00185   -0.00140     3.4443     3.4571    21.5366    21.5392    36.8975    36.8992    25.7907    25.7919    1542.12    149.955    150.513         31 0.0000e+00
      13940    580.810    242.279    244.000    21.5657    21.5662   5.200493   5.200775     2.3494     1.9721     100.00   25.49414  -87.99816   -0.00157   -0.00084     3.4432     3.4564    21.5176    21.5181    36.8970    36.8988    25.7956    25.7968    1542.08    149.907    150.482         33 0.0000e+00
      13977    582.318    243.272    245.000    21.5512    21.5515   5.198986   5.199227     2.3499     1.9740     100.00   25.49414  -87.99816   -0.00096   -0.00003     3.4456     3.4623    21.5029    21.5032    36.8970    36.8987    25.7997    25.8009    1542.04    150.009    150.739         37 0.0000e+00
      14011    583.738    244.264    246.000    21.5248    21.5246   5.196058   5.196214     2.3485     1.9724     100.00   25.49414  -87.99816   -0.00022    0.00029     3.4449     3.4607    21.4763    21.4762    36.8959    36.8973    25.8063    25.8074    1542.00    149.979    150.666         32 0.0000e+00
      14042    585.048    245.256    247.000    21.4891    21.4893   5.191914   5.192125     2.3488     1.9721     100.00   25.49414  -87.99816   -0.00028   -0.00027     3.4483     3.4627    21.4406    21.4407    36.8930    36.8946    25.8140    25.8152    1541.96    150.128    150.753         32 0.0000e+00
      14076    586.439    246.249    248.000    21.4616    21.4614   5.188712   5.188866     2.3483     1.9716     100.00   25.49414  -87.99816   -0.00033   -0.00060     3.4496     3.4636    21.4129    21.4127    36.8906    36.8920    25.8199    25.8210    1541.91    150.182    150.792         34 0.0000e+00
      14109    587.853    247.241    249.000    21.3929    21.3924   5.180553   5.180671     2.3466     1.9700     100.00   25.49415  -87.99816   -0.00033   -0.00049     3.4509     3.4647    21.3440    21.3436    36.8839    36.8852    25.8339    25.8350    1541.87    150.236    150.836         33 0.0000e+00
      14141    589.160    248.233    250.000    21.3403    21.3402   5.174352   5.174507     2.3447     1.9694     100.00   25.49416  -87.99816   -0.00111   -0.00080     3.4510     3.4673    21.2913    21.2913    36.8790    36.8803    25.8448    25.8458    1541.83    150.240    150.949         31 0.0000e+00
      14174    590.525    249.226    251.000    21.2932    21.2932   5.168851   5.169062     2.3442     1.9673     100.00   25.49416  -87.99816   -0.00118   -0.00094     3.4536     3.4659    21.2441    21.2442    36.8750    36.8766    25.8548    25.8560    1541.79    150.352    150.886         35 0.0000e+00
      14208    591.978    250.218    252.000    21.2466    21.2466   5.163421   5.163605     2.3428     1.9665      99.45   25.49416  -87.99816   -0.00071   -0.00096     3.4541     3.4669    21.1975    21.1975    36.8709    36.8724    25.8646    25.8657    1541.75    150.372    150.927         34 0.0000e+00
      14242    593.393    251.210    253.000    21.2220    21.2225   5.160526   5.160773     2.3429     1.9661     100.00   25.49418  -87.99814   -0.00056   -0.00079     3.4567     3.4685    21.1727    21.1731    36.8686    36.8702    25.8697    25.8708    1541.71    150.483    150.995         34 0.0000e+00
      14276    594.783    252.203    254.000    21.2110    21.2115   5.159300   5.159557     2.3427     1.9672     100.00   25.49418  -87.99814   -0.00032   -0.00005     3.4574     3.4720    21.1615    21.1620    36.8679    36.8695    25.8722    25.8734    1541.66    150.514    151.151         33 0.0000e+00
      14308    596.112    253.195    255.000    21.2004    21.2009   5.158112   5.158368     2.3430     1.9674     100.00   25.49418  -87.99814    0.00012    0.00045     3.4592     3.4737    21.1507    21.1512    36.8670    36.8687    25.8746    25.8757    1541.62    150.591    151.221         31 0.0000e+00
      14340    597.464    254.187    256.000    21.1829    21.1831   5.156101   5.156276     2.3417     1.9663      55.66   25.49418  -87.99814   -0.00015    0.00006     3.4582     3.4727    21.1331    21.1332    36.8656    36.8668    25.8783    25.8792    1541.58    150.545    151.178         34 0.0000e+00
      14376    598.942    255.180    257.000    21.1280    21.1275   5.149613   5.149696     2.3398     1.9645      98.31   25.49418  -87.99814   -0.00082   -0.00069     3.4581     3.4725    21.0781    21.0776    36.8602    36.8613    25.8894    25.8904    1541.54    150.543    151.169         36 0.0000e+00
      14410    600.384    256.172    258.000    21.0786    21.0789   5.143763   5.143996     2.3389     1.9613     100.04   25.49420  -87.99814   -0.00112   -0.00144     3.4601     3.4689    21.0285    21.0288    36.8553    36.8569    25.8993    25.9004    1541.49    150.625    151.008         32 0.0000e+00
      14442    601.700    257.164    259.000    21.0550    21.0551   5.140969   5.141162     2.3392     1.9613     100.00   25.49420  -87.99814   -0.00058   -0.00142     3.4629     3.4707    21.0048    21.0049    36.8528    36.8542    25.9039    25.9049    1541.46    150.746    151.089         33 0.0000e+00
      14476    603.139    258.156    260.000    21.0030    20.9996   5.134676   5.134010     2.3386     1.9606     100.00   25.49420  -87.99814   -0.00004   -0.00066     3.4662     3.4736    20.9527    20.9493    36.8464    36.8470    25.9133    25.9147    1541.42    150.892    151.212         36 0.0000e+00
      14511    604.584    259.149    261.000    20.8975    20.8973   5.122006   5.122160     2.3355     1.9584     100.00   25.49420  -87.99814   -0.00080   -0.00078     3.4664     3.4750    20.8472    20.8470    36.8346    36.8360    25.9333    25.9344    1541.37    150.895    151.271         32 0.0000e+00
      14542    605.886    260.141    262.000    20.8474    20.8467   5.116043   5.116131     2.3330     1.9569     100.00   25.49420  -87.99814   -0.00170   -0.00120     3.4652     3.4752    20.7970    20.7963    36.8293    36.8306    25.9429    25.9441    1541.33    150.844    151.279         32 0.0000e+00
      14577    607.327    261.133    263.000    20.7465    20.7454   5.103888   5.103890     2.3278     1.9535     100.00   25.49420  -87.99814   -0.00243   -0.00150     3.4617     3.4744    20.6960    20.6950    36.8177    36.8186    25.9615    25.9625    1541.28    150.686    151.241         36 0.0000e+00
      14611    608.745    262.125    264.000    20.6778    20.6780   5.096043   5.095979     2.3246     1.9505      97.48   25.49421  -87.99814   -0.00301   -0.00206     3.4599     3.4719    20.6273    20.6275    36.8091    36.8110    25.9737    25.9751    1541.25    150.606    151.128         32 0.0000e+00
      14643    610.103    263.118    265.000    20.6727    20.6731   5.094974   5.095257     2.3241     1.9489      85.47   25.49422  -87.99814   -0.00215   -0.00202     3.4596     3.4692    20.6220    20.6224    36.8084    36.8103    25.9746    25.9760    1541.19    150.594    151.010         34 0.0000e+00
