GOMECC/GOMECC-4/1db/drb2103_1401.cnv
* Sea-Bird SBE 9 Data File:
* FileName = C:\Users\scs.user.rb\CTD\GOMECC4\data\rb2103_1401.hex
* Software Version Seasave V 7.26.7.107
* Temperature SN = 4799
* Conductivity SN = 3860
* Number of Bytes Per Scan = 41
* Number of Voltage Words = 4
* Number of Scans Averaged by the Deck Unit = 1
* NMEA Latitude = 25 39.47 N
* NMEA Longitude = 084 42.92 W
* NMEA UTC (Time) = Oct 20 2021  13:16:01
* NMEA baud rate = 4800
# nquan = 28
# nvalues = 433                         
# units = specified
# name 0 = scan: Scan Count
# name 1 = timeS: Time, Elapsed [seconds]
# name 2 = depSM: Depth [salt water, m]
# name 3 = prDM: Pressure, Digiquartz [db]
# name 4 = t090C: Temperature [ITS-90, deg C]
# name 5 = t190C: Temperature, 2 [ITS-90, deg C]
# name 6 = c0S/m: Conductivity [S/m]
# name 7 = c1S/m: Conductivity, 2 [S/m]
# name 8 = sbeox0V: Oxygen raw, SBE 43 [V]
# name 9 = sbeox1V: Oxygen raw, SBE 43, 2 [V]
# name 10 = altM: Altimeter [m]
# name 11 = latitude: Latitude [deg]
# name 12 = longitude: Longitude [deg]
# name 13 = sbox0dV/dT: Oxygen, SBE 43 [dov/dt]
# name 14 = sbox1dV/dT: Oxygen, SBE 43, 2 [dov/dt]
# name 15 = sbeox0ML/L: Oxygen, SBE 43 [ml/l], WS = 5
# name 16 = sbeox1ML/L: Oxygen, SBE 43, 2 [ml/l], WS = 5
# name 17 = potemp090C: Potential Temperature [ITS-90, deg C]
# name 18 = potemp190C: Potential Temperature, 2 [ITS-90, deg C]
# name 19 = sal00: Salinity, Practical [PSU]
# name 20 = sal11: Salinity, Practical, 2 [PSU]
# name 21 = sigma-é00: Density [sigma-theta, kg/m^3]
# name 22 = sigma-é11: Density, 2 [sigma-theta, kg/m^3]
# name 23 = avgsvCM: Average Sound Velocity [Chen-Millero, m/s], minP = 20, minS = 20
# name 24 = sbox0Mm/Kg: Oxygen, SBE 43 [umol/kg], WS = 5
# name 25 = sbox1Mm/Kg: Oxygen, SBE 43, 2 [umol/kg], WS = 5
# name 26 = nbin: number of scans per bin
# name 27 = flag: flag
# span 0 =       8408,      43098       
# span 1 =    350.276,   1795.712       
# span 2 =      3.974,   1086.036       
# span 3 =      4.000,   1096.000       
# span 4 =     5.1350,    28.2078       
# span 5 =     5.1357,    28.2080       
# span 6 =   3.400071,   5.822422       
# span 7 =   3.400054,   5.822139       
# span 8 =     1.6275,     3.1436       
# span 9 =     1.3255,     2.6684       
# span 10 =      11.57,     101.26      
# span 11 =   25.47165,   25.67027      
# span 12 =  -84.75717,  -84.10155      
# span 13 =   -0.04753,    0.05351      
# span 14 =   -0.04648,    0.05321      
# span 15 =     2.5733,     4.5733      
# span 16 =     2.5849,     4.5646      
# span 17 =     5.0415,    28.1995      
# span 18 =     5.0425,    28.1997      
# span 19 =    34.8998,    36.7793      
# span 20 =    34.8989,    36.7824      
# span 21 =    23.0291,    27.6189      
# span 22 =    23.0291,    27.6180      
# span 23 =       0.00,    1576.57      
# span 24 =    111.911,    199.417      
# span 25 =    112.414,    199.062      
# span 26 =         30,         66      
# span 27 = 0.0000e+00, 0.0000e+00      
# interval = decibars: 1                
# start_time = Oct 20 2021 13:16:01 [NMEA time, header]
# bad_flag = -9.990e-29
*END*
       8408    350.276      3.974      4.000    28.0505    28.0508   5.783541   5.783739     3.1170     2.6387      88.75   25.65756  -84.71546    0.00005    0.00083     4.3874     4.3695    28.0496    28.0499    36.0904    36.0915    23.1986    23.1994       0.00    191.499    190.719         37 0.0000e+00
       9314    388.049      4.968      5.000    28.0496    28.0503   5.782912   5.783052     3.1197     2.6352      94.40   25.65756  -84.71546    0.00056   -0.00009     4.3931     4.3630    28.0484    28.0492    36.0864    36.0868    23.1960    23.1960       0.00    191.748    190.435         45 0.0000e+00
       9484    395.132      5.961      6.000    28.0496    28.0507   5.782856   5.783050     3.1185     2.6365      66.15   25.65756  -84.71546   -0.00032   -0.00109     4.3914     4.3663    28.0482    28.0493    36.0856    36.0862    23.1955    23.1956       0.00    191.673    190.578         39 0.0000e+00
       9597    399.824      6.955      7.000    28.0505    28.0515   5.783066   5.783199     3.1168     2.6382      86.33   25.65757  -84.71546    0.00003   -0.00014     4.3887     4.3700    28.0489    28.0498    36.0861    36.0863    23.1956    23.1955       0.00    191.557    190.742         32 0.0000e+00
       9662    402.533      7.948      8.000    28.0511    28.0527   5.783172   5.783451     3.1176     2.6367      99.66   25.65758  -84.71546   -0.00002    0.00086     4.3906     4.3676    28.0492    28.0508    36.0862    36.0869    23.1956    23.1956       0.00    191.638    190.633         46 0.0000e+00
       9745    405.998      8.941      9.000    28.0494    28.0508   5.782997   5.783157     3.1160     2.6327      94.21   25.65758  -84.71546   -0.00079   -0.00150     4.3882     4.3601    28.0473    28.0487    36.0855    36.0859    23.1957    23.1956       0.00    191.536    190.308         38 0.0000e+00
       9783    407.594      9.935     10.000    28.0517    28.0531   5.783473   5.783660     3.1161     2.6351      96.43   25.65758  -84.71546    0.00057   -0.00048     4.3886     4.3653    28.0493    28.0507    36.0868    36.0873    23.1960    23.1959       0.00    191.552    190.536         46 0.0000e+00
       9854    410.536     10.928     11.000    28.0518    28.0529   5.783594   5.783786     3.1170     2.6358      74.13   25.65758  -84.71546    0.00033    0.00030     4.3909     4.3672    28.0492    28.0503    36.0876    36.0880    23.1967    23.1966       0.00    191.653    190.618         38 0.0000e+00
       9870    411.199     12.915     13.000    27.8531    27.8538   5.742623   5.742738     3.0968     2.6175      73.69   25.47165  -84.10155    0.00074    0.00068     4.3642     4.3378    27.8500    27.8507    35.8286    35.8289    23.0291    23.0291       0.00    190.488    189.334         48 0.0000e+00
      10004    416.783     13.909     14.000    28.0590    28.0602   5.785100   5.785300     3.1163     2.6349      99.16   25.65758  -84.71546   -0.00068   -0.00129     4.3906     4.3664    28.0557    28.0569    36.0918    36.0923    23.1976    23.1976       0.00    191.638    190.580         46 0.0000e+00
      10049    418.683     14.902     15.000    28.0595    28.0604   5.785208   5.785321     3.1156     2.6360     100.00   25.65758  -84.71546   -0.00077    0.00043     4.3899     4.3689    28.0559    28.0568    36.0915    36.0920    23.1974    23.1975       0.00    191.608    190.693         40 0.0000e+00
      10091    420.408     15.896     16.000    28.0600    28.0602   5.785308   5.785264     3.1146     2.6361     100.00   25.65758  -84.71546   -0.00033    0.00056     4.3886     4.3699    28.0562    28.0564    36.0919    36.0915    23.1976    23.1972       0.00    191.550    190.734         44 0.0000e+00
      10145    422.661     16.889     17.000    28.0574    28.0604   5.784740   5.785234     3.1141     2.6363     100.00   25.65758  -84.71546   -0.00055   -0.00006     4.3884     4.3708    28.0534    28.0564    36.0896    36.0914    23.1968    23.1971       0.00    191.541    190.773         66 0.0000e+00
      10205    425.148     17.883     18.000    28.0592    28.0599   5.785022   5.785137     3.1144     2.6359      97.89   25.65758  -84.71546    0.00034    0.00036     4.3892     4.3704    28.0550    28.0556    36.0899    36.0901    23.1964    23.1964       0.00    191.579    190.758         45 0.0000e+00
      10244    426.794     18.876     19.000    28.0676    28.0673   5.787267   5.787057     3.1146     2.6351      91.93   25.65760  -84.71546   -0.00009   -0.00062     4.3893     4.3686    28.0631    28.0628    36.0990    36.0977    23.2006    23.1998       0.00    191.579    190.680         40 0.0000e+00
      10291    428.750     19.869     20.000    28.0722    28.0710   5.788474   5.788182     3.1144     2.6357      77.12   25.65760  -84.71546    0.00018   -0.00010     4.3890     4.3701    28.0675    28.0663    36.1036    36.1016    23.2027    23.2016     830.66    191.569    190.743         57 0.0000e+00
      10351    431.239     20.863     21.000    28.0748    28.0830   5.789090   5.790903     3.1136     2.6333      97.47   25.65760  -84.71546   -0.00049   -0.00024     4.3877     4.3645    28.0699    28.0780    36.1056    36.1124    23.2034    23.2059    1576.57    191.512    190.498         53 0.0000e+00
      10395    433.070     21.856     22.000    28.0818    28.0829   5.790739   5.790912     3.1121     2.6347      99.94   25.65760  -84.71546   -0.00042   -0.00066     4.3849     4.3679    28.0766    28.0777    36.1116    36.1120    23.2057    23.2057    1543.00    191.389    190.648         42 0.0000e+00
      10445    435.149     22.850     23.000    28.0825    28.0834   5.790892   5.791062     3.1134     2.6335     100.00   25.65760  -84.71546   -0.00000    0.00001     4.3878     4.3659    28.0770    28.0780    36.1119    36.1123    23.2058    23.2058    1543.00    191.516    190.558         59 0.0000e+00
      10503    437.594     23.843     24.000    28.0847    28.0864   5.791492   5.791775     3.1122     2.6344     100.00   25.65761  -84.71547   -0.00005   -0.00007     4.3856     4.3681    28.0790    28.0808    36.1137    36.1146    23.2065    23.2066    1543.00    191.418    190.654         52 0.0000e+00
      10549    439.510     24.836     25.000    28.0900    28.0914   5.792679   5.792933     3.1118     2.6332     100.00   25.65762  -84.71547   -0.00039    0.00031     4.3851     4.3658    28.0841    28.0855    36.1180    36.1187    23.2081    23.2081    1543.01    191.398    190.552         45 0.0000e+00
      10598    441.543     25.830     26.000    28.0898    28.0932   5.792596   5.793338     3.1135     2.6347      99.84   25.65762  -84.71546    0.00017   -0.00024     4.3888     4.3691    28.0836    28.0870    36.1173    36.1199    23.2077    23.2085    1543.01    191.560    190.699         52 0.0000e+00
      10649    443.680     26.823     27.000    28.0984    28.1012   5.794642   5.795230     3.1141     2.6321     100.00   25.65762  -84.71546    0.00066    0.00031     4.3895     4.3635    28.0920    28.0948    36.1248    36.1268    23.2106    23.2111    1543.02    191.590    190.454         49 0.0000e+00
      10701    445.853     27.817     28.000    28.1031    28.1033   5.795933   5.795745     3.1139     2.6312     100.00   25.65762  -84.71548    0.00019   -0.00139     4.3897     4.3621    28.0965    28.0967    36.1289    36.1283    23.2122    23.2116    1543.03    191.595    190.393         57 0.0000e+00
      10752    447.940     28.810     29.000    28.1008    28.1030   5.795239   5.795620     3.1138     2.6353      56.47   25.65762  -84.71548   -0.00037    0.00084     4.3899     4.3709    28.0939    28.0961    36.1264    36.1276    23.2112    23.2113    1543.03    191.604    190.777         38 0.0000e+00
      10790    449.523     29.804     30.000    28.0990    28.1002   5.794815   5.795054     3.1140     2.6325      97.15   25.65762  -84.71548   -0.00001    0.00088     4.3910     4.3660    28.0919    28.0931    36.1250    36.1254    23.2108    23.2107    1543.04    191.652    190.563         48 0.0000e+00
      10862    452.530     30.797     31.000    28.1016    28.1005   5.795429   5.795096     3.1148     2.6324     100.00   25.65763  -84.71548    0.00034   -0.00060     4.3926     4.3663    28.0942    28.0931    36.1267    36.1252    23.2113    23.2105    1543.05    191.725    190.577         34 0.0000e+00
      10940    455.807     32.783     33.000    28.1305    28.1288   5.802459   5.801334     3.1162     2.6345     100.05   25.67027  -84.75717   -0.00017    0.00102     4.3930     4.3685    28.1227    28.1210    36.1536    36.1501    23.2240    23.2211    1543.82    191.741    190.670         35 0.0000e+00
      11014    458.883     33.777     34.000    28.1495    28.1438   5.806090   5.804820     3.1125     2.6359      88.34   25.65764  -84.71548   -0.00086    0.00051     4.3853     4.3710    28.1414    28.1357    36.1640    36.1594    23.2238    23.2222    1543.07    191.404    190.780         43 0.0000e+00
      11055    460.570     34.770     35.000    28.2078    28.2080   5.822422   5.822139     3.1163     2.6359      93.83   25.65764  -84.71548    0.00092    0.00082     4.3867     4.3651    28.1995    28.1997    36.2337    36.2316    23.2571    23.2555    1543.09    191.457    190.517         35 0.0000e+00
      11093    462.179     35.764     36.000    28.1536    28.1575   5.818484   5.818940     3.1166     2.6357      99.67   25.65764  -84.71548    0.00138   -0.00005     4.3916     4.3685    28.1451    28.1490    36.2474    36.2476    23.2853    23.2842    1543.10    191.665    190.656         46 0.0000e+00
      11157    464.845     36.757     37.000    28.0306    28.0331   5.808033   5.808387     3.1177     2.6371      77.40   25.65764  -84.71549    0.00036    0.00051     4.4032     4.3802    28.0219    28.0244    36.2682    36.2687    23.3415    23.3411    1543.11    192.161    191.158         66 0.0000e+00
      11215    467.251     37.750     38.000    27.6248    27.6547   5.770337   5.774427     3.1179     2.6401     100.60   25.65766  -84.71550    0.00030    0.00012     4.4360     4.4156    27.6027    27.6458    36.3250    36.3206    23.5214    23.5040    1543.11    193.557    192.672         42 0.0000e+00
      11254    468.891     38.744     39.000    27.4830    27.4867   5.757983   5.758596     3.1282     2.6502     100.00   25.65766  -84.71550    0.00187    0.00334     4.4650     4.4467    27.4738    27.4776    36.3369    36.3384    23.5722    23.5721    1543.09    194.814    194.015         40 0.0000e+00
      11300    470.797     39.737     40.000    27.4296    27.4320   5.752937   5.753364     3.1382     2.6604     100.00   25.65766  -84.71550    0.00583    0.00558     4.4883     4.4721    27.4203    27.4227    36.3421    36.3433    23.5935    23.5936    1543.07    195.827    195.121         55 0.0000e+00
      11364    473.447     40.730     41.000    27.2501    27.2623   5.735015   5.736388     3.1393     2.6594     100.00   25.65766  -84.71550    0.00155    0.00159     4.5049     4.4830    27.2406    27.2528    36.3537    36.3540    23.6604    23.6567    1543.04    196.537    195.585         63 0.0000e+00
      11416    475.638     41.724     42.000    27.0228    27.0268   5.712476   5.713106     3.1409     2.6662      49.79   25.65766  -84.71550    0.00018    0.00039     4.5263     4.5154    27.0131    27.0171    36.3696    36.3710    23.7456    23.7454    1543.01    197.456    196.981         46 0.0000e+00
      11459    477.399     42.717     43.000    26.8033    26.8124   5.688256   5.689483     3.1431     2.6672      66.31   25.65767  -84.71550    0.00128    0.00277     4.5490     4.5338    26.7935    26.8026    36.3672    36.3689    23.8141    23.8125    1542.96    198.433    197.768         41 0.0000e+00
      11510    479.549     43.710     44.000    26.6773    26.6843   5.675286   5.676136     3.1425     2.6684      62.37   25.65768  -84.71551    0.00064    0.00092     4.5586     4.5465    26.6673    26.6743    36.3723    36.3729    23.8582    23.8565    1542.91    198.841    198.316         42 0.0000e+00
      11585    482.661     44.704     45.000    26.5976    26.6046   5.667785   5.668656     3.1436     2.6677      76.28   25.65768  -84.71552    0.00093    0.00114     4.5675     4.5515    26.5874    26.5943    36.3805    36.3813    23.8898    23.8882    1542.85    199.226    198.527         33 0.0000e+00
      11656    485.642     46.690     47.000    26.2570    26.2560   5.636958   5.637382     3.1296     2.6563      99.96   25.63682  -84.64666   -0.00332   -0.00300     4.5682     4.5531    26.2464    26.2454    36.4150    36.4168    24.0204    24.0219    1541.48    199.226    198.567         62 0.0000e+00
      11729    488.683     47.683     48.000    26.1825    26.1853   5.634472   5.634779     3.1283     2.6589     100.00   25.65768  -84.71552   -0.00098    0.00008     4.5721     4.5646    26.1716    26.1745    36.4660    36.4659    24.0859    24.0849    1542.67    199.390    199.062         47 0.0000e+00
      11771    490.426     48.677     49.000    25.9713    25.9799   5.622018   5.622868     3.1205     2.6506     100.00   25.65769  -84.71552   -0.00306   -0.00185     4.5733     4.5616    25.9604    25.9690    36.5428    36.5421    24.2102    24.2071    1542.60    199.417    198.907         50 0.0000e+00
      11836    493.111     49.670     50.000    25.7864    25.7936   5.603681   5.604790     3.1084     2.6390     100.00   25.65770  -84.71552   -0.00415   -0.00426     4.5656     4.5517    25.7752    25.7825    36.5557    36.5580    24.2779    24.2774    1542.53    199.066    198.459         47 0.0000e+00
      11877    494.814     50.663     51.000    25.3879    25.4027   5.553774   5.555704     3.0880     2.6226     100.00   25.65770  -84.71552   -0.00690   -0.00590     4.5613     4.5489    25.3766    25.3915    36.5067    36.5090    24.3646    24.3618    1542.45    198.864    198.321         38 0.0000e+00
      11935    497.258     51.657     52.000    25.1533    25.1896   5.525503   5.530072     3.0722     2.6048     100.00   25.65770  -84.71552   -0.00783   -0.00736     4.5514     4.5290    25.1419    25.1782    36.4853    36.4901    24.4207    24.4132    1542.35    198.420    197.445         47 0.0000e+00
      12040    501.610     54.636     55.000    24.7531    24.7515   5.474670   5.474676     3.0536     2.5970      84.22   25.63559  -84.64253   -0.00269    0.00056     4.5508     4.5477    24.7412    24.7396    36.4147    36.4160    24.4859    24.4874    1540.69    198.378    198.241         39 0.0000e+00
      12094    503.859     55.630     56.000    24.9332    24.9296   5.508391   5.507190     3.0373     2.5762     100.80   25.65771  -84.71552   -0.00332   -0.00478     4.5023     4.4883    24.9211    24.9175    36.5341    36.5321    24.5252    24.5264    1541.92    196.257    195.651         44 0.0000e+00
      12129    505.324     56.623     57.000    25.0431    25.0489   5.534726   5.534337     2.9904     2.5256     100.00   25.65772  -84.71552   -0.01398   -0.01607     4.4007     4.3686    25.0307    25.0366    36.6416    36.6420    24.5731    24.5746    1541.84    191.820    190.422         30 0.0000e+00
      12158    506.543     57.616     58.000    24.9459    24.9495   5.525765   5.526211     2.9163     2.4536     100.00   25.65772  -84.71552   -0.03237   -0.03398     4.2649     4.2218    24.9332    24.9369    36.6533    36.6538    24.6118    24.6111    1541.75    185.895    184.015         30 0.0000e+00
      12191    507.934     58.610     59.000    24.8736    24.8801   5.520159   5.520910     2.8689     2.4189     100.00   25.65772  -84.71552   -0.04753   -0.04648     4.1784     4.1523    24.8608    24.8672    36.6698    36.6702    24.6464    24.6447    1541.68    182.120    180.980         36 0.0000e+00
