GOMECC/GOMECC-4/1db/drb2103_0381.cnv
* Sea-Bird SBE 9 Data File:
* FileName = C:\Users\scs.user.rb\CTD\GOMECC4\data\rb2103_0381.hex
* Software Version Seasave V 7.26.7.107
* Temperature SN = 4799
* Conductivity SN = 3860
* Number of Bytes Per Scan = 41
* Number of Voltage Words = 4
* Number of Scans Averaged by the Deck Unit = 1
* NMEA Latitude = 27 35.06 N
* NMEA Longitude = 089 59.95 W
* NMEA UTC (Time) = Sep 25 2021  13:55:17
* NMEA baud rate = 4800
# nquan = 28
# nvalues = 398                         
# units = specified
# name 0 = scan: Scan Count
# name 1 = timeS: Time, Elapsed [seconds]
# name 2 = depSM: Depth [salt water, m]
# name 3 = prDM: Pressure, Digiquartz [db]
# name 4 = t090C: Temperature [ITS-90, deg C]
# name 5 = t190C: Temperature, 2 [ITS-90, deg C]
# name 6 = c0S/m: Conductivity [S/m]
# name 7 = c1S/m: Conductivity, 2 [S/m]
# name 8 = sbeox0V: Oxygen raw, SBE 43 [V]
# name 9 = sbeox1V: Oxygen raw, SBE 43, 2 [V]
# name 10 = altM: Altimeter [m]
# name 11 = latitude: Latitude [deg]
# name 12 = longitude: Longitude [deg]
# name 13 = sbox0dV/dT: Oxygen, SBE 43 [dov/dt]
# name 14 = sbox1dV/dT: Oxygen, SBE 43, 2 [dov/dt]
# name 15 = sbeox0ML/L: Oxygen, SBE 43 [ml/l], WS = 5
# name 16 = sbeox1ML/L: Oxygen, SBE 43, 2 [ml/l], WS = 5
# name 17 = potemp090C: Potential Temperature [ITS-90, deg C]
# name 18 = potemp190C: Potential Temperature, 2 [ITS-90, deg C]
# name 19 = sal00: Salinity, Practical [PSU]
# name 20 = sal11: Salinity, Practical, 2 [PSU]
# name 21 = sigma-é00: Density [sigma-theta, kg/m^3]
# name 22 = sigma-é11: Density, 2 [sigma-theta, kg/m^3]
# name 23 = avgsvCM: Average Sound Velocity [Chen-Millero, m/s], minP = 20, minS = 20
# name 24 = sbox0Mm/Kg: Oxygen, SBE 43 [umol/kg], WS = 5
# name 25 = sbox1Mm/Kg: Oxygen, SBE 43, 2 [umol/kg], WS = 5
# name 26 = nbin: number of scans per bin
# name 27 = flag: flag
# span 0 =      18314,     517440       
# span 1 =    763.024,  21558.815       
# span 2 =      6.953,   1233.068       
# span 3 =      4.000,   1245.000       
# span 4 =     4.5040,   803.6935       
# span 5 =     4.5041,   803.7078       
# span 6 =   3.352007, 165.024629       
# span 7 =   3.351944, 165.029541       
# span 8 =     1.6113,    78.5906       
# span 9 =     1.3175,    74.7833       
# span 10 =       9.82,    1122.31      
# span 11 =   27.41954,  778.18748      
# span 12 =-2538.87616,  -89.45764      
# span 13 =   -0.03294,    0.02718      
# span 14 =   -0.03176,    0.02519      
# span 15 =     2.5891,   109.7491      
# span 16 =     2.6229,   123.0076      
# span 17 =     4.4022,   803.6529      
# span 18 =     4.4023,   803.6672      
# span 19 =    34.9002,  1021.7318      
# span 20 =    34.8996,  1021.7550      
# span 21 =    23.0105,   653.0711      
# span 22 =    23.0109,   653.0841      
# span 23 =       0.00,    1562.54      
# span 24 =    112.625,   4790.488      
# span 25 =    114.094,   5369.228      
# span 26 =         30,         69      
# span 27 = 0.0000e+00, 0.0000e+00      
# interval = decibars: 1                
# start_time = Sep 25 2021 13:55:17 [NMEA time, header]
# bad_flag = -9.990e-29
*END*
[from data line 156]
      26237   1093.171    210.489    212.000    16.4090    16.4118   4.573472   4.573850     1.9078     1.5793      77.28   27.58104  -89.98075   -0.00808   -0.00784     2.7864     2.8062    16.3746    16.3774    36.1763    36.1771    26.5652    26.5652    1530.57    121.221    122.083         40 0.0000e+00
      26281   1095.017    211.481    213.000    16.4097    16.4094   4.574078   4.574087     1.8963     1.5713     101.17   27.58672  -89.99928   -0.00911   -0.00794     2.7631     2.7885    16.3751    16.3748    36.1829    36.1833    26.5708    26.5711    1530.82    120.207    121.312         34 0.0000e+00
      26364   1098.470    215.450    217.000    16.0997    16.1006   4.536507   4.536650     1.8599     1.5335      99.97   27.57919  -89.97462   -0.00923   -0.00979     2.6941     2.7081    16.0649    16.0658    36.1254    36.1259    26.5981    26.5982    1530.11    117.200    117.810         32 0.0000e+00
      26407   1100.259    216.443    218.000    16.0967    16.0975   4.536927   4.537058     1.8448     1.5212     100.00   27.58674  -89.99926   -0.01163   -0.01171     2.6587     2.6768    16.0617    16.0625    36.1343    36.1348    26.6063    26.6065    1530.46    115.661    116.450         36 0.0000e+00
      26533   1105.479    221.404    223.000    15.9934    15.9937   4.525094   4.525150     1.8252     1.5072     100.01   27.58833  -90.00438   -0.00306   -0.00244     2.6200     2.6480    15.9578    15.9581    36.1211    36.1213    26.6203    26.6204    1530.20    113.977    115.194         35 0.0000e+00
      26654   1110.561    226.366    228.000    15.7935    15.7938   4.501481   4.501540     1.8098     1.4931      83.03   27.58622  -89.99742   -0.00307   -0.00277     2.5969     2.6244    15.7573    15.7577    36.0888    36.0890    26.6412    26.6413    1529.73    112.966    114.164         31 0.0000e+00
      26830   1117.877    233.312    235.000    15.5028    15.5031   4.467211   4.467263     1.7985     1.4854      99.99   27.58428  -89.99103   -0.00097   -0.00007     2.5891     2.6229    15.4661    15.4663    36.0419    36.0422    26.6712    26.6713    1529.14    112.625    114.094         32 0.0000e+00
      26951   1122.931    238.273    240.000    15.3449    15.3455   4.448724   4.448817     1.8060     1.4920      99.99   27.58358  -89.98869    0.00185    0.00199     2.6179     2.6507    15.3076    15.3082    36.0168    36.0171    26.6874    26.6875    1528.76    113.878    115.304         32 0.0000e+00
      27732   1155.448    269.030    271.000    14.3391    14.3388   4.331765   4.331737     1.8359     1.5219      99.98   27.58220  -89.98383    0.00449    0.00428     2.7636     2.8014    14.2989    14.2986    35.8580    35.8580    26.7864    26.7864    1526.67    120.204    121.848         32 0.0000e+00
      27770   1157.056    270.022    272.000    14.3100    14.3098   4.328834   4.328816     1.8370     1.5219     100.00   27.58692  -89.99922    0.00310    0.00263     2.7684     2.8034    14.2697    14.2695    35.8587    35.8587    26.7935    26.7936    1526.87    120.408    121.935         34 0.0000e+00
      27855   1160.573    273.990    276.000    14.2573    14.2581   4.322423   4.322505     1.8391     1.5249      96.13   27.58175  -89.98227    0.00076    0.00101     2.7786     2.8163    14.2166    14.2173    35.8446    35.8447    26.7936    26.7935    1526.33    120.856    122.494         31 0.0000e+00
      27896   1162.287    274.982    277.000    14.2452    14.2465   4.321565   4.321717     1.8401     1.5264     100.21   27.58694  -89.99922    0.00078    0.00107     2.7820     2.8212    14.2043    14.2056    35.8492    35.8494    26.8001    26.8000    1526.56    121.001    122.707         37 0.0000e+00
      27986   1166.027    278.950    281.000    14.1499    14.1482   4.310316   4.310114     1.8400     1.5255      99.99   27.58414  -89.99003    0.00005   -0.00021     2.7894     2.8264    14.1086    14.1069    35.8305    35.8301    26.8059    26.8060    1526.16    121.321    122.933         30 0.0000e+00
      28021   1167.515    279.942    282.000    14.1366    14.1394   4.309084   4.309399     1.8417     1.5266     100.00   27.58696  -89.99921    0.00021    0.00016     2.7947     2.8302    14.0952    14.0980    35.8318    35.8322    26.8100    26.8097    1526.26    121.552    123.096         33 0.0000e+00
      28142   1172.539    284.902    287.000    13.9407    13.9412   4.286209   4.286270     1.8389     1.5229      99.99   27.58544  -89.99419   -0.00079   -0.00103     2.8025     2.8345    13.8989    13.8994    35.7981    35.7981    26.8255    26.8254    1525.87    121.889    123.281         30 0.0000e+00
      28292   1178.804    290.854    293.000    13.8257    13.8261   4.272925   4.272958     1.8192     1.5044      99.88   27.58339  -89.98741   -0.00367   -0.00369     2.7626     2.7934    13.7833    13.7836    35.7773    35.7773    26.8336    26.8335    1525.40    120.152    121.494         35 0.0000e+00
      28330   1180.383    291.846    294.000    13.8235    13.8238   4.273068   4.273097     1.8152     1.5008     100.00   27.58700  -89.99920   -0.00382   -0.00358     2.7530     2.7839    13.7809    13.7812    35.7815    35.7815    26.8376    26.8375    1525.55    119.736    121.080         31 0.0000e+00
      28446   1185.221    296.806    299.000    13.7541    13.7549   4.265136   4.265209     1.8040     1.4894      99.99   27.58488  -89.99221   -0.00217   -0.00242     2.7311     2.7586    13.7109    13.7118    35.7693    35.7689    26.8426    26.8421    1525.14    118.780    119.977         42 0.0000e+00
      28560   1189.951    301.765    304.000    13.6503    13.6509   4.252711   4.252762     1.7839     1.4709      93.88   27.58010  -89.97654   -0.00402   -0.00373     2.6887     2.7160    13.6066    13.6072    35.7454    35.7453    26.8456    26.8454    1524.59    116.938    118.124         31 0.0000e+00
      28609   1191.994    302.758    305.000    13.6327    13.6313   4.251346   4.251145     1.7779     1.4656     100.62   27.58704  -89.99918   -0.00445   -0.00368     2.6748     2.7026    13.5889    13.5875    35.7508    35.7502    26.8539    26.8537    1524.92    116.332    117.543         45 0.0000e+00
      28722   1196.716    307.717    310.000    13.4556    13.4559   4.230572   4.230586     1.7739     1.4650      99.99   27.58340  -89.98724   -0.00033    0.00051     2.6778     2.7136    13.4115    13.4118    35.7170    35.7169    26.8643    26.8641    1524.44    116.461    118.018         45 0.0000e+00
      28886   1203.557    313.668    316.000    13.2153    13.2154   4.203630   4.203610     1.7808     1.4733     100.02   27.59222  -90.01594    0.00142    0.00152     2.7124     2.7537    13.1709    13.1710    35.6868    35.6866    26.8909    26.8907    1524.60    117.965    119.760         47 0.0000e+00
      29005   1208.520    318.628    321.000    12.9680    12.9680   4.174534   4.174461     1.7926     1.4855     100.00   27.58709  -89.99914    0.00187    0.00234     2.7607     2.8053    12.9235    12.9246    35.6381    35.6373    26.9029    26.9023    1524.04    120.063    122.005         42 0.0000e+00
      29126   1213.554    323.587    326.000    12.8988    12.8993   4.166461   4.166491     1.7998     1.4906      99.99   27.58362  -89.98775    0.00116    0.00100     2.7858     2.8260    12.8537    12.8542    35.6229    35.6227    26.9049    26.9047    1523.56    121.156    122.900         35 0.0000e+00
      29165   1215.148    324.579    327.000    12.8907    12.8913   4.165924   4.165948     1.7998     1.4901     100.00   27.58712  -89.99918    0.00064    0.00012     2.7867     2.8254    12.8455    12.8460    35.6260    35.6257    26.9092    26.9088    1523.70    121.192    122.874         32 0.0000e+00
      29289   1220.323    329.538    332.000    12.7264    12.7275   4.147263   4.147367     1.8039     1.4938     100.00   27.58833  -90.00305    0.00105    0.00104     2.8099     2.8484    12.6809    12.6820    35.5999    35.5999    26.9220    26.9217    1523.49    122.199    123.874         36 0.0000e+00
      29379   1224.084    333.505    336.000    12.6855    12.6853   4.142190   4.142120     1.8062     1.4959      99.99   27.58295  -89.98543    0.00058    0.00058     2.8204     2.8588    12.6395    12.6394    35.5865    35.5860    26.9195    26.9191    1522.97    122.657    124.325         30 0.0000e+00
      29416   1225.618    334.497    337.000    12.6636    12.6633   4.140055   4.139968     1.8072     1.4963     100.00   27.58717  -89.99918    0.00065    0.00059     2.8246     2.8615    12.6175    12.6172    35.5874    35.5869    26.9248    26.9244    1523.16    122.840    124.444         33 0.0000e+00
      29537   1230.680    339.455    342.000    12.5470    12.5477   4.126764   4.126818     1.8065     1.4956     100.00   27.58701  -89.99863   -0.00016    0.00007     2.8325     2.8691    12.5005    12.5013    35.5673    35.5671    26.9323    26.9321    1522.88    123.182    124.775         32 0.0000e+00
      29692   1237.138    345.406    348.000    12.4603    12.4613   4.117117   4.117200     1.8014     1.4911     100.00   27.58704  -89.99859   -0.00089   -0.00082     2.8275     2.8642    12.4132    12.4142    35.5534    35.5533    26.9388    26.9385    1522.57    122.963    124.561         32 0.0000e+00
      29847   1243.570    351.356    354.000    12.2992    12.3005   4.099167   4.099281     1.7946     1.4834     100.00   27.58740  -89.99967   -0.00128   -0.00159     2.8228     2.8550    12.2517    12.2530    35.5296    35.5295    26.9519    26.9516    1522.27    122.756    124.159         30 0.0000e+00
      30069   1252.841    360.281    363.000    12.1443    12.1452   4.081879   4.081940     1.7745     1.4640     100.00   27.58422  -89.98922   -0.00270   -0.00296     2.7835     2.8128    12.0960    12.0968    35.5037    35.5034    26.9618    26.9614    1521.64    121.047    122.324         34 0.0000e+00
      30196   1258.139    365.239    368.000    12.1376    12.1384   4.081588   4.081629     1.7654     1.4569      99.99   27.58577  -89.99417   -0.00162   -0.00093     2.7616     2.7947    12.0887    12.0894    35.5052    35.5051    26.9645    26.9643    1521.48    120.093    121.533         31 0.0000e+00
      30430   1267.876    374.163    377.000    12.0525    12.0505   4.072637   4.072390     1.7510     1.4436     100.00   27.58689  -89.99772   -0.00144   -0.00122     2.7322     2.7653    12.0025    12.0006    35.4958    35.4952    26.9738    26.9737    1521.11    118.817    120.253         34 0.0000e+00
      30547   1272.761    379.121    382.000    11.9192    11.9204   4.057559   4.057657     1.7349     1.4276      99.98   27.58262  -89.98373   -0.00334   -0.00301     2.7002     2.7292    11.8689    11.8701    35.4715    35.4713    26.9803    26.9799    1520.64    117.421    118.684         34 0.0000e+00
      30590   1274.534    380.113    383.000    11.9159    11.9164   4.057684   4.057681     1.7321     1.4255     100.00   27.58736  -89.99916   -0.00294   -0.00235     2.6932     2.7236    11.8656    11.8660    35.4768    35.4765    26.9853    26.9850    1520.86    117.120    118.439         36 0.0000e+00
      30711   1279.586    385.070    388.000    11.8669    11.8676   4.052315   4.052343     1.7301     1.4249     100.00   27.58698  -89.99785   -0.00014    0.00045     2.6928     2.7267    11.8160    11.8167    35.4684    35.4681    26.9883    26.9879    1520.61    117.101    118.575         30 0.0000e+00
      30866   1286.033    391.020    394.000    11.8254    11.8260   4.048048   4.048065     1.7268     1.4218     100.00   27.58767  -90.00003   -0.00066   -0.00058     2.6888     2.7222    11.7739    11.7744    35.4637    35.4633    26.9927    26.9923    1520.38    116.926    118.379         34 0.0000e+00
      30962   1290.037    394.985    398.000    11.7967    11.7975   4.044626   4.044666     1.7218     1.4175      99.99   27.58376  -89.98723   -0.00119   -0.00099     2.6788     2.7132    11.7447    11.7454    35.4547    35.4544    26.9910    26.9906    1519.99    116.490    117.986         31 0.0000e+00
      30999   1291.600    395.977    399.000    11.7867    11.7868   4.043893   4.043858     1.7211     1.4162     100.00   27.58742  -89.99916   -0.00112   -0.00102     2.6776     2.7103    11.7345    11.7347    35.4576    35.4571    26.9954    26.9950    1520.15    116.439    117.859         32 0.0000e+00
      31085   1295.182    399.942    403.000    11.7407    11.7393   4.038503   4.038292     1.7187     1.4135      99.99   27.58375  -89.98715   -0.00059   -0.00061     2.6759     2.7069    11.6881    11.6868    35.4458    35.4451    26.9948    26.9945    1519.78    116.363    117.711         30 0.0000e+00
      31124   1296.791    400.934    404.000    11.7285    11.7294   4.037546   4.037594     1.7182     1.4128     100.00   27.58744  -89.99914   -0.00039   -0.00058     2.6754     2.7059    11.6759    11.6767    35.4485    35.4482    26.9994    26.9990    1519.93    116.341    117.667         36 0.0000e+00
      31248   1301.949    405.891    409.000    11.6231    11.6240   4.025964   4.026032     1.7160     1.4117     100.00   27.58857  -90.00283   -0.00066   -0.00032     2.6780     2.7111    11.5701    11.5710    35.4326    35.4326    27.0070    27.0068    1519.79    116.454    117.894         34 0.0000e+00
      31403   1308.432    411.840    415.000    11.5545    11.5551   4.018534   4.018566     1.7145     1.4112     100.00   27.58866  -90.00305   -0.00030   -0.00009     2.6806     2.7161    11.5010    11.5015    35.4229    35.4227    27.0125    27.0122    1519.54    116.565    118.112         31 0.0000e+00
      31831   1326.251    428.692    432.000    11.1988    11.1994   3.979412   3.979446     1.7024     1.3996      89.22   27.58712  -89.99776   -0.00049   -0.00056     2.6773     2.7108    11.1441    11.1447    35.3680    35.3677    27.0358    27.0355    1518.76    116.419    117.875         32 0.0000e+00
      31956   1331.452    433.649    437.000    11.1487    11.1485   3.973942   3.973882     1.6999     1.3980      87.43   27.58612  -89.99445   -0.00049   -0.00024     2.6756     2.7111    11.0935    11.0933    35.3592    35.3588    27.0382    27.0379    1518.50    116.346    117.889         30 0.0000e+00
      31989   1332.827    434.641    438.000    11.1250    11.1260   3.971522   3.971551     1.6994     1.3967     100.35   27.58756  -89.99914   -0.00042   -0.00058     2.6762     2.7092    11.0698    11.0708    35.3577    35.3573    27.0414    27.0410    1518.54    116.373    117.806         31 0.0000e+00
      32115   1338.095    439.597    443.000    11.0211    11.0215   3.960450   3.960373     1.6952     1.3925     100.00   27.58953  -90.00551   -0.00074   -0.00086     2.6731     2.7049    10.9656    10.9660    35.3446    35.3442    27.0504    27.0500    1518.46    116.236    117.620         33 0.0000e+00
      32267   1344.407    445.544    449.000    10.8353    10.8359   3.939777   3.939801     1.6854     1.3828     100.00   27.58697  -89.99711   -0.00168   -0.00189     2.6608     2.6901    10.7797    10.7802    35.3139    35.3136    27.0599    27.0596    1518.08    115.700    116.976         32 0.0000e+00
      32543   1355.899    456.447    460.000    10.5538    10.5545   3.908618   3.908657     1.6740     1.3752      99.99   27.58559  -89.99250   -0.00022    0.00004     2.6519     2.6897    10.4977    10.4984    35.2680    35.2678    27.0744    27.0742    1517.56    115.312    116.954         31 0.0000e+00
      32577   1357.353    457.439    461.000    10.5523    10.5528   3.908758   3.908776     1.6751     1.3768     100.00   27.58764  -89.99918    0.00015    0.00043     2.6552     2.6948    10.4960    10.4965    35.2696    35.2693    27.0761    27.0757    1517.64    115.454    117.179         32 0.0000e+00
