GOMECC/GOMECC-4/1db/drb2103_0241.cnv
* Sea-Bird SBE 9 Data File:
* FileName = C:\Users\scs.user.rb\CTD\GOMECC4\data\rb2103_0241.hex
* Software Version Seasave V 7.26.7.107
* Temperature SN = 4799
* Conductivity SN = 3860
* Number of Bytes Per Scan = 41
* Number of Voltage Words = 4
* Number of Scans Averaged by the Deck Unit = 1
* NMEA Latitude = 28 41.35 N
* NMEA Longitude = 086 03.85 W
* NMEA UTC (Time) = Sep 21 2021  05:37:15
* NMEA baud rate = 4800
# nquan = 28
# nvalues = 268                         
# units = specified
# name 0 = scan: Scan Count
# name 1 = timeS: Time, Elapsed [seconds]
# name 2 = depSM: Depth [salt water, m]
# name 3 = prDM: Pressure, Digiquartz [db]
# name 4 = t090C: Temperature [ITS-90, deg C]
# name 5 = t190C: Temperature, 2 [ITS-90, deg C]
# name 6 = c0S/m: Conductivity [S/m]
# name 7 = c1S/m: Conductivity, 2 [S/m]
# name 8 = sbeox0V: Oxygen raw, SBE 43 [V]
# name 9 = sbeox1V: Oxygen raw, SBE 43, 2 [V]
# name 10 = altM: Altimeter [m]
# name 11 = latitude: Latitude [deg]
# name 12 = longitude: Longitude [deg]
# name 13 = sbox0dV/dT: Oxygen, SBE 43 [dov/dt]
# name 14 = sbox1dV/dT: Oxygen, SBE 43, 2 [dov/dt]
# name 15 = sbeox0ML/L: Oxygen, SBE 43 [ml/l], WS = 5
# name 16 = sbeox1ML/L: Oxygen, SBE 43, 2 [ml/l], WS = 5
# name 17 = potemp090C: Potential Temperature [ITS-90, deg C]
# name 18 = potemp190C: Potential Temperature, 2 [ITS-90, deg C]
# name 19 = sal00: Salinity, Practical [PSU]
# name 20 = sal11: Salinity, Practical, 2 [PSU]
# name 21 = sigma-é00: Density [sigma-theta, kg/m^3]
# name 22 = sigma-é11: Density, 2 [sigma-theta, kg/m^3]
# name 23 = avgsvCM: Average Sound Velocity [Chen-Millero, m/s], minP = 20, minS = 20
# name 24 = sbox0Mm/Kg: Oxygen, SBE 43 [umol/kg], WS = 5
# name 25 = sbox1Mm/Kg: Oxygen, SBE 43, 2 [umol/kg], WS = 5
# name 26 = nbin: number of scans per bin
# name 27 = flag: flag
# span 0 =       9442,      24839       
# span 1 =    393.393,   1034.937       
# span 2 =      4.967,    304.716       
# span 3 =      5.000,    307.000       
# span 4 =    11.2280,    28.9277       
# span 5 =    11.2301,    28.9293       
# span 6 =   3.977168,   5.821831       
# span 7 =   3.977382,   5.822069       
# span 8 =     1.6719,     3.2388       
# span 9 =     1.3728,     2.7638       
# span 10 =      11.68,     100.73      
# span 11 =   28.68618,   28.70838      
# span 12 =  -86.12065,  -86.05439      
# span 13 =   -0.03364,    0.01539      
# span 14 =   -0.03183,    0.01408      
# span 15 =     2.5499,     4.6831      
# span 16 =     2.5872,     4.6918      
# span 17 =    11.1900,    28.9199      
# span 18 =    11.1922,    28.9216      
# span 19 =    34.7621,    36.5959      
# span 20 =    34.7629,    36.5947      
# span 21 =    22.1032,    27.0521      
# span 22 =    22.1037,    27.0522      
# span 23 =       0.00,    1546.10      
# span 24 =    110.883,    204.378      
# span 25 =    112.502,    204.755      
# span 26 =         30,         61      
# span 27 = 0.0000e+00, 0.0000e+00      
# interval = decibars: 1                
# start_time = Sep 21 2021 05:37:15 [NMEA time, header]
# bad_flag = -9.990e-29
*END*
[from data line 259]
      19648    818.609    289.838    292.000    11.4657    11.4668   4.003505   4.003535     1.7118     1.4096      27.40   28.68928  -86.06354   -0.00074   -0.00056     2.6378     2.6751    11.4284    11.4295    35.4132    35.4124    27.0185    27.0176    1518.68    114.705    116.328         30 0.0000e+00
      19679    819.915    290.830    293.000    11.4505    11.4519   4.001865   4.001946     1.7115     1.4099      26.42   28.68928  -86.06354   -0.00053   -0.00037     2.6385     2.6772    11.4131    11.4145    35.4111    35.4105    27.0196    27.0190    1518.61    114.734    116.421         33 0.0000e+00
      19712    821.287    291.822    294.000    11.4396    11.4411   4.000682   4.000791     1.7110     1.4090      25.33   28.68928  -86.06354   -0.00040   -0.00015     2.6380     2.6758    11.4021    11.4036    35.4093    35.4090    27.0203    27.0198    1518.55    114.715    116.356         32 0.0000e+00
      19770    823.725    293.805    296.000    11.4215    11.4234   3.998481   3.998621     1.7099     1.4073      23.32   28.68695  -86.05655   -0.00034   -0.00068     2.6370     2.6727    11.3838    11.3857    35.4034    35.4030    27.0190    27.0183    1518.30    114.671    116.224         31 0.0000e+00
      19805    825.171    294.797    297.000    11.3888    11.3920   3.995495   3.995515     1.7089     1.4062      22.31   28.68928  -86.06354   -0.00052   -0.00068     2.6365     2.6713    11.3510    11.3542    35.4007    35.4003    27.0231    27.0222    1518.36    114.649    116.161         35 0.0000e+00
      19840    826.607    295.789    298.000    11.3551    11.3576   3.991393   3.991593     1.7073     1.4046      21.32   28.68928  -86.06354   -0.00087   -0.00086     2.6351     2.6696    11.3173    11.3198    35.3965    35.3961    27.0261    27.0253    1518.30    114.586    116.089         34 0.0000e+00
      19872    827.965    296.781    299.000    11.3235    11.3210   3.987921   3.987509     1.7050     1.4016      20.38   28.68928  -86.06354   -0.00116   -0.00131     2.6313     2.6635    11.2856    11.2831    35.3919    35.3902    27.0284    27.0275    1518.24    114.421    115.823         31 0.0000e+00
      19932    830.448    298.765    301.000    11.2280    11.2301   3.977168   3.977382     1.6970     1.3921      18.28   28.68675  -86.05594   -0.00250   -0.00304     2.6169     2.6424    11.1900    11.1922    35.3753    35.3755    27.0330    27.0328    1517.98    113.796    114.905         32 0.0000e+00
      24839   1034.937    304.716    307.000    11.2377    11.2336   3.980412   3.980093     1.6719     1.3728      11.68   28.70838  -86.12065    0.00003    0.00025     2.5499     2.5872    11.1989    11.1949    35.4005    35.3996    27.0521    27.0522    1518.64    110.883    112.502         43 0.0000e+00
