GOMECC/GOMECC-4/1db/drb2103_1221.cnv
* Sea-Bird SBE 9 Data File:
* FileName = C:\Users\scs.user.rb\CTD\GOMECC4\data\rb2103_1221.hex
* Software Version Seasave V 7.26.7.107
* Temperature SN = 4799
* Conductivity SN = 3860
* Number of Bytes Per Scan = 41
* Number of Voltage Words = 4
* Number of Scans Averaged by the Deck Unit = 1
* NMEA Latitude = 24 31.02 N
* NMEA Longitude = 080 37.81 W
* NMEA UTC (Time) = Oct 17 2021  20:29:11
* NMEA baud rate = 4800
# nquan = 28
# nvalues = 225                         
# units = specified
# name 0 = scan: Scan Count
# name 1 = timeS: Time, Elapsed [seconds]
# name 2 = depSM: Depth [salt water, m]
# name 3 = prDM: Pressure, Digiquartz [db]
# name 4 = t090C: Temperature [ITS-90, deg C]
# name 5 = t190C: Temperature, 2 [ITS-90, deg C]
# name 6 = c0S/m: Conductivity [S/m]
# name 7 = c1S/m: Conductivity, 2 [S/m]
# name 8 = sbeox0V: Oxygen raw, SBE 43 [V]
# name 9 = sbeox1V: Oxygen raw, SBE 43, 2 [V]
# name 10 = altM: Altimeter [m]
# name 11 = latitude: Latitude [deg]
# name 12 = longitude: Longitude [deg]
# name 13 = sbox0dV/dT: Oxygen, SBE 43 [dov/dt]
# name 14 = sbox1dV/dT: Oxygen, SBE 43, 2 [dov/dt]
# name 15 = sbeox0ML/L: Oxygen, SBE 43 [ml/l], WS = 5
# name 16 = sbeox1ML/L: Oxygen, SBE 43, 2 [ml/l], WS = 5
# name 17 = potemp090C: Potential Temperature [ITS-90, deg C]
# name 18 = potemp190C: Potential Temperature, 2 [ITS-90, deg C]
# name 19 = sal00: Salinity, Practical [PSU]
# name 20 = sal11: Salinity, Practical, 2 [PSU]
# name 21 = sigma-é00: Density [sigma-theta, kg/m^3]
# name 22 = sigma-é11: Density, 2 [sigma-theta, kg/m^3]
# name 23 = avgsvCM: Average Sound Velocity [Chen-Millero, m/s], minP = 20, minS = 20
# name 24 = sbox0Mm/Kg: Oxygen, SBE 43 [umol/kg], WS = 5
# name 25 = sbox1Mm/Kg: Oxygen, SBE 43, 2 [umol/kg], WS = 5
# name 26 = nbin: number of scans per bin
# name 27 = flag: flag
# span 0 =      18894,      31364       
# span 1 =    787.207,   1306.778       
# span 2 =      4.968,    233.364       
# span 3 =      5.000,    235.000       
# span 4 =    13.7551,    28.8435       
# span 5 =    13.9950,    28.8450       
# span 6 =   4.263084,   5.893174       
# span 7 =   4.292007,   5.893534       
# span 8 =     1.8677,     3.1490       
# span 9 =     1.5549,     2.6628       
# span 10 =      11.84,     100.35      
# span 11 =   24.51915,   24.53919      
# span 12 =  -80.67697,  -80.61861      
# span 13 =   -0.02986,    0.00421      
# span 14 =   -0.02832,    0.00443      
# span 15 =     2.8664,     4.4052      
# span 16 =     2.9017,     4.3879      
# span 17 =    13.7213,    28.8372      
# span 18 =    13.9635,    28.8387      
# span 19 =    35.7511,    36.8122      
# span 20 =    35.7524,    36.8136      
# span 21 =    22.7354,    26.8491      
# span 22 =    22.7369,    26.8441      
# span 23 =       0.00,    1544.84      
# span 24 =    124.665,    192.365      
# span 25 =    126.206,    191.506      
# span 26 =         30,         59      
# span 27 = 0.0000e+00, 0.0000e+00      
# interval = decibars: 1                
# start_time = Oct 17 2021 20:29:11 [NMEA time, header]
# bad_flag = -9.990e-29
*END*
[from data line 104]
      23444    976.782    108.274    109.000    23.5785    23.5800   5.380085   5.380552     2.6261     2.2158      37.37   24.52028  -80.62429   -0.00055    0.00190     3.8195     3.8240    23.5557    23.5572    36.6542    36.6566    25.0262    25.0276    1543.21    166.412    166.610         33 0.0000e+00
      23476    978.145    109.267    110.000    23.5159    23.5147   5.372563   5.373037     2.6220     2.2117      99.00   24.52028  -80.62426    0.00421    0.00443     3.8203     3.8234    23.4930    23.4917    36.6518    36.6528    25.0428    25.0439    1543.13    166.448    166.581         33 0.0000e+00
      23510    979.531    110.260    111.000    23.3399    23.3398   5.357960   5.358085     2.6064     2.1978      82.93   24.52029  -80.62426   -0.00273   -0.00256     3.7954     3.7986    23.3169    23.3168    36.6813    36.6824    25.1170    25.1178    1543.05    165.348    165.488         33 0.0000e+00
      23543    980.916    111.253    112.000    23.2721    23.2832   5.356847   5.358677     2.5839     2.1744      45.95   24.52030  -80.62425   -0.01026   -0.00972     3.7561     3.7514    23.2489    23.2600    36.7289    36.7338    25.1729    25.1734    1542.97    163.627    163.424         33 0.0000e+00
      23576    982.297    112.246    113.000    23.0893    23.0946   5.335012   5.335908     2.5525     2.1439     100.22   24.52030  -80.62422   -0.01717   -0.01714     3.7062     3.6967    23.0660    23.0713    36.7121    36.7147    25.2136    25.2140    1542.88    161.449    161.036         33 0.0000e+00
      23609    983.652    113.239    114.000    23.0005    23.0084   5.324230   5.325632     2.5376     2.1339     100.00   24.52032  -80.62422   -0.01912   -0.01812     3.6829     3.6808    22.9770    22.9850    36.7024    36.7066    25.2321    25.2330    1542.80    160.430    160.341         32 0.0000e+00
      23642    985.021    114.233    115.000    22.9805    22.9817   5.321591   5.322021     2.5337     2.1338     100.00   24.52032  -80.62421   -0.01199   -0.00921     3.6769     3.6827    22.9569    22.9580    36.6982    36.7006    25.2348    25.2362    1542.72    160.169    160.423         34 0.0000e+00
      23675    986.412    115.225    116.000    22.9436    22.9443   5.316283   5.316566     2.5325     2.1326      99.99   24.52034  -80.62419   -0.00397   -0.00170     3.6776     3.6833    22.9198    22.9205    36.6875    36.6891    25.2374    25.2384    1542.63    160.200    160.448         33 0.0000e+00
      23707    987.750    116.218    117.000    22.8147    22.8387   5.302900   5.304521     2.5335     2.1367     100.00   24.52034  -80.62417   -0.00101    0.00042     3.6895     3.7000    22.7908    22.8147    36.6845    36.6845    25.2725    25.2655    1542.55    160.712    161.171         32 0.0000e+00
      23740    989.114    117.212    118.000    22.7592    22.7561   5.296710   5.296638     2.5281     2.1285     100.00   24.52034  -80.62416   -0.00060   -0.00005     3.6825     3.6872    22.7351    22.7320    36.6888    36.6909    25.2918    25.2943    1542.46    160.402    160.606         33 0.0000e+00
      23774    990.525    118.205    119.000    22.7422    22.7427   5.297755   5.298225     2.5152     2.1155     100.00   24.52036  -80.62414   -0.00405   -0.00457     3.6573     3.6588    22.7179    22.7184    36.7109    36.7142    25.3136    25.3159    1542.38    159.304    159.366         34 0.0000e+00
      23806    991.873    119.198    120.000    22.6979    22.7021   5.299702   5.300169     2.4963     2.0954     100.00   24.52036  -80.62413   -0.00964   -0.01015     3.6213     3.6158    22.6734    22.6776    36.7630    36.7632    25.3660    25.3648    1542.30    157.726    157.486         31 0.0000e+00
      23838    993.192    120.191    121.000    22.6094    22.6119   5.292343   5.292879     2.4686     2.0692      93.99   24.52036  -80.62412   -0.01418   -0.01444     3.5708     3.5626    22.5848    22.5873    36.7796    36.7817    25.4040    25.4050    1542.22    155.520    155.164         33 0.0000e+00
      23871    994.578    121.183    122.000    22.5044    22.5107   5.279598   5.280613     2.4465     2.0503      99.35   24.52038  -80.62410   -0.01848   -0.01753     3.5332     3.5269    22.4797    22.4859    36.7679    36.7706    25.4253    25.4256    1542.14    153.880    153.607         33 0.0000e+00
      23904    995.979    122.177    123.000    22.4374    22.4400   5.271444   5.272015     2.4332     2.0407     100.01   24.52038  -80.62409   -0.01618   -0.01393     3.5111     3.5104    22.4125    22.4151    36.7601    36.7624    25.4386    25.4397    1542.05    152.916    152.883         33 0.0000e+00
      23937    997.319    123.170    124.000    22.3325    22.3408   5.258417   5.259604     2.4255     2.0345     100.00   24.52040  -80.62408   -0.00987   -0.00772     3.5029     3.5032    22.3075    22.3158    36.7459    36.7483    25.4578    25.4573    1541.97    152.557    152.572         32 0.0000e+00
      23969    998.681    124.163    125.000    21.9961    22.0073   5.216877   5.218415     2.4113     2.0216      97.79   24.52040  -80.62406   -0.00757   -0.00590     3.4975     3.4963    21.9712    21.9824    36.7024    36.7050    25.5201    25.5189    1541.88    152.309    152.258         34 0.0000e+00
      24003   1000.071    125.156    126.000    21.8097    21.8147   5.195462   5.196259     2.3900     1.9993      96.37   24.52041  -80.62405   -0.01044   -0.00983     3.4667     3.4586    21.7847    21.7898    36.6905    36.6925    25.5636    25.5637    1541.79    150.964    150.610         33 0.0000e+00
      24036   1001.439    126.149    127.000    21.6916    21.6941   5.182729   5.183309     2.3703     1.9822     100.00   24.52042  -80.62403   -0.01413   -0.01374     3.4336     3.4269    21.6665    21.6691    36.6892    36.6917    25.5958    25.5970    1541.70    149.519    149.225         32 0.0000e+00
      24068   1002.779    127.142    128.000    21.6189    21.6245   5.174277   5.175182     2.3538     1.9697     100.00   24.52043  -80.62401   -0.01428   -0.01303     3.4047     3.4031    21.5937    21.5993    36.6834    36.6858    25.6117    25.6120    1541.61    148.258    148.185         32 0.0000e+00
      24100   1004.123    128.135    129.000    21.2799    21.2761   5.134646   5.139214     2.3335     1.9523     100.00   24.52044  -80.62400   -0.01330   -0.01077     3.3850     3.3852    21.2764    21.2525    36.6365    36.6429    25.6639    25.6591    1541.53    147.393    147.402         33 0.0000e+00
      24133   1005.492    129.128    130.000    20.7813    20.7898   5.072919   5.074119     2.2956     1.9129      98.80   24.52045  -80.62399   -0.01707   -0.01542     3.3397     3.3254    20.7566    20.7649    36.5842    36.5864    25.7670    25.7663    1541.41    145.406    144.782         33 0.0000e+00
      24166   1006.872    130.121    131.000    20.5082    20.5275   5.046854   5.048831     2.2490     1.8684     100.00   24.52046  -80.62398   -0.02644   -0.02629     3.2583     3.2374    20.4833    20.5027    36.6074    36.6068    25.8588    25.8531    1541.30    141.849    140.938         33 0.0000e+00
      24199   1008.241    131.114    132.000    20.3048    20.3094   5.027205   5.028000     2.2219     1.8467     100.00   24.52046  -80.62396   -0.02986   -0.02832     3.2131     3.1994    20.2800    20.2845    36.6224    36.6250    25.9251    25.9258    1541.19    139.872    139.274         33 0.0000e+00
      24231   1009.598    132.107    133.000    20.1731    20.1846   5.012178   5.013952     2.2101     1.8427      92.38   24.52047  -80.62394   -0.02097   -0.01694     3.1970     3.1980    20.1481    20.1597    36.6131    36.6177    25.9533    25.9537    1541.07    139.165    139.211         32 0.0000e+00
      24263   1010.931    133.099    134.000    20.1113    20.1072   5.004975   5.004769     2.2067     1.8435      31.82   24.52048  -80.62393   -0.00962   -0.00491     3.1940     3.2049    20.0862    20.0822    36.6072    36.6091    25.9653    25.9678    1540.96    139.034    139.509         32 0.0000e+00
      24295   1012.268    134.093    135.000    20.0285    20.0321   4.996409   4.997020     2.2023     1.8407      71.51   24.52048  -80.62392   -0.00409   -0.00087     3.1902     3.2032    20.0033    20.0069    36.6083    36.6103    25.9883    25.9888    1540.84    138.865    139.430         32 0.0000e+00
      24329   1013.646    135.085    136.000    19.9260    19.9283   4.986474   4.986989     2.2023     1.8424     100.01   24.52049  -80.62390   -0.00232   -0.00077     3.1970     3.2138    19.9007    19.9030    36.6153    36.6176    26.0209    26.0220    1540.73    139.158    139.887         34 0.0000e+00
      24362   1015.037    136.078    137.000    19.8081    19.8137   4.974066   4.974921     2.2051     1.8460     100.00   24.52050  -80.62389   -0.00024    0.00094     3.2110     3.2296    19.7827    19.7883    36.6153    36.6175    26.0521    26.0523    1540.62    139.762    140.571         33 0.0000e+00
      24394   1016.357    137.071    138.000    19.6323    19.6518   4.955619   4.956890     2.2059     1.8448      99.76   24.52050  -80.62388    0.00138    0.00161     3.2241     3.2374    19.6216    19.6268    36.6029    36.6057    26.0851    26.0849    1540.51    140.328    140.909         31 0.0000e+00
      24425   1017.663    138.064    139.000    19.2537    19.2530   4.908146   4.908296     2.1996     1.8392      99.99   24.52052  -80.62386   -0.00005   -0.00063     3.2366     3.2493    19.2287    19.2277    36.5512    36.5532    26.1482    26.1500    1540.37    140.863    141.414         32 0.0000e+00
      24458   1019.042    139.057    140.000    19.0549    19.0489   4.883741   4.883272     2.1887     1.8271     100.00   24.52052  -80.62385   -0.00421   -0.00445     3.2266     3.2338    19.0297    19.0237    36.5213    36.5226    26.1769    26.1794    1540.25    140.422    140.736         34 0.0000e+00
      24492   1020.451    140.050    141.000    18.9031    18.8854   4.865414   4.863481     2.1760     1.8124     100.00   24.52053  -80.62383   -0.00754   -0.00825     3.2102     3.2098    18.8778    18.8602    36.5004    36.4997    26.1999    26.2039    1540.12    139.706    139.690         33 0.0000e+00
      24524   1021.803    141.043    142.000    18.7278    18.7367   4.844587   4.845820     2.1612     1.8004     100.00   24.52054  -80.62381   -0.00921   -0.00980     3.1886     3.1899    18.7025    18.7114    36.4790    36.4815    26.2284    26.2280    1540.00    138.762    138.822         31 0.0000e+00
      24555   1023.094    142.036    143.000    18.6267    18.6282   4.832551   4.832930     2.1485     1.7912     100.00   24.52054  -80.62380   -0.01033   -0.00905     3.1676     3.1748    18.6013    18.6029    36.4660    36.4679    26.2442    26.2452    1539.87    137.848    138.162         31 0.0000e+00
      24587   1024.398    143.029    144.000    18.5870    18.5912   4.827978   4.828823     2.1402     1.7847     100.00   24.52056  -80.62378   -0.00948   -0.00719     3.1525     3.1615    18.5615    18.5657    36.4620    36.4655    26.2513    26.2528    1539.74    137.190    137.582         33 0.0000e+00
      24620   1025.803    144.022    145.000    18.5374    18.5344   4.823339   4.822665     2.1327     1.7789      63.36   24.52056  -80.62378   -0.00709   -0.00545     3.1372     3.1510    18.5117    18.5087    36.4559    36.4588    26.2592    26.2622    1539.62    136.521    137.123         34 0.0000e+00
      24654   1027.210    145.015    146.000    18.5277    18.5326   4.821172   4.822103     2.1280     1.7770      65.65   24.52058  -80.62376   -0.00495   -0.00354     3.1298     3.1472    18.5019    18.5068    36.4562    36.4596    26.2619    26.2633    1539.48    136.199    136.956         32 0.0000e+00
      24685   1028.510    146.008    147.000    18.5273    18.5281   4.821318   4.821724     2.1252     1.7743      99.88   24.52058  -80.62374   -0.00350   -0.00210     3.1242     3.1414    18.5013    18.5021    36.4572    36.4600    26.2628    26.2648    1539.36    135.959    136.706         31 0.0000e+00
      24716   1029.804    147.001    148.000    18.4193    18.4174   4.808558   4.808845     2.1219     1.7716      98.68   24.52059  -80.62373   -0.00252   -0.00182     3.1236     3.1417    18.3932    18.3913    36.4440    36.4470    26.2800    26.2828    1539.24    135.928    136.715         32 0.0000e+00
      24750   1031.191    147.993    149.000    18.3796    18.3815   4.803981   4.804515     2.1180     1.7670      97.72   24.52060  -80.62372   -0.00248   -0.00237     3.1184     3.1334    18.3534    18.3553    36.4399    36.4428    26.2869    26.2886    1539.11    135.701    136.351         34 0.0000e+00
      24783   1032.601    148.986    150.000    18.3588    18.3656   4.801617   4.802708     2.1143     1.7641      96.68   24.52061  -80.62371   -0.00276   -0.00275     3.1132     3.1283    18.3325    18.3393    36.4379    36.4411    26.2906    26.2913    1538.99    135.472    136.131         33 0.0000e+00
      24815   1033.918    149.979    151.000    18.2535    18.2453   4.789742   4.788461     2.1114     1.7611      95.78   24.52062  -80.62369   -0.00262   -0.00246     3.1112     3.1265    18.2271    18.2188    36.4250    36.4259    26.3073    26.3100    1538.88    135.386    136.051         31 0.0000e+00
      24846   1035.217    150.972    152.000    18.2285    18.2255   4.786399   4.786305     2.1074     1.7571      94.77   24.52062  -80.62368   -0.00256   -0.00229     3.1058     3.1201    18.2020    18.1990    36.4228    36.4247    26.3119    26.3141    1538.74    135.149    135.770         32 0.0000e+00
      24878   1036.553    151.965    153.000    18.2136    18.2169   4.784726   4.785343     2.1061     1.7555      93.76   24.52064  -80.62366   -0.00226   -0.00247     3.1043     3.1171    18.1869    18.1902    36.4214    36.4237    26.3146    26.3155    1538.63    135.084    135.641         32 0.0000e+00
      24911   1037.933    152.958    154.000    18.1831    18.1866   4.780808   4.781819     2.1043     1.7538      92.77   24.52064  -80.62365   -0.00159   -0.00174     3.1026     3.1150    18.1537    18.1597    36.4169    36.4196    26.3194    26.3200    1538.50    135.007    135.548         34 0.0000e+00
      24945   1039.336    153.950    155.000    18.1314    18.1519   4.775055   4.777797     2.1009     1.7521      92.02   24.52066  -80.62364   -0.00150   -0.00118     3.0988     3.1136    18.1045    18.1249    36.4110    36.4163    26.3272    26.3262    1538.39    134.840    135.489         33 0.0000e+00
      24977   1040.654    154.943    156.000    18.1256    18.1375   4.774617   4.776033     2.0988     1.7503      90.81   24.52066  -80.62362   -0.00199   -0.00117     3.0949     3.1103    18.1000    18.1103    36.4107    36.4136    26.3281    26.3277    1538.28    134.672    135.342         31 0.0000e+00
      25008   1041.971    155.936    157.000    18.1008    18.0964   4.771529   4.771167     2.0978     1.7473      89.93   24.52067  -80.62361   -0.00165   -0.00148     3.0946     3.1064    18.0735    18.0691    36.4073    36.4081    26.3321    26.3338    1538.16    134.657    135.172         32 0.0000e+00
      25042   1043.365    156.929    158.000    18.0289    17.9985   4.762909   4.759170     2.0955     1.7445      88.94   24.52068  -80.62360   -0.00117   -0.00202     3.0946     3.1058    18.0015    17.9712    36.3970    36.3948    26.3421    26.3480    1538.04    134.657    135.143         34 0.0000e+00
      25075   1044.752    157.922    159.000    17.9859    17.9764   4.757605   4.756805     2.0930     1.7424      87.85   24.52068  -80.62358   -0.00144   -0.00202     3.0926     3.1022    17.9584    17.9489    36.3894    36.3930    26.3470    26.3522    1537.93    134.571    134.986         33 0.0000e+00
