GOMECC/GOMECC-4/1db/drb2103_1082.cnv
* Sea-Bird SBE 9 Data File:
* FileName = C:\Users\scs.user.rb\CTD\GOMECC4\data\rb2103_1081.hex
* Software Version Seasave V 7.26.7.107
* Temperature SN = 4799
* Conductivity SN = 3860
* Number of Bytes Per Scan = 41
* Number of Voltage Words = 4
* Number of Scans Averaged by the Deck Unit = 1
* NMEA Latitude = 22 55.36 N
* NMEA Longitude = 086 22.48 W
* NMEA UTC (Time) = Oct 14 2021  21:53:13
* NMEA baud rate = 4800
# nquan = 28
# nvalues = 471                         
# units = specified
# name 0 = scan: Scan Count
# name 1 = timeS: Time, Elapsed [seconds]
# name 2 = depSM: Depth [salt water, m]
# name 3 = prDM: Pressure, Digiquartz [db]
# name 4 = t090C: Temperature [ITS-90, deg C]
# name 5 = t190C: Temperature, 2 [ITS-90, deg C]
# name 6 = c0S/m: Conductivity [S/m]
# name 7 = c1S/m: Conductivity, 2 [S/m]
# name 8 = sbeox0V: Oxygen raw, SBE 43 [V]
# name 9 = sbeox1V: Oxygen raw, SBE 43, 2 [V]
# name 10 = altM: Altimeter [m]
# name 11 = latitude: Latitude [deg]
# name 12 = longitude: Longitude [deg]
# name 13 = sbox0dV/dT: Oxygen, SBE 43 [dov/dt]
# name 14 = sbox1dV/dT: Oxygen, SBE 43, 2 [dov/dt]
# name 15 = sbeox0ML/L: Oxygen, SBE 43 [ml/l], WS = 5
# name 16 = sbeox1ML/L: Oxygen, SBE 43, 2 [ml/l], WS = 5
# name 17 = potemp090C: Potential Temperature [ITS-90, deg C]
# name 18 = potemp190C: Potential Temperature, 2 [ITS-90, deg C]
# name 19 = sal00: Salinity, Practical [PSU]
# name 20 = sal11: Salinity, Practical, 2 [PSU]
# name 21 = sigma-é00: Density [sigma-theta, kg/m^3]
# name 22 = sigma-é11: Density, 2 [sigma-theta, kg/m^3]
# name 23 = avgsvCM: Average Sound Velocity [Chen-Millero, m/s], minP = 20, minS = 20
# name 24 = sbox0Mm/Kg: Oxygen, SBE 43 [umol/kg], WS = 5
# name 25 = sbox1Mm/Kg: Oxygen, SBE 43, 2 [umol/kg], WS = 5
# name 26 = nbin: number of scans per bin
# name 27 = flag: flag
# span 0 =      38556,      76739       
# span 1 =   1606.454,   3197.404       
# span 2 =      0.994,    998.245       
# span 3 =      1.000,   1007.000       
# span 4 =     5.1519,    30.6510       
# span 5 =     5.1523,    30.6025       
# span 6 =   3.398060,   6.080937       
# span 7 =   3.398086,   6.089550       
# span 8 =     1.6194,     3.2554       
# span 9 =     1.3199,     3.3177       
# span 10 =      11.05,     100.98      
# span 11 =   22.72564,   22.93046      
# span 12 =  -86.38621,  -85.62820      
# span 13 =   -0.02245,    0.07825      
# span 14 =   -0.15231,    0.09413      
# span 15 =     2.6836,     4.4817      
# span 16 =     2.7014,     5.5495      
# span 17 =     5.0668,    30.6508      
# span 18 =     5.0672,    30.6020      
# span 19 =    34.8798,    37.0021      
# span 20 =    34.8793,    37.0036      
# span 21 =    21.5297,    27.6182      
# span 22 =    22.4704,    27.6177      
# span 23 =       0.00,    1546.94      
# span 24 =    116.684,    195.710      
# span 25 =    117.455,    242.316      
# span 26 =         30,         67      
# span 27 = 0.0000e+00, 0.0000e+00      
# interval = decibars: 1                
# start_time = Oct 14 2021 21:53:13 [NMEA time, header]
# bad_flag = -9.990e-29
*END*
[from data line 415]
      70957   2956.485    815.214    822.000     6.7018     6.7022   3.528503   3.528505     1.6769     1.3746     100.00   22.92734  -86.37705    0.00066    0.00072     3.0814     3.1053     6.6233     6.6237    34.8985    34.8981    27.3905    27.3902    1515.27    133.946    134.987         35 0.0000e+00
      71089   2962.018    820.162    827.000     6.5889     6.5892   3.517219   3.517208     1.6806     1.3787     100.00   22.92683  -86.37497    0.00043    0.00065     3.1053     3.1314     6.5106     6.5109    34.8856    34.8852    27.3955    27.3952    1515.08    134.985    136.118         32 0.0000e+00
      71123   2963.410    821.152    828.000     6.5822     6.5825   3.516687   3.516702     1.6828     1.3803     100.00   22.92718  -86.37628    0.00093    0.00111     3.1131     3.1378     6.5038     6.5041    34.8861    34.8859    27.3968    27.3966    1515.07    135.325    136.399         32 0.0000e+00
      71370   2973.708    830.060    837.000     6.4301     6.4295   3.502591   3.502491     1.6942     1.3914     100.00   22.92738  -86.37689    0.00116    0.00110     3.1669     3.1935     6.3518     6.3513    34.8798    34.8793    27.4120    27.4117    1514.81    137.660    138.817         30 0.0000e+00
      71503   2979.243    835.008    842.000     6.3490     6.3495   3.495534   3.495552     1.7036     1.4002     100.00   22.92655  -86.37369    0.00191    0.00167     3.2064     3.2334     6.2707     6.2712    34.8812    34.8809    27.4238    27.4235    1514.61    139.375    140.549         33 0.0000e+00
      71539   2980.768    835.998    843.000     6.3426     6.3428   3.495080   3.495070     1.7062     1.4025      62.31   22.92724  -86.37632    0.00181    0.00151     3.2160     3.2425     6.2643     6.2645    34.8823    34.8820    27.4255    27.4252    1514.62    139.791    140.943         34 0.0000e+00
      71635   2984.736    839.957    847.000     6.3154     6.3162   3.492636   3.492686     1.7114     1.4066      99.99   22.92604  -86.37171    0.00120    0.00105     3.2369     3.2613     6.2368     6.2376    34.8807    34.8804    27.4278    27.4275    1514.43    140.703    141.763         32 0.0000e+00
      71677   2986.495    840.947    848.000     6.3082     6.3083   3.492185   3.492157     1.7130     1.4080     100.00   22.92728  -86.37632    0.00097    0.00070     3.2432     3.2671     6.2296     6.2296    34.8826    34.8823    27.4303    27.4300    1514.47    140.973    142.013         41 0.0000e+00
      71807   2991.911    845.895    853.000     6.2451     6.2452   3.486909   3.486890     1.7175     1.4121     100.00   22.92742  -86.37676    0.00081    0.00075     3.2656     3.2891     6.1664     6.1665    34.8857    34.8853    27.4410    27.4407    1514.34    141.946    142.969         34 0.0000e+00
      71840   2993.283    846.885    854.000     6.2135     6.2133   3.484069   3.483968     1.7192     1.4135     100.00   22.92730  -86.37632    0.00110    0.00091     3.2745     3.2975     6.1349     6.1347    34.8856    34.8848    27.4450    27.4443    1514.30    142.332    143.333         32 0.0000e+00
      72002   3000.034    852.822    860.000     6.2046     6.2060   3.484564   3.484755     1.7290     1.4224     100.00   22.92695  -86.37493    0.00173    0.00105     3.3097     3.3323     6.1255     6.1268    34.8976    34.8980    27.4557    27.4558    1514.10    143.862    144.842         35 0.0000e+00
      72036   3001.457    853.812    861.000     6.2213     6.2218   3.486724   3.486745     1.7289     1.4207     100.00   22.92732  -86.37634    0.00083   -0.00009     3.3080     3.3250     6.1419     6.1424    34.9040    34.9037    27.4586    27.4583    1514.09    143.785    144.528         30 0.0000e+00
      72143   3005.900    857.770    865.000     6.1783     6.1793   3.483216   3.483270     1.7189     1.4105     100.00   22.92769  -86.37769   -0.00251   -0.00249     3.2807     3.2938     6.0988     6.0998    34.9067    34.9063    27.4663    27.4659    1514.00    142.601    143.170         30 0.0000e+00
      72172   3007.110    858.760    866.000     6.1678     6.1689   3.482198   3.482252     1.7178     1.4103     100.00   22.92734  -86.37636   -0.00183   -0.00147     3.2784     3.2945     6.0883     6.0894    34.9055    34.9050    27.4667    27.4662    1513.95    142.500    143.200         30 0.0000e+00
      72391   3016.232    866.677    874.000     6.0500     6.0506   3.471942   3.471952     1.7239     1.4185      77.30   22.92708  -86.37526    0.00122    0.00112     3.3124     3.3380     5.9705     5.9711    34.9071    34.9066    27.4831    27.4826    1513.70    143.974    145.089         32 0.0000e+00
      72523   3021.747    871.624    879.000     5.9803     5.9796   3.465850   3.465757     1.7297     1.4252      99.98   22.92643  -86.37274    0.00113    0.00140     3.3401     3.3705     5.9007     5.9001    34.9076    34.9072    27.4923    27.4921    1513.52    145.176    146.498         37 0.0000e+00
      72562   3023.363    872.613    880.000     5.9641     5.9639   3.464592   3.464518     1.7324     1.4272     100.00   22.92740  -86.37640    0.00142    0.00150     3.3510     3.3794     5.8846     5.8843    34.9096    34.9090    27.4960    27.4955    1513.55    145.650    146.887         32 0.0000e+00
      72664   3027.620    876.572    884.000     5.8525     5.8528   3.454735   3.454730     1.7404     1.4358      71.62   22.92739  -86.37627    0.00185    0.00211     3.3897     3.4223     5.7733     5.7736    34.9111    34.9107    27.5112    27.5109    1513.44    147.329    148.748         33 0.0000e+00
      72803   3033.425    881.519    889.000     5.8109     5.8113   3.451238   3.451242     1.7572     1.4515     100.00   22.92720  -86.37546    0.00260    0.00239     3.4516     3.4850     5.7315     5.7319    34.9119    34.9115    27.5171    27.5167    1513.28    150.019    151.471         33 0.0000e+00
      72939   3039.077    886.467    894.000     5.7945     5.7949   3.450038   3.450028     1.7651     1.4567     100.00   22.92712  -86.37505    0.00114    0.00072     3.4815     3.5074     5.7147     5.7151    34.9127    34.9122    27.5198    27.5194    1513.13    151.319    152.446         33 0.0000e+00
      73078   3044.886    891.414    899.000     5.7684     5.7690   3.447965   3.447972     1.7674     1.4584     100.00   22.92725  -86.37556    0.00030    0.00019     3.4942     3.5183     5.6883     5.6889    34.9136    34.9132    27.5239    27.5234    1513.00    151.869    152.917         31 0.0000e+00
      73213   3050.520    896.361    904.000     5.7588     5.7590   3.447337   3.447311     1.7706     1.4610      99.32   22.92720  -86.37523    0.00068    0.00050     3.5080     3.5309     5.6783     5.6785    34.9140    34.9135    27.5254    27.5250    1512.86    152.469    153.466         32 0.0000e+00
      73247   3051.902    897.350    905.000     5.7496     5.7501   3.446600   3.446607     1.7713     1.4612     100.01   22.92752  -86.37644    0.00063    0.00020     3.5116     3.5330     5.6691     5.6696    34.9146    34.9143    27.5270    27.5267    1512.85    152.626    153.555         31 0.0000e+00
      73383   3057.569    902.297    910.000     5.7308     5.7314   3.445176   3.445185     1.7739     1.4640     100.00   22.92790  -86.37783    0.00047    0.00046     3.5242     3.5473     5.6500     5.6505    34.9155    34.9150    27.5301    27.5296    1512.74    153.174    154.176         30 0.0000e+00
      73493   3062.159    906.255    914.000     5.7115     5.7119   3.443647   3.443640     1.7753     1.4651      99.78   22.92798  -86.37800    0.00035    0.00026     3.5325     3.5549     5.6304     5.6308    34.9161    34.9156    27.5330    27.5326    1512.64    153.534    154.507         30 0.0000e+00
      73599   3066.582    910.212    918.000     5.7098     5.7102   3.443583   3.443578     1.7779     1.4675      99.96   22.92727  -86.37525    0.00061    0.00065     3.5435     3.5657     5.6283     5.6287    34.9151    34.9146    27.5324    27.5320    1512.48    154.012    154.979         31 0.0000e+00
      73898   3079.061    921.095    929.000     5.5145     5.5147   3.426694   3.426684     1.7967     1.4885      89.46   22.92699  -86.37409    0.00297    0.00299     3.6308     3.6665     5.4334     5.4335    34.9193    34.9190    27.5597    27.5594    1512.17    157.805    159.352         30 0.0000e+00
      73932   3080.440    922.084    930.000     5.5143     5.5142   3.426805   3.426766     1.8012     1.4930      88.27   22.92764  -86.37648    0.00323    0.00324     3.6465     3.6835     5.4330     5.4329    34.9203    34.9200    27.5606    27.5604    1512.19    158.483    160.091         31 0.0000e+00
      74038   3084.880    926.041    934.000     5.5055     5.5057   3.426235   3.426214     1.8105     1.4993      84.41   22.92753  -86.37607    0.00192    0.00112     3.6808     3.7091     5.4239     5.4241    34.9210    34.9205    27.5622    27.5618    1512.08    159.973    161.204         36 0.0000e+00
      74176   3090.608    930.987    939.000     5.4940     5.4939   3.425493   3.425457     1.8138     1.5017      79.34   22.92769  -86.37661    0.00045    0.00040     3.6954     3.7215     5.4120     5.4120    34.9220    34.9216    27.5644    27.5641    1511.95    160.609    161.744         36 0.0000e+00
      74314   3096.368    935.933    944.000     5.4504     5.4492   3.422059   3.422075     1.8155     1.5032      74.27   22.92794  -86.37749    0.00025    0.00026     3.7082     3.7348     5.3683     5.3671    34.9238    34.9233    27.5712    27.5709    1511.84    161.163    162.321         33 0.0000e+00
      74419   3100.767    939.890    948.000     5.4364     5.4366   3.420708   3.420684     1.8203     1.5076      70.42   22.92675  -86.37294    0.00122    0.00102     3.7278     3.7534     5.3540     5.3542    34.9224    34.9220    27.5718    27.5714    1511.66    162.014    163.128         32 0.0000e+00
      74455   3102.260    940.879    949.000     5.4252     5.4263   3.419910   3.419940     1.8213     1.5086      69.26   22.92772  -86.37652    0.00120    0.00088     3.7327     3.7584     5.3428     5.3439    34.9245    34.9237    27.5748    27.5741    1511.69    162.230    163.344         32 0.0000e+00
      74559   3106.597    944.836    953.000     5.3707     5.3714   3.415241   3.415262     1.8242     1.5122      65.31   22.92736  -86.37518    0.00064    0.00085     3.7502     3.7792     5.2883     5.2890    34.9256    34.9251    27.5823    27.5817    1511.57    162.990    164.249         32 0.0000e+00
      74670   3111.196    948.793    957.000     5.3463     5.3464   3.413289   3.413267     1.8313     1.5184      61.29   22.92749  -86.37561    0.00153    0.00132     3.7789     3.8068     5.2637     5.2638    34.9266    34.9262    27.5859    27.5856    1511.48    164.234    165.449         30 0.0000e+00
      74702   3112.522    949.782    958.000     5.3436     5.3415   3.413127   3.412916     1.8328     1.5196      60.21   22.92774  -86.37656    0.00149    0.00123     3.7848     3.8123     5.2609     5.2588    34.9271    34.9269    27.5867    27.5868    1511.47    164.489    165.685         32 0.0000e+00
      74838   3118.200    954.728    963.000     5.3301     5.3302   3.412196   3.412164     1.8364     1.5225      55.29   22.92785  -86.37689    0.00063    0.00041     3.8008     3.8264     5.2471     5.2472    34.9279    34.9274    27.5890    27.5886    1511.35    165.187    166.300         32 0.0000e+00
      74944   3122.624    958.684    967.000     5.3196     5.3178   3.411349   3.411137     1.8376     1.5234      51.37   22.92701  -86.37365    0.00033    0.00023     3.8079     3.8330     5.2362     5.2345    34.9271    34.9265    27.5897    27.5894    1511.20    165.493    166.587         32 0.0000e+00
      74980   3124.129    959.674    968.000     5.3003     5.3004   3.409793   3.409754     1.8376     1.5231      50.22   22.92780  -86.37656    0.00016    0.00017     3.8105     3.8344     5.2170     5.2171    34.9289    34.9283    27.5933    27.5929    1511.22    165.608    166.645         33 0.0000e+00
      75082   3128.393    963.630    972.000     5.2267     5.2272   3.403384   3.403392     1.8394     1.5256      46.20   22.92717  -86.37421    0.00048    0.00057     3.8263     3.8531     5.1436     5.1440    34.9299    34.9294    27.6029    27.6024    1511.08    166.295    167.456         34 0.0000e+00
      75119   3129.918    964.619    973.000     5.2066     5.2063   3.401747   3.401677     1.8418     1.5281      45.32   22.92781  -86.37658    0.00077    0.00102     3.8372     3.8651     5.1235     5.1232    34.9314    34.9310    27.6065    27.6061    1511.10    166.767    167.976         32 0.0000e+00
      75225   3134.340    968.575    977.000     5.1773     5.1777   3.399352   3.399357     1.8506     1.5372      41.19   22.92772  -86.37619    0.00200    0.00210     3.8725     3.9041     5.0941     5.0944    34.9323    34.9320    27.6106    27.6104    1511.00    168.298    169.672         36 0.0000e+00
      75360   3139.975    973.520    982.000     5.1620     5.1622   3.398209   3.398191     1.8575     1.5421      36.36   22.92735  -86.37477    0.00097    0.00058     3.9003     3.9265     5.0784     5.0786    34.9326    34.9322    27.6127    27.6124    1510.85    169.507    170.647         31 0.0000e+00
      75394   3141.386    974.510    983.000     5.1628     5.1621   3.398418   3.398292     1.8584     1.5431      35.21   22.92784  -86.37660    0.00071    0.00059     3.9033     3.9305     5.0791     5.0785    34.9333    34.9330    27.6132    27.6130    1510.85    169.639    170.819         33 0.0000e+00
      75525   3146.835    979.455    988.000     5.1577     5.1592   3.398060   3.398158     1.8606     1.5434      30.42   22.92697  -86.37323    0.00040    0.00003     3.9145     3.9345     5.0736     5.0751    34.9324    34.9319    27.6131    27.6125    1510.68    170.125    170.995         35 0.0000e+00
      75563   3148.398    980.444    989.000     5.1571     5.1580   3.398170   3.398218     1.8610     1.5438      29.21   22.92788  -86.37662    0.00023    0.00011     3.9162     3.9366     5.0730     5.0738    34.9338    34.9335    27.6143    27.6139    1510.71    170.199    171.084         32 0.0000e+00
      75666   3152.688    984.400    993.000     5.1557     5.1560   3.398230   3.398214     1.8610     1.5433      25.51   22.92790  -86.37665    0.00002   -0.00020     3.9184     3.9371     5.0711     5.0714    34.9340    34.9336    27.6147    27.6143    1510.62    170.292    171.104         30 0.0000e+00
      75696   3153.946    985.389    994.000     5.1538     5.1542   3.398100   3.398101     1.8610     1.5433      24.55   22.92790  -86.37664   -0.00005   -0.00009     3.9191     3.9377     5.0692     5.0696    34.9340    34.9336    27.6149    27.6145    1510.59    170.324    171.134         30 0.0000e+00
      75726   3155.204    986.378    995.000     5.1542     5.1544   3.398182   3.398160     1.8610     1.5434      23.39   22.92790  -86.37666   -0.00004    0.00001     3.9198     3.9386     5.0695     5.0697    34.9340    34.9335    27.6148    27.6145    1510.57    170.353    171.169         30 0.0000e+00
      75830   3159.528    990.334    999.000     5.1519     5.1523   3.398086   3.398086     1.8608     1.5433      19.52   22.92737  -86.37459   -0.00004   -0.00001     3.9214     3.9406     5.0668     5.0672    34.9333    34.9329    27.6146    27.6142    1510.44    170.423    171.256         30 0.0000e+00
      75863   3160.914    991.322   1000.000     5.1520     5.1524   3.398208   3.398199     1.8608     1.5433      18.48   22.92792  -86.37666   -0.00008    0.00000     3.9219     3.9410     5.0669     5.0673    34.9341    34.9336    27.6152    27.6148    1510.46    170.445    171.275         32 0.0000e+00
