GOMECC/GOMECC-4/1db/drb2103_1351.cnv
* Sea-Bird SBE 9 Data File:
* FileName = C:\Users\scs.user.rb\CTD\GOMECC4\data\rb2103_1351.hex
* Software Version Seasave V 7.26.7.107
* Temperature SN = 4799
* Conductivity SN = 3860
* Number of Bytes Per Scan = 41
* Number of Voltage Words = 4
* Number of Scans Averaged by the Deck Unit = 1
* NMEA Latitude = 26 15.54 N
* NMEA Longitude = 083 48.34 W
* NMEA UTC (Time) = Oct 20 2021  01:30:15
* NMEA baud rate = 4800
# nquan = 28
# nvalues = 79                          
# units = specified
# name 0 = scan: Scan Count
# name 1 = timeS: Time, Elapsed [seconds]
# name 2 = depSM: Depth [salt water, m]
# name 3 = prDM: Pressure, Digiquartz [db]
# name 4 = t090C: Temperature [ITS-90, deg C]
# name 5 = t190C: Temperature, 2 [ITS-90, deg C]
# name 6 = c0S/m: Conductivity [S/m]
# name 7 = c1S/m: Conductivity, 2 [S/m]
# name 8 = sbeox0V: Oxygen raw, SBE 43 [V]
# name 9 = sbeox1V: Oxygen raw, SBE 43, 2 [V]
# name 10 = altM: Altimeter [m]
# name 11 = latitude: Latitude [deg]
# name 12 = longitude: Longitude [deg]
# name 13 = sbox0dV/dT: Oxygen, SBE 43 [dov/dt]
# name 14 = sbox1dV/dT: Oxygen, SBE 43, 2 [dov/dt]
# name 15 = sbeox0ML/L: Oxygen, SBE 43 [ml/l], WS = 5
# name 16 = sbeox1ML/L: Oxygen, SBE 43, 2 [ml/l], WS = 5
# name 17 = potemp090C: Potential Temperature [ITS-90, deg C]
# name 18 = potemp190C: Potential Temperature, 2 [ITS-90, deg C]
# name 19 = sal00: Salinity, Practical [PSU]
# name 20 = sal11: Salinity, Practical, 2 [PSU]
# name 21 = sigma-é00: Density [sigma-theta, kg/m^3]
# name 22 = sigma-é11: Density, 2 [sigma-theta, kg/m^3]
# name 23 = avgsvCM: Average Sound Velocity [Chen-Millero, m/s], minP = 20, minS = 20
# name 24 = sbox0Mm/Kg: Oxygen, SBE 43 [umol/kg], WS = 5
# name 25 = sbox1Mm/Kg: Oxygen, SBE 43, 2 [umol/kg], WS = 5
# name 26 = nbin: number of scans per bin
# name 27 = flag: flag
# span 0 =      13154,      19946       
# span 1 =    548.046,    831.053       
# span 2 =      2.980,     87.408       
# span 3 =      3.000,     88.000       
# span 4 =    21.6434,    28.6583       
# span 5 =    21.6402,    28.6594       
# span 6 =   5.154309,   5.832476       
# span 7 =   5.153566,   5.832251       
# span 8 =     2.3738,     3.2158       
# span 9 =     1.9890,     2.7271       
# span 10 =      10.74,      92.78      
# span 11 =   26.25860,   26.27035      
# span 12 =  -83.84261,  -83.80522      
# span 13 =   -0.02199,    0.00950      
# span 14 =   -0.01966,    0.01001      
# span 15 =     3.4313,     4.6718      
# span 16 =     3.4330,     4.6526      
# span 17 =    21.6261,    28.6507      
# span 18 =    21.6229,    28.6517      
# span 19 =    35.4005,    36.5235      
# span 20 =    35.4013,    36.5181      
# span 21 =    22.5288,    25.4827      
# span 22 =    22.5289,    25.4788      
# span 23 =       0.00,    1559.10      
# span 24 =    149.435,    203.799      
# span 25 =    149.508,    202.961      
# span 26 =         34,         68      
# span 27 = 0.0000e+00, 0.0000e+00      
# interval = decibars: 1                
# start_time = Oct 20 2021 01:30:15 [NMEA time, header]
# bad_flag = -9.990e-29
*END*
[from data line 52]
      16378    682.381     54.634     55.000    23.9615    23.9627   5.387798   5.387872     2.9872     2.5424      43.11   26.25863  -83.80522   -0.00181   -0.00022     4.4895     4.4927    23.9499    23.9512    36.4162    36.4157    24.7289    24.7281    1541.52    195.664    195.802         45 0.0000e+00
      16427    684.419     55.627     56.000    23.6715    23.6711   5.353656   5.353852     2.9944     2.5469      41.95   26.25863  -83.80522    0.00055    0.00089     4.5273     4.5263    23.6598    23.6593    36.3929    36.3947    24.7972    24.7988    1541.39    197.296    197.251         57 0.0000e+00
      16484    686.808     56.621     57.000    23.5227    23.5222   5.340261   5.340442     2.9905     2.5416      40.95   26.25862  -83.80522    0.00305    0.00083     4.5336     4.5262    23.5130    23.5104    36.4104    36.4113    24.8538    24.8543    1541.25    197.559    197.236         51 0.0000e+00
      16530    688.712     57.614     58.000    23.3263    23.3272   5.319859   5.320148     2.9597     2.5113      40.05   26.25862  -83.80522   -0.00985   -0.00932     4.4874     4.4753    23.3143    23.3152    36.4168    36.4183    24.9170    24.9179    1541.10    195.537    195.008         44 0.0000e+00
      16581    690.817     58.607     59.000    23.1693    23.1688   5.300476   5.300684     2.9363     2.4950      39.04   26.25862  -83.80522   -0.01426   -0.01224     4.4548     4.4527    23.1571    23.1566    36.3967    36.3987    24.9477    24.9493    1540.95    194.107    194.018         59 0.0000e+00
      16641    693.313     59.600     60.000    23.1242    23.1239   5.300657   5.301002     2.9287     2.4846      38.05   26.25862  -83.80522   -0.00338   -0.00231     4.4428     4.4327    23.1118    23.1115    36.4351    36.4380    24.9900    24.9923    1540.80    193.579    193.138         53 0.0000e+00
      16685    695.160     60.593     61.000    23.1495    23.1501   5.309952   5.310266     2.9023     2.4503      37.22   26.25862  -83.80522   -0.00907   -0.01017     4.3869     4.3540    23.1369    23.1375    36.4857    36.4877    25.0211    25.0225    1540.67    191.136    189.703         42 0.0000e+00
      16737    697.346     61.586     62.000    23.1515    23.1520   5.311931   5.312227     2.8444     2.4085      36.03   26.25862  -83.80522   -0.02199   -0.01966     4.2704     4.2613    23.1387    23.1392    36.4991    36.5009    25.0307    25.0320    1540.53    186.060    185.664         61 0.0000e+00
      16793    699.650     62.579     63.000    23.1306    23.1316   5.311727   5.311993     2.8250     2.3951      35.14   26.25862  -83.80522   -0.01371   -0.01051     4.2335     4.2332    23.1176    23.1186    36.5132    36.5145    25.0476    25.0483    1540.41    184.447    184.433         49 0.0000e+00
      16841    701.680     63.573     64.000    22.9621    22.9620   5.294293   5.294164     2.7984     2.3678      34.20   26.25862  -83.80522   -0.00927   -0.00823     4.1933     4.1855    22.9490    22.9489    36.5191    36.5181    25.1010    25.1003    1540.28    182.689    182.349         50 0.0000e+00
      16891    703.761     64.566     65.000    22.7307    22.7291   5.267232   5.267166     2.7524     2.3246      33.24   26.25862  -83.80522   -0.01863   -0.01830     4.1222     4.1084    22.7175    22.7159    36.5010    36.5004    25.1542    25.1537    1540.15    179.579    178.981         50 0.0000e+00
      16949    706.173     65.559     66.000    22.5228    22.5231   5.241070   5.241257     2.7090     2.2838      32.19   26.25862  -83.80522   -0.01985   -0.01890     4.0486     4.0321    22.5094    22.5098    36.4699    36.4711    25.1904    25.1912    1540.01    176.367    175.650         65 0.0000e+00
      17002    708.380     66.553     67.000    22.4450    22.4459   5.232345   5.232623     2.6833     2.2662      31.37   26.25862  -83.80522   -0.01427   -0.01110     4.0027     3.9986    22.4315    22.4324    36.4662    36.4677    25.2099    25.2107    1539.87    174.363    174.188         39 0.0000e+00
      17044    710.141     67.545     68.000    22.4021    22.4027   5.228278   5.228503     2.6647     2.2517      30.39   26.25862  -83.80522   -0.01091   -0.00756     3.9683     3.9695    22.3884    22.3890    36.4700    36.4712    25.2250    25.2258    1539.73    172.865    172.917         52 0.0000e+00
      17102    712.556     68.539     69.000    22.3457    22.3464   5.222710   5.222923     2.6422     2.2312      29.33   26.25862  -83.80522   -0.01008   -0.00890     3.9269     3.9277    22.3318    22.3325    36.4732    36.4743    25.2436    25.2442    1539.60    171.059    171.092         54 0.0000e+00
      17152    714.607     69.532     70.000    22.2817    22.2826   5.215677   5.215918     2.6331     2.2257      28.39   26.25862  -83.80522   -0.00687   -0.00528     3.9138     3.9203    22.2676    22.2686    36.4712    36.4723    25.2604    25.2610    1539.47    170.482    170.768         51 0.0000e+00
      17203    716.751     70.525     71.000    22.2319    22.2328   5.210749   5.210998     2.6242     2.2136      27.39   26.25862  -83.80522   -0.00369   -0.00380     3.8996     3.8969    22.2177    22.2185    36.4738    36.4751    25.2766    25.2773    1539.34    169.864    169.743         49 0.0000e+00
      17252    718.798     71.518     72.000    22.2083    22.2089   5.208847   5.209059     2.6116     2.2023      26.47   26.25862  -83.80522   -0.00539   -0.00593     3.8758     3.8735    22.1939    22.1944    36.4784    36.4796    25.2868    25.2875    1539.22    168.825    168.724         55 0.0000e+00
      17312    721.310     72.511     73.000    22.1463    22.1474   5.202320   5.202515     2.6006     2.1933      25.40   26.25862  -83.80522   -0.00518   -0.00424     3.8581     3.8572    22.1317    22.1329    36.4787    36.4793    25.3046    25.3047    1539.08    168.049    168.012         55 0.0000e+00
      17355    723.088     73.504     74.000    22.0701    22.0728   5.194349   5.194693     2.5900     2.1821      24.65   26.25862  -83.80522   -0.00450   -0.00430     3.8428     3.8381    22.0553    22.0581    36.4796    36.4799    25.3269    25.3264    1538.96    167.378    167.174         38 0.0000e+00
      17409    725.316     74.497     75.000    22.0222    22.0231   5.190062   5.190346     2.5733     2.1675      23.48   26.25862  -83.80522   -0.00694   -0.00644     3.8122     3.8089    22.0073    22.0082    36.4856    36.4871    25.3451    25.3460    1538.84    166.043    165.899         67 0.0000e+00
      17466    727.710     75.491     76.000    21.9964    21.9997   5.187857   5.188303     2.5601     2.1565      22.59   26.25862  -83.80522   -0.00632   -0.00562     3.7872     3.7859    21.9813    21.9846    36.4896    36.4904    25.3555    25.3551    1538.72    164.954    164.896         43 0.0000e+00
      17510    729.547     76.484     77.000    21.9522    21.9514   5.183536   5.183645     2.5465     2.1448      21.64   26.25862  -83.80522   -0.00591   -0.00465     3.7616     3.7619    21.9365    21.9361    36.4926    36.4933    25.3704    25.3710    1538.60    163.834    163.849         50 0.0000e+00
      17566    731.874     77.477     78.000    21.9141    21.9132   5.179544   5.179530     2.5347     2.1356      20.61   26.25862  -83.80522   -0.00647   -0.00562     3.7417     3.7451    21.8986    21.8977    36.4925    36.4932    25.3810    25.3818    1538.49    162.967    163.118         56 0.0000e+00
      17618    734.035     78.470     79.000    21.8811    21.8820   5.176023   5.176244     2.5266     2.1277      19.69   26.25862  -83.80523   -0.00405   -0.00327     3.7277     3.7298    21.8655    21.8663    36.4921    36.4931    25.3900    25.3905    1538.37    162.359    162.448         51 0.0000e+00
      17669    736.161     79.463     80.000    21.8596    21.8594   5.174213   5.174329     2.5110     2.1115      18.68   26.25862  -83.80522   -0.00523   -0.00560     3.6975     3.6947    21.8437    21.8436    36.4956    36.4966    25.3988    25.3996    1538.26    161.042    160.919         48 0.0000e+00
      19946    831.053     87.408     88.000    21.6434    21.6402   5.154309   5.153566     2.3738     1.9890      10.74   26.27035  -83.84261   -0.00247   -0.00211     3.4313     3.4330    21.6261    21.6229    36.5235    36.5181    25.4827    25.4788    1538.11    149.435    149.508         43 0.0000e+00
