GOMECC/GOMECC-4/1db/drb2103_0801.cnv
* Sea-Bird SBE 9 Data File:
* FileName = C:\Users\scs.user.rb\CTD\GOMECC4\data\rb2103_0801.hex
* Software Version Seasave V 7.26.7.107
* Temperature SN = 4799
* Conductivity SN = 3860
* Number of Bytes Per Scan = 41
* Number of Voltage Words = 4
* Number of Scans Averaged by the Deck Unit = 1
* NMEA Latitude = 22 16.43 N
* NMEA Longitude = 096 46.23 W
* NMEA UTC (Time) = Oct 06 2021  09:45:19
* NMEA baud rate = 4800
# nquan = 28
# nvalues = 390                         
# units = specified
# name 0 = scan: Scan Count
# name 1 = timeS: Time, Elapsed [seconds]
# name 2 = depSM: Depth [salt water, m]
# name 3 = prDM: Pressure, Digiquartz [db]
# name 4 = t090C: Temperature [ITS-90, deg C]
# name 5 = t190C: Temperature, 2 [ITS-90, deg C]
# name 6 = c0S/m: Conductivity [S/m]
# name 7 = c1S/m: Conductivity, 2 [S/m]
# name 8 = sbeox0V: Oxygen raw, SBE 43 [V]
# name 9 = sbeox1V: Oxygen raw, SBE 43, 2 [V]
# name 10 = altM: Altimeter [m]
# name 11 = latitude: Latitude [deg]
# name 12 = longitude: Longitude [deg]
# name 13 = sbox0dV/dT: Oxygen, SBE 43 [dov/dt]
# name 14 = sbox1dV/dT: Oxygen, SBE 43, 2 [dov/dt]
# name 15 = sbeox0ML/L: Oxygen, SBE 43 [ml/l], WS = 5
# name 16 = sbeox1ML/L: Oxygen, SBE 43, 2 [ml/l], WS = 5
# name 17 = potemp090C: Potential Temperature [ITS-90, deg C]
# name 18 = potemp190C: Potential Temperature, 2 [ITS-90, deg C]
# name 19 = sal00: Salinity, Practical [PSU]
# name 20 = sal11: Salinity, Practical, 2 [PSU]
# name 21 = sigma-é00: Density [sigma-theta, kg/m^3]
# name 22 = sigma-é11: Density, 2 [sigma-theta, kg/m^3]
# name 23 = avgsvCM: Average Sound Velocity [Chen-Millero, m/s], minP = 20, minS = 20
# name 24 = sbox0Mm/Kg: Oxygen, SBE 43 [umol/kg], WS = 5
# name 25 = sbox1Mm/Kg: Oxygen, SBE 43, 2 [umol/kg], WS = 5
# name 26 = nbin: number of scans per bin
# name 27 = flag: flag
# span 0 =       8237,      63476       
# span 1 =    343.165,   2644.790       
# span 2 =      3.975,   2014.466       
# span 3 =      4.000,   2037.000       
# span 4 =     4.2662,    29.4397       
# span 5 =     4.2667,    29.4413       
# span 6 =   3.341238,   5.932514       
# span 7 =   3.341201,   5.932833       
# span 8 =     1.5763,     3.1869       
# span 9 =     1.2809,     2.7203       
# span 10 =      10.25,     101.56      
# span 11 =   22.23052,   22.36030      
# span 12 =  -97.14589,  -96.58208      
# span 13 =   -0.06339,    0.06281      
# span 14 =   -0.05978,    0.06544      
# span 15 =     2.4196,     4.8182      
# span 16 =     2.4475,     4.8354      
# span 17 =     4.1052,    29.4373      
# span 18 =     4.1058,    29.4389      
# span 19 =    34.9051,    36.4639      
# span 20 =    34.9045,    36.4652      
# span 21 =    22.7046,    27.7536      
# span 22 =    22.7048,    27.7526      
# span 23 =       0.00,    1545.61      
# span 24 =    105.216,    210.039      
# span 25 =    106.428,    210.789      
# span 26 =         30,         69      
# span 27 = 0.0000e+00, 0.0000e+00      
# interval = decibars: 1                
# start_time = Oct 06 2021 09:45:19 [NMEA time, header]
# bad_flag = -9.990e-29
*END*
       8237    343.165      3.975      4.000    29.3199    29.3232   5.909016   5.909278     3.1430     2.6580      99.89   22.27390  -96.77052    0.00045    0.00006     4.3390     4.3193    29.3189    29.3222    36.0003    36.0011    22.7080    22.7075       0.00    189.478    188.615         46 0.0000e+00
       8423    350.917      4.969      5.000    29.3131    29.3221   5.908418   5.909337     3.1422     2.6573      95.80   22.27390  -96.77052    0.00015    0.00118     4.3389     4.3185    29.3119    29.3209    36.0005    36.0008    22.7106    22.7077       0.00    189.472    188.582         38 0.0000e+00
       8532    355.456      5.962      6.000    29.3184    29.3177   5.909107   5.909573     3.1425     2.6595     100.19   22.27390  -96.77052   -0.00060    0.00020     4.3397     4.3236    29.3170    29.3162    36.0008    36.0017    22.7091    22.7100       0.00    189.506    188.804         48 0.0000e+00
       8624    359.288      6.956      7.000    29.3174    29.3180   5.908835   5.909068     3.1430     2.6560     100.00   22.27390  -96.77052    0.00012   -0.00099     4.3408     4.3171    29.3157    29.3162    36.0000    36.0014    22.7089    22.7097       0.00    189.557    188.520         47 0.0000e+00
       8688    361.963      7.950      8.000    29.3259    29.3271   5.909578   5.909847     3.1408     2.6551     100.00   22.27390  -96.77052   -0.00022   -0.00056     4.3368     4.3152    29.3239    29.3251    35.9984    35.9994    22.7049    22.7052       0.00    189.382    188.438         41 0.0000e+00
       8875    369.731      9.937     10.000    29.4397    29.4413   5.932514   5.932833     3.1529     2.6673     100.39   22.36030  -97.14589    0.00061   -0.00074     4.3548     4.3368    29.4373    29.4389    36.1375    36.1385    22.7927    22.7929       0.00    190.168    189.383         46 0.0000e+00
       8888    370.293     10.931     11.000    29.3264    29.3279   5.909680   5.909995     3.1393     2.6569     100.00   22.27390  -96.77052   -0.00086   -0.00043     4.3357     4.3204    29.3238    29.3252    35.9978    35.9989    22.7046    22.7048       0.00    189.332    188.665         54 0.0000e+00
       8967    373.593     11.925     12.000    29.3283    29.3294   5.910049   5.910285     3.1378     2.6583     100.00   22.27390  -96.77052   -0.00010   -0.00011     4.3332     4.3235    29.3254    29.3265    35.9987    35.9994    22.7046    22.7048       0.00    189.225    188.802         34 0.0000e+00
       9014    375.537     12.918     13.000    29.3284    29.3301   5.910126   5.910471     3.1397     2.6583      76.63   22.27390  -96.77052   -0.00047    0.00147     4.3373     4.3240    29.3252    29.3270    35.9989    35.9999    22.7049    22.7050       0.00    189.402    188.824         30 0.0000e+00
       9054    377.197     13.912     14.000    29.3291    29.3307   5.910346   5.910687     3.1394     2.6546      98.33   22.27390  -96.77052    0.00055   -0.00074     4.3371     4.3169    29.3257    29.3273    35.9995    36.0006    22.7052    22.7054       0.00    189.394    188.514         48 0.0000e+00
       9123    380.097     14.906     15.000    29.3302    29.3315   5.910568   5.910858     3.1372     2.6572      99.98   22.27390  -96.77052   -0.00075   -0.00020     4.3336     4.3227    29.3265    29.3278    36.0000    36.0010    22.7052    22.7055       0.00    189.242    188.767         42 0.0000e+00
       9166    381.878     15.900     16.000    29.3304    29.3319   5.910642   5.910947     3.1388     2.6568      63.08   22.27390  -96.77052   -0.00017    0.00149     4.3370     4.3223    29.3265    29.3280    36.0000    36.0010    22.7053    22.7055       0.00    189.391    188.749         34 0.0000e+00
       9205    383.491     16.893     17.000    29.3264    29.3280   5.910399   5.910741     3.1386     2.6583      97.96   22.27390  -96.77052    0.00054    0.00067     4.3375     4.3267    29.3223    29.3238    36.0010    36.0021    22.7074    22.7078       0.00    189.411    188.942         47 0.0000e+00
       9264    385.965     17.887     18.000    29.3260    29.3275   5.910360   5.910668     3.1390     2.6563     100.00   22.27390  -96.77052    0.00011   -0.00011     4.3387     4.3227    29.3216    29.3231    36.0008    36.0018    22.7075    22.7078       0.00    189.466    188.765         63 0.0000e+00
       9317    388.182     18.880     19.000    29.3259    29.3275   5.910398   5.910720     3.1374     2.6552     100.00   22.27390  -96.77052   -0.00011   -0.00092     4.3364     4.3210    29.3212    29.3228    36.0008    36.0018    22.7077    22.7079       0.00    189.363    188.689         45 0.0000e+00
       9357    389.853     19.874     20.000    29.3265    29.3280   5.910531   5.910836     3.1372     2.6569     100.00   22.27390  -96.77052   -0.00074   -0.00003     4.3364     4.3248    29.3216    29.3231    36.0010    36.0020    22.7076    22.7079     782.59    189.364    188.857         39 0.0000e+00
       9408    391.944     20.868     21.000    29.3263    29.3277   5.910495   5.910802     3.1349     2.6547     100.00   22.27390  -96.77052   -0.00081   -0.00019     4.3329     4.3211    29.3212    29.3226    36.0006    36.0017    22.7075    22.7078    1511.67    189.209    188.694         65 0.0000e+00
       9468    394.464     21.862     22.000    29.3265    29.3276   5.910572   5.910841     3.1347     2.6557     100.00   22.27390  -96.77052   -0.00016   -0.00024     4.3330     4.3236    29.3211    29.3222    36.0007    36.0017    22.7076    22.7080    1545.58    189.216    188.804         45 0.0000e+00
       9507    396.076     22.855     23.000    29.3256    29.3274   5.910575   5.910909     3.1346     2.6559     100.00   22.27390  -96.77053   -0.00013    0.00058     4.3333     4.3244    29.3200    29.3218    36.0011    36.0020    22.7083    22.7084    1545.59    189.228    188.838         35 0.0000e+00
       9554    398.055     23.849     24.000    29.3264    29.3278   5.910723   5.911010     3.1366     2.6553     100.00   22.27390  -96.77052    0.00054    0.00011     4.3374     4.3238    29.3206    29.3219    36.0012    36.0021    22.7081    22.7084    1545.59    189.407    188.811         58 0.0000e+00
       9612    400.447     24.842     25.000    29.3275    29.3285   5.910877   5.911113     3.1357     2.6526     100.00   22.27390  -96.77053    0.00001   -0.00142     4.3361     4.3189    29.3214    29.3224    36.0012    36.0020    22.7078    22.7082    1545.59    189.352    188.599         52 0.0000e+00
       9660    402.475     25.836     26.000    29.3273    29.3295   5.911021   5.911447     3.1368     2.6544     100.00   22.27390  -96.77052    0.00008    0.00010     4.3389     4.3228    29.3209    29.3232    36.0019    36.0032    22.7085    22.7088    1545.59    189.472    188.769         48 0.0000e+00
       9706    404.362     26.830     27.000    29.3276    29.3287   5.911966   5.912130     3.1339     2.6536      70.29   22.27390  -96.77053   -0.00035    0.00064     4.3339     4.3216    29.3210    29.3221    36.0080    36.0082    22.7131    22.7129    1545.60    189.253    188.719         41 0.0000e+00
       9751    406.250     27.823     28.000    29.2998    29.3028   5.914837   5.914790     3.1379     2.6553      96.01   22.27390  -96.77052    0.00000   -0.00019     4.3427     4.3266    29.2929    29.2959    36.0483    36.0458    22.7529    22.7500    1545.60    189.628    188.929         54 0.0000e+00
       9818    409.047     28.817     29.000    29.1020    29.1160   5.911041   5.912984     3.1641     2.6804     100.26   22.27390  -96.77054    0.00774    0.00743     4.4049     4.3894    29.0924    29.1089    36.1730    36.1689    22.9141    22.9054    1545.61    192.311    191.639         53 0.0000e+00
       9857    410.652     29.810     30.000    28.7363    28.7469   5.874953   5.876438     3.1776     2.6997     100.00   22.27390  -96.77054    0.01027    0.01030     4.4553     4.4529    28.7291    28.7396    36.1984    36.2006    23.0548    23.0530    1545.58    194.490    194.387         34 0.0000e+00
       9895    412.237     30.804     31.000    28.3954    28.3759   5.839278   5.837588     3.1780     2.6978     100.00   22.27390  -96.77054    0.00753    0.00886     4.4863     4.4772    28.3885    28.3686    36.2089    36.2123    23.1757    23.1850    1545.55    195.820    195.422         48 0.0000e+00
       9966    415.204     31.798     32.000    27.5945    27.6029   5.748491   5.749955     3.1758     2.6928     100.00   22.27390  -96.77053   -0.00260   -0.00319     4.5445     4.5254    27.5870    27.5954    36.1849    36.1888    23.4208    23.4210    1545.46    198.315    197.480         36 0.0000e+00
      10030    417.875     33.785     34.000    27.3964    27.4010   5.722229   5.723042     3.1757     2.7026      99.81   22.23052  -96.58208    0.00306    0.00503     4.5596     4.5596    27.3885    27.3930    36.1185    36.1207    23.4254    23.4256    1542.24    198.960    198.963         50 0.0000e+00
      10104    420.976     34.778     35.000    27.3462    27.3537   5.723300   5.724234     3.1824     2.7080     100.00   22.27390  -96.77054   -0.00016    0.00118     4.5778     4.5766    27.3384    27.3457    36.1968    36.1987    23.5105    23.5103    1545.17    199.749    199.697         57 0.0000e+00
      10158    423.205     35.772     36.000    27.1715    27.1787   5.706815   5.707778     3.1838     2.7135      88.62   22.27390  -96.77054    0.00056    0.00132     4.5952     4.6019    27.1632    27.1704    36.2148    36.2160    23.5806    23.5793    1545.06    200.492    200.786         51 0.0000e+00
      10203    425.075     36.765     37.000    27.0985    27.1042   5.702515   5.703343     3.1869     2.7149     100.04   22.27390  -96.77054    0.00185    0.00261     4.6089     4.6104    27.0899    27.0957    36.2405    36.2420    23.6236    23.6229    1544.96    201.080    201.147         37 0.0000e+00
      10248    426.972     37.759     38.000    26.8832    26.8948   5.679403   5.681063     3.1667     2.6937     100.00   22.27390  -96.77054   -0.00391   -0.00485     4.5872     4.5829    26.8745    26.8861    36.2423    36.2452    23.6940    23.6925    1544.85    200.121    199.936         56 0.0000e+00
      10307    429.434     38.753     39.000    26.6037    26.6149   5.648635   5.650246     3.1523     2.6788     100.00   22.27390  -96.77054   -0.00923   -0.00911     4.5837     4.5741    26.5948    26.6060    36.2389    36.2418    23.7807    23.7793    1544.75    199.952    199.536         53 0.0000e+00
      10352    431.302     39.746     40.000    26.3402    26.3521   5.620435   5.622067     3.1570     2.6924     100.00   22.27390  -96.77054   -0.00168    0.00041     4.6149     4.6233    26.3311    26.3430    36.2413    36.2438    23.8660    23.8642    1544.62    201.299    201.664         44 0.0000e+00
      10402    433.368     40.740     41.000    26.0544    26.0693   5.590473   5.592435     3.1708     2.7075     100.00   22.27390  -96.77054    0.00505    0.00773     4.6654     4.6776    26.0453    26.0601    36.2482    36.2508    23.9612    23.9585    1544.48    203.482    204.013         51 0.0000e+00
      10450    435.370     41.733     42.000    25.6298    25.6551   5.545923   5.548977     3.1790     2.7148     100.00   22.27390  -96.77054    0.00536    0.00533     4.7174     4.7264    25.6205    25.6458    36.2579    36.2602    24.1010    24.0949    1544.34    205.722    206.115         48 0.0000e+00
      10503    437.575     42.727     43.000    25.2624    25.2750   5.507583   5.509341     3.1856     2.7197     100.00   22.27390  -96.77054    0.00384    0.00321     4.7621     4.7678    25.2530    25.2655    36.2673    36.2704    24.2218    24.2202    1544.18    207.645    207.895         57 0.0000e+00
      10556    439.791     43.720     44.000    25.0777    25.0841   5.488172   5.489222     3.1810     2.7173     100.00   22.27390  -96.77054   -0.00019    0.00003     4.7697     4.7788    25.0681    25.0745    36.2708    36.2735    24.2811    24.2813    1544.01    207.965    208.363         46 0.0000e+00
      10597    441.505     44.714     45.000    24.9435    24.9511   5.474210   5.475367     3.1671     2.7070     100.00   22.27390  -96.77054   -0.00404   -0.00266     4.7550     4.7685    24.9337    24.9413    36.2742    36.2767    24.3248    24.3243    1543.85    207.315    207.902         42 0.0000e+00
      10648    443.615     45.708     46.000    24.8738    24.8779   5.467085   5.467824     3.1482     2.6861     100.00   22.27390  -96.77054   -0.00866   -0.00802     4.7247     4.7296    24.8639    24.8679    36.2766    36.2789    24.3479    24.3484    1543.68    205.991    206.204         58 0.0000e+00
      10705    446.015     46.701     47.000    24.7276    24.7362   5.452757   5.453910     3.1398     2.6807      96.88   22.27390  -96.77054   -0.00616   -0.00647     4.7218     4.7318    24.7175    24.7260    36.2868    36.2886    24.4002    24.3989    1543.52    205.853    206.289         53 0.0000e+00
      10751    447.898     47.695     48.000    24.6295    24.6353   5.442992   5.443971     3.1700     2.7203      98.65   22.27390  -96.77054    0.00459    0.00818     4.7893     4.8239    24.6192    24.6249    36.2924    36.2952    24.4342    24.4346    1543.36    208.789    210.299         40 0.0000e+00
      10794    449.690     48.688     49.000    24.4937    24.4985   5.428120   5.428978     3.1783     2.7201      99.94   22.27390  -96.77054    0.01236    0.01456     4.8182     4.8354    24.4832    24.4880    36.2901    36.2927    24.4736    24.4741    1543.20    210.039    210.789         50 0.0000e+00
      10851    452.090     49.682     50.000    24.3745    24.3800   5.415311   5.416227     3.1589     2.6989      80.92   22.27390  -96.77054   -0.00398   -0.00713     4.7912     4.8000    24.3638    24.3693    36.2898    36.2922    24.5093    24.5095    1543.04    208.857    209.239         58 0.0000e+00
      10901    454.176     50.675     51.000    24.3005    24.3035   5.407413   5.408057     3.1349     2.6770      99.90   22.27390  -96.77054   -0.00983   -0.00857     4.7512     4.7593    24.2896    24.2927    36.2899    36.2922    24.5317    24.5325    1542.87    207.106    207.462         46 0.0000e+00
      10949    456.170     51.669     52.000    24.1964    24.2032   5.396396   5.397439     3.0829     2.6250     100.00   22.27390  -96.77054   -0.01770   -0.01788     4.6584     4.6550    24.1853    24.1921    36.2907    36.2931    24.5635    24.5633    1542.71    203.058    202.910         48 0.0000e+00
      10995    458.063     52.662     53.000    24.0942    24.0978   5.385501   5.386202     3.0315     2.5821      65.55   22.27390  -96.77054   -0.02960   -0.02745     4.5662     4.5706    24.0830    24.0865    36.2909    36.2933    24.5943    24.5951    1542.56    199.031    199.224         45 0.0000e+00
      11048    460.289     53.656     54.000    23.9674    23.9746   5.371667   5.372737     3.0885     2.6404      98.69   22.27390  -96.77054    0.00303    0.00582     4.6905     4.7084    23.9560    23.9632    36.2888    36.2910    24.6305    24.6301    1542.41    204.441    205.222         65 0.0000e+00
      11107    462.753     54.649     55.000    23.8824    23.8843   5.362440   5.362912     3.1325     2.6808     100.00   22.27390  -96.77054    0.02628    0.02399     4.7858     4.8048    23.8708    23.8727    36.2876    36.2896    24.6549    24.6559    1542.26    208.592    209.420         43 0.0000e+00
      11144    464.278     55.643     56.000    23.8643    23.8656   5.360699   5.361087     3.1400     2.6891     100.00   22.27390  -96.77054    0.01163    0.01117     4.8028     4.8251    23.8525    23.8538    36.2887    36.2906    24.6612    24.6623    1542.11    209.333    210.301         37 0.0000e+00
