GOMECC/GOMECC-4/1db/drb2103_1181.cnv
* Sea-Bird SBE 9 Data File:
* FileName = C:\Users\scs.user.rb\CTD\GOMECC4\data\rb2103_1181.hex
* Software Version Seasave V 7.26.7.107
* Temperature SN = 4799
* Conductivity SN = 3860
* Number of Bytes Per Scan = 41
* Number of Voltage Words = 4
* Number of Scans Averaged by the Deck Unit = 1
* NMEA Latitude = 21 37.95 N
* NMEA Longitude = 086 14.49 W
* NMEA UTC (Time) = Oct 16 2021  02:01:26
* NMEA baud rate = 4800
# nquan = 28
# nvalues = 344                         
# units = specified
# name 0 = scan: Scan Count
# name 1 = timeS: Time, Elapsed [seconds]
# name 2 = depSM: Depth [salt water, m]
# name 3 = prDM: Pressure, Digiquartz [db]
# name 4 = t090C: Temperature [ITS-90, deg C]
# name 5 = t190C: Temperature, 2 [ITS-90, deg C]
# name 6 = c0S/m: Conductivity [S/m]
# name 7 = c1S/m: Conductivity, 2 [S/m]
# name 8 = sbeox0V: Oxygen raw, SBE 43 [V]
# name 9 = sbeox1V: Oxygen raw, SBE 43, 2 [V]
# name 10 = altM: Altimeter [m]
# name 11 = latitude: Latitude [deg]
# name 12 = longitude: Longitude [deg]
# name 13 = sbox0dV/dT: Oxygen, SBE 43 [dov/dt]
# name 14 = sbox1dV/dT: Oxygen, SBE 43, 2 [dov/dt]
# name 15 = sbeox0ML/L: Oxygen, SBE 43 [ml/l], WS = 5
# name 16 = sbeox1ML/L: Oxygen, SBE 43, 2 [ml/l], WS = 5
# name 17 = potemp090C: Potential Temperature [ITS-90, deg C]
# name 18 = potemp190C: Potential Temperature, 2 [ITS-90, deg C]
# name 19 = sal00: Salinity, Practical [PSU]
# name 20 = sal11: Salinity, Practical, 2 [PSU]
# name 21 = sigma-é00: Density [sigma-theta, kg/m^3]
# name 22 = sigma-é11: Density, 2 [sigma-theta, kg/m^3]
# name 23 = avgsvCM: Average Sound Velocity [Chen-Millero, m/s], minP = 20, minS = 20
# name 24 = sbox0Mm/Kg: Oxygen, SBE 43 [umol/kg], WS = 5
# name 25 = sbox1Mm/Kg: Oxygen, SBE 43, 2 [umol/kg], WS = 5
# name 26 = nbin: number of scans per bin
# name 27 = flag: flag
# span 0 =      17676,      51261       
# span 1 =    736.440,   2135.840       
# span 2 =      3.975,   1044.806       
# span 3 =      4.000,   1054.000       
# span 4 =     5.1825,    29.6708       
# span 5 =     5.1828,    29.6693       
# span 6 =   3.402809,   5.953900       
# span 7 =   3.402798,   5.954098       
# span 8 =     1.6319,     3.1976       
# span 9 =     1.3297,     2.6983       
# span 10 =       8.59,     101.05      
# span 11 =   21.63392,   21.64247      
# span 12 =  -86.24926,  -86.22705      
# span 13 =   -0.01704,    0.00684      
# span 14 =   -0.01582,    0.00560      
# span 15 =     2.7122,     4.4305      
# span 16 =     2.7294,     4.3955      
# span 17 =     5.0921,    29.6698      
# span 18 =     5.0924,    29.6683      
# span 19 =    34.8814,    37.0212      
# span 20 =    34.8812,    37.0231      
# span 21 =    22.6229,    27.6115      
# span 22 =    22.6246,    27.6112      
# span 23 =       0.00,    1545.83      
# span 24 =    117.924,    193.463      
# span 25 =    118.671,    191.936      
# span 26 =         30,         67      
# span 27 = 0.0000e+00, 0.0000e+00      
# interval = decibars: 1                
# start_time = Oct 16 2021 02:01:26 [NMEA time, header]
# bad_flag = -9.990e-29
*END*
[from data line 156]
      24101   1004.161    159.938    161.000    21.1075    21.1091   5.139354   5.139741     2.3149     1.9390     100.00   21.63754  -86.24370    0.00024    0.00080     3.3672     3.3746    21.0763    21.0779    36.8297    36.8315    25.8666    25.8676    1539.79    146.590    146.910         33 0.0000e+00
      24135   1005.585    160.931    162.000    21.0751    21.0768   5.135274   5.135667     2.3159     1.9401     100.00   21.63756  -86.24370    0.00057    0.00010     3.3720     3.3797    21.0437    21.0454    36.8244    36.8261    25.8716    25.8724    1539.72    146.796    147.129         35 0.0000e+00
      24171   1007.073    161.924    163.000    21.0100    21.0136   5.127553   5.128102     2.3157     1.9397     100.00   21.63756  -86.24370    0.00055    0.00026     3.3764     3.3831    20.9785    20.9821    36.8178    36.8192    25.8844    25.8845    1539.66    146.985    147.276         36 0.0000e+00
      24205   1008.490    162.917    164.000    20.9419    20.9432   5.120099   5.120435     2.3134     1.9362     100.00   21.63758  -86.24371   -0.00035   -0.00045     3.3764     3.3798    20.9103    20.9116    36.8160    36.8175    25.9018    25.9026    1539.59    146.983    147.132         33 0.0000e+00
      24238   1009.871    163.910    165.000    20.8325    20.8396   5.107755   5.108749     2.3090     1.9323     100.00   21.63758  -86.24372   -0.00165   -0.00216     3.3747     3.3775    20.8008    20.8079    36.8101    36.8120    25.9272    25.9267    1539.53    146.907    147.028         34 0.0000e+00
      24273   1011.324    164.903    166.000    20.7665    20.7702   5.099761   5.100418     2.3024     1.9264     100.00   21.63760  -86.24372   -0.00334   -0.00324     3.3658     3.3686    20.7347    20.7384    36.8020    36.8041    25.9391    25.9397    1539.46    146.514    146.639         35 0.0000e+00
      24307   1012.751    165.896    167.000    20.7292    20.7304   5.095147   5.095484     2.2993     1.9245      81.45   21.63760  -86.24374   -0.00378   -0.00320     3.3621     3.3672    20.6973    20.6984    36.7964    36.7981    25.9450    25.9460    1539.39    146.353    146.578         33 0.0000e+00
      24340   1014.118    166.889    168.000    20.7128    20.7165   5.093223   5.093864     2.2980     1.9253      82.32   21.63762  -86.24374   -0.00239   -0.00140     3.3608     3.3705    20.6807    20.6843    36.7946    36.7966    25.9482    25.9487    1539.32    146.300    146.717         33 0.0000e+00
      24373   1015.520    167.882    169.000    20.6908    20.6936   5.090695   5.091225     2.2971     1.9235     100.00   21.63763  -86.24374   -0.00105   -0.00027     3.3608     3.3680    20.6585    20.6613    36.7927    36.7946    25.9527    25.9534    1539.26    146.298    146.612         34 0.0000e+00
      24408   1016.967    168.875    170.000    20.6456    20.6467   5.085412   5.085667     2.2940     1.9218     100.00   21.63764  -86.24374   -0.00105   -0.00081     3.3575     3.3673    20.6131    20.6145    36.7886    36.7890    25.9619    25.9621    1539.19    146.152    146.578         35 0.0000e+00
      24443   1018.400    169.868    171.000    20.6498    20.6515   5.086735   5.087128     2.2927     1.9179     100.00   21.63766  -86.24375   -0.00156   -0.00157     3.3548     3.3583    20.6171    20.6189    36.7953    36.7970    25.9660    25.9668    1539.13    146.035    146.186         34 0.0000e+00
      24476   1019.803    170.861    172.000    20.6348    20.6364   5.084972   5.085325     2.2902     1.9166     100.00   21.63766  -86.24376   -0.00144   -0.00211     3.3510     3.3567    20.6020    20.6035    36.7936    36.7951    25.9687    25.9695    1539.06    145.867    146.115         34 0.0000e+00
      24512   1021.271    171.854    173.000    20.4056    20.4636   5.062154   5.065460     2.2848     1.9135     100.00   21.63768  -86.24376   -0.00181   -0.00159     3.3538     3.3599    20.3728    20.4308    36.7628    36.7707    26.0072    25.9976    1539.00    145.983    146.248         36 0.0000e+00
      24546   1022.695    172.847    174.000    20.1943    20.2054   5.031251   5.032770     2.2782     1.9081     100.00   21.63769  -86.24376   -0.00358   -0.00215     3.3561     3.3654    20.1616    20.1727    36.7365    36.7392    26.0439    26.0429    1538.93    146.079    146.483         32 0.0000e+00
      24578   1024.045    173.840    175.000    20.0536    20.0583   5.014193   5.014929     2.2765     1.9058     100.00   21.63770  -86.24376   -0.00395   -0.00299     3.3626     3.3699    20.0209    20.0256    36.7182    36.7202    26.0675    26.0677    1538.86    146.360    146.675         33 0.0000e+00
      24612   1025.472    174.833    176.000    19.8621    19.8795   4.990943   4.993186     2.2752     1.9033      98.20   21.63772  -86.24377   -0.00194   -0.00225     3.3729     3.3755    19.8294    19.8468    36.6932    36.6965    26.0992    26.0971    1538.79    146.802    146.917         36 0.0000e+00
      24649   1027.010    175.826    177.000    19.7358    19.7432   4.975981   4.977107     2.2717     1.9013      95.79   21.63772  -86.24378   -0.00134   -0.00161     3.3750     3.3805    19.7030    19.7105    36.6795    36.6824    26.1222    26.1224    1538.71    146.889    147.130         37 0.0000e+00
      24684   1028.475    176.819    178.000    19.6751    19.6801   4.968549   4.969378     2.2691     1.8983     100.05   21.63774  -86.24378   -0.00203   -0.00163     3.3741     3.3772    19.6423    19.6472    36.6726    36.6751    26.1329    26.1335    1538.63    146.852    146.986         33 0.0000e+00
      24716   1029.806    177.812    179.000    19.5271    19.5298   4.951607   4.951867     2.2645     1.8941     100.00   21.63775  -86.24378   -0.00219   -0.00218     3.3743     3.3776    19.4942    19.4969    36.6570    36.6590    26.1599    26.1607    1538.56    146.852    146.999         32 0.0000e+00
      24749   1031.165    178.805    180.000    19.4622    19.4677   4.943759   4.944613     2.2604     1.8922      60.91   21.63776  -86.24380   -0.00287   -0.00238     3.3706     3.3781    19.4292    19.4347    36.6504    36.6527    26.1718    26.1722    1538.48    146.694    147.017         34 0.0000e+00
      24784   1032.631    179.798    181.000    19.4088    19.4139   4.937574   4.938405     2.2578     1.8913      99.62   21.63777  -86.24380   -0.00288   -0.00157     3.3690     3.3798    19.3757    19.3808    36.6454    36.6479    26.1820    26.1826    1538.40    146.622    147.090         35 0.0000e+00
      24819   1034.073    180.790    182.000    19.3841    19.3828   4.934765   4.934811     2.2579     1.8922     100.00   21.63778  -86.24380   -0.00155   -0.00040     3.3712     3.3844    19.3509    19.3496    36.6433    36.6448    26.1868    26.1883    1538.33    146.718    147.292         34 0.0000e+00
      24853   1035.487    181.783    183.000    19.3274    19.3276   4.928124   4.928339     2.2570     1.8903      78.25   21.63780  -86.24380   -0.00048   -0.00002     3.3736     3.3839    19.2941    19.2943    36.6373    36.6389    26.1971    26.1982    1538.25    146.820    147.268         35 0.0000e+00
      24887   1036.935    182.776    184.000    19.2587    19.2531   4.919975   4.919484     2.2570     1.8898      53.20   21.63781  -86.24380   -0.00025   -0.00076     3.3790     3.3881    19.2253    19.2197    36.6292    36.6300    26.2087    26.2108    1538.18    147.052    147.446         34 0.0000e+00
      24922   1038.365    183.769    185.000    19.1600    19.1640   4.908199   4.908830     2.2557     1.8905      99.69   21.63782  -86.24382   -0.00038   -0.00043     3.3835     3.3962    19.1265    19.1305    36.6171    36.6189    26.2251    26.2254    1538.11    147.245    147.797         35 0.0000e+00
      24956   1039.812    184.762    186.000    19.0520    19.0570   4.895201   4.895939     2.2548     1.8924     100.00   21.63783  -86.24382   -0.00059    0.00069     3.3895     3.4082    19.0184    19.0234    36.6028    36.6046    26.2421    26.2422    1538.03    147.502    148.320         35 0.0000e+00
      24991   1041.265    185.755    187.000    18.9818    18.9835   4.886738   4.887134     2.2542     1.8916     100.00   21.63784  -86.24382   -0.00079    0.00060     3.3936     3.4117    18.9482    18.9499    36.5932    36.5951    26.2528    26.2538    1537.95    147.682    148.470         34 0.0000e+00
      25024   1042.641    186.748    188.000    18.9725    18.9744   4.885723   4.886129     2.2567     1.8935     100.00   21.63786  -86.24384    0.00008    0.00029     3.4001     3.4173    18.9387    18.9406    36.5925    36.5942    26.2547    26.2556    1537.87    147.965    148.712         32 0.0000e+00
      25057   1044.018    187.741    189.000    18.9641    18.9669   4.884733   4.885264     2.2578     1.8938     100.00   21.63786  -86.24384    0.00116    0.00070     3.4037     3.4190    18.9301    18.9329    36.5912    36.5932    26.2560    26.2568    1537.79    148.121    148.785         35 0.0000e+00
      25094   1045.536    188.734    190.000    18.9526    18.9528   4.883376   4.883580     2.2577     1.8903     100.00   21.63788  -86.24384    0.00080   -0.00029     3.4047     3.4120    18.9185    18.9186    36.5895    36.5911    26.2577    26.2589    1537.72    148.164    148.480         36 0.0000e+00
      25129   1046.988    189.727    191.000    18.9465    18.9483   4.882689   4.883086     2.2562     1.8908     100.00   21.63789  -86.24384   -0.00018   -0.00129     3.4022     3.4139    18.9122    18.9139    36.5888    36.5906    26.2587    26.2597    1537.64    148.056    148.565         34 0.0000e+00
      25161   1048.345    190.719    192.000    18.9441    18.9382   4.882468   4.881830     2.2547     1.8901      96.87   21.63790  -86.24384   -0.00093   -0.00043     3.3994     3.4132    18.9096    18.9038    36.5887    36.5885    26.2593    26.2607    1537.56    147.931    148.533         32 0.0000e+00
      25195   1049.734    191.712    193.000    18.8895    18.8905   4.876104   4.875835     2.2535     1.8878      61.99   21.63791  -86.24386   -0.00103   -0.00045     3.4007     3.4127    18.8548    18.8564    36.5785    36.5806    26.2656    26.2671    1537.52    147.990    148.512         34 0.0000e+00
      25229   1051.152    192.705    194.000    18.8272    18.8258   4.868058   4.868054     2.2511     1.8846      99.61   21.63792  -86.24386   -0.00114   -0.00165     3.4007     3.4083    18.7925    18.7911    36.5697    36.5709    26.2748    26.2761    1537.41    147.987    148.317         35 0.0000e+00
      25264   1052.612    193.698    195.000    18.8061    18.8087   4.865528   4.866010     2.2501     1.8842     100.00   21.63794  -86.24386   -0.00127   -0.00166     3.4004     3.4090    18.7713    18.7738    36.5666    36.5684    26.2779    26.2786    1537.35    147.972    148.347         35 0.0000e+00
      25299   1054.092    194.691    196.000    18.7601    18.7615   4.859953   4.860287     2.2489     1.8839     100.00   21.63794  -86.24386   -0.00092   -0.00058     3.4015     3.4119    18.7251    18.7265    36.5599    36.5615    26.2845    26.2854    1537.27    148.020    148.474         36 0.0000e+00
      25335   1055.567    195.684    197.000    18.7060    18.7107   4.853387   4.854090     2.2476     1.8840     100.00   21.63796  -86.24386   -0.00075   -0.00007     3.4029     3.4160    18.6709    18.6756    36.5518    36.5536    26.2921    26.2923    1537.20    148.080    148.651         34 0.0000e+00
      25368   1056.947    196.677    198.000    18.6724    18.6760   4.849325   4.849925     2.2455     1.8820     100.00   21.63797  -86.24387   -0.00103   -0.00029     3.4011     3.4140    18.6371    18.6408    36.5469    36.5487    26.2970    26.2974    1537.12    148.003    148.563         32 0.0000e+00
      25399   1058.265    197.669    199.000    18.6181    18.6250   4.840830   4.841950     2.2445     1.8790     100.00   21.63798  -86.24388   -0.00118   -0.00129     3.4037     3.4104    18.5828    18.5897    36.5379    36.5400    26.3039    26.3038    1537.06    148.115    148.404         32 0.0000e+00
      25433   1059.670    198.662    200.000    18.5325    18.5331   4.832254   4.832477     2.2422     1.8771     100.00   21.63800  -86.24388   -0.00115   -0.00188     3.4046     3.4125    18.4972    18.4977    36.5252    36.5266    26.3159    26.3168    1536.97    148.149    148.495         35 0.0000e+00
      25466   1061.055    199.655    201.000    18.5267    18.5273   4.831611   4.831833     2.2396     1.8755      90.71   21.63800  -86.24389   -0.00158   -0.00154     3.3996     3.4093    18.4912    18.4917    36.5246    36.5260    26.3170    26.3179    1536.90    147.935    148.356         31 0.0000e+00
      25497   1062.319    200.648    202.000    18.5217    18.5215   4.831088   4.831188     2.2383     1.8751      97.23   21.63802  -86.24390   -0.00166   -0.00108     3.3975     3.4093    18.4860    18.4857    36.5242    36.5253    26.3180    26.3189    1536.83    147.840    148.356         31 0.0000e+00
      25528   1063.634    201.641    203.000    18.5080    18.5089   4.829511   4.829732     2.2376     1.8743      99.97   21.63803  -86.24390   -0.00112   -0.00054     3.3973     3.4085    18.4721    18.4730    36.5225    36.5236    26.3202    26.3209    1536.76    147.833    148.322         32 0.0000e+00
      25560   1064.963    202.634    204.000    18.4925    18.4933   4.827669   4.827899     2.2368     1.8735     100.00   21.63804  -86.24390   -0.00070   -0.00051     3.3970     3.4082    18.4565    18.4572    36.5203    36.5215    26.3225    26.3232    1536.69    147.818    148.305         31 0.0000e+00
      25621   1067.495    204.619    206.000    18.4519    18.4514   4.822896   4.822945     2.2344     1.8705      69.65   21.63839  -86.24522   -0.00087   -0.00091     3.3955     3.4043    18.4155    18.4150    36.5152    36.5160    26.3290    26.3298    1536.57    147.753    148.137         32 0.0000e+00
      25653   1068.830    205.612    207.000    18.4027    18.4107   4.816954   4.818010     2.2339     1.8686      99.94   21.63807  -86.24392   -0.00079   -0.00137     3.3982     3.4029    18.3663    18.3742    36.5077    36.5096    26.3356    26.3351    1536.48    147.870    148.072         33 0.0000e+00
      25685   1070.160    206.605    208.000    18.3701    18.3711   4.813058   4.813297     2.2326     1.8680     100.00   21.63808  -86.24392   -0.00058   -0.00132     3.3982     3.4046    18.3336    18.3345    36.5031    36.5043    26.3403    26.3410    1536.41    147.867    148.147         31 0.0000e+00
      26127   1088.564    222.489    224.000    17.8876    17.8967   4.755559   4.756804     2.2155     1.8562     100.00   21.63786  -86.24245   -0.00068   -0.00052     3.4013     3.4150    17.8489    17.8580    36.4345    36.4370    26.4088    26.4084    1535.30    147.992    148.589         31 0.0000e+00
      26158   1089.886    223.481    225.000    17.8203    17.8215   4.747502   4.747698     2.2133     1.8543      77.34   21.63824  -86.24400   -0.00127   -0.00095     3.4016     3.4157    17.7815    17.7828    36.4248    36.4254    26.4180    26.4181    1535.26    148.006    148.617         31 0.0000e+00
      26418   1100.721    233.409    235.000    17.6043    17.6059   4.720876   4.721331     2.1920     1.8355      99.98   21.63408  -86.22705   -0.00130   -0.00024     3.3733     3.3881    17.5642    17.5658    36.3851    36.3845    26.4407    26.4396    1534.31    146.769    147.413         30 0.0000e+00
      26455   1102.239    234.401    236.000    17.5724    17.5771   4.717718   4.718421     2.1903     1.8328     100.00   21.63836  -86.24404   -0.00137   -0.00157     3.3717     3.3837    17.5321    17.5368    36.3851    36.3869    26.4489    26.4492    1534.55    146.701    147.222         32 0.0000e+00
