GOMECC/GOMECC-4/1db/drb2103_1031.cnv
* Sea-Bird SBE 9 Data File:
* FileName = C:\Users\scs.user.rb\CTD\GOMECC4\data\rb2103_1031.hex
* Software Version Seasave V 7.26.7.107
* Temperature SN = 4799
* Conductivity SN = 3860
* Number of Bytes Per Scan = 41
* Number of Voltage Words = 4
* Number of Scans Averaged by the Deck Unit = 1
* NMEA Latitude = 24 23.15 N
* NMEA Longitude = 088 00.13 W
* NMEA UTC (Time) = Oct 13 2021  03:19:12
* NMEA baud rate = 4800
# nquan = 28
# nvalues = 209                         
# units = specified
# name 0 = scan: Scan Count
# name 1 = timeS: Time, Elapsed [seconds]
# name 2 = depSM: Depth [salt water, m]
# name 3 = prDM: Pressure, Digiquartz [db]
# name 4 = t090C: Temperature [ITS-90, deg C]
# name 5 = t190C: Temperature, 2 [ITS-90, deg C]
# name 6 = c0S/m: Conductivity [S/m]
# name 7 = c1S/m: Conductivity, 2 [S/m]
# name 8 = sbeox0V: Oxygen raw, SBE 43 [V]
# name 9 = sbeox1V: Oxygen raw, SBE 43, 2 [V]
# name 10 = altM: Altimeter [m]
# name 11 = latitude: Latitude [deg]
# name 12 = longitude: Longitude [deg]
# name 13 = sbox0dV/dT: Oxygen, SBE 43 [dov/dt]
# name 14 = sbox1dV/dT: Oxygen, SBE 43, 2 [dov/dt]
# name 15 = sbeox0ML/L: Oxygen, SBE 43 [ml/l], WS = 5
# name 16 = sbeox1ML/L: Oxygen, SBE 43, 2 [ml/l], WS = 5
# name 17 = potemp090C: Potential Temperature [ITS-90, deg C]
# name 18 = potemp190C: Potential Temperature, 2 [ITS-90, deg C]
# name 19 = sal00: Salinity, Practical [PSU]
# name 20 = sal11: Salinity, Practical, 2 [PSU]
# name 21 = sigma-é00: Density [sigma-theta, kg/m^3]
# name 22 = sigma-é11: Density, 2 [sigma-theta, kg/m^3]
# name 23 = avgsvCM: Average Sound Velocity [Chen-Millero, m/s], minP = 20, minS = 20
# name 24 = sbox0Mm/Kg: Oxygen, SBE 43 [umol/kg], WS = 5
# name 25 = sbox1Mm/Kg: Oxygen, SBE 43, 2 [umol/kg], WS = 5
# name 26 = nbin: number of scans per bin
# name 27 = flag: flag
# span 0 =      22014,      38887       
# span 1 =    917.213,   1620.246       
# span 2 =      5.962,    518.012       
# span 3 =      6.000,    522.000       
# span 4 =     7.8261,    29.3843       
# span 5 =     7.8258,    29.3857       
# span 6 =   3.623970,   5.941230       
# span 7 =   3.623914,   5.941576       
# span 8 =     1.6400,     3.1485       
# span 9 =     1.3386,     2.6623       
# span 10 =      12.12,     101.19      
# span 11 =   24.37518,   24.39229      
# span 12 =  -88.01548,  -87.95612      
# span 13 =   -0.03293,    0.02690      
# span 14 =   -0.03161,    0.02705      
# span 15 =     2.7142,     4.6627      
# span 16 =     2.7325,     4.6740      
# span 17 =     7.7729,    29.3814      
# span 18 =     7.7726,    29.3828      
# span 19 =    34.9448,    36.6081      
# span 20 =    34.9447,    36.6099      
# span 21 =    22.8150,    27.2700      
# span 22 =    22.8156,    27.2698      
# span 23 =       0.00,    1545.85      
# span 24 =    118.009,    203.196      
# span 25 =    118.808,    203.688      
# span 26 =         30,         67      
# span 27 = 0.0000e+00, 0.0000e+00      
# interval = decibars: 1                
# start_time = Oct 13 2021 03:19:12 [NMEA time, header]
# bad_flag = -9.990e-29
*END*
      22014    917.213      5.962      6.000    29.3787    29.3798   5.940356   5.940681     3.1449     2.6594     100.19   24.38872  -88.00544   -0.00174   -0.00058     4.3352     4.3148    29.3772    29.3783    36.1709    36.1723    22.8165    22.8172       0.00    189.289    188.400         47 0.0000e+00
      22087    920.248      6.955      7.000    29.3815    29.3818   5.940715   5.940941     3.1485     2.6580      98.85   24.38874  -88.00547    0.00180   -0.00007     4.3416     4.3124    29.3798    29.3800    36.1710    36.1723    22.8156    22.8166       0.00    189.571    188.297         67 0.0000e+00
      22141    922.494      7.949      8.000    29.3765    29.3763   5.940230   5.940406     3.1448     2.6560      95.94   24.38874  -88.00548   -0.00047   -0.00103     4.3360     4.3095    29.3745    29.3743    36.1711    36.1725    22.8175    22.8186       0.00    189.324    188.166         49 0.0000e+00
      22197    924.830      8.942      9.000    29.3821    29.3830   5.940850   5.941130     3.1448     2.6554      99.86   24.38874  -88.00551   -0.00100   -0.00024     4.3360     4.3082    29.3799    29.3808    36.1708    36.1721    22.8155    22.8161       0.00    189.324    188.114         60 0.0000e+00
      22251    927.081      9.936     10.000    29.3797    29.3822   5.940640   5.941079     3.1464     2.6570     100.00   24.38876  -88.00552    0.00075   -0.00014     4.3396     4.3120    29.3772    29.3798    36.1710    36.1722    22.8165    22.8166       0.00    189.483    188.279         49 0.0000e+00
      22302    929.221     10.929     11.000    29.3829    29.3847   5.941043   5.941405     3.1441     2.6603     100.00   24.38876  -88.00555   -0.00025    0.00159     4.3358     4.3189    29.3802    29.3820    36.1709    36.1722    22.8154    22.8158       0.00    189.319    188.578         55 0.0000e+00
      22355    931.421     11.923     12.000    29.3843    29.3857   5.941230   5.941576     3.1416     2.6622     100.00   24.38878  -88.00557   -0.00124    0.00082     4.3316     4.3230    29.3814    29.3828    36.1709    36.1722    22.8150    22.8156       0.00    189.135    188.759         47 0.0000e+00
      22401    933.321     12.916     13.000    29.3823    29.3839   5.941065   5.941415     3.1413     2.6616     100.00   24.38878  -88.00559   -0.00071    0.00064     4.3318     4.3225    29.3792    29.3807    36.1710    36.1722    22.8158    22.8162       0.00    189.141    188.738         49 0.0000e+00
      22456    935.609     13.910     14.000    29.3822    29.3836   5.941097   5.941433     3.1419     2.6565     100.00   24.38878  -88.00561    0.00004   -0.00182     4.3334     4.3130    29.3787    29.3802    36.1710    36.1723    22.8160    22.8165       0.00    189.213    188.321         55 0.0000e+00
      22504    937.609     14.904     15.000    29.3827    29.3839   5.941143   5.941468     3.1433     2.6555     100.00   24.38880  -88.00562    0.00069   -0.00091     4.3364     4.3115    29.3790    29.3802    36.1707    36.1720    22.8156    22.8162       0.00    189.343    188.259         46 0.0000e+00
      22557    939.814     15.897     16.000    29.3826    29.3842   5.941174   5.941526     3.1439     2.6580     100.00   24.38880  -88.00564    0.00035    0.00002     4.3380     4.3170    29.3787    29.3803    36.1706    36.1718    22.8157    22.8161       0.00    189.414    188.496         58 0.0000e+00
      22608    941.954     16.891     17.000    29.3823    29.3838   5.941185   5.941536     3.1427     2.6588      98.48   24.38880  -88.00566   -0.00015    0.00122     4.3364     4.3191    29.3781    29.3797    36.1707    36.1719    22.8159    22.8163       0.00    189.343    188.586         45 0.0000e+00
      22658    944.023     17.884     18.000    29.3821    29.3835   5.941189   5.941535     3.1421     2.6562      86.56   24.38881  -88.00568   -0.00038   -0.00063     4.3358     4.3144    29.3777    29.3791    36.1705    36.1719    22.8160    22.8165       0.00    189.320    188.384         56 0.0000e+00
      22712    946.279     18.878     19.000    29.3808    29.3818   5.941062   5.941373     3.1407     2.6575     100.05   24.38882  -88.00570   -0.00045   -0.00043     4.3340     4.3177    29.3762    29.3772    36.1705    36.1717    22.8165    22.8171       0.00    189.238    188.526         50 0.0000e+00
      22760    948.293     19.871     20.000    29.3667    29.3703   5.939501   5.940087     3.1421     2.6572      83.37   24.38882  -88.00572   -0.00005    0.00069     4.3381     4.3183    29.3618    29.3654    36.1700    36.1712    22.8210    22.8207     797.25    189.418    188.554         48 0.0000e+00
      22813    950.520     20.865     21.000    29.3473    29.3484   5.937369   5.937696     3.1391     2.6546      87.19   24.38884  -88.00574   -0.00120   -0.00138     4.3353     4.3154    29.3422    29.3432    36.1695    36.1711    22.8272    22.8280    1538.68    189.293    188.422         59 0.0000e+00
      22867    952.752     21.858     22.000    29.3172    29.3248   5.933965   5.934941     3.1392     2.6623     100.26   24.38884  -88.00575    0.00031    0.00195     4.3377     4.3329    29.3118    29.3194    36.1686    36.1696    22.8369    22.8350    1545.85    189.396    189.189         45 0.0000e+00
      22915    954.745     22.852     23.000    29.2851    29.2853   5.930313   5.930538     3.1382     2.6587     100.00   24.38884  -88.00578   -0.00032    0.00107     4.3390     4.3291    29.2794    29.2797    36.1674    36.1688    22.8469    22.8478    1545.84    189.449    189.017         55 0.0000e+00
      22971    957.074     23.845     24.000    29.2373    29.2538   5.924856   5.927054     3.1389     2.6590     100.00   24.38886  -88.00579    0.00038   -0.00103     4.3445     4.3327    29.2314    29.2479    36.1656    36.1676    22.8618    22.8573    1545.84    189.690    189.176         52 0.0000e+00
      23019    959.094     24.839     25.000    29.1868    29.1904   5.919263   5.919650     3.1374     2.6524     100.00   24.38886  -88.00580   -0.00061   -0.00112     4.3461     4.3245    29.1807    29.1843    36.1649    36.1658    22.8783    22.8782    1545.83    189.757    188.812         48 0.0000e+00
      23070    961.229     25.832     26.000    29.1437    29.1429   5.914772   5.914804     3.1377     2.6507      87.49   24.38886  -88.00583    0.00005   -0.00221     4.3506     4.3246    29.1374    29.1365    36.1662    36.1676    22.8939    22.8952    1545.81    189.948    188.814         55 0.0000e+00
      23124    963.452     26.826     27.000    29.0461    29.0507   5.905029   5.905719     3.1355     2.6525     100.20   24.38888  -88.00584   -0.00076   -0.00006     4.3545     4.3359    29.0395    29.0441    36.1725    36.1738    22.9315    22.9309    1545.79    190.112    189.300         49 0.0000e+00
      23172    965.438     27.819     28.000    29.0215    29.0237   5.902973   5.903396     3.1364     2.6556     100.00   24.38888  -88.00586   -0.00025    0.00146     4.3581     4.3438    29.0147    29.0169    36.1766    36.1779    22.9429    22.9431    1545.78    190.268    189.645         50 0.0000e+00
      23224    967.633     28.813     29.000    28.9823    28.9810   5.899644   5.899738     3.1355     2.6528     100.00   24.38888  -88.00587    0.00017   -0.00043     4.3599     4.3416    28.9753    28.9739    36.1830    36.1847    22.9610    22.9627    1545.76    190.343    189.544         54 0.0000e+00
      23276    969.797     29.806     30.000    28.9429    28.9457   5.896681   5.897167     3.1372     2.6533     100.00   24.38889  -88.00588   -0.00020    0.00027     4.3663     4.3454    28.9356    28.9384    36.1921    36.1934    22.9811    22.9811    1545.74    190.620    189.707         48 0.0000e+00
      23326    971.885     30.799     31.000    28.8166    28.8118   5.884023   5.883807     3.1353     2.6552     100.00   24.38890  -88.00590    0.00058    0.00014     4.3729     4.3593    28.8091    28.8044    36.2000    36.2021    23.0293    23.0325    1545.71    190.898    190.305         57 0.0000e+00
      23383    974.249     31.793     32.000    28.6080    28.6074   5.863639   5.863816     3.1305     2.6520     100.00   24.38890  -88.00592   -0.00269   -0.00034     4.3803     4.3677    28.6003    28.5997    36.2168    36.2184    23.1116    23.1131    1545.69    191.205    190.656         48 0.0000e+00
      23430    976.191     32.786     33.000    28.4668    28.4642   5.850093   5.850045     3.1251     2.6485     100.00   24.38890  -88.00594   -0.00198   -0.00162     4.3810     4.3708    28.4589    28.4563    36.2287    36.2302    23.1675    23.1695    1545.64    191.224    190.779         54 0.0000e+00
      23486    978.549     33.780     34.000    28.4061    28.4088   5.843810   5.844295     3.1207     2.6469     100.00   24.38892  -88.00596   -0.00264   -0.00101     4.3788     4.3724    28.3980    28.4007    36.2320    36.2333    23.1902    23.1903    1545.59    191.127    190.846         52 0.0000e+00
      23535    980.582     34.774     35.000    28.3494    28.3525   5.838305   5.838855     3.1213     2.6442     100.00   24.38892  -88.00597   -0.00039   -0.00106     4.3847     4.3711    28.3411    28.3442    36.2365    36.2380    23.2125    23.2126    1545.55    191.378    190.783         51 0.0000e+00
      23588    982.807     35.767     36.000    28.2916    28.2925   5.832843   5.833192     3.1134     2.6435     100.00   24.38892  -88.00599   -0.00192   -0.00079     4.3751     4.3747    28.2831    28.2840    36.2423    36.2440    23.2359    23.2370    1545.50    190.957    190.939         53 0.0000e+00
      23640    984.966     36.760     37.000    28.2689    28.2705   5.830857   5.831276     3.1114     2.6407     100.00   24.38893  -88.00600   -0.00255   -0.00087     4.3737     4.3711    28.2601    28.2617    36.2455    36.2472    23.2459    23.2467    1545.46    190.890    190.777         51 0.0000e+00
      23692    987.120     37.754     38.000    28.2405    28.2434   5.828276   5.828769     3.1086     2.6379     100.00   24.38894  -88.00602   -0.00091   -0.00114     4.3718     4.3679    28.2315    28.2344    36.2484    36.2498    23.2576    23.2577    1545.42    190.807    190.635         52 0.0000e+00
      23744    989.274     38.747     39.000    28.1107    28.1152   5.815087   5.815733     3.1030     2.6244     100.00   24.38894  -88.00603   -0.00163   -0.00376     4.3713     4.3499    28.1015    28.1060    36.2556    36.2567    23.3058    23.3052    1545.37    190.775    189.842         52 0.0000e+00
      23796    991.475     39.741     40.000    28.0583    28.0608   5.809831   5.810334     3.0931     2.6188      99.99   24.38894  -88.00606   -0.00415   -0.00502     4.3576     4.3428    28.0488    28.0514    36.2586    36.2602    23.3255    23.3258    1545.33    190.177    189.530         53 0.0000e+00
      23847    993.569     40.734     41.000    28.0502    28.0516   5.809206   5.809575     3.0896     2.6131     100.00   24.38896  -88.00607   -0.00300   -0.00239     4.3524     4.3325    28.0404    28.0419    36.2602    36.2616    23.3294    23.3300    1545.28    189.947    189.080         48 0.0000e+00
      23896    995.632     41.727     42.000    28.0219    28.0231   5.807453   5.807888     3.0866     2.6107      99.92   24.38896  -88.00609   -0.00143   -0.00132     4.3488     4.3294    28.0119    28.0132    36.2673    36.2689    23.3441    23.3449    1545.23    189.785    188.939         54 0.0000e+00
      23950    997.875     42.721     43.000    27.9699    27.9703   5.803338   5.803613     3.0788     2.6026      82.84   24.38896  -88.00610   -0.00245   -0.00276     4.3392     4.3175    27.9598    27.9601    36.2800    36.2817    23.3708    23.3720    1545.19    189.362    188.415         49 0.0000e+00
      23997    999.818     43.714     44.000    27.9385    27.9404   5.801108   5.801470     3.0726     2.5998      99.70   24.38898  -88.00612   -0.00361   -0.00269     4.3305     4.3138    27.9281    27.9301    36.2882    36.2892    23.3874    23.3875    1545.15    188.979    188.251         48 0.0000e+00
      24050   1002.059     44.708     45.000    27.8828    27.8833   5.797057   5.797356     3.0622     2.5910     100.00   24.38898  -88.00613   -0.00378   -0.00298     4.3159     4.3005    27.8722    27.8727    36.3023    36.3040    23.4163    23.4174    1545.10    188.337    187.666         56 0.0000e+00
      24101   1004.151     45.701     46.000    27.8215    27.8223   5.792466   5.792751     3.0536     2.5877     100.00   24.38898  -88.00615   -0.00482   -0.00236     4.3048     4.2982    27.8107    27.8115    36.3169    36.3183    23.4474    23.4482    1545.06    187.847    187.561         45 0.0000e+00
      24149   1006.185     46.694     47.000    27.7806    27.7839   5.789578   5.790092     3.0481     2.5811     100.00   24.38900  -88.00616   -0.00336   -0.00255     4.2980     4.2877    27.7696    27.7729    36.3278    36.3288    23.4690    23.4687    1545.02    187.546    187.098         54 0.0000e+00
      24201   1008.327     47.688     48.000    27.7477    27.7475   5.787217   5.787459     3.0434     2.5771      96.26   24.38900  -88.00619   -0.00228   -0.00277     4.2922     4.2824    27.7364    27.7362    36.3363    36.3381    23.4863    23.4877    1544.98    187.292    186.864         48 0.0000e+00
      24249   1010.352     48.681     49.000    27.7094    27.7130   5.784367   5.784888     3.0397     2.5755      96.81   24.38902  -88.00620   -0.00213   -0.00141     4.2885     4.2819    27.6979    27.7015    36.3454    36.3463    23.5057    23.5052    1544.94    187.127    186.838         53 0.0000e+00
      24302   1012.543     49.674     50.000    27.6522    27.6515   5.779381   5.779496     3.0362     2.5735     100.10   24.38902  -88.00622   -0.00136   -0.00036     4.2865     4.2822    27.6399    27.6398    36.3546    36.3563    23.5315    23.5332    1544.90    187.036    186.845         46 0.0000e+00
      24349   1014.496     50.668     51.000    27.5528    27.5563   5.770362   5.770891     3.0305     2.5669      68.33   24.38902  -88.00622   -0.00248   -0.00241     4.2840     4.2759    27.5409    27.5443    36.3669    36.3680    23.5731    23.5728    1544.85    186.915    186.564         54 0.0000e+00
      24403   1016.744     51.661     52.000    27.4603    27.4650   5.761427   5.762118     3.0331     2.5671     101.19   24.38904  -88.00625   -0.00071   -0.00138     4.2961     4.2833    27.4482    27.4529    36.3750    36.3762    23.6092    23.6086    1544.81    187.438    186.879         47 0.0000e+00
      24447   1018.563     52.655     53.000    27.3330    27.3355   5.748495   5.748990     3.0367     2.5698     100.00   24.38904  -88.00626    0.00146    0.00076     4.3130     4.2985    27.3207    27.3232    36.3817    36.3832    23.6555    23.6559    1544.76    188.169    187.533         47 0.0000e+00
      24500   1020.786     53.648     54.000    27.1872    27.1947   5.733748   5.734759     3.0421     2.5775      57.46   24.38904  -88.00628    0.00285    0.00267     4.3346     4.3248    27.1747    27.1822    36.3898    36.3912    23.7088    23.7074    1544.71    189.100    188.674         56 0.0000e+00
      24552   1022.940     54.641     55.000    26.9679    26.9779   5.710887   5.712238     3.0400     2.5766     100.47   24.38906  -88.00629    0.00014    0.00162     4.3480     4.3390    26.9553    26.9652    36.3972    36.3990    23.7849    23.7831    1544.65    189.672    189.276         47 0.0000e+00
      24597   1024.849     55.635     56.000    26.6955    26.7023   5.682480   5.683473     3.0381     2.5765     100.00   24.38906  -88.00631   -0.00126   -0.00051     4.3660     4.3591    26.6827    26.6895    36.4062    36.4080    23.8789    23.8781    1544.59    190.440    190.135         47 0.0000e+00
