GOMECC/GOMECC-4/1db/drb2103_0301.cnv
* Sea-Bird SBE 9 Data File:
* FileName = C:\Users\scs.user.rb\CTD\GOMECC4\data\rb2103_0301.hex
* Software Version Seasave V 7.26.7.107
* Temperature SN = 4799
* Conductivity SN = 3860
* Number of Bytes Per Scan = 41
* Number of Voltage Words = 4
* Number of Scans Averaged by the Deck Unit = 1
* NMEA Latitude = 27 00.64 N
* NMEA Longitude = 086 59.98 W
* NMEA UTC (Time) = Sep 22 2021  07:53:47
* NMEA baud rate = 4800
# nquan = 28
# nvalues = 233                         
# units = specified
# name 0 = scan: Scan Count
# name 1 = timeS: Time, Elapsed [seconds]
# name 2 = depSM: Depth [salt water, m]
# name 3 = prDM: Pressure, Digiquartz [db]
# name 4 = t090C: Temperature [ITS-90, deg C]
# name 5 = t190C: Temperature, 2 [ITS-90, deg C]
# name 6 = c0S/m: Conductivity [S/m]
# name 7 = c1S/m: Conductivity, 2 [S/m]
# name 8 = sbeox0V: Oxygen raw, SBE 43 [V]
# name 9 = sbeox1V: Oxygen raw, SBE 43, 2 [V]
# name 10 = altM: Altimeter [m]
# name 11 = latitude: Latitude [deg]
# name 12 = longitude: Longitude [deg]
# name 13 = sbox0dV/dT: Oxygen, SBE 43 [dov/dt]
# name 14 = sbox1dV/dT: Oxygen, SBE 43, 2 [dov/dt]
# name 15 = sbeox0ML/L: Oxygen, SBE 43 [ml/l], WS = 5
# name 16 = sbeox1ML/L: Oxygen, SBE 43, 2 [ml/l], WS = 5
# name 17 = potemp090C: Potential Temperature [ITS-90, deg C]
# name 18 = potemp190C: Potential Temperature, 2 [ITS-90, deg C]
# name 19 = sal00: Salinity, Practical [PSU]
# name 20 = sal11: Salinity, Practical, 2 [PSU]
# name 21 = sigma-é00: Density [sigma-theta, kg/m^3]
# name 22 = sigma-é11: Density, 2 [sigma-theta, kg/m^3]
# name 23 = avgsvCM: Average Sound Velocity [Chen-Millero, m/s], minP = 20, minS = 20
# name 24 = sbox0Mm/Kg: Oxygen, SBE 43 [umol/kg], WS = 5
# name 25 = sbox1Mm/Kg: Oxygen, SBE 43, 2 [umol/kg], WS = 5
# name 26 = nbin: number of scans per bin
# name 27 = flag: flag
# span 0 =      10050,      92303       
# span 1 =    418.722,   3845.914       
# span 2 =      6.954,   2921.978       
# span 3 =      7.000,   2962.000       
# span 4 =     4.2829,    28.8951       
# span 5 =     4.2834,    28.8958       
# span 6 =   3.344015,   5.866561       
# span 7 =   3.343943,   5.866846       
# span 8 =     1.6274,     3.1150       
# span 9 =     1.3321,     2.6542       
# span 10 =      13.58,     100.21      
# span 11 =   26.99458,   27.00986      
# span 12 =  -86.99968,  -86.99386      
# span 13 =   -0.04189,    0.01998      
# span 14 =   -0.03928,    0.01967      
# span 15 =     2.5426,     4.7119      
# span 16 =     2.5790,     4.7452      
# span 17 =     4.0805,    28.8932      
# span 18 =     4.0816,    28.8938      
# span 19 =    34.9361,    36.8868      
# span 20 =    34.9349,    36.8865      
# span 21 =    22.7037,    27.7587      
# span 22 =    22.7018,    27.7571      
# span 23 =       0.00,    1544.53      
# span 24 =    110.555,    204.748      
# span 25 =    112.137,    206.196      
# span 26 =         30,         71      
# span 27 = 0.0000e+00, 0.0000e+00      
# interval = decibars: 1                
# start_time = Sep 22 2021 07:53:47 [NMEA time, header]
# bad_flag = -9.990e-29
*END*
[from data line 104]
      14545    606.017    110.240    111.000    25.8837    25.8873   5.621588   5.621982     2.8305     2.4027      70.69   27.00847  -86.99938   -0.00479   -0.00251     4.0561     4.0747    25.8589    25.8625    36.5897    36.5897    24.2775    24.2763    1543.89    176.852    177.663         32 0.0000e+00
      14579    607.411    111.233    112.000    25.8510    25.8546   5.624766   5.625126     2.8308     2.4014      73.83   27.00845  -86.99938    0.00267    0.00363     4.0603     4.0751    25.8260    25.8296    36.6401    36.6395    24.3258    24.3242    1543.86    177.025    177.670         34 0.0000e+00
      14612    608.800    112.226    113.000    25.7139    25.7152   5.617792   5.618267     2.8013     2.3613     100.16   27.00844  -86.99938   -0.00431   -0.00568     4.0097     3.9975    25.6887    25.6900    36.6922    36.6925    24.4080    24.4079    1543.83    174.807    174.272         33 0.0000e+00
      14644    610.129    113.219    114.000    25.6832    25.6851   5.615830   5.616088     2.7746     2.3433     100.00   27.00842  -86.99938   -0.01564   -0.01736     3.9618     3.9609    25.6578    25.6597    36.7073    36.7076    24.4290    24.4287    1543.79    172.713    172.674         32 0.0000e+00
      14677    611.501    114.212    115.000    25.6382    25.6424   5.613388   5.613636     2.7559     2.3303     100.00   27.00842  -86.99937   -0.01966   -0.01860     3.9303     3.9366    25.6170    25.6170    36.7217    36.7220    24.4527    24.4522    1543.76    171.336    171.614         34 0.0000e+00
      14711    612.904    115.205    116.000    25.4518    25.4718   5.600825   5.601634     2.7403     2.3161     100.00   27.00841  -86.99936   -0.01443   -0.01174     3.9029     3.9079    25.4261    25.4463    36.7742    36.7708    24.5515    24.5454    1543.73    170.125    170.346         33 0.0000e+00
      14743    614.267    116.198    117.000    25.3788    25.3823   5.594099   5.594467     2.7215     2.2995     100.00   27.00840  -86.99936   -0.01206   -0.01040     3.8805     3.8870    25.3529    25.3564    36.7916    36.7915    24.5873    24.5862    1543.68    169.142    169.428         32 0.0000e+00
      14776    615.635    117.191    118.000    25.3149    25.3203   5.589049   5.589592     2.7088     2.2882     100.00   27.00838  -86.99936   -0.01220   -0.01100     3.8604     3.8670    25.2889    25.2943    36.8056    36.8052    24.6177    24.6158    1543.64    168.265    168.551         34 0.0000e+00
      14810    617.031    118.183    119.000    25.1884    25.1945   5.578289   5.578936     2.6947     2.2771     100.00   27.00838  -86.99936   -0.01052   -0.00851     3.8417     3.8516    25.1614    25.1684    36.8287    36.8279    24.6745    24.6717    1543.61    167.440    167.871         33 0.0000e+00
      14842    618.380    119.176    120.000    25.1099    25.1128   5.571400   5.571754     2.6823     2.2648      90.45   27.00836  -86.99936   -0.00956   -0.00819     3.8235     3.8304    25.0836    25.0866    36.8403    36.8405    24.7071    24.7064    1543.56    166.640    166.941         32 0.0000e+00
      14875    619.731    120.169    121.000    25.0416    25.0470   5.565396   5.565914     2.6744     2.2584      98.63   27.00835  -86.99936   -0.00879   -0.00814     3.8131     3.8212    25.0151    25.0206    36.8508    36.8503    24.7361    24.7340    1543.52    166.181    166.537         33 0.0000e+00
      14909    621.164    121.162    122.000    24.9341    24.9485   5.556192   5.557476     2.6663     2.2510      98.60   27.00834  -86.99936   -0.00649   -0.00604     3.8048     3.8118    24.9075    24.9219    36.8694    36.8673    24.7831    24.7771    1543.48    165.812    166.120         35 0.0000e+00
      14942    622.543    122.155    123.000    24.7960    24.8049   5.542865   5.543725     2.6559     2.2441      99.40   27.00832  -86.99935   -0.00603   -0.00497     3.7941     3.8065    24.7693    24.7782    36.8822    36.8814    24.8350    24.8317    1543.43    165.340    165.880         31 0.0000e+00
      14974    623.858    123.147    124.000    24.6710    24.6759   5.529871   5.530362     2.6452     2.2365     100.00   27.00831  -86.99934   -0.00735   -0.00509     3.7822     3.7988    24.6441    24.6490    36.8868    36.8865    24.8766    24.8749    1543.39    164.813    165.536         32 0.0000e+00
      15006    625.219    124.141    125.000    24.5927    24.5965   5.521019   5.521520     2.6384     2.2298     100.00   27.00830  -86.99934   -0.00729   -0.00547     3.7747     3.7899    24.5657    24.5695    36.8841    36.8848    24.8983    24.8977    1543.34    164.484    165.146         33 0.0000e+00
      15039    626.600    125.133    126.000    24.3780    24.3871   5.491662   5.492353     2.6287     2.2215     100.00   27.00829  -86.99934   -0.00611   -0.00534     3.7720     3.7870    24.3510    24.3601    36.8386    36.8363    24.9287    24.9242    1543.30    164.359    165.013         34 0.0000e+00
      15073    627.981    126.126    127.000    24.1401    24.1497   5.457130   5.458351     2.6194     2.2148     100.00   27.00828  -86.99934   -0.00665   -0.00562     3.7722     3.7898    24.1130    24.1226    36.7725    36.7739    24.9502    24.9484    1543.24    164.365    165.131         32 0.0000e+00
      15104    629.305    127.118    128.000    23.8956    23.9095   5.421241   5.422849     2.6185     2.2166     100.00   27.00826  -86.99934   -0.00556   -0.00388     3.7895     3.8116    23.8686    23.8825    36.7006    36.7014    24.9686    24.9651    1543.18    165.114    166.078         31 0.0000e+00
      15136    630.608    128.112    129.000    23.6760    23.6939   5.390030   5.392004     2.6248     2.2250      59.64   27.00825  -86.99934   -0.00120    0.00067     3.8195     3.8462    23.6489    23.6668    36.6430    36.6433    24.9901    24.9851    1543.12    166.418    167.584         32 0.0000e+00
      15168    631.978    129.105    130.000    23.2365    23.2553   5.326265   5.328239     2.6334     2.2343      99.96   27.00824  -86.99934    0.00359    0.00502     3.8715     3.8999    23.2096    23.2284    36.5160    36.5156    25.0228    25.0170    1543.06    168.681    169.920         34 0.0000e+00
      15201    633.348    130.097    131.000    22.9531    23.0037   5.284548   5.291347     2.6579     2.2617     100.00   27.00822  -86.99932    0.00829    0.00939     3.9386     3.9764    22.9263    22.9769    36.4277    36.4385    25.0382    25.0318    1542.99    171.602    173.251         32 0.0000e+00
      15234    634.698    131.090    132.000    22.5984    22.6035   5.233998   5.234405     2.6827     2.2866     100.00   27.00822  -86.99932    0.01435    0.01560     4.0247     4.0684    22.5717    22.5767    36.3285    36.3275    25.0651    25.0629    1542.90    175.347    177.254         33 0.0000e+00
      15267    636.084    132.083    133.000    22.5306    22.5333   5.225809   5.226104     2.7118     2.3104     100.00   27.00821  -86.99932    0.01998    0.01967     4.0905     4.1281    22.5037    22.5063    36.3206    36.3207    25.0786    25.0779    1542.82    178.210    179.853         33 0.0000e+00
      15299    637.415    133.076    134.000    22.4763    22.4799   5.219953   5.220456     2.7233     2.3176     100.00   27.00820  -86.99932    0.01837    0.01576     4.1184     4.1486    22.4492    22.4531    36.3197    36.3198    25.0934    25.0923    1542.74    179.426    180.742         31 0.0000e+00
      15330    638.714    134.068    135.000    22.3785    22.3814   5.208389   5.208683     2.7206     2.3161     100.00   27.00818  -86.99932    0.00976    0.00706     4.1215     4.1534    22.3514    22.3542    36.3102    36.3101    25.1141    25.1132    1542.65    179.557    180.946         32 0.0000e+00
      15363    640.074    135.061    136.000    22.3362    22.3405   5.204149   5.204592     2.7167     2.3130     100.00   27.00817  -86.99931    0.00049    0.00037     4.1173     4.1499    22.3089    22.3132    36.3119    36.3117    25.1275    25.1262    1542.57    179.372    180.791         33 0.0000e+00
      15396    641.440    136.054    137.000    22.2758    22.2787   5.197273   5.197596     2.7105     2.3087     100.00   27.00815  -86.99930   -0.00325   -0.00238     4.1116     4.1454    22.2483    22.2512    36.3080    36.3081    25.1418    25.1411    1542.49    179.122    180.594         32 0.0000e+00
      15427    642.759    137.046    138.000    22.1887    22.1910   5.188706   5.188776     2.7054     2.3057     100.00   27.00814  -86.99930   -0.00386   -0.00278     4.1054     4.1446    22.1610    22.1633    36.3100    36.3100    25.1681    25.1674    1542.41    178.846    180.553         32 0.0000e+00
      15460    644.134    138.039    139.000    22.1839    22.1845   5.188840   5.188966     2.6983     2.2978     100.00   27.00812  -86.99930   -0.00439   -0.00320     4.0926     4.1283    22.1560    22.1567    36.3177    36.3182    25.1754    25.1756    1542.33    178.285    179.842         34 0.0000e+00
      15494    645.538    139.033    140.000    22.1781    22.1789   5.189250   5.189394     2.6899     2.2925     100.00   27.00812  -86.99930   -0.00507   -0.00445     4.0785     4.1194    22.1501    22.1510    36.3255    36.3259    25.1830    25.1831    1542.25    177.671    179.452         33 0.0000e+00
      15526    646.867    140.025    141.000    22.0415    22.0431   5.175456   5.175602     2.6773     2.2744      92.64   27.00811  -86.99930   -0.00633   -0.00627     4.0591     4.0831    22.0134    22.0150    36.3307    36.3305    25.2255    25.2250    1542.16    176.820    177.866         31 0.0000e+00
      15558    648.194    141.018    142.000    22.0145    22.0163   5.173615   5.173832     2.6521     2.2485      85.36   27.00810  -86.99930   -0.01068   -0.01221     4.0110     4.0290    21.9862    21.9880    36.3385    36.3387    25.2392    25.2388    1542.08    174.721    175.507         33 0.0000e+00
      15591    649.602    142.011    143.000    21.9894    21.9919   5.171631   5.171880     2.6311     2.2276      99.98   27.00808  -86.99929   -0.01626   -0.01772     3.9690     3.9829    21.9609    21.9634    36.3435    36.3434    25.2501    25.2493    1542.00    172.891    173.495         34 0.0000e+00
      15624    650.970    143.003    144.000    21.9058    21.9065   5.162967   5.162995     2.6089     2.2031     100.00   27.00807  -86.99928   -0.01650   -0.01690     3.9303     3.9341    21.8773    21.8779    36.3448    36.3445    25.2746    25.2742    1541.92    171.200    171.365         32 0.0000e+00
      15656    652.312    143.996    145.000    21.8449    21.8458   5.155012   5.155035     2.5936     2.1946     100.00   27.00806  -86.99928   -0.01445   -0.01402     3.9036     3.9195    21.8162    21.8170    36.3326    36.3321    25.2825    25.2819    1541.84    170.038    170.727         33 0.0000e+00
      15690    653.712    144.989    146.000    21.7428    21.7537   5.141660   5.143516     2.5938     2.2016      71.28   27.00805  -86.99928   -0.01146   -0.00887     3.9090     3.9401    21.7140    21.7254    36.3122    36.3136    25.2956    25.2922    1541.76    170.271    171.622         33 0.0000e+00
      15722    655.038    145.981    147.000    21.5579    21.5623   5.120019   5.120409     2.6144     2.2279      99.92   27.00804  -86.99928    0.00113    0.00579     3.9710     4.0192    21.5290    21.5335    36.2954    36.2947    25.3344    25.3327    1541.68    172.964    175.063         31 0.0000e+00
      15753    656.337    146.974    148.000    21.4293    21.4360   5.106595   5.107190     2.6325     2.2417     100.00   27.00802  -86.99928    0.01088    0.01318     4.0190     4.0597    21.4004    21.4071    36.2964    36.2955    25.3709    25.3684    1541.59    175.046    176.823         32 0.0000e+00
      15787    657.762    147.966    149.000    21.2620    21.2686   5.089359   5.089940     2.6325     2.2366     100.00   27.00801  -86.99928    0.01187    0.01093     4.0325     4.0606    21.2330    21.2396    36.2996    36.2987    25.4197    25.4171    1541.51    175.627    176.851         35 0.0000e+00
      15821    659.171    148.959    150.000    21.1351    21.1404   5.076396   5.076868     2.6176     2.2200      71.66   27.00800  -86.99928    0.00017   -0.00367     4.0114     4.0319    21.1061    21.1114    36.3027    36.3020    25.4569    25.4549    1541.43    174.700    175.595         32 0.0000e+00
      15853    660.484    149.952    151.000    21.0431    21.0460   5.067097   5.067367     2.5988     2.2021      83.32   27.00799  -86.99926   -0.00917   -0.01064     3.9792     3.9976    21.0139    21.0169    36.3057    36.3054    25.4845    25.4834    1541.34    173.294    174.096         32 0.0000e+00
      15885    661.850    150.945    152.000    20.9346    20.9387   5.056609   5.056963     2.5775     2.1833      99.95   27.00798  -86.99926   -0.01374   -0.01310     3.9425     3.9619    20.9054    20.9095    36.3130    36.3124    25.5198    25.5182    1541.25    171.691    172.536         34 0.0000e+00
      15919    663.232    151.938    153.000    20.8537    20.8565   5.049271   5.049542     2.5488     2.1551     100.00   27.00796  -86.99926   -0.01643   -0.01518     3.8880     3.9021    20.8244    20.8272    36.3223    36.3221    25.5489    25.5481    1541.16    169.313    169.927         32 0.0000e+00
      15950    664.553    152.930    154.000    20.8120    20.8142   5.045959   5.046186     2.5176     2.1229     100.00   27.00796  -86.99926   -0.02013   -0.01980     3.8250     3.8302    20.7825    20.7847    36.3307    36.3307    25.5668    25.5662    1541.07    166.567    166.793         32 0.0000e+00
      15983    665.915    153.923    155.000    20.7545    20.7551   5.041681   5.041870     2.4842     2.0916     100.00   27.00795  -86.99925   -0.02308   -0.02287     3.7636     3.7639    20.7249    20.7254    36.3457    36.3463    25.5939    25.5942    1540.98    163.889    163.900         33 0.0000e+00
      16016    667.280    154.915    156.000    20.6718    20.6736   5.038032   5.038252     2.4375     2.0450     100.00   27.00794  -86.99924   -0.02620   -0.02547     3.6537     3.6444    20.6420    20.6439    36.3820    36.3820    25.6440    25.6435    1540.90    159.094    158.688         32 0.0000e+00
      16048    668.634    155.908    157.000    20.6502    20.6511   5.036902   5.037108     2.3741     1.9844     100.00   27.00792  -86.99924   -0.03494   -0.03433     3.5306     3.5164    20.6203    20.6212    36.3945    36.3955    25.6595    25.6600    1540.81    153.734    153.112         34 0.0000e+00
      16082    670.048    156.901    158.000    20.6336    20.6348   5.036787   5.036988     2.3228     1.9423     100.00   27.00791  -86.99924   -0.04189   -0.03928     3.4225     3.4190    20.6035    20.6047    36.4075    36.4081    25.6739    25.6741    1540.73    149.022    148.869         33 0.0000e+00
      16114    671.384    157.894    159.000    20.6067    20.6083   5.035167   5.035383     2.2907     1.9165     100.00   27.00790  -86.99924   -0.03611   -0.03037     3.3561     3.3605    20.5765    20.5780    36.4161    36.4166    25.6878    25.6877    1540.64    146.130    146.322         31 0.0000e+00
      16145    672.681    158.886    160.000    20.5759    20.5769   5.033124   5.033313     2.2726     1.9039     100.00   27.00789  -86.99924   -0.02465   -0.01939     3.3194     3.3329    20.5455    20.5465    36.4266    36.4272    25.7041    25.7044    1540.56    144.530    145.117         32 0.0000e+00
      16180    674.107    159.879    161.000    20.5626    20.5632   5.035980   5.036240     2.2592     1.8936     100.00   27.00788  -86.99924   -0.01554   -0.01176     3.2913     3.3091    20.5320    20.5326    36.4609    36.4625    25.7340    25.7350    1540.47    143.303    144.074         35 0.0000e+00
