GOMECC/GOMECC-4/1db/drb2103_0801.cnv
* Sea-Bird SBE 9 Data File:
* FileName = C:\Users\scs.user.rb\CTD\GOMECC4\data\rb2103_0801.hex
* Software Version Seasave V 7.26.7.107
* Temperature SN = 4799
* Conductivity SN = 3860
* Number of Bytes Per Scan = 41
* Number of Voltage Words = 4
* Number of Scans Averaged by the Deck Unit = 1
* NMEA Latitude = 22 16.43 N
* NMEA Longitude = 096 46.23 W
* NMEA UTC (Time) = Oct 06 2021  09:45:19
* NMEA baud rate = 4800
# nquan = 28
# nvalues = 390                         
# units = specified
# name 0 = scan: Scan Count
# name 1 = timeS: Time, Elapsed [seconds]
# name 2 = depSM: Depth [salt water, m]
# name 3 = prDM: Pressure, Digiquartz [db]
# name 4 = t090C: Temperature [ITS-90, deg C]
# name 5 = t190C: Temperature, 2 [ITS-90, deg C]
# name 6 = c0S/m: Conductivity [S/m]
# name 7 = c1S/m: Conductivity, 2 [S/m]
# name 8 = sbeox0V: Oxygen raw, SBE 43 [V]
# name 9 = sbeox1V: Oxygen raw, SBE 43, 2 [V]
# name 10 = altM: Altimeter [m]
# name 11 = latitude: Latitude [deg]
# name 12 = longitude: Longitude [deg]
# name 13 = sbox0dV/dT: Oxygen, SBE 43 [dov/dt]
# name 14 = sbox1dV/dT: Oxygen, SBE 43, 2 [dov/dt]
# name 15 = sbeox0ML/L: Oxygen, SBE 43 [ml/l], WS = 5
# name 16 = sbeox1ML/L: Oxygen, SBE 43, 2 [ml/l], WS = 5
# name 17 = potemp090C: Potential Temperature [ITS-90, deg C]
# name 18 = potemp190C: Potential Temperature, 2 [ITS-90, deg C]
# name 19 = sal00: Salinity, Practical [PSU]
# name 20 = sal11: Salinity, Practical, 2 [PSU]
# name 21 = sigma-é00: Density [sigma-theta, kg/m^3]
# name 22 = sigma-é11: Density, 2 [sigma-theta, kg/m^3]
# name 23 = avgsvCM: Average Sound Velocity [Chen-Millero, m/s], minP = 20, minS = 20
# name 24 = sbox0Mm/Kg: Oxygen, SBE 43 [umol/kg], WS = 5
# name 25 = sbox1Mm/Kg: Oxygen, SBE 43, 2 [umol/kg], WS = 5
# name 26 = nbin: number of scans per bin
# name 27 = flag: flag
# span 0 =       8237,      63476       
# span 1 =    343.165,   2644.790       
# span 2 =      3.975,   2014.466       
# span 3 =      4.000,   2037.000       
# span 4 =     4.2662,    29.4397       
# span 5 =     4.2667,    29.4413       
# span 6 =   3.341238,   5.932514       
# span 7 =   3.341201,   5.932833       
# span 8 =     1.5763,     3.1869       
# span 9 =     1.2809,     2.7203       
# span 10 =      10.25,     101.56      
# span 11 =   22.23052,   22.36030      
# span 12 =  -97.14589,  -96.58208      
# span 13 =   -0.06339,    0.06281      
# span 14 =   -0.05978,    0.06544      
# span 15 =     2.4196,     4.8182      
# span 16 =     2.4475,     4.8354      
# span 17 =     4.1052,    29.4373      
# span 18 =     4.1058,    29.4389      
# span 19 =    34.9051,    36.4639      
# span 20 =    34.9045,    36.4652      
# span 21 =    22.7046,    27.7536      
# span 22 =    22.7048,    27.7526      
# span 23 =       0.00,    1545.61      
# span 24 =    105.216,    210.039      
# span 25 =    106.428,    210.789      
# span 26 =         30,         69      
# span 27 = 0.0000e+00, 0.0000e+00      
# interval = decibars: 1                
# start_time = Oct 06 2021 09:45:19 [NMEA time, header]
# bad_flag = -9.990e-29
*END*
[from data line 52]
      11255    468.922     57.630     58.000    23.8004    23.8029   5.353847   5.354354     3.1269     2.6723     100.00   22.27390  -96.77054   -0.00389   -0.00511     4.7836     4.7948    23.7882    23.7907    36.2879    36.2898    24.6797    24.6804    1541.83    208.490    208.977         53 0.0000e+00
      11299    470.745     58.623     59.000    23.7764    23.7781   5.351243   5.351640     3.1216     2.6675     100.00   22.27390  -96.77054   -0.00218   -0.00270     4.7759     4.7868    23.7640    23.7657    36.2874    36.2890    24.6864    24.6872    1541.69    208.151    208.629         41 0.0000e+00
      11341    472.517     59.616     60.000    23.7547    23.7564   5.348846   5.349258     3.1124     2.6584     100.00   22.27390  -96.77054   -0.00390   -0.00351     4.7601     4.7693    23.7421    23.7438    36.2865    36.2883    24.6923    24.6931    1541.55    207.463    207.863         45 0.0000e+00
      11395    474.757     60.610     61.000    23.7145    23.7182   5.344518   5.345128     3.1026     2.6502      95.20   22.27390  -96.77054   -0.00477   -0.00453     4.7448     4.7550    23.7017    23.7054    36.2859    36.2876    24.7038    24.7040    1541.43    206.792    207.239         65 0.0000e+00
      11456    477.275     61.603     62.000    23.6339    23.6391   5.335784   5.336563     3.0924     2.6439      99.23   22.27390  -96.77054   -0.00385   -0.00240     4.7320     4.7483    23.6210    23.6262    36.2848    36.2865    24.7268    24.7265    1541.29    206.233    206.940         47 0.0000e+00
      11517    479.814     63.590     64.000    23.5267    23.5283   5.321932   5.322323     3.0787     2.6324      79.50   22.25556  -96.69086   -0.00370   -0.00326     4.7148     4.7327    23.5133    23.5150    36.2537    36.2553    24.7315    24.7323    1539.77    205.476    206.259         37 0.0000e+00
      11569    481.998     64.584     65.000    23.5145    23.5168   5.322655   5.323126     3.0737     2.6278      91.77   22.27390  -96.77054   -0.00412   -0.00303     4.7071     4.7247    23.5010    23.5032    36.2810    36.2828    24.7592    24.7599    1540.92    205.140    205.908         45 0.0000e+00
      11677    486.520     68.557     69.000    23.0853    23.0871   5.274541   5.274968     3.0110     2.5654      52.53   22.26336  -96.72476   -0.01579   -0.01479     4.6209     4.6239    23.0711    23.0729    36.2552    36.2570    24.8634    24.8642    1539.71    201.359    201.490         31 0.0000e+00
      11717    488.170     69.551     70.000    23.0680    23.0698   5.274614   5.275031     2.9980     2.5531     101.56   22.27390  -96.77054   -0.01326   -0.01368     4.5969     4.5987    23.0536    23.0555    36.2765    36.2782    24.8865    24.8873    1540.32    200.313    200.392         35 0.0000e+00
      11827    492.733     73.525     74.000    22.8352    22.8361   5.247182   5.247519     2.9622     2.5277      99.98   22.27031  -96.75489   -0.00747   -0.00606     4.5475     4.5640    22.8201    22.8210    36.2532    36.2550    24.9360    24.9371    1539.62    198.148    198.870         36 0.0000e+00
      11864    494.308     74.518     75.000    22.7633    22.7674   5.239419   5.240147     2.9561     2.5206     100.00   22.27390  -96.77054   -0.00664   -0.00367     4.5416     4.5541    22.7480    22.7521    36.2535    36.2558    24.9575    24.9580    1539.76    197.888    198.432         33 0.0000e+00
      11963    498.415     78.491     79.000    22.4102    22.4140   5.208339   5.208949     2.7622     2.3247      99.95   22.26355  -96.72558   -0.04713   -0.04942     4.1760     4.1419    22.3943    22.3981    36.2962    36.2979    25.0894    25.0896    1538.60    181.934    180.447         34 0.0000e+00
      12007    500.243     79.485     80.000    22.2858    22.2934   5.198090   5.199193     2.6833     2.2617     100.00   22.27390  -96.77054   -0.06339   -0.05978     4.0247     4.0088    22.2698    22.2774    36.3258    36.3281    25.1492    25.1488    1539.21    175.332    174.643         40 0.0000e+00
      12105    504.318     83.458     84.000    21.8052    21.8062   5.139600   5.139925     2.6685     2.2739      89.02   22.26307  -96.72350    0.00074    0.00893     4.0340     4.0747    21.7886    21.7896    36.2584    36.2601    25.2319    25.2330    1538.00    175.724    177.496         30 0.0000e+00
      12147    506.083     84.451     85.000    21.8610    21.8597   5.150553   5.150431     2.6722     2.2644      99.02   22.27390  -96.77054    0.02153    0.02196     4.0372     4.0493    21.8442    21.8429    36.3048    36.3049    25.2535    25.2539    1538.64    175.860    176.386         42 0.0000e+00
      12255    510.573     88.425     89.000    21.7387    21.7402   5.146110   5.146484     2.4797     2.0739      92.74   22.26525  -96.73296   -0.04380   -0.04207     3.6478     3.6235    21.7212    21.7226    36.3658    36.3675    25.3329    25.3338    1537.62    158.883    157.827         30 0.0000e+00
      12290    512.049     89.418     90.000    21.7281    21.7296   5.146411   5.146767     2.4265     2.0296      99.92   22.27390  -96.77054   -0.04587   -0.04258     3.5385     3.5235    21.7104    21.7118    36.3821    36.3837    25.3498    25.3507    1538.12    154.121    153.471         32 0.0000e+00
      12322    513.355     90.411     91.000    21.6231    21.6316   5.133646   5.134978     2.3968     2.0094     100.00   22.27390  -96.77054   -0.04093   -0.03549     3.4845     3.4843    21.6052    21.6137    36.3688    36.3722    25.3691    25.3693    1538.01    151.770    151.759         30 0.0000e+00
      12403    516.769     93.391     94.000    20.9048    20.9092   5.040774   5.041597     2.5759     2.2153      99.99   22.27202  -96.76235    0.03214    0.03999     3.9210     4.0176    20.8863    20.8914    36.2305    36.2336    25.4618    25.4630    1537.56    170.762    174.969         30 0.0000e+00
      12437    518.155     94.385     95.000    20.8012    20.8037   5.029854   5.030384     2.6204     2.2453     100.00   22.27390  -96.77054    0.06281    0.06544     4.0179     4.0899    20.7831    20.7856    36.2307    36.2328    25.4904    25.4913    1537.57    174.979    178.117         34 0.0000e+00
      12544    522.618     98.358     99.000    20.5095    20.5131   5.001538   5.002127     2.6001     2.1985      99.97   22.26827  -96.74601   -0.01116   -0.01532     3.9992     4.0039    20.4908    20.4944    36.2450    36.2467    25.5795    25.5799    1536.71    174.150    174.352         33 0.0000e+00
      12582    524.191     99.351    100.000    20.4052    20.4089   4.993006   4.993590     2.5640     2.1642     100.00   22.27390  -96.77056   -0.02012   -0.02078     3.9305     3.9315    20.3863    20.3900    36.2677    36.2693    25.6259    25.6261    1536.99    171.152    171.195         36 0.0000e+00
      12717    529.838    104.317    105.000    20.1851    20.1869   4.974070   4.974456     2.4120     2.0302      99.98   22.26883  -96.74854   -0.02444   -0.02102     3.6236     3.6338    20.1654    20.1673    36.2972    36.2987    25.7068    25.7075    1536.09    157.775    158.216         35 0.0000e+00
      12756    531.440    105.311    106.000    20.1404    20.1423   4.971202   4.971587     2.3875     2.0091     100.00   22.27390  -96.77056   -0.01931   -0.01562     3.5745     3.5875    20.1206    20.1225    36.3147    36.3161    25.7329    25.7335    1536.33    155.632    156.199         35 0.0000e+00
      12858    535.727    109.284    110.000    19.9880    19.9896   4.958258   4.958597     2.3129     1.9374      99.97   22.26775  -96.74383   -0.01643   -0.01573     3.4259     3.4293    19.9675    19.9691    36.3348    36.3362    25.7880    25.7887    1535.49    149.154    149.303         31 0.0000e+00
      12896    537.293    110.277    111.000    19.9399    19.9417   4.955536   4.955902     2.2855     1.9116     100.00   22.27390  -96.77056   -0.01789   -0.01730     3.3703     3.3716    19.9192    19.9211    36.3571    36.3585    25.8188    25.8194    1535.81    146.730    146.788         35 0.0000e+00
      12979    540.762    113.257    114.000    19.8279    19.8295   4.946544   4.946891     2.2227     1.8558      93.59   22.27182  -96.76154   -0.01794   -0.01565     3.2430     3.2470    19.8068    19.8084    36.3776    36.3791    25.8639    25.8646    1535.37    141.181    141.356         30 0.0000e+00
      13011    542.078    114.250    115.000    19.7682    19.7705   4.941904   4.942314     2.2004     1.8341     100.08   22.27390  -96.77056   -0.01714   -0.01570     3.1988     3.1995    19.7470    19.7493    36.3919    36.3933    25.8909    25.8913    1535.42    139.254    139.284         30 0.0000e+00
      13092    545.463    117.229    118.000    19.6066    19.6118   4.927656   4.928094     2.1320     1.7710      99.99   22.27152  -96.76022   -0.01986   -0.01880     3.0677     3.0631    19.5890    19.5904    36.4119    36.4134    25.9474    25.9479    1534.96    133.538    133.337         30 0.0000e+00
      13124    546.807    118.222    119.000    19.5454    19.5467   4.922774   4.923080     2.1072     1.7477     100.00   22.27390  -96.77056   -0.01981   -0.01811     3.0116     3.0079    19.5236    19.5249    36.4256    36.4270    25.9753    25.9761    1535.03    131.095    130.931         32 0.0000e+00
      13156    548.112    119.216    120.000    19.5302    19.5315   4.921481   4.921772     2.0859     1.7294     100.00   22.27390  -96.77056   -0.01888   -0.01686     2.9665     2.9654    19.5082    19.5095    36.4277    36.4290    25.9810    25.9816    1534.94    129.131    129.081         31 0.0000e+00
      13263    552.597    123.188    124.000    19.3876    19.3892   4.908386   4.908740     2.0395     1.6907      99.58   22.27193  -96.76200   -0.00933   -0.00800     2.8750     2.8819    19.3650    19.3666    36.4406    36.4421    26.0280    26.0287    1534.43    125.140    125.440         34 0.0000e+00
      13299    554.098    124.181    125.000    19.3206    19.3237   4.902346   4.902741     2.0229     1.6758     100.01   22.27390  -96.77056   -0.01139   -0.01085     2.8454     2.8523    19.2979    19.3010    36.4495    36.4510    26.0525    26.0528    1534.48    123.851    124.151         34 0.0000e+00
      13412    558.796    128.154    129.000    19.1561    19.1573   4.886494   4.886797     1.9694     1.6296     100.00   22.27490  -96.77492   -0.01192   -0.01057     2.7364     2.7493    19.1327    19.1340    36.4601    36.4615    26.1036    26.1043    1534.19    119.099    119.659         30 0.0000e+00
      13498    562.379    131.133    132.000    19.0246    19.0267   4.873091   4.873467     1.9523     1.6166     100.00   22.27404  -96.77119   -0.00458   -0.00323     2.7070     2.7258    19.0009    19.0029    36.4615    36.4628    26.1385    26.1390    1533.87    117.814    118.632         33 0.0000e+00
      13531    563.741    132.126    133.000    18.9773    18.9787   4.868476   4.868775     1.9428     1.6053      99.56   22.27390  -96.77057   -0.00553   -0.00513     2.6890     2.7013    18.9534    18.9548    36.4639    36.4652    26.1525    26.1532    1533.77    117.032    117.564         31 0.0000e+00
      13638    568.197    136.099    137.000    18.8098    18.8115   4.850299   4.850633     1.9058     1.5718      99.98   22.27018  -96.75442   -0.00782   -0.00618     2.6179     2.6301    18.7854    18.7870    36.4547    36.4560    26.1881    26.1887    1533.17    113.931    114.461         37 0.0000e+00
      13676    569.800    137.092    138.000    18.7772    18.7791   4.847475   4.847843     1.8915     1.5562     100.00   22.27390  -96.77058   -0.00610   -0.00587     2.5883     2.5941    18.7526    18.7545    36.4613    36.4626    26.2020    26.2026    1533.35    112.641    112.896         33 0.0000e+00
      13779    574.080    141.064    142.000    18.4504    18.4522   4.809320   4.809754     1.8504     1.5224      99.98   22.27054  -96.75599   -0.00984   -0.00841     2.5157     2.5299    18.4254    18.4272    36.4234    36.4255    26.2557    26.2568    1532.78    109.478    110.094         31 0.0000e+00
      13813    575.486    142.057    143.000    18.2885    18.2936   4.791324   4.791831     1.8495     1.5226     100.00   22.27390  -96.77058   -0.00452   -0.00306     2.5223     2.5382    18.2634    18.2686    36.4126    36.4149    26.2886    26.2891    1532.93    109.761    110.454         33 0.0000e+00
      13846    576.886    143.050    144.000    18.1716    18.1784   4.777325   4.778345     1.8427     1.5155     100.00   22.27390  -96.77058   -0.00229   -0.00152     2.5138     2.5272    18.1465    18.1533    36.3990    36.4016    26.3075    26.3078    1532.84    109.388    109.974         32 0.0000e+00
      13982    582.534    148.016    149.000    17.7410    17.7429   4.726879   4.727263     1.8266     1.5027      99.98   22.26962  -96.75188   -0.00199   -0.00130     2.5023     2.5193    17.7155    17.7174    36.3450    36.3465    26.3725    26.3733    1532.09    108.882    109.619         34 0.0000e+00
      14020    584.115    149.009    150.000    17.6873    17.6896   4.721257   4.721683     1.8265     1.5025     100.00   22.27391  -96.77058   -0.00126   -0.00108     2.5049     2.5218    17.6617    17.6640    36.3462    36.3478    26.3873    26.3880    1532.30    108.994    109.728         35 0.0000e+00
      14124    588.447    152.981    154.000    17.4048    17.4069   4.688045   4.688464     1.8223     1.5021      99.99   22.27192  -96.76191   -0.00107   -0.00020     2.5123     2.5369    17.3788    17.3809    36.3094    36.3112    26.4282    26.4291    1531.81    109.308    110.379         31 0.0000e+00
      14159    589.919    153.974    155.000    17.3716    17.3734   4.684325   4.684692     1.8218     1.5010     100.00   22.27392  -96.77058   -0.00124   -0.00091     2.5130     2.5359    17.3454    17.3472    36.3068    36.3084    26.4344    26.4351    1531.85    109.340    110.336         36 0.0000e+00
      14192    591.311    154.967    156.000    17.3354    17.3372   4.680198   4.680526     1.8217     1.5004     100.00   22.27392  -96.77058   -0.00055   -0.00084     2.5149     2.5366    17.3091    17.3108    36.3029    36.3042    26.4402    26.4408    1531.76    109.421    110.366         30 0.0000e+00
      14296    595.608    158.939    160.000    17.2676    17.2695   4.671984   4.672399     1.8175     1.4963      99.98   22.27016  -96.75423   -0.00081   -0.00065     2.5105     2.5311    17.2407    17.2426    36.2889    36.2903    26.4455    26.4461    1531.15    109.230    110.126         37 0.0000e+00
      14336    597.290    159.932    161.000    17.2285    17.2303   4.667802   4.668156     1.8162     1.4955     100.00   22.27392  -96.77058   -0.00096   -0.00071     2.5098     2.5315    17.2014    17.2033    36.2890    36.2905    26.4556    26.4562    1531.32    109.200    110.145         36 0.0000e+00
      14439    601.587    163.904    165.000    17.0713    17.0731   4.649351   4.649709     1.8136     1.4924      99.99   22.27172  -96.76103   -0.00060   -0.00080     2.5135     2.5331    17.0438    17.0456    36.2665    36.2679    26.4760    26.4767    1530.83    109.358    110.209         34 0.0000e+00
      14474    603.060    164.896    166.000    17.0474    17.0495   4.646815   4.647177     1.8130     1.4915     100.00   22.27392  -96.77058   -0.00039   -0.00105     2.5138     2.5324    17.0197    17.0218    36.2665    36.2677    26.4821    26.4825    1530.90    109.372    110.178         33 0.0000e+00
      14644    610.145    170.854    172.000    16.7365    16.7387   4.610265   4.610645     1.8209     1.5034      85.53   22.27238  -96.76390    0.00274    0.00327     2.5512     2.5807    16.7082    16.7104    36.2227    36.2240    26.5226    26.5231    1530.29    110.992    112.278         30 0.0000e+00
