GOMECC/GOMECC-4/1db/drb2103_0211.cnv
* Sea-Bird SBE 9 Data File:
* FileName = C:\Users\scs.user.rb\CTD\GOMECC4\data\rb2103_0211.hex
* Software Version Seasave V 7.26.7.107
* Temperature SN = 4799
* Conductivity SN = 3860
* Number of Bytes Per Scan = 41
* Number of Voltage Words = 4
* Number of Scans Averaged by the Deck Unit = 1
* NMEA Latitude = 29 12.35 N
* NMEA Longitude = 085 38.79 W
* NMEA UTC (Time) = Sep 20 2021  22:02:36
* NMEA baud rate = 4800
# nquan = 28
# nvalues = 64                          
# units = specified
# name 0 = scan: Scan Count
# name 1 = timeS: Time, Elapsed [seconds]
# name 2 = depSM: Depth [salt water, m]
# name 3 = prDM: Pressure, Digiquartz [db]
# name 4 = t090C: Temperature [ITS-90, deg C]
# name 5 = t190C: Temperature, 2 [ITS-90, deg C]
# name 6 = c0S/m: Conductivity [S/m]
# name 7 = c1S/m: Conductivity, 2 [S/m]
# name 8 = sbeox0V: Oxygen raw, SBE 43 [V]
# name 9 = sbeox1V: Oxygen raw, SBE 43, 2 [V]
# name 10 = altM: Altimeter [m]
# name 11 = latitude: Latitude [deg]
# name 12 = longitude: Longitude [deg]
# name 13 = sbox0dV/dT: Oxygen, SBE 43 [dov/dt]
# name 14 = sbox1dV/dT: Oxygen, SBE 43, 2 [dov/dt]
# name 15 = sbeox0ML/L: Oxygen, SBE 43 [ml/l], WS = 5
# name 16 = sbeox1ML/L: Oxygen, SBE 43, 2 [ml/l], WS = 5
# name 17 = potemp090C: Potential Temperature [ITS-90, deg C]
# name 18 = potemp190C: Potential Temperature, 2 [ITS-90, deg C]
# name 19 = sal00: Salinity, Practical [PSU]
# name 20 = sal11: Salinity, Practical, 2 [PSU]
# name 21 = sigma-é00: Density [sigma-theta, kg/m^3]
# name 22 = sigma-é11: Density, 2 [sigma-theta, kg/m^3]
# name 23 = avgsvCM: Average Sound Velocity [Chen-Millero, m/s], minP = 20, minS = 20
# name 24 = sbox0Mm/Kg: Oxygen, SBE 43 [umol/kg], WS = 5
# name 25 = sbox1Mm/Kg: Oxygen, SBE 43, 2 [umol/kg], WS = 5
# name 26 = nbin: number of scans per bin
# name 27 = flag: flag
# span 0 =      10317,      18586       
# span 1 =    429.853,    774.385       
# span 2 =      3.973,     74.481       
# span 3 =      4.000,     75.000       
# span 4 =    20.8197,    28.7208       
# span 5 =    20.8035,    28.7346       
# span 6 =   5.066700,   5.754835       
# span 7 =   5.067519,   5.755357       
# span 8 =     2.3047,     3.1825       
# span 9 =     1.9416,     2.7134       
# span 10 =      11.47,      80.12      
# span 11 =   29.20538,   29.26266      
# span 12 =  -85.81512,  -85.64693      
# span 13 =   -0.04006,    0.00983      
# span 14 =   -0.03821,    0.01016      
# span 15 =     3.3357,     4.5077      
# span 16 =     3.3698,     4.5216      
# span 17 =    20.8054,    28.7145      
# span 18 =    20.7892,    28.7284      
# span 19 =    33.0755,    36.5470      
# span 20 =    33.0775,    36.5142      
# span 21 =    20.8673,    25.7323      
# span 22 =    20.8684,    25.7083      
# span 23 =       0.00,    1547.59      
# span 24 =    145.242,    196.793      
# span 25 =    146.726,    197.402      
# span 26 =         34,         64      
# span 27 = 0.0000e+00, 0.0000e+00      
# interval = decibars: 1                
# start_time = Sep 20 2021 22:02:36 [NMEA time, header]
# bad_flag = -9.990e-29
*END*
[from data line 52]
      12979    540.761     55.615     56.000    22.4858    22.4922   5.216249   5.216786     2.7024     2.2921      30.33   29.20538  -85.64694   -0.02299   -0.01954     4.0366     4.0518    22.4745    22.4809    36.3097    36.3086    25.0786    25.0760    1540.19    175.865    176.527         51 0.0000e+00
      13024    542.605     56.608     57.000    22.2527    22.2536   5.192673   5.192857     2.6591     2.2559      29.44   29.20538  -85.64694   -0.02164   -0.01803     3.9663     3.9877    22.2413    22.2422    36.3189    36.3196    25.1521    25.1524    1540.01    172.790    173.721         42 0.0000e+00
      13071    544.588     57.601     58.000    22.0454    22.0473   5.172072   5.172282     2.6199     2.2195      28.40   29.20538  -85.64694   -0.02162   -0.01883     3.9018     3.9204    22.0339    22.0358    36.3298    36.3298    25.2191    25.2186    1539.83    169.967    170.777         56 0.0000e+00
      13128    546.964     58.594     59.000    21.8634    21.8553   5.154389   5.153965     2.5741     2.1798      27.40   29.20538  -85.64694   -0.01944   -0.01764     3.8211     3.8435    21.8517    21.8436    36.3424    36.3431    25.2800    25.2828    1539.65    166.442    167.420         51 0.0000e+00
      13172    548.803     59.587     60.000    21.7935    21.7935   5.147921   5.148036     2.5483     2.1574      26.49   29.20538  -85.64694   -0.01768   -0.01524     3.7732     3.7976    21.7817    21.7816    36.3495    36.3504    25.3051    25.3058    1539.47    164.352    165.417         44 0.0000e+00
      13224    550.939     60.580     61.000    21.7599    21.7637   5.144879   5.145343     2.5369     2.1514      25.45   29.20538  -85.64694   -0.00859   -0.00598     3.7526     3.7863    21.7478    21.7516    36.3534    36.3539    25.3175    25.3168    1539.30    163.452    164.923         56 0.0000e+00
      13275    553.068     61.573     62.000    21.6758    21.6766   5.134858   5.133283     2.5308     2.1491      24.53   29.20538  -85.64694   -0.00346   -0.00143     3.7487     3.7877    21.6636    21.6645    36.3590    36.3580    25.3453    25.3443    1539.14    163.277    164.978         45 0.0000e+00
      13320    554.950     62.566     63.000    21.4762    21.4761   5.117714   5.117766     2.5288     2.1484      23.50   29.20538  -85.64693   -0.00239   -0.00059     3.7569     3.7992    21.4639    21.4638    36.3762    36.3770    25.4140    25.4147    1538.95    163.626    165.468         49 0.0000e+00
      13373    557.164     63.559     64.000    21.4249    21.4264   5.113142   5.113421     2.5265     2.1416      22.48   29.20538  -85.64693   -0.00075   -0.00211     3.7555     3.7877    21.4125    21.4140    36.3824    36.3836    25.4330    25.4335    1538.77    163.560    164.964         54 0.0000e+00
      13421    559.172     64.552     65.000    21.2240    21.2416   5.094203   5.095401     2.5066     2.1233      21.63   29.20538  -85.64694   -0.00503   -0.00533     3.7185     3.7498    21.2113    21.2291    36.3982    36.3974    25.5007    25.4958    1538.62    161.938    163.301         39 0.0000e+00
      13455    560.580     65.544     66.000    21.1483    21.1480   5.086581   5.086636     2.4804     2.0959      20.70   29.20538  -85.64694   -0.01148   -0.01141     3.6799     3.7022    21.1355    21.1353    36.4036    36.4043    25.5257    25.5263    1538.43    160.253    161.226         34 0.0000e+00
      18586    774.385     74.481     75.000    20.8197    20.8035   5.066700   5.067519     2.3047     1.9416      11.47   29.26266  -85.81512    0.00081    0.00081     3.3357     3.3698    20.8054    20.7892    36.5470    36.5142    25.7323    25.7083    1539.95    145.242    146.726         50 0.0000e+00
