GOMECC/GOMECC-4/1db/drb2103_0051.cnv
* Sea-Bird SBE 9 Data File:
* FileName = C:\Users\scs.user.rb\CTD\GOMECC4\data\rb2103_005.hex
* Software Version Seasave V 7.26.7.107
* Temperature SN = 4799
* Conductivity SN = 3860
* Number of Bytes Per Scan = 41
* Number of Voltage Words = 4
* Number of Scans Averaged by the Deck Unit = 1
* NMEA Latitude = 26 59.47 N
* NMEA Longitude = 079 56.01 W
* NMEA UTC (Time) = Sep 15 2021  02:01:09
* NMEA baud rate = 4800
# nquan = 28
# nvalues = 117                         
# units = specified
# name 0 = scan: Scan Count
# name 1 = timeS: Time, Elapsed [seconds]
# name 2 = depSM: Depth [salt water, m]
# name 3 = prDM: Pressure, Digiquartz [db]
# name 4 = t090C: Temperature [ITS-90, deg C]
# name 5 = t190C: Temperature, 2 [ITS-90, deg C]
# name 6 = c0S/m: Conductivity [S/m]
# name 7 = c1S/m: Conductivity, 2 [S/m]
# name 8 = sbeox0V: Oxygen raw, SBE 43 [V]
# name 9 = sbeox1V: Oxygen raw, SBE 43, 2 [V]
# name 10 = altM: Altimeter [m]
# name 11 = latitude: Latitude [deg]
# name 12 = longitude: Longitude [deg]
# name 13 = sbox0dV/dT: Oxygen, SBE 43 [dov/dt]
# name 14 = sbox1dV/dT: Oxygen, SBE 43, 2 [dov/dt]
# name 15 = sbeox0ML/L: Oxygen, SBE 43 [ml/l], WS = 5
# name 16 = sbeox1ML/L: Oxygen, SBE 43, 2 [ml/l], WS = 5
# name 17 = potemp090C: Potential Temperature [ITS-90, deg C]
# name 18 = potemp190C: Potential Temperature, 2 [ITS-90, deg C]
# name 19 = sal00: Salinity, Practical [PSU]
# name 20 = sal11: Salinity, Practical, 2 [PSU]
# name 21 = sigma-é00: Density [sigma-theta, kg/m^3]
# name 22 = sigma-é11: Density, 2 [sigma-theta, kg/m^3]
# name 23 = avgsvCM: Average Sound Velocity [Chen-Millero, m/s], minP = 20, minS = 20
# name 24 = sbox0Mm/Kg: Oxygen, SBE 43 [umol/kg], WS = 5
# name 25 = sbox1Mm/Kg: Oxygen, SBE 43, 2 [umol/kg], WS = 5
# name 26 = nbin: number of scans per bin
# name 27 = flag: flag
# span 0 =      13667,      22838       
# span 1 =    569.422,    951.556       
# span 2 =      5.960,    139.032       
# span 3 =      6.000,    140.000       
# span 4 =    13.2692,    29.6726       
# span 5 =    13.3079,    29.6743       
# span 6 =   4.198882,   5.946056       
# span 7 =   4.202462,   5.946156       
# span 8 =     1.8440,     3.1888       
# span 9 =     1.5337,     2.7155       
# span 10 =      11.98,     100.00      
# span 11 =   26.97017,   26.99535      
# span 12 =  -79.93414,  -79.85488      
# span 13 =   -0.03771,    0.00275      
# span 14 =   -0.03371,    0.00304      
# span 15 =     2.8084,     4.5369      
# span 16 =     2.8529,     4.5585      
# span 17 =    13.2496,    29.6701      
# span 18 =    13.2882,    29.6718      
# span 19 =    35.4019,    36.3064      
# span 20 =    35.4044,    36.3139      
# span 21 =    22.1555,    26.8492      
# span 22 =    22.1568,    26.8395      
# span 23 =       0.00,    1556.93      
# span 24 =    122.141,    197.918      
# span 25 =    124.077,    198.861      
# span 26 =         30,         72      
# span 27 = 0.0000e+00, 0.0000e+00      
# interval = decibars: 1                
# start_time = Sep 15 2021 02:01:09 [NMEA time, header]
# bad_flag = -9.990e-29
*END*
[from data line 104]
      18788    782.800    123.148    124.000    14.6285    14.6288   4.356573   4.356701     1.9368     1.6177      28.71   26.99518  -79.93268   -0.00292   -0.00275     2.9395     2.9860    14.6089    14.6110    35.8830    35.8839    26.7389    26.7395    1532.60    127.861    129.882         33 0.0000e+00
      18821    784.153    124.140    125.000    14.6512    14.6515   4.360529   4.360672     1.9349     1.6168      27.79   26.99518  -79.93268   -0.00213   -0.00182     2.9332     2.9819    14.6325    14.6327    35.8971    35.8982    26.7447    26.7455    1532.38    127.585    129.704         33 0.0000e+00
      18854    785.556    125.133    126.000    14.6616    14.6628   4.362985   4.363269     1.9349     1.6176      26.69   26.99520  -79.93268   -0.00120   -0.00059     2.9328     2.9837    14.6427    14.6439    35.9097    35.9112    26.7522    26.7531    1532.19    127.565    129.780         34 0.0000e+00
      18888    786.962    126.126    127.000    14.6405    14.6428   4.361260   4.361493     1.9365     1.6196      25.76   26.99521  -79.93268   -0.00003    0.00053     2.9384     2.9903    14.6214    14.6238    35.9130    35.9133    26.7593    26.7591    1532.01    127.808    130.067         34 0.0000e+00
      18923    788.400    127.119    128.000    14.5949    14.5983   4.356107   4.356450     1.9378     1.6215      24.76   26.99522  -79.93268    0.00094    0.00135     2.9449     2.9987    14.5758    14.5792    35.9072    35.9072    26.7648    26.7641    1531.82    128.091    130.430         34 0.0000e+00
      18956    789.801    128.112    129.000    14.5521    14.5543   4.351122   4.351358     1.9377     1.6213      23.71   26.99523  -79.93268    0.00079    0.00097     2.9480     3.0015    14.5328    14.5351    35.9004    35.9004    26.7689    26.7684    1531.64    128.225    130.554         33 0.0000e+00
      18988    791.118    129.105    130.000    14.5164    14.5182   4.346925   4.347153     1.9364     1.6198      22.87   26.99524  -79.93268   -0.00006   -0.00013     2.9479     3.0009    14.4970    14.4988    35.8942    35.8947    26.7719    26.7719    1531.45    128.220    130.527         31 0.0000e+00
      19020    792.465    130.097    131.000    14.4564    14.4616   4.339968   4.340315     1.9342     1.6158      21.83   26.99525  -79.93268   -0.00088   -0.00147     2.9455     2.9928    14.4369    14.4423    35.8849    35.8845    26.7777    26.7766    1531.28    128.117    130.174         34 0.0000e+00
      19057    794.017    131.090    132.000    14.4172    14.4190   4.335627   4.335806     1.9302     1.6117      20.78   26.99526  -79.93267   -0.00182   -0.00243     2.9400     2.9862    14.3977    14.3994    35.8806    35.8807    26.7829    26.7826    1531.10    127.877    129.885         40 0.0000e+00
      19096    795.607    132.083    133.000    14.3978    14.4034   4.333470   4.334095     1.9280     1.6112      19.74   26.99528  -79.93266   -0.00212   -0.00195     2.9364     2.9862    14.3781    14.3837    35.8782    35.8788    26.7853    26.7845    1530.92    127.716    129.883         35 0.0000e+00
      19129    796.983    133.076    134.000    14.3889    14.3904   4.332456   4.332688     1.9279     1.6107      18.88   26.99528  -79.93267   -0.00132   -0.00067     2.9370     2.9860    14.3691    14.3706    35.8767    35.8774    26.7860    26.7863    1530.75    127.745    129.877         32 0.0000e+00
      19160    798.285    134.069    135.000    14.3423    14.3395   4.327040   4.326561     1.9274     1.6094      17.98   26.99528  -79.93268   -0.00046   -0.00034     2.9393     2.9864    14.3224    14.3195    35.8692    35.8674    26.7903    26.7895    1530.57    127.842    129.892         31 0.0000e+00
      22838    951.556    139.032    140.000    13.2692    13.3079   4.198882   4.202462     1.8440     1.5337      11.98   26.97017  -79.85488    0.00136    0.00128     2.8084     2.8529    13.2496    13.2882    35.6566    35.6544    26.8492    26.8395    1527.68    122.141    124.077         54 0.0000e+00
