GOMECC/GOMECC-4/1db/drb2103_0821.cnv
* Sea-Bird SBE 9 Data File:
* FileName = C:\Users\scs.user.rb\CTD\GOMECC4\data\rb2103_0821.hex
* Software Version Seasave V 7.26.7.107
* Temperature SN = 4799
* Conductivity SN = 3860
* Number of Bytes Per Scan = 41
* Number of Voltage Words = 4
* Number of Scans Averaged by the Deck Unit = 1
* NMEA Latitude = 22 16.54 N
* NMEA Longitude = 095 35.27 W
* NMEA UTC (Time) = Oct 06 2021  22:50:02
* NMEA baud rate = 4800
# nquan = 28
# nvalues = 425                         
# units = specified
# name 0 = scan: Scan Count
# name 1 = timeS: Time, Elapsed [seconds]
# name 2 = depSM: Depth [salt water, m]
# name 3 = prDM: Pressure, Digiquartz [db]
# name 4 = t090C: Temperature [ITS-90, deg C]
# name 5 = t190C: Temperature, 2 [ITS-90, deg C]
# name 6 = c0S/m: Conductivity [S/m]
# name 7 = c1S/m: Conductivity, 2 [S/m]
# name 8 = sbeox0V: Oxygen raw, SBE 43 [V]
# name 9 = sbeox1V: Oxygen raw, SBE 43, 2 [V]
# name 10 = altM: Altimeter [m]
# name 11 = latitude: Latitude [deg]
# name 12 = longitude: Longitude [deg]
# name 13 = sbox0dV/dT: Oxygen, SBE 43 [dov/dt]
# name 14 = sbox1dV/dT: Oxygen, SBE 43, 2 [dov/dt]
# name 15 = sbeox0ML/L: Oxygen, SBE 43 [ml/l], WS = 5
# name 16 = sbeox1ML/L: Oxygen, SBE 43, 2 [ml/l], WS = 5
# name 17 = potemp090C: Potential Temperature [ITS-90, deg C]
# name 18 = potemp190C: Potential Temperature, 2 [ITS-90, deg C]
# name 19 = sal00: Salinity, Practical [PSU]
# name 20 = sal11: Salinity, Practical, 2 [PSU]
# name 21 = sigma-é00: Density [sigma-theta, kg/m^3]
# name 22 = sigma-é11: Density, 2 [sigma-theta, kg/m^3]
# name 23 = avgsvCM: Average Sound Velocity [Chen-Millero, m/s], minP = 20, minS = 20
# name 24 = sbox0Mm/Kg: Oxygen, SBE 43 [umol/kg], WS = 5
# name 25 = sbox1Mm/Kg: Oxygen, SBE 43, 2 [umol/kg], WS = 5
# name 26 = nbin: number of scans per bin
# name 27 = flag: flag
# span 0 =      12221,      97526       
# span 1 =    509.163,   4063.536       
# span 2 =      3.975,   2979.777       
# span 3 =      4.000,   3020.000       
# span 4 =     4.2756,    29.5790       
# span 5 =     4.2762,    29.5809       
# span 6 =   3.346210,   5.973508       
# span 7 =   3.346180,   5.973827       
# span 8 =     1.5666,     3.3934       
# span 9 =     1.2728,     2.9061       
# span 10 =      11.01,     101.57      
# span 11 =   22.26283,   22.27720      
# span 12 =  -95.59498,  -95.53317      
# span 13 =   -0.06147,    0.02427      
# span 14 =   -0.05287,    0.02252      
# span 15 =     2.3869,     5.1246      
# span 16 =     2.4095,     5.1430      
# span 17 =     4.0784,    29.5758      
# span 18 =     4.0794,    29.5777      
# span 19 =    34.9145,    36.5249      
# span 20 =    34.9140,    36.5263      
# span 21 =    22.8018,    27.7583      
# span 22 =    22.8020,    27.7571      
# span 23 =       0.00,    1562.33      
# span 24 =    103.789,    223.469      
# span 25 =    104.771,    224.273      
# span 26 =         30,         73      
# span 27 = 0.0000e+00, 0.0000e+00      
# interval = decibars: 1                
# start_time = Oct 06 2021 22:50:02 [NMEA time, header]
# bad_flag = -9.990e-29
*END*
      12221    509.163      3.975      4.000    29.5679    29.5680   5.971145   5.971264     3.1509     2.6667      86.29   22.27567  -95.58812   -0.00034    0.00005     4.3285     4.3133    29.5669    29.5670    36.2402    36.2412    22.8042    22.8049       0.00    189.002    188.335         31 0.0000e+00
      15327    638.592      4.969      5.000    29.5717    29.5734   5.971508   5.971792     3.1513     2.6676      99.61   22.27564  -95.58816   -0.00039    0.00096     4.3296     4.3153    29.5705    29.5721    36.2396    36.2402    22.8025    22.8024       0.00    189.047    188.424         31 0.0000e+00
      15670    652.893      5.962      6.000    29.5731    29.5745   5.971670   5.971940     3.1523     2.6695     100.00   22.27564  -95.58816    0.00028    0.00068     4.3317     4.3194    29.5717    29.5731    36.2393    36.2401    22.8018    22.8020       0.00    189.142    188.604         47 0.0000e+00
      15778    657.375      6.956      7.000    29.5729    29.5745   5.971654   5.971964     3.1539     2.6691     100.00   22.27564  -95.58814    0.00178   -0.00109     4.3352     4.3191    29.5711    29.5727    36.2391    36.2400    22.8019    22.8020       0.00    189.295    188.592         32 0.0000e+00
      15835    659.760      7.950      8.000    29.5734    29.5749   5.971797   5.972071     3.1509     2.6679      84.81   22.27564  -95.58814   -0.00048   -0.00016     4.3303     4.3172    29.5714    29.5729    36.2393    36.2401    22.8020    22.8020       0.00    189.079    188.509         43 0.0000e+00
      15904    662.636      8.944      9.000    29.5743    29.5757   5.972069   5.972318     3.1511     2.6669     100.88   22.27564  -95.58814    0.00014   -0.00029     4.3310     4.3158    29.5721    29.5735    36.2402    36.2409    22.8024    22.8024       0.00    189.112    188.447         53 0.0000e+00
      15948    664.457      9.937     10.000    29.5763    29.5795   5.972744   5.973292     3.1500     2.6661     100.00   22.27564  -95.58814    0.00002   -0.00043     4.3293     4.3144    29.5738    29.5771    36.2431    36.2444    22.8039    22.8038       0.00    189.038    188.383         40 0.0000e+00
      15990    666.189     10.931     11.000    29.5759    29.5784   5.972560   5.973034     3.1503     2.6683     100.00   22.27564  -95.58814   -0.00019    0.00036     4.3305     4.3193    29.5732    29.5757    36.2419    36.2433    22.8033    22.8035       0.00    189.088    188.600         46 0.0000e+00
      16040    668.274     11.925     12.000    29.5779    29.5789   5.972953   5.973130     3.1502     2.6677     100.00   22.27564  -95.58814   -0.00005    0.00058     4.3306     4.3187    29.5749    29.5759    36.2427    36.2432    22.8033    22.8034       0.00    189.095    188.572         52 0.0000e+00
      16094    670.539     12.918     13.000    29.5790    29.5809   5.973477   5.973779     3.1506     2.6675     100.00   22.27564  -95.58814    0.00012   -0.00099     4.3318     4.3184    29.5758    29.5777    36.2451    36.2458    22.8048    22.8047       0.00    189.143    188.562         55 0.0000e+00
      16150    672.885     13.912     14.000    29.5779    29.5794   5.973397   5.973773     3.1511     2.6686     100.00   22.27564  -95.58814    0.00023    0.00140     4.3334     4.3213    29.5745    29.5759    36.2456    36.2467    22.8056    22.8059       0.00    189.212    188.686         56 0.0000e+00
      16199    674.930     14.906     15.000    29.5764    29.5783   5.973335   5.973658     3.1493     2.6681      75.83   22.27564  -95.58814   -0.00046   -0.00055     4.3303     4.3206    29.5727    29.5746    36.2460    36.2468    22.8065    22.8065       0.00    189.081    188.654         50 0.0000e+00
      16270    677.860     15.899     16.000    29.5764    29.5780   5.973409   5.973737     3.1520     2.6692      99.43   22.27564  -95.58814    0.00045    0.00035     4.3360     4.3236    29.5724    29.5741    36.2458    36.2468    22.8065    22.8067       0.00    189.326    188.788         44 0.0000e+00
      16319    679.919     16.893     17.000    29.5759    29.5777   5.973508   5.973827     3.1501     2.6657     100.00   22.27564  -95.58814    0.00040   -0.00059     4.3331     4.3171    29.5718    29.5735    36.2465    36.2473    22.8072    22.8073       0.00    189.199    188.503         40 0.0000e+00
      16375    682.245     17.887     18.000    29.5744    29.5759   5.973425   5.973731     3.1501     2.6618     100.00   22.27564  -95.58813   -0.00049   -0.00186     4.3337     4.3100    29.5700    29.5714    36.2468    36.2478    22.8081    22.8083       0.00    189.228    188.191         69 0.0000e+00
      16442    685.030     18.881     19.000    29.5740    29.5752   5.973226   5.973528     3.1491     2.6614     100.00   22.27564  -95.58812    0.00019   -0.00077     4.3325     4.3098    29.5693    29.5706    36.2454    36.2466    22.8073    22.8077       0.00    189.174    188.184         53 0.0000e+00
      16490    687.046     19.874     20.000    29.5743    29.5748   5.973214   5.973429     3.1472     2.6613     100.00   22.27564  -95.58812   -0.00109    0.00042     4.3297     4.3103    29.5694    29.5699    36.2448    36.2460    22.8068    22.8075     843.93    189.053    188.204         53 0.0000e+00
      16552    689.631     20.868     21.000    29.5708    29.5720   5.973062   5.973353     3.1471     2.6637     100.00   22.27564  -95.58812   -0.00017    0.00036     4.3302     4.3158    29.5656    29.5668    36.2461    36.2475    22.8090    22.8096    1562.33    189.075    188.445         61 0.0000e+00
      16607    691.935     21.861     22.000    29.5661    29.5684   5.972561   5.973005     3.1485     2.6669      96.95   22.27564  -95.58812    0.00049    0.00157     4.3336     4.3228    29.5607    29.5630    36.2459    36.2473    22.8105    22.8108    1546.36    189.221    188.750         55 0.0000e+00
      16669    694.491     22.855     23.000    29.5604    29.5621   5.971987   5.972331     3.1474     2.6677      81.20   22.27564  -95.58812   -0.00010    0.00054     4.3326     4.3253    29.5547    29.5565    36.2460    36.2471    22.8127    22.8129    1546.36    189.176    188.859         61 0.0000e+00
      16721    696.657     23.849     24.000    29.5614    29.5630   5.972146   5.972452     3.1462     2.6667      99.43   22.27564  -95.58812   -0.00082    0.00009     4.3309     4.3239    29.5555    29.5571    36.2460    36.2470    22.8124    22.8126    1546.36    189.106    188.800         50 0.0000e+00
      16783    699.257     24.842     25.000    29.5613    29.5633   5.972187   5.972598     3.1470     2.6657     100.00   22.27564  -95.58812    0.00039   -0.00079     4.3329     4.3224    29.5552    29.5571    36.2461    36.2474    22.8125    22.8129    1546.36    189.191    188.733         65 0.0000e+00
      16838    701.534     25.836     26.000    29.5603    29.5618   5.972114   5.972383     3.1503     2.6632     100.00   22.27564  -95.58812    0.00064   -0.00048     4.3394     4.3179    29.5539    29.5554    36.2460    36.2468    22.8129    22.8130    1546.37    189.474    188.538         50 0.0000e+00
      16888    703.645     26.830     27.000    29.5590    29.5599   5.971924   5.972132     3.1480     2.6646     100.00   22.27564  -95.58812    0.00049   -0.00038     4.3358     4.3216    29.5524    29.5533    36.2455    36.2461    22.8130    22.8132    1546.37    189.318    188.696         45 0.0000e+00
      16964    706.794     27.823     28.000    29.5533    29.5548   5.971099   5.971383     3.1487     2.6667      97.44   22.27564  -95.58814    0.00025    0.00081     4.3381     4.3265    29.5465    29.5479    36.2438    36.2446    22.8138    22.8139    1546.37    189.419    188.913         43 0.0000e+00
      17004    708.472     28.817     29.000    29.5507    29.5520   5.970727   5.970993     3.1482     2.6652      99.82   22.27562  -95.58814   -0.00037   -0.00007     4.3379     4.3243    29.5436    29.5449    36.2429    36.2437    22.8141    22.8143    1546.37    189.408    188.813         40 0.0000e+00
      17069    711.160     29.810     30.000    29.5490    29.5505   5.970515   5.970808     3.1478     2.6629      82.78   22.27563  -95.58813   -0.00009   -0.00081     4.3379     4.3204    29.5416    29.5431    36.2425    36.2433    22.8145    22.8146    1546.38    189.409    188.643         73 0.0000e+00
      17131    713.732     30.804     31.000    29.5495    29.5509   5.970750   5.971012     3.1501     2.6613     100.59   22.27564  -95.58813    0.00007   -0.00130     4.3424     4.3176    29.5419    29.5432    36.2434    36.2442    22.8151    22.8152    1546.38    189.608    188.521         42 0.0000e+00
      17171    715.410     31.798     32.000    29.5489    29.5509   5.970691   5.971071     3.1489     2.6596     100.00   22.27564  -95.58813    0.00078   -0.00052     4.3408     4.3149    29.5410    29.5431    36.2432    36.2442    22.8152    22.8153    1546.39    189.537    188.403         38 0.0000e+00
      17252    718.785     32.791     33.000    29.5483    29.5502   5.970702   5.971038     3.1453     2.6656     100.00   22.27564  -95.58813   -0.00128    0.00214     4.3350     4.3272    29.5402    29.5421    36.2434    36.2443    22.8156    22.8156    1546.39    189.281    188.940         46 0.0000e+00
      17295    720.569     33.785     34.000    29.5475    29.5494   5.970793   5.971101     3.1464     2.6626     100.00   22.27564  -95.58814   -0.00034   -0.00017     4.3375     4.3219    29.5392    29.5410    36.2443    36.2450    22.8166    22.8166    1546.39    189.393    188.709         52 0.0000e+00
      17357    723.159     34.778     35.000    29.5473    29.5492   5.971086   5.971412     3.1471     2.6641      88.06   22.27564  -95.58813    0.00040   -0.00001     4.3393     4.3254    29.5387    29.5406    36.2462    36.2470    22.8182    22.8182    1546.40    189.469    188.862         63 0.0000e+00
      17412    725.463     35.772     36.000    29.5418    29.5410   5.970448   5.970633     3.1482     2.6595     100.13   22.27564  -95.58814    0.00058   -0.00113     4.3420     4.3173    29.5330    29.5321    36.2455    36.2459    22.8197    22.8203    1546.40    189.586    188.508         50 0.0000e+00
      17460    727.439     36.766     37.000    29.5317    29.5331   5.969025   5.969304     3.1465     2.6626     100.00   22.27564  -95.58814   -0.00061   -0.00045     4.3404     4.3246    29.5226    29.5240    36.2432    36.2440    22.8215    22.8216    1546.41    189.518    188.827         46 0.0000e+00
      17507    729.405     37.759     38.000    29.5308    29.5320   5.969633   5.969821     3.1476     2.6624     100.00   22.27564  -95.58814    0.00028    0.00121     4.3428     4.3247    29.5215    29.5227    36.2478    36.2481    22.8253    22.8251    1546.41    189.623    188.833         50 0.0000e+00
      17560    731.628     38.753     39.000    29.4300    29.4347   5.958509   5.959231     3.1474     2.6631     100.00   22.27564  -95.58814   -0.00033   -0.00063     4.3504     4.3334    29.4204    29.4252    36.2472    36.2486    22.8591    22.8585    1546.41    189.949    189.206         55 0.0000e+00
      17612    733.793     39.746     40.000    29.2043    29.2178   5.932780   5.934607     3.1618     2.6846     100.00   22.27564  -95.58814    0.00328    0.00473     4.3978     4.3952    29.1946    29.2080    36.2404    36.2428    22.9303    22.9276    1546.40    192.001    191.889         45 0.0000e+00
      17651    735.401     40.740     41.000    28.6804    28.6971   5.870706   5.873061     3.1767     2.7037     100.00   22.27564  -95.58814    0.00672    0.01028     4.4639     4.4703    28.6705    28.6873    36.2080    36.2116    23.0816    23.0787    1546.38    194.859    195.139         38 0.0000e+00
      17702    737.547     41.733     42.000    28.2819    28.2909   5.828429   5.829493     3.2339     2.7580     100.00   22.27564  -95.58814    0.01966    0.02000     4.6004     4.6112    28.2719    28.2809    36.2169    36.2174    23.2205    23.2179    1546.33    200.790    201.263         68 0.0000e+00
      17764    740.115     42.727     43.000    27.7653    27.7689   5.768873   5.769868     3.2899     2.8115     100.00   22.27564  -95.58812    0.02427    0.02252     4.7471     4.7616    27.7551    27.7588    36.1942    36.1985    23.3732    23.3752    1546.26    207.163    207.797         43 0.0000e+00
      17799    741.569     43.720     44.000    27.4927    27.5015   5.734674   5.736186     3.3177     2.8370      90.91   22.27564  -95.58812    0.02056    0.01982     4.8232     4.8369    27.4824    27.4912    36.1618    36.1657    23.4375    23.4376    1546.17    210.471    211.070         31 0.0000e+00
      17848    743.635     44.714     45.000    26.9377    26.9612   5.667413   5.670524     3.3430     2.8599      98.72   22.27564  -95.58812    0.01583    0.01442     4.9208     4.9304    26.9274    26.9509    36.1111    36.1152    23.5780    23.5736    1546.07    214.701    215.121         65 0.0000e+00
      17905    745.984     45.707     46.000    26.4046    26.4215   5.606455   5.608689     3.3740     2.8913      58.71   22.27564  -95.58813    0.01250    0.01248     5.0231     5.0368    26.4025    26.4112    36.0808    36.0841    23.7223    23.7197    1545.96    219.133    219.730         41 0.0000e+00
      17947    747.743     46.701     47.000    26.0474    26.0545   5.567227   5.568340     3.3865     2.9044      61.40   22.27564  -95.58814    0.01093    0.01139     5.0849     5.1018    26.0372    26.0440    36.0816    36.0842    23.8380    23.8377    1545.80    221.803    222.543         51 0.0000e+00
      17999    749.927     47.694     48.000    25.9739    25.9765   5.560369   5.560948     3.3934     2.9061      84.15   22.27564  -95.58814    0.00534    0.00403     5.1056     5.1126    25.9632    25.9657    36.0894    36.0916    23.8670    23.8679    1545.65    222.699    223.008         45 0.0000e+00
      18042    751.696     48.688     49.000    25.6882    25.7043   5.531258   5.533306     3.3794     2.8972      99.01   22.27564  -95.58814   -0.00129   -0.00155     5.1054     5.1178    25.6773    25.6934    36.1012    36.1035    23.9650    23.9617    1545.50    222.670    223.210         50 0.0000e+00
      18103    754.232     49.681     50.000    25.2602    25.2669   5.485742   5.486809     3.3633     2.8831     100.00   22.27564  -95.58814   -0.00816   -0.00690     5.1147     5.1263    25.2492    25.2559    36.1048    36.1074    24.1001    24.1000    1545.34    223.048    223.553         55 0.0000e+00
      18146    756.043     50.675     51.000    25.1372    25.1425   5.473531   5.474319     3.3623     2.8856     100.00   22.27564  -95.58814   -0.00343   -0.00153     5.1246     5.1430    25.1261    25.1314    36.1119    36.1135    24.1432    24.1428    1545.17    223.469    224.273         38 0.0000e+00
      18186    757.720     51.669     52.000    25.0711    25.0752   5.478501   5.478647     3.3554     2.8787     100.00   22.27564  -95.58814   -0.00127    0.00020     5.1139     5.1305    25.0319    25.0643    36.2138    36.2123    24.2491    24.2471    1545.01    222.982    223.705         48 0.0000e+00
      18248    760.302     52.662     53.000    24.8288    24.8312   5.463216   5.463939     3.3128     2.8376      94.45   22.27564  -95.58814   -0.01325   -0.01311     5.0534     5.0635    24.8190    24.8197    36.2809    36.2843    24.3648    24.3667    1544.85    220.319    220.758         62 0.0000e+00
      18295    762.262     53.655     54.000    24.5902    24.5978   5.436900   5.438042     3.2881     2.8171     100.10   22.27564  -95.58814   -0.01443   -0.01286     5.0280     5.0397    24.5786    24.5862    36.2764    36.2789    24.4344    24.4339    1544.68    219.193    219.706         31 0.0000e+00
