GOMECC/GOMECC-4/1db/drb2103_0301.cnv
* Sea-Bird SBE 9 Data File:
* FileName = C:\Users\scs.user.rb\CTD\GOMECC4\data\rb2103_0301.hex
* Software Version Seasave V 7.26.7.107
* Temperature SN = 4799
* Conductivity SN = 3860
* Number of Bytes Per Scan = 41
* Number of Voltage Words = 4
* Number of Scans Averaged by the Deck Unit = 1
* NMEA Latitude = 27 00.64 N
* NMEA Longitude = 086 59.98 W
* NMEA UTC (Time) = Sep 22 2021  07:53:47
* NMEA baud rate = 4800
# nquan = 28
# nvalues = 233                         
# units = specified
# name 0 = scan: Scan Count
# name 1 = timeS: Time, Elapsed [seconds]
# name 2 = depSM: Depth [salt water, m]
# name 3 = prDM: Pressure, Digiquartz [db]
# name 4 = t090C: Temperature [ITS-90, deg C]
# name 5 = t190C: Temperature, 2 [ITS-90, deg C]
# name 6 = c0S/m: Conductivity [S/m]
# name 7 = c1S/m: Conductivity, 2 [S/m]
# name 8 = sbeox0V: Oxygen raw, SBE 43 [V]
# name 9 = sbeox1V: Oxygen raw, SBE 43, 2 [V]
# name 10 = altM: Altimeter [m]
# name 11 = latitude: Latitude [deg]
# name 12 = longitude: Longitude [deg]
# name 13 = sbox0dV/dT: Oxygen, SBE 43 [dov/dt]
# name 14 = sbox1dV/dT: Oxygen, SBE 43, 2 [dov/dt]
# name 15 = sbeox0ML/L: Oxygen, SBE 43 [ml/l], WS = 5
# name 16 = sbeox1ML/L: Oxygen, SBE 43, 2 [ml/l], WS = 5
# name 17 = potemp090C: Potential Temperature [ITS-90, deg C]
# name 18 = potemp190C: Potential Temperature, 2 [ITS-90, deg C]
# name 19 = sal00: Salinity, Practical [PSU]
# name 20 = sal11: Salinity, Practical, 2 [PSU]
# name 21 = sigma-é00: Density [sigma-theta, kg/m^3]
# name 22 = sigma-é11: Density, 2 [sigma-theta, kg/m^3]
# name 23 = avgsvCM: Average Sound Velocity [Chen-Millero, m/s], minP = 20, minS = 20
# name 24 = sbox0Mm/Kg: Oxygen, SBE 43 [umol/kg], WS = 5
# name 25 = sbox1Mm/Kg: Oxygen, SBE 43, 2 [umol/kg], WS = 5
# name 26 = nbin: number of scans per bin
# name 27 = flag: flag
# span 0 =      10050,      92303       
# span 1 =    418.722,   3845.914       
# span 2 =      6.954,   2921.978       
# span 3 =      7.000,   2962.000       
# span 4 =     4.2829,    28.8951       
# span 5 =     4.2834,    28.8958       
# span 6 =   3.344015,   5.866561       
# span 7 =   3.343943,   5.866846       
# span 8 =     1.6274,     3.1150       
# span 9 =     1.3321,     2.6542       
# span 10 =      13.58,     100.21      
# span 11 =   26.99458,   27.00986      
# span 12 =  -86.99968,  -86.99386      
# span 13 =   -0.04189,    0.01998      
# span 14 =   -0.03928,    0.01967      
# span 15 =     2.5426,     4.7119      
# span 16 =     2.5790,     4.7452      
# span 17 =     4.0805,    28.8932      
# span 18 =     4.0816,    28.8938      
# span 19 =    34.9361,    36.8868      
# span 20 =    34.9349,    36.8865      
# span 21 =    22.7037,    27.7587      
# span 22 =    22.7018,    27.7571      
# span 23 =       0.00,    1544.53      
# span 24 =    110.555,    204.748      
# span 25 =    112.137,    206.196      
# span 26 =         30,         71      
# span 27 = 0.0000e+00, 0.0000e+00      
# interval = decibars: 1                
# start_time = Sep 22 2021 07:53:47 [NMEA time, header]
# bad_flag = -9.990e-29
*END*
[from data line 208]
      88013   3667.173   2898.463   2938.000     4.3534     4.3545   3.407969   3.407902     1.7620     1.4540      38.08   26.99502  -86.99822   -0.00013   -0.00001     4.7098     4.7424     4.0805     4.0816    34.9760    34.9741    27.7586    27.7570    1501.03    204.659    206.078         33 0.0000e+00
      88047   3668.584   2899.443   2939.000     4.3535     4.3546   3.408010   3.407954     1.7620     1.4539      37.22   26.99502  -86.99822   -0.00008   -0.00006     4.7105     4.7429     4.0805     4.0816    34.9759    34.9742    27.7586    27.7571    1501.04    204.689    206.095         35 0.0000e+00
      88081   3669.993   2900.422   2940.000     4.3537     4.3547   3.408067   3.407995     1.7616     1.4533      36.11   26.99502  -86.99822   -0.00014   -0.00015     4.7090     4.7405     4.0806     4.0816    34.9759    34.9741    27.7586    27.7570    1501.04    204.624    205.993         33 0.0000e+00
      88113   3671.350   2901.402   2941.000     4.3538     4.3548   3.408115   3.408049     1.7618     1.4531      35.27   26.99502  -86.99822   -0.00010   -0.00025     4.7107     4.7400     4.0806     4.0816    34.9759    34.9742    27.7586    27.7571    1501.05    204.698    205.973         32 0.0000e+00
      88145   3672.682   2902.382   2942.000     4.3539     4.3549   3.408168   3.408092     1.7612     1.4530      34.27   26.99500  -86.99822   -0.00017   -0.00021     4.7086     4.7403     4.0806     4.0816    34.9760    34.9741    27.7586    27.7570    1501.05    204.607    205.983         32 0.0000e+00
      88178   3674.047   2903.362   2943.000     4.3540     4.3550   3.408211   3.408137     1.7613     1.4531      33.24   26.99500  -86.99822   -0.00005   -0.00004     4.7097     4.7414     4.0806     4.0816    34.9760    34.9741    27.7586    27.7570    1501.06    204.653    206.032         33 0.0000e+00
      88212   3675.457   2904.342   2944.000     4.3541     4.3551   3.408261   3.408187     1.7610     1.4530      32.33   26.99500  -86.99822   -0.00017   -0.00002     4.7088     4.7414     4.0806     4.0816    34.9760    34.9741    27.7586    27.7570    1501.06    204.617    206.034         34 0.0000e+00
      88245   3676.847   2905.322   2945.000     4.3542     4.3553   3.408301   3.408238     1.7607     1.4530      31.23   26.99500  -86.99822   -0.00020   -0.00004     4.7082     4.7417     4.0805     4.0816    34.9760    34.9741    27.7586    27.7570    1501.07    204.588    206.045         33 0.0000e+00
      88278   3678.207   2906.301   2946.000     4.3543     4.3553   3.408354   3.408291     1.7610     1.4529      30.32   26.99500  -86.99822   -0.00005   -0.00005     4.7098     4.7419     4.0806     4.0816    34.9760    34.9742    27.7586    27.7571    1501.08    204.657    206.056         33 0.0000e+00
      88311   3679.599   2907.281   2947.000     4.3544     4.3554   3.408400   3.408335     1.7606     1.4529      29.34   26.99499  -86.99822   -0.00007   -0.00004     4.7087     4.7426     4.0806     4.0816    34.9760    34.9742    27.7586    27.7571    1501.08    204.612    206.082         34 0.0000e+00
      88345   3681.004   2908.261   2948.000     4.3545     4.3556   3.408447   3.408379     1.7607     1.4528      28.40   26.99498  -86.99822   -0.00006   -0.00002     4.7100     4.7428     4.0805     4.0816    34.9760    34.9741    27.7586    27.7570    1501.09    204.666    206.092         33 0.0000e+00
      88378   3682.375   2909.241   2949.000     4.3546     4.3557   3.408495   3.408433     1.7606     1.4522      27.52   26.99498  -86.99822   -0.00004   -0.00014     4.7101     4.7406     4.0805     4.0816    34.9760    34.9742    27.7586    27.7571    1501.09    204.670    205.996         33 0.0000e+00
      88411   3683.731   2910.221   2950.000     4.3547     4.3558   3.408543   3.408475     1.7600     1.4521      26.48   26.99498  -86.99822   -0.00009   -0.00024     4.7080     4.7406     4.0805     4.0816    34.9760    34.9741    27.7586    27.7570    1501.10    204.579    205.999         32 0.0000e+00
      88443   3685.096   2911.200   2951.000     4.3549     4.3559   3.408590   3.408529     1.7603     1.4523      25.43   26.99498  -86.99823   -0.00019   -0.00012     4.7096     4.7419     4.0805     4.0816    34.9760    34.9742    27.7586    27.7571    1501.10    204.651    206.054         33 0.0000e+00
      88477   3686.485   2912.180   2952.000     4.3550     4.3561   3.408642   3.408577     1.7598     1.4520      24.51   26.99496  -86.99824   -0.00018   -0.00002     4.7083     4.7412     4.0806     4.0817    34.9760    34.9741    27.7586    27.7570    1501.11    204.592    206.024         34 0.0000e+00
      88510   3687.892   2913.160   2953.000     4.3551     4.3562   3.408683   3.408621     1.7598     1.4518      23.46   26.99496  -86.99824   -0.00007   -0.00012     4.7085     4.7408     4.0806     4.0817    34.9759    34.9741    27.7586    27.7570    1501.11    204.601    206.005         34 0.0000e+00
      88544   3689.278   2914.140   2954.000     4.3553     4.3564   3.408735   3.408669     1.7597     1.4518      22.56   26.99496  -86.99824   -0.00012   -0.00013     4.7089     4.7414     4.0806     4.0817    34.9759    34.9740    27.7586    27.7570    1501.12    204.620    206.031         33 0.0000e+00
      88577   3690.664   2915.119   2955.000     4.3554     4.3564   3.408783   3.408715     1.7593     1.4516      49.50   26.99496  -86.99824   -0.00013   -0.00006     4.7076     4.7408     4.0806     4.0816    34.9759    34.9741    27.7586    27.7570    1501.12    204.564    206.007         33 0.0000e+00
      88610   3692.039   2916.099   2956.000     4.3555     4.3565   3.408834   3.408766     1.7596     1.4511      20.61   26.99496  -86.99824   -0.00006   -0.00012     4.7095     4.7393     4.0806     4.0816    34.9760    34.9741    27.7586    27.7570    1501.13    204.644    205.943         33 0.0000e+00
      88643   3693.425   2917.079   2957.000     4.3556     4.3566   3.408880   3.408813     1.7591     1.4511      19.71   26.99494  -86.99824   -0.00015   -0.00024     4.7077     4.7395     4.0806     4.0816    34.9759    34.9741    27.7586    27.7570    1501.14    204.568    205.949         33 0.0000e+00
      88677   3694.829   2918.059   2958.000     4.3557     4.3567   3.408922   3.408865     1.7590     1.4509      18.65   26.99494  -86.99824   -0.00011   -0.00016     4.7079     4.7393     4.0806     4.0816    34.9759    34.9742    27.7585    27.7571    1501.14    204.575    205.939         34 0.0000e+00
      88710   3696.224   2919.039   2959.000     4.3558     4.3569   3.408971   3.408909     1.7590     1.4506      17.67   26.99494  -86.99824   -0.00012   -0.00007     4.7086     4.7385     4.0806     4.0817    34.9759    34.9741    27.7586    27.7570    1501.15    204.605    205.908         33 0.0000e+00
      88743   3697.570   2920.018   2960.000     4.3559     4.3570   3.409026   3.408955     1.7584     1.4505      16.83   26.99494  -86.99824   -0.00012   -0.00013     4.7065     4.7388     4.0806     4.0816    34.9760    34.9741    27.7586    27.7570    1501.15    204.515    205.918         32 0.0000e+00
      88775   3698.897   2920.998   2961.000     4.3560     4.3571   3.409070   3.409005     1.7589     1.4505      15.70   26.99494  -86.99824   -0.00005   -0.00008     4.7095     4.7394     4.0806     4.0817    34.9759    34.9741    27.7586    27.7570    1501.16    204.646    205.945         32 0.0000e+00
      92303   3845.914   2921.978   2962.000     4.3564     4.3576   3.409143   3.409085     1.7574     1.4481      13.58   26.99466  -86.99866    0.00009   -0.00001     4.7029     4.7282     4.0808     4.0820    34.9760    34.9740    27.7586    27.7570    1501.20    204.360    205.457         30 0.0000e+00
