GOMECC/GOMECC-4/1db/drb2103_0241.cnv
* Sea-Bird SBE 9 Data File:
* FileName = C:\Users\scs.user.rb\CTD\GOMECC4\data\rb2103_0241.hex
* Software Version Seasave V 7.26.7.107
* Temperature SN = 4799
* Conductivity SN = 3860
* Number of Bytes Per Scan = 41
* Number of Voltage Words = 4
* Number of Scans Averaged by the Deck Unit = 1
* NMEA Latitude = 28 41.35 N
* NMEA Longitude = 086 03.85 W
* NMEA UTC (Time) = Sep 21 2021  05:37:15
* NMEA baud rate = 4800
# nquan = 28
# nvalues = 268                         
# units = specified
# name 0 = scan: Scan Count
# name 1 = timeS: Time, Elapsed [seconds]
# name 2 = depSM: Depth [salt water, m]
# name 3 = prDM: Pressure, Digiquartz [db]
# name 4 = t090C: Temperature [ITS-90, deg C]
# name 5 = t190C: Temperature, 2 [ITS-90, deg C]
# name 6 = c0S/m: Conductivity [S/m]
# name 7 = c1S/m: Conductivity, 2 [S/m]
# name 8 = sbeox0V: Oxygen raw, SBE 43 [V]
# name 9 = sbeox1V: Oxygen raw, SBE 43, 2 [V]
# name 10 = altM: Altimeter [m]
# name 11 = latitude: Latitude [deg]
# name 12 = longitude: Longitude [deg]
# name 13 = sbox0dV/dT: Oxygen, SBE 43 [dov/dt]
# name 14 = sbox1dV/dT: Oxygen, SBE 43, 2 [dov/dt]
# name 15 = sbeox0ML/L: Oxygen, SBE 43 [ml/l], WS = 5
# name 16 = sbeox1ML/L: Oxygen, SBE 43, 2 [ml/l], WS = 5
# name 17 = potemp090C: Potential Temperature [ITS-90, deg C]
# name 18 = potemp190C: Potential Temperature, 2 [ITS-90, deg C]
# name 19 = sal00: Salinity, Practical [PSU]
# name 20 = sal11: Salinity, Practical, 2 [PSU]
# name 21 = sigma-é00: Density [sigma-theta, kg/m^3]
# name 22 = sigma-é11: Density, 2 [sigma-theta, kg/m^3]
# name 23 = avgsvCM: Average Sound Velocity [Chen-Millero, m/s], minP = 20, minS = 20
# name 24 = sbox0Mm/Kg: Oxygen, SBE 43 [umol/kg], WS = 5
# name 25 = sbox1Mm/Kg: Oxygen, SBE 43, 2 [umol/kg], WS = 5
# name 26 = nbin: number of scans per bin
# name 27 = flag: flag
# span 0 =       9442,      24839       
# span 1 =    393.393,   1034.937       
# span 2 =      4.967,    304.716       
# span 3 =      5.000,    307.000       
# span 4 =    11.2280,    28.9277       
# span 5 =    11.2301,    28.9293       
# span 6 =   3.977168,   5.821831       
# span 7 =   3.977382,   5.822069       
# span 8 =     1.6719,     3.2388       
# span 9 =     1.3728,     2.7638       
# span 10 =      11.68,     100.73      
# span 11 =   28.68618,   28.70838      
# span 12 =  -86.12065,  -86.05439      
# span 13 =   -0.03364,    0.01539      
# span 14 =   -0.03183,    0.01408      
# span 15 =     2.5499,     4.6831      
# span 16 =     2.5872,     4.6918      
# span 17 =    11.1900,    28.9199      
# span 18 =    11.1922,    28.9216      
# span 19 =    34.7621,    36.5959      
# span 20 =    34.7629,    36.5947      
# span 21 =    22.1032,    27.0521      
# span 22 =    22.1037,    27.0522      
# span 23 =       0.00,    1546.10      
# span 24 =    110.883,    204.378      
# span 25 =    112.502,    204.755      
# span 26 =         30,         61      
# span 27 = 0.0000e+00, 0.0000e+00      
# interval = decibars: 1                
# start_time = Sep 21 2021 05:37:15 [NMEA time, header]
# bad_flag = -9.990e-29
*END*
[from data line 156]
      15516    646.447    160.851    162.000    15.3463    15.3473   4.446524   4.446632     1.9118     1.5922     100.00   28.68928  -86.06370    0.00109    0.00008     2.8451     2.8862    15.3212    15.3222    36.0285    36.0286    26.6937    26.6935    1529.73    123.758    125.545         38 0.0000e+00
      15550    647.886    161.843    163.000    15.3178    15.3198   4.443186   4.443416     1.9106     1.5905     100.00   28.68928  -86.06370   -0.00014   -0.00067     2.8443     2.8839    15.2926    15.2946    36.0239    36.0241    26.6965    26.6962    1529.62    123.723    125.448         31 0.0000e+00
      15580    649.145    162.836    164.000    15.2758    15.2771   4.438275   4.438386     1.9073     1.5872     100.00   28.68928  -86.06370   -0.00104   -0.00129     2.8394     2.8783    15.2505    15.2517    36.0174    36.0173    26.7009    26.7005    1529.50    123.508    125.203         30 0.0000e+00
      15613    650.484    163.829    165.000    15.2492    15.2502   4.435104   4.435259     1.9048     1.5849     100.00   28.68928  -86.06368   -0.00204   -0.00208     2.8355     2.8743    15.2237    15.2248    36.0126    36.0130    26.7032    26.7033    1529.39    123.339    125.027         34 0.0000e+00
      15647    651.930    164.821    166.000    15.2025    15.2050   4.429487   4.429715     1.9020     1.5826     100.00   28.68928  -86.06368   -0.00207   -0.00185     2.8321     2.8714    15.1769    15.1794    36.0040    36.0038    26.7070    26.7063    1529.28    123.193    124.901         35 0.0000e+00
      15680    653.280    165.814    167.000    15.1233    15.1248   4.420322   4.420455     1.8985     1.5783     100.00   28.68928  -86.06368   -0.00198   -0.00199     2.8292     2.8656    15.0977    15.0992    35.9928    35.9926    26.7161    26.7156    1529.17    123.067    124.649         31 0.0000e+00
      15712    654.622    166.806    168.000    15.0697    15.0706   4.413929   4.414035     1.8948     1.5734     100.00   28.68928  -86.06368   -0.00247   -0.00284     2.8238     2.8559    15.0439    15.0449    35.9834    35.9834    26.7207    26.7206    1529.06    122.829    124.226         33 0.0000e+00
      15746    656.027    167.798    169.000    15.0470    15.0465   4.411315   4.411259     1.8920     1.5720     100.00   28.68928  -86.06368   -0.00257   -0.00280     2.8193     2.8547    15.0211    15.0207    35.9800    35.9799    26.7232    26.7232    1528.95    122.633    124.174         34 0.0000e+00
      15778    657.373    168.791    170.000    15.0342    15.0354   4.409870   4.410005     1.8911     1.5705     100.00   28.68928  -86.06368   -0.00189   -0.00173     2.8182     2.8516    15.0082    15.0095    35.9781    35.9782    26.7246    26.7244    1528.84    122.585    124.038         31 0.0000e+00
      15809    658.675    169.784    171.000    15.0081    15.0078   4.406717   4.406624     1.8900     1.5699     100.00   28.68927  -86.06368   -0.00104   -0.00104     2.8176     2.8522    14.9820    14.9817    35.9729    35.9723    26.7264    26.7260    1528.73    122.560    124.065         32 0.0000e+00
      15842    660.056    170.776    172.000    14.9230    14.9226   4.396682   4.396489     1.8885     1.5709     100.00   28.68927  -86.06368   -0.00082   -0.00032     2.8200     2.8605    14.8968    14.8965    35.9591    35.9576    26.7346    26.7335    1528.63    122.660    124.423         34 0.0000e+00
      15877    661.511    171.768    173.000    14.8354    14.8363   4.386493   4.386542     1.8864     1.5690     100.00   28.68927  -86.06368   -0.00117   -0.00001     2.8208     2.8612    14.8093    14.8101    35.9459    35.9456    26.7437    26.7433    1528.52    122.694    124.455         35 0.0000e+00
      15910    662.871    172.761    174.000    14.7683    14.7640   4.378542   4.378018     1.8845     1.5653     100.00   28.68927  -86.06368   -0.00131   -0.00121     2.8202     2.8569    14.7420    14.7378    35.9344    35.9336    26.7495    26.7499    1528.44    122.668    124.267         31 0.0000e+00
      15941    664.179    173.753    175.000    14.7348    14.7343   4.374709   4.374628     1.8811     1.5624     100.00   28.68927  -86.06368   -0.00168   -0.00218     2.8152     2.8509    14.7085    14.7080    35.9297    35.9294    26.7533    26.7531    1528.31    122.449    124.005         32 0.0000e+00
      15975    665.589    174.746    176.000    14.7197    14.7212   4.372898   4.373114     1.8772     1.5587     100.00   28.68927  -86.06368   -0.00238   -0.00251     2.8070     2.8422    14.6932    14.6947    35.9266    35.9272    26.7542    26.7543    1528.20    122.094    123.628         34 0.0000e+00
      16007    666.929    175.738    177.000    14.7161    14.7173   4.372557   4.372697     1.8746     1.5565     100.00   28.68927  -86.06368   -0.00257   -0.00238     2.8014     2.8370    14.6894    14.6906    35.9264    35.9266    26.7549    26.7547    1528.10    121.850    123.400         31 0.0000e+00
      16038    668.208    176.731    178.000    14.7091    14.7087   4.371789   4.371720     1.8730     1.5557     100.00   28.68927  -86.06368   -0.00203   -0.00172     2.7982     2.8359    14.6823    14.6819    35.9253    35.9251    26.7556    26.7555    1527.99    121.712    123.350         32 0.0000e+00
      16072    669.636    177.723    179.000    14.6909    14.6949   4.369609   4.370249     1.8717     1.5540     100.00   28.68927  -86.06367   -0.00129   -0.00104     2.7975     2.8330    14.6640    14.6683    35.9217    35.9226    26.7568    26.7563    1527.89    121.681    123.225         36 0.0000e+00
      16107    671.072    178.716    180.000    14.5742    14.5750   4.355973   4.356036     1.8687     1.5515     100.00   28.68927  -86.06366   -0.00123   -0.00112     2.7958     2.8322    14.5472    14.5481    35.9034    35.9032    26.7681    26.7678    1527.80    121.607    123.191         32 0.0000e+00
      16138    672.376    179.708    181.000    14.5599    14.5611   4.354246   4.354351     1.8654     1.5500     100.00   28.68926  -86.06366   -0.00195   -0.00150     2.7904     2.8309    14.5328    14.5340    35.9003    35.9002    26.7688    26.7685    1527.68    121.369    123.133         31 0.0000e+00
      16170    673.693    180.700    182.000    14.4761    14.4772   4.344559   4.344569     1.8626     1.5472     100.00   28.68927  -86.06366   -0.00237   -0.00159     2.7892     2.8290    14.4490    14.4501    35.8879    35.8870    26.7774    26.7765    1527.58    121.318    123.049         33 0.0000e+00
      16203    675.102    181.693    183.000    14.3920    14.3930   4.334855   4.334898     1.8617     1.5464     100.00   28.68927  -86.06366   -0.00189   -0.00155     2.7929     2.8326    14.3649    14.3659    35.8755    35.8750    26.7860    26.7854    1527.48    121.477    123.205         34 0.0000e+00
      16237    676.501    182.685    184.000    14.3418    14.3427   4.328982   4.329035     1.8624     1.5469     100.00   28.68927  -86.06366   -0.00065   -0.00067     2.7981     2.8375    14.3145    14.3154    35.8673    35.8669    26.7905    26.7900    1527.37    121.703    123.416         33 0.0000e+00
      16270    677.867    183.678    185.000    14.3047    14.3060   4.324626   4.324732     1.8619     1.5460     100.00   28.68927  -86.06366    0.00013    0.00009     2.7996     2.8376    14.2773    14.2786    35.8608    35.8606    26.7935    26.7931    1527.27    121.769    123.419         32 0.0000e+00
      16301    679.159    184.670    186.000    14.2582    14.2638   4.319084   4.319199     1.8595     1.5431     100.00   28.68928  -86.06366   -0.00045   -0.00076     2.7989     2.8347    14.2308    14.2364    35.8521    35.8517    26.7968    26.7952    1527.18    121.735    123.295         31 0.0000e+00
      16333    680.480    185.662    187.000    14.1783    14.1780   4.309857   4.309735     1.8556     1.5392     100.00   28.68927  -86.06366   -0.00171   -0.00197     2.7931     2.8282    14.1509    14.1505    35.8399    35.8392    26.8044    26.8039    1527.06    121.484    123.011         33 0.0000e+00
      16367    681.927    186.655    188.000    14.1549    14.1561   4.307142   4.307261     1.8506     1.5342      99.14   28.68927  -86.06366   -0.00283   -0.00296     2.7828     2.8166    14.1273    14.1286    35.8361    35.8360    26.8065    26.8061    1526.96    121.037    122.507         35 0.0000e+00
      16401    683.330    187.647    189.000    14.1483    14.1492   4.306464   4.306535     1.8470     1.5313     100.01   28.68928  -86.06366   -0.00320   -0.00305     2.7746     2.8094    14.1206    14.1215    35.8354    35.8352    26.8074    26.8070    1526.86    120.679    122.193         32 0.0000e+00
      16433    684.647    188.640    190.000    14.1407    14.1416   4.305653   4.305715     1.8447     1.5302     100.00   28.68927  -86.06366   -0.00263   -0.00212     2.7697     2.8075    14.1129    14.1138    35.8345    35.8342    26.8083    26.8079    1526.76    120.466    122.109         32 0.0000e+00
      16465    685.986    189.632    191.000    14.1220    14.1230   4.303518   4.303577     1.8426     1.5295     100.00   28.68927  -86.06366   -0.00188   -0.00102     2.7662     2.8070    14.0940    14.0950    35.8316    35.8312    26.8101    26.8096    1526.66    120.314    122.089         33 0.0000e+00
      16498    687.384    190.624    192.000    14.0625    14.0645   4.296628   4.296797     1.8406     1.5265     100.00   28.68928  -86.06366   -0.00154   -0.00102     2.7648     2.8023    14.0345    14.0365    35.8221    35.8219    26.8154    26.8148    1526.56    120.252    121.884         33 0.0000e+00
      16531    688.761    191.617    193.000    14.0355    14.0360   4.293530   4.293539     1.8381     1.5246     100.00   28.68928  -86.06366   -0.00153   -0.00163     2.7614     2.7998    14.0074    14.0078    35.8180    35.8176    26.8180    26.8176    1526.46    120.102    121.775         33 0.0000e+00
      16563    690.101    192.609    194.000    14.0237    14.0248   4.292166   4.292249     1.8363     1.5228     100.00   28.68928  -86.06366   -0.00166   -0.00157     2.7579     2.7963    13.9954    13.9965    35.8158    35.8156    26.8188    26.8184    1526.36    119.952    121.620         32 0.0000e+00
      16596    691.474    193.602    195.000    14.0057    14.0070   4.290152   4.290269     1.8344     1.5202     100.00   28.68928  -86.06366   -0.00149   -0.00148     2.7549     2.7907    13.9773    13.9786    35.8133    35.8132    26.8207    26.8204    1526.27    119.820    121.376         33 0.0000e+00
      16629    692.837    194.594    196.000    13.9885    13.9909   4.288142   4.288395     1.8335     1.5193      73.69   28.68928  -86.06366   -0.00115   -0.00145     2.7540     2.7895    13.9600    13.9623    35.8101    35.8103    26.8219    26.8216    1526.17    119.780    121.326         33 0.0000e+00
      16662    694.216    195.586    197.000    13.9667    13.9681   4.285560   4.285647     1.8327     1.5197      98.02   28.68928  -86.06366   -0.00082   -0.00070     2.7539     2.7923    13.9380    13.9395    35.8059    35.8053    26.8233    26.8226    1526.07    119.778    121.446         33 0.0000e+00
      16695    695.596    196.579    198.000    13.9274    13.9280   4.281101   4.281094     1.8314     1.5174     100.02   28.68928  -86.06366   -0.00068   -0.00041     2.7543     2.7911    13.8987    13.8993    35.8004    35.7998    26.8274    26.8268    1525.99    119.794    121.393         33 0.0000e+00
      16727    696.913    197.571    199.000    13.8055    13.8073   4.266923   4.267051     1.8285     1.5141     100.00   28.68928  -86.06366   -0.00112   -0.00127     2.7543     2.7879    13.7768    13.7786    35.7806    35.7801    26.8377    26.8369    1525.88    119.791    121.252         31 0.0000e+00
      16759    698.254    198.563    200.000    13.7809    13.7822   4.264088   4.264189     1.8230     1.5077      84.31   28.68928  -86.06366   -0.00227   -0.00290     2.7427     2.7724    13.7521    13.7534    35.7765    35.7762    26.8397    26.8393    1525.79    119.290    120.581         34 0.0000e+00
      16794    699.703    199.556    201.000    13.7567    13.7569   4.261179   4.261125     1.8167     1.5021      73.21   28.68928  -86.06366   -0.00378   -0.00399     2.7297     2.7602    13.7278    13.7280    35.7721    35.7715    26.8414    26.8409    1525.69    118.721    120.048         35 0.0000e+00
      16828    701.117    200.548    202.000    13.7028    13.7038   4.255080   4.255155     1.8109     1.4973     100.25   28.68928  -86.06366   -0.00433   -0.00400     2.7183     2.7498    13.6738    13.6748    35.7639    35.7637    26.8464    26.8460    1525.60    118.227    119.594         32 0.0000e+00
      16859    702.406    201.540    203.000    13.6722    13.6733   4.251555   4.251627     1.8067     1.4935     100.00   28.68928  -86.06366   -0.00396   -0.00345     2.7101     2.7419    13.6431    13.6442    35.7589    35.7585    26.8489    26.8484    1525.50    117.868    119.250         31 0.0000e+00
      16890    703.718    202.532    204.000    13.6604    13.6617   4.250227   4.250345     1.8040     1.4920     100.00   28.68928  -86.06364   -0.00325   -0.00266     2.7045     2.7387    13.6312    13.6325    35.7569    35.7568    26.8499    26.8495    1525.41    117.623    119.113         32 0.0000e+00
      16923    705.085    203.525    205.000    13.6476    13.6487   4.248724   4.248814     1.8028     1.4900     100.00   28.68928  -86.06364   -0.00207   -0.00168     2.7025     2.7345    13.6182    13.6194    35.7543    35.7541    26.8506    26.8501    1525.32    117.539    118.931         33 0.0000e+00
      16957    706.512    204.517    206.000    13.5837    13.5861   4.241430   4.241613     1.8009     1.4896     100.00   28.68928  -86.06364   -0.00123   -0.00102     2.7024     2.7376    13.5543    13.5567    35.7449    35.7443    26.8565    26.8556    1525.22    117.531    119.062         35 0.0000e+00
      16991    707.910    205.509    207.000    13.5599    13.5619   4.238727   4.238917     1.7991     1.4882     100.00   28.68928  -86.06364   -0.00124   -0.00072     2.6996     2.7355    13.5304    13.5324    35.7412    35.7411    26.8586    26.8582    1525.13    117.409    118.973         33 0.0000e+00
      17023    709.250    206.502    208.000    13.5309    13.5324   4.235294   4.235401     1.7977     1.4869     100.00   28.68928  -86.06364   -0.00125   -0.00083     2.6984     2.7343    13.5013    13.5028    35.7355    35.7351    26.8602    26.8597    1525.04    117.359    118.920         31 0.0000e+00
      17054    710.560    207.494    209.000    13.4592    13.4599   4.227117   4.227088     1.7971     1.4872      53.27   28.68928  -86.06364   -0.00097   -0.00076     2.7017     2.7398    13.4296    13.4303    35.7249    35.7240    26.8669    26.8660    1524.95    117.500    119.160         32 0.0000e+00
      17087    711.911    208.486    210.000    13.4033    13.4043   4.220732   4.220762     1.7976     1.4886      74.16   28.68928  -86.06364   -0.00044    0.00008     2.7070     2.7476    13.3736    13.3746    35.7163    35.7157    26.8718    26.8711    1524.86    117.730    119.495         34 0.0000e+00
      17122    713.377    209.479    211.000    13.3814    13.3825   4.218208   4.218287     1.7995     1.4903     100.04   28.68928  -86.06364    0.00047    0.00093     2.7133     2.7538    13.3516    13.3527    35.7126    35.7123    26.8734    26.8730    1524.76    118.005    119.765         35 0.0000e+00
      17155    714.746    210.471    212.000    13.3426    13.3436   4.213751   4.213779     1.7990     1.4906     100.00   28.68928  -86.06364    0.00074    0.00102     2.7150     2.7575    13.3127    13.3137    35.7063    35.7056    26.8766    26.8758    1524.68    118.080    119.929         31 0.0000e+00
