GOMECC/GOMECC-4/1db/drb2103_0811.cnv
* Sea-Bird SBE 9 Data File:
* FileName = C:\Users\scs.user.rb\CTD\GOMECC4\data\rb2103_0811.hex
* Software Version Seasave V 7.26.7.107
* Temperature SN = 4799
* Conductivity SN = 3860
* Number of Bytes Per Scan = 41
* Number of Voltage Words = 4
* Number of Scans Averaged by the Deck Unit = 1
* NMEA Latitude = 22 16.45 N
* NMEA Longitude = 096 10.82 W
* NMEA UTC (Time) = Oct 06 2021  16:12:43
* NMEA baud rate = 4800
# nquan = 28
# nvalues = 755                         
# units = specified
# name 0 = scan: Scan Count
# name 1 = timeS: Time, Elapsed [seconds]
# name 2 = depSM: Depth [salt water, m]
# name 3 = prDM: Pressure, Digiquartz [db]
# name 4 = t090C: Temperature [ITS-90, deg C]
# name 5 = t190C: Temperature, 2 [ITS-90, deg C]
# name 6 = c0S/m: Conductivity [S/m]
# name 7 = c1S/m: Conductivity, 2 [S/m]
# name 8 = sbeox0V: Oxygen raw, SBE 43 [V]
# name 9 = sbeox1V: Oxygen raw, SBE 43, 2 [V]
# name 10 = altM: Altimeter [m]
# name 11 = latitude: Latitude [deg]
# name 12 = longitude: Longitude [deg]
# name 13 = sbox0dV/dT: Oxygen, SBE 43 [dov/dt]
# name 14 = sbox1dV/dT: Oxygen, SBE 43, 2 [dov/dt]
# name 15 = sbeox0ML/L: Oxygen, SBE 43 [ml/l], WS = 5
# name 16 = sbeox1ML/L: Oxygen, SBE 43, 2 [ml/l], WS = 5
# name 17 = potemp090C: Potential Temperature [ITS-90, deg C]
# name 18 = potemp190C: Potential Temperature, 2 [ITS-90, deg C]
# name 19 = sal00: Salinity, Practical [PSU]
# name 20 = sal11: Salinity, Practical, 2 [PSU]
# name 21 = sigma-é00: Density [sigma-theta, kg/m^3]
# name 22 = sigma-é11: Density, 2 [sigma-theta, kg/m^3]
# name 23 = avgsvCM: Average Sound Velocity [Chen-Millero, m/s], minP = 20, minS = 20
# name 24 = sbox0Mm/Kg: Oxygen, SBE 43 [umol/kg], WS = 5
# name 25 = sbox1Mm/Kg: Oxygen, SBE 43, 2 [umol/kg], WS = 5
# name 26 = nbin: number of scans per bin
# name 27 = flag: flag
# span 0 =      15518,     253550       
# span 1 =    646.553,  10563.884       
# span 2 =      5.963,   2560.992       
# span 3 =      4.000,   2593.000       
# span 4 =     4.2621,   481.7605       
# span 5 =     4.2626,   481.7891       
# span 6 =   3.340798,  96.979588       
# span 7 =   3.340751,  96.985561       
# span 8 =     1.5799,    51.7323       
# span 9 =     1.2843,    43.7472       
# span 10 =       9.92,    1646.03      
# span 11 =   22.11091,  366.65698      
# span 12 =-1583.23974,  -95.47581      
# span 13 =   -0.03625,    0.01854      
# span 14 =   -0.03329,    0.01776      
# span 15 =     2.4274,    71.5253      
# span 16 =     2.4477,    71.1907      
# span 17 =     4.0821,   481.7403      
# span 18 =     4.0830,   481.7689      
# span 19 =    34.9126,   591.2672      
# span 20 =    34.9121,   591.2864      
# span 21 =    22.5004,   373.0927      
# span 22 =    22.5005,   373.0976      
# span 23 =       0.00,    1589.30      
# span 24 =    105.552,   3123.517      
# span 25 =    106.431,   3108.923      
# span 26 =         30,         65      
# span 27 = 0.0000e+00, 0.0000e+00      
# interval = decibars: 1                
# start_time = Oct 06 2021 16:12:43 [NMEA time, header]
# bad_flag = -9.990e-29
*END*
[from data line 208]
      25514   1063.024    272.108    274.000    12.1242    12.1265   4.077962   4.078297     1.6608     1.3564      99.92   22.27399  -96.18076   -0.00100   -0.00083     2.4564     2.4762    12.0875    12.0902    35.5245    35.5252    26.9798    26.9798    1522.05    106.820    107.684         46 0.0000e+00
      25554   1064.704    273.100    275.000    12.1085    12.1104   4.076212   4.076432     1.6600     1.3554     100.00   22.27398  -96.18076   -0.00084   -0.00087     2.4556     2.4745    12.0721    12.0740    35.5215    35.5219    26.9805    26.9804    1521.97    106.785    107.609         34 0.0000e+00
      25611   1067.075    275.085    277.000    12.0745    12.0764   4.072265   4.072504     1.6581     1.3546      99.99   22.27251  -96.17439   -0.00068   -0.00034     2.4532     2.4749    12.0379    12.0398    35.5140    35.5145    26.9811    26.9811    1521.73    106.682    107.627         30 0.0000e+00
      25646   1068.540    276.077    278.000    12.0502    12.0530   4.069717   4.070053     1.6572     1.3534      66.75   22.27398  -96.18076   -0.00068   -0.00051     2.4527     2.4732    12.0135    12.0163    35.5123    35.5129    26.9846    26.9845    1521.76    106.658    107.552         39 0.0000e+00
      25687   1070.245    277.070    279.000    12.0203    12.0232   4.066415   4.066698     1.6561     1.3528     101.23   22.27398  -96.18076   -0.00071   -0.00071     2.4519     2.4736    11.9835    11.9864    35.5081    35.5085    26.9871    26.9868    1521.69    106.623    107.567         38 0.0000e+00
      25778   1074.047    280.047    282.000    11.8658    11.8676   4.048921   4.049124     1.6520     1.3492      99.98   22.27063  -96.16628   -0.00105   -0.00093     2.4514     2.4732    11.8289    11.8307    35.4816    35.4819    26.9958    26.9957    1521.24    106.603    107.548         39 0.0000e+00
      25822   1075.872    281.039    283.000    11.8436    11.8446   4.046783   4.046914     1.6512     1.3484     100.00   22.27398  -96.18076   -0.00094   -0.00073     2.4508     2.4725    11.8067    11.8077    35.4824    35.4828    27.0010    27.0010    1521.40    106.574    107.520         38 0.0000e+00
      25914   1079.698    284.016    286.000    11.7490    11.7520   4.035842   4.036186     1.6477     1.3455      59.28   22.27075  -96.16681   -0.00085   -0.00063     2.4483     2.4706    11.7119    11.7149    35.4629    35.4634    27.0035    27.0034    1520.97    106.464    107.437         44 0.0000e+00
      25960   1081.623    285.009    287.000    11.7075    11.7118   4.031666   4.032140     1.6464     1.3439     102.50   22.27398  -96.18076   -0.00087   -0.00071     2.4475     2.4688    11.6703    11.6746    35.4621    35.4626    27.0110    27.0106    1521.12    106.433    107.355         36 0.0000e+00
      26046   1085.195    287.986    290.000    11.6567    11.6585   4.025910   4.026102     1.6436     1.3406      57.94   22.27114  -96.16849   -0.00069   -0.00095     2.4442     2.4631    11.6192    11.6211    35.4517    35.4518    27.0124    27.0121    1520.71    106.286    107.110         41 0.0000e+00
      26092   1087.105    288.978    291.000    11.6430    11.6442   4.024770   4.024880     1.6433     1.3407     101.03   22.27398  -96.18076   -0.00053   -0.00051     2.4445     2.4645    11.6054    11.6067    35.4540    35.4539    27.0170    27.0167    1520.84    106.299    107.169         42 0.0000e+00
      26177   1090.661    291.955    294.000    11.5300    11.5315   4.011930   4.012090     1.6401     1.3383      99.99   22.27174  -96.17107   -0.00077   -0.00057     2.4438     2.4653    11.4923    11.4938    35.4333    35.4335    27.0220    27.0219    1520.48    106.269    107.204         30 0.0000e+00
      26219   1092.398    292.948    295.000    11.5125    11.5141   4.010315   4.010468     1.6398     1.3375     100.00   22.27398  -96.18076   -0.00079   -0.00065     2.4443     2.4641    11.4747    11.4763    35.4344    35.4344    27.0263    27.0260    1520.56    106.289    107.151         50 0.0000e+00
      26265   1094.327    293.940    296.000    11.4896    11.4916   4.007847   4.008059     1.6389     1.3365     100.00   22.27398  -96.18076   -0.00036   -0.00060     2.4435     2.4629    11.4517    11.4537    35.4315    35.4317    27.0283    27.0281    1520.50    106.253    107.099         36 0.0000e+00
      26345   1097.657    296.917    299.000    11.3465    11.3496   3.991634   3.992007     1.6353     1.3331      99.99   22.27083  -96.16716   -0.00086   -0.00085     2.4436     2.4625    11.3085    11.3116    35.4057    35.4065    27.0347    27.0347    1520.07    106.258    107.078         34 0.0000e+00
      26389   1099.519    297.910    300.000    11.3149    11.3170   3.988548   3.988800     1.6339     1.3321     100.00   22.27398  -96.18076   -0.00108   -0.00100     2.4420     2.4616    11.2769    11.2790    35.4059    35.4064    27.0409    27.0409    1520.22    106.188    107.040         48 0.0000e+00
      26430   1101.222    298.902    301.000    11.2681    11.2705   3.983333   3.983602     1.6329     1.3304     100.00   22.27398  -96.18076   -0.00081   -0.00082     2.4423     2.4597    11.2301    11.2325    35.3985    35.3989    27.0438    27.0437    1520.15    106.202    106.960         32 0.0000e+00
      26487   1103.582    300.886    303.000    11.2085    11.2111   3.976570   3.976838     1.6299     1.3292      99.99   22.27227  -96.17339   -0.00101   -0.00069     2.4388     2.4605    11.1704    11.1729    35.3871    35.3873    27.0458    27.0455    1519.90    106.049    106.990         33 0.0000e+00
      26523   1105.082    301.879    304.000    11.1733    11.1756   3.972892   3.973135     1.6290     1.3284     100.00   22.27398  -96.18076   -0.00103   -0.00046     2.4385     2.4606    11.1351    11.1374    35.3844    35.3846    27.0503    27.0501    1519.94    106.036    106.994         34 0.0000e+00
      26557   1106.493    302.871    305.000    11.1526    11.1540   3.970617   3.970752     1.6281     1.3277     100.00   22.27398  -96.18076   -0.00083   -0.00049     2.4376     2.4601    11.1143    11.1157    35.3811    35.3811    27.0516    27.0513    1519.88    105.997    106.973         35 0.0000e+00
      26593   1108.005    303.863    306.000    11.1112    11.1131   3.966165   3.966367     1.6273     1.3264     100.00   22.27398  -96.18076   -0.00059   -0.00063     2.4384     2.4588    11.0729    11.0748    35.3761    35.3763    27.0553    27.0550    1519.81    106.031    106.918         38 0.0000e+00
      26630   1109.528    304.855    307.000    11.0739    11.0764   3.962092   3.962385     1.6261     1.3256     100.00   22.27398  -96.18076   -0.00059   -0.00077     2.4379     2.4589    11.0355    11.0380    35.3709    35.3714    27.0581    27.0579    1519.74    106.007    106.922         33 0.0000e+00
      26662   1110.877    305.848    308.000    11.0228    11.0254   3.956486   3.956769     1.6247     1.3245     100.00   22.27398  -96.18076   -0.00082   -0.00070     2.4373     2.4591    10.9844    10.9870    35.3636    35.3640    27.0616    27.0615    1519.67    105.981    106.929         33 0.0000e+00
      26695   1112.243    306.840    309.000    10.9912    10.9930   3.953035   3.953214     1.6237     1.3237     100.00   22.27398  -96.18076   -0.00092   -0.00070     2.4369     2.4589    10.9528    10.9546    35.3591    35.3592    27.0639    27.0637    1519.60    105.962    106.922         32 0.0000e+00
      26728   1113.607    307.832    310.000    10.9719    10.9733   3.950946   3.951092     1.6227     1.3230     100.00   22.27398  -96.18076   -0.00080   -0.00059     2.4356     2.4583    10.9333    10.9348    35.3564    35.3564    27.0653    27.0651    1519.54    105.908    106.895         34 0.0000e+00
      26764   1115.107    308.824    311.000    10.9615    10.9628   3.949860   3.949996     1.6218     1.3219     100.00   22.27398  -96.18076   -0.00068   -0.00059     2.4342     2.4560    10.9229    10.9242    35.3550    35.3551    27.0661    27.0660    1519.47    105.846    106.796         38 0.0000e+00
      26800   1116.643    309.817    312.000    10.9461    10.9480   3.948202   3.948394     1.6212     1.3208     100.00   22.27398  -96.18076   -0.00057   -0.00067     2.4340     2.4542    10.9074    10.9093    35.3528    35.3529    27.0673    27.0670    1519.40    105.836    106.717         36 0.0000e+00
      26835   1118.077    310.809    313.000    10.9343    10.9358   3.946943   3.947081     1.6204     1.3201     100.00   22.27398  -96.18076   -0.00046   -0.00067     2.4326     2.4530    10.8955    10.8970    35.3511    35.3511    27.0681    27.0678    1519.34    105.777    106.664         32 0.0000e+00
      26866   1119.366    311.801    314.000    10.9124    10.9140   3.944564   3.944710     1.6196     1.3200     100.00   22.27398  -96.18076   -0.00051   -0.00047     2.4322     2.4544    10.8736    10.8751    35.3479    35.3479    27.0695    27.0693    1519.27    105.758    106.726         31 0.0000e+00
      26898   1120.714    312.793    315.000    10.8995    10.9006   3.943199   3.943295     1.6190     1.3188     100.00   22.27398  -96.18076   -0.00057   -0.00037     2.4317     2.4520    10.8605    10.8616    35.3462    35.3462    27.0706    27.0704    1519.20    105.737    106.619         35 0.0000e+00
      26935   1122.254    313.786    316.000    10.8944    10.8954   3.942685   3.942775     1.6186     1.3187     100.00   22.27398  -96.18076   -0.00040   -0.00050     2.4313     2.4523    10.8553    10.8563    35.3456    35.3455    27.0710    27.0708    1519.14    105.719    106.631         36 0.0000e+00
      26968   1123.634    314.778    317.000    10.8914    10.8929   3.942416   3.942545     1.6180     1.3182     100.00   22.27398  -96.18078   -0.00031   -0.00029     2.4300     2.4514    10.8521    10.8537    35.3454    35.3452    27.0714    27.0710    1519.07    105.664    106.593         31 0.0000e+00
      27001   1125.010    315.770    318.000    10.8892    10.8910   3.942226   3.942388     1.6175     1.3175     100.00   22.27398  -96.18078   -0.00038   -0.00034     2.4291     2.4496    10.8499    10.8517    35.3451    35.3449    27.0716    27.0712    1519.01    105.623    106.515         38 0.0000e+00
      27044   1126.783    316.762    319.000    10.8871    10.8882   3.942045   3.942121     1.6167     1.3178     100.00   22.27398  -96.18076   -0.00045   -0.00028     2.4274     2.4509    10.8476    10.8487    35.3449    35.3446    27.0719    27.0715    1518.94    105.552    106.572         41 0.0000e+00
      27131   1130.430    319.739    322.000    10.8215    10.8229   3.934521   3.934640     1.6153     1.3156      99.99   22.27096  -96.16771   -0.00026   -0.00048     2.4289     2.4495    10.7818    10.7832    35.3323    35.3321    27.0738    27.0734    1518.54    105.615    106.511         39 0.0000e+00
      27178   1132.365    320.731    323.000    10.8033    10.8049   3.932878   3.933017     1.6146     1.3146     100.00   22.27398  -96.18076   -0.00055   -0.00080     2.4281     2.4477    10.7636    10.7651    35.3319    35.3318    27.0769    27.0765    1518.69    105.582    106.431         44 0.0000e+00
      27214   1133.875    321.723    324.000    10.7536    10.7559   3.927609   3.927676     1.6142     1.3139     100.00   22.27398  -96.18076   -0.00044   -0.00062     2.4303     2.4487    10.7138    10.7161    35.3246    35.3248    27.0802    27.0799    1518.63    105.676    106.476         30 0.0000e+00
      27271   1136.266    323.708    326.000    10.6804    10.6825   3.919301   3.919519     1.6125     1.3128      99.49   22.27226  -96.17332   -0.00047   -0.00041     2.4308     2.4507    10.6406    10.6426    35.3121    35.3124    27.0834    27.0832    1518.38    105.698    106.562         34 0.0000e+00
      27309   1137.846    324.700    327.000    10.6616    10.6630   3.917523   3.917649     1.6117     1.3125     100.00   22.27398  -96.18076   -0.00069   -0.00041     2.4300     2.4512    10.6217    10.6231    35.3124    35.3124    27.0871    27.0868    1518.43    105.661    106.583         37 0.0000e+00
      27345   1139.350    325.692    328.000    10.6424    10.6441   3.915440   3.915600     1.6115     1.3125     100.00   22.27398  -96.18076   -0.00048   -0.00021     2.4309     2.4526    10.6024    10.6041    35.3096    35.3096    27.0883    27.0880    1518.37    105.700    106.643         37 0.0000e+00
      27385   1140.983    326.685    329.000    10.6313    10.6323   3.914267   3.914345     1.6107     1.3122     100.00   22.27398  -96.18076   -0.00031   -0.00010     2.4297     2.4526    10.5912    10.5922    35.3080    35.3079    27.0891    27.0888    1518.30    105.650    106.645         39 0.0000e+00
      27474   1144.723    329.661    332.000    10.6105    10.6126   3.911580   3.911785     1.6098     1.3118      99.98   22.26981  -96.16276   -0.00013    0.00006     2.4298     2.4537    10.5701    10.5722    35.2985    35.2985    27.0852    27.0848    1517.83    105.651    106.692         46 0.0000e+00
      27524   1146.812    330.653    333.000    10.5879    10.5904   3.909660   3.909913     1.6093     1.3114     100.00   22.27398  -96.18078   -0.00035   -0.00026     2.4297     2.4540    10.5473    10.5499    35.3017    35.3018    27.0920    27.0916    1518.05    105.647    106.703         38 0.0000e+00
      27619   1150.737    333.630    336.000    10.5304    10.5318   3.903611   3.903731     1.6081     1.3095     100.00   22.27454  -96.18322   -0.00032   -0.00052     2.4310     2.4529    10.4897    10.4911    35.2950    35.2949    27.0970    27.0967    1517.91    105.704    106.657         53 0.0000e+00
      27660   1152.479    334.621    337.000    10.5266    10.5279   3.903162   3.903266     1.6076     1.3091     100.00   22.27398  -96.18078   -0.00020   -0.00040     2.4301     2.4523    10.4858    10.4870    35.2936    35.2934    27.0966    27.0962    1517.81    105.663    106.631         30 0.0000e+00
      27711   1154.591    336.606    339.000    10.5155    10.5162   3.901612   3.901639     1.6072     1.3082      99.86   22.27051  -96.16581   -0.00018   -0.00020     2.4306     2.4509    10.4744    10.4752    35.2870    35.2869    27.0933    27.0930    1517.45    105.688    106.569         34 0.0000e+00
      27755   1156.426    337.598    340.000    10.4914    10.4946   3.899344   3.899682     1.6070     1.3077     100.00   22.27398  -96.18078   -0.00011   -0.00046     2.4315     2.4509    10.4503    10.4535    35.2877    35.2880    27.0983    27.0979    1517.63    105.725    106.567         44 0.0000e+00
      27793   1158.012    338.590    341.000    10.4315    10.4374   3.892965   3.893575     1.6059     1.3070     100.00   22.27398  -96.18078   -0.00033   -0.00039     2.4325     2.4527    10.3904    10.3963    35.2807    35.2814    27.1033    27.1029    1517.57    105.768    106.646         32 0.0000e+00
      27823   1159.267    339.582    342.000    10.4117    10.4133   3.890797   3.890926     1.6049     1.3054      94.88   22.27398  -96.18078   -0.00063   -0.00059     2.4312     2.4497    10.3706    10.3722    35.2774    35.2772    27.1043    27.1038    1517.51    105.711    106.516         30 0.0000e+00
      27853   1160.496    340.574    343.000    10.3989    10.4004   3.889369   3.889494     1.6042     1.3048      98.77   22.27398  -96.18078   -0.00076   -0.00085     2.4304     2.4489    10.3577    10.3592    35.2749    35.2748    27.1046    27.1042    1517.45    105.677    106.481         30 0.0000e+00
