GOMECC/GOMECC-4/1db/drb2103_0671.cnv
* Sea-Bird SBE 9 Data File:
* FileName = C:\Users\scs.user.rb\CTD\GOMECC4\data\rb2103_0671.hex
* Software Version Seasave V 7.26.7.107
* Temperature SN = 4799
* Conductivity SN = 3860
* Number of Bytes Per Scan = 41
* Number of Voltage Words = 4
* Number of Scans Averaged by the Deck Unit = 1
* NMEA Latitude = 26 03.51 N
* NMEA Longitude = 095 50.44 W
* NMEA UTC (Time) = Oct 03 2021  02:51:18
* NMEA baud rate = 4800
# nquan = 28
# nvalues = 252                         
# units = specified
# name 0 = scan: Scan Count
# name 1 = timeS: Time, Elapsed [seconds]
# name 2 = depSM: Depth [salt water, m]
# name 3 = prDM: Pressure, Digiquartz [db]
# name 4 = t090C: Temperature [ITS-90, deg C]
# name 5 = t190C: Temperature, 2 [ITS-90, deg C]
# name 6 = c0S/m: Conductivity [S/m]
# name 7 = c1S/m: Conductivity, 2 [S/m]
# name 8 = sbeox0V: Oxygen raw, SBE 43 [V]
# name 9 = sbeox1V: Oxygen raw, SBE 43, 2 [V]
# name 10 = altM: Altimeter [m]
# name 11 = latitude: Latitude [deg]
# name 12 = longitude: Longitude [deg]
# name 13 = sbox0dV/dT: Oxygen, SBE 43 [dov/dt]
# name 14 = sbox1dV/dT: Oxygen, SBE 43, 2 [dov/dt]
# name 15 = sbeox0ML/L: Oxygen, SBE 43 [ml/l], WS = 5
# name 16 = sbeox1ML/L: Oxygen, SBE 43, 2 [ml/l], WS = 5
# name 17 = potemp090C: Potential Temperature [ITS-90, deg C]
# name 18 = potemp190C: Potential Temperature, 2 [ITS-90, deg C]
# name 19 = sal00: Salinity, Practical [PSU]
# name 20 = sal11: Salinity, Practical, 2 [PSU]
# name 21 = sigma-é00: Density [sigma-theta, kg/m^3]
# name 22 = sigma-é11: Density, 2 [sigma-theta, kg/m^3]
# name 23 = avgsvCM: Average Sound Velocity [Chen-Millero, m/s], minP = 20, minS = 20
# name 24 = sbox0Mm/Kg: Oxygen, SBE 43 [umol/kg], WS = 5
# name 25 = sbox1Mm/Kg: Oxygen, SBE 43, 2 [umol/kg], WS = 5
# name 26 = nbin: number of scans per bin
# name 27 = flag: flag
# span 0 =      19873,      54307       
# span 1 =    827.988,   2262.747       
# span 2 =      3.974,   1116.639       
# span 3 =      4.000,   1127.000       
# span 4 =     4.8086,    29.3494       
# span 5 =     4.8092,    29.3513       
# span 6 =   3.373574,   5.844348       
# span 7 =   3.373592,   5.844657       
# span 8 =     1.5777,     3.3739       
# span 9 =     1.2845,     2.8937       
# span 10 =      10.01,     100.55      
# span 11 =   26.05029,   26.06021      
# span 12 =  -95.84466,  -95.80993      
# span 13 =   -0.04171,    0.03707      
# span 14 =   -0.04068,    0.03785      
# span 15 =     2.4158,     5.0504      
# span 16 =     2.4404,     5.0734      
# span 17 =     4.7146,    29.3465      
# span 18 =     4.7152,    29.3484      
# span 19 =    34.9104,    36.4991      
# span 20 =    34.9099,    36.5006      
# span 21 =    22.1846,    27.6648      
# span 22 =    22.1852,    27.6644      
# span 23 =       0.00,    1544.94      
# span 24 =    105.046,    220.312      
# span 25 =    106.116,    221.279      
# span 26 =         30,         67      
# span 27 = 0.0000e+00, 0.0000e+00      
# interval = decibars: 1                
# start_time = Oct 03 2021 02:51:18 [NMEA time, header]
# bad_flag = -9.990e-29
*END*
[from data line 156]
      26291   1095.408    165.846    167.000    17.1369    17.1419   4.658255   4.658926     1.8808     1.5560     100.00   26.05872  -95.84070   -0.00132   -0.00136     2.6650     2.6900    17.1090    17.1140    36.2856    36.2870    26.4753    26.4751    1530.33    115.947    117.036         31 0.0000e+00
      26348   1097.775    167.831    169.000    17.0304    17.0325   4.645448   4.645786     1.8767     1.5521      99.43   26.05634  -95.83196   -0.00130   -0.00110     2.6622     2.6869    17.0023    17.0043    36.2676    36.2687    26.4869    26.4872    1530.03    115.825    116.901         31 0.0000e+00
      26384   1099.290    168.824    170.000    17.0079    17.0093   4.642983   4.643232     1.8753     1.5501     100.01   26.05872  -95.84070   -0.00156   -0.00152     2.6607     2.6834    16.9796    16.9810    36.2669    36.2679    26.4920    26.4924    1530.09    115.762    116.748         36 0.0000e+00
      26419   1100.760    169.817    171.000    16.9261    16.9292   4.633383   4.633864     1.8729     1.5474     100.00   26.05872  -95.84070   -0.00137   -0.00161     2.6602     2.6814    16.8978    16.9008    36.2560    36.2575    26.5032    26.5036    1530.02    115.739    116.661         34 0.0000e+00
      26452   1102.123    170.810    172.000    16.8559    16.8590   4.625059   4.625506     1.8704     1.5456     100.00   26.05872  -95.84070   -0.00152   -0.00162     2.6587     2.6809    16.8275    16.8306    36.2458    36.2469    26.5122    26.5123    1529.94    115.673    116.639         33 0.0000e+00
      26484   1103.439    171.802    173.000    16.8147    16.8166   4.620184   4.620492     1.8677     1.5434     100.00   26.05872  -95.84070   -0.00188   -0.00154     2.6553     2.6783    16.7861    16.7880    36.2398    36.2408    26.5174    26.5177    1529.87    115.523    116.523         30 0.0000e+00
      26514   1104.727    172.795    174.000    16.7856    16.7870   4.616773   4.617037     1.8653     1.5419     100.00   26.05872  -95.84070   -0.00195   -0.00141     2.6518     2.6763    16.7568    16.7583    36.2356    36.2366    26.5212    26.5216    1529.79    115.369    116.434         32 0.0000e+00
      26549   1106.149    173.788    175.000    16.7782    16.7794   4.615935   4.616183     1.8632     1.5391     100.00   26.05872  -95.84070   -0.00179   -0.00154     2.6476     2.6699    16.7494    16.7505    36.2345    36.2356    26.5221    26.5227    1529.71    115.186    116.159         37 0.0000e+00
      26585   1107.677    174.780    176.000    16.7643    16.7655   4.614181   4.614426     1.8604     1.5367     100.00   26.05872  -95.84070   -0.00167   -0.00173     2.6432     2.6655    16.7353    16.7365    36.2322    36.2333    26.5237    26.5242    1529.64    114.994    115.965         35 0.0000e+00
      26619   1109.068    175.773    177.000    16.7249    16.7266   4.609736   4.610027     1.8585     1.5356     100.00   26.05872  -95.84070   -0.00163   -0.00143     2.6405     2.6648    16.6957    16.6975    36.2272    36.2282    26.5292    26.5295    1529.56    114.878    115.936         31 0.0000e+00
      26649   1110.321    176.766    178.000    16.6857    16.6876   4.605076   4.605369     1.8562     1.5337     100.00   26.05872  -95.84070   -0.00160   -0.00109     2.6378     2.6624    16.6564    16.6583    36.2212    36.2221    26.5339    26.5341    1529.48    114.760    115.829         30 0.0000e+00
      26680   1111.605    177.758    179.000    16.6400    16.6421   4.599588   4.599929     1.8533     1.5307     100.00   26.05872  -95.84070   -0.00176   -0.00150     2.6339     2.6576    16.6106    16.6127    36.2137    36.2148    26.5389    26.5393    1529.41    114.590    115.619         33 0.0000e+00
      26715   1113.072    178.751    180.000    16.5940    16.5966   4.594137   4.594521     1.8491     1.5279     100.00   26.05872  -95.84070   -0.00233   -0.00205     2.6273     2.6533    16.5646    16.5671    36.2067    36.2078    26.5445    26.5447    1529.33    114.299    115.432         37 0.0000e+00
      26750   1114.546    179.744    181.000    16.5552    16.5582   4.589603   4.590056     1.8459     1.5255      94.78   26.05872  -95.84070   -0.00266   -0.00195     2.6223     2.6497    16.5256    16.5287    36.2013    36.2026    26.5495    26.5498    1529.26    114.082    115.273         32 0.0000e+00
      26806   1116.883    181.729    183.000    16.4941    16.4948   4.581988   4.582158     1.8394     1.5184      99.98   26.05404  -95.82348   -0.00223   -0.00230     2.6115     2.6359    16.4642    16.4650    36.1866    36.1874    26.5522    26.5526    1528.83    113.613    114.674         33 0.0000e+00
      26846   1118.562    182.722    184.000    16.4649    16.4662   4.578961   4.579217     1.8362     1.5147      98.14   26.05873  -95.84070   -0.00248   -0.00269     2.6059     2.6281    16.4349    16.4363    36.1877    36.1887    26.5604    26.5609    1529.04    113.368    114.336         38 0.0000e+00
      26883   1120.084    183.714    185.000    16.4316    16.4333   4.575063   4.575340     1.8324     1.5107      71.19   26.05873  -95.84070   -0.00248   -0.00277     2.5993     2.6202    16.4015    16.4032    36.1829    36.1838    26.5645    26.5648    1528.96    113.083    113.989         33 0.0000e+00
      26938   1122.356    185.699    187.000    16.3280    16.3304   4.562048   4.562396     1.8275     1.5077      99.98   26.05441  -95.82484   -0.00204   -0.00135     2.5947     2.6190    16.2977    16.3001    36.1587    36.1596    26.5698    26.5699    1528.56    112.879    113.939         31 0.0000e+00
      26976   1123.959    186.692    188.000    16.2947    16.2965   4.558524   4.558807     1.8241     1.5035     100.00   26.05873  -95.84070   -0.00209   -0.00173     2.5886     2.6103    16.2644    16.2661    36.1589    36.1598    26.5782    26.5785    1528.74    112.614    113.557         37 0.0000e+00
      27012   1125.468    187.684    189.000    16.2590    16.2620   4.554533   4.554949     1.8203     1.4992      57.70   26.05873  -95.84070   -0.00252   -0.00297     2.5821     2.6013    16.2285    16.2315    36.1554    36.1565    26.5838    26.5839    1528.67    112.330    113.167         34 0.0000e+00
      27044   1126.810    188.677    190.000    16.2163    16.2188   4.549595   4.549964     1.8182     1.4981      95.64   26.05872  -95.84070   -0.00240   -0.00254     2.5799     2.6014    16.1857    16.1882    36.1498    36.1509    26.5895    26.5897    1528.60    112.232    113.170         31 0.0000e+00
      27076   1128.107    189.670    191.000    16.1355    16.1385   4.540052   4.540436     1.8164     1.4972     100.01   26.05872  -95.84070   -0.00176   -0.00124     2.5806     2.6038    16.1048    16.1078    36.1378    36.1384    26.5990    26.5988    1528.53    112.264    113.272         32 0.0000e+00
      27108   1129.470    190.662    192.000    16.0583    16.0617   4.530947   4.531399     1.8143     1.4957     100.00   26.05872  -95.84068   -0.00145   -0.00083     2.5806     2.6045    16.0276    16.0309    36.1262    36.1272    26.6080    26.6080    1528.45    112.261    113.301         34 0.0000e+00
      27142   1130.893    191.654    193.000    15.9998    16.0023   4.524106   4.524468     1.8116     1.4941     100.00   26.05872  -95.84068   -0.00154   -0.00098     2.5778     2.6040    15.9690    15.9715    36.1179    36.1189    26.6151    26.6153    1528.38    112.139    113.279         34 0.0000e+00
      27177   1132.324    192.647    194.000    15.9577    15.9600   4.519246   4.519606     1.8089     1.4919     100.00   26.05872  -95.84068   -0.00183   -0.00116     2.5742     2.6009    15.9268    15.9291    36.1124    36.1135    26.6205    26.6209    1528.31    111.984    113.145         34 0.0000e+00
      27209   1133.670    193.640    195.000    15.9311    15.9332   4.516070   4.516383     1.8075     1.4898     100.00   26.05872  -95.84068   -0.00175   -0.00157     2.5728     2.5974    15.9001    15.9021    36.1077    36.1086    26.6231    26.6234    1528.23    111.921    112.990         31 0.0000e+00
      27240   1134.979    194.632    196.000    15.8580    15.8620   4.507325   4.507844     1.8050     1.4884     100.00   26.05872  -95.84068   -0.00142   -0.00143     2.5714     2.5979    15.8269    15.8309    36.0955    36.0965    26.6305    26.6303    1528.16    111.858    113.011         32 0.0000e+00
      27274   1136.362    195.625    197.000    15.7639    15.7670   4.496210   4.496630     1.8022     1.4854     100.00   26.05872  -95.84068   -0.00170   -0.00145     2.5705     2.5956    15.7328    15.7358    36.0810    36.0820    26.6409    26.6410    1528.08    111.820    112.911         34 0.0000e+00
      27308   1137.778    196.618    198.000    15.7176    15.7207   4.490850   4.491290     1.8001     1.4835     100.00   26.05872  -95.84068   -0.00193   -0.00180     2.5684     2.5936    15.6864    15.6894    36.0747    36.0758    26.6466    26.6468    1528.01    111.726    112.826         34 0.0000e+00
      27341   1139.179    197.610    199.000    15.6558    15.6602   4.483588   4.484195     1.7987     1.4835     100.00   26.05872  -95.84068   -0.00152   -0.00119     2.5689     2.5974    15.6245    15.6289    36.0653    36.0668    26.6535    26.6536    1527.93    111.750    112.986         33 0.0000e+00
      27373   1140.513    198.603    200.000    15.5610    15.5658   4.472416   4.473025     1.7976     1.4819     100.00   26.05872  -95.84068   -0.00101   -0.00049     2.5723     2.5988    15.5297    15.5344    36.0508    36.0519    26.6638    26.6636    1527.86    111.894    113.049         31 0.0000e+00
      27405   1141.842    199.595    201.000    15.5009    15.5035   4.465574   4.465952     1.7973     1.4816     100.00   26.05872  -95.84068   -0.00071   -0.00070     2.5752     2.6017    15.4695    15.4721    36.0435    36.0446    26.6718    26.6720    1527.79    112.022    113.174         34 0.0000e+00
      27440   1143.299    200.587    202.000    15.4877    15.4884   4.464079   4.464246     1.7973     1.4817      96.56   26.05872  -95.84068   -0.00033   -0.00034     2.5763     2.6032    15.4562    15.4569    36.0416    36.0425    26.6734    26.6739    1527.71    112.068    113.237         35 0.0000e+00
      27474   1144.705    201.580    203.000    15.4767    15.4772   4.462782   4.462884     1.7972     1.4809      98.93   26.05872  -95.84068   -0.00002   -0.00012     2.5772     2.6023    15.4451    15.4455    36.0396    36.0401    26.6743    26.6746    1527.64    112.109    113.200         32 0.0000e+00
      28077   1169.832    224.407    226.000    14.2233    14.2260   4.316755   4.317141     1.7604     1.4477     100.00   26.05825  -95.83888   -0.00249   -0.00245     2.5689     2.5925    14.1900    14.1927    35.8459    35.8470    26.8006    26.8009    1525.87    111.734    112.759         30 0.0000e+00
      28229   1176.150    230.361    232.000    13.9291    13.9326   4.282691   4.283161     1.7500     1.4399     100.00   26.05884  -95.84104   -0.00132   -0.00116     2.5626     2.5902    13.8954    13.8989    35.7993    35.8005    26.8272    26.8274    1525.44    111.454    112.657         30 0.0000e+00
      31501   1312.493    357.347    360.000    11.0348    11.0361   3.959831   3.959966     1.6110     1.3128     100.00   26.05790  -95.83709   -0.00083   -0.00088     2.4158     2.4404    10.9898    10.9911    35.3621    35.3622    27.0595    27.0593    1517.50    105.046    106.116         31 0.0000e+00
      32657   1360.659    401.971    405.000    10.1478    10.1496   3.864718   3.864898     1.5880     1.2931      40.70   26.05913  -95.84151   -0.00028   -0.00020     2.4201     2.4478    10.0997    10.1015    35.2400    35.2401    27.1223    27.1221    1515.45    105.227    106.434         30 0.0000e+00
      32786   1366.054    406.929    410.000    10.1205    10.1213   3.861995   3.862090     1.5892     1.2943     100.00   26.05953  -95.84293    0.00011    0.00006     2.4268     2.4548    10.0719    10.0727    35.2368    35.2368    27.1246    27.1244    1515.25    105.520    106.738         30 0.0000e+00
      33532   1397.124    435.682    439.000     9.5487     9.5496   3.801595   3.801679     1.5834     1.2895     100.00   26.05930  -95.84198   -0.00019   -0.00003     2.4551     2.4843     9.4985     9.4994    35.1608    35.1607    27.1624    27.1623    1513.98    106.747    108.014         32 0.0000e+00
      34914   1454.691    489.209    493.000     8.8368     8.8377   3.728714   3.728787     1.5801     1.2857     100.00   26.05904  -95.84079   -0.00030   -0.00005     2.5085     2.5346     8.7828     8.7837    35.0758    35.0756    27.2123    27.2121    1511.81    109.063    110.199         30 0.0000e+00
      34944   1455.970    490.200    494.000     8.8285     8.8295   3.727895   3.727967     1.5799     1.2857     100.00   26.05898  -95.84056   -0.00029   -0.00020     2.5087     2.5355     8.7745     8.7755    35.0748    35.0746    27.2129    27.2126    1511.78    109.073    110.235         30 0.0000e+00
      35758   1489.872    521.914    526.000     8.3537     8.3546   3.680255   3.680322     1.5793     1.2861     100.00   26.05824  -95.83766   -0.00026   -0.00024     2.5487     2.5783     8.2979     8.2989    35.0262    35.0260    27.2492    27.2488    1510.58    110.804    112.093         31 0.0000e+00
      35914   1496.374    527.860    532.000     8.2726     8.2734   3.672242   3.672304     1.5777     1.2845      99.87   26.05902  -95.84048   -0.00017    0.00009     2.5515     2.5804     8.2165     8.2173    35.0188    35.0187    27.2559    27.2557    1510.42    110.925    112.181         31 0.0000e+00
      36038   1501.561    532.815    537.000     8.2004     8.2014   3.664907   3.664975     1.5811     1.2878     100.00   26.05793  -95.83646    0.00065    0.00066     2.5680     2.5976     8.1441     8.1450    35.0098    35.0096    27.2598    27.2595    1510.18    111.642    112.932         33 0.0000e+00
      36552   1522.960    552.632    557.000     7.9255     7.9266   3.637291   3.637369     1.6006     1.3061     100.00   26.05872  -95.83930    0.00009   -0.00005     2.6523     2.6827     7.8681     7.8692    34.9789    34.9786    27.2770    27.2767    1509.56    115.307    116.629         30 0.0000e+00
      37249   1551.989    579.383    584.000     7.6263     7.6271   3.608493   3.608542     1.6126     1.3181     100.00   26.05923  -95.84113    0.00033    0.00045     2.7194     2.7525     7.5674     7.5681    34.9550    34.9548    27.3026    27.3022    1508.71    118.221    119.660         30 0.0000e+00
      37373   1557.147    584.337    589.000     7.5885     7.5894   3.604937   3.604986     1.6140     1.3186     100.00   26.05874  -95.83930    0.00019    0.00011     2.7280     2.7587     7.5292     7.5301    34.9519    34.9515    27.3057    27.3052    1508.53    118.595    119.928         31 0.0000e+00
      38014   1583.875    609.102    614.000     7.2960     7.2970   3.577457   3.577523     1.6264     1.3302     100.00   26.05873  -95.83923    0.00026    0.00045     2.7967     2.8278     7.2355     7.2365    34.9352    34.9349    27.3347    27.3343    1507.77    121.578    122.929         30 0.0000e+00
      38351   1597.923    621.979    627.000     7.1903     7.1914   3.568024   3.568085     1.6304     1.3332     100.00   26.06021  -95.84466    0.00038    0.00040     2.8214     2.8501     7.1289     7.1300    34.9327    34.9323    27.3478    27.3473    1507.48    122.649    123.898         30 0.0000e+00
      39092   1628.773    650.701    656.000     6.8950     6.8976   3.540792   3.540936     1.6473     1.3505     100.00   26.05912  -95.84068    0.00041    0.00066     2.9070     2.9416     6.8321     6.8347    34.9182    34.9177    27.3776    27.3769    1506.61    126.365    127.870         30 0.0000e+00
