GOMECC/GOMECC-4/1db/drb2103_0581.cnv
* Sea-Bird SBE 9 Data File:
* FileName = C:\Users\scs.user.rb\CTD\GOMECC4\data\rb2103_0581.hex
* Software Version Seasave V 7.26.7.107
* Temperature SN = 4799
* Conductivity SN = 3860
* Number of Bytes Per Scan = 41
* Number of Voltage Words = 4
* Number of Scans Averaged by the Deck Unit = 1
* NMEA Latitude = 28 20.02 N
* NMEA Longitude = 094 59.97 W
* NMEA UTC (Time) = Sep 29 2021  08:15:55
* NMEA baud rate = 4800
# nquan = 28
# nvalues = 30                          
# units = specified
# name 0 = scan: Scan Count
# name 1 = timeS: Time, Elapsed [seconds]
# name 2 = depSM: Depth [salt water, m]
# name 3 = prDM: Pressure, Digiquartz [db]
# name 4 = t090C: Temperature [ITS-90, deg C]
# name 5 = t190C: Temperature, 2 [ITS-90, deg C]
# name 6 = c0S/m: Conductivity [S/m]
# name 7 = c1S/m: Conductivity, 2 [S/m]
# name 8 = sbeox0V: Oxygen raw, SBE 43 [V]
# name 9 = sbeox1V: Oxygen raw, SBE 43, 2 [V]
# name 10 = altM: Altimeter [m]
# name 11 = latitude: Latitude [deg]
# name 12 = longitude: Longitude [deg]
# name 13 = sbox0dV/dT: Oxygen, SBE 43 [dov/dt]
# name 14 = sbox1dV/dT: Oxygen, SBE 43, 2 [dov/dt]
# name 15 = sbeox0ML/L: Oxygen, SBE 43 [ml/l], WS = 5
# name 16 = sbeox1ML/L: Oxygen, SBE 43, 2 [ml/l], WS = 5
# name 17 = potemp090C: Potential Temperature [ITS-90, deg C]
# name 18 = potemp190C: Potential Temperature, 2 [ITS-90, deg C]
# name 19 = sal00: Salinity, Practical [PSU]
# name 20 = sal11: Salinity, Practical, 2 [PSU]
# name 21 = sigma-é00: Density [sigma-theta, kg/m^3]
# name 22 = sigma-é11: Density, 2 [sigma-theta, kg/m^3]
# name 23 = avgsvCM: Average Sound Velocity [Chen-Millero, m/s], minP = 20, minS = 20
# name 24 = sbox0Mm/Kg: Oxygen, SBE 43 [umol/kg], WS = 5
# name 25 = sbox1Mm/Kg: Oxygen, SBE 43, 2 [umol/kg], WS = 5
# name 26 = nbin: number of scans per bin
# name 27 = flag: flag
# span 0 =      11949,      15105       
# span 1 =    497.816,    629.337       
# span 2 =      3.973,     35.757       
# span 3 =      4.000,     36.000       
# span 4 =    28.2748,    28.6517       
# span 5 =    28.2769,    28.6475       
# span 6 =   5.491879,   5.676368       
# span 7 =   5.492278,   5.675561       
# span 8 =     3.0994,     3.1094       
# span 9 =     2.6290,     2.6402       
# span 10 =       5.26,      36.41      
# span 11 =   28.30336,   28.35214      
# span 12 =  -95.05972,  -94.89617      
# span 13 =   -0.00119,    0.00108      
# span 14 =   -0.00157,    0.00132      
# span 15 =     4.3566,     4.4045      
# span 16 =     4.3545,     4.4061      
# span 17 =    28.2737,    28.6427      
# span 18 =    28.2757,    28.6389      
# span 19 =    33.8846,    34.8818      
# span 20 =    33.8850,    34.8790      
# span 21 =    21.4665,    22.0942      
# span 22 =    21.4663,    22.0934      
# span 23 =       0.00,    1542.68      
# span 24 =    190.363,    192.570      
# span 25 =    190.272,    192.641      
# span 26 =         32,         64      
# span 27 = 0.0000e+00, 0.0000e+00      
# interval = decibars: 1                
# start_time = Sep 29 2021 08:15:55 [NMEA time, header]
# bad_flag = -9.990e-29
*END*
      11949    497.816      3.973      4.000    28.2858    28.2855   5.495280   5.495012     3.1062     2.6387      36.41   28.33400  -94.99904    0.00080   -0.00005     4.4029     4.4060    28.2849    28.2846    33.9006    33.8993    21.4751    21.4742       0.00    192.499    192.634         41 0.0000e+00
      12378    515.709      4.966      5.000    28.2748    28.2769   5.491879   5.492278     3.1061     2.6378      35.15   28.33400  -94.99902   -0.00031    0.00108     4.4045     4.4058    28.2737    28.2757    33.8846    33.8859    21.4668    21.4671       0.00    192.570    192.629         37 0.0000e+00
      12618    525.694      5.960      6.000    28.2799    28.2849   5.493219   5.494473     3.1053     2.6367      34.33   28.33401  -94.99902    0.00007    0.00010     4.4030     4.4033    28.2785    28.2835    33.8900    33.8952    21.4692    21.4714       0.00    192.503    192.516         45 0.0000e+00
      12706    529.391      6.953      7.000    28.2771    28.2780   5.492255   5.492413     3.1031     2.6352      33.28   28.33401  -94.99902   -0.00025   -0.00117     4.3998     4.4014    28.2754    28.2764    33.8851    33.8855    21.4665    21.4665       0.00    192.365    192.437         35 0.0000e+00
      12748    531.131      7.946      8.000    28.2786    28.2779   5.492815   5.492375     3.1024     2.6334      32.57   28.33402  -94.99902   -0.00119   -0.00020     4.3988     4.3981    28.2767    28.2760    33.8867    33.8850    21.4674    21.4663       0.00    192.321    192.294         36 0.0000e+00
      12801    533.348      8.940      9.000    28.2859    28.2890   5.494997   5.495799     3.1055     2.6361      31.50   28.33402  -94.99901    0.00086    0.00041     4.4044     4.4031    28.2838    28.2869    33.8972    33.9005    21.4729    21.4743       0.00    192.564    192.510         62 0.0000e+00
      12853    535.482      9.933     10.000    28.2919    28.3002   5.496544   5.499150     3.1041     2.6339      30.56   28.33402  -94.99900   -0.00031    0.00080     4.4017     4.3980    28.2892    28.2978    33.9036    33.9155    21.4759    21.4820       0.00    192.449    192.284         38 0.0000e+00
      12903    537.573     10.926     11.000    28.2948    28.2952   5.497598   5.497577     3.1038     2.6374      29.62   28.33402  -94.99900   -0.00056    0.00015     4.4012     4.4061    28.2922    28.2926    33.9083    33.9079    21.4784    21.4780       0.00    192.425    192.641         50 0.0000e+00
      12958    539.893     11.920     12.000    28.3269    28.3405   5.509400   5.514937     3.1069     2.6354      28.57   28.33402  -94.99900    0.00108    0.00038     4.4035     4.3971    28.3241    28.3377    33.9668    33.9955    21.5120    21.5291       0.00    192.519    192.234         43 0.0000e+00
      13009    541.988     12.913     13.000    28.3756    28.3859   5.528101   5.533206     3.1079     2.6360      27.67   28.33402  -94.99900    0.00099   -0.00066     4.3997     4.3933    28.3723    28.3828    34.0623    34.0893    21.5679    21.5847       0.00    192.341    192.060         64 0.0000e+00
      13067    544.402     13.906     14.000    28.4155    28.4330   5.546690   5.553934     3.1088     2.6384      26.65   28.33402  -94.99900    0.00015    0.00090     4.3965     4.3927    28.4122    28.4297    34.1588    34.1988    21.6273    21.6516       0.00    192.193    192.022         42 0.0000e+00
      13109    546.184     14.899     15.000    28.4555    28.4695   5.564546   5.569597     3.1061     2.6402      25.53   28.33402  -94.99900   -0.00035    0.00132     4.3864     4.3924    28.4521    28.4659    34.2551    34.2806    21.6864    21.7010       0.00    191.738    191.998         53 0.0000e+00
      13175    548.897     15.893     16.000    28.5088    28.5104   5.587345   5.588160     3.1059     2.6383      24.69   28.33402  -94.99900   -0.00076   -0.00052     4.3799     4.3833    28.5049    28.5066    34.3750    34.3794    21.7591    21.7619       0.00    191.439    191.589         60 0.0000e+00
      13276    553.137     17.879     18.000    28.5210    28.5205   5.587193   5.588632     3.1068     2.6346      22.74   28.35214  -95.05972   -0.00050   -0.00157     4.3826     4.3769    28.5167    28.5162    34.3749    34.3777    21.7585    21.7601       0.00    191.562    191.313         45 0.0000e+00
      13331    555.436     18.872     19.000    28.4979    28.4998   5.581755   5.582378     3.1068     2.6358      21.84   28.33402  -94.99898    0.00082    0.00080     4.3845     4.3814    28.4934    28.4953    34.3432    34.3462    21.7390    21.7406       0.00    191.645    191.511         39 0.0000e+00
      13368    556.965     19.866     20.000    28.5383    28.5416   5.600903   5.601884     3.1089     2.6363      20.84   28.33402  -94.99898    0.00086    0.00122     4.3833     4.3773    28.5335    28.5368    34.4463    34.4507    21.8032    21.8054     860.16    191.580    191.320         44 0.0000e+00
      13439    559.898     20.859     21.000    28.5627    28.5620   5.612302   5.611651     3.1084     2.6375      19.82   28.33402  -94.99898    0.00018    0.00044     4.3795     4.3776    28.5577    28.5570    34.5072    34.5033    21.8410    21.8383    1501.45    191.407    191.327         39 0.0000e+00
      13514    563.054     22.845     23.000    28.5827    28.5835   5.630120   5.630389     3.1063     2.6348      17.92   28.30336  -94.89617    0.00043    0.00035     4.3732     4.3672    28.5797    28.5779    34.6044    34.6076    21.9030    21.9050    1540.56    191.120    190.857         44 0.0000e+00
      13596    566.456     23.838     24.000    28.6149    28.6168   5.643828   5.644946     3.1094     2.6390      16.90   28.33402  -94.99898   -0.00019    0.00003     4.3739     4.3731    28.6085    28.6112    34.6870    34.6933    21.9592    21.9633    1542.25    191.140    191.106         51 0.0000e+00
      13638    568.222     24.832     25.000    28.6236    28.6247   5.656287   5.656565     3.1083     2.6339      16.05   28.33402  -94.99898    0.00017   -0.00040     4.3704     4.3615    28.6176    28.6187    34.7663    34.7674    22.0158    22.0163    1542.27    190.976    190.587         43 0.0000e+00
      13688    570.284     25.825     26.000    28.6226    28.6236   5.657202   5.657429     3.1058     2.6359      15.01   28.33402  -94.99898   -0.00082   -0.00097     4.3662     4.3660    28.6164    28.6174    34.7730    34.7739    22.0212    22.0216    1542.30    190.795    190.784         59 0.0000e+00
      13754    573.062     26.818     27.000    28.6194    28.6197   5.658258   5.658683     3.1057     2.6355      14.04   28.33402  -94.99898   -0.00101    0.00039     4.3666     4.3656    28.6129    28.6132    34.7824    34.7851    22.0294    22.0314    1542.32    190.809    190.765         55 0.0000e+00
      13795    574.754     27.811     28.000    28.6132    28.6141   5.660652   5.660982     3.1056     2.6354      13.15   28.33402  -94.99898    0.00089    0.00020     4.3669     4.3659    28.6065    28.6074    34.8032    34.8049    22.0472    22.0481    1542.34    190.817    190.774         34 0.0000e+00
      13852    577.142     28.804     29.000    28.6107    28.6113   5.661759   5.662249     3.1034     2.6337      12.10   28.33403  -94.99898   -0.00085   -0.00064     4.3634     4.3628    28.6037    28.6044    34.8125    34.8154    22.0551    22.0570    1542.37    190.662    190.639         51 0.0000e+00
      13953    581.326     30.791     31.000    28.6103    28.6110   5.665155   5.665440     3.1015     2.6335      10.23   28.33904  -95.01572   -0.00051   -0.00001     4.3607     4.3632    28.6029    28.6036    34.8386    34.8396    22.0759    22.0764    1542.68    190.542    190.653         49 0.0000e+00
      14095    587.259     31.784     32.000    28.6050    28.6060   5.665402   5.665557     3.0994     2.6290       9.09   28.33404  -94.99896   -0.00054   -0.00103     4.3575     4.3546    28.5973    28.5983    34.8403    34.8406    22.0781    22.0779    1542.42    190.404    190.277         58 0.0000e+00
      14256    593.953     32.777     33.000    28.6172    28.6148   5.668591   5.668022     3.0994     2.6291       8.18   28.33404  -94.99894   -0.00003    0.00055     4.3566     4.3545    28.6093    28.6069    34.8538    34.8516    22.0843    22.0834    1542.44    190.363    190.272         42 0.0000e+00
      14437    601.517     33.770     34.000    28.6320    28.6317   5.671999   5.671924     3.1016     2.6313       7.18   28.33404  -94.99894    0.00015   -0.00008     4.3597     4.3579    28.6239    28.6235    34.8663    34.8660    22.0888    22.0887    1542.46    190.498    190.417         51 0.0000e+00
      14629    609.503     34.763     35.000    28.6363    28.6358   5.672901   5.672812     3.1026     2.6315       6.15   28.33404  -94.99893    0.00024    0.00006     4.3617     4.3585    28.6279    28.6274    34.8691    34.8688    22.0896    22.0896    1542.48    190.584    190.446         32 0.0000e+00
      15105    629.337     35.757     36.000    28.6517    28.6475   5.676368   5.675561     3.1029     2.6315       5.26   28.33405  -94.99891    0.00024   -0.00045     4.3609     4.3579    28.6427    28.6389    34.8818    34.8790    22.0942    22.0934    1542.50    190.549    190.415         54 0.0000e+00
