GOMECC/GOMECC-4/1db/drb2103_1181.cnv
* Sea-Bird SBE 9 Data File:
* FileName = C:\Users\scs.user.rb\CTD\GOMECC4\data\rb2103_1181.hex
* Software Version Seasave V 7.26.7.107
* Temperature SN = 4799
* Conductivity SN = 3860
* Number of Bytes Per Scan = 41
* Number of Voltage Words = 4
* Number of Scans Averaged by the Deck Unit = 1
* NMEA Latitude = 21 37.95 N
* NMEA Longitude = 086 14.49 W
* NMEA UTC (Time) = Oct 16 2021  02:01:26
* NMEA baud rate = 4800
# nquan = 28
# nvalues = 344                         
# units = specified
# name 0 = scan: Scan Count
# name 1 = timeS: Time, Elapsed [seconds]
# name 2 = depSM: Depth [salt water, m]
# name 3 = prDM: Pressure, Digiquartz [db]
# name 4 = t090C: Temperature [ITS-90, deg C]
# name 5 = t190C: Temperature, 2 [ITS-90, deg C]
# name 6 = c0S/m: Conductivity [S/m]
# name 7 = c1S/m: Conductivity, 2 [S/m]
# name 8 = sbeox0V: Oxygen raw, SBE 43 [V]
# name 9 = sbeox1V: Oxygen raw, SBE 43, 2 [V]
# name 10 = altM: Altimeter [m]
# name 11 = latitude: Latitude [deg]
# name 12 = longitude: Longitude [deg]
# name 13 = sbox0dV/dT: Oxygen, SBE 43 [dov/dt]
# name 14 = sbox1dV/dT: Oxygen, SBE 43, 2 [dov/dt]
# name 15 = sbeox0ML/L: Oxygen, SBE 43 [ml/l], WS = 5
# name 16 = sbeox1ML/L: Oxygen, SBE 43, 2 [ml/l], WS = 5
# name 17 = potemp090C: Potential Temperature [ITS-90, deg C]
# name 18 = potemp190C: Potential Temperature, 2 [ITS-90, deg C]
# name 19 = sal00: Salinity, Practical [PSU]
# name 20 = sal11: Salinity, Practical, 2 [PSU]
# name 21 = sigma-é00: Density [sigma-theta, kg/m^3]
# name 22 = sigma-é11: Density, 2 [sigma-theta, kg/m^3]
# name 23 = avgsvCM: Average Sound Velocity [Chen-Millero, m/s], minP = 20, minS = 20
# name 24 = sbox0Mm/Kg: Oxygen, SBE 43 [umol/kg], WS = 5
# name 25 = sbox1Mm/Kg: Oxygen, SBE 43, 2 [umol/kg], WS = 5
# name 26 = nbin: number of scans per bin
# name 27 = flag: flag
# span 0 =      17676,      51261       
# span 1 =    736.440,   2135.840       
# span 2 =      3.975,   1044.806       
# span 3 =      4.000,   1054.000       
# span 4 =     5.1825,    29.6708       
# span 5 =     5.1828,    29.6693       
# span 6 =   3.402809,   5.953900       
# span 7 =   3.402798,   5.954098       
# span 8 =     1.6319,     3.1976       
# span 9 =     1.3297,     2.6983       
# span 10 =       8.59,     101.05      
# span 11 =   21.63392,   21.64247      
# span 12 =  -86.24926,  -86.22705      
# span 13 =   -0.01704,    0.00684      
# span 14 =   -0.01582,    0.00560      
# span 15 =     2.7122,     4.4305      
# span 16 =     2.7294,     4.3955      
# span 17 =     5.0921,    29.6698      
# span 18 =     5.0924,    29.6683      
# span 19 =    34.8814,    37.0212      
# span 20 =    34.8812,    37.0231      
# span 21 =    22.6229,    27.6115      
# span 22 =    22.6246,    27.6112      
# span 23 =       0.00,    1545.83      
# span 24 =    117.924,    193.463      
# span 25 =    118.671,    191.936      
# span 26 =         30,         67      
# span 27 = 0.0000e+00, 0.0000e+00      
# interval = decibars: 1                
# start_time = Oct 16 2021 02:01:26 [NMEA time, header]
# bad_flag = -9.990e-29
*END*
[from data line 52]
      20514    854.690     55.645     56.000    27.8930    27.8954   5.806736   5.807205     3.0246     2.5555     100.00   21.63642  -86.24314   -0.00314   -0.00301     4.2501     4.2313    27.8798    27.8822    36.3594    36.3609    23.4568    23.4571    1545.35    185.457    184.640         36 0.0000e+00
      20550    856.192     56.639     57.000    27.8146    27.8198   5.800162   5.800857     3.0174     2.5486     100.00   21.63644  -86.24314   -0.00375   -0.00271     4.2427     4.2228    27.8012    27.8063    36.3733    36.3743    23.4930    23.4920    1545.31    185.130    184.262         39 0.0000e+00
      20593    857.989     57.632     58.000    27.7717    27.7739   5.796168   5.796660     3.0065     2.5409      99.92   21.63644  -86.24314   -0.00545   -0.00423     4.2263     4.2105    27.7581    27.7602    36.3780    36.3798    23.5106    23.5113    1545.28    184.411    183.723         46 0.0000e+00
      20634    859.724     58.625     59.000    27.7537    27.7592   5.794228   5.795003     3.0027     2.5348      87.78   21.63646  -86.24316   -0.00476   -0.00405     4.2211     4.1996    27.7398    27.7453    36.3779    36.3792    23.5165    23.5157    1545.24    184.182    183.242         36 0.0000e+00
      20667    861.100     59.619     60.000    27.7131    27.7202   5.790865   5.791687     3.0001     2.5371      99.96   21.63648  -86.24316   -0.00222   -0.00209     4.2196     4.2074    27.6990    27.7061    36.3853    36.3856    23.5354    23.5333    1545.21    184.116    183.583         32 0.0000e+00
      20701    862.488     60.612     61.000    27.6694    27.6713   5.787923   5.788371     2.9908     2.5270     100.00   21.63648  -86.24316   -0.00292   -0.00183     4.2057     4.1909    27.6551    27.6571    36.3980    36.3996    23.5593    23.5599    1545.17    183.503    182.857         35 0.0000e+00
      20737    864.007     61.606     62.000    27.6726    27.6737   5.788375   5.788898     2.9853     2.5243      61.16   21.63649  -86.24316   -0.00490   -0.00379     4.1960     4.1850    27.6581    27.6592    36.3984    36.4013    23.5586    23.5604    1545.14    183.079    182.598         37 0.0000e+00
      20774    865.530     62.599     63.000    27.6697    27.6712   5.788269   5.788543     2.9856     2.5215      93.92   21.63650  -86.24317   -0.00328   -0.00313     4.1972     4.1800    27.6549    27.6564    36.3997    36.4002    23.5606    23.5605    1545.11    183.133    182.380         37 0.0000e+00
      20810    867.031     63.593     64.000    27.6712    27.6722   5.789484   5.789908     2.9846     2.5181      99.96   21.63651  -86.24318   -0.00046   -0.00143     4.1956     4.1732    27.6562    27.6572    36.4068    36.4090    23.5655    23.5669    1545.08    183.062    182.083         35 0.0000e+00
      20844    868.464     64.586     65.000    27.6705    27.6719   5.789780   5.790297     2.9775     2.5129     100.00   21.63653  -86.24318   -0.00143   -0.00256     4.1830     4.1630    27.6553    27.6566    36.4091    36.4117    23.5676    23.5691    1545.05    182.511    181.639         33 0.0000e+00
      20877    869.846     65.580     66.000    27.6687    27.6679   5.789510   5.789636     2.9743     2.5110     100.00   21.63654  -86.24318   -0.00370   -0.00303     4.1777     4.1599    27.6532    27.6524    36.4092    36.4098    23.5683    23.5691    1545.02    182.278    181.502         33 0.0000e+00
      20911    871.270     66.573     67.000    27.6702    27.6720   5.789976   5.790248     2.9743     2.5114     100.00   21.63654  -86.24318   -0.00232   -0.00133     4.1781     4.1607    27.6545    27.6563    36.4103    36.4129    23.5688    23.5701    1544.99    182.297    181.539         36 0.0000e+00
      20947    872.748     67.567     68.000    27.6751    27.6757   5.791044   5.791287     2.9746     2.5083     100.00   21.63656  -86.24320   -0.00029   -0.00083     4.1786     4.1547    27.6592    27.6597    36.4135    36.4149    23.5696    23.5704    1544.97    182.320    181.275         35 0.0000e+00
      20983    874.230     68.560     69.000    27.6826    27.6838   5.792475   5.792743     2.9705     2.5052     100.00   21.63656  -86.24320   -0.00069   -0.00168     4.1709     4.1482    27.6664    27.6676    36.4176    36.4185    23.5703    23.5706    1544.94    181.984    180.993         36 0.0000e+00
      21017    875.683     69.554     70.000    27.6873    27.6872   5.793304   5.793399     2.9679     2.5025      89.33   21.63658  -86.24321   -0.00191   -0.00185     4.1661     4.1428    27.6709    27.6708    36.4195    36.4203    23.5703    23.5709    1544.91    181.773    180.757         33 0.0000e+00
      21050    877.042     70.547     71.000    27.6829    27.6843   5.792659   5.793118     2.9649     2.5025      86.08   21.63659  -86.24322   -0.00225   -0.00153     4.1614     4.1435    27.6663    27.6676    36.4180    36.4202    23.5707    23.5719    1544.90    181.568    180.789         33 0.0000e+00
      21085    878.482     71.540     72.000    27.6799    27.6808   5.792629   5.793015     2.9656     2.5024      99.83   21.63660  -86.24322   -0.00133   -0.00060     4.1632     4.1443    27.6630    27.6640    36.4206    36.4225    23.5738    23.5748    1544.88    181.645    180.820         37 0.0000e+00
      21122    880.036     72.534     73.000    27.6661    27.6664   5.791660   5.791960     2.9611     2.4988     100.00   21.63661  -86.24322   -0.00094   -0.00061     4.1565     4.1380    27.6490    27.6493    36.4234    36.4253    23.5803    23.5817    1544.85    181.353    180.548         36 0.0000e+00
      21155    881.426     73.527     74.000    27.6580    27.6611   5.791055   5.791585     2.9611     2.4967     100.00   21.63662  -86.24322   -0.00145   -0.00172     4.1577     4.1345    27.6407    27.6438    36.4251    36.4264    23.5844    23.5844    1544.83    181.402    180.394         31 0.0000e+00
      21187    882.742     74.521     75.000    27.6363    27.6430   5.789115   5.789953     2.9583     2.4956     100.00   21.63663  -86.24324   -0.00150   -0.00165     4.1544     4.1339    27.6187    27.6254    36.4288    36.4300    23.5943    23.5930    1544.81    181.260    180.362         33 0.0000e+00
      21220    884.144     75.514     76.000    27.5036    27.5248   5.777749   5.779953     2.9504     2.4903     100.00   21.63664  -86.24324   -0.00239   -0.00167     4.1495     4.1312    27.4859    27.5071    36.4501    36.4493    23.6535    23.6460    1544.79    181.036    180.238         35 0.0000e+00
      21256    885.631     76.508     77.000    27.0826    27.1145   5.740324   5.743413     2.9238     2.4653     100.00   21.63666  -86.24325   -0.00788   -0.00624     4.1300     4.1067    27.0648    27.0967    36.5117    36.5089    23.8361    23.8237    1544.76    180.153    179.140         36 0.0000e+00
      21292    887.121     77.501     78.000    26.9561    26.9620   5.728965   5.729803     2.8949     2.4399     100.00   21.63666  -86.24326   -0.01670   -0.01550     4.0851     4.0645    26.9381    26.9441    36.5293    36.5307    23.8901    23.8892    1544.72    178.182    177.284         35 0.0000e+00
      21326    888.550     78.495     79.000    26.8353    26.8485   5.718169   5.719606     2.8823     2.4304     100.00   21.63668  -86.24326   -0.01704   -0.01474     4.0704     4.0525    26.8172    26.8304    36.5464    36.5463    23.9417    23.9374    1544.69    177.533    176.754         33 0.0000e+00
      21358    889.895     79.488     80.000    26.7081    26.7149   5.706507   5.707435     2.8670     2.4138     100.00   21.63669  -86.24326   -0.01143   -0.00983     4.0508     4.0271    26.6898    26.6966    36.5624    36.5637    23.9944    23.9933    1544.65    176.671    175.637         32 0.0000e+00
      21391    891.266     80.482     81.000    26.6300    26.6338   5.699050   5.699747     2.8519     2.4019     100.00   21.63670  -86.24326   -0.01065   -0.01016     4.0284     4.0080    26.6115    26.6153    36.5699    36.5720    24.0250    24.0254    1544.61    175.689    174.799         35 0.0000e+00
      21428    892.800     81.475     82.000    26.5432    26.5515   5.690856   5.691887     2.8403     2.3944     100.00   21.63671  -86.24328   -0.01014   -0.00832     4.0129     3.9981    26.5246    26.5328    36.5790    36.5799    24.0596    24.0576    1544.57    175.008    174.360         37 0.0000e+00
      21463    894.254     82.468     83.000    26.4701    26.4722   5.684405   5.684909     2.8288     2.3838      73.33   21.63672  -86.24328   -0.00808   -0.00588     3.9967     3.9814    26.4513    26.4534    36.5899    36.5918    24.0910    24.0919    1544.53    174.294    173.624         33 0.0000e+00
      21495    895.594     83.462     84.000    26.4196    26.4259   5.679800   5.680831     2.8187     2.3763      99.79   21.63674  -86.24328   -0.00772   -0.00664     3.9836     3.9685    26.4005    26.4069    36.5980    36.5987    24.1133    24.1118    1544.48    173.721    173.059         32 0.0000e+00
      21530    897.021     84.455     85.000    26.3051    26.3080   5.670349   5.670895     2.8081     2.3661     100.00   21.63675  -86.24328   -0.00764   -0.00673     3.9695     3.9556    26.2858    26.2887    36.6182    36.6199    24.1648    24.1652    1544.44    173.096    172.488         36 0.0000e+00
      21564    898.467     85.449     86.000    26.2916    26.2937   5.669322   5.669792     2.7999     2.3615     100.00   21.63676  -86.24330   -0.00709   -0.00543     3.9553     3.9473    26.2721    26.2743    36.6212    36.6229    24.1714    24.1720    1544.39    172.475    172.126         33 0.0000e+00
      21597    899.819     86.442     87.000    26.2561    26.2586   5.666725   5.667133     2.7953     2.3571     100.00   21.63676  -86.24330   -0.00548   -0.00398     3.9492     3.9407    26.2364    26.2390    36.6291    36.6307    24.1886    24.1890    1544.35    172.208    171.834         32 0.0000e+00
      21629    901.186     87.435     88.000    26.2045    26.2098   5.662452   5.663178     2.7896     2.3499     100.00   21.63678  -86.24330   -0.00408   -0.00367     3.9424     3.9288    26.1847    26.1900    36.6398    36.6409    24.2131    24.2122    1544.31    171.904    171.313         35 0.0000e+00
      21667    902.740     88.428     89.000    26.1361    26.1398   5.656839   5.657444     2.7822     2.3457     100.00   21.63679  -86.24332   -0.00421   -0.00414     3.9333     3.9248    26.1161    26.1197    36.6531    36.6547    24.2447    24.2447    1544.26    171.504    171.131         39 0.0000e+00
      21704    904.273     89.422     90.000    26.0719    26.0689   5.650365   5.650768     2.7739     2.3364     100.00   21.63680  -86.24332   -0.00482   -0.00394     3.9257     3.9136    26.0517    26.0487    36.6610    36.6634    24.2709    24.2737    1544.22    171.168    170.640         33 0.0000e+00
      21735    905.574     90.415     91.000    26.0237    26.0260   5.646693   5.647191     2.7668     2.3295      97.77   21.63682  -86.24332   -0.00535   -0.00521     3.9126     3.8988    26.0032    26.0056    36.6683    36.6700    24.2916    24.2921    1544.17    170.595    169.992         31 0.0000e+00
      21766    906.893     91.408     92.000    26.0159    26.0170   5.646252   5.646659     2.7625     2.3267      94.96   21.63682  -86.24332   -0.00505   -0.00511     3.9052     3.8939    25.9952    25.9964    36.6709    36.6729    24.2961    24.2973    1544.13    170.269    169.776         32 0.0000e+00
      21800    908.303     92.402     93.000    26.0138    26.0145   5.646313   5.646674     2.7606     2.3270     100.04   21.63684  -86.24334   -0.00334   -0.00211     3.9022     3.8951    25.9929    25.9937    36.6727    36.6747    24.2982    24.2995    1544.09    170.139    169.827         35 0.0000e+00
      21837    909.827     93.395     94.000    26.0126    26.0140   5.646432   5.646808     2.7594     2.3261     100.00   21.63685  -86.24334   -0.00145   -0.00020     3.9005     3.8938    25.9915    25.9929    36.6742    36.6758    24.2997    24.3005    1544.04    170.063    169.769         38 0.0000e+00
      21874    911.380     94.389     95.000    26.0114    26.0116   5.646484   5.646826     2.7579     2.3212      99.91   21.63686  -86.24334   -0.00084   -0.00152     3.8980     3.8839    25.9901    25.9903    36.6752    36.6775    24.3010    24.3026    1544.00    169.956    169.340         36 0.0000e+00
      21907    912.756     95.382     96.000    26.0000    26.0047   5.645747   5.646448     2.7566     2.3236     100.00   21.63687  -86.24334   -0.00102   -0.00145     3.8968     3.8898    25.9785    25.9831    36.6784    36.6794    24.3070    24.3063    1543.97    169.901    169.596         31 0.0000e+00
      21937    913.998     96.375     97.000    25.8493    25.8687   5.632562   5.634539     2.7491     2.3148     100.00   21.63688  -86.24334   -0.00181   -0.00119     3.8930     3.8801    25.8276    25.8470    36.7024    36.7014    24.3724    24.3655    1543.93    169.726    169.161         30 0.0000e+00
      21970    915.356     97.369     98.000    25.5382    25.5518   5.604886   5.606358     2.7276     2.2964     100.00   21.63689  -86.24335   -0.00672   -0.00598     3.8729     3.8612    25.5164    25.5300    36.7487    36.7486    24.5043    24.5000    1543.88    168.829    168.317         36 0.0000e+00
      22008    916.971     98.362     99.000    25.4534    25.4561   5.597954   5.598470     2.7047     2.2750     100.00   21.63690  -86.24337   -0.01444   -0.01335     3.8349     3.8217    25.4316    25.4342    36.7656    36.7673    24.5434    24.5438    1543.83    167.163    166.591         38 0.0000e+00
      22043    918.410     99.355    100.000    25.3740    25.3838   5.590737   5.591911     2.6936     2.2640     100.00   21.63690  -86.24338   -0.01295   -0.01199     3.8191     3.8032    25.3520    25.3618    36.7760    36.7768    24.5759    24.5734    1543.78    166.471    165.776         32 0.0000e+00
      22074    919.694    100.349    101.000    25.1874    25.1935   5.574419   5.575227     2.6795     2.2514     100.00   21.63692  -86.24338   -0.00962   -0.00900     3.8045     3.7885    25.1653    25.1713    36.8059    36.8070    24.6560    24.6550    1543.73    165.822    165.122         31 0.0000e+00
      22107    921.099    101.342    102.000    25.1578    25.1590   5.572300   5.572703     2.6648     2.2404     100.00   21.63692  -86.24338   -0.01002   -0.00885     3.7783     3.7674    25.1355    25.1366    36.8139    36.8160    24.6712    24.6725    1543.68    164.675    164.199         36 0.0000e+00
      22144    922.634    102.335    103.000    25.1308    25.1364   5.570934   5.571605     2.6551     2.2351     100.00   21.63694  -86.24339   -0.00963   -0.00715     3.7616     3.7575    25.1082    25.1138    36.8254    36.8258    24.6883    24.6869    1543.63    163.947    163.768         36 0.0000e+00
      22178    924.026    103.328    104.000    25.0537    25.0604   5.564964   5.565842     2.6469     2.2288      94.38   21.63695  -86.24340   -0.00669   -0.00417     3.7510     3.7489    25.0309    25.0376    36.8433    36.8444    24.7256    24.7244    1543.58    163.478    163.387         32 0.0000e+00
      22208    925.298    104.322    105.000    25.0068    25.0103   5.560556   5.561168     2.6379     2.2161      98.23   21.63696  -86.24340   -0.00610   -0.00520     3.7369     3.7255    24.9839    24.9874    36.8483    36.8500    24.7438    24.7440    1543.53    162.860    162.363         30 0.0000e+00
      22240    926.619    105.315    106.000    24.9818    24.9833   5.558112   5.558524     2.6306     2.2126      99.96   21.63696  -86.24342   -0.00656   -0.00649     3.7248     3.7199    24.9587    24.9601    36.8501    36.8520    24.7529    24.7539    1543.47    162.331    162.116         34 0.0000e+00
