GOMECC/GOMECC-4/1db/drb2103_0811.cnv
* Sea-Bird SBE 9 Data File:
* FileName = C:\Users\scs.user.rb\CTD\GOMECC4\data\rb2103_0811.hex
* Software Version Seasave V 7.26.7.107
* Temperature SN = 4799
* Conductivity SN = 3860
* Number of Bytes Per Scan = 41
* Number of Voltage Words = 4
* Number of Scans Averaged by the Deck Unit = 1
* NMEA Latitude = 22 16.45 N
* NMEA Longitude = 096 10.82 W
* NMEA UTC (Time) = Oct 06 2021  16:12:43
* NMEA baud rate = 4800
# nquan = 28
# nvalues = 755                         
# units = specified
# name 0 = scan: Scan Count
# name 1 = timeS: Time, Elapsed [seconds]
# name 2 = depSM: Depth [salt water, m]
# name 3 = prDM: Pressure, Digiquartz [db]
# name 4 = t090C: Temperature [ITS-90, deg C]
# name 5 = t190C: Temperature, 2 [ITS-90, deg C]
# name 6 = c0S/m: Conductivity [S/m]
# name 7 = c1S/m: Conductivity, 2 [S/m]
# name 8 = sbeox0V: Oxygen raw, SBE 43 [V]
# name 9 = sbeox1V: Oxygen raw, SBE 43, 2 [V]
# name 10 = altM: Altimeter [m]
# name 11 = latitude: Latitude [deg]
# name 12 = longitude: Longitude [deg]
# name 13 = sbox0dV/dT: Oxygen, SBE 43 [dov/dt]
# name 14 = sbox1dV/dT: Oxygen, SBE 43, 2 [dov/dt]
# name 15 = sbeox0ML/L: Oxygen, SBE 43 [ml/l], WS = 5
# name 16 = sbeox1ML/L: Oxygen, SBE 43, 2 [ml/l], WS = 5
# name 17 = potemp090C: Potential Temperature [ITS-90, deg C]
# name 18 = potemp190C: Potential Temperature, 2 [ITS-90, deg C]
# name 19 = sal00: Salinity, Practical [PSU]
# name 20 = sal11: Salinity, Practical, 2 [PSU]
# name 21 = sigma-é00: Density [sigma-theta, kg/m^3]
# name 22 = sigma-é11: Density, 2 [sigma-theta, kg/m^3]
# name 23 = avgsvCM: Average Sound Velocity [Chen-Millero, m/s], minP = 20, minS = 20
# name 24 = sbox0Mm/Kg: Oxygen, SBE 43 [umol/kg], WS = 5
# name 25 = sbox1Mm/Kg: Oxygen, SBE 43, 2 [umol/kg], WS = 5
# name 26 = nbin: number of scans per bin
# name 27 = flag: flag
# span 0 =      15518,     253550       
# span 1 =    646.553,  10563.884       
# span 2 =      5.963,   2560.992       
# span 3 =      4.000,   2593.000       
# span 4 =     4.2621,   481.7605       
# span 5 =     4.2626,   481.7891       
# span 6 =   3.340798,  96.979588       
# span 7 =   3.340751,  96.985561       
# span 8 =     1.5799,    51.7323       
# span 9 =     1.2843,    43.7472       
# span 10 =       9.92,    1646.03      
# span 11 =   22.11091,  366.65698      
# span 12 =-1583.23974,  -95.47581      
# span 13 =   -0.03625,    0.01854      
# span 14 =   -0.03329,    0.01776      
# span 15 =     2.4274,    71.5253      
# span 16 =     2.4477,    71.1907      
# span 17 =     4.0821,   481.7403      
# span 18 =     4.0830,   481.7689      
# span 19 =    34.9126,   591.2672      
# span 20 =    34.9121,   591.2864      
# span 21 =    22.5004,   373.0927      
# span 22 =    22.5005,   373.0976      
# span 23 =       0.00,    1589.30      
# span 24 =    105.552,   3123.517      
# span 25 =    106.431,   3108.923      
# span 26 =         30,         65      
# span 27 = 0.0000e+00, 0.0000e+00      
# interval = decibars: 1                
# start_time = Oct 06 2021 16:12:43 [NMEA time, header]
# bad_flag = -9.990e-29
*END*
[from data line 622]
      64792   2699.645   1681.540   1699.000     4.2643     4.2648   3.350865   3.350829     1.9376     1.6162      99.23   22.27370  -96.18016   -0.00019   -0.00009     4.6989     4.7273     4.1224     4.1229    34.9712    34.9702    27.7504    27.7496    1495.27    204.188    205.420         33 0.0000e+00
      64948   2706.144   1687.454   1705.000     4.2641     4.2645   3.351088   3.351060     1.9369     1.6149     100.00   22.27369  -96.18012   -0.00023   -0.00019     4.6997     4.7254     4.1215     4.1220    34.9712    34.9704    27.7504    27.7498    1495.27    204.223    205.337         33 0.0000e+00
      64982   2707.562   1688.440   1706.000     4.2639     4.2644   3.351143   3.351110     1.9366     1.6145     100.00   22.27388  -96.18091   -0.00027   -0.00022     4.6991     4.7244     4.1213     4.1218    34.9715    34.9706    27.7508    27.7500    1495.28    204.194    205.294         32 0.0000e+00
      65106   2712.720   1693.369   1711.000     4.2634     4.2638   3.351227   3.351189     1.9361     1.6142     100.00   22.27329  -96.17836   -0.00008   -0.00008     4.7006     4.7266     4.1203     4.1207    34.9706    34.9697    27.7502    27.7494    1495.24    204.259    205.390         39 0.0000e+00
      65145   2714.328   1694.354   1712.000     4.2636     4.2641   3.351371   3.351339     1.9362     1.6143     100.00   22.27388  -96.18090   -0.00008    0.00002     4.7012     4.7274     4.1204     4.1209    34.9716    34.9707    27.7509    27.7502    1495.28    204.285    205.425         31 0.0000e+00
      65268   2719.477   1699.283   1717.000     4.2632     4.2637   3.351544   3.351512     1.9353     1.6133      84.20   22.27386  -96.18083   -0.00012   -0.00018     4.7008     4.7261     4.1195     4.1200    34.9716    34.9707    27.7510    27.7503    1495.29    204.271    205.370         32 0.0000e+00
      65301   2720.824   1700.269   1718.000     4.2631     4.2636   3.351574   3.351548     1.9351     1.6131     100.38   22.27388  -96.18090   -0.00003   -0.00034     4.7007     4.7262     4.1193     4.1198    34.9716    34.9708    27.7511    27.7503    1495.29    204.266    205.375         31 0.0000e+00
      65428   2726.125   1705.197   1723.000     4.2630     4.2635   3.351759   3.351723     1.9343     1.6124     100.00   22.27371  -96.18016   -0.00016   -0.00014     4.7009     4.7261     4.1188     4.1193    34.9715    34.9705    27.7510    27.7502    1495.28    204.276    205.367         34 0.0000e+00
      65461   2727.496   1706.183   1724.000     4.2631     4.2636   3.351824   3.351797     1.9343     1.6119     100.00   22.27388  -96.18090   -0.00013   -0.00035     4.7016     4.7245     4.1187     4.1192    34.9717    34.9708    27.7512    27.7504    1495.29    204.302    205.298         30 0.0000e+00
      65697   2737.338   1715.053   1733.000     4.2624     4.2630   3.352123   3.352096     1.9335     1.6113      91.96   22.27375  -96.18033   -0.00013   -0.00012     4.7040     4.7278     4.1172     4.1177    34.9716    34.9707    27.7512    27.7505    1495.29    204.408    205.440         30 0.0000e+00
      65728   2738.614   1716.039   1734.000     4.2622     4.2627   3.352177   3.352133     1.9335     1.6110      99.93   22.27388  -96.18090   -0.00005   -0.00017     4.7044     4.7272     4.1169     4.1174    34.9719    34.9709    27.7515    27.7507    1495.30    204.426    205.415         31 0.0000e+00
      65856   2743.941   1720.967   1739.000     4.2621     4.2626   3.352325   3.352286     1.9327     1.6105     100.00   22.27357  -96.17956   -0.00012    0.00003     4.7046     4.7281     4.1163     4.1168    34.9713    34.9704    27.7512    27.7503    1495.28    204.433    205.454         34 0.0000e+00
      65892   2745.466   1721.952   1740.000     4.2623     4.2627   3.352422   3.352388     1.9328     1.6105     100.00   22.27388  -96.18090   -0.00005   -0.00001     4.7053     4.7287     4.1164     4.1168    34.9719    34.9710    27.7516    27.7509    1495.30    204.465    205.483         35 0.0000e+00
      66017   2750.656   1726.880   1745.000     4.2624     4.2629   3.352602   3.352568     1.9317     1.6105     100.00   22.27363  -96.17981   -0.00015 -3.450e-07     4.7042     4.7317     4.1160     4.1165    34.9715    34.9706    27.7513    27.7505    1495.28    204.417    205.613         34 0.0000e+00
      66052   2752.127   1727.866   1746.000     4.2625     4.2630   3.352694   3.352658     1.9316     1.6105     100.00   22.27388  -96.18090   -0.00014   -0.00002     4.7046     4.7322     4.1160     4.1166    34.9719    34.9710    27.7516    27.7508    1495.30    204.433    205.634         33 0.0000e+00
      66422   2767.557   1741.663   1760.000     4.2637     4.2642   3.353361   3.353338     1.9296     1.6080     100.00   22.27386  -96.18069   -0.00019   -0.00009     4.7049     4.7305     4.1158     4.1163    34.9718    34.9710    27.7516    27.7509    1495.31    204.447    205.558         30 0.0000e+00
      66453   2768.846   1742.648   1761.000     4.2637     4.2641   3.353402   3.353376     1.9294     1.6078     100.00   22.27390  -96.18088   -0.00015   -0.00005     4.7050     4.7300     4.1158     4.1162    34.9718    34.9710    27.7516    27.7509    1495.32    204.453    205.539         30 0.0000e+00
      66584   2774.293   1747.575   1766.000     4.2633     4.2638   3.353571   3.353533     1.9288     1.6070      85.44   22.27375  -96.18021   -0.00013    0.00007     4.7056     4.7299     4.1149     4.1154    34.9717    34.9708    27.7516    27.7508    1495.31    204.476    205.535         38 0.0000e+00
      66710   2779.534   1752.502   1771.000     4.2630     4.2635   3.353650   3.353614     1.9277     1.6064     100.00   22.27301  -96.17702   -0.00012   -0.00010     4.7045     4.7306     4.1141     4.1146    34.9706    34.9696    27.7508    27.7500    1495.26    204.428    205.565         36 0.0000e+00
      66752   2781.309   1753.488   1772.000     4.2632     4.2637   3.353833   3.353802     1.9276     1.6058     100.00   22.27390  -96.18088   -0.00008   -0.00024     4.7046     4.7283     4.1142     4.1147    34.9720    34.9712    27.7519    27.7512    1495.32    204.435    205.464         37 0.0000e+00
      66878   2786.552   1758.416   1777.000     4.2635     4.2639   3.354114   3.354076     1.9271     1.6055      88.06   22.27431  -96.18264   -0.00007   -0.00005     4.7055     4.7302     4.1140     4.1145    34.9727    34.9718    27.7525    27.7517    1495.36    204.474    205.545         39 0.0000e+00
      67012   2792.142   1763.342   1782.000     4.2634     4.2640   3.354302   3.354275     1.9265     1.6045     100.00   22.27420  -96.18216   -0.00007   -0.00017     4.7063     4.7291     4.1135     4.1140    34.9726    34.9716    27.7524    27.7516    1495.35    204.505    205.500         32 0.0000e+00
      67116   2796.470   1767.284   1786.000     4.2633     4.2639   3.354384   3.354356     1.9257     1.6043      99.70   22.27366  -96.17982   -0.00020   -0.00005     4.7057     4.7305     4.1129     4.1135    34.9717    34.9708    27.7518    27.7510    1495.32    204.482    205.561         31 0.0000e+00
      67330   2805.372   1775.167   1794.000     4.2634     4.2639   3.354733   3.354707     1.9245     1.6033     100.00   22.27371  -96.18002   -0.00014   -0.00013     4.7061     4.7312     4.1123     4.1128    34.9718    34.9710    27.7520    27.7513    1495.34    204.498    205.590         30 0.0000e+00
      67361   2806.673   1776.152   1795.000     4.2635     4.2640   3.354806   3.354775     1.9244     1.6032     100.00   22.27390  -96.18084   -0.00010   -0.00009     4.7062     4.7315     4.1123     4.1128    34.9722    34.9712    27.7522    27.7514    1495.35    204.504    205.603         31 0.0000e+00
      67461   2810.841   1780.093   1799.000     4.2637     4.2642   3.354953   3.354923     1.9242     1.6027     100.00   22.27363  -96.17968   -0.00003   -0.00009     4.7080     4.7319     4.1121     4.1126    34.9717    34.9708    27.7519    27.7511    1495.33    204.582    205.621         31 0.0000e+00
      67494   2812.201   1781.078   1800.000     4.2637     4.2643   3.355035   3.355007     1.9241     1.6023     100.00   22.27390  -96.18084   -0.00004   -0.00025     4.7082     4.7307     4.1120     4.1126    34.9722    34.9713    27.7523    27.7515    1495.35    204.589    205.568         32 0.0000e+00
      67624   2817.623   1786.005   1805.000     4.2635     4.2640   3.355191   3.355155     1.9230     1.6019     100.00   22.27372  -96.18007   -0.00013   -0.00002     4.7070     4.7322     4.1113     4.1118    34.9719    34.9709    27.7521    27.7513    1495.35    204.538    205.633         32 0.0000e+00
      68055   2835.589   1801.769   1821.000     4.2641     4.2646   3.355954   3.355921     1.9208     1.5989      91.78   22.27411  -96.18176   -0.00005   -0.00027     4.7080     4.7292     4.1103     4.1108    34.9726    34.9717    27.7528    27.7520    1495.39    204.580    205.502         30 0.0000e+00
      68662   2860.889   1824.427   1844.000     4.2644     4.2650   3.356883   3.356847     1.9174     1.5961     100.00   22.27368  -96.17990   -0.00016   -0.00019     4.7087     4.7312     4.1084     4.1090    34.9721    34.9711    27.7526    27.7517    1495.40    204.613    205.591         31 0.0000e+00
      68694   2862.197   1825.412   1845.000     4.2645     4.2651   3.356960   3.356920     1.9174     1.5958     100.00   22.27390  -96.18084   -0.00017   -0.00007     4.7089     4.7308     4.1084     4.1090    34.9724    34.9714    27.7529    27.7520    1495.42    204.622    205.572         30 0.0000e+00
      68819   2867.424   1830.337   1850.000     4.2641     4.2647   3.357075   3.357041     1.9168     1.5956     100.00   22.27348  -96.17896   -0.00009    0.00001     4.7099     4.7330     4.1076     4.1081    34.9718    34.9708    27.7524    27.7516    1495.39    204.666    205.667         38 0.0000e+00
      68856   2868.944   1831.323   1851.000     4.2643     4.2648   3.357184   3.357148     1.9164     1.5951     100.00   22.27391  -96.18082   -0.00015   -0.00013     4.7089     4.7314     4.1076     4.1081    34.9725    34.9715    27.7530    27.7521    1495.42    204.618    205.598         30 0.0000e+00
      68948   2872.777   1835.263   1855.000     4.2641     4.2647   3.357299   3.357258     1.9159     1.5946     100.00   22.27364  -96.17964   -0.00017   -0.00014     4.7092     4.7318     4.1071     4.1076    34.9720    34.9710    27.7527    27.7518    1495.41    204.635    205.616         30 0.0000e+00
      68981   2874.168   1836.248   1856.000     4.2641     4.2647   3.357382   3.357346     1.9160     1.5946     100.00   22.27392  -96.18082   -0.00007   -0.00002     4.7105     4.7321     4.1070     4.1076    34.9725    34.9715    27.7531    27.7522    1495.43    204.691    205.630         34 0.0000e+00
      69770   2907.031   1865.797   1886.000     4.2626     4.2631   3.358490   3.358453     1.9118     1.5910     100.00   22.27399  -96.18112   -0.00006   -0.00036     4.7124     4.7357     4.1025     4.1030    34.9729    34.9719    27.7538    27.7530    1495.49    204.770    205.786         32 0.0000e+00
      69896   2912.306   1870.721   1891.000     4.2628     4.2634   3.358701   3.358662     1.9110     1.5906     100.00   22.27387  -96.18055   -0.00019   -0.00008     4.7122     4.7371     4.1022     4.1028    34.9727    34.9717    27.7537    27.7529    1495.49    204.766    205.845         30 0.0000e+00
      70268   2927.810   1884.510   1905.000     4.2629     4.2635   3.359306   3.359277     1.9090     1.5882     100.00   22.27406  -96.18138   -0.00010   -0.00010     4.7128     4.7351     4.1009     4.1015    34.9731    34.9721    27.7542    27.7534    1495.53    204.790    205.760         31 0.0000e+00
      70580   2940.784   1896.327   1917.000     4.2637     4.2643   3.359817   3.359780     1.9072     1.5868     100.00   22.27372  -96.17983   -0.00018   -0.00015     4.7128     4.7365     4.1005     4.1011    34.9726    34.9715    27.7538    27.7529    1495.53    204.788    205.819         30 0.0000e+00
      70820   2950.789   1905.190   1926.000     4.2639     4.2645   3.360249   3.360213     1.9061     1.5849      63.46   22.27408  -96.18136   -0.00012   -0.00018     4.7140     4.7339     4.0998     4.1004    34.9731    34.9721    27.7543    27.7534    1495.57    204.845    205.707         34 0.0000e+00
      70949   2956.151   1910.113   1931.000     4.2640     4.2646   3.360433   3.360395     1.9052     1.5849     100.00   22.27382  -96.18022   -0.00012   -0.00003     4.7136     4.7366     4.0995     4.1001    34.9728    34.9717    27.7541    27.7531    1495.56    204.824    205.823         33 0.0000e+00
      71080   2961.614   1915.037   1936.000     4.2637     4.2644   3.360623   3.360596     1.9043     1.5837     100.00   22.27386  -96.18038   -0.00023   -0.00026     4.7128     4.7346     4.0987     4.0994    34.9729    34.9719    27.7543    27.7534    1495.57    204.790    205.738         31 0.0000e+00
      71185   2965.993   1918.975   1940.000     4.2636     4.2643   3.360765   3.360727     1.9041     1.5835     100.00   22.27372  -96.17981   -0.00005   -0.00003     4.7147     4.7364     4.0982     4.0988    34.9728    34.9717    27.7542    27.7533    1495.58    204.872    205.813         30 0.0000e+00
      71315   2971.410   1923.898   1945.000     4.2637     4.2643   3.360964   3.360928     1.9030     1.5825     100.00   22.27373  -96.17982   -0.00019   -0.00019     4.7134     4.7352     4.0977     4.0983    34.9727    34.9717    27.7542    27.7533    1495.59    204.818    205.765         32 0.0000e+00
      71348   2972.775   1924.883   1946.000     4.2637     4.2643   3.361041   3.361004     1.9029     1.5824     100.00   22.27393  -96.18072   -0.00021   -0.00025     4.7135     4.7354     4.0976     4.0982    34.9732    34.9721    27.7546    27.7537    1495.60    204.822    205.772         30 0.0000e+00
      71447   2976.908   1928.822   1950.000     4.2636     4.2643   3.361164   3.361128     1.9023     1.5823     100.00   22.27372  -96.17973   -0.00010   -0.00002     4.7137     4.7375     4.0971     4.0978    34.9728    34.9717    27.7543    27.7534    1495.59    204.829    205.863         32 0.0000e+00
      71579   2982.397   1933.745   1955.000     4.2628     4.2634   3.361313   3.361272     1.9019     1.5821      95.85   22.27380  -96.18008   -0.00004   -0.00004     4.7154     4.7397     4.0959     4.0965    34.9730    34.9719    27.7547    27.7537    1495.61    204.902    205.960         31 0.0000e+00
      71710   2987.862   1938.668   1960.000     4.2631     4.2638   3.361546   3.361512     1.9012     1.5812     100.00   22.27384  -96.18027   -0.00020   -0.00010     4.7154     4.7387     4.0957     4.0963    34.9731    34.9720    27.7547    27.7538    1495.63    204.904    205.916         31 0.0000e+00
      71950   2997.879   1947.529   1969.000     4.2641     4.2648   3.362042   3.362006     1.9002     1.5795     100.00   22.27412  -96.18147   -0.00016   -0.00015     4.7167     4.7367     4.0958     4.0965    34.9735    34.9724    27.7551    27.7541    1495.67    204.958    205.830         32 0.0000e+00
      72078   3003.204   1952.451   1974.000     4.2645     4.2650   3.362270   3.362224     1.8996     1.5788     100.00   22.27406  -96.18121   -0.00009   -0.00004     4.7174     4.7368     4.0956     4.0962    34.9735    34.9724    27.7551    27.7541    1495.68    204.991    205.833         30 0.0000e+00
      72498   3020.723   1968.203   1990.000     4.2651     4.2658   3.362934   3.362903     1.8966     1.5764     100.00   22.27374  -96.17980   -0.00011   -0.00005     4.7151     4.7360     4.0947     4.0953    34.9730    34.9720    27.7548    27.7539    1495.70    204.891    205.796         31 0.0000e+00
