GOMECC/GOMECC-4/1db/drb2103_1141.cnv
* Sea-Bird SBE 9 Data File:
* FileName = C:\Users\scs.user.rb\CTD\GOMECC4\data\rb2103_1141.hex
* Software Version Seasave V 7.26.7.107
* Temperature SN = 4799
* Conductivity SN = 3860
* Number of Bytes Per Scan = 41
* Number of Voltage Words = 4
* Number of Scans Averaged by the Deck Unit = 1
* NMEA Latitude = 22 04.41 N
* NMEA Longitude = 086 54.99 W
* NMEA UTC (Time) = Oct 15 2021  14:20:58
* NMEA baud rate = 4800
# nquan = 28
# nvalues = 32                          
# units = specified
# name 0 = scan: Scan Count
# name 1 = timeS: Time, Elapsed [seconds]
# name 2 = depSM: Depth [salt water, m]
# name 3 = prDM: Pressure, Digiquartz [db]
# name 4 = t090C: Temperature [ITS-90, deg C]
# name 5 = t190C: Temperature, 2 [ITS-90, deg C]
# name 6 = c0S/m: Conductivity [S/m]
# name 7 = c1S/m: Conductivity, 2 [S/m]
# name 8 = sbeox0V: Oxygen raw, SBE 43 [V]
# name 9 = sbeox1V: Oxygen raw, SBE 43, 2 [V]
# name 10 = altM: Altimeter [m]
# name 11 = latitude: Latitude [deg]
# name 12 = longitude: Longitude [deg]
# name 13 = sbox0dV/dT: Oxygen, SBE 43 [dov/dt]
# name 14 = sbox1dV/dT: Oxygen, SBE 43, 2 [dov/dt]
# name 15 = sbeox0ML/L: Oxygen, SBE 43 [ml/l], WS = 5
# name 16 = sbeox1ML/L: Oxygen, SBE 43, 2 [ml/l], WS = 5
# name 17 = potemp090C: Potential Temperature [ITS-90, deg C]
# name 18 = potemp190C: Potential Temperature, 2 [ITS-90, deg C]
# name 19 = sal00: Salinity, Practical [PSU]
# name 20 = sal11: Salinity, Practical, 2 [PSU]
# name 21 = sigma-é00: Density [sigma-theta, kg/m^3]
# name 22 = sigma-é11: Density, 2 [sigma-theta, kg/m^3]
# name 23 = avgsvCM: Average Sound Velocity [Chen-Millero, m/s], minP = 20, minS = 20
# name 24 = sbox0Mm/Kg: Oxygen, SBE 43 [umol/kg], WS = 5
# name 25 = sbox1Mm/Kg: Oxygen, SBE 43, 2 [umol/kg], WS = 5
# name 26 = nbin: number of scans per bin
# name 27 = flag: flag
# span 0 =      12938,      18083       
# span 1 =    539.040,    753.416       
# span 2 =      3.975,     36.766       
# span 3 =      4.000,     37.000       
# span 4 =    22.9866,    28.5023       
# span 5 =    22.9856,    28.5036       
# span 6 =   5.300668,   5.857446       
# span 7 =   5.300795,   5.857773       
# span 8 =     2.2014,     3.1002       
# span 9 =     1.8309,     2.6201       
# span 10 =       6.34,      38.68      
# span 11 =   22.07078,   22.11187      
# span 12 =  -87.07952,  -86.91772      
# span 13 =   -0.05116,    0.00085      
# span 14 =   -0.04946,    0.00121      
# span 15 =     2.9747,     4.3663      
# span 16 =     2.9782,     4.3460      
# span 17 =    22.9796,    28.5013      
# span 18 =    22.9787,    28.5027      
# span 19 =    36.2628,    36.6275      
# span 20 =    36.2641,    36.6105      
# span 21 =    23.1791,    25.1726      
# span 22 =    23.1797,    25.1614      
# span 23 =       0.00,    1537.14      
# span 24 =    129.594,    190.423      
# span 25 =    129.747,    189.538      
# span 26 =         36,         67      
# span 27 = 0.0000e+00, 0.0000e+00      
# interval = decibars: 1                
# start_time = Oct 15 2021 14:20:58 [NMEA time, header]
# bad_flag = -9.990e-29
*END*
      12938    539.040      3.975      4.000    28.5023    28.5036   5.857446   5.857773     3.1002     2.6182      38.68   22.07078  -86.91776    0.00085   -0.00018     4.3179     4.2913    28.5013    28.5027    36.2628    36.2641    23.1791    23.1797       0.00    188.467    187.310         48 0.0000e+00
      12979    540.737      4.969      5.000    28.4887    28.4919   5.856061   5.856371     3.0977     2.6188      37.96   22.07078  -86.91776    0.00055   -0.00038     4.3149     4.2943    28.4875    28.4908    36.2636    36.2648    23.1843    23.1841       0.00    188.339    187.437         37 0.0000e+00
      13019    542.423      5.963      6.000    28.4701    28.4711   5.854306   5.854551     3.0965     2.6199      36.88   22.07078  -86.91776   -0.00120    0.00028     4.3145     4.2999    28.4687    28.4696    36.2631    36.2643    23.1902    23.1907       0.00    188.319    187.679         45 0.0000e+00
      13072    544.622      6.956      7.000    28.4646    28.4657   5.853777   5.854077     3.0985     2.6201      35.87   22.07078  -86.91776    0.00015    0.00073     4.3190     4.2992    28.4630    28.4640    36.2651    36.2664    23.1936    23.1942       0.00    188.515    187.652         54 0.0000e+00
      13119    546.571      7.950      8.000    28.4628    28.4638   5.854085   5.854391     3.0989     2.6160      34.98   22.07078  -86.91776    0.00052   -0.00182     4.3204     4.2918    28.4609    28.4619    36.2683    36.2697    23.1967    23.1973       0.00    188.573    187.326         45 0.0000e+00
      13169    548.680      8.944      9.000    28.4585    28.4593   5.854007   5.854312     3.0985     2.6152      33.90   22.07078  -86.91776    0.00017   -0.00035     4.3207     4.2910    28.4563    28.4571    36.2709    36.2723    23.2001    23.2009       0.00    188.585    187.292         58 0.0000e+00
      13227    551.088      9.937     10.000    28.4419    28.4430   5.852403   5.852731     3.0967     2.6177      32.95   22.07078  -86.91776   -0.00071   -0.00059     4.3190     4.2978    28.4395    28.4406    36.2718    36.2732    23.2064    23.2071       0.00    188.510    187.588         53 0.0000e+00
      13275    553.104     10.931     11.000    28.4264    28.4275   5.851255   5.851543     3.0941     2.6161      32.09   22.07078  -86.91776   -0.00095    0.00121     4.3159     4.2960    28.4237    28.4248    36.2755    36.2767    23.2144    23.2149       0.00    188.375    187.505         45 0.0000e+00
      13323    555.090     11.925     12.000    28.3956    28.3975   5.849073   5.849422     3.0935     2.6163      31.10   22.07078  -86.91776   -0.00063   -0.00047     4.3173     4.2988    28.3927    28.3947    36.2832    36.2845    23.2305    23.2308       0.00    188.434    187.625         54 0.0000e+00
      13382    557.529     12.918     13.000    28.3547    28.3569   5.845038   5.845497     3.0904     2.6118      30.04   22.07078  -86.91776   -0.00113   -0.00095     4.3153     4.2929    28.3519    28.3538    36.2861    36.2876    23.2462    23.2466       0.00    188.342    187.365         58 0.0000e+00
      13432    559.629     13.912     14.000    28.0587    28.0692   5.813847   5.815313     3.0786     2.6033      29.21   22.07078  -86.91776   -0.00281   -0.00253     4.3166     4.2965    28.0554    28.0659    36.2945    36.2967    23.3502    23.3484       0.00    188.382    187.505         45 0.0000e+00
      13479    561.592     14.906     15.000    27.0515    27.0726   5.707929   5.710538     3.0526     2.5836      28.22   22.07078  -86.91776   -0.00974   -0.00731     4.3462     4.3277    27.0480    27.0692    36.3228    36.3250    23.6986    23.6935       0.00    189.606    188.800         52 0.0000e+00
      13534    563.891     15.900     16.000    26.1203    26.1397   5.611225   5.613784     3.0248     2.5599      27.17   22.07078  -86.91776   -0.01196   -0.00979     4.3663     4.3460    26.1167    26.1361    36.3557    36.3590    24.0199    24.0162       0.00    190.423    189.538         53 0.0000e+00
      13585    566.021     16.893     17.000    25.5730    25.5824   5.555185   5.556696     2.9801     2.5220      26.26   22.07078  -86.91774   -0.01687   -0.01443     4.3242     4.3067    25.5693    25.5786    36.3797    36.3834    24.2089    24.2088       0.00    188.554    187.793         53 0.0000e+00
      13637    568.178     17.887     18.000    25.1644    25.1646   5.513495   5.513914     2.9253     2.4730      25.29   22.07078  -86.91774   -0.02301   -0.02016     4.2508     4.2332    25.1604    25.1607    36.3982    36.4011    24.3491    24.3512       0.00    185.326    184.561         48 0.0000e+00
      13687    570.248     18.881     19.000    24.7859    24.7824   5.475874   5.475965     2.8562     2.4116      24.33   22.07078  -86.91774   -0.02966   -0.02632     4.1660     4.1447    24.7818    24.7783    36.4224    36.4259    24.4832    24.4869       0.00    181.606    180.678         55 0.0000e+00
      13741    572.511     19.874     20.000    24.5719    24.5757   5.454630   5.455503     2.7888     2.3556      23.34   22.07078  -86.91774   -0.03234   -0.02806     4.0300     4.0234    24.5676    24.5714    36.4360    36.4395    24.5585    24.5600     747.64    175.665    175.378         50 0.0000e+00
      13791    574.582     20.868     21.000    24.5551    24.5560   5.453676   5.454177     2.7540     2.3263      22.36   22.07078  -86.91774   -0.02435   -0.02001     3.9651     3.9624    24.5506    24.5515    36.4421    36.4451    24.5683    24.5703    1519.42    172.837    172.716         53 0.0000e+00
      13844    576.811     21.862     22.000    24.5375    24.5393   5.452682   5.453232     2.7378     2.3111      21.38   22.07078  -86.91774   -0.01058   -0.00921     3.9350     3.9310    24.5328    24.5346    36.4486    36.4513    24.5786    24.5801    1535.24    171.522    171.346         51 0.0000e+00
      13894    578.888     22.855     23.000    24.5030    24.5042   5.450108   5.450543     2.7237     2.2982      20.43   22.07078  -86.91774   -0.00651   -0.00649     3.9104     3.9059    24.4981    24.4992    36.4569    36.4593    24.5954    24.5968    1535.24    170.445    170.252         51 0.0000e+00
      13948    581.137     23.849     24.000    24.4518    24.4536   5.445511   5.445957     2.7064     2.2833      19.43   22.07078  -86.91774   -0.00745   -0.00641     3.8806     3.8775    24.4466    24.4485    36.4637    36.4655    24.6160    24.6169    1535.24    169.145    169.010         54 0.0000e+00
      13998    583.215     24.843     25.000    24.3634    24.3678   5.436950   5.437646     2.6806     2.2605      18.48   22.07078  -86.91774   -0.00972   -0.00818     3.8366     3.8344    24.3580    24.3625    36.4707    36.4723    24.6480    24.6479    1535.23    167.223    167.125         50 0.0000e+00
      14055    585.588     25.836     26.000    24.2122    24.2143   5.421903   5.422355     2.6390     2.2206      17.47   22.07078  -86.91774   -0.01564   -0.01483     3.7661     3.7583    24.2066    24.2087    36.4799    36.4816    24.7005    24.7011    1535.21    164.139    163.798         59 0.0000e+00
      14105    587.647     26.830     27.000    24.0759    24.0766   5.407993   5.408275     2.5976     2.1814      16.59   22.07078  -86.91774   -0.01943   -0.01858     3.6944     3.6825    24.0702    24.0709    36.4855    36.4870    24.7455    24.7465    1535.17    161.009    160.488         42 0.0000e+00
      14151    589.569     27.824     28.000    23.6349    23.6324   5.364302   5.364247     2.5329     2.1151      15.57   22.07078  -86.91773   -0.02425   -0.02379     3.5961     3.5655    23.6291    23.6266    36.5141    36.5157    24.8981    24.9001    1535.12    156.698    155.365         54 0.0000e+00
      14213    592.161     28.817     29.000    23.4391    23.4418   5.346112   5.346649     2.3981     1.9888      14.53   22.07078  -86.91772   -0.05116   -0.04946     3.3410     3.3004    23.4331    23.4357    36.5358    36.5378    24.9724    24.9732    1535.05    145.572    143.802         61 0.0000e+00
      14261    594.158     29.811     30.000    23.4003    23.3996   5.343104   5.343336     2.3432     1.9492      13.74   22.07078  -86.91772   -0.03946   -0.03262     3.2341     3.2160    23.3941    23.3933    36.5444    36.5468    24.9904    24.9925    1534.97    140.913    140.123         41 0.0000e+00
      14307    596.095     30.804     31.000    23.3381    23.3405   5.338101   5.338507     2.3023     1.9159      12.68   22.07078  -86.91773   -0.02460   -0.01885     3.1538     3.1441    23.3317    23.3341    36.5564    36.5578    25.0178    25.0182    1534.90    137.412    136.990         56 0.0000e+00
      14370    598.725     31.798     32.000    23.2377    23.2368   5.328081   5.328370     2.2533     1.8738      11.63   22.07078  -86.91774   -0.01976   -0.01698     3.0683     3.0627    23.2311    23.2303    36.5628    36.5643    25.0521    25.0530    1534.82    133.681    133.438         58 0.0000e+00
      14415    600.576     32.792     33.000    23.0053    23.0023   5.303085   5.303334     2.2276     1.8520      10.84   22.07078  -86.91774   -0.01598   -0.01365     3.0239     3.0213    22.9985    22.9955    36.5582    36.5600    25.1164    25.1186    1534.73    131.739    131.627         36 0.0000e+00
      14466    602.726     33.785     34.000    22.9866    22.9856   5.300668   5.300795     2.2136     1.8434       9.72   22.07078  -86.91774   -0.01030   -0.00790     3.0002     3.0062    22.9796    22.9787    36.5585    36.5602    25.1221    25.1236    1534.63    130.705    130.966         62 0.0000e+00
      18083    753.416     36.766     37.000    23.0196    23.0064   5.309726   5.309717     2.2014     1.8309       6.34   22.11187  -87.07952   -0.00004    0.00032     2.9747     2.9782    23.0120    22.9989    36.6275    36.6105    25.1726    25.1614    1537.14    129.594    129.747         67 0.0000e+00
