GOMECC/GOMECC-4/1db/drb2103_0101.cnv
* Sea-Bird SBE 9 Data File:
* FileName = C:\Users\scs.user.rb\CTD\GOMECC4\data\rb2103_0101.hex
* Software Version Seasave V 7.26.7.107
* Temperature SN = 4799
* Conductivity SN = 3860
* Number of Bytes Per Scan = 41
* Number of Voltage Words = 4
* Number of Scans Averaged by the Deck Unit = 1
* NMEA Latitude = 26 13.28 N
* NMEA Longitude = 085 39.93 W
* NMEA UTC (Time) = Sep 17 2021  22:10:49
* NMEA baud rate = 4800
# nquan = 28
# nvalues = 585                         
# units = specified
# name 0 = scan: Scan Count
# name 1 = timeS: Time, Elapsed [seconds]
# name 2 = depSM: Depth [salt water, m]
# name 3 = prDM: Pressure, Digiquartz [db]
# name 4 = t090C: Temperature [ITS-90, deg C]
# name 5 = t190C: Temperature, 2 [ITS-90, deg C]
# name 6 = c0S/m: Conductivity [S/m]
# name 7 = c1S/m: Conductivity, 2 [S/m]
# name 8 = sbeox0V: Oxygen raw, SBE 43 [V]
# name 9 = sbeox1V: Oxygen raw, SBE 43, 2 [V]
# name 10 = altM: Altimeter [m]
# name 11 = latitude: Latitude [deg]
# name 12 = longitude: Longitude [deg]
# name 13 = sbox0dV/dT: Oxygen, SBE 43 [dov/dt]
# name 14 = sbox1dV/dT: Oxygen, SBE 43, 2 [dov/dt]
# name 15 = sbeox0ML/L: Oxygen, SBE 43 [ml/l], WS = 5
# name 16 = sbeox1ML/L: Oxygen, SBE 43, 2 [ml/l], WS = 5
# name 17 = potemp090C: Potential Temperature [ITS-90, deg C]
# name 18 = potemp190C: Potential Temperature, 2 [ITS-90, deg C]
# name 19 = sal00: Salinity, Practical [PSU]
# name 20 = sal11: Salinity, Practical, 2 [PSU]
# name 21 = sigma-é00: Density [sigma-theta, kg/m^3]
# name 22 = sigma-é11: Density, 2 [sigma-theta, kg/m^3]
# name 23 = avgsvCM: Average Sound Velocity [Chen-Millero, m/s], minP = 20, minS = 20
# name 24 = sbox0Mm/Kg: Oxygen, SBE 43 [umol/kg], WS = 5
# name 25 = sbox1Mm/Kg: Oxygen, SBE 43, 2 [umol/kg], WS = 5
# name 26 = nbin: number of scans per bin
# name 27 = flag: flag
# span 0 =      14203,     102135       
# span 1 =    591.751,   4255.567       
# span 2 =      4.967,   3242.305       
# span 3 =      5.000,   3289.000       
# span 4 =     4.2849,    30.1073       
# span 5 =     4.2855,    30.1126       
# span 6 =   3.345151,   5.965071       
# span 7 =   3.345089,   5.966846       
# span 8 =     1.6260,     3.1911       
# span 9 =     1.3346,     2.7386       
# span 10 =       9.47,     102.11      
# span 11 =   26.11964,   26.22308      
# span 12 =  -85.67062,  -85.33291      
# span 13 =   -0.04275,    0.03666      
# span 14 =   -0.03981,    0.03536      
# span 15 =     2.6096,     4.7358      
# span 16 =     2.6440,     4.7754      
# span 17 =     4.0798,    30.1031      
# span 18 =     4.0809,    30.1084      
# span 19 =    34.8995,    36.8004      
# span 20 =    34.8982,    36.8013      
# span 21 =    22.1795,    27.7597      
# span 22 =    22.2007,    27.7580      
# span 23 =       0.00,    1545.78      
# span 24 =    113.569,    206.524      
# span 25 =    115.067,    208.252      
# span 26 =         30,         69      
# span 27 = 0.0000e+00, 0.0000e+00      
# interval = decibars: 1                
# start_time = Sep 17 2021 22:10:49 [NMEA time, header]
# bad_flag = -9.990e-29
*END*
[from data line 467]
      71952   2997.977   2094.586   2119.000     4.2950     4.2958   3.370734   3.370656     1.8732     1.5629     100.00   26.22161  -85.66543   -0.00021   -0.00003     4.6953     4.7523     4.1112     4.1119    34.9724    34.9707    27.7525    27.7511    1496.76    204.029    206.508         31 0.0000e+00
      71985   2999.320   2095.570   2120.000     4.2951     4.2959   3.370800   3.370729     1.8736     1.5629     100.00   26.22182  -85.66610   -0.00009    0.00000     4.6975     4.7529     4.1112     4.1119    34.9726    34.9710    27.7527    27.7513    1496.77    204.124    206.535         30 0.0000e+00
      72108   3004.446   2100.487   2125.000     4.2955     4.2963   3.371018   3.370944     1.8724     1.5626     100.00   26.22171  -85.66575   -0.00012   -0.00006     4.6954     4.7545     4.1110     4.1118    34.9724    34.9708    27.7526    27.7512    1496.77    204.032    206.603         37 0.0000e+00
      72231   3009.579   2105.405   2130.000     4.2959     4.2966   3.371235   3.371170     1.8718     1.5617     100.00   26.22160  -85.66539   -0.00018   -0.00009     4.6962     4.7537     4.1109     4.1116    34.9723    34.9708    27.7525    27.7512    1496.79    204.069    206.567         30 0.0000e+00
      72262   3010.880   2106.388   2131.000     4.2959     4.2967   3.371315   3.371245     1.8718     1.5617      97.36   26.22182  -85.66610   -0.00003   -0.00003     4.6967     4.7543     4.1108     4.1116    34.9727    34.9711    27.7528    27.7514    1496.80    204.089    206.595         30 0.0000e+00
      72615   3025.597   2120.157   2145.000     4.2971     4.2978   3.371967   3.371901     1.8691     1.5595     100.00   26.22177  -85.66588   -0.00026   -0.00022     4.6939     4.7532     4.1105     4.1112    34.9726    34.9711    27.7528    27.7515    1496.84    203.967    206.544         30 0.0000e+00
      72971   3040.408   2133.926   2159.000     4.2977     4.2985   3.372577   3.372513     1.8669     1.5576     100.00   26.22175  -85.66585   -0.00012   -0.00009     4.6936     4.7532     4.1097     4.1104    34.9725    34.9710    27.7528    27.7515    1496.88    203.956    206.548         31 0.0000e+00
      73003   3041.740   2134.909   2160.000     4.2978     4.2985   3.372648   3.372573     1.8674     1.5570     100.00   26.22182  -85.66608   -0.00003   -0.00025     4.6960     4.7511     4.1097     4.1104    34.9728    34.9712    27.7530    27.7516    1496.89    204.060    206.455         31 0.0000e+00
      73126   3046.877   2139.826   2165.000     4.2981     4.2989   3.372866   3.372792     1.8666     1.5565     100.00   26.22184  -85.66614   -0.00018   -0.00006     4.6957     4.7518     4.1095     4.1102    34.9727    34.9711    27.7530    27.7516    1496.90    204.045    206.483         31 0.0000e+00
      73251   3052.094   2144.742   2170.000     4.2984     4.2991   3.373060   3.372995     1.8657     1.5556      98.89   26.22156  -85.66522   -0.00006   -0.00026     4.6951     4.7511     4.1092     4.1100    34.9724    34.9708    27.7527    27.7514    1496.90    204.022    206.456         33 0.0000e+00
      73405   3058.520   2150.643   2176.000     4.2989     4.2996   3.373379   3.373303     1.8645     1.5556     100.00   26.22181  -85.66606   -0.00018    0.00004     4.6937     4.7545     4.1091     4.1098    34.9728    34.9712    27.7531    27.7517    1496.94    203.960    206.602         34 0.0000e+00
      73530   3063.723   2155.559   2181.000     4.2990     4.2997   3.373581   3.373512     1.8634     1.5543     100.00   26.22177  -85.66591   -0.00021   -0.00026     4.6924     4.7519     4.1087     4.1094    34.9727    34.9712    27.7531    27.7518    1496.95    203.905    206.491         30 0.0000e+00
      73561   3065.012   2156.542   2182.000     4.2990     4.2997   3.373630   3.373559     1.8637     1.5541     100.00   26.22182  -85.66608   -0.00024   -0.00023     4.6943     4.7516     4.1086     4.1094    34.9728    34.9712    27.7531    27.7518    1496.96    203.986    206.478         30 0.0000e+00
      73687   3070.251   2161.458   2187.000     4.2992     4.3000   3.373832   3.373766     1.8629     1.5534     100.00   26.22165  -85.66553   -0.00015   -0.00017     4.6940     4.7514     4.1083     4.1091    34.9726    34.9710    27.7530    27.7517    1496.96    203.973    206.468         32 0.0000e+00
      73839   3076.604   2167.358   2193.000     4.2998     4.3006   3.374138   3.374065     1.8622     1.5527     100.00   26.22182  -85.66607   -0.00006   -0.00007     4.6948     4.7523     4.1083     4.1090    34.9728    34.9712    27.7532    27.7518    1496.99    204.008    206.506         30 0.0000e+00
      74679   3111.564   2199.803   2226.000     4.3017     4.3025   3.375631   3.375555     1.8568     1.5472     100.00   26.22181  -85.66610   -0.00009   -0.00015     4.6923     4.7476     4.1068     4.1075    34.9729    34.9713    27.7534    27.7521    1497.10    203.898    206.304         30 0.0000e+00
      75215   3133.928   2220.447   2247.000     4.3026     4.3035   3.376540   3.376473     1.8545     1.5448     100.00   26.22172  -85.66580   -0.00012   -0.00012     4.6955     4.7499     4.1055     4.1063    34.9729    34.9713    27.7535    27.7522    1497.18    204.039    206.402         30 0.0000e+00
      75369   3140.338   2226.345   2253.000     4.3027     4.3036   3.376824   3.376753     1.8534     1.5441     100.00   26.22201  -85.66673   -0.00007   -0.00011     4.6946     4.7502     4.1050     4.1058    34.9734    34.9717    27.7540    27.7526    1497.21    203.997    206.414         32 0.0000e+00
      75495   3145.564   2231.260   2258.000     4.3031     4.3039   3.377034   3.376960     1.8524     1.5433     100.00   26.22181  -85.66607   -0.00006   -0.00010     4.6931     4.7497     4.1048     4.1057    34.9731    34.9714    27.7538    27.7523    1497.21    203.935    206.392         34 0.0000e+00
      75619   3150.758   2236.174   2263.000     4.3036     4.3044   3.377261   3.377188     1.8517     1.5427     100.00   26.22169  -85.66568   -0.00019   -0.00018     4.6934     4.7500     4.1048     4.1056    34.9730    34.9712    27.7537    27.7522    1497.23    203.947    206.405         34 0.0000e+00
      75747   3156.091   2241.089   2268.000     4.3036     4.3044   3.377461   3.377393     1.8511     1.5422     100.00   26.22169  -85.66568   -0.00022   -0.00009     4.6940     4.7507     4.1043     4.1051    34.9729    34.9713    27.7537    27.7523    1497.24    203.975    206.439         30 0.0000e+00
      76128   3171.964   2255.832   2283.000     4.3042     4.3050   3.378105   3.378035     1.8488     1.5397     100.00   26.22167  -85.66561   -0.00028   -0.00022     4.6932     4.7489     4.1033     4.1041    34.9730    34.9713    27.7538    27.7524    1497.30    203.938    206.358         30 0.0000e+00
      76159   3173.258   2256.815   2284.000     4.3041     4.3049   3.378158   3.378088     1.8488     1.5396     100.00   26.22180  -85.66602    0.00000   -0.00024     4.6939     4.7488     4.1031     4.1039    34.9732    34.9716    27.7541    27.7527    1497.31    203.968    206.354         30 0.0000e+00
      76312   3179.604   2262.712   2290.000     4.3045     4.3053   3.378450   3.378383     1.8483     1.5387     100.00   26.22197  -85.66659   -0.00017   -0.00016     4.6954     4.7486     4.1029     4.1037    34.9735    34.9718    27.7543    27.7529    1497.34    204.036    206.346         33 0.0000e+00
      76434   3184.688   2267.625   2295.000     4.3048     4.3056   3.378650   3.378584     1.8474     1.5384     100.00   26.22180  -85.66602   -0.00029   -0.00006     4.6950     4.7502     4.1026     4.1035    34.9732    34.9716    27.7541    27.7527    1497.35    204.014    206.417         30 0.0000e+00
      77747   3239.423   2317.741   2346.000     4.3080     4.3088   3.380943   3.380873     1.8402     1.5311     100.00   26.22166  -85.66560    0.00004   -0.00005     4.6953     4.7481     4.1004     4.1013    34.9732    34.9716    27.7543    27.7529    1497.54    204.031    206.323         32 0.0000e+00
      77902   3245.889   2323.637   2352.000     4.3083     4.3091   3.381214   3.381157     1.8388     1.5304     100.00   26.22172  -85.66579   -0.00004   -0.00007     4.6931     4.7488     4.1001     4.1009    34.9733    34.9718    27.7545    27.7532    1497.57    203.934    206.353         30 0.0000e+00
      79017   3292.321   2365.881   2395.000     4.3113     4.3122   3.383190   3.383130     1.8326     1.5238     100.00   26.22183  -85.66619    0.00002   -0.00022     4.6927     4.7447     4.0986     4.0994    34.9736    34.9720    27.7548    27.7535    1497.74    203.917    206.177         30 0.0000e+00
      79141   3297.488   2370.793   2400.000     4.3116     4.3125   3.383385   3.383316     1.8315     1.5235      79.39   26.22150  -85.66509   -0.00028   -0.00008     4.6911     4.7461     4.0983     4.0992    34.9732    34.9715    27.7546    27.7531    1497.74    203.845    206.240         32 0.0000e+00
      79174   3298.869   2371.775   2401.000     4.3117     4.3127   3.383469   3.383401     1.8315     1.5236     100.56   26.22176  -85.66594   -0.00013    0.00003     4.6917     4.7473     4.0984     4.0993    34.9737    34.9719    27.7549    27.7534    1497.76    203.872    206.289         31 0.0000e+00
      79295   3303.936   2376.686   2406.000     4.3120     4.3129   3.383672   3.383604     1.8314     1.5229      99.57   26.22159  -85.66537   -0.00003   -0.00011     4.6943     4.7473     4.0981     4.0990    34.9734    34.9718    27.7547    27.7533    1497.78    203.988    206.288         31 0.0000e+00
      79453   3310.494   2382.580   2412.000     4.3124     4.3133   3.383957   3.383892     1.8302     1.5219     100.00   26.22171  -85.66578   -0.00006   -0.00023     4.6929     4.7462     4.0978     4.0987    34.9736    34.9720    27.7549    27.7535    1497.81    203.925    206.242         33 0.0000e+00
      79577   3315.654   2387.491   2417.000     4.3128     4.3137   3.384162   3.384096     1.8294     1.5216      90.14   26.22149  -85.66507   -0.00011   -0.00002     4.6925     4.7478     4.0977     4.0986    34.9734    34.9716    27.7547    27.7533    1497.81    203.907    206.309         30 0.0000e+00
      79611   3317.098   2388.474   2418.000     4.3129     4.3137   3.384235   3.384167     1.8293     1.5214     100.11   26.22176  -85.66594   -0.00023   -0.00004     4.6925     4.7475     4.0977     4.0985    34.9737    34.9720    27.7550    27.7535    1497.83    203.910    206.297         37 0.0000e+00
      79732   3322.124   2393.384   2423.000     4.3132     4.3141   3.384425   3.384357     1.8284     1.5209     100.00   26.22142  -85.66484   -0.00031   -0.00010     4.6917     4.7484     4.0975     4.0983    34.9733    34.9716    27.7547    27.7532    1497.84    203.871    206.337         31 0.0000e+00
      79767   3323.574   2394.367   2424.000     4.3133     4.3142   3.384516   3.384440     1.8281     1.5204     100.00   26.22176  -85.66594   -0.00009   -0.00020     4.6909     4.7465     4.0975     4.0983    34.9737    34.9720    27.7551    27.7535    1497.86    203.839    206.253         35 0.0000e+00
      79891   3328.730   2399.278   2429.000     4.3134     4.3143   3.384689   3.384616     1.8279     1.5198      90.94   26.22144  -85.66488    0.00001   -0.00011     4.6931     4.7468     4.0970     4.0980    34.9734    34.9716    27.7548    27.7533    1497.86    203.935    206.267         32 0.0000e+00
      79923   3330.090   2400.260   2430.000     4.3136     4.3145   3.384771   3.384710     1.8278     1.5197     100.19   26.22176  -85.66592   -0.00007   -0.00011     4.6936     4.7470     4.0971     4.0980    34.9737    34.9721    27.7551    27.7537    1497.89    203.956    206.275         30 0.0000e+00
      80073   3336.351   2406.153   2436.000     4.3138     4.3146   3.385011   3.384943     1.8266     1.5182     100.00   26.22157  -85.66530   -0.00038   -0.00024     4.6919     4.7436     4.0967     4.0975    34.9735    34.9719    27.7550    27.7536    1497.90    203.883    206.129         31 0.0000e+00
      80105   3337.664   2407.135   2437.000     4.3139     4.3148   3.385080   3.385012     1.8266     1.5178     100.00   26.22176  -85.66592   -0.00025   -0.00031     4.6926     4.7424     4.0967     4.0975    34.9738    34.9721    27.7552    27.7538    1497.91    203.910    206.076         30 0.0000e+00
      80230   3342.864   2412.046   2442.000     4.3144     4.3152   3.385297   3.385233     1.8261     1.5177     100.00   26.22167  -85.66564   -0.00011   -0.00003     4.6934     4.7452     4.0966     4.0974    34.9736    34.9719    27.7550    27.7536    1497.94    203.946    206.199         35 0.0000e+00
      80589   3357.820   2425.795   2456.000     4.3151     4.3160   3.385893   3.385837     1.8235     1.5163      97.23   26.22150  -85.66504   -0.00043   -0.00009     4.6908     4.7471     4.0958     4.0967    34.9734    34.9718    27.7550    27.7536    1497.98    203.836    206.279         30 0.0000e+00
      80620   3359.133   2426.777   2457.000     4.3152     4.3161   3.385987   3.385920     1.8233     1.5159      71.03   26.22176  -85.66590   -0.00031   -0.00011     4.6905     4.7461     4.0958     4.0967    34.9739    34.9722    27.7554    27.7539    1498.00    203.819    206.237         30 0.0000e+00
      80748   3364.444   2431.687   2462.000     4.3154     4.3163   3.386202   3.386131     1.8229     1.5152     100.00   26.22181  -85.66608   -0.00004   -0.00017     4.6918     4.7458     4.0955     4.0964    34.9739    34.9722    27.7554    27.7539    1498.02    203.877    206.226         34 0.0000e+00
      80874   3369.719   2436.597   2467.000     4.3158     4.3167   3.386393   3.386330     1.8221     1.5141     100.00   26.22152  -85.66510   -0.00016   -0.00021     4.6915     4.7437     4.0953     4.0962    34.9735    34.9719    27.7551    27.7537    1498.03    203.864    206.131         37 0.0000e+00
      80997   3374.854   2441.507   2472.000     4.3163     4.3172   3.386625   3.386565     1.8217     1.5140     100.00   26.22143  -85.66482   -0.00010   -0.00001     4.6928     4.7462     4.0953     4.0962    34.9734    34.9717    27.7550    27.7536    1498.05    203.923    206.240         30 0.0000e+00
      81033   3376.319   2442.489   2473.000     4.3164     4.3174   3.386716   3.386644     1.8216     1.5137      91.73   26.22176  -85.66588   -0.00008   -0.00006     4.6930     4.7455     4.0953     4.0963    34.9739    34.9721    27.7554    27.7539    1498.07    203.930    206.210         37 0.0000e+00
      81186   3382.729   2448.381   2479.000     4.3171     4.3180   3.387023   3.386954     1.8206     1.5128     100.00   26.22192  -85.66639   -0.00016   -0.00020     4.6922     4.7451     4.0953     4.0963    34.9741    34.9723    27.7556    27.7541    1498.11    203.894    206.192         33 0.0000e+00
      81312   3387.952   2453.291   2484.000     4.3170     4.3180   3.387180   3.387111     1.8200     1.5117     100.00   26.22155  -85.66517   -0.00014   -0.00031     4.6926     4.7429     4.0948     4.0957    34.9737    34.9719    27.7553    27.7538    1498.11    203.911    206.100         30 0.0000e+00
      81828   3409.460   2472.928   2504.000     4.3184     4.3194   3.388078   3.388018     1.8165     1.5091     100.00   26.22159  -85.66539   -0.00017   -0.00004     4.6896     4.7428     4.0939     4.0949    34.9737    34.9720    27.7554    27.7539    1498.20    203.783    206.093         30 0.0000e+00
