GOMECC/GOMECC-4/1db/drb2103_0801.cnv
* Sea-Bird SBE 9 Data File:
* FileName = C:\Users\scs.user.rb\CTD\GOMECC4\data\rb2103_0801.hex
* Software Version Seasave V 7.26.7.107
* Temperature SN = 4799
* Conductivity SN = 3860
* Number of Bytes Per Scan = 41
* Number of Voltage Words = 4
* Number of Scans Averaged by the Deck Unit = 1
* NMEA Latitude = 22 16.43 N
* NMEA Longitude = 096 46.23 W
* NMEA UTC (Time) = Oct 06 2021  09:45:19
* NMEA baud rate = 4800
# nquan = 28
# nvalues = 390                         
# units = specified
# name 0 = scan: Scan Count
# name 1 = timeS: Time, Elapsed [seconds]
# name 2 = depSM: Depth [salt water, m]
# name 3 = prDM: Pressure, Digiquartz [db]
# name 4 = t090C: Temperature [ITS-90, deg C]
# name 5 = t190C: Temperature, 2 [ITS-90, deg C]
# name 6 = c0S/m: Conductivity [S/m]
# name 7 = c1S/m: Conductivity, 2 [S/m]
# name 8 = sbeox0V: Oxygen raw, SBE 43 [V]
# name 9 = sbeox1V: Oxygen raw, SBE 43, 2 [V]
# name 10 = altM: Altimeter [m]
# name 11 = latitude: Latitude [deg]
# name 12 = longitude: Longitude [deg]
# name 13 = sbox0dV/dT: Oxygen, SBE 43 [dov/dt]
# name 14 = sbox1dV/dT: Oxygen, SBE 43, 2 [dov/dt]
# name 15 = sbeox0ML/L: Oxygen, SBE 43 [ml/l], WS = 5
# name 16 = sbeox1ML/L: Oxygen, SBE 43, 2 [ml/l], WS = 5
# name 17 = potemp090C: Potential Temperature [ITS-90, deg C]
# name 18 = potemp190C: Potential Temperature, 2 [ITS-90, deg C]
# name 19 = sal00: Salinity, Practical [PSU]
# name 20 = sal11: Salinity, Practical, 2 [PSU]
# name 21 = sigma-é00: Density [sigma-theta, kg/m^3]
# name 22 = sigma-é11: Density, 2 [sigma-theta, kg/m^3]
# name 23 = avgsvCM: Average Sound Velocity [Chen-Millero, m/s], minP = 20, minS = 20
# name 24 = sbox0Mm/Kg: Oxygen, SBE 43 [umol/kg], WS = 5
# name 25 = sbox1Mm/Kg: Oxygen, SBE 43, 2 [umol/kg], WS = 5
# name 26 = nbin: number of scans per bin
# name 27 = flag: flag
# span 0 =       8237,      63476       
# span 1 =    343.165,   2644.790       
# span 2 =      3.975,   2014.466       
# span 3 =      4.000,   2037.000       
# span 4 =     4.2662,    29.4397       
# span 5 =     4.2667,    29.4413       
# span 6 =   3.341238,   5.932514       
# span 7 =   3.341201,   5.932833       
# span 8 =     1.5763,     3.1869       
# span 9 =     1.2809,     2.7203       
# span 10 =      10.25,     101.56      
# span 11 =   22.23052,   22.36030      
# span 12 =  -97.14589,  -96.58208      
# span 13 =   -0.06339,    0.06281      
# span 14 =   -0.05978,    0.06544      
# span 15 =     2.4196,     4.8182      
# span 16 =     2.4475,     4.8354      
# span 17 =     4.1052,    29.4373      
# span 18 =     4.1058,    29.4389      
# span 19 =    34.9051,    36.4639      
# span 20 =    34.9045,    36.4652      
# span 21 =    22.7046,    27.7536      
# span 22 =    22.7048,    27.7526      
# span 23 =       0.00,    1545.61      
# span 24 =    105.216,    210.039      
# span 25 =    106.428,    210.789      
# span 26 =         30,         69      
# span 27 = 0.0000e+00, 0.0000e+00      
# interval = decibars: 1                
# start_time = Oct 06 2021 09:45:19 [NMEA time, header]
# bad_flag = -9.990e-29
*END*
[from data line 259]
      46788   1949.466   1419.165   1433.000     4.3121     4.3125   3.343829   3.343812     1.9622     1.6398     100.00   22.27394  -96.77084   -0.00002 4.3944e-07     4.6247     4.6559     4.1946     4.1950    34.9679    34.9672    27.7401    27.7395    1496.71    200.963    202.322         33 0.0000e+00
      46906   1954.363   1424.100   1438.000     4.3068     4.3073   3.343535   3.343520     1.9618     1.6398     100.00   22.27356  -96.76918   -0.00009    0.00000     4.6271     4.6597     4.1889     4.1894    34.9675    34.9668    27.7404    27.7397    1496.66    201.069    202.485         42 0.0000e+00
      47061   1960.839   1430.022   1444.000     4.3037     4.3040   3.343556   3.343513     1.9615     1.6398     100.00   22.27376  -96.77007   -0.00008   -0.00001     4.6301     4.6637     4.1853     4.1855    34.9681    34.9673    27.7412    27.7406    1496.66    201.197    202.658         30 0.0000e+00
      47738   1989.032   1455.680   1470.000     4.2963     4.2971   3.344089   3.344099     1.9614     1.6398      99.96   22.27430  -96.77241   -0.00022   -0.00002     4.6461     4.6805     4.1755     4.1763    34.9694    34.9687    27.7433    27.7427    1496.60    201.895    203.387         31 0.0000e+00
      47863   1994.269   1460.614   1475.000     4.2922     4.2927   3.343935   3.343911     1.9608     1.6386     100.00   22.27415  -96.77174   -0.00007   -0.00036     4.6476     4.6792     4.1711     4.1715    34.9694    34.9687    27.7438    27.7431    1496.58    201.957    203.330         33 0.0000e+00
      48198   2008.226   1473.442   1488.000     4.2892     4.2896   3.344191   3.344168     1.9608     1.6386     100.00   22.27391  -96.77070    0.00001    0.00001     4.6558     4.6874     4.1669     4.1673    34.9692    34.9685    27.7441    27.7435    1496.53    202.314    203.689         30 0.0000e+00
      48351   2014.577   1479.362   1494.000     4.2882     4.2887   3.344323   3.344309     1.9596     1.6378     100.00   22.27364  -96.76954   -0.00028   -0.00004     4.6550     4.6880     4.1653     4.1658    34.9689    34.9682    27.7440    27.7434    1496.49    202.282    203.713         32 0.0000e+00
      48383   2015.914   1480.349   1495.000     4.2883     4.2887   3.344419   3.344391     1.9596     1.6376     100.00   22.27394  -96.77084   -0.00021   -0.00028     4.6556     4.6879     4.1653     4.1657    34.9695    34.9687    27.7444    27.7438    1496.51    202.306    203.709         30 0.0000e+00
      48534   2022.220   1486.269   1501.000     4.2886     4.2893   3.344715   3.344700     1.9590     1.6371     100.00   22.27407  -96.77141   -0.00012   -0.00004     4.6570     4.6893     4.1651     4.1657    34.9696    34.9688    27.7446    27.7439    1496.51    202.365    203.772         31 0.0000e+00
      48717   2029.817   1493.176   1508.000     4.2892     4.2899   3.345044   3.345034     1.9579     1.6361      96.13   22.27398  -96.77105   -0.00015   -0.00002     4.6571     4.6894     4.1650     4.1657    34.9694    34.9686    27.7445    27.7438    1496.48    202.369    203.775         36 0.0000e+00
      48868   2036.130   1499.096   1514.000     4.2886     4.2893   3.345217   3.345211     1.9571     1.6348     100.00   22.27377  -96.77012   -0.00007   -0.00013     4.6576     4.6878     4.1638     4.1645    34.9692    34.9684    27.7444    27.7437    1496.45    202.394    203.706         36 0.0000e+00
      48902   2037.545   1500.082   1515.000     4.2882     4.2889   3.345254   3.345247     1.9567     1.6346     100.00   22.27394  -96.77086   -0.00009   -0.00011     4.6568     4.6875     4.1634     4.1640    34.9696    34.9688    27.7447    27.7440    1496.46    202.360    203.693         30 0.0000e+00
      49020   2042.446   1505.015   1520.000     4.2870     4.2875   3.345306   3.345289     1.9558     1.6342      84.66   22.27358  -96.76931   -0.00014   -0.00013     4.6566     4.6892     4.1617     4.1622    34.9690    34.9683    27.7444    27.7438    1496.43    202.348    203.769         30 0.0000e+00
      49051   2043.757   1506.002   1521.000     4.2869     4.2874   3.345389   3.345373     1.9560     1.6339      95.33   22.27394  -96.77086   -0.00005   -0.00007     4.6578     4.6886     4.1615     4.1620    34.9696    34.9689    27.7450    27.7443    1496.45    202.400    203.740         31 0.0000e+00
      49202   2050.049   1511.921   1527.000     4.2863     4.2864   3.345576   3.345509     1.9558     1.6337     100.00   22.27379  -96.77022   -0.00005   -0.00009     4.6610     4.6917     4.1604     4.1604    34.9694    34.9686    27.7449    27.7443    1496.42    202.539    203.877         30 0.0000e+00
      49233   2051.346   1512.908   1528.000     4.2853     4.2855   3.345537   3.345500     1.9558     1.6337     100.00   22.27394  -96.77086   -0.00004   -0.00006     4.6614     4.6923     4.1592     4.1594    34.9696    34.9690    27.7452    27.7447    1496.43    202.559    203.902         30 0.0000e+00
      49540   2064.125   1524.746   1540.000     4.2863     4.2867   3.346131   3.346101     1.9539     1.6320     100.00   22.27394  -96.77089   -0.00016   -0.00013     4.6617     4.6927     4.1591     4.1595    34.9697    34.9689    27.7453    27.7446    1496.40    202.572    203.917         31 0.0000e+00
      49875   2078.092   1537.570   1553.000     4.2869     4.2873   3.346739   3.346713     1.9523     1.6301     100.00   22.27403  -96.77128   -0.00007   -0.00004     4.6631     4.6925     4.1585     4.1589    34.9698    34.9691    27.7455    27.7449    1496.39    202.634    203.910         33 0.0000e+00
      50336   2097.300   1555.325   1571.000     4.2878     4.2883   3.347520   3.347490     1.9489     1.6273      86.71   22.27359  -96.76933   -0.00024   -0.00022     4.6613     4.6919     4.1577     4.1582    34.9692    34.9684    27.7451    27.7444    1496.33    202.552    203.882         33 0.0000e+00
      50370   2098.710   1556.311   1572.000     4.2880     4.2885   3.347622   3.347605     1.9488     1.6270     100.65   22.27394  -96.77086   -0.00022   -0.00020     4.6614     4.6911     4.1578     4.1583    34.9698    34.9691    27.7455    27.7449    1496.34    202.560    203.847         30 0.0000e+00
      51165   2131.853   1586.886   1603.000     4.2904     4.2908   3.349121   3.349102     1.9438     1.6216     100.00   22.27393  -96.77083   -0.00010   -0.00033     4.6606     4.6876     4.1572     4.1577    34.9698    34.9691    27.7455    27.7449    1496.30    202.524    203.696         30 0.0000e+00
      51345   2139.339   1593.789   1610.000     4.2905     4.2910   3.349446   3.349411     1.9427     1.6213     100.00   22.27400  -96.77116   -0.00015   -0.00002     4.6607     4.6906     4.1567     4.1572    34.9700    34.9691    27.7458    27.7450    1496.29    202.528    203.826         31 0.0000e+00
      51526   2146.867   1600.692   1617.000     4.2880     4.2884   3.349496   3.349463     1.9417     1.6204     100.00   22.27385  -96.77051   -0.00003    0.00004     4.6617     4.6916     4.1536     4.1540    34.9699    34.9691    27.7460    27.7453    1496.27    202.572    203.872         41 0.0000e+00
      51674   2153.022   1606.609   1623.000     4.2886     4.2891   3.349758   3.349736     1.9414     1.6200     100.00   22.27352  -96.76904   -0.00000    0.00001     4.6641     4.6935     4.1536     4.1541    34.9694    34.9686    27.7456    27.7450    1496.25    202.677    203.954         32 0.0000e+00
      51709   2154.481   1607.595   1624.000     4.2888     4.2892   3.349864   3.349847     1.9414     1.6192     100.00   22.27394  -96.77088    0.00000   -0.00023     4.6646     4.6905     4.1536     4.1541    34.9700    34.9693    27.7461    27.7455    1496.28    202.699    203.821         34 0.0000e+00
      52094   2170.550   1622.386   1639.000     4.2869     4.2875   3.350352   3.350337     1.9390     1.6179     100.00   22.27403  -96.77125   -0.00011   -0.00012     4.6648     4.6945     4.1504     4.1510    34.9704    34.9696    27.7468    27.7461    1496.27    202.705    203.997         31 0.0000e+00
      52216   2175.613   1627.316   1644.000     4.2860     4.2865   3.350425   3.350403     1.9384     1.6170      86.11   22.27360  -96.76941   -0.00008   -0.00019     4.6657     4.6941     4.1491     4.1495    34.9697    34.9690    27.7464    27.7457    1496.24    202.744    203.980         30 0.0000e+00
      52249   2176.998   1628.302   1645.000     4.2856     4.2862   3.350476   3.350461     1.9385     1.6167      99.25   22.27394  -96.77087    0.00003   -0.00025     4.6665     4.6933     4.1485     4.1491    34.9703    34.9695    27.7469    27.7462    1496.26    202.778    203.944         34 0.0000e+00
      52398   2183.209   1634.218   1651.000     4.2861     4.2865   3.350735   3.350712     1.9380     1.6167     100.00   22.27373  -96.76995   -0.00008    0.00003     4.6681     4.6972     4.1484     4.1489    34.9700    34.9692    27.7466    27.7460    1496.24    202.849    204.113         34 0.0000e+00
      52433   2184.670   1635.204   1652.000     4.2865     4.2869   3.350840   3.350813     1.9378     1.6166     100.00   22.27394  -96.77086   -0.00008   -0.00002     4.6682     4.6973     4.1487     4.1492    34.9703    34.9695    27.7469    27.7462    1496.25    202.851    204.119         33 0.0000e+00
      52547   2189.431   1640.134   1657.000     4.2850     4.2853   3.350827   3.350785     1.9370     1.6158     100.00   22.27324  -96.76780   -0.00021   -0.00024     4.6682     4.6970     4.1468     4.1471    34.9693    34.9685    27.7463    27.7456    1496.20    202.853    204.106         33 0.0000e+00
      52587   2191.091   1641.120   1658.000     4.2847     4.2852   3.350938   3.350916     1.9367     1.6154     100.00   22.27394  -96.77086   -0.00018   -0.00018     4.6677     4.6963     4.1464     4.1469    34.9704    34.9697    27.7472    27.7466    1496.25    202.834    204.073         39 0.0000e+00
      52735   2197.240   1647.036   1664.000     4.2839     4.2842   3.351117   3.351057     1.9362     1.6147     100.00   22.27384  -96.77041   -0.00006   -0.00018     4.6694     4.6971     4.1451     4.1454    34.9704    34.9694    27.7473    27.7465    1496.23    202.904    204.109         33 0.0000e+00
      52915   2204.752   1653.937   1671.000     4.2821     4.2824   3.351229   3.351188     1.9353     1.6145      97.99   22.27375  -96.77003   -0.00010    0.00000     4.6705     4.7008     4.1426     4.1429    34.9703    34.9695    27.7475    27.7468    1496.23    202.951    204.270         32 0.0000e+00
      52948   2206.130   1654.923   1672.000     4.2827     4.2833   3.351354   3.351329     1.9355     1.6143      63.50   22.27394  -96.77086 6.5787e-07   -0.00016     4.6716     4.7005     4.1431     4.1437    34.9706    34.9697    27.7477    27.7470    1496.24    203.000    204.257         31 0.0000e+00
      53042   2210.026   1658.866   1676.000     4.2829     4.2833   3.351490   3.351454     1.9351     1.6131     100.00   22.27357  -96.76927   -0.00005   -0.00027     4.6729     4.6979     4.1429     4.1433    34.9700    34.9692    27.7473    27.7465    1496.22    203.057    204.146         30 0.0000e+00
      53074   2211.364   1659.852   1677.000     4.2833     4.2839   3.351618   3.351600     1.9351     1.6129     100.00   22.27394  -96.77086   -0.00007   -0.00041     4.6732     4.6974     4.1432     4.1438    34.9706    34.9698    27.7477    27.7470    1496.24    203.071    204.122         31 0.0000e+00
      53276   2219.805   1667.739   1685.000     4.2839     4.2848   3.351986   3.352009     1.9343     1.6128     100.00   22.27387  -96.77054   -0.00007   -0.00003     4.6747     4.7017     4.1431     4.1439    34.9705    34.9698    27.7476    27.7470    1496.23    203.136    204.307         30 0.0000e+00
      53485   2228.499   1675.625   1693.000     4.2826     4.2826   3.352212   3.352143     1.9328     1.6115     100.00   22.27393  -96.77082   -0.00011   -0.00004     4.6740     4.7015     4.1409     4.1410    34.9707    34.9699    27.7480    27.7473    1496.23    203.105    204.302         31 0.0000e+00
      53637   2234.853   1681.540   1699.000     4.2813     4.2816   3.352318   3.352277     1.9319     1.6106     100.00   22.27372  -96.76989   -0.00013   -0.00005     4.6746     4.7014     4.1391     4.1394    34.9704    34.9696    27.7480    27.7473    1496.21    203.130    204.295         35 0.0000e+00
      53672   2236.288   1682.526   1700.000     4.2814     4.2813   3.352405   3.352336     1.9317     1.6106     100.00   22.27394  -96.77086   -0.00015    0.00000     4.6744     4.7021     4.1391     4.1390    34.9708    34.9702    27.7483    27.7478    1496.23    203.122    204.327         30 0.0000e+00
      53788   2241.138   1687.454   1705.000     4.2779     4.2783   3.352248   3.352212     1.9315     1.6104     100.00   22.27344  -96.76871   -0.00005   -0.00003     4.6770     4.7050     4.1352     4.1356    34.9702    34.9694    27.7482    27.7476    1496.20    203.236    204.451         32 0.0000e+00
      53824   2242.619   1688.440   1706.000     4.2776     4.2783   3.352329   3.352320     1.9314     1.6103      88.49   22.27394  -96.77086   -0.00005   -0.00005     4.6771     4.7051     4.1348     4.1355    34.9710    34.9702    27.7489    27.7482    1496.23    203.240    204.457         35 0.0000e+00
      53945   2247.649   1693.369   1711.000     4.2762     4.2767   3.352363   3.352341     1.9313     1.6100     100.00   22.27356  -96.76920    0.00001   -0.00014     4.6801     4.7070     4.1329     4.1334    34.9705    34.9697    27.7487    27.7480    1496.20    203.370    204.540         30 0.0000e+00
      53979   2249.084   1694.354   1712.000     4.2763     4.2768   3.352462   3.352445     1.9316     1.6100     100.00   22.27394  -96.77086    0.00009   -0.00003     4.6819     4.7078     4.1329     4.1334    34.9711    34.9704    27.7492    27.7486    1496.23    203.448    204.573         36 0.0000e+00
      54105   2254.319   1699.283   1717.000     4.2759     4.2763   3.352622   3.352579     1.9309     1.6099      95.81   22.27380  -96.77023   -0.00018   -0.00010     4.6822     4.7105     4.1320     4.1324    34.9710    34.9701    27.7492    27.7484    1496.22    203.462    204.691         31 0.0000e+00
      54315   2263.093   1707.168   1725.000     4.2731     4.2735   3.352727   3.352694     1.9304     1.6092     100.00   22.27383  -96.77039   -0.00000   -0.00002     4.6855     4.7127     4.1286     4.1290    34.9712    34.9704    27.7498    27.7491    1496.22    203.606    204.785         30 0.0000e+00
      54346   2264.366   1708.154   1726.000     4.2730     4.2735   3.352763   3.352740     1.9304     1.6092     100.00   22.27394  -96.77086    0.00004    0.00004     4.6860     4.7133     4.1283     4.1288    34.9713    34.9705    27.7499    27.7492    1496.23    203.628    204.814         30 0.0000e+00
      54499   2270.770   1714.068   1732.000     4.2722     4.2727   3.352945   3.352923     1.9299     1.6087     100.00   22.27393  -96.77084   -0.00012   -0.00009     4.6880     4.7148     4.1269     4.1275    34.9714    34.9706    27.7501    27.7494    1496.23    203.712    204.878         30 0.0000e+00
      54683   2278.414   1720.967   1739.000     4.2701     4.2705   3.353055   3.353020     1.9292     1.6083     100.00   22.27391  -96.77075   -0.00012   -0.00013     4.6900     4.7179     4.1242     4.1247    34.9716    34.9707    27.7505    27.7497    1496.23    203.799    205.013         31 0.0000e+00
      54714   2279.725   1721.952   1740.000     4.2701     4.2706   3.353102   3.353074     1.9293     1.6081     100.00   22.27394  -96.77086   -0.00002   -0.00014     4.6907     4.7176     4.1241     4.1246    34.9716    34.9707    27.7505    27.7498    1496.23    203.832    204.999         30 0.0000e+00
