GOMECC/GOMECC-4/1db/drb2103_1061.cnv
* Sea-Bird SBE 9 Data File:
* FileName = C:\Users\scs.user.rb\CTD\GOMECC4\data\rb2103_1061.hex
* Software Version Seasave V 7.26.7.107
* Temperature SN = 4799
* Conductivity SN = 3860
* Number of Bytes Per Scan = 41
* Number of Voltage Words = 4
* Number of Scans Averaged by the Deck Unit = 1
* NMEA Latitude = 26 00.02 N
* NMEA Longitude = 088 00.00 W
* NMEA UTC (Time) = Oct 13 2021  21:11:53
* NMEA baud rate = 4800
# nquan = 28
# nvalues = 628                         
# units = specified
# name 0 = scan: Scan Count
# name 1 = timeS: Time, Elapsed [seconds]
# name 2 = depSM: Depth [salt water, m]
# name 3 = prDM: Pressure, Digiquartz [db]
# name 4 = t090C: Temperature [ITS-90, deg C]
# name 5 = t190C: Temperature, 2 [ITS-90, deg C]
# name 6 = c0S/m: Conductivity [S/m]
# name 7 = c1S/m: Conductivity, 2 [S/m]
# name 8 = sbeox0V: Oxygen raw, SBE 43 [V]
# name 9 = sbeox1V: Oxygen raw, SBE 43, 2 [V]
# name 10 = altM: Altimeter [m]
# name 11 = latitude: Latitude [deg]
# name 12 = longitude: Longitude [deg]
# name 13 = sbox0dV/dT: Oxygen, SBE 43 [dov/dt]
# name 14 = sbox1dV/dT: Oxygen, SBE 43, 2 [dov/dt]
# name 15 = sbeox0ML/L: Oxygen, SBE 43 [ml/l], WS = 5
# name 16 = sbeox1ML/L: Oxygen, SBE 43, 2 [ml/l], WS = 5
# name 17 = potemp090C: Potential Temperature [ITS-90, deg C]
# name 18 = potemp190C: Potential Temperature, 2 [ITS-90, deg C]
# name 19 = sal00: Salinity, Practical [PSU]
# name 20 = sal11: Salinity, Practical, 2 [PSU]
# name 21 = sigma-é00: Density [sigma-theta, kg/m^3]
# name 22 = sigma-é11: Density, 2 [sigma-theta, kg/m^3]
# name 23 = avgsvCM: Average Sound Velocity [Chen-Millero, m/s], minP = 20, minS = 20
# name 24 = sbox0Mm/Kg: Oxygen, SBE 43 [umol/kg], WS = 5
# name 25 = sbox1Mm/Kg: Oxygen, SBE 43, 2 [umol/kg], WS = 5
# name 26 = nbin: number of scans per bin
# name 27 = flag: flag
# span 0 =      10771,      97200       
# span 1 =    448.739,   4049.953       
# span 2 =      3.974,   3015.255       
# span 3 =      4.000,   3057.000       
# span 4 =     4.2998,    29.6461       
# span 5 =     4.3006,    29.6476       
# span 6 =   3.354731,   5.986186       
# span 7 =   3.354714,   5.986539       
# span 8 =     1.5822,     3.1810       
# span 9 =     1.2836,     2.6948       
# span 10 =      11.01,     101.80      
# span 11 =   25.98943,   26.00253      
# span 12 =  -88.00697,  -87.96280      
# span 13 =   -0.01005,    0.00877      
# span 14 =   -0.00961,    0.00753      
# span 15 =     2.5095,     4.7134      
# span 16 =     2.5247,     4.7114      
# span 17 =     4.0794,    29.6442      
# span 18 =     4.0804,    29.6454      
# span 19 =    34.9033,    36.9656      
# span 20 =    34.9027,    36.9666      
# span 21 =    22.8099,    27.7595      
# span 22 =    22.8103,    27.7582      
# span 23 =       0.00,    1559.53      
# span 24 =    109.112,    204.817      
# span 25 =    109.775,    204.729      
# span 26 =         30,         68      
# span 27 = 0.0000e+00, 0.0000e+00      
# interval = decibars: 1                
# start_time = Oct 13 2021 21:11:53 [NMEA time, header]
# bad_flag = -9.990e-29
*END*
[from data line 52]
      14813    617.183     55.629     56.000    29.5511    29.5528   5.978881   5.979247     3.1449     2.6588      94.79   26.00048  -88.00016   -0.00047    0.00064     4.3447     4.3244    29.5373    29.5390    36.2905    36.2918    22.8520    22.8524    1546.58    189.699    188.811         52 0.0000e+00
      14872    619.639     56.622     57.000    29.5418    29.5442   5.977445   5.977862     3.1438     2.6602     100.12   26.00048  -88.00016   -0.00065    0.00143     4.3433     4.3296    29.5278    29.5302    36.2892    36.2903    22.8542    22.8543    1546.58    189.637    189.040         61 0.0000e+00
      14928    621.964     57.615     58.000    29.5084    29.5114   5.973407   5.973903     3.1476     2.6600      77.49   26.00048  -88.00016    0.00115   -0.00054     4.3540     4.3308    29.4942    29.4971    36.2846    36.2858    22.8622    22.8621    1546.59    190.103    189.092         54 0.0000e+00
      14984    624.277     58.608     59.000    29.4580    29.4617   5.967216   5.967784     3.1514     2.6626      99.46   26.00048  -88.00016    0.00132    0.00081     4.3653     4.3397    29.4435    29.4472    36.2801    36.2811    22.8760    22.8755    1546.60    190.593    189.478         59 0.0000e+00
      15044    626.808     59.601     60.000    29.3066    29.3146   5.948305   5.949294     3.1609     2.6725     100.00   26.00048  -88.00016    0.00338    0.00286     4.3949     4.3714    29.2919    29.3000    36.2641    36.2648    22.9153    22.9131    1546.60    191.880    190.852         55 0.0000e+00
      15097    628.991     60.594     61.000    29.0954    29.1012   5.922301   5.923143     3.1758     2.6875     100.00   26.00046  -88.00016    0.00547    0.00564     4.4389     4.4173    29.0806    29.0863    36.2450    36.2459    22.9722    22.9708    1546.59    193.791    192.846         58 0.0000e+00
      15157    631.490     61.587     62.000    29.0124    29.0144   5.912967   5.913393     3.1810     2.6941     100.00   26.00046  -88.00016    0.00413    0.00483     4.4557     4.4380    28.9973    28.9993    36.2426    36.2440    22.9983    22.9987    1546.58    194.519    193.745         57 0.0000e+00
      15211    633.767     62.581     63.000    28.9950    28.9966   5.911413   5.911788     3.1796     2.6915      93.57   26.00046  -88.00015   -0.00010   -0.00067     4.4550     4.4345    28.9797    28.9813    36.2447    36.2461    23.0058    23.0064    1546.57    194.487    193.589         53 0.0000e+00
      15265    636.017     63.574     64.000    28.9692    28.9729   5.908847   5.909309     3.1762     2.6948      99.87   26.00046  -88.00014   -0.00112    0.00071     4.4511     4.4439    28.9545    28.9573    36.2457    36.2467    23.0150    23.0148    1546.56    194.314    193.998         58 0.0000e+00
      15330    638.714     64.567     65.000    28.8980    28.9004   5.900929   5.901367     3.1745     2.6903      94.92   26.00046  -88.00014   -0.00080   -0.00075     4.4540     4.4398    28.8822    28.8847    36.2453    36.2464    23.0389    23.0390    1546.54    194.437    193.814         63 0.0000e+00
      15381    640.851     65.560     66.000    28.8512    28.8551   5.895883   5.896424     3.1736     2.6886      81.75   26.00046  -88.00014   -0.00069   -0.00134     4.4569     4.4405    28.8353    28.8391    36.2455    36.2466    23.0548    23.0543    1546.53    194.560    193.846         47 0.0000e+00
      15438    643.217     66.553     67.000    28.8077    28.8099   5.891406   5.891792     3.1691     2.6859     100.40   26.00046  -88.00014   -0.00149   -0.00100     4.4528     4.4390    28.7915    28.7937    36.2472    36.2482    23.0707    23.0708    1546.52    194.377    193.774         63 0.0000e+00
      15492    645.454     67.547     68.000    28.7855    28.7871   5.889099   5.889456     3.1673     2.6823     100.00   26.00046  -88.00014   -0.00083   -0.00171     4.4518     4.4339    28.7691    28.7707    36.2478    36.2491    23.0786    23.0791    1546.50    194.332    193.553         53 0.0000e+00
      15563    648.402     68.540     69.000    28.7730    28.7745   5.887909   5.888255     3.1652     2.6805     100.00   26.00046  -88.00014   -0.00056   -0.00029     4.4493     4.4316    28.7563    28.7579    36.2488    36.2500    23.0837    23.0841    1546.48    194.224    193.450         40 0.0000e+00
      15668    652.780     70.526     71.000    28.7536    28.7550   5.885519   5.885867     3.1624     2.6759      99.98   25.99540  -87.98301   -0.00090   -0.00074     4.4466     4.4247    28.7365    28.7379    36.2430    36.2443    23.0849    23.0854    1546.16    194.101    193.148         48 0.0000e+00
      15725    655.152     71.519     72.000    28.7536    28.7553   5.886201   5.886551     3.1624     2.6744     100.00   26.00046  -88.00014   -0.00005    0.00033     4.4474     4.4222    28.7363    28.7380    36.2508    36.2519    23.0918    23.0921    1546.45    194.136    193.040         43 0.0000e+00
      15780    657.475     72.513     73.000    28.7262    28.7288   5.883423   5.883846     3.1584     2.6745      99.77   26.00046  -88.00014   -0.00095   -0.00038     4.4426     4.4249    28.7086    28.7112    36.2520    36.2530    23.1020    23.1019    1546.43    193.927    193.153         65 0.0000e+00
      15842    660.031     73.506     74.000    28.6906    28.6927   5.879737   5.880135     3.1504     2.6696     100.00   26.00046  -88.00014   -0.00279   -0.00154     4.4315     4.4182    28.6727    28.6749    36.2533    36.2544    23.1149    23.1150    1546.42    193.437    192.858         47 0.0000e+00
      15889    662.018     74.499     75.000    28.6643    28.6665   5.877036   5.877426     3.1420     2.6614     100.00   26.00046  -88.00014   -0.00368   -0.00312     4.4185     4.4039    28.6463    28.6484    36.2542    36.2552    23.1244    23.1245    1546.41    192.871    192.234         52 0.0000e+00
      15943    664.250     75.492     76.000    28.6433    28.6454   5.875056   5.875436     3.1344     2.6496     100.00   26.00046  -88.00014   -0.00410   -0.00522     4.4069     4.3822    28.6250    28.6271    36.2561    36.2572    23.1330    23.1331    1546.39    192.361    191.283         47 0.0000e+00
      15979    665.737     76.485     77.000    28.6332    28.6344   5.874103   5.874447     3.1316     2.6534     100.00   26.00046  -88.00014   -0.00291   -0.00303     4.4030     4.3911    28.6146    28.6159    36.2569    36.2584    23.1370    23.1377    1546.38    192.192    191.670         31 0.0000e+00
      16013    667.180     77.478     78.000    28.6317    28.6331   5.874009   5.874357     3.1303     2.6534     100.00   26.00044  -88.00014   -0.00171    0.00088     4.4013     4.3918    28.6129    28.6143    36.2571    36.2585    23.1377    23.1383    1546.36    192.119    191.700         41 0.0000e+00
      16060    669.130     78.471     79.000    28.6214    28.6230   5.873064   5.873412     3.1285     2.6550      95.39   26.00044  -88.00014   -0.00104    0.00058     4.3993     4.3962    28.6024    28.6040    36.2581    36.2593    23.1419    23.1423    1546.35    192.027    191.891         44 0.0000e+00
      16119    671.583     80.458     81.000    28.5957    28.5977   5.869932   5.870276     3.1284     2.6461      99.98   25.99316  -87.97552    0.00005   -0.00234     4.4019     4.3805    28.5762    28.5783    36.2505    36.2513    23.1434    23.1434    1545.90    192.142    191.207         30 0.0000e+00
      16157    673.162     81.451     82.000    28.5533    28.5564   5.867154   5.867618     3.1251     2.6433     100.00   26.00044  -88.00014   -0.00062   -0.00293     4.3998     4.3785    28.5336    28.5367    36.2680    36.2689    23.1723    23.1719    1546.31    192.043    191.116         37 0.0000e+00
      16192    674.618     82.444     83.000    28.5084    28.5105   5.862656   5.863047     3.1266     2.6457     100.00   26.00044  -88.00014   -0.00125   -0.00182     4.4050     4.3843    28.4886    28.4906    36.2706    36.2718    23.1892    23.1894    1546.30    192.271    191.364         32 0.0000e+00
      16224    675.938     83.437     84.000    28.4552    28.4576   5.856444   5.856944     3.1315     2.6515     100.00   26.00044  -88.00014    0.00077    0.00166     4.4208     4.4037    28.4331    28.4377    36.2691    36.2703    23.2064    23.2064    1546.29    192.955    192.210         32 0.0000e+00
      16257    677.338     84.430     85.000    28.4309    28.4319   5.854269   5.854555     3.1407     2.6594     100.00   26.00044  -88.00014    0.00385    0.00419     4.4393     4.4219    28.4106    28.4116    36.2707    36.2719    23.2151    23.2158    1546.27    193.763    193.000         35 0.0000e+00
      16292    678.790     85.423     86.000    28.4244    28.4256   5.854656   5.854986     3.1369     2.6541     100.00   26.00044  -88.00014    0.00447    0.00325     4.4332     4.4120    28.4038    28.4050    36.2781    36.2795    23.2230    23.2236    1546.26    193.492    192.568         34 0.0000e+00
      16325    680.161     86.416     87.000    28.4106    28.4128   5.853512   5.853922     3.1204     2.6417     100.00   26.00044  -88.00014   -0.00303   -0.00270     4.4046     4.3881    28.3898    28.3920    36.2804    36.2816    23.2294    23.2295    1546.24    192.244    191.524         33 0.0000e+00
      16357    681.487     87.409     88.000    28.3885    28.3910   5.851493   5.851936     3.1073     2.6261      94.44   26.00044  -88.00014   -0.00966   -0.00896     4.3827     4.3585    28.3674    28.3700    36.2829    36.2841    23.2386    23.2387    1546.23    191.284    190.228         30 0.0000e+00
      16387    682.731     88.402     89.000    28.3813    28.3835   5.850766   5.851223     3.0975     2.6207      94.08   26.00044  -88.00014   -0.01005   -0.00932     4.3658     4.3485    28.3601    28.3622    36.2830    36.2845    23.2411    23.2416    1546.21    190.547    189.792         30 0.0000e+00
      16420    684.124     89.395     90.000    28.3800    28.3814   5.850686   5.851023     3.0935     2.6173      99.91   26.00044  -88.00014   -0.00725   -0.00577     4.3590     4.3422    28.3585    28.3599    36.2831    36.2844    23.2417    23.2423    1546.20    190.252    189.517         38 0.0000e+00
      16459    685.757     90.388     91.000    28.3791    28.3803   5.850619   5.850947     3.0905     2.6138     100.00   26.00044  -88.00014   -0.00332   -0.00229     4.3541     4.3356    28.3573    28.3586    36.2831    36.2844    23.2421    23.2427    1546.19    190.038    189.231         38 0.0000e+00
      16549    689.520     93.368     94.000    28.3359    28.3403   5.846124   5.846717     3.0842     2.6112      99.99   25.99646  -87.98666   -0.00108    0.00016     4.3473     4.3345    28.3134    28.3179    36.2812    36.2819    23.2544    23.2535    1545.91    189.735    189.178         33 0.0000e+00
      16587    691.089     94.360     95.000    28.2932    28.2947   5.842915   5.843249     3.0784     2.6048     100.00   26.00044  -88.00014   -0.00312   -0.00207     4.3403     4.3253    28.2706    28.2721    36.2938    36.2950    23.2788    23.2792    1546.14    189.428    188.773         37 0.0000e+00
      16623    692.563     95.354     96.000    28.2293    28.2321   5.836814   5.837261     3.0702     2.5980     100.00   26.00044  -88.00014   -0.00453   -0.00393     4.3305     4.3163    28.2065    28.2093    36.2997    36.3007    23.3045    23.3043    1546.13    188.994    188.374         33 0.0000e+00
      16654    693.866     96.347     97.000    28.1539    28.1564   5.829511   5.829911     3.0623     2.5870     100.00   26.00044  -88.00014   -0.00538   -0.00565     4.3220     4.2994    28.1308    28.1334    36.3062    36.3070    23.3343    23.3341    1546.11    188.620    187.634         31 0.0000e+00
      16686    695.206     97.340     98.000    28.0957    28.0976   5.823934   5.824327     3.0536     2.5824     100.00   26.00044  -88.00014   -0.00603   -0.00625     4.3108     4.2946    28.0724    28.0744    36.3115    36.3127    23.3574    23.3578    1546.10    188.127    187.420         34 0.0000e+00
      16722    696.696     98.333     99.000    28.0553    28.0582   5.819345   5.819835     3.0464     2.5773     100.00   26.00044  -88.00014   -0.00600   -0.00445     4.3011     4.2875    28.0318    28.0347    36.3099    36.3112    23.3696    23.3696    1546.08    187.701    187.107         35 0.0000e+00
      16778    699.040    100.319    101.000    27.8451    27.8471   5.795217   5.795672     3.0231     2.5550      99.98   25.99420  -87.97895   -0.00682   -0.00590     4.2749     4.2576    27.8213    27.8233    36.2972    36.2989    23.4279    23.4284    1545.67    186.545    185.793         31 0.0000e+00
      16819    700.760    101.312    102.000    27.8454    27.8467   5.796374   5.796719     3.0100     2.5435      99.69   26.00046  -88.00014   -0.00982   -0.00961     4.2512     4.2347    27.8214    27.8227    36.3089    36.3103    23.4379    23.4386    1546.02    185.511    184.791         43 0.0000e+00
      16856    702.306    102.305    103.000    27.8331    27.8346   5.795538   5.795910     3.0023     2.5396     100.01   26.00046  -88.00014   -0.00820   -0.00662     4.2382     4.2280    27.8088    27.8103    36.3122    36.3137    23.4445    23.4451    1546.01    184.940    184.495         30 0.0000e+00
      16907    704.431    104.291    105.000    27.7499    27.7514   5.787203   5.787571     2.9843     2.5251      99.96   25.98943  -87.96280   -0.00581   -0.00431     4.2116     4.2054    27.7252    27.7267    36.3130    36.3145    23.4712    23.4718    1545.31    183.777    183.506         34 0.0000e+00
      16951    706.250    105.284    106.000    27.7061    27.7093   5.783746   5.784202     2.9757     2.5203     100.00   26.00046  -88.00014   -0.00720   -0.00486     4.1994     4.1981    27.6812    27.6845    36.3260    36.3268    23.4965    23.4961    1545.95    183.239    183.185         38 0.0000e+00
      16985    707.660    106.277    107.000    27.6395    27.6407   5.777825   5.778201     2.9663     2.5082     100.00   26.00046  -88.00014   -0.00678   -0.00558     4.1871     4.1781    27.6144    27.6156    36.3354    36.3371    23.5254    23.5263    1545.93    182.699    182.306         31 0.0000e+00
      17017    708.982    107.270    108.000    27.6296    27.6312   5.777398   5.777760     2.9572     2.5005     100.00   26.00046  -88.00014   -0.00670   -0.00701     4.1713     4.1633    27.6042    27.6059    36.3397    36.3410    23.5320    23.5324    1545.91    182.007    181.657         33 0.0000e+00
      17050    710.381    108.263    109.000    27.6025    27.6041   5.775179   5.775538     2.9474     2.4859     100.00   26.00046  -88.00014   -0.00675   -0.00759     4.1556     4.1354    27.5770    27.5786    36.3447    36.3460    23.5446    23.5450    1545.89    181.318    180.438         33 0.0000e+00
      17082    711.718    109.256    110.000    27.5884    27.5897   5.774451   5.774772     2.9349     2.4746      99.72   26.00046  -88.00014   -0.00750   -0.00907     4.1335     4.1134    27.5627    27.5639    36.3501    36.3514    23.5533    23.5539    1545.87    180.353    179.478         31 0.0000e+00
      17114    713.027    110.248    111.000    27.5891    27.5904   5.775903   5.776272     2.9310     2.4769     100.00   26.00046  -88.00014   -0.00756   -0.00654     4.1265     4.1183    27.5631    27.5644    36.3596    36.3612    23.5603    23.5611    1545.85    180.049    179.690         33 0.0000e+00
      17149    714.482    111.241    112.000    27.5782    27.5794   5.776473   5.776787     2.9326     2.4768     100.00   26.00046  -88.00014   -0.00333   -0.00098     4.1305     4.1191    27.5520    27.5532    36.3718    36.3731    23.5731    23.5737    1545.83    180.220    179.721         36 0.0000e+00
