GOMECC/GOMECC-4/1db/drb2103_0501.cnv
* Sea-Bird SBE 9 Data File:
* FileName = C:\Users\scs.user.rb\CTD\GOMECC4\data\rb2103_0501.hex
* Software Version Seasave V 7.26.7.107
* Temperature SN = 4799
* Conductivity SN = 3860
* Number of Bytes Per Scan = 41
* Number of Voltage Words = 4
* Number of Scans Averaged by the Deck Unit = 1
* NMEA Latitude = 27 52.19 N
* NMEA Longitude = 093 49.83 W
* NMEA UTC (Time) = Sep 27 2021  14:48:27
* NMEA baud rate = 4800
# nquan = 28
# nvalues = 76                          
# units = specified
# name 0 = scan: Scan Count
# name 1 = timeS: Time, Elapsed [seconds]
# name 2 = depSM: Depth [salt water, m]
# name 3 = prDM: Pressure, Digiquartz [db]
# name 4 = t090C: Temperature [ITS-90, deg C]
# name 5 = t190C: Temperature, 2 [ITS-90, deg C]
# name 6 = c0S/m: Conductivity [S/m]
# name 7 = c1S/m: Conductivity, 2 [S/m]
# name 8 = sbeox0V: Oxygen raw, SBE 43 [V]
# name 9 = sbeox1V: Oxygen raw, SBE 43, 2 [V]
# name 10 = altM: Altimeter [m]
# name 11 = latitude: Latitude [deg]
# name 12 = longitude: Longitude [deg]
# name 13 = sbox0dV/dT: Oxygen, SBE 43 [dov/dt]
# name 14 = sbox1dV/dT: Oxygen, SBE 43, 2 [dov/dt]
# name 15 = sbeox0ML/L: Oxygen, SBE 43 [ml/l], WS = 5
# name 16 = sbeox1ML/L: Oxygen, SBE 43, 2 [ml/l], WS = 5
# name 17 = potemp090C: Potential Temperature [ITS-90, deg C]
# name 18 = potemp190C: Potential Temperature, 2 [ITS-90, deg C]
# name 19 = sal00: Salinity, Practical [PSU]
# name 20 = sal11: Salinity, Practical, 2 [PSU]
# name 21 = sigma-é00: Density [sigma-theta, kg/m^3]
# name 22 = sigma-é11: Density, 2 [sigma-theta, kg/m^3]
# name 23 = avgsvCM: Average Sound Velocity [Chen-Millero, m/s], minP = 20, minS = 20
# name 24 = sbox0Mm/Kg: Oxygen, SBE 43 [umol/kg], WS = 5
# name 25 = sbox1Mm/Kg: Oxygen, SBE 43, 2 [umol/kg], WS = 5
# name 26 = nbin: number of scans per bin
# name 27 = flag: flag
# span 0 =       5844,      13149       
# span 1 =    243.464,    547.823       
# span 2 =      4.967,     89.383       
# span 3 =      5.000,     90.000       
# span 4 =    20.6902,    28.5732       
# span 5 =    20.6958,    28.5742       
# span 6 =   5.025357,   5.773841       
# span 7 =   5.026050,   5.774071       
# span 8 =     2.3884,     3.2543       
# span 9 =     2.0193,     2.7960       
# span 10 =       4.35,      89.26      
# span 11 =   27.83153,   27.96976      
# span 12 =  -94.16668,  -93.70123      
# span 13 =   -0.03174,    0.02699      
# span 14 =   -0.03147,    0.02541      
# span 15 =     3.5311,     4.8674      
# span 16 =     3.5674,     4.9220      
# span 17 =    20.6730,    28.5660      
# span 18 =    20.6786,    28.5670      
# span 19 =    35.4313,    36.4313      
# span 20 =    35.4321,    36.4320      
# span 21 =    22.5594,    25.5475      
# span 22 =    22.5590,    25.5466      
# span 23 =       0.00,    1561.14      
# span 24 =    153.767,    212.158      
# span 25 =    155.347,    214.538      
# span 26 =         30,         65      
# span 27 = 0.0000e+00, 0.0000e+00      
# interval = decibars: 1                
# start_time = Sep 27 2021 14:48:27 [NMEA time, header]
# bad_flag = -9.990e-29
*END*
[from data line 52]
       8454    352.220     56.614     57.000    23.9151    23.9146   5.362226   5.362367     3.1592     2.7198      38.32   27.86974  -93.82994   -0.00277   -0.00157     4.8378     4.8895    23.9031    23.9026    36.2585    36.2600    24.6234    24.6246    1540.97    210.864    213.117         37 0.0000e+00
       8493    353.828     57.607     58.000    23.8886    23.8910   5.359503   5.359936     3.1577     2.7137      37.34   27.86974  -93.82993   -0.00096   -0.00199     4.8378     4.8788    23.8764    23.8787    36.2581    36.2599    24.6310    24.6316    1540.84    210.863    212.650         40 0.0000e+00
       8533    355.505     58.600     59.000    23.8196    23.8220   5.351865   5.352343     3.1501     2.7055      36.43   27.86974  -93.82992   -0.00197   -0.00413     4.8295     4.8672    23.8072    23.8096    36.2568    36.2585    24.6505    24.6511    1540.73    210.498    212.142         39 0.0000e+00
       8570    357.054     59.593     60.000    23.4715    23.4511   5.313459   5.311921     3.1309     2.6884      35.40   27.86974  -93.82992   -0.00616   -0.00614     4.8223     4.8602    23.4590    23.4386    36.2473    36.2522    24.7458    24.7555    1540.61    210.163    211.815         36 0.0000e+00
       8605    358.482     60.586     61.000    22.9775    22.9794   5.260637   5.261141     3.0822     2.6443      34.47   27.86974  -93.82992   -0.01856   -0.01707     4.7687     4.8044    22.9650    22.9668    36.2454    36.2484    24.8887    24.8904    1540.47    207.795    209.350         32 0.0000e+00
       8636    359.811     61.579     62.000    22.8534    22.8577   5.247775   5.248461     3.0655     2.6285      33.54   27.86974  -93.82992   -0.02329   -0.02122     4.7484     4.7804    22.8408    22.8451    36.2484    36.2502    24.9269    24.9269    1540.33    206.907    208.302         32 0.0000e+00
       8670    361.192     62.572     63.000    22.7918    22.7999   5.241272   5.242440     3.0411     2.6048      32.50   27.86974  -93.82992   -0.02052   -0.01894     4.7049     4.7331    22.7790    22.7870    36.2485    36.2509    24.9447    24.9443    1540.18    205.007    206.235         35 0.0000e+00
       8706    362.693     63.565     64.000    22.7233    22.7236   5.234400   5.234691     3.0074     2.5754      31.54   27.86974  -93.82992   -0.01842   -0.01732     4.6432     4.6742    22.7102    22.7106    36.2514    36.2534    24.9668    24.9682    1540.04    202.313    203.665         36 0.0000e+00
       8741    364.176     64.558     65.000    22.7182    22.7195   5.234655   5.234970     2.9774     2.5487      30.51   27.86974  -93.82992   -0.02142   -0.01901     4.5831     4.6152    22.7050    22.7063    36.2572    36.2586    24.9727    24.9734    1539.91    199.695    201.094         34 0.0000e+00
       8773    365.498     65.551     66.000    22.7102    22.7134   5.234084   5.234787     2.9615     2.5370      29.67   27.86974  -93.82992   -0.01924   -0.01647     4.5536     4.5923    22.6968    22.7001    36.2591    36.2610    24.9765    24.9766    1539.77    198.410    200.093         31 0.0000e+00
       8804    366.801     66.544     67.000    22.3776    22.3801   5.199279   5.199934     2.9465     2.5203      28.69   27.86974  -93.82992   -0.01333   -0.01157     4.5381     4.5670    22.3641    22.3666    36.2560    36.2595    25.0694    25.0713    1539.67    197.714    198.972         33 0.0000e+00
       8840    368.296     67.537     68.000    22.3268    22.3281   5.193389   5.193775     2.9093     2.4833      27.61   27.86972  -93.82990   -0.01533   -0.01520     4.4793     4.5016    22.3131    22.3145    36.2588    36.2607    25.0860    25.0870    1539.50    195.151    196.119         38 0.0000e+00
       8877    369.826     68.530     69.000    22.1280    22.1319   5.172542   5.173293     2.8758     2.4551      26.67   27.86972  -93.82990   -0.02219   -0.02136     4.4280     4.4541    22.1142    22.1182    36.2604    36.2630    25.1436    25.1445    1539.36    192.906    194.039         33 0.0000e+00
       8908    371.105     69.524     70.000    22.0355    22.0360   5.164133   5.164398     2.8421     2.4244      25.67   27.86972  -93.82990   -0.02393   -0.02151     4.3669     4.3924    22.0215    22.0220    36.2711    36.2728    25.1780    25.1791    1539.22    190.237    191.347         30 0.0000e+00
       8938    372.384     70.516     71.000    22.0059    22.0069   5.161148   5.161508     2.8153     2.4014      24.71   27.86972  -93.82990   -0.02368   -0.02086     4.3147     4.3430    21.9918    21.9928    36.2720    36.2740    25.1870    25.1882    1539.08    187.958    189.195         33 0.0000e+00
       8975    373.896     71.509     72.000    21.8440    21.8465   5.145001   5.145557     2.7874     2.3774      23.66   27.86972  -93.82990   -0.02162   -0.01850     4.2708     4.3015    21.8298    21.8323    36.2796    36.2819    25.2384    25.2394    1538.94    186.036    187.376         38 0.0000e+00
       9010    375.375     72.503     73.000    21.7509    21.7525   5.135442   5.135822     2.7568     2.3508      22.69   27.86972  -93.82990   -0.01916   -0.01674     4.2155     4.2486    21.7365    21.7381    36.2816    36.2833    25.2661    25.2669    1538.80    183.626    185.067         33 0.0000e+00
       9042    376.696     73.496     74.000    21.7329    21.7329   5.133644   5.133809     2.7357     2.3333      21.82   27.86972  -93.82990   -0.01936   -0.01695     4.1738     4.2106    21.7184    21.7183    36.2821    36.2835    25.2715    25.2726    1538.67    181.806    183.410         31 0.0000e+00
       9074    378.062     74.488     75.000    21.6845    21.6871   5.128230   5.128755     2.7202     2.3194      20.70   27.86972  -93.82990   -0.01620   -0.01353     4.1486     4.1861    21.6697    21.6724    36.2795    36.2815    25.2831    25.2839    1538.54    180.707    182.342         34 0.0000e+00
       9565    398.489     79.453     80.000    21.2438    21.2441   5.094841   5.094860     2.5631     2.1795      15.72   27.96976  -94.16668   -0.00049   -0.00056     3.8555     3.8980    21.2283    21.2287    36.4313    36.4320    25.5343    25.5347    1543.39    167.916    169.767         30 0.0000e+00
       9692    403.794     80.446     81.000    21.1688    21.1689   5.076724   5.076861     2.5474     2.1667      14.41   27.86972  -93.82986   -0.00144   -0.00004     3.8280     3.8732    21.1531    21.1533    36.3016    36.3024    25.4431    25.4437    1537.72    166.716    168.686         46 0.0000e+00
      10461    435.827     86.404     87.000    20.9742    20.9690   5.058107   5.057654     2.4879     2.1109       8.36   27.87390  -93.84395   -0.00244   -0.00212     3.7193     3.7603    20.9575    20.9523    36.3099    36.3121    25.5033    25.5064    1537.22    161.972    163.760         41 0.0000e+00
      10588    441.144     87.397     88.000    20.9058    20.9102   5.050635   5.051250     2.4725     2.0919       7.37   27.86970  -93.82980   -0.00276   -0.00253     3.6928     3.7213    20.8889    20.8933    36.3123    36.3135    25.5238    25.5235    1536.88    160.814    162.056         33 0.0000e+00
      13149    547.823     89.383     90.000    20.6902    20.6958   5.025357   5.026050     2.3884     2.0193       4.35   27.83153  -93.70123   -0.00065   -0.00166     3.5311     3.5674    20.6730    20.6786    36.2727    36.2736    25.5475    25.5466    1534.50    153.767    155.347         50 0.0000e+00
