GOMECC/GOMECC-4/1db/drb2103_0671.cnv
* Sea-Bird SBE 9 Data File:
* FileName = C:\Users\scs.user.rb\CTD\GOMECC4\data\rb2103_0671.hex
* Software Version Seasave V 7.26.7.107
* Temperature SN = 4799
* Conductivity SN = 3860
* Number of Bytes Per Scan = 41
* Number of Voltage Words = 4
* Number of Scans Averaged by the Deck Unit = 1
* NMEA Latitude = 26 03.51 N
* NMEA Longitude = 095 50.44 W
* NMEA UTC (Time) = Oct 03 2021  02:51:18
* NMEA baud rate = 4800
# nquan = 28
# nvalues = 252                         
# units = specified
# name 0 = scan: Scan Count
# name 1 = timeS: Time, Elapsed [seconds]
# name 2 = depSM: Depth [salt water, m]
# name 3 = prDM: Pressure, Digiquartz [db]
# name 4 = t090C: Temperature [ITS-90, deg C]
# name 5 = t190C: Temperature, 2 [ITS-90, deg C]
# name 6 = c0S/m: Conductivity [S/m]
# name 7 = c1S/m: Conductivity, 2 [S/m]
# name 8 = sbeox0V: Oxygen raw, SBE 43 [V]
# name 9 = sbeox1V: Oxygen raw, SBE 43, 2 [V]
# name 10 = altM: Altimeter [m]
# name 11 = latitude: Latitude [deg]
# name 12 = longitude: Longitude [deg]
# name 13 = sbox0dV/dT: Oxygen, SBE 43 [dov/dt]
# name 14 = sbox1dV/dT: Oxygen, SBE 43, 2 [dov/dt]
# name 15 = sbeox0ML/L: Oxygen, SBE 43 [ml/l], WS = 5
# name 16 = sbeox1ML/L: Oxygen, SBE 43, 2 [ml/l], WS = 5
# name 17 = potemp090C: Potential Temperature [ITS-90, deg C]
# name 18 = potemp190C: Potential Temperature, 2 [ITS-90, deg C]
# name 19 = sal00: Salinity, Practical [PSU]
# name 20 = sal11: Salinity, Practical, 2 [PSU]
# name 21 = sigma-é00: Density [sigma-theta, kg/m^3]
# name 22 = sigma-é11: Density, 2 [sigma-theta, kg/m^3]
# name 23 = avgsvCM: Average Sound Velocity [Chen-Millero, m/s], minP = 20, minS = 20
# name 24 = sbox0Mm/Kg: Oxygen, SBE 43 [umol/kg], WS = 5
# name 25 = sbox1Mm/Kg: Oxygen, SBE 43, 2 [umol/kg], WS = 5
# name 26 = nbin: number of scans per bin
# name 27 = flag: flag
# span 0 =      19873,      54307       
# span 1 =    827.988,   2262.747       
# span 2 =      3.974,   1116.639       
# span 3 =      4.000,   1127.000       
# span 4 =     4.8086,    29.3494       
# span 5 =     4.8092,    29.3513       
# span 6 =   3.373574,   5.844348       
# span 7 =   3.373592,   5.844657       
# span 8 =     1.5777,     3.3739       
# span 9 =     1.2845,     2.8937       
# span 10 =      10.01,     100.55      
# span 11 =   26.05029,   26.06021      
# span 12 =  -95.84466,  -95.80993      
# span 13 =   -0.04171,    0.03707      
# span 14 =   -0.04068,    0.03785      
# span 15 =     2.4158,     5.0504      
# span 16 =     2.4404,     5.0734      
# span 17 =     4.7146,    29.3465      
# span 18 =     4.7152,    29.3484      
# span 19 =    34.9104,    36.4991      
# span 20 =    34.9099,    36.5006      
# span 21 =    22.1846,    27.6648      
# span 22 =    22.1852,    27.6644      
# span 23 =       0.00,    1544.94      
# span 24 =    105.046,    220.312      
# span 25 =    106.116,    221.279      
# span 26 =         30,         67      
# span 27 = 0.0000e+00, 0.0000e+00      
# interval = decibars: 1                
# start_time = Oct 03 2021 02:51:18 [NMEA time, header]
# bad_flag = -9.990e-29
*END*
      19873    827.988      3.974      4.000    29.2756    29.2760   5.800114   5.800272     3.1429     2.6612      82.22   26.05864  -95.84072    0.00062    0.00137     4.3595     4.3461    29.2746    29.2750    35.2850    35.2859    22.1859    22.1865       0.00    190.470    189.886         38 0.0000e+00
      19969    832.014      4.967      5.000    29.2725    29.2768   5.799663   5.800182     3.1418     2.6621      89.05   26.05864  -95.84072   -0.00032    0.00014     4.3582     4.3485    29.2712    29.2756    35.2840    35.2851    22.1863    22.1857       0.00    190.414    189.988         40 0.0000e+00
      20050    835.366      5.961      6.000    29.2722    29.2736   5.799497   5.799780     3.1395     2.6574      83.26   26.05864  -95.84072   -0.00067   -0.00183     4.3547     4.3399    29.2708    29.2721    35.2828    35.2838    22.1856    22.1858       0.00    190.261    189.612         49 0.0000e+00
      20112    837.943      6.954      7.000    29.2738    29.2737   5.799702   5.799872     3.1408     2.6628      89.30   26.05864  -95.84072    0.00008    0.00116     4.3572     4.3510    29.2721    29.2720    35.2831    35.2839    22.1853    22.1860       0.00    190.370    190.100         63 0.0000e+00
      20177    840.686      7.948      8.000    29.2773    29.2784   5.800248   5.800549     3.1396     2.6636     100.51   26.05864  -95.84072    0.00002    0.00119     4.3556     4.3528    29.2753    29.2765    35.2836    35.2848    22.1846    22.1852       0.00    190.301    190.178         58 0.0000e+00
      20232    842.943      8.941      9.000    29.2807    29.2799   5.800930   5.800953     3.1406     2.6632     100.00   26.05864  -95.84072   -0.00020   -0.00025     4.3575     4.3523    29.2785    29.2777    35.2855    35.2859    22.1850    22.1856       0.00    190.382    190.156         60 0.0000e+00
      20292    845.462      9.935     10.000    29.2755    29.2773   5.800157   5.800520     3.1416     2.6622      99.93   26.05864  -95.84072    0.00066   -0.00052     4.3603     4.3511    29.2731    29.2748    35.2837    35.2849    22.1855    22.1858       0.00    190.504    190.104         54 0.0000e+00
      20346    847.688     10.928     11.000    29.3225    29.3175   5.811362   5.810050     3.1408     2.6630     100.00   26.05864  -95.84072   -0.00011    0.00072     4.3548     4.3496    29.3198    29.3148    35.3257    35.3204    22.2013    22.1989       0.00    190.261    190.034         57 0.0000e+00
      20400    849.960     11.922     12.000    29.3494    29.3513   5.818708   5.819062     3.1385     2.6614     100.00   26.05863  -95.84072   -0.00065   -0.00070     4.3481     4.3435    29.3465    29.3484    35.3562    35.3571    22.2151    22.2152       0.00    189.968    189.766         49 0.0000e+00
      20450    852.041     12.915     13.000    29.3437    29.3451   5.818323   5.818622     3.1388     2.6595      87.05   26.05864  -95.84072   -0.00050   -0.00091     4.3499     4.3407    29.3405    29.3420    35.3572    35.3582    22.2179    22.2182       0.00    190.044    189.641         56 0.0000e+00
      20507    854.397     13.908     14.000    29.3388    29.3407   5.817732   5.818109     3.1408     2.6587     100.38   26.05864  -95.84072    0.00066   -0.00056     4.3544     4.3400    29.3354    29.3372    35.3565    35.3577    22.2192    22.2194       0.00    190.239    189.609         51 0.0000e+00
      20553    856.317     14.902     15.000    29.3316    29.3332   5.820339   5.820506     3.1392     2.6607     100.00   26.05863  -95.84072    0.00011    0.00031     4.3519     4.3445    29.3280    29.3295    35.3793    35.3793    22.2388    22.2382       0.00    190.128    189.804         46 0.0000e+00
      20607    858.567     15.895     16.000    29.3011    29.3060   5.827167   5.827328     3.1382     2.6604     100.00   26.05864  -95.84072   -0.00063    0.00038     4.3514     4.3450    29.2972    29.3022    35.4484    35.4472    22.3010    22.2990       0.00    190.095    189.816         60 0.0000e+00
      20660    860.788     16.889     17.000    29.2656    29.2670   5.830635   5.830878     3.1381     2.6611     100.00   26.05864  -95.84072   -0.00030   -0.00014     4.3532     4.3482    29.2615    29.2629    35.4982    35.4988    22.3504    22.3504       0.00    190.164    189.944         45 0.0000e+00
      20707    862.737     17.882     18.000    29.2441    29.2464   5.829301   5.829658     3.1397     2.6629     100.00   26.05864  -95.84072    0.00036    0.00128     4.3583     4.3538    29.2397    29.2420    35.5046    35.5054    22.3626    22.3624       0.00    190.382    190.189         54 0.0000e+00
      20762    865.055     18.876     19.000    29.2332    29.2346   5.829598   5.829861     3.1384     2.6617     100.00   26.05864  -95.84072    0.00031   -0.00030     4.3569     4.3524    29.2285    29.2299    35.5146    35.5153    22.3738    22.3739       0.00    190.321    190.123         50 0.0000e+00
      20809    866.994     19.869     20.000    29.2293    29.2305   5.830878   5.831144     3.1369     2.6618     100.00   26.05864  -95.84072   -0.00105   -0.00046     4.3547     4.3531    29.2244    29.2257    35.5259    35.5268    22.3837    22.3840     794.21    190.222    190.154         48 0.0000e+00
      20862    869.203     20.862     21.000    29.2287    29.2300   5.832664   5.832936     3.1405     2.6651     100.00   26.05864  -95.84072    0.00077    0.00057     4.3615     4.3600    29.2236    29.2249    35.5384    35.5393    22.3933    22.3936    1543.08    190.520    190.453         57 0.0000e+00
      20915    871.420     21.856     22.000    29.2279    29.2292   5.833550   5.833830     3.1415     2.6608     100.00   26.05864  -95.84072    0.00088    0.00048     4.3638     4.3518    29.2226    29.2238    35.5447    35.5457    22.3984    22.3988    1544.88    190.616    190.094         48 0.0000e+00
      20963    873.429     22.849     23.000    29.2274    29.2286   5.834655   5.834921     3.1403     2.6589      99.88   26.05864  -95.84072    0.00010   -0.00252     4.3619     4.3482    29.2218    29.2230    35.5524    35.5533    22.4045    22.4048    1544.88    190.534    189.937         50 0.0000e+00
      21014    875.540     23.842     24.000    29.2297    29.2308   5.836162   5.836383     3.1399     2.6615     100.00   26.05864  -95.84072   -0.00049    0.00084     4.3613     4.3536    29.2238    29.2249    35.5608    35.5615    22.4101    22.4102    1544.89    190.508    190.169         53 0.0000e+00
      21068    877.797     24.836     25.000    29.2344    29.2355   5.839679   5.839821     3.1395     2.6615     100.00   26.05864  -95.84072   -0.00031   -0.00004     4.3602     4.3533    29.2283    29.2294    35.5812    35.5814    22.4239    22.4237    1544.89    190.458    190.156         52 0.0000e+00
      21117    879.820     25.829     26.000    29.2342    29.2355   5.841132   5.841420     3.1425     2.6631      83.00   26.05864  -95.84072    0.00093    0.00068     4.3659     4.3569    29.2279    29.2292    35.5910    35.5920    22.4314    22.4317    1544.90    190.704    190.309         47 0.0000e+00
      21166    881.859     26.823     27.000    29.2335    29.2348   5.842485   5.842706     3.1413     2.6667      87.85   26.05864  -95.84072    0.00031    0.00126     4.3642     4.3644    29.2269    29.2283    35.6005    35.6011    22.4389    22.4388    1544.90    190.627    190.637         52 0.0000e+00
      21222    884.217     27.816     28.000    29.2311    29.2324   5.843965   5.844230     3.1465     2.6691     100.27   26.05864  -95.84072    0.00100    0.00124     4.3740     4.3696    29.2243    29.2256    35.6122    35.6130    22.4485    22.4487    1544.91    191.055    190.862         57 0.0000e+00
      21272    886.291     28.809     29.000    29.2296    29.2309   5.844348   5.844657     3.1478     2.6704     100.00   26.05864  -95.84072    0.00155    0.00102     4.3768     4.3727    29.2225    29.2238    35.6157    35.6168    22.4517    22.4521    1544.92    191.176    190.996         44 0.0000e+00
      21318    888.188     29.803     30.000    29.2188    29.2213   5.844227   5.844552     3.1491     2.6715     100.00   26.05864  -95.84072    0.00086    0.00051     4.3804     4.3760    29.2115    29.2140    35.6226    35.6230    22.4606    22.4601    1544.92    191.332    191.140         52 0.0000e+00
      21377    890.650     30.796     31.000    29.1938    29.1957   5.843475   5.843820     3.1520     2.6771     100.00   26.05864  -95.84072    0.00074    0.00145     4.3876     4.3892    29.1863    29.1882    35.6357    35.6367    22.4790    22.4790    1544.93    191.644    191.711         58 0.0000e+00
      21425    892.675     31.789     32.000    29.1647    29.1668   5.841958   5.842327     3.1578     2.6805      99.88   26.05864  -95.84072    0.00230    0.00228     4.4007     4.3984    29.1569    29.1590    35.6467    35.6476    22.4971    22.4971    1544.94    192.210    192.111         43 0.0000e+00
      21472    894.619     32.782     33.000    29.1260    29.1296   5.839147   5.839605     3.1621     2.6852     100.00   26.05864  -95.84072    0.00249    0.00220     4.4113     4.4089    29.1180    29.1216    35.6559    35.6564    22.5170    22.5162    1544.94    192.669    192.567         53 0.0000e+00
      21529    896.983     33.776     34.000    28.8209    28.8341   5.818066   5.819216     3.1779     2.7054     100.00   26.05864  -95.84072    0.00371    0.00489     4.4633     4.4718    28.8127    28.8259    35.7382    35.7363    22.6811    22.6752    1544.94    194.911    195.283         55 0.0000e+00
      21576    898.976     34.769     35.000    28.0129    28.0513   5.754399   5.757751     3.2116     2.7395      86.32   26.05864  -95.84072    0.01314    0.01427     4.5779     4.5875    28.0046    28.0430    35.9047    35.8991    23.0733    23.0564    1544.90    199.847    200.271         44 0.0000e+00
      21624    900.970     35.763     36.000    27.5671    27.5782   5.715420   5.716759     3.3349     2.8571      99.66   26.05864  -95.84072    0.03707    0.03785     4.8519     4.8746    27.5587    27.5698    35.9700    35.9710    23.2683    23.2655    1544.83    211.755    212.750         54 0.0000e+00
      21683    903.401     36.756     37.000    27.2026    27.2079   5.680601   5.681379     3.3638     2.8823      98.14   26.05864  -95.84074    0.03640    0.03315     4.9346     4.9545    27.1940    27.1993    36.0028    36.0043    23.4110    23.4104    1544.74    215.337    216.205         57 0.0000e+00
      21731    905.399     37.749     38.000    26.7785    26.8039   5.639993   5.642810     3.3613     2.8794     100.00   26.05864  -95.84072    0.00525    0.00464     4.9670     4.9817    26.7698    26.7952    36.0402    36.0406    23.5750    23.5672    1544.63    216.719    217.361         42 0.0000e+00
      21780    907.445     38.743     39.000    26.4065    26.4115   5.598406   5.599325     3.3654     2.8862     100.00   26.05864  -95.84074   -0.00049    0.00028     5.0091     5.0292    26.3977    26.4027    36.0295    36.0323    23.6851    23.6856    1544.51    218.530    219.409         62 0.0000e+00
      21841    910.006     39.736     40.000    26.1294    26.1377   5.570925   5.571883     3.3739     2.8937     100.00   26.05864  -95.84074    0.00529    0.00523     5.0504     5.0691    26.1204    26.1287    36.0466    36.0471    23.7854    23.7832    1544.38    220.312    221.127         49 0.0000e+00
      21881    911.683     40.729     41.000    25.7428    25.7502   5.542139   5.542588     3.3561     2.8820     100.00   26.05864  -95.84072   -0.00129   -0.00100     5.0495     5.0734    25.7337    25.7411    36.1406    36.1381    23.9773    23.9730    1544.23    220.229    221.279         40 0.0000e+00
      21936    913.939     41.722     42.000    25.6301    25.6293   5.539894   5.540044     3.3134     2.8298     100.00   26.05864  -95.84072   -0.01483   -0.01541     4.9769     4.9745    25.6208    25.6200    36.2132    36.2150    24.0672    24.0688    1544.08    217.046    216.939         67 0.0000e+00
      21993    916.321     42.716     43.000    25.5094    25.5121   5.525334   5.525904     3.2911     2.8199     100.00   26.05864  -95.84072   -0.01698   -0.01467     4.9463     4.9631    25.4999    25.5027    36.2026    36.2048    24.0967    24.0975    1543.95    215.702    216.436         44 0.0000e+00
      22036    918.133     43.709     44.000    25.4473    25.4492   5.520243   5.520651     3.2880     2.8175     100.00   26.05864  -95.84072   -0.00495   -0.00221     4.9455     4.9640    25.4376    25.4395    36.2132    36.2146    24.1239    24.1244    1543.79    215.664    216.470         49 0.0000e+00
      22092    920.446     44.702     45.000    25.4193    25.4208   5.519672   5.520169     3.2797     2.8106      97.99   26.05864  -95.84074   -0.00284   -0.00256     4.9319     4.9518    25.4094    25.4108    36.2309    36.2334    24.1461    24.1475    1543.65    215.068    215.935         55 0.0000e+00
      22140    922.471     45.696     46.000    25.3569    25.3608   5.514109   5.514785     3.2690     2.7983      93.19   26.05864  -95.84072   -0.00432   -0.00461     4.9173     4.9309    25.3468    25.3507    36.2392    36.2411    24.1716    24.1719    1543.51    214.424    215.019         46 0.0000e+00
      22192    924.605     46.689     47.000    25.2601    25.2642   5.504492   5.505138     3.2638     2.7961     100.00   26.05864  -95.84073   -0.00419   -0.00356     4.9164     4.9349    25.2498    25.2539    36.2450    36.2465    24.2059    24.2058    1543.37    214.375    215.182         56 0.0000e+00
      22245    926.821     47.682     48.000    25.1524    25.1605   5.494420   5.495467     3.2565     2.7891      89.98   26.05864  -95.84072   -0.00209   -0.00126     4.9122     4.9288    25.1419    25.1500    36.2560    36.2573    24.2473    24.2459    1543.24    214.186    214.911         48 0.0000e+00
      22291    928.736     48.675     49.000    24.8118    24.8228   5.457047   5.458484     3.2392     2.7783      90.76   26.05864  -95.84072   -0.00614   -0.00480     4.9100     4.9349    24.8011    24.8122    36.2505    36.2523    24.3473    24.3453    1543.10    214.071    215.154         48 0.0000e+00
      22347    931.065     49.669     50.000    24.6381    24.6464   5.440623   5.441671     3.2294     2.7643     100.18   26.05864  -95.84072   -0.00596   -0.00571     4.9067     4.9199    24.6274    24.6357    36.2671    36.2682    24.4125    24.4109    1542.96    213.910    214.488         60 0.0000e+00
      22397    933.164     50.662     51.000    24.3428    24.3462   5.409179   5.409177     3.2006     2.7417     100.00   26.05864  -95.84072   -0.00809   -0.00818     4.8990     4.9139    24.3410    24.3358    36.2616    36.2589    24.4948    24.4918    1542.84    213.556    214.209         37 0.0000e+00
      22438    934.890     51.655     52.000    23.9672    23.9721   5.353968   5.354913     3.2060     2.7543     100.00   26.05864  -95.84072   -0.00916   -0.00533     4.9268     4.9609    23.9566    23.9611    36.1545    36.1577    24.5286    24.5296    1542.64    214.765    216.249         50 0.0000e+00
      22498    937.391     52.648     53.000    23.8800    23.8811   5.343389   5.343735     3.2441     2.7837     100.00   26.05864  -95.84072    0.01403    0.01335     5.0103     5.0331    23.8689    23.8700    36.1449    36.1467    24.5474    24.5484    1542.46    218.399    219.392         57 0.0000e+00
      22538    939.050     53.642     54.000    23.9770    23.9684   5.364651   5.363327     3.2450     2.7805     100.00   26.05864  -95.84072    0.01020    0.00654     5.0014     5.0170    23.9656    23.9570    36.2276    36.2245    24.5813    24.5815    1542.31    218.004    218.685         30 0.0000e+00
