GOMECC/GOMECC-4/1db/drb2103_0101.cnv
* Sea-Bird SBE 9 Data File:
* FileName = C:\Users\scs.user.rb\CTD\GOMECC4\data\rb2103_0101.hex
* Software Version Seasave V 7.26.7.107
* Temperature SN = 4799
* Conductivity SN = 3860
* Number of Bytes Per Scan = 41
* Number of Voltage Words = 4
* Number of Scans Averaged by the Deck Unit = 1
* NMEA Latitude = 26 13.28 N
* NMEA Longitude = 085 39.93 W
* NMEA UTC (Time) = Sep 17 2021  22:10:49
* NMEA baud rate = 4800
# nquan = 28
# nvalues = 585                         
# units = specified
# name 0 = scan: Scan Count
# name 1 = timeS: Time, Elapsed [seconds]
# name 2 = depSM: Depth [salt water, m]
# name 3 = prDM: Pressure, Digiquartz [db]
# name 4 = t090C: Temperature [ITS-90, deg C]
# name 5 = t190C: Temperature, 2 [ITS-90, deg C]
# name 6 = c0S/m: Conductivity [S/m]
# name 7 = c1S/m: Conductivity, 2 [S/m]
# name 8 = sbeox0V: Oxygen raw, SBE 43 [V]
# name 9 = sbeox1V: Oxygen raw, SBE 43, 2 [V]
# name 10 = altM: Altimeter [m]
# name 11 = latitude: Latitude [deg]
# name 12 = longitude: Longitude [deg]
# name 13 = sbox0dV/dT: Oxygen, SBE 43 [dov/dt]
# name 14 = sbox1dV/dT: Oxygen, SBE 43, 2 [dov/dt]
# name 15 = sbeox0ML/L: Oxygen, SBE 43 [ml/l], WS = 5
# name 16 = sbeox1ML/L: Oxygen, SBE 43, 2 [ml/l], WS = 5
# name 17 = potemp090C: Potential Temperature [ITS-90, deg C]
# name 18 = potemp190C: Potential Temperature, 2 [ITS-90, deg C]
# name 19 = sal00: Salinity, Practical [PSU]
# name 20 = sal11: Salinity, Practical, 2 [PSU]
# name 21 = sigma-é00: Density [sigma-theta, kg/m^3]
# name 22 = sigma-é11: Density, 2 [sigma-theta, kg/m^3]
# name 23 = avgsvCM: Average Sound Velocity [Chen-Millero, m/s], minP = 20, minS = 20
# name 24 = sbox0Mm/Kg: Oxygen, SBE 43 [umol/kg], WS = 5
# name 25 = sbox1Mm/Kg: Oxygen, SBE 43, 2 [umol/kg], WS = 5
# name 26 = nbin: number of scans per bin
# name 27 = flag: flag
# span 0 =      14203,     102135       
# span 1 =    591.751,   4255.567       
# span 2 =      4.967,   3242.305       
# span 3 =      5.000,   3289.000       
# span 4 =     4.2849,    30.1073       
# span 5 =     4.2855,    30.1126       
# span 6 =   3.345151,   5.965071       
# span 7 =   3.345089,   5.966846       
# span 8 =     1.6260,     3.1911       
# span 9 =     1.3346,     2.7386       
# span 10 =       9.47,     102.11      
# span 11 =   26.11964,   26.22308      
# span 12 =  -85.67062,  -85.33291      
# span 13 =   -0.04275,    0.03666      
# span 14 =   -0.03981,    0.03536      
# span 15 =     2.6096,     4.7358      
# span 16 =     2.6440,     4.7754      
# span 17 =     4.0798,    30.1031      
# span 18 =     4.0809,    30.1084      
# span 19 =    34.8995,    36.8004      
# span 20 =    34.8982,    36.8013      
# span 21 =    22.1795,    27.7597      
# span 22 =    22.2007,    27.7580      
# span 23 =       0.00,    1545.78      
# span 24 =    113.569,    206.524      
# span 25 =    115.067,    208.252      
# span 26 =         30,         69      
# span 27 = 0.0000e+00, 0.0000e+00      
# interval = decibars: 1                
# start_time = Sep 17 2021 22:10:49 [NMEA time, header]
# bad_flag = -9.990e-29
*END*
[from data line 311]
      46661   1944.157   1140.340   1151.000     4.5979     4.5982   3.356413   3.356349     1.9342     1.6241     100.00   26.22197  -85.66654    0.00066    0.00048     4.3229     4.3924     4.5034     4.5037    34.9541    34.9531    27.6955    27.6946    1498.27    187.858    190.879         30 0.0000e+00
      46794   1949.715   1145.280   1156.000     4.5941     4.5943   3.356271   3.356207     1.9357     1.6252     100.00   26.22164  -85.66542    0.00030    0.00006     4.3318     4.4002     4.4992     4.4994    34.9540    34.9530    27.6958    27.6950    1498.20    188.246    191.218         30 0.0000e+00
      47111   1962.923   1157.136   1168.000     4.5755     4.5759   3.355143   3.355080     1.9382     1.6281      87.90   26.22109  -85.66364    0.00020    0.00038     4.3497     4.4204     4.4797     4.4800    34.9543    34.9532    27.6982    27.6973    1498.07    189.024    192.093         32 0.0000e+00
      47146   1964.387   1158.124   1169.000     4.5743     4.5746   3.355162   3.355097     1.9389     1.6288      70.17   26.22184  -85.66608    0.00040    0.00055     4.3528     4.4240     4.4784     4.4787    34.9553    34.9542    27.6992    27.6983    1498.10    189.157    192.249         33 0.0000e+00
      47303   1970.917   1164.051   1175.000     4.5646     4.5650   3.354614   3.354561     1.9414     1.6312     100.00   26.22213  -85.66701    0.00040    0.00042     4.3664     4.4379     4.4682     4.4687    34.9562    34.9551    27.7010    27.7001    1498.07    189.748    192.853         30 0.0000e+00
      47647   1985.266   1176.894   1188.000     4.5449     4.5453   3.353416   3.353357     1.9458     1.6349     100.00   26.22149  -85.66497    0.00043    0.00032     4.3921     4.4620     4.4475     4.4479    34.9564    34.9553    27.7034    27.7025    1497.92    190.863    193.902         33 0.0000e+00
      47680   1986.634   1177.882   1189.000     4.5441     4.5444   3.353429   3.353368     1.9460     1.6349     100.00   26.22184  -85.66610    0.00034    0.00022     4.3934     4.4628     4.4466     4.4470    34.9569    34.9558    27.7039    27.7030    1497.94    190.920    193.934         30 0.0000e+00
      47780   1990.801   1181.833   1193.000     4.5377     4.5380   3.352983   3.352932     1.9466     1.6356     100.00   26.22141  -85.66470    0.00011    0.00014     4.3986     4.4686     4.4399     4.4402    34.9564    34.9555    27.7043    27.7035    1497.88    191.144    194.189         33 0.0000e+00
      47813   1992.163   1182.821   1194.000     4.5349     4.5354   3.352845   3.352784     1.9469     1.6360     100.00   26.22184  -85.66612    0.00020    0.00020     4.4005     4.4711     4.4371     4.4376    34.9572    34.9560    27.7052    27.7042    1497.89    191.231    194.299         30 0.0000e+00
      47912   1996.296   1186.772   1198.000     4.5218     4.5222   3.351809   3.351762     1.9477     1.6362     100.00   26.22135  -85.66452    0.00017    0.00004     4.4073     4.4757     4.4237     4.4241    34.9569    34.9559    27.7064    27.7056    1497.84    191.524    194.496         31 0.0000e+00
      47947   1997.762   1187.760   1199.000     4.5204     4.5207   3.351780   3.351719     1.9479     1.6363     100.00   26.22184  -85.66612    0.00012    0.00007     4.4090     4.4770     4.4222     4.4226    34.9576    34.9565    27.7072    27.7063    1497.86    191.596    194.554         35 0.0000e+00
      48073   2003.014   1192.699   1204.000     4.5112     4.5116   3.351169   3.351112     1.9493     1.6376      94.74   26.22148  -85.66494    0.00022    0.00028     4.4179     4.4860     4.4127     4.4131    34.9576    34.9565    27.7082    27.7073    1497.80    191.985    194.943         35 0.0000e+00
      48107   2004.426   1193.687   1205.000     4.5110     4.5113   3.351233   3.351178     1.9499     1.6386     100.12   26.22184  -85.66612    0.00034    0.00035     4.4205     4.4906     4.4124     4.4127    34.9581    34.9571    27.7086    27.7078    1497.81    192.096    195.145         30 0.0000e+00
      48451   2018.757   1206.527   1218.000     4.4970     4.4974   3.350686   3.350621     1.9533     1.6411      89.31   26.22223  -85.66732    0.00018    0.00001     4.4421     4.5097     4.3973     4.3977    34.9600    34.9588    27.7118    27.7108    1497.73    193.035    195.971         36 0.0000e+00
      48579   2024.093   1211.466   1223.000     4.4887     4.4891   3.350125   3.350070     1.9561     1.6445     100.00   26.22172  -85.66567    0.00061    0.00065     4.4559     4.5269     4.3887     4.3891    34.9596    34.9585    27.7124    27.7116    1497.66    193.635    196.718         36 0.0000e+00
      48740   2030.798   1217.392   1229.000     4.4770     4.4775   3.349342   3.349283     1.9582     1.6459      77.85   26.22141  -85.66464    0.00019    0.00003     4.4686     4.5376     4.3765     4.3770    34.9598    34.9586    27.7139    27.7129    1497.60    194.187    197.184         31 0.0000e+00
      49115   2046.416   1231.219   1243.000     4.4514     4.4517   3.347824   3.347748     1.9638     1.6518     100.00   26.22212  -85.66699    0.00036    0.00030     4.5003     4.5720     4.3499     4.3502    34.9620    34.9608    27.7186    27.7176    1497.54    195.560    198.680         30 0.0000e+00
      49246   2051.858   1236.157   1248.000     4.4463     4.4467   3.347576   3.347510     1.9653     1.6532     100.00   26.22191  -85.66631    0.00024    0.00032     4.5091     4.5811     4.3444     4.3448    34.9619    34.9608    27.7191    27.7182    1497.50    195.945    199.072         30 0.0000e+00
      49435   2059.731   1243.069   1255.000     4.4419     4.4422   3.347490   3.347422     1.9660     1.6533     100.00   26.22188  -85.66624    0.00005   -0.00000     4.5165     4.5861     4.3394     4.3397    34.9621    34.9610    27.7198    27.7189    1497.45    196.266    199.293         32 0.0000e+00
      49568   2065.280   1248.007   1260.000     4.4358     4.4360   3.347169   3.347099     1.9664     1.6542     100.00   26.22195  -85.66652    0.00003    0.00018     4.5217     4.5934     4.3329     4.3331    34.9623    34.9612    27.7207    27.7198    1497.42    196.492    199.607         30 0.0000e+00
      49753   2072.999   1254.920   1267.000     4.4319     4.4323   3.347089   3.347031     1.9656     1.6526      43.64   26.22159  -85.66527   -0.00013   -0.00017     4.5233     4.5920     4.3284     4.3288    34.9619    34.9608    27.7208    27.7199    1497.35    196.560    199.549         30 0.0000e+00
      49885   2078.482   1259.857   1272.000     4.4282     4.4285   3.347001   3.346933     1.9645     1.6514      99.96   26.22189  -85.66627   -0.00012   -0.00020     4.5228     4.5905     4.3243     4.3246    34.9624    34.9612    27.7217    27.7207    1497.34    196.540    199.481         32 0.0000e+00
      49916   2079.802   1260.844   1273.000     4.4278     4.4282   3.347019   3.346954     1.9645     1.6513     100.00   26.22186  -85.66617   -0.00018   -0.00022     4.5232     4.5910     4.3238     4.3242    34.9625    34.9613    27.7218    27.7208    1497.33    196.559    199.503         30 0.0000e+00
      50017   2084.019   1264.794   1277.000     4.4263     4.4266   3.347059   3.346995     1.9644     1.6517      84.16   26.22183  -85.66610    0.00004    0.00001     4.5256     4.5949     4.3219     4.3222    34.9626    34.9615    27.7221    27.7212    1497.31    196.663    199.673         30 0.0000e+00
      50151   2089.603   1269.732   1282.000     4.4222     4.4225   3.346920   3.346843     1.9645     1.6520     100.00   26.22184  -85.66612   -0.00001    0.00007     4.5292     4.5996     4.3175     4.3178    34.9627    34.9615    27.7227    27.7217    1497.28    196.819    199.875         30 0.0000e+00
      50392   2099.606   1278.618   1291.000     4.4111     4.4115   3.346332   3.346268     1.9636     1.6500     100.00   26.22188  -85.66624   -0.00021   -0.00023     4.5326     4.5985     4.3057     4.3060    34.9630    34.9619    27.7242    27.7233    1497.22    196.964    199.828         32 0.0000e+00
      50737   2113.993   1291.454   1304.000     4.3959     4.3962   3.345529   3.345459     1.9625     1.6498     100.00   26.22177  -85.66587   -0.00023   -0.00018     4.5384     4.6076     4.2894     4.2897    34.9633    34.9621    27.7261    27.7252    1497.14    197.216    200.225         35 0.0000e+00
      50980   2124.144   1300.339   1313.000     4.3923     4.3927   3.345658   3.345597     1.9629     1.6496     100.00   26.22209  -85.66692    0.00015   -0.00013     4.5455     4.6125     4.2850     4.2854    34.9641    34.9629    27.7273    27.7263    1497.11    197.525    200.436         31 0.0000e+00
      51083   2128.426   1304.288   1317.000     4.3867     4.3871   3.345258   3.345195     1.9634     1.6504      91.51   26.22120  -85.66401    0.00011    0.00021     4.5505     4.6188     4.2791     4.2795    34.9633    34.9622    27.7273    27.7264    1497.04    197.743    200.710         30 0.0000e+00
      51117   2129.844   1305.276   1318.000     4.3864     4.3867   3.345348   3.345282     1.9637     1.6508     100.20   26.22186  -85.66616    0.00015    0.00027     4.5523     4.6212     4.2787     4.2790    34.9642    34.9631    27.7281    27.7272    1497.07    197.819    200.813         34 0.0000e+00
      51217   2133.981   1309.224   1322.000     4.3862     4.3865   3.345458   3.345390     1.9652     1.6519     100.00   26.22137  -85.66456    0.00035    0.00036     4.5602     4.6281     4.2781     4.2784    34.9637    34.9626    27.7277    27.7268    1497.02    198.162    201.113         30 0.0000e+00
      51251   2135.399   1310.211   1323.000     4.3863     4.3867   3.345567   3.345503     1.9655     1.6520     100.00   26.22186  -85.66616    0.00034    0.00023     4.5619     4.6289     4.2782     4.2785    34.9643    34.9632    27.7282    27.7273    1497.04    198.237    201.149         35 0.0000e+00
      51382   2140.860   1315.148   1328.000     4.3832     4.3837   3.345477   3.345430     1.9662     1.6532      96.72   26.22168  -85.66556    0.00011    0.00010     4.5678     4.6370     4.2746     4.2751    34.9642    34.9630    27.7285    27.7275    1497.00    198.493    201.502         31 0.0000e+00
      51413   2142.183   1316.135   1329.000     4.3821     4.3825   3.345446   3.345378     1.9662     1.6532      99.99   26.22186  -85.66616    0.00012    0.00002     4.5683     4.6378     4.2735     4.2738    34.9644    34.9632    27.7288    27.7278    1497.01    198.518    201.536         32 0.0000e+00
      51541   2147.505   1321.071   1334.000     4.3800     4.3804   3.345397   3.345338     1.9653     1.6519     100.00   26.22116  -85.66388   -0.00014   -0.00027     4.5683     4.6359     4.2709     4.2713    34.9636    34.9625    27.7284    27.7275    1496.94    198.516    201.454         34 0.0000e+00
      51578   2149.036   1322.058   1335.000     4.3793     4.3797   3.345458   3.345412     1.9652     1.6519     100.00   26.22186  -85.66616   -0.00013   -0.00004     4.5688     4.6365     4.2701     4.2705    34.9645    34.9635    27.7293    27.7284    1496.98    198.539    201.479         35 0.0000e+00
      51706   2154.355   1326.994   1340.000     4.3773     4.3776   3.345478   3.345409     1.9651     1.6520     100.00   26.22162  -85.66538    0.00002    0.00003     4.5717     4.6402     4.2677     4.2680    34.9644    34.9632    27.7294    27.7284    1496.94    198.661    201.642         37 0.0000e+00
      51839   2159.923   1331.930   1345.000     4.3759     4.3762   3.345573   3.345508     1.9646     1.6519     100.00   26.22168  -85.66558   -0.00019    0.00009     4.5729     4.6431     4.2658     4.2662    34.9646    34.9634    27.7297    27.7288    1496.92    198.717    201.767         30 0.0000e+00
      52058   2169.029   1339.826   1353.000     4.3711     4.3715   3.345524   3.345463     1.9636     1.6499     100.00   26.22196  -85.66649   -0.00012   -0.00022     4.5747     4.6405     4.2604     4.2608    34.9650    34.9639    27.7307    27.7297    1496.90    198.792    201.652         30 0.0000e+00
      52191   2174.590   1344.762   1358.000     4.3669     4.3674   3.345300   3.345245     1.9631     1.6504     100.00   26.22144  -85.66479   -0.00007    0.00016     4.5763     4.6462     4.2558     4.2563    34.9643    34.9632    27.7306    27.7297    1496.85    198.863    201.902         35 0.0000e+00
      52326   2180.226   1349.697   1363.000     4.3621     4.3625   3.345151   3.345089     1.9621     1.6494     100.00   26.22182  -85.66604   -0.00015   -0.00013     4.5760     4.6458     4.2505     4.2509    34.9652    34.9641    27.7319    27.7310    1496.84    198.850    201.884         34 0.0000e+00
      52678   2194.860   1362.528   1376.000     4.3577     4.3580   3.345302   3.345229     1.9636     1.6501     100.00   26.22168  -85.66559   -0.00005   -0.00013     4.5899     4.6570     4.2450     4.2453    34.9652    34.9640    27.7325    27.7315    1496.77    199.454    202.368         31 0.0000e+00
      52971   2207.098   1373.384   1387.000     4.3567     4.3571   3.345708   3.345644     1.9628     1.6500     100.00   26.22154  -85.66514    0.00010    0.00031     4.5937     4.6632     4.2430     4.2434    34.9655    34.9644    27.7330    27.7320    1496.72    199.617    202.640         31 0.0000e+00
      53004   2208.469   1374.372   1388.000     4.3567     4.3571   3.345789   3.345720     1.9630     1.6500     100.00   26.22186  -85.66618    0.00020    0.00007     4.5951     4.6638     4.2428     4.2433    34.9661    34.9649    27.7334    27.7324    1496.73    199.680    202.665         32 0.0000e+00
      53133   2213.820   1379.306   1393.000     4.3561     4.3565   3.345941   3.345871     1.9637     1.6508      74.63   26.22170  -85.66565    0.00009    0.00022     4.6006     4.6701     4.2419     4.2423    34.9660    34.9647    27.7334    27.7324    1496.70    199.918    202.937         33 0.0000e+00
      53166   2215.215   1380.293   1394.000     4.3561     4.3566   3.346004   3.345930     1.9638     1.6506     100.52   26.22186  -85.66618    0.00006    0.00016     4.6015     4.6702     4.2418     4.2422    34.9662    34.9649    27.7336    27.7325    1496.71    199.957    202.944         32 0.0000e+00
      53295   2220.593   1385.227   1399.000     4.3532     4.3538   3.345946   3.345893     1.9643     1.6508     100.00   26.22173  -85.66575    0.00004    0.00001     4.6069     4.6744     4.2384     4.2390    34.9662    34.9650    27.7340    27.7329    1496.68    200.193    203.124         30 0.0000e+00
      53326   2221.867   1386.214   1400.000     4.3516     4.3520   3.345869   3.345802     1.9644     1.6509     100.00   26.22186  -85.66618    0.00003    0.00002     4.6080     4.6755     4.2367     4.2372    34.9665    34.9652    27.7344    27.7334    1496.69    200.241    203.175         31 0.0000e+00
      53457   2227.328   1391.149   1405.000     4.3507     4.3511   3.345929   3.345865     1.9644     1.6508     100.00   26.22131  -85.66440    0.00008   -0.00006     4.6111     4.6781     4.2354     4.2357    34.9656    34.9645    27.7339    27.7329    1496.63    200.373    203.288         31 0.0000e+00
      53489   2228.681   1392.135   1406.000     4.3502     4.3507   3.345999   3.345932     1.9646     1.6508     100.00   26.22186  -85.66618   -0.00002   -0.00000     4.6125     4.6787     4.2348     4.2352    34.9665    34.9652    27.7346    27.7336    1496.66    200.437    203.314         31 0.0000e+00
      53593   2232.984   1396.083   1410.000     4.3466     4.3470   3.345771   3.345702     1.9641     1.6508     100.00   26.22119  -85.66400   -0.00011    0.00001     4.6137     4.6817     4.2309     4.2313    34.9656    34.9644    27.7343    27.7333    1496.61    200.488    203.442         31 0.0000e+00
