GOMECC/GOMECC-4/1db/drb2103_0031.cnv
* Sea-Bird SBE 9 Data File:
* FileName = C:\Users\scs.user.rb\CTD\GOMECC4\data\rb2103_003.hex
* Software Version Seasave V 7.26.7.107
* Temperature SN = 4799
* Conductivity SN = 3860
* Number of Bytes Per Scan = 41
* Number of Voltage Words = 4
* Number of Scans Averaged by the Deck Unit = 1
* NMEA Latitude = 26 59.30 N
* NMEA Longitude = 079 46.65 W
* NMEA UTC (Time) = Sep 14 2021  20:49:18
* NMEA baud rate = 4800
# nquan = 28
# nvalues = 238                         
# units = specified
# name 0 = scan: Scan Count
# name 1 = timeS: Time, Elapsed [seconds]
# name 2 = depSM: Depth [salt water, m]
# name 3 = prDM: Pressure, Digiquartz [db]
# name 4 = t090C: Temperature [ITS-90, deg C]
# name 5 = t190C: Temperature, 2 [ITS-90, deg C]
# name 6 = c0S/m: Conductivity [S/m]
# name 7 = c1S/m: Conductivity, 2 [S/m]
# name 8 = sbeox0V: Oxygen raw, SBE 43 [V]
# name 9 = sbeox1V: Oxygen raw, SBE 43, 2 [V]
# name 10 = altM: Altimeter [m]
# name 11 = latitude: Latitude [deg]
# name 12 = longitude: Longitude [deg]
# name 13 = sbox0dV/dT: Oxygen, SBE 43 [dov/dt]
# name 14 = sbox1dV/dT: Oxygen, SBE 43, 2 [dov/dt]
# name 15 = sbeox0ML/L: Oxygen, SBE 43 [ml/l], WS = 5
# name 16 = sbeox1ML/L: Oxygen, SBE 43, 2 [ml/l], WS = 5
# name 17 = potemp090C: Potential Temperature [ITS-90, deg C]
# name 18 = potemp190C: Potential Temperature, 2 [ITS-90, deg C]
# name 19 = sal00: Salinity, Practical [PSU]
# name 20 = sal11: Salinity, Practical, 2 [PSU]
# name 21 = sigma-é00: Density [sigma-theta, kg/m^3]
# name 22 = sigma-é11: Density, 2 [sigma-theta, kg/m^3]
# name 23 = avgsvCM: Average Sound Velocity [Chen-Millero, m/s], minP = 20, minS = 20
# name 24 = sbox0Mm/Kg: Oxygen, SBE 43 [umol/kg], WS = 5
# name 25 = sbox1Mm/Kg: Oxygen, SBE 43, 2 [umol/kg], WS = 5
# name 26 = nbin: number of scans per bin
# name 27 = flag: flag
# span 0 =       7231,      30733       
# span 1 =    301.264,   1280.488       
# span 2 =      4.967,    388.062       
# span 3 =      5.000,    391.000       
# span 4 =     7.6128,    29.6186       
# span 5 =     7.6141,    29.6390       
# span 6 =   3.599509,   5.980412       
# span 7 =   3.599630,   5.980925       
# span 8 =     1.6825,     3.1591       
# span 9 =     1.3883,     2.6946       
# span 10 =       7.60,     100.15      
# span 11 =   26.98579,   26.99681      
# span 12 =  -79.77974,  -79.76036      
# span 13 =   -0.07229,    0.03996      
# span 14 =   -0.05351,    0.01806      
# span 15 =     2.7486,     4.4740      
# span 16 =     2.5889,     4.4965      
# span 17 =     7.5738,    29.6166      
# span 18 =     7.5751,    29.6377      
# span 19 =    34.9633,    36.9184      
# span 20 =    34.9633,    36.9202      
# span 21 =    22.3612,    27.3080      
# span 22 =    22.3519,    27.3078      
# span 23 =       0.00,    1546.31      
# span 24 =    119.505,    195.119      
# span 25 =    113.082,    196.102      
# span 26 =         30,         71      
# span 27 = 0.0000e+00, 0.0000e+00      
# interval = decibars: 1                
# start_time = Sep 14 2021 20:49:18 [NMEA time, header]
# bad_flag = -9.990e-29
*END*
[from data line 104]
      16907    704.405    121.162    122.000    21.5209    21.5530   5.173178   5.174425     2.3779     2.0025      93.78   26.98869  -79.76697   -0.00734   -0.00661     3.4547     3.4847    21.4969    21.5292    36.7580    36.7565    25.6947    25.6898    1539.96    150.422    151.725         33 0.0000e+00
      16943    705.937    122.155    123.000    21.1382    21.1538   5.120931   5.122784     2.3569     1.9834      87.87   26.99235  -79.77774   -0.01148   -0.01173     3.4412     3.4620    21.1144    21.1299    36.6684    36.6700    25.7333    25.7302    1540.07    149.827    150.734         36 0.0000e+00
      16977    707.316    123.148    124.000    21.0224    21.0273   5.104838   5.105528     2.3437     1.9701     100.03   26.99238  -79.77774   -0.01327   -0.01376     3.4221     3.4401    20.9985    21.0034    36.6376    36.6390    25.7417    25.7414    1539.97    148.995    149.782         30 0.0000e+00
      17034    709.697    125.133    126.000    20.7851    20.7934   5.073157   5.073974     2.3272     1.9553     100.00   26.99198  -79.77648   -0.00768   -0.00735     3.4047     3.4225    20.7610    20.7693    36.5843    36.5837    25.7658    25.7632    1539.75    148.237    149.009         31 0.0000e+00
      17067    711.063    126.126    127.000    20.5871    20.5964   5.047786   5.048818     2.3122     1.9444      62.23   26.99242  -79.77774   -0.00797   -0.00661     3.3872     3.4106    20.5630    20.5722    36.5483    36.5487    25.7922    25.7901    1539.68    147.467    148.486         34 0.0000e+00
      17100    712.473    127.119    128.000    20.4375    20.4550   5.028992   5.030859     2.2935     1.9304      97.17   26.99243  -79.77774   -0.01065   -0.00807     3.3622     3.3914    20.4133    20.4308    36.5237    36.5239    25.8139    25.8093    1539.58    146.378    147.650         33 0.0000e+00
      17191    716.256    130.098    131.000    20.0676    20.0712   4.985898   4.986376     2.2280     1.8676     100.00   26.99270  -79.77839   -0.01808   -0.01768     3.2464     3.2685    20.0431    20.0468    36.4895    36.4902    25.8870    25.8866    1539.27    141.326    142.286         33 0.0000e+00
      17224    717.625    131.090    132.000    20.0120    20.0160   4.979556   4.980117     2.2081     1.8525     100.00   26.99251  -79.77776   -0.01733   -0.01531     3.2030     3.2323    19.9874    19.9914    36.4849    36.4861    25.8982    25.8981    1539.15    139.437    140.713         33 0.0000e+00
      17257    718.987    132.083    133.000    20.0004    20.0009   4.978462   4.978707     2.1948     1.8414     100.00   26.99253  -79.77776   -0.01365   -0.01097     3.1773     3.2083    19.9756    19.9761    36.4856    36.4872    25.9019    25.9030    1539.04    138.314    139.665         33 0.0000e+00
      17290    720.361    133.076    134.000    19.9848    19.9853   4.976924   4.977091     2.1867     1.8360     100.00   26.99254  -79.77776   -0.00981   -0.00773     3.1612     3.1968    19.9599    19.9603    36.4861    36.4871    25.9065    25.9071    1538.94    137.613    139.164         32 0.0000e+00
      17320    721.641    134.068    135.000    19.9324    19.9355   4.971220   4.971598     2.1804     1.8304     100.00   26.99256  -79.77776   -0.00663   -0.00509     3.1514     3.1869    19.9073    19.9104    36.4842    36.4846    25.9190    25.9185    1538.84    137.188    138.732         30 0.0000e+00
      17376    723.955    136.054    137.000    19.7414    19.7439   4.950748   4.951071     2.1568     1.8048      99.41   26.98702  -79.76135   -0.00735   -0.00715     3.1130     3.1383    19.7161    19.7186    36.4777    36.4782    25.9639    25.9636    1538.31    135.507    136.607         30 0.0000e+00
      17411    725.417    137.047    138.000    19.7053    19.7082   4.947581   4.948080     2.1375     1.7852      99.99   26.99260  -79.77778   -0.01096   -0.01183     3.0738     3.0941    19.6798    19.6828    36.4852    36.4867    25.9798    25.9802    1538.53    133.799    134.684         34 0.0000e+00
      17446    726.881    138.040    139.000    19.6708    19.6737   4.944578   4.944942     2.1172     1.7673     100.00   26.99263  -79.77778   -0.01384   -0.01395     3.0321     3.0535    19.6452    19.6481    36.4899    36.4904    25.9925    25.9922    1538.43    131.983    132.916         35 0.0000e+00
      17479    728.229    139.033    140.000    19.6253    19.6287   4.941079   4.941461     2.1023     1.7570     100.00   26.99264  -79.77778   -0.01369   -0.01209     3.0026     3.0318    19.5996    19.6030    36.5002    36.5004    26.0124    26.0117    1538.33    130.695    131.966         30 0.0000e+00
      17508    729.460    140.025    141.000    19.5591    19.5620   4.935837   4.936204     2.0918     1.7493      82.16   26.99267  -79.77778   -0.01141   -0.00875     2.9820     3.0159    19.5332    19.5361    36.5129    36.5134    26.0395    26.0391    1538.23    129.794    131.271         30 0.0000e+00
      17540    730.776    141.018    142.000    19.5247    19.5283   4.932196   4.932604     2.0825     1.7406      99.78   26.99268  -79.77778   -0.00902   -0.00672     2.9659     2.9990    19.4987    19.5022    36.5135    36.5138    26.0490    26.0483    1538.14    129.095    130.533         33 0.0000e+00
      17573    732.146    142.010    143.000    19.4249    19.4312   4.923158   4.923693     2.0756     1.7354      87.20   26.99268  -79.77778   -0.00701   -0.00589     2.9569     2.9920    19.3988    19.4051    36.5252    36.5241    26.0841    26.0816    1538.03    128.700    130.227         31 0.0000e+00
      17603    733.412    143.003    144.000    19.2714    19.2661   4.907553   4.907822     2.0705     1.7326      98.96   26.99272  -79.77778   -0.00546   -0.00438     2.9572     2.9979    19.2453    19.2399    36.5362    36.5360    26.1324    26.1337    1537.95    128.705    130.477         31 0.0000e+00
      17634    734.701    143.996    145.000    19.1573    19.1592   4.897150   4.897444     2.0766     1.7431      99.99   26.99273  -79.77780   -0.00266   -0.00064     2.9756     3.0265    19.1310    19.1330    36.5419    36.5426    26.1664    26.1665    1537.83    129.501    131.715         31 0.0000e+00
      17666    736.027    144.989    146.000    19.1464    19.1473   4.896585   4.896836     2.0921     1.7600     100.00   26.99274  -79.77780    0.00378    0.00624     3.0106     3.0681    19.1200    19.1209    36.5463    36.5477    26.1727    26.1735    1537.73    131.023    133.528         32 0.0000e+00
      17697    737.319    145.982    147.000    19.1329    19.1354   4.895524   4.895853     2.1046     1.7714     100.00   26.99276  -79.77780    0.00954    0.01082     3.0391     3.0965    19.1063    19.1088    36.5490    36.5495    26.1782    26.1780    1537.63    132.266    134.764         31 0.0000e+00
      17728    738.610    146.974    148.000    19.0094    19.0164   4.882810   4.883447     2.1126     1.7796     100.00   26.99279  -79.77780    0.00950    0.00943     3.0645     3.1238    18.9828    18.9897    36.5505    36.5498    26.2113    26.2089    1537.53    133.365    135.946         31 0.0000e+00
      17760    739.958    147.967    149.000    18.8454    18.8510   4.863437   4.863981     2.1278     1.7952     100.00   26.99280  -79.77780    0.00821    0.00819     3.1091     3.1720    18.8188    18.8243    36.5316    36.5313    26.2389    26.2373    1537.43    135.302    138.040         33 0.0000e+00
      17792    741.294    148.960    150.000    18.7885    18.7934   4.856398   4.857000     2.1378     1.8016     100.00   26.99282  -79.77780    0.00924    0.00879     3.1352     3.1916    18.7618    18.7666    36.5221    36.5229    26.2462    26.2456    1537.33    136.437    138.890         31 0.0000e+00
      17822    742.556    149.952    151.000    18.7709    18.7721   4.854398   4.854730     2.1382     1.7984     100.00   26.99284  -79.77780    0.00730    0.00546     3.1378     3.1855    18.7440    18.7452    36.5204    36.5221    26.2495    26.2505    1537.22    136.550    138.627         30 0.0000e+00
      17853    743.842    150.945    152.000    18.7325    18.7349   4.850992   4.851270     2.1367     1.7959     100.00   26.99284  -79.77780    0.00206   -0.00037     3.1371     3.1821    18.7054    18.7078    36.5252    36.5255    26.2630    26.2626    1537.13    136.516    138.474         32 0.0000e+00
      17887    745.244    151.938    153.000    18.7058    18.7072   4.848763   4.849069     2.1391     1.8033     100.00   26.99288  -79.77782    0.00048    0.00050     3.1443     3.2019    18.6786    18.6800    36.5296    36.5309    26.2732    26.2738    1537.03    136.830    139.337         34 0.0000e+00
      17919    746.580    152.930    154.000    18.6585    18.6660   4.843085   4.843910     2.1642     1.8267     100.00   26.99290  -79.77782    0.00557    0.00756     3.2043     3.2625    18.6311    18.6389    36.5229    36.5242    26.2802    26.2795    1536.93    139.438    141.973         31 0.0000e+00
      17976    748.957    154.916    156.000    18.5998    18.6011   4.835930   4.836202     2.1687     1.8268      99.99   26.99064  -79.77106    0.00739    0.00509     3.2184     3.2673    18.5722    18.5734    36.5126    36.5137    26.2870    26.2875    1536.61    140.054    142.180         30 0.0000e+00
      18010    750.356    155.908    157.000    18.5918    18.5928   4.835645   4.835898     2.1711     1.8308     100.00   26.99294  -79.77782    0.00227    0.00086     3.2246     3.2778    18.5639    18.5650    36.5179    36.5191    26.2934    26.2941    1536.64    140.321    142.638         35 0.0000e+00
      18046    751.860    156.901    158.000    18.5791    18.5806   4.834642   4.834926     2.1790     1.8392      86.78   26.99296  -79.77782    0.00205    0.00251     3.2434     3.2996    18.5511    18.5527    36.5202    36.5213    26.2985    26.2989    1536.54    141.137    143.582         34 0.0000e+00
      18134    755.527    159.879    161.000    18.4272    18.4294   4.817752   4.818041     2.2252     1.8876      89.31   26.99100  -79.77187    0.01179    0.01307     3.3578     3.4290    18.3989    18.4010    36.5097    36.5103    26.3288    26.3287    1536.15    146.114    149.210         31 0.0000e+00
      18166    756.896    160.872    162.000    18.3824    18.3848   4.812352   4.812708     2.2378     1.8946      99.83   26.99303  -79.77784    0.01462    0.01424     3.3897     3.4495    18.3540    18.3564    36.5037    36.5046    26.3357    26.3357    1536.17    147.498    150.101         33 0.0000e+00
      18200    758.306    161.864    163.000    18.3251    18.3279   4.804951   4.805303     2.2367     1.8890      98.52   26.99306  -79.77784    0.00930    0.00599     3.3918     3.4402    18.2965    18.2993    36.4912    36.4917    26.3406    26.3402    1536.08    147.591    149.698         34 0.0000e+00
      18234    759.705    162.857    164.000    18.2551    18.2581   4.795731   4.796027     2.2219     1.8695     100.02   26.99306  -79.77784   -0.00088   -0.00443     3.3642     3.3978    18.2264    18.2294    36.4743    36.4742    26.3452    26.3444    1535.99    146.389    147.851         32 0.0000e+00
      18294    762.205    164.842    166.000    18.1178    18.1220   4.777919   4.778323     2.1689     1.8160     100.00   26.99372  -79.77970   -0.01787   -0.01984     3.2557     3.2757    18.0889    18.0931    36.4437    36.4434    26.3562    26.3550    1535.84    141.665    142.536         30 0.0000e+00
      18324    763.475    165.835    167.000    18.0341    18.0362   4.767846   4.768099     2.1366     1.7849      82.66   26.99312  -79.77786   -0.02274   -0.02294     3.1897     3.2058    18.0052    18.0073    36.4312    36.4315    26.3675    26.3672    1535.70    138.791    139.492         32 0.0000e+00
      18357    764.847    166.828    168.000    17.9651    17.9693   4.759576   4.760055     2.1142     1.7676      60.61   26.99313  -79.77786   -0.02227   -0.02033     3.1442     3.1678    17.9360    17.9402    36.4214    36.4218    26.3772    26.3764    1535.61    136.812    137.837         33 0.0000e+00
      18390    766.214    167.820    169.000    17.8930    17.8951   4.750815   4.751040     2.1009     1.7581     100.15   26.99316  -79.77788   -0.01807   -0.01382     3.1194     3.1494    17.8638    17.8659    36.4101    36.4101    26.3864    26.3859    1535.52    135.733    137.035         33 0.0000e+00
      18422    767.521    168.813    170.000    17.8033    17.8075   4.739849   4.740268     2.0893     1.7482     100.00   26.99318  -79.77788   -0.01104   -0.00825     3.0996     3.1310    17.7741    17.7783    36.3953    36.3951    26.3972    26.3960    1535.42    134.867    136.233         30 0.0000e+00
      18452    768.803    169.806    171.000    17.7131    17.7159   4.728840   4.729132     2.0750     1.7333     100.00   26.99319  -79.77788   -0.00952   -0.00818     3.0735     3.1002    17.6838    17.6866    36.3805    36.3805    26.4081    26.4075    1535.33    133.730    134.892         32 0.0000e+00
      18485    770.166    170.798    172.000    17.6452    17.6478   4.720874   4.721170     2.0578     1.7176     100.00   26.99322  -79.77788   -0.01100   -0.01067     3.0393     3.0659    17.6158    17.6184    36.3720    36.3723    26.4183    26.4179    1535.24    132.239    133.399         33 0.0000e+00
      18517    771.519    171.790    173.000    17.5836    17.5867   4.713606   4.713910     2.0483     1.7130     100.00   26.99322  -79.77788   -0.01108   -0.00982     3.0221     3.0585    17.5541    17.5572    36.3638    36.3638    26.4272    26.4264    1535.15    131.494    133.076         31 0.0000e+00
      18575    773.924    173.776    175.000    17.3454    17.3484   4.685049   4.685348     2.0316     1.6973      99.99   26.99133  -79.77218   -0.00649   -0.00489     3.0002     3.0350    17.3159    17.3188    36.3280    36.3279    26.4576    26.4568    1534.84    130.536    132.049         30 0.0000e+00
      18609    775.326    174.768    176.000    17.2980    17.2996   4.679613   4.679765     2.0251     1.6948      98.62   26.99328  -79.77790   -0.00667   -0.00563     2.9891     3.0320    17.2684    17.2702    36.3236    36.3238    26.4659    26.4657    1534.86    130.051    131.918         35 0.0000e+00
      18646    776.872    175.761    177.000    17.2352    17.2360   4.672210   4.672355     2.0246     1.6953      94.31   26.99329  -79.77790   -0.00418   -0.00251     2.9920     3.0375    17.2055    17.2063    36.3151    36.3157    26.4746    26.4749    1534.76    130.177    132.157         38 0.0000e+00
      18732    780.438    178.739    180.000    17.1326    17.1361   4.660221   4.660482     2.0272     1.6988      99.99   26.98977  -79.76732    0.00068    0.00084     3.0059     3.0538    17.1025    17.1060    36.3001    36.2992    26.4876    26.4861    1534.27    130.777    132.862         31 0.0000e+00
      18768    781.941    179.731    181.000    17.0562    17.0574   4.651685   4.651925     2.0313     1.7051     100.00   26.99337  -79.77790    0.00152    0.00235     3.0205     3.0750    17.0260    17.0272    36.2953    36.2963    26.5027    26.5031    1534.38    131.414    133.784         37 0.0000e+00
      18805    783.479    180.724    182.000    17.0494    17.0504   4.650959   4.651182     2.0414     1.7138     100.00   26.99340  -79.77790    0.00330    0.00445     3.0448     3.0976    17.0191    17.0200    36.2946    36.2957    26.5039    26.5045    1534.29    132.469    134.768         35 0.0000e+00
      18892    787.105    183.701    185.000    17.0275    17.0293   4.648538   4.648884     2.0473     1.7191      99.99   26.99204  -79.77380    0.00227    0.00166     3.0606     3.1135    16.9967    16.9985    36.2906    36.2914    26.5060    26.5062    1533.93    133.157    135.458         30 0.0000e+00
