GOMECC/GOMECC-4/1db/drb2103_0241.cnv
* Sea-Bird SBE 9 Data File:
* FileName = C:\Users\scs.user.rb\CTD\GOMECC4\data\rb2103_0241.hex
* Software Version Seasave V 7.26.7.107
* Temperature SN = 4799
* Conductivity SN = 3860
* Number of Bytes Per Scan = 41
* Number of Voltage Words = 4
* Number of Scans Averaged by the Deck Unit = 1
* NMEA Latitude = 28 41.35 N
* NMEA Longitude = 086 03.85 W
* NMEA UTC (Time) = Sep 21 2021  05:37:15
* NMEA baud rate = 4800
# nquan = 28
# nvalues = 268                         
# units = specified
# name 0 = scan: Scan Count
# name 1 = timeS: Time, Elapsed [seconds]
# name 2 = depSM: Depth [salt water, m]
# name 3 = prDM: Pressure, Digiquartz [db]
# name 4 = t090C: Temperature [ITS-90, deg C]
# name 5 = t190C: Temperature, 2 [ITS-90, deg C]
# name 6 = c0S/m: Conductivity [S/m]
# name 7 = c1S/m: Conductivity, 2 [S/m]
# name 8 = sbeox0V: Oxygen raw, SBE 43 [V]
# name 9 = sbeox1V: Oxygen raw, SBE 43, 2 [V]
# name 10 = altM: Altimeter [m]
# name 11 = latitude: Latitude [deg]
# name 12 = longitude: Longitude [deg]
# name 13 = sbox0dV/dT: Oxygen, SBE 43 [dov/dt]
# name 14 = sbox1dV/dT: Oxygen, SBE 43, 2 [dov/dt]
# name 15 = sbeox0ML/L: Oxygen, SBE 43 [ml/l], WS = 5
# name 16 = sbeox1ML/L: Oxygen, SBE 43, 2 [ml/l], WS = 5
# name 17 = potemp090C: Potential Temperature [ITS-90, deg C]
# name 18 = potemp190C: Potential Temperature, 2 [ITS-90, deg C]
# name 19 = sal00: Salinity, Practical [PSU]
# name 20 = sal11: Salinity, Practical, 2 [PSU]
# name 21 = sigma-é00: Density [sigma-theta, kg/m^3]
# name 22 = sigma-é11: Density, 2 [sigma-theta, kg/m^3]
# name 23 = avgsvCM: Average Sound Velocity [Chen-Millero, m/s], minP = 20, minS = 20
# name 24 = sbox0Mm/Kg: Oxygen, SBE 43 [umol/kg], WS = 5
# name 25 = sbox1Mm/Kg: Oxygen, SBE 43, 2 [umol/kg], WS = 5
# name 26 = nbin: number of scans per bin
# name 27 = flag: flag
# span 0 =       9442,      24839       
# span 1 =    393.393,   1034.937       
# span 2 =      4.967,    304.716       
# span 3 =      5.000,    307.000       
# span 4 =    11.2280,    28.9277       
# span 5 =    11.2301,    28.9293       
# span 6 =   3.977168,   5.821831       
# span 7 =   3.977382,   5.822069       
# span 8 =     1.6719,     3.2388       
# span 9 =     1.3728,     2.7638       
# span 10 =      11.68,     100.73      
# span 11 =   28.68618,   28.70838      
# span 12 =  -86.12065,  -86.05439      
# span 13 =   -0.03364,    0.01539      
# span 14 =   -0.03183,    0.01408      
# span 15 =     2.5499,     4.6831      
# span 16 =     2.5872,     4.6918      
# span 17 =    11.1900,    28.9199      
# span 18 =    11.1922,    28.9216      
# span 19 =    34.7621,    36.5959      
# span 20 =    34.7629,    36.5947      
# span 21 =    22.1032,    27.0521      
# span 22 =    22.1037,    27.0522      
# span 23 =       0.00,    1546.10      
# span 24 =    110.883,    204.378      
# span 25 =    112.502,    204.755      
# span 26 =         30,         61      
# span 27 = 0.0000e+00, 0.0000e+00      
# interval = decibars: 1                
# start_time = Sep 21 2021 05:37:15 [NMEA time, header]
# bad_flag = -9.990e-29
*END*
[from data line 104]
      13778    574.051    108.241    109.000    19.1629    19.1642   4.892326   4.892479     2.0699     1.7259     100.15   28.68928  -86.06380   -0.00935   -0.00890     2.9480     2.9720    19.1432    19.1445    36.5100    36.5101    26.1389    26.1386    1536.19    128.304    129.349         35 0.0000e+00
      13813    575.516    109.233    110.000    19.1093    19.1100   4.886723   4.886864     2.0626     1.7195     100.00   28.68928  -86.06380   -0.00839   -0.00771     2.9355     2.9602    19.0895    19.0901    36.5098    36.5104    26.1526    26.1529    1536.07    127.758    128.835         35 0.0000e+00
      13846    576.877    110.226    111.000    19.0412    19.0427   4.878233   4.878393     2.0618     1.7220     100.00   28.68928  -86.06380   -0.00488   -0.00361     2.9383     2.9704    19.0212    19.0227    36.4980    36.4980    26.1612    26.1608    1535.94    127.880    129.278         31 0.0000e+00
      13877    578.163    111.219    112.000    18.9158    18.9162   4.861620   4.861178     2.0586     1.7195     100.00   28.68928  -86.06380   -0.00206   -0.00047     2.9389     2.9721    18.8957    18.8962    36.4714    36.4704    26.1731    26.1722    1535.82    127.904    129.349         31 0.0000e+00
      13910    579.528    112.212    113.000    18.6939    18.6952   4.835398   4.835546     2.0445     1.7011     100.00   28.68928  -86.06378   -0.00389   -0.00357     2.9225     2.9421    18.6738    18.6751    36.4422    36.4423    26.2075    26.2073    1535.70    127.187    128.041         35 0.0000e+00
      13944    580.966    113.204    114.000    18.6108    18.6123   4.826178   4.826358     2.0340     1.6946     100.00   28.68928  -86.06378   -0.00745   -0.00796     2.9047     2.9306    18.5906    18.5921    36.4371    36.4373    26.2248    26.2245    1535.56    126.407    127.537         33 0.0000e+00
      13976    582.280    114.197    115.000    18.5597    18.5606   4.820473   4.820622     2.0270     1.6903     100.00   28.68928  -86.06378   -0.00798   -0.00711     2.8926     2.9237    18.5394    18.5402    36.4335    36.4340    26.2350    26.2352    1535.44    125.883    127.232         30 0.0000e+00
      14007    583.599    115.190    116.000    18.5011    18.5021   4.813650   4.813795     2.0227     1.6855     100.00   28.68928  -86.06378   -0.00567   -0.00417     2.8866     2.9154    18.4806    18.4817    36.4271    36.4274    26.2449    26.2449    1535.32    125.620    126.872         34 0.0000e+00
      14043    585.063    116.183    117.000    18.4467    18.4476   4.807565   4.807723     2.0159     1.6784     100.00   28.68928  -86.06378   -0.00400   -0.00380     2.8755     2.9018    18.4261    18.4271    36.4231    36.4236    26.2557    26.2559    1535.18    125.133    126.278         35 0.0000e+00
      14075    586.407    117.176    118.000    18.4286    18.4292   4.805997   4.806176     2.0101     1.6743     100.00   28.68928  -86.06378   -0.00433   -0.00436     2.8640     2.8933    18.4078    18.4085    36.4255    36.4264    26.2622    26.2627    1535.05    124.634    125.909         31 0.0000e+00
      14106    587.722    118.168    119.000    18.3434    18.3463   4.796346   4.796399     2.0078     1.6742     100.00   28.68928  -86.06378   -0.00391   -0.00283     2.8643     2.8983    18.3225    18.3256    36.4175    36.4171    26.2775    26.2770    1534.93    124.646    126.122         32 0.0000e+00
      14140    589.105    119.161    120.000    18.2717    18.2728   4.787974   4.788114     2.0043     1.6704      98.28   28.68928  -86.06378   -0.00247   -0.00136     2.8612     2.8935    18.2507    18.2519    36.4102    36.4104    26.2900    26.2899    1534.81    124.510    125.912         34 0.0000e+00
      14173    590.509    120.154    121.000    18.2145    18.2154   4.781185   4.781324     1.9992     1.6649      92.72   28.68928  -86.06378   -0.00258   -0.00245     2.8538     2.8837    18.1934    18.1943    36.4026    36.4031    26.2986    26.2987    1534.68    124.184    125.488         34 0.0000e+00
      14206    591.885    121.147    122.000    18.1592    18.1603   4.774925   4.775070     1.9933     1.6591      99.94   28.68928  -86.06377   -0.00361   -0.00382     2.8442     2.8729    18.1379    18.1390    36.3979    36.3982    26.3088    26.3087    1534.56    123.764    125.014         32 0.0000e+00
      14238    593.195    122.139    123.000    18.1153    18.1161   4.770080   4.770220     1.9877     1.6548     100.00   28.68928  -86.06376   -0.00411   -0.00394     2.8347     2.8653    18.0939    18.0948    36.3950    36.3955    26.3176    26.3178    1534.44    123.351    124.685         31 0.0000e+00
      14270    594.556    123.132    124.000    18.0747    18.0761   4.765700   4.765878     1.9844     1.6544      74.47   28.68928  -86.06376   -0.00395   -0.00294     2.8300     2.8668    18.0532    18.0545    36.3932    36.3936    26.3264    26.3263    1534.32    123.146    124.746         34 0.0000e+00
      14305    596.007    124.124    125.000    17.9860    17.9877   4.755221   4.755401     1.9856     1.6559      87.00   28.68928  -86.06376   -0.00198   -0.00054     2.8385     2.8761    17.9631    17.9663    36.3831    36.3831    26.3410    26.3406    1534.21    123.515    125.151         34 0.0000e+00
      14337    597.316    125.117    126.000    17.9029    17.9046   4.745471   4.745653     1.9849     1.6541     100.03   28.68928  -86.06376   -0.00011    0.00033     2.8422     2.8768    17.8812    17.8829    36.3718    36.3718    26.3527    26.3523    1534.08    123.675    125.178         30 0.0000e+00
      14367    598.582    126.110    127.000    17.7939    17.7959   4.732258   4.732372     1.9808     1.6485     100.00   28.68928  -86.06376   -0.00057   -0.00121     2.8399     2.8696    17.7721    17.7741    36.3549    36.3540    26.3667    26.3656    1533.96    123.573    124.864         32 0.0000e+00
      14402    600.044    127.103    128.000    17.6922    17.6929   4.720655   4.720801     1.9704     1.6381     100.00   28.68928  -86.06376   -0.00352   -0.00449     2.8230     2.8502    17.6703    17.6711    36.3452    36.3458    26.3844    26.3846    1533.84    122.833    124.016         37 0.0000e+00
      14437    601.506    128.095    129.000    17.6685    17.6702   4.718402   4.718620     1.9647     1.6349     100.00   28.68928  -86.06376   -0.00569   -0.00559     2.8119     2.8438    17.6465    17.6481    36.3465    36.3469    26.3912    26.3912    1533.72    122.348    123.740         32 0.0000e+00
      14467    602.768    129.088    130.000    17.5778    17.5793   4.707321   4.707406     1.9654     1.6371     100.00   28.68928  -86.06376   -0.00399   -0.00257     2.8193     2.8552    17.5557    17.5572    36.3314    36.3308    26.4019    26.4011    1533.60    122.672    124.232         30 0.0000e+00
      14499    604.085    130.081    131.000    17.4698    17.4716   4.694686   4.694878     1.9612     1.6316     100.00   28.68928  -86.06376   -0.00152   -0.00063     2.8165     2.8478    17.4476    17.4494    36.3182    36.3182    26.4182    26.4178    1533.48    122.547    123.910         34 0.0000e+00
      14534    605.529    131.073    132.000    17.4071    17.4084   4.687279   4.687450     1.9522     1.6226     100.00   28.68928  -86.06376   -0.00319   -0.00352     2.8003     2.8296    17.3848    17.3861    36.3096    36.3099    26.4269    26.4269    1533.36    121.841    123.114         34 0.0000e+00
      14565    606.853    132.066    133.000    17.3462    17.3460   4.680191   4.680181     1.9477     1.6174     100.00   28.68928  -86.06376   -0.00508   -0.00530     2.7942     2.8206    17.3237    17.3236    36.3023    36.3023    26.4361    26.4362    1533.24    121.573    122.722         30 0.0000e+00
      14596    608.118    133.059    134.000    17.2511    17.2533   4.669116   4.669268     1.9443     1.6154     100.00   28.68928  -86.06376   -0.00403   -0.00398     2.7918     2.8213    17.2286    17.2308    36.2901    36.2895    26.4498    26.4488    1533.12    121.470    122.751         32 0.0000e+00
      14631    609.595    134.051    135.000    17.0984    17.1010   4.651345   4.651529     1.9396     1.6128     100.00   28.68928  -86.06376   -0.00310   -0.00227     2.7913     2.8239    17.0759    17.0785    36.2724    36.2717    26.4731    26.4719    1533.00    121.445    122.864         37 0.0000e+00
      14666    611.037    135.044    136.000    16.9328    16.9350   4.632082   4.632187     1.9383     1.6127     100.00   28.68928  -86.06375   -0.00241   -0.00111     2.7986     2.8338    16.9102    16.9124    36.2524    36.2514    26.4975    26.4962    1532.88    121.759    123.288         32 0.0000e+00
      14697    612.333    136.037    137.000    16.8280    16.8296   4.620034   4.620206     1.9384     1.6127      94.95   28.68928  -86.06374   -0.00120   -0.00055     2.8055     2.8395    16.8053    16.8070    36.2407    36.2407    26.5135    26.5132    1532.75    122.057    123.535         31 0.0000e+00
      14728    613.645    137.029    138.000    16.7724    16.7737   4.613590   4.613738     1.9427     1.6187      91.52   28.68928  -86.06374    0.00049    0.00106     2.8192     2.8589    16.7496    16.7510    36.2338    36.2339    26.5215    26.5212    1532.63    122.653    124.381         33 0.0000e+00
      14762    615.035    138.022    139.000    16.6944    16.6955   4.604393   4.604515     1.9470     1.6226      99.96   28.68928  -86.06374    0.00246    0.00306     2.8342     2.8739    16.6715    16.6727    36.2228    36.2228    26.5316    26.5313    1532.51    123.304    125.031         33 0.0000e+00
      14796    616.444    139.014    140.000    16.6427    16.6443   4.598283   4.598477     1.9464     1.6211     100.00   28.68928  -86.06374    0.00238    0.00265     2.8365     2.8736    16.6198    16.6213    36.2152    36.2155    26.5379    26.5378    1532.39    123.406    125.015         34 0.0000e+00
      14829    617.848    140.007    141.000    16.5232    16.5257   4.584189   4.584399     1.9421     1.6161     100.00   28.68928  -86.06374   -0.00030   -0.00095     2.8344     2.8684    16.5002    16.5027    36.1983    36.1979    26.5532    26.5523    1532.27    123.310    124.791         33 0.0000e+00
      14861    619.183    141.000    142.000    16.4267    16.4294   4.572945   4.573165     1.9370     1.6122      76.45   28.68928  -86.06374   -0.00268   -0.00287     2.8288     2.8645    16.4036    16.4063    36.1857    36.1852    26.5662    26.5652    1532.14    123.064    124.619         32 0.0000e+00
      14893    620.507    141.992    143.000    16.3277    16.3291   4.561280   4.561405     1.9323     1.6092      99.75   28.68928  -86.06374   -0.00363   -0.00301     2.8244     2.8632    16.3046    16.3060    36.1715    36.1713    26.5785    26.5780    1532.02    122.874    124.560         32 0.0000e+00
      14926    621.883    142.985    144.000    16.2820    16.2839   4.555893   4.556093     1.9279     1.6047     100.00   28.68928  -86.06374   -0.00352   -0.00267     2.8174     2.8548    16.2588    16.2607    36.1646    36.1647    26.5839    26.5835    1531.90    122.566    124.192         34 0.0000e+00
      14960    623.302    143.978    145.000    16.1878    16.1902   4.544816   4.545044     1.9226     1.5995     100.00   28.68928  -86.06374   -0.00341   -0.00311     2.8113     2.8475    16.1645    16.1669    36.1512    36.1510    26.5955    26.5948    1531.77    122.300    123.873         34 0.0000e+00
      14994    624.695    144.970    146.000    16.1207    16.1219   4.536989   4.537123     1.9172     1.5942     100.00   28.68928  -86.06374   -0.00370   -0.00379     2.8030     2.8380    16.0973    16.0985    36.1420    36.1420    26.6040    26.6037    1531.64    121.936    123.459         33 0.0000e+00
      15027    626.082    145.963    147.000    16.0477    16.0473   4.528292   4.528188     1.9105     1.5879      99.84   28.68928  -86.06374   -0.00406   -0.00399     2.7924     2.8272    16.0242    16.0238    36.1303    36.1297    26.6119    26.6115    1531.52    121.474    122.988         33 0.0000e+00
      15059    627.433    146.955    148.000    15.9393    15.9418   4.515413   4.515561     1.9050     1.5832     100.00   28.68928  -86.06373   -0.00446   -0.00407     2.7864     2.8218    15.9158    15.9183    36.1133    36.1123    26.6238    26.6225    1531.40    121.214    122.755         32 0.0000e+00
      15091    628.745    147.948    149.000    15.8187    15.8199   4.501460   4.501488     1.9044     1.5851     100.00   28.68928  -86.06372   -0.00363   -0.00277     2.7922     2.8333    15.7951    15.7963    36.0977    36.0978    26.6395    26.6393    1531.27    121.464    123.251         31 0.0000e+00
      15123    630.103    148.940    150.000    15.7487    15.7502   4.493342   4.493524     1.9089     1.5886      51.34   28.68928  -86.06372   -0.00036    0.00068     2.8082     2.8478    15.7251    15.7265    36.0882    36.0885    26.6482    26.6481    1531.15    122.161    123.884         35 0.0000e+00
      15158    631.541    149.933    151.000    15.7303    15.7310   4.491158   4.491253     1.9057     1.5829     100.73   28.68928  -86.06371    0.00131    0.00078     2.8022     2.8348    15.7065    15.7072    36.0849    36.0851    26.6499    26.6499    1531.02    121.899    123.316         32 0.0000e+00
      15189    632.824    150.926    152.000    15.6939    15.6951   4.486857   4.486808     1.9006     1.5779     100.00   28.68928  -86.06370   -0.00140   -0.00221     2.7931     2.8260    15.6700    15.6712    36.0791    36.0790    26.6537    26.6534    1530.92    121.502    122.931         30 0.0000e+00
      15219    634.094    151.918    153.000    15.6358    15.6366   4.480167   4.480264     1.8935     1.5726     100.00   28.68928  -86.06370   -0.00421   -0.00408     2.7799     2.8144    15.6117    15.6126    36.0715    36.0716    26.6611    26.6610    1530.78    120.927    122.429         32 0.0000e+00
      15254    635.550    152.910    154.000    15.6212    15.6221   4.478581   4.478703     1.8915     1.5713     100.00   28.68928  -86.06370   -0.00398   -0.00337     2.7764     2.8123    15.5970    15.5979    36.0701    36.0704    26.6634    26.6634    1530.66    120.772    122.335         37 0.0000e+00
      15289    636.985    153.903    155.000    15.5957    15.5963   4.475681   4.475770     1.8940     1.5747     100.00   28.68928  -86.06370   -0.00140   -0.00080     2.7826     2.8227    15.5714    15.5721    36.0669    36.0670    26.6668    26.6667    1530.54    121.042    122.787         32 0.0000e+00
      15319    638.258    154.896    156.000    15.5518    15.5528   4.470557   4.470644     1.8997     1.5816     100.00   28.68928  -86.06370    0.00167    0.00263     2.8014     2.8439    15.5274    15.5284    36.0603    36.0602    26.6716    26.6713    1530.43    121.862    123.709         30 0.0000e+00
      15351    639.563    155.888    157.000    15.4899    15.4914   4.463226   4.463373     1.9018     1.5837     100.00   28.68928  -86.06370    0.00296    0.00352     2.8103     2.8534    15.4654    15.4669    36.0502    36.0502    26.6779    26.6775    1530.30    122.246    124.121         33 0.0000e+00
      15386    641.026    156.881    158.000    15.4353    15.4358   4.456848   4.456844     1.9031     1.5851     100.00   28.68928  -86.06370    0.00214    0.00217     2.8170     2.8605    15.4107    15.4112    36.0421    36.0417    26.6840    26.6835    1530.18    122.540    124.429         36 0.0000e+00
      15419    642.427    157.873    159.000    15.4016    15.4026   4.452919   4.453042     1.9072     1.5912     100.00   28.68928  -86.06370    0.00152    0.00208     2.8295     2.8793    15.3770    15.3780    36.0370    36.0371    26.6876    26.6875    1530.07    123.081    125.248         31 0.0000e+00
