GOMECC/GOMECC-4/1db/drb2103_0231.cnv
* Sea-Bird SBE 9 Data File:
* FileName = C:\Users\scs.user.rb\CTD\GOMECC4\data\rb2103_0231.hex
* Software Version Seasave V 7.26.7.107
* Temperature SN = 4799
* Conductivity SN = 3860
* Number of Bytes Per Scan = 41
* Number of Voltage Words = 4
* Number of Scans Averaged by the Deck Unit = 1
* NMEA Latitude = 28 51.94 N
* NMEA Longitude = 085 55.30 W
* NMEA UTC (Time) = Sep 21 2021  03:02:09
* NMEA baud rate = 4800
# nquan = 28
# nvalues = 235                         
# units = specified
# name 0 = scan: Scan Count
# name 1 = timeS: Time, Elapsed [seconds]
# name 2 = depSM: Depth [salt water, m]
# name 3 = prDM: Pressure, Digiquartz [db]
# name 4 = t090C: Temperature [ITS-90, deg C]
# name 5 = t190C: Temperature, 2 [ITS-90, deg C]
# name 6 = c0S/m: Conductivity [S/m]
# name 7 = c1S/m: Conductivity, 2 [S/m]
# name 8 = sbeox0V: Oxygen raw, SBE 43 [V]
# name 9 = sbeox1V: Oxygen raw, SBE 43, 2 [V]
# name 10 = altM: Altimeter [m]
# name 11 = latitude: Latitude [deg]
# name 12 = longitude: Longitude [deg]
# name 13 = sbox0dV/dT: Oxygen, SBE 43 [dov/dt]
# name 14 = sbox1dV/dT: Oxygen, SBE 43, 2 [dov/dt]
# name 15 = sbeox0ML/L: Oxygen, SBE 43 [ml/l], WS = 5
# name 16 = sbeox1ML/L: Oxygen, SBE 43, 2 [ml/l], WS = 5
# name 17 = potemp090C: Potential Temperature [ITS-90, deg C]
# name 18 = potemp190C: Potential Temperature, 2 [ITS-90, deg C]
# name 19 = sal00: Salinity, Practical [PSU]
# name 20 = sal11: Salinity, Practical, 2 [PSU]
# name 21 = sigma-é00: Density [sigma-theta, kg/m^3]
# name 22 = sigma-é11: Density, 2 [sigma-theta, kg/m^3]
# name 23 = avgsvCM: Average Sound Velocity [Chen-Millero, m/s], minP = 20, minS = 20
# name 24 = sbox0Mm/Kg: Oxygen, SBE 43 [umol/kg], WS = 5
# name 25 = sbox1Mm/Kg: Oxygen, SBE 43, 2 [umol/kg], WS = 5
# name 26 = nbin: number of scans per bin
# name 27 = flag: flag
# span 0 =      21061,      35761       
# span 1 =    877.497,   1490.016       
# span 2 =      4.966,    245.195       
# span 3 =      5.000,    247.000       
# span 4 =    12.2038,    28.8524       
# span 5 =    12.2064,    28.8537       
# span 6 =   4.084020,   5.782293       
# span 7 =   4.084286,   5.782622       
# span 8 =     1.6770,     3.1176       
# span 9 =     1.3770,     2.6523       
# span 10 =      11.22,     100.82      
# span 11 =   28.85678,   28.86050      
# span 12 =  -85.92604,  -85.91560      
# span 13 =   -0.02971,    0.01393      
# span 14 =   -0.02741,    0.01602      
# span 15 =     2.4858,     4.4300      
# span 16 =     2.5216,     4.4626      
# span 17 =    12.1710,    28.8435      
# span 18 =    12.1748,    28.8448      
# span 19 =    34.6754,    36.5621      
# span 20 =    34.6766,    36.5629      
# span 21 =    21.9970,    26.9623      
# span 22 =    21.9975,    26.9620      
# span 23 =       0.00,    1557.58      
# span 24 =    108.100,    193.112      
# span 25 =    109.659,    194.540      
# span 26 =         32,         66      
# span 27 = 0.0000e+00, 0.0000e+00      
# interval = decibars: 1                
# start_time = Sep 21 2021 03:02:09 [NMEA time, header]
# bad_flag = -9.990e-29
*END*
[from data line 52]
      23717    988.177     56.609     57.000    26.0203    26.0405   5.567102   5.569149     2.9902     2.5474      94.75   28.86044  -85.92598    0.00211    0.00252     4.3377     4.3563    26.0076    26.0277    36.0991    36.0982    23.8604    23.8534    1542.65    189.205    190.017         55 0.0000e+00
      23768    990.303     57.602     58.000    25.5304    25.5442   5.520037   5.521451     2.9942     2.5546     100.08   28.86044  -85.92598    0.00158    0.00201     4.3821     4.4065    25.5176    25.5314    36.1409    36.1403    24.0446    24.0399    1542.57    191.110    192.175         46 0.0000e+00
      23814    992.218     58.595     59.000    25.3553    25.3617   5.503020   5.503671     3.0025     2.5618      65.32   28.86044  -85.92598    0.00391    0.00487     4.4123     4.4358    25.3423    25.3488    36.1541    36.1552    24.1087    24.1081    1542.48    192.415    193.437         48 0.0000e+00
      23863    994.264     59.588     60.000    25.2371    25.2413   5.491919   5.492509     3.0005     2.5582     100.23   28.86044  -85.92598    0.00147    0.00044     4.4183     4.4373    25.2240    25.2282    36.1658    36.1668    24.1539    24.1534    1542.40    192.666    193.496         49 0.0000e+00
      23912    996.274     60.582     61.000    25.1817    25.1838   5.486559   5.486976     2.9949     2.5560     100.00   28.86044  -85.92598   -0.00199   -0.00166     4.4123     4.4374    25.1683    25.1705    36.1699    36.1713    24.1742    24.1746    1542.31    192.404    193.497         48 0.0000e+00
      23960    998.272     61.574     62.000    25.0228    25.0321   5.470876   5.471909     2.9836     2.5471     100.00   28.86044  -85.92596   -0.00376   -0.00208     4.4033     4.4302    25.0093    25.0186    36.1800    36.1803    24.2305    24.2279    1542.23    191.999    193.174         48 0.0000e+00
      24008   1000.282     62.567     63.000    24.8579    24.8607   5.455226   5.455680     2.9721     2.5362     100.00   28.86044  -85.92596   -0.00662   -0.00603     4.3944     4.4194    24.8442    24.8470    36.1952    36.1963    24.2924    24.2923    1542.14    191.598    192.692         49 0.0000e+00
      24057   1002.330     63.560     64.000    24.7435    24.7497   5.444061   5.444824     2.9718     2.5379     100.00   28.86044  -85.92597   -0.00229   -0.00190     4.4034     4.4323    24.7297    24.7359    36.2032    36.2040    24.3332    24.3319    1542.05    191.984    193.243         49 0.0000e+00
      24105   1004.315     64.553     65.000    24.6082    24.6143   5.430724   5.431445     2.9698     2.5397     100.00   28.86044  -85.92596   -0.00059    0.00107     4.4109     4.4466    24.5942    24.6003    36.2116    36.2124    24.3806    24.3794    1541.96    192.302    193.859         45 0.0000e+00
      24152   1006.279     65.546     66.000    24.5011    24.5039   5.420207   5.420684     2.9689     2.5409     100.00   28.86044  -85.92596   -0.00098    0.00100     4.4180     4.4582    24.4870    24.4898    36.2189    36.2202    24.4185    24.4187    1541.86    192.603    194.358         51 0.0000e+00
      24203   1008.424     66.539     67.000    24.3961    24.4023   5.409739   5.410522     2.9696     2.5387     100.00   28.86044  -85.92596    0.00031   -0.00047     4.4284     4.4626    24.3817    24.3880    36.2246    36.2255    24.4545    24.4533    1541.76    193.051    194.540         50 0.0000e+00
      24249   1010.338     67.532     68.000    24.2361    24.2360   5.393505   5.393622     2.9636     2.5317      75.41   28.86044  -85.92596   -0.00105   -0.00178     4.4300     4.4596    24.2216    24.2215    36.2312    36.2322    24.5076    24.5084    1541.66    193.112    194.400         43 0.0000e+00
      24294   1012.229     68.525     69.000    24.1484    24.1494   5.384892   5.385224     2.9479     2.5156      99.47   28.86044  -85.92596   -0.00533   -0.00590     4.4065     4.4314    24.1337    24.1348    36.2369    36.2385    24.5382    24.5392    1541.57    192.080    193.168         50 0.0000e+00
      24347   1014.413     69.518     70.000    24.0773    24.0861   5.378135   5.379130     2.9335     2.5038     100.00   28.86043  -85.92596   -0.00782   -0.00711     4.3841     4.4110    24.0625    24.0712    36.2430    36.2435    24.5641    24.5619    1541.47    191.099    192.273         51 0.0000e+00
      24395   1016.416     70.511     71.000    23.8395    23.8661   5.354568   5.357310     2.9197     2.4960      60.16   28.86042  -85.92596   -0.00622   -0.00426     4.3784     4.4131    23.8239    23.8512    36.2577    36.2571    24.6462    24.6379    1541.37    190.838    192.350         46 0.0000e+00
      24438   1018.198     71.504     72.000    23.4887    23.5008   5.319580   5.320864     2.9084     2.4867      99.77   28.86042  -85.92596   -0.00684   -0.00457     4.3824     4.4187    23.4737    23.4858    36.2762    36.2762    24.7636    24.7600    1541.26    190.989    192.572         41 0.0000e+00
      24485   1020.156     72.497     73.000    23.3303    23.3354   5.304613   5.305204     2.8963     2.4719     100.00   28.86043  -85.92596   -0.00635   -0.00615     4.3712     4.3990    23.3152    23.3203    36.2909    36.2913    24.8212    24.8201    1541.15    190.488    191.699         55 0.0000e+00
      24540   1022.451     73.490     74.000    23.0393    23.0591   5.277134   5.279058     2.8842     2.4632     100.00   28.86043  -85.92596   -0.00562   -0.00579     4.3705     4.4009    23.0241    23.0439    36.3183    36.3170    24.9268    24.9200    1541.03    190.439    191.766         49 0.0000e+00
      24582   1024.225     74.483     75.000    22.5910    22.6080   5.230801   5.232565     2.8677     2.4490     100.00   28.86042  -85.92596   -0.00668   -0.00510     4.3686     4.3971    22.5758    22.5928    36.3294    36.3290    25.0645    25.0594    1540.90    190.336    191.580         41 0.0000e+00
      24629   1026.154     75.476     76.000    22.3849    22.3899   5.209666   5.210486     2.7860     2.3619     100.00   28.86042  -85.92596   -0.02678   -0.02703     4.2220     4.2258    22.3696    22.3746    36.3353    36.3365    25.1281    25.1275    1540.77    183.932    184.098         50 0.0000e+00
      24678   1028.226     76.469     77.000    22.3449    22.3463   5.206049   5.206403     2.7441     2.3310      88.70   28.86043  -85.92596   -0.02971   -0.02741     4.1426     4.1596    22.3294    22.3309    36.3401    36.3417    25.1431    25.1439    1540.63    180.469    181.211         49 0.0000e+00
      24726   1030.223     77.461     78.000    22.2971    22.2995   5.201646   5.202084     2.7247     2.3190     100.08   28.86042  -85.92596   -0.01396   -0.00932     4.1069     4.1364    22.2814    22.2839    36.3451    36.3465    25.1606    25.1609    1540.50    178.913    180.197         47 0.0000e+00
      24775   1032.250     78.454     79.000    22.2273    22.2323   5.195004   5.195675     2.7091     2.3073     100.00   28.86043  -85.92596   -0.00843   -0.00561     4.0817     4.1156    22.2115    22.2165    36.3509    36.3520    25.1848    25.1843    1540.37    177.808    179.288         50 0.0000e+00
      24822   1034.219     79.447     80.000    22.0798    22.0867   5.180906   5.181661     2.6911     2.2865      73.91   28.86043  -85.92596   -0.00802   -0.00794     4.0549     4.0791    22.0639    22.0707    36.3630    36.3632    25.2358    25.2341    1540.24    176.633    177.690         45 0.0000e+00
      24869   1036.173     80.440     81.000    21.8611    21.8765   5.161204   5.162721     2.6558     2.2556      99.28   28.86042  -85.92595   -0.01258   -0.01205     3.9990     4.0236    21.8451    21.8604    36.3907    36.3897    25.3185    25.3135    1540.11    174.186    175.259         52 0.0000e+00
      24923   1038.398     81.433     82.000    21.6327    21.6389   5.139521   5.140293     2.5835     2.1819     100.00   28.86042  -85.92596   -0.02630   -0.02502     3.8676     3.8741    21.6166    21.6228    36.4107    36.4116    25.3978    25.3967    1539.97    168.449    168.729         48 0.0000e+00
      24966   1040.218     82.426     83.000    21.5423    21.5466   5.130714   5.131291     2.5458     2.1532     100.00   28.86042  -85.92596   -0.02854   -0.02662     3.7955     3.8141    21.5260    21.5303    36.4167    36.4176    25.4276    25.4271    1539.84    165.302    166.116         45 0.0000e+00
      25016   1042.304     83.419     84.000    21.4714    21.4752   5.123953   5.124465     2.5170     2.1298     100.00   28.86042  -85.92595   -0.01806   -0.01460     3.7411     3.7659    21.4550    21.4588    36.4223    36.4232    25.4516    25.4512    1539.70    162.932    164.012         52 0.0000e+00
      25065   1044.329     84.412     85.000    21.4025    21.4044   5.117579   5.117924     2.4967     2.1142     100.00   28.86042  -85.92596   -0.01158   -0.00943     3.7039     3.7351    21.3859    21.3878    36.4295    36.4306    25.4763    25.4766    1539.56    161.307    162.666         47 0.0000e+00
      25112   1046.299     85.405     86.000    21.3398    21.3448   5.112009   5.112596     2.4777     2.0980     100.00   28.86042  -85.92594   -0.00993   -0.00783     3.6690     3.7024    21.3231    21.3281    36.4377    36.4382    25.4999    25.4989    1539.43    159.783    161.238         47 0.0000e+00
      25160   1048.287     86.397     87.000    21.1570    21.1637   5.096254   5.096927     2.4530     2.0704     100.00   28.86042  -85.92594   -0.01017   -0.01011     3.6301     3.6507    21.1402    21.1468    36.4665    36.4663    25.5723    25.5703    1539.30    158.079    158.976         49 0.0000e+00
      25209   1050.324     87.390     88.000    20.9905    20.9994   5.081432   5.082457     2.4083     2.0283     100.00   28.86042  -85.92592   -0.01870   -0.01862     3.5479     3.5644    20.9736    20.9825    36.4889    36.4896    25.6351    25.6333    1539.17    154.487    155.208         48 0.0000e+00
      25255   1052.264     88.383     89.000    20.8709    20.8762   5.068801   5.069473     2.3706     1.9934     100.00   28.86042  -85.92592   -0.02139   -0.01988     3.4771     3.4919    20.8539    20.8592    36.4888    36.4897    25.6678    25.6670    1539.03    151.401    152.048         46 0.0000e+00
      25305   1054.347     89.376     90.000    20.7869    20.7925   5.061150   5.061773     2.3435     1.9707     100.00   28.86041  -85.92592   -0.01612   -0.01427     3.4258     3.4448    20.7697    20.7753    36.4985    36.4987    25.6982    25.6968    1538.89    149.162    149.990         53 0.0000e+00
      25354   1056.370     90.369     91.000    20.6682    20.6740   5.050404   5.051075     2.3179     1.9500      82.19   28.86040  -85.92592   -0.01237   -0.00984     3.3798     3.4042    20.6509    20.6567    36.5129    36.5133    25.7414    25.7402    1538.75    147.154    148.218         43 0.0000e+00
      25398   1058.200     91.362     92.000    20.5052    20.5144   5.035323   5.036228     2.2901     1.9237      93.00   28.86040  -85.92592   -0.01373   -0.01213     3.3320     3.3530    20.4878    20.4970    36.5304    36.5296    25.7989    25.7958    1538.62    145.067    145.978         48 0.0000e+00
      25448   1060.312     92.354     93.000    20.4409    20.4411   5.029900   5.030069     2.2584     1.8941     100.07   28.86040  -85.92592   -0.01537   -0.01475     3.2686     3.2886    20.4233    20.4235    36.5410    36.5422    25.8244    25.8253    1538.48    142.300    143.172         51 0.0000e+00
      25498   1062.364     93.347     94.000    20.4032    20.4087   5.026275   5.026813     2.2402     1.8824      70.64   28.86040  -85.92590   -0.01261   -0.00975     3.2356     3.2657    20.3855    20.3910    36.5430    36.5440    25.8361    25.8354    1538.36    140.864    142.172         47 0.0000e+00
      25544   1064.290     94.340     95.000    20.3455    20.3464   5.020246   5.020540     2.2293     1.8728      92.20   28.86040  -85.92590   -0.00704   -0.00506     3.2135     3.2454    20.3276    20.3285    36.5438    36.5454    25.8523    25.8533    1538.21    139.900    141.288         48 0.0000e+00
      25592   1066.293     95.333     96.000    20.3189    20.3266   5.016910   5.017983     2.2192     1.8659     100.01   28.86040  -85.92590   -0.00561   -0.00436     3.1952     3.2327    20.3010    20.3086    36.5400    36.5421    25.8565    25.8561    1538.09    139.100    140.735         47 0.0000e+00
      25639   1068.246     96.326     97.000    20.2120    20.2165   5.006021   5.006620     2.2110     1.8569     100.00   28.86040  -85.92590   -0.00431   -0.00373     3.1837     3.2168    20.1938    20.1983    36.5421    36.5430    25.8869    25.8864    1537.95    138.598    140.038         49 0.0000e+00
      25690   1070.369     97.319     98.000    20.1643    20.1658   5.001280   5.001583     2.1985     1.8443     100.00   28.86040  -85.92590   -0.00539   -0.00574     3.1603     3.1906    20.1459    20.1474    36.5441    36.5453    25.9012    25.9017    1537.82    137.573    138.893         50 0.0000e+00
      25737   1072.346     98.311     99.000    20.1180    20.1229   4.996459   4.997114     2.1920     1.8379     100.00   28.86040  -85.92590   -0.00466   -0.00443     3.1497     3.1784    20.0995    20.1044    36.5442    36.5454    25.9137    25.9133    1537.69    137.111    138.364         45 0.0000e+00
      25783   1074.270     99.304    100.000    19.9425    19.9479   4.977585   4.978167     2.1829     1.8264     100.00   28.86040  -85.92590   -0.00430   -0.00455     3.1411     3.1616    19.9239    19.9293    36.5409    36.5410    25.9579    25.9565    1537.56    136.732    137.625         50 0.0000e+00
      25835   1076.411    100.297    101.000    19.9131    19.9154   4.976743   4.977072     2.1678     1.8161     100.00   28.86040  -85.92588   -0.00671   -0.00616     3.1110     3.1396    19.8944    19.8966    36.5592    36.5599    25.9797    25.9796    1537.43    135.418    136.664         49 0.0000e+00
      25882   1078.385    101.290    102.000    19.8451    19.8489   4.969974   4.970472     2.1634     1.8135     100.00   28.86040  -85.92588   -0.00359   -0.00239     3.1061     3.1377    19.8262    19.8300    36.5621    36.5629    25.9999    25.9996    1537.30    135.202    136.578         49 0.0000e+00
      25933   1080.509    102.283    103.000    19.7727    19.7766   4.962293   4.962825     2.1594     1.8117     100.00   28.86040  -85.92588   -0.00207   -0.00102     3.1022     3.1381    19.7537    19.7576    36.5613    36.5623    26.0185    26.0183    1537.18    135.030    136.592         50 0.0000e+00
      25980   1082.448    103.275    104.000    19.6697    19.6677   4.950157   4.950014     2.1544     1.8059     100.00   28.86040  -85.92588   -0.00230   -0.00205     3.0978     3.1305    19.6506    19.6485    36.5502    36.5508    26.0372    26.0382    1537.05    134.839    136.261         45 0.0000e+00
      26028   1084.450    104.268    105.000    19.5947    19.6018   4.941753   4.942646     2.1416     1.7931      99.96   28.86040  -85.92588   -0.00420   -0.00472     3.0761     3.1056    19.5754    19.5825    36.5456    36.5469    26.0535    26.0526    1536.93    133.889    135.176         52 0.0000e+00
      26078   1086.555    105.261    106.000    19.5432    19.5459   4.936019   4.936437     2.1360     1.7913      96.86   28.86040  -85.92588   -0.00464   -0.00312     3.0672     3.1046    19.5237    19.5264    36.5426    36.5437    26.0647    26.0649    1536.80    133.503    135.129         48 0.0000e+00
      26126   1088.547    106.254    107.000    19.5144    19.5162   4.933132   4.933428     2.1325     1.7868     100.04   28.86040  -85.92588   -0.00216   -0.00154     3.0618     3.0962    19.4948    19.4966    36.5434    36.5443    26.0729    26.0731    1536.68    133.265    134.761         46 0.0000e+00
