GOMECC/GOMECC-4/1db/drb2103_0021.cnv
* Sea-Bird SBE 9 Data File:
* FileName = C:\Users\scs.user.rb\CTD\GOMECC4\data\rb1203_002.hex
* Software Version Seasave V 7.26.7.107
* Temperature SN = 4799
* Conductivity SN = 3860
* Number of Bytes Per Scan = 41
* Number of Voltage Words = 4
* Number of Scans Averaged by the Deck Unit = 1
* NMEA Latitude = 27 00.26 N
* NMEA Longitude = 079 40.70 W
* NMEA UTC (Time) = Sep 14 2021  18:19:26
* NMEA baud rate = 4800
# nquan = 28
# nvalues = 266                         
# units = specified
# name 0 = scan: Scan Count
# name 1 = timeS: Time, Elapsed [seconds]
# name 2 = depSM: Depth [salt water, m]
# name 3 = prDM: Pressure, Digiquartz [db]
# name 4 = t090C: Temperature [ITS-90, deg C]
# name 5 = t190C: Temperature, 2 [ITS-90, deg C]
# name 6 = c0S/m: Conductivity [S/m]
# name 7 = c1S/m: Conductivity, 2 [S/m]
# name 8 = sbeox0V: Oxygen raw, SBE 43 [V]
# name 9 = sbeox1V: Oxygen raw, SBE 43, 2 [V]
# name 10 = altM: Altimeter [m]
# name 11 = latitude: Latitude [deg]
# name 12 = longitude: Longitude [deg]
# name 13 = sbox0dV/dT: Oxygen, SBE 43 [dov/dt]
# name 14 = sbox1dV/dT: Oxygen, SBE 43, 2 [dov/dt]
# name 15 = sbeox0ML/L: Oxygen, SBE 43 [ml/l], WS = 5
# name 16 = sbeox1ML/L: Oxygen, SBE 43, 2 [ml/l], WS = 5
# name 17 = potemp090C: Potential Temperature [ITS-90, deg C]
# name 18 = potemp190C: Potential Temperature, 2 [ITS-90, deg C]
# name 19 = sal00: Salinity, Practical [PSU]
# name 20 = sal11: Salinity, Practical, 2 [PSU]
# name 21 = sigma-é00: Density [sigma-theta, kg/m^3]
# name 22 = sigma-é11: Density, 2 [sigma-theta, kg/m^3]
# name 23 = avgsvCM: Average Sound Velocity [Chen-Millero, m/s], minP = 20, minS = 20
# name 24 = sbox0Mm/Kg: Oxygen, SBE 43 [umol/kg], WS = 5
# name 25 = sbox1Mm/Kg: Oxygen, SBE 43, 2 [umol/kg], WS = 5
# name 26 = nbin: number of scans per bin
# name 27 = flag: flag
# span 0 =      30707,      51324       
# span 1 =   1279.399,   2138.474       
# span 2 =      4.967,    533.768       
# span 3 =      5.000,    538.000       
# span 4 =     7.2808,    29.7120       
# span 5 =     7.2839,    29.7116       
# span 6 =   3.574554,   5.977267       
# span 7 =   3.574782,   5.977478       
# span 8 =     1.6418,     3.1779       
# span 9 =     1.3501,     2.7095       
# span 10 =       5.71,     100.45      
# span 11 =   26.99500,   27.01853      
# span 12 =  -79.72514,  -79.66658      
# span 13 =   -0.02776,    0.00598      
# span 14 =   -0.02835,    0.00698      
# span 15 =     2.6351,     4.4839      
# span 16 =     2.6781,     4.5059      
# span 17 =     7.2281,    29.7105      
# span 18 =     7.2312,    29.7101      
# span 19 =    34.9484,    37.0424      
# span 20 =    34.9479,    37.0439      
# span 21 =    22.7049,    27.3536      
# span 22 =    22.7064,    27.3526      
# span 23 =       0.00,    1546.37      
# span 24 =    114.581,    195.714      
# span 25 =    116.447,    196.660      
# span 26 =         30,         67      
# span 27 = 0.0000e+00, 0.0000e+00      
# interval = decibars: 1                
# start_time = Sep 14 2021 18:19:26 [NMEA time, header]
# bad_flag = -9.990e-29
*END*
[from data line 52]
      33477   1394.814     56.617     57.000    28.4954    28.4992   5.861920   5.862534     3.1746     2.7095     100.00   26.99939  -79.68154   -0.00044    0.00158     4.4811     4.5033    28.4818    28.4856    36.2833    36.2847    23.2010    23.2008    1546.20    195.588    196.558         38 0.0000e+00
      33514   1396.396     57.611     58.000    28.4435    28.4507   5.855831   5.856689     3.1703     2.7035     100.00   26.99940  -79.68154   -0.00202   -0.00105     4.4784     4.4959    28.4251    28.4371    36.2836    36.2844    23.2200    23.2184    1546.17    195.468    196.232         37 0.0000e+00
      33551   1397.920     58.604     59.000    28.3881    28.3940   5.852076   5.852359     3.1655     2.7064     100.00   26.99940  -79.68155   -0.00264   -0.00136     4.4737     4.5059    28.3740    28.3799    36.2961    36.2935    23.2463    23.2424    1546.14    195.256    196.660         37 0.0000e+00
      33588   1399.477     59.597     60.000    28.3351    28.3449   5.850159   5.851145     3.1572     2.6984     100.00   26.99941  -79.68156   -0.00455   -0.00203     4.4609     4.4918    28.3218    28.3306    36.3222    36.3224    23.2833    23.2805    1546.12    194.693    196.041         38 0.0000e+00
      33627   1401.066     60.590     61.000    28.2151    28.2340   5.838061   5.839658     3.1309     2.6706     100.00   26.99942  -79.68156   -0.00969   -0.01025     4.4252     4.4450    28.2006    28.2195    36.3301    36.3267    23.3293    23.3205    1546.09    193.124    193.992         38 0.0000e+00
      33665   1402.682     61.583     62.000    28.0704    28.0846   5.823384   5.824669     3.1268     2.6658     100.00   26.99942  -79.68156   -0.00928   -0.00959     4.4282     4.4467    28.0557    28.0699    36.3380    36.3361    23.3829    23.3768    1546.06    193.246    194.053         40 0.0000e+00
      33704   1404.280     62.576     63.000    27.9511    27.9575   5.811280   5.811971     3.1270     2.6628     100.00   26.99944  -79.68156   -0.00260   -0.00305     4.4385     4.4502    27.9362    27.9426    36.3445    36.3444    23.4270    23.4249    1546.02    193.684    194.199         36 0.0000e+00
      33741   1405.822     63.569     64.000    27.8970    27.9004   5.806136   5.806693     3.1214     2.6601     100.00   26.99944  -79.68158   -0.00119   -0.00190     4.4327     4.4494    27.8819    27.8853    36.3496    36.3510    23.4487    23.4486    1545.98    193.429    194.155         38 0.0000e+00
      33778   1407.386     64.562     65.000    27.8442    27.8512   5.801663   5.802479     3.1133     2.6486     100.00   26.99944  -79.68158   -0.00353   -0.00330     4.4221     4.4298    27.8289    27.8358    36.3597    36.3590    23.4737    23.4708    1545.94    192.961    193.299         37 0.0000e+00
      33814   1408.880     65.556     66.000    27.7345    27.7491   5.791812   5.793125     3.0971     2.6377     100.00   26.99945  -79.68158   -0.00674   -0.00649     4.4010     4.4148    27.7189    27.7335    36.3735    36.3715    23.5200    23.5137    1545.90    192.032    192.636         36 0.0000e+00
      33853   1410.483     66.549     67.000    27.6364    27.6489   5.782618   5.783766     3.0826     2.6269     100.00   26.99946  -79.68158   -0.00945   -0.00726     4.3820     4.4006    27.6207    27.6332    36.3842    36.3825    23.5601    23.5547    1545.87    191.195    192.008         40 0.0000e+00
      33891   1412.067     67.542     68.000    27.5543    27.5594   5.774911   5.775307     3.0703     2.6185     100.00   26.99947  -79.68158   -0.00899   -0.00650     4.3703     4.3924    27.5436    27.5437    36.3889    36.3886    23.5887    23.5872    1545.83    190.678    191.644         35 0.0000e+00
      33925   1413.480     68.535     69.000    27.3679    27.3896   5.755850   5.757840     3.0578     2.6049     100.00   26.99948  -79.68159   -0.00820   -0.00672     4.3539     4.3733    27.3518    27.3736    36.4020    36.3982    23.6608    23.6509    1545.78    189.950    190.800         34 0.0000e+00
      33962   1415.036     69.528     70.000    27.3486    27.3500   5.754271   5.754715     3.0430     2.5900     100.00   26.99948  -79.68160   -0.00911   -0.00876     4.3318     4.3472    27.3323    27.3338    36.4055    36.4075    23.6697    23.6708    1545.73    188.985    189.658         41 0.0000e+00
      34001   1416.654     70.521     71.000    27.3277    27.3308   5.753465   5.753896     3.0328     2.5814     100.00   26.99950  -79.68160   -0.00828   -0.00824     4.3146     4.3312    27.3112    27.3143    36.4157    36.4163    23.6842    23.6837    1545.68    188.230    188.957         36 0.0000e+00
      34035   1418.072     71.514     72.000    27.2260    27.2425   5.743080   5.744935     3.0233     2.5741     100.00   26.99950  -79.68160   -0.00665   -0.00594     4.3050     4.3228    27.2093    27.2258    36.4206    36.4210    23.7209    23.7158    1545.64    187.806    188.584         33 0.0000e+00
      34069   1419.514     72.507     73.000    27.1589    27.1676   5.737577   5.738275     3.0059     2.5590     100.00   26.99951  -79.68160   -0.00813   -0.00661     4.2778     4.2973    27.1420    27.1507    36.4335    36.4316    23.7523    23.7481    1545.60    186.615    187.466         36 0.0000e+00
      34106   1421.051     73.500     74.000    27.1057    27.1122   5.733991   5.734656     2.9902     2.5451      88.94   26.99952  -79.68160   -0.01074   -0.00880     4.2526     4.2724    27.0886    27.0951    36.4491    36.4488    23.7812    23.7789    1545.55    185.511    186.375         37 0.0000e+00
      34142   1422.558     74.493     75.000    27.0712    27.0778   5.733140   5.733430     2.9825     2.5353      94.97   26.99953  -79.68161   -0.00910   -0.00878     4.2409     4.2547    27.0539    27.0605    36.4698    36.4667    23.8080    23.8035    1545.50    184.993    185.597         36 0.0000e+00
      34178   1424.050     75.486     76.000    27.0122    27.0303   5.731959   5.732933     2.9717     2.5264     100.03   26.99954  -79.68161   -0.00632   -0.00696     4.2286     4.2410    26.9978    27.0129    36.5050    36.4984    23.8526    23.8421    1545.46    184.449    184.992         35 0.0000e+00
      34213   1425.488     76.479     77.000    26.8105    26.8221   5.717041   5.718133     2.9484     2.5099     100.00   26.99954  -79.68162   -0.00860   -0.00647     4.1958     4.2122    26.7928    26.8044    36.5585    36.5572    23.9586    23.9539    1545.41    183.002    183.715         34 0.0000e+00
      34245   1426.819     77.473     78.000    26.7522    26.7681   5.710332   5.712257     2.9373     2.4977     100.00   26.99955  -79.68162   -0.01170   -0.00949     4.1795     4.1978    26.7343    26.7503    36.5558    36.5571    23.9753    23.9712    1545.36    182.286    183.083         31 0.0000e+00
      34278   1428.214     78.465     79.000    26.4803    26.5188   5.674968   5.679292     2.9289     2.4961     100.00   26.99956  -79.68162   -0.01091   -0.00875     4.1855     4.2135    26.4624    26.5008    36.5145    36.5153    24.0306    24.0190    1545.31    182.537    183.759         36 0.0000e+00
      34315   1429.757     79.459     80.000    26.3313    26.3509   5.656991   5.658848     2.9440     2.5111     100.00   26.99956  -79.68162   -0.00083    0.00245     4.2280     4.2592    26.3132    26.3328    36.5016    36.4996    24.0681    24.0605    1545.25    184.383    185.745         37 0.0000e+00
      34350   1431.206     80.452     81.000    26.1808    26.1812   5.639685   5.639627     2.9502     2.5189     100.00   26.99958  -79.68162    0.00584    0.00692     4.2502     4.2871    26.1625    26.1630    36.4948    36.4940    24.1105    24.1098    1545.19    185.347    186.955         32 0.0000e+00
      34382   1432.557     81.444     82.000    26.0753    26.0884   5.627984   5.629341     2.9537     2.5189     100.00   26.99958  -79.68162    0.00585    0.00543     4.2655     4.2944    26.0568    26.0700    36.4929    36.4924    24.1423    24.1378    1545.12    186.007    187.270         34 0.0000e+00
      34419   1434.063     82.438     83.000    25.8594    25.9078   5.605315   5.608410     2.9529     2.5210     100.00   26.99959  -79.68163    0.00213    0.00182     4.2797     4.3123    25.8408    25.8894    36.4986    36.4920    24.2143    24.1979    1545.06    186.611    188.039         37 0.0000e+00
      34454   1435.534     83.431     84.000    25.7738    25.7822   5.597520   5.598225     2.9445     2.5087     100.00   26.99960  -79.68164   -0.00151   -0.00159     4.2719     4.2958    25.7551    25.7634    36.5094    36.5077    24.2492    24.2452    1544.99    186.264    187.311         33 0.0000e+00
      34486   1436.876     84.424     85.000    25.7137    25.7137   5.591262   5.591224     2.9348     2.4997     100.00   26.99961  -79.68164   -0.00495   -0.00588     4.2583     4.2821    25.6947    25.6948    36.5112    36.5108    24.2694    24.2691    1544.92    185.670    186.707         33 0.0000e+00
      34520   1438.288     85.417     86.000    25.6239    25.6368   5.581894   5.583049     2.9255     2.4933     100.00   26.99962  -79.68164   -0.00689   -0.00702     4.2478     4.2745    25.6048    25.6177    36.5137    36.5119    24.2993    24.2939    1544.85    185.206    186.373         35 0.0000e+00
      34556   1439.774     86.410     87.000    25.5772    25.5831   5.578202   5.578818     2.9188     2.4888      74.62   26.99962  -79.68164   -0.00618   -0.00429     4.2387     4.2691    25.5579    25.5638    36.5236    36.5234    24.3213    24.3193    1544.78    184.805    186.134         36 0.0000e+00
      34591   1441.257     87.403     88.000    25.4569    25.4777   5.566265   5.568171     2.9096     2.4799     100.12   26.99964  -79.68164   -0.00521   -0.00399     4.2315     4.2583    25.4368    25.4584    36.5322    36.5294    24.3653    24.3566    1544.72    184.486    185.655         35 0.0000e+00
      34625   1442.657     88.396     89.000    25.3712    25.3704   5.558938   5.558967     2.9002     2.4729     100.00   26.99964  -79.68166   -0.00603   -0.00532     4.2191     4.2511    25.3516    25.3508    36.5461    36.5469    24.4021    24.4030    1544.64    183.939    185.330         32 0.0000e+00
      34657   1444.019     89.389     90.000    25.3775    25.3761   5.560888   5.560568     2.8938     2.4606     100.00   26.99965  -79.68166   -0.00616   -0.00627     4.2071     4.2245    25.3576    25.3563    36.5525    36.5538    24.4051    24.4065    1544.57    183.414    184.173         34 0.0000e+00
      34691   1445.437     90.382     91.000    25.3767    25.3861   5.563498   5.563784     2.8877     2.4567     100.00   26.99966  -79.68166   -0.00515   -0.00655     4.1920     4.2157    25.3566    25.3661    36.5635    36.5645    24.4138    24.4116    1544.51    182.755    183.787         34 0.0000e+00
      34725   1446.846     91.375     92.000    25.2889    25.3062   5.552933   5.555221     2.8741     2.4492     100.00   26.99967  -79.68167   -0.00589   -0.00500     4.1754     4.2066    25.2671    25.2860    36.5681    36.5699    24.4449    24.4404    1544.44    182.024    183.385         33 0.0000e+00
      34758   1448.202     92.367     93.000    25.2502    25.2538   5.548434   5.549033     2.8688     2.4469     100.00   26.99968  -79.68168   -0.00682   -0.00338     4.1691     4.2054    25.2298    25.2333    36.5643    36.5659    24.4535    24.4536    1544.37    181.747    183.331         33 0.0000e+00
      34792   1449.643     93.361     94.000    25.2191    25.2221   5.545092   5.545576     2.8661     2.4474     100.00   26.99969  -79.68168   -0.00475   -0.00186     4.1667     4.2092    25.1985    25.2014    36.5643    36.5655    24.4631    24.4631    1544.31    181.642    183.492         37 0.0000e+00
      34830   1451.217     94.354     95.000    25.2176    25.2184   5.547300   5.547289     2.8656     2.4428      86.12   26.99970  -79.68168   -0.00153   -0.00106     4.1659     4.1997    25.1968    25.1975    36.5815    36.5809    24.4766    24.4759    1544.24    181.606    183.079         36 0.0000e+00
      34863   1452.585     95.347     96.000    25.1965    25.1984   5.552786   5.552723     2.8577     2.4343      96.62   26.99970  -79.68168   -0.00152   -0.00289     4.1513     4.1821    25.1754    25.1773    36.6391    36.6371    24.5268    24.5247    1544.18    180.959    182.304         30 0.0000e+00
      34922   1455.035     97.333     98.000    25.0756    25.0802   5.561566   5.563290     2.7971     2.3674      99.99   26.99728  -79.67448   -0.01663   -0.01862     4.0396     4.0435    25.0542    25.0587    36.8025    36.8119    24.6873    24.6930    1543.92    176.063    176.233         37 0.0000e+00
      34963   1456.745     98.325     99.000    24.9501    24.9659   5.550149   5.557696     2.7500     2.3290     100.00   26.99972  -79.68168   -0.02776   -0.02835     3.9573     3.9695    24.9285    24.9457    36.8188    36.8328    24.7384    24.7331    1544.00    172.468    172.998         38 0.0000e+00
      34998   1458.207     99.318    100.000    24.9564    24.9698   5.562016   5.561723     2.7300     2.3160     100.00   26.99972  -79.68168   -0.02566   -0.02174     3.9252     3.9447    24.9346    24.9480    36.9164    36.8995    24.8104    24.7935    1543.93    171.056    171.907         33 0.0000e+00
      35031   1459.595    100.311    101.000    24.8192    24.8233   5.548409   5.548738     2.6950     2.2786     100.00   26.99974  -79.68168   -0.02032   -0.01706     3.8569     3.8692    24.7978    24.8017    36.9093    36.9088    24.8469    24.8444    1543.88    168.073    168.610         34 0.0000e+00
      35065   1461.006    101.304    102.000    24.8121    24.8127   5.552870   5.552922     2.6800     2.2677     100.00   26.99974  -79.68168   -0.01842   -0.01732     3.8290     3.8457    24.7899    24.7905    36.9512    36.9511    24.8809    24.8807    1543.81    166.850    167.578         33 0.0000e+00
      35099   1462.403    102.297    103.000    24.8051    24.8045   5.554045   5.554251     2.6660     2.2569     100.00   26.99976  -79.68168   -0.01338   -0.01039     3.8024     3.8230    24.7828    24.7822    36.9653    36.9674    24.8938    24.8956    1543.76    165.691    166.589         34 0.0000e+00
      35133   1463.814    103.290    104.000    24.7481    24.7563   5.550965   5.551846     2.6547     2.2481      97.16   26.99976  -79.68168   -0.00929   -0.00706     3.7842     3.8072    24.7256    24.7338    36.9888    36.9886    24.9290    24.9264    1543.70    164.893    165.893         35 0.0000e+00
      35169   1465.345    104.283    105.000    24.6192    24.6384   5.538204   5.540101     2.6396     2.2349      99.98   26.99978  -79.68168   -0.00898   -0.00726     3.7637     3.7866    24.5965    24.6157    36.9985    36.9970    24.9756    24.9686    1543.64    163.991    164.992         38 0.0000e+00
      35205   1466.841    105.276    106.000    24.4888    24.5099   5.524578   5.526483     2.6266     2.2221     100.00   26.99978  -79.68170   -0.00925   -0.00812     3.7476     3.7676    24.4659    24.4870    37.0030    36.9999    25.0186    25.0098    1543.58    163.285    164.157         33 0.0000e+00
      35238   1468.197    106.269    107.000    24.3024    24.3097   5.507444   5.507826     2.6107     2.2073     100.00   26.99978  -79.68170   -0.00951   -0.00910     3.7290     3.7483    24.2795    24.2867    37.0271    37.0240    25.0931    25.0885    1543.51    162.462    163.301         32 0.0000e+00
      35270   1469.532    107.262    108.000    24.1074    24.1096   5.486854   5.486837     2.5855     2.1816      62.35   26.99980  -79.68170   -0.01249   -0.01219     3.6930     3.7056    24.0844    24.0866    37.0321    37.0301    25.1554    25.1533    1543.45    160.884    161.430         33 0.0000e+00
