GOMECC/GOMECC-4/1db/drb2103_0841.cnv
* Sea-Bird SBE 9 Data File:
* FileName = C:\Users\scs.user.rb\CTD\GOMECC4\data\rb2103_0841.hex
* Software Version Seasave V 7.26.7.107
* Temperature SN = 4799
* Conductivity SN = 3860
* Number of Bytes Per Scan = 41
* Number of Voltage Words = 4
* Number of Scans Averaged by the Deck Unit = 1
* NMEA Latitude = 20 43.74 N
* NMEA Longitude = 094 44.99 W
* NMEA UTC (Time) = Oct 07 2021  16:02:53
* NMEA baud rate = 4800
# nquan = 28
# nvalues = 395                         
# units = specified
# name 0 = scan: Scan Count
# name 1 = timeS: Time, Elapsed [seconds]
# name 2 = depSM: Depth [salt water, m]
# name 3 = prDM: Pressure, Digiquartz [db]
# name 4 = t090C: Temperature [ITS-90, deg C]
# name 5 = t190C: Temperature, 2 [ITS-90, deg C]
# name 6 = c0S/m: Conductivity [S/m]
# name 7 = c1S/m: Conductivity, 2 [S/m]
# name 8 = sbeox0V: Oxygen raw, SBE 43 [V]
# name 9 = sbeox1V: Oxygen raw, SBE 43, 2 [V]
# name 10 = altM: Altimeter [m]
# name 11 = latitude: Latitude [deg]
# name 12 = longitude: Longitude [deg]
# name 13 = sbox0dV/dT: Oxygen, SBE 43 [dov/dt]
# name 14 = sbox1dV/dT: Oxygen, SBE 43, 2 [dov/dt]
# name 15 = sbeox0ML/L: Oxygen, SBE 43 [ml/l], WS = 5
# name 16 = sbeox1ML/L: Oxygen, SBE 43, 2 [ml/l], WS = 5
# name 17 = potemp090C: Potential Temperature [ITS-90, deg C]
# name 18 = potemp190C: Potential Temperature, 2 [ITS-90, deg C]
# name 19 = sal00: Salinity, Practical [PSU]
# name 20 = sal11: Salinity, Practical, 2 [PSU]
# name 21 = sigma-é00: Density [sigma-theta, kg/m^3]
# name 22 = sigma-é11: Density, 2 [sigma-theta, kg/m^3]
# name 23 = avgsvCM: Average Sound Velocity [Chen-Millero, m/s], minP = 20, minS = 20
# name 24 = sbox0Mm/Kg: Oxygen, SBE 43 [umol/kg], WS = 5
# name 25 = sbox1Mm/Kg: Oxygen, SBE 43, 2 [umol/kg], WS = 5
# name 26 = nbin: number of scans per bin
# name 27 = flag: flag
# span 0 =      12358,     102129       
# span 1 =    514.865,   4255.323       
# span 2 =      4.969,   3191.624       
# span 3 =      5.000,   3236.000       
# span 4 =     4.2646,    29.4639       
# span 5 =     4.2650,    29.4648       
# span 6 =   3.340327,   5.987241       
# span 7 =   3.340284,   5.987500       
# span 8 =     1.5701,     3.3074       
# span 9 =     1.2742,     2.8263       
# span 10 =       8.47,     101.06      
# span 11 =   20.72146,   20.73352      
# span 12 =  -94.77317,  -94.71799      
# span 13 =   -0.03364,    0.02949      
# span 14 =   -0.03095,    0.03039      
# span 15 =     2.4219,     4.9869      
# span 16 =     2.4421,     4.9962      
# span 17 =     4.0773,    29.4622      
# span 18 =     4.0783,    29.4629      
# span 19 =    34.9125,    36.5093      
# span 20 =    34.9120,    36.5108      
# span 21 =    22.9809,    27.7582      
# span 22 =    22.9815,    27.7568      
# span 23 =       0.00,    1546.38      
# span 24 =    105.312,    217.422      
# span 25 =    106.191,    217.826      
# span 26 =         30,         75      
# span 27 = 0.0000e+00, 0.0000e+00      
# interval = decibars: 1                
# start_time = Oct 07 2021 16:02:53 [NMEA time, header]
# bad_flag = -9.990e-29
*END*
[from data line 363]
      63848   2660.285   1745.774   1764.000     4.2652     4.2656   3.353595   3.353544     1.9254     1.6034      81.09   20.72841  -94.74955   -0.00011   -0.00014     4.6911     4.7131     4.1170     4.1174    34.9710    34.9700    27.7508    27.7500    1495.66    203.849    204.804         30 0.0000e+00
      63961   2665.017   1749.717   1768.000     4.2653     4.2656   3.353795   3.353742     1.9248     1.6032     100.00   20.72859  -94.75038   -0.00014   -0.00011     4.6910     4.7148     4.1167     4.1170    34.9714    34.9704    27.7511    27.7503    1495.68    203.843    204.875         30 0.0000e+00
      64068   2669.479   1753.659   1772.000     4.2653     4.2657   3.353990   3.353936     1.9245     1.6027     100.00   20.72878  -94.75125   -0.00007   -0.00013     4.6921     4.7149     4.1163     4.1167    34.9717    34.9707    27.7515    27.7506    1495.69    203.890    204.883         35 0.0000e+00
      64287   2678.571   1761.543   1780.000     4.2649     4.2653   3.354267   3.354222     1.9231     1.6018     100.00   20.72869  -94.75082   -0.00015   -0.00009     4.6916     4.7162     4.1151     4.1155    34.9716    34.9706    27.7515    27.7507    1495.69    203.870    204.937         30 0.0000e+00
      64423   2684.255   1766.470   1785.000     4.2646     4.2650   3.354453   3.354398     1.9226     1.6009     100.00   20.72866  -94.75067   -0.00014   -0.00012     4.6929     4.7154     4.1143     4.1147    34.9717    34.9706    27.7516    27.7507    1495.69    203.927    204.903         31 0.0000e+00
      64585   2691.011   1772.383   1791.000     4.2650     4.2654   3.354716   3.354668     1.9215     1.6003     100.00   20.72854  -94.75015   -0.00013   -0.00011     4.6924     4.7165     4.1142     4.1146    34.9714    34.9704    27.7514    27.7506    1495.69    203.903    204.953         30 0.0000e+00
      65266   2719.359   1797.017   1816.000     4.2653     4.2658   3.355775   3.355721     1.9178     1.5962     100.00   20.72850  -94.74989   -0.00009   -0.00025     4.6931     4.7145     4.1120     4.1125    34.9716    34.9704    27.7518    27.7508    1495.71    203.933    204.865         31 0.0000e+00
      65488   2728.609   1804.899   1824.000     4.2655     4.2659   3.356133   3.356076     1.9168     1.5956     100.00   20.72867  -94.75058   -0.00007   -0.00003     4.6939     4.7169     4.1114     4.1118    34.9718    34.9707    27.7520    27.7511    1495.73    203.968    204.967         32 0.0000e+00
      65594   2733.024   1808.841   1828.000     4.2654     4.2658   3.356244   3.356189     1.9163     1.5949     100.00   20.72835  -94.74910   -0.00005   -0.00012     4.6945     4.7163     4.1109     4.1114    34.9713    34.9701    27.7517    27.7507    1495.72    203.996    204.943         34 0.0000e+00
      65786   2741.051   1815.737   1835.000     4.2654     4.2658   3.356563   3.356513     1.9152     1.5936     100.00   20.72855  -94.75000   -0.00014   -0.00023     4.6941     4.7152     4.1103     4.1107    34.9716    34.9706    27.7520    27.7512    1495.74    203.977    204.894         30 0.0000e+00
      65923   2746.761   1820.663   1840.000     4.2654     4.2658   3.356771   3.356728     1.9146     1.5934      99.40   20.72856  -94.75008   -0.00007   -0.00002     4.6949     4.7170     4.1098     4.1102    34.9717    34.9707    27.7521    27.7513    1495.74    204.012    204.975         30 0.0000e+00
      66332   2763.803   1835.441   1855.000     4.2663     4.2667   3.357466   3.357419     1.9120     1.5912     100.00   20.72857  -94.75006   -0.00013   -0.00026     4.6938     4.7171     4.1092     4.1096    34.9718    34.9707    27.7522    27.7514    1495.76    203.965    204.978         32 0.0000e+00
      66466   2769.371   1840.367   1860.000     4.2665     4.2669   3.357694   3.357647     1.9116     1.5900     100.00   20.72861  -94.75026   -0.00009   -0.00023     4.6953     4.7147     4.1089     4.1093    34.9718    34.9708    27.7523    27.7515    1495.78    204.028    204.871         31 0.0000e+00
      66497   2770.683   1841.352   1861.000     4.2665     4.2669   3.357738   3.357692     1.9111     1.5897     100.00   20.72864  -94.75039   -0.00015   -0.00038     4.6940     4.7143     4.1088     4.1092    34.9719    34.9709    27.7524    27.7515    1495.78    203.971    204.857         31 0.0000e+00
      66631   2776.240   1846.277   1866.000     4.2665     4.2670   3.357933   3.357890     1.9109     1.5896     100.00   20.72857  -94.75006   -0.00005   -0.00002     4.6959     4.7169     4.1083     4.1088    34.9717    34.9707    27.7523    27.7515    1495.78    204.055    204.967         31 0.0000e+00
      71705   2987.684   2046.157   2069.000     4.2746     4.2752   3.366907   3.366863     1.8801     1.5608     100.00   20.72851  -94.74952   -0.00009   -0.00007     4.6956     4.7154     4.0961     4.0967    34.9724    34.9713    27.7542    27.7532    1496.22    204.041    204.904         31 0.0000e+00
      77023   3209.245   2253.716   2280.000     4.2890     4.2898   3.376673   3.376626     1.8476     1.5299     100.00   20.72878  -94.75077   -0.00023   -0.00016     4.6887     4.7048     4.0887     4.0894    34.9736    34.9722    27.7559    27.7547    1496.93    203.743    204.442         30 0.0000e+00
      77146   3214.378   2258.632   2285.000     4.2893     4.2901   3.376870   3.376826     1.8470     1.5288     100.00   20.72856  -94.74976   -0.00013   -0.00031     4.6893     4.7027     4.0885     4.0892    34.9732    34.9719    27.7556    27.7545    1496.93    203.767    204.350         32 0.0000e+00
      87389   3641.152   2653.511   2687.000     4.3249     4.3259   3.395779   3.395733     1.7852     1.4713     100.00   20.72885  -94.75091   -0.00016   -0.00006     4.6644     4.6764     4.0806     4.0816    34.9745    34.9729    27.7574    27.7561    1498.76    202.687    203.209         31 0.0000e+00
      87515   3646.432   2658.418   2692.000     4.3254     4.3263   3.395990   3.395939     1.7846     1.4702     100.00   20.72867  -94.75007   -0.00019   -0.00031     4.6645     4.6744     4.0805     4.0814    34.9742    34.9726    27.7572    27.7559    1498.77    202.692    203.122         30 0.0000e+00
      88207   3675.258   2684.913   2719.000     4.3280     4.3289   3.397244   3.397210     1.7805     1.4664     100.00   20.72863  -94.74986   -0.00018   -0.00010     4.6628     4.6723     4.0801     4.0810    34.9741    34.9727    27.7572    27.7560    1498.91    202.615    203.028         30 0.0000e+00
      96396   4016.453   2994.764   3035.000     4.3613     4.3623   3.412209   3.412158     1.7304     1.4191     100.00   20.72876  -94.75059   -0.00012   -0.00020     4.6238     4.6286     4.0773     4.0783    34.9749    34.9733    27.7581    27.7567    1500.67    200.921    201.132         30 0.0000e+00
      98522   4105.051   3074.117   3116.000     4.3708     4.3718   3.416053   3.416004     1.7190     1.4082     100.00   20.72860  -94.74997   -0.00011   -0.00017     4.6185     4.6217     4.0773     4.0783    34.9747    34.9730    27.7579    27.7565    1501.13    200.692    200.830         30 0.0000e+00
      98786   4116.054   3083.912   3126.000     4.3720     4.3730   3.416532   3.416494     1.7175     1.4070     100.00   20.72862  -94.75004   -0.00011   -0.00013     4.6176     4.6211     4.0773     4.0783    34.9747    34.9732    27.7580    27.7567    1501.19    200.650    200.805         30 0.0000e+00
     100100   4170.808   3132.879   3176.000     4.3779     4.3789   3.418912   3.418866     1.7106     1.4005      67.38   20.72866  -94.75013   -0.00009   -0.00006     4.6143     4.6177     4.0774     4.0783    34.9747    34.9732    27.7579    27.7566    1501.50    200.507    200.658         30 0.0000e+00
     100415   4183.934   3144.629   3188.000     4.3794     4.3803   3.419485   3.419458     1.7090     1.3988      56.22   20.72866  -94.75015   -0.00016   -0.00014     4.6139     4.6160     4.0774     4.0783    34.9747    34.9734    27.7580    27.7568    1501.57    200.492    200.583         30 0.0000e+00
     101282   4220.043   3176.939   3221.000     4.3833     4.3843   3.421055   3.421001     1.7043     1.3944      24.57   20.72858  -94.74980   -0.00008   -0.00002     4.6109     4.6130     4.0774     4.0784    34.9748    34.9731    27.7580    27.7566    1501.76    200.363    200.454         30 0.0000e+00
     101563   4231.766   3186.729   3231.000     4.3846     4.3857   3.421561   3.421516     1.7026     1.3931      41.87   20.72882  -94.75088   -0.00011   -0.00005     4.6089     4.6121     4.0775     4.0786    34.9750    34.9734    27.7582    27.7568    1501.84    200.276    200.414         40 0.0000e+00
     101693   4237.177   3187.708   3232.000     4.3848     4.3859   3.421586   3.421551     1.7021     1.3929      11.70   20.72868  -94.75024   -0.00010    0.00002     4.6074     4.6119     4.0775     4.0787    34.9747    34.9731    27.7579    27.7566    1501.84    200.210    200.403         51 0.0000e+00
     101886   4245.200   3189.666   3234.000     4.3849     4.3860   3.421659   3.421616     1.7016     1.3920      51.12   20.72856  -94.74968   -0.00010   -0.00006     4.6061     4.6083     4.0775     4.0786    34.9745    34.9729    27.7578    27.7564    1501.84    200.151    200.247         50 0.0000e+00
     101973   4248.831   3190.645   3235.000     4.3851     4.3862   3.421726   3.421682     1.7014     1.3920       8.47   20.72868  -94.75024   -0.00010    0.00001     4.6056     4.6087     4.0775     4.0786    34.9747    34.9731    27.7579    27.7566    1501.86    200.132    200.267         50 0.0000e+00
     102129   4255.323   3191.624   3236.000     4.3854     4.3865   3.421778   3.421743     1.7013     1.3919       9.60   20.72868  -94.75024    0.00002   -0.00001     4.6058     4.6088     4.0776     4.0787    34.9746    34.9731    27.7578    27.7565    1501.86    200.138    200.271         54 0.0000e+00
