GOMECC/GOMECC-4/1db/drb2103_1121.cnv
* Sea-Bird SBE 9 Data File:
* FileName = C:\Users\scs.user.rb\CTD\GOMECC4\data\rb2103_1121.hex
* Software Version Seasave V 7.26.7.107
* Temperature SN = 4799
* Conductivity SN = 3860
* Number of Bytes Per Scan = 41
* Number of Voltage Words = 4
* Number of Scans Averaged by the Deck Unit = 1
* NMEA Latitude = 22 15.23 N
* NMEA Longitude = 086 48.60 W
* NMEA UTC (Time) = Oct 15 2021  11:26:45
* NMEA baud rate = 4800
# nquan = 28
# nvalues = 115                         
# units = specified
# name 0 = scan: Scan Count
# name 1 = timeS: Time, Elapsed [seconds]
# name 2 = depSM: Depth [salt water, m]
# name 3 = prDM: Pressure, Digiquartz [db]
# name 4 = t090C: Temperature [ITS-90, deg C]
# name 5 = t190C: Temperature, 2 [ITS-90, deg C]
# name 6 = c0S/m: Conductivity [S/m]
# name 7 = c1S/m: Conductivity, 2 [S/m]
# name 8 = sbeox0V: Oxygen raw, SBE 43 [V]
# name 9 = sbeox1V: Oxygen raw, SBE 43, 2 [V]
# name 10 = altM: Altimeter [m]
# name 11 = latitude: Latitude [deg]
# name 12 = longitude: Longitude [deg]
# name 13 = sbox0dV/dT: Oxygen, SBE 43 [dov/dt]
# name 14 = sbox1dV/dT: Oxygen, SBE 43, 2 [dov/dt]
# name 15 = sbeox0ML/L: Oxygen, SBE 43 [ml/l], WS = 5
# name 16 = sbeox1ML/L: Oxygen, SBE 43, 2 [ml/l], WS = 5
# name 17 = potemp090C: Potential Temperature [ITS-90, deg C]
# name 18 = potemp190C: Potential Temperature, 2 [ITS-90, deg C]
# name 19 = sal00: Salinity, Practical [PSU]
# name 20 = sal11: Salinity, Practical, 2 [PSU]
# name 21 = sigma-é00: Density [sigma-theta, kg/m^3]
# name 22 = sigma-é11: Density, 2 [sigma-theta, kg/m^3]
# name 23 = avgsvCM: Average Sound Velocity [Chen-Millero, m/s], minP = 20, minS = 20
# name 24 = sbox0Mm/Kg: Oxygen, SBE 43 [umol/kg], WS = 5
# name 25 = sbox1Mm/Kg: Oxygen, SBE 43, 2 [umol/kg], WS = 5
# name 26 = nbin: number of scans per bin
# name 27 = flag: flag
# span 0 =       9997,      17362       
# span 1 =    416.480,    723.359       
# span 2 =      2.981,    126.168       
# span 3 =      3.000,    127.000       
# span 4 =    17.0653,    28.8944       
# span 5 =    17.0667,    28.8966       
# span 6 =   4.649878,   5.894075       
# span 7 =   4.650113,   5.894464       
# span 8 =     2.0972,     3.1201       
# span 9 =     1.7491,     2.6372       
# span 10 =       6.43,     102.81      
# span 11 =   22.24509,   22.25540      
# span 12 =  -86.81584,  -86.77562      
# span 13 =   -0.04969,    0.01717      
# span 14 =   -0.04334,    0.01625      
# span 15 =     3.0187,     4.3292      
# span 16 =     3.0278,     4.3058      
# span 17 =    17.0445,    28.8927      
# span 18 =    17.0459,    28.8949      
# span 19 =    36.2152,    36.6367      
# span 20 =    36.2163,    36.6386      
# span 21 =    23.0147,    26.4968      
# span 22 =    23.0148,    26.4971      
# span 23 =       0.00,    1548.84      
# span 24 =    131.404,    188.986      
# span 25 =    131.802,    187.959      
# span 26 =         30,         62      
# span 27 = 0.0000e+00, 0.0000e+00      
# interval = decibars: 1                
# start_time = Oct 15 2021 11:26:45 [NMEA time, header]
# bad_flag = -9.990e-29
*END*
       9997    416.480      2.981      3.000    28.8934    28.8942   5.893866   5.894136     3.1201     2.6351      67.72   22.25397  -86.81026    0.00082    0.00160     4.3246     4.2982    28.8927    28.8935    36.2183    36.2196    23.0151    23.0158       0.00    188.792    187.641         35 0.0000e+00
      10057    418.993      3.975      4.000    28.8920    28.8939   5.893783   5.894140     3.1167     2.6344     102.81   22.25398  -86.81026   -0.00044   -0.00032     4.3192     4.2974    28.8911    28.8929    36.2184    36.2195    23.0158    23.0160       0.00    188.555    187.603         49 0.0000e+00
      10095    420.575      4.968      5.000    28.8910    28.8927   5.893712   5.894052     3.1167     2.6343     100.00   22.25398  -86.81026   -0.00107    0.00020     4.3198     4.2977    28.8898    28.8915    36.2184    36.2195    23.0162    23.0164       0.00    188.581    187.618         33 0.0000e+00
      10132    422.145      5.962      6.000    28.8906    28.8939   5.893719   5.894152     3.1181     2.6353     100.00   22.25398  -86.81026    0.00014    0.00008     4.3229     4.3003    28.8891    28.8925    36.2185    36.2195    23.0165    23.0161       0.00    188.715    187.731         42 0.0000e+00
      10180    424.127      6.956      7.000    28.8944    28.8966   5.894072   5.894464     3.1181     2.6320     100.00   22.25398  -86.81026    0.00037   -0.00029     4.3229     4.2939    28.8927    28.8949    36.2178    36.2188    23.0147    23.0148       0.00    188.719    187.452         51 0.0000e+00
      10228    426.137      7.950      8.000    28.8931    28.8945   5.893913   5.894237     3.1177     2.6321     100.00   22.25398  -86.81026    0.00015   -0.00145     4.3229     4.2948    28.8911    28.8926    36.2174    36.2185    23.0150    23.0153       0.00    188.716    187.490         45 0.0000e+00
      10270    427.891      8.943      9.000    28.8939    28.8949   5.894075   5.894346     3.1171     2.6372     100.00   22.25398  -86.81026   -0.00041    0.00157     4.3224     4.3055    28.8917    28.8927    36.2176    36.2187    23.0150    23.0154       0.00    188.694    187.959         40 0.0000e+00
      10312    429.622      9.937     10.000    28.8897    28.8913   5.893600   5.893934     3.1167     2.6342     100.00   22.25398  -86.81026   -0.00066    0.00113     4.3228     4.3002    28.8873    28.8889    36.2170    36.2183    23.0160    23.0164       0.00    188.712    187.726         44 0.0000e+00
      10358    431.539     10.931     11.000    28.8855    28.8886   5.893088   5.893675     3.1180     2.6352     100.00   22.25398  -86.81026    0.00052   -0.00060     4.3256     4.3029    28.8828    28.8860    36.2165    36.2182    23.0171    23.0173       0.00    188.834    187.845         48 0.0000e+00
      10406    433.550     11.925     12.000    28.8848    28.8873   5.893073   5.893540     3.1153     2.6335     100.00   22.25398  -86.81026   -0.00037   -0.00033     4.3213     4.3002    28.8819    28.8844    36.2166    36.2180    23.0175    23.0177       0.00    188.648    187.727         46 0.0000e+00
      10448    435.293     12.918     13.000    28.8803    28.8818   5.892517   5.892859     3.1147     2.6312      82.24   22.25398  -86.81026   -0.00104   -0.00088     4.3210     4.2965    28.8772    28.8787    36.2158    36.2171    23.0185    23.0189       0.00    188.634    187.565         40 0.0000e+00
      10490    437.041     13.912     14.000    28.8670    28.8631   5.890948   5.890728     3.1156     2.6343      99.78   22.25398  -86.81026   -0.00004    0.00002     4.3242     4.3044    28.8637    28.8597    36.2152    36.2163    23.0225    23.0247       0.00    188.771    187.909         44 0.0000e+00
      10537    438.997     14.906     15.000    28.7894    28.7817   5.882798   5.882278     3.1148     2.6295     100.00   22.25398  -86.81026    0.00037    0.00003     4.3292     4.3012    28.7858    28.7781    36.2170    36.2192    23.0499    23.0541       0.00    188.986    187.762         49 0.0000e+00
      10583    440.912     15.899     16.000    28.6892    28.6843   5.871662   5.871497     3.1080     2.6241      75.58   22.25398  -86.81026   -0.00199   -0.00309     4.3264     4.2990    28.6854    28.6805    36.2213    36.2228    23.0867    23.0894       0.00    188.857    187.662         42 0.0000e+00
      10624    442.632     16.893     17.000    28.1621    28.1621   5.818853   5.819222     3.0879     2.6098      99.52   22.25398  -86.81027   -0.00613   -0.00472     4.3285     4.3058    28.1580    28.1580    36.2494    36.2519    23.2825    23.2844       0.00    188.911    187.921         43 0.0000e+00
      10669    444.500     17.887     18.000    27.7249    27.7477   5.774582   5.777068     3.0657     2.5904     100.00   22.25398  -86.81028   -0.01195   -0.00890     4.3211     4.2959    27.7207    27.7435    36.2736    36.2735    23.4442    23.4367       0.00    188.560    187.461         45 0.0000e+00
      10712    446.290     18.880     19.000    27.4548    27.4500   5.747055   5.746923     3.0493     2.5754      83.93   22.25398  -86.81028   -0.01064   -0.00977     4.3117     4.2865    27.4504    27.4456    36.2871    36.2899    23.5423    23.5459       0.00    188.133    187.030         41 0.0000e+00
      10754    448.054     19.874     20.000    26.8770    26.8680   5.687985   5.687078     3.0177     2.5452      81.35   22.25398  -86.81028   -0.01175   -0.01078     4.2971     4.2656    26.8724    26.8634    36.3146    36.3150    23.7489    23.7521     766.40    187.458    186.083         44 0.0000e+00
      10800    449.958     20.868     21.000    25.9121    25.8931   5.589567   5.588497     2.9454     2.4801     100.20   22.25398  -86.81028   -0.02714   -0.02499     4.2437     4.2050    25.9074    25.8884    36.3659    36.3682    24.0930    24.1007    1548.84    185.063    183.376         46 0.0000e+00
      10844    451.800     21.861     22.000    25.0343    25.0347   5.505271   5.505461     2.8519     2.3963     100.00   22.25398  -86.81028   -0.04313   -0.03872     4.1200     4.0799    25.0295    25.0299    36.4404    36.4415    24.4212    24.4219    1540.33    179.614    177.866         43 0.0000e+00
      10887    453.590     22.855     23.000    24.6919    24.6941   5.473379   5.474016     2.7714     2.3330     100.00   22.25398  -86.81028   -0.04969   -0.04334     3.9910     3.9688    24.6869    24.6892    36.4786    36.4815    24.5546    24.5561    1540.14    173.966    172.998         43 0.0000e+00
      10930    455.367     23.849     24.000    24.4656    24.4704   5.450443   5.451242     2.7239     2.2944     100.00   22.25398  -86.81028   -0.03810   -0.02986     3.9131     3.8997    24.4605    24.4652    36.4896    36.4917    24.6314    24.6316    1539.93    170.559    169.972         44 0.0000e+00
      10976    457.294     24.842     25.000    24.2983    24.3010   5.432683   5.433449     2.6834     2.2637     100.00   22.25398  -86.81028   -0.02448   -0.01990     3.8462     3.8451    24.2930    24.2957    36.4915    36.4951    24.6834    24.6853    1539.73    167.635    167.585         46 0.0000e+00
      11020    459.142     25.836     26.000    24.2224    24.2233   5.423755   5.424159     2.6612     2.2448     100.00   22.25398  -86.81028   -0.01644   -0.01254     3.8087     3.8100    24.2169    24.2177    36.4856    36.4879    24.7017    24.7032    1539.53    165.996    166.053         43 0.0000e+00
      11064    460.955     26.830     27.000    24.0112    24.0167   5.400590   5.401375     2.6366     2.2212     100.00   22.25398  -86.81028   -0.01236   -0.01116     3.7756     3.7730    24.0055    24.0110    36.4822    36.4837    24.7623    24.7618    1539.33    164.546    164.429         45 0.0000e+00
      11108    462.801     27.823     28.000    23.8682    23.8695   5.386203   5.386644     2.6121     2.2014     100.00   22.25398  -86.81028   -0.01396   -0.01241     3.7376     3.7397    23.8623    23.8636    36.4896    36.4918    24.8106    24.8119    1539.14    162.880    162.971         43 0.0000e+00
      11151    464.594     28.817     29.000    23.7683    23.7707   5.376529   5.377102     2.6012     2.1921      94.11   22.25398  -86.81028   -0.01040   -0.00857     3.7232     3.7261    23.7622    23.7646    36.4975    36.4999    24.8462    24.8473    1538.94    162.247    162.374         45 0.0000e+00
      11200    466.641     29.810     30.000    23.6510    23.6588   5.365384   5.366447     2.5911     2.1850      99.38   22.25398  -86.81028   -0.00524   -0.00428     3.7116     3.7180    23.6447    23.6525    36.5085    36.5101    24.8894    24.8883    1538.76    161.735    162.012         49 0.0000e+00
      11244    468.445     30.804     31.000    23.4695    23.4797   5.348067   5.349316     2.5783     2.1728     100.00   22.25398  -86.81028   -0.00575   -0.00440     3.6989     3.7030    23.4630    23.4732    36.5250    36.5262    24.9555    24.9534    1538.57    161.169    161.348         40 0.0000e+00
      11285    470.175     31.798     32.000    23.3424    23.3400   5.335838   5.335876     2.5631     2.1585      75.02   22.25398  -86.81028   -0.00771   -0.00758     3.6798     3.6823    23.3358    23.3333    36.5357    36.5381    25.0009    25.0034    1538.38    160.333    160.441         45 0.0000e+00
      11333    472.155     32.791     33.000    23.2425    23.2455   5.326557   5.327158     2.5521     2.1462      99.62   22.25398  -86.81028   -0.00743   -0.00736     3.6612     3.6586    23.2357    23.2386    36.5458    36.5479    25.0379    25.0386    1538.20    159.516    159.404         47 0.0000e+00
      11378    474.028     33.785     34.000    23.2275    23.2286   5.325202   5.325602     2.5442     2.1405      98.30   22.25398  -86.81028   -0.00499   -0.00484     3.6481     3.6489    23.2205    23.2215    36.5482    36.5504    25.0442    25.0455    1538.02    158.942    158.978         45 0.0000e+00
      11424    475.955     34.779     35.000    23.1984    23.2018   5.322795   5.323377     2.5375     2.1381      97.33   22.25398  -86.81028   -0.00378   -0.00219     3.6370     3.6457    23.1912    23.1946    36.5534    36.5551    25.0567    25.0569    1537.86    158.459    158.837         45 0.0000e+00
      11467    477.742     35.772     36.000    23.0683    23.0875   5.309082   5.311342     2.5293     2.1309      96.50   22.25398  -86.81028   -0.00383   -0.00195     3.6299     3.6375    23.0609    23.0801    36.5551    36.5566    25.0959    25.0915    1537.70    158.144    158.474         44 0.0000e+00
      11515    479.746     36.766     37.000    22.7395    22.7541   5.272815   5.273268     2.5113     2.1134      95.37   22.25398  -86.81028   -0.00618   -0.00603     3.6151     3.6205    22.7320    22.7466    36.5468    36.5454    25.1847    25.1819    1537.53    157.483    157.721         50 0.0000e+00
      11559    481.586     37.759     38.000    22.0219    22.0384   5.195536   5.197386     2.4615     2.0619      94.47   22.25398  -86.81028   -0.01557   -0.01567     3.5649     3.5513    22.0143    22.0309    36.5423    36.5430    25.3862    25.3821    1537.34    155.264    154.677         40 0.0000e+00
      11602    483.384     38.753     39.000    21.7734    21.7801   5.168867   5.169846     2.4017     2.0074      93.41   22.25398  -86.81030   -0.03040   -0.02989     3.4591     3.4449    21.7657    21.7724    36.5406    36.5427    25.4549    25.4546    1537.12    150.650    150.028         47 0.0000e+00
      11650    485.359     39.746     40.000    21.6493    21.6524   5.155592   5.156222     2.3629     1.9764      92.40   22.25398  -86.81030   -0.02732   -0.02387     3.3879     3.3830    21.6415    21.6445    36.5398    36.5422    25.4891    25.4900    1536.90    147.545    147.329         44 0.0000e+00
      11694    487.217     40.740     41.000    21.5548    21.5618   5.145399   5.146316     2.3395     1.9605      91.50   22.25398  -86.81030   -0.01656   -0.01238     3.3486     3.3549    21.5468    21.5537    36.5384    36.5398    25.5144    25.5136    1536.68    145.829    146.102         49 0.0000e+00
      11744    489.299     41.733     42.000    21.4195    21.4213   5.130510   5.130983     2.3187     1.9411      90.46   22.25398  -86.81030   -0.01122   -0.00880     3.3121     3.3176    21.4113    21.4131    36.5340    36.5363    25.5488    25.5501    1536.47    144.235    144.472         46 0.0000e+00
      11784    490.951     42.727     43.000    21.3853    21.3876   5.126902   5.127404     2.3080     1.9322      89.64   22.25398  -86.81030   -0.00888   -0.00826     3.2927     3.2997    21.3769    21.3792    36.5339    36.5359    25.5583    25.5592    1536.26    143.386    143.693         38 0.0000e+00
      11827    492.763     43.721     44.000    21.3292    21.3333   5.121056   5.121738     2.2996     1.9271      88.55   22.25398  -86.81030   -0.00594   -0.00442     3.2792     3.2918    21.3206    21.3248    36.5345    36.5364    25.5743    25.5746    1536.06    142.795    143.344         50 0.0000e+00
      11879    494.926     44.714     45.000    21.2549    21.2577   5.112923   5.113466     2.2912     1.9177      87.52   22.25398  -86.81030   -0.00418   -0.00379     3.2667     3.2751    21.2462    21.2490    36.5322    36.5342    25.5931    25.5939    1535.87    142.252    142.615         50 0.0000e+00
      11924    496.787     45.708     46.000    21.2279    21.2289   5.110049   5.110400     2.2849     1.9106      86.66   22.25398  -86.81030   -0.00372   -0.00407     3.2559     3.2612    21.2190    21.2200    36.5318    36.5338    25.6003    25.6016    1535.68    141.778    142.009         40 0.0000e+00
      11964    498.478     46.701     47.000    21.2110    21.2124   5.108341   5.108723     2.2811     1.9096      85.64   22.25398  -86.81030   -0.00296   -0.00256     3.2495     3.2601    21.2018    21.2033    36.5321    36.5340    25.6053    25.6063    1535.50    141.499    141.961         43 0.0000e+00
      12011    500.437     47.694     48.000    21.1902    21.1915   5.106248   5.106579     2.2768     1.9063      84.65   22.25398  -86.81030   -0.00222   -0.00126     3.2421     3.2539    21.1809    21.1822    36.5315    36.5332    25.6106    25.6116    1535.32    141.177    141.691         51 0.0000e+00
      12059    502.405     48.688     49.000    21.1781    21.1791   5.104919   5.105270     2.2728     1.9025      83.60   22.25398  -86.81030   -0.00222   -0.00194     3.2350     3.2465    21.1686    21.1696    36.5320    36.5339    25.6144    25.6156    1535.16    140.868    141.369         41 0.0000e+00
      12101    504.172     49.681     50.000    21.1654    21.1688   5.103708   5.104544     2.2712     1.8998      82.69   22.25398  -86.81030   -0.00152   -0.00187     3.2329     3.2414    21.1541    21.1591    36.5341    36.5365    25.6200    25.6205    1535.00    140.773    141.144         48 0.0000e+00
      12152    506.280     50.675     51.000    21.0951    21.0988   5.096423   5.096964     2.2668     1.8956      81.66   22.25398  -86.81030   -0.00142   -0.00151     3.2284     3.2363    21.0853    21.0890    36.5337    36.5350    25.6386    25.6386    1534.85    140.576    140.921         46 0.0000e+00
      12192    507.961     51.669     52.000    21.0554    21.0562   5.094738   5.095016     2.2629     1.8949      80.79   22.25398  -86.81030   -0.00236   -0.00175     3.2228     3.2372    21.0454    21.0462    36.5538    36.5553    25.6649    25.6659    1534.69    140.329    140.956         39 0.0000e+00
      12237    509.815     52.662     53.000    21.0455    21.0467   5.097363   5.097495     2.2669     1.8988      79.67   22.25398  -86.81030   -0.00055    0.00051     3.2315     3.2464    21.0353    21.0365    36.5831    36.5832    25.6900    25.6897    1534.54    140.705    141.354         52 0.0000e+00
