GOMECC/GOMECC-4/1db/drb2103_1181.cnv
* Sea-Bird SBE 9 Data File:
* FileName = C:\Users\scs.user.rb\CTD\GOMECC4\data\rb2103_1181.hex
* Software Version Seasave V 7.26.7.107
* Temperature SN = 4799
* Conductivity SN = 3860
* Number of Bytes Per Scan = 41
* Number of Voltage Words = 4
* Number of Scans Averaged by the Deck Unit = 1
* NMEA Latitude = 21 37.95 N
* NMEA Longitude = 086 14.49 W
* NMEA UTC (Time) = Oct 16 2021  02:01:26
* NMEA baud rate = 4800
# nquan = 28
# nvalues = 344                         
# units = specified
# name 0 = scan: Scan Count
# name 1 = timeS: Time, Elapsed [seconds]
# name 2 = depSM: Depth [salt water, m]
# name 3 = prDM: Pressure, Digiquartz [db]
# name 4 = t090C: Temperature [ITS-90, deg C]
# name 5 = t190C: Temperature, 2 [ITS-90, deg C]
# name 6 = c0S/m: Conductivity [S/m]
# name 7 = c1S/m: Conductivity, 2 [S/m]
# name 8 = sbeox0V: Oxygen raw, SBE 43 [V]
# name 9 = sbeox1V: Oxygen raw, SBE 43, 2 [V]
# name 10 = altM: Altimeter [m]
# name 11 = latitude: Latitude [deg]
# name 12 = longitude: Longitude [deg]
# name 13 = sbox0dV/dT: Oxygen, SBE 43 [dov/dt]
# name 14 = sbox1dV/dT: Oxygen, SBE 43, 2 [dov/dt]
# name 15 = sbeox0ML/L: Oxygen, SBE 43 [ml/l], WS = 5
# name 16 = sbeox1ML/L: Oxygen, SBE 43, 2 [ml/l], WS = 5
# name 17 = potemp090C: Potential Temperature [ITS-90, deg C]
# name 18 = potemp190C: Potential Temperature, 2 [ITS-90, deg C]
# name 19 = sal00: Salinity, Practical [PSU]
# name 20 = sal11: Salinity, Practical, 2 [PSU]
# name 21 = sigma-é00: Density [sigma-theta, kg/m^3]
# name 22 = sigma-é11: Density, 2 [sigma-theta, kg/m^3]
# name 23 = avgsvCM: Average Sound Velocity [Chen-Millero, m/s], minP = 20, minS = 20
# name 24 = sbox0Mm/Kg: Oxygen, SBE 43 [umol/kg], WS = 5
# name 25 = sbox1Mm/Kg: Oxygen, SBE 43, 2 [umol/kg], WS = 5
# name 26 = nbin: number of scans per bin
# name 27 = flag: flag
# span 0 =      17676,      51261       
# span 1 =    736.440,   2135.840       
# span 2 =      3.975,   1044.806       
# span 3 =      4.000,   1054.000       
# span 4 =     5.1825,    29.6708       
# span 5 =     5.1828,    29.6693       
# span 6 =   3.402809,   5.953900       
# span 7 =   3.402798,   5.954098       
# span 8 =     1.6319,     3.1976       
# span 9 =     1.3297,     2.6983       
# span 10 =       8.59,     101.05      
# span 11 =   21.63392,   21.64247      
# span 12 =  -86.24926,  -86.22705      
# span 13 =   -0.01704,    0.00684      
# span 14 =   -0.01582,    0.00560      
# span 15 =     2.7122,     4.4305      
# span 16 =     2.7294,     4.3955      
# span 17 =     5.0921,    29.6698      
# span 18 =     5.0924,    29.6683      
# span 19 =    34.8814,    37.0212      
# span 20 =    34.8812,    37.0231      
# span 21 =    22.6229,    27.6115      
# span 22 =    22.6246,    27.6112      
# span 23 =       0.00,    1545.83      
# span 24 =    117.924,    193.463      
# span 25 =    118.671,    191.936      
# span 26 =         30,         67      
# span 27 = 0.0000e+00, 0.0000e+00      
# interval = decibars: 1                
# start_time = Oct 16 2021 02:01:26 [NMEA time, header]
# bad_flag = -9.990e-29
*END*
[from data line 259]
      30627   1276.071    377.294    380.000    13.3339    13.3365   4.219280   4.219593     1.8651     1.5401      86.08   21.63976  -86.24470   -0.00273   -0.00259     2.9436     2.9558    13.2801    13.2826    35.6956    35.6962    26.8750    26.8749    1526.76    128.021    128.550         30 0.0000e+00
      30685   1278.512    379.278    382.000    13.2973    13.2990   4.215111   4.215337     1.8596     1.5341     100.00   21.63963  -86.24410   -0.00256   -0.00264     2.9329     2.9422    13.2433    13.2450    35.6895    35.6900    26.8778    26.8778    1526.65    127.555    127.958         30 0.0000e+00
      30745   1280.989    381.262    384.000    13.2228    13.2241   4.206584   4.206779     1.8545     1.5317     100.00   21.63925  -86.24256   -0.00208   -0.00135     2.9257     2.9411    13.1687    13.1700    35.6775    35.6781    26.8837    26.8839    1526.52    127.241    127.911         32 0.0000e+00
      30777   1282.334    382.254    385.000    13.2114    13.2134   4.205367   4.205626     1.8523     1.5301      67.23   21.63980  -86.24472   -0.00193   -0.00101     2.9209     2.9378    13.1572    13.1591    35.6762    35.6769    26.8851    26.8852    1526.51    127.034    127.766         30 0.0000e+00
      30861   1285.836    385.230    388.000    13.1373    13.1409   4.196910   4.197343     1.8479     1.5264     100.00   21.63883  -86.24074   -0.00122   -0.00098     2.9159     2.9333    13.0829    13.0864    35.6636    35.6644    26.8904    26.8903    1526.30    126.812    127.571         32 0.0000e+00
      30894   1287.207    386.222    389.000    13.1011    13.1036   4.192961   4.193254     1.8460     1.5246     100.00   21.63984  -86.24476   -0.00119   -0.00105     2.9141     2.9308    13.0470    13.0491    35.6597    35.6604    26.8947    26.8948    1526.32    126.736    127.462         31 0.0000e+00
      30925   1288.516    387.214    390.000    13.0356    13.0447   4.185330   4.186362     1.8442     1.5219      63.32   21.63985  -86.24476   -0.00133   -0.00143     2.9142     2.9278    12.9812    12.9902    35.6483    35.6496    26.8992    26.8983    1526.28    126.738    127.331         31 0.0000e+00
      30956   1289.780    388.205    391.000    12.9687    12.9691   4.177770   4.177878     1.8411     1.5192     100.26   21.63986  -86.24476   -0.00164   -0.00187     2.9110     2.9256    12.9143    12.9146    35.6386    35.6393    26.9051    26.9056    1526.23    126.600    127.234         30 0.0000e+00
      31044   1293.463    391.182    394.000    12.9609    12.9620   4.177104   4.177276     1.8358     1.5139     100.00   21.63995  -86.24505   -0.00149   -0.00158     2.8991     2.9121    12.9061    12.9072    35.6384    35.6390    26.9066    26.9069    1526.09    126.081    126.646         31 0.0000e+00
      31076   1294.779    392.173    395.000    12.9563    12.9580   4.176501   4.176630     1.8346     1.5126     100.00   21.63989  -86.24478   -0.00104   -0.00102     2.8970     2.9093    12.9014    12.9030    35.6381    35.6387    26.9074    26.9075    1526.03    125.990    126.526         32 0.0000e+00
      31107   1296.099    393.165    396.000    12.7919    12.8009   4.159188   4.159040     1.8328     1.5113     100.00   21.63990  -86.24478   -0.00096   -0.00090     2.9019     2.9151    12.7373    12.7463    35.6138    35.6149    26.9214    26.9204    1526.00    126.202    126.775         30 0.0000e+00
      31190   1299.562    396.141    399.000    12.7247    12.7248   4.150314   4.150388     1.8262     1.5044     100.00   21.63888  -86.24063   -0.00187   -0.00189     2.8924     2.9028    12.6698    12.6699    35.6015    35.6021    26.9253    26.9257    1525.76    125.786    126.239         35 0.0000e+00
      31227   1301.077    397.133    400.000    12.7147    12.7179   4.149341   4.149768     1.8244     1.5031     100.00   21.63994  -86.24480   -0.00159   -0.00180     2.8885     2.9000    12.6598    12.6629    35.6015    35.6026    26.9273    26.9276    1525.79    125.619    126.117         34 0.0000e+00
      31343   1305.922    401.100    404.000    12.4536    12.4592   4.119509   4.120141     1.8132     1.4931     100.00   21.63972  -86.24377   -0.00257   -0.00241     2.8789     2.8901    12.3989    12.4044    35.5587    35.5596    26.9457    26.9453    1525.57    125.199    125.686         30 0.0000e+00
      31374   1307.207    402.092    405.000    12.4050    12.4063   4.113976   4.114158     1.8098     1.4895     100.00   21.63998  -86.24482   -0.00277   -0.00270     2.8736     2.8838    12.3502    12.3515    35.5509    35.5514    26.9492    26.9493    1525.54    124.967    125.411         31 0.0000e+00
      31405   1308.502    403.084    406.000    12.3835    12.3854   4.111583   4.111861     1.8066     1.4870     100.00   21.64000  -86.24482   -0.00272   -0.00264     2.8671     2.8783    12.3287    12.3306    35.5476    35.5485    26.9508    26.9512    1525.49    124.683    125.172         31 0.0000e+00
      31436   1309.781    404.076    407.000    12.3661    12.3703   4.109676   4.110194     1.8038     1.4855     100.00   21.64000  -86.24482   -0.00245   -0.00203     2.8613     2.8755    12.3112    12.3154    35.5452    35.5462    26.9523    26.9523    1525.44    124.431    125.049         30 0.0000e+00
      31494   1312.210    406.059    409.000    12.3322    12.3404   4.105885   4.106855     1.7996     1.4828      88.42   21.63971  -86.24359   -0.00193   -0.00112     2.8531     2.8707    12.2771    12.2861    35.5396    35.5412    26.9546    26.9543    1525.32    124.075    124.839         30 0.0000e+00
      31525   1313.520    407.051    410.000    12.2925    12.2959   4.101422   4.101827     1.7978     1.4803      99.99   21.64004  -86.24484   -0.00167   -0.00128     2.8514     2.8666    12.2374    12.2408    35.5336    35.5343    26.9578    26.9577    1525.29    124.001    124.663         32 0.0000e+00
      31614   1317.206    410.027    413.000    12.2159    12.2185   4.093080   4.093163     1.7922     1.4750      49.77   21.64037  -86.24610   -0.00156   -0.00149     2.8428     2.8575    12.1607    12.1632    35.5216    35.5224    26.9634    26.9635    1525.17    123.627    124.264         30 0.0000e+00
      31643   1318.422    411.019    414.000    12.2051    12.2069   4.091667   4.091887     1.7906     1.4735      93.71   21.64008  -86.24486   -0.00154   -0.00139     2.8398     2.8544    12.1498    12.1515    35.5199    35.5204    26.9642    26.9642    1525.09    123.495    124.130         30 0.0000e+00
      31674   1319.706    412.010    415.000    12.1967    12.1911   4.090781   4.090175     1.7894     1.4724      99.90   21.64008  -86.24486   -0.00131   -0.00116     2.8376     2.8527    12.1413    12.1356    35.5189    35.5183    26.9650    26.9657    1525.05    123.398    124.055         32 0.0000e+00
      31706   1321.044    413.002    416.000    12.1725    12.1718   4.088173   4.088108     1.7881     1.4711     100.00   21.64009  -86.24486   -0.00106   -0.00096     2.8359     2.8505    12.1169    12.1163    35.5149    35.5152    26.9666    26.9670    1525.00    123.324    123.959         31 0.0000e+00
      31792   1324.644    415.977    419.000    12.1533    12.1546   4.086006   4.086193     1.7851     1.4682     100.00   21.63974  -86.24338   -0.00082   -0.00080     2.8307     2.8442    12.0974    12.0987    35.5117    35.5124    26.9679    26.9682    1524.82    123.100    123.686         31 0.0000e+00
      31824   1325.938    416.969    420.000    12.1433    12.1434   4.084916   4.084928     1.7842     1.4674     100.00   21.64012  -86.24489   -0.00080   -0.00077     2.8293     2.8432    12.0873    12.0874    35.5104    35.5104    26.9689    26.9689    1524.80    123.039    123.642         30 0.0000e+00
      31912   1329.611    419.945    423.000    11.9408    11.9402   4.061765   4.061766     1.7779     1.4614      99.97   21.63959  -86.24265   -0.00165   -0.00149     2.8277     2.8402    11.8850    11.8844    35.4753    35.4753    26.9805    26.9806    1524.62    122.966    123.510         32 0.0000e+00
      31945   1330.982    420.937    424.000    11.9299    11.9317   4.060589   4.060798     1.7752     1.4587     100.00   21.64016  -86.24490   -0.00200   -0.00211     2.8214     2.8336    11.8740    11.8758    35.4740    35.4743    26.9816    26.9815    1524.61    122.695    123.223         32 0.0000e+00
      32058   1335.694    424.904    428.000    11.8472    11.8526   4.051364   4.051896     1.7673     1.4510      68.00   21.63962  -86.24262   -0.00163   -0.00156     2.8075     2.8177    11.7911    11.7964    35.4604    35.4605    26.9868    26.9858    1524.37    122.089    122.532         30 0.0000e+00
      32089   1337.014    425.895    429.000    11.8475    11.8403   4.051496   4.050721     1.7657     1.4504     100.36   21.64021  -86.24492   -0.00163   -0.00142     2.8035     2.8170    11.7912    11.7840    35.4612    35.4605    26.9874    26.9882    1524.37    121.913    122.503         31 0.0000e+00
      32377   1348.996    435.812    439.000    11.6945    11.6971   4.034604   4.034919     1.7541     1.4404     100.00   21.63990  -86.24339   -0.00102   -0.00078     2.7863     2.8010    11.6374    11.6400    35.4366    35.4373    26.9974    26.9974    1523.86    121.167    121.803         32 0.0000e+00
      32409   1350.326    436.804    440.000    11.6848    11.6866   4.033631   4.033809     1.7533     1.4396     100.00   21.64030  -86.24498   -0.00099   -0.00083     2.7854     2.7997    11.6275    11.6294    35.4360    35.4360    26.9989    26.9985    1523.84    121.125    121.745         31 0.0000e+00
      32519   1354.909    440.771    444.000    11.5975    11.6010   4.023940   4.024361     1.7483     1.4359     100.00   21.64021  -86.24449   -0.00121   -0.00082     2.7791     2.7959    11.5400    11.5435    35.4222    35.4229    27.0045    27.0044    1523.65    120.851    121.582         31 0.0000e+00
      32609   1358.664    443.746    447.000    11.5277    11.5323   4.016338   4.016884     1.7455     1.4326     100.00   21.64132  -86.24880   -0.00077   -0.00093     2.7770     2.7915    11.4700    11.4746    35.4128    35.4138    27.0104    27.0104    1523.59    120.759    121.390         30 0.0000e+00
      32720   1363.283    447.712    451.000    11.4347    11.4331   4.005895   4.005735     1.7400     1.4273     100.00   21.64027  -86.24448   -0.00112   -0.00134     2.7703     2.7842    11.3768    11.3752    35.3964    35.3965    27.0150    27.0153    1523.32    120.467    121.070         31 0.0000e+00
      32860   1369.145    452.670    456.000    11.3876    11.3885   4.000837   4.000959     1.7353     1.4230     100.00   21.64043  -86.24499   -0.00079   -0.00047     2.7625     2.7762    11.3292    11.3301    35.3893    35.3896    27.0183    27.0183    1523.10    120.126    120.725         30 0.0000e+00
      33058   1377.390    459.611    463.000    11.3579    11.3612   3.997868   3.998213     1.7316     1.4200      92.77   21.64040  -86.24469   -0.00037   -0.00035     2.7568     2.7715    11.2987    11.3020    35.3852    35.3855    27.0207    27.0204    1522.78    119.881    120.520         30 0.0000e+00
      33312   1387.978    468.535    472.000    11.1691    11.1754   3.977016   3.977727     1.7234     1.4122      94.45   21.64056  -86.24498   -0.00128   -0.00146     2.7506     2.7639    11.1093    11.1157    35.3552    35.3561    27.0322    27.0319    1522.40    119.607    120.188         30 0.0000e+00
      33451   1393.739    473.493    477.000    10.9118    10.9158   3.948463   3.948924     1.7136     1.4040      85.25   21.64012  -86.24311   -0.00188   -0.00167     2.7431     2.7583    10.8523    10.8563    35.3149    35.3157    27.0476    27.0476    1522.15    119.282    119.941         30 0.0000e+00
      33482   1395.031    474.484    478.000    10.9055    10.9036   3.947857   3.947702     1.7121     1.4023      82.71   21.64061  -86.24511   -0.00180   -0.00161     2.7396     2.7543    10.8459    10.8440    35.3146    35.3149    27.0486    27.0491    1522.14    119.130    119.767         30 0.0000e+00
      33647   1401.909    480.433    484.000    10.8992    10.8997   3.947483   3.947576     1.7067     1.3973     100.00   21.63988  -86.24212   -0.00068   -0.00055     2.7275     2.7418    10.8389    10.8393    35.3141    35.3145    27.0494    27.0497    1521.82    118.600    119.222         31 0.0000e+00
      33679   1403.250    481.425    485.000    10.8991    10.8996   3.947632   3.947715     1.7059     1.3969     100.00   21.64064  -86.24516   -0.00068   -0.00066     2.7253     2.7408    10.8386    10.8391    35.3154    35.3158    27.0506    27.0508    1521.84    118.508    119.180         31 0.0000e+00
      34151   1422.896    498.279    502.000    10.3766    10.3786   3.891537   3.891798     1.6937     1.3854      70.24   21.64108  -86.24645   -0.00093   -0.00071     2.7332     2.7468    10.3159    10.3179    35.2471    35.2478    27.0903    27.0904    1521.14    118.847    119.435         31 0.0000e+00
      34257   1427.333    502.245    506.000    10.2285    10.2332   3.875753   3.876249     1.6891     1.3822     100.00   21.64077  -86.24517   -0.00107   -0.00061     2.7319     2.7480    10.1679    10.1726    35.2284    35.2289    27.1014    27.1010    1520.94    118.787    119.487         31 0.0000e+00
      34450   1435.378    509.184    513.000    10.0596    10.0600   3.857812   3.857871     1.6831     1.3751     100.00   21.64055  -86.24413   -0.00054   -0.00080     2.7291     2.7403     9.9987     9.9992    35.2064    35.2066    27.1134    27.1135    1520.62    118.667    119.153         30 0.0000e+00
      35396   1474.795    543.878    548.000     8.9660     8.9666   3.741461   3.741546     1.6464     1.3437     100.00   21.64108  -86.24537   -0.00090   -0.00046     2.7122     2.7294     8.9053     8.9060    35.0564    35.0565    27.1776    27.1776    1519.07    117.924    118.671         31 0.0000e+00
      38209   1592.003    649.906    655.000     7.8833     7.8826   3.633873   3.633792     1.6319     1.3297      78.97   21.64088  -86.24303   -0.00009   -0.00036     2.7852     2.7987     7.8156     7.8150    34.9381    34.9379    27.2528    27.2527    1514.91    121.087    121.675         33 0.0000e+00
      38339   1597.408    654.860    660.000     7.8649     7.8661   3.632327   3.632449     1.6336     1.3320      95.46   21.64128  -86.24464    0.00029    0.00025     2.7935     2.8091     7.7968     7.7981    34.9376    34.9376    27.2551    27.2550    1514.77    121.446    122.127         31 0.0000e+00
      40946   1706.022    752.910    759.000     6.7312     6.7325   3.527155   3.527245     1.6792     1.3755     100.00   21.64162  -86.24493    0.00083    0.00097     3.0618     3.0814     6.6589     6.6602    34.8840    34.8837    27.3743    27.3739    1511.67    133.095    133.951         30 0.0000e+00
      41052   1710.474    756.871    763.000     6.6799     6.6806   3.522383   3.522435     1.6827     1.3787     100.00   21.64180  -86.24561    0.00079    0.00075     3.0789     3.0984     6.6075     6.6082    34.8814    34.8812    27.3792    27.3790    1511.57    133.838    134.688         31 0.0000e+00
      41268   1719.470    764.792    771.000     6.6004     6.6019   3.516277   3.516386     1.6855     1.3813     100.00   21.64152  -86.24438    0.00016    0.00033     3.0977     3.1167     6.5276     6.5291    34.8905    34.8901    27.3971    27.3966    1511.32    134.653    135.482         32 0.0000e+00
      42400   1766.616    806.372    813.000     6.2404     6.2416   3.487230   3.487313     1.7289     1.4208     100.00   21.64187  -86.24528    0.00079    0.00036     3.2858     3.3028     6.1656     6.1668    34.9134    34.9130    27.4629    27.4625    1510.19    142.820    143.562         30 0.0000e+00
