GOMECC/GOMECC-4/1db/drb2103_0211.cnv
* Sea-Bird SBE 9 Data File:
* FileName = C:\Users\scs.user.rb\CTD\GOMECC4\data\rb2103_0211.hex
* Software Version Seasave V 7.26.7.107
* Temperature SN = 4799
* Conductivity SN = 3860
* Number of Bytes Per Scan = 41
* Number of Voltage Words = 4
* Number of Scans Averaged by the Deck Unit = 1
* NMEA Latitude = 29 12.35 N
* NMEA Longitude = 085 38.79 W
* NMEA UTC (Time) = Sep 20 2021  22:02:36
* NMEA baud rate = 4800
# nquan = 28
# nvalues = 64                          
# units = specified
# name 0 = scan: Scan Count
# name 1 = timeS: Time, Elapsed [seconds]
# name 2 = depSM: Depth [salt water, m]
# name 3 = prDM: Pressure, Digiquartz [db]
# name 4 = t090C: Temperature [ITS-90, deg C]
# name 5 = t190C: Temperature, 2 [ITS-90, deg C]
# name 6 = c0S/m: Conductivity [S/m]
# name 7 = c1S/m: Conductivity, 2 [S/m]
# name 8 = sbeox0V: Oxygen raw, SBE 43 [V]
# name 9 = sbeox1V: Oxygen raw, SBE 43, 2 [V]
# name 10 = altM: Altimeter [m]
# name 11 = latitude: Latitude [deg]
# name 12 = longitude: Longitude [deg]
# name 13 = sbox0dV/dT: Oxygen, SBE 43 [dov/dt]
# name 14 = sbox1dV/dT: Oxygen, SBE 43, 2 [dov/dt]
# name 15 = sbeox0ML/L: Oxygen, SBE 43 [ml/l], WS = 5
# name 16 = sbeox1ML/L: Oxygen, SBE 43, 2 [ml/l], WS = 5
# name 17 = potemp090C: Potential Temperature [ITS-90, deg C]
# name 18 = potemp190C: Potential Temperature, 2 [ITS-90, deg C]
# name 19 = sal00: Salinity, Practical [PSU]
# name 20 = sal11: Salinity, Practical, 2 [PSU]
# name 21 = sigma-é00: Density [sigma-theta, kg/m^3]
# name 22 = sigma-é11: Density, 2 [sigma-theta, kg/m^3]
# name 23 = avgsvCM: Average Sound Velocity [Chen-Millero, m/s], minP = 20, minS = 20
# name 24 = sbox0Mm/Kg: Oxygen, SBE 43 [umol/kg], WS = 5
# name 25 = sbox1Mm/Kg: Oxygen, SBE 43, 2 [umol/kg], WS = 5
# name 26 = nbin: number of scans per bin
# name 27 = flag: flag
# span 0 =      10317,      18586       
# span 1 =    429.853,    774.385       
# span 2 =      3.973,     74.481       
# span 3 =      4.000,     75.000       
# span 4 =    20.8197,    28.7208       
# span 5 =    20.8035,    28.7346       
# span 6 =   5.066700,   5.754835       
# span 7 =   5.067519,   5.755357       
# span 8 =     2.3047,     3.1825       
# span 9 =     1.9416,     2.7134       
# span 10 =      11.47,      80.12      
# span 11 =   29.20538,   29.26266      
# span 12 =  -85.81512,  -85.64693      
# span 13 =   -0.04006,    0.00983      
# span 14 =   -0.03821,    0.01016      
# span 15 =     3.3357,     4.5077      
# span 16 =     3.3698,     4.5216      
# span 17 =    20.8054,    28.7145      
# span 18 =    20.7892,    28.7284      
# span 19 =    33.0755,    36.5470      
# span 20 =    33.0775,    36.5142      
# span 21 =    20.8673,    25.7323      
# span 22 =    20.8684,    25.7083      
# span 23 =       0.00,    1547.59      
# span 24 =    145.242,    196.793      
# span 25 =    146.726,    197.402      
# span 26 =         34,         64      
# span 27 = 0.0000e+00, 0.0000e+00      
# interval = decibars: 1                
# start_time = Sep 20 2021 22:02:36 [NMEA time, header]
# bad_flag = -9.990e-29
*END*
      10317    429.853      3.973      4.000    28.2490    28.2503   5.372827   5.373130     3.1409     2.6718      72.28   29.20548  -85.64700    0.00093   -0.00058     4.4905     4.4970    28.2481    28.2493    33.0785    33.0794    20.8697    20.8699       0.00    196.446    196.729         37 0.0000e+00
      10405    433.517      4.966      5.000    28.2497    28.2508   5.372555   5.372951     3.1400     2.6788      80.12   29.20548  -85.64700   -0.00040    0.00206     4.4894     4.5119    28.2485    28.2496    33.0755    33.0775    20.8673    20.8684       0.00    196.398    197.383         46 0.0000e+00
      10471    436.263      5.960      6.000    28.2642    28.2640   5.377121   5.376889     3.1423     2.6745      79.02   29.20548  -85.64700    0.00061    0.00007     4.4924     4.5022    28.2628    28.2625    33.0967    33.0952    20.8785    20.8775       0.00    196.528    196.957         57 0.0000e+00
      10529    438.666      6.953      7.000    28.2662    28.2656   5.378636   5.378761     3.1406     2.6748      78.09   29.20548  -85.64700   -0.00032   -0.00094     4.4893     4.5029    28.2646    28.2639    33.1055    33.1069    20.8845    20.8859       0.00    196.393    196.983         64 0.0000e+00
      10587    441.076      7.946      8.000    28.2784    28.2736   5.390240   5.385530     3.1375     2.6748      77.20   29.20548  -85.64699   -0.00115    0.00019     4.4813     4.5016    28.2763    28.2718    33.1756    33.1477    20.9334    20.9139       0.00    196.032    196.924         48 0.0000e+00
      10633    442.997      8.939      9.000    28.3233    28.2992   5.435097   5.409100     3.1407     2.6737      76.30   29.20546  -85.64698   -0.00004   -0.00019     4.4774     4.4945    28.3211    28.2971    33.4554    33.2925    21.1288    21.0144       0.00    195.823    196.595         49 0.0000e+00
      10684    445.145      9.932     10.000    28.4142    28.3447   5.531570   5.457923     3.1379     2.6751      75.24   29.20546  -85.64698    0.00067   -0.00007     4.4507     4.4813    28.4118    28.3423    34.0585    33.5979    21.5520    21.2289       0.00    194.575    195.955         52 0.0000e+00
      10734    447.206     10.926     11.000    28.4524    28.4517   5.549607   5.549409     3.1325     2.6727      74.25   29.20546  -85.64698   -0.00269    0.00020     4.4358     4.4607    28.4498    28.4490    34.1557    34.1549    21.6125    21.6121       0.00    193.913    195.001         47 0.0000e+00
      10782    449.189     11.919     12.000    28.4656    28.4667   5.559795   5.559906     3.1316     2.6682      73.30   29.20546  -85.64698   -0.00150   -0.00191     4.4321     4.4503    28.4622    28.4639    34.2169    34.2164    21.6544    21.6535       0.00    193.743    194.537         49 0.0000e+00
      10831    451.261     12.912     13.000    28.4581    28.4594   5.574092   5.574342     3.1325     2.6610      72.31   29.20545  -85.64697    0.00014   -0.00312     4.4323     4.4331    28.4550    28.4563    34.3207    34.3214    21.7347    21.7349       0.00    193.734    193.772         49 0.0000e+00
      10882    453.362     13.905     14.000    28.4678    28.4690   5.578895   5.579074     3.1327     2.6660      71.38   29.20544  -85.64696   -0.00007   -0.00072     4.4302     4.4422    28.4579    28.4658    34.3515    34.3523    21.7569    21.7574       0.00    193.640    194.162         51 0.0000e+00
      10930    455.385     14.898     15.000    28.4877    28.4889   5.587335   5.587723     3.1309     2.6656      70.36   29.20544  -85.64696    0.00004    0.00153     4.4263     4.4397    28.4842    28.4853    34.3904    34.3922    21.7775    21.7785       0.00    193.466    194.050         47 0.0000e+00
      10980    457.446     15.891     16.000    28.4940    28.4957   5.590141   5.590570     3.1316     2.6629      69.37   29.20544  -85.64696   -0.00045   -0.00091     4.4272     4.4340    28.4902    28.4919    34.4050    34.4068    21.7865    21.7873       0.00    193.504    193.798         54 0.0000e+00
      11032    459.613     16.885     17.000    28.4974    28.4985   5.590921   5.591197     3.1315     2.6645      68.42   29.20544  -85.64696    0.00035   -0.00018     4.4273     4.4374    28.4933    28.4945    34.4077    34.4088    21.7875    21.7879       0.00    193.505    193.948         47 0.0000e+00
      11076    461.475     17.878     18.000    28.4958    28.4959   5.590482   5.590657     3.1297     2.6647      67.55   29.20544  -85.64696   -0.00054    0.00058     4.4246     4.4386    28.4916    28.4916    34.4068    34.4080    21.7874    21.7883       0.00    193.390    193.999         46 0.0000e+00
      11126    463.547     18.871     19.000    28.4867    28.4881   5.590767   5.590993     3.1287     2.6607      66.49   29.20544  -85.64696   -0.00059   -0.00100     4.4239     4.4314    28.4822    28.4836    34.4138    34.4160    21.7958    21.7969       0.00    193.357    193.684         52 0.0000e+00
      11179    465.748     19.864     20.000    28.4967    28.4981   5.594333   5.594577     3.1293     2.6646      65.47   29.20544  -85.64696   -0.00038   -0.00002     4.4242     4.4386    28.4918    28.4934    34.4311    34.4319    21.8055    21.8058     784.74    193.371    193.999         53 0.0000e+00
      11230    467.869     20.857     21.000    28.5179    28.5183   5.601106   5.601246     3.1278     2.6637      64.52   29.20544  -85.64696    0.00037    0.00105     4.4196     4.4352    28.5129    28.5133    34.4622    34.4629    21.8220    21.8223    1547.59    193.164    193.844         48 0.0000e+00
      11276    469.797     21.851     22.000    28.4958    28.4969   5.598647   5.598850     3.1241     2.6609      63.58   29.20544  -85.64696   -0.00165   -0.00105     4.4152     4.4315    28.4906    28.4917    34.4609    34.4615    21.8284    21.8285    1542.15    192.969    193.682         46 0.0000e+00
      11327    471.904     22.844     23.000    28.4703    28.4723   5.595852   5.596196     3.1267     2.6569      62.52   29.20544  -85.64696   -0.00039   -0.00157     4.4225     4.4258    28.4649    28.4668    34.4598    34.4607    21.8360    21.8361    1542.15    193.287    193.434         54 0.0000e+00
      11377    474.014     23.837     24.000    28.4566    28.4541   5.594681   5.594261     3.1276     2.6568      61.62   29.20543  -85.64696    0.00096   -0.00144     4.4256     4.4275    28.4509    28.4484    34.4613    34.4603    21.8418    21.8418    1542.15    193.425    193.504         47 0.0000e+00
      11425    475.981     24.830     25.000    28.6010    28.5985   5.627123   5.626720     3.1243     2.6561      60.65   29.20543  -85.64696   -0.00017    0.00050     4.4060     4.4130    28.5950    28.5926    34.5807    34.5797    21.8838    21.8839    1542.16    192.560    192.864         50 0.0000e+00
      11478    478.211     25.823     26.000    28.7208    28.7346   5.659383   5.660837     3.1088     2.6383      59.62   29.20543  -85.64696   -0.00480   -0.00491     4.3661     4.3644    28.7145    28.7284    34.7185    34.7189    21.9477    21.9435    1542.19    190.804    190.729         54 0.0000e+00
      11528    480.292     26.816     27.000    28.6256    28.6147   5.650123   5.649275     3.1116     2.6439      58.72   29.20542  -85.64696   -0.00391   -0.00395     4.3790     4.3851    28.6191    28.6082    34.7203    34.7200    21.9808    21.9841    1542.21    191.358    191.626         46 0.0000e+00
      11575    482.229     27.809     28.000    28.6014    28.6000   5.651070   5.651104     3.1196     2.6570      57.70   29.20542  -85.64696    0.00328    0.00565     4.3916     4.4094    28.5854    28.5935    34.7535    34.7521    22.0169    22.0156    1542.24    191.904    192.681         50 0.0000e+00
      11630    484.521     28.803     29.000    28.6461    28.6470   5.677260   5.677004     3.1347     2.6642      56.66   29.20542  -85.64696    0.00574    0.00482     4.4155     4.4204    28.6393    28.6400    34.8937    34.8913    22.1043    22.1022    1542.27    192.933    193.147         56 0.0000e+00
      11679    486.573     29.795     30.000    28.6595    28.6603   5.693128   5.693212     3.1359     2.6658      55.74   29.20542  -85.64696    0.00364    0.00127     4.4153     4.4206    28.6523    28.6531    34.9936    34.9936    22.1751    22.1748    1542.30    192.909    193.142         44 0.0000e+00
      11725    488.505     30.789     31.000    28.6630    28.6651   5.727095   5.726606     3.1531     2.6876      54.76   29.20542  -85.64696    0.00421    0.00677     4.4464     4.4666    28.6522    28.6579    35.2286    35.2231    22.3516    22.3465    1542.34    194.234    195.118         52 0.0000e+00
      11781    490.830     31.782     32.000    28.6353    28.6367   5.737520   5.737663     3.1743     2.7054      53.74   29.20542  -85.64696    0.00983    0.00993     4.4788     4.4942    28.6286    28.6291    35.3180    35.3180    22.4266    22.4262    1542.38    195.636    196.310         54 0.0000e+00
      11829    492.843     32.775     33.000    28.6168    28.6183   5.750168   5.750286     3.1808     2.7127      52.82   29.20542  -85.64696    0.00612    0.00452     4.4916     4.5102    28.6086    28.6104    35.4203    35.4202    22.5102    22.5096    1542.41    196.181    196.989         45 0.0000e+00
      11877    494.817     33.768     34.000    28.4981    28.5060   5.754835   5.755357     3.1825     2.7134      51.84   29.20542  -85.64696    0.00219    0.00237     4.5023     4.5174    28.4901    28.4979    35.5443    35.5409    22.6426    22.6375    1542.44    196.622    197.280         51 0.0000e+00
      11928    496.979     34.761     35.000    28.0253    28.0389   5.737491   5.738852     3.1682     2.7011      50.81   29.20542  -85.64696   -0.00323   -0.00299     4.5077     4.5216    28.0170    28.0306    35.7762    35.7754    22.9729    22.9678    1542.47    196.793    197.402         53 0.0000e+00
      11980    499.136     35.754     36.000    27.7339    27.7423   5.708866   5.709706     3.1296     2.6597      49.88   29.20542  -85.64696   -0.01195   -0.01049     4.4578     4.4580    27.7254    27.7339    35.7959    35.7953    23.0830    23.0798    1542.47    194.596    194.606         49 0.0000e+00
      12028    501.111     36.747     37.000    27.6378    27.6431   5.707870   5.708052     3.0720     2.6111      48.90   29.20542  -85.64696   -0.02643   -0.02563     4.3597     4.3656    27.6292    27.6345    35.8620    35.8592    23.1641    23.1603    1542.46    190.294    190.553         48 0.0000e+00
      12079    503.241     37.740     38.000    27.3087    27.3409   5.690494   5.694847     3.0713     2.6215      47.88   29.20542  -85.64696   -0.01074   -0.00763     4.3793     4.4011    27.3284    27.3323    35.9692    35.9578    23.3422    23.3159    1542.44    191.118    192.072         51 0.0000e+00
      12126    505.216     38.733     39.000    26.6639    26.6931   5.624943   5.628518     3.0740     2.6253      46.92   29.20541  -85.64696    0.00079    0.00577     4.4370     4.4622    26.6555    26.6842    36.0080    36.0052    23.5871    23.5756    1542.39    193.592    194.690         47 0.0000e+00
      12179    507.433     39.726     40.000    26.3101    26.3123   5.584135   5.584340     3.0011     2.5451      45.91   29.20540  -85.64696   -0.01379   -0.01747     4.3269     4.3226    26.3011    26.3032    36.0010    36.0008    23.6942    23.6933    1542.32    188.766    188.581         58 0.0000e+00
      12231    509.586     40.719     41.000    26.0344    26.0402   5.558899   5.559468     2.9230     2.4796      44.98   29.20540  -85.64696   -0.04006   -0.03821     4.2001     4.2051    26.0252    26.0310    36.0332    36.0328    23.8052    23.8031    1542.24    183.216    183.434         44 0.0000e+00
      12275    511.422     41.712     42.000    25.8233    25.8293   5.537667   5.538819     2.8954     2.4596      44.02   29.20540  -85.64696   -0.02488   -0.01984     4.1667     4.1805    25.8139    25.8200    36.0511    36.0499    23.8847    23.8819    1542.14    181.745    182.347         48 0.0000e+00
      12329    513.660     42.706     43.000    25.4086    25.4193   5.503936   5.504795     2.8851     2.4626      42.99   29.20540  -85.64694   -0.01086   -0.00570     4.1738     4.2124    25.3991    25.4098    36.1236    36.1215    24.0681    24.0632    1542.04    182.023    183.704         56 0.0000e+00
      12380    515.800     43.699     44.000    25.1522    25.1600   5.479645   5.480401     2.9101     2.4870      42.08   29.20540  -85.64694    0.00694    0.01016     4.2416     4.2830    25.1426    25.1503    36.1493    36.1487    24.1664    24.1636    1541.93    184.960    186.767         47 0.0000e+00
      12427    517.755     44.692     45.000    24.8538    24.8609   5.452104   5.452710     2.9179     2.4944      41.09   29.20540  -85.64694    0.00683    0.00574     4.2802     4.3211    24.8441    24.8511    36.1783    36.1771    24.2796    24.2765    1541.80    186.623    188.406         48 0.0000e+00
      12477    519.822     45.685     46.000    24.6378    24.6417   5.430262   5.430689     2.9372     2.5115      40.13   29.20540  -85.64694    0.00751    0.00642     4.3349     4.3741    24.6279    24.6318    36.1908    36.1908    24.3546    24.3535    1541.67    188.992    190.703         52 0.0000e+00
      12529    522.013     46.678     47.000    24.5253    24.5301   5.419574   5.420042     2.9506     2.5276      39.11   29.20540  -85.64694    0.00746    0.00811     4.3705     4.4177    24.5153    24.5200    36.2008    36.2005    24.3963    24.3947    1541.54    190.537    192.594         49 0.0000e+00
      12575    523.923     47.671     48.000    24.2540    24.2597   5.392649   5.393183     2.9509     2.5255      38.21   29.20540  -85.64694    0.00412    0.00459     4.3931     4.4333    24.2438    24.2495    36.2168    36.2163    24.4901    24.4879    1541.40    191.506    193.261         47 0.0000e+00
      12629    526.186     48.664     49.000    24.0871    24.0908   5.376937   5.377324     2.9345     2.5088      37.12   29.20540  -85.64694   -0.00483   -0.00550     4.3745     4.4108    24.0767    24.0804    36.2330    36.2329    24.5523    24.5511    1541.27    190.683    192.264         58 0.0000e+00
      12679    528.229     49.657     50.000    23.9707    23.9740   5.368564   5.368928     2.9169     2.4898      36.31   29.20539  -85.64694   -0.00847   -0.00841     4.3488     4.3778    23.9602    23.9634    36.2638    36.2639    24.6103    24.6095    1541.12    189.554    190.817         41 0.0000e+00
      12722    530.027     50.650     51.000    23.7880    23.7921   5.350013   5.350411     2.9011     2.4737      35.22   29.20539  -85.64694   -0.00871   -0.00903     4.3325     4.3568    23.7772    23.7814    36.2712    36.2709    24.6703    24.6688    1540.98    188.829    189.890         49 0.0000e+00
      12777    532.344     51.643     52.000    23.5745    23.5785   5.327785   5.328218     2.8806     2.4546      34.20   29.20539  -85.64694   -0.00875   -0.00895     4.3093     4.3313    23.5636    23.5677    36.2756    36.2756    24.7367    24.7355    1540.83    187.806    188.768         58 0.0000e+00
      12829    534.486     52.636     53.000    23.3610    23.3652   5.307467   5.307862     2.8568     2.4364      33.30   29.20538  -85.64694   -0.00984   -0.00786     4.2790     4.3073    23.3500    23.3542    36.2945    36.2941    24.8137    24.8122    1540.68    186.472    187.708         46 0.0000e+00
      12874    536.366     53.629     54.000    23.1181    23.1246   5.283645   5.284202     2.8119     2.3866      32.36   29.20538  -85.64694   -0.01451   -0.01332     4.2079     4.2153    23.1070    23.1135    36.3105    36.3095    24.8969    24.8941    1540.52    183.358    183.683         45 0.0000e+00
