GOMECC/GOMECC-4/1db/drb2103_1401.cnv
* Sea-Bird SBE 9 Data File:
* FileName = C:\Users\scs.user.rb\CTD\GOMECC4\data\rb2103_1401.hex
* Software Version Seasave V 7.26.7.107
* Temperature SN = 4799
* Conductivity SN = 3860
* Number of Bytes Per Scan = 41
* Number of Voltage Words = 4
* Number of Scans Averaged by the Deck Unit = 1
* NMEA Latitude = 25 39.47 N
* NMEA Longitude = 084 42.92 W
* NMEA UTC (Time) = Oct 20 2021  13:16:01
* NMEA baud rate = 4800
# nquan = 28
# nvalues = 433                         
# units = specified
# name 0 = scan: Scan Count
# name 1 = timeS: Time, Elapsed [seconds]
# name 2 = depSM: Depth [salt water, m]
# name 3 = prDM: Pressure, Digiquartz [db]
# name 4 = t090C: Temperature [ITS-90, deg C]
# name 5 = t190C: Temperature, 2 [ITS-90, deg C]
# name 6 = c0S/m: Conductivity [S/m]
# name 7 = c1S/m: Conductivity, 2 [S/m]
# name 8 = sbeox0V: Oxygen raw, SBE 43 [V]
# name 9 = sbeox1V: Oxygen raw, SBE 43, 2 [V]
# name 10 = altM: Altimeter [m]
# name 11 = latitude: Latitude [deg]
# name 12 = longitude: Longitude [deg]
# name 13 = sbox0dV/dT: Oxygen, SBE 43 [dov/dt]
# name 14 = sbox1dV/dT: Oxygen, SBE 43, 2 [dov/dt]
# name 15 = sbeox0ML/L: Oxygen, SBE 43 [ml/l], WS = 5
# name 16 = sbeox1ML/L: Oxygen, SBE 43, 2 [ml/l], WS = 5
# name 17 = potemp090C: Potential Temperature [ITS-90, deg C]
# name 18 = potemp190C: Potential Temperature, 2 [ITS-90, deg C]
# name 19 = sal00: Salinity, Practical [PSU]
# name 20 = sal11: Salinity, Practical, 2 [PSU]
# name 21 = sigma-é00: Density [sigma-theta, kg/m^3]
# name 22 = sigma-é11: Density, 2 [sigma-theta, kg/m^3]
# name 23 = avgsvCM: Average Sound Velocity [Chen-Millero, m/s], minP = 20, minS = 20
# name 24 = sbox0Mm/Kg: Oxygen, SBE 43 [umol/kg], WS = 5
# name 25 = sbox1Mm/Kg: Oxygen, SBE 43, 2 [umol/kg], WS = 5
# name 26 = nbin: number of scans per bin
# name 27 = flag: flag
# span 0 =       8408,      43098       
# span 1 =    350.276,   1795.712       
# span 2 =      3.974,   1086.036       
# span 3 =      4.000,   1096.000       
# span 4 =     5.1350,    28.2078       
# span 5 =     5.1357,    28.2080       
# span 6 =   3.400071,   5.822422       
# span 7 =   3.400054,   5.822139       
# span 8 =     1.6275,     3.1436       
# span 9 =     1.3255,     2.6684       
# span 10 =      11.57,     101.26      
# span 11 =   25.47165,   25.67027      
# span 12 =  -84.75717,  -84.10155      
# span 13 =   -0.04753,    0.05351      
# span 14 =   -0.04648,    0.05321      
# span 15 =     2.5733,     4.5733      
# span 16 =     2.5849,     4.5646      
# span 17 =     5.0415,    28.1995      
# span 18 =     5.0425,    28.1997      
# span 19 =    34.8998,    36.7793      
# span 20 =    34.8989,    36.7824      
# span 21 =    23.0291,    27.6189      
# span 22 =    23.0291,    27.6180      
# span 23 =       0.00,    1576.57      
# span 24 =    111.911,    199.417      
# span 25 =    112.414,    199.062      
# span 26 =         30,         66      
# span 27 = 0.0000e+00, 0.0000e+00      
# interval = decibars: 1                
# start_time = Oct 20 2021 13:16:01 [NMEA time, header]
# bad_flag = -9.990e-29
*END*
[from data line 52]
      12286    511.894     61.589     62.000    24.3803    24.3820   5.464113   5.464492     2.8394     2.3988      99.99   25.65553  -84.70829   -0.00538   -0.00329     4.1602     4.1461    24.3670    24.3687    36.6486    36.6501    24.7796    24.7803    1541.27    181.302    180.687         34 0.0000e+00
      12324    513.460     62.583     63.000    24.3696    24.3707   5.464217   5.464482     2.8068     2.3672     100.00   25.65772  -84.71552   -0.01753   -0.01840     4.0976     4.0790    24.3561    24.3572    36.6591    36.6602    24.7912    24.7918    1541.31    178.574    177.759         39 0.0000e+00
      12361    515.001     63.576     64.000    24.3072    24.3150   5.463309   5.464339     2.7735     2.3359     100.00   25.65772  -84.71552   -0.01957   -0.01884     4.0363     4.0143    24.2935    24.3013    36.7031    36.7045    24.8434    24.8421    1541.23    175.892    174.934         34 0.0000e+00
      12446    518.535     66.555     67.000    23.7702    23.7758   5.404719   5.405587     2.7498     2.3225      87.81   25.64398  -84.67014   -0.00396   -0.00074     4.0308     4.0237    23.7561    23.7617    36.6906    36.6926    24.9922    24.9921    1540.11    175.625    175.314         36 0.0000e+00
      12491    520.428     67.548     68.000    23.6727    23.6777   5.395637   5.396444     2.7350     2.3076     100.08   25.65772  -84.71552   -0.00536   -0.00472     4.0092     3.9987    23.6585    23.6634    36.7095    36.7116    25.0377    25.0378    1540.84    174.677    174.222         41 0.0000e+00
      12527    521.930     68.542     69.000    23.4681    23.4738   5.373967   5.374928     2.7299     2.3077     100.00   25.65772  -84.71552   -0.00775   -0.00663     4.0149     4.0136    23.4537    23.4594    36.7126    36.7152    25.1004    25.1008    1540.74    174.916    174.860         30 0.0000e+00
      12579    524.063     70.528     71.000    23.0816    23.0861   5.335163   5.335991     2.6255     2.1993      99.49   25.64652  -84.67851   -0.02067   -0.02127     3.8339     3.8005    23.0669    23.0715    36.7279    36.7305    25.2235    25.2241    1539.85    167.009    165.551         31 0.0000e+00
      12618    525.696     71.521     72.000    22.9735    22.9771   5.325399   5.326118     2.5623     2.1401     100.00   25.65772  -84.71552   -0.04558   -0.04506     3.7151     3.6774    22.9587    22.9623    36.7486    36.7511    25.2725    25.2734    1540.41    161.827    160.183         37 0.0000e+00
      12654    527.210     72.514     73.000    22.8120    22.8193   5.306755   5.307962     2.5245     2.1160     100.00   25.65772  -84.71552   -0.04164   -0.03653     3.6502     3.6339    22.7971    22.8044    36.7385    36.7418    25.3116    25.3120    1540.31    158.993    158.285         34 0.0000e+00
      12686    528.549     73.508     74.000    22.6928    22.6936   5.299189   5.299379     2.4989     2.0964     100.00   25.65772  -84.71551   -0.02806   -0.02177     3.6062     3.5980    22.6778    22.6785    36.7793    36.7802    25.3771    25.3775    1540.19    157.067    156.712         31 0.0000e+00
      12718    529.880     74.501     75.000    22.6667    22.6728   5.296321   5.297479     2.4815     2.0814      84.23   25.65772  -84.71551   -0.01820   -0.01408     3.5732     3.5661    22.6515    22.6576    36.7785    36.7824    25.3840    25.3853    1540.08    155.629    155.321         34 0.0000e+00
      12754    531.362     75.494     76.000    22.3829    22.3886   5.262907   5.263875     2.4612     2.0648      80.82   25.65772  -84.71552   -0.01446   -0.01190     3.5518     3.5478    22.3675    22.3733    36.7556    36.7583    25.4480    25.4485    1539.96    154.688    154.515         36 0.0000e+00
      12787    532.757     76.487     77.000    22.3015    22.3031   5.255413   5.255832     2.4408     2.0465     100.39   25.65774  -84.71552   -0.01365   -0.01158     3.5159     3.5122    22.2860    22.2876    36.7651    36.7670    25.4785    25.4795    1539.85    153.119    152.959         30 0.0000e+00
      12843    535.076     78.473     79.000    22.2147    22.2153   5.245728   5.246042     2.4183     2.0253      99.97   25.65036  -84.69116   -0.01136   -0.01062     3.4765     3.4706    22.1988    22.1995    36.7574    36.7593    25.4964    25.4977    1539.17    151.397    151.140         34 0.0000e+00
      12885    536.851     79.466     80.000    22.2015    22.2031   5.245645   5.246039     2.4110     2.0197     100.00   25.65774  -84.71552   -0.00711   -0.00628     3.4626     3.4593    22.1855    22.1870    36.7716    36.7734    25.5121    25.5131    1539.50    150.793    150.649         44 0.0000e+00
      12925    538.489     80.459     81.000    22.2031    22.2052   5.246602   5.247023     2.4067     2.0183     100.00   25.65774  -84.71552   -0.00425   -0.00303     3.4542     3.4562    22.1868    22.1889    36.7776    36.7791    25.5162    25.5168    1539.39    150.425    150.513         31 0.0000e+00
      13000    541.626     83.439     84.000    21.6506    21.6561   5.180399   5.181400     2.3622     1.9742      99.92   25.63604  -84.64388   -0.01027   -0.01027     3.4020     3.3933    21.6341    21.6396    36.7091    36.7125    25.6169    25.6179    1537.74    148.133    147.754         43 0.0000e+00
      13058    544.045     84.432     85.000    21.5561    21.5605   5.172290   5.172987     2.3419     1.9572     100.00   25.65774  -84.71552   -0.01556   -0.01496     3.3651     3.3593    21.5394    21.5438    36.7365    36.7384    25.6673    25.6675    1538.94    146.523    146.273         43 0.0000e+00
      13135    547.256     87.411     88.000    21.1538    21.1602   5.123840   5.125069     2.3108     1.9311      99.95   25.64528  -84.67438   -0.00878   -0.00700     3.3282     3.3257    21.1367    21.1432    36.6845    36.6889    25.7376    25.7391    1537.83    144.906    144.798         34 0.0000e+00
      13184    549.274     88.404     89.000    20.9622    20.9674   5.100892   5.101880     2.2917     1.9115     100.00   25.65774  -84.71552   -0.00967   -0.00938     3.3015     3.2932    20.9451    20.9503    36.6702    36.6737    25.7811    25.7824    1538.46    143.740    143.378         48 0.0000e+00
      13223    550.897     89.397     90.000    20.8438    20.8481   5.085405   5.086302     2.2721     1.8935     100.00   25.65774  -84.71552   -0.01159   -0.01157     3.2687     3.2596    20.8266    20.8308    36.6463    36.6499    25.7953    25.7969    1538.34    142.309    141.913         30 0.0000e+00
      13308    554.450     92.377     93.000    20.5200    20.5230   5.043455   5.044106     2.2059     1.8340      91.45   25.65351  -84.70154   -0.01832   -0.01613     3.1488     3.1410    20.5024    20.5053    36.5774    36.5802    25.8303    25.8315    1537.70    137.084    136.743         39 0.0000e+00
      13348    556.141     93.370     94.000    20.4389    20.4411   5.033539   5.034055     2.1803     1.8100     100.09   25.65774  -84.71552   -0.01834   -0.01683     3.1026     3.0920    20.4212    20.4234    36.5721    36.5744    25.8487    25.8499    1537.83    135.069    134.610         37 0.0000e+00
      13383    557.574     94.363     95.000    20.4492    20.4505   5.037865   5.038153     2.1623     1.7968     100.00   25.65774  -84.71552   -0.01597   -0.01460     3.0637     3.0606    20.4312    20.4325    36.5982    36.5994    25.8659    25.8665    1537.70    133.374    133.242         32 0.0000e+00
      13442    560.046     96.349     97.000    20.3364    20.3391   5.029190   5.029689     2.1662     1.8060      79.34   25.65506  -84.70666   -0.00349   -0.00032     3.0790     3.0887    20.3181    20.3208    36.6228    36.6246    25.9148    25.9154    1537.29    134.036    134.456         32 0.0000e+00
      13478    561.538     97.342     98.000    20.2046    20.2123   5.014619   5.015846     2.1629     1.8033      99.94   25.65774  -84.71552    0.00146    0.00268     3.0804     3.0900    20.1862    20.1939    36.6187    36.6220    25.9473    25.9478    1537.34    134.093    134.511         37 0.0000e+00
      13515    563.072     98.335     99.000    20.0621    20.0661   4.998338   4.999054     2.1482     1.7880     100.00   25.65774  -84.71552   -0.00343   -0.00322     3.0558     3.0587    20.0435    20.0478    36.6084    36.6109    25.9777    25.9785    1537.23    133.018    133.143         35 0.0000e+00
      13548    564.454     99.328    100.000    20.0191    20.0209   4.994495   4.994903     2.1374     1.7775     100.00   25.65773  -84.71552   -0.00794   -0.00797     3.0378     3.0412    20.0005    20.0023    36.6137    36.6155    25.9931    25.9940    1537.09    132.233    132.378         32 0.0000e+00
      13580    565.772    100.321    101.000    20.0107    20.0129   4.995747   4.995929     2.1396     1.7817     100.00   25.65774  -84.71552   -0.00699   -0.00674     3.0433     3.0517    19.9919    19.9941    36.6310    36.6306    26.0086    26.0077    1536.97    132.466    132.835         32 0.0000e+00
      13612    567.134    101.314    102.000    20.0027    20.0034   4.995037   4.995352     2.1550     1.7974     100.00   25.65774  -84.71552    0.00230    0.00314     3.0771     3.0895    19.9837    19.9844    36.6317    36.6338    26.0113    26.0127    1536.86    133.940    134.477         34 0.0000e+00
      13646    568.539    102.307    103.000    19.9031    19.9185   4.983508   4.985697     2.1653     1.8075     100.00   25.65774  -84.71552    0.00825    0.00868     3.1058     3.1187    19.8839    19.8994    36.6231    36.6277    26.0312    26.0307    1536.73    135.187    135.748         33 0.0000e+00
      13679    569.904    103.300    104.000    19.7539    19.7611   4.965745   4.966858     2.1726     1.8145     100.00   25.65773  -84.71552    0.00793    0.00786     3.1314     3.1451    19.7347    19.7419    36.6060    36.6089    26.0577    26.0580    1536.61    136.296    136.891         33 0.0000e+00
      13712    571.277    104.293    105.000    19.6489    19.6523   4.954596   4.954971     2.1773     1.8174     100.00   25.65772  -84.71552    0.00526    0.00491     3.1485     3.1590    19.6295    19.6330    36.6035    36.6050    26.0834    26.0837    1536.50    137.038    137.494         32 0.0000e+00
      13744    572.615    105.286    106.000    19.6321    19.6321   4.952758   4.952935     2.1796     1.8186     100.00   25.65772  -84.71552    0.00341    0.00252     3.1549     3.1634    19.6126    19.6126    36.6040    36.6055    26.0883    26.0895    1536.38    137.315    137.685         32 0.0000e+00
      13776    573.957    106.279    107.000    19.6157    19.6038   4.950953   4.949846     2.1798     1.8192     100.00   25.65772  -84.71552    0.00190    0.00112     3.1570     3.1669    19.5961    19.5842    36.6030    36.6042    26.0919    26.0959    1536.27    137.408    137.838         33 0.0000e+00
      13812    575.452    107.272    108.000    19.5508    19.5532   4.943476   4.943876     2.1769     1.8150     100.00   25.65772  -84.71552    0.00005   -0.00024     3.1537     3.1581    19.5310    19.5335    36.5972    36.5992    26.1046    26.1057    1536.15    137.261    137.452         39 0.0000e+00
      13849    576.993    108.265    109.000    19.5216    19.5248   4.940207   4.940793     2.1742     1.8125     100.00   25.65772  -84.71552   -0.00165   -0.00199     3.1516     3.1566    19.5017    19.5048    36.5952    36.5973    26.1107    26.1115    1536.03    137.168    137.385         34 0.0000e+00
      13934    580.561    111.244    112.000    19.2993    19.3008   4.913190   4.913613     2.1704     1.8089      99.96   25.64750  -84.68177   -0.00079   -0.00075     3.1595     3.1634    19.2789    19.2804    36.5601    36.5623    26.1411    26.1424    1535.07    137.508    137.675         37 0.0000e+00
      13980    582.457    112.237    113.000    19.2194    19.2210   4.904629   4.905061     2.1704     1.8115      91.02   25.65772  -84.71552   -0.00117   -0.00026     3.1646     3.1743    19.1989    19.2005    36.5620    36.5642    26.1642    26.1655    1535.57    137.727    138.150         41 0.0000e+00
      14016    583.948    113.230    114.000    19.1013    19.1040   4.891004   4.891564     2.1682     1.8099     100.18   25.65772  -84.71552   -0.00076    0.00030     3.1675     3.1780    19.0808    19.0834    36.5493    36.5516    26.1851    26.1862    1535.46    137.852    138.308         31 0.0000e+00
      14072    586.308    115.216    116.000    18.9830    18.9836   4.876677   4.876956     2.1574     1.7978      99.99   25.65479  -84.70585   -0.00324   -0.00313     3.1527     3.1573    18.9621    18.9628    36.5329    36.5347    26.2028    26.2040    1535.06    137.202    137.406         33 0.0000e+00
      14109    587.831    116.209    117.000    18.9195    18.9208   4.869443   4.869801     2.1466     1.7878      90.19   25.65772  -84.71552   -0.00522   -0.00575     3.1337     3.1376    18.8986    18.8998    36.5290    36.5309    26.2165    26.2176    1535.13    136.375    136.546         37 0.0000e+00
      14144    589.304    117.202    118.000    18.8676    18.8681   4.863152   4.863401     2.1307     1.7720      86.09   25.65772  -84.71552   -0.00774   -0.00782     3.1023     3.1031    18.8465    18.8470    36.5215    36.5231    26.2241    26.2252    1535.01    135.008    135.043         33 0.0000e+00
      14177    590.677    118.195    119.000    18.8072    18.8072   4.856036   4.856239     2.1103     1.7529      99.90   25.65772  -84.71552   -0.01131   -0.01086     3.0618     3.0610    18.7860    18.7860    36.5143    36.5160    26.2341    26.2354    1534.90    133.244    133.211         34 0.0000e+00
      14211    592.072    119.188    120.000    18.7429    18.7433   4.848480   4.848746     2.0954     1.7405     100.00   25.65772  -84.71552   -0.01322   -0.01230     3.0326     3.0347    18.7215    18.7219    36.5069    36.5084    26.2449    26.2459    1534.79    131.974    132.063         32 0.0000e+00
      14242    593.378    120.181    121.000    18.7123    18.7134   4.844957   4.845207     2.0880     1.7353     100.00   25.65772  -84.71550   -0.01069   -0.00909     3.0193     3.0250    18.6908    18.6919    36.5038    36.5049    26.2503    26.2509    1534.68    131.394    131.639         31 0.0000e+00
      14274    594.696    121.174    122.000    18.7022    18.7020   4.843773   4.843873     2.0824     1.7293      67.07   25.65772  -84.71550   -0.00671   -0.00543     3.0079     3.0116    18.6805    18.6803    36.5023    36.5034    26.2518    26.2527    1534.57    130.898    131.056         34 0.0000e+00
      14311    596.251    122.167    123.000    18.6286    18.6314   4.834387   4.835239     2.0742     1.7223     100.49   25.65772  -84.71550   -0.00469   -0.00423     2.9932     2.9974    18.6045    18.6096    36.4896    36.4917    26.2614    26.2618    1534.49    130.254    130.438         38 0.0000e+00
      14346    597.711    123.160    124.000    18.5608    18.5619   4.826684   4.826989     2.0589     1.7066     100.00   25.65772  -84.71550   -0.00634   -0.00604     2.9656     2.9655    18.5389    18.5400    36.4819    36.4834    26.2722    26.2731    1534.35    129.054    129.050         32 0.0000e+00
      14406    600.218    125.146    126.000    18.5115    18.5114   4.820697   4.820837     2.0347     1.6867      99.99   25.65544  -84.70798   -0.01040   -0.00966     2.9159     2.9207    18.4892    18.4892    36.4729    36.4741    26.2776    26.2786    1534.00    126.889    127.097         34 0.0000e+00
      14444    601.777    126.139    127.000    18.4625    18.4635   4.815202   4.815502     2.0288     1.6821     100.00   25.65772  -84.71550   -0.00746   -0.00567     2.9061     2.9127    18.4401    18.4411    36.4703    36.4720    26.2883    26.2894    1534.04    126.461    126.750         38 0.0000e+00
