GOMECC/GOMECC-4/1db/drb2103_0221.cnv
* Sea-Bird SBE 9 Data File:
* FileName = C:\Users\scs.user.rb\CTD\GOMECC4\data\rb2103_0221.hex
* Software Version Seasave V 7.26.7.107
* Temperature SN = 4799
* Conductivity SN = 3860
* Number of Bytes Per Scan = 41
* Number of Voltage Words = 4
* Number of Scans Averaged by the Deck Unit = 1
* NMEA Latitude = 29 02.28 N
* NMEA Longitude = 085 46.96 W
* NMEA UTC (Time) = Sep 21 2021  00:10:54
* NMEA baud rate = 4800
# nquan = 28
# nvalues = 167                         
# units = specified
# name 0 = scan: Scan Count
# name 1 = timeS: Time, Elapsed [seconds]
# name 2 = depSM: Depth [salt water, m]
# name 3 = prDM: Pressure, Digiquartz [db]
# name 4 = t090C: Temperature [ITS-90, deg C]
# name 5 = t190C: Temperature, 2 [ITS-90, deg C]
# name 6 = c0S/m: Conductivity [S/m]
# name 7 = c1S/m: Conductivity, 2 [S/m]
# name 8 = sbeox0V: Oxygen raw, SBE 43 [V]
# name 9 = sbeox1V: Oxygen raw, SBE 43, 2 [V]
# name 10 = altM: Altimeter [m]
# name 11 = latitude: Latitude [deg]
# name 12 = longitude: Longitude [deg]
# name 13 = sbox0dV/dT: Oxygen, SBE 43 [dov/dt]
# name 14 = sbox1dV/dT: Oxygen, SBE 43, 2 [dov/dt]
# name 15 = sbeox0ML/L: Oxygen, SBE 43 [ml/l], WS = 5
# name 16 = sbeox1ML/L: Oxygen, SBE 43, 2 [ml/l], WS = 5
# name 17 = potemp090C: Potential Temperature [ITS-90, deg C]
# name 18 = potemp190C: Potential Temperature, 2 [ITS-90, deg C]
# name 19 = sal00: Salinity, Practical [PSU]
# name 20 = sal11: Salinity, Practical, 2 [PSU]
# name 21 = sigma-é00: Density [sigma-theta, kg/m^3]
# name 22 = sigma-é11: Density, 2 [sigma-theta, kg/m^3]
# name 23 = avgsvCM: Average Sound Velocity [Chen-Millero, m/s], minP = 20, minS = 20
# name 24 = sbox0Mm/Kg: Oxygen, SBE 43 [umol/kg], WS = 5
# name 25 = sbox1Mm/Kg: Oxygen, SBE 43, 2 [umol/kg], WS = 5
# name 26 = nbin: number of scans per bin
# name 27 = flag: flag
# span 0 =      20015,      63166       
# span 1 =    833.905,   2631.800       
# span 2 =      5.960,    181.688       
# span 3 =      4.000,    183.000       
# span 4 =    14.8164,    88.7556       
# span 5 =    14.8178,    88.7584       
# span 6 =   4.384749,  17.004284       
# span 7 =   4.384923,  17.004933       
# span 8 =     1.8016,     9.8022       
# span 9 =     1.4883,     8.3329       
# span 10 =       5.58,     249.50      
# span 11 =   28.70194,   90.89206      
# span 12 = -268.56629,  -84.80799      
# span 13 =   -0.03667,    0.01789      
# span 14 =   -0.03606,    0.01826      
# span 15 =     2.6192,    13.9518      
# span 16 =     2.6515,    13.9663      
# span 17 =    14.7897,    88.7517      
# span 18 =    14.7911,    88.7545      
# span 19 =    33.0312,   104.6038      
# span 20 =    33.0322,   104.6063      
# span 21 =    20.8467,    66.0181      
# span 22 =    20.8472,    66.0191      
# span 23 =       0.00,    1542.08      
# span 24 =    113.928,    610.223      
# span 25 =    115.331,    610.850      
# span 26 =         30,         66      
# span 27 = 0.0000e+00, 0.0000e+00      
# interval = decibars: 1                
# start_time = Sep 21 2021 00:10:54 [NMEA time, header]
# bad_flag = -9.990e-29
*END*
      63166   2631.800     16.710      4.000    88.7556    88.7584  17.004284  17.004933     9.8022     8.3329     249.50   90.89206 -268.56629    0.00227   -0.00064    13.9518    13.9663    88.7517    88.7545   104.6038   104.6063    66.0181    66.0191       0.00    610.223    610.850         32 0.0000e+00
      20015    833.905      5.960      6.000    28.0276    28.0284   5.369590   5.369815     3.0951     2.6313      84.89   28.70194  -84.80799   -0.00050   -0.00024     4.4056     4.4104    28.0262    28.0270    33.0312    33.0322    20.8467    20.8472       0.00    192.690    192.902         64 0.0000e+00
      20324    846.787      6.953      7.000    28.3511    28.3520   5.431646   5.431885     3.1298     2.6604      98.73   29.03278  -85.78556   -0.00031   -0.00015     4.4550     4.4592    28.3494    28.3503    33.4125    33.4135    21.0874    21.0878       0.00    194.853    195.035         45 0.0000e+00
      20379    849.099      7.946      8.000    28.3554    28.3581   5.433062   5.433429     3.1297     2.6663     100.00   29.03278  -85.78556   -0.00050    0.00081     4.4544     4.4713    28.3536    28.3562    33.4160    33.4187    21.0886    21.0898       0.00    194.824    195.566         52 0.0000e+00
      20443    851.747      8.939      9.000    28.3559    28.3572   5.432761   5.433035     3.1322     2.6666     100.00   29.03278  -85.78556    0.00101    0.00131     4.4601     4.4725    28.3538    28.3551    33.4165    33.4173    21.0889    21.0891       0.00    195.075    195.616         60 0.0000e+00
      20492    853.801      9.932     10.000    28.3493    28.3494   5.431599   5.431742     3.1303     2.6671      99.83   29.03278  -85.78556   -0.00003    0.00014     4.4578     4.4748    28.3470    28.3470    33.4126    33.4135    21.0882    21.0889       0.00    194.972    195.715         46 0.0000e+00
      20541    855.831     10.926     11.000    28.3506    28.3517   5.431730   5.431986     3.1303     2.6683      99.89   29.03278  -85.78556   -0.00065    0.00028     4.4582     4.4776    28.3480    28.3491    33.4123    33.4133    21.0877    21.0880       0.00    194.989    195.838         51 0.0000e+00
      20589    857.849     11.919     12.000    28.3509    28.3526   5.431736   5.432205     3.1306     2.6654      80.81   29.03278  -85.78556    0.00022    0.00012     4.4593     4.4722    28.3481    28.3498    33.4118    33.4139    21.0873    21.0883       0.00    195.038    195.602         45 0.0000e+00
      20634    859.722     12.912     13.000    28.3770    28.3850   5.441320   5.444008     3.1276     2.6627      93.77   29.03278  -85.78556   -0.00074   -0.00220     4.4509     4.4633    28.3740    28.3820    33.4594    33.4723    21.1145    21.1216       0.00    194.669    195.208         47 0.0000e+00
      20685    861.829     13.905     14.000    28.4607    28.4630   5.495205   5.495015     3.1287     2.6670      95.44   29.03278  -85.78556   -0.00035    0.00092     4.4392     4.4594    28.4574    28.4596    33.7724    33.7695    21.3222    21.3192       0.00    194.113    194.999         51 0.0000e+00
      20731    863.735     14.899     15.000    28.3998    28.4012   5.502902   5.503176     3.1293     2.6584      63.80   29.03278  -85.78556    0.00023   -0.00058     4.4432     4.4445    28.3962    28.3976    33.8688    33.8697    21.4147    21.4149       0.00    194.273    194.330         42 0.0000e+00
      20776    865.619     15.892     16.000    28.4127    28.4118   5.523402   5.523027     3.1330     2.6592      98.73   29.03278  -85.78556    0.00118   -0.00261     4.4464     4.4427    28.4074    28.4080    34.0023    34.0003    21.5113    21.5100       0.00    194.394    194.235         52 0.0000e+00
      20828    867.791     16.885     17.000    28.4371    28.4390   5.541615   5.541187     3.1305     2.6608     100.00   29.03278  -85.78555    0.00059    0.00076     4.4371     4.4426    28.4289    28.4351    34.1125    34.1062    21.5870    21.5807       0.00    193.975    194.213         46 0.0000e+00
      20871    869.574     17.878     18.000    28.3807    28.3831   5.542249   5.542371     3.1277     2.6605     100.00   29.03278  -85.78555   -0.00160    0.00053     4.4362     4.4444    28.3763    28.3788    34.1544    34.1535    21.6358    21.6343       0.00    193.925    194.283         46 0.0000e+00
      20922    871.709     18.871     19.000    28.3253    28.3285   5.542208   5.542475     3.1259     2.6606     100.00   29.03276  -85.78554   -0.00118    0.00067     4.4368     4.4487    28.3208    28.3240    34.1938    34.1933    21.6836    21.6821       0.00    193.943    194.464         51 0.0000e+00
      20966    873.552     19.864     20.000    28.3182    28.3183   5.545242   5.545569     3.1239     2.6601      43.30   29.03276  -85.78554   -0.00094   -0.00107     4.4339     4.4478    28.3112    28.3136    34.2213    34.2228    21.7074    21.7082     776.73    193.809    194.419         41 0.0000e+00
      21014    875.531     20.858     21.000    28.3915    28.3906   5.566704   5.566973     3.1250     2.6610      99.08   29.03276  -85.78554   -0.00046    0.00060     4.4288     4.4400    28.3925    28.3857    34.3109    34.3121    21.7480    21.7486    1529.53    193.580    194.069         54 0.0000e+00
      21066    877.703     21.851     22.000    28.4074    28.4037   5.569641   5.569280     3.1254     2.6596     100.00   29.03276  -85.78554    0.00069   -0.00082     4.4277     4.4391    28.4020    28.3985    34.3217    34.3195    21.7530    21.7526    1541.56    193.532    194.031         46 0.0000e+00
      21110    879.557     22.844     23.000    28.4456    28.4400   5.589639   5.589290     3.1246     2.6529     100.00   29.03276  -85.78554   -0.00011   -0.00174     4.4202     4.4203    28.4401    28.4345    34.4315    34.4314    21.8229    21.8247    1541.58    193.191    193.196         46 0.0000e+00
      21158    881.556     23.837     24.000    28.4337    28.4350   5.588104   5.588339     3.1210     2.6531      93.48   29.03276  -85.78554   -0.00114   -0.00192     4.4162     4.4219    28.4280    28.4293    34.4323    34.4331    21.8275    21.8276    1541.60    193.013    193.265         49 0.0000e+00
      21207    883.567     24.830     25.000    28.4471    28.4459   5.590875   5.590767     3.1171     2.6539      99.95   29.03276  -85.78554   -0.00173    0.00033     4.4081     4.4231    28.4411    28.4400    34.4416    34.4417    21.8301    21.8306    1541.62    192.660    193.317         49 0.0000e+00
      21256    885.634     25.823     26.000    28.4832    28.4787   5.597348   5.596718     3.1162     2.6536      91.68   29.03276  -85.78554   -0.00159    0.00010     4.4038     4.4204    28.4770    28.4725    34.4599    34.4588    21.8321    21.8328    1541.65    192.473    193.198         48 0.0000e+00
      21302    887.546     26.817     27.000    28.5245    28.5244   5.607802   5.607689     3.1146     2.6492      87.36   29.03276  -85.78554   -0.00033   -0.00104     4.3977     4.4073    28.5180    28.5180    34.5021    34.5015    21.8503    21.8498    1541.67    192.204    192.620         47 0.0000e+00
      21353    889.679     27.810     28.000    28.5299    28.5312   5.612551   5.612882     3.1149     2.6445     100.20   29.03276  -85.78554   -0.00065   -0.00233     4.3971     4.3970    28.5232    28.5245    34.5308    34.5321    21.8701    21.8707    1541.70    192.171    192.167         52 0.0000e+00
      21401    891.667     28.803     29.000    28.5109    28.5127   5.609816   5.610137     3.1159     2.6487      89.59   29.03276  -85.78554    0.00054   -0.00045     4.3997     4.4059    28.5040    28.5058    34.5280    34.5286    21.8743    21.8742    1541.72    192.285    192.555         45 0.0000e+00
      21449    893.647     29.796     30.000    28.4889    28.4901   5.610281   5.610490     3.1153     2.6475      86.31   29.03276  -85.78554    0.00028    0.00110     4.4016     4.4069    28.4818    28.4829    34.5443    34.5449    21.8939    21.8940    1541.75    192.365    192.596         52 0.0000e+00
      21499    895.768     30.789     31.000    28.4963    28.4965   5.612552   5.612678     3.1146     2.6503     100.12   29.03276  -85.78554   -0.00065    0.00005     4.4001     4.4123    28.4889    28.4891    34.5544    34.5551    21.8991    21.8996    1541.77    192.295    192.832         47 0.0000e+00
      21546    897.719     31.782     32.000    28.5278    28.5277   5.620301   5.620346     3.1138     2.6489      85.53   29.03276  -85.78554   -0.00012    0.00078     4.3960     4.4071    28.5202    28.5201    34.5848    34.5852    21.9117    21.9120    1541.79    192.114    192.600         47 0.0000e+00
      21594    899.688     32.776     33.000    28.5712    28.5714   5.635457   5.635212     3.1124     2.6432      85.38   29.03276  -85.78554   -0.00061   -0.00162     4.3886     4.3908    28.5630    28.5636    34.6581    34.6562    21.9526    21.9510    1541.82    191.785    191.880         49 0.0000e+00
      21643    901.769     33.768     34.000    28.5860    28.5884   5.648105   5.648486     3.1082     2.6379      99.99   29.03276  -85.78554   -0.00120   -0.00328     4.3785     4.3776    28.5778    28.5803    34.7345    34.7353    22.0051    22.0049    1541.85    191.333    191.294         50 0.0000e+00
      21693    903.814     34.761     35.000    28.5671    28.5669   5.651449   5.651610     3.1118     2.6453     100.00   29.03276  -85.78554   -0.00147    0.00056     4.3861     4.3939    28.5581    28.5586    34.7716    34.7727    22.0395    22.0403    1541.88    191.660    192.001         48 0.0000e+00
      21740    905.779     35.755     36.000    28.6845    28.6806   5.687958   5.686195     3.1264     2.6579     100.00   29.03276  -85.78554    0.00513    0.00493     4.4004     4.4078    28.6759    28.6720    34.9376    34.9282    22.1251    22.1194    1541.92    192.268    192.594         45 0.0000e+00
      21785    907.650     36.748     37.000    28.6720    28.6785   5.756091   5.755171     3.1381     2.6696     100.00   29.03276  -85.78554    0.00668    0.00631     4.4113     4.4204    28.6631    28.6696    35.4190    35.4077    22.4911    22.4805    1541.96    192.677    193.077         47 0.0000e+00
      21836    909.784     37.741     38.000    28.3874    28.4034   5.759215   5.760087     3.1474     2.6789     100.00   29.03276  -85.78554    0.00664    0.00658     4.4454     4.4541    28.3784    28.3943    35.6536    35.6477    22.7617    22.7520    1542.01    194.113    194.495         53 0.0000e+00
      21882    911.724     38.734     39.000    28.1055    28.1137   5.743196   5.743983     3.1312     2.6674     100.00   29.03275  -85.78554   -0.00248   -0.00182     4.4360     4.4501    28.1010    28.1045    35.7506    35.7500    22.9261    22.9230    1542.04    193.674    194.286         41 0.0000e+00
      21927    913.579     39.727     40.000    27.8804    27.8919   5.724356   5.725324     3.1166     2.6544     100.00   29.03274  -85.78554   -0.00775   -0.00566     4.4262     4.4395    27.8711    27.8825    35.7923    35.7903    23.0328    23.0275    1542.06    193.225    193.804         51 0.0000e+00
      21978    915.699     40.720     41.000    27.6775    27.6840   5.721609   5.721704     3.1138     2.6506     100.00   29.03274  -85.78554   -0.00743   -0.00710     4.4327     4.4426    27.6679    27.6744    35.9277    35.9233    23.2010    23.1956    1542.07    193.479    193.912         47 0.0000e+00
      22023    917.598     41.713     42.000    27.4516    27.4657   5.715954   5.716977     3.1630     2.7059     100.00   29.03274  -85.78554    0.01302    0.01459     4.5408     4.5716    27.4418    27.4559    36.0611    36.0575    23.3748    23.3675    1542.08    198.162    199.507         47 0.0000e+00
      22072    919.635     42.706     43.000    26.9208    26.9417   5.659230   5.661848     3.1667     2.7054     100.00   29.03274  -85.78552    0.01493    0.01495     4.5913     4.6100    26.9109    26.9318    36.0662    36.0688    23.5496    23.5448    1542.06    200.331    201.146         48 0.0000e+00
      22118    921.539     43.699     44.000    26.7442    26.7480   5.637507   5.638145     3.1139     2.6467     100.00   29.03274  -85.78552   -0.01799   -0.02117     4.5077     4.5048    26.7341    26.7379    36.0471    36.0487    23.5917    23.5917    1542.02    196.675    196.549         46 0.0000e+00
      22166    923.534     44.692     45.000    26.5309    26.5455   5.612585   5.614302     3.0704     2.6101     100.00   29.03274  -85.78552   -0.02458   -0.02383     4.4434     4.4444    26.5207    26.5353    36.0331    36.0341    23.6489    23.6451    1541.98    193.859    193.903         48 0.0000e+00
      22213    925.510     45.685     46.000    26.3225    26.3260   5.592357   5.592871     3.0129     2.5627     100.00   29.03274  -85.78552   -0.02641   -0.02293     4.3511     4.3614    26.3121    26.3156    36.0492    36.0502    23.7271    23.7268    1541.92    189.816    190.268         49 0.0000e+00
      22262    927.562     46.678     47.000    26.2377    26.2431   5.584346   5.585310     2.9959     2.5521     100.00   29.03274  -85.78552   -0.01920   -0.01418     4.3261     4.3455    26.2272    26.2325    36.0593    36.0600    23.7615    23.7603    1541.88    188.720    189.566         47 0.0000e+00
      22309    929.494     47.671     48.000    25.7717    25.7766   5.540348   5.541272     2.9806     2.5423     100.00   29.03274  -85.78552   -0.00774   -0.00534     4.3295     4.3584    25.7610    25.7659    36.1023    36.1027    23.9399    23.9386    1541.81    188.836    190.096         48 0.0000e+00
      22358    931.535     48.665     49.000    25.5934    25.6007   5.523379   5.524242     2.9874     2.5518      96.07   29.03274  -85.78552   -0.00284   -0.00016     4.3599     4.3921    25.5826    25.5899    36.1184    36.1190    24.0075    24.0057    1541.73    190.149    191.551         47 0.0000e+00
      22403    933.419     49.658     50.000    25.5000    25.5030   5.514396   5.514879     2.9869     2.5424      89.20   29.03274  -85.78552    0.00260    0.00131     4.3666     4.3796    25.4890    25.4920    36.1260    36.1272    24.0422    24.0421    1541.65    190.435    191.002         46 0.0000e+00
      22451    935.421     50.651     51.000    25.3939    25.3993   5.504387   5.505045     2.9755     2.5340      99.91   29.03274  -85.78552   -0.00309   -0.00544     4.3533     4.3698    25.3826    25.3881    36.1361    36.1366    24.0827    24.0814    1541.57    189.847    190.565         50 0.0000e+00
      22500    937.438     51.643     52.000    25.1919    25.2004   5.492015   5.492798     2.9771     2.5444      96.30   29.03274  -85.78552   -0.00384   -0.00038     4.3721     4.4057    25.1806    25.1890    36.2024    36.2012    24.1949    24.1915    1541.49    190.645    192.112         47 0.0000e+00
      22548    939.450     52.637     53.000    24.9460    24.9528   5.465528   5.466411     2.9957     2.5583      87.91   29.03274  -85.78552    0.00704    0.00857     4.4277     4.4547    24.9344    24.9413    36.2047    36.2057    24.2720    24.2707    1541.40    193.057    194.232         49 0.0000e+00
      22594    941.358     53.630     54.000    24.8336    24.8375   5.453635   5.454233     2.9805     2.5423     100.02   29.03274  -85.78552    0.00362    0.00166     4.4129     4.4337    24.8219    24.8258    36.2058    36.2072    24.3072    24.3070    1541.30    192.403    193.308         42 0.0000e+00
      22637    943.172     54.623     55.000    24.5859    24.5888   5.427742   5.428206     2.9584     2.5209      99.78   29.03274  -85.78552   -0.00935   -0.00934     4.3850     4.4028    24.5741    24.5770    36.2107    36.2119    24.3860    24.3860    1541.20    191.171    191.949         48 0.0000e+00
