GOMECC/GOMECC-4/1db/drb2103_0821.cnv
* Sea-Bird SBE 9 Data File:
* FileName = C:\Users\scs.user.rb\CTD\GOMECC4\data\rb2103_0821.hex
* Software Version Seasave V 7.26.7.107
* Temperature SN = 4799
* Conductivity SN = 3860
* Number of Bytes Per Scan = 41
* Number of Voltage Words = 4
* Number of Scans Averaged by the Deck Unit = 1
* NMEA Latitude = 22 16.54 N
* NMEA Longitude = 095 35.27 W
* NMEA UTC (Time) = Oct 06 2021  22:50:02
* NMEA baud rate = 4800
# nquan = 28
# nvalues = 425                         
# units = specified
# name 0 = scan: Scan Count
# name 1 = timeS: Time, Elapsed [seconds]
# name 2 = depSM: Depth [salt water, m]
# name 3 = prDM: Pressure, Digiquartz [db]
# name 4 = t090C: Temperature [ITS-90, deg C]
# name 5 = t190C: Temperature, 2 [ITS-90, deg C]
# name 6 = c0S/m: Conductivity [S/m]
# name 7 = c1S/m: Conductivity, 2 [S/m]
# name 8 = sbeox0V: Oxygen raw, SBE 43 [V]
# name 9 = sbeox1V: Oxygen raw, SBE 43, 2 [V]
# name 10 = altM: Altimeter [m]
# name 11 = latitude: Latitude [deg]
# name 12 = longitude: Longitude [deg]
# name 13 = sbox0dV/dT: Oxygen, SBE 43 [dov/dt]
# name 14 = sbox1dV/dT: Oxygen, SBE 43, 2 [dov/dt]
# name 15 = sbeox0ML/L: Oxygen, SBE 43 [ml/l], WS = 5
# name 16 = sbeox1ML/L: Oxygen, SBE 43, 2 [ml/l], WS = 5
# name 17 = potemp090C: Potential Temperature [ITS-90, deg C]
# name 18 = potemp190C: Potential Temperature, 2 [ITS-90, deg C]
# name 19 = sal00: Salinity, Practical [PSU]
# name 20 = sal11: Salinity, Practical, 2 [PSU]
# name 21 = sigma-é00: Density [sigma-theta, kg/m^3]
# name 22 = sigma-é11: Density, 2 [sigma-theta, kg/m^3]
# name 23 = avgsvCM: Average Sound Velocity [Chen-Millero, m/s], minP = 20, minS = 20
# name 24 = sbox0Mm/Kg: Oxygen, SBE 43 [umol/kg], WS = 5
# name 25 = sbox1Mm/Kg: Oxygen, SBE 43, 2 [umol/kg], WS = 5
# name 26 = nbin: number of scans per bin
# name 27 = flag: flag
# span 0 =      12221,      97526       
# span 1 =    509.163,   4063.536       
# span 2 =      3.975,   2979.777       
# span 3 =      4.000,   3020.000       
# span 4 =     4.2756,    29.5790       
# span 5 =     4.2762,    29.5809       
# span 6 =   3.346210,   5.973508       
# span 7 =   3.346180,   5.973827       
# span 8 =     1.5666,     3.3934       
# span 9 =     1.2728,     2.9061       
# span 10 =      11.01,     101.57      
# span 11 =   22.26283,   22.27720      
# span 12 =  -95.59498,  -95.53317      
# span 13 =   -0.06147,    0.02427      
# span 14 =   -0.05287,    0.02252      
# span 15 =     2.3869,     5.1246      
# span 16 =     2.4095,     5.1430      
# span 17 =     4.0784,    29.5758      
# span 18 =     4.0794,    29.5777      
# span 19 =    34.9145,    36.5249      
# span 20 =    34.9140,    36.5263      
# span 21 =    22.8018,    27.7583      
# span 22 =    22.8020,    27.7571      
# span 23 =       0.00,    1562.33      
# span 24 =    103.789,    223.469      
# span 25 =    104.771,    224.273      
# span 26 =         30,         73      
# span 27 = 0.0000e+00, 0.0000e+00      
# interval = decibars: 1                
# start_time = Oct 06 2021 22:50:02 [NMEA time, header]
# bad_flag = -9.990e-29
*END*
[from data line 415]
      89812   3742.137   2761.168   2797.000     4.3351     4.3361   3.400911   3.400886     1.7689     1.4563      76.91   22.27529  -95.58870   -0.00010   -0.00010     4.6576     4.6700     4.0784     4.0794    34.9748    34.9735    27.7579    27.7568    1500.13    202.393    202.930         30 0.0000e+00
      90118   3754.866   2772.938   2809.000     4.3365     4.3375   3.401507   3.401488     1.7668     1.4542      65.98   22.27541  -95.58922   -0.00018   -0.00020     4.6554     4.6672     4.0785     4.0795    34.9750    34.9737    27.7581    27.7569    1500.19    202.297    202.806         30 0.0000e+00
      93967   3915.265   2921.960   2961.000     4.3539     4.3550   3.408799   3.408769     1.7445     1.4329      67.49   22.27525  -95.58894   -0.00012   -0.00009     4.6443     4.6530     4.0785     4.0795    34.9750    34.9736    27.7581    27.7569    1500.99    201.812    202.192         30 0.0000e+00
      94526   3938.537   2943.520   2983.000     4.3565     4.3576   3.409871   3.409842     1.7412     1.4298      46.12   22.27535  -95.58948   -0.00008   -0.00017     4.6424     4.6507     4.0786     4.0796    34.9752    34.9738    27.7582    27.7570    1501.12    201.732    202.091         30 0.0000e+00
      95448   3976.956   2974.878   3015.000     4.3606     4.3616   3.411446   3.411414     1.7363     1.4254      14.91   22.27551  -95.59018   -0.00006   -0.00014     4.6385     4.6475     4.0789     4.0799    34.9754    34.9739    27.7583    27.7571    1501.31    201.562    201.949         57 0.0000e+00
      95608   3983.631   2975.857   3016.000     4.3607     4.3617   3.411455   3.411424     1.7363     1.4248      13.92   22.27526  -95.58912    0.00006   -0.00002     4.6395     4.6455     4.0789     4.0799    34.9749    34.9735    27.7580    27.7568    1501.29    201.603    201.865         34 0.0000e+00
      95738   3989.055   2976.837   3017.000     4.3607     4.3617   3.411492   3.411465     1.7361     1.4248      12.94   22.27526  -95.58912   -0.00002   -0.00003     4.6390     4.6461     4.0788     4.0798    34.9749    34.9736    27.7580    27.7568    1501.30    201.581    201.891         48 0.0000e+00
      95850   3993.693   2977.817   3018.000     4.3607     4.3618   3.411543   3.411513     1.7357     1.4246      11.99   22.27526  -95.58912   -0.00005   -0.00006     4.6376     4.6454     4.0787     4.0798    34.9750    34.9736    27.7581    27.7568    1501.30    201.520    201.860         42 0.0000e+00
      95980   3999.117   2978.796   3019.000     4.3609     4.3620   3.411578   3.411561     1.7353     1.4241      11.01   22.27526  -95.58912   -0.00006   -0.00009     4.6363     4.6434     4.0787     4.0798    34.9749    34.9736    27.7579    27.7568    1501.31    201.466    201.775         45 0.0000e+00
      97526   4063.536   2979.777   3020.000     4.3611     4.3622   3.411635   3.411613     1.7345     1.4235      14.13   22.27526  -95.58914   -0.00002   -0.00005     4.6334     4.6411     4.0788     4.0799    34.9749    34.9735    27.7580    27.7567    1501.31    201.339    201.673         67 0.0000e+00
