GOMECC/GOMECC-4/1db/drb2103_0031.cnv
* Sea-Bird SBE 9 Data File:
* FileName = C:\Users\scs.user.rb\CTD\GOMECC4\data\rb2103_003.hex
* Software Version Seasave V 7.26.7.107
* Temperature SN = 4799
* Conductivity SN = 3860
* Number of Bytes Per Scan = 41
* Number of Voltage Words = 4
* Number of Scans Averaged by the Deck Unit = 1
* NMEA Latitude = 26 59.30 N
* NMEA Longitude = 079 46.65 W
* NMEA UTC (Time) = Sep 14 2021  20:49:18
* NMEA baud rate = 4800
# nquan = 28
# nvalues = 238                         
# units = specified
# name 0 = scan: Scan Count
# name 1 = timeS: Time, Elapsed [seconds]
# name 2 = depSM: Depth [salt water, m]
# name 3 = prDM: Pressure, Digiquartz [db]
# name 4 = t090C: Temperature [ITS-90, deg C]
# name 5 = t190C: Temperature, 2 [ITS-90, deg C]
# name 6 = c0S/m: Conductivity [S/m]
# name 7 = c1S/m: Conductivity, 2 [S/m]
# name 8 = sbeox0V: Oxygen raw, SBE 43 [V]
# name 9 = sbeox1V: Oxygen raw, SBE 43, 2 [V]
# name 10 = altM: Altimeter [m]
# name 11 = latitude: Latitude [deg]
# name 12 = longitude: Longitude [deg]
# name 13 = sbox0dV/dT: Oxygen, SBE 43 [dov/dt]
# name 14 = sbox1dV/dT: Oxygen, SBE 43, 2 [dov/dt]
# name 15 = sbeox0ML/L: Oxygen, SBE 43 [ml/l], WS = 5
# name 16 = sbeox1ML/L: Oxygen, SBE 43, 2 [ml/l], WS = 5
# name 17 = potemp090C: Potential Temperature [ITS-90, deg C]
# name 18 = potemp190C: Potential Temperature, 2 [ITS-90, deg C]
# name 19 = sal00: Salinity, Practical [PSU]
# name 20 = sal11: Salinity, Practical, 2 [PSU]
# name 21 = sigma-é00: Density [sigma-theta, kg/m^3]
# name 22 = sigma-é11: Density, 2 [sigma-theta, kg/m^3]
# name 23 = avgsvCM: Average Sound Velocity [Chen-Millero, m/s], minP = 20, minS = 20
# name 24 = sbox0Mm/Kg: Oxygen, SBE 43 [umol/kg], WS = 5
# name 25 = sbox1Mm/Kg: Oxygen, SBE 43, 2 [umol/kg], WS = 5
# name 26 = nbin: number of scans per bin
# name 27 = flag: flag
# span 0 =       7231,      30733       
# span 1 =    301.264,   1280.488       
# span 2 =      4.967,    388.062       
# span 3 =      5.000,    391.000       
# span 4 =     7.6128,    29.6186       
# span 5 =     7.6141,    29.6390       
# span 6 =   3.599509,   5.980412       
# span 7 =   3.599630,   5.980925       
# span 8 =     1.6825,     3.1591       
# span 9 =     1.3883,     2.6946       
# span 10 =       7.60,     100.15      
# span 11 =   26.98579,   26.99681      
# span 12 =  -79.77974,  -79.76036      
# span 13 =   -0.07229,    0.03996      
# span 14 =   -0.05351,    0.01806      
# span 15 =     2.7486,     4.4740      
# span 16 =     2.5889,     4.4965      
# span 17 =     7.5738,    29.6166      
# span 18 =     7.5751,    29.6377      
# span 19 =    34.9633,    36.9184      
# span 20 =    34.9633,    36.9202      
# span 21 =    22.3612,    27.3080      
# span 22 =    22.3519,    27.3078      
# span 23 =       0.00,    1546.31      
# span 24 =    119.505,    195.119      
# span 25 =    113.082,    196.102      
# span 26 =         30,         71      
# span 27 = 0.0000e+00, 0.0000e+00      
# interval = decibars: 1                
# start_time = Sep 14 2021 20:49:18 [NMEA time, header]
# bad_flag = -9.990e-29
*END*
[from data line 156]
      18964    790.141    185.686    187.000    16.8415    16.8422   4.626510   4.626538     2.0478     1.7178     100.00   26.99348  -79.77792    0.00052   -0.00024     3.0752     3.1232    16.8105    16.8112    36.2657    36.2653    26.5315    26.5310    1533.83    133.790    135.877         36 0.0000e+00
      19051    793.747    188.664    190.000    16.7212    16.7221   4.611876   4.612017     2.0418     1.7104      99.99   26.99202  -79.77348   -0.00148   -0.00200     3.0706     3.1136    16.6900    16.6908    36.2437    36.2441    26.5431    26.5432    1533.47    133.588    135.457         33 0.0000e+00
      19088    795.297    189.656    191.000    16.6942    16.6958   4.608797   4.609047     2.0378     1.7066     100.00   26.99354  -79.77794   -0.00219   -0.00224     3.0645     3.1070    16.6629    16.6644    36.2411    36.2420    26.5477    26.5480    1533.47    133.320    135.170         39 0.0000e+00
      19124    796.800    190.649    192.000    16.6389    16.6418   4.602294   4.602504     2.0330     1.7015     100.00   26.99356  -79.77794   -0.00277   -0.00271     3.0557     3.0960    16.6074    16.6103    36.2322    36.2326    26.5540    26.5536    1533.38    132.938    134.691         32 0.0000e+00
      19209    800.328    193.626    195.000    16.5627    16.5658   4.592959   4.593261     2.0186     1.6872      97.29   26.99273  -79.77536   -0.00394   -0.00388     3.0292     3.0663    16.5308    16.5339    36.2183    36.2182    26.5612    26.5604    1533.06    131.782    133.399         32 0.0000e+00
      19244    801.790    194.619    196.000    16.4708    16.4691   4.582007   4.581714     2.0108     1.6803     100.00   26.99363  -79.77796   -0.00467   -0.00448     3.0175     3.0553    16.4389    16.4372    36.2045    36.2035    26.5724    26.5720    1533.02    131.275    132.918         37 0.0000e+00
      19283    803.409    195.612    197.000    16.3664    16.3668   4.569649   4.569699     2.0008     1.6706     100.00   26.99364  -79.77796   -0.00554   -0.00529     3.0017     3.0377    16.3345    16.3349    36.1891    36.1892    26.5850    26.5850    1532.93    130.583    132.151         39 0.0000e+00
      19318    804.865    196.604    198.000    16.2671    16.2720   4.557905   4.558362     1.9935     1.6663      78.82   26.99366  -79.77796   -0.00597   -0.00513     2.9903     3.0323    16.2351    16.2400    36.1744    36.1741    26.5969    26.5955    1532.84    130.086    131.916         30 0.0000e+00
      19397    808.183    199.581    201.000    16.1608    16.1611   4.544644   4.544720     1.9944     1.6688      99.98   26.98798  -79.76104    0.00029    0.00100     3.0017     3.0477    16.1284    16.1288    36.1496    36.1499    26.6021    26.6022    1532.25    130.580    132.584         38 0.0000e+00
      19444    810.127    200.574    202.000    16.1248    16.1222   4.540952   4.540669     1.9933     1.6658     100.00   26.99374  -79.77798   -0.00039   -0.00093     3.0018     3.0428    16.0924    16.0898    36.1511    36.1509    26.6121    26.6126    1532.48    130.586    132.371         43 0.0000e+00
      19561    815.019    204.543    206.000    15.7938    15.7933   4.501404   4.501310     1.9816     1.6590      99.99   26.99237  -79.77373   -0.00266   -0.00159     2.9978     3.0479    15.7612    15.7608    36.0963    36.0959    26.6461    26.6458    1532.04    130.407    132.588         36 0.0000e+00
      19600    816.605    205.536    207.000    15.7161    15.7146   4.492383   4.492112     1.9805     1.6574     100.00   26.99383  -79.77800   -0.00168   -0.00120     3.0008     3.0494    15.6835    15.6819    36.0862    36.0852    26.6562    26.6557    1532.03    130.535    132.649         38 0.0000e+00
      19638    818.192    206.529    208.000    15.6031    15.6036   4.479152   4.479165     1.9793     1.6570     100.00   26.99386  -79.77800   -0.00083   -0.00086     3.0059     3.0559    15.5704    15.5710    36.0699    36.0695    26.6693    26.6688    1531.95    130.758    132.930         37 0.0000e+00
      19671    819.583    207.521    209.000    15.5298    15.5289   4.470545   4.470392     1.9793     1.6569     100.00   26.99388  -79.77800   -0.00054   -0.00037     3.0112     3.0610    15.4971    15.4962    36.0588    36.0582    26.6773    26.6771    1531.85    130.987    133.152         31 0.0000e+00
      19757    823.148    210.498    212.000    15.3945    15.3953   4.454389   4.454511     1.9833     1.6607      85.59   26.99056  -79.76806    0.00125    0.00128     3.0313     3.0809    15.3615    15.3623    36.0340    36.0344    26.6885    26.6886    1531.39    131.856    134.014         33 0.0000e+00
      19794    824.726    211.490    213.000    15.3819    15.3826   4.453318   4.453452     1.9840     1.6613      99.97   26.99394  -79.77801    0.00090    0.00071     3.0342     3.0838    15.3488    15.3495    36.0366    36.0372    26.6937    26.6940    1531.49    131.985    134.144         38 0.0000e+00
      19831    826.243    212.483    214.000    15.3756    15.3800   4.452664   4.453232     1.9835     1.6608      88.92   26.99396  -79.77802    0.00017    0.00014     3.0338     3.0829    15.3423    15.3467    36.0361    36.0372    26.6947    26.6946    1531.40    131.967    134.103         35 0.0000e+00
      19864    827.645    213.475    215.000    15.3708    15.3715   4.452179   4.452315     1.9835     1.6598      79.49   26.99398  -79.77802   -0.00016   -0.00022     3.0343     3.0814    15.3374    15.3381    36.0357    36.0363    26.6955    26.6959    1531.32    131.990    134.036         32 0.0000e+00
      19896    828.953    214.467    216.000    15.3671    15.3684   4.451823   4.452043     1.9827     1.6590      72.82   26.99399  -79.77802   -0.00019   -0.00068     3.0333     3.0798    15.3335    15.3348    36.0354    36.0363    26.6962    26.6965    1531.22    131.943    133.968         30 0.0000e+00
      19953    831.344    216.452    218.000    15.3085    15.3087   4.444906   4.444882     1.9816     1.6592     100.00   26.99303  -79.77503   -0.00046   -0.00016     3.0354     3.0851    15.2747    15.2749    36.0252    36.0248    26.7014    26.7011    1530.99    132.034    134.195         31 0.0000e+00
      19988    832.796    217.445    219.000    15.2440    15.2406   4.437318   4.436519     1.9789     1.6572     100.00   26.99405  -79.77803   -0.00088   -0.00024     3.0351     3.0863    15.2102    15.2068    36.0155    36.0135    26.7085    26.7077    1530.98    132.022    134.251         37 0.0000e+00
      20024    834.294    218.437    220.000    15.0986    15.0992   4.420049   4.420263     1.9749     1.6514     100.00   26.99408  -79.77804   -0.00185   -0.00184     3.0340     3.0786    15.0648    15.0654    35.9913    35.9915    26.7222    26.7222    1530.88    131.971    133.911         34 0.0000e+00
      20278    844.866    228.361    230.000    14.9288    14.9291   4.400113   4.400163     1.9518     1.6302     100.00   26.99325  -79.77521   -0.00177   -0.00143     2.9939     3.0383    14.8937    14.8940    35.9609    35.9611    26.7366    26.7366    1529.98    130.224    132.156         30 0.0000e+00
      20405    850.153    233.322    235.000    14.8105    14.8110   4.386267   4.386323     1.9377     1.6175     100.00   26.99387  -79.77682   -0.00266   -0.00235     2.9697     3.0142    14.7749    14.7754    35.9411    35.9412    26.7475    26.7474    1529.60    129.171    131.108         31 0.0000e+00
      20436    851.450    234.314    236.000    14.7825    14.7828   4.382989   4.383020     1.9347     1.6140      97.74   26.99432  -79.77808   -0.00283   -0.00238     2.9645     3.0072    14.7468    14.7471    35.9365    35.9366    26.7501    26.7502    1529.54    128.944    130.804         30 0.0000e+00
      20563    856.748    239.276    241.000    14.6881    14.6890   4.371974   4.372121     1.9234     1.6040     100.00   26.99367  -79.77599   -0.00187   -0.00122     2.9451     2.9885    14.6518    14.6527    35.9202    35.9206    26.7582    26.7584    1529.11    128.099    129.988         32 0.0000e+00
      20724    863.457    245.229    247.000    14.5344    14.5350   4.354349   4.354426     1.9136     1.5950      69.93   26.99444  -79.77797   -0.00147   -0.00145     2.9334     2.9765    14.4974    14.4980    35.8955    35.8959    26.7728    26.7730    1528.70    127.589    129.466         33 0.0000e+00
      21102    879.195    259.120    261.000    13.6544    13.6528   4.251848   4.251600     1.8799     1.5629     100.00   26.99495  -79.77882   -0.00322   -0.00311     2.9151     2.9535    13.6170    13.6154    35.7538    35.7530    26.8504    26.8501    1527.65    126.784    128.455         30 0.0000e+00
      21237    884.829    264.081    266.000    13.2861    13.2862   4.209114   4.209140     1.8544     1.5384     100.00   26.99403  -79.77590   -0.00516   -0.00499     2.8778     2.9122    13.2486    13.2488    35.6920    35.6921    26.8786    26.8786    1527.21    125.157    126.655         30 0.0000e+00
      21268    886.114    265.073    267.000    13.2632    13.2633   4.206627   4.206656     1.8500     1.5359      63.38   26.99482  -79.77814   -0.00470   -0.00412     2.8686     2.9072    13.2257    13.2258    35.6896    35.6898    26.8815    26.8816    1527.17    124.756    126.437         30 0.0000e+00
      21539    897.422    274.994    277.000    12.9348    12.9345   4.169320   4.169255     1.8259     1.5158      99.99   26.99325  -79.77310   -0.00181   -0.00192     2.8331     2.8766    12.8965    12.8962    35.6379    35.6377    26.9081    26.9080    1526.29    123.209    125.102         30 0.0000e+00
      21571    898.748    275.986    278.000    12.9088    12.9083   4.166471   4.166391     1.8235     1.5138     100.00   26.99499  -79.77816   -0.00195   -0.00189     2.8290     2.8731    12.8704    12.8699    35.6351    35.6348    26.9113    26.9111    1526.31    123.034    124.950         30 0.0000e+00
      21703    904.235    280.947    283.000    12.7922    12.7933   4.153301   4.153428     1.8135     1.5054     100.00   26.99462  -79.77688   -0.00188   -0.00135     2.8130     2.8590    12.7533    12.7544    35.6165    35.6166    26.9203    26.9202    1525.90    122.334    124.336         31 0.0000e+00
      21952    914.641    289.875    292.000    12.5080    12.5039   4.121870   4.121372     1.8001     1.4908      88.25   26.99507  -79.77778   -0.00150   -0.00151     2.8005     2.8402    12.4685    12.4644    35.5784    35.5774    26.9473    26.9473    1525.26    121.788    123.513         30 0.0000e+00
      22255    927.264    300.787    303.000    12.0908    12.0902   4.075436   4.075283     1.7813     1.4749      99.00   26.99400  -79.77407   -0.00222   -0.00224     2.7836     2.8260    12.0507    12.0501    35.5182    35.5173    26.9819    26.9813    1524.38    121.050    122.894         30 0.0000e+00
      22287    928.589    301.779    304.000    12.0525    12.0558   4.071343   4.071679     1.7789     1.4729      97.90   26.99541  -79.77822   -0.00213   -0.00224     2.7801     2.8230    12.0123    12.0156    35.5147    35.5148    26.9866    26.9861    1524.39    120.898    122.763         31 0.0000e+00
      22396    933.122    305.747    308.000    12.0138    12.0123   4.067157   4.067051     1.7747     1.4693      91.81   26.99477  -79.77616   -0.00091   -0.00079     2.7732     2.8169    11.9732    11.9717    35.5087    35.5090    26.9895    26.9900    1524.06    120.595    122.495         32 0.0000e+00
      22428    934.453    306.739    309.000    12.0049    12.0075   4.066330   4.066629     1.7734     1.4677      92.81   26.99550  -79.77824   -0.00081   -0.00086     2.7707     2.8130    11.9642    11.9667    35.5088    35.5092    26.9913    26.9912    1524.03    120.486    122.329         30 0.0000e+00
      22568    940.312    311.699    314.000    11.9167    11.9176   4.056949   4.057034     1.7705     1.4666      88.17   26.99555  -79.77822   -0.00036    0.00007     2.7708     2.8174    11.8755    11.8764    35.4988    35.4988    27.0006    27.0004    1523.68    120.489    122.518         30 0.0000e+00
      22598    941.559    312.691    315.000    11.8995    11.8955   4.055024   4.054542     1.7699     1.4662      87.22   26.99560  -79.77826   -0.00036   -0.00013     2.7705     2.8183    11.8582    11.8542    35.4959    35.4950    27.0016    27.0017    1523.61    120.478    122.556         30 0.0000e+00
      22710    946.191    316.658    319.000    11.6393    11.6397   4.026112   4.026137     1.7652     1.4612      83.63   26.99398  -79.77330   -0.00106   -0.00127     2.7773     2.8223    11.5980    11.5985    35.4580    35.4578    27.0214    27.0211    1523.24    120.771    122.727         31 0.0000e+00
      22743    947.586    317.650    320.000    11.5926    11.5911   4.021264   4.021038     1.7639     1.4603      82.45   26.99568  -79.77826   -0.00096   -0.00096     2.7772     2.8231    11.5514    11.5499    35.4548    35.4540    27.0278    27.0275    1523.27    120.764    122.759         33 0.0000e+00
      22853    952.164    321.617    324.000    11.4027    11.3977   4.000501   3.999893     1.7606     1.4579      78.46   26.99449  -79.77457   -0.00067   -0.00041     2.7829     2.8305    11.3614    11.3564    35.4293    35.4280    27.0434    27.0433    1522.91    121.012    123.082         31 0.0000e+00
      22886    953.529    322.609    325.000    11.3371    11.3408   3.993463   3.993820     1.7592     1.4565      77.68   26.99577  -79.77828   -0.00098   -0.00081     2.7839     2.8306    11.2958    11.2995    35.4223    35.4222    27.0501    27.0494    1522.92    121.054    123.086         32 0.0000e+00
      22974    957.211    325.585    328.000    11.2200    11.2258   3.980538   3.981182     1.7559     1.4540      74.58   26.99530  -79.77675   -0.00094   -0.00073     2.7842     2.8322    11.1786    11.1844    35.4048    35.4057    27.0581    27.0578    1522.68    121.065    123.156         30 0.0000e+00
      23005    958.507    326.577    329.000    11.2398    11.2447   3.982883   3.983409     1.7558     1.4533      73.70   26.99583  -79.77830   -0.00067   -0.00040     2.7830     2.8294    11.1982    11.2031    35.4088    35.4094    27.0577    27.0572    1522.63    121.014    123.030         31 0.0000e+00
      23119    963.259    330.544    333.000    10.9843    10.9843   3.954622   3.954638     1.7497     1.4464      69.86   26.99497  -79.77557   -0.00156   -0.00161     2.7855     2.8282    10.9428    10.9429    35.3707    35.3708    27.0747    27.0748    1522.30    121.120    122.977         33 0.0000e+00
      23153    964.685    331.536    334.000    10.9837    10.9873   3.954708   3.955093     1.7478     1.4458      68.90   26.99591  -79.77830   -0.00154   -0.00131     2.7809     2.8265    10.9421    10.9457    35.3719    35.3723    27.0758    27.0754    1522.29    120.920    122.902         33 0.0000e+00
      23268    969.456    335.503    338.000    10.8582    10.8541   3.940909   3.940416     1.7422     1.4400      64.83   26.99533  -79.77639   -0.00138   -0.00145     2.7757     2.8199    10.8164    10.8124    35.3526    35.3517    27.0835    27.0835    1521.97    120.692    122.617         30 0.0000e+00
      23299    970.755    336.495    339.000    10.8126    10.8148   3.935929   3.936060     1.7407     1.4383      63.70   26.99601  -79.77832   -0.00113   -0.00109     2.7744     2.8180    10.7708    10.7730    35.3463    35.3455    27.0869    27.0858    1521.95    120.636    122.532         32 0.0000e+00
      23331    972.090    337.487    340.000    10.7608    10.7656   3.930073   3.930581     1.7389     1.4369      62.80   26.99602  -79.77832   -0.00112   -0.00106     2.7742     2.8174    10.7190    10.7239    35.3371    35.3375    27.0890    27.0884    1521.87    120.629    122.507         32 0.0000e+00
