GOMECC/GOMECC-4/1db/drb2103_0281.cnv
* Sea-Bird SBE 9 Data File:
* FileName = C:\Users\scs.user.rb\CTD\GOMECC4\data\rb2103_0281.hex
* Software Version Seasave V 7.26.7.107
* Temperature SN = 4799
* Conductivity SN = 3860
* Number of Bytes Per Scan = 41
* Number of Voltage Words = 4
* Number of Scans Averaged by the Deck Unit = 1
* NMEA Latitude = 27 59.98 N
* NMEA Longitude = 086 37.19 W
* NMEA UTC (Time) = Sep 21 2021  18:09:14
* NMEA baud rate = 4800
# nquan = 28
# nvalues = 201                         
# units = specified
# name 0 = scan: Scan Count
# name 1 = timeS: Time, Elapsed [seconds]
# name 2 = depSM: Depth [salt water, m]
# name 3 = prDM: Pressure, Digiquartz [db]
# name 4 = t090C: Temperature [ITS-90, deg C]
# name 5 = t190C: Temperature, 2 [ITS-90, deg C]
# name 6 = c0S/m: Conductivity [S/m]
# name 7 = c1S/m: Conductivity, 2 [S/m]
# name 8 = sbeox0V: Oxygen raw, SBE 43 [V]
# name 9 = sbeox1V: Oxygen raw, SBE 43, 2 [V]
# name 10 = altM: Altimeter [m]
# name 11 = latitude: Latitude [deg]
# name 12 = longitude: Longitude [deg]
# name 13 = sbox0dV/dT: Oxygen, SBE 43 [dov/dt]
# name 14 = sbox1dV/dT: Oxygen, SBE 43, 2 [dov/dt]
# name 15 = sbeox0ML/L: Oxygen, SBE 43 [ml/l], WS = 5
# name 16 = sbeox1ML/L: Oxygen, SBE 43, 2 [ml/l], WS = 5
# name 17 = potemp090C: Potential Temperature [ITS-90, deg C]
# name 18 = potemp190C: Potential Temperature, 2 [ITS-90, deg C]
# name 19 = sal00: Salinity, Practical [PSU]
# name 20 = sal11: Salinity, Practical, 2 [PSU]
# name 21 = sigma-é00: Density [sigma-theta, kg/m^3]
# name 22 = sigma-é11: Density, 2 [sigma-theta, kg/m^3]
# name 23 = avgsvCM: Average Sound Velocity [Chen-Millero, m/s], minP = 20, minS = 20
# name 24 = sbox0Mm/Kg: Oxygen, SBE 43 [umol/kg], WS = 5
# name 25 = sbox1Mm/Kg: Oxygen, SBE 43, 2 [umol/kg], WS = 5
# name 26 = nbin: number of scans per bin
# name 27 = flag: flag
# span 0 =       8833,      87088       
# span 1 =    367.993,   3628.618       
# span 2 =      4.966,   2960.940       
# span 3 =      5.000,   3002.000       
# span 4 =     4.3611,    29.3045       
# span 5 =     4.3621,    29.3107       
# span 6 =   3.410702,   5.818821       
# span 7 =   3.410644,   5.819306       
# span 8 =     1.7435,     3.1305       
# span 9 =     1.4366,     2.6587       
# span 10 =      10.42,     100.22      
# span 11 =   27.99826,   27.99963      
# span 12 =  -86.62044,  -86.61828      
# span 13 =   -0.03904,    0.03345      
# span 14 =   -0.03639,    0.03439      
# span 15 =     2.5702,     4.6649      
# span 16 =     2.5985,     4.6974      
# span 17 =     4.0816,    29.2964      
# span 18 =     4.0826,    29.3027      
# span 19 =    33.1801,    36.4784      
# span 20 =    33.1971,    36.4788      
# span 21 =    20.8504,    27.7580      
# span 22 =    20.8641,    27.7564      
# span 23 =       0.00,    1543.20      
# span 24 =    111.846,    202.706      
# span 25 =    113.081,    204.121      
# span 26 =         30,         77      
# span 27 = 0.0000e+00, 0.0000e+00      
# interval = decibars: 1                
# start_time = Sep 21 2021 18:09:14 [NMEA time, header]
# bad_flag = -9.990e-29
*END*
[from data line 156]
      14818    617.371    159.867    161.000    17.4629    17.4655   4.699084   4.699392     2.0360     1.7093      99.52   27.99942  -86.62000    0.02739    0.02417     2.9978     3.0524    17.4357    17.4382    36.3508    36.3512    26.4461    26.4458    1532.57    130.431    132.810         34 0.0000e+00
      14852    618.788    160.859    162.000    17.4212    17.4241   4.694193   4.694538     2.0417     1.7104     100.00   27.99940  -86.62000    0.01463    0.00990     3.0134     3.0580    17.3938    17.3967    36.3453    36.3457    26.4522    26.4517    1532.48    131.110    133.050         33 0.0000e+00
      14884    620.137    161.852    163.000    17.3848    17.3872   4.689954   4.690240     2.0443     1.7117     100.00   27.99940  -86.62000    0.00608    0.00225     3.0221     3.0638    17.3573    17.3597    36.3408    36.3411    26.4576    26.4572    1532.39    131.489    133.303         32 0.0000e+00
      14917    621.498    162.845    164.000    17.3450    17.3477   4.685263   4.685584     2.0451     1.7117      73.80   27.99940  -86.62000    0.00227    0.00062     3.0269     3.0667    17.3173    17.3201    36.3354    36.3356    26.4631    26.4627    1532.30    131.698    133.429         33 0.0000e+00
      14951    622.901    163.837    165.000    17.3037    17.3068   4.680378   4.680746     2.0459     1.7118      98.37   27.99940  -86.62000    0.00084    0.00028     3.0319     3.0700    17.2759    17.2790    36.3295    36.3299    26.4687    26.4682    1532.22    131.914    133.569         33 0.0000e+00
      14983    624.231    164.830    166.000    17.2585    17.2607   4.675047   4.675320     2.0463     1.7121     100.00   27.99940  -86.62000    0.00051    0.00007     3.0362     3.0740    17.2306    17.2328    36.3233    36.3236    26.4749    26.4746    1532.13    132.098    133.746         32 0.0000e+00
      15015    625.567    165.822    167.000    17.2345    17.2365   4.672337   4.672584     2.0447     1.7111     100.00   27.99940  -86.62000    0.00004    0.00002     3.0344     3.0734    17.2064    17.2085    36.3208    36.3211    26.4788    26.4786    1532.04    132.021    133.717         33 0.0000e+00
      15048    626.953    166.815    168.000    17.1823    17.1864   4.666282   4.666714     2.0439     1.7087     100.00   27.99940  -86.61999   -0.00071   -0.00085     3.0363     3.0710    17.1542    17.1582    36.3145    36.3146    26.4866    26.4857    1531.96    132.102    133.613         33 0.0000e+00
      15081    628.340    167.808    169.000    17.1389    17.1417   4.661115   4.661439     2.0455     1.7122     100.00   27.99940  -86.61998   -0.00041   -0.00051     3.0434     3.0830    17.1106    17.1135    36.3081    36.3083    26.4921    26.4916    1531.87    132.408    134.133         33 0.0000e+00
      15114    629.702    168.800    170.000    17.0968    17.0994   4.656104   4.656388     2.0479     1.7142     100.00   27.99940  -86.61998    0.00097    0.00134     3.0520     3.0910    17.0684    17.0710    36.3017    36.3019    26.4974    26.4969    1531.79    132.782    134.481         33 0.0000e+00
      15147    631.082    169.792    171.000    17.0501    17.0528   4.650505   4.650802     2.0482     1.7115     100.00   27.99940  -86.61998    0.00137    0.00103     3.0560     3.0875    17.0216    17.0243    36.2944    36.2945    26.5030    26.5025    1531.70    132.958    134.328         33 0.0000e+00
      15180    632.466    170.785    172.000    17.0026    17.0048   4.644871   4.645116     2.0460     1.7089      64.38   27.99940  -86.61998    0.00008   -0.00129     3.0546     3.0845    16.9739    16.9761    36.2875    36.2876    26.5092    26.5088    1531.61    132.897    134.195         33 0.0000e+00
      15213    633.816    171.778    173.000    16.9769    16.9785   4.641820   4.642033     2.0443     1.7077      95.04   27.99939  -86.61998   -0.00116   -0.00178     3.0528     3.0835    16.9481    16.9498    36.2835    36.2839    26.5123    26.5122    1531.53    132.816    134.152         32 0.0000e+00
      15244    635.138    172.770    174.000    16.9610    16.9625   4.639995   4.640186     2.0427     1.7070      99.97   27.99938  -86.61998   -0.00135   -0.00104     3.0505     3.0831    16.9320    16.9336    36.2815    36.2817    26.5146    26.5144    1531.45    132.715    134.135         32 0.0000e+00
      15277    636.510    173.762    175.000    16.9445    16.9467   4.638054   4.638375     2.0408     1.7057     100.00   27.99938  -86.61998   -0.00122   -0.00074     3.0477     3.0813    16.9155    16.9179    36.2788    36.2793    26.5165    26.5163    1531.36    132.593    134.057         34 0.0000e+00
      15311    637.929    174.755    176.000    16.9137    16.9147   4.634277   4.634440     2.0381     1.7038      87.33   27.99938  -86.61998   -0.00145   -0.00080     3.0435     3.0786    16.8840    16.8855    36.2735    36.2735    26.5200    26.5196    1531.28    132.413    133.937         33 0.0000e+00
      15344    639.281    175.748    177.000    16.8574    16.8608   4.627786   4.628094     2.0337     1.6994      71.65   27.99938  -86.61998   -0.00205   -0.00166     3.0377     3.0716    16.8281    16.8315    36.2665    36.2661    26.5279    26.5268    1531.20    132.157    133.634         32 0.0000e+00
      15376    640.614    176.740    178.000    16.8021    16.8052   4.621214   4.621521     2.0285     1.6938      99.76   27.99938  -86.61998   -0.00310   -0.00301     3.0297     3.0614    16.7727    16.7758    36.2582    36.2581    26.5347    26.5340    1531.11    131.808    133.186         33 0.0000e+00
      15409    641.996    177.733    179.000    16.7682    16.7696   4.617138   4.617305     2.0235     1.6892     100.00   27.99938  -86.61998   -0.00372   -0.00382     3.0209     3.0522    16.7387    16.7401    36.2525    36.2527    26.5384    26.5383    1531.04    131.426    132.789         33 0.0000e+00
      15442    643.366    178.725    180.000    16.7423    16.7449   4.613975   4.614284     2.0192     1.6853     100.00   27.99938  -86.61998   -0.00355   -0.00344     3.0131     3.0445    16.7126    16.7153    36.2477    36.2480    26.5410    26.5406    1530.95    131.085    132.451         32 0.0000e+00
      15474    644.692    179.718    181.000    16.7206    16.7220   4.611423   4.611616     2.0159     1.6820     100.00   27.99938  -86.61998   -0.00304   -0.00289     3.0072     3.0378    16.6908    16.6922    36.2444    36.2448    26.5436    26.5436    1530.87    130.830    132.161         32 0.0000e+00
      15507    646.093    180.710    182.000    16.6888    16.6915   4.607684   4.607969     2.0130     1.6796     100.00   27.99938  -86.61998   -0.00260   -0.00237     3.0027     3.0338    16.6589    16.6616    36.2395    36.2396    26.5474    26.5469    1530.79    130.632    131.986         35 0.0000e+00
      15542    647.529    181.702    183.000    16.6555    16.6572   4.603690   4.603885     2.0107     1.6770     100.00   27.99938  -86.61998   -0.00206   -0.00190     3.0001     3.0299    16.6254    16.6272    36.2343    36.2344    26.5513    26.5510    1530.71    130.517    131.818         33 0.0000e+00
      15573    648.836    182.695    184.000    16.6274    16.6293   4.600363   4.600589     2.0082     1.6746     100.00   27.99938  -86.61998   -0.00174   -0.00182     2.9965     3.0261    16.5972    16.5992    36.2299    36.2302    26.5546    26.5543    1530.63    130.362    131.648         31 0.0000e+00
      15604    650.122    183.687    185.000    16.5995    16.6020   4.596965   4.597198     2.0050     1.6731     100.00   27.99938  -86.61998   -0.00196   -0.00164     2.9914     3.0244    16.5692    16.5717    36.2247    36.2245    26.5572    26.5565    1530.55    130.138    131.575         32 0.0000e+00
      15637    651.495    184.680    186.000    16.5413    16.5438   4.590131   4.590370     2.0019     1.6693     100.00   27.99938  -86.61998   -0.00224   -0.00166     2.9884     3.0188    16.5109    16.5135    36.2166    36.2164    26.5647    26.5640    1530.47    130.007    131.330         33 0.0000e+00
      15671    652.913    185.672    187.000    16.5039    16.5065   4.585813   4.586094     1.9986     1.6658     100.00   27.99938  -86.61998   -0.00234   -0.00244     2.9835     3.0126    16.4734    16.4760    36.2119    36.2120    26.5699    26.5694    1530.40    129.794    131.062         34 0.0000e+00
      15704    654.290    186.665    188.000    16.4642    16.4656   4.581066   4.581206     1.9961     1.6655     100.00   27.99938  -86.61998   -0.00222   -0.00193     2.9806     3.0147    16.4336    16.4350    36.2053    36.2053    26.5743    26.5739    1530.32    129.667    131.152         33 0.0000e+00
      15737    655.658    187.657    189.000    16.4541    16.4545   4.579864   4.579914     1.9944     1.6622      46.96   27.99938  -86.61998   -0.00178   -0.00127     2.9775     3.0073    16.4234    16.4237    36.2034    36.2036    26.5752    26.5752    1530.24    129.535    130.829         33 0.0000e+00
      15769    657.013    188.650    190.000    16.4164    16.4185   4.575333   4.575543     1.9917     1.6614      99.71   27.99938  -86.61998   -0.00154   -0.00150     2.9742     3.0079    16.3856    16.3877    36.1970    36.1970    26.5791    26.5786    1530.17    129.391    130.855         32 0.0000e+00
      15801    658.343    189.642    191.000    16.3900    16.3919   4.572295   4.572529     1.9890     1.6591     100.00   27.99938  -86.61998   -0.00179   -0.00130     2.9700     3.0041    16.3590    16.3609    36.1937    36.1940    26.5828    26.5826    1530.08    129.208    130.691         32 0.0000e+00
      15834    659.692    190.634    192.000    16.3630    16.3650   4.569144   4.569380     1.9860     1.6565     100.00   27.99938  -86.61998   -0.00211   -0.00144     2.9651     2.9996    16.3319    16.3339    36.1898    36.1900    26.5861    26.5859    1530.01    128.992    130.492         33 0.0000e+00
      15867    661.084    191.627    193.000    16.3482    16.3498   4.567421   4.567623     1.9842     1.6548     100.00   27.99938  -86.61998   -0.00189   -0.00176     2.9623     2.9965    16.3170    16.3186    36.1875    36.1878    26.5879    26.5877    1529.93    128.868    130.356         33 0.0000e+00
      15900    662.462    192.619    194.000    16.3228    16.3258   4.564504   4.564783     1.9829     1.6548     100.00   27.99938  -86.61998   -0.00151   -0.00117     2.9611     2.9985    16.2914    16.2944    36.1842    36.1840    26.5913    26.5904    1529.85    128.816    130.446         33 0.0000e+00
      15933    663.840    193.612    195.000    16.2877    16.2900   4.560420   4.560702     1.9851     1.6583     100.00   27.99938  -86.61998   -0.00051    0.00027     2.9690     3.0101    16.2562    16.2585    36.1794    36.1798    26.5958    26.5956    1529.78    129.162    130.947         33 0.0000e+00
      15965    665.183    194.604    196.000    16.2305    16.2361   4.553490   4.554061     1.9913     1.6649     100.00   27.99938  -86.61998    0.00167    0.00256     2.9877     3.0310    16.1989    16.2045    36.1693    36.1692    26.6014    26.6001    1529.71    129.972    131.855         32 0.0000e+00
      15997    666.519    195.597    197.000    16.1521    16.1551   4.544293   4.544550     1.9964     1.6701     100.00   27.99938  -86.61998    0.00374    0.00425     3.0054     3.0498    16.1204    16.1234    36.1582    36.1577    26.6111    26.6100    1529.63    130.742    132.673         32 0.0000e+00
      16031    667.906    196.589    198.000    16.1062    16.1076   4.538746   4.538877     1.9973     1.6682     100.00   27.99938  -86.61998    0.00339    0.00291     3.0110     3.0484    16.0745    16.0759    36.1499    36.1498    26.6154    26.6150    1529.56    130.987    132.614         34 0.0000e+00
      86636   3609.785   2955.062   2996.000     4.3611     4.3621   3.410702   3.410644     1.7445     1.4378      16.43   27.99826  -86.61828   -0.00011   -0.00012     4.6646     4.6974     4.0816     4.0826    34.9744    34.9727    27.7573    27.7558    1500.84    202.695    204.121         43 0.0000e+00
      86710   3612.882   2956.042   2997.000     4.3614     4.3625   3.410830   3.410775     1.7441     1.4376      15.30   27.99896  -86.62044   -0.00013   -0.00011     4.6634     4.6968     4.0817     4.0828    34.9752    34.9734    27.7579    27.7564    1500.89    202.642    204.092         39 0.0000e+00
      86776   3615.613   2957.022   2998.000     4.3615     4.3626   3.410887   3.410822     1.7442     1.4372      14.46   27.99896  -86.62044   -0.00002   -0.00021     4.6645     4.6955     4.0817     4.0828    34.9753    34.9735    27.7580    27.7564    1500.89    202.690    204.037         56 0.0000e+00
      86842   3618.392   2958.001   2999.000     4.3617     4.3627   3.410928   3.410869     1.7442     1.4370      13.34   27.99895  -86.62044   -0.00003   -0.00008     4.6649     4.6954     4.0818     4.0828    34.9751    34.9734    27.7578    27.7564    1500.90    202.706    204.032         73 0.0000e+00
      86920   3621.609   2958.981   3000.000     4.3618     4.3628   3.410970   3.410923     1.7437     1.4370      12.35   27.99893  -86.62044   -0.00010    0.00000     4.6632     4.6958     4.0817     4.0828    34.9751    34.9735    27.7578    27.7564    1500.90    202.634    204.050         48 0.0000e+00
      87005   3625.163   2959.960   3001.000     4.3619     4.3629   3.411024   3.410969     1.7436     1.4368      11.26   27.99892  -86.62044   -0.00005   -0.00005     4.6636     4.6955     4.0818     4.0828    34.9752    34.9735    27.7579    27.7564    1500.91    202.650    204.035         77 0.0000e+00
      87088   3628.618   2960.940   3002.000     4.3620     4.3630   3.411075   3.411012     1.7435     1.4366      10.42   27.99891  -86.62044   -0.00003   -0.00008     4.6637     4.6951     4.0818     4.0828    34.9752    34.9734    27.7579    27.7564    1500.91    202.655    204.020         64 0.0000e+00
