GOMECC/GOMECC-4/1db/drb2103_1061.cnv
* Sea-Bird SBE 9 Data File:
* FileName = C:\Users\scs.user.rb\CTD\GOMECC4\data\rb2103_1061.hex
* Software Version Seasave V 7.26.7.107
* Temperature SN = 4799
* Conductivity SN = 3860
* Number of Bytes Per Scan = 41
* Number of Voltage Words = 4
* Number of Scans Averaged by the Deck Unit = 1
* NMEA Latitude = 26 00.02 N
* NMEA Longitude = 088 00.00 W
* NMEA UTC (Time) = Oct 13 2021  21:11:53
* NMEA baud rate = 4800
# nquan = 28
# nvalues = 628                         
# units = specified
# name 0 = scan: Scan Count
# name 1 = timeS: Time, Elapsed [seconds]
# name 2 = depSM: Depth [salt water, m]
# name 3 = prDM: Pressure, Digiquartz [db]
# name 4 = t090C: Temperature [ITS-90, deg C]
# name 5 = t190C: Temperature, 2 [ITS-90, deg C]
# name 6 = c0S/m: Conductivity [S/m]
# name 7 = c1S/m: Conductivity, 2 [S/m]
# name 8 = sbeox0V: Oxygen raw, SBE 43 [V]
# name 9 = sbeox1V: Oxygen raw, SBE 43, 2 [V]
# name 10 = altM: Altimeter [m]
# name 11 = latitude: Latitude [deg]
# name 12 = longitude: Longitude [deg]
# name 13 = sbox0dV/dT: Oxygen, SBE 43 [dov/dt]
# name 14 = sbox1dV/dT: Oxygen, SBE 43, 2 [dov/dt]
# name 15 = sbeox0ML/L: Oxygen, SBE 43 [ml/l], WS = 5
# name 16 = sbeox1ML/L: Oxygen, SBE 43, 2 [ml/l], WS = 5
# name 17 = potemp090C: Potential Temperature [ITS-90, deg C]
# name 18 = potemp190C: Potential Temperature, 2 [ITS-90, deg C]
# name 19 = sal00: Salinity, Practical [PSU]
# name 20 = sal11: Salinity, Practical, 2 [PSU]
# name 21 = sigma-é00: Density [sigma-theta, kg/m^3]
# name 22 = sigma-é11: Density, 2 [sigma-theta, kg/m^3]
# name 23 = avgsvCM: Average Sound Velocity [Chen-Millero, m/s], minP = 20, minS = 20
# name 24 = sbox0Mm/Kg: Oxygen, SBE 43 [umol/kg], WS = 5
# name 25 = sbox1Mm/Kg: Oxygen, SBE 43, 2 [umol/kg], WS = 5
# name 26 = nbin: number of scans per bin
# name 27 = flag: flag
# span 0 =      10771,      97200       
# span 1 =    448.739,   4049.953       
# span 2 =      3.974,   3015.255       
# span 3 =      4.000,   3057.000       
# span 4 =     4.2998,    29.6461       
# span 5 =     4.3006,    29.6476       
# span 6 =   3.354731,   5.986186       
# span 7 =   3.354714,   5.986539       
# span 8 =     1.5822,     3.1810       
# span 9 =     1.2836,     2.6948       
# span 10 =      11.01,     101.80      
# span 11 =   25.98943,   26.00253      
# span 12 =  -88.00697,  -87.96280      
# span 13 =   -0.01005,    0.00877      
# span 14 =   -0.00961,    0.00753      
# span 15 =     2.5095,     4.7134      
# span 16 =     2.5247,     4.7114      
# span 17 =     4.0794,    29.6442      
# span 18 =     4.0804,    29.6454      
# span 19 =    34.9033,    36.9656      
# span 20 =    34.9027,    36.9666      
# span 21 =    22.8099,    27.7595      
# span 22 =    22.8103,    27.7582      
# span 23 =       0.00,    1559.53      
# span 24 =    109.112,    204.817      
# span 25 =    109.775,    204.729      
# span 26 =         30,         68      
# span 27 = 0.0000e+00, 0.0000e+00      
# interval = decibars: 1                
# start_time = Oct 13 2021 21:11:53 [NMEA time, header]
# bad_flag = -9.990e-29
*END*
[from data line 518]
      62057   2585.658   1719.540   1738.000     4.3262     4.3268   3.357753   3.357728     1.9160     1.5933      87.37   25.99951  -87.99823   -0.00006    0.00006     4.6306     4.6468     4.1797     4.1803    34.9681    34.9671    27.7418    27.7410    1505.14    201.221    201.924         31 0.0000e+00
      62091   2587.086   1720.526   1739.000     4.3259     4.3266   3.357824   3.357802     1.9159     1.5930      95.21   26.00002  -87.99994   -0.00004   -0.00009     4.6310     4.6463     4.1793     4.1800    34.9687    34.9678    27.7424    27.7416    1505.16    201.237    201.901         33 0.0000e+00
      62195   2591.399   1724.467   1743.000     4.3253     4.3258   3.357917   3.357888     1.9159     1.5932      77.29   25.99986  -87.99933   -0.00001    0.00006     4.6332     4.6495     4.1783     4.1789    34.9686    34.9677    27.7423    27.7415    1505.13    201.333    202.042         31 0.0000e+00
      62226   2592.726   1725.453   1744.000     4.3253     4.3259   3.357983   3.357957     1.9158     1.5933      68.45   26.00004  -87.99994    0.00000    0.00011     4.6333     4.6505     4.1782     4.1788    34.9688    34.9679    27.7425    27.7418    1505.14    201.339    202.085         31 0.0000e+00
      62335   2597.254   1729.393   1748.000     4.3229     4.3234   3.357896   3.357872     1.9151     1.5923      97.17   25.99966  -87.99865   -0.00011   -0.00019     4.6335     4.6490     4.1754     4.1760    34.9685    34.9676    27.7425    27.7418    1505.10    201.345    202.021         33 0.0000e+00
      62369   2598.687   1730.379   1749.000     4.3230     4.3235   3.357988   3.357963     1.9150     1.5922      93.03   26.00004  -87.99994   -0.00022   -0.00002     4.6337     4.6494     4.1755     4.1760    34.9690    34.9681    27.7430    27.7422    1505.12    201.356    202.036         31 0.0000e+00
      62468   2602.785   1734.320   1753.000     4.3201     4.3207   3.357891   3.357867     1.9145     1.5921     100.00   25.99998  -87.99973   -0.00006   -0.00003     4.6347     4.6517     4.1723     4.1728    34.9689    34.9680    27.7432    27.7425    1505.10    201.399    202.137         33 0.0000e+00
      63846   2660.196   1787.517   1807.000     4.3128     4.3133   3.359475   3.359449     1.9102     1.5881     100.00   25.99969  -87.99881   -0.00020   -0.00010     4.6515     4.6684     4.1598     4.1603    34.9693    34.9684    27.7449    27.7442    1504.84    202.126    202.861         32 0.0000e+00
      65178   2715.714   1838.732   1859.000     4.3086     4.3091   3.361276   3.361248     1.9039     1.5814     100.00   25.99988  -87.99944   -0.00007   -0.00018     4.6587     4.6717     4.1505     4.1511    34.9700    34.9691    27.7465    27.7457    1504.67    202.442    203.006         30 0.0000e+00
      65438   2726.526   1848.580   1869.000     4.3080     4.3086   3.361678   3.361652     1.9025     1.5810     100.00   26.00027  -88.00075   -0.00017   -0.00004     4.6590     4.6763     4.1489     4.1496    34.9706    34.9697    27.7471    27.7463    1504.66    202.455    203.204         31 0.0000e+00
      65563   2731.767   1853.503   1874.000     4.3077     4.3083   3.361849   3.361825     1.9014     1.5800     100.00   26.00018  -88.00048   -0.00023   -0.00005     4.6578     4.6753     4.1482     4.1488    34.9705    34.9696    27.7471    27.7463    1504.64    202.402    203.162         31 0.0000e+00
      66711   2779.579   1897.810   1919.000     4.3033     4.3039   3.363270   3.363236     1.8963     1.5747      85.95   25.99981  -87.99915   -0.00014   -0.00007     4.6657     4.6804     4.1394     4.1400    34.9704    34.9694    27.7480    27.7471    1504.49    202.746    203.385         30 0.0000e+00
      67349   2806.174   1922.421   1944.000     4.3032     4.3038   3.364286   3.364249     1.8926     1.5703     100.00   25.99991  -87.99951   -0.00016   -0.00033     4.6662     4.6766     4.1368     4.1374    34.9706    34.9696    27.7484    27.7475    1504.44    202.764    203.219         30 0.0000e+00
      67987   2832.737   1947.030   1969.000     4.3006     4.3013   3.365079   3.365046     1.8900     1.5682     100.00   25.99975  -87.99891   -0.00005   -0.00017     4.6710     4.6830     4.1318     4.1324    34.9707    34.9697    27.7490    27.7481    1504.37    202.975    203.497         32 0.0000e+00
      68270   2844.552   1957.856   1980.000     4.3011     4.3017   3.365613   3.365590     1.8887     1.5677     100.00   26.00017  -88.00029   -0.00006    0.00001     4.6724     4.6875     4.1311     4.1318    34.9714    34.9704    27.7496    27.7488    1504.38    203.037    203.693         33 0.0000e+00
      68397   2849.842   1962.777   1985.000     4.3013     4.3020   3.365849   3.365811     1.8879     1.5666     100.00   26.00016  -88.00024   -0.00010   -0.00033     4.6724     4.6857     4.1309     4.1316    34.9715    34.9703    27.7497    27.7487    1504.36    203.036    203.611         31 0.0000e+00
      69109   2879.516   1990.333   2013.000     4.3006     4.3013   3.366913   3.366883     1.8847     1.5640     100.00   26.00008  -87.99986   -0.00016   -0.00003     4.6764     4.6916     4.1274     4.1280    34.9715    34.9705    27.7501    27.7492    1504.31    203.211    203.869         30 0.0000e+00
      69236   2884.783   1995.253   2018.000     4.3003     4.3010   3.367084   3.367053     1.8842     1.5632     100.00   26.00004  -87.99973   -0.00014   -0.00020     4.6778     4.6912     4.1266     4.1272    34.9714    34.9704    27.7501    27.7493    1504.31    203.270    203.852         33 0.0000e+00
      69949   2914.515   2022.805   2046.000     4.3009     4.3015   3.368256   3.368228     1.8804     1.5596     100.00   25.99992  -87.99920   -0.00013   -0.00016     4.6793     4.6923     4.1243     4.1250    34.9714    34.9704    27.7504    27.7495    1504.26    203.334    203.898         31 0.0000e+00
      70871   2952.906   2058.224   2082.000     4.3009     4.3016   3.369753   3.369720     1.8755     1.5553     100.00   26.00027  -88.00035   -0.00007   -0.00006     4.6813     4.6954     4.1207     4.1214    34.9721    34.9710    27.7513    27.7503    1504.24    203.420    204.036         30 0.0000e+00
      70998   2958.199   2063.142   2087.000     4.3012     4.3019   3.369963   3.369930     1.8751     1.5542     100.00   26.00010  -87.99977   -0.00011   -0.00014     4.6827     4.6937     4.1205     4.1212    34.9719    34.9708    27.7511    27.7502    1504.23    203.484    203.962         35 0.0000e+00
      71123   2963.422   2068.061   2092.000     4.3009     4.3016   3.370136   3.370104     1.8743     1.5533     100.00   26.00004  -87.99958   -0.00013   -0.00010     4.6824     4.6927     4.1197     4.1204    34.9719    34.9708    27.7512    27.7503    1504.21    203.469    203.918         30 0.0000e+00
      71254   2968.858   2072.979   2097.000     4.3004     4.3011   3.370306   3.370270     1.8735     1.5531      86.24   26.00021  -88.00014   -0.00012   -0.00006     4.6823     4.6950     4.1187     4.1193    34.9720    34.9709    27.7514    27.7505    1504.22    203.465    204.016         34 0.0000e+00
      71382   2974.197   2077.898   2102.000     4.2998     4.3006   3.370462   3.370436     1.8731     1.5523     100.00   26.00029  -88.00033   -0.00003   -0.00016     4.6837     4.6945     4.1176     4.1183    34.9722    34.9711    27.7517    27.7508    1504.21    203.527    203.994         32 0.0000e+00
      73376   3057.310   2153.627   2179.000     4.3020     4.3027   3.373753   3.373727     1.8621     1.5421     100.00   26.00022  -88.00002   -0.00001   -0.00016     4.6853     4.6960     4.1119     4.1126    34.9725    34.9715    27.7526    27.7517    1504.18    203.595    204.062         30 0.0000e+00
      73505   3062.680   2158.544   2184.000     4.3023     4.3031   3.373983   3.373958     1.8615     1.5413     100.00   26.00037  -88.00048   -0.00010   -0.00021     4.6860     4.6956     4.1116     4.1124    34.9726    34.9715    27.7526    27.7517    1504.19    203.624    204.044         31 0.0000e+00
      74101   3087.485   2181.158   2207.000     4.3030     4.3038   3.374974   3.374936     1.8581     1.5386     100.00   26.00033  -88.00028   -0.00018   -0.00025     4.6859     4.6975     4.1100     4.1108    34.9728    34.9715    27.7530    27.7519    1504.18    203.619    204.124         30 0.0000e+00
      77005   3208.496   2291.248   2319.000     4.3064     4.3071   3.379721   3.379670     1.8421     1.5238     100.00   26.00018  -87.99949   -0.00015   -0.00003     4.6873     4.6986     4.1017     4.1024    34.9730    34.9717    27.7540    27.7529    1504.23    203.681    204.175         32 0.0000e+00
      77134   3213.884   2296.161   2324.000     4.3062     4.3070   3.379914   3.379881     1.8414     1.5228     100.00   26.00028  -87.99983   -0.00009   -0.00027     4.6873     4.6970     4.1010     4.1018    34.9732    34.9720    27.7542    27.7532    1504.24    203.680    204.103         30 0.0000e+00
      77862   3244.193   2323.674   2352.000     4.3080     4.3088   3.381191   3.381176     1.8375     1.5189     100.00   26.00040  -88.00028   -0.00007    0.00001     4.6877     4.6963     4.0998     4.1007    34.9734    34.9723    27.7545    27.7536    1504.28    203.701    204.073         30 0.0000e+00
      77892   3245.462   2324.657   2353.000     4.3080     4.3088   3.381238   3.381206     1.8373     1.5188     100.00   26.00036  -88.00014   -0.00006   -0.00002     4.6875     4.6965     4.0998     4.1006    34.9734    34.9722    27.7545    27.7535    1504.28    203.689    204.084         30 0.0000e+00
      78803   3283.408   2359.043   2388.000     4.3106     4.3116   3.382873   3.382863     1.8316     1.5140     100.00   26.00043  -88.00045   -0.00027   -0.00002     4.6845     4.6954     4.0986     4.0996    34.9738    34.9726    27.7550    27.7540    1504.33    203.560    204.032         30 0.0000e+00
      79271   3302.929   2376.725   2406.000     4.3108     4.3117   3.383576   3.383550     1.8293     1.5108     100.00   26.00023  -87.99991   -0.00013   -0.00020     4.6857     4.6920     4.0969     4.0978    34.9736    34.9723    27.7550    27.7539    1504.34    203.613    203.887         30 0.0000e+00
      79398   3308.217   2381.636   2411.000     4.3112     4.3121   3.383796   3.383775     1.8287     1.5103     100.00   26.00021  -87.99983   -0.00011   -0.00014     4.6859     4.6927     4.0967     4.0976    34.9735    34.9723    27.7550    27.7539    1504.34    203.618    203.914         32 0.0000e+00
      80320   3346.605   2416.013   2446.000     4.3135     4.3144   3.385411   3.385386     1.8241     1.5062      89.54   26.00029  -88.00016   -0.00003   -0.00013     4.6876     4.6945     4.0953     4.0962    34.9740    34.9728    27.7555    27.7544    1504.41    203.693    203.994         30 0.0000e+00
      80744   3364.277   2431.727   2462.000     4.3136     4.3145   3.386050   3.386027     1.8218     1.5043     100.00   26.00033  -88.00031   -0.00010   -0.00003     4.6875     4.6955     4.0937     4.0946    34.9741    34.9729    27.7557    27.7547    1504.43    203.690    204.039         30 0.0000e+00
      81138   3380.713   2446.456   2477.000     4.3140     4.3149   3.386638   3.386609     1.8196     1.5027     100.00   25.99998  -87.99916   -0.00019   -0.00012     4.6873     4.6973     4.0925     4.0934    34.9737    34.9725    27.7556    27.7545    1504.44    203.680    204.117         31 0.0000e+00
      81170   3382.056   2447.439   2478.000     4.3141     4.3150   3.386720   3.386690     1.8197     1.5021     100.00   26.00026  -88.00012   -0.00022   -0.00009     4.6881     4.6952     4.0925     4.0934    34.9741    34.9729    27.7559    27.7548    1504.46    203.715    204.023         31 0.0000e+00
      81272   3386.291   2451.367   2482.000     4.3143     4.3152   3.386873   3.386849     1.8193     1.5019     100.00   26.00010  -87.99957   -0.00006   -0.00007     4.6888     4.6968     4.0922     4.0932    34.9739    34.9727    27.7557    27.7547    1504.46    203.747    204.095         30 0.0000e+00
      81698   3404.057   2467.077   2498.000     4.3156     4.3164   3.387649   3.387624     1.8173     1.4997     100.00   26.00036  -88.00049   -0.00012   -0.00025     4.6899     4.6960     4.0918     4.0927    34.9744    34.9732    27.7562    27.7551    1504.51    203.795    204.061         31 0.0000e+00
      82203   3425.098   2485.732   2517.000     4.3167     4.3177   3.388488   3.388451     1.8144     1.4970     100.00   26.00017  -87.99991   -0.00005   -0.00006     4.6890     4.6949     4.0909     4.0918    34.9743    34.9729    27.7562    27.7550    1504.54    203.755    204.013         30 0.0000e+00
      82600   3441.633   2500.459   2532.000     4.3179     4.3188   3.389175   3.389157     1.8123     1.4948     100.00   26.00026  -88.00029   -0.00024   -0.00011     4.6887     4.6938     4.0904     4.0914    34.9744    34.9732    27.7563    27.7553    1504.57    203.741    203.964         31 0.0000e+00
      83079   3461.571   2518.129   2550.000     4.3182     4.3191   3.389910   3.389886     1.8100     1.4931     100.00   26.00026  -88.00028   -0.00016   -0.00004     4.6896     4.6969     4.0889     4.0897    34.9745    34.9733    27.7566    27.7555    1504.61    203.781    204.100         30 0.0000e+00
      83182   3465.875   2522.056   2554.000     4.3180     4.3189   3.390035   3.390007     1.8095     1.4921     100.00   26.00020  -88.00005   -0.00011   -0.00017     4.6899     4.6947     4.0882     4.0891    34.9744    34.9731    27.7565    27.7555    1504.62    203.796    204.004         31 0.0000e+00
      83871   3494.596   2547.577   2580.000     4.3201     4.3210   3.391228   3.391208     1.8060     1.4884      91.85   26.00012  -87.99983   -0.00005   -0.00018     4.6904     4.6928     4.0875     4.0884    34.9744    34.9732    27.7566    27.7556    1504.68    203.818    203.920         30 0.0000e+00
      84003   3500.084   2552.484   2585.000     4.3205     4.3214   3.391464   3.391435     1.8050     1.4877     100.00   26.00018  -88.00005   -0.00014   -0.00021     4.6892     4.6927     4.0873     4.0882    34.9745    34.9732    27.7567    27.7556    1504.69    203.762    203.915         31 0.0000e+00
      84266   3511.031   2562.299   2595.000     4.3210     4.3220   3.391892   3.391874     1.8034     1.4867     100.00   26.00008  -87.99978   -0.00017   -0.00010     4.6885     4.6938     4.0868     4.0877    34.9744    34.9732    27.7567    27.7557    1504.71    203.731    203.962         31 0.0000e+00
      84297   3512.345   2563.281   2596.000     4.3211     4.3221   3.391945   3.391923     1.8033     1.4867     100.00   26.00016  -88.00004   -0.00008   -0.00014     4.6885     4.6944     4.0868     4.0877    34.9745    34.9732    27.7568    27.7557    1504.72    203.735    203.989         30 0.0000e+00
      84398   3516.550   2567.206   2600.000     4.3214     4.3224   3.392112   3.392071     1.8026     1.4859     100.00   25.99992  -87.99921   -0.00017   -0.00013     4.6880     4.6932     4.0866     4.0876    34.9743    34.9728    27.7566    27.7554    1504.71    203.714    203.936         31 0.0000e+00
      84531   3522.085   2572.113   2605.000     4.3220     4.3229   3.392360   3.392327     1.8021     1.4850     100.00   26.00002  -87.99957   -0.00014   -0.00014     4.6885     4.6916     4.0866     4.0875    34.9743    34.9730    27.7567    27.7555    1504.73    203.733    203.871         30 0.0000e+00
      84562   3523.367   2573.095   2606.000     4.3221     4.3230   3.392423   3.392384     1.8018     1.4848     100.00   26.00016  -88.00004   -0.00011   -0.00023     4.6879     4.6914     4.0866     4.0875    34.9746    34.9731    27.7569    27.7556    1504.74    203.709    203.860         30 0.0000e+00
