GOMECC/GOMECC-4/1db/drb2103_0671.cnv
* Sea-Bird SBE 9 Data File:
* FileName = C:\Users\scs.user.rb\CTD\GOMECC4\data\rb2103_0671.hex
* Software Version Seasave V 7.26.7.107
* Temperature SN = 4799
* Conductivity SN = 3860
* Number of Bytes Per Scan = 41
* Number of Voltage Words = 4
* Number of Scans Averaged by the Deck Unit = 1
* NMEA Latitude = 26 03.51 N
* NMEA Longitude = 095 50.44 W
* NMEA UTC (Time) = Oct 03 2021  02:51:18
* NMEA baud rate = 4800
# nquan = 28
# nvalues = 252                         
# units = specified
# name 0 = scan: Scan Count
# name 1 = timeS: Time, Elapsed [seconds]
# name 2 = depSM: Depth [salt water, m]
# name 3 = prDM: Pressure, Digiquartz [db]
# name 4 = t090C: Temperature [ITS-90, deg C]
# name 5 = t190C: Temperature, 2 [ITS-90, deg C]
# name 6 = c0S/m: Conductivity [S/m]
# name 7 = c1S/m: Conductivity, 2 [S/m]
# name 8 = sbeox0V: Oxygen raw, SBE 43 [V]
# name 9 = sbeox1V: Oxygen raw, SBE 43, 2 [V]
# name 10 = altM: Altimeter [m]
# name 11 = latitude: Latitude [deg]
# name 12 = longitude: Longitude [deg]
# name 13 = sbox0dV/dT: Oxygen, SBE 43 [dov/dt]
# name 14 = sbox1dV/dT: Oxygen, SBE 43, 2 [dov/dt]
# name 15 = sbeox0ML/L: Oxygen, SBE 43 [ml/l], WS = 5
# name 16 = sbeox1ML/L: Oxygen, SBE 43, 2 [ml/l], WS = 5
# name 17 = potemp090C: Potential Temperature [ITS-90, deg C]
# name 18 = potemp190C: Potential Temperature, 2 [ITS-90, deg C]
# name 19 = sal00: Salinity, Practical [PSU]
# name 20 = sal11: Salinity, Practical, 2 [PSU]
# name 21 = sigma-é00: Density [sigma-theta, kg/m^3]
# name 22 = sigma-é11: Density, 2 [sigma-theta, kg/m^3]
# name 23 = avgsvCM: Average Sound Velocity [Chen-Millero, m/s], minP = 20, minS = 20
# name 24 = sbox0Mm/Kg: Oxygen, SBE 43 [umol/kg], WS = 5
# name 25 = sbox1Mm/Kg: Oxygen, SBE 43, 2 [umol/kg], WS = 5
# name 26 = nbin: number of scans per bin
# name 27 = flag: flag
# span 0 =      19873,      54307       
# span 1 =    827.988,   2262.747       
# span 2 =      3.974,   1116.639       
# span 3 =      4.000,   1127.000       
# span 4 =     4.8086,    29.3494       
# span 5 =     4.8092,    29.3513       
# span 6 =   3.373574,   5.844348       
# span 7 =   3.373592,   5.844657       
# span 8 =     1.5777,     3.3739       
# span 9 =     1.2845,     2.8937       
# span 10 =      10.01,     100.55      
# span 11 =   26.05029,   26.06021      
# span 12 =  -95.84466,  -95.80993      
# span 13 =   -0.04171,    0.03707      
# span 14 =   -0.04068,    0.03785      
# span 15 =     2.4158,     5.0504      
# span 16 =     2.4404,     5.0734      
# span 17 =     4.7146,    29.3465      
# span 18 =     4.7152,    29.3484      
# span 19 =    34.9104,    36.4991      
# span 20 =    34.9099,    36.5006      
# span 21 =    22.1846,    27.6648      
# span 22 =    22.1852,    27.6644      
# span 23 =       0.00,    1544.94      
# span 24 =    105.046,    220.312      
# span 25 =    106.116,    221.279      
# span 26 =         30,         67      
# span 27 = 0.0000e+00, 0.0000e+00      
# interval = decibars: 1                
# start_time = Oct 03 2021 02:51:18 [NMEA time, header]
# bad_flag = -9.990e-29
*END*
[from data line 208]
      39371   1640.396    661.595    667.000     6.7664     6.7671   3.528911   3.528931     1.6591     1.3611      99.99   26.05778  -95.83566    0.00098    0.00095     2.9590     2.9926     6.7031     6.7038    34.9119    34.9114    27.3902    27.3898    1506.22    128.627    130.089         30 0.0000e+00
      39404   1641.797    662.585    668.000     6.7663     6.7669   3.529104   3.529123     1.6606     1.3625     100.00   26.05910  -95.84052    0.00123    0.00121     2.9642     2.9978     6.7029     6.7035    34.9138    34.9134    27.3918    27.3914    1506.27    128.850    130.314         32 0.0000e+00
      39530   1647.060    667.537    673.000     6.7634     6.7639   3.529146   3.529165     1.6620     1.3640     100.00   26.05972  -95.84282    0.00011    0.00010     2.9709     3.0049     6.6995     6.7000    34.9148    34.9145    27.3931    27.3928    1506.18    129.141    130.619         30 0.0000e+00
      40776   1698.955    715.065    721.000     6.4804     6.4814   3.504901   3.504954     1.6801     1.3798      96.97   26.05875  -95.83915    0.00026    0.00041     3.0699     3.1011     6.4132     6.4142    34.9104    34.9099    27.4280    27.4275    1504.94    133.441    134.798         30 0.0000e+00
      41635   1734.738    747.734    754.000     6.2305     6.2312   3.483542   3.483572     1.7024     1.4024     100.00   26.05928  -95.84099    0.00082    0.00094     3.1761     3.2142     6.1615     6.1622    34.9111    34.9106    27.4616    27.4612    1504.22    138.055    139.708         30 0.0000e+00
      42283   1761.762    772.480    779.000     6.0464     6.0468   3.467962   3.467961     1.7212     1.4201      66.06   26.05934  -95.84113    0.00071    0.00101     3.2636     3.3032     5.9761     5.9765    34.9125    34.9120    27.4866    27.4862    1503.69    141.854    143.573         31 0.0000e+00
      42412   1767.135    777.429    784.000     6.0110     6.0119   3.465194   3.465207     1.7259     1.4242     100.00   26.05900  -95.83990    0.00078    0.00087     3.2848     3.3232     5.9404     5.9412    34.9124    34.9120    27.4911    27.4906    1503.58    142.772    144.442         30 0.0000e+00
      42620   1775.772    785.347    792.000     5.9539     5.9543   3.460102   3.460112     1.7330     1.4307     100.00   26.05857  -95.83830    0.00080    0.00081     3.3160     3.3545     5.8828     5.8832    34.9125    34.9122    27.4985    27.4982    1503.38    144.127    145.804         30 0.0000e+00
      42956   1789.794    798.212    805.000     5.9218     5.9220   3.457796   3.457780     1.7381     1.4346     100.00   26.05859  -95.83838    0.00015    0.00034     3.3411     3.3770     5.8497     5.8499    34.9131    34.9127    27.5032    27.5028    1503.13    145.221    146.781         31 0.0000e+00
      42989   1791.146    799.202    806.000     5.9129     5.9143   3.457090   3.457125     1.7384     1.4351     100.00   26.05916  -95.84048    0.00014    0.00036     3.3434     3.3799     5.8407     5.8422    34.9138    34.9135    27.5049    27.5044    1503.13    145.318    146.905         30 0.0000e+00
      43085   1795.177    803.161    810.000     5.8942     5.8947   3.455500   3.455512     1.7408     1.4371     100.00   26.05840  -95.83770    0.00061    0.00057     3.3548     3.3905     5.8218     5.8223    34.9131    34.9127    27.5067    27.5063    1503.01    145.815    147.365         32 0.0000e+00
      43244   1801.780    809.099    816.000     5.8696     5.8718   3.453648   3.453795     1.7436     1.4396      93.32   26.05929  -95.84095    0.00037    0.00027     3.3688     3.4040     5.7968     5.7990    34.9146    34.9140    27.5111    27.5103    1502.95    146.422    147.950         32 0.0000e+00
      43553   1814.683    820.974    828.000     5.8376     5.8394   3.451288   3.451409     1.7481     1.4439      85.68   26.05911  -95.84021   -0.00007   -0.00004     3.3919     3.4279     5.7638     5.7656    34.9149    34.9145    27.5154    27.5148    1502.72    147.428    148.988         32 0.0000e+00
      43682   1820.040    825.921    833.000     5.8319     5.8324   3.450997   3.450999     1.7496     1.4450     100.00   26.05916  -95.84039    0.00029    0.00014     3.3994     3.4346     5.7577     5.7582    34.9150    34.9146    27.5163    27.5159    1502.63    147.750    149.282         33 0.0000e+00
      44074   1836.373    840.764    848.000     5.7749     5.7762   3.446566   3.446646     1.7541     1.4497     100.00   26.05946  -95.84147    0.00068    0.00075     3.4262     3.4633     5.6996     5.7009    34.9162    34.9158    27.5245    27.5240    1502.38    148.914    150.526         30 0.0000e+00
      44201   1841.659    845.711    853.000     5.7526     5.7531   3.444796   3.444804     1.7563     1.4512      88.25   26.05938  -95.84117    0.00034    0.00021     3.4380     3.4732     5.6770     5.6775    34.9167    34.9163    27.5277    27.5273    1502.29    149.429    150.957         30 0.0000e+00
      45053   1877.171    878.359    886.000     5.6280     5.6284   3.435011   3.435005     1.7730     1.4664     100.00   26.05808  -95.83639    0.00065    0.00040     3.5203     3.5548     5.5501     5.5505    34.9178    34.9174    27.5442    27.5438    1501.67    153.001    154.501         33 0.0000e+00
      45087   1878.598    879.349    887.000     5.6268     5.6272   3.435070   3.435086     1.7735     1.4664     100.00   26.05918  -95.84044    0.00061    0.00042     3.5224     3.5553     5.5488     5.5492    34.9193    34.9191    27.5456    27.5454    1501.71    153.093    154.522         30 0.0000e+00
      45182   1882.547    883.306    891.000     5.6082     5.6086   3.433510   3.433506     1.7740     1.4678     100.00   26.05838  -95.83751    0.00012    0.00038     3.5278     3.5642     5.5300     5.5304    34.9187    34.9183    27.5474    27.5470    1501.61    153.327    154.910         30 0.0000e+00
      45215   1883.904    884.295    892.000     5.6004     5.6006   3.433160   3.433144     1.7745     1.4686     100.00   26.05918  -95.84044    0.00019    0.00033     3.5311     3.5694     5.5221     5.5223    34.9200    34.9194    27.5494    27.5489    1501.64    153.473    155.135         31 0.0000e+00
      45732   1905.452    904.080    912.000     5.4736     5.4739   3.422593   3.422582     1.7909     1.4843     100.00   26.05967  -95.84225    0.00177    0.00165     3.6075     3.6471     5.3943     5.3946    34.9230    34.9225    27.5674    27.5670    1501.35    156.788    158.510         35 0.0000e+00
      45858   1910.694    909.025    917.000     5.4684     5.4688   3.422299   3.422301     1.7949     1.4874      93.72   26.05899  -95.83976    0.00069    0.00053     3.6238     3.6611     5.3886     5.3890    34.9229    34.9225    27.5680    27.5676    1501.24    157.497    159.118         33 0.0000e+00
      47102   1962.525    956.498    965.000     5.2904     5.2913   3.408667   3.408697     1.8193     1.5092     100.00   26.05842  -95.83757    0.00025   -0.00035     3.7476     3.7825     5.2075     5.2083    34.9277    34.9271    27.5935    27.5930    1500.53    162.872    164.391         31 0.0000e+00
      47261   1969.166    962.431    971.000     5.2831     5.2835   3.408398   3.408391     1.8194     1.5101      89.38   26.05946  -95.84140   -0.00002    0.00017     3.7517     3.7894     5.1997     5.2000    34.9292    34.9288    27.5957    27.5953    1500.51    163.050    164.689         30 0.0000e+00
      47387   1974.425    967.376    976.000     5.2732     5.2737   3.407689   3.407708     1.8203     1.5105     100.00   26.05903  -95.83985    0.00016    0.00009     3.7581     3.7942     5.1894     5.1899    34.9289    34.9286    27.5967    27.5963    1500.41    163.329    164.901         30 0.0000e+00
      47725   1988.518    980.230    989.000     5.2319     5.2326   3.404651   3.404670     1.8252     1.5153     100.00   26.05916  -95.84033    0.00033    0.00029     3.7855     3.8227     5.1472     5.1478    34.9305    34.9301    27.6029    27.6025    1500.25    164.518    166.134         30 0.0000e+00
      48115   2004.750    995.062   1004.000     5.2079     5.2094   3.403166   3.403254     1.8271     1.5166      81.90   26.05893  -95.83947    0.00008    0.00002     3.8021     3.8376     5.1220     5.1234    34.9313    34.9308    27.6065    27.6059    1500.06    165.241    166.782         30 0.0000e+00
      48562   2023.360   1011.869   1021.000     5.1299     5.1302   3.397093   3.397100     1.8378     1.5283     100.00   26.05928  -95.84075    0.00105    0.00092     3.8556     3.8982     5.0429     5.0432    34.9339    34.9337    27.6179    27.6177    1499.88    167.563    169.414         30 0.0000e+00
      49642   2068.355   1052.400   1062.000     5.0736     5.0737   3.394000   3.393973     1.8473     1.5354      75.45   26.05949  -95.84143   -0.00002   -0.00002     3.9150     3.9515     4.9834     4.9834    34.9366    34.9362    27.6270    27.6267    1499.43    170.145    171.731         31 0.0000e+00
      49928   2080.311   1063.272   1073.000     5.0628     5.0631   3.393499   3.393473     1.8462     1.5347      64.42   26.05920  -95.84036   -0.00007    0.00000     3.9180     3.9558     4.9716     4.9719    34.9366    34.9360    27.6284    27.6279    1499.30    170.272    171.917         30 0.0000e+00
      50036   2084.805   1067.226   1077.000     5.0451     5.0444   3.392150   3.392056     1.8463     1.5348      60.36   26.05965  -95.84201    0.00001    0.00000     3.9223     3.9601     4.9536     4.9530    34.9375    34.9370    27.6311    27.6309    1499.29    170.458    172.102         32 0.0000e+00
      50136   2088.956   1071.179   1081.000     5.0334     5.0343   3.391198   3.391228     1.8484     1.5364      56.31   26.05867  -95.83843    0.00053    0.00048     3.9330     3.9693     4.9417     4.9426    34.9367    34.9362    27.6319    27.6314    1499.20    170.925    172.503         33 0.0000e+00
      50321   2096.659   1078.098   1088.000     4.9921     4.9937   3.387891   3.388000     1.8515     1.5410      49.43   26.05886  -95.83912    0.00057    0.00064     3.9520     3.9947     4.9001     4.9016    34.9383    34.9378    27.6380    27.6374    1499.13    171.750    173.605         30 0.0000e+00
      50352   2097.975   1079.087   1089.000     4.9867     4.9873   3.387511   3.387522     1.8526     1.5418      48.26   26.05923  -95.84044    0.00067    0.00048     3.9567     3.9989     4.8946     4.8952    34.9390    34.9384    27.6392    27.6387    1499.15    171.955    173.787         31 0.0000e+00
      50479   2103.263   1084.028   1094.000     4.9610     4.9613   3.385474   3.385460     1.8564     1.5453      43.37   26.05913  -95.84006    0.00085    0.00066     3.9754     4.0177     4.8687     4.8690    34.9398    34.9393    27.6428    27.6424    1499.09    172.767    174.602         32 0.0000e+00
      50635   2109.730   1089.957   1100.000     4.9482     4.9483   3.384576   3.384556     1.8607     1.5486      37.38   26.05872  -95.83858    0.00068    0.00041     3.9951     4.0348     4.8554     4.8555    34.9398    34.9394    27.6443    27.6440    1499.01    173.622    175.348         32 0.0000e+00
      50668   2111.109   1090.946   1101.000     4.9444     4.9446   3.384353   3.384330     1.8611     1.5489      36.35   26.05924  -95.84044    0.00049    0.00029     3.9973     4.0370     4.8515     4.8518    34.9407    34.9402    27.6455    27.6451    1499.03    173.718    175.442         31 0.0000e+00
      50765   2115.153   1094.899   1105.000     4.9364     4.9366   3.383723   3.383697     1.8624     1.5505      32.48   26.05830  -95.83698    0.00033    0.00035     4.0051     4.0460     4.8432     4.8435    34.9397    34.9392    27.6457    27.6452    1498.94    174.054    175.832         30 0.0000e+00
      50797   2116.508   1095.887   1106.000     4.9341     4.9347   3.383661   3.383655     1.8629     1.5500      31.45   26.05924  -95.84043    0.00036    0.00020     4.0076     4.0452     4.8409     4.8415    34.9411    34.9406    27.6470    27.6465    1498.98    174.166    175.797         30 0.0000e+00
      51235   2134.743   1110.710   1121.000     4.8762     4.8768   3.379043   3.379050     1.8715     1.5588      16.22   26.05718  -95.83286    0.00097    0.00075     4.0521     4.0928     4.7821     4.7827    34.9404    34.9400    27.6532    27.6527    1498.73    176.097    177.867         57 0.0000e+00
      51334   2138.883   1111.699   1122.000     4.8732     4.8771   3.379064   3.379369     1.8734     1.5595      15.26   26.05924  -95.84042    0.00055    0.00026     4.0596     4.0961     4.7790     4.7828    34.9435    34.9429    27.6560    27.6551    1498.84    176.422    178.008         34 0.0000e+00
      51489   2145.319   1112.687   1123.000     4.8789     4.8850   3.379602   3.380229     1.8745     1.5598      14.25   26.05924  -95.84042    0.00031    0.00016     4.0633     4.0971     4.7846     4.7907    34.9433    34.9426    27.6552    27.6540    1498.83    176.585    178.051         58 0.0000e+00
      51941   2164.170   1115.651   1126.000     4.8086     4.8092   3.373574   3.373592     1.8813     1.5675      11.25   26.05898  -95.83945    0.00116    0.00107     4.0971     4.1362     4.7146     4.7152    34.9453    34.9449    27.6648    27.6644    1498.78    178.051    179.750         33 0.0000e+00
      54307   2262.747   1116.639   1127.000     4.8411     4.8480   3.376641   3.377009     1.8819     1.5666      10.01   26.05927  -95.84041   -0.00028   -0.00020     4.0953     4.1289     4.7467     4.7536    34.9449    34.9437    27.6608    27.6591    1498.79    177.975    179.432         57 0.0000e+00
