GOMECC/GOMECC-4/1db/drb2103_1301.cnv
* Sea-Bird SBE 9 Data File:
* FileName = C:\Users\scs.user.rb\CTD\GOMECC4\data\rb2103_1301.hex
* Software Version Seasave V 7.26.7.107
* Temperature SN = 4799
* Conductivity SN = 3860
* Number of Bytes Per Scan = 41
* Number of Voltage Words = 4
* Number of Scans Averaged by the Deck Unit = 1
* NMEA Latitude = 26 52.73 N
* NMEA Longitude = 082 53.32 W
* NMEA UTC (Time) = Oct 19 2021  07:34:17
* NMEA baud rate = 4800
# nquan = 28
# nvalues = 20                          
# units = specified
# name 0 = scan: Scan Count
# name 1 = timeS: Time, Elapsed [seconds]
# name 2 = depSM: Depth [salt water, m]
# name 3 = prDM: Pressure, Digiquartz [db]
# name 4 = t090C: Temperature [ITS-90, deg C]
# name 5 = t190C: Temperature, 2 [ITS-90, deg C]
# name 6 = c0S/m: Conductivity [S/m]
# name 7 = c1S/m: Conductivity, 2 [S/m]
# name 8 = sbeox0V: Oxygen raw, SBE 43 [V]
# name 9 = sbeox1V: Oxygen raw, SBE 43, 2 [V]
# name 10 = altM: Altimeter [m]
# name 11 = latitude: Latitude [deg]
# name 12 = longitude: Longitude [deg]
# name 13 = sbox0dV/dT: Oxygen, SBE 43 [dov/dt]
# name 14 = sbox1dV/dT: Oxygen, SBE 43, 2 [dov/dt]
# name 15 = sbeox0ML/L: Oxygen, SBE 43 [ml/l], WS = 5
# name 16 = sbeox1ML/L: Oxygen, SBE 43, 2 [ml/l], WS = 5
# name 17 = potemp090C: Potential Temperature [ITS-90, deg C]
# name 18 = potemp190C: Potential Temperature, 2 [ITS-90, deg C]
# name 19 = sal00: Salinity, Practical [PSU]
# name 20 = sal11: Salinity, Practical, 2 [PSU]
# name 21 = sigma-é00: Density [sigma-theta, kg/m^3]
# name 22 = sigma-é11: Density, 2 [sigma-theta, kg/m^3]
# name 23 = avgsvCM: Average Sound Velocity [Chen-Millero, m/s], minP = 20, minS = 20
# name 24 = sbox0Mm/Kg: Oxygen, SBE 43 [umol/kg], WS = 5
# name 25 = sbox1Mm/Kg: Oxygen, SBE 43, 2 [umol/kg], WS = 5
# name 26 = nbin: number of scans per bin
# name 27 = flag: flag
# span 0 =       6595,       9513       
# span 1 =    274.769,    396.346       
# span 2 =      4.967,     26.821       
# span 3 =      5.000,     27.000       
# span 4 =    28.5925,    28.7214       
# span 5 =    28.5936,    28.7228       
# span 6 =   5.833529,   5.860086       
# span 7 =   5.833781,   5.860391       
# span 8 =     3.0909,     3.1091       
# span 9 =     2.6145,     2.6247       
# span 10 =       4.85,      26.18      
# span 11 =   26.87894,   26.99323      
# span 12 =  -83.24115,  -82.88868      
# span 13 =   -0.00266,    0.00159      
# span 14 =   -0.00144,    0.00074      
# span 15 =     4.3081,     4.3388      
# span 16 =     4.2870,     4.3109      
# span 17 =    28.5913,    28.7149      
# span 18 =    28.5924,    28.7163      
# span 19 =    36.0266,    36.1800      
# span 20 =    36.0277,    36.1811      
# span 21 =    22.9693,    23.0688      
# span 22 =    22.9696,    23.0691      
# span 23 =       0.00,    1569.02      
# span 24 =    188.078,    189.422      
# span 25 =    187.156,    188.201      
# span 26 =         39,         76      
# span 27 = 0.0000e+00, 0.0000e+00      
# interval = decibars: 1                
# start_time = Oct 19 2021 07:34:17 [NMEA time, header]
# bad_flag = -9.990e-29
*END*
       6595    274.769      4.967      5.000    28.5925    28.5936   5.833529   5.833781     3.0999     2.6171      26.18   26.87899  -82.88868   -0.00007   -0.00114     4.3165     4.2890    28.5913    28.5924    36.0268    36.0280    22.9718    22.9723       0.00    188.447    187.245         42 0.0000e+00
       6668    277.787      5.961      6.000    28.5942    28.5967   5.833746   5.834224     3.0994     2.6188      25.25   26.87898  -82.88868    0.00009    0.00074     4.3160     4.2927    28.5928    28.5953    36.0267    36.0278    22.9712    22.9712       0.00    188.423    187.407         59 0.0000e+00
       6746    281.031      6.954      7.000    28.5998    28.6001   5.834333   5.834578     3.1013     2.6194      24.29   26.87898  -82.88870   -0.00002    0.00015     4.3197     4.2942    28.5981    28.5984    36.0266    36.0277    22.9693    22.9701       0.00    188.584    187.471         54 0.0000e+00
       6814    283.869      7.947      8.000    28.5971    28.5971   5.834191   5.834370     3.1018     2.6190      23.28   26.87898  -82.88870    0.00047    0.00027     4.3212     4.2941    28.5952    28.5952    36.0267    36.0279    22.9704    22.9713       0.00    188.650    187.468         43 0.0000e+00
       6901    287.494      8.941      9.000    28.6001    28.6021   5.834518   5.834851     3.1005     2.6169      22.23   26.87898  -82.88870   -0.00044   -0.00028     4.3193     4.2899    28.5979    28.5999    36.0266    36.0277    22.9694    22.9696       0.00    188.569    187.284         39 0.0000e+00
       6959    289.923      9.934     10.000    28.5950    28.5975   5.834000   5.834454     3.1000     2.6150      21.38   26.87898  -82.88870    0.00015   -0.00144     4.3192     4.2870    28.5926    28.5951    36.0267    36.0279    22.9713    22.9713       0.00    188.564    187.156         42 0.0000e+00
       7042    293.386     10.927     11.000    28.5957    28.5969   5.834140   5.834440     3.1002     2.6185      20.27   26.87898  -82.88870    0.00009    0.00050     4.3200     4.2947    28.5931    28.5943    36.0268    36.0279    22.9712    22.9716       0.00    188.598    187.493         65 0.0000e+00
       7114    296.381     11.921     12.000    28.5963    28.5978   5.834245   5.834605     3.1011     2.6194      19.31   26.87897  -82.88870    0.00028    0.00067     4.3222     4.2969    28.5934    28.5949    36.0268    36.0279    22.9710    22.9714       0.00    188.694    187.590         76 0.0000e+00
       7186    299.386     12.914     13.000    28.5958    28.5971   5.834236   5.834543     3.1000     2.6182      18.36   26.87896  -82.88870   -0.00024   -0.00029     4.3207     4.2950    28.5927    28.5940    36.0267    36.0279    22.9713    22.9717       0.00    188.628    187.507         72 0.0000e+00
       7262    302.526     13.908     14.000    28.5965    28.5975   5.834348   5.834634     3.0976     2.6170      17.40   26.87896  -82.88870   -0.00065   -0.00019     4.3167     4.2931    28.5932    28.5941    36.0267    36.0280    22.9711    22.9717       0.00    188.454    187.422         66 0.0000e+00
       7328    305.278     14.901     15.000    28.5974    28.5981   5.834510   5.834732     3.0993     2.6183      16.42   26.87896  -82.88870   -0.00010   -0.00025     4.3203     4.2961    28.5938    28.5945    36.0268    36.0279    22.9709    22.9715       0.00    188.612    187.556         57 0.0000e+00
       7403    308.419     15.894     16.000    28.5972    28.5979   5.834524   5.834747     3.0985     2.6166      15.49   26.87896  -82.88870   -0.00019   -0.00031     4.3194     4.2933    28.5933    28.5940    36.0269    36.0279    22.9711    22.9717       0.00    188.572    187.434         61 0.0000e+00
       7475    311.417     16.888     17.000    28.5970    28.5980   5.834553   5.834819     3.1001     2.6176      14.54   26.87896  -82.88870    0.00038    0.00012     4.3227     4.2958    28.5929    28.5939    36.0268    36.0279    22.9712    22.9718       0.00    188.718    187.541         49 0.0000e+00
       7541    314.148     17.881     18.000    28.5984    28.5993   5.834737   5.834990     3.0977     2.6186      13.58   26.87896  -82.88870   -0.00046    0.00057     4.3189     4.2982    28.5941    28.5949    36.0268    36.0279    22.9708    22.9714       0.00    188.549    187.649         53 0.0000e+00
       7616    317.304     18.874     19.000    28.5985    28.5992   5.834785   5.835030     3.0976     2.6192      12.57   26.87895  -82.88870   -0.00060    0.00022     4.3193     4.3000    28.5939    28.5946    36.0268    36.0279    22.9709    22.9715       0.00    188.566    187.726         50 0.0000e+00
       7685    320.184     19.868     20.000    28.5982    28.5995   5.834784   5.835082     3.0978     2.6174      11.61   26.87894  -82.88870    0.00074   -0.00046     4.3201     4.2968    28.5934    28.5947    36.0267    36.0278    22.9710    22.9714     756.84    188.605    187.587         51 0.0000e+00
       7754    323.025     20.861     21.000    28.5985    28.5996   5.834877   5.835168     3.0909     2.6162      10.69   26.87894  -82.88870   -0.00266   -0.00087     4.3081     4.2949    28.5935    28.5946    36.0268    36.0280    22.9710    22.9716    1569.02    188.078    187.503         52 0.0000e+00
       7833    326.347     21.854     22.000    28.5990    28.6000   5.834973   5.835252     3.0961     2.6145       9.70   26.87894  -82.88870    0.00159   -0.00048     4.3179     4.2920    28.5937    28.5947    36.0268    36.0280    22.9709    22.9715    1544.06    188.509    187.374         46 0.0000e+00
       7899    329.093     22.848     23.000    28.5989    28.6005   5.835012   5.835347     3.0956     2.6168       8.75   26.87894  -82.88870   -0.00053   -0.00002     4.3176     4.2972    28.5934    28.5950    36.0269    36.0280    22.9711    22.9714    1544.06    188.492    187.602         64 0.0000e+00
       9513    396.346     26.821     27.000    28.7214    28.7228   5.860086   5.860391     3.1091     2.6247       4.85   26.99323  -83.24115    0.00098   -0.00039     4.3388     4.3109    28.7149    28.7163    36.1800    36.1811    23.0688    23.0691    1550.64    189.422    188.201         41 0.0000e+00
