GOMECC/GOMECC-4/1db/drb2103_1151.cnv
* Sea-Bird SBE 9 Data File:
* FileName = C:\Users\scs.user.rb\CTD\GOMECC4\data\rb2103_1151.hex
* Software Version Seasave V 7.26.7.107
* Temperature SN = 4799
* Conductivity SN = 3860
* Number of Bytes Per Scan = 41
* Number of Voltage Words = 4
* Number of Scans Averaged by the Deck Unit = 1
* NMEA Latitude = 21 56.87 N
* NMEA Longitude = 086 59.51 W
* NMEA UTC (Time) = Oct 15 2021  16:29:06
* NMEA baud rate = 4800
# nquan = 28
# nvalues = 14                          
# units = specified
# name 0 = scan: Scan Count
# name 1 = timeS: Time, Elapsed [seconds]
# name 2 = depSM: Depth [salt water, m]
# name 3 = prDM: Pressure, Digiquartz [db]
# name 4 = t090C: Temperature [ITS-90, deg C]
# name 5 = t190C: Temperature, 2 [ITS-90, deg C]
# name 6 = c0S/m: Conductivity [S/m]
# name 7 = c1S/m: Conductivity, 2 [S/m]
# name 8 = sbeox0V: Oxygen raw, SBE 43 [V]
# name 9 = sbeox1V: Oxygen raw, SBE 43, 2 [V]
# name 10 = altM: Altimeter [m]
# name 11 = latitude: Latitude [deg]
# name 12 = longitude: Longitude [deg]
# name 13 = sbox0dV/dT: Oxygen, SBE 43 [dov/dt]
# name 14 = sbox1dV/dT: Oxygen, SBE 43, 2 [dov/dt]
# name 15 = sbeox0ML/L: Oxygen, SBE 43 [ml/l], WS = 5
# name 16 = sbeox1ML/L: Oxygen, SBE 43, 2 [ml/l], WS = 5
# name 17 = potemp090C: Potential Temperature [ITS-90, deg C]
# name 18 = potemp190C: Potential Temperature, 2 [ITS-90, deg C]
# name 19 = sal00: Salinity, Practical [PSU]
# name 20 = sal11: Salinity, Practical, 2 [PSU]
# name 21 = sigma-é00: Density [sigma-theta, kg/m^3]
# name 22 = sigma-é11: Density, 2 [sigma-theta, kg/m^3]
# name 23 = avgsvCM: Average Sound Velocity [Chen-Millero, m/s], minP = 20, minS = 20
# name 24 = sbox0Mm/Kg: Oxygen, SBE 43 [umol/kg], WS = 5
# name 25 = sbox1Mm/Kg: Oxygen, SBE 43, 2 [umol/kg], WS = 5
# name 26 = nbin: number of scans per bin
# name 27 = flag: flag
# span 0 =      22886,      24154       
# span 1 =    953.561,   1006.389       
# span 2 =      5.963,     20.868       
# span 3 =      6.000,     21.000       
# span 4 =    23.5106,    28.3650       
# span 5 =    23.4208,    28.3669       
# span 6 =   5.334549,   5.847952       
# span 7 =   5.314957,   5.848246       
# span 8 =     2.7489,     3.0990       
# span 9 =     2.3242,     2.6205       
# span 10 =       9.07,      23.68      
# span 11 =   21.66353,   21.94894      
# span 12 =  -86.99295,  -85.86173      
# span 13 =   -0.01667,   -0.00046      
# span 14 =   -0.01385,   -0.00062      
# span 15 =     4.0449,     4.3723      
# span 16 =     4.0247,     4.3625      
# span 17 =    23.5188,    28.3636      
# span 18 =    23.4166,    28.3655      
# span 19 =    36.2717,    36.5985      
# span 20 =    36.1214,    36.6002      
# span 21 =    23.2533,    24.9520      
# span 22 =    23.2535,    24.9522      
# span 23 =       0.00,    1525.26      
# span 24 =    176.247,    190.581      
# span 25 =    175.372,    190.149      
# span 26 =         32,         72      
# span 27 = 0.0000e+00, 0.0000e+00      
# interval = decibars: 1                
# start_time = Oct 15 2021 16:29:06 [NMEA time, header]
# bad_flag = -9.990e-29
*END*
      22886    953.561      5.963      6.000    28.3650    28.3669   5.847952   5.848246     3.0990     2.6205      23.68   21.94894  -86.99294   -0.00057   -0.00062     4.3260     4.3068    28.3636    28.3655    36.3007    36.3015    23.2533    23.2535       0.00    188.807    187.971         49 0.0000e+00
      22962    956.699      6.956      7.000    28.2276    28.2268   5.834326   5.834595     3.0927     2.6161      22.88   21.94894  -86.99294   -0.00170   -0.00130     4.3256     4.3077    28.2259    28.2252    36.3107    36.3117    23.3063    23.3067       0.00    188.783    188.000         53 0.0000e+00
      23034    959.712      7.950      8.000    27.9331    27.9333   5.805565   5.805663     3.0789     2.6059      21.89   21.94894  -86.99294   -0.00403   -0.00275     4.3228     4.3076    27.9312    27.9314    36.3349    36.3354    23.4214    23.4217       0.00    188.640    187.973         64 0.0000e+00
      23104    962.615      8.944      9.000    27.4028    27.3955   5.753811   5.753035     3.0573     2.5885      20.94   21.94894  -86.99294   -0.00718   -0.00532     4.3232     4.3099    27.4007    27.3934    36.3789    36.3791    23.6274    23.6299       0.00    188.619    188.038         71 0.0000e+00
      23171    965.411      9.938     10.000    26.6328    26.6311   5.677693   5.677412     3.0317     2.5676      19.97   21.94894  -86.99294   -0.00879   -0.00736     4.3342     4.3211    26.6305    26.6289    36.4356    36.4348    23.9174    23.9174       0.00    189.045    188.475         66 0.0000e+00
      23243    968.425     10.931     11.000    25.6861    25.6810   5.582571   5.582169     3.0067     2.5481      18.91   21.94894  -86.99295   -0.00845   -0.00677     4.3601     4.3490    25.6836    25.6786    36.4931    36.4942    24.2589    24.2613       0.00    190.111    189.627         70 0.0000e+00
      23311    971.249     11.925     12.000    24.7152    24.7093   5.484221   5.483782     2.9740     2.5218      17.92   21.94894  -86.99295   -0.01056   -0.00810     4.3723     4.3625    24.7126    24.7067    36.5447    36.5461    24.5967    24.5996       0.00    190.581    190.149         60 0.0000e+00
      23385    974.347     12.919     13.000    24.2295    24.2267   5.434082   5.434227     2.9248     2.4803      16.95   21.94894  -86.99294   -0.01571   -0.01385     4.3156     4.3102    24.2267    24.2239    36.5625    36.5659    24.7570    24.7604       0.00    188.079    187.842         65 0.0000e+00
      23452    977.124     13.912     14.000    24.1694    24.1716   5.428503   5.429133     2.8811     2.4460      15.99   21.94894  -86.99294   -0.01667   -0.01306     4.2363     4.2415    24.1664    24.1686    36.5691    36.5720    24.7801    24.7816       0.00    184.620    184.845         72 0.0000e+00
      23517    979.833     14.906     15.000    24.1914    24.1956   5.431629   5.432770     2.8720     2.4375      14.99   21.94894  -86.99294   -0.00410   -0.00368     4.2171     4.2212    24.1882    24.1924    36.5712    36.5754    24.7751    24.7771       0.00    183.783    183.960         49 0.0000e+00
      23598    983.201     15.900     16.000    24.1289    24.1240   5.425399   5.425189     2.8698     2.4286      14.04   21.94894  -86.99293   -0.00046   -0.00224     4.2194     4.2082    24.1255    24.1206    36.5775    36.5803    24.7987    24.8023       0.00    183.880    183.389         37 0.0000e+00
      23650    985.367     16.893     17.000    24.0851    24.0865   5.420935   5.421490     2.8565     2.4199      13.25   21.94894  -86.99292   -0.00413   -0.00511     4.1954     4.1923    24.0815    24.0829    36.5798    36.5828    24.8136    24.8154       0.00    182.830    182.696         32 0.0000e+00
      23760    989.940     19.874     20.000    23.5106    23.4208   5.334549   5.314957     2.7489     2.3242       9.77   21.66353  -85.86173   -0.00283   -0.00235     4.0481     4.0247    23.5188    23.4166    36.2717    36.1214    24.7099    24.6087    1495.83    176.391    175.372         40 0.0000e+00
      24154   1006.389     20.868     21.000    23.6680    23.6717   5.378517   5.379179     2.7659     2.3360       9.07   21.94894  -86.99293   -0.00572   -0.00595     4.0449     4.0410    23.6636    23.6673    36.5985    36.6002    24.9520    24.9522    1525.26    176.247    176.077         33 0.0000e+00
