GOMECC/GOMECC-4/1db/drb2103_0101.cnv
* Sea-Bird SBE 9 Data File:
* FileName = C:\Users\scs.user.rb\CTD\GOMECC4\data\rb2103_0101.hex
* Software Version Seasave V 7.26.7.107
* Temperature SN = 4799
* Conductivity SN = 3860
* Number of Bytes Per Scan = 41
* Number of Voltage Words = 4
* Number of Scans Averaged by the Deck Unit = 1
* NMEA Latitude = 26 13.28 N
* NMEA Longitude = 085 39.93 W
* NMEA UTC (Time) = Sep 17 2021  22:10:49
* NMEA baud rate = 4800
# nquan = 28
# nvalues = 585                         
# units = specified
# name 0 = scan: Scan Count
# name 1 = timeS: Time, Elapsed [seconds]
# name 2 = depSM: Depth [salt water, m]
# name 3 = prDM: Pressure, Digiquartz [db]
# name 4 = t090C: Temperature [ITS-90, deg C]
# name 5 = t190C: Temperature, 2 [ITS-90, deg C]
# name 6 = c0S/m: Conductivity [S/m]
# name 7 = c1S/m: Conductivity, 2 [S/m]
# name 8 = sbeox0V: Oxygen raw, SBE 43 [V]
# name 9 = sbeox1V: Oxygen raw, SBE 43, 2 [V]
# name 10 = altM: Altimeter [m]
# name 11 = latitude: Latitude [deg]
# name 12 = longitude: Longitude [deg]
# name 13 = sbox0dV/dT: Oxygen, SBE 43 [dov/dt]
# name 14 = sbox1dV/dT: Oxygen, SBE 43, 2 [dov/dt]
# name 15 = sbeox0ML/L: Oxygen, SBE 43 [ml/l], WS = 5
# name 16 = sbeox1ML/L: Oxygen, SBE 43, 2 [ml/l], WS = 5
# name 17 = potemp090C: Potential Temperature [ITS-90, deg C]
# name 18 = potemp190C: Potential Temperature, 2 [ITS-90, deg C]
# name 19 = sal00: Salinity, Practical [PSU]
# name 20 = sal11: Salinity, Practical, 2 [PSU]
# name 21 = sigma-é00: Density [sigma-theta, kg/m^3]
# name 22 = sigma-é11: Density, 2 [sigma-theta, kg/m^3]
# name 23 = avgsvCM: Average Sound Velocity [Chen-Millero, m/s], minP = 20, minS = 20
# name 24 = sbox0Mm/Kg: Oxygen, SBE 43 [umol/kg], WS = 5
# name 25 = sbox1Mm/Kg: Oxygen, SBE 43, 2 [umol/kg], WS = 5
# name 26 = nbin: number of scans per bin
# name 27 = flag: flag
# span 0 =      14203,     102135       
# span 1 =    591.751,   4255.567       
# span 2 =      4.967,   3242.305       
# span 3 =      5.000,   3289.000       
# span 4 =     4.2849,    30.1073       
# span 5 =     4.2855,    30.1126       
# span 6 =   3.345151,   5.965071       
# span 7 =   3.345089,   5.966846       
# span 8 =     1.6260,     3.1911       
# span 9 =     1.3346,     2.7386       
# span 10 =       9.47,     102.11      
# span 11 =   26.11964,   26.22308      
# span 12 =  -85.67062,  -85.33291      
# span 13 =   -0.04275,    0.03666      
# span 14 =   -0.03981,    0.03536      
# span 15 =     2.6096,     4.7358      
# span 16 =     2.6440,     4.7754      
# span 17 =     4.0798,    30.1031      
# span 18 =     4.0809,    30.1084      
# span 19 =    34.8995,    36.8004      
# span 20 =    34.8982,    36.8013      
# span 21 =    22.1795,    27.7597      
# span 22 =    22.2007,    27.7580      
# span 23 =       0.00,    1545.78      
# span 24 =    113.569,    206.524      
# span 25 =    115.067,    208.252      
# span 26 =         30,         69      
# span 27 = 0.0000e+00, 0.0000e+00      
# interval = decibars: 1                
# start_time = Sep 17 2021 22:10:49 [NMEA time, header]
# bad_flag = -9.990e-29
*END*
[from data line 208]
      32984   1374.297    627.914    633.000     6.7273     6.7273   3.522801   3.522697     1.6817     1.3885     100.00   26.22136  -85.66500    0.00045    0.00043     3.0206     3.0764     6.6675     6.6675    34.9007    34.8996    27.3863    27.3854    1507.45    131.304    133.728         32 0.0000e+00
      33114   1379.693    632.867    638.000     6.6447     6.6460   3.515427   3.515433     1.6831     1.3901     100.00   26.22137  -85.66505    0.00017    0.00004     3.0340     3.0906     6.5848     6.5861    34.8995    34.8982    27.3965    27.3953    1507.29    131.885    134.347         31 0.0000e+00
      34059   1419.075    668.519    674.000     6.3898     6.3908   3.493909   3.493903     1.7059     1.4102     100.00   26.22227  -85.66791    0.00059    0.00059     3.1411     3.1949     6.3277     6.3287    34.9034    34.9022    27.4338    27.4328    1506.27    136.535    138.874         33 0.0000e+00
      34185   1424.334    673.470    679.000     6.3569     6.3579   3.490983   3.490969     1.7088     1.4136     100.00   26.22128  -85.66468    0.00048    0.00070     3.1551     3.2116     6.2945     6.2954    34.9021    34.9010    27.4372    27.4362    1506.07    137.143    139.599         32 0.0000e+00
      34317   1429.832    678.421    684.000     6.3245     6.3255   3.488301   3.488290     1.7121     1.4174     100.00   26.22125  -85.66457    0.00070    0.00086     3.1709     3.2295     6.2618     6.2627    34.9023    34.9012    27.4416    27.4406    1505.93    137.829    140.378         34 0.0000e+00
      34447   1435.230    683.372    689.000     6.3029     6.3042   3.486626   3.486640     1.7155     1.4200      92.17   26.22167  -85.66594    0.00062    0.00067     3.1855     3.2425     6.2398     6.2410    34.9033    34.9022    27.4453    27.4443    1505.82    138.463    140.944         32 0.0000e+00
      34478   1436.540    684.363    690.000     6.2849     6.2869   3.485039   3.485089     1.7160     1.4200     100.11   26.22166  -85.66590    0.00059    0.00049     3.1891     3.2446     6.2218     6.2238    34.9034    34.9020    27.4478    27.4463    1505.79    138.620    141.032         30 0.0000e+00
      34605   1441.823    689.313    695.000     6.2485     6.2493   3.481974   3.481950     1.7194     1.4233      94.89   26.22185  -85.66652    0.00071    0.00071     3.2052     3.2612     6.1850     6.1858    34.9040    34.9029    27.4530    27.4520    1505.67    139.320    141.752         34 0.0000e+00
      34735   1447.250    694.264    700.000     6.2409     6.2426   3.481500   3.481547     1.7223     1.4261      74.62   26.22129  -85.66467    0.00059    0.00042     3.2173     3.2738     6.1771     6.1787    34.9039    34.9027    27.4539    27.4527    1505.50    139.845    142.300         30 0.0000e+00
      34766   1448.538    695.254    701.000     6.2384     6.2392   3.481360   3.481323     1.7229     1.4261     100.36   26.22166  -85.66588    0.00049    0.00009     3.2197     3.2744     6.1745     6.1753    34.9044    34.9032    27.4547    27.4536    1505.50    139.950    142.327         30 0.0000e+00
      34866   1452.697    699.215    705.000     6.2281     6.2297   3.480579   3.480618     1.7240     1.4263     100.00   26.22143  -85.66519    0.00024   -0.00005     3.2258     3.2776     6.1639     6.1654    34.9042    34.9031    27.4559    27.4548    1505.38    140.215    142.465         31 0.0000e+00
      35101   1462.510    708.126    714.000     6.1828     6.1836   3.476797   3.476780     1.7271     1.4306     100.00   26.22069  -85.66277    0.00042    0.00053     3.2435     3.3010     6.1179     6.1187    34.9035    34.9024    27.4613    27.4603    1505.10    140.984    143.485         34 0.0000e+00
      35232   1467.938    713.076    719.000     6.1496     6.1505   3.473960   3.473939     1.7288     1.4329     100.00   26.22053  -85.66223    0.00040    0.00053     3.2542     3.3136     6.0845     6.0853    34.9039    34.9030    27.4660    27.4651    1504.97    141.447    144.031         39 0.0000e+00
      35365   1473.489    718.026    724.000     6.1395     6.1402   3.473382   3.473365     1.7317     1.4360      96.55   26.22144  -85.66521    0.00054    0.00061     3.2664     3.3275     6.0739     6.0746    34.9050    34.9040    27.4682    27.4673    1504.89    141.978    144.632         41 0.0000e+00
      35496   1478.961    722.976    729.000     6.1231     6.1242   3.472107   3.472091     1.7329     1.4368     100.00   26.22168  -85.66598    0.00007    0.00016     3.2736     3.3336     6.0571     6.0582    34.9057    34.9046    27.4709    27.4699    1504.79    142.291    144.899         31 0.0000e+00
      36071   1502.930    744.755    751.000     5.9772     5.9781   3.459899   3.459879     1.7444     1.4480     100.00   26.22077  -85.66299    0.00046    0.00058     3.3336     3.3959     5.9099     5.9108    34.9064    34.9053    27.4903    27.4892    1504.20    144.895    147.604         30 0.0000e+00
      36103   1504.261    745.745    752.000     5.9691     5.9701   3.459313   3.459288     1.7459     1.4494      80.40   26.22162  -85.66578    0.00060    0.00070     3.3396     3.4019     5.9018     5.9027    34.9077    34.9064    27.4923    27.4912    1504.23    145.157    147.862         31 0.0000e+00
      36234   1509.712    750.695    757.000     5.9192     5.9201   3.455135   3.455117     1.7526     1.4552     100.00   26.22205  -85.66718    0.00125    0.00106     3.3680     3.4293     5.8517     5.8525    34.9093    34.9082    27.5000    27.4990    1504.14    146.391    149.053         32 0.0000e+00
      36419   1517.432    757.624    764.000     5.8921     5.8924   3.453350   3.453231     1.7584     1.4602     100.00   26.22188  -85.66662    0.00044    0.00043     3.3925     3.4530     5.8240     5.8243    34.9099    34.9089    27.5039    27.5031    1503.98    147.453    150.083         31 0.0000e+00
      36546   1522.725    762.573    769.000     5.8800     5.8809   3.452060   3.452042     1.7607     1.4623      93.86   26.22084  -85.66320    0.00053    0.00050     3.4035     3.4633     5.8116     5.8124    34.9090    34.9079    27.5048    27.5038    1503.80    147.933    150.528         32 0.0000e+00
      36580   1524.107    763.563    770.000     5.8728     5.8736   3.451557   3.451527     1.7609     1.4628     100.21   26.22162  -85.66576    0.00036    0.00040     3.4052     3.4663     5.8043     5.8051    34.9103    34.9091    27.5067    27.5057    1503.82    148.004    150.659         30 0.0000e+00
      36680   1528.310    767.522    774.000     5.8324     5.8332   3.448102   3.448078     1.7634     1.4651      74.58   26.22158  -85.66562    0.00054    0.00050     3.4189     3.4798     5.7638     5.7646    34.9108    34.9098    27.5122    27.5113    1503.73    148.600    151.246         30 0.0000e+00
      36782   1532.552    771.481    778.000     5.8109     5.8115   3.446273   3.446239     1.7677     1.4699     100.00   26.22072  -85.66280    0.00100    0.00115     3.4369     3.5008     5.7420     5.7427    34.9103    34.9092    27.5145    27.5135    1503.59    149.383    152.159         30 0.0000e+00
      36816   1533.940    772.471    779.000     5.8082     5.8090   3.446195   3.446158     1.7686     1.4710      42.31   26.22162  -85.66574    0.00087    0.00094     3.4406     3.5055     5.7393     5.7400    34.9117    34.9105    27.5160    27.5149    1503.62    149.543    152.363         33 0.0000e+00
      36944   1539.294    777.420    784.000     5.7732     5.7738   3.443304   3.443259     1.7724     1.4734     100.00   26.22165  -85.66585    0.00059    0.00052     3.4585     3.5195     5.7040     5.7046    34.9126    34.9114    27.5211    27.5201    1503.52    150.319    152.971         35 0.0000e+00
      37074   1544.703    782.368    789.000     5.7457     5.7465   3.440999   3.440979     1.7763     1.4771      99.96   26.22079  -85.66309    0.00059    0.00061     3.4764     3.5375     5.6762     5.6770    34.9123    34.9112    27.5243    27.5233    1503.36    151.095    153.755         31 0.0000e+00
      37207   1550.233    787.317    794.000     5.7275     5.7281   3.439637   3.439629     1.7798     1.4803     100.00   26.22096  -85.66364    0.00062    0.00056     3.4919     3.5531     5.6576     5.6582    34.9131    34.9120    27.5272    27.5263    1503.26    151.769    154.429         30 0.0000e+00
      37337   1555.685    792.265    799.000     5.7110     5.7115   3.438429   3.438381     1.7820     1.4823     100.00   26.22121  -85.66441    0.00040    0.00037     3.5030     3.5643     5.6407     5.6413    34.9140    34.9129    27.5300    27.5291    1503.17    152.251    154.916         31 0.0000e+00
      37947   1581.093    815.027    822.000     5.5801     5.5809   3.427941   3.427909     1.7989     1.4992     100.00   26.22176  -85.66625    0.00066    0.00080     3.5820     3.6480     5.5085     5.5093    34.9186    34.9175    27.5500    27.5490    1502.73    155.684    158.552         35 0.0000e+00
      38073   1586.331    819.974    827.000     5.5625     5.5633   3.426550   3.426521     1.8007     1.4995     100.00   26.22122  -85.66448    0.00033    0.00007     3.5921     3.6534     5.4905     5.4913    34.9185    34.9173    27.5521    27.5510    1502.60    156.121    158.784         34 0.0000e+00
      38106   1587.692    820.964    828.000     5.5588     5.5596   3.426311   3.426268     1.8013     1.5004     100.00   26.22160  -85.66572    0.00032    0.00023     3.5948     3.6572     5.4868     5.4875    34.9191    34.9178    27.5530    27.5519    1502.60    156.237    158.953         30 0.0000e+00
      38261   1594.149    826.901    834.000     5.5389     5.5389   3.424863   3.424767     1.8035     1.5019     100.00   26.22202  -85.66703    0.00038    0.00028     3.6069     3.6678     5.4665     5.4664    34.9202    34.9191    27.5564    27.5556    1502.51    156.762    159.411         31 0.0000e+00
      38444   1601.791    833.827    841.000     5.5208     5.5218   3.423574   3.423553     1.8066     1.5043     100.00   26.22196  -85.66682    0.00046    0.00002     3.6222     3.6814     5.4478     5.4488    34.9207    34.9194    27.5590    27.5580    1502.37    157.429    160.002         36 0.0000e+00
      38598   1608.206    839.764    847.000     5.5031     5.5036   3.422107   3.422060     1.8085     1.5076     100.00   26.22056  -85.66227    0.00040    0.00062     3.6333     3.6980     5.4296     5.4302    34.9193    34.9182    27.5602    27.5592    1502.17    157.913    160.723         50 0.0000e+00
      38754   1614.724    845.701    853.000     5.4816     5.4823   3.420546   3.420510     1.8105     1.5091     100.00   26.22120  -85.66436    0.00023    0.00031     3.6449     3.7085     5.4077     5.4084    34.9208    34.9197    27.5640    27.5631    1502.11    158.413    161.179         51 0.0000e+00
      38881   1620.005    850.648    858.000     5.4713     5.4720   3.419810   3.419782     1.8123     1.5104     100.00   26.22071  -85.66269    0.00025    0.00010     3.6545     3.7167     5.3970     5.3977    34.9206    34.9195    27.5651    27.5642    1501.98    158.832    161.534         32 0.0000e+00
      38915   1621.426    851.637    859.000     5.4689     5.4696   3.419746   3.419707     1.8130     1.5109     100.00   26.22164  -85.66572    0.00028    0.00010     3.6573     3.7190     5.3945     5.3952    34.9219    34.9207    27.5665    27.5655    1502.02    158.954    161.635         31 0.0000e+00
      39465   1644.313    872.413    880.000     5.4005     5.4014   3.414621   3.414591     1.8217     1.5188     100.00   26.22131  -85.66468    0.00052    0.00038     3.7034     3.7649     5.3247     5.3255    34.9238    34.9225    27.5764    27.5753    1501.63    160.956    163.627         31 0.0000e+00
      39598   1649.871    877.360    885.000     5.3839     5.3845   3.413439   3.413395     1.8231     1.5201      98.63   26.22192  -85.66666    0.00032    0.00039     3.7122     3.7738     5.3077     5.3083    34.9251    34.9239    27.5795    27.5785    1501.58    161.337    164.015         36 0.0000e+00
      39728   1655.273    882.306    890.000     5.3669     5.3675   3.412134   3.412094     1.8243     1.5218     100.00   26.22170  -85.66588    0.00024    0.00040     3.7206     3.7840     5.2904     5.2910    34.9252    34.9241    27.5817    27.5807    1501.49    161.700    164.458         36 0.0000e+00
      39856   1660.635    887.252    895.000     5.3514     5.3520   3.410930   3.410890     1.8261     1.5238     100.00   26.22115  -85.66412    0.00028    0.00023     3.7304     3.7954     5.2745     5.2751    34.9250    34.9239    27.5834    27.5824    1501.37    162.129    164.955         31 0.0000e+00
      40017   1667.320    893.188    901.000     5.3322     5.3332   3.409745   3.409716     1.8284     1.5263     100.00   26.22178  -85.66618    0.00036    0.00051     3.7440     3.8097     5.2549     5.2559    34.9267    34.9255    27.5871    27.5860    1501.31    162.717    165.573         32 0.0000e+00
      40176   1673.940    899.123    907.000     5.3273     5.3279   3.409413   3.409374     1.8312     1.5271     100.00   26.22170  -85.66592    0.00037   -0.00018     3.7559     3.8160     5.2495     5.2501    34.9267    34.9257    27.5877    27.5868    1501.21    163.237    165.846         30 0.0000e+00
      40304   1679.293    904.069    912.000     5.3157     5.3164   3.408584   3.408542     1.8316     1.5282     100.00   26.22135  -85.66477    0.00005    0.00019     3.7609     3.8235     5.2375     5.2381    34.9267    34.9256    27.5892    27.5882    1501.11    163.452    166.175         30 0.0000e+00
      40438   1684.894    909.014    917.000     5.3075     5.3080   3.408103   3.408062     1.8327     1.5289     100.00   26.22164  -85.66566    0.00021    0.00008     3.7681     3.8297     5.2288     5.2294    34.9273    34.9263    27.5907    27.5899    1501.05    163.766    166.443         30 0.0000e+00
      40540   1689.120    912.971    921.000     5.3035     5.3039   3.407846   3.407793     1.8331     1.5299     100.00   26.22096  -85.66341    0.00007    0.00027     3.7720     3.8356     5.2245     5.2250    34.9265    34.9254    27.5906    27.5896    1500.95    163.934    166.697         33 0.0000e+00
      40573   1690.515    913.959    922.000     5.3019     5.3025   3.407840   3.407804     1.8334     1.5299     100.00   26.22168  -85.66578    0.00017    0.00013     3.7735     3.8363     5.2229     5.2235    34.9276    34.9266    27.5917    27.5907    1500.97    164.001    166.730         30 0.0000e+00
      40671   1694.571    917.916    926.000     5.2900     5.2906   3.406911   3.406864     1.8338     1.5310     100.00   26.22116  -85.66408    0.00012    0.00025     3.7781     3.8436     5.2107     5.2112    34.9273    34.9262    27.5928    27.5919    1500.88    164.199    167.046         30 0.0000e+00
      40831   1701.271    923.850    932.000     5.2626     5.2633   3.404813   3.404770     1.8363     1.5336     100.00   26.22168  -85.66579    0.00049    0.00069     3.7922     3.8590     5.1829     5.1836    34.9288    34.9275    27.5973    27.5963    1500.82    164.811    167.716         32 0.0000e+00
      40957   1706.482    928.796    937.000     5.2451     5.2458   3.403428   3.403395     1.8384     1.5350     100.00   26.22109  -85.66386    0.00047    0.00031     3.8038     3.8685     5.1651     5.1658    34.9285    34.9274    27.5992    27.5983    1500.71    165.313    168.129         30 0.0000e+00
