GOMECC/GOMECC-4/1db/drb2103_0811.cnv
* Sea-Bird SBE 9 Data File:
* FileName = C:\Users\scs.user.rb\CTD\GOMECC4\data\rb2103_0811.hex
* Software Version Seasave V 7.26.7.107
* Temperature SN = 4799
* Conductivity SN = 3860
* Number of Bytes Per Scan = 41
* Number of Voltage Words = 4
* Number of Scans Averaged by the Deck Unit = 1
* NMEA Latitude = 22 16.45 N
* NMEA Longitude = 096 10.82 W
* NMEA UTC (Time) = Oct 06 2021  16:12:43
* NMEA baud rate = 4800
# nquan = 28
# nvalues = 755                         
# units = specified
# name 0 = scan: Scan Count
# name 1 = timeS: Time, Elapsed [seconds]
# name 2 = depSM: Depth [salt water, m]
# name 3 = prDM: Pressure, Digiquartz [db]
# name 4 = t090C: Temperature [ITS-90, deg C]
# name 5 = t190C: Temperature, 2 [ITS-90, deg C]
# name 6 = c0S/m: Conductivity [S/m]
# name 7 = c1S/m: Conductivity, 2 [S/m]
# name 8 = sbeox0V: Oxygen raw, SBE 43 [V]
# name 9 = sbeox1V: Oxygen raw, SBE 43, 2 [V]
# name 10 = altM: Altimeter [m]
# name 11 = latitude: Latitude [deg]
# name 12 = longitude: Longitude [deg]
# name 13 = sbox0dV/dT: Oxygen, SBE 43 [dov/dt]
# name 14 = sbox1dV/dT: Oxygen, SBE 43, 2 [dov/dt]
# name 15 = sbeox0ML/L: Oxygen, SBE 43 [ml/l], WS = 5
# name 16 = sbeox1ML/L: Oxygen, SBE 43, 2 [ml/l], WS = 5
# name 17 = potemp090C: Potential Temperature [ITS-90, deg C]
# name 18 = potemp190C: Potential Temperature, 2 [ITS-90, deg C]
# name 19 = sal00: Salinity, Practical [PSU]
# name 20 = sal11: Salinity, Practical, 2 [PSU]
# name 21 = sigma-é00: Density [sigma-theta, kg/m^3]
# name 22 = sigma-é11: Density, 2 [sigma-theta, kg/m^3]
# name 23 = avgsvCM: Average Sound Velocity [Chen-Millero, m/s], minP = 20, minS = 20
# name 24 = sbox0Mm/Kg: Oxygen, SBE 43 [umol/kg], WS = 5
# name 25 = sbox1Mm/Kg: Oxygen, SBE 43, 2 [umol/kg], WS = 5
# name 26 = nbin: number of scans per bin
# name 27 = flag: flag
# span 0 =      15518,     253550       
# span 1 =    646.553,  10563.884       
# span 2 =      5.963,   2560.992       
# span 3 =      4.000,   2593.000       
# span 4 =     4.2621,   481.7605       
# span 5 =     4.2626,   481.7891       
# span 6 =   3.340798,  96.979588       
# span 7 =   3.340751,  96.985561       
# span 8 =     1.5799,    51.7323       
# span 9 =     1.2843,    43.7472       
# span 10 =       9.92,    1646.03      
# span 11 =   22.11091,  366.65698      
# span 12 =-1583.23974,  -95.47581      
# span 13 =   -0.03625,    0.01854      
# span 14 =   -0.03329,    0.01776      
# span 15 =     2.4274,    71.5253      
# span 16 =     2.4477,    71.1907      
# span 17 =     4.0821,   481.7403      
# span 18 =     4.0830,   481.7689      
# span 19 =    34.9126,   591.2672      
# span 20 =    34.9121,   591.2864      
# span 21 =    22.5004,   373.0927      
# span 22 =    22.5005,   373.0976      
# span 23 =       0.00,    1589.30      
# span 24 =    105.552,   3123.517      
# span 25 =    106.431,   3108.923      
# span 26 =         30,         65      
# span 27 = 0.0000e+00, 0.0000e+00      
# interval = decibars: 1                
# start_time = Oct 06 2021 16:12:43 [NMEA time, header]
# bad_flag = -9.990e-29
*END*
[from data line 467]
      44478   1853.216    914.208    922.000     5.1866     5.1869   3.397737   3.397720     1.8381     1.5260     100.00   22.27388  -96.18096    0.00093    0.00085     3.8014     3.8340     5.1084     5.1086    34.9314    34.9310    27.6082    27.6078    1499.64    165.207    166.626         32 0.0000e+00
      44598   1858.201    919.155    927.000     5.1704     5.1708   3.396626   3.396614     1.8412     1.5287     100.00   22.27454  -96.18382    0.00060    0.00057     3.8162     3.8481     5.0918     5.0922    34.9331    34.9326    27.6116    27.6111    1499.62    165.852    167.239         32 0.0000e+00
      44746   1864.387    925.092    933.000     5.1584     5.1588   3.395647   3.395633     1.8429     1.5299      87.04   22.27303  -96.17732    0.00029    0.00007     3.8263     3.8571     5.0793     5.0798    34.9312    34.9306    27.6115    27.6109    1499.43    166.290    167.629         31 0.0000e+00
      44782   1865.869    926.081    934.000     5.1570     5.1573   3.395668   3.395658     1.8438     1.5300     100.34   22.27388  -96.18098    0.00030    0.00006     3.8299     3.8580     5.0778     5.0782    34.9325    34.9321    27.6127    27.6123    1499.47    166.446    167.670         35 0.0000e+00
      44906   1871.054    931.027    939.000     5.1217     5.1220   3.392798   3.392783     1.8454     1.5325     100.00   22.27402  -96.18160    0.00033    0.00038     3.8415     3.8732     5.0424     5.0427    34.9337    34.9332    27.6178    27.6174    1499.41    166.950    168.326         43 0.0000e+00
      45034   1876.368    935.974    944.000     5.1029     5.1031   3.391374   3.391352     1.8504     1.5372      93.22   22.27403  -96.18170    0.00100    0.00091     3.8631     3.8953     5.0232     5.0235    34.9345    34.9339    27.6206    27.6202    1499.35    167.889    169.289         34 0.0000e+00
      45261   1885.852    944.877    953.000     5.0786     5.0786   3.389527   3.389480     1.8559     1.5417     100.00   22.27311  -96.17764    0.00052    0.00037     3.8892     3.9192     4.9983     4.9983    34.9339    34.9333    27.6231    27.6226    1499.16    169.021    170.329         33 0.0000e+00
      45296   1887.303    945.866    954.000     5.0753     5.0756   3.389387   3.389354     1.8562     1.5423     100.00   22.27388  -96.18096    0.00028    0.00042     3.8906     3.9220     4.9949     4.9952    34.9352    34.9347    27.6246    27.6240    1499.20    169.085    170.449         31 0.0000e+00
      45419   1892.415    950.812    959.000     5.0614     5.0618   3.388382   3.388365     1.8583     1.5444     100.00   22.27386  -96.18086    0.00039    0.00035     3.9023     3.9339     4.9807     4.9810    34.9357    34.9351    27.6266    27.6261    1499.14    169.591    170.966         31 0.0000e+00
      45574   1898.868    956.747    965.000     5.0474     5.0479   3.387409   3.387409     1.8608     1.5459      97.41   22.27379  -96.18058    0.00038    0.00010     3.9154     3.9442     4.9662     4.9667    34.9361    34.9355    27.6286    27.6281    1499.05    170.161    171.411         31 0.0000e+00
      45702   1904.196    961.693    970.000     5.0362     5.0357   3.386678   3.386576     1.8623     1.5477     100.00   22.27398  -96.18138    0.00028    0.00027     3.9242     3.9547     4.9547     4.9542    34.9368    34.9362    27.6305    27.6300    1499.00    170.541    171.870         34 0.0000e+00
      45855   1910.581    967.627    976.000     5.0188     5.0189   3.385391   3.385361     1.8657     1.5511      96.03   22.27385  -96.18085    0.00068    0.00071     3.9409     3.9723     4.9368     4.9369    34.9371    34.9367    27.6328    27.6324    1498.92    171.266    172.630         33 0.0000e+00
      46012   1917.138    973.562    982.000     4.9859     4.9862   3.382863   3.382838     1.8680     1.5536     100.00   22.27452  -96.18372    0.00047    0.00044     3.9557     3.9881     4.9037     4.9040    34.9393    34.9387    27.6384    27.6379    1498.89    171.909    173.320         33 0.0000e+00
      46241   1926.651    982.463    991.000     4.9540     4.9538   3.380364   3.380298     1.8740     1.5587     100.00   22.27370  -96.18018    0.00034    0.00018     3.9845     4.0155     4.8712     4.8709    34.9391    34.9387    27.6420    27.6417    1498.72    173.163    174.508         31 0.0000e+00
      46396   1933.105    988.398    997.000     4.9356     4.9359   3.379050   3.379021     1.8779     1.5627     100.00   22.27389  -96.18098    0.00067    0.00047     4.0030     4.0355     4.8524     4.8526    34.9402    34.9396    27.6450    27.6445    1498.66    173.967    175.378         30 0.0000e+00
      46578   1940.719    995.321   1004.000     4.8940     4.8945   3.375734   3.375729     1.8816     1.5656     100.00   22.27400  -96.18150    0.00040    0.00039     4.0241     4.0549     4.8104     4.8109    34.9418    34.9412    27.6511    27.6506    1498.59    174.879    176.218         31 0.0000e+00
      46728   1946.941   1001.255   1010.000     4.8630     4.8632   3.373252   3.373232     1.8878     1.5726      69.12   22.27368  -96.18010    0.00112    0.00117     4.0523     4.0879     4.7791     4.7793    34.9425    34.9421    27.6552    27.6548    1498.49    176.105    177.654         31 0.0000e+00
      46761   1948.320   1002.244   1011.000     4.8595     4.8599   3.373024   3.373006     1.8897     1.5741      72.84   22.27388  -96.18095    0.00129    0.00107     4.0598     4.0943     4.7756     4.7759    34.9430    34.9424    27.6560    27.6555    1498.50    176.432    177.932         33 0.0000e+00
      46878   1953.195   1007.188   1016.000     4.8484     4.8487   3.372135   3.372112     1.8939     1.5776     100.00   22.27278  -96.17620    0.00083    0.00071     4.0784     4.1114     4.7641     4.7644    34.9418    34.9411    27.6563    27.6558    1498.37    177.239    178.674         33 0.0000e+00
      46918   1954.859   1008.177   1017.000     4.8466     4.8468   3.372170   3.372152     1.8949     1.5786     100.00   22.27388  -96.18094    0.00076    0.00059     4.0825     4.1159     4.7622     4.7624    34.9436    34.9431    27.6580    27.6576    1498.42    177.418    178.867         38 0.0000e+00
      47070   1961.217   1014.110   1023.000     4.8306     4.8308   3.371110   3.371084     1.8972     1.5806     100.00   22.27445  -96.18341    0.00033    0.00040     4.0955     4.1284     4.7458     4.7460    34.9451    34.9446    27.6611    27.6606    1498.40    177.983    179.412         37 0.0000e+00
      47221   1967.490   1020.044   1029.000     4.8230     4.8233   3.370563   3.370544     1.8993     1.5824     100.00   22.27330  -96.17843    0.00023    0.00033     4.1070     4.1393     4.7377     4.7380    34.9436    34.9431    27.6608    27.6604    1498.25    178.481    179.883         31 0.0000e+00
      47254   1968.885   1021.033   1030.000     4.8218     4.8221   3.370575   3.370565     1.8998     1.5825     100.00   22.27388  -96.18094    0.00034    0.00018     4.1094     4.1403     4.7364     4.7367    34.9446    34.9441    27.6617    27.6613    1498.28    178.588    179.929         33 0.0000e+00
      47590   1982.881   1033.887   1043.000     4.7857     4.7861   3.367919   3.367895     1.9020     1.5843     100.00   22.27325  -96.17824    0.00036    0.00045     4.1281     4.1584     4.6994     4.6998    34.9450    34.9443    27.6662    27.6656    1498.09    179.399    180.714         38 0.0000e+00
      47718   1988.195   1038.831   1048.000     4.7740     4.7744   3.366969   3.366949     1.9052     1.5882      95.89   22.27209  -96.17323    0.00054    0.00071     4.1437     4.1773     4.6874     4.6877    34.9436    34.9430    27.6665    27.6659    1497.96    180.074    181.537         46 0.0000e+00
      47844   1993.470   1043.775   1053.000     4.7596     4.7599   3.365820   3.365796     1.9072     1.5901      99.99   22.27121  -96.16944    0.00036    0.00038     4.1549     4.1891     4.6727     4.6729    34.9427    34.9422    27.6674    27.6670    1497.85    180.563    182.048         45 0.0000e+00
      47894   1995.527   1044.764   1054.000     4.7585     4.7584   3.366111   3.366049     1.9086     1.5910     100.00   22.27388  -96.18096    0.00055    0.00042     4.1604     4.1930     4.6715     4.6713    34.9470    34.9465    27.6710    27.6706    1498.02    180.800    182.219         32 0.0000e+00
      48014   2000.561   1049.708   1059.000     4.7263     4.7264   3.363661   3.363620     1.9117     1.5934      92.92   22.27492  -96.18545    0.00064    0.00061     4.1775     4.2082     4.6391     4.6391    34.9498    34.9493    27.6769    27.6765    1498.04    181.541    182.879         39 0.0000e+00
      48134   2005.557   1054.651   1064.000     4.7242     4.7243   3.363414   3.363378     1.9158     1.5968      99.99   22.27266  -96.17570    0.00071    0.00049     4.1952     4.2246     4.6365     4.6367    34.9465    34.9459    27.6745    27.6740    1497.83    182.312    183.588         47 0.0000e+00
      48296   2012.297   1060.584   1070.000     4.7027     4.7029   3.362006   3.361975     1.9173     1.5993     100.00   22.27417  -96.18224    0.00019    0.00047     4.2060     4.2397     4.6146     4.6149    34.9498    34.9492    27.6796    27.6791    1497.88    182.780    184.244         30 0.0000e+00
      48503   2020.913   1068.493   1078.000     4.6822     4.6829   3.360608   3.360590     1.9216     1.6028     100.00   22.27361  -96.17980    0.00047    0.00056     4.2288     4.2609     4.5936     4.5943    34.9497    34.9490    27.6819    27.6813    1497.76    183.771    185.165         36 0.0000e+00
      48741   2030.833   1077.390   1087.000     4.6501     4.6509   3.358138   3.358151     1.9263     1.6068      90.33   22.27387  -96.18095    0.00061    0.00040     4.2531     4.2838     4.5610     4.5618    34.9514    34.9507    27.6868    27.6862    1497.68    184.827    186.159         31 0.0000e+00
      48871   2036.236   1082.333   1092.000     4.6396     4.6399   3.357482   3.357458     1.9292     1.6097     100.00   22.27418  -96.18228    0.00056    0.00047     4.2675     4.2990     4.5501     4.5504    34.9523    34.9516    27.6888    27.6883    1497.66    185.453    186.819         39 0.0000e+00
      48992   2041.299   1087.276   1097.000     4.6282     4.6281   3.356566   3.356509     1.9307     1.6111     100.00   22.27305  -96.17736    0.00027    0.00009     4.2769     4.3084     4.5384     4.5383    34.9510    34.9504    27.6890    27.6886    1497.53    185.860    187.229         31 0.0000e+00
      49028   2042.803   1088.265   1098.000     4.6214     4.6217   3.356134   3.356100     1.9312     1.6116     100.00   22.27388  -96.18097    0.00020    0.00022     4.2800     4.3118     4.5315     4.5318    34.9526    34.9520    27.6911    27.6906    1497.58    185.993    187.376         35 0.0000e+00
      49155   2048.102   1093.207   1103.000     4.5946     4.5949   3.353985   3.353966     1.9344     1.6149     100.00   22.27363  -96.17991    0.00077    0.00078     4.2975     4.3304     4.5045     4.5047    34.9532    34.9527    27.6946    27.6942    1497.52    186.755    188.183         37 0.0000e+00
      49279   2053.236   1098.150   1108.000     4.5800     4.5803   3.352800   3.352768     1.9397     1.6197      99.99   22.27260  -96.17545    0.00101    0.00093     4.3208     4.3535     4.4896     4.4898    34.9521    34.9515    27.6954    27.6948    1497.40    187.765    189.186         38 0.0000e+00
      49322   2055.052   1099.138   1109.000     4.5801     4.5804   3.353021   3.352994     1.9409     1.6211     100.00   22.27388  -96.18096    0.00100    0.00093     4.3255     4.3592     4.4896     4.4898    34.9542    34.9536    27.6970    27.6965    1497.48    187.971    189.437         35 0.0000e+00
      49442   2060.047   1104.081   1114.000     4.5806     4.5807   3.353334   3.353287     1.9419     1.6215     100.00   22.27417  -96.18221    0.00016    0.00002     4.3316     4.3638     4.4896     4.4897    34.9548    34.9542    27.6975    27.6970    1497.45    188.237    189.635         44 0.0000e+00
      49598   2066.562   1110.011   1120.000     4.5660     4.5663   3.352298   3.352264     1.9415     1.6206     100.00   22.27388  -96.18096   -0.00007   -0.00024     4.3357     4.3655     4.4746     4.4749    34.9550    34.9543    27.6993    27.6988    1497.38    188.413    189.708         34 0.0000e+00
      49724   2071.794   1114.953   1125.000     4.5512     4.5514   3.351133   3.351105     1.9438     1.6233     100.00   22.27323  -96.17816    0.00055    0.00053     4.3484     4.3804     4.4594     4.4597    34.9545    34.9539    27.7006    27.7001    1497.29    188.966    190.353         30 0.0000e+00
      49757   2073.146   1115.942   1126.000     4.5500     4.5504   3.351167   3.351139     1.9448     1.6239     100.00   22.27388  -96.18096    0.00060    0.00060     4.3525     4.3834     4.4582     4.4586    34.9556    34.9549    27.7016    27.7010    1497.33    189.143    190.484         32 0.0000e+00
      49877   2078.155   1120.884   1131.000     4.5395     4.5397   3.350311   3.350273     1.9465     1.6251      99.99   22.27263  -96.17558    0.00028    0.00020     4.3629     4.3923     4.4474     4.4475    34.9541    34.9535    27.7016    27.7011    1497.20    189.595    190.872         32 0.0000e+00
      49917   2079.821   1121.872   1132.000     4.5376     4.5379   3.350348   3.350319     1.9469     1.6258      56.07   22.27388  -96.18096    0.00018    0.00015     4.3650     4.3956     4.4454     4.4457    34.9562    34.9555    27.7035    27.7029    1497.27    189.688    191.016         38 0.0000e+00
      50041   2085.002   1126.814   1137.000     4.5291     4.5294   3.349828   3.349802     1.9486     1.6282     100.00   22.27390  -96.18106    0.00038    0.00047     4.3751     4.4087     4.4365     4.4368    34.9565    34.9559    27.7047    27.7042    1497.23    190.125    191.585         43 0.0000e+00
      50171   2090.406   1131.756   1142.000     4.5219     4.5221   3.349440   3.349403     1.9500     1.6288     100.00   22.27399  -96.18142    0.00030    0.00001     4.3837     4.4149     4.4289     4.4291    34.9571    34.9564    27.7060    27.7055    1497.19    190.499    191.853         34 0.0000e+00
      50271   2094.589   1135.709   1146.000     4.5165     4.5168   3.349018   3.348992     1.9506     1.6296     100.00   22.27305  -96.17737    0.00018    0.00020     4.3889     4.4210     4.4231     4.4235    34.9558    34.9551    27.7056    27.7050    1497.09    190.725    192.121         31 0.0000e+00
      50305   2096.020   1136.698   1147.000     4.5166     4.5168   3.349181   3.349155     1.9512     1.6299     100.00   22.27388  -96.18096    0.00023    0.00034     4.3913     4.4226     4.4232     4.4234    34.9571    34.9566    27.7067    27.7062    1497.14    190.830    192.188         32 0.0000e+00
      50432   2101.305   1141.639   1152.000     4.5144     4.5147   3.349264   3.349226     1.9518     1.6309     100.00   22.27424  -96.18251    0.00010    0.00020     4.3966     4.4294     4.4206     4.4208    34.9579    34.9572    27.7076    27.7070    1497.13    191.059    192.485         34 0.0000e+00
      50587   2107.733   1147.569   1158.000     4.4976     4.4979   3.348017   3.347988     1.9519     1.6310     100.00   22.27392  -96.18115    0.00015    0.00004     4.4026     4.4356     4.4034     4.4036    34.9580    34.9574    27.7095    27.7090    1497.06    191.319    192.754         34 0.0000e+00
