GOMECC/GOMECC-4/1db/drb2103_0021.cnv
* Sea-Bird SBE 9 Data File:
* FileName = C:\Users\scs.user.rb\CTD\GOMECC4\data\rb1203_002.hex
* Software Version Seasave V 7.26.7.107
* Temperature SN = 4799
* Conductivity SN = 3860
* Number of Bytes Per Scan = 41
* Number of Voltage Words = 4
* Number of Scans Averaged by the Deck Unit = 1
* NMEA Latitude = 27 00.26 N
* NMEA Longitude = 079 40.70 W
* NMEA UTC (Time) = Sep 14 2021  18:19:26
* NMEA baud rate = 4800
# nquan = 28
# nvalues = 266                         
# units = specified
# name 0 = scan: Scan Count
# name 1 = timeS: Time, Elapsed [seconds]
# name 2 = depSM: Depth [salt water, m]
# name 3 = prDM: Pressure, Digiquartz [db]
# name 4 = t090C: Temperature [ITS-90, deg C]
# name 5 = t190C: Temperature, 2 [ITS-90, deg C]
# name 6 = c0S/m: Conductivity [S/m]
# name 7 = c1S/m: Conductivity, 2 [S/m]
# name 8 = sbeox0V: Oxygen raw, SBE 43 [V]
# name 9 = sbeox1V: Oxygen raw, SBE 43, 2 [V]
# name 10 = altM: Altimeter [m]
# name 11 = latitude: Latitude [deg]
# name 12 = longitude: Longitude [deg]
# name 13 = sbox0dV/dT: Oxygen, SBE 43 [dov/dt]
# name 14 = sbox1dV/dT: Oxygen, SBE 43, 2 [dov/dt]
# name 15 = sbeox0ML/L: Oxygen, SBE 43 [ml/l], WS = 5
# name 16 = sbeox1ML/L: Oxygen, SBE 43, 2 [ml/l], WS = 5
# name 17 = potemp090C: Potential Temperature [ITS-90, deg C]
# name 18 = potemp190C: Potential Temperature, 2 [ITS-90, deg C]
# name 19 = sal00: Salinity, Practical [PSU]
# name 20 = sal11: Salinity, Practical, 2 [PSU]
# name 21 = sigma-é00: Density [sigma-theta, kg/m^3]
# name 22 = sigma-é11: Density, 2 [sigma-theta, kg/m^3]
# name 23 = avgsvCM: Average Sound Velocity [Chen-Millero, m/s], minP = 20, minS = 20
# name 24 = sbox0Mm/Kg: Oxygen, SBE 43 [umol/kg], WS = 5
# name 25 = sbox1Mm/Kg: Oxygen, SBE 43, 2 [umol/kg], WS = 5
# name 26 = nbin: number of scans per bin
# name 27 = flag: flag
# span 0 =      30707,      51324       
# span 1 =   1279.399,   2138.474       
# span 2 =      4.967,    533.768       
# span 3 =      5.000,    538.000       
# span 4 =     7.2808,    29.7120       
# span 5 =     7.2839,    29.7116       
# span 6 =   3.574554,   5.977267       
# span 7 =   3.574782,   5.977478       
# span 8 =     1.6418,     3.1779       
# span 9 =     1.3501,     2.7095       
# span 10 =       5.71,     100.45      
# span 11 =   26.99500,   27.01853      
# span 12 =  -79.72514,  -79.66658      
# span 13 =   -0.02776,    0.00598      
# span 14 =   -0.02835,    0.00698      
# span 15 =     2.6351,     4.4839      
# span 16 =     2.6781,     4.5059      
# span 17 =     7.2281,    29.7105      
# span 18 =     7.2312,    29.7101      
# span 19 =    34.9484,    37.0424      
# span 20 =    34.9479,    37.0439      
# span 21 =    22.7049,    27.3536      
# span 22 =    22.7064,    27.3526      
# span 23 =       0.00,    1546.37      
# span 24 =    114.581,    195.714      
# span 25 =    116.447,    196.660      
# span 26 =         30,         67      
# span 27 = 0.0000e+00, 0.0000e+00      
# interval = decibars: 1                
# start_time = Sep 14 2021 18:19:26 [NMEA time, header]
# bad_flag = -9.990e-29
*END*
[from data line 208]
      45295   1887.244    466.380    470.000     8.9236     8.9308   3.737290   3.737783     1.6623     1.3694      75.49   27.00262  -79.68268   -0.00023   -0.00008     2.7340     2.7859     8.8719     8.8791    35.0952    35.0945    27.2133    27.2116    1519.46    118.865    121.121         36 0.0000e+00
      45331   1888.745    467.371    471.000     8.8910     8.8931   3.734316   3.734431     1.6620     1.3687      74.39   27.00263  -79.68268   -0.00010   -0.00038     2.7356     2.7856     8.8393     8.8414    35.0913    35.0904    27.2154    27.2144    1519.40    118.934    121.110         34 0.0000e+00
      45365   1890.170    468.362    472.000     8.8926     8.8937   3.734661   3.734702     1.6619     1.3687      73.43   27.00264  -79.68268   -0.00014   -0.00035     2.7355     2.7859     8.8408     8.8418    35.0929    35.0923    27.2165    27.2158    1519.35    118.930    121.124         36 0.0000e+00
      45403   1891.742    469.353    473.000     8.8845     8.8876   3.734011   3.734233     1.6626     1.3687      72.33   27.00265  -79.68268    0.00006   -0.00003     2.7385     2.7868     8.8326     8.8357    35.0936    35.0928    27.2184    27.2173    1519.29    119.060    121.161         39 0.0000e+00
      45439   1893.270    470.344    474.000     8.8536     8.8571   3.730850   3.731114     1.6628     1.3688      71.41   27.00266  -79.68268    0.00032    0.00003     2.7417     2.7897     8.8017     8.8052    35.0905    35.0897    27.2208    27.2197    1519.23    119.200    121.286         33 0.0000e+00
      45471   1894.573    471.335    475.000     8.8262     8.8287   3.727943   3.728071     1.6630     1.3687      70.50   27.00267  -79.68269    0.00025    0.00004     2.7444     2.7918     8.7743     8.7768    35.0865    35.0853    27.2220    27.2207    1519.18    119.318    121.379         30 0.0000e+00
      45502   1895.891    472.327    476.000     8.7886     8.7919   3.723938   3.724138     1.6627     1.3686      69.42   27.00268  -79.68270    0.00005   -0.00002     2.7468     2.7942     8.7367     8.7400    35.0810    35.0799    27.2237    27.2223    1519.12    119.421    121.484         34 0.0000e+00
      45539   1897.421    473.318    477.000     8.7201     8.7249   3.716679   3.716995     1.6615     1.3676      68.39   27.00269  -79.68270   -0.00030   -0.00028     2.7486     2.7964     8.6683     8.6731    35.0718    35.0704    27.2273    27.2255    1519.07    119.497    121.576         39 0.0000e+00
      45577   1898.994    474.308    478.000     8.6852     8.6873   3.712941   3.713089     1.6605     1.3667      67.32   27.00270  -79.68270   -0.00071   -0.00054     2.7486     2.7966     8.6335     8.6356    35.0664    35.0659    27.2286    27.2279    1519.02    119.498    121.586         36 0.0000e+00
      45611   1900.428    475.300    479.000     8.6773     8.6799   3.712128   3.712385     1.6601     1.3662      66.51   27.00270  -79.68270   -0.00059   -0.00053     2.7484     2.7957     8.6254     8.6280    35.0653    35.0648    27.2289    27.2282    1518.96    119.488    121.548         34 0.0000e+00
      45647   1901.925    476.292    480.000     8.6750     8.6769   3.711935   3.712074     1.6596     1.3659      65.29   27.00271  -79.68270   -0.00030   -0.00037     2.7474     2.7955     8.6231     8.6250    35.0650    35.0646    27.2291    27.2285    1518.90    119.445    121.538         37 0.0000e+00
      45682   1903.390    477.282    481.000     8.6716     8.6727   3.711443   3.711390     1.6589     1.3651      64.41   27.00272  -79.68272   -0.00035   -0.00033     2.7463     2.7935     8.6196     8.6207    35.0648    35.0639    27.2295    27.2286    1518.85    119.396    121.450         33 0.0000e+00
      45714   1904.699    478.273    482.000     8.6484     8.6501   3.709305   3.709367     1.6581     1.3643      63.45   27.00274  -79.68272   -0.00050   -0.00046     2.7456     2.7928     8.5963     8.5981    35.0616    35.0607    27.2306    27.2296    1518.79    119.369    121.421         32 0.0000e+00
      45749   1906.167    479.265    483.000     8.6324     8.6323   3.707541   3.707463     1.6573     1.3634      62.35   27.00274  -79.68272   -0.00057   -0.00057     2.7446     2.7919     8.5803     8.5802    35.0594    35.0586    27.2314    27.2308    1518.74    119.325    121.381         38 0.0000e+00
      45786   1907.724    480.256    484.000     8.6128     8.6149   3.705512   3.705655     1.6567     1.3622      61.28   27.00275  -79.68273   -0.00050   -0.00067     2.7448     2.7896     8.5607     8.5628    35.0568    35.0562    27.2325    27.2317    1518.69    119.334    121.279         36 0.0000e+00
      45820   1909.145    481.247    485.000     8.6089     8.6103   3.705143   3.705222     1.6559     1.3617      60.36   27.00276  -79.68274   -0.00047   -0.00067     2.7431     2.7887     8.5567     8.5581    35.0563    35.0558    27.2327    27.2320    1518.63    119.258    121.241         32 0.0000e+00
      45853   1910.497    482.238    486.000     8.5946     8.5972   3.703676   3.703862     1.6557     1.3616      59.39   27.00277  -79.68274   -0.00041   -0.00037     2.7437     2.7896     8.5423     8.5449    35.0545    35.0539    27.2336    27.2327    1518.57    119.286    121.280         33 0.0000e+00
      45887   1911.926    483.229    487.000     8.5655     8.5669   3.700645   3.700660     1.6548     1.3613      58.30   27.00278  -79.68274   -0.00037   -0.00017     2.7440     2.7913     8.5132     8.5146    35.0509    35.0496    27.2352    27.2340    1518.53    119.299    121.352         35 0.0000e+00
      45921   1913.354    484.220    488.000     8.5208     8.5267   3.695944   3.696412     1.6537     1.3611      57.35   27.00278  -79.68274   -0.00057   -0.00013     2.7439     2.7938     8.4686     8.4745    35.0448    35.0439    27.2374    27.2358    1518.47    119.293    121.464         35 0.0000e+00
      45960   1914.964    485.211    489.000     8.4624     8.4671   3.689761   3.690120     1.6527     1.3599      52.68   27.00280  -79.68275   -0.00070   -0.00036     2.7458     2.7945     8.4102     8.4149    35.0368    35.0360    27.2402    27.2388    1518.41    119.374    121.493         40 0.0000e+00
      45996   1916.476    486.202    490.000     8.4363     8.4393   3.686978   3.687203     1.6518     1.3579      55.41   27.00281  -79.68276   -0.00062   -0.00090     2.7451     2.7907     8.3842     8.3871    35.0326    35.0320    27.2410    27.2400    1518.36    119.347    121.329         33 0.0000e+00
      46055   1918.915    488.184    492.000     8.4025     8.4053   3.683292   3.683510     1.6506     1.3573      53.30   27.00103  -79.67748   -0.00049   -0.00058     2.7449     2.7918     8.3503     8.3531    35.0258    35.0253    27.2408    27.2399    1518.15    119.337    121.376         33 0.0000e+00
      46095   1920.584    489.175    493.000     8.3946     8.3962   3.682689   3.682786     1.6500     1.3565      52.25   27.00284  -79.68276   -0.00046   -0.00030     2.7441     2.7903     8.3423     8.3439    35.0271    35.0265    27.2431    27.2424    1518.20    119.300    121.310         41 0.0000e+00
      46134   1922.197    490.167    494.000     8.3847     8.3857   3.681699   3.681714     1.6491     1.3564      51.32   27.00284  -79.68276   -0.00047   -0.00030     2.7425     2.7912     8.3323     8.3333    35.0260    35.0251    27.2437    27.2429    1518.14    119.230    121.349         35 0.0000e+00
      46166   1923.537    491.157    495.000     8.3569     8.3607   3.678823   3.679086     1.6482     1.3554      50.40   27.00286  -79.68278   -0.00058   -0.00029     2.7421     2.7902     8.3045     8.3083    35.0225    35.0215    27.2453    27.2439    1518.09    119.212    121.305         30 0.0000e+00
      46196   1924.780    492.148    496.000     8.3281     8.3320   3.675702   3.675963     1.6476     1.3552      49.26   27.00286  -79.68278   -0.00062   -0.00038     2.7431     2.7920     8.2759     8.2796    35.0185    35.0177    27.2465    27.2453    1518.04    119.258    121.386         31 0.0000e+00
      46228   1926.117    493.140    497.000     8.3062     8.3080   3.673489   3.673584     1.6469     1.3544      48.32   27.00286  -79.68278   -0.00054   -0.00045     2.7426     2.7914     8.2538     8.2556    35.0152    35.0145    27.2473    27.2465    1517.98    119.236    121.360         34 0.0000e+00
      46264   1927.639    494.131    498.000     8.2957     8.2974   3.672438   3.672534     1.6461     1.3540      47.25   27.00288  -79.68278   -0.00051   -0.00046     2.7415     2.7912     8.2432     8.2449    35.0140    35.0133    27.2480    27.2472    1517.93    119.189    121.348         38 0.0000e+00
      46303   1929.234    495.122    499.000     8.2816     8.2829   3.671027   3.671044     1.6458     1.3535      46.26   27.00288  -79.68280   -0.00039   -0.00033     2.7420     2.7909     8.2290     8.2303    35.0122    35.0114    27.2488    27.2479    1517.88    119.210    121.334         38 0.0000e+00
      46339   1930.741    496.113    500.000     8.2426     8.2472   3.666985   3.667307     1.6452     1.3528      45.26   27.00290  -79.68280   -0.00026   -0.00036     2.7432     2.7916     8.1900     8.1947    35.0078    35.0066    27.2512    27.2496    1517.82    119.263    121.365         33 0.0000e+00
      46370   1932.027    497.104    501.000     8.2011     8.2021   3.662675   3.662626     1.6441     1.3518      44.34   27.00290  -79.68280   -0.00048   -0.00053     2.7436     2.7919     8.1486     8.1496    35.0026    35.0011    27.2534    27.2521    1517.77    119.277    121.380         30 0.0000e+00
      46400   1933.285    498.095    502.000     8.1593     8.1643   3.658318   3.658703     1.6435     1.3512      43.39   27.00292  -79.68280   -0.00067   -0.00057     2.7450     2.7931     8.1069     8.1119    34.9972    34.9962    27.2556    27.2540    1517.72    119.339    121.431         32 0.0000e+00
      46435   1934.756    499.086    503.000     8.1365     8.1381   3.655958   3.656011     1.6430     1.3506      42.17   27.00292  -79.68280   -0.00055   -0.00053     2.7455     2.7934     8.0841     8.0857    34.9942    34.9931    27.2566    27.2556    1517.66    119.359    121.443         38 0.0000e+00
      46475   1936.403    500.077    504.000     8.0848     8.0866   3.650785   3.650799     1.6421     1.3501      41.22   27.00294  -79.68280   -0.00038   -0.00039     2.7469     2.7961     8.0325     8.0342    34.9898    34.9882    27.2610    27.2595    1517.61    119.423    121.561         39 0.0000e+00
      46511   1937.908    501.068    505.000     8.0517     8.0538   3.647636   3.647648     1.6418     1.3506      40.21   27.00294  -79.68281   -0.00040   -0.00012     2.7489     2.8004     7.9994     8.0015    34.9871    34.9862    27.2639    27.2629    1517.55    119.507    121.747         34 0.0000e+00
      46545   1939.324    502.059    506.000     8.0391     8.0401   3.646257   3.646276     1.6422     1.3513      39.28   27.00296  -79.68282   -0.00016    0.00028     2.7514     2.8038     7.9867     7.9878    34.9860    34.9851    27.2649    27.2641    1517.50    119.618    121.893         35 0.0000e+00
      46579   1940.756    503.050    507.000     8.0282     8.0255   3.645062   3.644858     1.6429     1.3511      38.21   27.00296  -79.68283    0.00027    0.00028     2.7548     2.8046     7.9758     7.9730    34.9851    34.9841    27.2659    27.2655    1517.45    119.766    121.929         33 0.0000e+00
      46613   1942.160    504.041    508.000     7.9689     7.9717   3.639625   3.639474     1.6429     1.3516      37.22   27.00298  -79.68284    0.00031    0.00015     2.7593     2.8107     7.9166     7.9193    34.9808    34.9795    27.2713    27.2699    1517.40    119.957    122.192         35 0.0000e+00
      46648   1943.636    505.032    509.000     7.9007     7.9088   3.632608   3.633148     1.6428     1.3520      36.17   27.00298  -79.68284    0.00003    0.00025     2.7642     2.8168     7.8486     7.8566    34.9761    34.9739    27.2778    27.2748    1517.34    120.170    122.458         36 0.0000e+00
      46685   1945.152    506.023    510.000     7.8456     7.8448   3.627076   3.626917     1.6432     1.3527      35.20   27.00298  -79.68284   -0.00001    0.00029     2.7699     2.8242     7.7935     7.7928    34.9712    34.9703    27.2821    27.2815    1517.29    120.419    122.779         36 0.0000e+00
      46719   1946.580    507.014    511.000     7.8389     7.8395   3.626434   3.626415     1.6451     1.3544      34.22   27.00300  -79.68284    0.00054    0.00061     2.7764     2.8304     7.7867     7.7873    34.9705    34.9698    27.2826    27.2819    1517.23    120.699    123.047         34 0.0000e+00
      46755   1948.103    508.005    512.000     7.7989     7.8094   3.622573   3.623470     1.6469     1.3559      33.15   27.00300  -79.68284    0.00117    0.00101     2.7851     2.8378     7.7468     7.7573    34.9685    34.9676    27.2869    27.2846    1517.18    121.081    123.368         39 0.0000e+00
      46796   1949.793    508.996    513.000     7.7691     7.7690   3.619588   3.619544     1.6478     1.3566      32.10   27.00302  -79.68286    0.00091    0.00081     2.7904     2.8434     7.7170     7.7169    34.9656    34.9653    27.2890    27.2887    1517.13    121.311    123.612         39 0.0000e+00
      46831   1951.263    509.987    514.000     7.7656     7.7647   3.619362   3.619195     1.6492     1.3579      31.25   27.00302  -79.68286    0.00070    0.00060     2.7953     2.8482     7.7134     7.7126    34.9662    34.9653    27.2900    27.2894    1517.07    121.523    123.821         32 0.0000e+00
      46862   1952.550    510.978    515.000     7.7481     7.7429   3.617665   3.617067     1.6502     1.3583      30.27   27.00304  -79.68287    0.00084    0.00058     2.7998     2.8515     7.6959     7.6907    34.9650    34.9637    27.2916    27.2913    1517.02    121.717    123.966         31 0.0000e+00
      46896   1953.940    511.968    516.000     7.7319     7.7337   3.616132   3.616229     1.6508     1.3592      29.15   27.00304  -79.68288    0.00074    0.00055     2.8032     2.8557     7.6797     7.6814    34.9641    34.9634    27.2933    27.2925    1516.96    121.865    124.147         37 0.0000e+00
      46934   1955.546    512.960    517.000     7.7232     7.7215   3.615296   3.615070     1.6512     1.3600      28.13   27.00306  -79.68288    0.00042    0.00060     2.8054     2.8596     7.6709     7.6691    34.9633    34.9627    27.2940    27.2937    1516.92    121.959    124.315         38 0.0000e+00
      46969   1957.015    513.950    518.000     7.7101     7.7141   3.614088   3.614348     1.6518     1.3602      27.14   27.00306  -79.68289    0.00030    0.00044     2.8086     2.8612     7.6577     7.6617    34.9629    34.9618    27.2956    27.2941    1516.86    122.101    124.385         34 0.0000e+00
      47006   1958.550    514.941    519.000     7.6987     7.6984   3.612971   3.612873     1.6520     1.3603      26.13   27.00308  -79.68290    0.00034    0.00015     2.8104     2.8628     7.6463     7.6460    34.9618    34.9611    27.2964    27.2958    1516.81    122.177    124.454         39 0.0000e+00
      47043   1960.092    515.932    520.000     7.6736     7.6709   3.610589   3.610213     1.6523     1.3607      25.12   27.00308  -79.68290    0.00019    0.00009     2.8135     2.8665     7.6212     7.6185    34.9607    34.9594    27.2992    27.2985    1516.75    122.311    124.615         34 0.0000e+00
