GOMECC/GOMECC-4/1db/drb2103_0281.cnv
* Sea-Bird SBE 9 Data File:
* FileName = C:\Users\scs.user.rb\CTD\GOMECC4\data\rb2103_0281.hex
* Software Version Seasave V 7.26.7.107
* Temperature SN = 4799
* Conductivity SN = 3860
* Number of Bytes Per Scan = 41
* Number of Voltage Words = 4
* Number of Scans Averaged by the Deck Unit = 1
* NMEA Latitude = 27 59.98 N
* NMEA Longitude = 086 37.19 W
* NMEA UTC (Time) = Sep 21 2021  18:09:14
* NMEA baud rate = 4800
# nquan = 28
# nvalues = 201                         
# units = specified
# name 0 = scan: Scan Count
# name 1 = timeS: Time, Elapsed [seconds]
# name 2 = depSM: Depth [salt water, m]
# name 3 = prDM: Pressure, Digiquartz [db]
# name 4 = t090C: Temperature [ITS-90, deg C]
# name 5 = t190C: Temperature, 2 [ITS-90, deg C]
# name 6 = c0S/m: Conductivity [S/m]
# name 7 = c1S/m: Conductivity, 2 [S/m]
# name 8 = sbeox0V: Oxygen raw, SBE 43 [V]
# name 9 = sbeox1V: Oxygen raw, SBE 43, 2 [V]
# name 10 = altM: Altimeter [m]
# name 11 = latitude: Latitude [deg]
# name 12 = longitude: Longitude [deg]
# name 13 = sbox0dV/dT: Oxygen, SBE 43 [dov/dt]
# name 14 = sbox1dV/dT: Oxygen, SBE 43, 2 [dov/dt]
# name 15 = sbeox0ML/L: Oxygen, SBE 43 [ml/l], WS = 5
# name 16 = sbeox1ML/L: Oxygen, SBE 43, 2 [ml/l], WS = 5
# name 17 = potemp090C: Potential Temperature [ITS-90, deg C]
# name 18 = potemp190C: Potential Temperature, 2 [ITS-90, deg C]
# name 19 = sal00: Salinity, Practical [PSU]
# name 20 = sal11: Salinity, Practical, 2 [PSU]
# name 21 = sigma-é00: Density [sigma-theta, kg/m^3]
# name 22 = sigma-é11: Density, 2 [sigma-theta, kg/m^3]
# name 23 = avgsvCM: Average Sound Velocity [Chen-Millero, m/s], minP = 20, minS = 20
# name 24 = sbox0Mm/Kg: Oxygen, SBE 43 [umol/kg], WS = 5
# name 25 = sbox1Mm/Kg: Oxygen, SBE 43, 2 [umol/kg], WS = 5
# name 26 = nbin: number of scans per bin
# name 27 = flag: flag
# span 0 =       8833,      87088       
# span 1 =    367.993,   3628.618       
# span 2 =      4.966,   2960.940       
# span 3 =      5.000,   3002.000       
# span 4 =     4.3611,    29.3045       
# span 5 =     4.3621,    29.3107       
# span 6 =   3.410702,   5.818821       
# span 7 =   3.410644,   5.819306       
# span 8 =     1.7435,     3.1305       
# span 9 =     1.4366,     2.6587       
# span 10 =      10.42,     100.22      
# span 11 =   27.99826,   27.99963      
# span 12 =  -86.62044,  -86.61828      
# span 13 =   -0.03904,    0.03345      
# span 14 =   -0.03639,    0.03439      
# span 15 =     2.5702,     4.6649      
# span 16 =     2.5985,     4.6974      
# span 17 =     4.0816,    29.2964      
# span 18 =     4.0826,    29.3027      
# span 19 =    33.1801,    36.4784      
# span 20 =    33.1971,    36.4788      
# span 21 =    20.8504,    27.7580      
# span 22 =    20.8641,    27.7564      
# span 23 =       0.00,    1543.20      
# span 24 =    111.846,    202.706      
# span 25 =    113.081,    204.121      
# span 26 =         30,         77      
# span 27 = 0.0000e+00, 0.0000e+00      
# interval = decibars: 1                
# start_time = Sep 21 2021 18:09:14 [NMEA time, header]
# bad_flag = -9.990e-29
*END*
       8833    367.993      4.966      5.000    28.5408    28.5381   5.416668   5.419372     3.1276     2.6587     100.00   27.99963  -86.62000   -0.00079   -0.00015     4.4408     4.4465    28.5396    28.5369    33.1801    33.1971    20.8504    20.8641       0.00    194.274    194.525         37 0.0000e+00
       8911    371.269      5.960      6.000    28.5650    28.5686   5.440955   5.443918     3.1305     2.6566     100.00   27.99962  -86.62000    0.00042   -0.00018     4.4414     4.4383    28.5636    28.5672    33.3335    33.3447    20.9577    20.9650       0.00    194.281    194.144         65 0.0000e+00
       8978    374.034      6.953      7.000    28.5894    28.5906   5.459581   5.461081     3.1299     2.6568      91.57   27.99962  -86.62000    0.00009   -0.00012     4.4357     4.4335    28.5878    28.5889    33.4374    33.4470    21.0277    21.0345       0.00    194.020    193.920         63 0.0000e+00
       9041    376.669      7.947      8.000    28.6011    28.6182   5.464968   5.473373     3.1271     2.6574      91.47   27.99962  -86.62000   -0.00089    0.00041     4.4297     4.4314    28.5998    28.6163    33.4656    33.5119    21.0450    21.0743       0.00    193.753    193.821         66 0.0000e+00
       9105    379.316      8.940      9.000    28.6396    28.6567   5.485215   5.493817     3.1258     2.6547      72.37   27.99962  -86.62000   -0.00097   -0.00087     4.4219     4.4209    28.6375    28.6546    33.5780    33.6252    21.1169    21.1467       0.00    193.397    193.350         59 0.0000e+00
       9162    381.708      9.933     10.000    28.6847    28.6806   5.508677   5.505833     3.1245     2.6514     100.00   27.99962  -86.62000   -0.00010   -0.00169     4.4134     4.4113    28.6823    28.6782    33.7074    33.6907    21.1992    21.1881       0.00    193.010    192.922         57 0.0000e+00
       9220    384.132     10.927     11.000    28.7013    28.7004   5.519075   5.517974     3.1224     2.6510      99.97   27.99962  -86.62000   -0.00092   -0.00020     4.4074     4.4079    28.6986    28.6977    33.7670    33.7602    21.2386    21.2337       0.00    192.739    192.766         60 0.0000e+00
       9276    386.442     11.920     12.000    28.7062    28.7075   5.523672   5.524052     3.1179     2.6472      99.65   27.99962  -86.62000   -0.00125   -0.00118     4.3985     4.3994    28.7033    28.7047    33.7948    33.7965    21.2579    21.2587       0.00    192.347    192.386         48 0.0000e+00
       9323    388.411     12.913     13.000    28.7086    28.7086   5.525405   5.525381     3.1201     2.6505     100.00   27.99962  -86.62000   -0.00093   -0.00017     4.4026     4.4063    28.7055    28.7055    33.8047    33.8046    21.2646    21.2645       0.00    192.525    192.688         50 0.0000e+00
       9375    390.575     13.906     14.000    28.7080    28.7080   5.525435   5.525458     3.1193     2.6531     100.00   27.99962  -86.62000    0.00058    0.00163     4.4017     4.4120    28.7046    28.7047    33.8051    33.8053    21.2652    21.2653       0.00    192.487    192.939         50 0.0000e+00
       9421    392.510     14.900     15.000    28.7080    28.7110   5.525919   5.526369     3.1214     2.6507      99.92   27.99962  -86.62000    0.00044   -0.00005     4.4061     4.4074    28.7044    28.7073    33.8082    33.8109    21.2676    21.2686       0.00    192.677    192.735         46 0.0000e+00
       9470    394.558     15.893     16.000    28.7142    28.7157   5.527797   5.528206     3.1209     2.6506     100.00   27.99962  -86.62000    0.00010   -0.00059     4.4049     4.4071    28.7104    28.7119    33.8164    33.8181    21.2718    21.2726       0.00    192.625    192.722         52 0.0000e+00
       9520    396.617     16.886     17.000    28.7180    28.7184   5.529249   5.529220     3.1193     2.6513     100.00   27.99962  -86.62000   -0.00017    0.00020     4.4021     4.4089    28.7139    28.7143    33.8234    33.8229    21.2759    21.2754       0.00    192.500    192.800         46 0.0000e+00
       9565    398.508     17.880     18.000    28.7196    28.7222   5.530127   5.530673     3.1198     2.6497     100.00   27.99962  -86.62000   -0.00066   -0.00041     4.4029     4.4055    28.7153    28.7179    33.8268    33.8299    21.2779    21.2794       0.00    192.537    192.652         46 0.0000e+00
       9614    400.541     18.873     19.000    28.7663    28.7679   5.539839   5.542452     3.1205     2.6494     100.00   27.99962  -86.62000    0.00060   -0.00012     4.3997     4.4010    28.7617    28.7633    33.8795    33.8823    21.3022    21.3037       0.00    192.394    192.448         50 0.0000e+00
       9662    402.528     19.866     20.000    28.8285    28.8277   5.561152   5.561015     3.1208     2.6513      99.79   27.99962  -86.62000    0.00001    0.00009     4.3944     4.3990    28.8237    28.8229    33.9635    33.9631    21.3446    21.3446     782.25    192.152    192.353         47 0.0000e+00
       9710    404.558     20.859     21.000    28.8542    28.8553   5.570839   5.571232     3.1216     2.6512     100.00   27.99962  -86.62000    0.00041    0.00070     4.3931     4.3961    28.8491    28.8503    34.0114    34.0133    21.3722    21.3732    1540.67    192.092    192.222         50 0.0000e+00
       9760    406.610     21.853     22.000    28.8750    28.8753   5.579375   5.579460     3.1196     2.6469     100.00   27.99962  -86.62000   -0.00031   -0.00134     4.3873     4.3853    28.8697    28.8700    34.0549    34.0553    21.3980    21.3982    1542.40    191.832    191.746         48 0.0000e+00
       9807    408.586     22.846     23.000    28.8958    28.8960   5.589290   5.589333     3.1199     2.6483      91.45   27.99962  -86.62000   -0.00045   -0.00066     4.3855     4.3860    28.8902    28.8905    34.1079    34.1080    21.4309    21.4310    1542.41    191.748    191.769         48 0.0000e+00
       9855    410.603     23.839     24.000    28.9288    28.9289   5.603418   5.603477     3.1183     2.6493      81.82   27.99961  -86.62000   -0.00036    0.00055     4.3788     4.3844    28.9230    28.9232    34.1810    34.1813    21.4749    21.4751    1542.43    191.446    191.692         48 0.0000e+00
       9905    412.660     24.832     25.000    28.9535    28.9541   5.615078   5.615242     3.1166     2.6519      99.94   27.99960  -86.62000   -0.00073    0.00091     4.3727     4.3865    28.9475    28.9481    34.2431    34.2438    21.5134    21.5137    1542.45    191.172    191.777         51 0.0000e+00
       9955    414.733     25.825     26.000    29.0660    29.0638   5.674152   5.673598     3.1182     2.6488      98.20   27.99960  -86.62000   -0.00027    0.00009     4.3596     4.3652    29.0597    29.0575    34.5673    34.5651    21.7193    21.7184    1542.49    190.563    190.807         48 0.0000e+00
      10002    416.718     26.819     27.000    29.1118    29.1121   5.709584   5.709443     3.1192     2.6471      99.97   27.99960  -86.62000    0.00103   -0.00142     4.3535     4.3538    29.1053    29.1056    34.7770    34.7758    21.8615    21.8605    1542.53    190.268    190.281         49 0.0000e+00
      10052    418.805     27.812     28.000    29.1321    29.1317   5.722579   5.722311     3.1182     2.6455     100.00   27.99960  -86.62000   -0.00025   -0.00072     4.3488     4.3479    29.1254    29.1249    34.8512    34.8496    21.9104    21.9094    1542.59    190.052    190.014         49 0.0000e+00
      10102    420.860     28.805     29.000    29.1539    29.1542   5.737578   5.737451     3.1181     2.6438      89.29   27.99960  -86.61999   -0.00012   -0.00078     4.3454     4.3413    29.1469    29.1471    34.9379    34.9369    21.9683    21.9675    1542.65    189.892    189.713         50 0.0000e+00
      10153    422.981     29.798     30.000    29.1788    29.1799   5.757572   5.757631     3.1159     2.6419      93.73   27.99960  -86.61998   -0.00075   -0.00126     4.3371     4.3334    29.1715    29.1726    35.0567    35.0563    22.0492    22.0486    1542.70    189.516    189.353         50 0.0000e+00
      10200    424.939     30.791     31.000    29.1651    29.1647   5.774185   5.773574     3.1193     2.6469      99.94   27.99960  -86.61998    0.00013    0.00121     4.3417     4.3420    29.1575    29.1572    35.1805    35.1778    22.1469    22.1449    1542.76    189.700    189.714         47 0.0000e+00
      10250    427.050     31.785     32.000    29.2433    29.2390   5.798464   5.797652     3.1249     2.6501     100.00   27.99960  -86.61998    0.00267    0.00194     4.3439     4.3411    29.2356    29.2312    35.2894    35.2870    22.2024    22.2021    1542.82    189.785    189.661         53 0.0000e+00
      10300    429.111     32.778     33.000    29.3045    29.3107   5.818821   5.819306     3.1206     2.6438     100.00   27.99959  -86.61998    0.00039   -0.00055     4.3285     4.3211    29.2964    29.3027    35.3837    35.3824    22.2527    22.2496    1542.89    189.105    188.781         46 0.0000e+00
      10346    431.054     33.771     34.000    29.1807    29.1891   5.805130   5.806165     3.1062     2.6331     100.00   27.99958  -86.61998   -0.00515   -0.00497     4.3137     4.3093    29.1724    29.1808    35.3808    35.3818    22.2922    22.2901    1542.95    188.449    188.256         48 0.0000e+00
      10397    433.173     34.764     35.000    29.0988    29.1054   5.795628   5.796306     3.1024     2.6308      94.73   27.99958  -86.61998   -0.00403   -0.00263     4.3137     4.3113    29.0903    29.0969    35.3760    35.3768    22.3162    22.3146    1543.00    188.445    188.340         52 0.0000e+00
      10447    435.253     35.758     36.000    29.0652    29.0667   5.792784   5.793080     3.1018     2.6290      99.96   27.99958  -86.61998   -0.00120   -0.00129     4.3156     4.3107    29.0565    29.0580    35.3808    35.3816    22.3311    22.3312    1543.05    188.524    188.310         47 0.0000e+00
      10494    437.188     36.751     37.000    29.0402    29.0433   5.791359   5.791685     3.1023     2.6287      72.49   27.99958  -86.61997    0.00034    0.00005     4.3185     4.3128    29.0312    29.0343    35.3885    35.3889    22.3453    22.3446    1543.09    188.649    188.400         49 0.0000e+00
      10546    439.377     37.744     38.000    29.0362    29.0368   5.795765   5.795924     3.0996     2.6282      75.01   27.99958  -86.61996   -0.00075   -0.00096     4.3138     4.3112    29.0270    29.0276    35.4222    35.4229    22.3721    22.3724    1543.13    188.438    188.326         53 0.0000e+00
      10593    441.326     38.737     39.000    29.0184    29.0370   5.802696   5.803775     3.0953     2.6230      76.86   27.99957  -86.61996   -0.00164   -0.00055     4.3063     4.3016    29.0090    29.0276    35.4773    35.4742    22.4194    22.4109    1543.17    188.103    187.898         43 0.0000e+00
      10639    443.267     39.730     40.000    28.5265    28.5448   5.754247   5.755774     3.0638     2.5944      95.48   27.99956  -86.61996   -0.00775   -0.00777     4.2861     4.2767    28.5169    28.5353    35.5137    35.5107    22.6107    22.6023    1543.20    187.183    186.777         52 0.0000e+00
      10692    445.471     40.723     41.000    28.1468    28.1502   5.713152   5.713635     3.0164     2.5545      94.24   27.99956  -86.61996   -0.02031   -0.01769     4.2409     4.2331    28.1372    28.1405    35.5116    35.5125    22.7345    22.7340    1543.20    185.188    184.849         50 0.0000e+00
      10740    447.445     41.716     42.000    27.8540    27.8586   5.683705   5.683908     2.9684     2.5055     100.02   27.99956  -86.61996   -0.02252   -0.02169     4.1606     4.1432    27.8418    27.8488    35.5269    35.5269    22.8427    22.8421    1543.19    181.665    180.902         46 0.0000e+00
      10787    449.437     42.709     43.000    27.8008    27.8027   5.682760   5.682962     2.9421     2.4904     100.00   27.99956  -86.61996   -0.02057   -0.01757     4.1166     4.1167    27.7907    27.7926    35.5585    35.5585    22.8831    22.8825    1543.17    179.734    179.739         51 0.0000e+00
      10839    451.599     43.703     44.000    27.7991    27.8030   5.713368   5.713116     2.9526     2.5113      85.34   27.99956  -86.61996   -0.00374    0.00176     4.1316     4.1552    27.7887    27.7926    35.7756    35.8046    23.0471    23.0677    1543.14    180.362    181.393         52 0.0000e+00
      10889    453.682     44.696     45.000    27.8040    27.8046   5.741334   5.741686     3.0155     2.5797     100.11   27.99956  -86.61996    0.02015    0.02347     4.2439     4.2913    27.7933    27.7940    35.9692    35.9708    23.1913    23.1923    1543.13    185.238    187.307         47 0.0000e+00
      10936    455.622     45.689     46.000    27.8209    27.8216   5.749607   5.749921     3.0646     2.6124     100.00   27.99956  -86.61996    0.03095    0.02744     4.3325     4.3562    27.8101    27.8108    36.0142    36.0159    23.2198    23.2208    1543.12    189.100    190.134         48 0.0000e+00
      10986    457.695     46.682     47.000    27.8006    27.8015   5.752148   5.752399     3.0765     2.6210     100.00   27.99956  -86.61996    0.01265    0.00863     4.3518     4.3742    27.7895    27.7905    36.0475    36.0487    23.2515    23.2521    1543.12    189.935    190.912         51 0.0000e+00
      11037    459.818     47.675     48.000    27.7061    27.7062   5.743692   5.743836     3.0897     2.6297     100.00   27.99956  -86.61998    0.00563    0.00401     4.3879     4.4000    27.6948    27.6949    36.0600    36.0610    23.2918    23.2925    1543.11    191.502    192.031         50 0.0000e+00
      11085    461.830     48.668     49.000    27.4778    27.4769   5.735263   5.735033     3.0888     2.6281     100.00   27.99956  -86.61998    0.00335    0.00183     4.4013     4.4113    27.4720    27.4654    36.1717    36.1752    23.4484    23.4531    1543.09    192.060    192.492         46 0.0000e+00
      11131    463.758     49.662     50.000    27.2969    27.2967   5.735747   5.736065     3.0858     2.6253      97.78   27.99956  -86.61998   -0.00112   -0.00101     4.4073     4.4157    27.2854    27.2851    36.3196    36.3221    23.6202    23.6222    1543.07    192.286    192.654         49 0.0000e+00
      11182    465.881     50.655     51.000    27.3483    27.3482   5.753522   5.753752     3.0816     2.6173     100.03   27.99956  -86.61998   -0.00175   -0.00278     4.3933     4.3934    27.3364    27.3363    36.4063    36.4080    23.6690    23.6703    1543.05    191.669    191.673         50 0.0000e+00
      11228    467.788     51.648     52.000    27.1377    27.1362   5.733493   5.733295     3.0660     2.6071     100.00   27.99956  -86.61998   -0.00437   -0.00450     4.3812     4.3882    27.1257    27.1242    36.4273    36.4271    23.7529    23.7532    1543.03    191.126    191.431         40 0.0000e+00
      11263    469.236     52.641     53.000    26.9783    26.9787   5.717052   5.717210     3.0539     2.5996      77.28   27.99954  -86.61998   -0.00817   -0.00544     4.3714     4.3847    26.9661    26.9665    36.4340    36.4348    23.8093    23.8097    1543.00    190.684    191.267         32 0.0000e+00
      11294    470.546     53.634     54.000    26.8404    26.8404   5.704518   5.704533     3.0485     2.5916      85.71   27.99955  -86.61998   -0.00800   -0.00560     4.3703     4.3766    26.8281    26.8280    36.4518    36.4519    23.8669    23.8669    1542.97    190.628    190.907         30 0.0000e+00
      11324    471.797     54.627     55.000    26.7055    26.7038   5.689780   5.689643     3.0347     2.5760     100.06   27.99954  -86.61998   -0.00646   -0.00668     4.3586     4.3580    26.6929    26.6913    36.4514    36.4517    23.9097    23.9105    1542.94    190.108    190.083         31 0.0000e+00
