GOMECC/GOMECC-4/1db/drb2103_0231.cnv
* Sea-Bird SBE 9 Data File:
* FileName = C:\Users\scs.user.rb\CTD\GOMECC4\data\rb2103_0231.hex
* Software Version Seasave V 7.26.7.107
* Temperature SN = 4799
* Conductivity SN = 3860
* Number of Bytes Per Scan = 41
* Number of Voltage Words = 4
* Number of Scans Averaged by the Deck Unit = 1
* NMEA Latitude = 28 51.94 N
* NMEA Longitude = 085 55.30 W
* NMEA UTC (Time) = Sep 21 2021  03:02:09
* NMEA baud rate = 4800
# nquan = 28
# nvalues = 235                         
# units = specified
# name 0 = scan: Scan Count
# name 1 = timeS: Time, Elapsed [seconds]
# name 2 = depSM: Depth [salt water, m]
# name 3 = prDM: Pressure, Digiquartz [db]
# name 4 = t090C: Temperature [ITS-90, deg C]
# name 5 = t190C: Temperature, 2 [ITS-90, deg C]
# name 6 = c0S/m: Conductivity [S/m]
# name 7 = c1S/m: Conductivity, 2 [S/m]
# name 8 = sbeox0V: Oxygen raw, SBE 43 [V]
# name 9 = sbeox1V: Oxygen raw, SBE 43, 2 [V]
# name 10 = altM: Altimeter [m]
# name 11 = latitude: Latitude [deg]
# name 12 = longitude: Longitude [deg]
# name 13 = sbox0dV/dT: Oxygen, SBE 43 [dov/dt]
# name 14 = sbox1dV/dT: Oxygen, SBE 43, 2 [dov/dt]
# name 15 = sbeox0ML/L: Oxygen, SBE 43 [ml/l], WS = 5
# name 16 = sbeox1ML/L: Oxygen, SBE 43, 2 [ml/l], WS = 5
# name 17 = potemp090C: Potential Temperature [ITS-90, deg C]
# name 18 = potemp190C: Potential Temperature, 2 [ITS-90, deg C]
# name 19 = sal00: Salinity, Practical [PSU]
# name 20 = sal11: Salinity, Practical, 2 [PSU]
# name 21 = sigma-é00: Density [sigma-theta, kg/m^3]
# name 22 = sigma-é11: Density, 2 [sigma-theta, kg/m^3]
# name 23 = avgsvCM: Average Sound Velocity [Chen-Millero, m/s], minP = 20, minS = 20
# name 24 = sbox0Mm/Kg: Oxygen, SBE 43 [umol/kg], WS = 5
# name 25 = sbox1Mm/Kg: Oxygen, SBE 43, 2 [umol/kg], WS = 5
# name 26 = nbin: number of scans per bin
# name 27 = flag: flag
# span 0 =      21061,      35761       
# span 1 =    877.497,   1490.016       
# span 2 =      4.966,    245.195       
# span 3 =      5.000,    247.000       
# span 4 =    12.2038,    28.8524       
# span 5 =    12.2064,    28.8537       
# span 6 =   4.084020,   5.782293       
# span 7 =   4.084286,   5.782622       
# span 8 =     1.6770,     3.1176       
# span 9 =     1.3770,     2.6523       
# span 10 =      11.22,     100.82      
# span 11 =   28.85678,   28.86050      
# span 12 =  -85.92604,  -85.91560      
# span 13 =   -0.02971,    0.01393      
# span 14 =   -0.02741,    0.01602      
# span 15 =     2.4858,     4.4300      
# span 16 =     2.5216,     4.4626      
# span 17 =    12.1710,    28.8435      
# span 18 =    12.1748,    28.8448      
# span 19 =    34.6754,    36.5621      
# span 20 =    34.6766,    36.5629      
# span 21 =    21.9970,    26.9623      
# span 22 =    21.9975,    26.9620      
# span 23 =       0.00,    1557.58      
# span 24 =    108.100,    193.112      
# span 25 =    109.659,    194.540      
# span 26 =         32,         66      
# span 27 = 0.0000e+00, 0.0000e+00      
# interval = decibars: 1                
# start_time = Sep 21 2021 03:02:09 [NMEA time, header]
# bad_flag = -9.990e-29
*END*
[from data line 156]
      28375   1182.234    159.856    161.000    15.0310    15.0327   4.409071   4.409322     1.9034     1.5852      97.26   28.86032  -85.92576   -0.00026   -0.00015     2.8448     2.8872    15.0064    15.0083    35.9775    35.9778    26.7246    26.7243    1529.81    123.744    125.588         36 0.0000e+00
      28410   1183.715    160.849    162.000    14.9999    15.0015   4.405490   4.405697     1.9027     1.5836      96.30   28.86032  -85.92576   -0.00036   -0.00061     2.8454     2.8849    14.9751    14.9768    35.9730    35.9733    26.7280    26.7279    1529.69    123.768    125.484         36 0.0000e+00
      28448   1185.296    161.841    163.000    14.9699    14.9726   4.401978   4.402284     1.9023     1.5822      95.32   28.86032  -85.92576   -0.00040   -0.00097     2.8469     2.8839    14.9451    14.9478    35.9680    35.9683    26.7308    26.7304    1529.56    123.833    125.441         39 0.0000e+00
      28485   1186.848    162.834    164.000    14.9280    14.9312   4.397026   4.397408     1.9019     1.5821      94.42   28.86032  -85.92576   -0.00030   -0.00073     2.8492     2.8864    14.9030    14.9063    35.9610    35.9615    26.7346    26.7343    1529.45    123.934    125.551         36 0.0000e+00
      28521   1188.341    163.826    165.000    14.8249    14.8232   4.384830   4.384576     1.8996     1.5806      93.37   28.86032  -85.92576   -0.00056   -0.00034     2.8501     2.8891    14.8000    14.7982    35.9436    35.9429    26.7439    26.7438    1529.33    123.970    125.665         35 0.0000e+00
      28556   1189.786    164.819    166.000    14.7846    14.7871   4.380022   4.380296     1.8955     1.5756      92.45   28.86032  -85.92576   -0.00156   -0.00136     2.8436     2.8792    14.7595    14.7620    35.9363    35.9365    26.7472    26.7468    1529.21    123.688    125.236         35 0.0000e+00
      28593   1191.321    165.811    167.000    14.7432    14.7460   4.375214   4.375526     1.8899     1.5688      91.32   28.86032  -85.92576   -0.00314   -0.00347     2.8326     2.8643    14.7181    14.7208    35.9299    35.9302    26.7513    26.7509    1529.10    123.210    124.585         39 0.0000e+00
      28632   1192.957    166.804    168.000    14.6882    14.6919   4.368817   4.369203     1.8837     1.5653      90.39   28.86032  -85.92576   -0.00389   -0.00367     2.8220     2.8587    14.6629    14.6666    35.9215    35.9216    26.7568    26.7562    1528.98    122.746    124.343         38 0.0000e+00
      28667   1194.420    167.796    169.000    14.6034    14.6078   4.358875   4.359306     1.8826     1.5653      89.46   28.86030  -85.92576   -0.00268   -0.00187     2.8253     2.8644    14.5781    14.5825    35.9078    35.9077    26.7648    26.7638    1528.86    122.889    124.590         33 0.0000e+00
      28700   1195.808    168.789    170.000    14.5480    14.5505   4.352515   4.352774     1.8833     1.5667      88.58   28.86030  -85.92576   -0.00095   -0.00016     2.8309     2.8720    14.5226    14.5251    35.8999    35.9000    26.7707    26.7703    1528.74    123.131    124.918         35 0.0000e+00
      28739   1197.413    169.781    171.000    14.5361    14.5375   4.351160   4.351326     1.8859     1.5694      87.41   28.86030  -85.92576    0.00073    0.00111     2.8383     2.8803    14.5106    14.5120    35.8980    35.8982    26.7718    26.7718    1528.62    123.455    125.282         41 0.0000e+00
      28777   1199.015    170.773    172.000    14.5226    14.5238   4.349623   4.349758     1.8870     1.5694      86.48   28.86030  -85.92576    0.00124    0.00117     2.8422     2.8815    14.4969    14.4981    35.8959    35.8960    26.7732    26.7731    1528.51    123.622    125.334         35 0.0000e+00
      28811   1200.422    171.766    173.000    14.5089    14.5110   4.348053   4.348303     1.8876     1.5691      85.52   28.86030  -85.92574    0.00079    0.00020     2.8450     2.8820    14.4831    14.4852    35.8936    35.8940    26.7745    26.7743    1528.39    123.742    125.353         34 0.0000e+00
      28847   1201.927    172.759    174.000    14.4913    14.4927   4.346026   4.346184     1.8868     1.5694      84.53   28.86030  -85.92574    0.00024   -0.00017     2.8445     2.8844    14.4654    14.4668    35.8908    35.8909    26.7761    26.7759    1528.28    123.721    125.459         39 0.0000e+00
      28886   1203.530    173.751    175.000    14.4728    14.4747   4.343945   4.344159     1.8856     1.5693      83.50   28.86030  -85.92574   -0.00059    0.00016     2.8432     2.8856    14.4468    14.4487    35.8882    35.8884    26.7781    26.7779    1528.17    123.664    125.511         36 0.0000e+00
      28921   1205.000    174.743    176.000    14.4388    14.4427   4.339931   4.340306     1.8861     1.5699      82.55   28.86030  -85.92574   -0.00041    0.00016     2.8470     2.8896    14.4126    14.4165    35.8822    35.8820    26.7808    26.7799    1528.06    123.832    125.684         36 0.0000e+00
      28958   1206.541    175.736    177.000    14.3387    14.3432   4.328256   4.328705     1.8848     1.5681      81.47   28.86030  -85.92574   -0.00011   -0.00017     2.8507     2.8915    14.3125    14.3170    35.8663    35.8663    26.7902    26.7892    1527.95    123.990    125.766         37 0.0000e+00
      28994   1208.042    176.728    178.000    14.2717    14.2746   4.320504   4.320782     1.8825     1.5657      80.57   28.86030  -85.92574   -0.00088   -0.00102     2.8499     2.8898    14.2455    14.2483    35.8560    35.8560    26.7966    26.7960    1527.84    123.955    125.689         35 0.0000e+00
      29030   1209.539    177.721    179.000    14.2208    14.2234   4.314526   4.314781     1.8805     1.5642      79.54   28.86030  -85.92574   -0.00145   -0.00150     2.8488     2.8894    14.1945    14.1971    35.8473    35.8472    26.8008    26.8002    1527.72    123.908    125.674         37 0.0000e+00
      29067   1211.074    178.713    180.000    14.1773    14.1779   4.309506   4.309558     1.8791     1.5633      78.57   28.86030  -85.92574   -0.00117   -0.00094     2.8485     2.8905    14.1509    14.1514    35.8406    35.8405    26.8049    26.8048    1527.62    123.892    125.719         37 0.0000e+00
      29103   1212.597    179.705    181.000    14.1519    14.1536   4.306556   4.306719     1.8761     1.5607      77.58   28.86030  -85.92574   -0.00124   -0.00082     2.8433     2.8853    14.1254    14.1271    35.8363    35.8362    26.8071    26.8066    1527.51    123.667    125.494         36 0.0000e+00
      29139   1214.089    180.698    182.000    14.1127    14.1171   4.301969   4.302457     1.8717     1.5557      76.60   28.86030  -85.92574   -0.00213   -0.00205     2.8354     2.8747    14.0861    14.0905    35.8295    35.8300    26.8102    26.8096    1527.39    123.321    125.034         36 0.0000e+00
      29177   1215.665    181.690    183.000    14.0350    14.0393   4.292957   4.293371     1.8672     1.5509      75.57   28.86030  -85.92574   -0.00278   -0.00306     2.8297     2.8672    14.0083    14.0126    35.8173    35.8171    26.8172    26.8162    1527.29    123.074    124.703         38 0.0000e+00
      29214   1217.205    182.683    184.000    13.9771    13.9793   4.286275   4.286475     1.8607     1.5434      74.52   28.86030  -85.92574   -0.00325   -0.00356     2.8178     2.8510    13.9503    13.9525    35.8083    35.8082    26.8226    26.8220    1527.18    122.554    124.000         36 0.0000e+00
      29249   1218.662    183.675    185.000    13.9243    13.9272   4.280187   4.280485     1.8524     1.5345      73.65   28.86028  -85.92572   -0.00439   -0.00496     2.8011     2.8306    13.8974    13.9004    35.8001    35.8001    26.8274    26.8268    1527.06    121.829    123.110         35 0.0000e+00
      29285   1220.176    184.668    186.000    13.9015    13.9041   4.277571   4.277858     1.8450     1.5283      72.57   28.86028  -85.92572   -0.00537   -0.00549     2.7847     2.8162    13.8746    13.8771    35.7964    35.7967    26.8294    26.8291    1526.96    121.114    122.486         37 0.0000e+00
      29322   1221.716    185.660    187.000    13.8318    13.8358   4.269515   4.269731     1.8388     1.5248      71.72   28.86028  -85.92572   -0.00468   -0.00384     2.7740     2.8098    13.8048    13.8088    35.7838    35.7837    26.8343    26.8334    1526.85    120.650    122.208         37 0.0000e+00
      29358   1223.198    186.652    188.000    13.7957    13.7973   4.265179   4.265330     1.8367     1.5240      70.58   28.86028  -85.92572   -0.00331   -0.00206     2.7717     2.8117    13.7686    13.7702    35.7780    35.7779    26.8374    26.8370    1526.74    120.548    122.287         35 0.0000e+00
      29394   1224.716    187.645    189.000    13.7669    13.7697   4.261866   4.262107     1.8372     1.5253      69.67   28.86028  -85.92572   -0.00143   -0.00034     2.7751     2.8173    13.7397    13.7425    35.7734    35.7733    26.8399    26.8392    1526.64    120.697    122.533         38 0.0000e+00
      29432   1226.299    188.637    190.000    13.7395    13.7412   4.258708   4.258874     1.8370     1.5251      68.57   28.86028  -85.92570   -0.00002    0.00048     2.7767     2.8189    13.7122    13.7139    35.7687    35.7688    26.8421    26.8418    1526.53    120.768    122.601         37 0.0000e+00
      29469   1227.845    189.630    191.000    13.7242    13.7267   4.256953   4.257219     1.8357     1.5221      67.66   28.86028  -85.92570   -0.00025   -0.00060     2.7748     2.8119    13.6967    13.6993    35.7662    35.7663    26.8433    26.8429    1526.43    120.685    122.296         37 0.0000e+00
      29504   1229.293    190.622    192.000    13.6993    13.7018   4.254093   4.254353     1.8320     1.5180      66.66   28.86028  -85.92570   -0.00112   -0.00182     2.7683     2.8039    13.6717    13.6743    35.7621    35.7622    26.8454    26.8449    1526.34    120.401    121.947         34 0.0000e+00
      29540   1230.781    191.614    193.000    13.6471    13.6498   4.248193   4.248451     1.8252     1.5114      65.76   28.86028  -85.92570   -0.00275   -0.00310     2.7544     2.7885    13.6195    13.6222    35.7548    35.7548    26.8507    26.8501    1526.22    119.794    121.277         37 0.0000e+00
      29578   1232.362    192.607    194.000    13.6293    13.6307   4.246237   4.246377     1.8171     1.5035      64.66   28.86028  -85.92570   -0.00461   -0.00452     2.7356     2.7684    13.6015    13.6030    35.7527    35.7526    26.8528    26.8524    1526.11    118.979    120.404         38 0.0000e+00
      29614   1233.861    193.599    195.000    13.6109    13.6128   4.244117   4.244305     1.8123     1.4990      63.79   28.86028  -85.92570   -0.00469   -0.00448     2.7253     2.7577    13.5830    13.5850    35.7495    35.7494    26.8541    26.8537    1526.01    118.530    119.939         34 0.0000e+00
      29650   1235.358    194.591    196.000    13.5818    13.5837   4.240775   4.240948     1.8094     1.4975      62.67   28.86028  -85.92570   -0.00307   -0.00270     2.7203     2.7557    13.5539    13.5558    35.7447    35.7445    26.8565    26.8560    1525.91    118.312    119.851         39 0.0000e+00
      29689   1237.001    195.584    197.000    13.5522    13.5521   4.237377   4.237318     1.8076     1.4960      66.02   28.86028  -85.92570   -0.00179   -0.00124     2.7181     2.7539    13.5242    13.5241    35.7399    35.7394    26.8589    26.8586    1525.81    118.215    119.772         38 0.0000e+00
      29723   1238.435    196.576    198.000    13.5217    13.5251   4.233791   4.234118     1.8097     1.5007      78.58   28.86028  -85.92570   -0.00062    0.00011     2.7256     2.7688    13.4935    13.4970    35.7342    35.7340    26.8608    26.8600    1525.71    118.540    120.420         32 0.0000e+00
      29757   1239.823    197.568    199.000    13.4620    13.4648   4.227011   4.227253     1.8137     1.5053      60.18   28.86028  -85.92570    0.00134    0.00249     2.7397     2.7857    13.4338    13.4365    35.7255    35.7252    26.8665    26.8657    1525.61    119.156    121.153         36 0.0000e+00
      29796   1241.439    198.560    200.000    13.4269    13.4288   4.223042   4.223185     1.8154     1.5066      58.70   28.86027  -85.92570    0.00216    0.00269     2.7467     2.7918    13.3986    13.4005    35.7204    35.7199    26.8698    26.8691    1525.51    119.457    121.420         40 0.0000e+00
      29835   1243.080    199.553    201.000    13.4024    13.4037   4.220183   4.220310     1.8155     1.5053      57.75   28.86026  -85.92570    0.00091    0.00045     2.7489     2.7900    13.3740    13.3753    35.7158    35.7158    26.8714    26.8710    1525.40    119.553    121.340         37 0.0000e+00
      29870   1244.528    200.545    202.000    13.3673    13.3706   4.216142   4.216465     1.8141     1.5032      56.81   28.86026  -85.92570   -0.00011   -0.00089     2.7479     2.7868    13.3388    13.3421    35.7100    35.7100    26.8741    26.8734    1525.31    119.510    121.200         35 0.0000e+00
      29905   1245.997    201.537    203.000    13.3300    13.3351   4.211897   4.212447     1.8116     1.5005      55.80   28.86026  -85.92570   -0.00097   -0.00146     2.7444     2.7820    13.3014    13.3065    35.7043    35.7047    26.8774    26.8766    1525.21    119.357    120.993         35 0.0000e+00
      29941   1247.506    202.530    204.000    13.3103    13.3133   4.209607   4.209923     1.8094     1.4983      54.75   28.86026  -85.92570   -0.00152   -0.00163     2.7406     2.7776    13.2816    13.2846    35.7007    35.7008    26.8786    26.8781    1525.10    119.193    120.802         37 0.0000e+00
      29979   1249.066    203.522    205.000    13.2979    13.2989   4.208195   4.208263     1.8065     1.4958      53.77   28.86026  -85.92570   -0.00164   -0.00156     2.7345     2.7722    13.2691    13.2701    35.6984    35.6981    26.8794    26.8790    1525.01    118.924    120.566         38 0.0000e+00
      30015   1250.599    204.514    206.000    13.2445    13.2502   4.202321   4.202731     1.8022     1.4913      52.85   28.86026  -85.92570   -0.00205   -0.00184     2.7257     2.7614    13.2156    13.2213    35.6900    35.6903    26.8839    26.8829    1524.91    118.542    120.096         36 0.0000e+00
      30051   1252.079    205.507    207.000    13.2268    13.2284   4.200130   4.200274     1.7935     1.4813      51.81   28.86026  -85.92570   -0.00348   -0.00380     2.7068     2.7375    13.1978    13.1994    35.6877    35.6875    26.8857    26.8852    1524.81    117.721    119.054         35 0.0000e+00
      30088   1253.621    206.499    208.000    13.2077    13.2106   4.198010   4.198301     1.7848     1.4740      50.81   28.86026  -85.92570   -0.00546   -0.00571     2.6878     2.7200    13.1786    13.1815    35.6850    35.6851    26.8876    26.8870    1524.73    116.895    118.295         39 0.0000e+00
      30127   1255.247    207.491    209.000    13.1629    13.1658   4.192866   4.193142     1.7781     1.4680      49.75   28.86026  -85.92570   -0.00519   -0.00458     2.6722     2.7049    13.1337    13.1366    35.6776    35.6776    26.8910    26.8903    1524.63    116.216    117.639         38 0.0000e+00
      30162   1256.700    208.484    210.000    13.1506    13.1527   4.191485   4.191700     1.7699     1.4586      48.87   28.86026  -85.92570   -0.00459   -0.00442     2.6531     2.6806    13.1213    13.1234    35.6756    35.6757    26.8919    26.8916    1524.54    115.385    116.583         32 0.0000e+00
      30194   1258.030    209.476    211.000    13.1297    13.1315   4.189117   4.189265     1.7609     1.4502      47.93   28.86026  -85.92570   -0.00557   -0.00590     2.6321     2.6591    13.1003    13.1020    35.6723    35.6721    26.8936    26.8931    1524.44    114.472    115.646         33 0.0000e+00
