GOMECC/GOMECC-4/1db/drb2103_0301.cnv
* Sea-Bird SBE 9 Data File:
* FileName = C:\Users\scs.user.rb\CTD\GOMECC4\data\rb2103_0301.hex
* Software Version Seasave V 7.26.7.107
* Temperature SN = 4799
* Conductivity SN = 3860
* Number of Bytes Per Scan = 41
* Number of Voltage Words = 4
* Number of Scans Averaged by the Deck Unit = 1
* NMEA Latitude = 27 00.64 N
* NMEA Longitude = 086 59.98 W
* NMEA UTC (Time) = Sep 22 2021  07:53:47
* NMEA baud rate = 4800
# nquan = 28
# nvalues = 233                         
# units = specified
# name 0 = scan: Scan Count
# name 1 = timeS: Time, Elapsed [seconds]
# name 2 = depSM: Depth [salt water, m]
# name 3 = prDM: Pressure, Digiquartz [db]
# name 4 = t090C: Temperature [ITS-90, deg C]
# name 5 = t190C: Temperature, 2 [ITS-90, deg C]
# name 6 = c0S/m: Conductivity [S/m]
# name 7 = c1S/m: Conductivity, 2 [S/m]
# name 8 = sbeox0V: Oxygen raw, SBE 43 [V]
# name 9 = sbeox1V: Oxygen raw, SBE 43, 2 [V]
# name 10 = altM: Altimeter [m]
# name 11 = latitude: Latitude [deg]
# name 12 = longitude: Longitude [deg]
# name 13 = sbox0dV/dT: Oxygen, SBE 43 [dov/dt]
# name 14 = sbox1dV/dT: Oxygen, SBE 43, 2 [dov/dt]
# name 15 = sbeox0ML/L: Oxygen, SBE 43 [ml/l], WS = 5
# name 16 = sbeox1ML/L: Oxygen, SBE 43, 2 [ml/l], WS = 5
# name 17 = potemp090C: Potential Temperature [ITS-90, deg C]
# name 18 = potemp190C: Potential Temperature, 2 [ITS-90, deg C]
# name 19 = sal00: Salinity, Practical [PSU]
# name 20 = sal11: Salinity, Practical, 2 [PSU]
# name 21 = sigma-é00: Density [sigma-theta, kg/m^3]
# name 22 = sigma-é11: Density, 2 [sigma-theta, kg/m^3]
# name 23 = avgsvCM: Average Sound Velocity [Chen-Millero, m/s], minP = 20, minS = 20
# name 24 = sbox0Mm/Kg: Oxygen, SBE 43 [umol/kg], WS = 5
# name 25 = sbox1Mm/Kg: Oxygen, SBE 43, 2 [umol/kg], WS = 5
# name 26 = nbin: number of scans per bin
# name 27 = flag: flag
# span 0 =      10050,      92303       
# span 1 =    418.722,   3845.914       
# span 2 =      6.954,   2921.978       
# span 3 =      7.000,   2962.000       
# span 4 =     4.2829,    28.8951       
# span 5 =     4.2834,    28.8958       
# span 6 =   3.344015,   5.866561       
# span 7 =   3.343943,   5.866846       
# span 8 =     1.6274,     3.1150       
# span 9 =     1.3321,     2.6542       
# span 10 =      13.58,     100.21      
# span 11 =   26.99458,   27.00986      
# span 12 =  -86.99968,  -86.99386      
# span 13 =   -0.04189,    0.01998      
# span 14 =   -0.03928,    0.01967      
# span 15 =     2.5426,     4.7119      
# span 16 =     2.5790,     4.7452      
# span 17 =     4.0805,    28.8932      
# span 18 =     4.0816,    28.8938      
# span 19 =    34.9361,    36.8868      
# span 20 =    34.9349,    36.8865      
# span 21 =    22.7037,    27.7587      
# span 22 =    22.7018,    27.7571      
# span 23 =       0.00,    1544.53      
# span 24 =    110.555,    204.748      
# span 25 =    112.137,    206.196      
# span 26 =         30,         71      
# span 27 = 0.0000e+00, 0.0000e+00      
# interval = decibars: 1                
# start_time = Sep 22 2021 07:53:47 [NMEA time, header]
# bad_flag = -9.990e-29
*END*
[from data line 52]
      12798    533.223     58.604     59.000    28.4202    28.4217   5.856804   5.857105     3.0964     2.6311      99.99   27.00904  -86.99952   -0.00171   -0.00091     4.3447     4.3507    28.4061    28.4076    36.3045    36.3055    23.2421    23.2423    1544.52    189.626    189.890         36 0.0000e+00
      12833    534.667     59.597     60.000    28.3967    28.3992   5.855229   5.855582     3.0958     2.6304     100.00   27.00904  -86.99951   -0.00078   -0.00144     4.3457     4.3513    28.3823    28.3849    36.3113    36.3118    23.2550    23.2545    1544.52    189.669    189.914         34 0.0000e+00
      12867    536.084     60.590     61.000    28.3783    28.3799   5.854078   5.854376     3.0929     2.6276      80.88   27.00903  -86.99950   -0.00075   -0.00116     4.3422     4.3474    28.3637    28.3653    36.3170    36.3179    23.2655    23.2656    1544.52    189.512    189.738         33 0.0000e+00
      12899    537.412     61.583     62.000    28.3689    28.3703   5.853453   5.853756     3.0918     2.6250      84.79   27.00902  -86.99950   -0.00145   -0.00173     4.3413     4.3433    28.3541    28.3555    36.3195    36.3206    23.2706    23.2709    1544.52    189.474    189.560         30 0.0000e+00
      12930    538.698     62.576     63.000    28.3640    28.3653   5.853139   5.853436     3.0914     2.6197      99.65   27.00901  -86.99950   -0.00126   -0.00259     4.3414     4.3333    28.3490    28.3503    36.3207    36.3219    23.2732    23.2736    1544.52    189.479    189.124         34 0.0000e+00
      12967    540.246     63.569     64.000    28.3488    28.3516   5.851906   5.852306     3.0902     2.6220     100.00   27.00900  -86.99950   -0.00040   -0.00189     4.3408     4.3394    28.3335    28.3363    36.3235    36.3242    23.2804    23.2800    1544.53    189.451    189.390         40 0.0000e+00
      13007    541.928     64.563     65.000    28.3200    28.3196   5.849929   5.850280     3.0883     2.6226     100.00   27.00898  -86.99950   -0.00091    0.00063     4.3400     4.3430    28.3045    28.3040    36.3313    36.3330    23.2958    23.2972    1544.53    189.413    189.544         38 0.0000e+00
      13041    543.330     65.556     66.000    28.3080    28.3096   5.849128   5.849412     3.0870     2.6212     100.00   27.00896  -86.99950   -0.00098    0.00080     4.3390     4.3415    28.2923    28.2938    36.3348    36.3356    23.3025    23.3026    1544.53    189.365    189.478         31 0.0000e+00
      13073    544.663     66.548     67.000    28.2929    28.2948   5.848033   5.848355     3.0849     2.6169     100.00   27.00896  -86.99950   -0.00103   -0.00174     4.3366     4.3344    28.2770    28.2788    36.3384    36.3392    23.3103    23.3103    1544.53    189.260    189.166         34 0.0000e+00
      13108    546.127     67.542     68.000    28.2879    28.2889   5.847656   5.847923     3.0812     2.6162     100.00   27.00894  -86.99950   -0.00176   -0.00185     4.3307     4.3337    28.2717    28.2727    36.3393    36.3404    23.3127    23.3132    1544.53    189.002    189.135         35 0.0000e+00
      13143    547.576     68.535     69.000    28.2855    28.2868   5.847472   5.847784     3.0809     2.6171     100.00   27.00893  -86.99950   -0.00177   -0.00064     4.3308     4.3362    28.2691    28.2704    36.3395    36.3407    23.3138    23.3142    1544.53    189.006    189.243         35 0.0000e+00
      13178    549.041     69.528     70.000    28.2796    28.2809   5.846534   5.846893     3.0788     2.6154     100.00   27.00892  -86.99949   -0.00111   -0.00026     4.3282     4.3349    28.2629    28.2643    36.3404    36.3415    23.3164    23.3168    1544.53    188.893    189.186         36 0.0000e+00
      13213    550.512     70.521     71.000    28.2297    28.2320   5.842511   5.842889     3.0781     2.6142     100.00   27.00891  -86.99948   -0.00083   -0.00056     4.3309     4.3354    28.2128    28.2151    36.3470    36.3479    23.3380    23.3379    1544.53    189.006    189.204         33 0.0000e+00
      13245    551.846     71.514     72.000    28.2009    28.2042   5.839732   5.840088     3.0772     2.6123     100.00   27.00890  -86.99948   -0.00070   -0.00125     4.3318     4.3339    28.1837    28.1870    36.3494    36.3494    23.3494    23.3482    1544.52    189.045    189.136         31 0.0000e+00
      13278    553.191     72.507     73.000    28.0961    28.0992   5.829842   5.830239     3.0729     2.6121     100.00   27.00890  -86.99948   -0.00123   -0.00073     4.3320     4.3411    28.0788    28.0819    36.3603    36.3607    23.3921    23.3914    1544.52    189.044    189.443         35 0.0000e+00
      13314    554.692     73.500     74.000    28.0071    28.0138   5.821187   5.821691     3.0667     2.6023     100.00   27.00888  -86.99948   -0.00308   -0.00209     4.3288     4.3274    27.9865    27.9964    36.3701    36.3695    23.4299    23.4276    1544.52    188.898    188.836         37 0.0000e+00
      13349    556.167     74.493     75.000    27.8950    27.9004   5.814763   5.815175     3.0612     2.5983     100.00   27.00886  -86.99948   -0.00348   -0.00437     4.3260     4.3271    27.8773    27.8827    36.4088    36.4075    23.4948    23.4920    1544.51    188.763    188.812         33 0.0000e+00
      13381    557.491     75.486     76.000    27.8300    27.8332   5.809871   5.810257     3.0495     2.5865     100.00   27.00886  -86.99948   -0.00497   -0.00538     4.3094     4.3078    27.8121    27.8153    36.4243    36.4245    23.5278    23.5269    1544.50    188.033    187.966         31 0.0000e+00
      13414    558.860     76.479     77.000    27.7542    27.7631   5.803737   5.804501     3.0416     2.5789      82.81   27.00885  -86.99948   -0.00705   -0.00666     4.2994     4.2994    27.7361    27.7450    36.4383    36.4368    23.5632    23.5591    1544.49    187.590    187.594         34 0.0000e+00
      13449    560.315     77.472     78.000    27.7108    27.7132   5.799894   5.800227     3.0326     2.5733      73.09   27.00884  -86.99946   -0.00648   -0.00568     4.2878     4.2898    27.6925    27.6949    36.4455    36.4460    23.5829    23.5825    1544.48    187.082    187.170         36 0.0000e+00
      13483    561.763     78.465     79.000    27.7081    27.7086   5.799754   5.799952     3.0240     2.5669      99.86   27.00882  -86.99946   -0.00606   -0.00420     4.2725     4.2776    27.6896    27.6901    36.4463    36.4473    23.5844    23.5850    1544.46    186.414    186.634         34 0.0000e+00
      13517    563.150     79.459     80.000    27.6824    27.6911   5.797369   5.798326     3.0209     2.5638     100.00   27.00882  -86.99946   -0.00518   -0.00423     4.2686     4.2728    27.6636    27.6723    36.4491    36.4491    23.5950    23.5921    1544.45    186.240    186.426         32 0.0000e+00
      13549    564.517     80.452     81.000    27.6390    27.6419   5.793365   5.793801     3.0183     2.5585     100.00   27.00880  -86.99946   -0.00296   -0.00268     4.2680     4.2658    27.6200    27.6230    36.4541    36.4549    23.6130    23.6126    1544.44    186.210    186.115         34 0.0000e+00
      13584    565.950     81.445     82.000    27.6286    27.6295   5.792478   5.792726     3.0117     2.5565     100.00   27.00879  -86.99946   -0.00267   -0.00318     4.2570     4.2631    27.6093    27.6103    36.4557    36.4566    23.6176    23.6180    1544.43    185.733    185.995         35 0.0000e+00
      13618    567.364     82.438     83.000    27.6001    27.6044   5.790186   5.790709     3.0072     2.5582     100.00   27.00878  -86.99946   -0.00360   -0.00132     4.2512     4.2688    27.5806    27.5850    36.4612    36.4615    23.6311    23.6300    1544.41    185.475    186.242         32 0.0000e+00
      13650    568.698     83.431     84.000    27.5451    27.5491   5.785688   5.786129     3.0024     2.5502     100.00   27.00877  -86.99946   -0.00367   -0.00069     4.2467     4.2564    27.5254    27.5295    36.4718    36.4718    23.6571    23.6557    1544.40    185.273    185.698         33 0.0000e+00
      13683    570.092     84.424     85.000    27.4950    27.4984   5.781186   5.781632     2.9976     2.5443     100.00   27.00876  -86.99946   -0.00346   -0.00393     4.2419     4.2482    27.4752    27.4785    36.4785    36.4790    23.6784    23.6777    1544.39    185.061    185.336         34 0.0000e+00
      13717    571.489     85.417     86.000    27.4502    27.4533   5.776988   5.777417     2.9903     2.5381      95.23   27.00874  -86.99946   -0.00379   -0.00464     4.2321     4.2391    27.4302    27.4332    36.4832    36.4839    23.6966    23.6961    1544.37    184.632    184.936         32 0.0000e+00
      13749    572.837     86.410     87.000    27.3538    27.3619   5.767807   5.768580     2.9807     2.5290      99.89   27.00874  -86.99946   -0.00526   -0.00476     4.2216     4.2270    27.3336    27.3417    36.4928    36.4920    23.7351    23.7319    1544.36    184.166    184.403         33 0.0000e+00
      13784    574.281     87.403     88.000    27.2862    27.2877   5.761586   5.761874     2.9674     2.5140     100.00   27.00872  -86.99944   -0.00745   -0.00700     4.2025     4.2018    27.2657    27.2672    36.5009    36.5018    23.7632    23.7634    1544.34    183.327    183.298         36 0.0000e+00
      13818    575.723     88.396     89.000    27.2729    27.2742   5.760665   5.761004     2.9591     2.5061     100.00   27.00871  -86.99944   -0.00794   -0.00877     4.1875     4.1867    27.2522    27.2535    36.5027    36.5037    23.7689    23.7692    1544.33    182.673    182.638         33 0.0000e+00
      13850    577.044     89.389     90.000    27.2659    27.2670   5.759910   5.760180     2.9546     2.5070      87.76   27.00870  -86.99944   -0.00602   -0.00531     4.1808     4.1893    27.2450    27.2461    36.5042    36.5053    23.7724    23.7728    1544.31    182.378    182.751         31 0.0000e+00
      13882    578.386     90.382     91.000    27.2622    27.2638   5.759698   5.760006     2.9502     2.5071      88.55   27.00870  -86.99944   -0.00386   -0.00073     4.1732     4.1903    27.2411    27.2427    36.5053    36.5063    23.7745    23.7747    1544.29    182.048    182.793         34 0.0000e+00
      13917    579.844     91.375     92.000    27.2523    27.2538   5.758908   5.759220     2.9487     2.5056      99.92   27.00868  -86.99944   -0.00275   -0.00009     4.1717     4.1883    27.2309    27.2325    36.5071    36.5081    23.7791    23.7793    1544.27    181.979    182.706         36 0.0000e+00
      13952    581.283     92.368     93.000    27.2319    27.2339   5.757043   5.757385     2.9446     2.4980     100.00   27.00866  -86.99944   -0.00185   -0.00188     4.1660     4.1744    27.2103    27.2123    36.5094    36.5103    23.7875    23.7875    1544.26    181.729    182.098         33 0.0000e+00
      13984    582.617     93.361     94.000    27.2116    27.2136   5.755320   5.755650     2.9386     2.4911     100.00   27.00866  -86.99944   -0.00278   -0.00446     4.1565     4.1619    27.1898    27.1918    36.5127    36.5134    23.7965    23.7965    1544.24    181.317    181.552         31 0.0000e+00
      14015    583.937     94.354     95.000    27.1942    27.1947   5.753935   5.754206     2.9363     2.4906      96.40   27.00865  -86.99944   -0.00365   -0.00418     4.1540     4.1625    27.1722    27.1727    36.5161    36.5173    23.8048    23.8056    1544.23    181.202    181.576         32 0.0000e+00
      14049    585.353     95.347     96.000    27.1827    27.1844   5.753114   5.753430     2.9327     2.4906     100.00   27.00864  -86.99944   -0.00259   -0.00171     4.1486     4.1636    27.1604    27.1622    36.5190    36.5199    23.8108    23.8109    1544.21    180.966    181.624         36 0.0000e+00
      14085    586.821     96.339     97.000    27.1756    27.1768   5.752599   5.752863     2.9335     2.4924     100.00   27.00862  -86.99944   -0.00145    0.00043     4.1511     4.1685    27.1531    27.1543    36.5205    36.5215    23.8143    23.8146    1544.19    181.075    181.835         34 0.0000e+00
      14118    588.228     97.333     98.000    27.1664    27.1685   5.751848   5.752198     2.9336     2.4876     100.00   27.00862  -86.99942   -0.00032    0.00017     4.1523     4.1596    27.1437    27.1458    36.5220    36.5229    23.8185    23.8184    1544.18    181.129    181.446         33 0.0000e+00
      14151    589.582     98.325     99.000    27.1258    27.1296   5.748244   5.748705     2.9305     2.4798     100.00   27.00860  -86.99942   -0.00005   -0.00297     4.1499     4.1463    27.1029    27.1067    36.5278    36.5281    23.8360    23.8350    1544.16    181.021    180.863         32 0.0000e+00
      14183    590.900     99.318    100.000    27.0702    27.0740   5.743252   5.743698     2.9222     2.4743     100.00   27.00859  -86.99942   -0.00249   -0.00491     4.1387     4.1390    27.0471    27.0509    36.5353    36.5355    23.8596    23.8585    1544.15    180.526    180.542         32 0.0000e+00
      14215    592.249    100.311    101.000    26.9990    27.0055   5.735909   5.736900     2.9131     2.4677     100.00   27.00858  -86.99942   -0.00549   -0.00476     4.1267     4.1300    26.9688    26.9824    36.5437    36.5426    23.8910    23.8869    1544.14    179.999    180.141         34 0.0000e+00
      14250    593.711    101.304    102.000    26.9096    26.9127   5.728797   5.729211     2.9032     2.4549     100.00   27.00857  -86.99942   -0.00649   -0.00570     4.1153     4.1104    26.8862    26.8893    36.5571    36.5577    23.9277    23.9271    1544.12    179.496    179.279         35 0.0000e+00
      14284    595.124    102.297    103.000    26.8739    26.8761   5.725595   5.725944     2.8932     2.4510     100.00   27.00856  -86.99942   -0.00706   -0.00663     4.0996     4.1050    26.8502    26.8524    36.5620    36.5628    23.9428    23.9428    1544.10    178.805    179.042         32 0.0000e+00
      14315    596.433    103.290    104.000    26.8282    26.8320   5.721475   5.721935     2.8872     2.4482     100.00   27.00854  -86.99940   -0.00651   -0.00428     4.0919     4.1026    26.8043    26.8082    36.5680    36.5683    23.9621    23.9611    1544.08    178.469    178.935         32 0.0000e+00
      14347    597.765    104.283    105.000    26.7663    26.7704   5.716289   5.716730     2.8815     2.4413     100.00   27.00854  -86.99940   -0.00510   -0.00279     4.0859     4.0927    26.7423    26.7463    36.5791    36.5791    23.9903    23.9890    1544.06    178.201    178.498         32 0.0000e+00
      14381    599.171    105.276    106.000    26.7159    26.7194   5.712471   5.712859     2.8755     2.4365     100.00   27.00852  -86.99940   -0.00438   -0.00389     4.0803     4.0883    26.6940    26.6952    36.5893    36.5896    24.0134    24.0126    1544.04    177.952    178.303         35 0.0000e+00
      14416    600.641    106.269    107.000    26.4755    26.4815   5.687214   5.687762     2.8631     2.4256     100.00   27.00851  -86.99940   -0.00526   -0.00504     4.0720     4.0801    26.4511    26.4571    36.5984    36.5976    24.0975    24.0950    1544.02    177.575    177.928         35 0.0000e+00
      14449    602.006    107.262    108.000    26.3570    26.3745   5.675670   5.677219     2.8480     2.4129     100.00   27.00850  -86.99940   -0.00808   -0.00662     4.0530     4.0610    26.3325    26.3500    36.6083    36.6056    24.1425    24.1350    1543.99    176.740    177.090         31 0.0000e+00
      14480    603.302    108.255    109.000    26.0178    26.0260   5.638784   5.639594     2.8292     2.3956     100.00   27.00850  -86.99940   -0.01135   -0.00989     4.0424     4.0487    25.9933    26.0016    36.6092    36.6085    24.2501    24.2470    1543.96    176.258    176.535         32 0.0000e+00
