GOMECC/GOMECC-4/1db/drb2103_1121.cnv
* Sea-Bird SBE 9 Data File:
* FileName = C:\Users\scs.user.rb\CTD\GOMECC4\data\rb2103_1121.hex
* Software Version Seasave V 7.26.7.107
* Temperature SN = 4799
* Conductivity SN = 3860
* Number of Bytes Per Scan = 41
* Number of Voltage Words = 4
* Number of Scans Averaged by the Deck Unit = 1
* NMEA Latitude = 22 15.23 N
* NMEA Longitude = 086 48.60 W
* NMEA UTC (Time) = Oct 15 2021  11:26:45
* NMEA baud rate = 4800
# nquan = 28
# nvalues = 115                         
# units = specified
# name 0 = scan: Scan Count
# name 1 = timeS: Time, Elapsed [seconds]
# name 2 = depSM: Depth [salt water, m]
# name 3 = prDM: Pressure, Digiquartz [db]
# name 4 = t090C: Temperature [ITS-90, deg C]
# name 5 = t190C: Temperature, 2 [ITS-90, deg C]
# name 6 = c0S/m: Conductivity [S/m]
# name 7 = c1S/m: Conductivity, 2 [S/m]
# name 8 = sbeox0V: Oxygen raw, SBE 43 [V]
# name 9 = sbeox1V: Oxygen raw, SBE 43, 2 [V]
# name 10 = altM: Altimeter [m]
# name 11 = latitude: Latitude [deg]
# name 12 = longitude: Longitude [deg]
# name 13 = sbox0dV/dT: Oxygen, SBE 43 [dov/dt]
# name 14 = sbox1dV/dT: Oxygen, SBE 43, 2 [dov/dt]
# name 15 = sbeox0ML/L: Oxygen, SBE 43 [ml/l], WS = 5
# name 16 = sbeox1ML/L: Oxygen, SBE 43, 2 [ml/l], WS = 5
# name 17 = potemp090C: Potential Temperature [ITS-90, deg C]
# name 18 = potemp190C: Potential Temperature, 2 [ITS-90, deg C]
# name 19 = sal00: Salinity, Practical [PSU]
# name 20 = sal11: Salinity, Practical, 2 [PSU]
# name 21 = sigma-é00: Density [sigma-theta, kg/m^3]
# name 22 = sigma-é11: Density, 2 [sigma-theta, kg/m^3]
# name 23 = avgsvCM: Average Sound Velocity [Chen-Millero, m/s], minP = 20, minS = 20
# name 24 = sbox0Mm/Kg: Oxygen, SBE 43 [umol/kg], WS = 5
# name 25 = sbox1Mm/Kg: Oxygen, SBE 43, 2 [umol/kg], WS = 5
# name 26 = nbin: number of scans per bin
# name 27 = flag: flag
# span 0 =       9997,      17362       
# span 1 =    416.480,    723.359       
# span 2 =      2.981,    126.168       
# span 3 =      3.000,    127.000       
# span 4 =    17.0653,    28.8944       
# span 5 =    17.0667,    28.8966       
# span 6 =   4.649878,   5.894075       
# span 7 =   4.650113,   5.894464       
# span 8 =     2.0972,     3.1201       
# span 9 =     1.7491,     2.6372       
# span 10 =       6.43,     102.81      
# span 11 =   22.24509,   22.25540      
# span 12 =  -86.81584,  -86.77562      
# span 13 =   -0.04969,    0.01717      
# span 14 =   -0.04334,    0.01625      
# span 15 =     3.0187,     4.3292      
# span 16 =     3.0278,     4.3058      
# span 17 =    17.0445,    28.8927      
# span 18 =    17.0459,    28.8949      
# span 19 =    36.2152,    36.6367      
# span 20 =    36.2163,    36.6386      
# span 21 =    23.0147,    26.4968      
# span 22 =    23.0148,    26.4971      
# span 23 =       0.00,    1548.84      
# span 24 =    131.404,    188.986      
# span 25 =    131.802,    187.959      
# span 26 =         30,         62      
# span 27 = 0.0000e+00, 0.0000e+00      
# interval = decibars: 1                
# start_time = Oct 15 2021 11:26:45 [NMEA time, header]
# bad_flag = -9.990e-29
*END*
[from data line 104]
      14445    601.815    114.250    115.000    17.0729    17.0739   4.650137   4.650338     2.1117     1.7649      19.07   22.25398  -86.81030   -0.00031   -0.00042     3.1787     3.1986    17.0537    17.0547    36.2926    36.2935    26.4939    26.4944    1527.52    138.297    139.161         35 0.0000e+00
      14482    603.356    115.243    116.000    17.0758    17.0763   4.650554   4.650696     2.1083     1.7632      17.97   22.25398  -86.81030   -0.00124   -0.00116     3.1711     3.1946    17.0565    17.0570    36.2933    36.2941    26.4939    26.4944    1527.42    137.965    138.987         36 0.0000e+00
      14514    604.709    116.236    117.000    17.0751    17.0765   4.650575   4.650814     2.1066     1.7613      17.10   22.25398  -86.81030   -0.00197   -0.00129     3.1676     3.1902    17.0556    17.0570    36.2938    36.2946    26.4944    26.4947    1527.33    137.815    138.798         30 0.0000e+00
      14573    607.178    118.223    119.000    17.0741    17.0752   4.650373   4.650589     2.1049     1.7584      15.12   22.25211  -86.80301   -0.00068   -0.00133     3.1647     3.1836    17.0543    17.0554    36.2913    36.2921    26.4926    26.4929    1527.01    137.687    138.512         34 0.0000e+00
      14610    608.697    119.216    120.000    17.0760    17.0770   4.650903   4.651079     2.1045     1.7582      14.11   22.25398  -86.81030   -0.00070   -0.00078     3.1639     3.1835    17.0560    17.0570    36.2946    36.2953    26.4949    26.4953    1527.05    137.652    138.505         36 0.0000e+00
      14645    610.152    120.209    121.000    17.0766    17.0784   4.651029   4.651319     2.1048     1.7583      13.16   22.25398  -86.81030   -0.00037   -0.00026     3.1649     3.1840    17.0564    17.0582    36.2948    36.2958    26.4950    26.4953    1526.96    137.696    138.527         34 0.0000e+00
      14677    611.482    121.202    122.000    17.0773    17.0775   4.650976   4.651043     2.1046     1.7580      12.19   22.25398  -86.81030    0.00007    0.00000     3.1650     3.1840    17.0569    17.0572    36.2949    36.2955    26.4950    26.4953    1526.87    137.699    138.528         30 0.0000e+00
      14736    613.941    123.188    124.000    17.0674    17.0692   4.649900   4.650147     2.1034     1.7555      10.33   22.25258  -86.80485   -0.00031   -0.00073     3.1637     3.1789    17.0468    17.0485    36.2926    36.2926    26.4955    26.4951    1526.61    137.645    138.305         32 0.0000e+00
      14771    615.409    124.182    125.000    17.0653    17.0667   4.649878   4.650113     2.1027     1.7556       9.15   22.25398  -86.81030   -0.00056   -0.00071     3.1625     3.1796    17.0445    17.0459    36.2933    36.2941    26.4968    26.4970    1526.63    137.591    138.335         38 0.0000e+00
      14866    619.374    125.175    126.000    17.0722    17.0784   4.650762   4.651507     2.1024     1.7552       7.93   22.25398  -86.81030   -0.00018    0.00005     3.1618     3.1783    17.0512    17.0574    36.2940    36.2949    26.4956    26.4949    1526.54    137.561    138.278         51 0.0000e+00
      17362    723.359    126.168    127.000    17.0688    17.0681   4.650293   4.650282     2.1011     1.7528       6.43   22.25540  -86.81584    0.00000   -0.00025     3.1594     3.1732    17.0477    17.0469    36.2937    36.2943    26.4964    26.4971    1526.43    137.456    138.059         62 0.0000e+00
