GOMECC/GOMECC-4/1db/drb2103_0231.cnv
* Sea-Bird SBE 9 Data File:
* FileName = C:\Users\scs.user.rb\CTD\GOMECC4\data\rb2103_0231.hex
* Software Version Seasave V 7.26.7.107
* Temperature SN = 4799
* Conductivity SN = 3860
* Number of Bytes Per Scan = 41
* Number of Voltage Words = 4
* Number of Scans Averaged by the Deck Unit = 1
* NMEA Latitude = 28 51.94 N
* NMEA Longitude = 085 55.30 W
* NMEA UTC (Time) = Sep 21 2021  03:02:09
* NMEA baud rate = 4800
# nquan = 28
# nvalues = 235                         
# units = specified
# name 0 = scan: Scan Count
# name 1 = timeS: Time, Elapsed [seconds]
# name 2 = depSM: Depth [salt water, m]
# name 3 = prDM: Pressure, Digiquartz [db]
# name 4 = t090C: Temperature [ITS-90, deg C]
# name 5 = t190C: Temperature, 2 [ITS-90, deg C]
# name 6 = c0S/m: Conductivity [S/m]
# name 7 = c1S/m: Conductivity, 2 [S/m]
# name 8 = sbeox0V: Oxygen raw, SBE 43 [V]
# name 9 = sbeox1V: Oxygen raw, SBE 43, 2 [V]
# name 10 = altM: Altimeter [m]
# name 11 = latitude: Latitude [deg]
# name 12 = longitude: Longitude [deg]
# name 13 = sbox0dV/dT: Oxygen, SBE 43 [dov/dt]
# name 14 = sbox1dV/dT: Oxygen, SBE 43, 2 [dov/dt]
# name 15 = sbeox0ML/L: Oxygen, SBE 43 [ml/l], WS = 5
# name 16 = sbeox1ML/L: Oxygen, SBE 43, 2 [ml/l], WS = 5
# name 17 = potemp090C: Potential Temperature [ITS-90, deg C]
# name 18 = potemp190C: Potential Temperature, 2 [ITS-90, deg C]
# name 19 = sal00: Salinity, Practical [PSU]
# name 20 = sal11: Salinity, Practical, 2 [PSU]
# name 21 = sigma-é00: Density [sigma-theta, kg/m^3]
# name 22 = sigma-é11: Density, 2 [sigma-theta, kg/m^3]
# name 23 = avgsvCM: Average Sound Velocity [Chen-Millero, m/s], minP = 20, minS = 20
# name 24 = sbox0Mm/Kg: Oxygen, SBE 43 [umol/kg], WS = 5
# name 25 = sbox1Mm/Kg: Oxygen, SBE 43, 2 [umol/kg], WS = 5
# name 26 = nbin: number of scans per bin
# name 27 = flag: flag
# span 0 =      21061,      35761       
# span 1 =    877.497,   1490.016       
# span 2 =      4.966,    245.195       
# span 3 =      5.000,    247.000       
# span 4 =    12.2038,    28.8524       
# span 5 =    12.2064,    28.8537       
# span 6 =   4.084020,   5.782293       
# span 7 =   4.084286,   5.782622       
# span 8 =     1.6770,     3.1176       
# span 9 =     1.3770,     2.6523       
# span 10 =      11.22,     100.82      
# span 11 =   28.85678,   28.86050      
# span 12 =  -85.92604,  -85.91560      
# span 13 =   -0.02971,    0.01393      
# span 14 =   -0.02741,    0.01602      
# span 15 =     2.4858,     4.4300      
# span 16 =     2.5216,     4.4626      
# span 17 =    12.1710,    28.8435      
# span 18 =    12.1748,    28.8448      
# span 19 =    34.6754,    36.5621      
# span 20 =    34.6766,    36.5629      
# span 21 =    21.9970,    26.9623      
# span 22 =    21.9975,    26.9620      
# span 23 =       0.00,    1557.58      
# span 24 =    108.100,    193.112      
# span 25 =    109.659,    194.540      
# span 26 =         32,         66      
# span 27 = 0.0000e+00, 0.0000e+00      
# interval = decibars: 1                
# start_time = Sep 21 2021 03:02:09 [NMEA time, header]
# bad_flag = -9.990e-29
*END*
[from data line 104]
      26220   1092.447    108.239    109.000    19.3610    19.3639   4.914058   4.914469     2.1196     1.7745      97.27   28.86040  -85.92588   -0.00269   -0.00285     3.0447     3.0771    19.3412    19.3441    36.5179    36.5188    26.0935    26.0935    1536.43    132.519    133.928         52 0.0000e+00
      26269   1094.495    109.232    110.000    19.2966    19.2989   4.906199   4.906560     2.1082     1.7626      99.99   28.86040  -85.92588   -0.00595   -0.00531     3.0239     3.0528    19.2766    19.2789    36.5084    36.5094    26.1031    26.1032    1536.31    131.613    132.868         47 0.0000e+00
      26316   1096.457    110.225    111.000    19.1906    19.2003   4.893651   4.894948     2.0979     1.7530     100.00   28.86040  -85.92588   -0.00556   -0.00557     3.0076     3.0355    19.1705    19.1802    36.4960    36.4971    26.1211    26.1194    1536.19    130.901    132.114         47 0.0000e+00
      26363   1098.419    111.218    112.000    19.0635    19.0670   4.878653   4.879168     2.0833     1.7409     100.00   28.86040  -85.92588   -0.00621   -0.00524     2.9849     3.0153    19.0433    19.0469    36.4816    36.4827    26.1429    26.1429    1536.07    129.908    131.230         48 0.0000e+00
      26413   1100.491    112.210    113.000    19.0014    19.0039   4.871318   4.871708     2.0699     1.7281     100.00   28.86040  -85.92588   -0.00724   -0.00664     2.9596     2.9885    18.9810    18.9836    36.4742    36.4752    26.1533    26.1534    1535.94    128.809    130.064         49 0.0000e+00
      26459   1102.425    113.203    114.000    18.9503    18.9531   4.865586   4.865978     2.0611     1.7211      86.95   28.86038  -85.92586   -0.00553   -0.00481     2.9437     2.9749    18.9298    18.9327    36.4705    36.4713    26.1637    26.1636    1535.82    128.114    129.472         45 0.0000e+00
      26507   1104.427    114.196    115.000    18.8518    18.8564   4.855129   4.855642     2.0539     1.7147      97.56   28.86038  -85.92586   -0.00410   -0.00338     2.9337     2.9650    18.8312    18.8359    36.4688    36.4690    26.1877    26.1867    1535.70    127.677    129.036         52 0.0000e+00
      26556   1106.442    115.189    116.000    18.7494    18.7566   4.844279   4.845127     2.0524     1.7149     100.03   28.86038  -85.92586   -0.00248   -0.00213     2.9373     2.9721    18.7287    18.7359    36.4672    36.4679    26.2126    26.2114    1535.57    127.831    129.342         43 0.0000e+00
      26599   1108.264    116.181    117.000    18.6333    18.6382   4.830738   4.831353     2.0529     1.7163      87.24   28.86038  -85.92586    0.00002    0.00097     2.9459     2.9827    18.6126    18.6174    36.4547    36.4557    26.2326    26.2322    1535.45    128.202    129.802         50 0.0000e+00
      26653   1110.481    117.174    118.000    18.5635    18.5688   4.823267   4.823892     2.0489     1.7109      98.30   28.86038  -85.92585   -0.00116   -0.00181     2.9417     2.9738    18.5426    18.5479    36.4527    36.4534    26.2489    26.2481    1535.33    128.014    129.412         49 0.0000e+00
      26698   1112.364    118.167    119.000    18.4783    18.4810   4.814478   4.814821     2.0518     1.7176      99.97   28.86038  -85.92584   -0.00049    0.00029     2.9536     2.9955    18.4573    18.4601    36.4532    36.4537    26.2709    26.2705    1535.21    128.530    130.355         46 0.0000e+00
      26747   1114.398    119.159    120.000    18.4517    18.4535   4.812259   4.812540     2.0625     1.7291      74.44   28.86037  -85.92584    0.00333    0.00446     2.9793     3.0253    18.4305    18.4324    36.4575    36.4583    26.2810    26.2811    1535.09    129.648    131.650         49 0.0000e+00
      26792   1116.312    120.152    121.000    18.4315    18.4323   4.810123   4.810313     2.0736     1.7382      99.99   28.86036  -85.92584    0.00584    0.00554     3.0055     3.0492    18.4102    18.4110    36.4569    36.4578    26.2856    26.2861    1534.97    130.786    132.688         44 0.0000e+00
      26841   1118.321    121.145    122.000    18.4110    18.4125   4.807872   4.808138     2.0791     1.7411     100.00   28.86036  -85.92584    0.00434    0.00331     3.0193     3.0578    18.3896    18.3911    36.4555    36.4564    26.2897    26.2900    1534.85    131.390    133.064         53 0.0000e+00
      26893   1120.507    122.137    123.000    18.2939    18.2996   4.793558   4.794265     2.0800     1.7412      73.58   28.86036  -85.92584    0.00158    0.00057     3.0285     3.0647    18.2724    18.2781    36.4370    36.4379    26.3050    26.3043    1534.73    131.788    133.360         49 0.0000e+00
      26938   1122.356    123.130    124.000    18.1209    18.1297   4.772435   4.773497     2.0663     1.7253     100.02   28.86036  -85.92584   -0.00264   -0.00318     3.0103     3.0374    18.0993    18.1081    36.4098    36.4111    26.3276    26.3264    1534.61    130.990    132.172         42 0.0000e+00
      26983   1124.242    124.123    125.000    17.9867    17.9922   4.756162   4.757017     2.0448     1.7041     100.00   28.86036  -85.92584   -0.00938   -0.01003     2.9745     2.9972    17.9651    17.9706    36.3915    36.3919    26.3470    26.3459    1534.48    129.432    130.417         48 0.0000e+00
      27029   1126.158    125.115    126.000    17.5002    17.5067   4.698855   4.699526     2.0211     1.6828      63.12   28.86036  -85.92583   -0.01160   -0.01093     2.9430     2.9651    17.4788    17.4853    36.3290    36.3291    26.4189    26.4174    1534.36    128.050    129.015         42 0.0000e+00
      27067   1127.749    126.108    127.000    17.4232    17.4288   4.689498   4.690137     2.0000     1.6631      99.99   28.86036  -85.92583   -0.01282   -0.01170     2.9061     2.9272    17.4017    17.4073    36.3165    36.3169    26.4281    26.4270    1534.23    126.443    127.365         37 0.0000e+00
      27106   1129.371    127.101    128.000    17.2856    17.2875   4.673385   4.673629     1.9821     1.6457     100.00   28.86036  -85.92582   -0.01257   -0.01182     2.8742     2.8928    17.2641    17.2660    36.2993    36.2997    26.4483    26.4482    1534.10    125.056    125.862         41 0.0000e+00
      27149   1131.147    128.093    129.000    17.1987    17.2026   4.663351   4.663822     1.9667     1.6342     100.00   28.86036  -85.92582   -0.01036   -0.00931     2.8449     2.8695    17.1771    17.1809    36.2894    36.2901    26.4618    26.4614    1533.96    123.780    124.849         44 0.0000e+00
      27192   1132.949    129.086    130.000    17.1202    17.1257   4.654206   4.654879     1.9554     1.6266     100.00   28.86036  -85.92582   -0.00777   -0.00561     2.8241     2.8553    17.0985    17.1039    36.2798    36.2808    26.4734    26.4728    1533.83    122.872    124.230         42 0.0000e+00
      27231   1134.596    130.079    131.000    17.0454    17.0487   4.646352   4.646723     1.9488     1.6225     100.00   28.86036  -85.92582   -0.00574   -0.00401     2.8139     2.8498    17.0235    17.0268    36.2781    36.2783    26.4900    26.4894    1533.70    122.426    123.988         38 0.0000e+00
      27270   1136.211    131.072    132.000    16.9533    16.9595   4.636302   4.637024     1.9670     1.6488     100.00   28.86036  -85.92582   -0.00018    0.00279     2.8616     2.9212    16.9314    16.9376    36.2726    36.2732    26.5079    26.5069    1533.57    124.499    127.094         41 0.0000e+00
      27313   1138.005    132.064    133.000    16.8431    16.8471   4.623467   4.623965     1.9995     1.6754     100.00   28.86036  -85.92582    0.01393    0.01602     2.9443     2.9956    16.8211    16.8252    36.2588    36.2596    26.5237    26.5233    1533.44    128.096    130.327         43 0.0000e+00
      27355   1139.752    133.057    134.000    16.7886    16.7916   4.617025   4.617438     2.0086     1.6819     100.00   28.86036  -85.92582    0.01307    0.01095     2.9685     3.0157    16.7665    16.7695    36.2509    36.2519    26.5306    26.5307    1533.30    129.145    131.202         40 0.0000e+00
      27395   1141.405    134.049    135.000    16.7568    16.7611   4.613205   4.613793     2.0119     1.6835     100.00   28.86036  -85.92582    0.00604    0.00344     2.9786     3.0219    16.7346    16.7388    36.2456    36.2470    26.5341    26.5342    1533.17    129.585    131.470         41 0.0000e+00
      27439   1143.238    135.042    136.000    16.6841    16.6888   4.604567   4.605096     2.0081     1.6786     100.00   28.86036  -85.92582    0.00054   -0.00034     2.9749     3.0145    16.6618    16.6665    36.2348    36.2352    26.5431    26.5423    1533.04    129.423    131.147         45 0.0000e+00
      27479   1144.932    136.035    137.000    16.5562    16.5597   4.589383   4.589674     2.0005     1.6697     100.00   28.86034  -85.92582   -0.00294   -0.00352     2.9657     3.0015    16.5338    16.5373    36.2160    36.2154    26.5589    26.5576    1532.91    129.022    130.580         37 0.0000e+00
      27518   1146.546    137.028    138.000    16.4117    16.4168   4.572049   4.572682     1.9868     1.6558     100.00   28.86034  -85.92581   -0.00556   -0.00587     2.9445     2.9753    16.3893    16.3944    36.1929    36.1940    26.5751    26.5747    1532.78    128.097    129.435         42 0.0000e+00
      27562   1148.376    138.020    139.000    16.3199    16.3244   4.561077   4.561614     1.9791     1.6497      91.57   28.86034  -85.92580   -0.00638   -0.00625     2.9325     2.9653    16.2974    16.3019    36.1784    36.1791    26.5855    26.5849    1532.64    127.572    129.000         45 0.0000e+00
      27604   1150.119    139.012    140.000    16.2461    16.2497   4.552328   4.552752     1.9767     1.6494      97.27   28.86034  -85.92580   -0.00367   -0.00300     2.9320     2.9693    16.2235    16.2272    36.1672    36.1677    26.5941    26.5936    1532.51    127.552    129.176         38 0.0000e+00
      27642   1151.712    140.005    141.000    16.1180    16.1250   4.537099   4.537873     1.9765     1.6490     100.01   28.86034  -85.92580   -0.00103   -0.00015     2.9402     2.9767    16.0954    16.1024    36.1475    36.1480    26.6086    26.6074    1532.38    127.906    129.494         39 0.0000e+00
      27679   1153.259    140.998    142.000    16.0476    16.0492   4.528839   4.529083     1.9714     1.6426     100.00   28.86034  -85.92580   -0.00122   -0.00127     2.9331     2.9653    16.0249    16.0265    36.1373    36.1380    26.6171    26.6173    1532.25    127.594    128.995         36 0.0000e+00
      27717   1154.834    141.991    143.000    16.0097    16.0139   4.524301   4.524825     1.9644     1.6383      74.54   28.86034  -85.92580   -0.00344   -0.00336     2.9198     2.9569    15.9869    15.9911    36.1308    36.1317    26.6209    26.6206    1532.11    127.017    128.629         39 0.0000e+00
      27754   1156.373    142.983    144.000    15.9317    15.9348   4.515029   4.515400     1.9597     1.6339     100.32   28.86034  -85.92580   -0.00371   -0.00306     2.9141     2.9511    15.9088    15.9119    36.1185    36.1189    26.6294    26.6290    1531.98    126.769    128.378         34 0.0000e+00
      27788   1157.802    143.975    145.000    15.8930    15.8955   4.510399   4.510723     1.9557     1.6302      38.45   28.86034  -85.92580   -0.00315   -0.00266     2.9077     2.9443    15.8699    15.8725    36.1118    36.1124    26.6332    26.6331    1531.85    126.488    128.082         36 0.0000e+00
      27828   1159.451    144.968    146.000    15.8252    15.8294   4.502355   4.502838     1.9511     1.6268     100.51   28.86034  -85.92580   -0.00286   -0.00243     2.9016     2.9402    15.8021    15.8063    36.1010    36.1015    26.6404    26.6399    1531.72    126.222    127.902         42 0.0000e+00
      27866   1161.032    145.961    147.000    15.7559    15.7610   4.494194   4.494780     1.9460     1.6221     100.00   28.86034  -85.92580   -0.00288   -0.00242     2.8944     2.9327    15.7327    15.7378    36.0905    36.0911    26.6482    26.6475    1531.59    125.910    127.574         34 0.0000e+00
      27899   1162.406    146.953    148.000    15.6579    15.6610   4.482649   4.483015     1.9402     1.6172     100.00   28.86034  -85.92580   -0.00344   -0.00290     2.8873     2.9266    15.6346    15.6377    36.0757    36.0761    26.6592    26.6588    1531.46    125.597    127.309         34 0.0000e+00
      27934   1163.886    147.946    149.000    15.6342    15.6362   4.479838   4.480102     1.9342     1.6115     100.00   28.86034  -85.92580   -0.00397   -0.00356     2.8751     2.9138    15.6108    15.6129    36.0716    36.0721    26.6614    26.6613    1531.33    125.066    126.750         36 0.0000e+00
      27972   1165.455    148.938    150.000    15.5586    15.5633   4.470742   4.471299     1.9301     1.6075     100.00   28.86034  -85.92580   -0.00371   -0.00345     2.8705     2.9084    15.5351    15.5398    36.0582    36.0589    26.6683    26.6678    1531.20    124.867    126.515         39 0.0000e+00
      28010   1167.050    149.931    151.000    15.4818    15.4859   4.461761   4.462205     1.9257     1.6020     100.00   28.86034  -85.92580   -0.00278   -0.00280     2.8654     2.8996    15.4583    15.4624    36.0469    36.0471    26.6769    26.6762    1531.07    124.645    126.133         37 0.0000e+00
      28046   1168.551    150.924    152.000    15.3731    15.3780   4.449081   4.449615     1.9203     1.5970     100.00   28.86032  -85.92580   -0.00293   -0.00333     2.8600     2.8934    15.3495    15.3544    36.0312    36.0315    26.6894    26.6885    1530.94    124.407    125.859         35 0.0000e+00
      28081   1170.010    151.916    153.000    15.2884    15.2929   4.439108   4.439667     1.9167     1.5952     100.00   28.86032  -85.92579   -0.00316   -0.00295     2.8572     2.8944    15.2647    15.2693    36.0180    36.0189    26.6982    26.6979    1530.81    124.284    125.901         36 0.0000e+00
      28119   1171.590    152.909    154.000    15.2402    15.2430   4.433432   4.433760     1.9138     1.5938     100.00   28.86032  -85.92578   -0.00250   -0.00140     2.8538     2.8941    15.2164    15.2192    36.0102    36.0106    26.7030    26.7027    1530.68    124.134    125.891         39 0.0000e+00
      28156   1173.106    153.901    155.000    15.2082    15.2124   4.429721   4.430214     1.9118     1.5908     100.00   28.86032  -85.92578   -0.00178   -0.00124     2.8515     2.8884    15.1843    15.1886    36.0054    36.0060    26.7064    26.7060    1530.56    124.036    125.643         34 0.0000e+00
      28190   1174.553    154.894    156.000    15.1635    15.1637   4.424372   4.424397     1.9104     1.5888     100.00   28.86032  -85.92578   -0.00124   -0.00161     2.8511     2.8866    15.1396    15.1397    35.9973    35.9974    26.7102    26.7102    1530.43    124.016    125.564         36 0.0000e+00
      28229   1176.167    155.886    157.000    15.1241    15.1261   4.419727   4.419974     1.9074     1.5865     100.00   28.86032  -85.92578   -0.00136   -0.00159     2.8470     2.8835    15.1000    15.1020    35.9908    35.9911    26.7140    26.7138    1530.31    123.841    125.426         41 0.0000e+00
      28267   1177.769    156.879    158.000    15.0799    15.0816   4.414601   4.414799     1.9051     1.5860      78.11   28.86032  -85.92578   -0.00161   -0.00108     2.8448     2.8852    15.0557    15.0574    35.9842    35.9845    26.7188    26.7186    1530.18    123.743    125.502         35 0.0000e+00
      28301   1179.153    157.871    159.000    15.0611    15.0619   4.412482   4.412611     1.9043     1.5861      97.78   28.86032  -85.92578   -0.00130   -0.00037     2.8444     2.8870    15.0367    15.0376    35.9818    35.9822    26.7211    26.7212    1530.05    123.727    125.578         34 0.0000e+00
