GOMECC/GOMECC-4/1db/drb2103_1051.cnv
* Sea-Bird SBE 9 Data File:
* FileName = C:\Users\scs.user.rb\CTD\GOMECC4\data\rb2103_1051.hex
* Software Version Seasave V 7.26.7.107
* Temperature SN = 4799
* Conductivity SN = 3860
* Number of Bytes Per Scan = 41
* Number of Voltage Words = 4
* Number of Scans Averaged by the Deck Unit = 1
* NMEA Latitude = 25 29.58 N
* NMEA Longitude = 087 59.90 W
* NMEA UTC (Time) = Oct 13 2021  14:16:10
* NMEA baud rate = 4800
# nquan = 28
# nvalues = 295                         
# units = specified
# name 0 = scan: Scan Count
# name 1 = timeS: Time, Elapsed [seconds]
# name 2 = depSM: Depth [salt water, m]
# name 3 = prDM: Pressure, Digiquartz [db]
# name 4 = t090C: Temperature [ITS-90, deg C]
# name 5 = t190C: Temperature, 2 [ITS-90, deg C]
# name 6 = c0S/m: Conductivity [S/m]
# name 7 = c1S/m: Conductivity, 2 [S/m]
# name 8 = sbeox0V: Oxygen raw, SBE 43 [V]
# name 9 = sbeox1V: Oxygen raw, SBE 43, 2 [V]
# name 10 = altM: Altimeter [m]
# name 11 = latitude: Latitude [deg]
# name 12 = longitude: Longitude [deg]
# name 13 = sbox0dV/dT: Oxygen, SBE 43 [dov/dt]
# name 14 = sbox1dV/dT: Oxygen, SBE 43, 2 [dov/dt]
# name 15 = sbeox0ML/L: Oxygen, SBE 43 [ml/l], WS = 5
# name 16 = sbeox1ML/L: Oxygen, SBE 43, 2 [ml/l], WS = 5
# name 17 = potemp090C: Potential Temperature [ITS-90, deg C]
# name 18 = potemp190C: Potential Temperature, 2 [ITS-90, deg C]
# name 19 = sal00: Salinity, Practical [PSU]
# name 20 = sal11: Salinity, Practical, 2 [PSU]
# name 21 = sigma-é00: Density [sigma-theta, kg/m^3]
# name 22 = sigma-é11: Density, 2 [sigma-theta, kg/m^3]
# name 23 = avgsvCM: Average Sound Velocity [Chen-Millero, m/s], minP = 20, minS = 20
# name 24 = sbox0Mm/Kg: Oxygen, SBE 43 [umol/kg], WS = 5
# name 25 = sbox1Mm/Kg: Oxygen, SBE 43, 2 [umol/kg], WS = 5
# name 26 = nbin: number of scans per bin
# name 27 = flag: flag
# span 0 =       4404,      96437       
# span 1 =    183.454,   4018.154       
# span 2 =      2.981,   3274.761       
# span 3 =      3.000,   3322.000       
# span 4 =     4.3047,    29.4234       
# span 5 =     4.3054,    29.4243       
# span 6 =   3.377471,   5.961955       
# span 7 =   3.377441,   5.962288       
# span 8 =     1.7168,     3.1510       
# span 9 =     1.4042,     2.6706       
# span 10 =       9.74,     100.82      
# span 11 =   25.48954,   25.50130      
# span 12 =  -88.00179,  -87.98389      
# span 13 =   -0.00773,    0.00436      
# span 14 =   -0.00704,    0.00592      
# span 15 =     3.4432,     4.7310      
# span 16 =     3.4564,     4.7274      
# span 17 =     4.0790,    29.4114      
# span 18 =     4.0800,    29.4124      
# span 19 =    34.9731,    37.0071      
# span 20 =    34.9719,    37.0088      
# span 21 =    22.8794,    27.7616      
# span 22 =    22.8802,    27.7605      
# span 23 =       0.00,    1555.11      
# span 24 =    149.907,    205.578      
# span 25 =    150.482,    205.425      
# span 26 =         30,         67      
# span 27 = 0.0000e+00, 0.0000e+00      
# interval = decibars: 1                
# start_time = Oct 13 2021 14:16:10 [NMEA time, header]
# bad_flag = -9.990e-29
*END*
[from data line 259]
      14711    612.912    265.102    267.000    20.6661    20.6670   5.094356   5.094675     2.3231     1.9485     100.00   25.49422  -87.99814   -0.00029   -0.00050     3.4588     3.4695    20.6150    20.6159    36.8083    36.8102    25.9765    25.9776    1541.11    150.559    151.024         33 0.0000e+00
      14744    614.308    266.094    268.000    20.6578    20.6576   5.093449   5.093630     2.3219     1.9479     100.00   25.49422  -87.99814   -0.00050    0.00005     3.4572     3.4690    20.6065    20.6063    36.8078    36.8094    25.9784    25.9796    1541.07    150.490    151.003         35 0.0000e+00
      14780    615.792    267.087    269.000    20.6494    20.6467   5.092444   5.092364     2.3206     1.9453      67.96   25.49422  -87.99814   -0.00081   -0.00069     3.4558     3.4639    20.5980    20.5953    36.8071    36.8083    25.9801    25.9818    1541.03    150.428    150.781         35 0.0000e+00
      65305   2720.995   2238.257   2265.000     4.3047     4.3054   3.377471   3.377441     1.8521     1.5333      82.84   25.49840  -87.99772   -0.00014   -0.00006     4.6962     4.7086     4.1057     4.1064    34.9733    34.9722    27.7538    27.7529    1503.51    204.068    204.607         30 0.0000e+00
      65407   2725.249   2242.189   2269.000     4.3051     4.3059   3.377642   3.377610     1.8512     1.5329     100.00   25.49825  -87.99717   -0.00028   -0.00003     4.6948     4.7092     4.1057     4.1064    34.9731    34.9719    27.7537    27.7527    1503.50    204.006    204.635         31 0.0000e+00
      74627   3109.397   2584.965   2618.000     4.3280     4.3289   3.393396   3.393372     1.8017     1.4847     100.00   25.49871  -87.99707   -0.00011   -0.00016     4.6941     4.6975     4.0911     4.0919    34.9743    34.9732    27.7562    27.7552    1504.16    203.977    204.126         30 0.0000e+00
      77001   3208.348   2672.290   2707.000     4.3356     4.3364   3.397492   3.397467     1.7886     1.4725     100.00   25.49879  -87.99685   -0.00013   -0.00016     4.6900     4.6932     4.0888     4.0896    34.9744    34.9733    27.7565    27.7555    1504.43    203.799    203.937         30 0.0000e+00
      80789   3366.171   2810.565   2848.000     4.3493     4.3502   3.404137   3.404123     1.7692     1.4542     100.00   25.49894  -87.99649   -0.00004   -0.00001     4.6878     4.6893     4.0866     4.0876    34.9751    34.9740    27.7573    27.7563    1504.90    203.703    203.768         30 0.0000e+00
      81140   3380.801   2823.309   2861.000     4.3501     4.3511   3.404706   3.404688     1.7699     1.4552      96.39   25.49899  -87.99660   -0.00009   -0.00004     4.6988     4.7017     4.0860     4.0870    34.9751    34.9739    27.7574    27.7563    1504.95    204.179    204.308         30 0.0000e+00
      84851   3535.435   2958.549   2999.000     4.3623     4.3632   3.411010   3.410984     1.7489     1.4352     100.00   25.49924  -87.99675   -0.00022   -0.00015     4.6864     4.6862     4.0824     4.0833    34.9755    34.9742    27.7580    27.7569    1505.50    203.642    203.632         30 0.0000e+00
      91801   3825.018   3242.474   3289.000     4.3933     4.3943   3.424684   3.424662     1.7207     1.4088      42.26   25.49946  -87.99612   -0.00018   -0.00003     4.7283     4.7260     4.0792     4.0802    34.9775    34.9762    27.7600    27.7588    1506.80    205.461    205.365         31 0.0000e+00
      91838   3826.521   3243.453   3290.000     4.3935     4.3945   3.424739   3.424727     1.7208     1.4086      41.27   25.49962  -87.99666   -0.00014   -0.00013     4.7290     4.7256     4.0792     4.0802    34.9775    34.9764    27.7600    27.7590    1506.81    205.494    205.344         43 0.0000e+00
      91885   3828.491   3244.431   3291.000     4.3936     4.3946   3.424787   3.424774     1.7206     1.4083      40.20   25.49962  -87.99666   -0.00002   -0.00015     4.7287     4.7246     4.0792     4.0803    34.9775    34.9763    27.7600    27.7590    1506.82    205.479    205.303         46 0.0000e+00
      92077   3836.497   3251.279   3298.000     4.3942     4.3954   3.425089   3.425061     1.7198     1.4074      33.70   25.49934  -87.99564   -0.00012   -0.00009     4.7291     4.7245     4.0791     4.0802    34.9774    34.9759    27.7599    27.7586    1506.83    205.497    205.299         33 0.0000e+00
      92114   3838.062   3252.258   3299.000     4.3944     4.3956   3.425171   3.425151     1.7194     1.4071      32.54   25.49964  -87.99666   -0.00013   -0.00017     4.7281     4.7236     4.0791     4.0802    34.9777    34.9764    27.7602    27.7590    1506.86    205.452    205.257         39 0.0000e+00
      92151   3839.588   3253.237   3300.000     4.3945     4.3956   3.425221   3.425204     1.7194     1.4071      31.71   25.49964  -87.99666   -0.00016   -0.00013     4.7283     4.7241     4.0791     4.0802    34.9778    34.9764    27.7602    27.7590    1506.86    205.464    205.278         35 0.0000e+00
      92187   3841.079   3254.215   3301.000     4.3947     4.3958   3.425264   3.425249     1.7193     1.4069      30.65   25.49964  -87.99666   -0.00011   -0.00006     4.7284     4.7238     4.0791     4.0802    34.9777    34.9764    27.7602    27.7590    1506.87    205.468    205.266         37 0.0000e+00
      92224   3842.618   3255.193   3302.000     4.3948     4.3959   3.425314   3.425293     1.7192     1.4068      29.80   25.49964  -87.99666   -0.00003   -0.00011     4.7287     4.7235     4.0792     4.0802    34.9777    34.9764    27.7602    27.7590    1506.87    205.480    205.253         35 0.0000e+00
      92256   3843.955   3256.172   3303.000     4.3949     4.3960   3.425364   3.425340     1.7192     1.4066      28.78   25.49964  -87.99666   -0.00003   -0.00013     4.7293     4.7235     4.0791     4.0802    34.9778    34.9764    27.7602    27.7590    1506.88    205.506    205.254         31 0.0000e+00
      92287   3845.246   3257.150   3304.000     4.3950     4.3961   3.425405   3.425387     1.7192     1.4066      27.90   25.49964  -87.99666   -0.00003   -0.00007     4.7297     4.7239     4.0791     4.0802    34.9777    34.9764    27.7602    27.7590    1506.88    205.524    205.270         32 0.0000e+00
      92321   3846.650   3258.128   3305.000     4.3952     4.3962   3.425459   3.425436     1.7191     1.4066      26.92   25.49964  -87.99666   -0.00003   -0.00005     4.7300     4.7246     4.0791     4.0802    34.9778    34.9764    27.7602    27.7590    1506.89    205.535    205.303         35 0.0000e+00
      92355   3848.094   3259.107   3306.000     4.3953     4.3963   3.425501   3.425481     1.7189     1.4066      25.89   25.49964  -87.99666   -0.00005    0.00001     4.7297     4.7251     4.0791     4.0802    34.9777    34.9764    27.7602    27.7590    1506.89    205.521    205.322         34 0.0000e+00
      92389   3849.508   3260.085   3307.000     4.3954     4.3964   3.425551   3.425523     1.7187     1.4066      25.02   25.49964  -87.99666   -0.00011   -0.00000     4.7295     4.7257     4.0791     4.0801    34.9777    34.9764    27.7602    27.7590    1506.90    205.516    205.348         34 0.0000e+00
      92423   3850.920   3261.063   3308.000     4.3955     4.3965   3.425591   3.425567     1.7187     1.4066      23.98   25.49964  -87.99666   -0.00010   -0.00001     4.7301     4.7263     4.0791     4.0801    34.9777    34.9764    27.7601    27.7590    1506.90    205.541    205.374         33 0.0000e+00
      92455   3852.262   3262.042   3309.000     4.3956     4.3967   3.425643   3.425626     1.7185     1.4066      23.09   25.49964  -87.99666   -0.00007 9.6181e-08     4.7295     4.7268     4.0791     4.0802    34.9778    34.9765    27.7602    27.7591    1506.91    205.513    205.399         31 0.0000e+00
      92487   3853.574   3263.020   3310.000     4.3957     4.3967   3.425688   3.425675     1.7183     1.4066      22.24   25.49964  -87.99666   -0.00010 -9.234e-12     4.7291     4.7274     4.0790     4.0801    34.9778    34.9765    27.7602    27.7591    1506.91    205.496    205.425         33 0.0000e+00
      92521   3854.993   3263.999   3311.000     4.3958     4.3969   3.425737   3.425717     1.7183     1.4063      21.10   25.49964  -87.99666   -0.00011   -0.00005     4.7299     4.7266     4.0791     4.0801    34.9778    34.9765    27.7602    27.7591    1506.92    205.531    205.390         35 0.0000e+00
      92556   3856.452   3264.977   3312.000     4.3959     4.3969   3.425783   3.425764     1.7181     1.4063      20.22   25.49964  -87.99666   -0.00009   -0.00010     4.7296     4.7272     4.0790     4.0801    34.9778    34.9765    27.7602    27.7591    1506.92    205.519    205.414         34 0.0000e+00
      92589   3857.827   3265.955   3313.000     4.3961     4.3971   3.425831   3.425814     1.7181     1.4060      19.24   25.49964  -87.99666   -0.00004   -0.00009     4.7303     4.7263     4.0791     4.0801    34.9777    34.9765    27.7602    27.7591    1506.93    205.547    205.374         33 0.0000e+00
      92622   3859.219   3266.933   3314.000     4.3962     4.3972   3.425878   3.425859     1.7180     1.4057      18.27   25.49964  -87.99666   -0.00002   -0.00019     4.7304     4.7253     4.0791     4.0801    34.9777    34.9765    27.7602    27.7591    1506.93    205.554    205.333         34 0.0000e+00
      92657   3860.685   3267.912   3315.000     4.3963     4.3973   3.425920   3.425909     1.7179     1.4055      17.33   25.49964  -87.99666   -0.00006   -0.00022     4.7302     4.7250     4.0790     4.0801    34.9777    34.9765    27.7602    27.7591    1506.93    205.545    205.319         35 0.0000e+00
      92692   3862.114   3268.890   3316.000     4.3964     4.3974   3.425975   3.425951     1.7178     1.4055      16.35   25.49965  -87.99666   -0.00009   -0.00009     4.7303     4.7256     4.0790     4.0800    34.9779    34.9765    27.7603    27.7591    1506.94    205.549    205.345         34 0.0000e+00
      92725   3863.487   3269.868   3317.000     4.3965     4.3975   3.426020   3.425992     1.7177     1.4054      15.45   25.49965  -87.99666   -0.00011   -0.00004     4.7304     4.7255     4.0790     4.0800    34.9778    34.9765    27.7603    27.7591    1506.94    205.555    205.340         33 0.0000e+00
      92759   3864.900   3270.846   3318.000     4.3966     4.3977   3.426062   3.426042     1.7174     1.4054      14.41   25.49966  -87.99666   -0.00011   -0.00004     4.7300     4.7261     4.0790     4.0800    34.9778    34.9765    27.7602    27.7591    1506.95    205.534    205.365         34 0.0000e+00
      92796   3866.442   3271.825   3319.000     4.3967     4.3977   3.426111   3.426089     1.7175     1.4055      13.56   25.49966  -87.99666   -0.00006   -0.00001     4.7310     4.7272     4.0790     4.0800    34.9778    34.9765    27.7602    27.7591    1506.95    205.578    205.416         35 0.0000e+00
      96437   4018.154   3274.761   3322.000     4.3979     4.3992   3.426476   3.426484     1.7168     1.4042       9.74   25.50130  -88.00179    0.00003   -0.00001     4.7291     4.7221     4.0798     4.0811    34.9796    34.9784    27.7616    27.7605    1507.06    205.496    205.194         31 0.0000e+00
