GOMECC/GOMECC-4/1db/drb2103_0031.cnv
* Sea-Bird SBE 9 Data File:
* FileName = C:\Users\scs.user.rb\CTD\GOMECC4\data\rb2103_003.hex
* Software Version Seasave V 7.26.7.107
* Temperature SN = 4799
* Conductivity SN = 3860
* Number of Bytes Per Scan = 41
* Number of Voltage Words = 4
* Number of Scans Averaged by the Deck Unit = 1
* NMEA Latitude = 26 59.30 N
* NMEA Longitude = 079 46.65 W
* NMEA UTC (Time) = Sep 14 2021  20:49:18
* NMEA baud rate = 4800
# nquan = 28
# nvalues = 238                         
# units = specified
# name 0 = scan: Scan Count
# name 1 = timeS: Time, Elapsed [seconds]
# name 2 = depSM: Depth [salt water, m]
# name 3 = prDM: Pressure, Digiquartz [db]
# name 4 = t090C: Temperature [ITS-90, deg C]
# name 5 = t190C: Temperature, 2 [ITS-90, deg C]
# name 6 = c0S/m: Conductivity [S/m]
# name 7 = c1S/m: Conductivity, 2 [S/m]
# name 8 = sbeox0V: Oxygen raw, SBE 43 [V]
# name 9 = sbeox1V: Oxygen raw, SBE 43, 2 [V]
# name 10 = altM: Altimeter [m]
# name 11 = latitude: Latitude [deg]
# name 12 = longitude: Longitude [deg]
# name 13 = sbox0dV/dT: Oxygen, SBE 43 [dov/dt]
# name 14 = sbox1dV/dT: Oxygen, SBE 43, 2 [dov/dt]
# name 15 = sbeox0ML/L: Oxygen, SBE 43 [ml/l], WS = 5
# name 16 = sbeox1ML/L: Oxygen, SBE 43, 2 [ml/l], WS = 5
# name 17 = potemp090C: Potential Temperature [ITS-90, deg C]
# name 18 = potemp190C: Potential Temperature, 2 [ITS-90, deg C]
# name 19 = sal00: Salinity, Practical [PSU]
# name 20 = sal11: Salinity, Practical, 2 [PSU]
# name 21 = sigma-é00: Density [sigma-theta, kg/m^3]
# name 22 = sigma-é11: Density, 2 [sigma-theta, kg/m^3]
# name 23 = avgsvCM: Average Sound Velocity [Chen-Millero, m/s], minP = 20, minS = 20
# name 24 = sbox0Mm/Kg: Oxygen, SBE 43 [umol/kg], WS = 5
# name 25 = sbox1Mm/Kg: Oxygen, SBE 43, 2 [umol/kg], WS = 5
# name 26 = nbin: number of scans per bin
# name 27 = flag: flag
# span 0 =       7231,      30733       
# span 1 =    301.264,   1280.488       
# span 2 =      4.967,    388.062       
# span 3 =      5.000,    391.000       
# span 4 =     7.6128,    29.6186       
# span 5 =     7.6141,    29.6390       
# span 6 =   3.599509,   5.980412       
# span 7 =   3.599630,   5.980925       
# span 8 =     1.6825,     3.1591       
# span 9 =     1.3883,     2.6946       
# span 10 =       7.60,     100.15      
# span 11 =   26.98579,   26.99681      
# span 12 =  -79.77974,  -79.76036      
# span 13 =   -0.07229,    0.03996      
# span 14 =   -0.05351,    0.01806      
# span 15 =     2.7486,     4.4740      
# span 16 =     2.5889,     4.4965      
# span 17 =     7.5738,    29.6166      
# span 18 =     7.5751,    29.6377      
# span 19 =    34.9633,    36.9184      
# span 20 =    34.9633,    36.9202      
# span 21 =    22.3612,    27.3080      
# span 22 =    22.3519,    27.3078      
# span 23 =       0.00,    1546.31      
# span 24 =    119.505,    195.119      
# span 25 =    113.082,    196.102      
# span 26 =         30,         71      
# span 27 = 0.0000e+00, 0.0000e+00      
# interval = decibars: 1                
# start_time = Sep 14 2021 20:49:18 [NMEA time, header]
# bad_flag = -9.990e-29
*END*
[from data line 208]
      23480    978.288    342.445    345.000    10.5531    10.5534   3.907146   3.907151     1.7278     1.4262      58.25   26.99544  -79.77638   -0.00190   -0.00189     2.7601     2.8020    10.5112    10.5115    35.3044    35.3042    27.1005    27.1003    1521.48    120.013    121.835         30 0.0000e+00
      23512    979.610    343.437    346.000    10.4735    10.4729   3.898370   3.898219     1.7250     1.4231      56.64   26.99612  -79.77834   -0.00186   -0.00216     2.7582     2.7982    10.4317    10.4310    35.2925    35.2915    27.1053    27.1046    1521.45    119.931    121.672         33 0.0000e+00
      23545    980.997    344.429    347.000    10.3663    10.3738   3.886539   3.887183     1.7211     1.4195      50.73   26.99613  -79.77834   -0.00219   -0.00238     2.7556     2.7949    10.3246    10.3321    35.2760    35.2752    27.1112    27.1093    1521.38    119.817    121.527         32 0.0000e+00
      23631    984.583    347.404    350.000     9.9344     9.9293   3.839712   3.839075     1.7081     1.4081      52.94   26.99559  -79.77665   -0.00360   -0.00310     2.7507     2.7924     9.8935     9.8884    35.2170    35.2154    27.1397    27.1393    1521.13    119.599    121.413         30 0.0000e+00
      23664    985.944    348.396    351.000     9.7941     9.7924   3.824693   3.824445     1.7039     1.4046      52.01   26.99620  -79.77836   -0.00356   -0.00314     2.7494     2.7915     9.7534     9.7518    35.1993    35.1984    27.1497    27.1493    1521.09    119.541    121.373         34 0.0000e+00
      23696    987.279    349.388    352.000     9.6649     9.6690   3.810985   3.811228     1.7003     1.4010      51.22   26.99622  -79.77836   -0.00316   -0.00287     2.7486     2.7894     9.6245     9.6285    35.1840    35.1825    27.1595    27.1576    1521.01    119.505    121.280         30 0.0000e+00
      23757    989.830    351.372    354.000     9.5150     9.5253   3.795575   3.796574     1.6969     1.3992      49.01   26.99673  -79.77974   -0.00200   -0.00151     2.7500     2.7946     9.4748     9.4851    35.1706    35.1708    27.1741    27.1725    1520.88    119.567    121.507         34 0.0000e+00
      23789    991.185    352.363    355.000     9.3379     9.3748   3.776954   3.780702     1.6950     1.3978      48.09   26.99628  -79.77836   -0.00122   -0.00057     2.7578     2.8029     9.2980     9.3348    35.1507    35.1535    27.1877    27.1838    1520.78    119.902    121.864         31 0.0000e+00
      23847    993.574    354.347    357.000     9.2226     9.2219   3.764871   3.764705     1.6946     1.3977      45.85   26.99549  -79.77593   -0.00069   -0.00058     2.7655     2.8121     9.1828     9.1821    35.1371    35.1362    27.1959    27.1953    1520.57    120.239    122.264         30 0.0000e+00
      23880    994.948    355.338    358.000     9.2002     9.2029   3.762776   3.762985     1.6951     1.3984      44.97   26.99633  -79.77838    0.00006    0.00015     2.7689     2.8159     9.1603     9.1630    35.1370    35.1366    27.1995    27.1988    1520.55    120.386    122.427         35 0.0000e+00
      23915    996.423    356.330    359.000     9.1789     9.1824   3.760727   3.761034     1.6955     1.3993      43.75   26.99635  -79.77838    0.00033    0.00060     2.7718     2.8206     9.1389     9.1425    35.1362    35.1359    27.2024    27.2016    1520.47    120.511    122.631         35 0.0000e+00
      24002   1000.036    359.305    362.000     8.9952     8.9926   3.741601   3.741254     1.6932     1.3979      41.34   26.99455  -79.77291   -0.00051   -0.00031     2.7792     2.8309     8.9554     8.9528    35.1153    35.1143    27.2156    27.2152    1520.15    120.832    123.079         30 0.0000e+00
      24036   1001.472    360.297    363.000     8.9605     8.9663   3.738134   3.738717     1.6927     1.3981      40.01   26.99644  -79.77838   -0.00070   -0.00037     2.7810     2.8336     8.9207     8.9265    35.1132    35.1136    27.2196    27.2190    1520.16    120.909    123.196         37 0.0000e+00
      24073   1002.998    361.289    364.000     8.9332     8.9396   3.735224   3.735764     1.6933     1.3982      38.88   26.99645  -79.77838   -0.00024   -0.00005     2.7851     2.8364     8.8934     8.8998    35.1092    35.1098    27.2209    27.2203    1520.07    121.086    123.317         35 0.0000e+00
      24106   1004.357    362.280    365.000     8.7975     8.7978   3.720979   3.720994     1.6921     1.3970      38.12   26.99646  -79.77838   -0.00003   -0.00015     2.7915     2.8420     8.7579     8.7582    35.0930    35.0928    27.2297    27.2295    1520.00    121.364    123.561         30 0.0000e+00
      24195   1008.074    365.255    368.000     8.6124     8.6154   3.701660   3.701886     1.6901     1.3946      35.08   26.99626  -79.77764   -0.00069   -0.00069     2.8006     2.8498     8.5730     8.5760    35.0709    35.0704    27.2416    27.2407    1519.74    121.758    123.896         33 0.0000e+00
      24229   1009.479    366.247    369.000     8.5900     8.5925   3.699351   3.699564     1.6903     1.3935      33.96   26.99655  -79.77840   -0.00014   -0.00044     2.8032     2.8484     8.5506     8.5531    35.0683    35.0681    27.2431    27.2425    1519.68    121.870    123.834         33 0.0000e+00
      24261   1010.840    367.239    370.000     8.5476     8.5527   3.694928   3.695400     1.6898     1.3917      33.04   26.99656  -79.77841    0.00004   -0.00078     2.8051     2.8459     8.5082     8.5133    35.0631    35.0630    27.2456    27.2447    1519.59    121.954    123.728         33 0.0000e+00
      24294   1012.212    368.230    371.000     8.4891     8.4951   3.688828   3.689409     1.6883     1.3907      32.07   26.99656  -79.77842   -0.00037   -0.00109     2.8057     2.8474     8.4498     8.4558    35.0559    35.0562    27.2491    27.2483    1519.52    121.977    123.793         33 0.0000e+00
      24328   1013.616    369.222    372.000     8.3929     8.3995   3.678870   3.679495     1.6861     1.3904      30.88   26.99660  -79.77842   -0.00103   -0.00074     2.8066     2.8537     8.3537     8.3603    35.0453    35.0454    27.2556    27.2546    1519.44    122.016    124.064         34 0.0000e+00
      24361   1015.000    370.213    373.000     8.3036     8.3101   3.669653   3.670316     1.6845     1.3891      29.94   26.99661  -79.77842   -0.00142   -0.00047     2.8089     2.8565     8.2645     8.2711    35.0356    35.0361    27.2617    27.2611    1519.36    122.116    124.187         32 0.0000e+00
      24448   1018.635    373.188    376.000     8.0097     8.0194   3.639277   3.640217     1.6825     1.3892      26.92   26.99529  -79.77433   -0.00059    0.00007     2.8262     2.8797     7.9711     7.9808    35.0022    35.0026    27.2799    27.2787    1519.03    122.865    125.192         38 0.0000e+00
      24488   1020.309    374.180    377.000     7.9148     7.8875   3.629650   3.626883     1.6827     1.3884      25.98   26.99668  -79.77842   -0.00016   -0.00009     2.8342     2.8872     7.8765     7.8492    34.9933    34.9909    27.2871    27.2893    1519.03    123.213    125.518         38 0.0000e+00
      24521   1021.686    375.172    378.000     7.8139     7.8223   3.619539   3.620289     1.6828     1.3883      24.97   26.99671  -79.77844    0.00007   -0.00037     2.8425     2.8922     7.7758     7.7841    34.9834    34.9846    27.2943    27.2940    1518.95    123.574    125.736         30 0.0000e+00
      24552   1022.952    376.163    379.000     7.7759     7.7882   3.615620   3.616901     1.6835     1.3894      23.99   26.99673  -79.77844    0.00015 -2.829e-07     2.8477     2.8986     7.7377     7.7500    34.9802    34.9817    27.2974    27.2968    1518.86    123.797    126.011         31 0.0000e+00
      24583   1024.267    377.155    380.000     7.7596     7.7610   3.614096   3.614221     1.6846     1.3902      23.01   26.99674  -79.77844    0.00043    0.00049     2.8527     2.9034     7.7214     7.7227    34.9796    34.9796    27.2994    27.2992    1518.78    124.015    126.221         32 0.0000e+00
      24615   1025.577    378.146    381.000     7.7409     7.7447   3.612298   3.612662     1.6853     1.3910      21.92   26.99677  -79.77844    0.00070    0.00068     2.8565     2.9077     7.7026     7.7064    34.9785    34.9786    27.3012    27.3008    1518.70    124.181    126.406         31 0.0000e+00
      24648   1026.961    379.138    382.000     7.7268     7.7265   3.611023   3.610948     1.6859     1.3915      20.92   26.99679  -79.77844    0.00061    0.00062     2.8594     2.9111     7.6885     7.6882    34.9784    34.9778    27.3032    27.3028    1518.61    124.308    126.556         36 0.0000e+00
      24684   1028.469    380.130    383.000     7.6956     7.6946   3.607961   3.607829     1.6858     1.3914      19.83   26.99681  -79.77845    0.00029    0.00030     2.8620     2.9136     7.6572     7.6563    34.9761    34.9756    27.3060    27.3058    1518.53    124.419    126.661         33 0.0000e+00
      30733   1280.488    388.062    391.000     7.6128     7.6141   3.599509   3.599630     1.6850     1.3894       7.60   26.99559  -79.76634    0.00007   -0.00024     2.8690     2.9163     7.5738     7.5751    34.9633    34.9633    27.3080    27.3078    1517.58    124.724    126.782         38 0.0000e+00
