GOMECC/GOMECC-4/1db/drb2103_1071.cnv
* Sea-Bird SBE 9 Data File:
* FileName = C:\Users\scs.user.rb\CTD\GOMECC4\data\rb2103_1071.hex
* Software Version Seasave V 7.26.7.107
* Temperature SN = 4799
* Conductivity SN = 3860
* Number of Bytes Per Scan = 41
* Number of Voltage Words = 4
* Number of Scans Averaged by the Deck Unit = 1
* NMEA Latitude = 23 05.26 N
* NMEA Longitude = 086 16.38 W
* NMEA UTC (Time) = Oct 14 2021  17:43:34
* NMEA baud rate = 4800
# nquan = 28
# nvalues = 377                         
# units = specified
# name 0 = scan: Scan Count
# name 1 = timeS: Time, Elapsed [seconds]
# name 2 = depSM: Depth [salt water, m]
# name 3 = prDM: Pressure, Digiquartz [db]
# name 4 = t090C: Temperature [ITS-90, deg C]
# name 5 = t190C: Temperature, 2 [ITS-90, deg C]
# name 6 = c0S/m: Conductivity [S/m]
# name 7 = c1S/m: Conductivity, 2 [S/m]
# name 8 = sbeox0V: Oxygen raw, SBE 43 [V]
# name 9 = sbeox1V: Oxygen raw, SBE 43, 2 [V]
# name 10 = altM: Altimeter [m]
# name 11 = latitude: Latitude [deg]
# name 12 = longitude: Longitude [deg]
# name 13 = sbox0dV/dT: Oxygen, SBE 43 [dov/dt]
# name 14 = sbox1dV/dT: Oxygen, SBE 43, 2 [dov/dt]
# name 15 = sbeox0ML/L: Oxygen, SBE 43 [ml/l], WS = 5
# name 16 = sbeox1ML/L: Oxygen, SBE 43, 2 [ml/l], WS = 5
# name 17 = potemp090C: Potential Temperature [ITS-90, deg C]
# name 18 = potemp190C: Potential Temperature, 2 [ITS-90, deg C]
# name 19 = sal00: Salinity, Practical [PSU]
# name 20 = sal11: Salinity, Practical, 2 [PSU]
# name 21 = sigma-é00: Density [sigma-theta, kg/m^3]
# name 22 = sigma-é11: Density, 2 [sigma-theta, kg/m^3]
# name 23 = avgsvCM: Average Sound Velocity [Chen-Millero, m/s], minP = 20, minS = 20
# name 24 = sbox0Mm/Kg: Oxygen, SBE 43 [umol/kg], WS = 5
# name 25 = sbox1Mm/Kg: Oxygen, SBE 43, 2 [umol/kg], WS = 5
# name 26 = nbin: number of scans per bin
# name 27 = flag: flag
# span 0 =      10122,      47816       
# span 1 =    421.692,   1992.305       
# span 2 =      3.975,   1219.634       
# span 3 =      4.000,   1231.000       
# span 4 =     4.3653,    29.9219       
# span 5 =     4.3661,    29.9829       
# span 6 =   3.339790,   6.015194       
# span 7 =   3.339792,   6.022853       
# span 8 =     1.6137,     3.1953       
# span 9 =     1.3143,     2.7062       
# span 10 =      10.58,     100.33      
# span 11 =   23.07288,   23.08943      
# span 12 =  -86.27946,  -86.21817      
# span 13 =   -0.01238,    0.00867      
# span 14 =   -0.01137,    0.00859      
# span 15 =     2.6902,     4.5604      
# span 16 =     2.7076,     4.5826      
# span 17 =     4.2660,    29.9202      
# span 18 =     4.2665,    29.9812      
# span 19 =    34.8977,    37.0102      
# span 20 =    34.8972,    37.0118      
# span 21 =    22.7131,    27.7317      
# span 22 =    22.6929,    27.7309      
# span 23 =       0.00,    1551.03      
# span 24 =    116.975,    198.171      
# span 25 =    117.730,    199.136      
# span 26 =         30,         65      
# span 27 = 0.0000e+00, 0.0000e+00      
# interval = decibars: 1                
# start_time = Oct 14 2021 17:43:34 [NMEA time, header]
# bad_flag = -9.990e-29
*END*
[from data line 259]
      32056   1335.622    735.017    741.000     7.9582     7.9593   3.646751   3.646810     1.6138     1.3143     100.00   23.08768  -86.27312    0.00021    0.00021     2.7543     2.7719     7.8809     7.8820    34.9614    34.9610    27.2614    27.2609    1519.67    119.742    120.510         34 0.0000e+00
      32187   1341.064    739.968    746.000     7.9274     7.9283   3.644535   3.644598     1.6149     1.3161     100.00   23.08806  -86.27454    0.00027    0.00044     2.7616     2.7819     7.8497     7.8506    34.9661    34.9658    27.2697    27.2694    1519.52    120.057    120.943         43 0.0000e+00
      32316   1346.453    744.919    751.000     7.8854     7.8862   3.641069   3.641134     1.6163     1.3173     100.00   23.08723  -86.27145    0.00031    0.00037     2.7706     2.7907     7.8074     7.8081    34.9682    34.9682    27.2776    27.2775    1519.30    120.448    121.323         34 0.0000e+00
      32695   1362.230    758.780    765.000     7.6268     7.6280   3.615906   3.615975     1.6224     1.3224      93.42   23.08734  -86.27185   -0.00039   -0.00043     2.8139     2.8318     7.5487     7.5499    34.9490    34.9485    27.3005    27.3000    1518.84    122.328    123.107         31 0.0000e+00
      32884   1370.145    765.710    772.000     7.4044     7.4052   3.593650   3.593685     1.6238     1.3245     100.00   23.08769  -86.27308   -0.00036   -0.00037     2.8376     2.8582     7.3269     7.3277    34.9275    34.9270    27.3156    27.3151    1518.62    123.360    124.251         32 0.0000e+00
      33014   1375.551    770.660    777.000     7.3540     7.3547   3.588878   3.588935     1.6237     1.3244     100.00   23.08680  -86.26981    0.00014    0.00020     2.8432     2.8637     7.2762     7.2769    34.9237    34.9236    27.3198    27.3196    1518.40    123.601    124.492         36 0.0000e+00
      33051   1377.098    771.650    778.000     7.3510     7.3522   3.588779   3.588857     1.6241     1.3249     100.00   23.08770  -86.27312    0.00020    0.00042     2.8448     2.8656     7.2732     7.2744    34.9253    34.9249    27.3215    27.3210    1518.42    123.669    124.575         32 0.0000e+00
      33149   1381.180    775.610    782.000     7.3409     7.3420   3.587897   3.587984     1.6248     1.3249     100.00   23.08687  -86.27007    0.00022    0.00005     2.8493     2.8680     7.2627     7.2638    34.9238    34.9236    27.3218    27.3215    1518.23    123.866    124.677         30 0.0000e+00
      33182   1382.540    776.600    783.000     7.3350     7.3350   3.587338   3.587401     1.6247     1.3253     100.00   23.08770  -86.27312    0.00013    0.00010     2.8497     2.8701     7.2567     7.2567    34.9249    34.9244    27.3235    27.3232    1518.26    123.883    124.770         32 0.0000e+00
      33315   1388.091    781.550    788.000     7.2695     7.2704   3.581393   3.581443     1.6262     1.3269     100.00   23.08817  -86.27489    0.00060    0.00058     2.8614     2.8826     7.1911     7.1920    34.9221    34.9217    27.3306    27.3302    1518.12    124.391    125.312         30 0.0000e+00
      33502   1395.861    788.479    795.000     7.2116     7.2127   3.576036   3.576096     1.6284     1.3283      99.92   23.08713  -86.27097    0.00025    0.00034     2.8752     2.8943     7.1328     7.1339    34.9184    34.9179    27.3360    27.3354    1517.82    124.991    125.818         36 0.0000e+00
      33636   1401.478    793.429    800.000     7.1036     7.1044   3.565936   3.565991     1.6308     1.3318     100.00   23.08769  -86.27307    0.00045    0.00086     2.8933     2.9163     7.0249     7.0257    34.9145    34.9143    27.3480    27.3477    1517.70    125.773    126.773         34 0.0000e+00
      33850   1410.380    801.348    808.000     7.0515     7.0528   3.561260   3.561310     1.6358     1.3345     100.00   23.08675  -86.26957    0.00017   -0.00012     2.9162     2.9327     6.9723     6.9736    34.9118    34.9111    27.3532    27.3525    1517.38    126.770    127.489         32 0.0000e+00
      33883   1411.760    802.338    809.000     7.0001     7.0015   3.556549   3.556599     1.6357     1.3346     100.00   23.08770  -86.27312    0.00020   -0.00004     2.9203     2.9372     6.9211     6.9225    34.9118    34.9108    27.3603    27.3593    1517.41    126.949    127.682         30 0.0000e+00
      34202   1425.054    814.215    821.000     6.8695     6.8709   3.544858   3.544921     1.6480     1.3478      85.03   23.08757  -86.27263    0.00067    0.00060     2.9744     2.9980     6.7901     6.7914    34.9090    34.9086    27.3761    27.3756    1517.02    129.297    130.324         34 0.0000e+00
      34330   1430.385    819.164    826.000     6.8037     6.8049   3.538601   3.538668     1.6500     1.3490     100.00   23.08686  -86.26997    0.00035    0.00031     2.9882     3.0095     6.7242     6.7254    34.9052    34.9047    27.3821    27.3815    1516.82    129.897    130.824         30 0.0000e+00
      34364   1431.800    820.154    827.000     6.7884     6.7896   3.537160   3.537212     1.6510     1.3501     100.00   23.08770  -86.27312    0.00033    0.00036     2.9928     3.0149     6.7088     6.7100    34.9039    34.9033    27.3832    27.3825    1516.84    130.097    131.058         35 0.0000e+00
      34520   1438.286    826.092    833.000     6.7025     6.7040   3.529559   3.529644     1.6626     1.3622     100.00   23.08728  -86.27154    0.00207    0.00187     3.0409     3.0675     6.6229     6.6244    34.8985    34.8980    27.3906    27.3900    1516.62    132.187    133.341         30 0.0000e+00
      34552   1439.641    827.082    834.000     6.6958     6.6965   3.528483   3.528502     1.6642     1.3640     100.00   23.08770  -86.27312    0.00167    0.00134     3.0458     3.0735     6.6161     6.6168    34.8986    34.8981    27.3915    27.3911    1516.62    132.400    133.601         33 0.0000e+00
      34682   1445.046    832.031    839.000     6.6715     6.6720   3.526379   3.526408     1.6717     1.3700      96.83   23.08742  -86.27211    0.00138    0.00100     3.0739     3.0986     6.5915     6.5920    34.8977    34.8972    27.3942    27.3938    1516.45    133.619    134.693         34 0.0000e+00
      34716   1446.438    833.020    840.000     6.6597     6.6604   3.525444   3.525472     1.6728     1.3705      94.58   23.08770  -86.27312    0.00107    0.00075     3.0788     3.1019     6.5796     6.5803    34.8984    34.8980    27.3964    27.3959    1516.44    133.832    134.836         30 0.0000e+00
      34817   1450.674    836.979    844.000     6.6249     6.6257   3.522487   3.522513     1.6750     1.3724     100.00   23.08749  -86.27234    0.00051    0.00045     3.0906     3.1126     6.5446     6.5455    34.8992    34.8987    27.4017    27.4012    1516.30    134.345    135.303         32 0.0000e+00
      35061   1460.841    845.886    853.000     6.5322     6.5331   3.514650   3.514672     1.6756     1.3726     100.00   23.08781  -86.27354    0.00008    0.00004     3.1036     3.1247     6.4516     6.4525    34.9022    34.9016    27.4165    27.4159    1516.05    134.909    135.825         31 0.0000e+00
      35193   1466.328    850.834    858.000     6.5061     6.5066   3.512434   3.512464     1.6783     1.3760      93.35   23.08761  -86.27279    0.00063    0.00063     3.1166     3.1411     6.4252     6.4257    34.9017    34.9015    27.4196    27.4194    1515.89    135.473    136.536         33 0.0000e+00
      35225   1467.677    851.824    859.000     6.5024     6.5032   3.512171   3.512204     1.6788     1.3761      94.61   23.08770  -86.27312    0.00062    0.00046     3.1192     3.1419     6.4214     6.4222    34.9021    34.9016    27.4204    27.4199    1515.86    135.584    136.574         30 0.0000e+00
      35326   1471.879    855.782    863.000     6.4533     6.4539   3.507731   3.507766     1.6799     1.3776     100.00   23.08709  -86.27092    0.00025    0.00036     3.1286     3.1529     6.3722     6.3728    34.9007    34.9005    27.4258    27.4256    1515.70    135.994    137.048         33 0.0000e+00
      35359   1473.253    856.772    864.000     6.4509     6.4515   3.507631   3.507652     1.6813     1.3785     100.00   23.08768  -86.27312    0.00063    0.00071     3.1336     3.1568     6.3697     6.3703    34.9017    34.9013    27.4269    27.4265    1515.72    136.211    137.220         30 0.0000e+00
      35460   1477.455    860.730    868.000     6.4237     6.4244   3.505297   3.505305     1.6834     1.3798     100.00   23.08730  -86.27170    0.00048    0.00039     3.1445     3.1652     6.3423     6.3430    34.9013    34.9008    27.4303    27.4297    1515.57    136.682    137.582         30 0.0000e+00
      35491   1478.759    861.720    869.000     6.4176     6.4181   3.504821   3.504839     1.6840     1.3807     100.00   23.08768  -86.27312    0.00039    0.00040     3.1474     3.1694     6.3361     6.3367    34.9019    34.9015    27.4315    27.4312    1515.57    136.808    137.767         30 0.0000e+00
      35781   1490.821    872.604    880.000     6.3936     6.3945   3.503138   3.503178     1.6861     1.3822      95.95   23.08685  -86.27001    0.00006    0.00003     3.1605     3.1812     6.3112     6.3121    34.9021    34.9016    27.4350    27.4345    1515.20    137.380    138.277         31 0.0000e+00
      35816   1492.274    873.594    881.000     6.3848     6.3849   3.502574   3.502585     1.6866     1.3825     100.13   23.08768  -86.27312    0.00014   -0.00001     3.1633     3.1833     6.3024     6.3025    34.9044    34.9039    27.4379    27.4375    1515.22    137.502    138.370         34 0.0000e+00
      35944   1497.625    878.541    886.000     6.3342     6.3350   3.498101   3.498131     1.6927     1.3890     100.00   23.08703  -86.27067    0.00134    0.00147     3.1896     3.2128     6.2516     6.2524    34.9037    34.9032    27.4440    27.4435    1515.04    138.645    139.649         33 0.0000e+00
      35978   1499.025    879.531    887.000     6.3257     6.3264   3.497450   3.497474     1.6941     1.3904     100.00   23.08769  -86.27310    0.00130    0.00126     3.1954     3.2190     6.2431     6.2438    34.9046    34.9042    27.4459    27.4455    1515.05    138.892    139.921         31 0.0000e+00
      36075   1503.093    883.489    891.000     6.2965     6.2969   3.494846   3.494822     1.6965     1.3920     100.00   23.08687  -86.27006    0.00053    0.00039     3.2075     3.2288     6.2137     6.2141    34.9034    34.9027    27.4487    27.4482    1514.89    139.419    140.346         30 0.0000e+00
      36110   1504.528    884.478    892.000     6.2821     6.2828   3.493767   3.493767     1.6972     1.3933     100.00   23.08768  -86.27310    0.00050    0.00041     3.2116     3.2353     6.1993     6.2000    34.9053    34.9049    27.4522    27.4517    1514.91    139.597    140.627         35 0.0000e+00
      36459   1519.104    897.341    905.000     6.1928     6.1935   3.486253   3.486273     1.7085     1.4029     100.00   23.08801  -86.27426    0.00031    0.00005     3.2619     3.2825     6.1093     6.1100    34.9065    34.9060    27.4648    27.4643    1514.57    141.780    142.678         31 0.0000e+00
      36593   1524.684    902.288    910.000     6.1517     6.1524   3.482690   3.482687     1.7097     1.4044     100.00   23.08797  -86.27411    0.00032    0.00031     3.2719     3.2933     6.0680     6.0687    34.9070    34.9063    27.4705    27.4699    1514.44    142.218    143.145         31 0.0000e+00
      36698   1529.059    906.246    914.000     6.1253     6.1263   3.480503   3.480556     1.7131     1.4073      96.43   23.08763  -86.27289    0.00084    0.00072     3.2871     3.3083     6.0414     6.0424    34.9067    34.9063    27.4737    27.4732    1514.31    142.878    143.797         30 0.0000e+00
      36940   1539.138    915.149    923.000     6.0709     6.0714   3.475916   3.475926     1.7184     1.4119     100.00   23.08726  -86.27150    0.00041    0.00044     3.3135     3.3334     5.9865     5.9870    34.9066    34.9063    27.4807    27.4803    1514.05    144.025    144.887         31 0.0000e+00
      36973   1540.498    916.139    924.000     6.0700     6.0709   3.475926   3.475967     1.7192     1.4129     100.00   23.08770  -86.27308    0.00042    0.00049     3.3167     3.3376     5.9855     5.9863    34.9071    34.9067    27.4812    27.4807    1514.05    144.161    145.070         32 0.0000e+00
      37072   1544.640    920.096    928.000     6.0241     6.0249   3.471805   3.471834     1.7201     1.4140      99.99   23.08635  -86.26812    0.00017    0.00017     3.3254     3.3473     5.9395     5.9403    34.9057    34.9052    27.4859    27.4854    1513.85    144.540    145.493         38 0.0000e+00
      37111   1546.231    921.085    929.000     6.0223     6.0226   3.471856   3.471850     1.7213     1.4157     100.00   23.08770  -86.27308    0.00036    0.00036     3.3301     3.3539     5.9376     5.9379    34.9078    34.9074    27.4878    27.4875    1513.92    144.745    145.777         31 0.0000e+00
      37207   1550.258    925.042    933.000     6.0137     6.0150   3.471178   3.471243     1.7249     1.4187     100.00   23.08689  -86.27004    0.00085    0.00079     3.3446     3.3675     5.9287     5.9299    34.9069    34.9064    27.4882    27.4877    1513.76    145.375    146.368         38 0.0000e+00
      37244   1551.791    926.031    934.000     5.9972     5.9985   3.469842   3.469919     1.7253     1.4188     100.00   23.08770  -86.27308    0.00053    0.00042     3.3476     3.3697     5.9122     5.9135    34.9085    34.9080    27.4916    27.4911    1513.78    145.504    146.464         30 0.0000e+00
      37340   1555.811    929.988    938.000     5.9782     5.9785   3.468234   3.468220     1.7276     1.4212     100.00   23.08709  -86.27071    0.00067    0.00069     3.3590     3.3820     5.8929     5.8932    34.9079    34.9074    27.4936    27.4932    1513.64    145.997    146.997         32 0.0000e+00
      37374   1557.200    930.977    939.000     5.9681     5.9688   3.467461   3.467489     1.7281     1.4221     100.00   23.08772  -86.27308    0.00057    0.00049     3.3618     3.3863     5.8828     5.8835    34.9091    34.9087    27.4958    27.4954    1513.66    146.119    147.185         32 0.0000e+00
      37530   1563.718    936.913    945.000     5.9315     5.9320   3.464282   3.464284     1.7326     1.4260      99.99   23.08632  -86.26786    0.00072    0.00059     3.3829     3.4065     5.8459     5.8464    34.9078    34.9072    27.4994    27.4989    1513.41    147.035    148.061         38 0.0000e+00
      37570   1565.378    937.902    946.000     5.9252     5.9258   3.463926   3.463940     1.7335     1.4272     100.00   23.08772  -86.27308    0.00047    0.00062     3.3869     3.4118     5.8395     5.8401    34.9099    34.9094    27.5019    27.5015    1513.48    147.212    148.294         33 0.0000e+00
      37656   1568.957    941.858    950.000     5.8825     5.8830   3.460026   3.460041     1.7362     1.4300      99.99   23.08616  -86.26727    0.00063    0.00070     3.4020     3.4278     5.7967     5.7973    34.9077    34.9073    27.5055    27.5051    1513.28    147.864    148.988         30 0.0000e+00
      37698   1570.712    942.848    951.000     5.8823     5.8827   3.460241   3.460252     1.7381     1.4320     100.00   23.08772  -86.27308    0.00112    0.00110     3.4087     3.4354     5.7964     5.7969    34.9100    34.9096    27.5074    27.5071    1513.36    148.155    149.316         44 0.0000e+00
      37824   1575.967    947.794    956.000     5.8724     5.8727   3.459505   3.459489     1.7410     1.4336     100.00   23.08693  -86.27012    0.00051    0.00012     3.4216     3.4445     5.7861     5.7864    34.9096    34.9093    27.5084    27.5081    1513.18    148.716    149.713         34 0.0000e+00
