GOMECC/GOMECC-4/1db/drb2103_0501.cnv
* Sea-Bird SBE 9 Data File:
* FileName = C:\Users\scs.user.rb\CTD\GOMECC4\data\rb2103_0501.hex
* Software Version Seasave V 7.26.7.107
* Temperature SN = 4799
* Conductivity SN = 3860
* Number of Bytes Per Scan = 41
* Number of Voltage Words = 4
* Number of Scans Averaged by the Deck Unit = 1
* NMEA Latitude = 27 52.19 N
* NMEA Longitude = 093 49.83 W
* NMEA UTC (Time) = Sep 27 2021  14:48:27
* NMEA baud rate = 4800
# nquan = 28
# nvalues = 76                          
# units = specified
# name 0 = scan: Scan Count
# name 1 = timeS: Time, Elapsed [seconds]
# name 2 = depSM: Depth [salt water, m]
# name 3 = prDM: Pressure, Digiquartz [db]
# name 4 = t090C: Temperature [ITS-90, deg C]
# name 5 = t190C: Temperature, 2 [ITS-90, deg C]
# name 6 = c0S/m: Conductivity [S/m]
# name 7 = c1S/m: Conductivity, 2 [S/m]
# name 8 = sbeox0V: Oxygen raw, SBE 43 [V]
# name 9 = sbeox1V: Oxygen raw, SBE 43, 2 [V]
# name 10 = altM: Altimeter [m]
# name 11 = latitude: Latitude [deg]
# name 12 = longitude: Longitude [deg]
# name 13 = sbox0dV/dT: Oxygen, SBE 43 [dov/dt]
# name 14 = sbox1dV/dT: Oxygen, SBE 43, 2 [dov/dt]
# name 15 = sbeox0ML/L: Oxygen, SBE 43 [ml/l], WS = 5
# name 16 = sbeox1ML/L: Oxygen, SBE 43, 2 [ml/l], WS = 5
# name 17 = potemp090C: Potential Temperature [ITS-90, deg C]
# name 18 = potemp190C: Potential Temperature, 2 [ITS-90, deg C]
# name 19 = sal00: Salinity, Practical [PSU]
# name 20 = sal11: Salinity, Practical, 2 [PSU]
# name 21 = sigma-é00: Density [sigma-theta, kg/m^3]
# name 22 = sigma-é11: Density, 2 [sigma-theta, kg/m^3]
# name 23 = avgsvCM: Average Sound Velocity [Chen-Millero, m/s], minP = 20, minS = 20
# name 24 = sbox0Mm/Kg: Oxygen, SBE 43 [umol/kg], WS = 5
# name 25 = sbox1Mm/Kg: Oxygen, SBE 43, 2 [umol/kg], WS = 5
# name 26 = nbin: number of scans per bin
# name 27 = flag: flag
# span 0 =       5844,      13149       
# span 1 =    243.464,    547.823       
# span 2 =      4.967,     89.383       
# span 3 =      5.000,     90.000       
# span 4 =    20.6902,    28.5732       
# span 5 =    20.6958,    28.5742       
# span 6 =   5.025357,   5.773841       
# span 7 =   5.026050,   5.774071       
# span 8 =     2.3884,     3.2543       
# span 9 =     2.0193,     2.7960       
# span 10 =       4.35,      89.26      
# span 11 =   27.83153,   27.96976      
# span 12 =  -94.16668,  -93.70123      
# span 13 =   -0.03174,    0.02699      
# span 14 =   -0.03147,    0.02541      
# span 15 =     3.5311,     4.8674      
# span 16 =     3.5674,     4.9220      
# span 17 =    20.6730,    28.5660      
# span 18 =    20.6786,    28.5670      
# span 19 =    35.4313,    36.4313      
# span 20 =    35.4321,    36.4320      
# span 21 =    22.5594,    25.5475      
# span 22 =    22.5590,    25.5466      
# span 23 =       0.00,    1561.14      
# span 24 =    153.767,    212.158      
# span 25 =    155.347,    214.538      
# span 26 =         30,         65      
# span 27 = 0.0000e+00, 0.0000e+00      
# interval = decibars: 1                
# start_time = Sep 27 2021 14:48:27 [NMEA time, header]
# bad_flag = -9.990e-29
*END*
       5844    243.464      4.967      5.000    28.4863    28.4891   5.736586   5.736999     3.1211     2.6625      89.26   27.86980  -93.83012    0.00081    0.00024     4.3777     4.4025    28.4851    28.4879    35.4313    35.4321    22.5594    22.5590       0.00    191.196    192.279         51 0.0000e+00
       5899    245.752      5.960      6.000    28.4791    28.4792   5.735881   5.735995     3.1215     2.6623      88.62   27.86980  -93.83012   -0.00091   -0.00084     4.3796     4.4033    28.4776    28.4778    35.4315    35.4322    22.5620    22.5625       0.00    191.278    192.311         38 0.0000e+00
       5964    248.449      6.953      7.000    28.4720    28.4713   5.735296   5.735394     3.1205     2.6606      87.47   27.86980  -93.83012    0.00005   -0.00099     4.3788     4.4011    28.4703    28.4696    35.4325    35.4337    22.5651    22.5663       0.00    191.240    192.214         48 0.0000e+00
       6014    250.549      7.947      8.000    28.4705    28.4704   5.735242   5.735417     3.1206     2.6612      86.66   27.86980  -93.83012   -0.00070    0.00000     4.3796     4.4027    28.4686    28.4685    35.4329    35.4342    22.5660    22.5670       0.00    191.278    192.286         38 0.0000e+00
       6063    252.572      8.940      9.000    28.4693    28.4698   5.735251   5.735450     3.1224     2.6660      85.57   27.86980  -93.83011    0.00073    0.00191     4.3835     4.4130    28.4672    28.4677    35.4335    35.4345    22.5670    22.5675       0.00    191.446    192.735         59 0.0000e+00
       6121    255.009      9.933     10.000    28.4671    28.4663   5.735221   5.735332     3.1211     2.6622      84.60   27.86978  -93.83010   -0.00012   -0.00017     4.3817     4.4060    28.4647    28.4639    35.4346    35.4358    22.5686    22.5697       0.00    191.367    192.430         47 0.0000e+00
       6161    256.662     10.927     11.000    28.4621    28.4626   5.734818   5.734987     3.1196     2.6638      83.73   27.86978  -93.83010   -0.00071   -0.00076     4.3799     4.4101    28.4595    28.4600    35.4354    35.4361    22.5709    22.5713       0.00    191.289    192.610         40 0.0000e+00
       6211    258.744     11.920     12.000    28.4610    28.4606   5.734754   5.734830     3.1201     2.6604      82.63   27.86978  -93.83010   -0.00042   -0.00056     4.3814     4.4040    28.4581    28.4577    35.4354    35.4360    22.5714    22.5719       0.00    191.356    192.341         60 0.0000e+00
       6264    260.966     12.913     13.000    28.4569    28.4578   5.734242   5.734479     3.1220     2.6588      81.72   27.86978  -93.83010    0.00076   -0.00148     4.3858     4.4013    28.4538    28.4547    35.4346    35.4356    22.5722    22.5727       0.00    191.546    192.225         43 0.0000e+00
       6308    262.808     13.907     14.000    28.4578    28.4587   5.734536   5.734768     3.1207     2.6615      80.69   27.86978  -93.83008    0.00015    0.00051     4.3838     4.4072    28.4544    28.4554    35.4357    35.4366    22.5728    22.5732       0.00    191.461    192.482         51 0.0000e+00
       6364    265.126     14.900     15.000    28.4594    28.4605   5.734967   5.735243     3.1227     2.6595      67.90   27.86978  -93.83008    0.00036    0.00003     4.3878     4.4036    28.4558    28.4569    35.4372    35.4383    22.5735    22.5739       0.00    191.632    192.324         54 0.0000e+00
       6410    267.054     15.893     16.000    28.4608    28.4619   5.735242   5.735519     3.1200     2.6621      78.70   27.86978  -93.83008   -0.00022    0.00002     4.3833     4.4094    28.4569    28.4580    35.4378    35.4389    22.5736    22.5740       0.00    191.437    192.575         42 0.0000e+00
       6458    269.041     16.887     17.000    28.4614    28.4623   5.735340   5.735567     3.1212     2.6628      77.70   27.86978  -93.83008   -0.00035    0.00088     4.3860     4.4113    28.4573    28.4583    35.4377    35.4386    22.5734    22.5737       0.00    191.554    192.660         58 0.0000e+00
       6515    271.415     17.880     18.000    28.4621    28.4631   5.735593   5.735840     3.1197     2.6596      76.73   27.86978  -93.83008    0.00005   -0.00071     4.3836     4.4052    28.4578    28.4588    35.4386    35.4396    22.5739    22.5743       0.00    191.451    192.392         46 0.0000e+00
       6555    273.067     18.873     19.000    28.4630    28.4640   5.735924   5.736157     3.1218     2.6589      75.88   27.86978  -93.83007   -0.00024   -0.00122     4.3880     4.4042    28.4585    28.4594    35.4400    35.4409    22.5747    22.5751       0.00    191.641    192.351         41 0.0000e+00
       6610    275.379     19.866     20.000    28.4628    28.4638   5.736061   5.736291     3.1226     2.6584      74.69   27.86978  -93.83006    0.00081   -0.00044     4.3899     4.4036    28.4580    28.4590    35.4408    35.4417    22.5754    22.5758     726.97    191.726    192.324         65 0.0000e+00
       6662    277.547     20.859     21.000    28.4625    28.4635   5.736105   5.736366     3.1233     2.6587      73.86   27.86978  -93.83006    0.00033    0.00043     4.3917     4.4049    28.4575    28.4585    35.4410    35.4421    22.5758    22.5763    1561.14    191.801    192.380         39 0.0000e+00
       6704    279.278     21.853     22.000    28.4648    28.4661   5.736955   5.737286     3.1206     2.6581      72.84   27.86978  -93.83006   -0.00048   -0.00009     4.3871     4.4038    28.4596    28.4608    35.4449    35.4463    22.5780    22.5787    1543.14    191.600    192.332         50 0.0000e+00
       6762    281.705     22.846     23.000    28.4683    28.4694   5.738083   5.738327     3.1181     2.6564      71.74   27.86978  -93.83006   -0.00147   -0.00079     4.3826     4.4007    28.4629    28.4640    35.4498    35.4507    22.5806    22.5809    1543.15    191.404    192.193         59 0.0000e+00
       6809    283.680     23.839     24.000    28.4736    28.4747   5.739560   5.739805     3.1214     2.6596      70.92   27.86978  -93.83006    0.00075    0.00053     4.3884     4.4071    28.4678    28.4689    35.4561    35.4570    22.5837    22.5840    1543.15    191.659    192.474         39 0.0000e+00
       6851    285.422     24.832     25.000    28.4791    28.4784   5.741283   5.740967     3.1215     2.6602      69.89   27.86978  -93.83004    0.00086    0.00114     4.3888     4.4083    28.4731    28.4724    35.4635    35.4619    22.5875    22.5865    1543.16    191.673    192.528         49 0.0000e+00
       6909    287.843     25.826     26.000    28.4895    28.4918   5.744439   5.745038     3.1203     2.6592      68.79   27.86978  -93.83004   -0.00031   -0.00003     4.3860     4.4054    28.4833    28.4856    35.4774    35.4803    22.5946    22.5960    1543.16    191.549    192.398         59 0.0000e+00
       6959    289.900     26.819     27.000    28.5102    28.5106   5.750975   5.751013     3.1219     2.6577      67.94   27.86978  -93.83004    0.00002   -0.00083     4.3871     4.4009    28.5037    28.5042    35.5071    35.5071    22.6102    22.6100    1543.17    191.597    192.201         43 0.0000e+00
       7004    291.790     27.812     28.000    28.5400    28.5416   5.759956   5.760389     3.1207     2.6561      66.92   27.86978  -93.83004    0.00023   -0.00072     4.3825     4.3950    28.5333    28.5349    35.5477    35.5491    22.6309    22.6314    1543.18    191.390    191.935         54 0.0000e+00
       7064    294.286     28.805     29.000    28.5712    28.5727   5.771365   5.771846     3.1220     2.6530      65.80   27.86978  -93.83002   -0.00003   -0.00122     4.3812     4.3856    28.5643    28.5658    35.6027    35.6049    22.6619    22.6631    1543.20    191.327    191.520         54 0.0000e+00
       7107    296.081     29.799     30.000    28.5732    28.5742   5.773841   5.774071     3.1186     2.6545      64.95   27.86978  -93.83002   -0.00026   -0.00031     4.3750     4.3888    28.5660    28.5670    35.6182    35.6190    22.6730    22.6733    1543.22    191.057    191.656         37 0.0000e+00
       7157    298.159     30.792     31.000    28.5686    28.5693   5.773592   5.773790     3.1166     2.6546      63.87   27.86978  -93.83002   -0.00139    0.00013     4.3721     4.3897    28.5611    28.5619    35.6196    35.6204    22.6757    22.6760    1543.23    190.928    191.696         60 0.0000e+00
       7212    300.448     31.785     32.000    28.5552    28.5564   5.772267   5.772520     3.1152     2.6545      62.98   27.86978  -93.83002   -0.00123    0.00039     4.3712     4.3910    28.5475    28.5487    35.6201    35.6210    22.6806    22.6809    1543.25    190.890    191.753         48 0.0000e+00
       7260    302.469     32.778     33.000    28.3725    28.3770   5.762730   5.763206     3.1175     2.6585      61.88   27.86978  -93.83002    0.00066    0.00030     4.3878     4.4103    28.3708    28.3692    35.6862    35.6862    22.7887    22.7873    1543.26    191.594    192.576         51 0.0000e+00
       7313    304.680     33.771     34.000    27.6269    27.6321   5.702942   5.703535     3.1573     2.6977      60.89   27.86978  -93.83002    0.00588    0.00955     4.5312     4.5699    27.6082    27.6241    35.8445    35.8448    23.1577    23.1564    1543.25    197.779    199.469         53 0.0000e+00
       7363    306.769     34.764     35.000    27.3644    27.3660   5.686568   5.686957     3.1835     2.7228      59.92   27.86978  -93.83000    0.01890    0.01824     4.5859     4.6139    27.3561    27.3578    35.9212    35.9228    23.2972    23.2979    1543.20    200.144    201.364         49 0.0000e+00
       7413    308.817     35.758     36.000    27.1764    27.1776   5.673165   5.673516     3.1978     2.7376      58.93   27.86978  -93.83000    0.01083    0.00924     4.6276     4.6579    27.1680    27.1693    35.9648    35.9663    23.3907    23.3915    1543.15    201.944    203.269         47 0.0000e+00
       7459    310.739     36.751     37.000    27.0960    27.0967   5.671871   5.672298     3.2128     2.7549      57.95   27.86978  -93.83000    0.00721    0.00808     4.6611     4.6994    27.0874    27.0882    36.0227    36.0251    23.4602    23.4619    1543.09    203.391    205.063         50 0.0000e+00
       7514    313.058     37.744     38.000    27.0054    27.0041   5.674280   5.674420     3.2068     2.7414      56.93   27.86978  -93.83000    0.00266    0.00079     4.6559     4.6770    26.9966    26.9953    36.1102    36.1122    23.5554    23.5573    1543.03    203.145    204.067         54 0.0000e+00
       7561    314.995     38.737     39.000    26.8881    26.8874   5.663080   5.663235     3.1992     2.7392      56.01   27.86978  -93.83000   -0.00519   -0.00577     4.6513     4.6818    26.8791    26.8785    36.1207    36.1223    23.6009    23.6023    1542.98    202.939    204.268         43 0.0000e+00
       7611    317.071     39.730     40.000    26.7356    26.7357   5.647594   5.647813     3.1970     2.7387      54.93   27.86977  -93.82999   -0.00262   -0.00052     4.6603     4.6933    26.7264    26.7266    36.1278    36.1293    23.6550    23.6561    1542.92    203.321    204.757         60 0.0000e+00
       7668    319.459     40.724     41.000    26.3932    26.3911   5.613159   5.613238     3.1981     2.7397      53.98   27.86976  -93.82998    0.00100    0.00008     4.6914     4.7219    26.3839    26.3819    36.1465    36.1487    23.7777    23.7800    1542.84    204.650    205.983         47 0.0000e+00
       7710    321.204     41.717     42.000    26.1405    26.1421   5.592436   5.592840     3.2167     2.7623      53.04   27.86976  -93.82998    0.00296    0.00511     4.7487     4.7907    26.1311    26.1326    36.1942    36.1959    23.8935    23.8943    1542.76    207.128    208.958         43 0.0000e+00
       7760    323.290     42.710     43.000    25.9770    25.9790   5.582192   5.582627     3.2376     2.7807      52.02   27.86976  -93.82998    0.01007    0.01012     4.8004     4.8403    25.9674    25.9694    36.2483    36.2499    23.9857    23.9863    1542.67    209.366    211.105         55 0.0000e+00
       7814    325.554     43.703     44.000    25.8805    25.8827   5.572364   5.572888     3.2543     2.7960      51.00   27.86976  -93.82998    0.01044    0.01008     4.8412     4.8810    25.8707    25.8728    36.2524    36.2546    24.0190    24.0200    1542.58    211.136    212.872         52 0.0000e+00
       7862    327.537     44.696     45.000    25.5140    25.5217   5.527014   5.528357     3.2276     2.7688      50.04   27.86976  -93.82998   -0.00201   -0.00304     4.8239     4.8548    25.5040    25.5118    36.2097    36.2134    24.1007    24.1011    1542.48    210.363    211.715         45 0.0000e+00
       7910    329.527     45.690     46.000    25.3234    25.3261   5.510802   5.511382     3.1949     2.7433      49.05   27.86976  -93.82998   -0.01698   -0.01542     4.7772     4.8165    25.3133    25.3160    36.2415    36.2435    24.1837    24.1844    1542.37    208.314    210.026         53 0.0000e+00
       7966    331.886     46.683     47.000    25.0201    25.0234   5.470874   5.471615     3.1487     2.6952      48.07   27.86976  -93.82996   -0.01514   -0.01321     4.7160     4.7403    25.0099    25.0132    36.1870    36.1899    24.2356    24.2368    1542.25    205.634    206.694         55 0.0000e+00
       8013    333.844     47.676     48.000    24.8360    24.8378   5.447835   5.448290     3.0656     2.6230      47.09   27.86976  -93.82996   -0.03174   -0.03147     4.5727     4.6018    24.8256    24.8274    36.1624    36.1643    24.2732    24.2741    1542.12    199.376    200.647         41 0.0000e+00
       8058    335.688     48.669     49.000    24.7207    24.7224   5.436892   5.437297     3.0412     2.6033      46.07   27.86976  -93.82996   -0.03062   -0.02665     4.5335     4.5682    24.7101    24.7118    36.1728    36.1745    24.3162    24.3169    1542.00    197.662    199.172         52 0.0000e+00
       8117    338.149     49.662     50.000    24.5889    24.5912   5.424466   5.424927     3.0360     2.5995      45.06   27.86976  -93.82996   -0.00450   -0.00252     4.5346     4.5705    24.5781    24.5805    36.1854    36.1870    24.3656    24.3661    1541.87    197.697    199.263         57 0.0000e+00
       8163    340.104     50.655     51.000    24.4553    24.4584   5.412215   5.412777     3.0569     2.6246      44.15   27.86976  -93.82996    0.00323    0.00382     4.5869     4.6355    24.4444    24.4474    36.2006    36.2024    24.4175    24.4180    1541.74    199.967    202.086         42 0.0000e+00
       8209    341.987     51.648     52.000    24.3558    24.3585   5.403162   5.403645     3.1019     2.6679      43.18   27.86976  -93.82996    0.01642    0.01834     4.6845     4.7378    24.3447    24.3474    36.2125    36.2140    24.4565    24.4569    1541.62    204.214    206.540         52 0.0000e+00
       8268    344.438     52.641     53.000    24.1938    24.2015   5.390762   5.391252     3.1676     2.7304      42.13   27.86974  -93.82995    0.02699    0.02541     4.8240     4.8843    24.1929    24.1903    36.2414    36.2434    24.5239    24.5248    1541.49    210.284    212.911         57 0.0000e+00
       8313    346.345     53.635     54.000    23.9687    23.9754   5.367325   5.368345     3.1797     2.7397      41.25   27.86974  -93.82994    0.01937    0.01761     4.8674     4.9220    23.9571    23.9639    36.2546    36.2569    24.6043    24.6041    1541.40    212.158    214.538         39 0.0000e+00
       8359    348.256     54.627     55.000    23.9395    23.9401   5.364644   5.364909     3.1697     2.7272      40.22   27.86974  -93.82994    0.00103   -0.00044     4.8551     4.9022    23.9279    23.9285    36.2577    36.2593    24.6154    24.6163    1541.22    211.619    213.674         58 0.0000e+00
