GOMECC/GOMECC-4/1db/drb2103_0551.cnv
* Sea-Bird SBE 9 Data File:
* FileName = C:\Users\scs.user.rb\CTD\GOMECC4\data\rb2103_0551.hex
* Software Version Seasave V 7.26.7.107
* Temperature SN = 4799
* Conductivity SN = 3860
* Number of Bytes Per Scan = 41
* Number of Voltage Words = 4
* Number of Scans Averaged by the Deck Unit = 1
* NMEA Latitude = 27 38.90 N
* NMEA Longitude = 094 59.93 W
* NMEA UTC (Time) = Sep 28 2021  16:15:21
* NMEA baud rate = 4800
# nquan = 28
# nvalues = 175                         
# units = specified
# name 0 = scan: Scan Count
# name 1 = timeS: Time, Elapsed [seconds]
# name 2 = depSM: Depth [salt water, m]
# name 3 = prDM: Pressure, Digiquartz [db]
# name 4 = t090C: Temperature [ITS-90, deg C]
# name 5 = t190C: Temperature, 2 [ITS-90, deg C]
# name 6 = c0S/m: Conductivity [S/m]
# name 7 = c1S/m: Conductivity, 2 [S/m]
# name 8 = sbeox0V: Oxygen raw, SBE 43 [V]
# name 9 = sbeox1V: Oxygen raw, SBE 43, 2 [V]
# name 10 = altM: Altimeter [m]
# name 11 = latitude: Latitude [deg]
# name 12 = longitude: Longitude [deg]
# name 13 = sbox0dV/dT: Oxygen, SBE 43 [dov/dt]
# name 14 = sbox1dV/dT: Oxygen, SBE 43, 2 [dov/dt]
# name 15 = sbeox0ML/L: Oxygen, SBE 43 [ml/l], WS = 5
# name 16 = sbeox1ML/L: Oxygen, SBE 43, 2 [ml/l], WS = 5
# name 17 = potemp090C: Potential Temperature [ITS-90, deg C]
# name 18 = potemp190C: Potential Temperature, 2 [ITS-90, deg C]
# name 19 = sal00: Salinity, Practical [PSU]
# name 20 = sal11: Salinity, Practical, 2 [PSU]
# name 21 = sigma-é00: Density [sigma-theta, kg/m^3]
# name 22 = sigma-é11: Density, 2 [sigma-theta, kg/m^3]
# name 23 = avgsvCM: Average Sound Velocity [Chen-Millero, m/s], minP = 20, minS = 20
# name 24 = sbox0Mm/Kg: Oxygen, SBE 43 [umol/kg], WS = 5
# name 25 = sbox1Mm/Kg: Oxygen, SBE 43, 2 [umol/kg], WS = 5
# name 26 = nbin: number of scans per bin
# name 27 = flag: flag
# span 0 =       9135,      29485       
# span 1 =    380.575,   1228.510       
# span 2 =      3.974,    618.934       
# span 3 =      4.000,    624.000       
# span 4 =     7.8528,    29.2394       
# span 5 =     7.8529,    29.2408       
# span 6 =   3.633070,   5.905578       
# span 7 =   3.633037,   5.905788       
# span 8 =     1.5858,     3.2829       
# span 9 =     1.2921,     2.8143       
# span 10 =      10.21,     102.21      
# span 11 =   27.52048,   27.65495      
# span 12 =  -95.02259,  -94.55971      
# span 13 =   -0.02996,    0.02686      
# span 14 =   -0.02915,    0.02498      
# span 15 =     2.4685,     4.9171      
# span 16 =     2.4970,     4.9520      
# span 17 =     7.7887,    29.2309      
# span 18 =     7.7887,    29.2322      
# span 19 =    34.9712,    36.4712      
# span 20 =    34.9694,    36.4717      
# span 21 =    22.3432,    27.2926      
# span 22 =    22.3430,    27.2908      
# span 23 =       0.00,    1544.87      
# span 24 =    107.329,    214.327      
# span 25 =    108.570,    215.846      
# span 26 =         30,         74      
# span 27 = 0.0000e+00, 0.0000e+00      
# interval = decibars: 1                
# start_time = Sep 28 2021 16:15:21 [NMEA time, header]
# bad_flag = -9.990e-29
*END*
       9135    380.575      3.974      4.000    29.0301    29.0303   5.806291   5.806308     3.1375     2.6611     100.00   27.64820  -94.99858   -0.00035    0.00029     4.3631     4.3581    29.0292    29.0294    35.5093    35.5096    22.4368    22.4369       0.00    190.581    190.363         50 0.0000e+00
       9660    402.447      4.967      5.000    29.0212    29.0223   5.805274   5.805511     3.1358     2.6610     100.00   27.64818  -94.99856 3.1316e-07    0.00101     4.3614     4.3590    29.0200    29.0211    35.5087    35.5091    22.4394    22.4393       0.00    190.504    190.402         31 0.0000e+00
       9762    406.695      5.960      6.000    29.0206    29.0211   5.805234   5.805334     3.1372     2.6634      90.72   27.64818  -94.99856    0.00025    0.00094     4.3644     4.3645    29.0192    29.0197    35.5084    35.5088    22.4395    22.4395       0.00    190.636    190.642         54 0.0000e+00
       9822    409.227      6.953      7.000    29.0281    29.0221   5.806158   5.805411     3.1386     2.6597      93.55   27.64818  -94.99856    0.00077   -0.00029     4.3667     4.3574    29.0264    29.0204    35.5092    35.5083    22.4376    22.4390       0.00    190.737    190.332         52 0.0000e+00
       9880    411.624      7.947      8.000    29.0292    29.0266   5.806379   5.806061     3.1390     2.6594      77.78   27.64818  -94.99856    0.00016   -0.00168     4.3680     4.3571    29.0273    29.0246    35.5093    35.5090    22.4374    22.4380       0.00    190.792    190.316         57 0.0000e+00
       9943    414.234      8.940      9.000    29.0337    29.0342   5.806925   5.807021     3.1394     2.6601      87.62   27.64818  -94.99855    0.00019    0.00034     4.3690     4.3584    29.0315    29.0320    35.5096    35.5098    22.4362    22.4362       0.00    190.837    190.377         65 0.0000e+00
      10002    416.723      9.933     10.000    29.0327    29.0351   5.806823   5.807069     3.1379     2.6611     100.05   27.64818  -94.99854   -0.00053    0.00052     4.3674     4.3610    29.0303    29.0327    35.5091    35.5096    22.4363    22.4358       0.00    190.768    190.487         35 0.0000e+00
      10057    418.981     10.927     11.000    29.0221    29.0224   5.805601   5.805664     3.1356     2.6608     100.00   27.64818  -94.99854   -0.00076   -0.00004     4.3640     4.3618    29.0194    29.0198    35.5084    35.5086    22.4394    22.4394       0.00    190.619    190.521         57 0.0000e+00
      10123    421.743     11.920     12.000    29.0238    29.0228   5.805836   5.805784     3.1358     2.6655     100.00   27.64818  -94.99854   -0.00036    0.00096     4.3647     4.3717    29.0209    29.0199    35.5085    35.5088    22.4389    22.4395       0.00    190.651    190.956         46 0.0000e+00
      10163    423.406     12.913     13.000    29.0214    29.0226   5.805640   5.805784     3.1355     2.6645      96.48   27.64818  -94.99854    0.00010    0.00148     4.3649     4.3701    29.0183    29.0195    35.5086    35.5087    22.4399    22.4396       0.00    190.657    190.888         44 0.0000e+00
      10224    425.977     13.907     14.000    29.0212    29.0222   5.805697   5.805811     3.1346     2.6621     100.00   27.64818  -94.99854   -0.00015   -0.00057     4.3638     4.3659    29.0178    29.0188    35.5089    35.5089    22.4402    22.4400       0.00    190.611    190.703         54 0.0000e+00
      10272    427.970     14.900     15.000    29.0165    29.0172   5.805458   5.805559     3.1345     2.6620     100.00   27.64818  -94.99854   -0.00014   -0.00092     4.3646     4.3666    29.0129    29.0135    35.5104    35.5106    22.4430    22.4430       0.00    190.643    190.734         32 0.0000e+00
      10308    429.444     15.893     16.000    29.0141    29.0144   5.805359   5.805428     3.1346     2.6601      71.12   27.64818  -94.99855   -0.00002   -0.00024     4.3654     4.3634    29.0103    29.0106    35.5112    35.5115    22.4446    22.4446       0.00    190.680    190.594         34 0.0000e+00
      10373    432.149     17.880     18.000    28.8800    28.8808   5.779035   5.779130     3.1209     2.6512      99.54   27.52048  -94.55971    0.00047    0.00227     4.3477     4.3511    28.8756    28.8764    35.3500    35.3501    22.3432    22.3430       0.00    189.905    190.053         30 0.0000e+00
      10466    436.030     18.873     19.000    29.0147    29.0157   5.806409   5.806565     3.1348     2.6593     100.00   27.64820  -94.99856   -0.00004   -0.00027     4.3671     4.3631    29.0101    29.0111    35.5171    35.5175    22.4490    22.4490       0.00    190.754    190.580         61 0.0000e+00
      10520    438.294     19.867     20.000    29.0186    29.0193   5.809848   5.809806     3.1351     2.6610     100.00   27.64820  -94.99856   -0.00031   -0.00111     4.3673     4.3665    29.0138    29.0145    35.5377    35.5369    22.4632    22.4624     709.39    190.757    190.722         43 0.0000e+00
      10558    439.863     20.860     21.000    29.0195    29.0204   5.813579   5.813472     3.1365     2.6631     100.00   27.64819  -94.99854    0.00039    0.00170     4.3697     4.3704    29.0144    29.0153    35.5625    35.5611    22.4817    22.4803    1538.19    190.859    190.891         37 0.0000e+00
      10600    441.637     21.853     22.000    29.0185    29.0194   5.822019   5.821788     3.1351     2.6607      99.99   27.64818  -94.99854    0.00040    0.00002     4.3664     4.3647    29.0132    29.0141    35.6212    35.6189    22.5262    22.5242    1544.45    190.709    190.635         50 0.0000e+00
      10658    444.027     22.846     23.000    29.0295    29.0294   5.838519   5.837621     3.1342     2.6617     100.00   27.64818  -94.99854   -0.00097    0.00021     4.3619     4.3641    29.0239    29.0238    35.7266    35.7204    22.6017    22.5971    1544.46    190.497    190.596         60 0.0000e+00
      10706    446.035     23.840     24.000    29.1093    29.1064   5.873610   5.872430     3.1361     2.6622     100.00   27.64818  -94.99854    0.00072   -0.00007     4.3590     4.3560    29.1034    29.1005    35.9086    35.9027    22.7117    22.7083    1544.48    190.351    190.221         32 0.0000e+00
      10744    447.638     24.833     25.000    29.1321    29.1311   5.878582   5.878299     3.1408     2.6649     100.00   27.64818  -94.99854    0.00168    0.00075     4.3625     4.3595    29.1260    29.1251    35.9255    35.9243    22.7169    22.7163    1544.51    190.500    190.370         47 0.0000e+00
      10807    450.245     25.826     26.000    29.1379    29.1396   5.879804   5.880065     3.1425     2.6678     100.00   27.64818  -94.99853    0.00150    0.00158     4.3652     4.3649    29.1316    29.1333    35.9293    35.9298    22.7178    22.7177    1544.53    190.621    190.605         57 0.0000e+00
      10850    452.031     26.819     27.000    29.1366    29.1370   5.879823   5.879856     3.1392     2.6676     100.00   27.64818  -94.99852   -0.00053    0.00025     4.3598     4.3652    29.1300    29.1305    35.9301    35.9300    22.7190    22.7187    1544.56    190.382    190.620         35 0.0000e+00
      10891    453.770     27.813     28.000    29.1313    29.1322   5.879037   5.879185     3.1388     2.6652     100.00   27.64818  -94.99852   -0.00121   -0.00083     4.3601     4.3614    29.1245    29.1254    35.9284    35.9287    22.7196    22.7195    1544.58    190.395    190.455         55 0.0000e+00
      10954    456.364     28.806     29.000    29.1239    29.1248   5.879314   5.879346     3.1392     2.6616     100.00   27.64818  -94.99852    0.00032   -0.00094     4.3617     4.3550    29.1169    29.1178    35.9356    35.9351    22.7275    22.7268    1544.60    190.465    190.173         55 0.0000e+00
      10997    458.167     29.799     30.000    29.1326    29.1326   5.883019   5.882963     3.1366     2.6649     100.00   27.64818  -94.99853   -0.00056   -0.00054     4.3564     4.3609    29.1253    29.1253    35.9539    35.9536    22.7384    22.7382    1544.62    190.231    190.427         36 0.0000e+00
      11041    459.994     30.792     31.000    29.1411    29.1411   5.885123   5.885048     3.1359     2.6630     100.00   27.64818  -94.99854   -0.00098    0.00062     4.3549     4.3571    29.1336    29.1335    35.9621    35.9616    22.7418    22.7415    1544.65    190.167    190.261         53 0.0000e+00
      11101    462.495     31.785     32.000    29.1525    29.1518   5.887818   5.887648     3.1381     2.6640     100.00   27.64817  -94.99852    0.00069   -0.00027     4.3583     4.3586    29.1447    29.1440    35.9719    35.9712    22.7454    22.7451    1544.67    190.310    190.326         57 0.0000e+00
      11146    464.374     32.779     33.000    29.1969    29.1973   5.897109   5.897178     3.1390     2.6655      71.30   27.64817  -94.99852    0.00044    0.00073     4.3562     4.3581    29.1889    29.1892    36.0022    36.0024    22.7533    22.7533    1544.70    190.220    190.303         37 0.0000e+00
      11187    466.064     33.772     34.000    29.2204    29.2206   5.902124   5.902104     3.1403     2.6624      94.61   27.64816  -94.99852    0.00063   -0.00022     4.3564     4.3512    29.2121    29.2123    36.0159    36.0156    22.7558    22.7555    1544.72    190.229    190.001         52 0.0000e+00
      11253    468.826     34.765     35.000    29.2394    29.2408   5.905578   5.905788     3.1439     2.6663     100.04   27.64816  -94.99852    0.00141    0.00032     4.3622     4.3569    29.2309    29.2322    36.0279    36.0284    22.7585    22.7584    1544.75    190.483    190.249         43 0.0000e+00
      11340    472.453     36.752     37.000    29.2257    29.2271   5.904251   5.904477     3.1385     2.6639     100.00   27.64703  -94.99466   -0.00125   -0.00034     4.3545     4.3540    29.2167    29.2181    36.0278    36.0283    22.7630    22.7629    1544.74    190.143    190.120         41 0.0000e+00
      11410    475.394     38.738     39.000    29.1235    29.1155   5.891262   5.889084     3.1365     2.6601      98.55   27.58131  -94.76884    0.00005   -0.00006     4.3650     4.3600    29.1169    29.1060    35.9981    35.9845    22.7696    22.7610    1541.11    190.597    190.380         47 0.0000e+00
      11494    478.854     39.731     40.000    29.1117    29.1109   5.890492   5.890832     3.1435     2.6658      96.96   27.64816  -94.99854    0.00209    0.00052     4.3738     4.3690    29.1020    29.1012    36.0333    36.0331    22.8059    22.8062    1544.86    190.979    190.770         54 0.0000e+00
      11539    480.745     40.724     41.000    28.8571    28.8622   5.870203   5.870791     3.1497     2.6800      99.96   27.64816  -94.99854    0.00063    0.00248     4.4044     4.4140    28.8472    28.8523    36.0704    36.0707    22.9192    22.9177    1544.87    192.291    192.712         44 0.0000e+00
      11586    482.721     41.717     42.000    28.7245    28.7316   5.857639   5.858464     3.1736     2.7044      68.66   27.64816  -94.99854    0.00806    0.01070     4.4581     4.4729    28.7144    28.7215    36.0833    36.0836    22.9732    22.9711    1544.87    194.626    195.274         50 0.0000e+00
      11640    484.963     42.711     43.000    28.4951    28.5019   5.835222   5.836061     3.2000     2.7266      99.77   27.64816  -94.99854    0.01146    0.01025     4.5246     4.5349    28.4848    28.4917    36.1012    36.1019    23.0631    23.0613    1544.86    197.512    197.961         58 0.0000e+00
      11691    487.103     43.704     44.000    28.2660    28.2739   5.814636   5.815578     3.2155     2.7416     100.00   27.64816  -94.99854    0.01114    0.01025     4.5770     4.5903    28.2556    28.2635    36.1318    36.1324    23.1620    23.1597    1544.85    199.782    200.364         31 0.0000e+00
      11727    488.574     44.697     45.000    27.5451    27.5599   5.738656   5.740048     3.2258     2.7547     100.00   27.64816  -94.99854    0.00564    0.00577     4.6530     4.6681    27.5346    27.5493    36.1449    36.1477    23.4077    23.4050    1544.78    203.048    203.711         42 0.0000e+00
      11792    491.306     45.690     46.000    27.1971    27.1887   5.697866   5.697564     3.2783     2.8008     100.00   27.64816  -94.99854    0.01917    0.01748     4.7764     4.7892    27.1861    27.1781    36.1292    36.1320    23.5086    23.5133    1544.72    208.412    208.974         38 0.0000e+00
      11832    492.943     46.683     47.000    26.6503    26.6624   5.642599   5.644025     3.2829     2.8143     100.00   27.64816  -94.99854    0.01359    0.01331     4.8327     4.8598    26.6396    26.6517    36.1562    36.1571    23.7041    23.7009    1544.63    210.830    212.013         30 0.0000e+00
      11873    494.668     47.677     48.000    26.1968    26.2168   5.593489   5.595589     3.2637     2.7906      88.79   27.64816  -94.99854   -0.00177    0.00016     4.8364     4.8472    26.1859    26.2060    36.1556    36.1551    23.8471    23.8404    1544.53    210.963    211.436         39 0.0000e+00
      11942    497.523     48.670     49.000    25.9693    25.9867   5.572754   5.574458     3.2580     2.7883     100.59   27.64816  -94.99854   -0.00434   -0.00410     4.8452     4.8611    25.9583    25.9757    36.1833    36.1821    23.9395    23.9330    1544.42    211.327    212.021         37 0.0000e+00
      11973    498.827     49.663     50.000    25.4537    25.4664   5.511852   5.513648     3.2282     2.7626     100.00   27.64816  -94.99854   -0.00513   -0.00309     4.8350     4.8511    25.4427    25.4554    36.1439    36.1471    24.0699    24.0684    1544.29    210.857    211.558         36 0.0000e+00
      12027    501.077     50.656     51.000    25.1940    25.1873   5.483946   5.483412     3.1877     2.7220      78.40   27.64816  -94.99854   -0.01950   -0.01720     4.7800     4.7887    25.1828    25.1761    36.1439    36.1453    24.1501    24.1532    1544.15    208.441    208.821         65 0.0000e+00
      12080    503.296     51.649     52.000    24.9998    25.0045   5.463477   5.464268     3.1491     2.6900     101.07   27.64816  -94.99854   -0.01487   -0.01412     4.7222     4.7343    24.9885    24.9932    36.1466    36.1487    24.2116    24.2117    1544.01    205.909    206.434         36 0.0000e+00
      12122    505.023     52.642     53.000    24.7837    24.7883   5.442253   5.443000     3.1004     2.6460     100.00   27.64814  -94.99854   -0.02300   -0.02086     4.6458     4.6565    24.7702    24.7769    36.1626    36.1645    24.2902    24.2903    1543.87    202.563    203.027         46 0.0000e+00
      12172    507.131     53.635     54.000    24.6751    24.6782   5.433034   5.433575     3.0823     2.6328     100.00   27.64814  -94.99854   -0.01755   -0.01453     4.6205     4.6380    24.6635    24.6665    36.1789    36.1804    24.3348    24.3351    1543.71    201.447    202.212         44 0.0000e+00
      12207    508.592     54.628     55.000    24.5916    24.5944   5.426649   5.427119     3.0780     2.6303     100.00   27.64814  -94.99854   -0.00802   -0.00594     4.6191     4.6393    24.5798    24.5826    36.1979    36.1992    24.3746    24.3747    1543.57    201.380    202.262         31 0.0000e+00
      12240    509.969     55.622     56.000    24.4732    24.4801   5.415307   5.416321     3.1113     2.6693     100.00   27.64814  -94.99854    0.00284    0.00526     4.6948     4.7332    24.4612    24.4681    36.2078    36.2099    24.4179    24.4174    1543.42    204.672    206.346         36 0.0000e+00
      12278    511.527     56.615     57.000    24.2414    24.2484   5.389447   5.390479     3.1468     2.7069     100.00   27.64814  -94.99854    0.01850    0.02085     4.7858     4.8349    24.2293    24.2362    36.1999    36.2020    24.4816    24.4812    1543.27    208.626    210.767         36 0.0000e+00
