GOMECC/GOMECC-4/1db/drb2103_1071.cnv
* Sea-Bird SBE 9 Data File:
* FileName = C:\Users\scs.user.rb\CTD\GOMECC4\data\rb2103_1071.hex
* Software Version Seasave V 7.26.7.107
* Temperature SN = 4799
* Conductivity SN = 3860
* Number of Bytes Per Scan = 41
* Number of Voltage Words = 4
* Number of Scans Averaged by the Deck Unit = 1
* NMEA Latitude = 23 05.26 N
* NMEA Longitude = 086 16.38 W
* NMEA UTC (Time) = Oct 14 2021  17:43:34
* NMEA baud rate = 4800
# nquan = 28
# nvalues = 377                         
# units = specified
# name 0 = scan: Scan Count
# name 1 = timeS: Time, Elapsed [seconds]
# name 2 = depSM: Depth [salt water, m]
# name 3 = prDM: Pressure, Digiquartz [db]
# name 4 = t090C: Temperature [ITS-90, deg C]
# name 5 = t190C: Temperature, 2 [ITS-90, deg C]
# name 6 = c0S/m: Conductivity [S/m]
# name 7 = c1S/m: Conductivity, 2 [S/m]
# name 8 = sbeox0V: Oxygen raw, SBE 43 [V]
# name 9 = sbeox1V: Oxygen raw, SBE 43, 2 [V]
# name 10 = altM: Altimeter [m]
# name 11 = latitude: Latitude [deg]
# name 12 = longitude: Longitude [deg]
# name 13 = sbox0dV/dT: Oxygen, SBE 43 [dov/dt]
# name 14 = sbox1dV/dT: Oxygen, SBE 43, 2 [dov/dt]
# name 15 = sbeox0ML/L: Oxygen, SBE 43 [ml/l], WS = 5
# name 16 = sbeox1ML/L: Oxygen, SBE 43, 2 [ml/l], WS = 5
# name 17 = potemp090C: Potential Temperature [ITS-90, deg C]
# name 18 = potemp190C: Potential Temperature, 2 [ITS-90, deg C]
# name 19 = sal00: Salinity, Practical [PSU]
# name 20 = sal11: Salinity, Practical, 2 [PSU]
# name 21 = sigma-é00: Density [sigma-theta, kg/m^3]
# name 22 = sigma-é11: Density, 2 [sigma-theta, kg/m^3]
# name 23 = avgsvCM: Average Sound Velocity [Chen-Millero, m/s], minP = 20, minS = 20
# name 24 = sbox0Mm/Kg: Oxygen, SBE 43 [umol/kg], WS = 5
# name 25 = sbox1Mm/Kg: Oxygen, SBE 43, 2 [umol/kg], WS = 5
# name 26 = nbin: number of scans per bin
# name 27 = flag: flag
# span 0 =      10122,      47816       
# span 1 =    421.692,   1992.305       
# span 2 =      3.975,   1219.634       
# span 3 =      4.000,   1231.000       
# span 4 =     4.3653,    29.9219       
# span 5 =     4.3661,    29.9829       
# span 6 =   3.339790,   6.015194       
# span 7 =   3.339792,   6.022853       
# span 8 =     1.6137,     3.1953       
# span 9 =     1.3143,     2.7062       
# span 10 =      10.58,     100.33      
# span 11 =   23.07288,   23.08943      
# span 12 =  -86.27946,  -86.21817      
# span 13 =   -0.01238,    0.00867      
# span 14 =   -0.01137,    0.00859      
# span 15 =     2.6902,     4.5604      
# span 16 =     2.7076,     4.5826      
# span 17 =     4.2660,    29.9202      
# span 18 =     4.2665,    29.9812      
# span 19 =    34.8977,    37.0102      
# span 20 =    34.8972,    37.0118      
# span 21 =    22.7131,    27.7317      
# span 22 =    22.6929,    27.7309      
# span 23 =       0.00,    1551.03      
# span 24 =    116.975,    198.171      
# span 25 =    117.730,    199.136      
# span 26 =         30,         65      
# span 27 = 0.0000e+00, 0.0000e+00      
# interval = decibars: 1                
# start_time = Oct 14 2021 17:43:34 [NMEA time, header]
# bad_flag = -9.990e-29
*END*
[from data line 311]
      38018   1584.041    954.718    963.000     5.8272     5.8275   3.456186   3.456194     1.7436     1.4362      88.77   23.08771  -86.27303    0.00043    0.00029     3.4375     3.4611     5.7406     5.7409    34.9115    34.9110    27.5157    27.5153    1513.06    149.407    150.435         31 0.0000e+00
      38149   1589.508    959.663    968.000     5.8259     5.8263   3.455945   3.455941     1.7460     1.4382     100.00   23.08723  -86.27123    0.00051    0.00044     3.4479     3.4706     5.7388     5.7392    34.9111    34.9107    27.5155    27.5151    1512.91    149.858    150.847         33 0.0000e+00
      38182   1590.887    960.652    969.000     5.8260     5.8266   3.456050   3.456075     1.7462     1.4382     100.00   23.08772  -86.27308    0.00030    0.00024     3.4490     3.4711     5.7388     5.7394    34.9118    34.9114    27.5161    27.5157    1512.91    149.906    150.867         30 0.0000e+00
      38288   1595.280    964.609    973.000     5.8186     5.8190   3.455603   3.455614     1.7462     1.4383     100.00   23.08816  -86.27473   -0.00005   -0.00002     3.4515     3.4737     5.7311     5.7315    34.9127    34.9123    27.5178    27.5174    1512.85    150.015    150.981         31 0.0000e+00
      38393   1599.671    968.565    977.000     5.7788     5.7796   3.452202   3.452206     1.7474     1.4397     100.00   23.08748  -86.27218    0.00021    0.00030     3.4611     3.4848     5.6913     5.6920    34.9128    34.9121    27.5228    27.5222    1512.70    150.433    151.462         30 0.0000e+00
      38557   1606.489    974.499    983.000     5.7364     5.7370   3.448770   3.448758     1.7546     1.4478     100.00   23.08784  -86.27360    0.00126    0.00132     3.4921     3.5208     5.6485     5.6491    34.9148    34.9140    27.5297    27.5290    1512.59    151.777    153.027         32 0.0000e+00
      38689   1611.994    979.444    988.000     5.7022     5.7028   3.445893   3.445911     1.7621     1.4541     100.00   23.08731  -86.27162    0.00142    0.00116     3.5230     3.5497     5.6140     5.6147    34.9149    34.9144    27.5341    27.5336    1512.44    153.119    154.282         34 0.0000e+00
      38722   1613.380    980.433    989.000     5.6989     5.6994   3.445698   3.445712     1.7636     1.4552     100.00   23.08770  -86.27308    0.00132    0.00094     3.5286     3.5543     5.6107     5.6112    34.9156    34.9152    27.5351    27.5347    1512.44    153.364    154.480         30 0.0000e+00
      38820   1617.442    984.389    993.000     5.6801     5.6811   3.444158   3.444199     1.7657     1.4570     100.00   23.08717  -86.27111    0.00054    0.00042     3.5394     3.5645     5.5916     5.5926    34.9156    34.9151    27.5374    27.5369    1512.31    153.835    154.923         32 0.0000e+00
      38855   1618.917    985.378    994.000     5.6699     5.6710   3.443363   3.443421     1.7667     1.4578     100.00   23.08770  -86.27308    0.00050    0.00042     3.5445     3.5689     5.5814     5.5825    34.9166    34.9161    27.5395    27.5389    1512.32    154.053    155.115         35 0.0000e+00
      38984   1624.286    990.323    999.000     5.6343     5.6357   3.440403   3.440475     1.7700     1.4609     100.00   23.08761  -86.27278    0.00055    0.00063     3.5614     3.5861     5.5456     5.5470    34.9172    34.9167    27.5443    27.5437    1512.20    154.789    155.861         35 0.0000e+00
      39441   1643.319   1007.135   1016.000     5.4858     5.4863   3.427999   3.428001     1.7867     1.4770     100.00   23.08719  -86.27127    0.00040    0.00046     3.6408     3.6681     5.3966     5.3971    34.9211    34.9206    27.5656    27.5651    1511.79    158.236    159.422         30 0.0000e+00
      39473   1644.660   1008.123   1017.000     5.4695     5.4702   3.426664   3.426676     1.7875     1.4778      58.32   23.08768  -86.27310    0.00050    0.00061     3.6456     3.6731     5.3803     5.3810    34.9224    34.9217    27.5686    27.5680    1511.80    158.443    159.638         32 0.0000e+00
      39576   1648.946   1012.079   1021.000     5.4353     5.4357   3.423756   3.423752     1.7928     1.4830     100.00   23.08692  -86.27027    0.00124    0.00132     3.6692     3.6979     5.3460     5.3464    34.9225    34.9220    27.5728    27.5724    1511.66    159.471    160.719         33 0.0000e+00
      39609   1650.344   1013.068   1022.000     5.4289     5.4294   3.423335   3.423342     1.7948     1.4844     100.00   23.08768  -86.27310    0.00140    0.00122     3.6770     3.7039     5.3396     5.3401    34.9239    34.9235    27.5747    27.5743    1511.69    159.808    160.977         30 0.0000e+00
      39738   1655.728   1018.012   1027.000     5.4117     5.4121   3.422033   3.422041     1.8008     1.4893      99.99   23.08737  -86.27193    0.00106    0.00085     3.7019     3.7262     5.3220     5.3224    34.9243    34.9240    27.5772    27.5769    1511.55    160.888    161.948         31 0.0000e+00
      39924   1663.448   1024.934   1034.000     5.3810     5.3821   3.419640   3.419692     1.8056     1.4939     100.00   23.08725  -86.27148    0.00059    0.00051     3.7249     3.7500     5.2909     5.2920    34.9258    34.9253    27.5820    27.5815    1511.40    161.888    162.979         30 0.0000e+00
      39956   1664.781   1025.922   1035.000     5.3747     5.3754   3.419183   3.419207     1.8068     1.4951     100.00   23.08768  -86.27310    0.00066    0.00060     3.7297     3.7554     5.2846     5.2853    34.9262    34.9257    27.5832    27.5827    1511.40    162.099    163.214         33 0.0000e+00
      40087   1670.256   1030.866   1040.000     5.3299     5.3295   3.415426   3.415340     1.8109     1.4985     100.00   23.08747  -86.27232    0.00075    0.00059     3.7510     3.7752     5.2397     5.2392    34.9272    34.9266    27.5893    27.5889    1511.28    163.020    164.075         34 0.0000e+00
      40223   1675.924   1035.810   1045.000     5.3120     5.3125   3.414077   3.414083     1.8169     1.5043      99.93   23.08749  -86.27241    0.00118    0.00106     3.7760     3.8011     5.2214     5.2219    34.9278    34.9274    27.5920    27.5916    1511.18    164.107    165.200         30 0.0000e+00
      40383   1682.592   1041.742   1051.000     5.3004     5.3009   3.413329   3.413338     1.8202     1.5068     100.00   23.08751  -86.27248    0.00042    0.00038     3.7915     3.8146     5.2094     5.2099    34.9284    34.9279    27.5938    27.5935    1511.05    164.782    165.783         30 0.0000e+00
      40414   1683.865   1042.731   1052.000     5.3001     5.3005   3.413381   3.413380     1.8207     1.5069     100.00   23.08768  -86.27310    0.00051    0.00033     3.7939     3.8156     5.2090     5.2094    34.9288    34.9283    27.5942    27.5938    1511.03    164.884    165.827         30 0.0000e+00
      40678   1694.883   1052.618   1062.000     5.2598     5.2602   3.410238   3.410227     1.8213     1.5083     100.00   23.08751  -86.27247   -0.00022    0.00011     3.8051     3.8301     5.1680     5.1684    34.9296    34.9291    27.5998    27.5993    1510.82    165.370    166.460         30 0.0000e+00
      40710   1696.197   1053.606   1063.000     5.2521     5.2526   3.409637   3.409634     1.8223     1.5096     100.00   23.08768  -86.27310    0.00017    0.00055     3.8099     3.8362     5.1603     5.1608    34.9302    34.9297    27.6011    27.6007    1510.81    165.580    166.721         32 0.0000e+00
      40841   1701.661   1058.550   1068.000     5.2094     5.2103   3.406139   3.406149     1.8276     1.5144     100.00   23.08790  -86.27383    0.00099    0.00082     3.8349     3.8610     5.1175     5.1184    34.9320    34.9312    27.6076    27.6069    1510.72    166.668    167.800         30 0.0000e+00
      41030   1709.536   1065.470   1075.000     5.1522     5.1525   3.401423   3.401417     1.8399     1.5276     100.00   23.08763  -86.27280    0.00155    0.00154     3.8874     3.9203     5.0601     5.0604    34.9338    34.9334    27.6158    27.6155    1510.56    168.948    170.375         31 0.0000e+00
      41134   1713.894   1069.424   1079.000     5.1253     5.1259   3.399209   3.399209     1.8445     1.5307     100.00   23.08739  -86.27193    0.00099    0.00064     3.9085     3.9371     5.0330     5.0336    34.9349    34.9343    27.6198    27.6193    1510.46    169.860    171.103         31 0.0000e+00
      41167   1715.241   1070.413   1080.000     5.1241     5.1246   3.399193   3.399201     1.8461     1.5321     100.00   23.08770  -86.27308    0.00097    0.00088     3.9146     3.9429     5.0317     5.0322    34.9350    34.9345    27.6200    27.6197    1510.46    170.129    171.358         31 0.0000e+00
      41327   1721.928   1076.344   1086.000     5.0567     5.0578   3.393600   3.393654     1.8511     1.5366     100.00   23.08785  -86.27365    0.00070    0.00078     3.9424     3.9702     4.9643     4.9654    34.9377    34.9372    27.6301    27.6295    1510.35    171.333    172.540         31 0.0000e+00
      41461   1727.503   1081.287   1091.000     4.9464     4.9469   3.384093   3.384088     1.8625     1.5498     100.00   23.08746  -86.27220    0.00219    0.00279     3.9970     4.0349     4.8544     4.8550    34.9406    34.9399    27.6451    27.6445    1510.23    173.702    175.351         34 0.0000e+00
      41598   1733.222   1086.229   1096.000     4.8242     4.8252   3.373707   3.373734     1.8809     1.5675      88.61   23.08788  -86.27375    0.00326    0.00325     4.0780     4.1183     4.7328     4.7338    34.9455    34.9448    27.6629    27.6622    1510.15    177.223    178.973         31 0.0000e+00
      41709   1737.835   1090.183   1100.000     4.6938     4.6948   3.362530   3.362580     1.8962     1.5832     100.00   23.08801  -86.27424    0.00317    0.00332     4.1490     4.1957     4.6031     4.6041    34.9502    34.9497    27.6812    27.6807    1510.08    180.305    182.331         30 0.0000e+00
      41814   1742.195   1094.137   1104.000     4.6726     4.6730   3.360839   3.360851     1.9155     1.6001     100.00   23.08752  -86.27243    0.00430    0.00365     4.2219     4.2649     4.5817     4.5821    34.9508    34.9505    27.6841    27.6838    1509.96    183.470    185.339         31 0.0000e+00
      41845   1743.493   1095.125   1105.000     4.6714     4.6718   3.360831   3.360828     1.9190     1.6025     100.00   23.08770  -86.27310    0.00377    0.00291     4.2347     4.2746     4.5805     4.5809    34.9514    34.9510    27.6847    27.6843    1509.95    184.028    185.761         30 0.0000e+00
      42142   1755.887   1105.998   1116.000     4.6580     4.6585   3.360151   3.360161     1.9294     1.6089     100.00   23.08731  -86.27166    0.00033    0.00023     4.2792     4.3070     4.5662     4.5667    34.9520    34.9516    27.6868    27.6864    1509.70    185.960    187.167         35 0.0000e+00
      42276   1761.471   1110.940   1121.000     4.6404     4.6408   3.358842   3.358836     1.9303     1.6092     100.00   23.08732  -86.27167    0.00014    0.00007     4.2875     4.3132     4.5483     4.5487    34.9527    34.9522    27.6893    27.6889    1509.61    186.319    187.438         31 0.0000e+00
      42308   1762.772   1111.929   1122.000     4.6375     4.6380   3.358679   3.358680     1.9310     1.6097     100.00   23.08770  -86.27310    0.00018    0.00011     4.2907     4.3158     4.5453     4.5458    34.9534    34.9529    27.6902    27.6897    1509.61    186.460    187.551         30 0.0000e+00
      42441   1768.344   1116.871   1127.000     4.6043     4.6049   3.355949   3.355943     1.9344     1.6137      81.36   23.08730  -86.27160    0.00066    0.00070     4.3095     4.3381     4.5119     4.5125    34.9540    34.9533    27.6944    27.6937    1509.49    187.276    188.517         31 0.0000e+00
      42577   1773.991   1121.812   1132.000     4.5791     4.5794   3.353935   3.353921     1.9411     1.6202     100.00   23.08704  -86.27065    0.00128    0.00115     4.3392     4.3689     4.4865     4.4868    34.9544    34.9539    27.6975    27.6971    1509.37    188.567    189.858         33 0.0000e+00
      42610   1775.382   1122.800   1133.000     4.5790     4.5792   3.354061   3.354038     1.9430     1.6217      99.86   23.08770  -86.27310    0.00139    0.00134     4.3467     4.3754     4.4863     4.4865    34.9555    34.9550    27.6984    27.6980    1509.40    188.891    190.139         30 0.0000e+00
      42714   1779.710   1126.754   1137.000     4.5709     4.5718   3.353503   3.353543     1.9463     1.6237     100.00   23.08745  -86.27216    0.00074    0.00034     4.3615     4.3862     4.4779     4.4788    34.9555    34.9550    27.6994    27.6988    1509.30    189.536    190.606         32 0.0000e+00
      42880   1786.624   1132.684   1143.000     4.5607     4.5613   3.352951   3.352958     1.9484     1.6252      98.98   23.08796  -86.27408    0.00023    0.00011     4.3736     4.3966     4.4673     4.4678    34.9567    34.9563    27.7015    27.7011    1509.22    190.059    191.059         32 0.0000e+00
      43014   1792.224   1137.625   1148.000     4.5515     4.5518   3.352320   3.352305     1.9494     1.6274      84.88   23.08764  -86.27286    0.00023    0.00034     4.3814     4.4090     4.4577     4.4580    34.9566    34.9561    27.7024    27.7020    1509.11    190.399    191.600         32 0.0000e+00
      43151   1797.926   1142.566   1153.000     4.5468     4.5474   3.352082   3.352089     1.9507     1.6276      88.94   23.08729  -86.27156    0.00022    0.00020     4.3892     4.4134     4.4526     4.4532    34.9563    34.9558    27.7028    27.7023    1508.99    190.740    191.791         31 0.0000e+00
      43315   1804.766   1148.495   1159.000     4.5342     4.5348   3.351291   3.351291     1.9516     1.6286      83.01   23.08765  -86.27283    0.00019    0.00009     4.3976     4.4224     4.4395     4.4402    34.9572    34.9565    27.7050    27.7043    1508.90    191.103    192.180         32 0.0000e+00
      43451   1810.431   1153.437   1164.000     4.5081     4.5086   3.349211   3.349219     1.9532     1.6301      78.01   23.08764  -86.27278    0.00038    0.00041     4.4092     4.4342     4.4133     4.4137    34.9578    34.9574    27.7083    27.7080    1508.81    191.604    192.692         30 0.0000e+00
      43561   1814.984   1157.389   1168.000     4.5001     4.5005   3.348673   3.348672     1.9546     1.6322      73.95   23.08751  -86.27230    0.00028    0.00036     4.4177     4.4455     4.4049     4.4053    34.9580    34.9576    27.7094    27.7090    1508.73    191.975    193.184         31 0.0000e+00
      43592   1816.278   1158.377   1169.000     4.4993     4.5001   3.348682   3.348704     1.9549     1.6325      72.99   23.08772  -86.27308    0.00028    0.00028     4.4194     4.4472     4.4040     4.4049    34.9585    34.9578    27.7099    27.7092    1508.72    192.051    193.256         30 0.0000e+00
      43691   1820.437   1162.330   1173.000     4.4864     4.4867   3.347630   3.347610     1.9559     1.6324      69.08   23.08692  -86.27008    0.00020   -0.00002     4.4268     4.4512     4.3909     4.3912    34.9577    34.9571    27.7107    27.7102    1508.60    192.369    193.430         31 0.0000e+00
      43727   1821.926   1163.318   1174.000     4.4835     4.4839   3.347520   3.347507     1.9562     1.6329      67.96   23.08772  -86.27308    0.00022   -0.00000     4.4289     4.4537     4.3879     4.3883    34.9590    34.9584    27.7120    27.7115    1508.64    192.463    193.539         36 0.0000e+00
      43828   1826.134   1167.270   1178.000     4.4651     4.4654   3.346008   3.345985     1.9574     1.6347      64.04   23.08704  -86.27055    0.00023    0.00033     4.4379     4.4656     4.3693     4.3696    34.9589    34.9584    27.7140    27.7136    1508.51    192.851    194.058         32 0.0000e+00
