GOMECC/GOMECC-4/1db/drb2103_0331.cnv
* Sea-Bird SBE 9 Data File:
* FileName = C:\Users\scs.user.rb\CTD\GOMECC4\data\rb2103_0331.hex
* Software Version Seasave V 7.26.7.107
* Temperature SN = 4799
* Conductivity SN = 3860
* Number of Bytes Per Scan = 41
* Number of Voltage Words = 4
* Number of Scans Averaged by the Deck Unit = 1
* NMEA Latitude = 29 27.77 N
* NMEA Longitude = 087 14.16 W
* NMEA UTC (Time) = Sep 23 2021  23:47:16
* NMEA baud rate = 4800
# nquan = 28
# nvalues = 189                         
# units = specified
# name 0 = scan: Scan Count
# name 1 = timeS: Time, Elapsed [seconds]
# name 2 = depSM: Depth [salt water, m]
# name 3 = prDM: Pressure, Digiquartz [db]
# name 4 = t090C: Temperature [ITS-90, deg C]
# name 5 = t190C: Temperature, 2 [ITS-90, deg C]
# name 6 = c0S/m: Conductivity [S/m]
# name 7 = c1S/m: Conductivity, 2 [S/m]
# name 8 = sbeox0V: Oxygen raw, SBE 43 [V]
# name 9 = sbeox1V: Oxygen raw, SBE 43, 2 [V]
# name 10 = altM: Altimeter [m]
# name 11 = latitude: Latitude [deg]
# name 12 = longitude: Longitude [deg]
# name 13 = sbox0dV/dT: Oxygen, SBE 43 [dov/dt]
# name 14 = sbox1dV/dT: Oxygen, SBE 43, 2 [dov/dt]
# name 15 = sbeox0ML/L: Oxygen, SBE 43 [ml/l], WS = 5
# name 16 = sbeox1ML/L: Oxygen, SBE 43, 2 [ml/l], WS = 5
# name 17 = potemp090C: Potential Temperature [ITS-90, deg C]
# name 18 = potemp190C: Potential Temperature, 2 [ITS-90, deg C]
# name 19 = sal00: Salinity, Practical [PSU]
# name 20 = sal11: Salinity, Practical, 2 [PSU]
# name 21 = sigma-é00: Density [sigma-theta, kg/m^3]
# name 22 = sigma-é11: Density, 2 [sigma-theta, kg/m^3]
# name 23 = avgsvCM: Average Sound Velocity [Chen-Millero, m/s], minP = 20, minS = 20
# name 24 = sbox0Mm/Kg: Oxygen, SBE 43 [umol/kg], WS = 5
# name 25 = sbox1Mm/Kg: Oxygen, SBE 43, 2 [umol/kg], WS = 5
# name 26 = nbin: number of scans per bin
# name 27 = flag: flag
# span 0 =      12666,      27775       
# span 1 =    527.712,   1157.239       
# span 2 =      4.966,    397.902       
# span 3 =      5.000,    401.000       
# span 4 =     9.9799,    28.2619       
# span 5 =     9.9806,    28.2632       
# span 6 =   3.844793,   5.684609       
# span 7 =   3.844797,   5.684370       
# span 8 =     1.6374,     3.1548       
# span 9 =     1.3398,     2.6921       
# span 10 =       8.75,     101.02      
# span 11 =   29.44683,   29.46621      
# span 12 =  -87.24615,  -87.18866      
# span 13 =   -0.04096,    0.08113      
# span 14 =   -0.03625,    0.08241      
# span 15 =     2.5672,     4.5097      
# span 16 =     2.5988,     4.5302      
# span 17 =     9.9330,    28.2545      
# span 18 =     9.9337,    28.2559      
# span 19 =    34.2384,    36.5472      
# span 20 =    34.2391,    36.5481      
# span 21 =    21.8948,    27.1213      
# span 22 =    21.8947,    27.1206      
# span 23 =       0.00,    1578.69      
# span 24 =    111.622,    196.904      
# span 25 =    112.998,    197.797      
# span 26 =         30,         78      
# span 27 = 0.0000e+00, 0.0000e+00      
# interval = decibars: 1                
# start_time = Sep 23 2021 23:47:16 [NMEA time, header]
# bad_flag = -9.990e-29
*END*
[from data line 52]
      16075    669.733     58.593     59.000    24.8955    24.8982   5.462740   5.463194     2.7481     2.3609      90.93   29.46282  -87.23598    0.02956    0.03821     3.9519     4.0367    24.8827    24.8854    36.2224    36.2237    24.3012    24.3014    1540.44    172.306    176.004         34 0.0000e+00
      16110    671.189     59.586     60.000    24.8231    24.8294   5.455259   5.456004     2.8732     2.4705      94.64   29.46282  -87.23598    0.08113    0.08241     4.1966     4.2765    24.8101    24.8164    36.2132    36.2142    24.3164    24.3152    1540.37    182.969    186.456         35 0.0000e+00
      16143    672.594     60.578     61.000    24.7426    24.7449   5.445532   5.445874     2.9151     2.4958     100.04   29.46282  -87.23598    0.07620    0.06768     4.2907     4.3397    24.7295    24.7317    36.2161    36.2168    24.3430    24.3429    1540.30    187.070    189.207         33 0.0000e+00
      16176    673.949     61.571     62.000    24.7458    24.7469   5.454654   5.454579     2.9029     2.4726     100.00   29.46282  -87.23598    0.03377    0.02231     4.2654     4.2885    24.7324    24.7335    36.2814    36.2801    24.3916    24.3902    1540.23    185.958    186.966         33 0.0000e+00
      16211    675.409     62.564     63.000    24.4607    24.4832   5.430765   5.431990     2.8620     2.4330      90.09   29.46282  -87.23598   -0.00730   -0.01392     4.2028     4.2198    24.4472    24.4697    36.3181    36.3164    24.5055    24.4975    1540.17    183.206    183.948         37 0.0000e+00
      16248    676.967     63.557     64.000    24.2012    24.2126   5.404789   5.405975     2.8259     2.4043      81.89   29.46282  -87.23599   -0.02420   -0.02288     4.1561     4.1788    24.1876    24.1990    36.3466    36.3462    24.6052    24.6015    1540.09    181.153    182.143         36 0.0000e+00
      16304    679.294     65.543     66.000    23.9978    24.0009   5.385602   5.386009     2.7958     2.3755      99.96   29.45026  -87.19881   -0.01512   -0.01425     4.1122     4.1311    23.9839    23.9870    36.3595    36.3601    24.6740    24.6735    1539.26    179.227    180.053         33 0.0000e+00
      16348    681.104     66.536     67.000    23.9511    23.9541   5.383476   5.383880     2.7882     2.3689     100.00   29.46282  -87.23600   -0.00814   -0.00749     4.1010     4.1205    23.9370    23.9400    36.3876    36.3883    24.7111    24.7107    1539.84    178.735    179.586         41 0.0000e+00
      16385    682.686     67.529     68.000    23.8954    23.9032   5.378984   5.379804     2.7778     2.3603     100.00   29.46282  -87.23600   -0.00619   -0.00529     4.0886     4.1087    23.8811    23.8889    36.3988    36.3986    24.7361    24.7337    1539.77    178.188    179.064         32 0.0000e+00
      16437    684.837     69.515     70.000    23.5823    23.5811   5.356615   5.356638     2.7350     2.3219      99.95   29.44683  -87.18866   -0.01510   -0.01402     4.0233     4.0450    23.5722    23.5664    36.4867    36.4881    24.8938    24.8952    1538.75    175.318    176.259         33 0.0000e+00
      16486    686.892     70.508     71.000    23.5553    23.5589   5.353664   5.354350     2.7506     2.3436     100.00   29.46282  -87.23600   -0.00708   -0.00442     4.0560     4.0931    23.5404    23.5441    36.4836    36.4858    24.9012    24.9018    1539.50    176.739    178.358         46 0.0000e+00
      16574    690.558     73.486     74.000    22.9255    22.9321   5.278544   5.279264     2.7213     2.3126      99.97   29.45374  -87.20913   -0.00547   -0.00640     4.0460     4.0701    22.9103    22.9170    36.4192    36.4193    25.0352    25.0333    1538.76    176.281    177.332         34 0.0000e+00
      16620    692.449     74.479     75.000    22.7088    22.7221   5.258142   5.259585     2.6669     2.2562     100.00   29.46282  -87.23600   -0.02540   -0.02629     3.9548     3.9620    22.6935    22.7069    36.4449    36.4450    25.1184    25.1147    1539.13    172.295    172.606         45 0.0000e+00
      16658    694.027     75.472     76.000    22.3545    22.3695   5.219506   5.221099     2.6265     2.2217      92.76   29.46282  -87.23600   -0.02800   -0.02721     3.8984     3.9089    22.3392    22.3542    36.4381    36.4381    25.2148    25.2105    1539.03    169.822    170.277         30 0.0000e+00
      16706    696.057     77.458     78.000    22.1105    22.1141   5.193937   5.194410     2.5710     2.1719      99.96   29.45197  -87.20387   -0.02619   -0.02343     3.8033     3.8147    22.0949    22.0985    36.4357    36.4364    25.2809    25.2804    1538.23    165.664    166.163         32 0.0000e+00
      16752    697.961     78.451     79.000    22.0296    22.0348   5.186951   5.187600     2.5474     2.1536      99.19   29.46282  -87.23601   -0.02036   -0.01742     3.7609     3.7792    22.0139    22.0190    36.4534    36.4542    25.3187    25.3179    1538.69    163.814    164.612         46 0.0000e+00
      16792    699.639     79.443     80.000    21.8373    21.8454   5.167185   5.167997     2.5262     2.1367      79.13   29.46282  -87.23602   -0.01412   -0.01081     3.7328     3.7555    21.8214    21.8295    36.4598    36.4598    25.3778    25.3755    1538.57    162.581    163.571         33 0.0000e+00
      16848    701.949     81.429     82.000    21.4693    21.4752   5.128804   5.129412     2.4772     2.0902      99.98   29.45632  -87.21676   -0.01704   -0.01601     3.6564     3.6732    21.4533    21.4591    36.4606    36.4605    25.4804    25.4787    1538.00    159.239    159.968         32 0.0000e+00
      16887    703.588     82.422     83.000    21.2956    21.2997   5.111729   5.112259     2.4416     2.0570     100.00   29.46282  -87.23602   -0.02109   -0.01961     3.5947     3.6089    21.2795    21.2835    36.4742    36.4750    25.5398    25.5392    1538.22    156.542    157.162         39 0.0000e+00
      16924    705.132     83.415     84.000    21.1691    21.1748   5.097976   5.098665     2.4072     2.0277      61.76   29.46282  -87.23602   -0.02317   -0.02117     3.5320     3.5503    21.1529    21.1586    36.4711    36.4718    25.5723    25.5713    1538.09    153.807    154.604         34 0.0000e+00
      16956    706.450     84.408     85.000    20.9518    20.9582   5.075398   5.076019     2.3798     2.0036      99.54   29.46282  -87.23602   -0.02226   -0.01954     3.4896     3.5088    20.9355    20.9419    36.4743    36.4739    25.6345    25.6324    1537.97    151.950    152.788         31 0.0000e+00
      16987    707.769     85.401     86.000    20.6653    20.6751   5.046254   5.047241     2.3442     1.9716     100.00   29.46282  -87.23602   -0.02252   -0.01980     3.4341     3.4520    20.6489    20.6587    36.4834    36.4830    25.7194    25.7165    1537.84    149.520    150.304         33 0.0000e+00
      17023    709.233     86.393     87.000    20.4374    20.4422   5.021409   5.022045     2.3028     1.9286     100.00   29.46282  -87.23602   -0.02601   -0.02491     3.3621     3.3683    20.4210    20.4258    36.4768    36.4779    25.7761    25.7756    1537.69    146.378    146.646         36 0.0000e+00
      17056    710.627     87.386     88.000    20.3980    20.3922   5.017323   5.016743     2.2736     1.9034     100.00   29.46282  -87.23602   -0.02662   -0.02539     3.3029     3.3127    20.3814    20.3756    36.4771    36.4773    25.7869    25.7887    1537.55    143.797    144.226         31 0.0000e+00
      17088    711.964     88.379     89.000    20.1698    20.1720   4.992624   4.992918     2.2544     1.8887     100.00   29.46281  -87.23602   -0.02203   -0.01968     3.2770     3.2920    20.1531    20.1553    36.4715    36.4720    25.8439    25.8437    1537.42    142.664    143.317         34 0.0000e+00
      17125    713.492     89.372     90.000    20.1291    20.1294   4.988380   4.988573     2.2295     1.8681     100.00   29.46280  -87.23603   -0.01652   -0.01330     3.2270     3.2469    20.1122    20.1125    36.4715    36.4729    25.8548    25.8557    1537.28    140.487    141.351         38 0.0000e+00
      17211    717.093     92.350     93.000    20.0565    20.0575   4.979572   4.979917     2.2019     1.8494      99.95   29.44692  -87.18902   -0.00657   -0.00450     3.1742     3.2084    20.0391    20.0402    36.4550    36.4568    25.8601    25.8612    1536.04    138.183    139.671         42 0.0000e+00
      17263    719.264     93.343     94.000    20.0204    20.0244   4.977331   4.977823     2.1963     1.8452     100.00   29.46280  -87.23604   -0.00458   -0.00347     3.1644     3.2007    20.0028    20.0069    36.4734    36.4739    25.8853    25.8847    1536.75    137.758    139.336         39 0.0000e+00
      17343    722.598     96.321     97.000    19.6640    19.6646   4.946241   4.946432     2.1446     1.7885      94.97   29.44725  -87.19000   -0.01309   -0.01484     3.0753     3.0878    19.6462    19.6467    36.5186    36.5197    26.0125    26.0132    1535.54    133.860    134.400         44 0.0000e+00
      17396    724.791     97.314     98.000    19.6455    19.6484   4.947432   4.947723     2.1245     1.7733     100.24   29.46280  -87.23604   -0.01632   -0.01694     3.0335     3.0530    19.6275    19.6304    36.5472    36.5481    26.0410    26.0409    1536.22    132.037    132.888         39 0.0000e+00
      17483    728.405    100.292    101.000    19.4101    19.4119   4.921062   4.921359     2.1030     1.7586      69.36   29.45556  -87.21461   -0.00574   -0.00385     3.0018     3.0326    19.3917    19.3935    36.5333    36.5342    26.0913    26.0916    1535.46    130.653    131.990         37 0.0000e+00
      17527    730.241    101.285    102.000    19.3486    19.3532   4.914749   4.915255     2.0959     1.7511     101.02   29.46280  -87.23604   -0.00450   -0.00416     2.9906     3.0187    19.3301    19.3346    36.5372    36.5375    26.1112    26.1102    1535.72    130.161    131.383         40 0.0000e+00
      17588    732.793    103.271    104.000    19.0495    19.0521   4.881565   4.881864     2.0856     1.7436      99.99   29.46034  -87.22877   -0.00440   -0.00366     2.9870     3.0184    19.0308    19.0334    36.5203    36.5205    26.1755    26.1750    1535.34    129.998    131.363         30 0.0000e+00
      17622    734.221    104.263    105.000    18.9280    18.9313   4.867947   4.868359     2.0828     1.7411      51.43   29.46280  -87.23606   -0.00328   -0.00225     2.9887     3.0212    18.9092    18.9125    36.5135    36.5141    26.2019    26.2015    1535.33    130.068    131.480         36 0.0000e+00
      17659    735.731    105.256    106.000    18.7214    18.7248   4.844081   4.844513     2.0803     1.7390     100.07   29.46280  -87.23606   -0.00205   -0.00161     2.9964     3.0278    18.7026    18.7059    36.4940    36.4947    26.2398    26.2395    1535.20    130.399    131.763         36 0.0000e+00
      17695    737.246    106.249    107.000    18.5394    18.5437   4.822859   4.823370     2.0786     1.7387     100.00   29.46280  -87.23606   -0.00155   -0.00132     3.0044     3.0383    18.5205    18.5248    36.4748    36.4753    26.2714    26.2707    1535.07    130.742    132.219         36 0.0000e+00
      17729    738.673    107.241    108.000    18.4154    18.4175   4.808345   4.808649     2.0802     1.7408     100.00   29.46280  -87.23606   -0.00081   -0.00008     3.0162     3.0515    18.3965    18.3986    36.4610    36.4617    26.2922    26.2922    1534.93    131.251    132.788         32 0.0000e+00
      17760    739.952    108.234    109.000    18.3171    18.3225   4.796352   4.796899     2.0846     1.7454     100.00   29.46280  -87.23606    0.00114    0.00165     3.0327     3.0688    18.2980    18.3034    36.4456    36.4455    26.3052    26.3038    1534.80    131.967    133.541         31 0.0000e+00
      17793    741.341    109.227    110.000    18.0972    18.0991   4.769846   4.770078     2.0805     1.7417     100.00   29.46280  -87.23606    0.00178    0.00180     3.0386     3.0735    18.0781    18.0801    36.4142    36.4147    26.3362    26.3357    1534.66    132.220    133.742         36 0.0000e+00
      17829    742.824    110.220    111.000    17.9588    17.9626   4.753238   4.753722     2.0709     1.7296     100.00   29.46280  -87.23606   -0.00272   -0.00301     3.0259     3.0533    17.9396    17.9434    36.3946    36.3953    26.3557    26.3553    1534.52    131.665    132.858         34 0.0000e+00
      17862    744.199    111.212    112.000    17.8907    17.8917   4.745496   4.745717     2.0624     1.7214     100.00   29.46280  -87.23606   -0.00599   -0.00671     3.0116     3.0378    17.8714    17.8724    36.3884    36.3894    26.3679    26.3684    1534.38    131.041    132.182         32 0.0000e+00
      17894    745.525    112.205    113.000    17.8771    17.8793   4.743995   4.744337     2.0561     1.7186     100.00   29.46280  -87.23606   -0.00597   -0.00565     3.0001     3.0328    17.8577    17.8599    36.3872    36.3882    26.3703    26.3706    1534.26    130.543    131.963         33 0.0000e+00
      17928    746.963    113.198    114.000    17.7289    17.7211   4.726552   4.726327     2.0493     1.7158     100.00   29.46280  -87.23606   -0.00521   -0.00292     2.9928     3.0345    17.7094    17.7016    36.3688    36.3672    26.3928    26.3936    1534.11    130.223    132.035         34 0.0000e+00
      17960    748.289    114.190    115.000    17.6685    17.6695   4.719430   4.719615     2.0471     1.7128     100.00   29.46280  -87.23606   -0.00393   -0.00192     2.9926     3.0313    17.6489    17.6498    36.3609    36.3616    26.4017    26.4020    1533.96    130.210    131.897         31 0.0000e+00
      17994    749.702    115.183    116.000    17.6385    17.6398   4.715943   4.716121     2.0436     1.7085     100.00   29.46280  -87.23606   -0.00256   -0.00247     2.9868     3.0228    17.6188    17.6200    36.3571    36.3576    26.4062    26.4062    1533.83    129.957    131.525         39 0.0000e+00
      18034    751.357    116.176    117.000    17.5961    17.5974   4.711071   4.711289     2.0391     1.7038      97.81   29.46280  -87.23606   -0.00249   -0.00289     2.9799     3.0141    17.5762    17.5775    36.3526    36.3532    26.4131    26.4133    1533.69    129.658    131.146         36 0.0000e+00
      18088    753.618    118.161    119.000    17.5475    17.5478   4.704636   4.704711     2.0342     1.7002      99.97   29.45354  -87.20865   -0.00190   -0.00168     2.9740     3.0108    17.5273    17.5276    36.3361    36.3365    26.4116    26.4118    1532.95    129.401    131.003         32 0.0000e+00
      18131    755.405    119.154    120.000    17.4747    17.4749   4.697088   4.697261     2.0338     1.6996     100.00   29.46280  -87.23606   -0.00155   -0.00123     2.9767     3.0123    17.4543    17.4545    36.3390    36.3394    26.4325    26.4328    1533.29    129.515    131.063         43 0.0000e+00
      18171    757.101    120.146    121.000    17.4547    17.4564   4.694779   4.695025     2.0353     1.7009      68.11   29.46280  -87.23607   -0.00019   -0.00027     2.9818     3.0171    17.4343    17.4359    36.3364    36.3371    26.4354    26.4356    1533.16    129.736    131.275         35 0.0000e+00
      18255    760.576    123.124    124.000    16.9248    16.9276   4.631019   4.631390     2.0226     1.6913      99.95   29.44798  -87.19220   -0.00349   -0.00281     2.9885     3.0271    16.9043    16.9071    36.2497    36.2505    26.4956    26.4954    1531.99    130.022    131.699         49 0.0000e+00
      18311    762.902    124.117    125.000    16.8862    16.8868   4.627593   4.627711     2.0263     1.6935      62.67   29.46280  -87.23608   -0.00126   -0.00048     2.9996     3.0356    16.8655    16.8661    36.2594    36.2599    26.5135    26.5138    1532.63    130.502    132.068         38 0.0000e+00
