GOMECC/GOMECC-4/1db/drb2103_1201.cnv
* Sea-Bird SBE 9 Data File:
* FileName = C:\Users\scs.user.rb\CTD\GOMECC4\data\rb2103_1201.hex
* Software Version Seasave V 7.26.7.107
* Temperature SN = 4799
* Conductivity SN = 3860
* Number of Bytes Per Scan = 41
* Number of Voltage Words = 4
* Number of Scans Averaged by the Deck Unit = 1
* NMEA Latitude = 21 40.66 N
* NMEA Longitude = 085 53.83 W
* NMEA UTC (Time) = Oct 16 2021  08:41:52
* NMEA baud rate = 4800
# nquan = 28
# nvalues = 270                         
# units = specified
# name 0 = scan: Scan Count
# name 1 = timeS: Time, Elapsed [seconds]
# name 2 = depSM: Depth [salt water, m]
# name 3 = prDM: Pressure, Digiquartz [db]
# name 4 = t090C: Temperature [ITS-90, deg C]
# name 5 = t190C: Temperature, 2 [ITS-90, deg C]
# name 6 = c0S/m: Conductivity [S/m]
# name 7 = c1S/m: Conductivity, 2 [S/m]
# name 8 = sbeox0V: Oxygen raw, SBE 43 [V]
# name 9 = sbeox1V: Oxygen raw, SBE 43, 2 [V]
# name 10 = altM: Altimeter [m]
# name 11 = latitude: Latitude [deg]
# name 12 = longitude: Longitude [deg]
# name 13 = sbox0dV/dT: Oxygen, SBE 43 [dov/dt]
# name 14 = sbox1dV/dT: Oxygen, SBE 43, 2 [dov/dt]
# name 15 = sbeox0ML/L: Oxygen, SBE 43 [ml/l], WS = 5
# name 16 = sbeox1ML/L: Oxygen, SBE 43, 2 [ml/l], WS = 5
# name 17 = potemp090C: Potential Temperature [ITS-90, deg C]
# name 18 = potemp190C: Potential Temperature, 2 [ITS-90, deg C]
# name 19 = sal00: Salinity, Practical [PSU]
# name 20 = sal11: Salinity, Practical, 2 [PSU]
# name 21 = sigma-é00: Density [sigma-theta, kg/m^3]
# name 22 = sigma-é11: Density, 2 [sigma-theta, kg/m^3]
# name 23 = avgsvCM: Average Sound Velocity [Chen-Millero, m/s], minP = 20, minS = 20
# name 24 = sbox0Mm/Kg: Oxygen, SBE 43 [umol/kg], WS = 5
# name 25 = sbox1Mm/Kg: Oxygen, SBE 43, 2 [umol/kg], WS = 5
# name 26 = nbin: number of scans per bin
# name 27 = flag: flag
# span 0 =       8318,      63730       
# span 1 =    346.554,   2655.385       
# span 2 =      4.969,   1931.848       
# span 3 =      5.000,   1953.000       
# span 4 =     4.1805,    30.0491       
# span 5 =     4.1812,    30.0506       
# span 6 =   3.354754,   6.028003       
# span 7 =   3.354745,   6.028326       
# span 8 =     1.6275,     3.2056       
# span 9 =     1.3267,     2.7129       
# span 10 =       9.84,     101.20      
# span 11 =   21.67744,   21.68397      
# span 12 =  -85.90029,  -85.89228      
# span 13 =   -0.01154,    0.00715      
# span 14 =   -0.00959,    0.00698      
# span 15 =     2.6964,     5.2656      
# span 16 =     2.7136,     5.2762      
# span 17 =     4.0149,    30.0371      
# span 18 =     4.0156,    30.0387      
# span 19 =    34.9075,    37.0154      
# span 20 =    34.9070,    37.0169      
# span 21 =    22.6341,    27.7735      
# span 22 =    22.6345,    27.7728      
# span 23 =       0.00,    1549.94      
# span 24 =    117.242,    228.807      
# span 25 =    117.988,    229.269      
# span 26 =         30,         70      
# span 27 = 0.0000e+00, 0.0000e+00      
# interval = decibars: 1                
# start_time = Oct 16 2021 08:41:52 [NMEA time, header]
# bad_flag = -9.990e-29
*END*
       8318    346.554      4.969      5.000    29.9676    29.9692   6.008606   6.008959     3.1630     2.6632     101.20   21.67810  -85.89746   -0.00015    0.00047     4.3215     4.2798    29.9664    29.9680    36.1954    36.1966    22.6342    22.6346       0.00    188.726    186.903         38 0.0000e+00
       8395    349.733      5.963      6.000    29.9673    29.9688   6.008641   6.009006     3.1625     2.6640      81.58   21.67810  -85.89746 -4.763e-07   -0.00055     4.3211     4.2818    29.9658    29.9673    36.1956    36.1969    22.6346    22.6350       0.00    188.708    186.995         61 0.0000e+00
       8462    352.553      6.956      7.000    29.9669    29.9689   6.008602   6.009015     3.1600     2.6672     100.50   21.67812  -85.89746   -0.00068    0.00110     4.3172     4.2887    29.9652    29.9671    36.1953    36.1967    22.6345    22.6349       0.00    188.540    187.294         70 0.0000e+00
       8524    355.127      7.950      8.000    29.9668    29.9685   6.008574   6.008947     3.1617     2.6664     100.00   21.67812  -85.89747   -0.00029   -0.00033     4.3208     4.2876    29.9648    29.9665    36.1949    36.1962    22.6344    22.6348       0.00    188.697    187.248         57 0.0000e+00
       8580    357.456      8.944      9.000    29.9677    29.9694   6.008701   6.009077     3.1632     2.6688     100.00   21.67813  -85.89748    0.00105    0.00115     4.3239     4.2927    29.9654    29.9672    36.1948    36.1961    22.6341    22.6345       0.00    188.833    187.469         55 0.0000e+00
       8637    359.819      9.938     10.000    29.9656    29.9685   6.008492   6.009004     3.1598     2.6653     100.00   21.67814  -85.89748   -0.00052   -0.00072     4.3185     4.2865    29.9632    29.9660    36.1946    36.1960    22.6347    22.6348       0.00    188.595    187.200         57 0.0000e+00
       8689    362.015     10.931     11.000    29.9668    29.9692   6.008679   6.009131     3.1590     2.6638     100.00   21.67814  -85.89748   -0.00127   -0.00138     4.3174     4.2841    29.9641    29.9665    36.1947    36.1960    22.6345    22.6346       0.00    188.549    187.092         50 0.0000e+00
       8741    364.150     11.925     12.000    29.9670    29.9692   6.008760   6.009174     3.1614     2.6635      83.65   21.67815  -85.89748    0.00052   -0.00031     4.3223     4.2839    29.9640    29.9662    36.1949    36.1961    22.6346    22.6348       0.00    188.761    187.086         52 0.0000e+00
       8789    366.175     12.919     13.000    29.9691    29.9705   6.009095   6.009416     3.1631     2.6613      99.90   21.67816  -85.89748    0.00129   -0.00038     4.3255     4.2801    29.9659    29.9673    36.1953    36.1964    22.6343    22.6347       0.00    188.903    186.917         46 0.0000e+00
       8838    368.220     13.913     14.000    29.9691    29.9707   6.009179   6.009505     3.1605     2.6631     100.00   21.67816  -85.89748   -0.00020   -0.00021     4.3215     4.2841    29.9656    29.9672    36.1955    36.1966    22.6346    22.6348       0.00    188.726    187.092         50 0.0000e+00
       8885    370.156     14.906     15.000    29.9696    29.9714   6.009283   6.009655     3.1602     2.6632     100.00   21.67818  -85.89749   -0.00095    0.00048     4.3214     4.2846    29.9659    29.9677    36.1956    36.1968    22.6345    22.6348       0.00    188.722    187.116         45 0.0000e+00
       8932    372.129     15.900     16.000    29.9694    29.9707   6.009345   6.009671     3.1604     2.6663     100.00   21.67818  -85.89750   -0.00006    0.00074     4.3224     4.2914    29.9654    29.9667    36.1959    36.1971    22.6349    22.6354       0.00    188.767    187.411         50 0.0000e+00
       8981    374.149     16.894     17.000    29.9700    29.9715   6.009448   6.009807     3.1623     2.6639     100.00   21.67818  -85.89750    0.00062    0.00048     4.3263     4.2871    29.9657    29.9673    36.1959    36.1972    22.6348    22.6352       0.00    188.934    187.223         46 0.0000e+00
       9028    376.107     17.887     18.000    29.9701    29.9725   6.009478   6.009940     3.1561     2.6640     100.00   21.67819  -85.89750   -0.00102   -0.00081     4.3157     4.2877    29.9656    29.9680    36.1957    36.1970    22.6347    22.6348       0.00    188.474    187.251         49 0.0000e+00
       9079    378.249     18.881     19.000    29.9697    29.9717   6.009406   6.009756     3.1578     2.6656     100.00   21.67820  -85.89750   -0.00118    0.00032     4.3192     4.2912    29.9650    29.9671    36.1957    36.1971    22.6349    22.6353       0.00    188.624    187.403         51 0.0000e+00
       9124    380.137     19.875     20.000    29.9667    29.9729   6.009294   6.010108     3.1568     2.6662     100.00   21.67820  -85.89750    0.00041    0.00077     4.3172     4.2929    29.9616    29.9679    36.1947    36.1973    22.6354    22.6351     779.68    188.540    187.477         43 0.0000e+00
       9172    382.132     20.869     21.000    29.9662    29.9706   6.009061   6.009658     3.1586     2.6660     100.00   21.67822  -85.89751    0.00003    0.00010     4.3221     4.2934    29.9610    29.9654    36.1949    36.1964    22.6357    22.6353    1549.94    188.751    187.497         51 0.0000e+00
       9221    384.152     21.862     22.000    29.9655    29.9671   6.009030   6.009399     3.1580     2.6639     100.00   21.67822  -85.89752    0.00036   -0.00074     4.3215     4.2899    29.9600    29.9616    36.1949    36.1962    22.6360    22.6364    1547.12    188.727    187.346         46 0.0000e+00
       9268    386.117     22.856     23.000    29.9666    29.9680   6.009152   6.009484     3.1581     2.6644     100.00   21.67823  -85.89752   -0.00005   -0.00032     4.3221     4.2913    29.9609    29.9623    36.1946    36.1958    22.6355    22.6359    1547.13    188.753    187.407         49 0.0000e+00
       9317    388.182     23.850     24.000    29.9659    29.9679   6.009151   6.009552     3.1553     2.6642     100.00   21.67824  -85.89752   -0.00068    0.00023     4.3177     4.2914    29.9599    29.9620    36.1948    36.1960    22.6360    22.6362    1547.13    188.562    187.411         48 0.0000e+00
       9363    390.102     24.843     25.000    29.9719    29.9720   6.010047   6.010178     3.1549     2.6643     100.00   21.67824  -85.89754   -0.00100   -0.00010     4.3170     4.2918    29.9657    29.9657    36.1961    36.1970    22.6350    22.6356    1547.13    188.528    187.429         47 0.0000e+00
       9412    392.141     25.837     26.000    29.9789    29.9823   6.011307   6.012013     3.1555     2.6668     100.00   21.67826  -85.89754    0.00017    0.00039     4.3181     4.2965    29.9725    29.9758    36.1991    36.2015    22.6350    22.6356    1547.13    188.576    187.635         49 0.0000e+00
       9460    394.142     26.831     27.000    29.9765    29.9801   6.010976   6.011681     3.1585     2.6672     100.00   21.67826  -85.89754    0.00089    0.00115     4.3240     4.2979    29.9698    29.9734    36.1984    36.2005    22.6353    22.6357    1547.14    188.835    187.694         49 0.0000e+00
       9511    396.248     27.824     28.000    29.9853    29.9843   6.012639   6.012540     3.1554     2.6624     100.00   21.67826  -85.89754    0.00002   -0.00163     4.3183     4.2884    29.9783    29.9773    36.2029    36.2029    22.6357    22.6361    1547.14    188.585    187.282         49 0.0000e+00
       9556    398.120     28.818     29.000    29.9886    29.9903   6.013301   6.013671     3.1561     2.6625      99.27   21.67828  -85.89754   -0.00084   -0.00083     4.3197     4.2888    29.9814    29.9831    36.2046    36.2058    22.6359    22.6363    1547.15    188.649    187.300         45 0.0000e+00
       9604    400.129     29.811     30.000    29.9920    29.9942   6.013564   6.014222     3.1575     2.6616      97.73   21.67828  -85.89754    0.00062   -0.00033     4.3219     4.2866    29.9845    29.9867    36.2067    36.2083    22.6365    22.6369    1547.16    188.742    187.200         49 0.0000e+00
       9653    402.154     30.805     31.000    29.9960    29.9976   6.014856   6.015223     3.1565     2.6614      99.99   21.67829  -85.89754    0.00019   -0.00056     4.3207     4.2871    29.9883    29.9899    36.2090    36.2104    22.6369    22.6374    1547.16    188.692    187.224         49 0.0000e+00
       9702    404.215     31.799     32.000    29.9975    30.0013   6.015207   6.015940     3.1562     2.6660      94.22   21.67830  -85.89755   -0.00045    0.00166     4.3207     4.2964    29.9895    29.9933    36.2100    36.2123    22.6373    22.6376    1547.17    188.693    187.628         48 0.0000e+00
       9749    406.154     32.792     33.000    29.9980    30.0033   6.015351   6.016163     3.1545     2.6645      87.24   21.67830  -85.89756   -0.00038    0.00047     4.3181     4.2939    29.9897    29.9951    36.2104    36.2133    22.6374    22.6378    1547.18    188.575    187.520         47 0.0000e+00
       9797    408.159     33.786     34.000    30.0052    30.0069   6.016749   6.017144     3.1575     2.6678      99.95   21.67830  -85.89757    0.00009    0.00046     4.3232     4.3006    29.9968    29.9985    36.2147    36.2161    22.6383    22.6387    1547.19    188.802    187.811         49 0.0000e+00
       9846    410.205     34.780     35.000    30.0044    30.0054   6.016700   6.016734     3.1575     2.6644      86.52   21.67830  -85.89758    0.00094    0.00015     4.3240     4.2944    29.9957    29.9967    36.2142    36.2152    22.6383    22.6387    1547.20    188.833    187.544         50 0.0000e+00
       9897    412.341     35.773     36.000    30.0041    30.0054   6.016637   6.016974     3.1587     2.6641      80.83   21.67831  -85.89758    0.00017   -0.00128     4.3266     4.2943    29.9951    29.9965    36.2137    36.2149    22.6381    22.6385    1547.20    188.946    187.536         50 0.0000e+00
       9945    414.346     36.767     37.000    30.0056    30.0073   6.016920   6.017313     3.1558     2.6599     100.12   21.67832  -85.89758   -0.00039   -0.00054     4.3218     4.2863    29.9964    29.9981    36.2141    36.2155    22.6380    22.6385    1547.21    188.739    187.190         47 0.0000e+00
       9992    416.280     37.761     38.000    30.0052    30.0065   6.016731   6.017032     3.1549     2.6627     100.00   21.67832  -85.89760   -0.00099   -0.00089     4.3209     4.2925    29.9957    29.9970    36.2129    36.2140    22.6373    22.6377    1547.22    188.698    187.461         47 0.0000e+00
      10041    418.330     38.754     39.000    30.0062    30.0073   6.017009   6.017276     3.1571     2.6623     100.00   21.67832  -85.89760    0.00024    0.00081     4.3251     4.2922    29.9965    29.9976    36.2137    36.2146    22.6376    22.6379    1547.23    188.881    187.444         52 0.0000e+00
      10093    420.497     39.748     40.000    30.0075    30.0088   6.017384   6.017689     3.1562     2.6615     100.00   21.67832  -85.89760    0.00036   -0.00082     4.3238     4.2910    29.9975    29.9989    36.2150    36.2161    22.6383    22.6386    1547.23    188.828    187.395         49 0.0000e+00
      10139    422.401     40.741     41.000    30.0084    30.0111   6.017636   6.018222     3.1578     2.6621      94.06   21.67834  -85.89760    0.00015    0.00025     4.3272     4.2924    29.9982    30.0009    36.2157    36.2177    22.6386    22.6391    1547.24    188.975    187.457         45 0.0000e+00
      10187    424.421     41.735     42.000    30.0131    30.0151   6.019547   6.019470     3.1569     2.6623      94.63   21.67835  -85.89761    0.00016    0.00022     4.3255     4.2929    30.0027    30.0047    36.2186    36.2202    22.6392    22.6397    1547.25    188.901    187.475         52 0.0000e+00
      10239    426.574     42.729     43.000    30.0383    30.0390   6.023883   6.023992     3.1572     2.6644     100.08   21.67836  -85.89761   -0.00024    0.00077     4.3244     4.2955    30.0276    30.0283    36.2354    36.2360    22.6432    22.6434    1547.26    188.852    187.591         49 0.0000e+00
      10285    428.507     43.722     44.000    30.0388    30.0403   6.024030   6.024352     3.1580     2.6630     100.00   21.67836  -85.89762    0.00042   -0.00026     4.3262     4.2932    30.0279    30.0293    36.2355    36.2367    22.6433    22.6436    1547.27    188.930    187.490         46 0.0000e+00
      10336    430.606     44.716     45.000    30.0381    30.0398   6.023841   6.024220     3.1608     2.6676     100.00   21.67838  -85.89762    0.00085    0.00135     4.3318     4.3029    30.0269    30.0285    36.2345    36.2359    22.6428    22.6433    1547.28    189.173    187.913         53 0.0000e+00
      10384    432.618     45.709     46.000    30.0426    30.0443   6.025059   6.025406     3.1589     2.6657     100.00   21.67838  -85.89763    0.00049    0.00031     4.3289     4.2991    30.0312    30.0329    36.2388    36.2402    22.6446    22.6450    1547.29    189.046    187.749         44 0.0000e+00
      10430    434.539     46.703     47.000    30.0463    30.0476   6.025996   6.026308     3.1585     2.6679     100.00   21.67838  -85.89764   -0.00086    0.00046     4.3279     4.3037    30.0346    30.0359    36.2424    36.2436    22.6461    22.6465    1547.30    189.004    187.948         52 0.0000e+00
      10484    436.790     47.696     48.000    30.0491    30.0506   6.026842   6.027202     3.1614     2.6659     100.00   21.67839  -85.89764    0.00071   -0.00084     4.3333     4.3001    30.0371    30.0387    36.2458    36.2471    22.6478    22.6482    1547.31    189.239    187.790         50 0.0000e+00
      10529    438.663     48.690     49.000    30.0477    30.0496   6.028003   6.028326     3.1637     2.6688     100.00   21.67840  -85.89764    0.00139    0.00082     4.3378     4.3062    30.0355    30.0374    36.2544    36.2552    22.6548    22.6547    1547.32    189.436    188.056         44 0.0000e+00
      10579    440.730     49.683     50.000    30.0224    30.0249   6.025802   6.026280     3.1679     2.6701     100.00   21.67841  -85.89764    0.00158    0.00115     4.3475     4.3105    30.0100    30.0125    36.2581    36.2595    22.6664    22.6665    1547.33    189.854    188.242         53 0.0000e+00
      10628    442.811     50.677     51.000    29.9623    29.9679   6.018182   6.019009     3.1727     2.6771     100.00   21.67842  -85.89764    0.00239    0.00239     4.3615     4.3295    29.9497    29.9552    36.2510    36.2525    22.6817    22.6809    1547.34    190.464    189.066         47 0.0000e+00
      10677    444.836     51.671     52.000    29.8290    29.8334   6.001301   6.002048     3.1831     2.6913      99.59   21.67842  -85.89764    0.00335    0.00412     4.3897     4.3677    29.8162    29.8205    36.2358    36.2376    22.7159    22.7158    1547.35    191.688    190.729         51 0.0000e+00
      10725    446.845     52.664     53.000    29.7217    29.7252   5.988279   5.989033     3.1974     2.7033      70.87   21.67842  -85.89766    0.00715    0.00698     4.4270     4.4024    29.7086    29.7121    36.2272    36.2288    22.7462    22.7462    1547.35    193.314    192.241         46 0.0000e+00
      10773    448.837     53.658     54.000    29.6893    29.6918   5.984630   5.985133     3.2024     2.7085      99.75   21.67844  -85.89766    0.00403    0.00432     4.4375     4.4135    29.6760    29.6785    36.2263    36.2279    22.7566    22.7570    1547.34    193.771    192.721         50 0.0000e+00
      10825    450.982     54.651     55.000    29.6769    29.6785   5.983339   5.983726     3.2043     2.7129     100.00   21.67844  -85.89766    0.00200    0.00213     4.4424     4.4237    29.6633    29.6649    36.2266    36.2280    22.7612    22.7617    1547.34    193.982    193.166         51 0.0000e+00
