GOMECC/GOMECC-4/1db/drb2103_0551.cnv
* Sea-Bird SBE 9 Data File:
* FileName = C:\Users\scs.user.rb\CTD\GOMECC4\data\rb2103_0551.hex
* Software Version Seasave V 7.26.7.107
* Temperature SN = 4799
* Conductivity SN = 3860
* Number of Bytes Per Scan = 41
* Number of Voltage Words = 4
* Number of Scans Averaged by the Deck Unit = 1
* NMEA Latitude = 27 38.90 N
* NMEA Longitude = 094 59.93 W
* NMEA UTC (Time) = Sep 28 2021  16:15:21
* NMEA baud rate = 4800
# nquan = 28
# nvalues = 175                         
# units = specified
# name 0 = scan: Scan Count
# name 1 = timeS: Time, Elapsed [seconds]
# name 2 = depSM: Depth [salt water, m]
# name 3 = prDM: Pressure, Digiquartz [db]
# name 4 = t090C: Temperature [ITS-90, deg C]
# name 5 = t190C: Temperature, 2 [ITS-90, deg C]
# name 6 = c0S/m: Conductivity [S/m]
# name 7 = c1S/m: Conductivity, 2 [S/m]
# name 8 = sbeox0V: Oxygen raw, SBE 43 [V]
# name 9 = sbeox1V: Oxygen raw, SBE 43, 2 [V]
# name 10 = altM: Altimeter [m]
# name 11 = latitude: Latitude [deg]
# name 12 = longitude: Longitude [deg]
# name 13 = sbox0dV/dT: Oxygen, SBE 43 [dov/dt]
# name 14 = sbox1dV/dT: Oxygen, SBE 43, 2 [dov/dt]
# name 15 = sbeox0ML/L: Oxygen, SBE 43 [ml/l], WS = 5
# name 16 = sbeox1ML/L: Oxygen, SBE 43, 2 [ml/l], WS = 5
# name 17 = potemp090C: Potential Temperature [ITS-90, deg C]
# name 18 = potemp190C: Potential Temperature, 2 [ITS-90, deg C]
# name 19 = sal00: Salinity, Practical [PSU]
# name 20 = sal11: Salinity, Practical, 2 [PSU]
# name 21 = sigma-é00: Density [sigma-theta, kg/m^3]
# name 22 = sigma-é11: Density, 2 [sigma-theta, kg/m^3]
# name 23 = avgsvCM: Average Sound Velocity [Chen-Millero, m/s], minP = 20, minS = 20
# name 24 = sbox0Mm/Kg: Oxygen, SBE 43 [umol/kg], WS = 5
# name 25 = sbox1Mm/Kg: Oxygen, SBE 43, 2 [umol/kg], WS = 5
# name 26 = nbin: number of scans per bin
# name 27 = flag: flag
# span 0 =       9135,      29485       
# span 1 =    380.575,   1228.510       
# span 2 =      3.974,    618.934       
# span 3 =      4.000,    624.000       
# span 4 =     7.8528,    29.2394       
# span 5 =     7.8529,    29.2408       
# span 6 =   3.633070,   5.905578       
# span 7 =   3.633037,   5.905788       
# span 8 =     1.5858,     3.2829       
# span 9 =     1.2921,     2.8143       
# span 10 =      10.21,     102.21      
# span 11 =   27.52048,   27.65495      
# span 12 =  -95.02259,  -94.55971      
# span 13 =   -0.02996,    0.02686      
# span 14 =   -0.02915,    0.02498      
# span 15 =     2.4685,     4.9171      
# span 16 =     2.4970,     4.9520      
# span 17 =     7.7887,    29.2309      
# span 18 =     7.7887,    29.2322      
# span 19 =    34.9712,    36.4712      
# span 20 =    34.9694,    36.4717      
# span 21 =    22.3432,    27.2926      
# span 22 =    22.3430,    27.2908      
# span 23 =       0.00,    1544.87      
# span 24 =    107.329,    214.327      
# span 25 =    108.570,    215.846      
# span 26 =         30,         74      
# span 27 = 0.0000e+00, 0.0000e+00      
# interval = decibars: 1                
# start_time = Sep 28 2021 16:15:21 [NMEA time, header]
# bad_flag = -9.990e-29
*END*
[from data line 156]
      24479   1019.928    508.971    513.000     8.5265     8.5270   3.696804   3.696703     1.5872     1.2932      99.99   27.64544  -94.98966    0.00026    0.00025     2.5565     2.5855     8.4715     8.4720    35.0362    35.0346    27.2301    27.2288    1511.33    111.148    112.407         36 0.0000e+00
      24516   1021.478    509.962    514.000     8.5202     8.5230   3.696418   3.696558     1.5876     1.2943     100.00   27.64796  -94.99830    0.00033    0.00041     2.5582     2.5894     8.4651     8.4679    35.0383    35.0370    27.2328    27.2314    1511.44    111.222    112.576         31 0.0000e+00
      24636   1026.465    514.916    519.000     8.4312     8.4322   3.687394   3.687344     1.5907     1.2989     100.01   27.64981  -95.00473    0.00081    0.00130     2.5751     2.6119     8.3759     8.3769    35.0289    35.0274    27.2393    27.2380    1511.36    111.954    113.556         34 0.0000e+00
      24754   1031.390    519.871    524.000     8.3952     8.3962   3.683665   3.683614     1.5937     1.3003     100.00   27.64722  -94.99583    0.00048    0.00032     2.5880     2.6206     8.3395     8.3405    35.0222    35.0207    27.2397    27.2383    1511.04    112.517    113.932         31 0.0000e+00
      24904   1037.610    525.816    530.000     8.3068     8.3081   3.674921   3.674890     1.5948     1.3016     100.00   27.64810  -94.99883    0.00032    0.00028     2.5993     2.6326     8.2508     8.2521    35.0143    35.0127    27.2471    27.2457    1510.88    113.005    114.455         30 0.0000e+00
      25278   1053.226    540.678    545.000     8.2219     8.2226   3.667343   3.667268     1.6033     1.3094      89.26   27.64894  -95.00173    0.00054    0.00046     2.6354     2.6687     8.1646     8.1653    35.0111    35.0096    27.2577    27.2565    1510.40    114.575    116.023         30 0.0000e+00
      25751   1072.918    559.502    564.000     8.1893     8.1900   3.664810   3.664714     1.6027     1.3086      70.19   27.64903  -95.00210    0.00003   -0.00011     2.6424     2.6748     8.1301     8.1307    35.0075    35.0059    27.2602    27.2588    1509.80    114.878    116.287         31 0.0000e+00
      26345   1097.686    583.277    588.000     7.9387     7.9396   3.640289   3.640232     1.5936     1.3003      46.42   27.64784  -94.99814   -0.00014    0.00015     2.6408     2.6734     7.8780     7.8789    34.9833    34.9817    27.2790    27.2777    1509.01    114.807    116.223         30 0.0000e+00
      26459   1102.396    588.229    593.000     7.9030     7.9042   3.636532   3.636523     1.5948     1.3015      41.39   27.64423  -94.98572    0.00033    0.00038     2.6487     2.6816     7.8419     7.8431    34.9757    34.9743    27.2783    27.2771    1508.66    115.151    116.581         33 0.0000e+00
      26500   1104.130    589.220    594.000     7.9014     7.9024   3.636810   3.636743     1.5952     1.3016      40.09   27.64788  -94.99826    0.00033    0.00010     2.6501     2.6823     7.8402     7.8411    34.9803    34.9786    27.2823    27.2808    1508.83    115.212    116.612         36 0.0000e+00
      26613   1108.845    594.173    599.000     7.9039     7.9046   3.637226   3.637142     1.5956     1.3021      35.24   27.64687  -94.99479    0.00015    0.00007     2.6531     2.6854     7.8421     7.8429    34.9798    34.9782    27.2816    27.2802    1508.64    115.340    116.747         46 0.0000e+00
      26731   1113.735    599.125    604.000     7.8849     7.8863   3.635202   3.635186     1.5943     1.3001      30.30   27.64387  -94.98450   -0.00022   -0.00026     2.6523     2.6822     7.8227     7.8241    34.9747    34.9731    27.2803    27.2789    1508.33    115.304    116.604         40 0.0000e+00
      26771   1115.434    600.116    605.000     7.8796     7.8806   3.635127   3.635081     1.5944     1.3005      29.26   27.64788  -94.99824   -0.00008   -0.00004     2.6531     2.6838     7.8173     7.8183    34.9788    34.9773    27.2846    27.2832    1508.53    115.341    116.676         30 0.0000e+00
      26886   1120.224    605.068    610.000     7.8612     7.8620   3.633458   3.633394     1.5949     1.3013      24.41   27.64774  -94.99778    0.00014    0.00010     2.6574     2.6897     7.7984     7.7993    34.9769    34.9754    27.2858    27.2845    1508.38    115.528    116.932         32 0.0000e+00
      27123   1130.087    612.001    617.000     7.8590     7.8601   3.633070   3.633037     1.5946     1.3008      17.22   27.64309  -94.98179   -0.00003    0.00009     2.6596     2.6906     7.7956     7.7966    34.9712    34.9694    27.2816    27.2801    1507.94    115.623    116.969         49 0.0000e+00
      27538   1147.387    613.982    619.000     7.8608     7.8620   3.633988   3.633956     1.5945     1.3004      15.14   27.64944  -95.00361    0.00000   -0.00002     2.6592     2.6897     7.7971     7.7983    34.9790    34.9774    27.2877    27.2863    1508.24    115.606    116.934         38 0.0000e+00
      27959   1164.928    616.954    622.000     7.8562     7.8553   3.634202   3.633970     1.5939     1.3007      12.34   27.65495  -95.02259   -0.00009    0.00004     2.6584     2.6919     7.7922     7.7913    34.9840    34.9816    27.2926    27.2908    1508.46    115.569    117.027         44 0.0000e+00
      28091   1170.425    617.944    623.000     7.8528     7.8535   3.633164   3.633067     1.5946     1.3014      11.45   27.64786  -94.99821    0.00034    0.00027     2.6617     2.6949     7.7887     7.7894    34.9760    34.9742    27.2865    27.2851    1508.05    115.713    117.158         51 0.0000e+00
      29485   1228.510    618.934    624.000     7.8530     7.8529   3.633192   3.633047     1.5949     1.3003      10.21   27.64781  -94.99818    0.00003   -0.00005     2.6630     2.6919     7.7888     7.7887    34.9756    34.9741    27.2862    27.2851    1508.01    115.769    117.027         74 0.0000e+00
