GOMECC/GOMECC-4/1db/drb2103_0711.cnv
* Sea-Bird SBE 9 Data File:
* FileName = C:\Users\scs.user.rb\CTD\GOMECC4\data\rb2103_0711.hex
* Software Version Seasave V 7.26.7.107
* Temperature SN = 4799
* Conductivity SN = 3860
* Number of Bytes Per Scan = 41
* Number of Voltage Words = 4
* Number of Scans Averaged by the Deck Unit = 1
* NMEA Latitude = 26 03.51 N
* NMEA Longitude = 094 11.79 W
* NMEA UTC (Time) = Oct 03 2021  22:34:45
* NMEA baud rate = 4800
# nquan = 28
# nvalues = 252                         
# units = specified
# name 0 = scan: Scan Count
# name 1 = timeS: Time, Elapsed [seconds]
# name 2 = depSM: Depth [salt water, m]
# name 3 = prDM: Pressure, Digiquartz [db]
# name 4 = t090C: Temperature [ITS-90, deg C]
# name 5 = t190C: Temperature, 2 [ITS-90, deg C]
# name 6 = c0S/m: Conductivity [S/m]
# name 7 = c1S/m: Conductivity, 2 [S/m]
# name 8 = sbeox0V: Oxygen raw, SBE 43 [V]
# name 9 = sbeox1V: Oxygen raw, SBE 43, 2 [V]
# name 10 = altM: Altimeter [m]
# name 11 = latitude: Latitude [deg]
# name 12 = longitude: Longitude [deg]
# name 13 = sbox0dV/dT: Oxygen, SBE 43 [dov/dt]
# name 14 = sbox1dV/dT: Oxygen, SBE 43, 2 [dov/dt]
# name 15 = sbeox0ML/L: Oxygen, SBE 43 [ml/l], WS = 5
# name 16 = sbeox1ML/L: Oxygen, SBE 43, 2 [ml/l], WS = 5
# name 17 = potemp090C: Potential Temperature [ITS-90, deg C]
# name 18 = potemp190C: Potential Temperature, 2 [ITS-90, deg C]
# name 19 = sal00: Salinity, Practical [PSU]
# name 20 = sal11: Salinity, Practical, 2 [PSU]
# name 21 = sigma-é00: Density [sigma-theta, kg/m^3]
# name 22 = sigma-é11: Density, 2 [sigma-theta, kg/m^3]
# name 23 = avgsvCM: Average Sound Velocity [Chen-Millero, m/s], minP = 20, minS = 20
# name 24 = sbox0Mm/Kg: Oxygen, SBE 43 [umol/kg], WS = 5
# name 25 = sbox1Mm/Kg: Oxygen, SBE 43, 2 [umol/kg], WS = 5
# name 26 = nbin: number of scans per bin
# name 27 = flag: flag
# span 0 =      18024,      99987       
# span 1 =    750.978,   4166.073       
# span 2 =      3.974,   2992.714       
# span 3 =      4.000,   3034.000       
# span 4 =     4.2968,    29.3102       
# span 5 =     4.2975,    29.3082       
# span 6 =   3.352299,   5.919239       
# span 7 =   3.352250,   5.919509       
# span 8 =     1.5736,     3.3277       
# span 9 =     1.2783,     2.8426       
# span 10 =      10.30,     100.50      
# span 11 =   26.05067,   26.05999      
# span 12 =  -94.20138,  -94.16735      
# span 13 =   -0.05326,    0.03330      
# span 14 =   -0.05164,    0.03316      
# span 15 =     2.4294,     4.9399      
# span 16 =     2.4523,     4.9412      
# span 17 =     4.0797,    29.3092      
# span 18 =     4.0808,    29.3072      
# span 19 =    34.9096,    36.7513      
# span 20 =    34.9092,    36.7531      
# span 21 =    22.7257,    27.7593      
# span 22 =    22.7274,    27.7578      
# span 23 =       0.00,    1555.17      
# span 24 =    105.628,    215.456      
# span 25 =    106.625,    215.511      
# span 26 =         30,         70      
# span 27 = 0.0000e+00, 0.0000e+00      
# interval = decibars: 1                
# start_time = Oct 03 2021 22:34:45 [NMEA time, header]
# bad_flag = -9.990e-29
*END*
[from data line 208]
      26260   1094.107    219.445    221.000    16.9191    16.9206   4.634125   4.634383     1.8193     1.4986      99.47   26.05872  -94.19668   -0.00102   -0.00058     2.5527     2.5746    16.8824    16.8839    36.2492    36.2501    26.5017    26.5020    1532.17    111.062    112.014         31 0.0000e+00
      26292   1095.472    220.437    222.000    16.9022    16.9033   4.632222   4.632412     1.8186     1.4977     100.00   26.05872  -94.19668   -0.00062   -0.00038     2.5523     2.5736    16.8654    16.8664    36.2472    36.2480    26.5042    26.5045    1532.11    111.041    111.968         34 0.0000e+00
      26325   1096.841    221.430    223.000    16.8713    16.8736   4.628677   4.629019     1.8177     1.4963     100.00   26.05872  -94.19668   -0.00056   -0.00067     2.5523     2.5718    16.8343    16.8366    36.2436    36.2445    26.5088    26.5090    1532.04    111.044    111.891         31 0.0000e+00
      26356   1098.140    222.422    224.000    16.8332    16.8341   4.624208   4.624386     1.8169     1.4944     100.00   26.05872  -94.19668   -0.00060   -0.00108     2.5529     2.5695    16.7961    16.7970    36.2383    36.2390    26.5139    26.5142    1531.98    111.066    111.792         32 0.0000e+00
      26391   1099.577    223.414    225.000    16.8069    16.8081   4.621121   4.621350     1.8160     1.4949     100.00   26.05872  -94.19668   -0.00061   -0.00083     2.5525     2.5723    16.7697    16.7710    36.2345    36.2354    26.5172    26.5176    1531.91    111.049    111.912         37 0.0000e+00
      26427   1101.067    224.407    226.000    16.7728    16.7740   4.617105   4.617322     1.8154     1.4946     100.00   26.05872  -94.19668   -0.00060   -0.00016     2.5534     2.5737    16.7355    16.7367    36.2295    36.2303    26.5216    26.5219    1531.85    111.089    111.973         33 0.0000e+00
      26485   1103.505    226.391    228.000    16.7099    16.7115   4.609662   4.609912     1.8147     1.4944      99.99   26.05737  -94.19178   -0.00022   -0.00009     2.5561     2.5774    16.6723    16.6739    36.2194    36.2202    26.5286    26.5288    1531.64    111.203    112.130         30 0.0000e+00
      26519   1104.901    227.384    229.000    16.6745    16.6761   4.605702   4.605957     1.8141     1.4937     100.00   26.05872  -94.19668   -0.00035   -0.00017     2.5567     2.5776    16.6369    16.6384    36.2166    36.2175    26.5350    26.5353    1531.66    111.233    112.141         35 0.0000e+00
      26556   1106.458    228.376    230.000    16.6638    16.6645   4.604512   4.604656     1.8144     1.4933     100.00   26.05872  -94.19668   -0.00033   -0.00041     2.5583     2.5777    16.6260    16.6267    36.2154    36.2160    26.5366    26.5370    1531.59    111.302    112.144         37 0.0000e+00
      26589   1107.841    229.369    231.000    16.6459    16.6468   4.602341   4.602529     1.8136     1.4931     100.00   26.05872  -94.19668   -0.00009   -0.00028     2.5585     2.5787    16.6080    16.6089    36.2122    36.2129    26.5385    26.5388    1531.53    111.306    112.188         30 0.0000e+00
      26670   1111.201    232.346    234.000    16.4313    16.4330   4.577095   4.577415     1.8097     1.4897     100.00   26.05999  -94.20138   -0.00115   -0.00107     2.5618     2.5821    16.3932    16.3949    36.1822    36.1834    26.5661    26.5666    1531.41    111.447    112.331         30 0.0000e+00
      26794   1116.365    237.308    239.000    16.1573    16.1583   4.544620   4.544846     1.8017     1.4822      96.40   26.05749  -94.19233   -0.00162   -0.00152     2.5601     2.5794    16.1188    16.1198    36.1391    36.1401    26.5966    26.5972    1530.94    111.370    112.212         31 0.0000e+00
      28983   1207.594    326.599    329.000    13.5445    13.5445   4.242431   4.242463     1.7065     1.3991     100.00   26.05937  -94.19914    0.00066    0.00106     2.5068     2.5318    13.4975    13.4974    35.7392    35.7395    26.8639    26.8642    1525.82    109.025    110.114         30 0.0000e+00
      29595   1233.077    351.396    354.000    12.7889    12.7908   4.156496   4.156727     1.7053     1.3993     100.00   26.05813  -94.19467    0.00140    0.00159     2.5574     2.5844    12.7402    12.7421    35.6197    35.6202    26.9254    26.9254    1524.41    111.217    112.394         30 0.0000e+00
      33091   1378.768    493.174    497.000     9.8030     9.8043   3.831449   3.831571     1.5736     1.2783      96.28   26.05859  -94.19660   -0.00045   -0.00041     2.4294     2.4523     9.7450     9.7463    35.1934    35.1934    27.1466    27.1463    1517.89    105.628    106.625         30 0.0000e+00
      39159   1631.581    737.835    744.000     7.0291     7.0299   3.557435   3.557464     1.6265     1.3295      75.94   26.05890  -94.19788    0.00065    0.00058     2.8645     2.8930     6.9566     6.9574    34.9232    34.9227    27.3644    27.3639    1509.86    124.521    125.762         30 0.0000e+00
      40618   1692.356    796.233    803.000     6.5792     6.5797   3.517549   3.517551     1.6616     1.3622     100.00   26.05930  -94.19925    0.00047    0.00054     3.0345     3.0642     6.5034     6.5039    34.9107    34.9102    27.4163    27.4158    1508.45    131.906    133.197         30 0.0000e+00
      41234   1718.031    820.974    828.000     6.4070     6.4078   3.502778   3.502807     1.6763     1.3762     100.00   26.05876  -94.19736    0.00104    0.00083     3.1065     3.1375     6.3297     6.3305    34.9096    34.9092    27.4385    27.4381    1507.86    135.030    136.378         30 0.0000e+00
      43189   1799.508    899.133    907.000     5.9284     5.9288   3.462528   3.462515     1.7321     1.4278     100.00   26.05872  -94.19724    0.00028    0.00023     3.3651     3.3964     5.8465     5.8468    34.9099    34.9093    27.5010    27.5006    1506.24    146.261    147.623         31 0.0000e+00
      49972   2082.132   1168.017   1179.000     4.8221     4.8224   3.377029   3.376999     1.8780     1.5638     100.00   26.05847  -94.19617    0.00046    0.00021     4.1118     4.1489     4.7231     4.7234    34.9451    34.9444    27.6636    27.6631    1502.27    178.690    180.303         30 0.0000e+00
      57330   2388.713   1456.288   1471.000     4.3996     4.4000   3.352971   3.352943     1.9332     1.6135     100.00   26.05900  -94.19770    0.00003   -0.00003     4.5279     4.5610     4.2776     4.2780    34.9644    34.9636    27.7283    27.7277    1500.00    196.758    198.197         30 0.0000e+00
      57964   2415.140   1480.950   1496.000     4.3799     4.3802   3.352299   3.352250     1.9342     1.6147     100.00   26.05866  -94.19645    0.00005    0.00017     4.5487     4.5832     4.2558     4.2561    34.9650    34.9641    27.7312    27.7304    1499.86    197.666    199.164         30 0.0000e+00
      58117   2421.483   1486.869   1502.000     4.3771     4.3772   3.352335   3.352296     1.9354     1.6156     100.00   26.05900  -94.19764    0.00027    0.00007     4.5572     4.5908     4.2524     4.2526    34.9654    34.9648    27.7319    27.7313    1499.85    198.031    199.492         31 0.0000e+00
      76303   3179.235   2184.098   2210.000     4.2968     4.2975   3.374572   3.374524     1.8596     1.5425     100.00   26.05888  -94.19674   -0.00004   -0.00017     4.6945     4.7177     4.1035     4.1042    34.9732    34.9719    27.7540    27.7529    1499.44    203.995    205.001         30 0.0000e+00
      76432   3184.617   2189.014   2215.000     4.2973     4.2980   3.374822   3.374774     1.8584     1.5414     100.00   26.05895  -94.19695   -0.00016   -0.00026     4.6929     4.7155     4.1036     4.1042    34.9732    34.9720    27.7540    27.7530    1499.46    203.923    204.909         32 0.0000e+00
      76559   3189.935   2193.930   2220.000     4.2977     4.2984   3.375048   3.375002     1.8572     1.5409     100.00   26.05882  -94.19649   -0.00019   -0.00003     4.6907     4.7163     4.1035     4.1042    34.9731    34.9719    27.7539    27.7529    1499.46    203.828    204.942         30 0.0000e+00
      78592   3274.640   2270.601   2298.000     4.3023     4.3030   3.378552   3.378513     1.8459     1.5299     100.00   26.05879  -94.19641   -0.00013   -0.00017     4.6908     4.7138     4.0999     4.1006    34.9733    34.9721    27.7544    27.7534    1499.66    203.835    204.835         30 0.0000e+00
      79841   3326.682   2317.769   2346.000     4.3059     4.3066   3.380792   3.380744     1.8387     1.5228     100.00   26.05896  -94.19702   -0.00003   -0.00008     4.6891     4.7107     4.0984     4.0991    34.9737    34.9724    27.7549    27.7538    1499.80    203.760    204.699         31 0.0000e+00
      79969   3331.998   2322.682   2351.000     4.3062     4.3070   3.380989   3.380946     1.8376     1.5215     100.00   26.05866  -94.19595   -0.00025   -0.00029     4.6878     4.7080     4.0982     4.0989    34.9733    34.9720    27.7546    27.7535    1499.80    203.705    204.582         30 0.0000e+00
      80000   3333.289   2323.664   2352.000     4.3063     4.3071   3.381056   3.381009     1.8377     1.5215     100.00   26.05884  -94.19658   -0.00017   -0.00030     4.6885     4.7084     4.0982     4.0989    34.9735    34.9722    27.7548    27.7537    1499.81    203.734    204.601         30 0.0000e+00
      80125   3338.519   2328.577   2357.000     4.3069     4.3076   3.381278   3.381236     1.8369     1.5212     100.00   26.05867  -94.19595   -0.00014   -0.00002     4.6884     4.7100     4.0982     4.0990    34.9732    34.9720    27.7546    27.7535    1499.82    203.731    204.666         31 0.0000e+00
      82153   3423.010   2404.217   2434.000     4.3108     4.3116   3.384690   3.384639     1.8254     1.5104     100.00   26.05878  -94.19628   -0.00018   -0.00003     4.6861     4.7069     4.0940     4.0948    34.9738    34.9724    27.7555    27.7543    1500.07    203.629    204.533         30 0.0000e+00
      85510   3562.884   2528.917   2561.000     4.3197     4.3206   3.390482   3.390440     1.8074     1.4935      37.20   26.05912  -94.19731   -0.00019   -0.00016     4.6852     4.7050     4.0891     4.0900    34.9747    34.9733    27.7567    27.7555    1500.54    203.592    204.450         30 0.0000e+00
      89233   3717.988   2670.220   2705.000     4.3329     4.3338   3.397203   3.397163     1.7866     1.4737     100.00   26.05898  -94.19673   -0.00012   -0.00024     4.6802     4.6979     4.0864     4.0873    34.9748    34.9734    27.7571    27.7559    1501.12    203.375    204.140         30 0.0000e+00
      90485   3770.155   2717.301   2753.000     4.3376     4.3385   3.399471   3.399426     1.7800     1.4673     100.00   26.05896  -94.19675   -0.00007   -0.00009     4.6795     4.6958     4.0857     4.0867    34.9749    34.9734    27.7573    27.7560    1501.33    203.344    204.052         30 0.0000e+00
      90642   3776.713   2723.186   2759.000     4.3380     4.3390   3.399732   3.399694     1.7790     1.4664      65.57   26.05895  -94.19663   -0.00011   -0.00008     4.6787     4.6950     4.0855     4.0864    34.9749    34.9734    27.7572    27.7560    1501.36    203.308    204.017         31 0.0000e+00
      90771   3782.064   2728.089   2764.000     4.3387     4.3396   3.399989   3.399946     1.7781     1.4657     100.00   26.05893  -94.19655   -0.00016   -0.00010     4.6779     4.6947     4.0856     4.0865    34.9750    34.9735    27.7573    27.7560    1501.38    203.274    204.004         30 0.0000e+00
      91712   3821.291   2763.391   2800.000     4.3415     4.3425   3.401643   3.401600     1.7742     1.4617     100.00   26.05903  -94.19701   -0.00009   -0.00017     4.6821     4.6970     4.0844     4.0853    34.9753    34.9738    27.7577    27.7564    1501.55    203.456    204.104         30 0.0000e+00
      92492   3853.801   2792.805   2830.000     4.3436     4.3446   3.402942   3.402904     1.7691     1.4569     100.00   26.05878  -94.19624   -0.00007   -0.00026     4.6773     4.6918     4.0831     4.0841    34.9750    34.9736    27.7576    27.7563    1501.68    203.247    203.877         30 0.0000e+00
      92523   3855.074   2793.786   2831.000     4.3437     4.3447   3.402991   3.402958     1.7688     1.4567      81.55   26.05888  -94.19652   -0.00012   -0.00029     4.6765     4.6916     4.0831     4.0840    34.9751    34.9737    27.7576    27.7564    1501.69    203.211    203.868         30 0.0000e+00
      97828   4076.139   2988.796   3030.000     4.3631     4.3643   3.412212   3.412178     1.7448     1.4335      14.37   26.05804  -94.19326 1.8952e-07   -0.00010     4.6865     4.6965     4.0797     4.0808    34.9751    34.9735    27.7580    27.7566    1502.62    203.648    204.082         48 0.0000e+00
      98120   4088.273   2990.756   3032.000     4.3634     4.3646   3.412445   3.412408     1.7446     1.4335      12.57   26.05910  -94.19710   -0.00001   -0.00002     4.6863     4.6977     4.0797     4.0809    34.9767    34.9750    27.7593    27.7578    1502.69    203.637    204.134         54 0.0000e+00
      98273   4094.655   2991.735   3033.000     4.3635     4.3647   3.412469   3.412428     1.7443     1.4335      11.56   26.05894  -94.19652   -0.00005   -0.00001     4.6858     4.6982     4.0797     4.0808    34.9764    34.9747    27.7590    27.7576    1502.69    203.617    204.153         31 0.0000e+00
      99987   4166.073   2992.714   3034.000     4.3639     4.3650   3.412525   3.412484     1.7436     1.4323      10.30   26.05893  -94.19652   -0.00000   -0.00007     4.6829     4.6930     4.0800     4.0810    34.9762    34.9747    27.7589    27.7575    1502.69    203.488    203.930         70 0.0000e+00
