GOMECC/GOMECC-4/1db/drb2103_1371.cnv
* Sea-Bird SBE 9 Data File:
* FileName = C:\Users\scs.user.rb\CTD\GOMECC4\data\rb2103_1371.hex
* Software Version Seasave V 7.26.7.107
* Temperature SN = 4799
* Conductivity SN = 3860
* Number of Bytes Per Scan = 41
* Number of Voltage Words = 4
* Number of Scans Averaged by the Deck Unit = 1
* NMEA Latitude = 26 00.14 N
* NMEA Longitude = 084 11.82 W
* NMEA UTC (Time) = Oct 20 2021  06:05:28
* NMEA baud rate = 4800
# nquan = 28
# nvalues = 146                         
# units = specified
# name 0 = scan: Scan Count
# name 1 = timeS: Time, Elapsed [seconds]
# name 2 = depSM: Depth [salt water, m]
# name 3 = prDM: Pressure, Digiquartz [db]
# name 4 = t090C: Temperature [ITS-90, deg C]
# name 5 = t190C: Temperature, 2 [ITS-90, deg C]
# name 6 = c0S/m: Conductivity [S/m]
# name 7 = c1S/m: Conductivity, 2 [S/m]
# name 8 = sbeox0V: Oxygen raw, SBE 43 [V]
# name 9 = sbeox1V: Oxygen raw, SBE 43, 2 [V]
# name 10 = altM: Altimeter [m]
# name 11 = latitude: Latitude [deg]
# name 12 = longitude: Longitude [deg]
# name 13 = sbox0dV/dT: Oxygen, SBE 43 [dov/dt]
# name 14 = sbox1dV/dT: Oxygen, SBE 43, 2 [dov/dt]
# name 15 = sbeox0ML/L: Oxygen, SBE 43 [ml/l], WS = 5
# name 16 = sbeox1ML/L: Oxygen, SBE 43, 2 [ml/l], WS = 5
# name 17 = potemp090C: Potential Temperature [ITS-90, deg C]
# name 18 = potemp190C: Potential Temperature, 2 [ITS-90, deg C]
# name 19 = sal00: Salinity, Practical [PSU]
# name 20 = sal11: Salinity, Practical, 2 [PSU]
# name 21 = sigma-é00: Density [sigma-theta, kg/m^3]
# name 22 = sigma-é11: Density, 2 [sigma-theta, kg/m^3]
# name 23 = avgsvCM: Average Sound Velocity [Chen-Millero, m/s], minP = 20, minS = 20
# name 24 = sbox0Mm/Kg: Oxygen, SBE 43 [umol/kg], WS = 5
# name 25 = sbox1Mm/Kg: Oxygen, SBE 43, 2 [umol/kg], WS = 5
# name 26 = nbin: number of scans per bin
# name 27 = flag: flag
# span 0 =       4914,      14345       
# span 1 =    204.695,    597.653       
# span 2 =      2.980,    162.869       
# span 3 =      3.000,    164.000       
# span 4 =    16.3945,    28.5653       
# span 5 =    16.3939,    28.5661       
# span 6 =   4.572341,   5.762813       
# span 7 =   4.572071,   5.763091       
# span 8 =     1.9330,     3.1912       
# span 9 =     1.5983,     2.7027       
# span 10 =      10.34,     103.04      
# span 11 =   25.99009,   26.02201      
# span 12 =  -84.25950,  -84.15613      
# span 13 =   -0.03862,    0.00937      
# span 14 =   -0.03524,    0.01021      
# span 15 =     2.7898,     4.6986      
# span 16 =     2.7977,     4.6920      
# span 17 =    16.3679,    28.5632      
# span 18 =    16.3673,    28.5639      
# span 19 =    35.5015,    36.6241      
# span 20 =    35.5022,    36.6261      
# span 21 =    22.5964,    26.5940      
# span 22 =    22.5964,    26.5898      
# span 23 =       0.00,    1543.50      
# span 24 =    121.379,    204.783      
# span 25 =    121.722,    204.474      
# span 26 =         30,         67      
# span 27 = 0.0000e+00, 0.0000e+00      
# interval = decibars: 1                
# start_time = Oct 20 2021 06:05:28 [NMEA time, header]
# bad_flag = -9.990e-29
*END*
       4914    204.695      2.980      3.000    28.5299    28.5311   5.751403   5.751744     3.1246     2.6434     103.04   26.00263  -84.19706   -0.00146   -0.00100     4.3781     4.3581    28.5292    28.5304    35.5024    35.5039    22.5982    22.5989       0.00    191.204    190.330         30 0.0000e+00
       5958    248.220      3.974      4.000    28.5337    28.5353   5.751670   5.752004     3.1313     2.6505      89.70   26.00266  -84.19704    0.00103    0.00027     4.3900     4.3727    28.5327    28.5343    35.5016    35.5023    22.5964    22.5964       0.00    191.725    190.968         39 0.0000e+00
       6112    254.628      4.967      5.000    28.5345    28.5354   5.752004   5.752048     3.1298     2.6491      92.28   26.00266  -84.19704    0.00004    0.00040     4.3882     4.3703    28.5333    28.5342    35.5026    35.5022    22.5970    22.5964       0.00    191.645    190.866         45 0.0000e+00
       6181    257.502      5.961      6.000    28.5342    28.5364   5.751852   5.752317     3.1312     2.6483      97.47   26.00266  -84.19704    0.00032   -0.00100     4.3913     4.3692    28.5327    28.5349    35.5015    35.5030    22.5964    22.5968       0.00    191.783    190.815         59 0.0000e+00
       6247    260.255      6.954      7.000    28.5380    28.5450   5.752881   5.754908     3.1293     2.6517      89.07   26.00266  -84.19704   -0.00034    0.00154     4.3879     4.3755    28.5363    28.5434    35.5051    35.5111    22.5979    22.6000       0.00    191.634    191.091         67 0.0000e+00
       6308    262.791      7.948      8.000    28.5507    28.5537   5.756037   5.756606     3.1325     2.6508      89.47   26.00266  -84.19704    0.00090   -0.00012     4.3930     4.3734    28.5488    28.5518    35.5176    35.5191    22.6031    22.6032       0.00    191.855    191.000         62 0.0000e+00
       6371    265.411      8.941      9.000    28.5653    28.5661   5.760383   5.760407     3.1335     2.6529      88.46   26.00266  -84.19704    0.00047    0.00043     4.3937     4.3772    28.5632    28.5639    35.5367    35.5363    22.6127    22.6121       0.00    191.885    191.161         57 0.0000e+00
       6424    267.632      9.935     10.000    28.5632    28.5648   5.760971   5.761296     3.1342     2.6512      89.08   26.00266  -84.19704    0.00060    0.00034     4.3957     4.3741    28.5608    28.5624    35.5421    35.5431    22.6175    22.6178       0.00    191.968    191.029         54 0.0000e+00
       6477    269.848     10.928     11.000    28.5630    28.5648   5.760629   5.761092     3.1344     2.6520      78.14   26.00266  -84.19706   -0.00027   -0.00044     4.3966     4.3763    28.5603    28.5622    35.5396    35.5414    22.6158    22.6166       0.00    192.008    191.122         52 0.0000e+00
       6530    272.040     11.922     12.000    28.5623    28.5638   5.761316   5.761589     3.1340     2.6536      96.46   26.00266  -84.19706    0.00031    0.00079     4.3963     4.3800    28.5594    28.5609    35.5445    35.5453    22.6198    22.6199       0.00    191.998    191.282         54 0.0000e+00
       6583    274.263     12.915     13.000    28.5616    28.5627   5.762330   5.762710     3.1350     2.6517      97.06   26.00266  -84.19706   -0.00007   -0.00049     4.3982     4.3766    28.5586    28.5596    35.5518    35.5537    22.6256    22.6267       0.00    192.079    191.135         50 0.0000e+00
       6634    276.359     13.908     14.000    28.5579    28.5589   5.762342   5.762612     3.1353     2.6518      81.16   26.00266  -84.19706    0.00037   -0.00035     4.3997     4.3775    28.5545    28.5556    35.5544    35.5555    22.6289    22.6293       0.00    192.143    191.173         55 0.0000e+00
       6690    278.702     14.902     15.000    28.5552    28.5559   5.762526   5.762759     3.1356     2.6523     100.30   26.00266  -84.19706    0.00013    0.00050     4.4011     4.3792    28.5517    28.5523    35.5574    35.5585    22.6321    22.6327       0.00    192.202    191.246         53 0.0000e+00
       6738    280.723     15.896     16.000    28.5516    28.5530   5.762433   5.762694     3.1370     2.6496      67.50   26.00266  -84.19706    0.00039   -0.00088     4.4043     4.3745    28.5478    28.5492    35.5591    35.5599    22.6347    22.6348       0.00    192.342    191.042         47 0.0000e+00
       6789    282.825     16.889     17.000    28.5471    28.5487   5.762093   5.762384     3.1353     2.6479      99.86   26.00266  -84.19706   -0.00020   -0.00104     4.4020     4.3718    28.5430    28.5446    35.5598    35.5607    22.6368    22.6369       0.00    192.243    190.925         53 0.0000e+00
       6842    285.038     17.882     18.000    28.5433    28.5444   5.761625   5.761848     3.1335     2.6503     100.00   26.00267  -84.19706   -0.00067    0.00031     4.3997     4.3774    28.5390    28.5401    35.5591    35.5599    22.6376    22.6378       0.00    192.139    191.169         54 0.0000e+00
       6898    287.378     18.876     19.000    28.5398    28.5412   5.761306   5.761590     3.1352     2.6489      99.80   26.00268  -84.19706    0.00027    0.00011     4.4035     4.3753    28.5353    28.5367    35.5592    35.5601    22.6389    22.6391       0.00    192.308    191.076         55 0.0000e+00
       6946    289.371     19.869     20.000    28.5368    28.5381   5.761179   5.761442     3.1330     2.6483      94.61   26.00268  -84.19706   -0.00058   -0.00060     4.4003     4.3750    28.5320    28.5333    35.5603    35.5611    22.6408    22.6410     788.06    192.167    191.062         43 0.0000e+00
       6997    291.504     20.862     21.000    28.5357    28.5371   5.761180   5.761437     3.1337     2.6463      94.94   26.00268  -84.19706   -0.00016   -0.00042     4.4022     4.3716    28.5307    28.5321    35.5608    35.5616    22.6416    22.6417    1530.19    192.249    190.911         61 0.0000e+00
       7053    293.853     21.856     22.000    28.5351    28.5365   5.761225   5.761488     3.1354     2.6500      77.41   26.00268  -84.19706    0.00060   -0.00019     4.4058     4.3795    28.5299    28.5312    35.5613    35.5621    22.6422    22.6424    1543.43    192.405    191.258         48 0.0000e+00
       7103    295.906     22.849     23.000    28.5346    28.5359   5.761285   5.761541     3.1356     2.6515      99.45   26.00268  -84.19706    0.00030    0.00173     4.4066     4.3831    28.5291    28.5304    35.5618    35.5626    22.6429    22.6431    1543.43    192.441    191.414         55 0.0000e+00
       7159    298.250     23.842     24.000    28.5340    28.5352   5.761328   5.761598     3.1311     2.6491      62.36   26.00268  -84.19706   -0.00080    0.00011     4.3990     4.3789    28.5283    28.5295    35.5622    35.5632    22.6435    22.6438    1543.43    192.107    191.230         51 0.0000e+00
       7206    300.229     24.836     25.000    28.5331    28.5343   5.761374   5.761630     3.1315     2.6476      98.59   26.00268  -84.19706   -0.00128   -0.00172     4.4004     4.3763    28.5271    28.5283    35.5630    35.5638    22.6444    22.6446    1543.44    192.170    191.119         52 0.0000e+00
       7266    302.715     25.829     26.000    28.5319    28.5333   5.761356   5.761629     3.1288     2.6440     100.00   26.00268  -84.19706   -0.00040   -0.00097     4.3961     4.3697    28.5257    28.5271    35.5634    35.5643    22.6452    22.6454    1543.44    191.980    190.831         59 0.0000e+00
       7317    304.826     26.823     27.000    28.5287    28.5301   5.761144   5.761410     3.1312     2.6483      99.72   26.00268  -84.19706   -0.00011    0.00065     4.4013     4.3790    28.5222    28.5236    35.5640    35.5649    22.6468    22.6470    1543.44    192.210    191.236         47 0.0000e+00
       7366    306.862     27.816     28.000    28.5268    28.5281   5.761062   5.761333     3.1320     2.6467     100.00   26.00269  -84.19706    0.00106    0.00048     4.4032     4.3766    28.5201    28.5214    35.5646    35.5655    22.6480    22.6482    1543.45    192.293    191.129         50 0.0000e+00
       7417    309.019     28.810     29.000    28.5266    28.5280   5.761199   5.761465     3.1319     2.6472      81.30   26.00270  -84.19706   -0.00001   -0.00007     4.4036     4.3780    28.5197    28.5210    35.5654    35.5663    22.6487    22.6489    1543.45    192.308    191.192         56 0.0000e+00
       7474    311.371     29.803     30.000    28.5268    28.5281   5.761430   5.761701     3.1327     2.6468      86.36   26.00270  -84.19706    0.00046   -0.00004     4.4056     4.3778    28.5197    28.5209    35.5666    35.5675    22.6496    22.6498    1543.46    192.396    191.181         53 0.0000e+00
       7523    313.398     30.796     31.000    28.5272    28.5285   5.761622   5.761898     3.1314     2.6448      99.74   26.00270  -84.19706   -0.00030   -0.00064     4.4036     4.3742    28.5198    28.5211    35.5673    35.5683    22.6501    22.6504    1543.46    192.308    191.024         48 0.0000e+00
       7577    315.653     31.790     32.000    28.5275    28.5289   5.761849   5.762108     3.1313     2.6447     100.00   26.00270  -84.19706   -0.00033   -0.00067     4.4039     4.3745    28.5199    28.5213    35.5684    35.5691    22.6509    22.6510    1543.47    192.323    191.038         58 0.0000e+00
       7632    317.964     32.783     33.000    28.5277    28.5291   5.762003   5.762275     3.1300     2.6472     100.00   26.00270  -84.19706   -0.00009    0.00098     4.4020     4.3799    28.5198    28.5212    35.5690    35.5699    22.6513    22.6515    1543.47    192.240    191.273         51 0.0000e+00
       7681    320.008     33.776     34.000    28.5280    28.5292   5.762260   5.762506     3.1277     2.6473      96.67   26.00270  -84.19706   -0.00152    0.00074     4.3984     4.3806    28.5199    28.5211    35.5703    35.5711    22.6523    22.6525    1543.48    192.080    191.306         50 0.0000e+00
       7734    322.211     34.769     35.000    28.5277    28.5290   5.762454   5.762724     3.1306     2.6461     100.00   26.00270  -84.19706    0.00090   -0.00067     4.4042     4.3786    28.5193    28.5206    35.5716    35.5725    22.6535    22.6537    1543.48    192.335    191.217         55 0.0000e+00
       7790    324.541     35.763     36.000    28.5269    28.5282   5.762652   5.762898     3.1300     2.6445      99.30   26.00270  -84.19706    0.00004   -0.00026     4.4036     4.3761    28.5183    28.5196    35.5732    35.5740    22.6550    22.6552    1543.49    192.306    191.105         56 0.0000e+00
       7842    326.726     36.756     37.000    28.5220    28.5236   5.762813   5.763091     3.1288     2.6455      78.73   26.00270  -84.19706   -0.00043   -0.00045     4.4022     4.3788    28.5131    28.5147    35.5778    35.5785    22.6602    22.6602    1543.49    192.244    191.223         49 0.0000e+00
       7895    328.901     37.749     38.000    28.4784    28.4803   5.762663   5.762956     3.1306     2.6481      99.46   26.00270  -84.19706    0.00018    0.00095     4.4087     4.3871    28.4694    28.4712    35.6091    35.6097    22.6982    22.6980    1543.50    192.522    191.578         59 0.0000e+00
       7953    331.349     38.743     39.000    28.4090    28.4119   5.760714   5.761045     3.1345     2.6526     100.00   26.00272  -84.19706    0.00132    0.00147     4.4207     4.4006    28.3997    28.4026    35.6475    35.6476    22.7501    22.7492    1543.50    193.037    192.161         52 0.0000e+00
       8000    333.299     39.736     40.000    28.3009    28.3039   5.759179   5.759510     3.1413     2.6576     100.00   26.00272  -84.19706    0.00253    0.00259     4.4404     4.4177    28.2914    28.2944    35.7175    35.7175    22.8385    22.8375    1543.50    193.881    192.891         46 0.0000e+00
       8052    335.438     40.729     41.000    28.1489    28.1508   5.756395   5.756773     3.1594     2.6730     100.00   26.00272  -84.19706    0.00578    0.00448     4.4840     4.4583    28.1392    28.1411    35.8133    35.8145    22.9607    22.9610    1543.50    195.760    194.638         60 0.0000e+00
       8115    338.093     41.723     42.000    27.9146    27.9159   5.746900   5.747270     3.1830     2.6964      99.13   26.00272  -84.19706    0.00937    0.00892     4.5518     4.5311    27.8944    27.9061    35.9324    35.9339    23.1306    23.1313    1543.48    198.686    197.783         57 0.0000e+00
       8161    339.991     42.716     43.000    27.5238    27.5294   5.716252   5.717336     3.1912     2.7027      98.86   26.00272  -84.19706    0.00799    0.00733     4.5894     4.5619    27.5136    27.5194    36.0073    36.0107    23.3108    23.3116    1543.47    200.296    199.095         42 0.0000e+00
       8216    342.301     43.709     44.000    27.0569    27.0581   5.670781   5.671297     3.1674     2.6827      97.26   26.00272  -84.19706   -0.00830   -0.00667     4.5827     4.5560    27.0468    27.0480    36.0431    36.0459    23.4887    23.4904    1543.42    199.966    198.801         59 0.0000e+00
       8275    344.742     44.703     45.000    26.8628    26.8699   5.651040   5.652668     3.1414     2.6615      82.41   26.00272  -84.19706   -0.01072   -0.00984     4.5552     4.5306    26.8525    26.8596    36.0519    36.0544    23.5575    23.5557    1543.37    198.755    197.682         40 0.0000e+00
       8317    346.514     45.696     46.000    26.1881    26.1896   5.589351   5.589677     3.1002     2.6279      98.60   26.00272  -84.19706   -0.01454   -0.01168     4.5252     4.5014    26.1778    26.1792    36.1310    36.1338    23.8310    23.8325    1543.29    197.390    196.352         50 0.0000e+00
       8380    349.136     46.689     47.000    26.0230    26.0242   5.575706   5.576230     3.0896     2.6195     100.00   26.00272  -84.19706   -0.01477   -0.01234     4.5193     4.5015    26.0124    26.0137    36.1646    36.1672    23.9084    23.9099    1543.18    197.118    196.342         59 0.0000e+00
       8430    351.215     47.682     48.000    25.7188    25.7190   5.554030   5.555120     3.0871     2.6221      99.90   26.00272  -84.19706   -0.00227   -0.00046     4.5383     4.5292    25.7081    25.7083    36.2389    36.2421    24.0595    24.0619    1543.09    197.917    197.524         53 0.0000e+00
       8488    353.642     48.676     49.000    25.5883    25.5906   5.540832   5.541327     3.0880     2.6235     100.01   26.00272  -84.19706    0.00019    0.00223     4.5503     4.5417    25.5774    25.5798    36.2516    36.2537    24.1097    24.1106    1542.98    198.432    198.056         53 0.0000e+00
       8534    355.543     49.669     50.000    25.3328    25.3431   5.522245   5.523627     3.0853     2.6251      76.01   26.00272  -84.19706   -0.00158   -0.00146     4.5651     4.5633    25.3218    25.3322    36.3175    36.3195    24.2385    24.2368    1542.88    199.052    198.973         49 0.0000e+00
       8596    358.114     50.662     51.000    25.0543    25.0659   5.495545   5.497006     3.1141     2.6523     101.79   26.00272  -84.19706    0.00757    0.00911     4.6433     4.6424    25.0432    25.0548    36.3425    36.3450    24.3430    24.3414    1542.77    202.441    202.404         62 0.0000e+00
       8643    360.083     51.655     52.000    24.7045    24.7134   5.458893   5.460114     3.1128     2.6522     100.00   26.00272  -84.19706    0.00595    0.00548     4.6718     4.6712    24.6933    24.7022    36.3499    36.3519    24.4552    24.4541    1542.64    203.662    203.637         43 0.0000e+00
       8698    362.380     52.649     53.000    24.3584    24.3811   5.419503   5.422376     3.1037     2.6413     100.00   26.00272  -84.19706   -0.00253   -0.00291     4.6854     4.6761    24.3462    24.3699    36.3363    36.3406    24.5496    24.5463    1542.51    204.236    203.831         63 0.0000e+00
