GOMECC/GOMECC-4/1db/drb2103_0331.cnv
* Sea-Bird SBE 9 Data File:
* FileName = C:\Users\scs.user.rb\CTD\GOMECC4\data\rb2103_0331.hex
* Software Version Seasave V 7.26.7.107
* Temperature SN = 4799
* Conductivity SN = 3860
* Number of Bytes Per Scan = 41
* Number of Voltage Words = 4
* Number of Scans Averaged by the Deck Unit = 1
* NMEA Latitude = 29 27.77 N
* NMEA Longitude = 087 14.16 W
* NMEA UTC (Time) = Sep 23 2021  23:47:16
* NMEA baud rate = 4800
# nquan = 28
# nvalues = 189                         
# units = specified
# name 0 = scan: Scan Count
# name 1 = timeS: Time, Elapsed [seconds]
# name 2 = depSM: Depth [salt water, m]
# name 3 = prDM: Pressure, Digiquartz [db]
# name 4 = t090C: Temperature [ITS-90, deg C]
# name 5 = t190C: Temperature, 2 [ITS-90, deg C]
# name 6 = c0S/m: Conductivity [S/m]
# name 7 = c1S/m: Conductivity, 2 [S/m]
# name 8 = sbeox0V: Oxygen raw, SBE 43 [V]
# name 9 = sbeox1V: Oxygen raw, SBE 43, 2 [V]
# name 10 = altM: Altimeter [m]
# name 11 = latitude: Latitude [deg]
# name 12 = longitude: Longitude [deg]
# name 13 = sbox0dV/dT: Oxygen, SBE 43 [dov/dt]
# name 14 = sbox1dV/dT: Oxygen, SBE 43, 2 [dov/dt]
# name 15 = sbeox0ML/L: Oxygen, SBE 43 [ml/l], WS = 5
# name 16 = sbeox1ML/L: Oxygen, SBE 43, 2 [ml/l], WS = 5
# name 17 = potemp090C: Potential Temperature [ITS-90, deg C]
# name 18 = potemp190C: Potential Temperature, 2 [ITS-90, deg C]
# name 19 = sal00: Salinity, Practical [PSU]
# name 20 = sal11: Salinity, Practical, 2 [PSU]
# name 21 = sigma-é00: Density [sigma-theta, kg/m^3]
# name 22 = sigma-é11: Density, 2 [sigma-theta, kg/m^3]
# name 23 = avgsvCM: Average Sound Velocity [Chen-Millero, m/s], minP = 20, minS = 20
# name 24 = sbox0Mm/Kg: Oxygen, SBE 43 [umol/kg], WS = 5
# name 25 = sbox1Mm/Kg: Oxygen, SBE 43, 2 [umol/kg], WS = 5
# name 26 = nbin: number of scans per bin
# name 27 = flag: flag
# span 0 =      12666,      27775       
# span 1 =    527.712,   1157.239       
# span 2 =      4.966,    397.902       
# span 3 =      5.000,    401.000       
# span 4 =     9.9799,    28.2619       
# span 5 =     9.9806,    28.2632       
# span 6 =   3.844793,   5.684609       
# span 7 =   3.844797,   5.684370       
# span 8 =     1.6374,     3.1548       
# span 9 =     1.3398,     2.6921       
# span 10 =       8.75,     101.02      
# span 11 =   29.44683,   29.46621      
# span 12 =  -87.24615,  -87.18866      
# span 13 =   -0.04096,    0.08113      
# span 14 =   -0.03625,    0.08241      
# span 15 =     2.5672,     4.5097      
# span 16 =     2.5988,     4.5302      
# span 17 =     9.9330,    28.2545      
# span 18 =     9.9337,    28.2559      
# span 19 =    34.2384,    36.5472      
# span 20 =    34.2391,    36.5481      
# span 21 =    21.8948,    27.1213      
# span 22 =    21.8947,    27.1206      
# span 23 =       0.00,    1578.69      
# span 24 =    111.622,    196.904      
# span 25 =    112.998,    197.797      
# span 26 =         30,         78      
# span 27 = 0.0000e+00, 0.0000e+00      
# interval = decibars: 1                
# start_time = Sep 23 2021 23:47:16 [NMEA time, header]
# bad_flag = -9.990e-29
*END*
      12666    527.712      4.966      5.000    27.7772    27.7792   5.491050   5.491355     3.1187     2.6529      82.00   29.46280  -87.23603    0.00046   -0.00064     4.4583     4.4648    27.7760    27.7780    34.2384    34.2391    21.8948    21.8947       0.00    194.841    195.124         38 0.0000e+00
      13399    558.258      5.959      6.000    27.7763    27.7785   5.491026   5.491334     3.1187     2.6549      97.01   29.46280  -87.23602    0.00024   -0.00001     4.4590     4.4694    27.7749    27.7771    34.2386    34.2391    21.8953    21.8950       0.00    194.872    195.329         46 0.0000e+00
      13460    560.804      6.952      7.000    27.7790    27.7798   5.491487   5.491613     3.1164     2.6560      94.44   29.46280  -87.23602   -0.00058    0.00047     4.4550     4.4723    27.7774    27.7782    34.2396    34.2398    21.8953    21.8952       0.00    194.697    195.452         41 0.0000e+00
      13537    564.018      7.946      8.000    27.7794    27.7815   5.491587   5.491900     3.1172     2.6543      89.22   29.46280  -87.23602    0.00049   -0.00038     4.4569     4.4690    27.7775    27.7796    34.2397    34.2403    21.8953    21.8951       0.00    194.782    195.311         32 0.0000e+00
      13578    565.724      8.939      9.000    27.7789    27.7807   5.491663   5.491883     3.1135     2.6565      80.56   29.46280  -87.23602   -0.00096   -0.00001     4.4508     4.4741    27.7768    27.7786    34.2398    34.2404    21.8956    21.8956       0.00    194.514    195.532         48 0.0000e+00
      13646    568.545      9.932     10.000    27.7798    27.7813   5.491766   5.491996     3.1178     2.6571      99.40   29.46280  -87.23602    0.00048   -0.00002     4.4591     4.4759    27.7775    27.7790    34.2400    34.2405    21.8956    21.8955       0.00    194.875    195.613         46 0.0000e+00
      13693    570.521     10.925     11.000    27.7801    27.7836   5.491854   5.492262     3.1170     2.6556     100.00   29.46280  -87.23602    0.00139    0.00068     4.4586     4.4746    27.7776    27.7811    34.2402    34.2409    21.8957    21.8956       0.00    194.853    195.552         34 0.0000e+00
      13742    572.536     11.919     12.000    27.7905    27.7944   5.493521   5.494002     3.1158     2.6535     100.00   29.46280  -87.23602   -0.00057   -0.00131     4.4556     4.4686    27.7875    27.7916    34.2438    34.2450    21.8952    21.8950       0.00    194.722    195.292         59 0.0000e+00
      13799    574.901     12.912     13.000    27.7878    27.7869   5.493146   5.492989     3.1159     2.6554      91.12   29.46280  -87.23602   -0.00009    0.00061     4.4562     4.4735    27.7848    27.7839    34.2435    34.2426    21.8958    21.8954       0.00    194.751    195.505         49 0.0000e+00
      13846    576.894     13.905     14.000    27.8156    27.8135   5.499318   5.498713     3.1177     2.6559      98.57   29.46280  -87.23602    0.00024    0.00051     4.4575     4.4726    27.8123    27.8102    34.2658    34.2631    21.9037    21.9023       0.00    194.806    195.467         53 0.0000e+00
      13900    579.116     14.898     15.000    27.8240    27.8260   5.501583   5.501925     3.1171     2.6561      95.89   29.46280  -87.23602    0.00087    0.00026     4.4560     4.4722    27.8204    27.8225    34.2752    34.2762    21.9081    21.9082       0.00    194.739    195.447         48 0.0000e+00
      13946    581.026     15.891     16.000    27.8258    27.8267   5.502407   5.502316     3.1171     2.6555      69.90   29.46280  -87.23602   -0.00065   -0.00024     4.4564     4.4715    27.8221    27.8230    34.2794    34.2781    21.9107    21.9094       0.00    194.754    195.414         48 0.0000e+00
      14002    583.388     16.884     17.000    27.8409    27.8428   5.508745   5.508990     3.1163     2.6538     100.18   29.46280  -87.23602   -0.00006   -0.00046     4.4536     4.4666    27.8370    27.8388    34.3128    34.3132    21.9310    21.9307       0.00    194.628    195.198         63 0.0000e+00
      14057    585.646     17.877     18.000    27.8545    27.8546   5.515216   5.515161     3.1172     2.6538     100.00   29.46280  -87.23602   -0.00019   -0.00049     4.4536     4.4653    27.8503    27.8504    34.3476    34.3472    21.9529    21.9525       0.00    194.627    195.138         42 0.0000e+00
      14095    587.262     18.871     19.000    27.8611    27.8624   5.521512   5.521731     3.1184     2.6533     100.00   29.46280  -87.23602    0.00076    0.00015     4.4548     4.4631    27.8567    27.8579    34.3867    34.3873    21.9802    21.9802       0.00    194.673    195.035         44 0.0000e+00
      14155    589.740     19.864     20.000    27.8684    27.8701   5.527159   5.527565     3.1175     2.6529     100.00   29.46280  -87.23602   -0.00016   -0.00036     4.4522     4.4615    27.8637    27.8654    34.4206    34.4222    22.0034    22.0041     778.00    194.556    194.959         71 0.0000e+00
      14212    592.134     20.857     21.000    27.8787    27.8799   5.532900   5.533107     3.1186     2.6533     100.00   29.46280  -87.23602    0.00051   -0.00010     4.4531     4.4616    27.8738    27.8750    34.4540    34.4540    22.0252    22.0248    1578.69    194.591    194.962         38 0.0000e+00
      14244    593.464     21.850     22.000    27.8848    27.8862   5.535490   5.535711     3.1196     2.6538      77.74   29.46280  -87.23602    0.00064    0.00034     4.4548     4.4620    27.8796    27.8810    34.4665    34.4670    22.0327    22.0326    1540.78    194.661    194.975         34 0.0000e+00
      14311    596.248     22.843     23.000    27.8886    27.8897   5.536777   5.536935     3.1160     2.6514     100.08   29.46280  -87.23602   -0.00117   -0.00104     4.4482     4.4573    27.8832    27.8844    34.4724    34.4727    22.0360    22.0358    1540.78    194.375    194.772         37 0.0000e+00
      14361    598.324     23.836     24.000    27.9005    27.9029   5.540282   5.540889     3.1152     2.6536     100.00   29.46280  -87.23602   -0.00100   -0.00049     4.4460     4.4609    27.8949    27.8972    34.4879    34.4905    22.0439    22.0450    1540.79    194.276    194.927         30 0.0000e+00
      14402    600.022     24.829     25.000    27.9240    27.9241   5.547130   5.547010     3.1152     2.6548     100.00   29.46280  -87.23602    0.00022    0.00187     4.4440     4.4617    27.9181    27.9182    34.5184    34.5173    22.0592    22.0584    1540.80    194.184    194.957         45 0.0000e+00
      14465    602.679     25.823     26.000    27.9307    27.9328   5.549104   5.549607     3.1175     2.6534     100.00   29.46280  -87.23600    0.00118   -0.00029     4.4479     4.4584    27.9246    27.9267    34.5271    34.5290    22.0636    22.0644    1540.81    194.356    194.814         47 0.0000e+00
      14509    604.499     26.816     27.000    27.9565    27.9542   5.555596   5.555442     3.1173     2.6507      99.12   29.46280  -87.23600   -0.00019   -0.00141     4.4458     4.4518    27.9501    27.9478    34.5602    34.5566    22.0802    22.0782    1540.82    194.258    194.524         47 0.0000e+00
      14561    606.661     27.809     28.000    27.9829    27.9832   5.563427   5.563418     3.1191     2.6548      99.70   29.46280  -87.23600    0.00055    0.00070     4.4463     4.4571    27.9764    27.9766    34.5884    34.5882    22.0929    22.0926    1540.84    194.280    194.750         55 0.0000e+00
      14613    608.835     28.802     29.000    28.0513    28.0472   5.579271   5.578238     3.1229     2.6580     100.00   29.46280  -87.23600    0.00113    0.00146     4.4471     4.4580    28.0445    28.0404    34.6502    34.6457    22.1171    22.1151    1540.86    194.311    194.786         48 0.0000e+00
      14665    611.011     29.795     30.000    28.1798    28.1769   5.629077   5.627243     3.1324     2.6643      83.15   29.46280  -87.23600    0.00324    0.00233     4.4486     4.4557    28.1727    28.1698    34.9018    34.8912    22.2643    22.2573    1540.89    194.349    194.658         58 0.0000e+00
      14716    613.131     30.788     31.000    28.2619    28.2632   5.684609   5.684370     3.1422     2.6727     100.39   29.46280  -87.23600    0.00467    0.00354     4.4526     4.4586    28.2545    28.2559    35.2286    35.2259    22.4831    22.4806    1540.94    194.481    194.744         41 0.0000e+00
      14767    615.265     31.781     32.000    28.0686    28.0757   5.675865   5.676604     3.1420     2.6770     100.00   29.46280  -87.23600    0.00225    0.00305     4.4660     4.4797    28.0610    28.0682    35.3115    35.3114    22.6089    22.6065    1540.99    195.043    195.640         59 0.0000e+00
      14825    617.649     32.774     33.000    27.9676    27.9682   5.667379   5.667479     3.1448     2.6790     100.00   29.46280  -87.23600   -0.00027    0.00157     4.4793     4.4921    27.9598    27.9604    35.3274    35.3277    22.6541    22.6541    1541.03    195.614    196.172         35 0.0000e+00
      14857    619.008     33.767     34.000    27.9171    27.9222   5.670433   5.671219     3.1411     2.6745     100.00   29.46280  -87.23600    0.00078   -0.00089     4.4748     4.4853    27.9028    27.9142    35.3913    35.3882    22.7207    22.7147    1541.07    195.405    195.863         38 0.0000e+00
      14937    622.325     34.760     35.000    27.8081    27.8202   5.670285   5.670415     3.1505     2.6890      99.62   29.46280  -87.23600    0.00274    0.00348     4.5001     4.5213    27.7999    27.8119    35.4674    35.4592    22.8115    22.8014    1541.09    196.494    197.421         37 0.0000e+00
      14971    623.757     35.754     36.000    27.7694    27.7712   5.673031   5.673485     3.1548     2.6921      98.84   29.46282  -87.23600    0.00362    0.00496     4.5097     4.5302    27.7619    27.7628    35.5150    35.5172    22.8598    22.8610    1541.12    196.904    197.797         31 0.0000e+00
      15007    625.270     36.747     37.000    27.6904    27.6991   5.672684   5.673407     3.1414     2.6696     100.08   29.46281  -87.23600    0.00069    0.00005     4.4574     4.4461    27.6178    27.6910    35.6212    35.6213    22.9866    22.9845    1541.14    194.592    194.100         37 0.0000e+00
      15167    631.915     39.726     40.000    27.3349    27.3344   5.641277   5.642507     3.0462     2.5967      99.96   29.45010  -87.19831    0.00661    0.00878     4.3417     4.3650    27.3256    27.3251    35.6126    35.6185    23.0724    23.0771    1540.49    189.526    190.544         42 0.0000e+00
      15235    634.743     40.719     41.000    27.2304    27.2397   5.649717   5.650447     3.0624     2.6011     100.00   29.46282  -87.23598    0.00849    0.00474     4.3778     4.3790    27.2210    27.2302    35.7595    35.7577    23.2190    23.2147    1541.16    191.076    191.127         31 0.0000e+00
      15268    636.105     41.712     42.000    27.0849    27.0849   5.643671   5.644108     3.0593     2.6031     100.00   29.46282  -87.23599    0.00070   -0.00148     4.3824     4.3937    27.0752    27.0753    35.8280    35.8292    23.3174    23.3176    1541.16    191.257    191.750         41 0.0000e+00
      15338    639.059     42.705     43.000    27.0686    27.0772   5.650493   5.651312     3.0933     2.6408     100.00   29.46282  -87.23598    0.01143    0.01280     4.4463     4.4712    27.0587    27.0673    35.8890    35.8882    23.3687    23.3653    1541.15    194.039    195.123         39 0.0000e+00
      15380    640.773     43.698     44.000    26.7965    26.8054   5.621953   5.622899     3.0683     2.6122     100.00   29.46282  -87.23598    0.00380    0.00358     4.4194     4.4305    26.7865    26.7953    35.8944    35.8943    23.4598    23.4569    1541.14    192.847    193.333         35 0.0000e+00
      15422    642.557     44.691     45.000    26.5145    26.5443   5.607653   5.608878     2.9806     2.5262     100.00   29.46280  -87.23598   -0.03321   -0.03415     4.2509     4.2455    26.4938    26.5342    36.0184    36.0106    23.6464    23.6338    1541.12    185.458    185.225         42 0.0000e+00
      15496    645.621     45.684     46.000    26.3379    26.3335   5.599619   5.599795     2.8796     2.4369     100.00   29.46280  -87.23598   -0.04096   -0.03625     4.1018     4.1013    26.3299    26.3231    36.0880    36.0912    23.7508    23.7539    1541.09    178.937    178.914         36 0.0000e+00
      15526    646.877     46.677     47.000    26.3394    26.3416   5.598719   5.599084     2.8815     2.4432      89.02   29.46280  -87.23598   -0.02128   -0.01821     4.1003     4.1091    26.3288    26.3310    36.0819    36.0828    23.7465    23.7465    1541.05    178.874    179.255         31 0.0000e+00
      15589    649.484     47.670     48.000    26.2005    26.2199   5.586898   5.588442     2.8848     2.4502      98.02   29.46280  -87.23598   -0.00272   -0.00053     4.1119     4.1277    26.1955    26.2091    36.1001    36.0990    23.8022    23.7964    1541.02    179.366    180.058         43 0.0000e+00
      15641    651.664     48.663     49.000    26.0544    26.0578   5.573876   5.574297     2.8951     2.4620      76.93   29.46280  -87.23598    0.00522    0.00509     4.1473     4.1685    26.0433    26.0468    36.1244    36.1248    23.8684    23.8676    1540.98    180.903    181.826         31 0.0000e+00
      15677    653.149     49.656     50.000    25.9924    25.9944   5.570264   5.570578     2.8772     2.4386      82.27   29.46280  -87.23598    0.00115    0.00017     4.1176     4.1235    25.9812    25.9832    36.1466    36.1473    23.9046    23.9045    1540.93    179.600    179.855         48 0.0000e+00
      15742    655.892     50.649     51.000    25.9767    25.9788   5.569921   5.570234     2.8085     2.3782      99.62   29.46280  -87.23598   -0.02343   -0.02228     3.9880     3.9974    25.9653    25.9674    36.1561    36.1568    23.9168    23.9166    1540.89    173.945    174.354         47 0.0000e+00
      15787    657.766     51.642     52.000    25.8358    25.8463   5.556032   5.557088     2.7795     2.3556     100.00   29.46280  -87.23598   -0.01656   -0.01318     3.9503     3.9655    25.8243    25.8348    36.1655    36.1656    23.9678    23.9650    1540.85    172.290    172.952         41 0.0000e+00
      15835    659.756     52.635     53.000    25.6408    25.6451   5.536599   5.537165     2.7844     2.3649     100.00   29.46280  -87.23598   -0.00645   -0.00317     3.9669     3.9926    25.6290    25.6334    36.1769    36.1777    24.0373    24.0365    1540.80    173.002    174.123         57 0.0000e+00
      15894    662.191     53.628     54.000    25.5231    25.5287   5.525975   5.526641     2.7414     2.3212     100.00   29.46280  -87.23598   -0.00845   -0.00881     3.8925     3.9072    25.5111    25.5168    36.1919    36.1923    24.0851    24.0836    1540.75    169.749    170.393         51 0.0000e+00
      15935    663.912     54.621     55.000    25.4225    25.4290   5.518571   5.519273     2.6908     2.2706     100.00   29.46280  -87.23598   -0.02322   -0.02282     3.8019     3.8060    25.4104    25.4168    36.2169    36.2170    24.1352    24.1332    1540.69    165.790    165.970         37 0.0000e+00
      15972    665.453     55.614     56.000    25.2377    25.2447   5.500103   5.500961     2.6234     2.2061     100.00   29.46282  -87.23598   -0.03340   -0.03318     3.6843     3.6801    25.2254    25.2324    36.2274    36.2281    24.2001    24.1985    1540.63    160.653    160.469         37 0.0000e+00
      16008    666.978     56.607     57.000    25.0542    25.0574   5.482105   5.482302     2.5826     2.1772     100.00   29.46282  -87.23598   -0.03849   -0.03535     3.6171     3.6303    25.0418    25.0449    36.2396    36.2388    24.2656    24.2640    1540.57    157.711    158.288         35 0.0000e+00
