GOMECC/GOMECC-4/1db/drb2103_1221.cnv
* Sea-Bird SBE 9 Data File:
* FileName = C:\Users\scs.user.rb\CTD\GOMECC4\data\rb2103_1221.hex
* Software Version Seasave V 7.26.7.107
* Temperature SN = 4799
* Conductivity SN = 3860
* Number of Bytes Per Scan = 41
* Number of Voltage Words = 4
* Number of Scans Averaged by the Deck Unit = 1
* NMEA Latitude = 24 31.02 N
* NMEA Longitude = 080 37.81 W
* NMEA UTC (Time) = Oct 17 2021  20:29:11
* NMEA baud rate = 4800
# nquan = 28
# nvalues = 225                         
# units = specified
# name 0 = scan: Scan Count
# name 1 = timeS: Time, Elapsed [seconds]
# name 2 = depSM: Depth [salt water, m]
# name 3 = prDM: Pressure, Digiquartz [db]
# name 4 = t090C: Temperature [ITS-90, deg C]
# name 5 = t190C: Temperature, 2 [ITS-90, deg C]
# name 6 = c0S/m: Conductivity [S/m]
# name 7 = c1S/m: Conductivity, 2 [S/m]
# name 8 = sbeox0V: Oxygen raw, SBE 43 [V]
# name 9 = sbeox1V: Oxygen raw, SBE 43, 2 [V]
# name 10 = altM: Altimeter [m]
# name 11 = latitude: Latitude [deg]
# name 12 = longitude: Longitude [deg]
# name 13 = sbox0dV/dT: Oxygen, SBE 43 [dov/dt]
# name 14 = sbox1dV/dT: Oxygen, SBE 43, 2 [dov/dt]
# name 15 = sbeox0ML/L: Oxygen, SBE 43 [ml/l], WS = 5
# name 16 = sbeox1ML/L: Oxygen, SBE 43, 2 [ml/l], WS = 5
# name 17 = potemp090C: Potential Temperature [ITS-90, deg C]
# name 18 = potemp190C: Potential Temperature, 2 [ITS-90, deg C]
# name 19 = sal00: Salinity, Practical [PSU]
# name 20 = sal11: Salinity, Practical, 2 [PSU]
# name 21 = sigma-é00: Density [sigma-theta, kg/m^3]
# name 22 = sigma-é11: Density, 2 [sigma-theta, kg/m^3]
# name 23 = avgsvCM: Average Sound Velocity [Chen-Millero, m/s], minP = 20, minS = 20
# name 24 = sbox0Mm/Kg: Oxygen, SBE 43 [umol/kg], WS = 5
# name 25 = sbox1Mm/Kg: Oxygen, SBE 43, 2 [umol/kg], WS = 5
# name 26 = nbin: number of scans per bin
# name 27 = flag: flag
# span 0 =      18894,      31364       
# span 1 =    787.207,   1306.778       
# span 2 =      4.968,    233.364       
# span 3 =      5.000,    235.000       
# span 4 =    13.7551,    28.8435       
# span 5 =    13.9950,    28.8450       
# span 6 =   4.263084,   5.893174       
# span 7 =   4.292007,   5.893534       
# span 8 =     1.8677,     3.1490       
# span 9 =     1.5549,     2.6628       
# span 10 =      11.84,     100.35      
# span 11 =   24.51915,   24.53919      
# span 12 =  -80.67697,  -80.61861      
# span 13 =   -0.02986,    0.00421      
# span 14 =   -0.02832,    0.00443      
# span 15 =     2.8664,     4.4052      
# span 16 =     2.9017,     4.3879      
# span 17 =    13.7213,    28.8372      
# span 18 =    13.9635,    28.8387      
# span 19 =    35.7511,    36.8122      
# span 20 =    35.7524,    36.8136      
# span 21 =    22.7354,    26.8491      
# span 22 =    22.7369,    26.8441      
# span 23 =       0.00,    1544.84      
# span 24 =    124.665,    192.365      
# span 25 =    126.206,    191.506      
# span 26 =         30,         59      
# span 27 = 0.0000e+00, 0.0000e+00      
# interval = decibars: 1                
# start_time = Oct 17 2021 20:29:11 [NMEA time, header]
# bad_flag = -9.990e-29
*END*
[from data line 208]
      26884   1120.106    211.528    213.000    15.6322    15.6636   4.480134   4.484107     1.9883     1.6496      34.79   24.52118  -80.62278   -0.00715   -0.00604     3.0277     3.0350    15.5987    15.6301    36.0501    36.0572    26.6476    26.6460    1532.78    131.709    132.028         36 0.0000e+00
      26919   1121.577    212.521    214.000    15.5824    15.5844   4.474439   4.474773     1.9798     1.6420      33.65   24.52120  -80.62277   -0.00686   -0.00577     3.0112     3.0208    15.5488    15.5508    36.0438    36.0450    26.6541    26.6545    1532.69    130.988    131.406         35 0.0000e+00
      26953   1123.001    213.514    215.000    15.5863    15.5859   4.475047   4.475060     1.9757     1.6386      32.89   24.52120  -80.62275   -0.00532   -0.00452     3.0014     3.0122    15.5526    15.5522    36.0453    36.0458    26.6544    26.6549    1532.60    130.563    131.031         33 0.0000e+00
      26987   1124.430    214.506    216.000    15.5129    15.5009   4.466449   4.465055     1.9702     1.6349      31.91   24.52122  -80.62273   -0.00361   -0.00303     2.9975     3.0098    15.4805    15.4677    36.0332    36.0324    26.6614    26.6637    1532.53    130.390    130.925         35 0.0000e+00
      27022   1125.873    215.498    217.000    15.3336    15.3831   4.444539   4.451104     1.9628     1.6303      30.85   24.52122  -80.62272   -0.00392   -0.00266     2.9879     3.0043    15.2956    15.3494    36.0036    36.0138    26.6802    26.6760    1532.41    129.972    130.684         34 0.0000e+00
      27056   1127.304    216.491    218.000    15.2325    15.2585   4.433431   4.436742     1.9559     1.6256      29.98   24.52124  -80.62270   -0.00488   -0.00312     2.9791     3.0003    15.1988    15.2248    35.9911    35.9973    26.6922    26.6912    1532.32    129.588    130.512         36 0.0000e+00
      27092   1128.789    217.484    219.000    15.1966    15.1906   4.429352   4.428917     1.9527     1.6206      28.88   24.52124  -80.62269   -0.00415   -0.00331     2.9741     2.9920    15.1629    15.1569    35.9864    35.9880    26.6966    26.6992    1532.22    129.369    130.146         35 0.0000e+00
      27126   1130.209    218.476    220.000    15.0591    15.0701   4.413421   4.414838     1.9485     1.6165      27.96   24.52126  -80.62268   -0.00280   -0.00322     2.9735     2.9892    15.0254    15.0364    35.9671    35.9699    26.7122    26.7120    1532.13    129.343    130.023         33 0.0000e+00
      27159   1131.599    219.469    221.000    14.7342    14.7444   4.375538   4.377054     1.9404     1.6094      26.94   24.52126  -80.62266   -0.00336   -0.00349     2.9764     2.9921    14.7009    14.7111    35.9188    35.9233    26.7464    26.7476    1532.04    129.464    130.146         35 0.0000e+00
      27196   1133.141    220.461    222.000    14.5601    14.5527   4.354786   4.354865     1.9316     1.6018      25.99   24.52127  -80.62264   -0.00538   -0.00470     2.9689     2.9846    14.5269    14.5195    35.8933    35.8956    26.7647    26.7681    1531.94    129.136    129.818         38 0.0000e+00
      27233   1134.679    221.454    223.000    14.3060    14.3425   4.325873   4.330359     1.9242     1.5947      24.93   24.52128  -80.62262   -0.00552   -0.00491     2.9667     2.9798    14.2730    14.3094    35.8552    35.8631    26.7901    26.7883    1531.84    129.036    129.606         35 0.0000e+00
      27267   1136.083    222.446    224.000    14.2208    14.2278   4.316168   4.317286     1.9177     1.5882      24.05   24.52129  -80.62262   -0.00489   -0.00462     2.9569     2.9703    14.1878    14.1948    35.8437    35.8477    26.7995    26.8010    1531.73    128.607    129.191         33 0.0000e+00
      27301   1137.493    223.439    225.000    14.1850    14.1925   4.312171   4.313295     1.9129     1.5833      23.16   24.52130  -80.62259   -0.00439   -0.00439     2.9476     2.9597    14.1519    14.1594    35.8394    35.8429    26.8038    26.8049    1531.63    128.205    128.731         35 0.0000e+00
      27336   1138.967    224.431    226.000    14.1472    14.1556   4.307793   4.309069     1.9079     1.5800      22.06   24.52131  -80.62258   -0.00360   -0.00336     2.9384     2.9536    14.1140    14.1224    35.8334    35.8374    26.8072    26.8086    1531.52    127.805    128.465         36 0.0000e+00
      27372   1140.477    225.424    227.000    14.0589    14.0559   4.297682   4.297632     1.9025     1.5759      21.09   24.52132  -80.62257   -0.00345   -0.00256     2.9313     2.9494    14.0257    14.0227    35.8208    35.8231    26.8162    26.8187    1531.42    127.495    128.278         36 0.0000e+00
      27451   1143.738    227.409    229.000    14.0052    14.0071   4.291656   4.292007     1.8943     1.5692      19.02   24.52015  -80.61861   -0.00268   -0.00215     2.9153     2.9354    13.9718    13.9737    35.8132    35.8149    26.8217    26.8227    1531.14    126.795    127.669         37 0.0000e+00
      31364   1306.778    233.364    235.000    13.7551    13.9950   4.263084   4.295409     1.8677     1.5549      11.84   24.53919  -80.67697    0.00094    0.00215     2.8664     2.9017    13.7213    13.9635    35.7794    35.8427    26.8491    26.8441    1531.51    124.665    126.206         41 0.0000e+00
