GOMECC/GOMECC-4/1db/drb2103_1031.cnv
* Sea-Bird SBE 9 Data File:
* FileName = C:\Users\scs.user.rb\CTD\GOMECC4\data\rb2103_1031.hex
* Software Version Seasave V 7.26.7.107
* Temperature SN = 4799
* Conductivity SN = 3860
* Number of Bytes Per Scan = 41
* Number of Voltage Words = 4
* Number of Scans Averaged by the Deck Unit = 1
* NMEA Latitude = 24 23.15 N
* NMEA Longitude = 088 00.13 W
* NMEA UTC (Time) = Oct 13 2021  03:19:12
* NMEA baud rate = 4800
# nquan = 28
# nvalues = 209                         
# units = specified
# name 0 = scan: Scan Count
# name 1 = timeS: Time, Elapsed [seconds]
# name 2 = depSM: Depth [salt water, m]
# name 3 = prDM: Pressure, Digiquartz [db]
# name 4 = t090C: Temperature [ITS-90, deg C]
# name 5 = t190C: Temperature, 2 [ITS-90, deg C]
# name 6 = c0S/m: Conductivity [S/m]
# name 7 = c1S/m: Conductivity, 2 [S/m]
# name 8 = sbeox0V: Oxygen raw, SBE 43 [V]
# name 9 = sbeox1V: Oxygen raw, SBE 43, 2 [V]
# name 10 = altM: Altimeter [m]
# name 11 = latitude: Latitude [deg]
# name 12 = longitude: Longitude [deg]
# name 13 = sbox0dV/dT: Oxygen, SBE 43 [dov/dt]
# name 14 = sbox1dV/dT: Oxygen, SBE 43, 2 [dov/dt]
# name 15 = sbeox0ML/L: Oxygen, SBE 43 [ml/l], WS = 5
# name 16 = sbeox1ML/L: Oxygen, SBE 43, 2 [ml/l], WS = 5
# name 17 = potemp090C: Potential Temperature [ITS-90, deg C]
# name 18 = potemp190C: Potential Temperature, 2 [ITS-90, deg C]
# name 19 = sal00: Salinity, Practical [PSU]
# name 20 = sal11: Salinity, Practical, 2 [PSU]
# name 21 = sigma-é00: Density [sigma-theta, kg/m^3]
# name 22 = sigma-é11: Density, 2 [sigma-theta, kg/m^3]
# name 23 = avgsvCM: Average Sound Velocity [Chen-Millero, m/s], minP = 20, minS = 20
# name 24 = sbox0Mm/Kg: Oxygen, SBE 43 [umol/kg], WS = 5
# name 25 = sbox1Mm/Kg: Oxygen, SBE 43, 2 [umol/kg], WS = 5
# name 26 = nbin: number of scans per bin
# name 27 = flag: flag
# span 0 =      22014,      38887       
# span 1 =    917.213,   1620.246       
# span 2 =      5.962,    518.012       
# span 3 =      6.000,    522.000       
# span 4 =     7.8261,    29.3843       
# span 5 =     7.8258,    29.3857       
# span 6 =   3.623970,   5.941230       
# span 7 =   3.623914,   5.941576       
# span 8 =     1.6400,     3.1485       
# span 9 =     1.3386,     2.6623       
# span 10 =      12.12,     101.19      
# span 11 =   24.37518,   24.39229      
# span 12 =  -88.01548,  -87.95612      
# span 13 =   -0.03293,    0.02690      
# span 14 =   -0.03161,    0.02705      
# span 15 =     2.7142,     4.6627      
# span 16 =     2.7325,     4.6740      
# span 17 =     7.7729,    29.3814      
# span 18 =     7.7726,    29.3828      
# span 19 =    34.9448,    36.6081      
# span 20 =    34.9447,    36.6099      
# span 21 =    22.8150,    27.2700      
# span 22 =    22.8156,    27.2698      
# span 23 =       0.00,    1545.85      
# span 24 =    118.009,    203.196      
# span 25 =    118.808,    203.688      
# span 26 =         30,         67      
# span 27 = 0.0000e+00, 0.0000e+00      
# interval = decibars: 1                
# start_time = Oct 13 2021 03:19:12 [NMEA time, header]
# bad_flag = -9.990e-29
*END*
[from data line 52]
      24704   1029.277     57.621     58.000    26.3489    26.3556   5.648409   5.649319     3.0363     2.5788     100.17   24.38908  -88.00634   -0.00083    0.00089     4.3914     4.3900    26.3358    26.3425    36.4322    36.4335    24.0086    24.0075    1544.45    191.520    191.460         45 0.0000e+00
      24750   1031.191     58.615     59.000    26.2512    26.2543   5.640198   5.640763     3.0519     2.5922     100.00   24.38908  -88.00636    0.00245    0.00319     4.4277     4.4256    26.2379    26.2410    36.4496    36.4513    24.0526    24.0530    1544.38    193.098    193.007         51 0.0000e+00
      24804   1033.442     59.608     60.000    26.1441    26.1492   5.631368   5.632126     3.0700     2.6075     100.00   24.38908  -88.00638    0.00963    0.00803     4.4706     4.4657    26.1306    26.1357    36.4699    36.4714    24.1018    24.1013    1544.30    194.960    194.744         51 0.0000e+00
      24850   1035.375     60.602     61.000    26.0133    26.0157   5.618717   5.619290     3.0523     2.5873     100.00   24.38909  -88.00639    0.00059   -0.00082     4.4479     4.4335    25.9996    26.0020    36.4812    36.4835    24.1515    24.1524    1544.22    193.957    193.330         46 0.0000e+00
      24902   1037.537     61.595     62.000    25.8555    25.8613   5.603419   5.604357     3.0091     2.5469     100.00   24.38910  -88.00641   -0.01490   -0.01498     4.3785     4.3595    25.8416    25.8474    36.4949    36.4968    24.2113    24.2109    1544.14    190.921    190.093         56 0.0000e+00
      24952   1039.616     62.588     63.000    25.7580    25.7598   5.594420   5.594898     2.9579     2.5010      98.42   24.38910  -88.00642   -0.02372   -0.02199     4.2879     4.2703    25.7440    25.7458    36.5060    36.5081    24.2502    24.2512    1544.06    186.966    186.194         44 0.0000e+00
      25001   1041.676     63.581     64.000    25.7039    25.7069   5.589360   5.589980     2.9326     2.4827      99.99   24.38910  -88.00644   -0.01882   -0.01490     4.2452     4.2367    25.6897    25.6927    36.5118    36.5137    24.2714    24.2718    1543.97    185.099    184.728         56 0.0000e+00
      25054   1043.876     64.575     65.000    25.6447    25.6466   5.583776   5.584239     2.9089     2.4609      69.59   24.38911  -88.00645   -0.01123   -0.00979     4.2035     4.1941    25.6303    25.6322    36.5177    36.5196    24.2944    24.2952    1543.89    183.277    182.865         49 0.0000e+00
      25105   1046.003     65.568     66.000    25.6276    25.6294   5.582277   5.582725     2.8999     2.4562     100.04   24.38912  -88.00647   -0.00751   -0.00559     4.1880     4.1858    25.6129    25.6147    36.5201    36.5219    24.3016    24.3024    1543.81    182.599    182.503         53 0.0000e+00
      25156   1048.119     66.561     67.000    25.5924    25.5944   5.578865   5.579357     2.8955     2.4509     100.00   24.38912  -88.00648   -0.00270   -0.00190     4.1826     4.1774    25.5776    25.5796    36.5228    36.5248    24.3146    24.3155    1543.74    182.360    182.135         46 0.0000e+00
      25196   1049.797     67.554     68.000    25.5331    25.5343   5.572991   5.573393     2.8909     2.4483     100.00   24.38913  -88.00650   -0.00221   -0.00242     4.1787     4.1766    25.5180    25.5193    36.5267    36.5287    24.3360    24.3371    1543.66    182.186    182.095         37 0.0000e+00
      25230   1051.192     68.548     69.000    25.4682    25.4699   5.566324   5.566761     2.8892     2.4463     100.00   24.38914  -88.00652   -0.00236   -0.00158     4.1807     4.1774    25.4529    25.4546    36.5292    36.5311    24.3581    24.3590    1543.58    182.271    182.126         30 0.0000e+00
      25262   1052.529     69.541     70.000    25.3422    25.3446   5.552979   5.553523     2.8892     2.4472     100.00   24.38914  -88.00653   -0.00136   -0.00116     4.1909     4.1887    25.3268    25.3292    36.5314    36.5335    24.3987    24.3995    1543.50    182.707    182.610         35 0.0000e+00
      25295   1053.915     70.534     71.000    25.1460    25.1473   5.532779   5.533238     2.8957     2.4528     100.00   24.38914  -88.00654    0.00027    0.00178     4.2171     4.2117    25.1305    25.1318    36.5392    36.5415    24.4650    24.4664    1543.42    183.838    183.605         31 0.0000e+00
      25364   1056.791     73.514     74.000    24.7176    24.7180   5.485634   5.486021     2.9297     2.4888      83.25   24.37518  -87.95612    0.00985    0.00919     4.3196     4.3249    24.7015    24.7020    36.5240    36.5265    24.5819    24.5837    1542.28    188.282    188.515         32 0.0000e+00
      25414   1058.874     74.507     75.000    24.6366    24.6312   5.476960   5.476440     2.9340     2.4902      99.99   24.38916  -88.00658    0.00494    0.00339     4.3355     4.3357    24.6205    24.6150    36.5331    36.5336    24.6160    24.6180    1543.08    188.970    188.979         39 0.0000e+00
      25452   1060.476     75.501     76.000    24.3158    24.3167   5.432138   5.432457     2.9332     2.4912     100.00   24.38917  -88.00660    0.00093    0.00002     4.3621     4.3639    24.2996    24.3005    36.4560    36.4577    24.6544    24.6554    1542.99    190.122    190.204         36 0.0000e+00
      25504   1062.635     77.487     78.000    23.7758    23.7752   5.357484   5.357773     3.0088     2.5731      99.96   24.37935  -87.97116    0.01787    0.02024     4.5634     4.5916    23.7594    23.7588    36.3232    36.3259    24.7133    24.7155    1542.15    198.883    200.113         34 0.0000e+00
      25553   1064.676     78.480     79.000    23.6086    23.6062   5.338230   5.338296     3.0296     2.5890     100.00   24.38918  -88.00663    0.02690    0.02705     4.6176     4.6387    23.5921    23.5897    36.3185    36.3210    24.7609    24.7635    1542.66    201.238    202.157         42 0.0000e+00
      25589   1066.153     79.474     80.000    23.4761    23.4755   5.322354   5.322574     3.0408     2.5949     100.00   24.38918  -88.00664    0.01784    0.01366     4.6524     4.6635    23.4595    23.4588    36.3052    36.3074    24.7897    24.7916    1542.55    202.749    203.233         30 0.0000e+00
      25620   1067.453     80.467     81.000    23.4768    23.4771   5.324789   5.325202     3.0459     2.5997     100.00   24.38919  -88.00666    0.00848    0.00596     4.6627     4.6740    23.4599    23.4603    36.3230    36.3258    24.8031    24.8052    1542.43    203.196    203.688         34 0.0000e+00
      25656   1068.969     81.460     82.000    23.5831    23.5867   5.345227   5.346205     3.0306     2.5760     100.00   24.38920  -88.00666    0.00169   -0.00095     4.6214     4.6114    23.5660    23.5696    36.3921    36.3967    24.8243    24.8268    1542.32    201.394    200.956         38 0.0000e+00
      25694   1070.541     82.453     83.000    23.5944    23.5949   5.351212   5.351657     2.9745     2.5222     100.00   24.38920  -88.00668   -0.01510   -0.01874     4.5078     4.4917    23.5771    23.5775    36.4284    36.4314    24.8486    24.8507    1542.22    196.439    195.736         36 0.0000e+00
      25729   1071.997     83.446     84.000    23.5977    23.5988   5.354826   5.355303     2.9264     2.4803     100.00   24.38920  -88.00669   -0.03293   -0.03161     4.4114     4.3989    23.5801    23.5812    36.4531    36.4558    24.8665    24.8682    1542.12    192.235    191.687         34 0.0000e+00
      25762   1073.362     84.440     85.000    23.6338    23.6350   5.362941   5.363448     2.8941     2.4527     100.00   24.38922  -88.00670   -0.03162   -0.02777     4.3436     4.3350    23.6160    23.6172    36.4852    36.4881    24.8802    24.8821    1542.02    189.277    188.902         33 0.0000e+00
      25797   1074.825     85.433     86.000    23.6472    23.6446   5.367236   5.367204     2.8602     2.4184     100.00   24.38922  -88.00672   -0.02481   -0.02241     4.2846     4.2672    23.6292    23.6266    36.5068    36.5087    24.8927    24.8949    1541.94    186.702    185.943         36 0.0000e+00
      25833   1076.328     86.426     87.000    23.4995    23.4981   5.351859   5.351954     2.8272     2.3890     100.00   24.38922  -88.00674   -0.02287   -0.02175     4.2209     4.2050    23.4813    23.4800    36.5103    36.5121    24.9389    24.9407    1541.84    183.918    183.226         37 0.0000e+00
      25869   1077.832     87.419     88.000    23.4334    23.4335   5.347292   5.347641     2.7945     2.3593     100.00   24.38923  -88.00674   -0.02207   -0.02015     4.1606     4.1441    23.4151    23.4152    36.5295    36.5320    24.9729    24.9748    1541.75    181.285    180.564         35 0.0000e+00
      25929   1080.330     89.405     90.000    23.2936    23.2915   5.331432   5.331422     2.7246     2.2954      99.99   24.38682  -87.99802   -0.02556   -0.02398     4.0319     4.0138    23.2750    23.2728    36.5208    36.5225    25.0070    25.0089    1541.41    175.674    174.881         32 0.0000e+00
      25967   1081.906     90.399     91.000    23.1820    23.1802   5.320302   5.320353     2.6952     2.2692     100.00   24.38924  -88.00678   -0.02486   -0.02207     3.9815     3.9639    23.1632    23.1614    36.5286    36.5304    25.0459    25.0479    1541.47    173.468    172.704         38 0.0000e+00
      26002   1083.375     91.392     92.000    23.1229    23.1234   5.315562   5.315957     2.6617     2.2422     100.00   24.38924  -88.00680   -0.02190   -0.01859     3.9256     3.9141    23.1099    23.1057    36.5357    36.5383    25.0669    25.0688    1541.39    171.028    170.529         31 0.0000e+00
      26059   1085.734     93.378     94.000    23.0996    23.0995   5.320817   5.321094     2.5996     2.1852      99.99   24.38562  -87.99368   -0.02372   -0.02040     3.7943     3.7821    23.0802    23.0801    36.5978    36.6001    25.1221    25.1239    1540.97    165.299    164.769         34 0.0000e+00
      26097   1087.347     94.371     95.000    23.0596    23.0598   5.317931   5.318110     2.5734     2.1602      99.81   24.38926  -88.00684   -0.02391   -0.02231     3.7458     3.7296    23.0400    23.0402    36.6081    36.6099    25.1422    25.1435    1541.12    163.184    162.480         35 0.0000e+00
      26131   1088.767     95.365     96.000    23.0238    23.0240   5.313621   5.313890     2.5507     2.1478     100.00   24.38927  -88.00684   -0.02005   -0.01702     3.7017     3.7048    23.0040    23.0042    36.6068    36.6087    25.1517    25.1530    1541.03    161.261    161.399         33 0.0000e+00
      26162   1090.055     96.358     97.000    22.9673    22.9710   5.306918   5.307591     2.5422     2.1400     100.00   24.38928  -88.00685   -0.01400   -0.01004     3.6889     3.6913    22.9473    22.9511    36.6015    36.6036    25.1641    25.1646    1540.94    160.705    160.806         30 0.0000e+00
      26192   1091.302     97.351     98.000    22.8787    22.8816   5.295561   5.296149     2.5383     2.1362     100.00   24.38928  -88.00686   -0.00840   -0.00638     3.6880     3.6895    22.8586    22.8615    36.5868    36.5889    25.1786    25.1794    1540.85    160.659    160.725         31 0.0000e+00
      26227   1092.730     98.344     99.000    22.8221    22.8214   5.288372   5.288548     2.5388     2.1366     100.00   24.38928  -88.00688   -0.00327   -0.00295     3.6936     3.6949    22.8019    22.8012    36.5777    36.5797    25.1881    25.1898    1540.77    160.904    160.961         37 0.0000e+00
      26263   1094.245     99.337    100.000    22.7505    22.7467   5.278999   5.278751     2.5418     2.1393     100.00   24.38930  -88.00690    0.00032    0.00031     3.7055     3.7066    22.7301    22.7263    36.5642    36.5654    25.1986    25.2006    1540.69    161.418    161.468         33 0.0000e+00
      26318   1096.534    101.323    102.000    22.6368    22.6425   5.264833   5.265774     2.5443     2.1429      99.98   24.38357  -87.98624    0.00145    0.00159     3.7196     3.7227    22.6161    22.6218    36.5446    36.5472    25.2156    25.2159    1540.15    162.033    162.164         33 0.0000e+00
      26359   1098.242    102.316    103.000    22.6042    22.6067   5.261267   5.261835     2.5464     2.1449     100.00   24.38930  -88.00694    0.00103    0.00150     3.7268     3.7300    22.5833    22.5858    36.5471    36.5494    25.2278    25.2289    1540.43    162.345    162.484         36 0.0000e+00
      26394   1099.690    103.310    104.000    22.5946    22.5974   5.259907   5.260557     2.5491     2.1486     100.00   24.38931  -88.00695    0.00137    0.00171     3.7336     3.7394    22.5735    22.5763    36.5441    36.5468    25.2284    25.2296    1540.34    162.641    162.894         33 0.0000e+00
      26425   1101.012    104.303    105.000    22.5890    22.5910   5.259100   5.259610     2.5499     2.1495     100.00   24.38932  -88.00696    0.00151    0.00197     3.7361     3.7426    22.5677    22.5697    36.5421    36.5444    25.2285    25.2297    1540.26    162.748    163.030         32 0.0000e+00
      26456   1102.312    105.296    106.000    22.5592    22.5713   5.254748   5.256606     2.5508     2.1508     100.00   24.38932  -88.00696    0.00086    0.00128     3.7408     3.7473    22.5377    22.5498    36.5327    36.5371    25.2300    25.2298    1540.19    162.951    163.237         30 0.0000e+00
      26488   1103.636    106.289    107.000    22.5418    22.5417   5.252289   5.252429     2.5561     2.1560     100.00   24.38932  -88.00699    0.00151    0.00156     3.7534     3.7618    22.5202    22.5200    36.5276    36.5288    25.2311    25.2321    1540.10    163.501    163.868         34 0.0000e+00
      26524   1105.115    107.282    108.000    22.4966    22.4938   5.245947   5.245760     2.5618     2.1642     100.00   24.38933  -88.00700    0.00348    0.00396     3.7689     3.7840    22.4747    22.4719    36.5155    36.5163    25.2349    25.2364    1540.02    164.175    164.835         37 0.0000e+00
      26559   1106.601    108.275    109.000    22.4608    22.4577   5.241289   5.241060     2.5690     2.1696     100.00   24.38934  -88.00701    0.00396    0.00474     3.7868     3.7994    22.4388    22.4357    36.5085    36.5094    25.2399    25.2415    1539.94    164.955    165.502         33 0.0000e+00
      26612   1108.807    110.261    111.000    22.2858    22.2805   5.218529   5.218040     2.5769     2.1773      99.97   24.38234  -87.98179    0.00446    0.00319     3.8177     3.8308    22.2635    22.2582    36.4740    36.4743    25.2629    25.2647    1539.35    166.296    166.867         33 0.0000e+00
      26657   1110.651    111.254    112.000    22.0808    22.0765   5.194086   5.193879     2.5815     2.1802     100.00   24.38936  -88.00705    0.00261    0.00284     3.8428     3.8520    22.0584    22.0541    36.4551    36.4571    25.3074    25.3102    1539.71    167.385    167.782         39 0.0000e+00
      26692   1112.117    112.247    113.000    22.0218    22.0218   5.188610   5.188892     2.5873     2.1828     100.00   24.38936  -88.00706    0.00307    0.00226     3.8593     3.8619    21.9993    21.9993    36.4611    36.4634    25.3287    25.3304    1539.63    168.101    168.212         31 0.0000e+00
      26721   1113.350    113.241    114.000    21.9852    21.9842   5.185317   5.185471     2.5832     2.1772     100.00   24.38936  -88.00708    0.00244    0.00059     3.8539     3.8523    21.9625    21.9615    36.4655    36.4676    25.3425    25.3444    1539.55    167.860    167.789         30 0.0000e+00
      26754   1114.702    114.233    115.000    21.9157    21.9139   5.178857   5.178946     2.5719     2.1655     100.00   24.38937  -88.00709   -0.00242   -0.00358     3.8360     3.8307    21.8928    21.8911    36.4727    36.4748    25.3675    25.3697    1539.46    167.079    166.847         35 0.0000e+00
