GOMECC/GOMECC-4/1db/drb2103_0821.cnv
* Sea-Bird SBE 9 Data File:
* FileName = C:\Users\scs.user.rb\CTD\GOMECC4\data\rb2103_0821.hex
* Software Version Seasave V 7.26.7.107
* Temperature SN = 4799
* Conductivity SN = 3860
* Number of Bytes Per Scan = 41
* Number of Voltage Words = 4
* Number of Scans Averaged by the Deck Unit = 1
* NMEA Latitude = 22 16.54 N
* NMEA Longitude = 095 35.27 W
* NMEA UTC (Time) = Oct 06 2021  22:50:02
* NMEA baud rate = 4800
# nquan = 28
# nvalues = 425                         
# units = specified
# name 0 = scan: Scan Count
# name 1 = timeS: Time, Elapsed [seconds]
# name 2 = depSM: Depth [salt water, m]
# name 3 = prDM: Pressure, Digiquartz [db]
# name 4 = t090C: Temperature [ITS-90, deg C]
# name 5 = t190C: Temperature, 2 [ITS-90, deg C]
# name 6 = c0S/m: Conductivity [S/m]
# name 7 = c1S/m: Conductivity, 2 [S/m]
# name 8 = sbeox0V: Oxygen raw, SBE 43 [V]
# name 9 = sbeox1V: Oxygen raw, SBE 43, 2 [V]
# name 10 = altM: Altimeter [m]
# name 11 = latitude: Latitude [deg]
# name 12 = longitude: Longitude [deg]
# name 13 = sbox0dV/dT: Oxygen, SBE 43 [dov/dt]
# name 14 = sbox1dV/dT: Oxygen, SBE 43, 2 [dov/dt]
# name 15 = sbeox0ML/L: Oxygen, SBE 43 [ml/l], WS = 5
# name 16 = sbeox1ML/L: Oxygen, SBE 43, 2 [ml/l], WS = 5
# name 17 = potemp090C: Potential Temperature [ITS-90, deg C]
# name 18 = potemp190C: Potential Temperature, 2 [ITS-90, deg C]
# name 19 = sal00: Salinity, Practical [PSU]
# name 20 = sal11: Salinity, Practical, 2 [PSU]
# name 21 = sigma-é00: Density [sigma-theta, kg/m^3]
# name 22 = sigma-é11: Density, 2 [sigma-theta, kg/m^3]
# name 23 = avgsvCM: Average Sound Velocity [Chen-Millero, m/s], minP = 20, minS = 20
# name 24 = sbox0Mm/Kg: Oxygen, SBE 43 [umol/kg], WS = 5
# name 25 = sbox1Mm/Kg: Oxygen, SBE 43, 2 [umol/kg], WS = 5
# name 26 = nbin: number of scans per bin
# name 27 = flag: flag
# span 0 =      12221,      97526       
# span 1 =    509.163,   4063.536       
# span 2 =      3.975,   2979.777       
# span 3 =      4.000,   3020.000       
# span 4 =     4.2756,    29.5790       
# span 5 =     4.2762,    29.5809       
# span 6 =   3.346210,   5.973508       
# span 7 =   3.346180,   5.973827       
# span 8 =     1.5666,     3.3934       
# span 9 =     1.2728,     2.9061       
# span 10 =      11.01,     101.57      
# span 11 =   22.26283,   22.27720      
# span 12 =  -95.59498,  -95.53317      
# span 13 =   -0.06147,    0.02427      
# span 14 =   -0.05287,    0.02252      
# span 15 =     2.3869,     5.1246      
# span 16 =     2.4095,     5.1430      
# span 17 =     4.0784,    29.5758      
# span 18 =     4.0794,    29.5777      
# span 19 =    34.9145,    36.5249      
# span 20 =    34.9140,    36.5263      
# span 21 =    22.8018,    27.7583      
# span 22 =    22.8020,    27.7571      
# span 23 =       0.00,    1562.33      
# span 24 =    103.789,    223.469      
# span 25 =    104.771,    224.273      
# span 26 =         30,         73      
# span 27 = 0.0000e+00, 0.0000e+00      
# interval = decibars: 1                
# start_time = Oct 06 2021 22:50:02 [NMEA time, header]
# bad_flag = -9.990e-29
*END*
[from data line 156]
      22685    945.152    183.762    185.000    16.3428    16.3453   4.564453   4.564807     1.8007     1.4815     100.00   22.27564  -95.58820   -0.00128   -0.00093     2.5300     2.5502    16.3128    16.3153    36.1692    36.1701    26.5748    26.5749    1530.11    110.067    110.943         38 0.0000e+00
      22720    946.623    184.755    186.000    16.3286    16.3305   4.562817   4.563106     1.7991     1.4803      94.05   22.27564  -95.58820   -0.00139   -0.00108     2.5274     2.5482    16.2985    16.3004    36.1672    36.1680    26.5765    26.5768    1530.04    109.952    110.856         32 0.0000e+00
      22774    948.862    186.740    188.000    16.2174    16.2209   4.549129   4.549589     1.7952     1.4764      99.99   22.27191  -95.57217   -0.00131   -0.00123     2.5253     2.5449    16.1871    16.1906    36.1437    36.1447    26.5840    26.5840    1529.61    109.859    110.713         32 0.0000e+00
      22818    950.706    187.733    189.000    16.1524    16.1578   4.541882   4.542575     1.7928     1.4746     100.00   22.27564  -95.58820   -0.00155   -0.00141     2.5234     2.5440    16.1220    16.1274    36.1395    36.1409    26.5964    26.5961    1529.79    109.777    110.670         47 0.0000e+00
      22905    954.346    190.712    192.000    15.9044    15.9066   4.511902   4.512228     1.7855     1.4679      99.97   22.26814  -95.55601   -0.00169   -0.00175     2.5214     2.5412    15.8739    15.8760    36.0924    36.0934    26.6165    26.6168    1529.03    109.687    110.547         41 0.0000e+00
      22954    956.391    191.705    193.000    15.8704    15.8730   4.508884   4.509266     1.7839     1.4663     100.00   22.27564  -95.58820   -0.00149   -0.00121     2.5196     2.5391    15.8397    15.8424    36.0994    36.1004    26.6306    26.6307    1529.47    109.606    110.455         37 0.0000e+00
      23049    960.339    194.683    196.000    15.8302    15.8326   4.504324   4.504642     1.7812     1.4647     100.01   22.27720  -95.59498   -0.00070   -0.00040     2.5164     2.5380    15.7991    15.8015    36.0946    36.0953    26.6364    26.6364    1529.34    109.467    110.407         44 0.0000e+00
      23086    961.877    195.676    197.000    15.7480    15.7511   4.494532   4.494918     1.7787     1.4613     100.00   22.27562  -95.58820   -0.00083   -0.00082     2.5163     2.5353    15.7169    15.7200    36.0805    36.0812    26.6441    26.6440    1529.16    109.461    110.287         31 0.0000e+00
      23146    964.388    197.662    199.000    15.6345    15.6363   4.481099   4.481370     1.7748     1.4587     100.00   22.27544  -95.58742   -0.00171   -0.00161     2.5132     2.5341    15.6033    15.6050    36.0623    36.0631    26.6559    26.6562    1528.97    109.323    110.236         36 0.0000e+00
      23182    965.880    198.654    200.000    15.6179    15.6196   4.479240   4.479501     1.7737     1.4584     100.00   22.27562  -95.58820   -0.00120   -0.00061     2.5118     2.5345    15.5865    15.5882    36.0604    36.0612    26.6583    26.6585    1528.90    109.267    110.252         34 0.0000e+00
      23215    967.239    199.647    201.000    15.6091    15.6103   4.478320   4.478500     1.7737     1.4573     100.00   22.27562  -95.58820   -0.00062   -0.00043     2.5127     2.5324    15.5776    15.5788    36.0596    36.0602    26.6598    26.6599    1528.83    109.303    110.158         32 0.0000e+00
      23248    968.607    200.640    202.000    15.5955    15.5973   4.476736   4.477002     1.7724     1.4566     100.00   22.27562  -95.58820   -0.00042   -0.00064     2.5107     2.5316    15.5638    15.5656    36.0575    36.0582    26.6612    26.6614    1528.74    109.214    110.126         34 0.0000e+00
      23282    970.057    201.633    203.000    15.5551    15.5592   4.471931   4.472471     1.7713     1.4556     100.00   22.27562  -95.58820   -0.00068   -0.00060     2.5110     2.5316    15.5234    15.5275    36.0506    36.0517    26.6651    26.6650    1528.67    109.229    110.124         36 0.0000e+00
      23316    971.461    202.626    204.000    15.4756    15.4785   4.462616   4.463017     1.7692     1.4537     100.00   22.27562  -95.58821   -0.00100   -0.00072     2.5105     2.5312    15.4437    15.4467    36.0387    36.0396    26.6739    26.6740    1528.59    109.206    110.109         31 0.0000e+00
      23346    972.723    203.618    205.000    15.4304    15.4335   4.457359   4.457793     1.7677     1.4524     100.00   22.27562  -95.58822   -0.00120   -0.00108     2.5097     2.5307    15.3985    15.4016    36.0321    36.0332    26.6790    26.6792    1528.51    109.170    110.082         30 0.0000e+00
      23378    974.059    204.611    206.000    15.3707    15.3743   4.450412   4.450892     1.7657     1.4510     100.00   22.27562  -95.58822   -0.00135   -0.00116     2.5087     2.5305    15.3387    15.3423    36.0234    36.0245    26.6858    26.6858    1528.44    109.125    110.075         34 0.0000e+00
      23414    975.532    205.604    207.000    15.3249    15.3266   4.445036   4.445278     1.7637     1.4485      97.62   22.27562  -95.58822   -0.00140   -0.00127     2.5066     2.5267    15.2929    15.2945    36.0162    36.0168    26.6905    26.6906    1528.35    109.035    109.911         36 0.0000e+00
      23450    977.022    206.596    208.000    15.2977    15.3009   4.441741   4.442173     1.7622     1.4467      93.29   22.27562  -95.58822   -0.00130   -0.00143     2.5049     2.5238    15.2655    15.2687    36.0108    36.0118    26.6925    26.6926    1528.27    108.961    109.783         36 0.0000e+00
      23482    978.391    207.589    209.000    15.2420    15.2459   4.435239   4.435617     1.7604     1.4452      99.97   22.27562  -95.58822   -0.00115   -0.00132     2.5041     2.5231    15.2097    15.2136    36.0032    36.0040    26.6991    26.6988    1528.19    108.924    109.752         30 0.0000e+00
      23541    980.835    209.575    211.000    15.1720    15.1734   4.427103   4.427344     1.7582     1.4434      83.61   22.27471  -95.58432   -0.00103   -0.00067     2.5036     2.5232    15.1395    15.1410    35.9918    35.9925    26.7059    26.7062    1527.98    108.903    109.754         33 0.0000e+00
      23575    982.253    210.567    212.000    15.1597    15.1606   4.425764   4.425919     1.7579     1.4432      86.80   22.27562  -95.58822   -0.00061   -0.00066     2.5037     2.5235    15.1270    15.1280    35.9906    35.9911    26.7078    26.7080    1527.96    108.907    109.767         32 0.0000e+00
      23685    986.831    214.538    216.000    15.0251    15.0274   4.410060   4.410383     1.7541     1.4406      99.85   22.27463  -95.58399   -0.00088   -0.00057     2.5035     2.5251    14.9920    14.9944    35.9690    35.9697    26.7210    26.7211    1527.60    108.896    109.836         31 0.0000e+00
      25278   1053.227    278.062    280.000    13.2889    13.2908   4.210979   4.211213     1.6822     1.3768     100.00   22.27555  -95.58805   -0.00129   -0.00075     2.4449     2.4689    13.2494    13.2514    35.7013    35.7018    26.8857    26.8856    1523.32    106.331    107.373         30 0.0000e+00
      25927   1080.231    303.863    306.000    12.5883    12.5901   4.131997   4.132194     1.6562     1.3522     100.00   22.27563  -95.58843   -0.00126   -0.00134     2.4269     2.4478    12.5467    12.5485    35.5942    35.5944    26.9441    26.9439    1521.81    105.542    106.451         30 0.0000e+00
      26077   1086.484    309.817    312.000    12.4450    12.4472   4.115860   4.116102     1.6508     1.3472     100.00   22.27484  -95.58503   -0.00090   -0.00071     2.4230     2.4436    12.4028    12.4051    35.5711    35.5713    26.9545    26.9542    1521.41    105.371    106.265         32 0.0000e+00
      27488   1145.286    365.375    368.000    11.2823    11.2839   3.988019   3.988189     1.6073     1.3087     100.00   22.27673  -95.59303   -0.00069   -0.00053     2.3932     2.4163    11.2357    11.2372    35.4021    35.4022    27.0456    27.0455    1518.62    104.068    105.068         30 0.0000e+00
      27612   1150.453    370.335    373.000    11.2036    11.2052   3.979397   3.979551     1.6044     1.3044     100.00   22.27592  -95.58956   -0.00055   -0.00083     2.3917     2.4095    11.1565    11.1581    35.3895    35.3895    27.0503    27.0501    1518.32    103.999    104.774         30 0.0000e+00
      27860   1160.781    380.255    383.000    11.0624    11.0643   3.964004   3.964191     1.5984     1.3005     100.00   22.27501  -95.58564   -0.00060   -0.00031     2.3869     2.4095    11.0144    11.0163    35.3670    35.3671    27.0588    27.0585    1517.79    103.789    104.771         30 0.0000e+00
      29695   1237.270    452.652    456.000     9.7554     9.7564   3.824553   3.824637     1.5727     1.2776     100.00   22.27633  -95.59140   -0.00015   -0.00017     2.4170     2.4404     9.7025     9.7035    35.1899    35.1897    27.1510    27.1507    1514.78    105.088    106.108         30 0.0000e+00
      29812   1242.137    457.610    461.000     9.7086     9.7100   3.819727   3.819839     1.5726     1.2773     100.00   22.27469  -95.58437    0.00007    0.00005     2.4213     2.4436     9.6552     9.6566    35.1811    35.1810    27.1520    27.1517    1514.47    105.276    106.246         30 0.0000e+00
      29846   1243.524    458.601    462.000     9.7079     9.7090   3.819823   3.819909     1.5725     1.2772     100.00   22.27560  -95.58826    0.00007   -0.00003     2.4213     2.4437     9.6544     9.6555    35.1826    35.1824    27.1534    27.1531    1514.49    105.277    106.251         33 0.0000e+00
      30168   1256.952    471.491    475.000     9.4358     9.4379   3.791214   3.791415     1.5685     1.2738     100.00   22.27478  -95.58464   -0.00021   -0.00034     2.4310     2.4537     9.3817     9.3838    35.1471    35.1471    27.1710    27.1707    1513.92    105.696    106.683         31 0.0000e+00
      30493   1270.520    484.380    488.000     9.2034     9.2049   3.767045   3.767173     1.5676     1.2734      99.99   22.27378  -95.58037   -0.00021    0.00012     2.4469     2.4712     9.1487     9.1501    35.1178    35.1176    27.1863    27.1859    1513.35    106.386    107.442         31 0.0000e+00
      30800   1283.289    496.276    500.000     8.9637     8.9658   3.742579   3.742764     1.5666     1.2729     100.00   22.27594  -95.58961   -0.00004    0.00003     2.4630     2.4881     8.9085     8.9106    35.0929    35.0928    27.2057    27.2053    1513.05    107.086    108.176         30 0.0000e+00
      30923   1288.402    501.233    505.000     8.8489     8.8500   3.730706   3.730800     1.5673     1.2728     100.00   22.27537  -95.58720    0.00006    0.00007     2.4742     2.4969     8.7935     8.7947    35.0793    35.0791    27.2134    27.2130    1512.82    107.569    108.556         31 0.0000e+00
      31633   1317.997    528.989    533.000     8.5124     8.5139   3.697182   3.697312     1.5692     1.2748     100.00   22.27662  -95.59258   -0.00004    0.00008     2.5103     2.5334     8.4552     8.4567    35.0450    35.0448    27.2396    27.2393    1511.89    109.135    110.141         32 0.0000e+00
      32157   1339.840    549.803    554.000     8.2750     8.2766   3.673561   3.673692     1.5727     1.2784     100.00   22.27539  -95.58727    0.00022    0.00003     2.5435     2.5677     8.2165     8.2181    35.0201    35.0199    27.2568    27.2564    1511.08    110.579    111.632         30 0.0000e+00
      32330   1347.032    556.740    561.000     8.1814     8.1828   3.664152   3.664263     1.5746     1.2804      59.16   22.27406  -95.58169    0.00021    0.00023     2.5580     2.5829     8.1225     8.1239    35.0107    35.0103    27.2638    27.2633    1510.76    111.206    112.293         31 0.0000e+00
      32363   1348.436    557.731    562.000     8.1702     8.1714   3.663273   3.663352     1.5752     1.2808      88.21   22.27560  -95.58830    0.00028    0.00037     2.5605     2.5852     8.1113     8.1125    35.0109    35.0106    27.2656    27.2652    1510.83    111.318    112.390         31 0.0000e+00
      32485   1353.486    562.687    567.000     8.0965     8.0975   3.656034   3.656095     1.5763     1.2822     100.00   22.27606  -95.59030    0.00014    0.00007     2.5705     2.5961     8.0373     8.0383    35.0047    35.0043    27.2720    27.2715    1510.70    111.750    112.866         33 0.0000e+00
      32663   1360.936    569.624    574.000     8.0154     8.0164   3.648115   3.648167     1.5803     1.2845     100.00   22.27627  -95.59118    0.00055    0.00030     2.5903     2.6116     7.9558     7.9568    34.9975    34.9970    27.2786    27.2781    1510.48    112.611    113.535         30 0.0000e+00
      32760   1364.949    573.588    578.000     7.9665     7.9675   3.643232   3.643297     1.5816     1.2857     100.00   22.27511  -95.58622    0.00030    0.00034     2.5992     2.6201     7.9067     7.9077    34.9918    34.9915    27.2814    27.2810    1510.27    112.998    113.906         30 0.0000e+00
      33290   1387.027    594.398    599.000     7.7322     7.7331   3.620659   3.620709     1.5896     1.2944      99.93   22.27569  -95.58879    0.00051    0.00042     2.6467     2.6718     7.6712     7.6720    34.9732    34.9729    27.3017    27.3013    1509.65    115.062    116.152         30 0.0000e+00
      33440   1393.310    600.343    605.000     7.6577     7.6585   3.613431   3.613479     1.5932     1.2979      47.72   22.27521  -95.58677    0.00058    0.00060     2.6649     2.6906     7.5964     7.5972    34.9669    34.9665    27.3076    27.3072    1509.43    115.851    116.970         31 0.0000e+00
      33594   1399.721    606.288    611.000     7.5650     7.5665   3.604504   3.604619     1.5981     1.3033     100.00   22.27576  -95.58923    0.00109    0.00116     2.6886     2.7171     7.5035     7.5050    34.9604    34.9601    27.3161    27.3156    1509.29    116.881    118.117         31 0.0000e+00
      34021   1417.504    623.131    628.000     7.4161     7.4172   3.591207   3.591282     1.6044     1.3084     100.00   22.27530  -95.58723    0.00059    0.00047     2.7252     2.7522     7.3535     7.3546    34.9496    34.9491    27.3292    27.3286    1508.75    118.471    119.646         30 0.0000e+00
      34142   1422.562    628.085    633.000     7.3800     7.3808   3.586991   3.587036     1.6076     1.3114      99.99   22.27424  -95.58270    0.00060    0.00064     2.7390     2.7655     7.3171     7.3179    34.9455    34.9453    27.3312    27.3308    1508.53    119.070    120.219         32 0.0000e+00
      34297   1429.018    634.029    639.000     7.3031     7.3038   3.579944   3.579978     1.6119     1.3157      97.75   22.27551  -95.58816    0.00079    0.00080     2.7600     2.7875     7.2399     7.2407    34.9433    34.9429    27.3404    27.3400    1508.44    119.979    121.179         30 0.0000e+00
      34470   1436.211    640.964    646.000     7.2194     7.2208   3.571974   3.572064     1.6166     1.3199      87.59   22.27431  -95.58301    0.00068    0.00054     2.7833     2.8103     7.1559     7.1573    34.9371    34.9367    27.3474    27.3468    1508.16    120.994    122.165         31 0.0000e+00
      34504   1437.625    641.955    647.000     7.2116     7.2126   3.571466   3.571528     1.6177     1.3211      99.60   22.27556  -95.58838    0.00072    0.00072     2.7878     2.8151     7.1481     7.1491    34.9390    34.9387    27.3501    27.3496    1508.22    121.187    122.375         31 0.0000e+00
      34624   1442.620    646.908    652.000     7.1744     7.1751   3.568086   3.568100     1.6212     1.3237      87.19   22.27580  -95.58941    0.00073    0.00053     2.8030     2.8286     7.1105     7.1112    34.9373    34.9367    27.3540    27.3534    1508.09    121.850    122.962         30 0.0000e+00
