GOMECC/GOMECC-4/1db/drb2103_1221.cnv
* Sea-Bird SBE 9 Data File:
* FileName = C:\Users\scs.user.rb\CTD\GOMECC4\data\rb2103_1221.hex
* Software Version Seasave V 7.26.7.107
* Temperature SN = 4799
* Conductivity SN = 3860
* Number of Bytes Per Scan = 41
* Number of Voltage Words = 4
* Number of Scans Averaged by the Deck Unit = 1
* NMEA Latitude = 24 31.02 N
* NMEA Longitude = 080 37.81 W
* NMEA UTC (Time) = Oct 17 2021  20:29:11
* NMEA baud rate = 4800
# nquan = 28
# nvalues = 225                         
# units = specified
# name 0 = scan: Scan Count
# name 1 = timeS: Time, Elapsed [seconds]
# name 2 = depSM: Depth [salt water, m]
# name 3 = prDM: Pressure, Digiquartz [db]
# name 4 = t090C: Temperature [ITS-90, deg C]
# name 5 = t190C: Temperature, 2 [ITS-90, deg C]
# name 6 = c0S/m: Conductivity [S/m]
# name 7 = c1S/m: Conductivity, 2 [S/m]
# name 8 = sbeox0V: Oxygen raw, SBE 43 [V]
# name 9 = sbeox1V: Oxygen raw, SBE 43, 2 [V]
# name 10 = altM: Altimeter [m]
# name 11 = latitude: Latitude [deg]
# name 12 = longitude: Longitude [deg]
# name 13 = sbox0dV/dT: Oxygen, SBE 43 [dov/dt]
# name 14 = sbox1dV/dT: Oxygen, SBE 43, 2 [dov/dt]
# name 15 = sbeox0ML/L: Oxygen, SBE 43 [ml/l], WS = 5
# name 16 = sbeox1ML/L: Oxygen, SBE 43, 2 [ml/l], WS = 5
# name 17 = potemp090C: Potential Temperature [ITS-90, deg C]
# name 18 = potemp190C: Potential Temperature, 2 [ITS-90, deg C]
# name 19 = sal00: Salinity, Practical [PSU]
# name 20 = sal11: Salinity, Practical, 2 [PSU]
# name 21 = sigma-é00: Density [sigma-theta, kg/m^3]
# name 22 = sigma-é11: Density, 2 [sigma-theta, kg/m^3]
# name 23 = avgsvCM: Average Sound Velocity [Chen-Millero, m/s], minP = 20, minS = 20
# name 24 = sbox0Mm/Kg: Oxygen, SBE 43 [umol/kg], WS = 5
# name 25 = sbox1Mm/Kg: Oxygen, SBE 43, 2 [umol/kg], WS = 5
# name 26 = nbin: number of scans per bin
# name 27 = flag: flag
# span 0 =      18894,      31364       
# span 1 =    787.207,   1306.778       
# span 2 =      4.968,    233.364       
# span 3 =      5.000,    235.000       
# span 4 =    13.7551,    28.8435       
# span 5 =    13.9950,    28.8450       
# span 6 =   4.263084,   5.893174       
# span 7 =   4.292007,   5.893534       
# span 8 =     1.8677,     3.1490       
# span 9 =     1.5549,     2.6628       
# span 10 =      11.84,     100.35      
# span 11 =   24.51915,   24.53919      
# span 12 =  -80.67697,  -80.61861      
# span 13 =   -0.02986,    0.00421      
# span 14 =   -0.02832,    0.00443      
# span 15 =     2.8664,     4.4052      
# span 16 =     2.9017,     4.3879      
# span 17 =    13.7213,    28.8372      
# span 18 =    13.9635,    28.8387      
# span 19 =    35.7511,    36.8122      
# span 20 =    35.7524,    36.8136      
# span 21 =    22.7354,    26.8491      
# span 22 =    22.7369,    26.8441      
# span 23 =       0.00,    1544.84      
# span 24 =    124.665,    192.365      
# span 25 =    126.206,    191.506      
# span 26 =         30,         59      
# span 27 = 0.0000e+00, 0.0000e+00      
# interval = decibars: 1                
# start_time = Oct 17 2021 20:29:11 [NMEA time, header]
# bad_flag = -9.990e-29
*END*
      18894    787.207      4.968      5.000    28.6799    28.6784   5.803385   5.803439     3.1490     2.6585      96.77   24.51915  -80.62621    0.00021   -0.00089     4.4052     4.3728    28.6787    28.6772    35.7511    35.7524    22.7354    22.7369       0.00    192.365    190.949         59 0.0000e+00
      18954    789.711      5.961      6.000    28.6594    28.6627   5.802587   5.802891     3.1449     2.6597      96.95   24.51916  -80.62618   -0.00076   -0.00037     4.4001     4.3768    28.6580    28.6613    35.7604    35.7601    22.7494    22.7480       0.00    192.139    191.118         57 0.0000e+00
      19012    792.125      6.955      7.000    28.6578    28.6588   5.803841   5.804102     3.1446     2.6591      97.13   24.51917  -80.62616   -0.00107    0.00043     4.4000     4.3761    28.6561    28.6571    35.7701    35.7712    22.7572    22.7577       0.00    192.134    191.089         58 0.0000e+00
      19068    794.464      7.949      8.000    28.6602    28.6613   5.805205   5.805514     3.1463     2.6610      81.44   24.51919  -80.62613    0.00074    0.00007     4.4032     4.3801    28.6583    28.6594    35.7774    35.7788    22.7620    22.7627       0.00    192.272    191.262         55 0.0000e+00
      19124    796.780      8.942      9.000    28.6673    28.6679   5.808673   5.808862     3.1462     2.6599      83.15   24.51920  -80.62611    0.00021    0.00056     4.4023     4.3757    28.6651    28.6657    35.7995    35.7999    22.7764    22.7765       0.00    192.228    191.066         56 0.0000e+00
      19179    799.075      9.936     10.000    28.6699    28.6711   5.810643   5.810959     3.1452     2.6601      99.27   24.51922  -80.62610   -0.00024   -0.00079     4.4008     4.3779    28.6675    28.6687    35.8073    35.8086    22.7814    22.7820       0.00    192.160    191.163         54 0.0000e+00
      19234    801.356     10.929     11.000    28.6704    28.6715   5.811532   5.811907     3.1448     2.6604     100.00   24.51923  -80.62606   -0.00080    0.00028     4.4004     4.3789    28.6678    28.6688    35.8129    35.8147    22.7855    22.7865       0.00    192.142    191.203         56 0.0000e+00
      19287    803.593     11.923     12.000    28.6712    28.6724   5.812896   5.813210     3.1456     2.6613     100.00   24.51924  -80.62604    0.00059    0.00050     4.4021     4.3809    28.6683    28.6695    35.8215    35.8227    22.7918    22.7924       0.00    192.215    191.293         52 0.0000e+00
      19341    805.819     12.916     13.000    28.6738    28.6751   5.814981   5.815397     3.1442     2.6613      99.13   24.51926  -80.62603   -0.00013   -0.00014     4.3996     4.3809    28.6707    28.6720    35.8337    35.8356    22.8002    22.8012       0.00    192.104    191.290         56 0.0000e+00
      19397    808.160     13.910     14.000    28.6796    28.6811   5.816884   5.817293     3.1447     2.6628     100.01   24.51927  -80.62600   -0.00044    0.00101     4.4004     4.3829    28.6762    28.6777    35.8418    35.8436    22.8045    22.8053       0.00    192.140    191.375         54 0.0000e+00
      19450    810.364     14.904     15.000    28.6860    28.6873   5.819936   5.820436     3.1461     2.6593     100.00   24.51928  -80.62598    0.00092   -0.00107     4.4025     4.3764    28.6824    28.6837    35.8584    35.8608    22.8149    22.8163       0.00    192.230    191.091         52 0.0000e+00
      19502    812.538     15.897     16.000    28.7066    28.7072   5.827505   5.827874     3.1459     2.6609     100.00   24.51930  -80.62596    0.00000   -0.00036     4.4000     4.3785    28.7028    28.7033    35.8952    35.8957    22.8357    22.8360       0.00    192.116    191.178         53 0.0000e+00
      19556    814.781     16.891     17.000    28.7063    28.7071   5.828992   5.829336     3.1457     2.6619     100.00   24.51930  -80.62594   -0.00006    0.00118     4.4002     4.3801    28.7022    28.7030    35.9054    35.9072    22.8436    22.8447       0.00    192.122    191.244         53 0.0000e+00
      19607    816.906     17.884     18.000    28.7057    28.7071   5.831357   5.831809     3.1444     2.6579     100.00   24.51932  -80.62592   -0.00037   -0.00176     4.3979     4.3723    28.7014    28.7028    35.9220    35.9240    22.8563    22.8574       0.00    192.020    190.902         51 0.0000e+00
      19661    819.159     18.878     19.000    28.7173    28.7189   5.837636   5.838278     3.1423     2.6611     100.00   24.51932  -80.62589   -0.00088    0.00053     4.3929     4.3774    28.7127    28.7143    35.9566    35.9598    22.8786    22.8805       0.00    191.799    191.123         58 0.0000e+00
      19716    821.468     19.871     20.000    28.7535    28.7563   5.848502   5.849159     3.1461     2.6600     100.00   24.51934  -80.62586    0.00088    0.00050     4.3952     4.3704    28.7487    28.7515    36.0136    36.0174    22.9094    22.9113     760.37    191.893    190.808         51 0.0000e+00
      19767    823.583     20.865     21.000    28.7773    28.7786   5.860318   5.860829     3.1457     2.6620     100.00   24.51935  -80.62585    0.00040   -0.00031     4.3927     4.3733    28.7722    28.7735    36.0683    36.0709    22.9427    22.9442    1529.02    191.780    190.932         53 0.0000e+00
      19822    825.882     21.858     22.000    28.7810    28.7824   5.863836   5.864188     3.1450     2.6557     100.00   24.51936  -80.62583    0.00007   -0.00082     4.3912     4.3605    28.7757    28.7771    36.0895    36.0909    22.9575    22.9581    1544.36    191.709    190.368         53 0.0000e+00
      19874    828.032     22.852     23.000    28.7729    28.7736   5.863856   5.864198     3.1400     2.6566     100.00   24.51938  -80.62581   -0.00167   -0.00132     4.3832     4.3631    28.7674    28.7681    36.0954    36.0973    22.9647    22.9658    1544.36    191.358    190.481         54 0.0000e+00
      19929    830.346     23.845     24.000    28.7775    28.7783   5.866133   5.866386     3.1406     2.6569      92.54   24.51940  -80.62578   -0.00075    0.00053     4.3842     4.3637    28.7717    28.7725    36.1075    36.1087    22.9723    22.9729    1544.37    191.400    190.507         55 0.0000e+00
      19983    832.604     24.839     25.000    28.8205    28.8254   5.877321   5.878547     3.1418     2.6579      99.87   24.51940  -80.62576    0.00037    0.00053     4.3822     4.3627    28.8144    28.8194    36.1517    36.1571    22.9913    22.9936    1544.38    191.309    190.461         56 0.0000e+00
      20041    835.007     25.832     26.000    28.8435    28.8450   5.883415   5.883771     3.1431     2.6558      71.41   24.51942  -80.62574    0.00073   -0.00004     4.3829     4.3561    28.8372    28.8387    36.1768    36.1781    23.0025    23.0030    1544.40    191.339    190.170         56 0.0000e+00
      20093    837.146     26.826     27.000    28.8310    28.8318   5.881499   5.881787     3.1409     2.6575      99.73   24.51943  -80.62572   -0.00042   -0.00087     4.3805     4.3611    28.8245    28.8253    36.1727    36.1741    23.0037    23.0044    1544.42    191.234    190.386         49 0.0000e+00
      20146    839.378     27.819     28.000    28.8230    28.8251   5.880403   5.880860     3.1418     2.6554     100.00   24.51945  -80.62569   -0.00036   -0.00003     4.3834     4.3577    28.8162    28.8183    36.1709    36.1725    23.0051    23.0056    1544.43    191.360    190.236         57 0.0000e+00
      20201    841.677     28.812     29.000    28.8018    28.8023   5.877177   5.877372     3.1394     2.6568     100.00   24.51946  -80.62567   -0.00050   -0.00081     4.3815     4.3626    28.7948    28.7953    36.1648    36.1660    23.0077    23.0084    1544.45    191.275    190.451         53 0.0000e+00
      20254    843.894     29.806     30.000    28.7895    28.7904   5.875609   5.875881     3.1418     2.6586     100.00   24.51947  -80.62565    0.00052    0.00188     4.3871     4.3681    28.7823    28.7832    36.1624    36.1636    23.0101    23.0107    1544.46    191.523    190.692         55 0.0000e+00
      20311    846.241     30.799     31.000    28.7961    28.7965   5.877898   5.878058     3.1396     2.6544     100.00   24.51949  -80.62563   -0.00037   -0.00140     4.3829     4.3594    28.7886    28.7890    36.1730    36.1738    23.0159    23.0164    1544.47    191.337    190.312         55 0.0000e+00
      20364    848.462     31.793     32.000    28.8127    28.8144   5.882003   5.882448     3.1397     2.6529     100.00   24.51950  -80.62560   -0.00047   -0.00105     4.3820     4.3552    28.8050    28.8066    36.1886    36.1904    23.0221    23.0230    1544.48    191.296    190.126         53 0.0000e+00
      20418    850.717     32.786     33.000    28.8270    28.8276   5.885778   5.885884     3.1408     2.6549     100.00   24.51951  -80.62558    0.00053    0.00021     4.3831     4.3597    28.8190    28.8196    36.2056    36.2068    23.0302    23.0310    1544.50    191.344    190.322         55 0.0000e+00
      20471    852.930     33.780     34.000    28.8285    28.8297   5.887106   5.887471     3.1418     2.6544      79.04   24.51952  -80.62556    0.00038    0.00073     4.3851     4.3576    28.8203    28.8215    36.2114    36.2131    23.0342    23.0350    1544.51    191.430    190.228         53 0.0000e+00
      20528    855.283     34.773     35.000    28.8289    28.8299   5.887643   5.887926     3.1415     2.6593      99.92   24.51954  -80.62553    0.00011    0.00047     4.3849     4.3680    28.8204    28.8215    36.2146    36.2157    23.0365    23.0370    1544.52    191.420    190.683         59 0.0000e+00
      20584    857.618     35.766     36.000    28.8303    28.8316   5.888320   5.888692     3.1384     2.6607     100.00   24.51955  -80.62551   -0.00079    0.00161     4.3796     4.3711    28.8216    28.8229    36.2179    36.2195    23.0386    23.0394    1544.54    191.189    190.817         52 0.0000e+00
      20637    859.826     36.760     37.000    28.8329    28.8342   5.889400   5.889790     3.1389     2.6537     100.00   24.51956  -80.62549   -0.00072   -0.00129     4.3807     4.3572    28.8240    28.8253    36.2231    36.2248    23.0417    23.0426    1544.55    191.233    190.211         56 0.0000e+00
      20692    862.127     37.753     38.000    28.8365    28.8376   5.890797   5.891151     3.1384     2.6558     100.00   24.51958  -80.62547    0.00016   -0.00125     4.3796     4.3615    28.8273    28.8284    36.2296    36.2312    23.0455    23.0463    1544.56    191.187    190.398         53 0.0000e+00
      20745    864.332     38.747     39.000    28.8392    28.8404   5.892267   5.892647     3.1386     2.6585      99.49   24.51959  -80.62544   -0.00021    0.00137     4.3805     4.3671    28.8298    28.8310    36.2376    36.2393    23.0507    23.0516    1544.58    191.224    190.638         54 0.0000e+00
      20801    866.668     39.740     40.000    28.8385    28.8397   5.893108   5.893423     3.1399     2.6602      99.50   24.51960  -80.62542    0.00063    0.00091     4.3832     4.3708    28.8288    28.8301    36.2437    36.2450    23.0556    23.0561    1544.59    191.341    190.803         57 0.0000e+00
      20858    869.039     40.734     41.000    28.8362    28.8376   5.893174   5.893534     3.1402     2.6533     100.00   24.51962  -80.62539    0.00005   -0.00138     4.3843     4.3576    28.8263    28.8277    36.2456    36.2470    23.0579    23.0585    1544.60    191.392    190.225         56 0.0000e+00
      20911    871.246     41.727     42.000    28.8338    28.8350   5.893053   5.893409     3.1410     2.6551      88.07   24.51963  -80.62537    0.00038   -0.00123     4.3864     4.3620    28.8237    28.8249    36.2463    36.2478    23.0593    23.0600    1544.62    191.483    190.418         52 0.0000e+00
      20965    873.511     42.721     43.000    28.8312    28.8325   5.892839   5.893189     3.1397     2.6553      99.95   24.51964  -80.62535    0.00001    0.00073     4.3849     4.3632    28.8208    28.8221    36.2465    36.2480    23.0604    23.0611    1544.63    191.418    190.467         56 0.0000e+00
      21020    875.778     43.714     44.000    28.8291    28.8301   5.892694   5.893036     3.1401     2.6554     100.00   24.51966  -80.62532   -0.00033    0.00007     4.3863     4.3640    28.8185    28.8195    36.2467    36.2483    23.0613    23.0622    1544.64    191.475    190.503         53 0.0000e+00
      21075    878.096     44.707     45.000    28.8259    28.8272   5.892403   5.892774     3.1391     2.6544      73.50   24.51967  -80.62531   -0.00029   -0.00041     4.3852     4.3626    28.8150    28.8163    36.2469    36.2485    23.0626    23.0634    1544.66    191.429    190.443         58 0.0000e+00
      21131    880.409     45.701     46.000    28.8236    28.8249   5.892208   5.892564     3.1375     2.6503     100.16   24.51970  -80.62528   -0.00030   -0.00082     4.3831     4.3552    28.8125    28.8138    36.2470    36.2485    23.0635    23.0642    1544.67    191.335    190.116         52 0.0000e+00
      21185    882.676     46.694     47.000    28.8220    28.8233   5.892176   5.892542     3.1357     2.6519     100.00   24.51970  -80.62526   -0.00104   -0.00105     4.3804     4.3590    28.8106    28.8119    36.2477    36.2492    23.0647    23.0654    1544.68    191.216    190.285         58 0.0000e+00
      21241    885.007     47.687     48.000    28.8166    28.8180   5.891587   5.891974     3.1350     2.6528     100.00   24.51972  -80.62523   -0.00034    0.00134     4.3801     4.3617    28.8050    28.8064    36.2474    36.2490    23.0664    23.0671    1544.69    191.207    190.402         52 0.0000e+00
      21294    887.221     48.681     49.000    28.8107    28.8117   5.890819   5.891140     3.1348     2.6527     100.00   24.51973  -80.62521   -0.00008   -0.00011     4.3807     4.3625    28.7988    28.7999    36.2463    36.2477    23.0676    23.0683    1544.70    191.230    190.438         57 0.0000e+00
      21351    889.580     49.674     50.000    28.8018    28.8030   5.889567   5.889918     3.1344     2.6519      88.03   24.51974  -80.62519   -0.00026   -0.00004     4.3813     4.3622    28.7897    28.7909    36.2441    36.2456    23.0689    23.0697    1544.71    191.255    190.422         53 0.0000e+00
      21403    891.741     50.668     51.000    28.7948    28.7961   5.888605   5.888956     3.1351     2.6517      99.63   24.51976  -80.62516    0.00005   -0.00042     4.3837     4.3628    28.7825    28.7838    36.2424    36.2439    23.0701    23.0708    1544.72    191.360    190.450         56 0.0000e+00
      21463    894.270     51.661     52.000    28.7867    28.7888   5.887558   5.888028     3.1348     2.6500     100.00   24.51977  -80.62513    0.00040   -0.00043     4.3842     4.3605    28.7741    28.7762    36.2410    36.2427    23.0719    23.0724    1544.73    191.385    190.346         57 0.0000e+00
      21509    896.150     52.654     53.000    28.7806    28.7822   5.886850   5.887266     3.1333     2.6503     100.00   24.51978  -80.62512   -0.00100   -0.00047     4.3826     4.3620    28.7678    28.7695    36.2404    36.2421    23.0736    23.0742    1544.74    191.312    190.415         40 0.0000e+00
      21552    897.945     53.648     54.000    28.7762    28.7775   5.886332   5.886708     3.1356     2.6522     100.00   24.51979  -80.62510    0.00022    0.00051     4.3877     4.3668    28.7631    28.7645    36.2399    36.2414    23.0747    23.0754    1544.75    191.533    190.621         46 0.0000e+00
      21598    899.855     54.641     55.000    28.7638    28.7667   5.884616   5.885129     3.1319     2.6524     100.00   24.51980  -80.62507   -0.00002    0.00102     4.3825     4.3703    28.7505    28.7534    36.2367    36.2386    23.0765    23.0769    1544.76    191.306    190.776         44 0.0000e+00
