GOMECC/GOMECC-4/1db/drb2103_1201.cnv
* Sea-Bird SBE 9 Data File:
* FileName = C:\Users\scs.user.rb\CTD\GOMECC4\data\rb2103_1201.hex
* Software Version Seasave V 7.26.7.107
* Temperature SN = 4799
* Conductivity SN = 3860
* Number of Bytes Per Scan = 41
* Number of Voltage Words = 4
* Number of Scans Averaged by the Deck Unit = 1
* NMEA Latitude = 21 40.66 N
* NMEA Longitude = 085 53.83 W
* NMEA UTC (Time) = Oct 16 2021  08:41:52
* NMEA baud rate = 4800
# nquan = 28
# nvalues = 270                         
# units = specified
# name 0 = scan: Scan Count
# name 1 = timeS: Time, Elapsed [seconds]
# name 2 = depSM: Depth [salt water, m]
# name 3 = prDM: Pressure, Digiquartz [db]
# name 4 = t090C: Temperature [ITS-90, deg C]
# name 5 = t190C: Temperature, 2 [ITS-90, deg C]
# name 6 = c0S/m: Conductivity [S/m]
# name 7 = c1S/m: Conductivity, 2 [S/m]
# name 8 = sbeox0V: Oxygen raw, SBE 43 [V]
# name 9 = sbeox1V: Oxygen raw, SBE 43, 2 [V]
# name 10 = altM: Altimeter [m]
# name 11 = latitude: Latitude [deg]
# name 12 = longitude: Longitude [deg]
# name 13 = sbox0dV/dT: Oxygen, SBE 43 [dov/dt]
# name 14 = sbox1dV/dT: Oxygen, SBE 43, 2 [dov/dt]
# name 15 = sbeox0ML/L: Oxygen, SBE 43 [ml/l], WS = 5
# name 16 = sbeox1ML/L: Oxygen, SBE 43, 2 [ml/l], WS = 5
# name 17 = potemp090C: Potential Temperature [ITS-90, deg C]
# name 18 = potemp190C: Potential Temperature, 2 [ITS-90, deg C]
# name 19 = sal00: Salinity, Practical [PSU]
# name 20 = sal11: Salinity, Practical, 2 [PSU]
# name 21 = sigma-é00: Density [sigma-theta, kg/m^3]
# name 22 = sigma-é11: Density, 2 [sigma-theta, kg/m^3]
# name 23 = avgsvCM: Average Sound Velocity [Chen-Millero, m/s], minP = 20, minS = 20
# name 24 = sbox0Mm/Kg: Oxygen, SBE 43 [umol/kg], WS = 5
# name 25 = sbox1Mm/Kg: Oxygen, SBE 43, 2 [umol/kg], WS = 5
# name 26 = nbin: number of scans per bin
# name 27 = flag: flag
# span 0 =       8318,      63730       
# span 1 =    346.554,   2655.385       
# span 2 =      4.969,   1931.848       
# span 3 =      5.000,   1953.000       
# span 4 =     4.1805,    30.0491       
# span 5 =     4.1812,    30.0506       
# span 6 =   3.354754,   6.028003       
# span 7 =   3.354745,   6.028326       
# span 8 =     1.6275,     3.2056       
# span 9 =     1.3267,     2.7129       
# span 10 =       9.84,     101.20      
# span 11 =   21.67744,   21.68397      
# span 12 =  -85.90029,  -85.89228      
# span 13 =   -0.01154,    0.00715      
# span 14 =   -0.00959,    0.00698      
# span 15 =     2.6964,     5.2656      
# span 16 =     2.7136,     5.2762      
# span 17 =     4.0149,    30.0371      
# span 18 =     4.0156,    30.0387      
# span 19 =    34.9075,    37.0154      
# span 20 =    34.9070,    37.0169      
# span 21 =    22.6341,    27.7735      
# span 22 =    22.6345,    27.7728      
# span 23 =       0.00,    1549.94      
# span 24 =    117.242,    228.807      
# span 25 =    117.988,    229.269      
# span 26 =         30,         70      
# span 27 = 0.0000e+00, 0.0000e+00      
# interval = decibars: 1                
# start_time = Oct 16 2021 08:41:52 [NMEA time, header]
# bad_flag = -9.990e-29
*END*
[from data line 104]
      12789    532.829    109.288    110.000    26.9565    26.9574   5.725080   5.725417     2.8382     2.3970     100.00   21.67872  -85.89774   -0.00389   -0.00301     3.9951     3.9917    26.9312    26.9321    36.4910    36.4927    23.8634    23.8644    1546.02    174.262    174.116         33 0.0000e+00
      12822    534.204    110.281    111.000    26.9074    26.9105   5.721811   5.722329     2.8349     2.3924     100.00   21.67874  -85.89774   -0.00404   -0.00433     3.9922     3.9854    26.8818    26.8849    36.5058    36.5071    23.8904    23.8904    1545.98    174.133    173.836         33 0.0000e+00
      12856    535.635    111.274    112.000    26.8482    26.8503   5.717314   5.717750     2.8314     2.3880     100.00   21.67874  -85.89774   -0.00291   -0.00334     3.9900     3.9804    26.8224    26.8246    36.5197    36.5212    23.9199    23.9203    1545.95    174.032    173.614         35 0.0000e+00
      12892    537.112    112.267    113.000    26.8276    26.8301   5.716114   5.716576     2.8279     2.3812     100.00   21.67874  -85.89774   -0.00240   -0.00344     3.9852     3.9679    26.8017    26.8042    36.5270    36.5283    23.9320    23.9322    1545.92    173.820    173.065         36 0.0000e+00
      12926    538.541    113.261    114.000    26.7954    26.7978   5.713760   5.714200     2.8239     2.3777     100.00   21.67876  -85.89774   -0.00237   -0.00391     3.9801     3.9630    26.7693    26.7717    36.5351    36.5363    23.9485    23.9486    1545.88    173.595    172.847         32 0.0000e+00
      12958    539.862    114.254    115.000    26.7432    26.7452   5.709552   5.709985     2.8171     2.3736     100.00   21.67876  -85.89774   -0.00330   -0.00321     3.9712     3.9580    26.7168    26.7189    36.5456    36.5471    23.9732    23.9736    1545.85    173.202    172.625         33 0.0000e+00
      12992    541.273    115.247    116.000    26.7143    26.7162   5.707258   5.707674     2.8132     2.3713     100.00   21.67877  -85.89775   -0.00411   -0.00254     3.9663     3.9556    26.6878    26.6896    36.5515    36.5531    23.9869    23.9875    1545.82    172.985    172.519         35 0.0000e+00
      13026    542.723    116.241    117.000    26.6910    26.6937   5.705464   5.705948     2.8094     2.3695     100.00   21.67878  -85.89776   -0.00314   -0.00166     3.9611     3.9536    26.6643    26.6669    36.5566    36.5581    23.9982    23.9985    1545.79    172.756    172.429         34 0.0000e+00
      13060    544.117    117.234    118.000    26.6337    26.6375   5.700787   5.701355     2.8056     2.3663     100.00   21.67878  -85.89776   -0.00250   -0.00157     3.9582     3.9509    26.6068    26.6106    36.5678    36.5689    24.0250    24.0246    1545.75    172.626    172.309         33 0.0000e+00
      13094    545.546    118.227    119.000    26.5554    26.5593   5.694903   5.695450     2.7984     2.3600     100.00   21.67878  -85.89776   -0.00343   -0.00264     3.9501     3.9428    26.5283    26.5322    36.5869    36.5878    24.0644    24.0638    1545.72    172.267    171.949         35 0.0000e+00
      13129    547.012    119.220    120.000    26.4670    26.4749   5.687805   5.688687     2.7902     2.3521     100.00   21.67880  -85.89776   -0.00464   -0.00429     3.9408     3.9318    26.4397    26.4476    36.6053    36.6054    24.1063    24.1039    1545.68    171.853    171.461         34 0.0000e+00
      13161    548.326    120.213    121.000    26.3226    26.3247   5.676535   5.676968     2.7826     2.3431      88.30   21.67880  -85.89776   -0.00557   -0.00556     3.9365     3.9225    26.2952    26.2973    36.6378    36.6393    24.1767    24.1771    1545.65    171.652    171.045         30 0.0000e+00
      13192    549.611    121.207    122.000    26.2910    26.2877   5.673937   5.673954     2.7755     2.3358      99.88   21.67880  -85.89776   -0.00581   -0.00625     3.9253     3.9100    26.2633    26.2601    36.6438    36.6465    24.1912    24.1943    1545.62    171.165    170.494         33 0.0000e+00
      13228    551.126    122.200    123.000    26.2611    26.2617   5.671672   5.672008     2.7693     2.3300     100.00   21.67880  -85.89776   -0.00514   -0.00544     3.9160     3.8997    26.2333    26.2339    36.6507    36.6528    24.2059    24.2073    1545.58    170.755    170.044         39 0.0000e+00
      13265    552.684    123.193    124.000    26.1882    26.1945   5.666058   5.666795     2.7625     2.3262      73.49   21.67882  -85.89776   -0.00419   -0.00339     3.9083     3.8961    26.1602    26.1665    36.6677    36.6680    24.2418    24.2401    1545.54    170.413    169.883         35 0.0000e+00
      13326    555.215    125.179    126.000    26.0453    26.0471   5.657481   5.657880     2.7437     2.3103     100.00   21.67744  -85.89228   -0.00660   -0.00479     3.8820     3.8719    26.0169    26.0188    36.7177    36.7191    24.3243    24.3248    1545.37    169.253    168.814         31 0.0000e+00
      13362    556.706    126.173    127.000    25.9788    25.9803   5.653342   5.653740     2.7341     2.2999     100.00   21.67882  -85.89776   -0.00706   -0.00663     3.8682     3.8541    25.9503    25.9518    36.7413    36.7430    24.3634    24.3642    1545.43    168.646    168.032         39 0.0000e+00
      13398    558.220    127.166    128.000    25.9556    25.9566   5.651369   5.651696     2.7257     2.2950     100.00   21.67884  -85.89778   -0.00653   -0.00616     3.8541     3.8458    25.9269    25.9278    36.7452    36.7468    24.3736    24.3746    1545.39    168.030    167.668         33 0.0000e+00
      13429    559.518    128.159    129.000    25.9430    25.9433   5.650660   5.651001     2.7234     2.2950     100.00   21.67884  -85.89778   -0.00497   -0.00343     3.8509     3.8469    25.9141    25.9144    36.7497    36.7520    24.3811    24.3827    1545.36    167.890    167.711         31 0.0000e+00
      13463    560.902    129.152    130.000    25.7552    25.7618   5.630855   5.631778     2.7159     2.2860     100.00   21.67884  -85.89778   -0.00326   -0.00200     3.8500     3.8400    25.7262    25.7328    36.7549    36.7563    24.4437    24.4427    1545.32    167.837    167.403         35 0.0000e+00
      13498    562.377    130.145    131.000    25.5646    25.5687   5.612210   5.612894     2.6983     2.2702     100.00   21.67885  -85.89778   -0.00657   -0.00644     3.8300     3.8192    25.5396    25.5401    36.7675    36.7691    24.5113    24.5112    1545.28    166.956    166.485         34 0.0000e+00
      13531    563.742    131.139    132.000    25.4886    25.4912   5.604272   5.604797     2.6894     2.2614     100.00   21.67886  -85.89779   -0.00954   -0.00919     3.8178     3.8054    25.4593    25.4620    36.7732    36.7750    24.5405    24.5410    1545.24    166.419    165.878         32 0.0000e+00
      13562    565.061    132.132    133.000    25.4424    25.4444   5.600568   5.601011     2.6823     2.2564     100.00   21.67886  -85.89780   -0.00783   -0.00684     3.8075     3.7980    25.4130    25.4149    36.7828    36.7845    24.5621    24.5628    1545.20    165.967    165.551         32 0.0000e+00
      13597    566.482    133.125    134.000    25.4033    25.4056   5.598036   5.598460     2.6742     2.2496     100.00   21.67886  -85.89780   -0.00555   -0.00485     3.7947     3.7859    25.3737    25.3760    36.7953    36.7967    24.5837    24.5841    1545.15    165.404    165.023         36 0.0000e+00
      13632    567.955    134.118    135.000    25.4005    25.4012   5.601692   5.602161     2.6633     2.2405     100.00   21.67886  -85.89780   -0.00608   -0.00481     3.7741     3.7666    25.3700    25.3714    36.8250    36.8273    24.6074    24.6086    1545.11    164.504    164.177         34 0.0000e+00
      13665    569.334    135.111    136.000    25.3604    25.3632   5.603969   5.604344     2.6557     2.2338     100.00   21.67888  -85.89780   -0.00674   -0.00561     3.7608     3.7542    25.3291    25.3334    36.8746    36.8763    24.6575    24.6583    1545.08    163.916    163.627         33 0.0000e+00
      13699    570.748    136.104    137.000    25.3387    25.3409   5.601810   5.602282     2.6518     2.2316     100.00   21.67888  -85.89780   -0.00528   -0.00439     3.7560     3.7519    25.3085    25.3108    36.8770    36.8786    24.6657    24.6662    1545.04    163.705    163.524         35 0.0000e+00
      13733    572.172    137.097    138.000    25.2501    25.2533   5.593578   5.594149     2.6467     2.2263     100.00   21.67888  -85.89780   -0.00341   -0.00262     3.7512     3.7455    25.2197    25.2229    36.8854    36.8870    24.6994    24.6997    1544.99    163.492    163.241         33 0.0000e+00
      13766    573.531    138.090    139.000    25.2355    25.2368   5.592226   5.592622     2.6410     2.2188     100.00   21.67888  -85.89780   -0.00349   -0.00361     3.7420     3.7311    25.2049    25.2062    36.8869    36.8888    24.7051    24.7061    1544.95    163.089    162.615         33 0.0000e+00
      13799    574.936    139.083    140.000    25.2220    25.2235   5.590748   5.591147     2.6374     2.2156     100.00   21.67889  -85.89780   -0.00371   -0.00441     3.7362     3.7255    25.1912    25.1928    36.8866    36.8883    24.7091    24.7099    1544.91    162.837    162.370         34 0.0000e+00
      13833    576.334    140.077    141.000    25.1751    25.1777   5.585790   5.586315     2.6316     2.2108     100.00   21.67890  -85.89782   -0.00326   -0.00329     3.7286     3.7184    25.1441    25.1468    36.8875    36.8893    24.7243    24.7248    1544.87    162.503    162.057         34 0.0000e+00
      13869    577.814    141.070    142.000    25.0093    25.0132   5.571030   5.571601     2.6196     2.2033     100.00   21.67890  -85.89782   -0.00475   -0.00342     3.7163     3.7126    24.9783    24.9822    36.9123    36.9134    24.7939    24.7936    1544.83    161.954    161.794         36 0.0000e+00
      13902    579.197    142.063    143.000    24.8862    24.8905   5.559878   5.560490     2.6060     2.1926     100.00   21.67892  -85.89782   -0.00804   -0.00550     3.6987     3.6981    24.8551    24.8593    36.9294    36.9308    24.8446    24.8443    1544.78    161.178    161.151         30 0.0000e+00
      13933    580.484    143.056    144.000    24.7647    24.7668   5.548612   5.549046     2.5967     2.1820     100.00   21.67892  -85.89782   -0.00905   -0.00711     3.6884     3.6825    24.7335    24.7355    36.9441    36.9457    24.8928    24.8933    1544.74    160.721    160.465         33 0.0000e+00
      13968    581.964    144.049    145.000    24.6648    24.6658   5.539027   5.539406     2.5843     2.1676     100.00   21.67892  -85.89782   -0.00807   -0.00862     3.6708     3.6577    24.6334    24.6345    36.9538    36.9558    24.9305    24.9317    1544.69    159.952    159.380         38 0.0000e+00
      14004    583.460    145.042    146.000    24.6445    24.6453   5.537111   5.537454     2.5764     2.1603      98.99   21.67892  -85.89782   -0.00739   -0.00855     3.6572     3.6435    24.6129    24.6138    36.9558    36.9576    24.9383    24.9394    1544.65    159.354    158.760         32 0.0000e+00
      14035    584.767    146.035    147.000    24.6177    24.6204   5.534406   5.534907     2.5715     2.1605     100.00   21.67893  -85.89782   -0.00572   -0.00475     3.6497     3.6458    24.5860    24.5886    36.9571    36.9587    24.9474    24.9478    1544.61    159.030    158.859         32 0.0000e+00
      14069    586.165    147.028    148.000    24.4422    24.4471   5.516583   5.517313     2.5620     2.1518     100.00   21.67894  -85.89782   -0.00459   -0.00219     3.6429     3.6380    24.4104    24.4152    36.9668    36.9684    25.0080    25.0077    1544.56    158.725    158.511         35 0.0000e+00
      14104    587.616    148.021    149.000    24.3624    24.3628   5.508433   5.508726     2.5493     2.1399     100.00   21.67894  -85.89782   -0.00676   -0.00564     3.6235     3.6177    24.3304    24.3308    36.9708    36.9727    25.0351    25.0364    1544.51    157.875    157.619         34 0.0000e+00
      14136    588.967    149.014    150.000    24.3283    24.3295   5.505028   5.505386     2.5429     2.1346     100.00   21.67894  -85.89782   -0.00761   -0.00711     3.6134     3.6087    24.2961    24.2974    36.9729    36.9746    25.0470    25.0479    1544.46    157.432    157.225         32 0.0000e+00
      14170    590.387    150.008    151.000    24.3076    24.3107   5.502946   5.503536     2.5388     2.1318     100.00   21.67896  -85.89782   -0.00508   -0.00418     3.6071     3.6041    24.2753    24.2784    36.9738    36.9757    25.0540    25.0545    1544.42    157.157    157.026         36 0.0000e+00
      14206    591.862    151.001    152.000    24.2857    24.2909   5.500907   5.501624     2.5330     2.1263     100.00   21.67896  -85.89783   -0.00353   -0.00290     3.5975     3.5936    24.2531    24.2584    36.9762    36.9773    25.0625    25.0617    1544.37    156.736    156.565         34 0.0000e+00
      14239    593.265    151.993    153.000    24.2697    24.2706   5.499490   5.499805     2.5295     2.1256     100.00   21.67896  -85.89784   -0.00337   -0.00252     3.5920     3.5936    24.2370    24.2378    36.9783    36.9800    25.0689    25.0699    1544.32    156.493    156.567         33 0.0000e+00
      14271    594.600    152.986    154.000    24.2549    24.2545   5.498201   5.498400     2.5258     2.1219     100.00   21.67897  -85.89784   -0.00286   -0.00186     3.5861     3.5869    24.2220    24.2215    36.9804    36.9823    25.0750    25.0766    1544.28    156.236    156.274         32 0.0000e+00
      14305    595.999    153.980    155.000    24.1981    24.2077   5.492335   5.493438     2.5220     2.1181      98.84   21.67898  -85.89784   -0.00270   -0.00210     3.5817     3.5822    24.1636    24.1751    36.9837    36.9852    25.0951    25.0937    1544.24    156.043    156.066         35 0.0000e+00
      14341    597.492    154.973    156.000    24.1125    24.1117   5.483494   5.483590     2.5167     2.1135      99.85   21.67898  -85.89784   -0.00292   -0.00264     3.5781     3.5781    24.0793    24.0785    36.9860    36.9874    25.1221    25.1234    1544.19    155.880    155.882         36 0.0000e+00
      14374    598.885    155.966    157.000    23.9787    23.9750   5.469305   5.469109     2.5083     2.1041     100.00   21.67898  -85.89785   -0.00395   -0.00402     3.5707     3.5663    23.9454    23.9417    36.9887    36.9903    25.1641    25.1665    1544.14    155.551    155.363         32 0.0000e+00
      14407    600.230    156.959    158.000    23.7876    23.7921   5.448662   5.449647     2.4979     2.0942      97.99   21.67900  -85.89786   -0.00581   -0.00604     3.5623     3.5556    23.7518    23.7587    36.9917    36.9935    25.2241    25.2233    1544.10    155.177    154.886         33 0.0000e+00
      14441    601.670    157.952    159.000    23.6429    23.6431   5.433371   5.433607     2.4853     2.0838      62.86   21.67900  -85.89786   -0.00767   -0.00728     3.5475     3.5427    23.6095    23.6096    36.9928    36.9945    25.2671    25.2683    1544.04    154.526    154.317         35 0.0000e+00
      14475    603.102    158.945    160.000    23.5907    23.5897   5.427743   5.427886     2.4780     2.0781      99.96   21.67900  -85.89786   -0.00777   -0.00662     3.5367     3.5339    23.5572    23.5561    36.9929    36.9948    25.2826    25.2844    1543.99    154.053    153.930         34 0.0000e+00
      14510    604.529    159.938    161.000    23.5630    23.5625   5.424860   5.425046     2.4749     2.0761     100.00   21.67900  -85.89786   -0.00509   -0.00390     3.5327     3.5315    23.5292    23.5288    36.9936    36.9954    25.2914    25.2929    1543.94    153.877    153.827         35 0.0000e+00
