GOMECC/GOMECC-4/1db/drb2103_1201.cnv
* Sea-Bird SBE 9 Data File:
* FileName = C:\Users\scs.user.rb\CTD\GOMECC4\data\rb2103_1201.hex
* Software Version Seasave V 7.26.7.107
* Temperature SN = 4799
* Conductivity SN = 3860
* Number of Bytes Per Scan = 41
* Number of Voltage Words = 4
* Number of Scans Averaged by the Deck Unit = 1
* NMEA Latitude = 21 40.66 N
* NMEA Longitude = 085 53.83 W
* NMEA UTC (Time) = Oct 16 2021  08:41:52
* NMEA baud rate = 4800
# nquan = 28
# nvalues = 270                         
# units = specified
# name 0 = scan: Scan Count
# name 1 = timeS: Time, Elapsed [seconds]
# name 2 = depSM: Depth [salt water, m]
# name 3 = prDM: Pressure, Digiquartz [db]
# name 4 = t090C: Temperature [ITS-90, deg C]
# name 5 = t190C: Temperature, 2 [ITS-90, deg C]
# name 6 = c0S/m: Conductivity [S/m]
# name 7 = c1S/m: Conductivity, 2 [S/m]
# name 8 = sbeox0V: Oxygen raw, SBE 43 [V]
# name 9 = sbeox1V: Oxygen raw, SBE 43, 2 [V]
# name 10 = altM: Altimeter [m]
# name 11 = latitude: Latitude [deg]
# name 12 = longitude: Longitude [deg]
# name 13 = sbox0dV/dT: Oxygen, SBE 43 [dov/dt]
# name 14 = sbox1dV/dT: Oxygen, SBE 43, 2 [dov/dt]
# name 15 = sbeox0ML/L: Oxygen, SBE 43 [ml/l], WS = 5
# name 16 = sbeox1ML/L: Oxygen, SBE 43, 2 [ml/l], WS = 5
# name 17 = potemp090C: Potential Temperature [ITS-90, deg C]
# name 18 = potemp190C: Potential Temperature, 2 [ITS-90, deg C]
# name 19 = sal00: Salinity, Practical [PSU]
# name 20 = sal11: Salinity, Practical, 2 [PSU]
# name 21 = sigma-é00: Density [sigma-theta, kg/m^3]
# name 22 = sigma-é11: Density, 2 [sigma-theta, kg/m^3]
# name 23 = avgsvCM: Average Sound Velocity [Chen-Millero, m/s], minP = 20, minS = 20
# name 24 = sbox0Mm/Kg: Oxygen, SBE 43 [umol/kg], WS = 5
# name 25 = sbox1Mm/Kg: Oxygen, SBE 43, 2 [umol/kg], WS = 5
# name 26 = nbin: number of scans per bin
# name 27 = flag: flag
# span 0 =       8318,      63730       
# span 1 =    346.554,   2655.385       
# span 2 =      4.969,   1931.848       
# span 3 =      5.000,   1953.000       
# span 4 =     4.1805,    30.0491       
# span 5 =     4.1812,    30.0506       
# span 6 =   3.354754,   6.028003       
# span 7 =   3.354745,   6.028326       
# span 8 =     1.6275,     3.2056       
# span 9 =     1.3267,     2.7129       
# span 10 =       9.84,     101.20      
# span 11 =   21.67744,   21.68397      
# span 12 =  -85.90029,  -85.89228      
# span 13 =   -0.01154,    0.00715      
# span 14 =   -0.00959,    0.00698      
# span 15 =     2.6964,     5.2656      
# span 16 =     2.7136,     5.2762      
# span 17 =     4.0149,    30.0371      
# span 18 =     4.0156,    30.0387      
# span 19 =    34.9075,    37.0154      
# span 20 =    34.9070,    37.0169      
# span 21 =    22.6341,    27.7735      
# span 22 =    22.6345,    27.7728      
# span 23 =       0.00,    1549.94      
# span 24 =    117.242,    228.807      
# span 25 =    117.988,    229.269      
# span 26 =         30,         70      
# span 27 = 0.0000e+00, 0.0000e+00      
# interval = decibars: 1                
# start_time = Oct 16 2021 08:41:52 [NMEA time, header]
# bad_flag = -9.990e-29
*END*
[from data line 259]
      60806   2533.540   1919.048   1940.000     4.1846     4.1855   3.354793   3.354780     2.0277     1.6965      23.11   21.68384  -85.89966    0.00067    0.00044     5.2184     5.2353     4.0203     4.0211    34.9857    34.9847    27.7728    27.7719    1501.81    226.758    227.493         33 0.0000e+00
      60839   2534.920   1920.032   1941.000     4.1838     4.1847   3.354765   3.354769     2.0288     1.6975      22.21   21.68384  -85.89966    0.00067    0.00063     5.2237     5.2406     4.0194     4.0202    34.9858    34.9850    27.7729    27.7722    1501.81    226.988    227.722         33 0.0000e+00
      60872   2536.274   1921.017   1942.000     4.1837     4.1844   3.354797   3.354787     2.0296     1.6985      21.28   21.68384  -85.89966    0.00073    0.00075     5.2277     5.2454     4.0192     4.0199    34.9858    34.9849    27.7729    27.7722    1501.81    227.159    227.928         32 0.0000e+00
      60903   2537.590   1922.002   1943.000     4.1827     4.1837   3.354757   3.354762     2.0306     1.6996      20.22   21.68384  -85.89966    0.00072    0.00076     5.2325     5.2508     4.0181     4.0190    34.9859    34.9850    27.7731    27.7723    1501.80    227.367    228.166         31 0.0000e+00
      60935   2538.933   1922.987   1944.000     4.1822     4.1828   3.354756   3.354745     2.0313     1.7002      19.28   21.68384  -85.89966    0.00065    0.00067     5.2361     5.2544     4.0175     4.0181    34.9860    34.9852    27.7732    27.7725    1501.80    227.525    228.321         34 0.0000e+00
      60970   2540.358   1923.971   1945.000     4.1816     4.1824   3.354754   3.354748     2.0319     1.7006      18.27   21.68384  -85.89966    0.00057    0.00051     5.2392     5.2571     4.0168     4.0176    34.9861    34.9852    27.7734    27.7726    1501.80    227.660    228.437         34 0.0000e+00
      61003   2541.748   1924.956   1946.000     4.1816     4.1823   3.354790   3.354784     2.0329     1.7015      17.29   21.68384  -85.89966    0.00053    0.00042     5.2438     5.2615     4.0167     4.0174    34.9861    34.9852    27.7734    27.7727    1501.80    227.860    228.630         33 0.0000e+00
      61035   2543.078   1925.940   1947.000     4.1816     4.1824   3.354832   3.354834     2.0335     1.7021      16.39   21.68384  -85.89966    0.00050    0.00050     5.2467     5.2647     4.0166     4.0174    34.9861    34.9853    27.7734    27.7727    1501.80    227.986    228.768         31 0.0000e+00
      61068   2544.445   1926.925   1948.000     4.1813     4.1821   3.354847   3.354851     2.0343     1.7022      15.32   21.68384  -85.89966    0.00054    0.00040     5.2508     5.2659     4.0162     4.0170    34.9861    34.9853    27.7735    27.7727    1501.80    228.162    228.818         38 0.0000e+00
      61166   2548.559   1927.910   1949.000     4.1810     4.1820   3.354856   3.354869     2.0353     1.7028      14.05   21.68384  -85.89966    0.00035    0.00019     5.2554     5.2691     4.0158     4.0168    34.9860    34.9852    27.7734    27.7727    1501.80    228.365    228.960         31 0.0000e+00
      63730   2655.385   1931.848   1953.000     4.1805     4.1812   3.354962   3.354962     2.0371     1.7038       9.84   21.68397  -85.89965   -0.00001    0.00002     5.2656     5.2762     4.0149     4.0156    34.9859    34.9852    27.7735    27.7728    1501.79    228.807    229.269         30 0.0000e+00
