GOMECC/GOMECC-4/1db/drb2103_0841.cnv
* Sea-Bird SBE 9 Data File:
* FileName = C:\Users\scs.user.rb\CTD\GOMECC4\data\rb2103_0841.hex
* Software Version Seasave V 7.26.7.107
* Temperature SN = 4799
* Conductivity SN = 3860
* Number of Bytes Per Scan = 41
* Number of Voltage Words = 4
* Number of Scans Averaged by the Deck Unit = 1
* NMEA Latitude = 20 43.74 N
* NMEA Longitude = 094 44.99 W
* NMEA UTC (Time) = Oct 07 2021  16:02:53
* NMEA baud rate = 4800
# nquan = 28
# nvalues = 395                         
# units = specified
# name 0 = scan: Scan Count
# name 1 = timeS: Time, Elapsed [seconds]
# name 2 = depSM: Depth [salt water, m]
# name 3 = prDM: Pressure, Digiquartz [db]
# name 4 = t090C: Temperature [ITS-90, deg C]
# name 5 = t190C: Temperature, 2 [ITS-90, deg C]
# name 6 = c0S/m: Conductivity [S/m]
# name 7 = c1S/m: Conductivity, 2 [S/m]
# name 8 = sbeox0V: Oxygen raw, SBE 43 [V]
# name 9 = sbeox1V: Oxygen raw, SBE 43, 2 [V]
# name 10 = altM: Altimeter [m]
# name 11 = latitude: Latitude [deg]
# name 12 = longitude: Longitude [deg]
# name 13 = sbox0dV/dT: Oxygen, SBE 43 [dov/dt]
# name 14 = sbox1dV/dT: Oxygen, SBE 43, 2 [dov/dt]
# name 15 = sbeox0ML/L: Oxygen, SBE 43 [ml/l], WS = 5
# name 16 = sbeox1ML/L: Oxygen, SBE 43, 2 [ml/l], WS = 5
# name 17 = potemp090C: Potential Temperature [ITS-90, deg C]
# name 18 = potemp190C: Potential Temperature, 2 [ITS-90, deg C]
# name 19 = sal00: Salinity, Practical [PSU]
# name 20 = sal11: Salinity, Practical, 2 [PSU]
# name 21 = sigma-é00: Density [sigma-theta, kg/m^3]
# name 22 = sigma-é11: Density, 2 [sigma-theta, kg/m^3]
# name 23 = avgsvCM: Average Sound Velocity [Chen-Millero, m/s], minP = 20, minS = 20
# name 24 = sbox0Mm/Kg: Oxygen, SBE 43 [umol/kg], WS = 5
# name 25 = sbox1Mm/Kg: Oxygen, SBE 43, 2 [umol/kg], WS = 5
# name 26 = nbin: number of scans per bin
# name 27 = flag: flag
# span 0 =      12358,     102129       
# span 1 =    514.865,   4255.323       
# span 2 =      4.969,   3191.624       
# span 3 =      5.000,   3236.000       
# span 4 =     4.2646,    29.4639       
# span 5 =     4.2650,    29.4648       
# span 6 =   3.340327,   5.987241       
# span 7 =   3.340284,   5.987500       
# span 8 =     1.5701,     3.3074       
# span 9 =     1.2742,     2.8263       
# span 10 =       8.47,     101.06      
# span 11 =   20.72146,   20.73352      
# span 12 =  -94.77317,  -94.71799      
# span 13 =   -0.03364,    0.02949      
# span 14 =   -0.03095,    0.03039      
# span 15 =     2.4219,     4.9869      
# span 16 =     2.4421,     4.9962      
# span 17 =     4.0773,    29.4622      
# span 18 =     4.0783,    29.4629      
# span 19 =    34.9125,    36.5093      
# span 20 =    34.9120,    36.5108      
# span 21 =    22.9809,    27.7582      
# span 22 =    22.9815,    27.7568      
# span 23 =       0.00,    1546.38      
# span 24 =    105.312,    217.422      
# span 25 =    106.191,    217.826      
# span 26 =         30,         75      
# span 27 = 0.0000e+00, 0.0000e+00      
# interval = decibars: 1                
# start_time = Oct 07 2021 16:02:53 [NMEA time, header]
# bad_flag = -9.990e-29
*END*
      12358    514.865      4.969      5.000    29.4622    29.4631   5.986896   5.987155     3.1520     2.6703     100.00   20.72866  -94.75051    0.00063    0.00233     4.3345     4.3240    29.4609    29.4618    36.4280    36.4291    22.9812    22.9817       0.00    189.231    188.769         34 0.0000e+00
      12436    518.143      5.963      6.000    29.4629    29.4643   5.987038   5.987369     3.1530     2.6646     100.00   20.72866  -94.75052    0.00041   -0.00108     4.3368     4.3130    29.4615    29.4628    36.4281    36.4293    22.9811    22.9815       0.00    189.330    188.293         66 0.0000e+00
      12500    520.791      6.957      7.000    29.4639    29.4646   5.987211   5.987438     3.1494     2.6626     100.00   20.72866  -94.75052   -0.00076   -0.00117     4.3309     4.3096    29.4622    29.4629    36.4282    36.4293    22.9809    22.9815       0.00    189.073    188.143         64 0.0000e+00
      12571    523.744      7.951      8.000    29.4639    29.4648   5.987241   5.987500     3.1514     2.6633     100.00   20.72866  -94.75052   -0.00016   -0.00008     4.3349     4.3115    29.4620    29.4628    36.4282    36.4293    22.9809    22.9815       0.00    189.248    188.224         75 0.0000e+00
      12632    526.274      8.944      9.000    29.4627    29.4634   5.987116   5.987376     3.1510     2.6636     100.00   20.72866  -94.75052    0.00074    0.00149     4.3348     4.3128    29.4605    29.4612    36.4279    36.4292    22.9812    22.9819       0.00    189.245    188.281         50 0.0000e+00
      12702    529.200      9.938     10.000    29.4495    29.4527   5.985595   5.986157     3.1475     2.6592     100.00   20.72866  -94.75052   -0.00089   -0.00144     4.3307     4.3053    29.4470    29.4502    36.4270    36.4285    22.9851    22.9851       0.00    189.061    187.955         44 0.0000e+00
      12757    531.494     10.932     11.000    29.4470    29.4476   5.985322   5.985558     3.1471     2.6619     100.00   20.72866  -94.75052   -0.00112   -0.00051     4.3301     4.3116    29.4443    29.4449    36.4269    36.4281    22.9860    22.9866       0.00    189.037    188.228         47 0.0000e+00
      12813    533.814     11.926     12.000    29.4445    29.4479   5.985077   5.985681     3.1492     2.6672     100.00   20.72866  -94.75052    0.00097    0.00284     4.3346     4.3224    29.4415    29.4450    36.4269    36.4282    22.9869    22.9867       0.00    189.231    188.701         57 0.0000e+00
      12861    535.835     12.920     13.000    29.4450    29.4456   5.985201   5.985407     3.1487     2.6649     100.00   20.72866  -94.75052   -0.00010   -0.00014     4.3343     4.3186    29.4418    29.4424    36.4268    36.4279    22.9867    22.9874       0.00    189.220    188.534         47 0.0000e+00
      12911    537.930     13.914     14.000    29.4430    29.4442   5.984995   5.985296     3.1458     2.6673     100.00   20.72866  -94.75053   -0.00040    0.00021     4.3296     4.3239    29.4395    29.4407    36.4269    36.4280    22.9876    22.9880       0.00    189.013    188.767         48 0.0000e+00
      12955    539.736     14.907     15.000    29.4422    29.4435   5.984964   5.985265     3.1454     2.6655      79.56   20.72866  -94.75054   -0.00130    0.00036     4.3295     4.3210    29.4385    29.4398    36.4269    36.4280    22.9879    22.9883       0.00    189.010    188.641         45 0.0000e+00
      13007    541.935     15.901     16.000    29.4406    29.4419   5.984817   5.985125     3.1463     2.6639     100.60   20.72866  -94.75054    0.00033   -0.00091     4.3318     4.3185    29.4367    29.4380    36.4268    36.4279    22.9885    22.9889       0.00    189.112    188.530         55 0.0000e+00
      13056    543.955     16.895     17.000    29.4376    29.4393   5.984507   5.984865     3.1466     2.6629     100.00   20.72866  -94.75054    0.00032   -0.00071     4.3331     4.3172    29.4334    29.4351    36.4267    36.4279    22.9895    22.9898       0.00    189.168    188.472         44 0.0000e+00
      13101    545.820     17.889     18.000    29.4350    29.4365   5.984264   5.984580     3.1447     2.6650     100.00   20.72866  -94.75054   -0.00050    0.00050     4.3303     4.3220    29.4306    29.4321    36.4267    36.4277    22.9904    22.9907       0.00    189.046    188.684         48 0.0000e+00
      13153    547.996     18.882     19.000    29.4346    29.4340   5.984257   5.984335     3.1462     2.6613     100.00   20.72866  -94.75054    0.00004   -0.00074     4.3336     4.3154    29.4299    29.4293    36.4266    36.4276    22.9906    22.9916       0.00    189.191    188.392         53 0.0000e+00
      13200    549.971     19.876     20.000    29.4329    29.4341   5.984110   5.984387     3.1471     2.6601     100.00   20.72866  -94.75054    0.00054   -0.00071     4.3358     4.3135    29.4280    29.4292    36.4266    36.4276    22.9912    22.9916     759.91    189.286    188.312         43 0.0000e+00
      13246    551.865     20.870     21.000    29.4317    29.4330   5.984052   5.984347     3.1434     2.6621     100.00   20.72866  -94.75055   -0.00072   -0.00050     4.3298     4.3181    29.4265    29.4278    36.4268    36.4279    22.9919    22.9923    1525.46    189.021    188.512         51 0.0000e+00
      13297    553.998     21.863     22.000    29.4314    29.4325   5.984071   5.984340     3.1460     2.6632     100.00   20.72866  -94.75056   -0.00020    0.00150     4.3350     4.3207    29.4260    29.4271    36.4269    36.4279    22.9921    22.9926    1546.25    189.249    188.627         46 0.0000e+00
      13342    555.862     22.857     23.000    29.4317    29.4331   5.984154   5.984471     3.1447     2.6587     100.00   20.72866  -94.75056    0.00041   -0.00116     4.3332     4.3122    29.4260    29.4275    36.4270    36.4280    22.9922    22.9925    1546.25    189.169    188.256         49 0.0000e+00
      13393    558.014     23.851     24.000    29.4324    29.4340   5.984275   5.984608     3.1439     2.6622      81.08   20.72866  -94.75056   -0.00068   -0.00008     4.3322     4.3198    29.4265    29.4281    36.4269    36.4280    22.9920    22.9923    1546.26    189.129    188.585         50 0.0000e+00
      13439    559.926     24.845     25.000    29.4329    29.4342   5.984384   5.984687     3.1439     2.6623      99.89   20.72866  -94.75056   -0.00017    0.00107     4.3326     4.3204    29.4268    29.4281    36.4270    36.4281    22.9919    22.9924    1546.26    189.147    188.611         44 0.0000e+00
      13487    561.914     25.839     26.000    29.4324    29.4339   5.984365   5.984684     3.1441     2.6611     100.00   20.72866  -94.75056    0.00020   -0.00038     4.3336     4.3185    29.4260    29.4275    36.4269    36.4280    22.9922    22.9925    1546.26    189.187    188.530         53 0.0000e+00
      13539    564.101     26.832     27.000    29.4319    29.4338   5.984347   5.984718     3.1433     2.6622     100.00   20.72866  -94.75056   -0.00045    0.00028     4.3327     4.3212    29.4253    29.4272    36.4269    36.4280    22.9924    22.9926    1546.27    189.148    188.648         47 0.0000e+00
      13582    565.880     27.826     28.000    29.4322    29.4338   5.984415   5.984754     3.1440     2.6598     100.00   20.72866  -94.75056    0.00023   -0.00038     4.3345     4.3170    29.4253    29.4269    36.4269    36.4280    22.9924    22.9927    1546.27    189.229    188.463         43 0.0000e+00
      13632    567.941     28.819     29.000    29.4322    29.4339   5.984453   5.984801     3.1430     2.6619     100.00   20.72866  -94.75056   -0.00017   -0.00011     4.3332     4.3218    29.4251    29.4268    36.4268    36.4279    22.9924    22.9927    1546.28    189.171    188.674         56 0.0000e+00
      13686    570.189     29.813     30.000    29.4319    29.4333   5.984456   5.984764     3.1431     2.6610     100.00   20.72866  -94.75056   -0.00016    0.00020     4.3339     4.3205    29.4246    29.4260    36.4268    36.4278    22.9925    22.9929    1546.28    189.203    188.617         48 0.0000e+00
      13730    572.024     30.807     31.000    29.4303    29.4318   5.984295   5.984618     3.1430     2.6599     100.00   20.72866  -94.75056    0.00013   -0.00060     4.3345     4.3189    29.4227    29.4242    36.4266    36.4277    22.9930    22.9934    1546.28    189.226    188.549         44 0.0000e+00
      13779    574.102     31.801     32.000    29.4286    29.4304   5.984112   5.984484     3.1411     2.6600     100.00   20.72866  -94.75056   -0.00052   -0.00010     4.3317     4.3198    29.4207    29.4225    36.4263    36.4275    22.9935    22.9938    1546.29    189.105    188.585         52 0.0000e+00
      13826    576.061     32.794     33.000    29.4281    29.4295   5.984113   5.984415     3.1397     2.6560      81.16   20.72866  -94.75056   -0.00060   -0.00192     4.3296     4.3123    29.4200    29.4214    36.4264    36.4275    22.9938    22.9942    1546.30    189.016    188.260         47 0.0000e+00
      13881    578.313     33.788     34.000    29.4280    29.4295   5.984146   5.984461     3.1398     2.6577     100.78   20.72866  -94.75058   -0.00096    0.00047     4.3304     4.3162    29.4197    29.4212    36.4264    36.4274    22.9940    22.9942    1546.30    189.049    188.430         54 0.0000e+00
      13925    580.150     34.782     35.000    29.4281    29.4293   5.984194   5.984487     3.1412     2.6565     100.00   20.72866  -94.75058    0.00093    0.00032     4.3334     4.3145    29.4195    29.4207    36.4264    36.4275    22.9940    22.9944    1546.31    189.178    188.352         39 0.0000e+00
      13970    582.049     35.775     36.000    29.4275    29.4287   5.984175   5.984455     3.1407     2.6564      67.58   20.72866  -94.75058    0.00037   -0.00066     4.3331     4.3148    29.4186    29.4198    36.4264    36.4274    22.9943    22.9946    1546.31    189.167    188.366         54 0.0000e+00
      14022    584.217     36.769     37.000    29.4278    29.4293   5.984254   5.984563     3.1400     2.6569     100.14   20.72866  -94.75058   -0.00053    0.00048     4.3322     4.3161    29.4187    29.4202    36.4264    36.4274    22.9943    22.9945    1546.32    189.129    188.426         47 0.0000e+00
      14070    586.202     37.763     38.000    29.4279    29.4293   5.984321   5.984608     3.1393     2.6567     100.00   20.72866  -94.75058   -0.00035   -0.00017     4.3316     4.3164    29.4186    29.4199    36.4265    36.4274    22.9944    22.9946    1546.32    189.099    188.435         50 0.0000e+00
      14118    588.220     38.756     39.000    29.4279    29.4292   5.984340   5.984637     3.1388     2.6595      99.99   20.72866  -94.75058   -0.00011    0.00084     4.3313     4.3225    29.4183    29.4196    36.4264    36.4274    22.9944    22.9947    1546.33    189.086    188.705         44 0.0000e+00
      14163    590.072     39.750     40.000    29.4279    29.4292   5.984374   5.984686     3.1382     2.6572     100.00   20.72866  -94.75058   -0.00041    0.00019     4.3306     4.3183    29.4181    29.4193    36.4263    36.4275    22.9944    22.9948    1546.33    189.055    188.521         48 0.0000e+00
      14215    592.259     40.744     41.000    29.4281    29.4293   5.984464   5.984749     3.1367     2.6544      99.27   20.72866  -94.75058   -0.00047   -0.00126     4.3284     4.3133    29.4180    29.4193    36.4265    36.4275    22.9945    22.9949    1546.34    188.963    188.301         55 0.0000e+00
      14265    594.320     41.737     42.000    29.4279    29.4293   5.984496   5.984787     3.1378     2.6536      82.48   20.72866  -94.75060   -0.00010   -0.00084     4.3309     4.3123    29.4176    29.4190    36.4265    36.4275    22.9947    22.9950    1546.35    189.070    188.257         44 0.0000e+00
      14309    596.156     42.731     43.000    29.4280    29.4295   5.984546   5.984847     3.1373     2.6546      99.90   20.72866  -94.75060    0.00006   -0.00005     4.3306     4.3148    29.4175    29.4190    36.4265    36.4274    22.9947    22.9949    1546.35    189.058    188.366         45 0.0000e+00
      14355    598.095     43.725     44.000    29.4266    29.4278   5.984393   5.984680     3.1379     2.6531     100.00   20.72866  -94.75060    0.00025    0.00011     4.3322     4.3123    29.4158    29.4170    36.4262    36.4272    22.9951    22.9955    1546.36    189.128    188.259         50 0.0000e+00
      14412    600.470     44.718     45.000    29.4209    29.4220   5.983804   5.984132     3.1353     2.6531     100.00   20.72866  -94.75060   -0.00051   -0.00053     4.3288     4.3131    29.4099    29.4110    36.4259    36.4271    22.9968    22.9974    1546.37    188.978    188.294         55 0.0000e+00
      14456    602.273     45.712     46.000    29.4182    29.4190   5.983514   5.983770     3.1351     2.6551     100.00   20.72866  -94.75060   -0.00108    0.00046     4.3290     4.3180    29.4069    29.4077    36.4259    36.4271    22.9979    22.9985    1546.37    188.984    188.508         39 0.0000e+00
      14500    604.123     46.706     47.000    29.4156    29.4172   5.983259   5.983593     3.1368     2.6551     100.00   20.72866  -94.75060    0.00045    0.00047     4.3327     4.3187    29.4041    29.4057    36.4259    36.4269    22.9988    22.9991    1546.38    189.146    188.538         52 0.0000e+00
      14554    606.380     47.699     48.000    29.4110    29.4123   5.982781   5.983085     3.1366     2.6566     100.00   20.72866  -94.75060    0.00039    0.00073     4.3331     4.3225    29.3993    29.4006    36.4257    36.4268    23.0004    23.0007    1546.38    189.166    188.701         51 0.0000e+00
      14603    608.409     48.693     49.000    28.8653    28.9231   5.918247   5.926179     3.1319     2.6512     100.00   20.72866  -94.75060   -0.00098   -0.00109     4.3682     4.3467    28.8535    28.9112    36.3945    36.4055    23.1599    23.1489    1546.38    190.667    189.732         47 0.0000e+00
      14649    610.317     49.687     50.000    28.0042    28.0123   5.823197   5.824748     3.1718     2.7004     100.00   20.72866  -94.75060    0.00477    0.00723     4.5086     4.5147    27.9923    28.0005    36.3915    36.3961    23.4440    23.4448    1546.33    196.739    197.009         46 0.0000e+00
      14696    612.279     50.680     51.000    27.7706    27.7781   5.797729   5.799107     3.2327     2.7556      90.53   20.72866  -94.75060    0.02949    0.03039     4.6402     4.6459    27.7586    27.7661    36.3921    36.3960    23.5210    23.5215    1546.28    202.471    202.718         49 0.0000e+00
      14747    614.420     51.674     52.000    27.4068    27.4136   5.757830   5.759128     3.2492     2.7702     100.02   20.72866  -94.75060    0.01707    0.01543     4.7017     4.7047    27.3947    27.4014    36.3910    36.3950    23.6386    23.6395    1546.21    205.129    205.261         53 0.0000e+00
      14795    616.420     52.667     53.000    27.0203    27.0474   5.714976   5.717229     3.2572     2.7766     100.00   20.72866  -94.75060    0.00619    0.00513     4.7503     4.7506    27.0081    27.0352    36.3861    36.3930    23.7595    23.7560    1546.13    207.224    207.239         43 0.0000e+00
      14842    618.356     53.661     54.000    26.3240    26.3308   5.635020   5.636395     3.2699     2.7951      99.77   20.72866  -94.75060    0.00388    0.00487     4.8352     4.8454    26.3118    26.3185    36.3558    36.3604    23.9585    23.9599    1546.02    210.889    211.331         50 0.0000e+00
      14889    620.330     54.655     55.000    26.1327    26.1379   5.613169   5.614242     3.2962     2.8201     100.00   20.72866  -94.75060    0.01075    0.01214     4.9024     4.9144    26.1203    26.1255    36.3476    36.3514    24.0127    24.0139    1545.91    213.805    214.332         46 0.0000e+00
