GOMECC/GOMECC-4/1db/drb2103_0301.cnv
* Sea-Bird SBE 9 Data File:
* FileName = C:\Users\scs.user.rb\CTD\GOMECC4\data\rb2103_0301.hex
* Software Version Seasave V 7.26.7.107
* Temperature SN = 4799
* Conductivity SN = 3860
* Number of Bytes Per Scan = 41
* Number of Voltage Words = 4
* Number of Scans Averaged by the Deck Unit = 1
* NMEA Latitude = 27 00.64 N
* NMEA Longitude = 086 59.98 W
* NMEA UTC (Time) = Sep 22 2021  07:53:47
* NMEA baud rate = 4800
# nquan = 28
# nvalues = 233                         
# units = specified
# name 0 = scan: Scan Count
# name 1 = timeS: Time, Elapsed [seconds]
# name 2 = depSM: Depth [salt water, m]
# name 3 = prDM: Pressure, Digiquartz [db]
# name 4 = t090C: Temperature [ITS-90, deg C]
# name 5 = t190C: Temperature, 2 [ITS-90, deg C]
# name 6 = c0S/m: Conductivity [S/m]
# name 7 = c1S/m: Conductivity, 2 [S/m]
# name 8 = sbeox0V: Oxygen raw, SBE 43 [V]
# name 9 = sbeox1V: Oxygen raw, SBE 43, 2 [V]
# name 10 = altM: Altimeter [m]
# name 11 = latitude: Latitude [deg]
# name 12 = longitude: Longitude [deg]
# name 13 = sbox0dV/dT: Oxygen, SBE 43 [dov/dt]
# name 14 = sbox1dV/dT: Oxygen, SBE 43, 2 [dov/dt]
# name 15 = sbeox0ML/L: Oxygen, SBE 43 [ml/l], WS = 5
# name 16 = sbeox1ML/L: Oxygen, SBE 43, 2 [ml/l], WS = 5
# name 17 = potemp090C: Potential Temperature [ITS-90, deg C]
# name 18 = potemp190C: Potential Temperature, 2 [ITS-90, deg C]
# name 19 = sal00: Salinity, Practical [PSU]
# name 20 = sal11: Salinity, Practical, 2 [PSU]
# name 21 = sigma-é00: Density [sigma-theta, kg/m^3]
# name 22 = sigma-é11: Density, 2 [sigma-theta, kg/m^3]
# name 23 = avgsvCM: Average Sound Velocity [Chen-Millero, m/s], minP = 20, minS = 20
# name 24 = sbox0Mm/Kg: Oxygen, SBE 43 [umol/kg], WS = 5
# name 25 = sbox1Mm/Kg: Oxygen, SBE 43, 2 [umol/kg], WS = 5
# name 26 = nbin: number of scans per bin
# name 27 = flag: flag
# span 0 =      10050,      92303       
# span 1 =    418.722,   3845.914       
# span 2 =      6.954,   2921.978       
# span 3 =      7.000,   2962.000       
# span 4 =     4.2829,    28.8951       
# span 5 =     4.2834,    28.8958       
# span 6 =   3.344015,   5.866561       
# span 7 =   3.343943,   5.866846       
# span 8 =     1.6274,     3.1150       
# span 9 =     1.3321,     2.6542       
# span 10 =      13.58,     100.21      
# span 11 =   26.99458,   27.00986      
# span 12 =  -86.99968,  -86.99386      
# span 13 =   -0.04189,    0.01998      
# span 14 =   -0.03928,    0.01967      
# span 15 =     2.5426,     4.7119      
# span 16 =     2.5790,     4.7452      
# span 17 =     4.0805,    28.8932      
# span 18 =     4.0816,    28.8938      
# span 19 =    34.9361,    36.8868      
# span 20 =    34.9349,    36.8865      
# span 21 =    22.7037,    27.7587      
# span 22 =    22.7018,    27.7571      
# span 23 =       0.00,    1544.53      
# span 24 =    110.555,    204.748      
# span 25 =    112.137,    206.196      
# span 26 =         30,         71      
# span 27 = 0.0000e+00, 0.0000e+00      
# interval = decibars: 1                
# start_time = Sep 22 2021 07:53:47 [NMEA time, header]
# bad_flag = -9.990e-29
*END*
[from data line 156]
      16244    676.779    161.864    163.000    20.5606    20.5619   5.040679   5.040815     2.2477     1.8851     100.00   27.00785  -86.99922   -0.00579   -0.00446     3.2670     3.2894    20.5297    20.5310    36.5001    36.5001    25.7645    25.7642    1540.32    142.238    143.215         33 0.0000e+00
      16277    678.181    162.857    164.000    20.5311    20.5322   5.040268   5.040408     2.2423     1.8817     100.00   27.00784  -86.99922   -0.00386   -0.00260     3.2573     3.2831    20.5000    20.5011    36.5219    36.5221    25.7891    25.7890    1540.23    141.812    142.939         34 0.0000e+00
      16310    679.543    163.849    165.000    20.4830    20.4890   5.036232   5.036608     2.2348     1.8729      94.06   27.00782  -86.99922   -0.00403   -0.00321     3.2436     3.2658    20.4517    20.4577    36.5273    36.5274    25.8063    25.8048    1540.15    141.216    142.180         31 0.0000e+00
      16342    680.875    164.842    166.000    20.4539    20.4567   5.033209   5.033555     2.2244     1.8658      99.98   27.00781  -86.99922   -0.00561   -0.00501     3.2245     3.2508    20.4225    20.4253    36.5301    36.5305    25.8163    25.8159    1540.07    140.384    141.527         33 0.0000e+00
      16375    682.244    165.835    167.000    20.4150    20.4156   5.029810   5.029890     2.2171     1.8592      81.02   27.00780  -86.99920   -0.00670   -0.00571     3.2122     3.2384    20.3845    20.3842    36.5346    36.5347    25.8300    25.8299    1540.00    139.845    140.985         33 0.0000e+00
      16408    683.610    166.827    168.000    20.3248    20.3269   5.020178   5.020388     2.2089     1.8520      93.57   27.00779  -86.99920   -0.00614   -0.00523     3.1978     3.2245    20.2931    20.2952    36.5343    36.5342    25.8543    25.8537    1539.92    139.214    140.376         32 0.0000e+00
      16440    684.966    167.820    169.000    20.2623    20.2634   5.013364   5.013660     2.2005     1.8432     100.04   27.00778  -86.99920   -0.00576   -0.00535     3.1864     3.2102    20.2305    20.2316    36.5322    36.5337    25.8695    25.8704    1539.84    138.715    139.750         33 0.0000e+00
      16473    686.353    168.813    170.000    20.2020    20.2040   5.006970   5.007183     2.1912     1.8316     100.00   27.00776  -86.99920   -0.00634   -0.00674     3.1706     3.1866    20.1701    20.1720    36.5316    36.5317    25.8853    25.8848    1539.76    138.027    138.724         34 0.0000e+00
      16507    687.731    169.805    171.000    20.1470    20.1487   5.001073   5.001293     2.1821     1.8243      93.66   27.00775  -86.99920   -0.00653   -0.00723     3.1548     3.1731    20.1149    20.1167    36.5305    36.5309    25.8991    25.8989    1539.68    137.337    138.134         32 0.0000e+00
      16539    689.087    170.798    172.000    20.1016    20.1034   4.996218   4.996427     2.1738     1.8188      73.16   27.00774  -86.99920   -0.00654   -0.00576     3.1401     3.1631    20.0694    20.0712    36.5297    36.5298    25.9106    25.9102    1539.60    136.697    137.695         33 0.0000e+00
      16571    690.412    171.790    173.000    20.0287    20.0309   4.988366   4.988556     2.1676     1.8129      99.90   27.00772  -86.99920   -0.00587   -0.00434     3.1317     3.1539    19.9964    19.9986    36.5279    36.5275    25.9287    25.9278    1539.53    136.326    137.291         31 0.0000e+00
      16603    691.748    172.783    174.000    19.8430    19.8496   4.968382   4.968522     2.1580     1.8022     100.00   27.00772  -86.99918   -0.00559   -0.00496     3.1197     3.1372    19.8107    19.8176    36.5240    36.5236    25.9750    25.9742    1539.45    135.798    136.559         33 0.0000e+00
      16638    693.189    173.776    175.000    19.7191    19.7222   4.954505   4.954742     2.1445     1.7895     100.00   27.00770  -86.99918   -0.00718   -0.00741     3.1017     3.1170    19.6868    19.6899    36.5167    36.5159    26.0021    26.0007    1539.37    135.009    135.678         35 0.0000e+00
      16671    694.569    174.768    176.000    19.5711    19.5746   4.937547   4.937736     2.1304     1.7776     100.00   27.00769  -86.99918   -0.00912   -0.00870     3.0805     3.0977    19.5388    19.5423    36.5048    36.5033    26.0319    26.0298    1539.28    134.085    134.832         31 0.0000e+00
      16701    695.850    175.761    177.000    19.4342    19.4362   4.922085   4.922281     2.1162     1.7635     100.00   27.00768  -86.99918   -0.01024   -0.00938     3.0584     3.0723    19.4019    19.4039    36.4953    36.4953    26.0604    26.0599    1539.20    133.120    133.725         32 0.0000e+00
      16736    697.279    176.753    178.000    19.3759    19.3775   4.915588   4.915766     2.1029     1.7529     100.00   27.00766  -86.99918   -0.01046   -0.00958     3.0333     3.0507    19.3434    19.3451    36.4919    36.4919    26.0731    26.0727    1539.12    132.023    132.783         36 0.0000e+00
      16770    698.690    177.746    179.000    19.2938    19.2957   4.906366   4.906513     2.0942     1.7466     100.00   27.00765  -86.99918   -0.00899   -0.00742     3.0195     3.0407    19.2613    19.2632    36.4864    36.4859    26.0902    26.0894    1539.03    131.422    132.347         31 0.0000e+00
      16800    699.944    178.738    180.000    19.2002    19.2024   4.895640   4.895793     2.0876     1.7406     100.00   27.00764  -86.99918   -0.00678   -0.00526     3.0112     3.0322    19.1676    19.1698    36.4783    36.4777    26.1084    26.1073    1538.95    131.059    131.972         31 0.0000e+00
      16833    701.323    179.731    181.000    19.1171    19.1185   4.886212   4.886331     2.0797     1.7346     100.00   27.00764  -86.99918   -0.00555   -0.00449     2.9992     3.0228    19.0844    19.0858    36.4719    36.4717    26.1250    26.1244    1538.87    130.535    131.563         35 0.0000e+00
      16868    702.806    180.723    182.000    18.9725    18.9737   4.869442   4.869414     2.0722     1.7282     100.00   27.00762  -86.99916   -0.00545   -0.00447     2.9921     3.0164    18.9397    18.9410    36.4577    36.4564    26.1514    26.1500    1538.78    130.223    131.278         34 0.0000e+00
      16901    704.149    181.716    183.000    18.8932    18.8939   4.860341   4.860438     2.0655     1.7232     100.00   27.00760  -86.99916   -0.00527   -0.00421     2.9824     3.0093    18.8604    18.8611    36.4505    36.4507    26.1662    26.1661    1538.69    129.798    130.970         32 0.0000e+00
      16932    705.465    182.708    184.000    18.8259    18.8291   4.852554   4.852855     2.0608     1.7187     100.00   27.00760  -86.99916   -0.00466   -0.00380     2.9767     3.0024    18.7930    18.7962    36.4438    36.4435    26.1783    26.1772    1538.61    129.547    130.666         32 0.0000e+00
      16964    706.802    183.701    185.000    18.7414    18.7428   4.842766   4.842827     2.0561     1.7134     100.00   27.00759  -86.99915   -0.00389   -0.00354     2.9718     2.9951    18.7084    18.7098    36.4352    36.4345    26.1933    26.1925    1538.52    129.333    130.347         32 0.0000e+00
      16998    708.202    184.694    186.000    18.6434    18.6451   4.831440   4.831624     2.0506     1.7080     100.00   27.00756  -86.99914   -0.00362   -0.00390     2.9660     2.9881    18.6104    18.6121    36.4255    36.4255    26.2108    26.2104    1538.44    129.077    130.038         35 0.0000e+00
      17033    709.677    185.686    187.000    18.5546    18.5553   4.821159   4.821195     2.0445     1.7060     100.00   27.00756  -86.99914   -0.00395   -0.00321     2.9582     2.9888    18.5215    18.5222    36.4164    36.4161    26.2265    26.2260    1538.35    128.737    130.069         35 0.0000e+00
      17066    711.023    186.679    188.000    18.4635    18.4650   4.810628   4.810669     2.0399     1.7017      94.69   27.00755  -86.99914   -0.00393   -0.00221     2.9540     2.9840    18.4304    18.4319    36.4072    36.4062    26.2424    26.2413    1538.26    128.551    129.856         30 0.0000e+00
      17097    712.317    187.671    189.000    18.3334    18.3359   4.795612   4.795752     2.0356     1.6987      93.93   27.00754  -86.99914   -0.00362   -0.00246     2.9527     2.9846    18.3002    18.3027    36.3942    36.3932    26.2653    26.2639    1538.17    128.493    129.882         32 0.0000e+00
      17130    713.697    188.664    190.000    18.2102    18.2080   4.781079   4.780730     2.0311     1.6933     100.04   27.00752  -86.99914   -0.00328   -0.00298     2.9507     2.9792    18.1770    18.1748    36.3791    36.3780    26.2846    26.2844    1538.08    128.404    129.643         34 0.0000e+00
      17164    715.114    189.656    191.000    18.0879    18.0877   4.766837   4.766701     2.0259     1.6883     100.00   27.00750  -86.99914   -0.00335   -0.00340     2.9469     2.9744    18.0547    18.0545    36.3654    36.3645    26.3047    26.3041    1537.99    128.235    129.434         34 0.0000e+00
      17198    716.528    190.649    192.000    17.9902    17.9901   4.755489   4.755336     2.0210     1.6838      99.62   27.00749  -86.99913   -0.00358   -0.00367     2.9422     2.9695    17.9570    17.9569    36.3546    36.3534    26.3207    26.3198    1537.90    128.029    129.217         34 0.0000e+00
      17231    717.897    191.641    193.000    17.8785    17.8793   4.742485   4.742524     2.0161     1.6811      74.63   27.00748  -86.99912   -0.00358   -0.00295     2.9386     2.9697    17.8452    17.8460    36.3420    36.3416    26.3388    26.3383    1537.81    127.868    129.223         32 0.0000e+00
      17262    719.197    192.634    194.000    17.7549    17.7546   4.728047   4.727750     2.0117     1.6760      99.78   27.00746  -86.99912   -0.00348   -0.00265     2.9367     2.9651    17.7216    17.7213    36.3274    36.3251    26.3581    26.3564    1537.71    127.786    129.020         31 0.0000e+00
      17295    720.589    193.626    195.000    17.6191    17.6187   4.712232   4.712085     2.0063     1.6709     100.00   27.00746  -86.99912   -0.00358   -0.00332     2.9332     2.9607    17.5858    17.5854    36.3116    36.3108    26.3793    26.3788    1537.62    127.629    128.828         36 0.0000e+00
      17332    722.109    194.619    196.000    17.4631    17.4614   4.694030   4.693571     2.0013     1.6674     100.00   27.00745  -86.99912   -0.00358   -0.00340     2.9321     2.9617    17.4298    17.4282    36.2931    36.2906    26.4033    26.4018    1537.52    127.578    128.869         35 0.0000e+00
      17364    723.469    195.611    197.000    17.2994    17.2993   4.674963   4.674835     1.9958     1.6622      67.67   27.00743  -86.99911   -0.00358   -0.00292     2.9301     2.9590    17.2662    17.2661    36.2736    36.2726    26.4281    26.4274    1537.43    127.490    128.745         31 0.0000e+00
      17394    724.711    196.604    198.000    17.2105    17.2102   4.664584   4.664446     1.9915     1.6595      96.92   27.00742  -86.99910   -0.00371   -0.00298     2.9262     2.9578    17.1773    17.1770    36.2625    36.2616    26.4411    26.4405    1537.33    127.319    128.693         30 0.0000e+00
      17427    726.079    197.596    199.000    17.1323    17.1316   4.655609   4.655462     1.9875     1.6569     100.03   27.00741  -86.99910   -0.00355   -0.00262     2.9223     2.9564    17.0990    17.0983    36.2541    36.2534    26.4535    26.4531    1537.23    127.147    128.631         34 0.0000e+00
      17460    727.470    198.589    200.000    17.0503    17.0514   4.646010   4.646090     1.9842     1.6522     100.00   27.00739  -86.99910   -0.00288   -0.00232     2.9203     2.9499    17.0169    17.0181    36.2434    36.2431    26.4650    26.4645    1537.13    127.057    128.345         32 0.0000e+00
      17545    731.019    201.566    203.000    16.5628    16.5624   4.588874   4.588581     1.9685     1.6373      99.99   27.00573  -86.99386   -0.00426   -0.00418     2.9159     2.9429    16.5296    16.5292    36.1786    36.1764    26.5309    26.5294    1536.74    126.860    128.035         30 0.0000e+00
      23282    970.055    415.823    419.000    10.0255    10.0257   3.850786   3.850702     1.6274     1.3321     100.00   27.00508  -86.99790    0.00025    0.00059     2.5426     2.5790     9.9762     9.9763    35.2102    35.2092    27.1203    27.1195    1519.80    110.555    112.137         30 0.0000e+00
      37353   1556.323    958.409    967.000     5.0375     5.0380   3.386600   3.386544     1.8687     1.5592     100.00   27.00290  -86.99910    0.00035    0.00043     3.9448     3.9957     4.9562     4.9567    34.9361    34.9349    27.6297    27.6288    1502.40    171.439    173.648         30 0.0000e+00
      39640   1651.633   1044.419   1054.000     4.7372     4.7376   3.364188   3.364134     1.9156     1.6024     100.00   27.00212  -86.99786    0.00026    0.00003     4.1873     4.2385     4.6504     4.6507    34.9469    34.9460    27.6733    27.6725    1501.09    181.968    184.195         30 0.0000e+00
      47153   1964.676   1325.930   1339.000     4.3615     4.3618   3.344015   3.343943     1.9682     1.6504     100.00   27.00090  -86.99800   -0.00000    0.00006     4.5843     4.6354     4.2521     4.2524    34.9644    34.9633    27.7311    27.7302    1498.37    199.210    201.432         30 0.0000e+00
      56686   2361.866   1684.927   1703.000     4.2829     4.2834   3.352623   3.352548     1.9358     1.6190      99.94   26.99936  -86.99872   -0.00012   -0.00003     4.6916     4.7389     4.1403     4.1408    34.9703    34.9690    27.7478    27.7467    1497.23    203.870    205.927         30 0.0000e+00
      87656   3652.290   2890.623   2930.000     4.3525     4.3535   3.407525   3.407465     1.7635     1.4555      46.05   26.99458  -86.99668   -0.00002   -0.00008     4.7117     4.7452     4.0806     4.0816    34.9752    34.9735    27.7580    27.7565    1500.96    204.743    206.196         32 0.0000e+00
      87704   3654.292   2891.603   2931.000     4.3527     4.3537   3.407626   3.407560     1.7631     1.4553      44.83   26.99506  -86.99822   -0.00011   -0.00005     4.7105     4.7447     4.0806     4.0817    34.9758    34.9739    27.7585    27.7569    1500.99    204.691    206.175         39 0.0000e+00
      87784   3657.622   2892.583   2932.000     4.3528     4.3539   3.407682   3.407614     1.7632     1.4549      43.62   26.99504  -86.99822    0.00002   -0.00015     4.7117     4.7432     4.0807     4.0817    34.9758    34.9739    27.7585    27.7569    1501.00    204.741    206.111         51 0.0000e+00
      87825   3659.319   2893.563   2933.000     4.3529     4.3539   3.407732   3.407665     1.7631     1.4544      42.98   26.99504  -86.99822   -0.00005   -0.00016     4.7119     4.7416     4.0807     4.0817    34.9759    34.9740    27.7585    27.7570    1501.01    204.748    206.039         37 0.0000e+00
      87865   3660.980   2894.543   2934.000     4.3530     4.3540   3.407772   3.407712     1.7628     1.4542      41.83   26.99504  -86.99822   -0.00010   -0.00019     4.7111     4.7411     4.0806     4.0817    34.9758    34.9741    27.7585    27.7570    1501.01    204.714    206.018         43 0.0000e+00
      87907   3662.737   2895.523   2935.000     4.3531     4.3541   3.407824   3.407758     1.7626     1.4539      40.90   26.99504  -86.99822   -0.00008   -0.00020     4.7105     4.7402     4.0806     4.0816    34.9759    34.9740    27.7586    27.7570    1501.02    204.690    205.979         39 0.0000e+00
      87944   3664.289   2896.503   2936.000     4.3532     4.3542   3.407877   3.407806     1.7626     1.4541      39.96   26.99504  -86.99822   -0.00008   -0.00006     4.7113     4.7419     4.0806     4.0816    34.9759    34.9741    27.7586    27.7570    1501.02    204.723    206.053         36 0.0000e+00
