GOMECC/GOMECC-4/1db/drb2103_0021.cnv
* Sea-Bird SBE 9 Data File:
* FileName = C:\Users\scs.user.rb\CTD\GOMECC4\data\rb1203_002.hex
* Software Version Seasave V 7.26.7.107
* Temperature SN = 4799
* Conductivity SN = 3860
* Number of Bytes Per Scan = 41
* Number of Voltage Words = 4
* Number of Scans Averaged by the Deck Unit = 1
* NMEA Latitude = 27 00.26 N
* NMEA Longitude = 079 40.70 W
* NMEA UTC (Time) = Sep 14 2021  18:19:26
* NMEA baud rate = 4800
# nquan = 28
# nvalues = 266                         
# units = specified
# name 0 = scan: Scan Count
# name 1 = timeS: Time, Elapsed [seconds]
# name 2 = depSM: Depth [salt water, m]
# name 3 = prDM: Pressure, Digiquartz [db]
# name 4 = t090C: Temperature [ITS-90, deg C]
# name 5 = t190C: Temperature, 2 [ITS-90, deg C]
# name 6 = c0S/m: Conductivity [S/m]
# name 7 = c1S/m: Conductivity, 2 [S/m]
# name 8 = sbeox0V: Oxygen raw, SBE 43 [V]
# name 9 = sbeox1V: Oxygen raw, SBE 43, 2 [V]
# name 10 = altM: Altimeter [m]
# name 11 = latitude: Latitude [deg]
# name 12 = longitude: Longitude [deg]
# name 13 = sbox0dV/dT: Oxygen, SBE 43 [dov/dt]
# name 14 = sbox1dV/dT: Oxygen, SBE 43, 2 [dov/dt]
# name 15 = sbeox0ML/L: Oxygen, SBE 43 [ml/l], WS = 5
# name 16 = sbeox1ML/L: Oxygen, SBE 43, 2 [ml/l], WS = 5
# name 17 = potemp090C: Potential Temperature [ITS-90, deg C]
# name 18 = potemp190C: Potential Temperature, 2 [ITS-90, deg C]
# name 19 = sal00: Salinity, Practical [PSU]
# name 20 = sal11: Salinity, Practical, 2 [PSU]
# name 21 = sigma-é00: Density [sigma-theta, kg/m^3]
# name 22 = sigma-é11: Density, 2 [sigma-theta, kg/m^3]
# name 23 = avgsvCM: Average Sound Velocity [Chen-Millero, m/s], minP = 20, minS = 20
# name 24 = sbox0Mm/Kg: Oxygen, SBE 43 [umol/kg], WS = 5
# name 25 = sbox1Mm/Kg: Oxygen, SBE 43, 2 [umol/kg], WS = 5
# name 26 = nbin: number of scans per bin
# name 27 = flag: flag
# span 0 =      30707,      51324       
# span 1 =   1279.399,   2138.474       
# span 2 =      4.967,    533.768       
# span 3 =      5.000,    538.000       
# span 4 =     7.2808,    29.7120       
# span 5 =     7.2839,    29.7116       
# span 6 =   3.574554,   5.977267       
# span 7 =   3.574782,   5.977478       
# span 8 =     1.6418,     3.1779       
# span 9 =     1.3501,     2.7095       
# span 10 =       5.71,     100.45      
# span 11 =   26.99500,   27.01853      
# span 12 =  -79.72514,  -79.66658      
# span 13 =   -0.02776,    0.00598      
# span 14 =   -0.02835,    0.00698      
# span 15 =     2.6351,     4.4839      
# span 16 =     2.6781,     4.5059      
# span 17 =     7.2281,    29.7105      
# span 18 =     7.2312,    29.7101      
# span 19 =    34.9484,    37.0424      
# span 20 =    34.9479,    37.0439      
# span 21 =    22.7049,    27.3536      
# span 22 =    22.7064,    27.3526      
# span 23 =       0.00,    1546.37      
# span 24 =    114.581,    195.714      
# span 25 =    116.447,    196.660      
# span 26 =         30,         67      
# span 27 = 0.0000e+00, 0.0000e+00      
# interval = decibars: 1                
# start_time = Sep 14 2021 18:19:26 [NMEA time, header]
# bad_flag = -9.990e-29
*END*
      30707   1279.399      4.967      5.000    29.7022    29.7015   5.976134   5.976364     3.1553     2.6791      97.08   26.99890  -79.68127   -0.00116    0.00062     4.3284     4.3304    29.7010    29.7003    36.1732    36.1751    22.7082    22.7099       0.00    189.013    189.100         40 0.0000e+00
      30773   1282.165      5.960      6.000    29.7120    29.7116   5.977267   5.977478     3.1561     2.6787      94.58   26.99890  -79.68128    0.00027    0.00170     4.3295     4.3294    29.7105    29.7101    36.1731    36.1748    22.7049    22.7064       0.00    189.064    189.058         57 0.0000e+00
      30827   1284.422      6.954      7.000    29.6911    29.6970   5.975162   5.975997     3.1565     2.6789      78.46   26.99892  -79.68128    0.00031   -0.00030     4.3323     4.3313    29.6893    29.6953    36.1741    36.1754    22.7129    22.7118       0.00    189.185    189.141         53 0.0000e+00
      30879   1286.571      7.947      8.000    29.6084    29.6386   5.966963   5.970133     3.1538     2.6791      99.67   26.99893  -79.68128   -0.00077   -0.00023     4.3342     4.3367    29.6065    29.6366    36.1808    36.1793    22.7461    22.7347       0.00    189.259    189.370         52 0.0000e+00
      30934   1288.876      8.941      9.000    29.5595    29.5780   5.962687   5.964618     3.1539     2.6783     100.00   26.99894  -79.68130   -0.00070    0.00001     4.3384     4.3394    29.5573    29.5758    36.1870    36.1864    22.7675    22.7608       0.00    189.442    189.483         55 0.0000e+00
      30985   1291.016      9.934     10.000    29.5558    29.5569   5.962700   5.963071     3.1566     2.6781     100.00   26.99895  -79.68130    0.00121   -0.00028     4.3439     4.3409    29.5533    29.5545    36.1897    36.1913    22.7708    22.7717       0.00    189.680    189.549         50 0.0000e+00
      31041   1293.340     10.927     11.000    29.5554    29.5562   5.963294   5.963491     3.1539     2.6794     100.00   26.99896  -79.68131   -0.00019    0.00048     4.3397     4.3441    29.5527    29.5535    36.1937    36.1944    22.7741    22.7743       0.00    189.495    189.686         60 0.0000e+00
      31095   1295.582     11.921     12.000    29.5535    29.5550   5.964582   5.964765     3.1499     2.6792     100.00   26.99898  -79.68132   -0.00208   -0.00003     4.3329     4.3439    29.5505    29.5520    36.2035    36.2035    22.7821    22.7817       0.00    189.196    189.677         47 0.0000e+00
      31144   1297.610     12.914     13.000    29.5488    29.5501   5.964548   5.964918     3.1495     2.6816     100.00   26.99898  -79.68132   -0.00074    0.00082     4.3330     4.3496    29.5456    29.5469    36.2067    36.2083    22.7863    22.7870       0.00    189.201    189.925         55 0.0000e+00
      31204   1300.141     13.908     14.000    29.5474    29.5483   5.964590   5.964972     3.1488     2.6758     100.00   26.99900  -79.68133   -0.00025   -0.00125     4.3323     4.3387    29.5439    29.5449    36.2078    36.2097    22.7876    22.7887       0.00    189.169    189.447         60 0.0000e+00
      31256   1302.309     14.901     15.000    29.5477    29.5484   5.964701   5.965061     3.1500     2.6784     100.00   26.99901  -79.68134   -0.00008   -0.00083     4.3349     4.3443    29.5440    29.5447    36.2080    36.2099    22.7877    22.7890       0.00    189.284    189.692         47 0.0000e+00
      31309   1304.496     15.894     16.000    29.5473    29.5481   5.965097   5.965419     3.1497     2.6799     100.00   26.99902  -79.68135    0.00055    0.00136     4.3349     4.3477    29.5434    29.5442    36.2107    36.2123    22.7900    22.7909       0.00    189.283    189.842         61 0.0000e+00
      31366   1306.883     16.888     17.000    29.5472    29.5482   5.965331   5.965648     3.1478     2.6754     100.00   26.99903  -79.68136   -0.00106   -0.00094     4.3320     4.3394    29.5430    29.5440    36.2121    36.2135    22.7911    22.7919       0.00    189.157    189.478         50 0.0000e+00
      31416   1308.970     17.881     18.000    29.5471    29.5479   5.965410   5.965795     3.1475     2.6758     100.00   26.99904  -79.68136   -0.00012   -0.00137     4.3320     4.3406    29.5427    29.5435    36.2124    36.2145    22.7915    22.7928       0.00    189.154    189.532         53 0.0000e+00
      31476   1311.447     18.874     19.000    29.5467    29.5477   5.965357   5.965757     3.1451     2.6749     100.00   26.99905  -79.68136   -0.00089    0.00033     4.3282     4.3393    29.5421    29.5430    36.2120    36.2141    22.7914    22.7926       0.00    188.990    189.476         64 0.0000e+00
      31533   1313.815     19.867     20.000    29.5470    29.5478   5.965602   5.965904     3.1501     2.6796     100.00   26.99906  -79.68136    0.00099    0.00048     4.3377     4.3493    29.5421    29.5429    36.2132    36.2147    22.7923    22.7931     764.95    189.404    189.910         49 0.0000e+00
      31582   1315.854     20.861     21.000    29.5477    29.5482   5.966211   5.966366     3.1507     2.6765     100.00   26.99907  -79.68136    0.00137    0.00075     4.3391     4.3435    29.5426    29.5430    36.2166    36.2173    22.7947    22.7950    1508.45    189.467    189.658         55 0.0000e+00
      31641   1318.317     21.854     22.000    29.5489    29.5494   5.967007   5.967240     3.1500     2.6773      96.76   26.99908  -79.68138   -0.00026   -0.00039     4.3381     4.3454    29.5435    29.5440    36.2208    36.2220    22.7976    22.7983    1546.27    189.423    189.739         55 0.0000e+00
      31693   1320.485     22.848     23.000    29.5484    29.5493   5.967100   5.967438     3.1496     2.6773      90.80   26.99909  -79.68138   -0.00015   -0.00093     4.3380     4.3459    29.5427    29.5436    36.2216    36.2232    22.7984    22.7993    1546.27    189.417    189.760         53 0.0000e+00
      31747   1322.729     23.841     24.000    29.5473    29.5487   5.967108   5.967514     3.1490     2.6783     100.00   26.99910  -79.68138   -0.00037    0.00137     4.3375     4.3485    29.5414    29.5428    36.2221    36.2239    22.7992    22.8001    1546.28    189.393    189.873         54 0.0000e+00
      31800   1324.969     24.834     25.000    29.5464    29.5476   5.967074   5.967479     3.1486     2.6763      70.75   26.99911  -79.68139   -0.00009   -0.00062     4.3375     4.3450    29.5403    29.5415    36.2223    36.2241    22.7997    22.8007    1546.28    189.393    189.723         54 0.0000e+00
      31856   1327.278     25.827     26.000    29.5455    29.5470   5.967059   5.967476     3.1463     2.6754     100.37   26.99912  -79.68140   -0.00068   -0.00102     4.3338     4.3438    29.5391    29.5406    36.2226    36.2243    22.8004    22.8012    1546.28    189.231    189.668         54 0.0000e+00
      31908   1329.438     26.821     27.000    29.5450    29.5460   5.967132   5.967509     3.1469     2.6777     100.00   26.99913  -79.68140   -0.00049    0.00120     4.3354     4.3490    29.5384    29.5393    36.2231    36.2250    22.8010    22.8021    1546.29    189.304    189.896         53 0.0000e+00
      31963   1331.744     27.814     28.000    29.5447    29.5455   5.967247   5.967587     3.1470     2.6773     100.00   26.99914  -79.68140    0.00044   -0.00027     4.3361     4.3487    29.5378    29.5386    36.2239    36.2256    22.8018    22.8028    1546.29    189.334    189.884         57 0.0000e+00
      32021   1334.151     28.807     29.000    29.5446    29.5456   5.967418   5.967753     3.1431     2.6779     100.00   26.99915  -79.68140   -0.00112    0.00061     4.3297     4.3504    29.5375    29.5384    36.2248    36.2264    22.8026    22.8035    1546.29    189.055    189.959         55 0.0000e+00
      32073   1336.340     29.801     30.000    29.5445    29.5454   5.967531   5.967931     3.1437     2.6751     100.00   26.99916  -79.68142   -0.00087   -0.00136     4.3312     4.3452    29.5371    29.5380    36.2254    36.2274    22.8031    22.8044    1546.30    189.119    189.732         53 0.0000e+00
      32129   1338.673     30.794     31.000    29.5444    29.5453   5.967619   5.967984     3.1405     2.6710     100.00   26.99917  -79.68142   -0.00030   -0.00131     4.3261     4.3377    29.5368    29.5377    36.2258    36.2276    22.8036    22.8046    1546.30    188.898    189.402         61 0.0000e+00
      32193   1341.326     31.787     32.000    29.5441    29.5452   5.967810   5.968125     3.1431     2.6753     100.00   26.99918  -79.68143   -0.00043    0.00090     4.3313     4.3468    29.5362    29.5373    36.2270    36.2284    22.8047    22.8053    1546.31    189.123    189.800         62 0.0000e+00
      32248   1343.622     32.781     33.000    29.5434    29.5444   5.967967   5.968325     3.1447     2.6706      74.52   26.99920  -79.68143    0.00190   -0.00120     4.3347     4.3379    29.5353    29.5363    36.2283    36.2300    22.8060    22.8069    1546.32    189.270    189.412         50 0.0000e+00
      32300   1345.804     33.774     34.000    29.5424    29.5435   5.968011   5.968396     3.1437     2.6705      99.21   26.99920  -79.68144   -0.00056   -0.00030     4.3335     4.3382    29.5340    29.5351    36.2291    36.2309    22.8070    22.8079    1546.32    189.217    189.425         59 0.0000e+00
      32361   1348.350     34.767     35.000    29.5410    29.5422   5.967948   5.968372     3.1446     2.6707     100.00   26.99921  -79.68144    0.00058   -0.00062     4.3357     4.3393    29.5324    29.5336    36.2294    36.2314    22.8078    22.8088    1546.33    189.314    189.472         58 0.0000e+00
      32417   1350.659     35.760     36.000    29.5298    29.5341   5.966987   5.967672     3.1435     2.6678     100.00   26.99922  -79.68144   -0.00045   -0.00019     4.3351     4.3346    29.5209    29.5252    36.2310    36.2324    22.8129    22.8125    1546.33    189.286    189.264         56 0.0000e+00
      32476   1353.143     36.754     37.000    29.5028    29.5114   5.964345   5.965411     3.1447     2.6770     100.00   26.99923  -79.68144    0.00024    0.00083     4.3397     4.3546    29.4937    29.5023    36.2354    36.2360    22.8254    22.8229    1546.34    189.488    190.136         61 0.0000e+00
      32534   1355.548     37.747     38.000    29.4701    29.4745   5.962039   5.962821     3.1487     2.6763      93.70   26.99924  -79.68146    0.00099    0.00110     4.3501     4.3565    29.4608    29.4651    36.2410    36.2424    22.8408    22.8404    1546.34    189.938    190.218         55 0.0000e+00
      32589   1357.819     38.740     39.000    29.4687    29.4708   5.961927   5.962421     3.1497     2.6774      99.96   26.99924  -79.68146    0.00124    0.00034     4.3520     4.3596    29.4591    29.4612    36.2414    36.2432    22.8417    22.8423    1546.34    190.019    190.353         55 0.0000e+00
      32644   1360.134     39.733     40.000    29.4633    29.4661   5.961549   5.962085     3.1532     2.6823      97.36   26.99926  -79.68146    0.00118    0.00110     4.3593     4.3701    29.4535    29.4563    36.2426    36.2442    22.8445    22.8447    1546.34    190.338    190.808         55 0.0000e+00
      32700   1362.463     40.726     41.000    29.4624    29.4641   5.961510   5.961995     3.1538     2.6820      83.45   26.99926  -79.68148    0.00072    0.00101     4.3608     4.3701    29.4524    29.4541    36.2429    36.2448    22.8451    22.8459    1546.35    190.402    190.809         59 0.0000e+00
      32761   1365.003     41.720     42.000    29.4607    29.4622   5.961475   5.961906     3.1533     2.6815     100.31   26.99927  -79.68148   -0.00029   -0.00079     4.3606     4.3698    29.4504    29.4519    36.2435    36.2453    22.8461    22.8470    1546.35    190.392    190.795         59 0.0000e+00
      32816   1367.274     42.713     43.000    29.4592    29.4602   5.961358   5.961764     3.1541     2.6807     100.00   26.99928  -79.68148    0.00023    0.00006     4.3627     4.3689    29.4487    29.4497    36.2435    36.2455    22.8468    22.8480    1546.36    190.485    190.756         51 0.0000e+00
      32870   1369.529     43.706     44.000    29.4560    29.4588   5.961117   5.961655     3.1514     2.6811     100.00   26.99929  -79.68148   -0.00041    0.00023     4.3585     4.3703    29.4452    29.4481    36.2440    36.2459    22.8483    22.8488    1546.36    190.301    190.819         60 0.0000e+00
      32926   1371.894     44.699     45.000    29.4513    29.4551   5.960691   5.961370     3.1498     2.6786     100.00   26.99930  -79.68148   -0.00129   -0.00112     4.3565     4.3660    29.4402    29.4440    36.2443    36.2461    22.8503    22.8503    1546.36    190.216    190.631         53 0.0000e+00
      32986   1374.386     45.692     46.000    29.4204    29.4330   5.957962   5.959225     3.1484     2.6794      93.50   26.99931  -79.68149   -0.00038    0.00041     4.3569     4.3700    29.4091    29.4217    36.2486    36.2482    22.8640    22.8594    1546.37    190.230    190.803         67 0.0000e+00
      33051   1377.081     46.686     47.000    29.3123    29.3442   5.947950   5.951120     3.1543     2.6876     100.26   26.99932  -79.68150    0.00112    0.00146     4.3760     4.3928    29.3008    29.3327    36.2612    36.2589    22.9101    22.8975    1546.37    191.056    191.791         56 0.0000e+00
      33101   1379.168     47.679     48.000    29.2082    29.2244   5.936430   5.938189     3.1616     2.6884     100.00   26.99932  -79.68152    0.00335    0.00235     4.3977     4.4035    29.1965    29.2127    36.2603    36.2602    22.9446    22.9391    1546.36    191.995    192.251         49 0.0000e+00
      33157   1381.490     48.672     49.000    29.1027    29.1707   5.926385   5.933013     3.1651     2.6995     100.00   26.99933  -79.68152    0.00254    0.00326     4.4124     4.4300    29.0908    29.1587    36.2707    36.2649    22.9880    22.9608    1546.35    192.630    193.405         65 0.0000e+00
      33212   1383.773     49.665     50.000    29.0276    29.0342   5.919866   5.920511     3.1622     2.6937     100.00   26.99934  -79.68152   -0.00044    0.00034     4.4132     4.4281    29.0154    29.0220    36.2824    36.2818    23.0221    23.0195    1546.34    192.657    193.310         41 0.0000e+00
      33250   1385.381     50.658     51.000    28.9626    28.9683   5.913146   5.913771     3.1628     2.6901     100.00   26.99935  -79.68152   -0.00104   -0.00337     4.4198     4.4264    28.9502    28.9559    36.2849    36.2849    23.0459    23.0440    1546.33    192.941    193.230         37 0.0000e+00
      33287   1386.926     51.651     52.000    28.9093    28.9126   5.907071   5.907612     3.1673     2.6951     100.00   26.99936  -79.68152    0.00085   -0.00064     4.4318     4.4410    28.8968    28.9000    36.2842    36.2844    23.0633    23.0623    1546.32    193.464    193.866         38 0.0000e+00
      33326   1388.538     52.645     53.000    28.7710    28.7862   5.892166   5.893627     3.1696     2.6998     100.00   26.99936  -79.68153    0.00241    0.00268     4.4482     4.4599    28.7582    28.7734    36.2847    36.2833    23.1100    23.1039    1546.30    194.169    194.681         39 0.0000e+00
      33364   1390.123     53.638     54.000    28.6319    28.6393   5.876748   5.877489     3.1729     2.7017     100.00   26.99936  -79.68154    0.00160    0.00221     4.4656     4.4757    28.6189    28.6263    36.2833    36.2828    23.1554    23.1526    1546.28    194.922    195.360         37 0.0000e+00
      33401   1391.660     54.631     55.000    28.5592    28.5623   5.868500   5.868890     3.1779     2.7063     100.00   26.99938  -79.68154    0.00235    0.00159     4.4811     4.4913    28.5460    28.5491    36.2810    36.2813    23.1779    23.1771    1546.25    195.592    196.039         37 0.0000e+00
