GOMECC/GOMECC-4/1db/drb2103_0821.cnv
* Sea-Bird SBE 9 Data File:
* FileName = C:\Users\scs.user.rb\CTD\GOMECC4\data\rb2103_0821.hex
* Software Version Seasave V 7.26.7.107
* Temperature SN = 4799
* Conductivity SN = 3860
* Number of Bytes Per Scan = 41
* Number of Voltage Words = 4
* Number of Scans Averaged by the Deck Unit = 1
* NMEA Latitude = 22 16.54 N
* NMEA Longitude = 095 35.27 W
* NMEA UTC (Time) = Oct 06 2021  22:50:02
* NMEA baud rate = 4800
# nquan = 28
# nvalues = 425                         
# units = specified
# name 0 = scan: Scan Count
# name 1 = timeS: Time, Elapsed [seconds]
# name 2 = depSM: Depth [salt water, m]
# name 3 = prDM: Pressure, Digiquartz [db]
# name 4 = t090C: Temperature [ITS-90, deg C]
# name 5 = t190C: Temperature, 2 [ITS-90, deg C]
# name 6 = c0S/m: Conductivity [S/m]
# name 7 = c1S/m: Conductivity, 2 [S/m]
# name 8 = sbeox0V: Oxygen raw, SBE 43 [V]
# name 9 = sbeox1V: Oxygen raw, SBE 43, 2 [V]
# name 10 = altM: Altimeter [m]
# name 11 = latitude: Latitude [deg]
# name 12 = longitude: Longitude [deg]
# name 13 = sbox0dV/dT: Oxygen, SBE 43 [dov/dt]
# name 14 = sbox1dV/dT: Oxygen, SBE 43, 2 [dov/dt]
# name 15 = sbeox0ML/L: Oxygen, SBE 43 [ml/l], WS = 5
# name 16 = sbeox1ML/L: Oxygen, SBE 43, 2 [ml/l], WS = 5
# name 17 = potemp090C: Potential Temperature [ITS-90, deg C]
# name 18 = potemp190C: Potential Temperature, 2 [ITS-90, deg C]
# name 19 = sal00: Salinity, Practical [PSU]
# name 20 = sal11: Salinity, Practical, 2 [PSU]
# name 21 = sigma-é00: Density [sigma-theta, kg/m^3]
# name 22 = sigma-é11: Density, 2 [sigma-theta, kg/m^3]
# name 23 = avgsvCM: Average Sound Velocity [Chen-Millero, m/s], minP = 20, minS = 20
# name 24 = sbox0Mm/Kg: Oxygen, SBE 43 [umol/kg], WS = 5
# name 25 = sbox1Mm/Kg: Oxygen, SBE 43, 2 [umol/kg], WS = 5
# name 26 = nbin: number of scans per bin
# name 27 = flag: flag
# span 0 =      12221,      97526       
# span 1 =    509.163,   4063.536       
# span 2 =      3.975,   2979.777       
# span 3 =      4.000,   3020.000       
# span 4 =     4.2756,    29.5790       
# span 5 =     4.2762,    29.5809       
# span 6 =   3.346210,   5.973508       
# span 7 =   3.346180,   5.973827       
# span 8 =     1.5666,     3.3934       
# span 9 =     1.2728,     2.9061       
# span 10 =      11.01,     101.57      
# span 11 =   22.26283,   22.27720      
# span 12 =  -95.59498,  -95.53317      
# span 13 =   -0.06147,    0.02427      
# span 14 =   -0.05287,    0.02252      
# span 15 =     2.3869,     5.1246      
# span 16 =     2.4095,     5.1430      
# span 17 =     4.0784,    29.5758      
# span 18 =     4.0794,    29.5777      
# span 19 =    34.9145,    36.5249      
# span 20 =    34.9140,    36.5263      
# span 21 =    22.8018,    27.7583      
# span 22 =    22.8020,    27.7571      
# span 23 =       0.00,    1562.33      
# span 24 =    103.789,    223.469      
# span 25 =    104.771,    224.273      
# span 26 =         30,         73      
# span 27 = 0.0000e+00, 0.0000e+00      
# interval = decibars: 1                
# start_time = Oct 06 2021 22:50:02 [NMEA time, header]
# bad_flag = -9.990e-29
*END*
[from data line 104]
      20624    859.302    122.195    123.000    19.1974    19.2005   4.895275   4.895780     1.8694     1.5392     100.00   22.27566  -95.58816   -0.00171   -0.00169     2.5128     2.5273    19.1751    19.1782    36.4992    36.5007    26.1224    26.1227    1535.75    109.366    109.996         36 0.0000e+00
      20661    860.817    123.188    124.000    19.1693    19.1714   4.892172   4.892545     1.8674     1.5386     100.00   22.27566  -95.58816   -0.00140   -0.00182     2.5101     2.5277    19.1469    19.1490    36.4974    36.4987    26.1283    26.1287    1535.64    109.246    110.014         35 0.0000e+00
      20693    862.157    124.181    125.000    19.1352    19.1373   4.888357   4.888731     1.8658     1.5376     100.00   22.27566  -95.58816   -0.00135   -0.00091     2.5086     2.5273    19.1126    19.1148    36.4951    36.4963    26.1354    26.1358    1535.53    109.182    109.993         30 0.0000e+00
      20747    864.412    126.168    127.000    19.0729    19.0767   4.880779   4.881356     1.8626     1.5335      99.98   22.27071  -95.56694   -0.00113   -0.00129     2.5056     2.5210    19.0500    19.0539    36.4827    36.4842    26.1414    26.1415    1534.99    109.048    109.719         32 0.0000e+00
      20788    866.115    127.161    128.000    19.0354    19.0383   4.877183   4.877639     1.8616     1.5347     100.00   22.27566  -95.58816   -0.00111   -0.00093     2.5055     2.5261    19.0124    19.0153    36.4878    36.4891    26.1557    26.1560    1535.23    109.043    109.939         42 0.0000e+00
      20830    867.880    128.154    129.000    19.0013    19.0035   4.873385   4.873744     1.8602     1.5340     100.00   22.27566  -95.58816   -0.00090    0.00007     2.5045     2.5264    18.9781    18.9803    36.4856    36.4867    26.1628    26.1631    1535.13    109.001    109.953         37 0.0000e+00
      20914    871.373    131.133    132.000    18.8288    18.8324   4.853460   4.853997     1.8559     1.5288      99.99   22.27295  -95.57655   -0.00109   -0.00119     2.5046     2.5224    18.8052    18.8088    36.4676    36.4690    26.1932    26.1934    1534.67    109.001    109.774         32 0.0000e+00
      20953    873.012    132.126    133.000    18.7894    18.7923   4.849225   4.849665     1.8543     1.5268     100.00   22.27566  -95.58816   -0.00137   -0.00168     2.5038     2.5206    18.7657    18.7686    36.4671    36.4683    26.2032    26.2033    1534.74    108.964    109.697         43 0.0000e+00
      20995    874.755    133.120    134.000    18.7644    18.7658   4.846424   4.846698     1.8512     1.5241     100.00   22.27566  -95.58816   -0.00141   -0.00162     2.4985     2.5158    18.7406    18.7419    36.4651    36.4662    26.2081    26.2085    1534.64    108.732    109.484         37 0.0000e+00
      21081    878.349    136.099    137.000    18.5485    18.5522   4.821223   4.821770     1.8456     1.5185      99.99   22.27235  -95.57399   -0.00138   -0.00161     2.4984     2.5137    18.5243    18.5280    36.4396    36.4410    26.2431    26.2431    1534.12    108.723    109.390         32 0.0000e+00
      21120    879.963    137.092    138.000    18.5000    18.5029   4.816055   4.816509     1.8446     1.5188     100.00   22.27566  -95.58818   -0.00145   -0.00127     2.4989     2.5172    18.4756    18.4786    36.4401    36.4414    26.2562    26.2564    1534.26    108.746    109.541         40 0.0000e+00
      21159    881.583    138.085    139.000    18.4480    18.4510   4.810010   4.810463     1.8438     1.5189      83.48   22.27566  -95.58818   -0.00089   -0.00009     2.5000     2.5202    18.4235    18.4265    36.4344    36.4356    26.2650    26.2652    1534.16    108.793    109.670         36 0.0000e+00
      21192    882.957    139.078    140.000    18.3993    18.4027   4.804284   4.804803     1.8431     1.5183      59.55   22.27566  -95.58818   -0.00051   -0.00002     2.5016     2.5218    18.3746    18.3781    36.4289    36.4302    26.2731    26.2733    1534.08    108.863    109.738         30 0.0000e+00
      21221    884.187    140.071    141.000    18.3380    18.3409   4.797247   4.797683     1.8420     1.5172      99.99   22.27566  -95.58818   -0.00057   -0.00038     2.5024     2.5223    18.3132    18.3161    36.4225    36.4236    26.2837    26.2838    1533.98    108.895    109.761         30 0.0000e+00
      21252    885.455    141.064    142.000    18.2942    18.2972   4.792224   4.792666     1.8413     1.5159     100.00   22.27566  -95.58818   -0.00074   -0.00080     2.5035     2.5214    18.2693    18.2723    36.4181    36.4192    26.2914    26.2915    1533.88    108.943    109.723         32 0.0000e+00
      21286    886.865    142.057    143.000    18.2605    18.2630   4.788324   4.788733     1.8412     1.5153     100.00   22.27566  -95.58818   -0.00052   -0.00089     2.5054     2.5222    18.2355    18.2380    36.4143    36.4156    26.2970    26.2973    1533.78    109.023    109.755         35 0.0000e+00
      21323    888.419    143.050    144.000    18.2071    18.2101   4.782172   4.782618     1.8402     1.5145     100.00   22.27566  -95.58818   -0.00031   -0.00054     2.5063     2.5230    18.1820    18.1849    36.4088    36.4100    26.3062    26.3063    1533.69    109.063    109.791         39 0.0000e+00
      21359    889.904    144.044    145.000    18.1741    18.1759   4.778443   4.778750     1.8399     1.5140     100.00   22.27566  -95.58818   -0.00040   -0.00041     2.5078     2.5240    18.1488    18.1506    36.4059    36.4069    26.3123    26.3126    1533.60    109.125    109.832         32 0.0000e+00
      21421    892.495    146.029    147.000    18.0858    18.0895   4.768387   4.768933     1.8391     1.5155     100.00   22.27658  -95.59213   -0.00023    0.00046     2.5112     2.5325    18.0603    18.0640    36.3980    36.3994    26.3284    26.3285    1533.48    109.275    110.199         33 0.0000e+00
      21453    893.840    147.023    148.000    18.0475    18.0518   4.763789   4.764396     1.8386     1.5125      92.49   22.27566  -95.58818   -0.00037   -0.00016     2.5123     2.5274    18.0218    18.0261    36.3918    36.3932    26.3331    26.3332    1533.32    109.321    109.976         33 0.0000e+00
      21487    895.245    148.016    149.000    17.9936    17.9978   4.757487   4.758060     1.8368     1.5113      93.46   22.27566  -95.58818   -0.00067   -0.00131     2.5118     2.5279    17.9678    17.9720    36.3854    36.3865    26.3417    26.3415    1533.24    109.296    110.000         35 0.0000e+00
      21523    896.755    149.009    150.000    17.8959    17.8991   4.746168   4.746653     1.8349     1.5105     100.02   22.27566  -95.58818   -0.00110   -0.00113     2.5128     2.5308    17.8700    17.8732    36.3748    36.3761    26.3578    26.3580    1533.14    109.340    110.122         37 0.0000e+00
      21558    898.199    150.002    151.000    17.8267    17.8304   4.738094   4.738634     1.8335     1.5104     100.00   22.27564  -95.58818   -0.00120   -0.00040     2.5137     2.5344    17.8007    17.8044    36.3666    36.3679    26.3687    26.3688    1533.05    109.378    110.280         32 0.0000e+00
      21613    900.512    151.988    153.000    17.7647    17.7664   4.730469   4.730758     1.8324     1.5095      67.66   22.27181  -95.57177   -0.00057   -0.00026     2.5152     2.5362    17.7384    17.7402    36.3535    36.3544    26.3735    26.3737    1532.60    109.442    110.353         33 0.0000e+00
      21654    902.209    152.981    154.000    17.7360    17.7386   4.727578   4.727964     1.8319     1.5086     100.02   22.27564  -95.58820   -0.00035   -0.00034     2.5159     2.5356    17.7096    17.7122    36.3557    36.3568    26.3828    26.3830    1532.78    109.470    110.329         41 0.0000e+00
      21692    903.785    153.974    155.000    17.6881    17.6917   4.721859   4.722378     1.8304     1.5068     100.00   22.27564  -95.58820   -0.00054   -0.00079     2.5155     2.5340    17.6616    17.6652    36.3488    36.3500    26.3893    26.3894    1532.69    109.454    110.259         34 0.0000e+00
      21723    905.100    154.967    156.000    17.6304    17.6325   4.715167   4.715507     1.8291     1.5056     100.00   22.27564  -95.58820   -0.00096   -0.00102     2.5158     2.5342    17.6038    17.6059    36.3421    36.3431    26.3983    26.3986    1532.60    109.464    110.265         30 0.0000e+00
      21777    907.321    156.953    158.000    17.5481    17.5514   4.704866   4.705386     1.8268     1.5051      99.98   22.27073  -95.56715   -0.00080   -0.00041     2.5161     2.5381    17.5212    17.5246    36.3233    36.3248    26.4036    26.4039    1532.08    109.478    110.433         30 0.0000e+00
      21816    908.963    157.946    159.000    17.3964    17.3961   4.687707   4.687779     1.8254     1.5042     100.00   22.27564  -95.58820   -0.00094   -0.00026     2.5208     2.5436    17.3695    17.3692    36.3124    36.3132    26.4328    26.4335    1532.34    109.679    110.671         43 0.0000e+00
      21860    910.772    158.939    160.000    17.3632    17.3648   4.683816   4.684098     1.8254     1.5022     100.00   22.27564  -95.58820   -0.00077   -0.00085     2.5231     2.5409    17.3362    17.3378    36.3079    36.3089    26.4374    26.4378    1532.24    109.781    110.553         36 0.0000e+00
      21945    914.353    161.918    163.000    17.1594    17.1619   4.659779   4.660178     1.8211     1.4990      99.99   22.27357  -95.57930   -0.00118   -0.00103     2.5255     2.5445    17.1321    17.1346    36.2797    36.2809    26.4650    26.4653    1531.83    109.882    110.708         38 0.0000e+00
      21986    916.038    162.911    164.000    17.1425    17.1436   4.657987   4.658215     1.8211     1.4991     100.00   22.27564  -95.58820   -0.00092   -0.00049     2.5265     2.5461    17.1150    17.1161    36.2795    36.2804    26.4691    26.4696    1531.88    109.925    110.775         37 0.0000e+00
      22020    917.460    163.904    165.000    17.1349    17.1364   4.657159   4.657426     1.8211     1.4983      98.15   22.27564  -95.58820   -0.00018   -0.00019     2.5273     2.5447    17.1073    17.1088    36.2786    36.2796    26.4703    26.4707    1531.79    109.957    110.716         33 0.0000e+00
      22052    918.789    164.896    166.000    17.1174    17.1188   4.655093   4.655320     1.8202     1.4983      86.01   22.27564  -95.58820   -0.00016   -0.00033     2.5264     2.5459    17.0897    17.0910    36.2759    36.2767    26.4725    26.4727    1531.71    109.919    110.769         31 0.0000e+00
      22082    920.053    165.889    167.000    17.1074    17.1087   4.653972   4.654200     1.8194     1.4974      99.89   22.27564  -95.58820   -0.00047   -0.00029     2.5256     2.5444    17.0795    17.0808    36.2747    36.2755    26.4740    26.4743    1531.62    109.885    110.703         30 0.0000e+00
      22114    921.382    166.883    168.000    17.0960    17.0979   4.652637   4.652927     1.8181     1.4969     100.00   22.27564  -95.58820   -0.00072   -0.00044     2.5235     2.5440    17.0680    17.0698    36.2729    36.2737    26.4754    26.4756    1531.53    109.794    110.684         34 0.0000e+00
      22150    922.871    167.876    169.000    17.0436    17.0478   4.646473   4.647026     1.8163     1.4960      75.08   22.27564  -95.58820   -0.00093   -0.00054     2.5226     2.5447    17.0155    17.0196    36.2657    36.2668    26.4825    26.4823    1531.45    109.753    110.713         36 0.0000e+00
      22185    924.322    168.869    170.000    16.9575    16.9602   4.636551   4.636923     1.8144     1.4944      83.07   22.27564  -95.58820   -0.00125   -0.00064     2.5232     2.5455    16.9293    16.9319    36.2559    36.2568    26.4956    26.4956    1531.37    109.775    110.746         34 0.0000e+00
      22217    925.674    169.862    171.000    16.9216    16.9244   4.632249   4.632666     1.8147     1.4932      99.83   22.27564  -95.58820   -0.00096   -0.00105     2.5261     2.5447    16.8932    16.8960    36.2501    36.2513    26.4998    26.5000    1531.28    109.905    110.712         32 0.0000e+00
      22250    927.039    170.854    172.000    16.8543    16.8593   4.624275   4.624949     1.8147     1.4934     100.00   22.27564  -95.58820   -0.00017   -0.00073     2.5301     2.5490    16.8258    16.8309    36.2404    36.2418    26.5084    26.5083    1531.20    110.077    110.898         33 0.0000e+00
      22282    928.362    171.847    173.000    16.7787    16.7806   4.615574   4.615883     1.8136     1.4926     100.00   22.27564  -95.58820   -0.00012   -0.00020     2.5321     2.5514    16.7502    16.7521    36.2316    36.2326    26.5197    26.5200    1531.11    110.160    111.004         31 0.0000e+00
      22314    929.720    172.840    174.000    16.7607    16.7625   4.613468   4.613752     1.8128     1.4929     100.00   22.27564  -95.58820   -0.00060   -0.00022     2.5316     2.5536    16.7320    16.7338    36.2290    36.2299    26.5220    26.5222    1531.02    110.140    111.099         35 0.0000e+00
      22351    931.232    173.833    175.000    16.7441    16.7458   4.611559   4.611837     1.8125     1.4922     100.00   22.27564  -95.58820   -0.00051   -0.00016     2.5322     2.5529    16.7153    16.7170    36.2267    36.2276    26.5242    26.5245    1530.94    110.167    111.066         36 0.0000e+00
      22384    932.641    174.826    176.000    16.7312    16.7326   4.610071   4.610302     1.8118     1.4923     100.00   22.27564  -95.58820   -0.00033   -0.00013     2.5315     2.5542    16.7022    16.7037    36.2249    36.2256    26.5259    26.5261    1530.86    110.135    111.124         31 0.0000e+00
      22415    933.935    175.819    177.000    16.7100    16.7124   4.607520   4.607858     1.8116     1.4912     100.00   22.27564  -95.58820   -0.00033   -0.00033     2.5325     2.5528    16.6809    16.6833    36.2212    36.2220    26.5281    26.5282    1530.77    110.178    111.061         32 0.0000e+00
      22449    935.326    176.812    178.000    16.6748    16.6775   4.603429   4.603800     1.8098     1.4908     100.00   22.27564  -95.58820   -0.00053   -0.00043     2.5307     2.5540    16.6456    16.6482    36.2164    36.2173    26.5328    26.5329    1530.69    110.101    111.114         35 0.0000e+00
      22484    936.772    177.805    179.000    16.6359    16.6381   4.598819   4.599317     1.8085     1.4896     100.00   22.27564  -95.58820   -0.00093   -0.00051     2.5306     2.5541    16.6066    16.6092    36.2106    36.2118    26.5375    26.5376    1530.61    110.094    111.116         33 0.0000e+00
      22516    938.119    178.797    180.000    16.5374    16.5403   4.587303   4.587710     1.8073     1.4878     100.00   22.27564  -95.58820   -0.00101   -0.00081     2.5331     2.5543    16.5080    16.5109    36.1974    36.1984    26.5507    26.5508    1530.53    110.203    111.123         33 0.0000e+00
      22550    939.540    179.790    181.000    16.4892    16.4923   4.581650   4.582088     1.8064     1.4864     100.00   22.27564  -95.58820   -0.00083   -0.00118     2.5340     2.5537    16.4597    16.4628    36.1907    36.1917    26.5569    26.5569    1530.44    110.240    111.097         35 0.0000e+00
      22584    940.948    180.783    182.000    16.4484    16.4512   4.576888   4.577275     1.8057     1.4852      99.88   22.27564  -95.58820   -0.00066   -0.00102     2.5349     2.5530    16.4187    16.4215    36.1851    36.1860    26.5622    26.5622    1530.36    110.280    111.068         31 0.0000e+00
      22614    942.196    181.776    183.000    16.4248    16.4272   4.574064   4.574421     1.8048     1.4847     100.00   22.27564  -95.58820   -0.00059   -0.00083     2.5346     2.5534    16.3951    16.3975    36.1809    36.1819    26.5645    26.5647    1530.28    110.265    111.084         30 0.0000e+00
