GOMECC/GOMECC-4/1db/rb2103_0551.ros
* Sea-Bird SBE 9 Data File:
* FileName = C:\Users\scs.user.rb\CTD\GOMECC4\data\rb2103_0551.hex
* Software Version Seasave V 7.26.7.107
* Temperature SN = 4799
* Conductivity SN = 3860
* Number of Bytes Per Scan = 41
* Number of Voltage Words = 4
* Number of Scans Averaged by the Deck Unit = 1
* NMEA Latitude = 27 38.90 N
* NMEA Longitude = 094 59.93 W
* NMEA UTC (Time) = Sep 28 2021  16:15:21
* NMEA baud rate = 4800
# nquan = 17
# nvalues = 2660                                  
# units = specified
# name 0 = scan: Scan Count
# name 1 = timeS: Time, Elapsed [seconds]
# name 2 = depSM: Depth [salt water, m]
# name 3 = prDM: Pressure, Digiquartz [db]
# name 4 = t090C: Temperature [ITS-90, deg C]
# name 5 = t190C: Temperature, 2 [ITS-90, deg C]
# name 6 = c0S/m: Conductivity [S/m]
# name 7 = c1S/m: Conductivity, 2 [S/m]
# name 8 = sbeox0V: Oxygen raw, SBE 43 [V]
# name 9 = sbeox1V: Oxygen raw, SBE 43, 2 [V]
# name 10 = altM: Altimeter [m]
# name 11 = latitude: Latitude [deg]
# name 12 = longitude: Longitude [deg]
# name 13 = sbox0dV/dT: Oxygen, SBE 43 [dov/dt]
# name 14 = sbox1dV/dT: Oxygen, SBE 43, 2 [dov/dt]
# name 15 = nbf: Bottles Fired
# name 16 = flag:  0.000e+00
# interval = seconds: 0.0416667
# start_time = Sep 28 2021 16:15:21 [NMEA time, header]
# bad_flag = -9.990e-29
*END*
[from data line 2128]
      76928   3205.292     25.225     25.395    29.1210    29.1233   5.874508   5.874745     3.1429     2.6679      65.81   27.64738  -94.99760    0.00033    0.00074         17  0.000e+00
      76929   3205.333     25.278     25.448    29.1216    29.1233   5.874540   5.874688     3.1429     2.6667      65.84   27.64738  -94.99760    0.00031    0.00065         17  0.000e+00
      76930   3205.375     25.195     25.365    29.1215    29.1234   5.874516   5.874777     3.1429     2.6679      65.79   27.64738  -94.99760    0.00029    0.00063         17  0.000e+00
      76931   3205.417     25.112     25.281    29.1216    29.1233   5.874556   5.874817     3.1429     2.6667      65.76   27.64738  -94.99760    0.00024    0.00056         17  0.000e+00
      76932   3205.458     25.165     25.334    29.1218    29.1236   5.874596   5.874785     3.1416     2.6679      65.76   27.64738  -94.99760    0.00020    0.00052         17  0.000e+00
      76933   3205.500     25.165     25.334    29.1218    29.1235   5.874604   5.874801     3.1416     2.6679      65.76   27.64738  -94.99760    0.00016    0.00047         17  0.000e+00
      76934   3205.542     25.112     25.281    29.1216    29.1235   5.874603   5.874744     3.1416     2.6667      65.76   27.64738  -94.99760    0.00012    0.00041         17  0.000e+00
      76935   3205.583     25.225     25.395    29.1220    29.1234   5.874564   5.874793     3.1416     2.6679      65.76   27.64738  -94.99760    0.00008    0.00036         17  0.000e+00
      76936   3205.625     25.142     25.311    29.1220    29.1237   5.874588   5.874785     3.1416     2.6679      65.76   27.64738  -94.99760    0.00004    0.00031         17  0.000e+00
      76937   3205.667     25.225     25.395    29.1220    29.1235   5.874619   5.874737     3.1416     2.6679      65.76   27.64738  -94.99760   -0.00000    0.00028         17  0.000e+00
      76938   3205.708     25.165     25.334    29.1220    29.1234   5.874643   5.874761     3.1416     2.6679      65.76   27.64738  -94.99760   -0.00006    0.00024         17  0.000e+00
      76939   3205.750     25.225     25.395    29.1221    29.1233   5.874651   5.874777     3.1404     2.6667      65.76   27.64738  -94.99760   -0.00012    0.00019         17  0.000e+00
      76940   3205.792     25.165     25.334    29.1221    29.1236   5.874651   5.874777     3.1416     2.6679      65.76   27.64738  -94.99760   -0.00016    0.00016         17  0.000e+00
      76941   3205.833     25.225     25.395    29.1220    29.1235   5.874611   5.874777     3.1416     2.6679      65.76   27.64738  -94.99760   -0.00021    0.00011         17  0.000e+00
      76942   3205.875     25.226     25.395    29.1221    29.1235   5.874604   5.874777     3.1416     2.6667      65.76   27.64738  -94.99760   -0.00025    0.00007         17  0.000e+00
      76943   3205.917     25.256     25.426    29.1223    29.1236   5.874619   5.874777     3.1416     2.6667      65.76   27.64738  -94.99760   -0.00029    0.00002         17  0.000e+00
      76944   3205.958     25.165     25.334    29.1221    29.1237   5.874643   5.874777     3.1404     2.6667      65.76   27.64738  -94.99760   -0.00033   -0.00003         17  0.000e+00
      76945   3206.000     25.278     25.449    29.1221    29.1235   5.874612   5.874777     3.1404     2.6654      65.76   27.64738  -94.99760   -0.00037   -0.00009         17  0.000e+00
      76946   3206.042     25.226     25.395    29.1221    29.1236   5.874675   5.874801     3.1416     2.6654      72.01   27.64738  -94.99760   -0.00039   -0.00015         17  0.000e+00
      76947   3206.083     25.226     25.395    29.1223    29.1233   5.874699   5.874785     3.1416     2.6667      92.94   27.64738  -94.99760   -0.00041   -0.00020         17  0.000e+00
      76948   3206.125     25.279     25.449    29.1223    29.1233   5.874659   5.874777     3.1416     2.6654     100.00   27.64738  -94.99760   -0.00044   -0.00026         17  0.000e+00
      76949   3206.167     25.256     25.426    29.1225    29.1233   5.874738   5.874704     3.1416     2.6642     100.00   27.64738  -94.99760   -0.00046   -0.00034         17  0.000e+00
      76950   3206.208     25.279     25.449    29.1223    29.1233   5.874715   5.874712     3.1416     2.6642     100.00   27.64738  -94.99760   -0.00048   -0.00042         17  0.000e+00
      76951   3206.250     25.226     25.395    29.1225    29.1233   5.874699   5.874761     3.1416     2.6618     100.00   27.64738  -94.99760   -0.00050   -0.00053         17  0.000e+00
      76952   3206.292     25.279     25.449    29.1221    29.1233   5.874699   5.874801     3.1416     2.6642      99.98   27.64738  -94.99760   -0.00052   -0.00059         17  0.000e+00
      76953   3206.333     25.339     25.510    29.1223    29.1233   5.874699   5.874785     3.1416     2.6654     100.00   27.64738  -94.99760   -0.00054   -0.00062         17  0.000e+00
      76954   3206.375     25.279     25.449    29.1222    29.1233   5.874699   5.874704     3.1416     2.6654     100.00   27.64738  -94.99760   -0.00056   -0.00066         17  0.000e+00
      76955   3206.417     25.256     25.426    29.1223    29.1231   5.874643   5.874712     3.1416     2.6654     100.00   27.64738  -94.99760   -0.00058   -0.00071         17  0.000e+00
      76956   3206.458     25.279     25.449    29.1220    29.1233   5.874604   5.874728     3.1416     2.6642     100.00   27.64738  -94.99760   -0.00060   -0.00077         17  0.000e+00
      76957   3206.500     25.339     25.510    29.1220    29.1231   5.874564   5.874729     3.1416     2.6618     100.00   27.64738  -94.99760   -0.00060   -0.00087         17  0.000e+00
      76958   3206.542     25.339     25.510    29.1221    29.1233   5.874627   5.874729     3.1416     2.6642     100.00   27.64738  -94.99760   -0.00062   -0.00094         17  0.000e+00
      76959   3206.583     25.279     25.449    29.1223    29.1231   5.874651   5.874728     3.1416     2.6654     100.00   27.64738  -94.99760   -0.00062   -0.00099         17  0.000e+00
      76960   3206.625     25.339     25.510    29.1223    29.1235   5.874683   5.874761     3.1416     2.6654     100.00   27.64738  -94.99760   -0.00063   -0.00104         17  0.000e+00
      76961   3206.667     25.309     25.479    29.1221    29.1231   5.874715   5.874777     3.1404     2.6654     100.00   27.64738  -94.99760   -0.00065   -0.00108         17  0.000e+00
      76962   3206.708     25.339     25.510    29.1221    29.1233   5.874667   5.874777     3.1416     2.6642     100.00   27.64738  -94.99760   -0.00066   -0.00115         17  0.000e+00
      76963   3206.750     25.279     25.449    29.1221    29.1233   5.874683   5.874801     3.1404     2.6642     100.00   27.64738  -94.99760   -0.00068   -0.00123         17  0.000e+00
      76964   3206.792     25.339     25.510    29.1221    29.1231   5.874659   5.874745     3.1404     2.6618     100.00   27.64738  -94.99760   -0.00071   -0.00133         17  0.000e+00
      76965   3206.833     25.339     25.510    29.1221    29.1233   5.874651   5.874729     3.1404     2.6642     100.00   27.64738  -94.99760   -0.00072   -0.00139         17  0.000e+00
      76966   3206.875     25.279     25.449    29.1221    29.1231   5.874683   5.874728     3.1416     2.6654     100.00   27.64738  -94.99760   -0.00073   -0.00143         17  0.000e+00
      76967   3206.917     25.392     25.563    29.1219    29.1229   5.874604   5.874729     3.1416     2.6654     100.00   27.64738  -94.99760   -0.00075   -0.00147         17  0.000e+00
      76968   3206.958     25.309     25.479    29.1218    29.1231   5.874596   5.874729     3.1404     2.6654     100.00   27.64738  -94.99760   -0.00077   -0.00151         17  0.000e+00
      76969   3207.000     25.339     25.510    29.1220    29.1229   5.874635   5.874688     3.1416     2.6654     100.00   27.64738  -94.99760   -0.00077   -0.00155         17  0.000e+00
      76970   3207.042     25.339     25.510    29.1220    29.1231   5.874612   5.874712     3.1416     2.6654     100.00   27.64738  -94.99760   -0.00078   -0.00159         17  0.000e+00
      76971   3207.083     25.339     25.510    29.1221    29.1229   5.874635   5.874729     3.1416     2.6642     100.00   27.64738  -94.99760   -0.00079   -0.00165         17  0.000e+00
      76972   3207.125     25.339     25.510    29.1220    29.1231   5.874612   5.874688     3.1416     2.6654     100.00   27.64738  -94.99760   -0.00078   -0.00168         17  0.000e+00
      76973   3207.167     25.339     25.510    29.1221    29.1229   5.874619   5.874680     3.1416     2.6654     100.00   27.64738  -94.99760   -0.00079   -0.00172         17  0.000e+00
      76974   3207.208     25.370     25.540    29.1220    29.1231   5.874643   5.874680     3.1416     2.6679     100.00   27.64738  -94.99760   -0.00080   -0.00172         17  0.000e+00
      76975   3207.250     25.339     25.510    29.1220    29.1233   5.874651   5.874753     3.1416     2.6654     100.00   27.64738  -94.99760   -0.00079   -0.00178         17  0.000e+00
      76976   3207.292     25.339     25.510    29.1218    29.1234   5.874612   5.874801     3.1416     2.6642     100.00   27.64738  -94.99760   -0.00078   -0.00183         17  0.000e+00
      76977   3207.333     25.340     25.510    29.1220    29.1235   5.874635   5.874817     3.1416     2.6654     100.00   27.64738  -94.99760   -0.00076   -0.00186         17  0.000e+00
      76978   3207.375     25.340     25.510    29.1220    29.1236   5.874651   5.874785     3.1416     2.6679     100.00   27.64738  -94.99760   -0.00075   -0.00186         17  0.000e+00
      76979   3207.417     25.340     25.510    29.1217    29.1235   5.874627   5.874801     3.1416     2.6654     100.00   27.64738  -94.99760   -0.00074   -0.00190         17  0.000e+00
      76980   3207.458     25.370     25.541    29.1220    29.1235   5.874572   5.874817     3.1416     2.6667     100.00   27.64738  -94.99760   -0.00074   -0.00191         17  0.000e+00
      76981   3207.500     25.340     25.510    29.1218    29.1238   5.874588   5.874817     3.1416     2.6667     100.00   27.64738  -94.99760   -0.00075   -0.00191         17  0.000e+00
      76982   3207.542     25.340     25.510    29.1221    29.1237   5.874604   5.874849     3.1416     2.6667     100.00   27.64738  -94.99760   -0.00075   -0.00191         17  0.000e+00
      76983   3207.583     25.340     25.510    29.1218    29.1237   5.874604   5.874801     3.1429     2.6679     100.00   27.64738  -94.99760   -0.00072   -0.00189         17  0.000e+00
      76984   3207.625     25.340     25.510    29.1218    29.1234   5.874604   5.874809     3.1429     2.6667     100.00   27.64738  -94.99760   -0.00069   -0.00188         17  0.000e+00
      76985   3207.667     25.340     25.510    29.1218    29.1237   5.874580   5.874817     3.1429     2.6667     100.00   27.64738  -94.99760   -0.00066   -0.00186         17  0.000e+00
      76986   3207.708     25.340     25.510    29.1220    29.1236   5.874596   5.874849     3.1429     2.6667     100.00   27.64738  -94.99760   -0.00062   -0.00184         17  0.000e+00
      76987   3207.750     25.309     25.480    29.1216    29.1239   5.874604   5.874825     3.1429     2.6679     100.00   27.64738  -94.99760   -0.00059   -0.00180         17  0.000e+00
      76988   3207.792     25.340     25.510    29.1218    29.1239   5.874635   5.874785     3.1429     2.6679     100.00   27.64738  -94.99760   -0.00057   -0.00175         17  0.000e+00
      76989   3207.833     25.340     25.510    29.1218    29.1234   5.874580   5.874777     3.1429     2.6679     100.00   27.64738  -94.99760   -0.00054   -0.00171         17  0.000e+00
      76990   3207.875     25.340     25.510    29.1218    29.1233   5.874588   5.874777     3.1429     2.6679     100.00   27.64738  -94.99760   -0.00051   -0.00167         17  0.000e+00
      76991   3207.917     25.279     25.449    29.1215    29.1235   5.874548   5.874704     3.1429     2.6679     100.00   27.64738  -94.99760   -0.00047   -0.00160         17  0.000e+00
      76992   3207.958     25.340     25.510    29.1218    29.1231   5.874580   5.874712     3.1429     2.6679     100.00   27.64738  -94.99760   -0.00044   -0.00154         17  0.000e+00
      76993   3208.000     25.310     25.480    29.1216    29.1231   5.874564   5.874761     3.1429     2.6679     100.00   27.64738  -94.99760   -0.00040   -0.00148         17  0.000e+00
      76994   3208.042     25.279     25.450    29.1214    29.1231   5.874588   5.874737     3.1429     2.6679     100.00   27.64738  -94.99760   -0.00037   -0.00141         17  0.000e+00
      76995   3208.083     25.340     25.510    29.1218    29.1228   5.874564   5.874688     3.1429     2.6679      96.14   27.64738  -94.99760   -0.00033   -0.00133         17  0.000e+00
      76996   3208.125     25.279     25.450    29.1216    29.1226   5.874588   5.874680     3.1429     2.6679      89.79   27.64738  -94.99760   -0.00031   -0.00124         17  0.000e+00
      76997   3208.167     25.279     25.450    29.1214    29.1229   5.874604   5.874680     3.1429     2.6679      87.94   27.64738  -94.99760   -0.00028   -0.00115         17  0.000e+00
      76998   3208.208     25.340     25.510    29.1214    29.1229   5.874580   5.874680     3.1429     2.6691      88.11   27.64738  -94.99760   -0.00024   -0.00105         17  0.000e+00
      76999   3208.250     25.257     25.427    29.1214    29.1228   5.874556   5.874680     3.1429     2.6679      88.42   27.64738  -94.99760   -0.00020   -0.00096         17  0.000e+00
      77000   3208.292     25.279     25.450    29.1214    29.1229   5.874556   5.874640     3.1429     2.6679      88.50   27.64738  -94.99760   -0.00017   -0.00087         17  0.000e+00
      77001   3208.333     25.280     25.450    29.1214    29.1226   5.874516   5.874632     3.1429     2.6679      88.50   27.64738  -94.99760   -0.00015   -0.00077         17  0.000e+00
      77002   3208.375     25.280     25.450    29.1214    29.1226   5.874540   5.874664     3.1429     2.6679      88.47   27.64738  -94.99760   -0.00013   -0.00070         17  0.000e+00
      77003   3208.417     25.280     25.450    29.1213    29.1223   5.874516   5.874640     3.1429     2.6667      88.47   27.64738  -94.99760   -0.00011   -0.00062         17  0.000e+00
      77004   3208.458     25.227     25.396    29.1210    29.1226   5.874524   5.874632     3.1429     2.6679      88.47   27.64738  -94.99760   -0.00009   -0.00054         17  0.000e+00
      77005   3208.500     25.280     25.450    29.1210    29.1225   5.874477   5.874664     3.1429     2.6667      88.47   27.64738  -94.99760   -0.00007   -0.00048         17  0.000e+00
      77006   3208.542     25.257     25.427    29.1207    29.1226   5.874492   5.874608     3.1429     2.6667      88.47   27.64738  -94.99760   -0.00005   -0.00041         17  0.000e+00
      77007   3208.583     25.227     25.396    29.1209    29.1226   5.874469   5.874584     3.1429     2.6679      88.47   27.64738  -94.99760   -0.00003   -0.00033         17  0.000e+00
      77008   3208.625     25.280     25.450    29.1207    29.1223   5.874493   5.874584     3.1429     2.6654      88.47   27.64738  -94.99760   -0.00001   -0.00030         17  0.000e+00
      77009   3208.667     25.227     25.397    29.1209    29.1222   5.874469   5.874544     3.1429     2.6667      88.47   27.64738  -94.99760    0.00001   -0.00025         17  0.000e+00
      77010   3208.708     25.227     25.397    29.1207    29.1220   5.874477   5.874535     3.1429     2.6667      88.47   27.64738  -94.99760    0.00003   -0.00022         17  0.000e+00
      77011   3208.750     25.280     25.450    29.1210    29.1219   5.874532   5.874503     3.1441     2.6667      88.47   27.64738  -94.99760    0.00007   -0.00017         17  0.000e+00
