GOMECC/GOMECC-4/1db/rb2103_0841.ros
* Sea-Bird SBE 9 Data File:
* FileName = C:\Users\scs.user.rb\CTD\GOMECC4\data\rb2103_0841.hex
* Software Version Seasave V 7.26.7.107
* Temperature SN = 4799
* Conductivity SN = 3860
* Number of Bytes Per Scan = 41
* Number of Voltage Words = 4
* Number of Scans Averaged by the Deck Unit = 1
* NMEA Latitude = 20 43.74 N
* NMEA Longitude = 094 44.99 W
* NMEA UTC (Time) = Oct 07 2021  16:02:53
* NMEA baud rate = 4800
# nquan = 17
# nvalues = 3192                                  
# units = specified
# name 0 = scan: Scan Count
# name 1 = timeS: Time, Elapsed [seconds]
# name 2 = depSM: Depth [salt water, m]
# name 3 = prDM: Pressure, Digiquartz [db]
# name 4 = t090C: Temperature [ITS-90, deg C]
# name 5 = t190C: Temperature, 2 [ITS-90, deg C]
# name 6 = c0S/m: Conductivity [S/m]
# name 7 = c1S/m: Conductivity, 2 [S/m]
# name 8 = sbeox0V: Oxygen raw, SBE 43 [V]
# name 9 = sbeox1V: Oxygen raw, SBE 43, 2 [V]
# name 10 = altM: Altimeter [m]
# name 11 = latitude: Latitude [deg]
# name 12 = longitude: Longitude [deg]
# name 13 = sbox0dV/dT: Oxygen, SBE 43 [dov/dt]
# name 14 = sbox1dV/dT: Oxygen, SBE 43, 2 [dov/dt]
# name 15 = nbf: Bottles Fired
# name 16 = flag:  0.000e+00
# interval = seconds: 0.0416667
# start_time = Oct 07 2021 16:02:53 [NMEA time, header]
# bad_flag = -9.990e-29
*END*
[from data line 2383]
     223573   9315.500    123.806    124.610    18.3578    18.3589   4.799508   4.799677     1.9023     1.5690     100.00   20.72846  -94.75126   -0.00061   -0.00030         18  0.000e+00
     223574   9315.542    123.834    124.638    18.3580    18.3590   4.799588   4.799744     1.9035     1.5690     100.00   20.72846  -94.75126   -0.00059   -0.00033         18  0.000e+00
     223575   9315.583    123.861    124.665    18.3589    18.3594   4.799654   4.799729     1.9023     1.5690     100.00   20.72846  -94.75126   -0.00057   -0.00033         18  0.000e+00
     223576   9315.625    123.834    124.638    18.3594    18.3594   4.799690   4.799773     1.9035     1.5690     100.00   20.72846  -94.75126   -0.00055   -0.00034         18  0.000e+00
     223577   9315.667    123.861    124.665    18.3595    18.3593   4.799770   4.799766     1.9035     1.5702     100.00   20.72846  -94.75126   -0.00054   -0.00033         18  0.000e+00
     223578   9315.708    123.834    124.638    18.3597    18.3596   4.799792   4.799766     1.9035     1.5690     100.00   20.72846  -94.75126   -0.00054   -0.00034         18  0.000e+00
     223579   9315.750    123.861    124.665    18.3595    18.3594   4.799756   4.799758     1.9023     1.5690     100.00   20.72846  -94.75126   -0.00054   -0.00034         18  0.000e+00
     223580   9315.792    123.834    124.638    18.3594    18.3596   4.799741   4.799780     1.9023     1.5690     100.00   20.72846  -94.75126   -0.00053   -0.00035         18  0.000e+00
     223581   9315.833    123.861    124.665    18.3592    18.3595   4.799712   4.799803     1.9035     1.5690     100.00   20.72846  -94.75126   -0.00051   -0.00037         18  0.000e+00
     223582   9315.875    123.834    124.638    18.3595    18.3596   4.799770   4.799766     1.9023     1.5690     100.00   20.72846  -94.75126   -0.00051   -0.00039         18  0.000e+00
     223583   9315.917    123.861    124.666    18.3594    18.3594   4.799792   4.799721     1.9048     1.5690     100.00   20.72846  -94.75126   -0.00046   -0.00040         18  0.000e+00
     226495   9437.250     79.438     79.945    21.9440    21.9521   5.158004   5.158867     2.8010     2.3822     100.00   20.72844  -94.75126    0.00002    0.00046         19  0.000e+00
     226496   9437.292     79.235     79.740    21.9443    21.9520   5.158094   5.158852     2.8022     2.3822     100.00   20.72844  -94.75126 8.7920e-07    0.00047         19  0.000e+00
     226497   9437.333     79.390     79.897    21.9445    21.9522   5.158109   5.158836     2.8022     2.3834     100.00   20.72844  -94.75126    0.00000    0.00049         19  0.000e+00
     226498   9437.375     79.329     79.836    21.9446    21.9520   5.158124   5.158798     2.8010     2.3822     100.00   20.72844  -94.75126   -0.00002    0.00049         19  0.000e+00
     226499   9437.417     79.390     79.897    21.9448    21.9520   5.158132   5.158821     2.8010     2.3834     100.00   20.72844  -94.75126   -0.00005    0.00051         19  0.000e+00
     226500   9437.458     79.384     79.891    21.9448    21.9526   5.158132   5.158897     2.8010     2.3834     100.00   20.72844  -94.75126   -0.00008    0.00052         19  0.000e+00
     226501   9437.500     79.391     79.897    21.9446    21.9535   5.158132   5.158989     2.8010     2.3834     100.00   20.72844  -94.75126   -0.00012    0.00054         19  0.000e+00
     226502   9437.542     79.384     79.891    21.9450    21.9542   5.158132   5.159072     2.8010     2.3834     100.00   20.72844  -94.75126   -0.00015    0.00054         19  0.000e+00
     226503   9437.583     79.384     79.891    21.9447    21.9549   5.158199   5.159225     2.8010     2.3834     100.00   20.72844  -94.75126   -0.00017    0.00053         19  0.000e+00
     226504   9437.625     79.391     79.897    21.9450    21.9556   5.158222   5.159270     2.8010     2.3834     100.00   20.72844  -94.75126   -0.00019    0.00053         19  0.000e+00
     226505   9437.667     79.431     79.938    21.9456    21.9554   5.158222   5.159232     2.8010     2.3834     100.00   20.72844  -94.75126   -0.00020    0.00052         19  0.000e+00
     226506   9437.708     79.391     79.898    21.9459    21.9555   5.158282   5.159156     2.8010     2.3834     100.00   20.72844  -94.75126   -0.00024    0.00053         19  0.000e+00
     226507   9437.750     79.384     79.891    21.9470    21.9551   5.158304   5.159103     2.8010     2.3834     100.00   20.72844  -94.75126   -0.00025    0.00054         19  0.000e+00
     226508   9437.792     79.438     79.945    21.9475    21.9540   5.158334   5.158943     2.8022     2.3834     100.00   20.72844  -94.75126   -0.00027    0.00054         19  0.000e+00
     226509   9437.833     79.431     79.939    21.9478    21.9535   5.158349   5.158882     2.8010     2.3834     100.00   20.72844  -94.75126   -0.00028    0.00055         19  0.000e+00
     226510   9437.875     79.438     79.945    21.9482    21.9533   5.158439   5.158882     2.7998     2.3834     100.00   20.72844  -94.75126   -0.00032    0.00055         19  0.000e+00
     226511   9437.917     79.432     79.939    21.9480    21.9531   5.158447   5.158882     2.7998     2.3834     100.00   20.72844  -94.75126   -0.00035    0.00056         19  0.000e+00
     226512   9437.958     79.391     79.898    21.9484    21.9536   5.158462   5.159004     2.8010     2.3834     100.00   20.72844  -94.75126   -0.00036    0.00056         19  0.000e+00
     226513   9438.000     79.432     79.939    21.9484    21.9531   5.158424   5.158951     2.8010     2.3834     100.00   20.72844  -94.75126   -0.00038    0.00056         19  0.000e+00
     226514   9438.042     79.479     79.986    21.9484    21.9529   5.158492   5.158890     2.8010     2.3834     100.00   20.72844  -94.75126   -0.00039    0.00056         19  0.000e+00
     226515   9438.083     79.438     79.946    21.9486    21.9524   5.158454   5.158844     2.8010     2.3822     100.00   20.72844  -94.75126   -0.00040    0.00055         19  0.000e+00
     226516   9438.125     79.479     79.987    21.9486    21.9522   5.158462   5.158768     2.8010     2.3822     100.00   20.72844  -94.75126   -0.00041    0.00053         19  0.000e+00
     226517   9438.167     79.391     79.898    21.9484    21.9521   5.158477   5.158776     2.8010     2.3822     100.00   20.72844  -94.75126   -0.00043    0.00051         19  0.000e+00
     226518   9438.208     79.479     79.987    21.9475    21.9522   5.158409   5.158821     2.8010     2.3822     100.00   20.72844  -94.75126   -0.00044    0.00049         19  0.000e+00
     226519   9438.250     79.439     79.946    21.9475    21.9529   5.158357   5.158897     2.8010     2.3822     100.00   20.72844  -94.75126   -0.00045    0.00047         19  0.000e+00
     226520   9438.292     79.479     79.987    21.9470    21.9528   5.158349   5.158920     2.8010     2.3822     100.00   20.72844  -94.75126   -0.00046    0.00047         19  0.000e+00
     226521   9438.333     79.486     79.994    21.9471    21.9526   5.158349   5.158821     2.8010     2.3822     100.00   20.72844  -94.75126   -0.00047    0.00044         19  0.000e+00
     226522   9438.375     79.479     79.987    21.9473    21.9522   5.158379   5.158768     2.8010     2.3810     100.00   20.72844  -94.75126   -0.00048    0.00042         19  0.000e+00
     226523   9438.417     79.486     79.994    21.9473    21.9522   5.158424   5.158783     2.8010     2.3810     100.00   20.72844  -94.75126   -0.00049    0.00040         19  0.000e+00
     226524   9438.458     79.479     79.987    21.9473    21.9522   5.158439   5.158821     2.8022     2.3810     100.00   20.72844  -94.75126   -0.00048    0.00038         19  0.000e+00
     226525   9438.500     79.486     79.994    21.9477    21.9520   5.158439   5.158837     2.8010     2.3810     100.00   20.72844  -94.75126   -0.00048    0.00036         19  0.000e+00
     226526   9438.542     79.479     79.987    21.9478    21.9522   5.158402   5.158798     2.8010     2.3810     100.00   20.72844  -94.75126   -0.00047    0.00034         19  0.000e+00
     226527   9438.583     79.479     79.987    21.9485    21.9518   5.158454   5.158760     2.8010     2.3810     100.00   20.72844  -94.75126   -0.00047    0.00031         19  0.000e+00
     226528   9438.625     79.540     80.048    21.9489    21.9519   5.158447   5.158753     2.8010     2.3797     100.00   20.72844  -94.75126   -0.00048    0.00027         19  0.000e+00
     226529   9438.667     79.480     79.987    21.9487    21.9520   5.158447   5.158814     2.8010     2.3810     100.00   20.72844  -94.75126   -0.00049    0.00025         19  0.000e+00
     226530   9438.708     79.486     79.994    21.9487    21.9519   5.158469   5.158798     2.8022     2.3810     100.00   20.72844  -94.75126   -0.00048    0.00023         19  0.000e+00
     226531   9438.750     79.480     79.987    21.9489    21.9519   5.158477   5.158791     2.8010     2.3810     100.00   20.72844  -94.75126   -0.00049    0.00021         19  0.000e+00
     226532   9438.792     79.486     79.994    21.9489    21.9520   5.158477   5.158791     2.8010     2.3810     100.00   20.72844  -94.75126   -0.00049    0.00019         19  0.000e+00
     226533   9438.833     79.534     80.042    21.9494    21.9519   5.158507   5.158760     2.8010     2.3810     100.00   20.72844  -94.75126   -0.00048    0.00018         19  0.000e+00
     226534   9438.875     79.541     80.048    21.9492    21.9519   5.158484   5.158776     2.8022     2.3810     100.00   20.72844  -94.75126   -0.00045    0.00016         19  0.000e+00
     226535   9438.917     79.480     79.987    21.9492    21.9519   5.158507   5.158806     2.8022     2.3810     100.00   20.72844  -94.75126   -0.00044    0.00014         19  0.000e+00
     226536   9438.958     79.541     80.049    21.9492    21.9519   5.158522   5.158791     2.8022     2.3810     100.00   20.72844  -94.75126   -0.00041    0.00012         19  0.000e+00
     226537   9439.000     79.480     79.987    21.9492    21.9519   5.158522   5.158791     2.8022     2.3797     100.00   20.72844  -94.75126   -0.00040    0.00008         19  0.000e+00
     226538   9439.042     79.541     80.049    21.9491    21.9518   5.158522   5.158760     2.8022     2.3810     100.00   20.72844  -94.75126   -0.00037    0.00008         19  0.000e+00
     226539   9439.083     79.534     80.042    21.9487    21.9517   5.158522   5.158814     2.8022     2.3810     100.00   20.72844  -94.75126   -0.00036    0.00008         19  0.000e+00
     226540   9439.125     79.534     80.042    21.9486    21.9517   5.158454   5.158799     2.8034     2.3810     100.00   20.72844  -94.75126   -0.00033    0.00006         19  0.000e+00
     226541   9439.167     79.541     80.049    21.9484    21.9517   5.158500   5.158760     2.8022     2.3810     100.00   20.72844  -94.75126   -0.00031    0.00004         19  0.000e+00
     226542   9439.208     79.480     79.987    21.9487    21.9515   5.158552   5.158776     2.8022     2.3810     100.00   20.72844  -94.75126   -0.00028    0.00002         19  0.000e+00
     226543   9439.250     79.541     80.049    21.9491    21.9517   5.158627   5.158760     2.8022     2.3822     100.00   20.72844  -94.75126   -0.00025    0.00001         19  0.000e+00
     226544   9439.292     79.534     80.042    21.9494    21.9515   5.158695   5.158814     2.8022     2.3810     100.00   20.72844  -94.75126   -0.00024   -0.00001         19  0.000e+00
     226545   9439.333     79.487     79.994    21.9502    21.9517   5.158665   5.158768     2.8022     2.3810     100.00   20.72844  -94.75126   -0.00023   -0.00003         19  0.000e+00
     226546   9439.375     79.534     80.042    21.9502    21.9517   5.158620   5.158753     2.8034     2.3822     100.00   20.72844  -94.75126   -0.00020   -0.00003         19  0.000e+00
     226547   9439.417     79.541     80.049    21.9492    21.9517   5.158545   5.158753     2.8022     2.3822     100.00   20.72844  -94.75126   -0.00018   -0.00003         19  0.000e+00
     226548   9439.458     79.534     80.042    21.9491    21.9516   5.158484   5.158776     2.8034     2.3822     100.00   20.72844  -94.75126   -0.00015   -0.00004         19  0.000e+00
     226549   9439.500     79.487     79.994    21.9486    21.9515   5.158507   5.158768     2.8034     2.3822     100.00   20.72844  -94.75126   -0.00013   -0.00004         19  0.000e+00
     226550   9439.542     79.534     80.042    21.9486    21.9517   5.158522   5.158753     2.8022     2.3834     100.00   20.72844  -94.75126   -0.00011   -0.00003         19  0.000e+00
     226551   9439.583     79.541     80.049    21.9486    21.9517   5.158522   5.158753     2.8022     2.3834     100.00   20.72844  -94.75126   -0.00010    0.00000         19  0.000e+00
     226552   9439.625     79.480     79.988    21.9484    21.9515   5.158454   5.158753     2.8034     2.3834     100.00   20.72844  -94.75126   -0.00007    0.00003         19  0.000e+00
     226553   9439.667     79.534     80.042    21.9487    21.9517   5.158500   5.158753     2.8022     2.3834     100.00   20.72844  -94.75126   -0.00006    0.00004         19  0.000e+00
     226554   9439.708     79.487     79.995    21.9487    21.9517   5.158484   5.158753     2.8022     2.3834     100.00   20.72844  -94.75126   -0.00005    0.00006         19  0.000e+00
     226555   9439.750     79.535     80.042    21.9494    21.9517   5.158545   5.158753     2.8022     2.3834     100.00   20.72844  -94.75126   -0.00004    0.00007         19  0.000e+00
     226556   9439.792     79.541     80.049    21.9494    21.9517   5.158597   5.158753     2.8034     2.3834     100.00   20.72844  -94.75126   -0.00003    0.00009         19  0.000e+00
     226557   9439.833     79.480     79.988    21.9494    21.9519   5.158612   5.158814     2.8034     2.3834     100.00   20.72844  -94.75126   -0.00002    0.00012         19  0.000e+00
     226558   9439.875     79.541     80.049    21.9498    21.9519   5.158635   5.158768     2.8022     2.3834     100.00   20.72844  -94.75126   -0.00001    0.00015         19  0.000e+00
     226559   9439.917     79.535     80.042    21.9503    21.9522   5.158695   5.158776     2.8022     2.3834     100.00   20.72844  -94.75126    0.00001    0.00017         19  0.000e+00
     226560   9439.958     79.487     79.995    21.9503    21.9520   5.158695   5.158760     2.8022     2.3834     100.00   20.72844  -94.75126    0.00002    0.00020         19  0.000e+00
     226561   9440.000     79.535     80.042    21.9505    21.9520   5.158695   5.158776     2.8022     2.3834     100.00   20.72844  -94.75126    0.00003    0.00022         19  0.000e+00
     226562   9440.042     79.487     79.995    21.9505    21.9519   5.158657   5.158791     2.8022     2.3834     100.00   20.72844  -94.75126    0.00004    0.00025         19  0.000e+00
     226563   9440.083     79.481     79.988    21.9503    21.9519   5.158680   5.158806     2.8022     2.3834     100.00   20.72844  -94.75126    0.00005    0.00027         19  0.000e+00
     226564   9440.125     79.535     80.043    21.9503    21.9520   5.158627   5.158829     2.8022     2.3834     100.00   20.72844  -94.75126    0.00007    0.00030         19  0.000e+00
     226565   9440.167     79.440     79.947    21.9502    21.9520   5.158612   5.158798     2.8022     2.3834     100.00   20.72844  -94.75126    0.00010    0.00032         19  0.000e+00
     226566   9440.208     79.535     80.043    21.9500    21.9524   5.158612   5.158821     2.8022     2.3834     100.00   20.72844  -94.75126    0.00013    0.00035         19  0.000e+00
     226567   9440.250     79.440     79.947    21.9498    21.9531   5.158545   5.158897     2.8034     2.3834     100.00   20.72844  -94.75126    0.00016    0.00039         19  0.000e+00
     226568   9440.292     79.481     79.988    21.9500    21.9532   5.158590   5.158920     2.8022     2.3834     100.00   20.72844  -94.75126    0.00017    0.00041         19  0.000e+00
