GOMECC/GOMECC-4/1db/rb2103_1101.cnv
* Sea-Bird SBE 9 Data File:
* FileName = C:\Users\scs.user.rb\CTD\GOMECC4\data\rb2103_1101.hex
* Software Version Seasave V 7.26.7.107
* Temperature SN = 4799
* Conductivity SN = 3860
* Number of Bytes Per Scan = 41
* Number of Voltage Words = 4
* Number of Scans Averaged by the Deck Unit = 1
* NMEA Latitude = 22 32.38 N
* NMEA Longitude = 086 36.68 W
* NMEA UTC (Time) = Oct 15 2021  05:55:57
* NMEA baud rate = 4800
# nquan = 28
# nvalues = 546                         
# units = specified
# name 0 = scan: Scan Count
# name 1 = timeS: Time, Elapsed [seconds]
# name 2 = depSM: Depth [salt water, m]
# name 3 = prDM: Pressure, Digiquartz [db]
# name 4 = t090C: Temperature [ITS-90, deg C]
# name 5 = t190C: Temperature, 2 [ITS-90, deg C]
# name 6 = c0S/m: Conductivity [S/m]
# name 7 = c1S/m: Conductivity, 2 [S/m]
# name 8 = sbeox0V: Oxygen raw, SBE 43 [V]
# name 9 = sbeox1V: Oxygen raw, SBE 43, 2 [V]
# name 10 = altM: Altimeter [m]
# name 11 = latitude: Latitude [deg]
# name 12 = longitude: Longitude [deg]
# name 13 = sbox0dV/dT: Oxygen, SBE 43 [dov/dt]
# name 14 = sbox1dV/dT: Oxygen, SBE 43, 2 [dov/dt]
# name 15 = sbeox0ML/L: Oxygen, SBE 43 [ml/l], WS = 5
# name 16 = sbeox1ML/L: Oxygen, SBE 43, 2 [ml/l], WS = 5
# name 17 = potemp090C: Potential Temperature [ITS-90, deg C]
# name 18 = potemp190C: Potential Temperature, 2 [ITS-90, deg C]
# name 19 = sal00: Salinity, Practical [PSU]
# name 20 = sal11: Salinity, Practical, 2 [PSU]
# name 21 = sigma-é00: Density [sigma-theta, kg/m^3]
# name 22 = sigma-é11: Density, 2 [sigma-theta, kg/m^3]
# name 23 = avgsvCM: Average Sound Velocity [Chen-Millero, m/s], minP = 20, minS = 20
# name 24 = sbox0Mm/Kg: Oxygen, SBE 43 [umol/kg], WS = 5
# name 25 = sbox1Mm/Kg: Oxygen, SBE 43, 2 [umol/kg], WS = 5
# name 26 = nbin: number of scans per bin
# name 27 = flag: flag
# span 0 =       5517,      64638       
# span 1 =    229.815,   2693.190       
# span 2 =      1.987,    360.409       
# span 3 =      2.000,    363.000       
# span 4 =    12.1244,    29.8860       
# span 5 =    12.1227,    29.8876       
# span 6 =   4.081201,   5.997438       
# span 7 =   4.081011,   5.997790       
# span 8 =     1.7791,     3.1658       
# span 9 =     1.4625,     2.6742       
# span 10 =      10.32,     102.19      
# span 11 =   22.23413,   22.61374      
# span 12 =  -86.84276,  -85.36185      
# span 13 =   -0.01831,    0.01310      
# span 14 =   -0.01624,    0.01486      
# span 15 =     2.7962,     4.3684      
# span 16 =     2.8099,     4.3442      
# span 17 =    12.0762,    29.8837      
# span 18 =    12.0745,    29.8854      
# span 19 =    35.5159,    36.9480      
# span 20 =    35.5156,    36.9505      
# span 21 =    22.3556,    26.9784      
# span 22 =    22.3558,    26.9785      
# span 23 =       0.00,    1545.70      
# span 24 =    121.597,    190.722      
# span 25 =    122.194,    189.655      
# span 26 =         30,         75      
# span 27 = 0.0000e+00, 0.0000e+00      
# interval = decibars: 1                
# start_time = Oct 15 2021 05:55:57 [NMEA time, header]
# bad_flag = -9.990e-29
*END*
[from data line 311]
      25422   1059.200    288.973    291.000    14.2694    14.1778   4.325373   4.315686     1.9234     1.5910      82.45   22.54956  -86.61626    0.00309    0.00257     2.9938     3.0063    14.2263    14.1361    35.8564    35.8473    26.8010    26.8126    1524.23    130.215    130.757         35 0.0000e+00
      25457   1060.687    287.981    290.000    14.2750    14.2544   4.325979   4.324248     1.9292     1.5967      83.65   22.54958  -86.61626    0.00351    0.00344     3.0061     3.0160    14.2321    14.2115    35.8571    35.8602    26.8003    26.8072    1524.23    130.747    131.179         36 0.0000e+00
      25493   1062.181    286.989    289.000    14.2955    14.2823   4.328223   4.327497     1.9333     1.6016      84.56   22.54958  -86.61626    0.00365    0.00363     3.0143     3.0261    14.2510    14.2395    35.8609    35.8649    26.7992    26.8047    1524.23    131.104    131.620         35 0.0000e+00
      25527   1063.565    285.996    288.000    14.3754    14.3744   4.338112   4.337863     1.9370     1.6057      85.60   22.54960  -86.61626    0.00295    0.00334     3.0175     3.0317    14.3326    14.3316    35.8775    35.8761    26.7945    26.7937    1524.23    131.247    131.863         33 0.0000e+00
      25561   1064.996    285.004    287.000    14.4184    14.4252   4.342833   4.343996     1.9406     1.6092      86.50   22.54960  -86.61626    0.00260    0.00285     3.0232     3.0374    14.3756    14.3824    35.8818    35.8862    26.7886    26.7905    1524.23    131.493    132.111         35 0.0000e+00
      25597   1066.487    284.012    286.000    14.4519    14.4551   4.346638   4.347343     1.9441     1.6122      87.58   22.54962  -86.61627    0.00252    0.00243     3.0291     3.0433    14.4092    14.4124    35.8862    35.8900    26.7847    26.7870    1524.23    131.752    132.370         35 0.0000e+00
      25631   1067.926    283.019    285.000    14.4819    14.4777   4.350190   4.349549     1.9471     1.6159      88.53   22.54962  -86.61628    0.00234    0.00231     3.0342     3.0512    14.4393    14.4352    35.8919    35.8898    26.7826    26.7819    1524.23    131.972    132.712         34 0.0000e+00
      25665   1069.350    282.027    284.000    14.5005    14.4938   4.352119   4.351668     1.9503     1.6169      89.38   22.54964  -86.61628    0.00216    0.00195     3.0402     3.0523    14.4580    14.4513    35.8929    35.8950    26.7793    26.7824    1524.23    132.236    132.762         34 0.0000e+00
      25699   1070.747    281.034    283.000    14.5158    14.5192   4.354010   4.354459     1.9521     1.6178      90.49   22.54965  -86.61628    0.00193    0.00102     3.0432     3.0527    14.4735    14.4768    35.8966    35.8977    26.7788    26.7789    1524.23    132.365    132.778         34 0.0000e+00
      25736   1072.274    280.042    282.000    14.5469    14.5625   4.357674   4.359549     1.9534     1.6210      84.08   22.54966  -86.61628    0.00132    0.00105     3.0440     3.0580    14.5046    14.5202    35.9021    35.9050    26.7763    26.7752    1524.23    132.399    133.009         39 0.0000e+00
      25772   1073.808    279.050    281.000    14.5548    14.5868   4.358323   4.362025     1.9551     1.6232      92.87   22.54967  -86.61628    0.00099    0.00174     3.0469     3.0619    14.5083    14.5446    35.9052    35.9058    26.7780    26.7705    1524.23    132.526    133.180         33 0.0000e+00
      25804   1075.125    278.057    280.000    14.6284    14.6347   4.367265   4.367845     1.9579     1.6251      93.42   22.54968  -86.61628    0.00132    0.00156     3.0482     3.0637    14.5870    14.5934    35.9155    35.9155    26.7688    26.7676    1524.23    132.585    133.258         32 0.0000e+00
      25839   1076.589    277.065    279.000    14.6677    14.6690   4.371563   4.371681     1.9611     1.6287      84.53   22.54968  -86.61629    0.00186    0.00173     3.0533     3.0706    14.6256    14.6270    35.9198    35.9197    26.7637    26.7633    1524.23    132.805    133.557         37 0.0000e+00
      25875   1078.080    276.072    278.000    14.6955    14.6982   4.374933   4.375279     1.9640     1.6309      73.57   22.54969  -86.61630    0.00216    0.00203     3.0580     3.0741    14.6536    14.6563    35.9255    35.9262    26.7620    26.7620    1524.23    133.009    133.713         34 0.0000e+00
      25909   1079.501    275.080    277.000    14.7161    14.7412   4.377265   4.380063     1.9666     1.6328      96.35   22.54970  -86.61630    0.00197    0.00165     3.0628     3.0759    14.6743    14.6993    35.9283    35.9321    26.7597    26.7571    1524.23    133.218    133.790         35 0.0000e+00
      25945   1081.013    274.088    276.000    14.7577    14.7780   4.381498   4.384330     1.9688     1.6358      97.50   22.54970  -86.61630    0.00171    0.00150     3.0649     3.0809    14.7159    14.7362    35.9293    35.9366    26.7513    26.7525    1524.23    133.312    134.009         37 0.0000e+00
      25982   1082.540    273.095    275.000    14.8507    14.8038   4.392723   4.387697     1.9720     1.6379      98.40   22.54972  -86.61630    0.00170    0.00169     3.0657     3.0844    14.8089    14.7621    35.9471    35.9441    26.7446    26.7526    1524.23    133.347    134.161         33 0.0000e+00
      27437   1143.147    272.103    274.000    14.9640    14.9814   4.406352   4.408653     1.9870     1.6524      98.95   22.55009  -86.61644    0.00025    0.00061     3.0940     3.1111    14.9221    14.9395    35.9679    35.9703    26.7358    26.7338    1524.23    134.579    135.324         65 0.0000e+00
      27545   1147.683    271.111    273.000    14.9806    14.9999   4.408207   4.410166     1.9888     1.6525      99.83   22.55012  -86.61644    0.00045    0.00022     3.0968     3.1099    14.9389    14.9581    35.9700    35.9741    26.7336    26.7326    1524.23    134.701    135.273         45 0.0000e+00
      27601   1149.990    270.118    272.000    15.0037    15.0170   4.411002   4.412632     1.9901     1.6544     100.00   22.55014  -86.61646    0.00064    0.00019     3.0980     3.1130    14.9620    14.9753    35.9747    35.9774    26.7322    26.7314    1524.23    134.754    135.408         64 0.0000e+00
      27655   1152.258    269.125    271.000    15.0202    15.0260   4.412790   4.413610     1.9904     1.6566     100.00   22.55016  -86.61646    0.00022    0.00117     3.0972     3.1178    14.9787    14.9845    35.9762    35.9784    26.7297    26.7301    1524.23    134.721    135.617         42 0.0000e+00
      27705   1154.328    268.133    270.000    15.0598    15.0510   4.417504   4.416498     1.9927     1.6580     100.00   22.55018  -86.61646    0.00067    0.00079     3.0995     3.1194    15.0182    15.0096    35.9835    35.9826    26.7266    26.7277    1524.23    134.819    135.685         62 0.0000e+00
      27760   1156.624    267.141    269.000    15.0620    15.0656   4.417726   4.418108     1.9940     1.6591     100.00   22.55019  -86.61647    0.00070    0.00053     3.1022     3.1209    15.0207    15.0243    35.9837    35.9839    26.7262    26.7255    1524.23    134.938    135.751         39 0.0000e+00
      27797   1158.180    266.148    268.000    15.1288    15.0990   4.425669   4.422010     1.9968     1.6602     100.00   22.55020  -86.61648    0.00100    0.00050     3.1043     3.1212    15.0880    15.0592    35.9948    35.9901    26.7198    26.7231    1524.23    135.031    135.767         45 0.0000e+00
      27848   1160.305    265.156    267.000    15.1337    15.1122   4.426267   4.423758     2.0000     1.6619      84.50   22.55023  -86.61648    0.00168    0.00085     3.1109     3.1245    15.0926    15.0711    35.9965    35.9934    26.7201    26.7224    1524.23    135.318    135.910         51 0.0000e+00
      27891   1162.080    264.163    266.000    15.1802    15.1341   4.431447   4.428232     2.0018     1.6630      56.93   22.55024  -86.61648    0.00126    0.00065     3.1117     3.1238    15.1378    15.0939    36.0022    35.9997    26.7144    26.7226    1524.23    135.351    135.878         37 0.0000e+00
      27931   1163.752    263.171    265.000    15.2395    15.2111   4.438853   4.435227     2.0050     1.6655      99.52   22.55025  -86.61649    0.00132    0.00087     3.1148     3.1265    15.1985    15.1702    36.0148    36.0082    26.7106    26.7118    1524.23    135.487    135.996         44 0.0000e+00
      27975   1165.589    262.178    264.000    15.2426    15.2254   4.439982   4.436917     2.0083     1.6696     100.00   22.55026  -86.61650    0.00186    0.00185     3.1213     3.1359    15.2018    15.1857    36.0166    36.0120    26.7112    26.7119    1524.23    135.771    136.406         42 0.0000e+00
      28016   1167.298    261.186    263.000    15.2771    15.2922   4.443209   4.444880     2.0109     1.6719      85.28   22.55028  -86.61651    0.00170    0.00186     3.1256     3.1373    15.2364    15.2521    36.0222    36.0217    26.7078    26.7034    1524.23    135.957    136.467         44 0.0000e+00
      28067   1169.399    260.193    262.000    15.2827    15.2990   4.443614   4.445793     2.0127     1.6736      60.92   22.55029  -86.61652    0.00121    0.00110     3.1291     3.1407    15.2417    15.2584    36.0199    36.0244    26.7048    26.7046    1524.23    136.112    136.613         50 0.0000e+00
      28107   1171.088    259.201    261.000    15.4720    15.4363   4.466068   4.461815     2.0160     1.6766      90.15   22.55030  -86.61652    0.00108    0.00098     3.1271     3.1407    15.4313    15.3956    36.0514    36.0443    26.6866    26.6891    1524.23    136.024    136.616         35 0.0000e+00
      28145   1172.669    258.208    260.000    15.5013    15.4896   4.469780   4.468401     2.0219     1.6823      97.63   22.55031  -86.61652    0.00249    0.00232     3.1352     3.1501    15.4606    15.4489    36.0573    36.0555    26.6844    26.6857    1524.23    136.381    137.026         44 0.0000e+00
      28195   1174.754    257.216    259.000    15.5117    15.5144   4.470665   4.471222     2.0268     1.6858      99.08   22.55033  -86.61652    0.00310    0.00277     3.1455     3.1571    15.4711    15.4738    36.0565    36.0587    26.6815    26.6826    1524.23    136.829    137.332         50 0.0000e+00
      28238   1176.547    256.223    258.000    15.5836    15.5608   4.479197   4.476118     2.0301     1.6880      80.89   22.55034  -86.61654    0.00199    0.00127     3.1480     3.1593    15.5431    15.5203    36.0679    36.0609    26.6739    26.6737    1524.23    136.939    137.430         38 0.0000e+00
      28276   1178.122    255.231    257.000    15.6421    15.6131   4.486264   4.482858     2.0331     1.6917      99.97   22.55035  -86.61654    0.00188    0.00163     3.1507     3.1651    15.6016    15.5727    36.0785    36.0743    26.6689    26.6722    1524.23    137.056    137.680         39 0.0000e+00
      28320   1179.962    254.238    256.000    15.6444    15.6356   4.486850   4.485513     2.0364     1.6938      98.75   22.55037  -86.61654    0.00189    0.00172     3.1581     3.1686    15.6041    15.5953    36.0821    36.0781    26.6711    26.6699    1524.23    137.377    137.834         52 0.0000e+00
      28371   1182.065    253.246    255.000    15.6390    15.7182   4.485989   4.495141     2.0392     1.6975      86.79   22.55038  -86.61654    0.00152    0.00139     3.1645     3.1724    15.5918    15.6779    36.0813    36.0898    26.6732    26.6601    1524.23    137.655    137.999         42 0.0000e+00
      28407   1183.582    252.253    254.000    15.7654    15.7925   4.500760   4.504112     2.0431     1.7043      97.46   22.55039  -86.61655    0.00166    0.00233     3.1656     3.1844    15.7294    15.7523    36.0962    36.1030    26.6533    26.6534    1524.23    137.704    138.525         36 0.0000e+00
      28451   1185.405    251.261    253.000    15.8092    15.8140   4.506131   4.506739     2.0475     1.7066      99.98   22.55041  -86.61656    0.00247    0.00292     3.1718     3.1888    15.7691    15.7739    36.1063    36.1069    26.6521    26.6514    1524.23    137.977    138.714         51 0.0000e+00
      28501   1187.489    250.268    252.000    15.8249    15.8278   4.507783   4.508203     2.0501     1.7075      99.17   22.55042  -86.61657    0.00181    0.00099     3.1760     3.1896    15.7849    15.7878    36.1073    36.1076    26.6492    26.6488    1524.23    138.160    138.749         46 0.0000e+00
      28542   1189.192    249.276    251.000    15.8732    15.8720   4.513335   4.513205     2.0533     1.7103     100.01   22.55044  -86.61658    0.00137    0.00087     3.1803     3.1939    15.8332    15.8321    36.1135    36.1133    26.6429    26.6431    1524.23    138.347    138.937         37 0.0000e+00
      28579   1190.736    248.283    250.000    15.8979    15.8908   4.516605   4.515751     2.0556     1.7118      89.00   22.55045  -86.61658    0.00174    0.00142     3.1837     3.1960    15.8581    15.8510    36.1206    36.1195    26.6427    26.6435    1524.23    138.493    139.031         40 0.0000e+00
      28626   1192.708    247.291    249.000    15.9158    15.9162   4.518552   4.518700     2.0580     1.7142      85.66   22.55046  -86.61658    0.00143    0.00112     3.1877     3.2000    15.8762    15.8765    36.1222    36.1232    26.6397    26.6404    1524.23    138.671    139.202         52 0.0000e+00
      28674   1194.711    246.298    248.000    15.9476    15.9558   4.522264   4.522686     2.0596     1.7154      95.11   22.55047  -86.61658    0.00092    0.00087     3.1876     3.2002    15.9080    15.9172    36.1268    36.1270    26.6360    26.6352    1524.23    138.664    139.213         44 0.0000e+00
      28717   1196.484    245.306    247.000    16.0672    16.0254   4.536696   4.532057     2.0637     1.7196      93.93   22.55049  -86.61660    0.00132    0.00135     3.1905     3.2057    16.0285    15.9859    36.1468    36.1440    26.6236    26.6313    1524.23    138.793    139.452         41 0.0000e+00
      28756   1198.129    244.313    246.000    16.0880    16.0588   4.539020   4.535477     2.0673     1.7220      99.94   22.55050  -86.61660    0.00226    0.00191     3.1963     3.2096    16.0485    16.0194    36.1497    36.1446    26.6212    26.6240    1524.23    139.045    139.622         40 0.0000e+00
      28799   1199.917    243.321    245.000    16.1243    16.0989   4.543308   4.540308     2.0699     1.7242      84.82   22.55051  -86.61660    0.00194    0.00149     3.1994     3.2117    16.0850    16.0595    36.1554    36.1518    26.6171    26.6203    1524.23    139.182    139.713         46 0.0000e+00
      28847   1201.933    242.328    244.000    16.1549    16.1237   4.546921   4.543146     2.0715     1.7244     100.12   22.55052  -86.61660    0.00111    0.00063     3.2007     3.2104    16.1156    16.0845    36.1602    36.1549    26.6137    26.6169    1524.23    139.238    139.660         49 0.0000e+00
      28892   1203.784    241.335    243.000    16.2163    16.1588   4.554242   4.547906     2.0746     1.7267      99.95   22.55054  -86.61661    0.00116    0.00048     3.2028     3.2118    16.1771    16.1197    36.1683    36.1634    26.6057    26.6153    1524.23    139.333    139.719         39 0.0000e+00
      28929   1205.352    240.343    242.000    16.3058    16.2756   4.564634   4.561341     2.0785     1.7304      97.96   22.55056  -86.61662    0.00185    0.00155     3.2057     3.2149    16.2666    16.2364    36.1817    36.1798    26.5952    26.6007    1524.23    139.458    139.858         39 0.0000e+00
      28972   1207.143    239.350    241.000    16.3466    16.3559   4.570109   4.570649     2.0835     1.7359      99.97   22.55056  -86.61662    0.00260    0.00261     3.2136     3.2233    16.3054    16.3168    36.1919    36.1901    26.5939    26.5899    1524.23    139.802    140.223         47 0.0000e+00
