GOMECC/GOMECC-4/1db/rb2103_0111.cnv
* Sea-Bird SBE 9 Data File:
* FileName = C:\Users\scs.user.rb\CTD\GOMECC4\data\rb2103_0111.hex
* Software Version Seasave V 7.26.7.107
* Temperature SN = 4799
* Conductivity SN = 3860
* Number of Bytes Per Scan = 41
* Number of Voltage Words = 4
* Number of Scans Averaged by the Deck Unit = 1
* NMEA Latitude = 26 26.63 N
* NMEA Longitude = 085 20.00 W
* NMEA UTC (Time) = Sep 18 2021  04:11:12
* NMEA baud rate = 4800
# nquan = 28
# nvalues = 1113                        
# units = specified
# name 0 = scan: Scan Count
# name 1 = timeS: Time, Elapsed [seconds]
# name 2 = depSM: Depth [salt water, m]
# name 3 = prDM: Pressure, Digiquartz [db]
# name 4 = t090C: Temperature [ITS-90, deg C]
# name 5 = t190C: Temperature, 2 [ITS-90, deg C]
# name 6 = c0S/m: Conductivity [S/m]
# name 7 = c1S/m: Conductivity, 2 [S/m]
# name 8 = sbeox0V: Oxygen raw, SBE 43 [V]
# name 9 = sbeox1V: Oxygen raw, SBE 43, 2 [V]
# name 10 = altM: Altimeter [m]
# name 11 = latitude: Latitude [deg]
# name 12 = longitude: Longitude [deg]
# name 13 = sbox0dV/dT: Oxygen, SBE 43 [dov/dt]
# name 14 = sbox1dV/dT: Oxygen, SBE 43, 2 [dov/dt]
# name 15 = sbeox0ML/L: Oxygen, SBE 43 [ml/l], WS = 5
# name 16 = sbeox1ML/L: Oxygen, SBE 43, 2 [ml/l], WS = 5
# name 17 = potemp090C: Potential Temperature [ITS-90, deg C]
# name 18 = potemp190C: Potential Temperature, 2 [ITS-90, deg C]
# name 19 = sal00: Salinity, Practical [PSU]
# name 20 = sal11: Salinity, Practical, 2 [PSU]
# name 21 = sigma-é00: Density [sigma-theta, kg/m^3]
# name 22 = sigma-é11: Density, 2 [sigma-theta, kg/m^3]
# name 23 = avgsvCM: Average Sound Velocity [Chen-Millero, m/s], minP = 20, minS = 20
# name 24 = sbox0Mm/Kg: Oxygen, SBE 43 [umol/kg], WS = 5
# name 25 = sbox1Mm/Kg: Oxygen, SBE 43, 2 [umol/kg], WS = 5
# name 26 = nbin: number of scans per bin
# name 27 = flag: flag
# span 0 =      12224,     242778       
# span 1 =    509.303,  10115.705       
# span 2 =      1.987,   3268.666       
# span 3 =      2.000,   3316.000       
# span 4 =     4.2943,    29.7991       
# span 5 =     4.2952,    29.7553       
# span 6 =   3.348280,   5.946046       
# span 7 =   3.348210,   5.946389       
# span 8 =     1.6153,     3.2418       
# span 9 =     1.3190,     2.7636       
# span 10 =       9.80,     102.32      
# span 11 =   26.38808,   27.23741      
# span 12 =  -87.89354,  -85.15284      
# span 13 =   -0.03204,    0.02889      
# span 14 =   -0.03239,    0.02498      
# span 15 =     2.5739,     4.7476      
# span 16 =     2.6046,     4.7690      
# span 17 =     4.0798,    29.7986      
# span 18 =     4.0811,    29.7549      
# span 19 =    34.8948,    36.5450      
# span 20 =    34.8935,    36.5451      
# span 21 =    22.3280,    27.7591      
# span 22 =    22.3284,    27.7573      
# span 23 =       0.00,    1547.75      
# span 24 =    111.915,    207.113      
# span 25 =    113.250,    208.029      
# span 26 =         30,         73      
# span 27 = 0.0000e+00, 0.0000e+00      
# interval = decibars: 1                
# start_time = Sep 18 2021 04:11:12 [NMEA time, header]
# bad_flag = -9.990e-29
*END*
[from data line 311]
      56384   2349.276   1592.343   1609.000     4.3147     4.3154   3.351448   3.351388     1.9376     1.6238     100.00   26.44392  -85.33299    0.00005    0.00001     4.6375     4.6971     4.1807     4.1814    34.9686    34.9671    27.7421    27.7408    1496.19    201.521    204.112         30 0.0000e+00
      56911   2371.238   1612.060   1629.000     4.3113     4.3120   3.351985   3.351914     1.9364     1.6225      99.84   26.44372  -85.33235    0.00005   -0.00005     4.6454     4.7045     4.1754     4.1762    34.9688    34.9672    27.7428    27.7414    1496.16    201.864    204.431         33 0.0000e+00
      57070   2377.871   1617.975   1635.000     4.3099     4.3107   3.352118   3.352053     1.9363     1.6218     100.00   26.44382  -85.33266   -0.00001   -0.00018     4.6489     4.7054     4.1735     4.1743    34.9688    34.9673    27.7431    27.7417    1496.17    202.015    204.468         31 0.0000e+00
      57231   2384.567   1623.889   1641.000     4.3094     4.3101   3.352336   3.352267     1.9344     1.6208      84.29   26.44391  -85.33296   -0.00031   -0.00021     4.6454     4.7047     4.1724     4.1731    34.9691    34.9675    27.7434    27.7420    1496.16    201.864    204.439         30 0.0000e+00
      57578   2399.045   1636.704   1654.000     4.3078     4.3086   3.352724   3.352663     1.9332     1.6202     100.00   26.44367  -85.33219   -0.00010    0.00006     4.6487     4.7105     4.1696     4.1704    34.9690    34.9674    27.7436    27.7423    1496.14    202.006    204.694         30 0.0000e+00
      57713   2404.666   1641.632   1659.000     4.3066     4.3074   3.352844   3.352778     1.9329     1.6203      87.58   26.44386  -85.33277    0.00001    0.00003     4.6508     4.7140     4.1679     4.1687    34.9692    34.9676    27.7440    27.7426    1496.15    202.100    204.844         33 0.0000e+00
      57843   2410.077   1646.560   1664.000     4.3058     4.3065   3.352945   3.352884     1.9320     1.6192     100.00   26.44356  -85.33182   -0.00013   -0.00021     4.6507     4.7128     4.1667     4.1674    34.9688    34.9674    27.7438    27.7426    1496.13    202.091    204.793         30 0.0000e+00
      57875   2411.422   1647.546   1665.000     4.3058     4.3065   3.353026   3.352962     1.9321     1.6190     100.00   26.44386  -85.33278   -0.00011   -0.00025     4.6515     4.7125     4.1666     4.1673    34.9693    34.9678    27.7442    27.7429    1496.15    202.127    204.780         33 0.0000e+00
      58064   2419.281   1654.445   1672.000     4.3053     4.3061   3.353295   3.353225     1.9315     1.6180      71.09   26.44397  -85.33314   -0.00005   -0.00020     4.6534     4.7127     4.1654     4.1662    34.9696    34.9680    27.7445    27.7432    1496.15    202.209    204.786         32 0.0000e+00
      58252   2427.108   1661.344   1679.000     4.3051     4.3058   3.353550   3.353491     1.9306     1.6177      93.83   26.44390  -85.33291   -0.00018   -0.00002     4.6543     4.7157     4.1645     4.1653    34.9695    34.9680    27.7445    27.7433    1496.14    202.248    204.919         32 0.0000e+00
      58679   2444.898   1677.113   1695.000     4.3032     4.3040   3.354027   3.353959     1.9289     1.6156      58.92   26.44365  -85.33211    0.00004   -0.00013     4.6576     4.7169     4.1611     4.1619    34.9693    34.9677    27.7447    27.7434    1496.13    202.393    204.968         35 0.0000e+00
      58712   2446.310   1678.098   1696.000     4.3033     4.3040   3.354102   3.354032     1.9288     1.6155     101.19   26.44386  -85.33278    0.00001   -0.00021     4.6580     4.7172     4.1611     4.1619    34.9696    34.9680    27.7450    27.7437    1496.14    202.409    204.982         30 0.0000e+00
      59084   2461.791   1691.895   1710.000     4.3030     4.3038   3.354667   3.354596     1.9270     1.6129     100.00   26.44385  -85.33276   -0.00013   -0.00020     4.6594     4.7150     4.1595     4.1603    34.9698    34.9681    27.7453    27.7439    1496.14    202.471    204.886         33 0.0000e+00
      59245   2468.483   1697.807   1716.000     4.3025     4.3033   3.354867   3.354806     1.9262     1.6126     100.00   26.44390  -85.33292   -0.00014   -0.00004     4.6599     4.7176     4.1585     4.1592    34.9697    34.9682    27.7454    27.7441    1496.14    202.492    205.001         32 0.0000e+00
      59833   2493.000   1719.485   1738.000     4.3012     4.3019   3.355643   3.355579     1.9234     1.6094     100.00   26.44362  -85.33206   -0.00019   -0.00035     4.6625     4.7178     4.1550     4.1557    34.9697    34.9681    27.7457    27.7444    1496.13    202.604    205.007         30 0.0000e+00
      59864   2494.278   1720.470   1739.000     4.3013     4.3020   3.355726   3.355648     1.9232     1.6097     100.00   26.44384  -85.33278   -0.00015   -0.00024     4.6626     4.7195     4.1550     4.1558    34.9701    34.9684    27.7460    27.7446    1496.14    202.609    205.083         30 0.0000e+00
      59995   2499.754   1725.396   1744.000     4.3016     4.3023   3.355934   3.355859     1.9223     1.6093     100.00   26.44367  -85.33224   -0.00020   -0.00006     4.6618     4.7211     4.1548     4.1555    34.9698    34.9682    27.7458    27.7445    1496.13    202.578    205.151         30 0.0000e+00
      60156   2506.462   1731.308   1750.000     4.3017     4.3025   3.356202   3.356130     1.9217     1.6092     100.00   26.44366  -85.33222   -0.00009   -0.00003     4.6631     4.7239     4.1544     4.1551    34.9699    34.9683    27.7459    27.7446    1496.13    202.632    205.276         30 0.0000e+00
      60692   2528.786   1751.012   1770.000     4.3009     4.3016   3.356947   3.356869     1.9193     1.6067     100.00   26.44356  -85.33187   -0.00011    0.00002     4.6662     4.7262     4.1516     4.1523    34.9699    34.9682    27.7462    27.7448    1496.13    202.768    205.372         30 0.0000e+00
      60723   2530.090   1751.997   1771.000     4.3009     4.3017   3.357010   3.356949     1.9192     1.6066     100.00   26.44384  -85.33278   -0.00007    0.00004     4.6663     4.7263     4.1515     4.1523    34.9702    34.9686    27.7465    27.7452    1496.15    202.770    205.379         31 0.0000e+00
      61066   2544.393   1764.804   1784.000     4.3000     4.3008   3.357432   3.357360     1.9175     1.6044     100.00   26.44338  -85.33130   -0.00020    0.00000     4.6677     4.7250     4.1494     4.1502    34.9697    34.9681    27.7463    27.7450    1496.13    202.830    205.322         34 0.0000e+00
      61104   2545.953   1765.789   1785.000     4.3000     4.3008   3.357520   3.357456     1.9172     1.6044      99.48   26.44384  -85.33278   -0.00018    0.00001     4.6671     4.7257     4.1493     4.1501    34.9703    34.9688    27.7468    27.7455    1496.16    202.807    205.351         36 0.0000e+00
      61228   2551.138   1770.714   1790.000     4.2992     4.3001   3.357627   3.357557     1.9168     1.6039     100.00   26.44354  -85.33181   -0.00006   -0.00007     4.6686     4.7268     4.1480     4.1489    34.9700    34.9683    27.7467    27.7453    1496.15    202.869    205.399         35 0.0000e+00
      61264   2552.631   1771.699   1791.000     4.2992     4.3000   3.357695   3.357630     1.9168     1.6037     100.00   26.44384  -85.33278   -0.00005   -0.00019     4.6693     4.7264     4.1479     4.1487    34.9704    34.9688    27.7470    27.7456    1496.17    202.902    205.383         33 0.0000e+00
      61388   2557.804   1776.624   1796.000     4.2992     4.3001   3.357895   3.357833     1.9163     1.6030      97.22   26.44377  -85.33248   -0.00010   -0.00007     4.6703     4.7264     4.1474     4.1483    34.9703    34.9687    27.7470    27.7457    1496.16    202.943    205.385         30 0.0000e+00
      61420   2559.143   1777.609   1797.000     4.2992     4.3000   3.357949   3.357875     1.9162     1.6029      99.98   26.44386  -85.33278   -0.00005   -0.00007     4.6704     4.7269     4.1473     4.1481    34.9705    34.9688    27.7472    27.7457    1496.17    202.947    205.402         34 0.0000e+00
      61581   2565.848   1783.520   1803.000     4.2989     4.2998   3.358180   3.358120     1.9150     1.6020     100.00   26.44401  -85.33326   -0.00015    0.00001     4.6696     4.7266     4.1465     4.1473    34.9706    34.9691    27.7474    27.7460    1496.18    202.912    205.391         31 0.0000e+00
      61715   2571.413   1788.445   1808.000     4.2986     4.2993   3.358363   3.358289     1.9148     1.6019     100.00   26.44403  -85.33334   -0.00007   -0.00005     4.6717     4.7291     4.1456     4.1464    34.9708    34.9691    27.7476    27.7462    1496.19    203.005    205.501         30 0.0000e+00
      61877   2578.151   1794.354   1814.000     4.2979     4.2988   3.358547   3.358489     1.9139     1.6008     100.00   26.44392  -85.33295   -0.00018   -0.00004     4.6719     4.7285     4.1444     4.1453    34.9707    34.9691    27.7477    27.7463    1496.18    203.012    205.476         30 0.0000e+00
      62225   2592.656   1807.158   1827.000     4.2977     4.2986   3.359079   3.358999     1.9123     1.5997     100.00   26.44396  -85.33311    0.00000   -0.00013     4.6736     4.7318     4.1429     4.1438    34.9710    34.9692    27.7480    27.7465    1496.21    203.088    205.618         32 0.0000e+00
      62602   2608.394   1820.946   1841.000     4.2967     4.2976   3.359571   3.359503     1.9100     1.5982     100.00   26.44406  -85.33341   -0.00018   -0.00025     4.6732     4.7340     4.1406     4.1414    34.9711    34.9694    27.7484    27.7469    1496.22    203.071    205.713         31 0.0000e+00
      62735   2613.911   1825.870   1846.000     4.2965     4.2974   3.359707   3.359645     1.9096     1.5977     100.00   26.44359  -85.33191   -0.00004    0.00001     4.6749     4.7348     4.1398     4.1407    34.9706    34.9689    27.7480    27.7466    1496.20    203.143    205.749         30 0.0000e+00
      62869   2619.484   1830.794   1851.000     4.2965     4.2974   3.359902   3.359835     1.9095     1.5971     100.00   26.44349  -85.33159   -0.00000   -0.00004     4.6776     4.7355     4.1394     4.1403    34.9704    34.9687    27.7480    27.7465    1496.20    203.261    205.776         36 0.0000e+00
      62903   2620.934   1831.779   1852.000     4.2965     4.2974   3.359982   3.359915     1.9096     1.5969      98.32   26.44386  -85.33278   -0.00000   -0.00006     4.6782     4.7354     4.1392     4.1401    34.9709    34.9692    27.7484    27.7469    1496.22    203.288    205.773         30 0.0000e+00
      63002   2625.057   1835.718   1856.000     4.2961     4.2970   3.360085   3.360019     1.9088     1.5960     100.00   26.44360  -85.33194   -0.00017   -0.00020     4.6778     4.7340     4.1385     4.1394    34.9706    34.9689    27.7482    27.7467    1496.22    203.272    205.713         35 0.0000e+00
      63037   2626.492   1836.703   1857.000     4.2962     4.2971   3.360161   3.360094     1.9085     1.5959     100.00   26.44386  -85.33278   -0.00024   -0.00030     4.6771     4.7341     4.1385     4.1393    34.9709    34.9692    27.7485    27.7470    1496.23    203.242    205.715         30 0.0000e+00
      63139   2630.738   1840.642   1861.000     4.2963     4.2972   3.360323   3.360260     1.9080     1.5950      95.27   26.44374  -85.33238   -0.00016   -0.00017     4.6777     4.7327     4.1382     4.1391    34.9708    34.9692    27.7484    27.7470    1496.23    203.268    205.656         31 0.0000e+00
      63245   2635.173   1844.581   1865.000     4.2963     4.2973   3.360488   3.360428     1.9073     1.5946     100.00   26.44372  -85.33232   -0.00018   -0.00006     4.6771     4.7335     4.1378     4.1388    34.9708    34.9691    27.7484    27.7470    1496.23    203.241    205.689         30 0.0000e+00
      63646   2651.868   1859.351   1880.000     4.2956     4.2964   3.361015   3.360950     1.9047     1.5925      97.23   26.44358  -85.33188   -0.00019   -0.00019     4.6762     4.7339     4.1356     4.1365    34.9706    34.9690    27.7486    27.7471    1496.24    203.199    205.707         30 0.0000e+00
      63678   2653.201   1860.336   1881.000     4.2956     4.2965   3.361092   3.361027     1.9047     1.5928      57.45   26.44386  -85.33278   -0.00013   -0.00020     4.6767     4.7359     4.1356     4.1364    34.9710    34.9694    27.7489    27.7475    1496.26    203.222    205.795         32 0.0000e+00
      63807   2658.589   1865.259   1886.000     4.2961     4.2969   3.361288   3.361226     1.9039     1.5922     100.00   26.44350  -85.33163   -0.00015   -0.00015     4.6767     4.7361     4.1355     4.1364    34.9705    34.9689    27.7484    27.7470    1496.25    203.223    205.804         35 0.0000e+00
      63842   2660.048   1866.243   1887.000     4.2961     4.2970   3.361392   3.361318     1.9036     1.5922      97.07   26.44386  -85.33278   -0.00013   -0.00006     4.6761     4.7368     4.1355     4.1364    34.9711    34.9694    27.7490    27.7475    1496.27    203.197    205.833         31 0.0000e+00
      63971   2665.434   1871.166   1892.000     4.2959     4.2968   3.361569   3.361503     1.9029     1.5910     100.00   26.44382  -85.33266   -0.00006   -0.00025     4.6761     4.7349     4.1348     4.1357    34.9711    34.9694    27.7490    27.7475    1496.28    203.197    205.751         30 0.0000e+00
      64134   2672.209   1877.074   1898.000     4.2958     4.2967   3.361810   3.361737     1.9021     1.5897      88.60   26.44387  -85.33280   -0.00011   -0.00023     4.6768     4.7327     4.1340     4.1349    34.9712    34.9694    27.7492    27.7476    1496.29    203.227    205.656         31 0.0000e+00
      64266   2677.695   1881.997   1903.000     4.2960     4.2968   3.362014   3.361948     1.9014     1.5897     100.00   26.44373  -85.33236   -0.00008    0.00002     4.6770     4.7357     4.1337     4.1346    34.9710    34.9694    27.7490    27.7476    1496.29    203.236    205.787         33 0.0000e+00
      64298   2679.045   1882.981   1904.000     4.2959     4.2969   3.362066   3.362007     1.9013     1.5893     100.00   26.44386  -85.33278   -0.00014   -0.00005     4.6774     4.7346     4.1336     4.1345    34.9712    34.9695    27.7492    27.7478    1496.30    203.252    205.738         30 0.0000e+00
      64396   2683.113   1886.919   1908.000     4.2959     4.2968   3.362185   3.362114     1.9008     1.5884      95.29   26.44354  -85.33173   -0.00015   -0.00021     4.6779     4.7336     4.1331     4.1340    34.9707    34.9690    27.7489    27.7474    1496.28    203.274    205.696         30 0.0000e+00
      64428   2684.448   1887.904   1909.000     4.2959     4.2967   3.362258   3.362192     1.9006     1.5884      90.67   26.44386  -85.33278   -0.00015   -0.00012     4.6774     4.7340     4.1330     4.1339    34.9711    34.9695    27.7492    27.7478    1496.31    203.254    205.711         32 0.0000e+00
      64558   2689.886   1892.826   1914.000     4.2956     4.2965   3.362436   3.362373     1.9001     1.5876      39.51   26.44377  -85.33250   -0.00015   -0.00016     4.6784     4.7338     4.1323     4.1332    34.9711    34.9694    27.7492    27.7478    1496.30    203.297    205.702         30 0.0000e+00
      64590   2691.193   1893.811   1915.000     4.2956     4.2966   3.362492   3.362418     1.8998     1.5873     100.28   26.44386  -85.33280   -0.00012   -0.00012     4.6781     4.7332     4.1322     4.1331    34.9713    34.9694    27.7494    27.7478    1496.32    203.283    205.676         32 0.0000e+00
      65123   2713.435   1913.500   1935.000     4.2944     4.2953   3.363174   3.363101     1.8968     1.5848      73.70   26.44363  -85.33208   -0.00017   -0.00038     4.6786     4.7348     4.1290     4.1299    34.9711    34.9693    27.7496    27.7481    1496.34    203.305    205.745         33 0.0000e+00
