GOMECC/GOMECC-4/1db/rb2103_0781.cnv
* Sea-Bird SBE 9 Data File:
* FileName = C:\Users\scs.user.rb\CTD\GOMECC4\data\rb2103_0781.hex
* Software Version Seasave V 7.26.7.107
* Temperature SN = 4799
* Conductivity SN = 3860
* Number of Bytes Per Scan = 41
* Number of Voltage Words = 4
* Number of Scans Averaged by the Deck Unit = 1
* NMEA Latitude = 22 16.52 N
* NMEA Longitude = 097 27.17 W
* NMEA UTC (Time) = Oct 06 2021  03:00:19
* NMEA baud rate = 4800
# nquan = 28
# nvalues = 91                          
# units = specified
# name 0 = scan: Scan Count
# name 1 = timeS: Time, Elapsed [seconds]
# name 2 = depSM: Depth [salt water, m]
# name 3 = prDM: Pressure, Digiquartz [db]
# name 4 = t090C: Temperature [ITS-90, deg C]
# name 5 = t190C: Temperature, 2 [ITS-90, deg C]
# name 6 = c0S/m: Conductivity [S/m]
# name 7 = c1S/m: Conductivity, 2 [S/m]
# name 8 = sbeox0V: Oxygen raw, SBE 43 [V]
# name 9 = sbeox1V: Oxygen raw, SBE 43, 2 [V]
# name 10 = altM: Altimeter [m]
# name 11 = latitude: Latitude [deg]
# name 12 = longitude: Longitude [deg]
# name 13 = sbox0dV/dT: Oxygen, SBE 43 [dov/dt]
# name 14 = sbox1dV/dT: Oxygen, SBE 43, 2 [dov/dt]
# name 15 = sbeox0ML/L: Oxygen, SBE 43 [ml/l], WS = 5
# name 16 = sbeox1ML/L: Oxygen, SBE 43, 2 [ml/l], WS = 5
# name 17 = potemp090C: Potential Temperature [ITS-90, deg C]
# name 18 = potemp190C: Potential Temperature, 2 [ITS-90, deg C]
# name 19 = sal00: Salinity, Practical [PSU]
# name 20 = sal11: Salinity, Practical, 2 [PSU]
# name 21 = sigma-é00: Density [sigma-theta, kg/m^3]
# name 22 = sigma-é11: Density, 2 [sigma-theta, kg/m^3]
# name 23 = avgsvCM: Average Sound Velocity [Chen-Millero, m/s], minP = 20, minS = 20
# name 24 = sbox0Mm/Kg: Oxygen, SBE 43 [umol/kg], WS = 5
# name 25 = sbox1Mm/Kg: Oxygen, SBE 43, 2 [umol/kg], WS = 5
# name 26 = nbin: number of scans per bin
# name 27 = flag: flag
# span 0 =      11192,      36855       
# span 1 =    466.309,   1535.567       
# span 2 =      0.994,     64.584       
# span 3 =      1.000,     65.000       
# span 4 =    23.7526,    29.8156       
# span 5 =    23.7525,    29.8166       
# span 6 =   5.341347,   6.023735       
# span 7 =   5.341453,   6.023997       
# span 8 =     3.0466,     3.3710       
# span 9 =     2.5977,     2.8853       
# span 10 =       8.21,      70.40      
# span 11 =   22.18639,   22.47236      
# span 12 =  -98.31501,  -97.06385      
# span 13 =   -0.02292,    0.04070      
# span 14 =   -0.02175,    0.03490      
# span 15 =     4.3210,     5.0306      
# span 16 =     4.3002,     5.0381      
# span 17 =    23.7396,    29.8129      
# span 18 =    23.7395,    29.8139      
# span 19 =    36.1036,    36.5674      
# span 20 =    35.2997,    36.5685      
# span 21 =    22.7382,    24.7503      
# span 22 =    22.1042,    24.7630      
# span 23 =       0.00,    1557.35      
# span 24 =    188.670,    219.370      
# span 25 =    187.762,    219.699      
# span 26 =         30,         71      
# span 27 = 0.0000e+00, 0.0000e+00      
# interval = decibars: 1                
# start_time = Oct 06 2021 03:00:19 [NMEA time, header]
# bad_flag = -9.990e-29
*END*
      11192    466.309      3.975      4.000    29.5558    29.5579   5.970730   5.971125     3.1532     2.6662      66.45   22.27542  -97.45326   -0.00039    0.00152     4.3334     4.3129    29.5549    29.5569    36.2464    36.2476    22.8129    22.8131       0.00    189.212    188.318         30 0.0000e+00
      11396    474.782      4.969      5.000    29.5577    29.5590   5.970984   5.971292     3.1533     2.6677      65.64   22.27542  -97.45328    0.00020    0.00000     4.3340     4.3163    29.5564    29.5578    36.2465    36.2476    22.8125    22.8128       0.00    189.239    188.466         34 0.0000e+00
      11535    480.594      5.962      6.000    29.5597    29.5611   5.971227   5.971551     3.1520     2.6675      64.63   22.27542  -97.45329   -0.00015    0.00116     4.3322     4.3163    29.5582    29.5596    36.2464    36.2475    22.8117    22.8121       0.00    189.159    188.465         37 0.0000e+00
      11663    485.922      6.956      7.000    29.5622    29.5633   5.971532   5.971793     3.1503     2.6671      63.64   22.27542  -97.45330   -0.00033   -0.00075     4.3294     4.3159    29.5605    29.5616    36.2463    36.2472    22.8109    22.8112       0.00    189.040    188.451         36 0.0000e+00
      11770    490.380      7.950      8.000    29.5615    29.5631   5.971491   5.971834     3.1507     2.6630      62.83   22.27542  -97.45330    0.00058   -0.00191     4.3307     4.3083    29.5596    29.5611    36.2462    36.2473    22.8111    22.8115       0.00    189.095    188.118         47 0.0000e+00
      11865    494.335      8.944      9.000    29.5620    29.5634   5.971585   5.971862     3.1500     2.6643      61.70   22.27542  -97.45331   -0.00050   -0.00039     4.3298     4.3113    29.5598    29.5612    36.2462    36.2470    22.8110    22.8112       0.00    189.057    188.247         53 0.0000e+00
      11951    497.907      9.937     10.000    29.5644    29.5646   5.971872   5.972038     3.1498     2.6653      60.81   22.27542  -97.45332   -0.00053    0.00011     4.3299     4.3137    29.5619    29.5621    36.2461    36.2472    22.8103    22.8111       0.00    189.060    188.352         40 0.0000e+00
      12016    500.616     10.931     11.000    29.5636    29.5649   5.971828   5.972136     3.1501     2.6611      59.94   22.27542  -97.45332    0.00032   -0.00186     4.3309     4.3059    29.5609    29.5622    36.2460    36.2472    22.8106    22.8110       0.00    189.106    188.012         40 0.0000e+00
      12100    504.135     11.925     12.000    29.5645    29.5661   5.971965   5.972309     3.1505     2.6638      58.97   22.27542  -97.45332    0.00024    0.00078     4.3321     4.3117    29.5615    29.5632    36.2460    36.2472    22.8104    22.8106       0.00    189.158    188.267         69 0.0000e+00
      12174    507.225     12.918     13.000    29.5648    29.5662   5.972056   5.972376     3.1508     2.6661      58.06   22.27542  -97.45332   -0.00039    0.00052     4.3331     4.3168    29.5616    29.5630    36.2461    36.2473    22.8104    22.8108       0.00    189.200    188.489         55 0.0000e+00
      12226    509.362     13.912     14.000    29.5655    29.5673   5.972167   5.972538     3.1506     2.6640      56.95   22.27542  -97.45332    0.00050   -0.00017     4.3332     4.3131    29.5621    29.5638    36.2460    36.2473    22.8102    22.8105       0.00    189.205    188.328         32 0.0000e+00
      12314    513.061     14.906     15.000    29.5650    29.5668   5.972164   5.972526     3.1494     2.6637      56.14   22.27542  -97.45332   -0.00065    0.00026     4.3317     4.3130    29.5613    29.5631    36.2461    36.2472    22.8105    22.8107       0.00    189.137    188.321         48 0.0000e+00
      12361    514.988     15.899     16.000    29.5643    29.5667   5.972138   5.972547     3.1502     2.6633      55.13   22.27542  -97.45333    0.00052   -0.00097     4.3337     4.3126    29.5604    29.5627    36.2462    36.2472    22.8109    22.8108       0.00    189.227    188.307         52 0.0000e+00
      12424    517.643     16.893     17.000    29.5665    29.5685   5.972385   5.972777     3.1480     2.6643      54.11   22.27542  -97.45334   -0.00050    0.00043     4.3300     4.3150    29.5623    29.5643    36.2460    36.2471    22.8100    22.8102       0.00    189.067    188.411         63 0.0000e+00
      12496    520.605     17.887     18.000    29.5641    29.5661   5.972219   5.972590     3.1496     2.6637      53.33   22.27542  -97.45334    0.00008   -0.00002     4.3336     4.3145    29.5597    29.5617    36.2463    36.2473    22.8112    22.8113       0.00    189.223    188.389         42 0.0000e+00
      12539    522.412     18.880     19.000    29.5645    29.5662   5.972309   5.972673     3.1499     2.6642      52.40   22.27542  -97.45334    0.00083    0.00019     4.3346     4.3161    29.5598    29.5616    36.2463    36.2475    22.8111    22.8114       0.00    189.268    188.458         52 0.0000e+00
      12605    525.161     19.874     20.000    29.5647    29.5679   5.972355   5.972858     3.1480     2.6622      51.23   22.27542  -97.45334   -0.00105   -0.00081     4.3317     4.3126    29.5598    29.5630    36.2461    36.2472    22.8110    22.8107     711.79    189.141    188.304         63 0.0000e+00
      12669    527.813     20.868     21.000    29.5663    29.5680   5.972558   5.972914     3.1456     2.6628      50.45   22.27542  -97.45334   -0.00045   -0.00005     4.3280     4.3142    29.5611    29.5628    36.2461    36.2472    22.8106    22.8108    1552.95    188.976    188.375         67 0.0000e+00
      12724    530.114     21.861     22.000    29.5674    29.5685   5.972706   5.973020     3.1483     2.6662      49.52   22.27542  -97.45334    0.00000    0.00081     4.3332     4.3214    29.5620    29.5631    36.2460    36.2473    22.8102    22.8108    1546.34    189.206    188.688         43 0.0000e+00
      12781    532.510     22.855     23.000    29.5686    29.5698   5.972860   5.973166     3.1473     2.6638      48.51   22.27542  -97.45334    0.00051    0.00011     4.3318     4.3172    29.5629    29.5642    36.2458    36.2470    22.8097    22.8102    1546.34    189.143    188.505         46 0.0000e+00
      12849    535.333     23.849     24.000    29.5669    29.5688   5.972743   5.973105     3.1471     2.6627      47.57   22.27542  -97.45334   -0.00040   -0.00105     4.3321     4.3155    29.5610    29.5629    36.2460    36.2471    22.8105    22.8107    1546.35    189.159    188.431         49 0.0000e+00
      12901    537.482     24.842     25.000    29.5681    29.5694   5.972902   5.973213     3.1473     2.6610      46.56   22.27542  -97.45334    0.00046    0.00010     4.3328     4.3126    29.5620    29.5633    36.2459    36.2470    22.8101    22.8105    1546.35    189.188    188.305         59 0.0000e+00
      12962    540.021     25.836     26.000    29.5689    29.5707   5.973028   5.973386     3.1468     2.6592      45.66   22.27542  -97.45336   -0.00018   -0.00106     4.3324     4.3094    29.5626    29.5644    36.2458    36.2469    22.8098    22.8101    1546.35    189.172    188.163         65 0.0000e+00
      13027    542.739     26.829     27.000    29.5678    29.5693   5.972947   5.973304     3.1456     2.6641      44.74   22.27542  -97.45336   -0.00046    0.00116     4.3309     4.3198    29.5611    29.5627    36.2459    36.2471    22.8104    22.8108    1546.36    189.105    188.619         57 0.0000e+00
      13084    545.119     27.823     28.000    29.5657    29.5669   5.972789   5.973100     3.1445     2.6617      43.76   22.27542  -97.45336   -0.00029    0.00015     4.3296     4.3157    29.5588    29.5600    36.2461    36.2473    22.8113    22.8118    1546.36    189.049    188.439         63 0.0000e+00
      13143    547.582     28.817     29.000    29.5665    29.5671   5.972929   5.973176     3.1415     2.6602      42.79   22.27543  -97.45336   -0.00171   -0.00032     4.3247     4.3132    29.5594    29.5600    36.2461    36.2473    22.8112    22.8119    1546.37    188.832    188.332         50 0.0000e+00
      13199    549.917     29.810     30.000    29.5673    29.5683   5.973056   5.973375     3.1430     2.6613      41.82   22.27543  -97.45338    0.00031   -0.00014     4.3278     4.3158    29.5599    29.5609    36.2460    36.2472    22.8109    22.8114    1546.37    188.970    188.445         57 0.0000e+00
      13268    552.799     30.804     31.000    29.5630    29.5642   5.972662   5.972967     3.1443     2.6591      40.93   22.27542  -97.45338    0.00044   -0.00045     4.3310     4.3122    29.5554    29.5566    36.2463    36.2475    22.8126    22.8131    1546.38    189.109    188.289         51 0.0000e+00
      13316    554.810     31.797     32.000    29.5626    29.5634   5.972707   5.972938     3.1437     2.6589      40.00   22.27543  -97.45338   -0.00002   -0.00062     4.3303     4.3124    29.5547    29.5555    36.2465    36.2477    22.8131    22.8137    1546.38    189.079    188.295         53 0.0000e+00
      13384    557.628     32.791     33.000    29.5623    29.5639   5.972691   5.973044     3.1413     2.6615      38.92   22.27543  -97.45338   -0.00071    0.00109     4.3268     4.3180    29.5542    29.5558    36.2464    36.2476    22.8131    22.8135    1546.39    188.923    188.539         66 0.0000e+00
      13442    560.024     33.785     34.000    29.5624    29.5630   5.972724   5.972902     3.1408     2.6606      38.13   22.27544  -97.45338   -0.00040   -0.00093     4.3264     4.3169    29.5540    29.5546    36.2465    36.2478    22.8133    22.8140    1546.39    188.909    188.493         44 0.0000e+00
      13495    562.245     34.778     35.000    29.5620    29.5620   5.972744   5.972926     3.1409     2.6602      37.04   22.27544  -97.45338   -0.00003   -0.00006     4.3270     4.3166    29.5534    29.5534    36.2465    36.2477    22.8134    22.8144    1546.40    188.936    188.481         58 0.0000e+00
      13565    565.155     35.772     36.000    29.5594    29.5620   5.972523   5.972950     3.1436     2.6567      36.14   22.27544  -97.45338    0.00081   -0.00148     4.3325     4.3103    29.5505    29.5531    36.2466    36.2477    22.8145    22.8145    1546.40    189.172    188.204         54 0.0000e+00
      13618    567.371     36.766     37.000    29.5627    29.5645   5.972966   5.973338     3.1438     2.6587      35.22   22.27544  -97.45340    0.00031   -0.00018     4.3332     4.3145    29.5536    29.5554    36.2468    36.2481    22.8137    22.8140    1546.41    189.205    188.386         60 0.0000e+00
      13682    570.048     37.759     38.000    29.5644    29.5661   5.973159   5.973520     3.1403     2.6588      34.13   22.27544  -97.45340   -0.00077    0.00093     4.3274     4.3151    29.5550    29.5568    36.2466    36.2478    22.8130    22.8133    1546.41    188.949    188.413         62 0.0000e+00
      13740    572.458     38.753     39.000    29.5649    29.5670   5.973251   5.973644     3.1428     2.6549      33.28   22.27544  -97.45340    0.00009   -0.00107     4.3322     4.3078    29.5553    29.5574    36.2465    36.2477    22.8128    22.8130    1546.42    189.161    188.095         61 0.0000e+00
      13803    575.090     39.746     40.000    29.5675    29.5683   5.973576   5.973823     3.1415     2.6576      32.27   22.27544  -97.45340    0.00008   -0.00054     4.3302     4.3136    29.5576    29.5584    36.2465    36.2476    22.8121    22.8126    1546.42    189.074    188.349         56 0.0000e+00
      13854    577.198     40.740     41.000    29.5660    29.5682   5.973456   5.973861     3.1414     2.6603      31.34   22.27544  -97.45340   -0.00029    0.00205     4.3306     4.3195    29.5559    29.5581    36.2465    36.2477    22.8126    22.8127    1546.43    189.093    188.608         54 0.0000e+00
      13927    580.248     41.733     42.000    29.5543    29.5467   5.972646   5.972485     3.1433     2.6586      30.37   22.27544  -97.45340    0.00038   -0.00054     4.3355     4.3179    29.5440    29.5364    36.2495    36.2529    22.8189    22.8240    1546.44    189.303    188.535         54 0.0000e+00
      13983    582.576     42.727     43.000    29.5354    29.5366   5.971345   5.971675     3.1488     2.6580      29.50   22.27544  -97.45340    0.00191    0.00032     4.3471     4.3181    29.5248    29.5260    36.2546    36.2559    22.8292    22.8298    1546.44    189.808    188.544         50 0.0000e+00
      14036    584.792     43.720     44.000    29.5341    29.5357   5.971363   5.971697     3.1509     2.6666      28.44   22.27544  -97.45340    0.00161    0.00162     4.3514     4.3356    29.5233    29.5249    36.2554    36.2564    22.8304    22.8306    1546.45    189.996    189.307         62 0.0000e+00
      14105    587.665     44.714     45.000    29.4840    29.4840   5.967562   5.967544     3.1519     2.6690      27.51   22.27544  -97.45340    0.00025    0.00138     4.3582     4.3448    29.4729    29.4729    36.2632    36.2649    22.8533    22.8546    1546.45    190.289    189.705         69 0.0000e+00
      14165    590.152     45.707     46.000    29.1106    29.0871   5.927616   5.925605     3.1617     2.6855      26.64   22.27544  -97.45341    0.00272    0.00423     4.4033     4.4049    29.0994    29.0759    36.2741    36.2779    22.9874    22.9982    1546.45    192.235    192.301         49 0.0000e+00
      14219    592.428     46.701     47.000    27.9782    27.9262   5.803106   5.799153     3.2506     2.7781      25.63   22.27544  -97.45342    0.02238    0.02955     4.6672     4.6897    27.9553    27.9151    36.2796    36.2860    23.3714    23.3934    1546.41    203.669    204.646         56 0.0000e+00
      14285    595.168     47.695     48.000    27.0060    27.0014   5.700179   5.700328     3.3268     2.8443      24.67   22.27544  -97.45342    0.04070    0.03490     4.8764     4.8869    26.9951    26.9904    36.2924    36.2971    23.6931    23.6981    1546.33    212.745    213.199         51 0.0000e+00
      14344    597.619     48.688     49.000    26.7152    26.7095   5.668846   5.668696     3.3635     2.8764      23.70   22.27544  -97.45342    0.01907    0.01695     4.9765     4.9830    26.7040    26.6983    36.2944    36.2978    23.7878    23.7921    1546.22    217.086    217.367         71 0.0000e+00
      14404    600.124     49.682     50.000    26.5372    26.5375   5.649908   5.650368     3.3710     2.8853      22.81   22.27544  -97.45342    0.00686    0.00563     5.0069     5.0163    26.5259    26.5262    36.2970    36.3001    23.8464    23.8486    1546.10    218.400    218.809         39 0.0000e+00
      14454    602.192     50.675     51.000    26.4016    26.3977   5.635586   5.635560     3.3675     2.8843      21.76   22.27544  -97.45342   -0.00048    0.00112     5.0129     5.0265    26.3900    26.3862    36.2996    36.3024    23.8914    23.8948    1545.98    218.652    219.245         44 0.0000e+00
      14531    605.402     51.669     52.000    26.0520    26.0426   5.597551   5.597033     3.3586     2.8741      20.77   22.27544  -97.45342   -0.00236   -0.00248     5.0283     5.0358    26.0403    26.0309    36.2984    36.3021    24.0006    24.0064    1545.86    219.300    219.628         55 0.0000e+00
      14581    607.491     52.662     53.000    25.5763    25.5851   5.544983   5.546576     3.3346     2.8564      19.91   22.27544  -97.45342   -0.00593   -0.00675     5.0306     5.0381    25.5646    25.5734    36.2901    36.2948    24.1426    24.1434    1545.72    219.370    219.699         54 0.0000e+00
      14650    610.376     53.656     54.000    24.8433    24.8431   5.464329   5.464736     3.2568     2.7784      18.76   22.27544  -97.45343   -0.02292   -0.02175     4.9389     4.9321    24.8316    24.8314    36.2780    36.2812    24.3588    24.3613    1545.54    215.325    215.028         58 0.0000e+00
