GOMECC/GOMECC-4/1db/rb2103_0861.ros
* Sea-Bird SBE 9 Data File:
* FileName = C:\Users\scs.user.rb\CTD\GOMECC4\data\rb2103_0861.hex
* Software Version Seasave V 7.26.7.107
* Temperature SN = 4799
* Conductivity SN = 3860
* Number of Bytes Per Scan = 41
* Number of Voltage Words = 4
* Number of Scans Averaged by the Deck Unit = 1
* NMEA Latitude = 20 01.19 N
* NMEA Longitude = 093 46.26 W
* NMEA UTC (Time) = Oct 08 2021  06:53:11
* NMEA baud rate = 4800
# nquan = 17
# nvalues = 2128                                  
# units = specified
# name 0 = scan: Scan Count
# name 1 = timeS: Time, Elapsed [seconds]
# name 2 = depSM: Depth [salt water, m]
# name 3 = prDM: Pressure, Digiquartz [db]
# name 4 = t090C: Temperature [ITS-90, deg C]
# name 5 = t190C: Temperature, 2 [ITS-90, deg C]
# name 6 = c0S/m: Conductivity [S/m]
# name 7 = c1S/m: Conductivity, 2 [S/m]
# name 8 = sbeox0V: Oxygen raw, SBE 43 [V]
# name 9 = sbeox1V: Oxygen raw, SBE 43, 2 [V]
# name 10 = altM: Altimeter [m]
# name 11 = latitude: Latitude [deg]
# name 12 = longitude: Longitude [deg]
# name 13 = sbox0dV/dT: Oxygen, SBE 43 [dov/dt]
# name 14 = sbox1dV/dT: Oxygen, SBE 43, 2 [dov/dt]
# name 15 = nbf: Bottles Fired
# name 16 = flag:  0.000e+00
# interval = seconds: 0.0416667
# start_time = Oct 08 2021 06:53:11 [NMEA time, header]
# bad_flag = -9.990e-29
*END*
[from data line 1022]
      96213   4008.833    397.330    400.159     9.8787     9.8934   3.835815   3.837019     1.5800     1.2833      97.36   20.02052  -93.77198   -0.00006   -0.00003          8  0.000e+00
      96214   4008.875    397.248    400.076     9.8796     9.8935   3.835576   3.837006     1.5800     1.2833      97.36   20.02052  -93.77198   -0.00007   -0.00003          8  0.000e+00
      96215   4008.917    397.282    400.111     9.8815     9.8937   3.835390   3.837019     1.5800     1.2833      97.36   20.02052  -93.77198   -0.00007   -0.00003          8  0.000e+00
      96216   4008.958    397.282    400.111     9.8810     9.8935   3.835270   3.837006     1.5800     1.2833      97.36   20.02052  -93.77198   -0.00005   -0.00003          8  0.000e+00
      96217   4009.000    397.228    400.056     9.8733     9.8934   3.835164   3.836979     1.5812     1.2833      97.36   20.02052  -93.77198   -0.00004   -0.00003          8  0.000e+00
      96218   4009.042    397.303    400.132     9.8713     9.8929   3.835117   3.836939     1.5800     1.2833      97.36   20.02052  -93.77198   -0.00004   -0.00003          8  0.000e+00
      96219   4009.083    397.228    400.056     9.8787     9.8927   3.835130   3.836905     1.5800     1.2833      97.36   20.02052  -93.77198   -0.00004   -0.00003          8  0.000e+00
      96220   4009.125    397.283    400.111     9.8820     9.8931   3.835064   3.836972     1.5800     1.2833      97.36   20.02052  -93.77198   -0.00005   -0.00003          8  0.000e+00
      96221   4009.167    397.228    400.057     9.8768     9.8927   3.834964   3.836945     1.5800     1.2833      97.36   20.02052  -93.77198   -0.00005   -0.00003          8  0.000e+00
      96222   4009.208    397.249    400.077     9.8725     9.8925   3.834911   3.836932     1.5800     1.2833      97.34   20.02052  -93.77198   -0.00005   -0.00003          8  0.000e+00
      96223   4009.250    397.229    400.057     9.8699     9.8926   3.834851   3.836878     1.5800     1.2833      97.36   20.02052  -93.77198   -0.00006   -0.00003          8  0.000e+00
      96224   4009.292    397.283    400.112     9.8681     9.8927   3.834784   3.836885     1.5800     1.2833      97.36   20.02052  -93.77198   -0.00006   -0.00002          8  0.000e+00
      96225   4009.333    397.229    400.057     9.8664     9.8923   3.834745   3.836898     1.5800     1.2833      98.73   20.02052  -93.77198   -0.00006   -0.00002          8  0.000e+00
      96226   4009.375    397.249    400.078     9.8646     9.8923   3.834658   3.836898     1.5800     1.2833      99.95   20.02052  -93.77198   -0.00005   -0.00002          8  0.000e+00
      96227   4009.417    397.229    400.057     9.8623     9.8922   3.834505   3.836871     1.5800     1.2833     100.00   20.02052  -93.77198   -0.00003   -0.00002          8  0.000e+00
      96228   4009.458    397.284    400.112     9.8609     9.8923   3.834339   3.836837     1.5800     1.2833     100.00   20.02052  -93.77198   -0.00002   -0.00002          8  0.000e+00
      96229   4009.500    397.229    400.057     9.8597     9.8918   3.834219   3.836810     1.5800     1.2833     100.00   20.02052  -93.77198   -0.00002   -0.00002          8  0.000e+00
      96230   4009.542    397.250    400.078     9.8597     9.8916   3.834040   3.836770     1.5812     1.2833     100.00   20.02052  -93.77198   -0.00000   -0.00002          8  0.000e+00
      96231   4009.583    397.229    400.058     9.8594     9.8907   3.833887   3.836783     1.5800     1.2833     100.00   20.02052  -93.77198   -0.00000   -0.00002          8  0.000e+00
      96232   4009.625    397.229    400.058     9.8602     9.8903   3.833827   3.836743     1.5812     1.2833     100.00   20.02052  -93.77198    0.00001   -0.00002          8  0.000e+00
      96233   4009.667    397.230    400.058     9.8610     9.8899   3.833820   3.836676     1.5812     1.2833     100.00   20.02052  -93.77198    0.00003   -0.00002          8  0.000e+00
      96234   4009.708    397.250    400.078     9.8615     9.8903   3.833840   3.836682     1.5812     1.2833     100.00   20.02052  -93.77198    0.00004   -0.00002          8  0.000e+00
      96235   4009.750    397.284    400.113     9.8627     9.8902   3.833980   3.836770     1.5800     1.2833     100.00   20.02052  -93.77198    0.00004   -0.00002          8  0.000e+00
      96236   4009.792    397.230    400.058     9.8625     9.8911   3.834000   3.836817     1.5800     1.2833     100.00   20.02052  -93.77198    0.00003   -0.00002          8  0.000e+00
      96237   4009.833    397.284    400.113     9.8631     9.8920   3.834113   3.836878     1.5800     1.2833     100.00   20.02052  -93.77198    0.00003   -0.00002          8  0.000e+00
      96238   4009.875    397.250    400.079     9.8684     9.8923   3.834385   3.836918     1.5800     1.2833     100.00   20.02052  -93.77198    0.00003   -0.00001          8  0.000e+00
      96239   4009.917    397.285    400.113     9.8751     9.8924   3.834844   3.836905     1.5800     1.2833     100.00   20.02052  -93.77198    0.00003   -0.00001          8  0.000e+00
      96240   4009.958    397.285    400.113     9.8822     9.8923   3.835583   3.836844     1.5800     1.2821     100.00   20.02052  -93.77198    0.00002   -0.00003          8  0.000e+00
      96241   4010.000    397.285    400.114     9.8875     9.8922   3.836241   3.836905     1.5800     1.2833     100.00   20.02052  -93.77198    0.00004   -0.00003          8  0.000e+00
      96242   4010.042    397.251    400.079     9.8902     9.8926   3.836600   3.836912     1.5800     1.2833     100.00   20.02052  -93.77198    0.00005   -0.00003          8  0.000e+00
      96243   4010.083    397.285    400.114     9.8902     9.8925   3.836660   3.836945     1.5800     1.2833     100.00   20.02052  -93.77198    0.00007   -0.00003          8  0.000e+00
      96244   4010.125    397.285    400.114     9.8904     9.8921   3.836687   3.836986     1.5800     1.2833     100.00   20.02052  -93.77198    0.00006   -0.00003          8  0.000e+00
      96245   4010.167    397.333    400.162     9.8899     9.8927   3.836654   3.837019     1.5812     1.2833     100.00   20.02052  -93.77198    0.00008   -0.00003          8  0.000e+00
      96246   4010.208    397.306    400.135     9.8883     9.8932   3.836627   3.837033     1.5812     1.2833     100.00   20.02052  -93.77198    0.00009   -0.00002          8  0.000e+00
      96247   4010.250    397.285    400.114     9.8876     9.8937   3.836600   3.837053     1.5812     1.2833     100.00   20.02052  -93.77198    0.00011   -0.00001          8  0.000e+00
      96248   4010.292    397.333    400.162     9.8881     9.8937   3.836700   3.837040     1.5812     1.2833     100.00   20.02052  -93.77198    0.00012   -0.00000          8  0.000e+00
      96249   4010.333    397.333    400.162     9.8904     9.8940   3.836807   3.837033     1.5800     1.2833     100.00   20.02052  -93.77198    0.00012   -0.00000          8  0.000e+00
      96250   4010.375    397.306    400.135     9.8919     9.8939   3.836906   3.837006     1.5800     1.2833     100.00   20.02052  -93.77198    0.00012   -0.00000          8  0.000e+00
      96251   4010.417    397.333    400.163     9.8927     9.8938   3.836940   3.837046     1.5812     1.2833     100.00   20.02052  -93.77198    0.00013 1.5451e-12          8  0.000e+00
      96252   4010.458    397.334    400.163     9.8930     9.8939   3.837006   3.837067     1.5800     1.2833     100.00   20.02052  -93.77198    0.00013    0.00000          8  0.000e+00
      96253   4010.500    397.381    400.211     9.8932     9.8943   3.837006   3.837087     1.5800     1.2833     100.00   20.02052  -93.77198    0.00012    0.00000          8  0.000e+00
      96254   4010.542    397.354    400.183     9.8933     9.8949   3.836980   3.837181     1.5800     1.2833     100.00   20.02052  -93.77198    0.00012    0.00000          8  0.000e+00
     104718   4363.208    297.954    300.003    11.2384    11.2373   3.979947   3.979783     1.6203     1.3175     100.00   20.02064  -93.77216    0.00017   -0.00009          9  0.000e+00
     104719   4363.250    297.948    299.997    11.2384    11.2373   3.979954   3.979804     1.6203     1.3175     100.00   20.02064  -93.77216    0.00018   -0.00011          9  0.000e+00
     104720   4363.292    297.846    299.894    11.2382    11.2371   3.979927   3.979797     1.6203     1.3175     100.00   20.02064  -93.77216    0.00017   -0.00012          9  0.000e+00
     104721   4363.333    297.751    299.798    11.2380    11.2370   3.979893   3.979838     1.6203     1.3175      81.44   20.02064  -93.77216    0.00017   -0.00013          9  0.000e+00
     104722   4363.375    297.846    299.894    11.2380    11.2370   3.979907   3.979811     1.6203     1.3175      58.00   20.02064  -93.77216    0.00016   -0.00014          9  0.000e+00
     104723   4363.417    297.751    299.798    11.2379    11.2371   3.979900   3.979776     1.6203     1.3175      52.48   20.02064  -93.77216    0.00017   -0.00017          9  0.000e+00
     104724   4363.458    297.798    299.846    11.2380    11.2372   3.979913   3.979790     1.6203     1.3175      53.46   20.02064  -93.77216    0.00016   -0.00020          9  0.000e+00
     104725   4363.500    297.805    299.853    11.2380    11.2371   3.979920   3.979777     1.6203     1.3175      54.43   20.02064  -93.77216    0.00017   -0.00021          9  0.000e+00
     104726   4363.542    297.798    299.846    11.2379    11.2374   3.979920   3.979790     1.6203     1.3175      54.63   20.02064  -93.77216    0.00017   -0.00023          9  0.000e+00
     104727   4363.583    297.798    299.846    11.2380    11.2373   3.979920   3.979811     1.6203     1.3175      54.58   20.02064  -93.77216    0.00018   -0.00024          9  0.000e+00
     104728   4363.625    297.799    299.846    11.2380    11.2372   3.979920   3.979797     1.6203     1.3175      54.53   20.02064  -93.77216    0.00019   -0.00025          9  0.000e+00
     104729   4363.667    297.799    299.846    11.2382    11.2370   3.979920   3.979838     1.6203     1.3175      54.53   20.02064  -93.77216    0.00018   -0.00026          9  0.000e+00
     104730   4363.708    297.846    299.895    11.2380    11.2370   3.979927   3.979811     1.6203     1.3187      54.53   20.02064  -93.77216    0.00017   -0.00025          9  0.000e+00
     104731   4363.750    297.799    299.847    11.2382    11.2369   3.979947   3.979811     1.6203     1.3175      54.53   20.02064  -93.77216    0.00016   -0.00025          9  0.000e+00
     104732   4363.792    297.806    299.854    11.2384    11.2371   3.979954   3.979824     1.6203     1.3175      54.53   20.02064  -93.77216    0.00015   -0.00028          9  0.000e+00
     104733   4363.833    297.799    299.847    11.2382    11.2371   3.979927   3.979818     1.6203     1.3175      54.53   20.02064  -93.77216    0.00014   -0.00029          9  0.000e+00
     104734   4363.875    297.847    299.895    11.2382    11.2372   3.979940   3.979824     1.6203     1.3175      54.53   20.02064  -93.77216    0.00015   -0.00029          9  0.000e+00
     104735   4363.917    297.799    299.847    11.2384    11.2371   3.979954   3.979818     1.6190     1.3175      54.53   20.02064  -93.77216    0.00014   -0.00030          9  0.000e+00
     104736   4363.958    297.799    299.847    11.2382    11.2374   3.979907   3.979824     1.6190     1.3175      54.53   20.02064  -93.77216    0.00013   -0.00031          9  0.000e+00
     104737   4364.000    297.799    299.847    11.2384    11.2376   3.979913   3.979872     1.6190     1.3175      54.53   20.02064  -93.77216    0.00012   -0.00031          9  0.000e+00
     104738   4364.042    297.799    299.847    11.2382    11.2379   3.979967   3.979818     1.6203     1.3175      54.53   20.02064  -93.77216    0.00013   -0.00032          9  0.000e+00
     104739   4364.083    297.806    299.854    11.2384    11.2378   3.979961   3.979838     1.6203     1.3175      54.53   20.02064  -93.77216    0.00014   -0.00032          9  0.000e+00
     104740   4364.125    297.799    299.847    11.2382    11.2379   3.979974   3.979831     1.6190     1.3187      54.53   20.02064  -93.77216    0.00011   -0.00031          9  0.000e+00
     104741   4364.167    297.799    299.847    11.2384    11.2379   3.979934   3.979818     1.6203     1.3175      54.53   20.02064  -93.77216    0.00010   -0.00031          9  0.000e+00
     104742   4364.208    297.799    299.847    11.2385    11.2374   3.979920   3.979797     1.6203     1.3175      54.53   20.02064  -93.77216    0.00009   -0.00034          9  0.000e+00
     104743   4364.250    297.799    299.847    11.2386    11.2373   3.979927   3.979777     1.6203     1.3187      54.53   20.02064  -93.77216    0.00008   -0.00032          9  0.000e+00
     104744   4364.292    297.752    299.799    11.2387    11.2374   3.979920   3.979790     1.6203     1.3187      54.53   20.02064  -93.77216    0.00007   -0.00031          9  0.000e+00
     104745   4364.333    297.847    299.895    11.2384    11.2371   3.979920   3.979777     1.6190     1.3175      67.94   20.02064  -93.77216    0.00006   -0.00031          9  0.000e+00
     104746   4364.375    297.752    299.800    11.2382    11.2370   3.979920   3.979790     1.6190     1.3175      94.02   20.02064  -93.77216    0.00003   -0.00032          9  0.000e+00
     104747   4364.417    297.800    299.848    11.2380    11.2373   3.979893   3.979811     1.6190     1.3175     100.00   20.02064  -93.77216    0.00002   -0.00032          9  0.000e+00
     104748   4364.458    297.752    299.800    11.2377    11.2374   3.979886   3.979797     1.6190     1.3187     100.00   20.02064  -93.77216   -0.00001   -0.00031          9  0.000e+00
     104749   4364.500    297.800    299.848    11.2377    11.2370   3.979839   3.979777     1.6203     1.3187     100.00   20.02064  -93.77216   -0.00002   -0.00031          9  0.000e+00
     104750   4364.542    297.752    299.800    11.2375    11.2373   3.979785   3.979818     1.6203     1.3187      99.78   20.02064  -93.77216   -0.00001   -0.00030          9  0.000e+00
     104751   4364.583    297.752    299.800    11.2374    11.2372   3.979778   3.979845     1.6203     1.3187      99.80   20.02064  -93.77216   -0.00000   -0.00028          9  0.000e+00
     104752   4364.625    297.800    299.848    11.2371    11.2368   3.979778   3.979831     1.6203     1.3187      99.85   20.02064  -93.77216   -0.00001   -0.00027          9  0.000e+00
     104753   4364.667    297.705    299.752    11.2369    11.2368   3.979778   3.979790     1.6203     1.3175      99.85   20.02064  -93.77216   -0.00001   -0.00029          9  0.000e+00
     104754   4364.708    297.800    299.848    11.2370    11.2370   3.979751   3.979838     1.6190     1.3175      99.85   20.02064  -93.77216   -0.00002   -0.00030          9  0.000e+00
     104755   4364.750    297.698    299.745    11.2364    11.2370   3.979765   3.979852     1.6190     1.3187      99.85   20.02064  -93.77216   -0.00003   -0.00028          9  0.000e+00
     104756   4364.792    297.753    299.800    11.2370    11.2370   3.979758   3.979811     1.6203     1.3187      99.85   20.02064  -93.77216   -0.00002   -0.00027          9  0.000e+00
     104757   4364.833    297.753    299.800    11.2364    11.2371   3.979772   3.979838     1.6203     1.3175      99.85   20.02064  -93.77216   -0.00001   -0.00027          9  0.000e+00
     104758   4364.875    297.698    299.745    11.2362    11.2370   3.979832   3.979811     1.6190     1.3187      99.85   20.02064  -93.77216   -0.00002   -0.00026          9  0.000e+00
     104759   4364.917    297.753    299.800    11.2367    11.2371   3.979853   3.979756     1.6190     1.3175      99.88   20.02064  -93.77216   -0.00003   -0.00026          9  0.000e+00
