GOMECC/GOMECC-4/1db/rb2103_0961.ros
* Sea-Bird SBE 9 Data File:
* FileName = C:\Users\scs.user.rb\CTD\GOMECC4\data\rb2103_0961.hex
* Software Version Seasave V 7.26.7.107
* Temperature SN = 4799
* Conductivity SN = 3860
* Number of Bytes Per Scan = 41
* Number of Voltage Words = 4
* Number of Scans Averaged by the Deck Unit = 1
* NMEA Latitude = 22 39.54 N
* NMEA Longitude = 090 17.28 W
* NMEA UTC (Time) = Oct 11 2021  07:29:15
* NMEA baud rate = 4800
# nquan = 17
# nvalues = 1330                                  
# units = specified
# name 0 = scan: Scan Count
# name 1 = timeS: Time, Elapsed [seconds]
# name 2 = depSM: Depth [salt water, m]
# name 3 = prDM: Pressure, Digiquartz [db]
# name 4 = t090C: Temperature [ITS-90, deg C]
# name 5 = t190C: Temperature, 2 [ITS-90, deg C]
# name 6 = c0S/m: Conductivity [S/m]
# name 7 = c1S/m: Conductivity, 2 [S/m]
# name 8 = sbeox0V: Oxygen raw, SBE 43 [V]
# name 9 = sbeox1V: Oxygen raw, SBE 43, 2 [V]
# name 10 = altM: Altimeter [m]
# name 11 = latitude: Latitude [deg]
# name 12 = longitude: Longitude [deg]
# name 13 = sbox0dV/dT: Oxygen, SBE 43 [dov/dt]
# name 14 = sbox1dV/dT: Oxygen, SBE 43, 2 [dov/dt]
# name 15 = nbf: Bottles Fired
# name 16 = flag:  0.000e+00
# interval = seconds: 0.0416667
# start_time = Oct 11 2021 07:29:15 [NMEA time, header]
# bad_flag = -9.990e-29
*END*
[from data line 1192]
      42763   1781.750     14.977     15.073    29.5077    29.5083   5.981528   5.981940     3.1477     2.6667      94.16   22.65996  -90.28766   -0.00007    0.00001          9  0.000e+00
      42764   1781.792     15.032     15.127    29.5077    29.5087   5.981640   5.981957     3.1477     2.6679      94.16   22.65996  -90.28768   -0.00012    0.00006          9  0.000e+00
      42765   1781.833     14.930     15.025    29.5076    29.5087   5.981671   5.981973     3.1490     2.6654      94.16   22.65996  -90.28768   -0.00014    0.00008          9  0.000e+00
      42766   1781.875     14.978     15.073    29.5074    29.5087   5.981671   5.982013     3.1490     2.6654      94.16   22.65996  -90.28768   -0.00017    0.00009          9  0.000e+00
      42767   1781.917     14.978     15.073    29.5072    29.5087   5.981775   5.982062     3.1490     2.6654      94.16   22.65996  -90.28768   -0.00021    0.00012          9  0.000e+00
      44489   1853.667      2.707      2.724    29.5385    29.5356   5.965856   5.965682     3.1477     2.6679     100.00   22.66002  -90.28766   -0.00177    0.00074         10  0.000e+00
      44490   1853.708      2.605      2.622    29.5383    29.5359   5.965856   5.965731     3.1465     2.6679     100.00   22.66002  -90.28766   -0.00171    0.00084         10  0.000e+00
      44491   1853.750      2.808      2.826    29.5383    29.5360   5.965856   5.965747     3.1465     2.6679     100.00   22.66002  -90.28766   -0.00165    0.00097         10  0.000e+00
      44492   1853.792      2.707      2.724    29.5385    29.5357   5.965856   5.965634     3.1477     2.6691     100.00   22.66000  -90.28766   -0.00157    0.00113         10  0.000e+00
      44493   1853.833      2.659      2.676    29.5387    29.5347   5.965816   5.965529     3.1477     2.6679     100.00   22.66000  -90.28766   -0.00149    0.00128         10  0.000e+00
      44494   1853.875      2.707      2.724    29.5387    29.5336   5.965840   5.965431     3.1477     2.6691     100.00   22.66000  -90.28766   -0.00140    0.00144         10  0.000e+00
      44495   1853.917      2.707      2.724    29.5388    29.5330   5.965928   5.965440     3.1477     2.6691     100.00   22.66000  -90.28766   -0.00134    0.00157         10  0.000e+00
      44496   1853.958      2.707      2.724    29.5388    29.5325   5.965840   5.965415     3.1477     2.6691     100.00   22.66000  -90.28766   -0.00127    0.00171         10  0.000e+00
      44497   1854.000      2.659      2.676    29.5392    29.5321   5.965880   5.965367     3.1477     2.6691     100.00   22.66000  -90.28766   -0.00120    0.00186         10  0.000e+00
      44498   1854.042      2.707      2.724    29.5392    29.5317   5.965904   5.965391     3.1477     2.6691     100.00   22.66000  -90.28766   -0.00113    0.00202         10  0.000e+00
      44499   1854.083      2.659      2.676    29.5392    29.5317   5.965976   5.965367     3.1477     2.6679     100.00   22.66000  -90.28766   -0.00107    0.00216         10  0.000e+00
      44500   1854.125      2.659      2.676    29.5394    29.5321   5.965928   5.965391     3.1490     2.6679     100.00   22.66000  -90.28766   -0.00100    0.00226         10  0.000e+00
      44501   1854.167      2.653      2.669    29.5394    29.5324   5.965904   5.965440     3.1490     2.6679     100.00   22.66000  -90.28766   -0.00094    0.00236         10  0.000e+00
      44502   1854.208      2.659      2.676    29.5392    29.5325   5.965936   5.965383     3.1477     2.6679     100.00   22.66000  -90.28766   -0.00090    0.00250         10  0.000e+00
      44503   1854.250      2.659      2.676    29.5394    29.5323   5.965912   5.965391     3.1477     2.6667     100.00   22.66000  -90.28766   -0.00084    0.00261         10  0.000e+00
      44504   1854.292      2.612      2.628    29.5392    29.5323   5.965936   5.965367     3.1477     2.6654     100.00   22.66000  -90.28766   -0.00080    0.00271         10  0.000e+00
      44505   1854.333      2.659      2.676    29.5398    29.5323   5.965983   5.965359     3.1490     2.6679     100.00   22.66000  -90.28766   -0.00074    0.00281         10  0.000e+00
      44506   1854.375      2.659      2.676    29.5396    29.5325   5.965960   5.965318     3.1490     2.6667     100.00   22.66000  -90.28766   -0.00070    0.00289         10  0.000e+00
      44507   1854.417      2.612      2.628    29.5394    29.5329   5.965912   5.965456     3.1490     2.6654     100.00   22.66000  -90.28766   -0.00066    0.00293         10  0.000e+00
      44508   1854.458      2.659      2.676    29.5396    29.5334   5.965976   5.965464     3.1490     2.6642     100.00   22.66000  -90.28766   -0.00062    0.00296         10  0.000e+00
      44509   1854.500      2.659      2.676    29.5394    29.5338   5.965999   5.965488     3.1490     2.6654     100.00   22.66000  -90.28766   -0.00058    0.00300         10  0.000e+00
      44510   1854.542      2.612      2.628    29.5394    29.5342   5.966023   5.965504     3.1490     2.6654     100.00   22.66000  -90.28766   -0.00055    0.00302         10  0.000e+00
      44511   1854.583      2.653      2.669    29.5396    29.5343   5.966007   5.965537     3.1490     2.6654     100.00   22.66000  -90.28766   -0.00053    0.00304         10  0.000e+00
      44512   1854.625      2.659      2.676    29.5396    29.5342   5.966031   5.965553     3.1490     2.6642     100.00   22.66000  -90.28766   -0.00051    0.00304         10  0.000e+00
      44513   1854.667      2.659      2.676    29.5398    29.5345   5.966047   5.965626     3.1490     2.6654     100.00   22.66000  -90.28766   -0.00048    0.00305         10  0.000e+00
      44514   1854.708      2.612      2.628    29.5396    29.5355   5.966007   5.965723     3.1490     2.6654     100.00   22.66000  -90.28766   -0.00046    0.00304         10  0.000e+00
      44515   1854.750      2.707      2.724    29.5398    29.5370   5.966031   5.965852     3.1490     2.6654     100.00   22.66000  -90.28766   -0.00044    0.00304         10  0.000e+00
      44516   1854.792      2.612      2.628    29.5398    29.5374   5.966047   5.965893     3.1502     2.6654     100.00   22.66002  -90.28766   -0.00040    0.00302         10  0.000e+00
      44517   1854.833      2.659      2.676    29.5398    29.5381   5.966007   5.965925     3.1502     2.6630     100.00   22.66002  -90.28766   -0.00034    0.00296         10  0.000e+00
      44518   1854.875      2.659      2.676    29.5398    29.5381   5.966031   5.965941     3.1502     2.6630     100.00   22.66002  -90.28766   -0.00030    0.00288         10  0.000e+00
      44519   1854.917      2.659      2.676    29.5398    29.5379   5.966079   5.965869     3.1490     2.6630     100.00   22.66002  -90.28766   -0.00026    0.00280         10  0.000e+00
      44520   1854.958      2.707      2.724    29.5398    29.5377   5.966023   5.965877     3.1502     2.6630     100.00   22.66002  -90.28766   -0.00021    0.00272         10  0.000e+00
      44521   1855.000      2.653      2.669    29.5398    29.5375   5.965960   5.965820     3.1490     2.6630     100.00   22.66002  -90.28766   -0.00017    0.00264         10  0.000e+00
      44522   1855.042      2.659      2.676    29.5400    29.5379   5.965177   5.965869     3.1490     2.6618     100.00   22.66002  -90.28766   -0.00013    0.00252         10  0.000e+00
      44523   1855.083      2.707      2.724    29.5398    29.5382   5.965512   5.965925     3.1502     2.6630     100.00   22.66002  -90.28766   -0.00008    0.00241         10  0.000e+00
      44524   1855.125      2.659      2.676    29.5398    29.5381   5.965991   5.965901     3.1490     2.6618      89.84   22.66002  -90.28766   -0.00004    0.00229         10  0.000e+00
      44525   1855.167      2.659      2.676    29.5396    29.5371   5.966055   5.965966     3.1490     2.6618      77.61   22.66002  -90.28766   -0.00000    0.00216         10  0.000e+00
      44526   1855.208      2.707      2.724    29.5396    29.5370   5.966007   5.965950     3.1490     2.6618      74.80   22.66002  -90.28766    0.00003    0.00203         10  0.000e+00
      44527   1855.250      2.707      2.724    29.5396    29.5373   5.966071   5.965974     3.1490     2.6618      75.34   22.66002  -90.28766    0.00007    0.00190         10  0.000e+00
      44528   1855.292      2.659      2.676    29.5396    29.5381   5.966023   5.966022     3.1490     2.6618      75.85   22.66002  -90.28766    0.00011    0.00177         10  0.000e+00
      44529   1855.333      2.659      2.676    29.5394    29.5384   5.966031   5.966039     3.1490     2.6618      75.95   22.66002  -90.28766    0.00014    0.00164         10  0.000e+00
      44530   1855.375      2.707      2.724    29.5396    29.5389   5.966047   5.966039     3.1490     2.6618      75.92   22.66002  -90.28766    0.00018    0.00150         10  0.000e+00
      44531   1855.417      2.707      2.724    29.5394    29.5390   5.966079   5.966111     3.1490     2.6618      75.90   22.66002  -90.28766    0.00022    0.00137         10  0.000e+00
      44532   1855.458      2.707      2.724    29.5394    29.5392   5.965984   5.966063     3.1490     2.6618      75.90   22.66002  -90.28766    0.00026    0.00123         10  0.000e+00
      44533   1855.500      2.707      2.724    29.5394    29.5392   5.966023   5.966071     3.1502     2.6618      75.87   22.66002  -90.28766    0.00033    0.00109         10  0.000e+00
      44534   1855.542      2.707      2.724    29.5394    29.5388   5.966007   5.966047     3.1490     2.6618      75.90   22.66002  -90.28766    0.00037    0.00095         10  0.000e+00
      44535   1855.583      2.707      2.724    29.5394    29.5388   5.965960   5.966039     3.1490     2.6618      75.87   22.66002  -90.28766    0.00042    0.00080         10  0.000e+00
      44536   1855.625      2.707      2.724    29.5394    29.5384   5.965952   5.966071     3.1490     2.6618      75.87   22.66002  -90.28766    0.00046    0.00068         10  0.000e+00
      44537   1855.667      2.707      2.724    29.5396    29.5388   5.966023   5.966087     3.1490     2.6618      75.87   22.66002  -90.28766    0.00050    0.00055         10  0.000e+00
      44538   1855.708      2.707      2.724    29.5394    29.5392   5.965936   5.965974     3.1490     2.6618      75.90   22.66002  -90.28766    0.00053    0.00042         10  0.000e+00
      44539   1855.750      2.707      2.724    29.5396    29.5396   5.965976   5.966120     3.1490     2.6630      75.90   22.66002  -90.28766    0.00057    0.00032         10  0.000e+00
      44540   1855.792      2.761      2.778    29.5396    29.5403   5.966000   5.966184     3.1490     2.6618      75.90   22.66002  -90.28766    0.00061    0.00020         10  0.000e+00
      44541   1855.833      2.707      2.724    29.5396    29.5404   5.965992   5.966217     3.1490     2.6630      75.90   22.66002  -90.28766    0.00065    0.00012         10  0.000e+00
      44542   1855.875      2.754      2.772    29.5396    29.5405   5.965992   5.966273     3.1490     2.6630      75.90   22.66002  -90.28766    0.00068    0.00004         10  0.000e+00
      44543   1855.917      2.761      2.778    29.5396    29.5409   5.966000   5.966281     3.1477     2.6630      75.87   22.66002  -90.28766    0.00072   -0.00004         10  0.000e+00
      44544   1855.958      2.707      2.724    29.5396    29.5406   5.966031   5.966281     3.1490     2.6630      75.90   22.66002  -90.28766    0.00078   -0.00011         10  0.000e+00
      44545   1856.000      2.761      2.778    29.5394    29.5407   5.966008   5.966241     3.1490     2.6630      75.90   22.66002  -90.28766    0.00084   -0.00018         10  0.000e+00
      44546   1856.042      2.761      2.778    29.5396    29.5403   5.966000   5.966265     3.1477     2.6642      75.87   22.66002  -90.28766    0.00087   -0.00021         10  0.000e+00
      44547   1856.083      2.761      2.778    29.5396    29.5403   5.965960   5.966241     3.1477     2.6630      86.08   22.66002  -90.28766    0.00091   -0.00026         10  0.000e+00
      44548   1856.125      2.761      2.778    29.5396    29.5401   5.965952   5.966192     3.1477     2.6642      98.32   22.66002  -90.28766    0.00094   -0.00030         10  0.000e+00
      44549   1856.167      2.761      2.778    29.5392    29.5397   5.966023   5.966144     3.1490     2.6630     100.00   22.66002  -90.28766    0.00100   -0.00031         10  0.000e+00
      44550   1856.208      2.761      2.778    29.5396    29.5397   5.966008   5.966168     3.1477     2.6630     100.00   22.66002  -90.28766    0.00102   -0.00035         10  0.000e+00
      44551   1856.250      2.761      2.778    29.5394    29.5402   5.966000   5.966217     3.1477     2.6630     100.00   22.66002  -90.28766    0.00104   -0.00038         10  0.000e+00
      44552   1856.292      2.761      2.778    29.5396    29.5401   5.965960   5.966233     3.1477     2.6630      99.98   22.66002  -90.28766    0.00107   -0.00038         10  0.000e+00
      44553   1856.333      2.754      2.772    29.5394    29.5401   5.965984   5.966233     3.1477     2.6630     100.00   22.66002  -90.28766    0.00109   -0.00038         10  0.000e+00
      44554   1856.375      2.761      2.778    29.5394    29.5399   5.965960   5.966233     3.1477     2.6630     100.00   22.66002  -90.28766    0.00112   -0.00037         10  0.000e+00
      44555   1856.417      2.808      2.826    29.5396    29.5399   5.965984   5.966160     3.1477     2.6630     100.00   22.66002  -90.28766    0.00113   -0.00037         10  0.000e+00
      44556   1856.458      2.761      2.778    29.5396    29.5392   5.965960   5.966136     3.1477     2.6618     100.00   22.66002  -90.28766    0.00113   -0.00038         10  0.000e+00
      44557   1856.500      2.761      2.778    29.5394    29.5396   5.965984   5.966136     3.1477     2.6618     100.00   22.66002  -90.28766    0.00114   -0.00040         10  0.000e+00
      44558   1856.542      2.808      2.826    29.5394    29.5395   5.965960   5.966168     3.1477     2.6618     100.00   22.66002  -90.28766    0.00113   -0.00041         10  0.000e+00
      44559   1856.583      2.761      2.778    29.5394    29.5396   5.965912   5.966184     3.1477     2.6618     100.00   22.66002  -90.28766    0.00112   -0.00045         10  0.000e+00
      44560   1856.625      2.808      2.826    29.5394    29.5396   5.965936   5.966144     3.1477     2.6606     100.00   22.66002  -90.28766    0.00109   -0.00052         10  0.000e+00
      44561   1856.667      2.808      2.826    29.5396    29.5394   5.965952   5.966136     3.1477     2.6606     100.00   22.66002  -90.28766    0.00106   -0.00056         10  0.000e+00
      44562   1856.708      2.761      2.778    29.5394    29.5393   5.965984   5.966168     3.1490     2.6606     100.00   22.66002  -90.28766    0.00107   -0.00062         10  0.000e+00
      44563   1856.750      2.808      2.826    29.5396    29.5397   5.965960   5.966184     3.1490     2.6606     100.00   22.66002  -90.28766    0.00104   -0.00068         10  0.000e+00
      44564   1856.792      2.801      2.819    29.5394    29.5399   5.965984   5.966184     3.1490     2.6606     100.00   22.66002  -90.28766    0.00102   -0.00074         10  0.000e+00
      44565   1856.833      2.808      2.826    29.5392    29.5399   5.965960   5.966257     3.1490     2.6606     100.00   22.66002  -90.28766    0.00099   -0.00082         10  0.000e+00
      44566   1856.875      2.761      2.778    29.5394    29.5405   5.966023   5.966281     3.1490     2.6606     100.00   22.66002  -90.28766    0.00095   -0.00089         10  0.000e+00
      44567   1856.917      2.808      2.826    29.5392    29.5405   5.965976   5.966314     3.1490     2.6606     100.00   22.66002  -90.28766    0.00092   -0.00099         10  0.000e+00
