GOMECC/GOMECC-4/1db/rb2103_1151.ros
* Sea-Bird SBE 9 Data File:
* FileName = C:\Users\scs.user.rb\CTD\GOMECC4\data\rb2103_1151.hex
* Software Version Seasave V 7.26.7.107
* Temperature SN = 4799
* Conductivity SN = 3860
* Number of Bytes Per Scan = 41
* Number of Voltage Words = 4
* Number of Scans Averaged by the Deck Unit = 1
* NMEA Latitude = 21 56.87 N
* NMEA Longitude = 086 59.51 W
* NMEA UTC (Time) = Oct 15 2021  16:29:06
* NMEA baud rate = 4800
# nquan = 17
# nvalues = 1197                                  
# units = specified
# name 0 = scan: Scan Count
# name 1 = timeS: Time, Elapsed [seconds]
# name 2 = depSM: Depth [salt water, m]
# name 3 = prDM: Pressure, Digiquartz [db]
# name 4 = t090C: Temperature [ITS-90, deg C]
# name 5 = t190C: Temperature, 2 [ITS-90, deg C]
# name 6 = c0S/m: Conductivity [S/m]
# name 7 = c1S/m: Conductivity, 2 [S/m]
# name 8 = sbeox0V: Oxygen raw, SBE 43 [V]
# name 9 = sbeox1V: Oxygen raw, SBE 43, 2 [V]
# name 10 = altM: Altimeter [m]
# name 11 = latitude: Latitude [deg]
# name 12 = longitude: Longitude [deg]
# name 13 = sbox0dV/dT: Oxygen, SBE 43 [dov/dt]
# name 14 = sbox1dV/dT: Oxygen, SBE 43, 2 [dov/dt]
# name 15 = nbf: Bottles Fired
# name 16 = flag:  0.000e+00
# interval = seconds: 0.0416667
# start_time = Oct 15 2021 16:29:06 [NMEA time, header]
# bad_flag = -9.990e-29
*END*
[from data line 852]
      33099   1379.083      3.044      3.063    28.4649    28.4603   5.859385   5.859070     3.0977     2.6203      26.37   21.94892  -86.99284    0.00016    0.00090          7  0.000e+00
      33100   1379.125      3.044      3.063    28.4646    28.4603   5.859330   5.859078     3.0977     2.6203      26.37   21.94892  -86.99284    0.00016    0.00091          7  0.000e+00
      33101   1379.167      3.092      3.111    28.4644    28.4604   5.859322   5.859054     3.0977     2.6203      26.37   21.94892  -86.99284    0.00015    0.00091          7  0.000e+00
      33102   1379.208      3.044      3.063    28.4646    28.4600   5.859282   5.858974     3.0977     2.6203      26.37   21.94892  -86.99284    0.00014    0.00092          7  0.000e+00
      33103   1379.250      3.044      3.063    28.4649    28.4587   5.859346   5.858837     3.0977     2.6203      26.37   21.94892  -86.99284    0.00014    0.00092          7  0.000e+00
      33104   1379.292      3.092      3.111    28.4649    28.4578   5.859330   5.858765     3.0977     2.6203      26.37   21.94892  -86.99284    0.00013    0.00093          7  0.000e+00
      33105   1379.333      3.092      3.111    28.4649    28.4581   5.859330   5.858829     3.0977     2.6203      26.37   21.94892  -86.99284    0.00014    0.00095          7  0.000e+00
      33106   1379.375      3.038      3.057    28.4647    28.4587   5.859362   5.858813     3.0989     2.6203      26.37   21.94892  -86.99284    0.00017    0.00097          7  0.000e+00
      33107   1379.417      3.092      3.111    28.4647    28.4586   5.859330   5.858845     3.0977     2.6190      26.37   21.94892  -86.99284    0.00018    0.00097          7  0.000e+00
      33108   1379.458      3.044      3.063    28.4646    28.4589   5.859322   5.858886     3.0989     2.6190      26.37   21.94892  -86.99284    0.00019    0.00097          7  0.000e+00
      33109   1379.500      3.092      3.111    28.4642    28.4594   5.859282   5.858934     3.0989     2.6178      26.37   21.94892  -86.99284    0.00019    0.00095          7  0.000e+00
      33110   1379.542      3.092      3.111    28.4640    28.4595   5.859306   5.858950     3.0989     2.6178      26.37   21.94892  -86.99284    0.00020    0.00094          7  0.000e+00
      33111   1379.583      3.092      3.111    28.4638    28.4598   5.859282   5.858982     3.0977     2.6178      26.35   21.94892  -86.99284    0.00019    0.00092          7  0.000e+00
      33112   1379.625      3.092      3.111    28.4642    28.4603   5.859322   5.858998     3.0977     2.6178      26.37   21.94892  -86.99284    0.00018    0.00091          7  0.000e+00
      33113   1379.667      3.092      3.111    28.4642    28.4606   5.859322   5.859070     3.0977     2.6178      26.30   21.94892  -86.99284    0.00017    0.00091          7  0.000e+00
      33114   1379.708      3.139      3.159    28.4640    28.4611   5.859251   5.859094     3.0977     2.6178      26.25   21.94892  -86.99284    0.00016    0.00092          7  0.000e+00
      33115   1379.750      3.092      3.111    28.4637    28.4614   5.859227   5.859167     3.0989     2.6178      26.23   21.94892  -86.99284    0.00017    0.00091          7  0.000e+00
      33116   1379.792      3.085      3.104    28.4635    28.4608   5.859227   5.859086     3.0977     2.6178      26.23   21.94892  -86.99284    0.00015    0.00089          7  0.000e+00
      33117   1379.833      3.139      3.159    28.4635    28.4594   5.859227   5.859078     3.0977     2.6178      26.25   21.94892  -86.99284    0.00012    0.00088          7  0.000e+00
      33118   1379.875      3.139      3.159    28.4638    28.4585   5.859203   5.859054     3.0977     2.6190      26.25   21.94892  -86.99284    0.00009    0.00087          7  0.000e+00
      33119   1379.917      3.092      3.111    28.4640    28.4591   5.859251   5.859014     3.0989     2.6178      26.23   21.94892  -86.99284    0.00008    0.00084          7  0.000e+00
      33120   1379.958      3.139      3.159    28.4638    28.4594   5.859203   5.859103     3.0989     2.6190      26.25   21.94892  -86.99284    0.00006    0.00083          7  0.000e+00
      33121   1380.000      3.092      3.111    28.4637    28.4607   5.859179   5.859143     3.0989     2.6190      26.23   21.94892  -86.99284    0.00005    0.00082          7  0.000e+00
      33122   1380.042      3.139      3.159    28.4637    28.4621   5.859179   5.859143     3.0989     2.6190      26.25   21.94892  -86.99284    0.00003    0.00080          7  0.000e+00
      33123   1380.083      3.139      3.159    28.4631    28.4625   5.859179   5.859143     3.0989     2.6190      26.25   21.94892  -86.99284    0.00001    0.00079          7  0.000e+00
      33124   1380.125      3.139      3.159    28.4627    28.4627   5.859179   5.859183     3.0989     2.6190      26.23   21.94892  -86.99284   -0.00001    0.00078          7  0.000e+00
      33125   1380.167      3.139      3.159    28.4627    28.4626   5.859156   5.859223     3.0989     2.6203      26.25   21.94892  -86.99284   -0.00003    0.00076          7  0.000e+00
      33126   1380.208      3.139      3.159    28.4627    28.4635   5.859132   5.859311     3.0989     2.6203      26.25   21.94892  -86.99284   -0.00005    0.00075          7  0.000e+00
      33127   1380.250      3.139      3.159    28.4626    28.4640   5.859164   5.859408     3.0989     2.6203      26.25   21.94892  -86.99284   -0.00007    0.00073          7  0.000e+00
      33128   1380.292      3.139      3.159    28.4631    28.4643   5.859140   5.859432     3.0989     2.6203      26.23   21.94892  -86.99284   -0.00010    0.00070          7  0.000e+00
      33129   1380.333      3.193      3.213    28.4630    28.4646   5.859164   5.859464     3.0989     2.6203      26.25   21.94892  -86.99284   -0.00012    0.00066          7  0.000e+00
      33130   1380.375      3.139      3.159    28.4633    28.4644   5.859251   5.859480     3.0989     2.6215      26.25   21.94892  -86.99284   -0.00015    0.00064          7  0.000e+00
      33131   1380.417      3.139      3.159    28.4633    28.4646   5.859211   5.859480     3.0977     2.6203      26.23   21.94892  -86.99284   -0.00017    0.00060          7  0.000e+00
      33132   1380.458      3.139      3.159    28.4640    28.4644   5.859251   5.859440     3.0977     2.6215      26.23   21.94892  -86.99284   -0.00020    0.00058          7  0.000e+00
      33133   1380.500      3.139      3.159    28.4646    28.4648   5.859275   5.859472     3.0989     2.6215      26.25   21.94892  -86.99284   -0.00021    0.00055          7  0.000e+00
      33134   1380.542      3.139      3.159    28.4646    28.4646   5.859346   5.859480     3.0977     2.6215      26.23   21.94892  -86.99284   -0.00024    0.00050          7  0.000e+00
      33135   1380.583      3.193      3.213    28.4646    28.4646   5.859330   5.859480     3.0977     2.6215      26.23   21.94892  -86.99284   -0.00027    0.00048          7  0.000e+00
      33136   1380.625      3.139      3.159    28.4642    28.4648   5.859251   5.859448     3.0989     2.6215      26.23   21.94892  -86.99284   -0.00026    0.00044          7  0.000e+00
      33137   1380.667      3.139      3.159    28.4640    28.4646   5.859298   5.859464     3.0989     2.6215      26.18   21.94892  -86.99284   -0.00025    0.00043          7  0.000e+00
      33138   1380.708      3.193      3.213    28.4649    28.4646   5.859370   5.859512     3.0989     2.6215      26.13   21.94892  -86.99284   -0.00025    0.00041          7  0.000e+00
      33139   1380.750      3.139      3.159    28.4647    28.4646   5.859338   5.859528     3.0989     2.6215      26.13   21.94892  -86.99284   -0.00023    0.00039          7  0.000e+00
      33140   1380.792      3.139      3.159    28.4649    28.4647   5.859282   5.859456     3.0977     2.6215      26.13   21.94892  -86.99284   -0.00022    0.00038          7  0.000e+00
      33141   1380.833      3.139      3.159    28.4646    28.4647   5.859275   5.859504     3.0977     2.6203      26.13   21.94892  -86.99284   -0.00021    0.00034          7  0.000e+00
      33142   1380.875      3.193      3.213    28.4638    28.4648   5.859235   5.859528     3.0977     2.6203      26.13   21.94892  -86.99284   -0.00021    0.00030          7  0.000e+00
      33143   1380.917      3.139      3.159    28.4637    28.4647   5.859227   5.859456     3.0977     2.6203      26.13   21.94892  -86.99284   -0.00020    0.00028          7  0.000e+00
      33144   1380.958      3.139      3.159    28.4633    28.4646   5.859259   5.859432     3.0977     2.6203      26.13   21.94892  -86.99284   -0.00019    0.00025          7  0.000e+00
      33145   1381.000      3.139      3.159    28.4635    28.4645   5.859211   5.859400     3.0977     2.6203      26.13   21.94892  -86.99284   -0.00019    0.00023          7  0.000e+00
      33146   1381.042      3.139      3.159    28.4633    28.4642   5.859219   5.859343     3.0977     2.6203      26.13   21.94892  -86.99284   -0.00018    0.00020          7  0.000e+00
      33147   1381.083      3.193      3.213    28.4633    28.4640   5.859187   5.859335     3.0977     2.6203      26.13   21.94892  -86.99284   -0.00017    0.00018          7  0.000e+00
      33148   1381.125      3.139      3.159    28.4629    28.4630   5.859211   5.859231     3.0977     2.6203      26.13   21.94892  -86.99284   -0.00014    0.00015          7  0.000e+00
      33149   1381.167      3.139      3.159    28.4633    28.4618   5.859227   5.859191     3.0977     2.6203      26.13   21.94892  -86.99284   -0.00013    0.00013          7  0.000e+00
      33150   1381.208      3.193      3.213    28.4637    28.4615   5.859259   5.859191     3.0977     2.6203      26.13   21.94892  -86.99284   -0.00012    0.00010          7  0.000e+00
      33151   1381.250      3.139      3.159    28.4638    28.4614   5.859251   5.859151     3.0965     2.6203      26.13   21.94892  -86.99284   -0.00011    0.00009          7  0.000e+00
      33152   1381.292      3.139      3.159    28.4642    28.4612   5.859267   5.859143     3.0965     2.6215      26.13   21.94892  -86.99284   -0.00010    0.00009          7  0.000e+00
      33153   1381.333      3.139      3.159    28.4642    28.4613   5.859235   5.859143     3.0965     2.6215      26.13   21.94892  -86.99284   -0.00009    0.00010          7  0.000e+00
      33154   1381.375      3.139      3.159    28.4640    28.4614   5.859259   5.859102     3.0965     2.6215      26.13   21.94892  -86.99284   -0.00008    0.00011          7  0.000e+00
      33155   1381.417      3.139      3.159    28.4644    28.4612   5.859275   5.859127     3.0965     2.6215      26.13   21.94892  -86.99284   -0.00006    0.00011          7  0.000e+00
      33156   1381.458      3.139      3.159    28.4644    28.4613   5.859275   5.859111     3.0965     2.6215      26.13   21.94892  -86.99284   -0.00005    0.00011          7  0.000e+00
      33157   1381.500      3.139      3.159    28.4651    28.4612   5.859346   5.859167     3.0965     2.6215      26.13   21.94892  -86.99284   -0.00003    0.00012          7  0.000e+00
      33158   1381.542      3.139      3.159    28.4649    28.4611   5.859385   5.859191     3.0965     2.6215      26.13   21.94892  -86.99284   -0.00001    0.00012          7  0.000e+00
      33159   1381.583      3.139      3.159    28.4647    28.4615   5.859370   5.859119     3.0965     2.6215      26.15   21.94892  -86.99284    0.00001    0.00014          7  0.000e+00
      33160   1381.625      3.092      3.111    28.4646    28.4618   5.859330   5.859127     3.0977     2.6227      26.13   21.94892  -86.99284    0.00004    0.00018          7  0.000e+00
      33161   1381.667      3.139      3.159    28.4646    28.4622   5.859322   5.859175     3.0965     2.6227      26.13   21.94892  -86.99284    0.00007    0.00021          7  0.000e+00
      33162   1381.708      3.139      3.159    28.4646    28.4630   5.859354   5.859263     3.0965     2.6227      26.13   21.94892  -86.99284    0.00010    0.00025          7  0.000e+00
      33163   1381.750      3.092      3.111    28.4647    28.4631   5.859330   5.859247     3.0977     2.6227      26.13   21.94892  -86.99284    0.00015    0.00028          7  0.000e+00
      33164   1381.792      3.139      3.159    28.4647    28.4631   5.859354   5.859311     3.0989     2.6227      26.13   21.94892  -86.99284    0.00022    0.00032          7  0.000e+00
      33165   1381.833      3.092      3.111    28.4653    28.4626   5.859417   5.859263     3.0977     2.6215      26.13   21.94892  -86.99284    0.00026    0.00033          7  0.000e+00
      33166   1381.875      3.092      3.111    28.4653    28.4620   5.859385   5.859239     3.0977     2.6215      26.13   21.94892  -86.99284    0.00031    0.00035          7  0.000e+00
      33167   1381.917      3.139      3.159    28.4653    28.4618   5.859401   5.859271     3.0977     2.6215      26.13   21.94892  -86.99284    0.00033    0.00036          7  0.000e+00
      33168   1381.958      3.092      3.111    28.4651    28.4619   5.859378   5.859215     3.0977     2.6215      26.13   21.94892  -86.99284    0.00036    0.00038          7  0.000e+00
      33169   1382.000      3.092      3.111    28.4653    28.4614   5.859401   5.859263     3.0989     2.6215      26.13   21.94892  -86.99284    0.00040    0.00039          7  0.000e+00
      33170   1382.042      3.092      3.111    28.4655    28.4614   5.859377   5.859287     3.0989     2.6215      26.13   21.94892  -86.99284    0.00043    0.00039          7  0.000e+00
      33171   1382.083      3.092      3.111    28.4658    28.4622   5.859417   5.859287     3.0989     2.6203      26.11   21.94892  -86.99284    0.00045    0.00036          7  0.000e+00
      33172   1382.125      3.092      3.111    28.4658    28.4627   5.859457   5.859287     3.0989     2.6203      26.13   21.94892  -86.99284    0.00046    0.00034          7  0.000e+00
      33173   1382.167      3.044      3.063    28.4660    28.4633   5.859425   5.859287     3.0989     2.6203      26.13   21.94892  -86.99284    0.00047    0.00032          7  0.000e+00
      33174   1382.208      3.092      3.111    28.4662    28.4637   5.859417   5.859247     3.0989     2.6190      26.13   21.94892  -86.99284    0.00047    0.00030          7  0.000e+00
      33175   1382.250      3.092      3.111    28.4658    28.4633   5.859449   5.859199     3.0989     2.6178      26.13   21.94892  -86.99284    0.00046    0.00026          7  0.000e+00
      33176   1382.292      3.044      3.063    28.4657    28.4633   5.859425   5.859191     3.0989     2.6178      26.13   21.94892  -86.99284    0.00045    0.00022          7  0.000e+00
      33177   1382.333      3.085      3.104    28.4657    28.4624   5.859449   5.859151     3.0989     2.6178      26.13   21.94892  -86.99284    0.00043    0.00018          7  0.000e+00
      33515   1396.417      2.794      2.811    28.4662    28.4670   5.859520   5.859640     3.0977     2.6227      26.18   21.94892  -86.99284    0.00026    0.00084          8  0.000e+00
      33516   1396.458      3.044      3.063    28.4660    28.4664   5.859544   5.859721     3.0977     2.6239      26.18   21.94892  -86.99284    0.00023    0.00093          8  0.000e+00
      33517   1396.500      3.044      3.063    28.4664    28.4667   5.859671   5.859697     3.0977     2.6239      26.18   21.94892  -86.99284    0.00019    0.00102          8  0.000e+00
      33518   1396.542      3.091      3.111    28.4673    28.4670   5.859663   5.859665     3.0977     2.6239      26.18   21.94892  -86.99284    0.00014    0.00110          8  0.000e+00
      33519   1396.583      3.037      3.056    28.4675    28.4662   5.859671   5.859737     3.0977     2.6239      26.18   21.94892  -86.99284    0.00009    0.00119          8  0.000e+00
