GOMECC/GOMECC-4/1db/rb2103_0331.cnv
* Sea-Bird SBE 9 Data File:
* FileName = C:\Users\scs.user.rb\CTD\GOMECC4\data\rb2103_0331.hex
* Software Version Seasave V 7.26.7.107
* Temperature SN = 4799
* Conductivity SN = 3860
* Number of Bytes Per Scan = 41
* Number of Voltage Words = 4
* Number of Scans Averaged by the Deck Unit = 1
* NMEA Latitude = 29 27.77 N
* NMEA Longitude = 087 14.16 W
* NMEA UTC (Time) = Sep 23 2021  23:47:16
* NMEA baud rate = 4800
# nquan = 28
# nvalues = 379                         
# units = specified
# name 0 = scan: Scan Count
# name 1 = timeS: Time, Elapsed [seconds]
# name 2 = depSM: Depth [salt water, m]
# name 3 = prDM: Pressure, Digiquartz [db]
# name 4 = t090C: Temperature [ITS-90, deg C]
# name 5 = t190C: Temperature, 2 [ITS-90, deg C]
# name 6 = c0S/m: Conductivity [S/m]
# name 7 = c1S/m: Conductivity, 2 [S/m]
# name 8 = sbeox0V: Oxygen raw, SBE 43 [V]
# name 9 = sbeox1V: Oxygen raw, SBE 43, 2 [V]
# name 10 = altM: Altimeter [m]
# name 11 = latitude: Latitude [deg]
# name 12 = longitude: Longitude [deg]
# name 13 = sbox0dV/dT: Oxygen, SBE 43 [dov/dt]
# name 14 = sbox1dV/dT: Oxygen, SBE 43, 2 [dov/dt]
# name 15 = sbeox0ML/L: Oxygen, SBE 43 [ml/l], WS = 5
# name 16 = sbeox1ML/L: Oxygen, SBE 43, 2 [ml/l], WS = 5
# name 17 = potemp090C: Potential Temperature [ITS-90, deg C]
# name 18 = potemp190C: Potential Temperature, 2 [ITS-90, deg C]
# name 19 = sal00: Salinity, Practical [PSU]
# name 20 = sal11: Salinity, Practical, 2 [PSU]
# name 21 = sigma-é00: Density [sigma-theta, kg/m^3]
# name 22 = sigma-é11: Density, 2 [sigma-theta, kg/m^3]
# name 23 = avgsvCM: Average Sound Velocity [Chen-Millero, m/s], minP = 20, minS = 20
# name 24 = sbox0Mm/Kg: Oxygen, SBE 43 [umol/kg], WS = 5
# name 25 = sbox1Mm/Kg: Oxygen, SBE 43, 2 [umol/kg], WS = 5
# name 26 = nbin: number of scans per bin
# name 27 = flag: flag
# span 0 =      12666,      76385       
# span 1 =    527.712,   3182.686       
# span 2 =      1.986,    397.902       
# span 3 =      2.000,    401.000       
# span 4 =     9.9799,    28.2619       
# span 5 =     9.9806,    28.2632       
# span 6 =   3.844793,   5.684609       
# span 7 =   3.844797,   5.684370       
# span 8 =     1.6367,     3.1693       
# span 9 =     1.3398,     2.6973       
# span 10 =       8.75,     106.80      
# span 11 =   29.24883,   29.95430      
# span 12 =  -88.69200,  -86.60316      
# span 13 =   -0.04096,    0.08113      
# span 14 =   -0.03625,    0.08241      
# span 15 =     2.5643,     4.5338      
# span 16 =     2.5980,     4.5430      
# span 17 =     9.9330,    28.2545      
# span 18 =     9.9337,    28.2559      
# span 19 =    33.9878,    36.5642      
# span 20 =    33.9881,    36.5642      
# span 21 =    21.7393,    27.1213      
# span 22 =    21.7399,    27.1206      
# span 23 =       0.00,    1578.69      
# span 24 =    111.497,    198.140      
# span 25 =    112.965,    198.541      
# span 26 =         30,         78      
# span 27 = 0.0000e+00, 0.0000e+00      
# interval = decibars: 1                
# start_time = Sep 23 2021 23:47:16 [NMEA time, header]
# bad_flag = -9.990e-29
*END*
[from data line 259]
      40678   1694.858    194.582    196.000    14.1163    14.1160   4.303147   4.302967     1.8475     1.5292      78.41   29.46278  -87.23628    0.00004   -0.00029     2.7804     2.8083    14.0876    14.0873    35.8313    35.8299    26.8113    26.8102    1513.15    120.931    122.144         30 0.0000e+00
      40709   1696.150    193.590    195.000    14.1290    14.1281   4.304507   4.304415     1.8485     1.5309      88.50   29.46278  -87.23628    0.00014    0.00008     2.7817     2.8119    14.1004    14.0996    35.8326    35.8326    26.8095    26.8097    1513.15    120.988    122.299         32 0.0000e+00
      40844   1701.804    188.628    190.000    14.3033    14.3001   4.324728   4.324236     1.8545     1.5363      74.64   29.46337  -87.23796    0.00118    0.00116     2.7833     2.8139    14.2752    14.2720    35.8612    35.8596    26.7943    26.7937    1513.18    121.058    122.389         32 0.0000e+00
      40970   1707.047    183.666    185.000    14.4062    14.4089   4.336322   4.336487     1.8597     1.5406      99.99   29.45857  -87.22377    0.00104    0.00064     2.7878     2.8169    14.3787    14.3814    35.8739    35.8729    26.7814    26.7801    1512.93    121.255    122.520         33 0.0000e+00
      41083   1711.746    179.697    181.000    14.4591    14.4555   4.342790   4.342512     1.8607     1.5398     100.01   29.46451  -87.24141    0.00017   -0.00030     2.7857     2.8103    14.4321    14.4286    35.8873    35.8875    26.7808    26.7817    1513.24    121.163    122.233         30 0.0000e+00
      41111   1712.926    178.705    180.000    14.4786    14.4699   4.344847   4.343741     1.8607     1.5403     100.00   29.46278  -87.23628    0.00015   -0.00030     2.7837     2.8105    14.4518    14.4431    35.8891    35.8874    26.7778    26.7783    1513.15    121.078    122.245         30 0.0000e+00
      41216   1717.312    174.735    176.000    14.5621    14.5688   4.354451   4.355253     1.8616     1.5426     100.00   29.46386  -87.23944    0.00014    0.00027     2.7793     2.8089    14.5358    14.5425    35.9025    35.9038    26.7700    26.7695    1513.20    120.888    122.173         31 0.0000e+00
      41434   1726.392    166.796    168.000    15.0229    15.0206   4.408905   4.408467     1.8784     1.5559     100.01   29.46701  -87.24877    0.00296    0.00224     2.7878     2.8135    14.9972    14.9950    35.9818    35.9800    26.7302    26.7294    1513.37    121.260    122.378         30 0.0000e+00
      41708   1737.784    156.871    158.000    15.4817    15.4672   4.463124   4.461613     1.9168     1.5929      98.11   29.46688  -87.24837    0.00228    0.00179     2.8466     2.8792    15.4571    15.4430    36.0578    36.0551    26.6860    26.6866    1513.36    123.824    125.241         35 0.0000e+00
      41749   1739.518    155.879    157.000    15.5063    15.4998   4.465275   4.464867     1.9254     1.5998      99.98   29.46280  -87.23630    0.00410    0.00408     2.8652     2.8948    15.4818    15.4753    36.0538    36.0561    26.6769    26.6802    1513.15    124.635    125.921         41 0.0000e+00
      41803   1741.760    154.886    156.000    15.5385    15.5277   4.469181   4.467693     1.9338     1.6072      99.48   29.46280  -87.23630    0.00430    0.00356     2.8823     2.9119    15.5141    15.5033    36.0564    36.0564    26.6717    26.6741    1513.15    125.378    126.668         36 0.0000e+00
      41995   1749.746    152.901    154.000    15.7692    15.7677   4.494124   4.493799     1.9547     1.6292      99.92   29.43156  -87.14387    0.00336    0.00376     2.9177     2.9542    15.7455    15.7434    36.0649    36.0657    26.6233    26.6249    1511.55    126.923    128.512         42 0.0000e+00
      42346   1764.357    150.916    152.000    15.8741    15.8463   4.510827   4.507394     2.0089     1.6711     100.07   29.48257  -87.29488    0.00391    0.00177     3.0357     3.0550    15.8501    15.8222    36.1373    36.1314    26.6591    26.6609    1514.17    132.058    132.897         39 0.0000e+00
      42426   1767.707    149.924    151.000    15.8723    15.8503   4.508859   4.506452     2.0168     1.6794     100.00   29.46278  -87.23631    0.00208    0.00186     3.0557     3.0759    15.8483    15.8264    36.1161    36.1128    26.6415    26.6440    1513.15    132.928    133.805         50 0.0000e+00
      43192   1799.624    148.931    150.000    15.8811    15.8641   4.510152   4.508164     2.0212     1.6848      96.57   29.46278  -87.23632    0.00051    0.00055     3.0645     3.0885    15.8573    15.8404    36.1186    36.1160    26.6413    26.6432    1513.15    133.308    134.354         49 0.0000e+00
      43892   1828.790    147.939    149.000    15.8816    15.8768   4.510248   4.509738     2.0216     1.6881      99.87   29.46279  -87.23632   -0.00021    0.00025     3.0647     3.0959    15.8580    15.8532    36.1192    36.1190    26.6417    26.6426    1513.15    133.319    134.674         36 0.0000e+00
      43969   1831.994    146.946    148.000    15.8858    15.8790   4.510670   4.510053     2.0218     1.6886     100.00   29.46279  -87.23632   -0.00000    0.00048     3.0648     3.0964    15.8623    15.8555    36.1196    36.1192    26.6409    26.6422    1513.15    133.320    134.699         42 0.0000e+00
      44024   1834.309    145.954    147.000    15.9096    15.8999   4.513195   4.512078     2.0209     1.6874      85.74   29.46279  -87.23632    0.00006   -0.00014     3.0603     3.0914    15.8863    15.8766    36.1215    36.1201    26.6369    26.6381    1513.15    133.126    134.480         58 0.0000e+00
      44141   1839.177    141.983    143.000    16.0366    16.0407   4.528079   4.528586     2.0229     1.6914      94.63   29.46063  -87.22989    0.00103    0.00121     3.0551     3.0912    16.0138    16.0178    36.1394    36.1402    26.6211    26.6208    1513.04    132.904    134.475         34 0.0000e+00
      44258   1844.061    138.013    139.000    16.1231    16.1212   4.538728   4.538585     2.0206     1.6858     100.02   29.46743  -87.25005   -0.00077   -0.00175     3.0422     3.0702    16.1009    16.0989    36.1598    36.1603    26.6172    26.6181    1513.39    132.341    133.561         36 0.0000e+00
      44469   1852.846    131.065    132.000    16.3327    16.3198   4.563774   4.561989     2.0125     1.6787      94.29   29.47531  -87.27335    0.00053    0.00080     3.0060     3.0363    16.3114    16.2985    36.1941    36.1932    26.5951    26.5975    1513.79    130.774    132.090         34 0.0000e+00
      44517   1854.829    130.073    131.000    16.2677    16.2697   4.554856   4.555099     2.0055     1.6734     100.17   29.46280  -87.23632   -0.00106   -0.00092     2.9949     3.0261    16.2466    16.2489    36.1737    36.1751    26.5937    26.5946    1513.15    130.286    131.644         39 0.0000e+00
      44920   1871.623    127.095    128.000    16.4698    16.5036   4.579692   4.583806     2.0030     1.6689     100.05   29.47658  -87.27719   -0.00090   -0.00088     2.9739     2.9987    16.4490    16.4830    36.2170    36.2180    26.5808    26.5724    1513.86    129.378    130.456         37 0.0000e+00
      45023   1875.900    126.102    127.000    16.6061    16.5915   4.594605   4.592647     2.0019     1.6695     100.00   29.46278  -87.23632   -0.00063   -0.00002     2.9623     2.9943    16.5854    16.5707    36.2209    36.2168    26.5505    26.5508    1513.15    128.873    130.268         50 0.0000e+00
      45874   1911.375    124.117    125.000    16.7667    16.7698   4.612738   4.613049     2.0048     1.6719      99.96   29.45153  -87.20297    0.00022    0.00045     2.9583     2.9885    16.7461    16.7493    36.2328    36.2323    26.5206    26.5194    1512.57    128.704    130.018         49 0.0000e+00
      46843   1951.760    122.132    123.000    16.8957    16.8744   4.629303   4.626840     2.0094     1.6754      69.24   29.46800  -87.25174    0.00002    0.00018     2.9591     2.9899    16.8754    16.8540    36.2678    36.2661    26.5181    26.5219    1513.42    128.740    130.080         43 0.0000e+00
      46881   1953.329    121.139    122.000    16.9119    16.9015   4.630393   4.630058     2.0110     1.6772     101.69   29.46280  -87.23636    0.00063    0.00073     2.9608     2.9922    16.8917    16.8813    36.2614    36.2648    26.5089    26.5139    1513.15    128.816    130.182         44 0.0000e+00
      47006   1958.547    117.168    118.000    17.3757    17.3790   4.685988   4.686221     2.0268     1.6887     100.01   29.46571  -87.24497    0.00367    0.00250     2.9663     2.9903    17.3558    17.3591    36.3332    36.3323    26.4523    26.4508    1513.30    129.062    130.106         36 0.0000e+00
      47037   1959.834    116.176    117.000    17.4129    17.4307   4.689691   4.691614     2.0287     1.6913     100.00   29.46280  -87.23636    0.00251    0.00183     2.9680     2.9933    17.3931    17.4109    36.3313    36.3320    26.4416    26.4377    1513.15    129.138    130.240         35 0.0000e+00
      47071   1961.237    115.183    116.000    17.4614    17.4763   4.695874   4.697112     2.0303     1.6926     100.00   29.46280  -87.23636    0.00153    0.00160     2.9681     2.9933    17.4417    17.4566    36.3419    36.3393    26.4379    26.4322    1513.15    129.139    130.240         32 0.0000e+00
      47254   1968.869    112.205    113.000    17.5514    17.5278   4.707852   4.705196     2.0306     1.6934     100.08   29.48679  -87.30738   -0.00026   -0.00021     2.9615     2.9911    17.5322    17.5086    36.3755    36.3736    26.4438    26.4481    1514.38    128.855    130.144         40 0.0000e+00
      47288   1970.273    111.212    112.000    17.4421    17.3976   4.692916   4.688331     2.0287     1.6909     100.00   29.46280  -87.23636   -0.00009   -0.00042     2.9641     2.9925    17.4232    17.3786    36.3351    36.3352    26.4371    26.4481    1513.15    128.969    130.200         34 0.0000e+00
      47545   1980.987    109.227    110.000    17.6148    17.6251   4.713499   4.715378     2.0333     1.6983      78.18   29.46876  -87.25399    0.00053    0.00103     2.9629     2.9962    17.5960    17.6063    36.3619    36.3649    26.4160    26.4158    1513.46    128.918    130.369         47 0.0000e+00
      47735   1988.901    107.242    108.000    17.8883    17.8821   4.743928   4.742972     2.0402     1.7024      99.97   29.45352  -87.20890    0.00155    0.00116     2.9614     2.9919    17.8751    17.8635    36.3700    36.3721    26.3519    26.3563    1512.67    128.861    130.186         34 0.0000e+00
      47873   1994.654    106.249    107.000    18.0699    18.1342   4.765876   4.773947     2.0534     1.7190     100.00   29.46280  -87.23636    0.00254    0.00322     2.9770     3.0151    18.0510    18.1157    36.4024    36.4175    26.3339    26.3294    1513.15    129.543    131.200         41 0.0000e+00
      47980   1999.108    105.256    106.000    18.1650    18.1660   4.779470   4.778213     2.0630     1.7214     100.00   29.46280  -87.23636    0.00156   -0.00007     2.9932     3.0188    18.1465    18.1475    36.4386    36.4262    26.3379    26.3281    1513.15    130.244    131.360         40 0.0000e+00
      48612   2025.440    104.263    105.000    18.4250    18.4096   4.807923   4.810030     2.0701     1.7298      89.08   29.46279  -87.23637    0.00111    0.00115     2.9925     3.0240    18.4066    18.3913    36.4629    36.4592    26.2910    26.2908    1513.15    130.223    131.591         56 0.0000e+00
      49624   2067.632    103.270    104.000    18.6429    18.7091   4.835290   4.842962     2.0724     1.7310     100.59   29.46278  -87.23640    0.00016   -0.00021     2.9830     3.0087    18.6245    18.6906    36.4891    36.4974    26.2560    26.2456    1513.15    129.812    130.931         51 0.0000e+00
      49650   2068.701    102.278    103.000    18.7135    18.7147   4.842837   4.843864     2.0746     1.7325     100.00   29.46278  -87.23640    0.00066    0.00032     2.9832     3.0114    18.6952    18.6963    36.4916    36.4993    26.2399    26.2455    1513.15    129.824    131.050         42 0.0000e+00
      49696   2070.608    101.285    102.000    18.8661    18.8086   4.860090   4.853317     2.0774     1.7339     100.00   29.46278  -87.23640    0.00114    0.00081     2.9801     3.0083    18.8413    18.7906    36.5088    36.5014    26.2157    26.2239    1513.15    129.691    130.920         37 0.0000e+00
      49745   2072.663    100.292    101.000    18.9808    18.9534   4.873255   4.870042     2.0783     1.7331     100.00   29.46277  -87.23640    0.00114    0.00026     2.9743     2.9983    18.9626    18.9353    36.5132    36.5103    26.1879    26.1927    1513.15    129.441    130.488         56 0.0000e+00
      49800   2074.972     99.300    100.000    19.0341    18.9982   4.879265   4.875174     2.0779     1.7298      98.46   29.46277  -87.23640   -0.00023   -0.00123     2.9696     2.9872    19.0161    18.9803    36.5171    36.5142    26.1771    26.1841    1513.15    129.240    130.006         49 0.0000e+00
      49840   2076.612     98.307     99.000    19.1308    19.1967   4.890675   4.897729     2.0795     1.7343     100.01   29.46277  -87.23640    0.00014   -0.00018     2.9668     2.9865    19.1129    19.1788    36.5282    36.5293    26.1606    26.1444    1513.15    129.121    129.977         34 0.0000e+00
      49873   2078.016     97.314     98.000    19.3666    19.3472   4.916708   4.915174     2.0850     1.7396     100.00   29.46278  -87.23640    0.00164    0.00257     2.9643     2.9899    19.3487    19.3294    36.5394    36.5435    26.1080    26.1162    1513.15    129.016    130.128         34 0.0000e+00
      49911   2079.566     96.321     97.000    19.4025    19.4009   4.921363   4.920661     2.0873     1.7430      99.96   29.46278  -87.23640    0.00266    0.00325     2.9668     2.9946    19.3856    19.3832    36.5465    36.5426    26.1038    26.1015    1513.15    129.127    130.335         43 0.0000e+00
      49960   2081.605     95.329     96.000    19.4459    19.4149   4.925727   4.923065     2.0889     1.7435     100.00   29.46278  -87.23640    0.00128    0.00133     2.9672     2.9943    19.4283    19.3974    36.5459    36.5468    26.0922    26.1010    1513.15    129.144    130.324         47 0.0000e+00
      50064   2085.973     93.343     94.000    19.6243    19.6227   4.945627   4.945818     2.0970     1.7501      84.83   29.48333  -87.29723    0.00166    0.00112     2.9732     2.9976    19.6064    19.6055    36.5642    36.5642    26.0615    26.0615    1514.21    129.411    130.476         36 0.0000e+00
      50081   2086.678     92.350     93.000    19.6306    19.6294   4.943869   4.943631     2.1016     1.7546      88.30   29.46278  -87.23640    0.00302    0.00280     2.9829     3.0080    19.6135    19.6123    36.5363    36.5354    26.0363    26.0359    1513.15    129.834    130.928         60 0.0000e+00
      50129   2088.673     91.357     92.000    19.6508    19.6590   4.944613   4.944685     2.1041     1.7591     100.04   29.46278  -87.23640    0.00196    0.00224     2.9868     3.0170    19.6339    19.6421    36.5252    36.5186    26.0225    26.0153    1513.15    130.007    131.321         37 0.0000e+00
      50204   2091.805     90.364     91.000    19.6645    19.7218   4.945634   4.950575     2.1177     1.7732     100.00   29.46278  -87.23640    0.00465    0.00480     3.0152     3.0465    19.6477    19.7050    36.5221    36.5131    26.0165    25.9945    1513.15    131.243    132.610         40 0.0000e+00
      50285   2095.148     89.372     90.000    19.7553    19.8223   4.953506   4.958359     2.1233     1.7816     100.00   29.46278  -87.23640    0.00090   -0.00005     3.0191     3.0610    19.7395    19.8056    36.5078    36.4905    25.9814    25.9507    1513.15    131.420    133.246         41 0.0000e+00
