GOMECC/GOMECC-4/1db/rb2103_0632.ros
* Sea-Bird SBE 9 Data File:
* FileName = C:\Users\scs.user.rb\CTD\GOMECC4\data\rb2103_0632.hex
* Software Version Seasave V 7.26.7.107
* Temperature SN = 4799
* Conductivity SN = 3860
* Number of Bytes Per Scan = 41
* Number of Voltage Words = 4
* Number of Scans Averaged by the Deck Unit = 1
* NMEA Latitude = 26 02.83 N
* NMEA Longitude = 096 49.28 W
* NMEA UTC (Time) = Oct 02 2021  18:18:43
* NMEA baud rate = 4800
# nquan = 17
# nvalues = 1463                                  
# units = specified
# name 0 = scan: Scan Count
# name 1 = timeS: Time, Elapsed [seconds]
# name 2 = depSM: Depth [salt water, m]
# name 3 = prDM: Pressure, Digiquartz [db]
# name 4 = t090C: Temperature [ITS-90, deg C]
# name 5 = t190C: Temperature, 2 [ITS-90, deg C]
# name 6 = c0S/m: Conductivity [S/m]
# name 7 = c1S/m: Conductivity, 2 [S/m]
# name 8 = sbeox0V: Oxygen raw, SBE 43 [V]
# name 9 = sbeox1V: Oxygen raw, SBE 43, 2 [V]
# name 10 = altM: Altimeter [m]
# name 11 = latitude: Latitude [deg]
# name 12 = longitude: Longitude [deg]
# name 13 = sbox0dV/dT: Oxygen, SBE 43 [dov/dt]
# name 14 = sbox1dV/dT: Oxygen, SBE 43, 2 [dov/dt]
# name 15 = nbf: Bottles Fired
# name 16 = flag:  0.000e+00
# interval = seconds: 0.0416667
# start_time = Oct 02 2021 18:18:43 [NMEA time, header]
# bad_flag = -9.990e-29
*END*
[from data line 86]
      24299   1012.417     35.811     36.049    29.1785    29.1786   5.832137   5.832390     2.9621     2.4994       6.69   26.04736  -96.82168   -0.00063   -0.00093          1  0.000e+00
      24300   1012.458     35.791     36.028    29.1785    29.1788   5.832168   5.832406     2.9621     2.5006       6.69   26.04736  -96.82168   -0.00064   -0.00087          1  0.000e+00
      24301   1012.500     35.791     36.028    29.1785    29.1786   5.832200   5.832350     2.9609     2.5018       6.69   26.04736  -96.82168   -0.00069   -0.00080          1  0.000e+00
      24302   1012.542     35.811     36.049    29.1787    29.1789   5.832184   5.832398     2.9609     2.5018       6.69   26.04736  -96.82168   -0.00072   -0.00074          1  0.000e+00
      24303   1012.583     35.743     35.981    29.1785    29.1788   5.832216   5.832422     2.9609     2.5018       6.69   26.04736  -96.82168   -0.00075   -0.00067          1  0.000e+00
      24304   1012.625     35.838     36.076    29.1785    29.1788   5.832248   5.832422     2.9609     2.5018       6.69   26.04736  -96.82168   -0.00078   -0.00061          1  0.000e+00
      24305   1012.667     35.791     36.028    29.1785    29.1788   5.832200   5.832422     2.9609     2.5018       6.69   26.04736  -96.82168   -0.00081   -0.00056          1  0.000e+00
      24306   1012.708     35.764     36.001    29.1785    29.1789   5.832255   5.832390     2.9621     2.5018       6.69   26.04736  -96.82168   -0.00082   -0.00051          1  0.000e+00
      24307   1012.750     35.791     36.028    29.1785    29.1786   5.832224   5.832382     2.9609     2.5018       6.69   26.04736  -96.82168   -0.00083   -0.00046          1  0.000e+00
      24308   1012.792     35.743     35.981    29.1785    29.1788   5.832224   5.832310     2.9609     2.5018       6.69   26.04736  -96.82168   -0.00084   -0.00042          1  0.000e+00
      24309   1012.833     35.764     36.001    29.1785    29.1786   5.832232   5.832246     2.9609     2.5031       6.69   26.04736  -96.82168   -0.00086   -0.00035          1  0.000e+00
      24310   1012.875     35.791     36.028    29.1785    29.1788   5.832232   5.832342     2.9621     2.5018       6.69   26.04736  -96.82168   -0.00087   -0.00032          1  0.000e+00
      24311   1012.917     35.743     35.981    29.1783    29.1786   5.832208   5.832374     2.9609     2.5018       6.69   26.04736  -96.82168   -0.00088   -0.00027          1  0.000e+00
      24312   1012.958     35.743     35.981    29.1783    29.1786   5.832113   5.832302     2.9621     2.5006       6.69   26.04736  -96.82168   -0.00086   -0.00024          1  0.000e+00
      24313   1013.000     35.764     36.001    29.1785    29.1784   5.832192   5.832286     2.9621     2.5018       6.69   26.04736  -96.82168   -0.00085   -0.00021          1  0.000e+00
      24314   1013.042     35.743     35.981    29.1785    29.1782   5.832176   5.832286     2.9621     2.5006       6.69   26.04736  -96.82168   -0.00084   -0.00020          1  0.000e+00
      24315   1013.083     35.743     35.980    29.1783    29.1785   5.832208   5.832286     2.9621     2.5006       6.69   26.04736  -96.82168   -0.00082   -0.00019          1  0.000e+00
      24316   1013.125     35.709     35.946    29.1783    29.1784   5.832232   5.832318     2.9621     2.5006       6.69   26.04736  -96.82168   -0.00081   -0.00016          1  0.000e+00
      24317   1013.167     35.743     35.980    29.1783    29.1781   5.832153   5.832221     2.9621     2.5006       6.72   26.04736  -96.82168   -0.00079   -0.00013          1  0.000e+00
      24318   1013.208     35.689     35.926    29.1785    29.1780   5.832153   5.832221     2.9621     2.5006       6.72   26.04736  -96.82168   -0.00078   -0.00010          1  0.000e+00
      24319   1013.250     35.743     35.980    29.1785    29.1780   5.832176   5.832270     2.9621     2.5006       6.72   26.04736  -96.82168   -0.00076   -0.00007          1  0.000e+00
      24320   1013.292     35.709     35.946    29.1783    29.1781   5.832184   5.832246     2.9621     2.5006       6.69   26.04736  -96.82168   -0.00074   -0.00003          1  0.000e+00
      24321   1013.333     35.689     35.926    29.1783    29.1782   5.832129   5.832229     2.9634     2.5006       6.72   26.04736  -96.82168   -0.00071   -0.00000          1  0.000e+00
      24322   1013.375     35.642     35.878    29.1783    29.1780   5.832161   5.832197     2.9621     2.5006       6.72   26.04736  -96.82168   -0.00069    0.00001          1  0.000e+00
      24323   1013.417     35.709     35.946    29.1785    29.1781   5.832184   5.832221     2.9634     2.5018       6.72   26.04736  -96.82168   -0.00065    0.00004          1  0.000e+00
      24324   1013.458     35.642     35.878    29.1783    29.1782   5.832105   5.832165     2.9634     2.5006       6.72   26.04736  -96.82168   -0.00062    0.00006          1  0.000e+00
      24325   1013.500     35.689     35.926    29.1783    29.1781   5.832137   5.832213     2.9634     2.5018       6.69   26.04736  -96.82168   -0.00058    0.00009          1  0.000e+00
      24326   1013.542     35.642     35.878    29.1785    29.1780   5.832097   5.832237     2.9634     2.5018       6.72   26.04736  -96.82168   -0.00054    0.00012          1  0.000e+00
      24327   1013.583     35.662     35.899    29.1783    29.1780   5.832113   5.832237     2.9634     2.5018       6.72   26.04736  -96.82168   -0.00050    0.00013          1  0.000e+00
      24328   1013.625     35.689     35.926    29.1783    29.1781   5.832153   5.832270     2.9634     2.5018       6.72   26.04736  -96.82168   -0.00046    0.00016          1  0.000e+00
      24329   1013.667     35.594     35.830    29.1785    29.1780   5.832176   5.832286     2.9634     2.5031       6.72   26.04736  -96.82168   -0.00042    0.00019          1  0.000e+00
      24330   1013.708     35.662     35.899    29.1781    29.1780   5.832105   5.832286     2.9646     2.5031       6.72   26.04736  -96.82168   -0.00037    0.00024          1  0.000e+00
      24331   1013.750     35.642     35.878    29.1783    29.1779   5.832105   5.832237     2.9646     2.5031       6.69   26.04736  -96.82168   -0.00031    0.00027          1  0.000e+00
      24332   1013.792     35.594     35.830    29.1783    29.1778   5.832160   5.832157     2.9634     2.5031       6.69   26.04736  -96.82168   -0.00027    0.00031          1  0.000e+00
      24333   1013.833     35.642     35.878    29.1783    29.1777   5.832105   5.832213     2.9646     2.5043       6.72   26.04736  -96.82168   -0.00021    0.00037          1  0.000e+00
      24334   1013.875     35.614     35.851    29.1783    29.1778   5.832081   5.832237     2.9646     2.5031       6.69   26.04736  -96.82168   -0.00018    0.00041          1  0.000e+00
      24335   1013.917     35.594     35.830    29.1783    29.1778   5.832176   5.832237     2.9646     2.5043       6.72   26.04736  -96.82168   -0.00014    0.00047          1  0.000e+00
      24336   1013.958     35.594     35.830    29.1781    29.1779   5.832145   5.832237     2.9646     2.5043       6.72   26.04736  -96.82168   -0.00010    0.00055          1  0.000e+00
      24337   1014.000     35.614     35.851    29.1783    29.1778   5.832168   5.832270     2.9646     2.5043       6.72   26.04736  -96.82168   -0.00006    0.00062          1  0.000e+00
      24338   1014.042     35.540     35.776    29.1783    29.1777   5.832160   5.832245     2.9646     2.5043       6.74   26.04736  -96.82168   -0.00002    0.00070          1  0.000e+00
      24339   1014.083     35.594     35.830    29.1781    29.1778   5.832176   5.832197     2.9646     2.5055       6.72   26.04736  -96.82168   -0.00000    0.00081          1  0.000e+00
      24340   1014.125     35.540     35.776    29.1781    29.1777   5.832184   5.832213     2.9646     2.5055       6.81   26.04736  -96.82168    0.00002    0.00092          1  0.000e+00
      24341   1014.167     35.614     35.851    29.1781    29.1777   5.832137   5.832229     2.9646     2.5055       6.86   26.04736  -96.82168    0.00005    0.00102          1  0.000e+00
      24342   1014.208     35.540     35.776    29.1783    29.1778   5.832153   5.832237     2.9646     2.5043       6.86   26.04736  -96.82168    0.00009    0.00111          1  0.000e+00
      24343   1014.250     35.540     35.776    29.1781    29.1778   5.832137   5.832197     2.9658     2.5055       6.86   26.04736  -96.82168    0.00012    0.00122          1  0.000e+00
      24344   1014.292     35.560     35.796    29.1783    29.1777   5.832168   5.832261     2.9634     2.5055       6.86   26.04736  -96.82168    0.00014    0.00133          1  0.000e+00
      24345   1014.333     35.540     35.776    29.1779    29.1777   5.832160   5.832245     2.9646     2.5055       6.86   26.04736  -96.82168    0.00017    0.00141          1  0.000e+00
      24575   1023.917     35.612     35.848    29.1774    29.1777   5.832113   5.832358     2.9560     2.5043       6.91   26.04736  -96.82168   -0.00108   -0.00101          2  0.000e+00
      24576   1023.958     35.639     35.876    29.1774    29.1782   5.832081   5.832342     2.9573     2.5043       6.91   26.04736  -96.82168   -0.00105   -0.00100          2  0.000e+00
      24577   1024.000     35.788     36.025    29.1774    29.1783   5.832002   5.832366     2.9573     2.5043       6.91   26.04736  -96.82168   -0.00102   -0.00099          2  0.000e+00
      24578   1024.042     35.639     35.875    29.1776    29.1786   5.831947   5.832382     2.9573     2.5043       6.91   26.04736  -96.82168   -0.00097   -0.00097          2  0.000e+00
      24579   1024.083     35.707     35.944    29.1774    29.1785   5.831963   5.832406     2.9573     2.5043       6.91   26.04736  -96.82168   -0.00093   -0.00095          2  0.000e+00
      24580   1024.125     35.741     35.978    29.1776    29.1786   5.832050   5.832494     2.9573     2.5043       6.86   26.04736  -96.82168   -0.00090   -0.00094          2  0.000e+00
      24581   1024.167     35.686     35.923    29.1776    29.1786   5.832042   5.832414     2.9560     2.5043       6.76   26.04736  -96.82168   -0.00088   -0.00092          2  0.000e+00
      24582   1024.208     35.707     35.944    29.1776    29.1783   5.832066   5.832406     2.9573     2.5043       6.74   26.04736  -96.82168   -0.00085   -0.00089          2  0.000e+00
      24583   1024.250     35.740     35.978    29.1776    29.1786   5.832066   5.832454     2.9573     2.5043       6.76   26.04736  -96.82168   -0.00081   -0.00087          2  0.000e+00
      24584   1024.292     35.686     35.923    29.1776    29.1786   5.832042   5.832430     2.9560     2.5043       6.76   26.04736  -96.82168   -0.00079   -0.00085          2  0.000e+00
      24585   1024.333     35.788     36.025    29.1776    29.1786   5.832066   5.832390     2.9573     2.5043       6.76   26.04736  -96.82168   -0.00075   -0.00083          2  0.000e+00
      24586   1024.375     35.707     35.944    29.1776    29.1786   5.832034   5.832446     2.9573     2.5043       6.76   26.04736  -96.82168   -0.00071   -0.00080          2  0.000e+00
      24587   1024.417     35.740     35.978    29.1777    29.1785   5.832066   5.832398     2.9573     2.5043       6.76   26.04736  -96.82168   -0.00067   -0.00078          2  0.000e+00
      24588   1024.458     35.740     35.978    29.1776    29.1788   5.832042   5.832334     2.9560     2.5043       6.76   26.04736  -96.82168   -0.00065   -0.00076          2  0.000e+00
      24589   1024.500     35.808     36.046    29.1777    29.1784   5.832034   5.832326     2.9560     2.5043       6.76   26.04736  -96.82168   -0.00063   -0.00072          2  0.000e+00
      24590   1024.542     35.740     35.978    29.1777    29.1786   5.832058   5.832430     2.9560     2.5043       6.76   26.04736  -96.82168   -0.00060   -0.00069          2  0.000e+00
      24591   1024.583     35.740     35.978    29.1774    29.1786   5.832113   5.832398     2.9560     2.5043       6.76   26.04736  -96.82168   -0.00058   -0.00065          2  0.000e+00
      24592   1024.625     35.788     36.025    29.1777    29.1786   5.832058   5.832406     2.9560     2.5043       6.76   26.04736  -96.82168   -0.00057   -0.00061          2  0.000e+00
      24593   1024.667     35.761     35.998    29.1777    29.1786   5.832089   5.832454     2.9560     2.5043       6.76   26.04736  -96.82168   -0.00054   -0.00057          2  0.000e+00
      24594   1024.708     35.835     36.073    29.1776    29.1788   5.832121   5.832470     2.9548     2.5043       6.76   26.04736  -96.82168   -0.00053   -0.00053          2  0.000e+00
      24595   1024.750     35.740     35.978    29.1777    29.1785   5.832058   5.832398     2.9548     2.5043       6.76   26.04736  -96.82168   -0.00052   -0.00048          2  0.000e+00
      24596   1024.792     35.706     35.943    29.1777    29.1786   5.832034   5.832446     2.9548     2.5043       6.76   26.04736  -96.82168   -0.00050   -0.00042          2  0.000e+00
      24597   1024.833     35.835     36.073    29.1780    29.1788   5.832089   5.832430     2.9548     2.5043       6.76   26.04736  -96.82168   -0.00049   -0.00036          2  0.000e+00
      24598   1024.875     35.835     36.073    29.1776    29.1785   5.832121   5.832350     2.9548     2.5043       6.76   26.04736  -96.82168   -0.00047   -0.00031          2  0.000e+00
      24599   1024.917     35.788     36.025    29.1777    29.1786   5.832089   5.832398     2.9548     2.5031       6.76   26.04736  -96.82168   -0.00047   -0.00027          2  0.000e+00
      24600   1024.958     35.761     35.998    29.1779    29.1786   5.832066   5.832454     2.9548     2.5043       6.76   26.04736  -96.82168   -0.00047   -0.00021          2  0.000e+00
      24601   1025.000     35.788     36.025    29.1777    29.1786   5.832042   5.832542     2.9548     2.5043       6.76   26.04736  -96.82168   -0.00047   -0.00015          2  0.000e+00
      24602   1025.042     35.835     36.073    29.1777    29.1786   5.831995   5.832454     2.9548     2.5043       6.76   26.04736  -96.82168   -0.00046   -0.00009          2  0.000e+00
      24603   1025.083     35.761     35.998    29.1776    29.1786   5.832058   5.832422     2.9548     2.5043       6.76   26.04736  -96.82168   -0.00046   -0.00003          2  0.000e+00
      24604   1025.125     35.835     36.073    29.1777    29.1788   5.832066   5.832454     2.9548     2.5043       6.76   26.04736  -96.82168   -0.00047    0.00003          2  0.000e+00
      24605   1025.167     35.788     36.025    29.1776    29.1784   5.832074   5.832470     2.9560     2.5043       6.69   26.04736  -96.82168   -0.00046    0.00009          2  0.000e+00
      24606   1025.208     35.788     36.025    29.1777    29.1786   5.832010   5.832430     2.9560     2.5043       6.69   26.04736  -96.82168   -0.00046    0.00013          2  0.000e+00
      24607   1025.250     35.808     36.046    29.1777    29.1788   5.832082   5.832454     2.9560     2.5043       6.67   26.04736  -96.82168   -0.00045    0.00019          2  0.000e+00
      24608   1025.292     35.788     36.025    29.1776    29.1786   5.832089   5.832470     2.9548     2.5043       6.67   26.04736  -96.82168   -0.00046    0.00025          2  0.000e+00
      24609   1025.333     35.788     36.025    29.1776    29.1786   5.832042   5.832398     2.9548     2.5043       6.67   26.04736  -96.82168   -0.00047    0.00031          2  0.000e+00
      24610   1025.375     35.808     36.046    29.1777    29.1784   5.831915   5.832446     2.9560     2.5043       6.69   26.04736  -96.82168   -0.00046    0.00036          2  0.000e+00
      24611   1025.417     35.788     36.025    29.1777    29.1786   5.831955   5.832398     2.9560     2.5043       6.69   26.04736  -96.82168   -0.00045    0.00042          2  0.000e+00
