GOMECC/GOMECC-4/1db/rb2103_0171.ros
* Sea-Bird SBE 9 Data File:
* FileName = C:\Users\scs.user.rb\CTD\GOMECC4\data\rb2103_0171.hex
* Software Version Seasave V 7.26.7.107
* Temperature SN = 4799
* Conductivity SN = 3860
* Number of Bytes Per Scan = 41
* Number of Voltage Words = 4
* Number of Scans Averaged by the Deck Unit = 1
* NMEA Latitude = 27 46.70 N
* NMEA Longitude = 083 19.94 W
* NMEA UTC (Time) = Sep 19 2021  10:40:02
* NMEA baud rate = 4800
# nquan = 17
# nvalues = 532                                   
# units = specified
# name 0 = scan: Scan Count
# name 1 = timeS: Time, Elapsed [seconds]
# name 2 = depSM: Depth [salt water, m]
# name 3 = prDM: Pressure, Digiquartz [db]
# name 4 = t090C: Temperature [ITS-90, deg C]
# name 5 = t190C: Temperature, 2 [ITS-90, deg C]
# name 6 = c0S/m: Conductivity [S/m]
# name 7 = c1S/m: Conductivity, 2 [S/m]
# name 8 = sbeox0V: Oxygen raw, SBE 43 [V]
# name 9 = sbeox1V: Oxygen raw, SBE 43, 2 [V]
# name 10 = altM: Altimeter [m]
# name 11 = latitude: Latitude [deg]
# name 12 = longitude: Longitude [deg]
# name 13 = sbox0dV/dT: Oxygen, SBE 43 [dov/dt]
# name 14 = sbox1dV/dT: Oxygen, SBE 43, 2 [dov/dt]
# name 15 = nbf: Bottles Fired
# name 16 = flag:  0.000e+00
# interval = seconds: 0.0416667
# start_time = Sep 19 2021 10:40:02 [NMEA time, header]
# bad_flag = -9.990e-29
*END*
[from data line 256]
      15632    651.292     14.799     14.898    29.4367    29.4287   5.941748   5.940592     3.1258     2.6447      16.92   27.77826  -83.33238    0.00018    0.00042          2  0.000e+00
      15633    651.333     14.799     14.898    29.4366    29.4289   5.941652   5.940584     3.1258     2.6447      16.92   27.77826  -83.33238    0.00022    0.00039          2  0.000e+00
      15634    651.375     14.768     14.867    29.4362    29.4285   5.941532   5.940624     3.1258     2.6447      16.92   27.77826  -83.33238    0.00026    0.00037          2  0.000e+00
      15635    651.417     14.799     14.898    29.4355    29.4289   5.941517   5.940640     3.1258     2.6447      16.92   27.77826  -83.33238    0.00030    0.00034          2  0.000e+00
      15636    651.458     14.799     14.898    29.4349    29.4287   5.941397   5.940665     3.1245     2.6447      16.92   27.77826  -83.33238    0.00032    0.00030          2  0.000e+00
      15637    651.500     14.821     14.921    29.4344    29.4296   5.941333   5.940681     3.1258     2.6447      16.92   27.77826  -83.33238    0.00035    0.00025          2  0.000e+00
      15638    651.542     14.799     14.898    29.4345    29.4309   5.941206   5.940543     3.1258     2.6435      16.92   27.77826  -83.33238    0.00039    0.00017          2  0.000e+00
      15639    651.583     14.768     14.867    29.4344    29.4318   5.941214   5.940382     3.1245     2.6435      16.92   27.77826  -83.33238    0.00041    0.00010          2  0.000e+00
      15640    651.625     14.799     14.898    29.4336    29.4329   5.941070   5.940374     3.1245     2.6435      16.92   27.77826  -83.33238    0.00045    0.00004          2  0.000e+00
      15641    651.667     14.799     14.898    29.4326    29.4329   5.940775   5.940317     3.1245     2.6435      16.92   27.77826  -83.33238    0.00047   -0.00004          2  0.000e+00
      17860    744.125      3.625      3.649    29.3517    29.3585   5.924547   5.925911     3.1209     2.6496      27.69   27.77824  -83.33234    0.00162   -0.00011          3  0.000e+00
      17861    744.167      3.829      3.855    29.3510    29.3584   5.924475   5.925935     3.1209     2.6496      27.67   27.77824  -83.33234    0.00163   -0.00011          3  0.000e+00
      17862    744.208      3.678      3.703    29.3512    29.3585   5.924396   5.925911     3.1209     2.6508      27.69   27.77824  -83.33234    0.00163   -0.00009          3  0.000e+00
      17863    744.250      3.776      3.801    29.3508    29.3586   5.924332   5.925975     3.1209     2.6508      27.69   27.77824  -83.33234    0.00163   -0.00007          3  0.000e+00
      17864    744.292      3.738      3.763    29.3499    29.3587   5.924181   5.925959     3.1197     2.6508      27.69   27.77824  -83.33234    0.00161   -0.00005          3  0.000e+00
      17865    744.333      3.738      3.763    29.3494    29.3589   5.924157   5.925983     3.1197     2.6508      27.69   27.77824  -83.33234    0.00159   -0.00003          3  0.000e+00
      17866    744.375      3.723      3.748    29.3488    29.3584   5.924141   5.925887     3.1197     2.6508      27.67   27.77824  -83.33234    0.00157   -0.00000          3  0.000e+00
      17867    744.417      3.791      3.817    29.3482    29.3576   5.924093   5.925814     3.1197     2.6508      27.67   27.77824  -83.33234    0.00153    0.00002          3  0.000e+00
      17868    744.458      3.723      3.748    29.3486    29.3570   5.924117   5.925766     3.1197     2.6508      27.69   27.77824  -83.33234    0.00151    0.00004          3  0.000e+00
      17869    744.500      3.738      3.763    29.3491    29.3568   5.924133   5.925757     3.1197     2.6508      27.69   27.77824  -83.33234    0.00147    0.00006          3  0.000e+00
      17870    744.542      3.738      3.763    29.3497    29.3568   5.924125   5.925757     3.1184     2.6496      27.69   27.77824  -83.33234    0.00143    0.00007          3  0.000e+00
      17871    744.583      3.723      3.748    29.3503    29.3570   5.924197   5.925790     3.1184     2.6496      27.69   27.77824  -83.33234    0.00138    0.00007          3  0.000e+00
      17872    744.625      3.738      3.763    29.3506    29.3568   5.924260   5.925766     3.1184     2.6484      27.67   27.77824  -83.33234    0.00134    0.00006          3  0.000e+00
      17873    744.667      3.776      3.801    29.3504    29.3570   5.924276   5.925757     3.1184     2.6484      27.67   27.77824  -83.33234    0.00130    0.00007          3  0.000e+00
      17874    744.708      3.738      3.763    29.3506    29.3570   5.924276   5.925757     3.1184     2.6484      27.69   27.77824  -83.33234    0.00126    0.00006          3  0.000e+00
      17875    744.750      3.738      3.763    29.3504    29.3570   5.924276   5.925717     3.1184     2.6471      27.69   27.77824  -83.33234    0.00120    0.00004          3  0.000e+00
      17876    744.792      3.723      3.748    29.3501    29.3572   5.924229   5.925709     3.1184     2.6471      27.69   27.77824  -83.33234    0.00114 5.1504e-13          3  0.000e+00
      17877    744.833      3.738      3.763    29.3497    29.3575   5.924260   5.925709     3.1184     2.6459      27.69   27.77824  -83.33234    0.00108   -0.00006          3  0.000e+00
      17878    744.875      3.723      3.748    29.3499    29.3578   5.924236   5.925709     3.1184     2.6459      27.69   27.77824  -83.33234    0.00102   -0.00011          3  0.000e+00
      17879    744.917      3.738      3.763    29.3497    29.3581   5.924157   5.925782     3.1197     2.6447      27.69   27.77824  -83.33234    0.00098   -0.00018          3  0.000e+00
      17880    744.958      3.791      3.817    29.3497    29.3580   5.924165   5.925806     3.1197     2.6447      27.69   27.77824  -83.33234    0.00094   -0.00027          3  0.000e+00
      17881    745.000      3.663      3.687    29.3499    29.3577   5.924244   5.925806     3.1197     2.6447      27.69   27.77824  -83.33234    0.00090   -0.00036          3  0.000e+00
      17882    745.042      3.791      3.817    29.3503    29.3576   5.924268   5.925838     3.1197     2.6447      27.69   27.77824  -83.33234    0.00085   -0.00044          3  0.000e+00
      17883    745.083      3.678      3.702    29.3503    29.3579   5.924205   5.925814     3.1209     2.6447      27.69   27.77824  -83.33234    0.00082   -0.00053          3  0.000e+00
      17884    745.125      3.723      3.748    29.3506    29.3581   5.924213   5.925838     3.1197     2.6447      27.69   27.77824  -83.33234    0.00078   -0.00063          3  0.000e+00
      17885    745.167      3.791      3.817    29.3503    29.3578   5.924260   5.925887     3.1209     2.6447      27.69   27.77824  -83.33234    0.00075   -0.00072          3  0.000e+00
      17886    745.208      3.663      3.687    29.3501    29.3582   5.924276   5.925903     3.1209     2.6447      27.69   27.77824  -83.33234    0.00072   -0.00082          3  0.000e+00
      17887    745.250      3.791      3.817    29.3503    29.3583   5.924229   5.925903     3.1209     2.6447      27.69   27.77824  -83.33234    0.00067   -0.00092          3  0.000e+00
      17888    745.292      3.678      3.702    29.3503    29.3581   5.924364   5.925935     3.1197     2.6447      27.69   27.77824  -83.33234    0.00060   -0.00101          3  0.000e+00
      17889    745.333      3.723      3.748    29.3506    29.3585   5.924420   5.925879     3.1209     2.6435      27.69   27.77824  -83.33234    0.00055   -0.00111          3  0.000e+00
      17890    745.375      3.791      3.817    29.3510    29.3584   5.924491   5.925927     3.1209     2.6435      27.69   27.77824  -83.33234    0.00050   -0.00122          3  0.000e+00
      17891    745.417      3.663      3.687    29.3513    29.3585   5.924475   5.925983     3.1209     2.6435      27.69   27.77824  -83.33234    0.00044   -0.00133          3  0.000e+00
      17892    745.458      3.738      3.763    29.3516    29.3586   5.924539   5.925959     3.1209     2.6435      27.67   27.77824  -83.33234    0.00039   -0.00143          3  0.000e+00
      17893    745.500      3.738      3.763    29.3519    29.3587   5.924563   5.925911     3.1209     2.6422      27.69   27.77824  -83.33234    0.00033   -0.00156          3  0.000e+00
      17894    745.542      3.723      3.748    29.3521    29.3584   5.924563   5.925903     3.1209     2.6422      27.69   27.77824  -83.33234    0.00029   -0.00168          3  0.000e+00
      17895    745.583      3.738      3.763    29.3523    29.3580   5.924674   5.925862     3.1209     2.6410      27.69   27.77824  -83.33234    0.00023   -0.00182          3  0.000e+00
      17896    745.625      3.723      3.748    29.3528    29.3578   5.924714   5.925887     3.1209     2.6422      27.69   27.77824  -83.33234    0.00019   -0.00192          3  0.000e+00
      17897    745.667      3.738      3.763    29.3528    29.3581   5.924786   5.925862     3.1209     2.6422      27.69   27.77824  -83.33234    0.00013   -0.00203          3  0.000e+00
      17898    745.708      3.738      3.763    29.3530    29.3580   5.924802   5.925887     3.1209     2.6410      27.69   27.77824  -83.33234    0.00006   -0.00216          3  0.000e+00
      17899    745.750      3.723      3.748    29.3534    29.3581   5.924842   5.925862     3.1221     2.6422      27.67   27.77824  -83.33234    0.00003   -0.00227          3  0.000e+00
      17900    745.792      3.738      3.763    29.3534    29.3583   5.924818   5.925854     3.1221     2.6422      27.69   27.77824  -83.33234    0.00000   -0.00238          3  0.000e+00
      17901    745.833      3.663      3.687    29.3534    29.3582   5.924810   5.925854     3.1221     2.6422      27.67   27.77824  -83.33234   -0.00003   -0.00247          3  0.000e+00
      17902    745.875      3.738      3.763    29.3536    29.3581   5.924770   5.925854     3.1221     2.6422      27.69   27.77824  -83.33234   -0.00006   -0.00256          3  0.000e+00
      17903    745.917      3.738      3.763    29.3536    29.3582   5.924826   5.925854     3.1221     2.6435      27.67   27.77824  -83.33234   -0.00010   -0.00263          3  0.000e+00
      17904    745.958      3.776      3.801    29.3534    29.3583   5.924778   5.925927     3.1221     2.6447      27.67   27.77824  -83.33234   -0.00013   -0.00268          3  0.000e+00
      17905    746.000      3.678      3.702    29.3532    29.3581   5.924762   5.925911     3.1221     2.6447      27.67   27.77824  -83.33234   -0.00017   -0.00273          3  0.000e+00
      17906    746.042      3.625      3.649    29.3534    29.3584   5.924762   5.925903     3.1221     2.6447      27.67   27.77824  -83.33234   -0.00021   -0.00276          3  0.000e+00
      17907    746.083      3.829      3.855    29.3530    29.3581   5.924794   5.925862     3.1221     2.6471      27.69   27.77824  -83.33234   -0.00024   -0.00275          3  0.000e+00
      17908    746.125      3.678      3.702    29.3528    29.3582   5.924762   5.925927     3.1221     2.6471      27.69   27.77824  -83.33234   -0.00028   -0.00274          3  0.000e+00
      17909    746.167      3.723      3.748    29.3528    29.3585   5.924754   5.925879     3.1221     2.6471      27.69   27.77824  -83.33234   -0.00030   -0.00273          3  0.000e+00
      17910    746.208      3.738      3.763    29.3527    29.3584   5.924794   5.925887     3.1209     2.6484      27.67   27.77824  -83.33234   -0.00035   -0.00270          3  0.000e+00
      17911    746.250      3.738      3.763    29.3528    29.3585   5.924738   5.925903     3.1221     2.6484      27.67   27.77824  -83.33234   -0.00037   -0.00268          3  0.000e+00
      17912    746.292      3.723      3.748    29.3532    29.3588   5.924786   5.925935     3.1209     2.6484      27.67   27.77824  -83.33234   -0.00042   -0.00265          3  0.000e+00
      17913    746.333      3.678      3.702    29.3538    29.3585   5.924802   5.925951     3.1209     2.6496      27.69   27.77824  -83.33234   -0.00045   -0.00258          3  0.000e+00
      17914    746.375      3.723      3.748    29.3533    29.3584   5.924802   5.925879     3.1209     2.6496      27.69   27.77824  -83.33234   -0.00048   -0.00251          3  0.000e+00
      17915    746.417      3.738      3.763    29.3534    29.3581   5.924810   5.925887     3.1209     2.6496      27.67   27.77824  -83.33234   -0.00049   -0.00245          3  0.000e+00
      17916    746.458      3.678      3.702    29.3532    29.3580   5.924770   5.925862     3.1209     2.6508      27.67   27.77824  -83.33234   -0.00052   -0.00236          3  0.000e+00
      17917    746.500      3.723      3.748    29.3530    29.3579   5.924794   5.925887     3.1209     2.6508      27.69   27.77824  -83.33234   -0.00053   -0.00228          3  0.000e+00
      17918    746.542      3.738      3.763    29.3532    29.3581   5.924730   5.925903     3.1209     2.6496      27.69   27.77824  -83.33234   -0.00054   -0.00221          3  0.000e+00
      17919    746.583      3.663      3.687    29.3528    29.3584   5.924746   5.925903     3.1209     2.6520      27.67   27.77824  -83.33234   -0.00055   -0.00209          3  0.000e+00
      17920    746.625      3.738      3.763    29.3530    29.3587   5.924722   5.925975     3.1209     2.6508      27.69   27.77824  -83.33234   -0.00057   -0.00200          3  0.000e+00
      17921    746.667      3.678      3.702    29.3527    29.3588   5.924714   5.925959     3.1209     2.6520      27.69   27.77824  -83.33234   -0.00058   -0.00188          3  0.000e+00
      17922    746.708      3.663      3.687    29.3528    29.3585   5.924714   5.925911     3.1209     2.6520      27.69   27.77824  -83.33234   -0.00057   -0.00176          3  0.000e+00
      17923    746.750      3.738      3.763    29.3525    29.3590   5.924643   5.925935     3.1209     2.6520      27.72   27.77824  -83.33234   -0.00057   -0.00163          3  0.000e+00
      17924    746.792      3.663      3.687    29.3525    29.3589   5.924643   5.925983     3.1209     2.6520      27.72   27.77824  -83.33234   -0.00056   -0.00151          3  0.000e+00
      17925    746.833      3.678      3.702    29.3525    29.3590   5.924627   5.926000     3.1221     2.6520      27.72   27.77824  -83.33234   -0.00054   -0.00139          3  0.000e+00
      17926    746.875      3.678      3.702    29.3521    29.3589   5.924619   5.926000     3.1209     2.6520      27.72   27.77824  -83.33234   -0.00051   -0.00124          3  0.000e+00
      17927    746.917      3.723      3.748    29.3523    29.3591   5.924651   5.926000     3.1221     2.6520      27.72   27.77824  -83.33234   -0.00047   -0.00110          3  0.000e+00
      17928    746.958      3.678      3.702    29.3523    29.3590   5.924698   5.926032     3.1209     2.6520      27.72   27.77824  -83.33234   -0.00044   -0.00096          3  0.000e+00
      17929    747.000      3.625      3.649    29.3527    29.3591   5.924706   5.926080     3.1221     2.6520      27.72   27.77824  -83.33234   -0.00040   -0.00082          3  0.000e+00
      17930    747.042      3.663      3.687    29.3527    29.3590   5.924706   5.926056     3.1209     2.6520      27.72   27.77824  -83.33234   -0.00037   -0.00067          3  0.000e+00
      17931    747.083      3.678      3.702    29.3528    29.3593   5.924714   5.926080     3.1209     2.6520      27.72   27.77824  -83.33234   -0.00033   -0.00053          3  0.000e+00
      17932    747.125      3.663      3.687    29.3528    29.3590   5.924746   5.926056     3.1209     2.6520      27.72   27.77824  -83.33234   -0.00028   -0.00038          3  0.000e+00
      17933    747.167      3.678      3.702    29.3528    29.3591   5.924794   5.926048     3.1209     2.6520      27.72   27.77824  -83.33234   -0.00023   -0.00025          3  0.000e+00
