GOMECC/GOMECC-4/1db/rb2103_0551.ros
* Sea-Bird SBE 9 Data File:
* FileName = C:\Users\scs.user.rb\CTD\GOMECC4\data\rb2103_0551.hex
* Software Version Seasave V 7.26.7.107
* Temperature SN = 4799
* Conductivity SN = 3860
* Number of Bytes Per Scan = 41
* Number of Voltage Words = 4
* Number of Scans Averaged by the Deck Unit = 1
* NMEA Latitude = 27 38.90 N
* NMEA Longitude = 094 59.93 W
* NMEA UTC (Time) = Sep 28 2021  16:15:21
* NMEA baud rate = 4800
# nquan = 17
# nvalues = 2660                                  
# units = specified
# name 0 = scan: Scan Count
# name 1 = timeS: Time, Elapsed [seconds]
# name 2 = depSM: Depth [salt water, m]
# name 3 = prDM: Pressure, Digiquartz [db]
# name 4 = t090C: Temperature [ITS-90, deg C]
# name 5 = t190C: Temperature, 2 [ITS-90, deg C]
# name 6 = c0S/m: Conductivity [S/m]
# name 7 = c1S/m: Conductivity, 2 [S/m]
# name 8 = sbeox0V: Oxygen raw, SBE 43 [V]
# name 9 = sbeox1V: Oxygen raw, SBE 43, 2 [V]
# name 10 = altM: Altimeter [m]
# name 11 = latitude: Latitude [deg]
# name 12 = longitude: Longitude [deg]
# name 13 = sbox0dV/dT: Oxygen, SBE 43 [dov/dt]
# name 14 = sbox1dV/dT: Oxygen, SBE 43, 2 [dov/dt]
# name 15 = nbf: Bottles Fired
# name 16 = flag:  0.000e+00
# interval = seconds: 0.0416667
# start_time = Sep 28 2021 16:15:21 [NMEA time, header]
# bad_flag = -9.990e-29
*END*
[from data line 1958]
      72424   3017.625     45.186     45.492    28.0694    28.0813   5.796157   5.797487     3.2222     2.7436     100.00   27.64740  -94.99768   -0.00159   -0.00196         15  0.000e+00
      72425   3017.667     45.201     45.508    28.0779    28.1006   5.796764   5.799047     3.2222     2.7436     100.00   27.64740  -94.99768   -0.00171   -0.00203         15  0.000e+00
      72426   3017.708     45.247     45.553    28.0858    28.1124   5.797388   5.800110     3.2222     2.7436     100.00   27.64740  -94.99768   -0.00182   -0.00210         15  0.000e+00
      72427   3017.750     45.186     45.492    28.0916    28.1146   5.797679   5.800422     3.2222     2.7436     100.00   27.64740  -94.99768   -0.00191   -0.00217         15  0.000e+00
      72428   3017.792     45.133     45.439    28.0933    28.1192   5.797585   5.800678     3.2222     2.7436     100.00   27.64740  -94.99768   -0.00200   -0.00223         15  0.000e+00
      72429   3017.833     45.254     45.561    28.0896    28.1268   5.797403   5.801142     3.2210     2.7448     100.00   27.64740  -94.99768   -0.00211   -0.00227         15  0.000e+00
      72430   3017.875     45.133     45.439    28.0872    28.1315   5.797490   5.801630     3.2222     2.7436     100.00   27.64740  -94.99768   -0.00220   -0.00233         15  0.000e+00
      72431   3017.917     45.186     45.493    28.0869    28.1341   5.797719   5.801814     3.2210     2.7436     100.00   27.64740  -94.99768   -0.00230   -0.00239         15  0.000e+00
      72432   3017.958     45.141     45.447    28.0874    28.1334   5.797955   5.801622     3.2222     2.7436     100.00   27.64740  -94.99768   -0.00239   -0.00244         15  0.000e+00
      72433   3018.000     45.186     45.493    28.0894    28.1288   5.798303   5.801510     3.2222     2.7436     100.00   27.64740  -94.99768   -0.00247   -0.00250         15  0.000e+00
      72434   3018.042     45.133     45.439    28.0930    28.1302   5.798681   5.801646     3.2222     2.7436     100.00   27.64740  -94.99768   -0.00253   -0.00254         15  0.000e+00
      72435   3018.083     45.186     45.493    28.0977    28.1321   5.798989   5.801870     3.2234     2.7436     100.00   27.64740  -94.99768   -0.00258   -0.00259         15  0.000e+00
      72436   3018.125     45.141     45.447    28.1021    28.1336   5.798997   5.802078     3.2222     2.7448     100.00   27.64740  -94.99768   -0.00264   -0.00262         15  0.000e+00
      72437   3018.167     45.073     45.379    28.1024    28.1349   5.798784   5.802197     3.2222     2.7448     100.00   27.64740  -94.99768   -0.00267   -0.00264         15  0.000e+00
      72438   3018.208     45.133     45.439    28.0989    28.1349   5.798729   5.802181     3.2234     2.7448     100.00   27.64740  -94.99768   -0.00269   -0.00266         15  0.000e+00
      72439   3018.250     45.186     45.493    28.0977    28.1347   5.799052   5.802134     3.2234     2.7436     100.00   27.64740  -94.99768   -0.00273   -0.00270         15  0.000e+00
      72440   3018.292     45.088     45.394    28.1013    28.1340   5.799660   5.802125     3.2234     2.7448     100.00   27.64740  -94.99768   -0.00276   -0.00272         15  0.000e+00
      72441   3018.333     45.073     45.379    28.1077    28.1343   5.800038   5.802125     3.2234     2.7448     100.00   27.64740  -94.99768   -0.00278   -0.00274         15  0.000e+00
      72442   3018.375     45.073     45.379    28.1134    28.1332   5.800180   5.801950     3.2234     2.7448     100.00   27.64740  -94.99768   -0.00279   -0.00277         15  0.000e+00
      72443   3018.417     45.141     45.447    28.1151    28.1323   5.800283   5.801886     3.2234     2.7448     100.00   27.64740  -94.99768   -0.00280   -0.00278         15  0.000e+00
      72444   3018.458     45.073     45.379    28.1158    28.1317   5.800409   5.801814     3.2234     2.7448     100.00   27.64740  -94.99768   -0.00280   -0.00279         15  0.000e+00
      72445   3018.500     45.073     45.379    28.1183    28.1304   5.800590   5.801718     3.2234     2.7448     100.00   27.64740  -94.99768   -0.00279   -0.00280         15  0.000e+00
      72446   3018.542     45.073     45.379    28.1197    28.1297   5.800709   5.801694     3.2247     2.7448     100.00   27.64740  -94.99768   -0.00276   -0.00282         15  0.000e+00
      72447   3018.583     45.028     45.333    28.1198    28.1299   5.800803   5.801694     3.2247     2.7460     100.00   27.64740  -94.99768   -0.00273   -0.00283         15  0.000e+00
      72448   3018.625     45.073     45.379    28.1199    28.1297   5.800898   5.801694     3.2247     2.7460     100.00   27.64740  -94.99768   -0.00269   -0.00283         15  0.000e+00
      72449   3018.667     45.020     45.325    28.1225    28.1295   5.801095   5.801654     3.2259     2.7460     100.00   27.64740  -94.99768   -0.00263   -0.00281         15  0.000e+00
      72450   3018.708     45.073     45.379    28.1250    28.1295   5.801190   5.801686     3.2247     2.7460     100.00   27.64740  -94.99768   -0.00259   -0.00281         15  0.000e+00
      72451   3018.750     45.028     45.333    28.1249    28.1295   5.801245   5.801654     3.2259     2.7460     100.00   27.64740  -94.99768   -0.00253   -0.00281         15  0.000e+00
      72452   3018.792     45.020     45.326    28.1251    28.1295   5.801214   5.801646     3.2271     2.7460     100.00   27.64740  -94.99768   -0.00245   -0.00279         15  0.000e+00
      72453   3018.833     45.020     45.326    28.1256    28.1299   5.801308   5.801614     3.2271     2.7460     100.00   27.64740  -94.99768   -0.00237   -0.00277         15  0.000e+00
      72454   3018.875     44.975     45.280    28.1259    28.1321   5.801277   5.801845     3.2271     2.7473     100.00   27.64740  -94.99768   -0.00229   -0.00272         15  0.000e+00
      72455   3018.917     45.020     45.326    28.1262    28.1341   5.801253   5.802221     3.2271     2.7473     100.00   27.64740  -94.99768   -0.00221   -0.00268         15  0.000e+00
      72456   3018.958     45.020     45.326    28.1255    28.1380   5.801293   5.802381     3.2259     2.7473     100.00   27.64740  -94.99768   -0.00216   -0.00264         15  0.000e+00
      72457   3019.000     44.960     45.265    28.1254    28.1391   5.801300   5.802445     3.2271     2.7485     100.00   27.64740  -94.99768   -0.00207   -0.00259         15  0.000e+00
      72458   3019.042     45.028     45.333    28.1253    28.1385   5.801372   5.802413     3.2283     2.7485     100.00   27.64740  -94.99768   -0.00197   -0.00253         15  0.000e+00
      72459   3019.083     44.907     45.212    28.1268    28.1364   5.801466   5.802373     3.2283     2.7485     100.00   27.64740  -94.99768   -0.00188   -0.00248         15  0.000e+00
      72460   3019.125     45.021     45.326    28.1278    28.1363   5.801490   5.802317     3.2283     2.7485     100.00   27.64740  -94.99768   -0.00179   -0.00243         15  0.000e+00
      74421   3100.833     34.976     35.212    29.0881    29.0927   5.880824   5.881082     3.1355     2.6593     100.00   27.64738  -94.99766    0.00014   -0.00023         16  0.000e+00
      74422   3100.875     34.757     34.992    29.0885    29.0933   5.880856   5.881146     3.1343     2.6593     100.00   27.64738  -94.99766    0.00006   -0.00025         16  0.000e+00
      74423   3100.917     34.810     35.045    29.0884    29.0929   5.880871   5.881130     3.1355     2.6606     100.00   27.64738  -94.99766   -0.00001   -0.00027         16  0.000e+00
      74424   3100.958     34.976     35.212    29.0887    29.0934   5.880872   5.881162     3.1343     2.6606     100.00   27.64738  -94.99766   -0.00010   -0.00029         16  0.000e+00
      74425   3101.000     34.976     35.212    29.0887    29.0940   5.880832   5.881202     3.1355     2.6606     100.00   27.64738  -94.99766   -0.00016   -0.00031         16  0.000e+00
      74426   3101.042     34.976     35.212    29.0888    29.0940   5.880856   5.881178     3.1343     2.6606     100.00   27.64738  -94.99766   -0.00023   -0.00035         16  0.000e+00
      74427   3101.083     34.976     35.212    29.0884    29.0939   5.880872   5.881170     3.1343     2.6606     100.00   27.64738  -94.99766   -0.00031   -0.00039         16  0.000e+00
      74428   3101.125     35.037     35.273    29.0885    29.0936   5.880872   5.881130     3.1343     2.6606     100.00   27.64738  -94.99766   -0.00038   -0.00042         16  0.000e+00
      74429   3101.167     34.999     35.235    29.0887    29.0936   5.880832   5.881154     3.1343     2.6618     100.00   27.64738  -94.99766   -0.00046   -0.00046         16  0.000e+00
      74430   3101.208     35.037     35.273    29.0885    29.0936   5.880856   5.881170     3.1343     2.6618     100.00   27.64738  -94.99766   -0.00053   -0.00050         16  0.000e+00
      74431   3101.250     35.037     35.273    29.0884    29.0947   5.880872   5.881275     3.1355     2.6618     100.00   27.64738  -94.99766   -0.00058   -0.00054         16  0.000e+00
      74432   3101.292     35.037     35.273    29.0883    29.0965   5.880903   5.881460     3.1343     2.6618     100.00   27.64738  -94.99766   -0.00066   -0.00058         16  0.000e+00
      74433   3101.333     35.037     35.273    29.0885    29.0973   5.880951   5.881540     3.1343     2.6618     100.00   27.64738  -94.99766   -0.00071   -0.00062         16  0.000e+00
      74434   3101.375     35.090     35.327    29.0881    29.0981   5.880895   5.881524     3.1343     2.6618     100.00   27.64738  -94.99766   -0.00078   -0.00066         16  0.000e+00
      74435   3101.417     35.090     35.327    29.0877    29.0979   5.880903   5.881436     3.1355     2.6618     100.00   27.64738  -94.99766   -0.00084   -0.00070         16  0.000e+00
      74436   3101.458     35.090     35.327    29.0881    29.0981   5.880919   5.881484     3.1343     2.6618     100.00   27.64738  -94.99766   -0.00089   -0.00074         16  0.000e+00
      74437   3101.500     35.143     35.380    29.0885    29.0981   5.880919   5.881468     3.1343     2.6618     100.00   27.64738  -94.99766   -0.00094   -0.00077         16  0.000e+00
      74438   3101.542     35.143     35.380    29.0887    29.0973   5.880919   5.881460     3.1343     2.6618     100.00   27.64738  -94.99766   -0.00099   -0.00079         16  0.000e+00
      74439   3101.583     35.143     35.380    29.0887    29.0959   5.880919   5.881388     3.1343     2.6630     100.00   27.64738  -94.99766   -0.00105   -0.00078         16  0.000e+00
      74440   3101.625     35.143     35.380    29.0888    29.0946   5.880880   5.881363     3.1343     2.6618     100.00   27.64738  -94.99766   -0.00110   -0.00079         16  0.000e+00
      74441   3101.667     35.203     35.441    29.0890    29.0944   5.880903   5.881323     3.1343     2.6618     100.00   27.64738  -94.99766   -0.00115   -0.00080         16  0.000e+00
      74442   3101.708     35.203     35.441    29.0890    29.0940   5.880880   5.881315     3.1343     2.6618     100.00   27.64738  -94.99766   -0.00120   -0.00079         16  0.000e+00
      74443   3101.750     35.203     35.441    29.0892    29.0938   5.880943   5.881315     3.1331     2.6618     100.00   27.64738  -94.99766   -0.00126   -0.00080         16  0.000e+00
      74444   3101.792     35.203     35.441    29.0903    29.0935   5.880999   5.881283     3.1343     2.6618     100.00   27.64738  -94.99766   -0.00129   -0.00077         16  0.000e+00
      74445   3101.833     35.316     35.555    29.0911    29.0934   5.881046   5.881267     3.1343     2.6618     100.00   27.64738  -94.99766   -0.00132   -0.00076         16  0.000e+00
      74446   3101.875     35.203     35.441    29.0918    29.0934   5.881062   5.881267     3.1343     2.6618     100.00   27.64738  -94.99766   -0.00137   -0.00073         16  0.000e+00
      74447   3101.917     35.203     35.441    29.0920    29.0933   5.881062   5.881267     3.1343     2.6618     100.00   27.64738  -94.99766   -0.00141   -0.00072         16  0.000e+00
      74448   3101.958     35.392     35.631    29.0922    29.0931   5.881062   5.881267     3.1343     2.6618     100.00   27.64738  -94.99766   -0.00144   -0.00071         16  0.000e+00
      74449   3102.000     35.317     35.555    29.0923    29.0929   5.881023   5.881267     3.1343     2.6618     100.00   27.64738  -94.99766   -0.00146   -0.00066         16  0.000e+00
      74450   3102.042     35.369     35.608    29.0922    29.0929   5.881046   5.881227     3.1343     2.6618     100.00   27.64738  -94.99766   -0.00149   -0.00065         16  0.000e+00
      74451   3102.083     35.317     35.555    29.0912    29.0936   5.881062   5.881219     3.1343     2.6618     100.00   27.64738  -94.99766   -0.00153   -0.00062         16  0.000e+00
      74452   3102.125     35.369     35.608    29.0907    29.0927   5.881062   5.881146     3.1343     2.6618     100.00   27.64738  -94.99766   -0.00157   -0.00057         16  0.000e+00
      74453   3102.167     35.369     35.608    29.0901    29.0911   5.881023   5.881050     3.1355     2.6618     100.00   27.64738  -94.99766   -0.00159   -0.00052         16  0.000e+00
      74454   3102.208     35.369     35.608    29.0900    29.0897   5.881086   5.880953     3.1355     2.6618     100.00   27.64738  -94.99766   -0.00159   -0.00046         16  0.000e+00
      74455   3102.250     35.422     35.662    29.0909    29.0894   5.881070   5.880977     3.1355     2.6630     100.00   27.64738  -94.99766   -0.00160   -0.00039         16  0.000e+00
      74456   3102.292     35.422     35.662    29.0922    29.0894   5.881134   5.880977     3.1355     2.6630     100.00   27.64738  -94.99766   -0.00160   -0.00036         16  0.000e+00
      74457   3102.333     35.422     35.662    29.0929    29.0894   5.881118   5.881010     3.1343     2.6618     100.00   27.64738  -94.99766   -0.00162   -0.00034         16  0.000e+00
      74458   3102.375     35.422     35.662    29.0917    29.0895   5.881070   5.881058     3.1355     2.6618     100.00   27.64738  -94.99766   -0.00162   -0.00030         16  0.000e+00
      74459   3102.417     35.422     35.662    29.0918    29.0897   5.881062   5.881034     3.1355     2.6630     100.00   27.64738  -94.99766   -0.00162   -0.00023         16  0.000e+00
      74460   3102.458     35.483     35.723    29.0933    29.0895   5.881165   5.881026     3.1355     2.6630     100.00   27.64738  -94.99766   -0.00162   -0.00016         16  0.000e+00
      74461   3102.500     35.483     35.723    29.0944    29.0895   5.881237   5.880986     3.1343     2.6642     100.00   27.64738  -94.99766   -0.00163   -0.00010         16  0.000e+00
      74462   3102.542     35.483     35.723    29.0942    29.0894   5.881213   5.880978     3.1343     2.6630     100.00   27.64738  -94.99766   -0.00163   -0.00005         16  0.000e+00
      74463   3102.583     35.483     35.723    29.0942    29.0895   5.881165   5.881010     3.1343     2.6642     100.00   27.64738  -94.99766   -0.00164    0.00001         16  0.000e+00
      74464   3102.625     35.498     35.738    29.0931    29.0895   5.881158   5.881026     3.1355     2.6630     100.00   27.64738  -94.99766   -0.00164    0.00004         16  0.000e+00
      74465   3102.667     35.536     35.776    29.0929    29.0895   5.881118   5.881026     3.1343     2.6642     100.00   27.64738  -94.99766   -0.00165    0.00010         16  0.000e+00
      74466   3102.708     35.536     35.776    29.0920    29.0896   5.881110   5.881034     3.1343     2.6642     100.00   27.64738  -94.99766   -0.00164    0.00015         16  0.000e+00
      74467   3102.750     35.536     35.776    29.0917    29.0895   5.881070   5.881026     3.1343     2.6630     100.00   27.64738  -94.99766   -0.00164    0.00017         16  0.000e+00
