GOMECC/GOMECC-4/1db/rb2103_1111.cnv
* Sea-Bird SBE 9 Data File:
* FileName = C:\Users\scs.user.rb\CTD\GOMECC4\data\rb2103_1111.hex
* Software Version Seasave V 7.26.7.107
* Temperature SN = 4799
* Conductivity SN = 3860
* Number of Bytes Per Scan = 41
* Number of Voltage Words = 4
* Number of Scans Averaged by the Deck Unit = 1
* NMEA Latitude = 22 20.89 N
* NMEA Longitude = 086 44.62 W
* NMEA UTC (Time) = Oct 15 2021  09:40:26
* NMEA baud rate = 4800
# nquan = 28
# nvalues = 387                         
# units = specified
# name 0 = scan: Scan Count
# name 1 = timeS: Time, Elapsed [seconds]
# name 2 = depSM: Depth [salt water, m]
# name 3 = prDM: Pressure, Digiquartz [db]
# name 4 = t090C: Temperature [ITS-90, deg C]
# name 5 = t190C: Temperature, 2 [ITS-90, deg C]
# name 6 = c0S/m: Conductivity [S/m]
# name 7 = c1S/m: Conductivity, 2 [S/m]
# name 8 = sbeox0V: Oxygen raw, SBE 43 [V]
# name 9 = sbeox1V: Oxygen raw, SBE 43, 2 [V]
# name 10 = altM: Altimeter [m]
# name 11 = latitude: Latitude [deg]
# name 12 = longitude: Longitude [deg]
# name 13 = sbox0dV/dT: Oxygen, SBE 43 [dov/dt]
# name 14 = sbox1dV/dT: Oxygen, SBE 43, 2 [dov/dt]
# name 15 = sbeox0ML/L: Oxygen, SBE 43 [ml/l], WS = 5
# name 16 = sbeox1ML/L: Oxygen, SBE 43, 2 [ml/l], WS = 5
# name 17 = potemp090C: Potential Temperature [ITS-90, deg C]
# name 18 = potemp190C: Potential Temperature, 2 [ITS-90, deg C]
# name 19 = sal00: Salinity, Practical [PSU]
# name 20 = sal11: Salinity, Practical, 2 [PSU]
# name 21 = sigma-é00: Density [sigma-theta, kg/m^3]
# name 22 = sigma-é11: Density, 2 [sigma-theta, kg/m^3]
# name 23 = avgsvCM: Average Sound Velocity [Chen-Millero, m/s], minP = 20, minS = 20
# name 24 = sbox0Mm/Kg: Oxygen, SBE 43 [umol/kg], WS = 5
# name 25 = sbox1Mm/Kg: Oxygen, SBE 43, 2 [umol/kg], WS = 5
# name 26 = nbin: number of scans per bin
# name 27 = flag: flag
# span 0 =       7734,      47561       
# span 1 =    322.221,   1981.675       
# span 2 =      0.994,    229.427       
# span 3 =      1.000,    231.000       
# span 4 =    15.0718,    28.9891       
# span 5 =    15.0751,    28.9903       
# span 6 =   4.417027,   5.907335       
# span 7 =   4.417274,   5.907598       
# span 8 =     1.9570,     3.1235       
# span 9 =     1.6246,     2.6381       
# span 10 =      10.89,     101.63      
# span 11 =   21.79322,   22.52594      
# span 12 =  -87.42573,  -84.58154      
# span 13 =   -0.02035,    0.00904      
# span 14 =   -0.01993,    0.00885      
# span 15 =     2.9965,     4.3224      
# span 16 =     3.0118,     4.3008      
# span 17 =    15.0366,    28.9886      
# span 18 =    15.0398,    28.9901      
# span 19 =    35.4897,    36.8788      
# span 20 =    35.5270,    36.8706      
# span 21 =    22.5393,    26.7444      
# span 22 =    22.5531,    26.7460      
# span 23 =       0.00,    1558.11      
# span 24 =    130.339,    188.699      
# span 25 =    131.007,    187.748      
# span 26 =         30,         76      
# span 27 = 0.0000e+00, 0.0000e+00      
# interval = decibars: 1                
# start_time = Oct 15 2021 09:40:26 [NMEA time, header]
# bad_flag = -9.990e-29
*END*
       7734    322.221      3.975      4.000    28.9194    28.9207   5.900584   5.900912     3.1169     2.6331     100.01   22.34888  -86.74352   -0.00018   -0.00010     4.3167     4.2922    28.9185    28.9198    36.2448    36.2461    23.0264    23.0269       0.00    188.444    187.373         34 0.0000e+00
       7822    325.893      4.969      5.000    28.9168    28.9187   5.900355   5.900752     3.1184     2.6331      99.86   22.34890  -86.74352    0.00072   -0.00003     4.3202     4.2928    28.9156    28.9175    36.2449    36.2462    23.0275    23.0278       0.00    188.598    187.400         52 0.0000e+00
       7914    329.694      5.963      6.000    28.9164    28.9172   5.900334   5.900632     3.1162     2.6328      65.13   22.34891  -86.74352   -0.00051    0.00047     4.3166     4.2929    28.9150    28.9158    36.2449    36.2462    23.0276    23.0284       0.00    188.442    187.405         41 0.0000e+00
       7984    332.624      6.956      7.000    28.9162    28.9166   5.900368   5.900618     3.1173     2.6335      80.40   22.34892  -86.74352    0.00012   -0.00021     4.3192     4.2949    28.9145    28.9149    36.2448    36.2463    23.0278    23.0287       0.00    188.554    187.492         67 0.0000e+00
       8062    335.856      7.950      8.000    28.9152    28.9161   5.900365   5.900674     3.1180     2.6353      69.71   22.34893  -86.74352    0.00046    0.00072     4.3212     4.2990    28.9133    28.9142    36.2453    36.2467    23.0285    23.0293       0.00    188.640    187.672         57 0.0000e+00
       8123    338.398      8.944      9.000    28.9112    28.9112   5.900037   5.900285     3.1152     2.6325      78.51   22.34894  -86.74351   -0.00098   -0.00030     4.3169     4.2942    28.9090    28.9090    36.2458    36.2471    23.0303    23.0313       0.00    188.454    187.463         54 0.0000e+00
       8186    341.048      9.937     10.000    28.9045    28.9067   5.899403   5.899784     3.1153     2.6354      77.99   22.34896  -86.74351   -0.00063    0.00044     4.3181     4.3008    28.9021    28.9043    36.2461    36.2474    23.0329    23.0331       0.00    188.507    187.748         69 0.0000e+00
       8249    343.667     10.931     11.000    28.8505    28.8565   5.894294   5.895041     3.1126     2.6283      95.30   22.34896  -86.74352    0.00014   -0.00162     4.3177     4.2907    28.8478    28.8538    36.2515    36.2521    23.0551    23.0536       0.00    188.484    187.303         56 0.0000e+00
       8303    345.919     11.925     12.000    28.7763    28.7770   5.887355   5.887636     3.1081     2.6262      99.83   22.34896  -86.74353   -0.00204   -0.00184     4.3155     4.2924    28.7734    28.7741    36.2595    36.2609    23.0860    23.0869       0.00    188.383    187.373         59 0.0000e+00
       8368    348.636     12.918     13.000    28.6248    28.6294   5.872605   5.873192     3.0973     2.6195     100.00   22.34898  -86.74353   -0.00309   -0.00194     4.3077     4.2884    28.6217    28.6263    36.2722    36.2727    23.1461    23.1450       0.00    188.031    187.188         59 0.0000e+00
       8414    350.553     13.912     14.000    28.4045    28.4113   5.850405   5.851207     3.0831     2.5952     100.00   22.34898  -86.74353   -0.00604   -0.00547     4.2963     4.2572    28.3989    28.4080    36.2861    36.2873    23.2305    23.2292       0.00    187.518    185.808         43 0.0000e+00
       8466    352.723     14.906     15.000    28.3174    28.3226   5.841800   5.842553     3.0720     2.5943     100.00   22.34899  -86.74353   -0.00614   -0.00678     4.2855     4.2609    28.3138    28.3190    36.2917    36.2930    23.2630    23.2622       0.00    187.041    185.965         60 0.0000e+00
       8521    354.984     15.899     16.000    28.2450    28.2482   5.834348   5.834877     3.0640     2.5891     100.00   22.34900  -86.74354   -0.00436   -0.00135     4.2769     4.2561    28.2412    28.2444    36.2947    36.2959    23.2892    23.2891       0.00    186.658    185.751         45 0.0000e+00
       8564    356.806     16.893     17.000    28.0916    28.0980   5.818642   5.819429     3.0552     2.5832     100.00   22.34900  -86.74354   -0.00365   -0.00307     4.2728     4.2551    28.0876    28.0940    36.3020    36.3026    23.3454    23.3437       0.00    186.470    185.696         47 0.0000e+00
       8616    358.965     17.887     18.000    27.6255    27.6291   5.774685   5.775225     3.0314     2.5636     100.00   22.34900  -86.74354   -0.00749   -0.00528     4.2585     4.2431    27.6212    27.6249    36.3514    36.3524    23.5352    23.5347       0.00    185.809    185.142         55 0.0000e+00
       8665    361.000     18.880     19.000    27.3953    27.4031   5.754722   5.755672     3.0084     2.5384     100.00   22.34902  -86.74354   -0.01250   -0.01215     4.2381     4.2115    27.3908    27.3987    36.3882    36.3888    23.6377    23.6357       0.00    184.903    183.743         42 0.0000e+00
       8710    362.878     19.874     20.000    27.2110    27.2152   5.737244   5.737931     2.9876     2.5219     100.00   22.34902  -86.74354   -0.01126   -0.01073     4.2135     4.1909    27.2059    27.2106    36.4072    36.4084    23.7119    23.7113     829.18    183.814    182.832         51 0.0000e+00
       8763    365.093     20.868     21.000    27.1174    27.1203   5.728805   5.729326     2.9691     2.5089      52.63   22.34903  -86.74353   -0.01002   -0.00757     4.1863     4.1708    27.1125    27.1154    36.4193    36.4208    23.7511    23.7513    1558.11    182.624    181.947         51 0.0000e+00
       8811    367.088     21.861     22.000    26.9798    26.9843   5.719273   5.719906     2.9547     2.4956     100.58   22.34904  -86.74352   -0.00711   -0.00544     4.1674     4.1508    26.9747    26.9792    36.4556    36.4564    23.8227    23.8219    1541.38    181.784    181.060         46 0.0000e+00
       8855    368.931     22.855     23.000    26.7941    26.8346   5.702073   5.706294     2.9328     2.4785     100.00   22.34905  -86.74352   -0.00924   -0.00785     4.1421     4.1275    26.7888    26.8293    36.4804    36.4790    23.9010    23.8870    1541.35    180.669    180.032         46 0.0000e+00
       8910    371.192     23.849     24.000    26.6013    26.5741   5.683400   5.680534     2.9067     2.4530     100.00   22.34906  -86.74352   -0.01194   -0.01068     4.1075     4.0914    26.5958    26.5687    36.4974    36.5008    23.9753    23.9876    1541.31    179.144    178.445         58 0.0000e+00
       8962    373.360     24.842     25.000    26.4453    26.4746   5.667994   5.671053     2.8873     2.4396     100.00   22.34907  -86.74352   -0.01024   -0.00871     4.0828     4.0718    26.4396    26.4689    36.5088    36.5078    24.0335    24.0235    1541.26    178.060    177.579         47 0.0000e+00
       9006    375.207     25.836     26.000    26.3664    26.3706   5.660224   5.660872     2.8736     2.4258      98.06   22.34908  -86.74352   -0.00813   -0.00647     4.0631     4.0505    26.3606    26.3647    36.5145    36.5160    24.0629    24.0627    1541.19    177.195    176.645         43 0.0000e+00
       9053    377.177     26.829     27.000    26.3347    26.2761   5.657177   5.651750     2.8654     2.4205      98.43   22.34908  -86.74352   -0.00590   -0.00476     4.0502     4.0460    26.3286    26.2700    36.5172    36.5242    24.0751    24.0988    1541.14    176.631    176.441         56 0.0000e+00
       9112    379.608     27.823     28.000    25.9605    26.0122   5.622130   5.627182     2.8382     2.3922     100.09   22.34909  -86.74352   -0.00696   -0.00761     4.0169     4.0053    25.9542    26.0059    36.5589    36.5547    24.2244    24.2050    1541.08    175.149    174.650         50 0.0000e+00
       9153    381.323     28.817     29.000    25.9510    25.9542   5.621200   5.621885     2.8252     2.3838      97.46   22.34910  -86.74352   -0.01139   -0.00965     4.0019     3.9911    25.9445    25.9477    36.5594    36.5619    24.2278    24.2287    1541.00    174.496    174.025         39 0.0000e+00
       9200    383.303     29.810     30.000    25.6516    25.6526   5.593233   5.593492     2.8018     2.3606      98.51   22.34911  -86.74352   -0.00996   -0.00881     3.9783     3.9621    25.6446    25.6459    36.5936    36.5945    24.3472    24.3475    1540.91    173.447    172.740         61 0.0000e+00
       9262    385.889     30.804     31.000    25.4996    25.4999   5.578000   5.578417     2.7744     2.3412     100.08   22.34912  -86.74352   -0.01246   -0.01072     3.9375     3.9315    25.4928    25.4931    36.6027    36.6056    24.4013    24.4033    1540.81    171.660    171.399         51 0.0000e+00
       9304    387.618     31.797     32.000    25.3790    25.3809   5.565840   5.566172     2.7629     2.3291      97.97   22.34912  -86.74352   -0.00821   -0.00579     3.9248     3.9153    25.3731    25.3738    36.6086    36.6105    24.4428    24.4440    1540.72    171.097    170.684         31 0.0000e+00
       9347    389.425     32.791     33.000    25.2480    25.2482   5.552653   5.553082     2.7463     2.3186      99.60   22.34913  -86.74351   -0.00803   -0.00654     3.9021     3.9009    25.2409    25.2410    36.6170    36.6202    24.4899    24.4923    1540.62    170.103    170.051         54 0.0000e+00
       9412    392.137     33.785     34.000    24.9252    24.9258   5.524108   5.523372     2.7248     2.2964      93.62   22.34914  -86.74352   -0.00790   -0.00658     3.8806     3.8711    24.9175    24.9184    36.6593    36.6601    24.6210    24.6215    1540.52    169.143    168.728         53 0.0000e+00
       9454    393.872     34.778     35.000    24.6690    24.6693   5.497234   5.497641     2.6965     2.2684      90.08   22.34914  -86.74351   -0.01153   -0.01250     3.8464     3.8316    24.6614    24.6618    36.6725    36.6754    24.7091    24.7111    1540.38    167.638    166.993         39 0.0000e+00
       9501    395.850     35.772     36.000    24.3181    24.3143   5.462666   5.461818     2.6658     2.2427      99.58   22.34916  -86.74352   -0.01503   -0.01358     3.8097     3.7974    24.3104    24.3067    36.6986    36.6975    24.8348    24.8359    1540.25    166.017    165.480         60 0.0000e+00
       9560    398.298     36.765     37.000    24.0341    24.0286   5.427622   5.427073     2.6282     2.2097      90.63   22.34916  -86.74352   -0.01667   -0.01457     3.7581     3.7478    24.0263    24.0208    36.6658    36.6661    24.8953    24.8971    1540.10    163.760    163.313         49 0.0000e+00
       9604    400.132     37.759     38.000    23.8537    23.8511   5.404572   5.404604     2.6080     2.1942      93.97   22.34917  -86.74350   -0.01280   -0.01067     3.7318     3.7265    23.8457    23.8431    36.6384    36.6408    24.9283    24.9309    1539.94    162.608    162.378         46 0.0000e+00
       9653    402.169     38.752     39.000    23.6739    23.6720   5.384988   5.384830     2.5864     2.1781     100.07   22.34918  -86.74350   -0.01094   -0.00830     3.7020     3.7034    23.6657    23.6638    36.6368    36.6371    24.9805    24.9812    1539.79    161.303    161.361         48 0.0000e+00
       9703    404.250     39.746     40.000    23.2796    23.2779   5.346720   5.346498     2.5612     2.1528      90.33   22.34919  -86.74350   -0.01090   -0.00956     3.6755     3.6708    23.2713    23.2696    36.6626    36.6632    25.1160    25.1169    1539.62    160.128    159.919         56 0.0000e+00
       9759    406.568     40.740     41.000    22.8901    22.9000   5.303232   5.304527     2.5223     2.1192      98.73   22.34920  -86.74350   -0.01558   -0.01467     3.6282     3.6238    22.8817    22.8916    36.6570    36.6588    25.2253    25.2238    1539.44    158.049    157.855         48 0.0000e+00
       9802    408.373     41.733     42.000    22.7050    22.7114   5.280579   5.281490     2.4986     2.0988      99.98   22.34920  -86.74350   -0.01537   -0.01300     3.5937     3.5912    22.6964    22.7028    36.6348    36.6365    25.2619    25.2614    1539.24    156.542    156.432         44 0.0000e+00
       9852    410.459     42.727     43.000    22.4742    22.4832   5.256571   5.257718     2.4740     2.0784      76.95   22.34921  -86.74350   -0.01252   -0.01067     3.5598     3.5604    22.4656    22.4745    36.6402    36.6418    25.3323    25.3309    1539.05    155.051    155.077         56 0.0000e+00
       9907    412.759     43.720     44.000    22.1404    22.1443   5.216132   5.216917     2.4431     2.0485     100.53   22.34922  -86.74350   -0.01253   -0.01133     3.5204     3.5158    22.1316    22.1355    36.6030    36.6059    25.3992    25.4003    1538.84    153.328    153.124         51 0.0000e+00
       9954    414.718     44.714     45.000    22.0818    22.0866   5.208856   5.209782     2.4228     2.0325      99.66   22.34923  -86.74348   -0.01263   -0.01160     3.4836     3.4841    22.0728    22.0776    36.5946    36.5979    25.4095    25.4106    1538.64    151.722    151.743         45 0.0000e+00
      10001    416.672     45.707     46.000    22.0403    22.0421   5.204403   5.204885     2.4125     2.0250      78.74   22.34924  -86.74348   -0.00770   -0.00586     3.4657     3.4703    22.0311    22.0329    36.5942    36.5965    25.4209    25.4222    1538.43    150.940    151.142         53 0.0000e+00
      10058    419.029     46.701     47.000    21.9474    21.9481   5.194962   5.195228     2.4008     2.0164     100.93   22.34924  -86.74348   -0.00481   -0.00366     3.4481     3.4571    21.9380    21.9387    36.5976    36.5991    25.4498    25.4508    1538.24    150.172    150.564         52 0.0000e+00
      10102    420.891     47.694     48.000    21.8225    21.8240   5.183351   5.183783     2.3923     2.0080     100.00   22.34926  -86.74348   -0.00486   -0.00392     3.4389     3.4459    21.8130    21.8145    36.6109    36.6131    25.4951    25.4964    1538.05    149.764    150.067         43 0.0000e+00
      10154    423.044     48.688     49.000    21.8217    21.8221   5.183883   5.184169     2.3859     2.0036     100.00   22.34926  -86.74348   -0.00398   -0.00351     3.4262     3.4365    21.8120    21.8124    36.6155    36.6175    25.4989    25.5003    1537.86    149.208    149.658         60 0.0000e+00
      10208    425.306     49.681     50.000    21.8048    21.8051   5.183056   5.183304     2.3844     2.0029     100.00   22.34926  -86.74348   -0.00132   -0.00043     3.4250     3.4349    21.7949    21.7952    36.6181    36.6200    25.5057    25.5070    1537.69    149.155    149.590         45 0.0000e+00
      10253    427.172     50.675     51.000    21.7553    21.7638   5.178022   5.179104     2.3812     2.0005      68.70   22.34928  -86.74348   -0.00088   -0.00085     3.4215     3.4336    21.7452    21.7537    36.6244    36.6258    25.5244    25.5231    1537.51    149.003    149.530         50 0.0000e+00
      10308    429.462     51.668     52.000    21.5234    21.5204   5.152584   5.152431     2.3684     1.9871     101.63   22.34928  -86.74348   -0.00376   -0.00303     3.4110     3.4187    21.5109    21.5102    36.6206    36.6199    25.5870    25.5867    1537.34    148.536    148.870         52 0.0000e+00
      10348    431.143     52.662     53.000    21.2604    21.2881   5.123452   5.126330     2.3523     1.9738     100.00   22.34930  -86.74348   -0.00698   -0.00688     3.3954     3.4035    21.2501    21.2778    36.6092    36.6086    25.6506    25.6425    1537.15    147.845    148.199         34 0.0000e+00
      10384    432.626     53.655     54.000    20.8287    20.8415   5.074604   5.076059     2.3258     1.9472      99.30   22.34930  -86.74348   -0.01125   -0.01094     3.3722     3.3748    20.8183    20.8311    36.5849    36.5856    25.7507    25.7478    1536.96    146.821    146.937         38 0.0000e+00
