GOMECC/GOMECC-4/1db/rb2103_1321.ros
* Sea-Bird SBE 9 Data File:
* FileName = C:\Users\scs.user.rb\CTD\GOMECC4\data\rb2103_1321.hex
* Software Version Seasave V 7.26.7.107
* Temperature SN = 4799
* Conductivity SN = 3860
* Number of Bytes Per Scan = 41
* Number of Voltage Words = 4
* Number of Scans Averaged by the Deck Unit = 1
* NMEA Latitude = 26 37.21 N
* NMEA Longitude = 083 14.37 W
* NMEA UTC (Time) = Oct 19 2021  18:16:13
* NMEA baud rate = 4800
# nquan = 17
# nvalues = 1463                                  
# units = specified
# name 0 = scan: Scan Count
# name 1 = timeS: Time, Elapsed [seconds]
# name 2 = depSM: Depth [salt water, m]
# name 3 = prDM: Pressure, Digiquartz [db]
# name 4 = t090C: Temperature [ITS-90, deg C]
# name 5 = t190C: Temperature, 2 [ITS-90, deg C]
# name 6 = c0S/m: Conductivity [S/m]
# name 7 = c1S/m: Conductivity, 2 [S/m]
# name 8 = sbeox0V: Oxygen raw, SBE 43 [V]
# name 9 = sbeox1V: Oxygen raw, SBE 43, 2 [V]
# name 10 = altM: Altimeter [m]
# name 11 = latitude: Latitude [deg]
# name 12 = longitude: Longitude [deg]
# name 13 = sbox0dV/dT: Oxygen, SBE 43 [dov/dt]
# name 14 = sbox1dV/dT: Oxygen, SBE 43, 2 [dov/dt]
# name 15 = nbf: Bottles Fired
# name 16 = flag:  0.000e+00
# interval = seconds: 0.0416667
# start_time = Oct 19 2021 18:16:13 [NMEA time, header]
# bad_flag = -9.990e-29
*END*
[from data line 1362]
      34135   1422.250      3.357      3.379    28.6005    28.6052   5.817409   5.817934     3.1111     2.6313      43.10   26.62020  -83.23958    0.00005    0.00047         11  0.000e+00
      34136   1422.292      3.309      3.331    28.6004    28.6052   5.817480   5.817886     3.1111     2.6325      43.10   26.62020  -83.23958    0.00010    0.00051         11  0.000e+00
      34137   1422.333      3.357      3.379    28.6007    28.6054   5.817433   5.817910     3.1111     2.6313      43.10   26.62020  -83.23958    0.00014    0.00053         11  0.000e+00
      34138   1422.375      3.309      3.331    28.6004    28.6052   5.817441   5.817926     3.1111     2.6313      43.10   26.62020  -83.23958    0.00018    0.00055         11  0.000e+00
      34139   1422.417      3.357      3.379    28.6005    28.6050   5.817417   5.817926     3.1111     2.6325      43.10   26.62020  -83.23958    0.00022    0.00058         11  0.000e+00
      34140   1422.458      3.309      3.331    28.6005    28.6044   5.817409   5.817886     3.1111     2.6313      43.10   26.62020  -83.23958    0.00025    0.00060         11  0.000e+00
      34141   1422.500      3.357      3.379    28.6008    28.6043   5.817480   5.817878     3.1111     2.6313      43.10   26.62020  -83.23958    0.00029    0.00061         11  0.000e+00
      34142   1422.542      3.309      3.331    28.6011    28.6041   5.817464   5.817878     3.1111     2.6325      43.10   26.62020  -83.23958    0.00031    0.00064         11  0.000e+00
      34143   1422.583      3.357      3.379    28.6015    28.6039   5.817457   5.817838     3.1111     2.6325      43.10   26.62020  -83.23958    0.00034    0.00069         11  0.000e+00
      34144   1422.625      3.309      3.331    28.6012    28.6041   5.817457   5.817902     3.1099     2.6313      43.10   26.62020  -83.23958    0.00034    0.00072         11  0.000e+00
      34145   1422.667      3.309      3.331    28.6015    28.6041   5.817457   5.817886     3.1111     2.6313      43.10   26.62020  -83.23958    0.00038    0.00075         11  0.000e+00
      34146   1422.708      3.309      3.331    28.6014    28.6039   5.817457   5.817910     3.1099     2.6313      43.10   26.62020  -83.23958    0.00040    0.00078         11  0.000e+00
      34147   1422.750      3.303      3.324    28.6017    28.6043   5.817457   5.817926     3.1111     2.6313      43.10   26.62020  -83.23958    0.00042    0.00080         11  0.000e+00
      34148   1422.792      3.309      3.331    28.6017    28.6041   5.817457   5.817886     3.1099     2.6313      43.10   26.62022  -83.23958    0.00043    0.00085         11  0.000e+00
      34149   1422.833      3.262      3.284    28.6016    28.6043   5.817488   5.817838     3.1111     2.6313      43.05   26.62022  -83.23958    0.00045    0.00089         11  0.000e+00
      34150   1422.875      3.309      3.331    28.6015    28.6041   5.817504   5.817862     3.1111     2.6300      43.03   26.62022  -83.23958    0.00048    0.00092         11  0.000e+00
      34151   1422.917      3.309      3.331    28.6016    28.6041   5.817464   5.817806     3.1099     2.6300      43.00   26.62022  -83.23958    0.00048    0.00094         11  0.000e+00
      34152   1422.958      3.309      3.331    28.6015    28.6037   5.817488   5.817782     3.1099     2.6300      43.03   26.62022  -83.23958    0.00049    0.00097         11  0.000e+00
      34153   1423.000      3.309      3.331    28.6015    28.6033   5.817464   5.817782     3.1099     2.6300      43.00   26.62022  -83.23958    0.00049    0.00099         11  0.000e+00
      34154   1423.042      3.309      3.331    28.6019    28.6032   5.817488   5.817742     3.1099     2.6300      43.00   26.62022  -83.23958    0.00050    0.00102         11  0.000e+00
      34155   1423.083      3.309      3.331    28.6019    28.6032   5.817464   5.817766     3.1099     2.6300      43.03   26.62022  -83.23958    0.00051    0.00105         11  0.000e+00
      34156   1423.125      3.303      3.324    28.6019    28.6033   5.817488   5.817742     3.1099     2.6288      43.00   26.62022  -83.23958    0.00050    0.00106         11  0.000e+00
      34157   1423.167      3.262      3.284    28.6019    28.6035   5.817464   5.817766     3.1099     2.6300      43.00   26.62022  -83.23958    0.00049    0.00108         11  0.000e+00
      34158   1423.208      3.309      3.331    28.6018    28.6033   5.817457   5.817814     3.1099     2.6300      43.03   26.62022  -83.23958    0.00048    0.00109         11  0.000e+00
      34159   1423.250      3.309      3.331    28.6017    28.6033   5.817457   5.817758     3.1099     2.6300      43.00   26.62022  -83.23958    0.00047    0.00110         11  0.000e+00
      34160   1423.292      3.309      3.331    28.6011    28.6033   5.817457   5.817734     3.1099     2.6300      43.00   26.62022  -83.23958    0.00046    0.00111         11  0.000e+00
      34161   1423.333      3.309      3.331    28.6010    28.6033   5.817417   5.817766     3.1099     2.6300      43.00   26.62022  -83.23958    0.00043    0.00111         11  0.000e+00
      34162   1423.375      3.262      3.284    28.6011    28.6033   5.817480   5.817814     3.1099     2.6300      43.00   26.62022  -83.23958    0.00040    0.00112         11  0.000e+00
      34163   1423.417      3.309      3.331    28.6010    28.6033   5.817433   5.817790     3.1099     2.6300      43.00   26.62022  -83.23958    0.00039    0.00113         11  0.000e+00
      34164   1423.458      3.309      3.331    28.6010    28.6035   5.817480   5.817814     3.1099     2.6300      43.03   26.62022  -83.23958    0.00036    0.00113         11  0.000e+00
      34165   1423.500      3.303      3.324    28.6008    28.6041   5.817433   5.817758     3.1099     2.6288      43.00   26.62022  -83.23958    0.00033    0.00112         11  0.000e+00
      34166   1423.542      3.309      3.331    28.6007    28.6043   5.817370   5.817838     3.1099     2.6288      43.00   26.62022  -83.23958    0.00030    0.00111         11  0.000e+00
      34167   1423.583      3.309      3.331    28.6008    28.6046   5.817433   5.817838     3.1099     2.6288      43.00   26.62022  -83.23958    0.00027    0.00108         11  0.000e+00
      34168   1423.625      3.309      3.331    28.6007    28.6046   5.817457   5.817934     3.1111     2.6288      43.00   26.62022  -83.23958    0.00026    0.00105         11  0.000e+00
      34169   1423.667      3.309      3.331    28.6008    28.6046   5.817417   5.817862     3.1111     2.6288      43.00   26.62022  -83.23958    0.00025    0.00102         11  0.000e+00
      34170   1423.708      3.309      3.331    28.6005    28.6048   5.817409   5.817830     3.1099     2.6288      43.00   26.62022  -83.23958    0.00022    0.00099         11  0.000e+00
      34171   1423.750      3.309      3.331    28.6007    28.6046   5.817409   5.817862     3.1111     2.6288      43.00   26.62022  -83.23958    0.00020    0.00096         11  0.000e+00
      34172   1423.792      3.309      3.331    28.6010    28.6044   5.817441   5.817806     3.1111     2.6288      43.00   26.62022  -83.23958    0.00019    0.00093         11  0.000e+00
      34173   1423.833      3.309      3.331    28.6008    28.6043   5.817417   5.817814     3.1111     2.6288      42.98   26.62022  -83.23958    0.00017    0.00090         11  0.000e+00
      34174   1423.875      3.303      3.324    28.6008    28.6035   5.817370   5.817790     3.1111     2.6288      42.98   26.62022  -83.23958    0.00015    0.00085         11  0.000e+00
      34175   1423.917      3.357      3.379    28.6005    28.6033   5.817362   5.817710     3.1111     2.6288      42.98   26.62022  -83.23958    0.00014    0.00082         11  0.000e+00
      34176   1423.958      3.309      3.331    28.6004    28.6035   5.817393   5.817758     3.1111     2.6276      42.98   26.62022  -83.23958    0.00012    0.00077         11  0.000e+00
      34177   1424.000      3.309      3.331    28.6002    28.6041   5.817441   5.817742     3.1123     2.6288      42.98   26.62022  -83.23958    0.00012    0.00074         11  0.000e+00
      34178   1424.042      3.309      3.331    28.5999    28.6041   5.817417   5.817734     3.1111     2.6276      42.98   26.62022  -83.23958    0.00010    0.00069         11  0.000e+00
      34179   1424.083      3.357      3.379    28.6000    28.6041   5.817409   5.817734     3.1123     2.6288      42.98   26.62022  -83.23958    0.00010    0.00065         11  0.000e+00
      34180   1424.125      3.309      3.331    28.6001    28.6041   5.817370   5.817734     3.1123     2.6288      42.98   26.62022  -83.23958    0.00009    0.00062         11  0.000e+00
      34181   1424.167      3.357      3.379    28.6002    28.6035   5.817362   5.817694     3.1123     2.6288      42.98   26.62022  -83.23958    0.00010    0.00057         11  0.000e+00
      34182   1424.208      3.303      3.324    28.6004    28.6030   5.817322   5.817614     3.1123     2.6288      42.98   26.62022  -83.23958    0.00012    0.00052         11  0.000e+00
      34183   1424.250      3.357      3.379    28.6003    28.6026   5.817346   5.817622     3.1123     2.6288      42.98   26.62022  -83.23958    0.00013    0.00047         11  0.000e+00
      34184   1424.292      3.309      3.331    28.6002    28.6022   5.817362   5.817670     3.1123     2.6288      42.98   26.62022  -83.23958    0.00014    0.00043         11  0.000e+00
      34185   1424.333      3.357      3.379    28.6001    28.6022   5.817338   5.817646     3.1123     2.6300      42.98   26.62022  -83.23958    0.00015    0.00041         11  0.000e+00
      34186   1424.375      3.357      3.379    28.5998    28.6018   5.817314   5.817598     3.1123     2.6300      42.98   26.62022  -83.23958    0.00016    0.00039         11  0.000e+00
      34187   1424.417      3.309      3.331    28.5999    28.6021   5.817275   5.817590     3.1123     2.6300      42.98   26.62022  -83.23958    0.00017    0.00037         11  0.000e+00
      34188   1424.458      3.357      3.379    28.6000    28.6018   5.817299   5.817662     3.1136     2.6300      42.98   26.62022  -83.23958    0.00019    0.00035         11  0.000e+00
      34189   1424.500      3.357      3.379    28.5998    28.6018   5.817346   5.817614     3.1123     2.6313      42.98   26.62022  -83.23958    0.00022    0.00035         11  0.000e+00
      34190   1424.542      3.357      3.379    28.6001    28.6018   5.817322   5.817622     3.1123     2.6313      42.98   26.62022  -83.23958    0.00024    0.00034         11  0.000e+00
      34191   1424.583      3.357      3.379    28.6000    28.6017   5.817275   5.817598     3.1136     2.6313      42.98   26.62022  -83.23958    0.00026    0.00034         11  0.000e+00
      34192   1424.625      3.357      3.379    28.5999    28.6017   5.817338   5.817622     3.1123     2.6313      42.98   26.62022  -83.23958    0.00027    0.00033         11  0.000e+00
      34193   1424.667      3.357      3.379    28.5998    28.6015   5.817291   5.817566     3.1123     2.6313      42.98   26.62022  -83.23958    0.00027    0.00032         11  0.000e+00
      34194   1424.708      3.411      3.433    28.5998    28.6013   5.817338   5.817574     3.1136     2.6313      42.98   26.62022  -83.23958    0.00029    0.00031         11  0.000e+00
      34195   1424.750      3.309      3.331    28.5999    28.6007   5.817362   5.817518     3.1136     2.6325      42.98   26.62022  -83.23958    0.00031    0.00032         11  0.000e+00
      34196   1424.792      3.411      3.433    28.5998    28.6009   5.817362   5.817494     3.1136     2.6325      42.98   26.62022  -83.23958    0.00035    0.00032         11  0.000e+00
      34197   1424.833      3.411      3.433    28.6001    28.6004   5.817362   5.817494     3.1136     2.6325      42.98   26.62022  -83.23958    0.00038    0.00033         11  0.000e+00
      34198   1424.875      3.357      3.379    28.6002    28.6004   5.817393   5.817526     3.1136     2.6313      42.95   26.62022  -83.23958    0.00042    0.00031         11  0.000e+00
      34199   1424.917      3.411      3.433    28.5999    28.6000   5.817370   5.817542     3.1136     2.6313      42.93   26.62022  -83.23958    0.00045    0.00030         11  0.000e+00
      34200   1424.958      3.404      3.427    28.5996    28.6002   5.817362   5.817470     3.1148     2.6313      42.95   26.62022  -83.23958    0.00051    0.00028         11  0.000e+00
      34201   1425.000      3.357      3.379    28.5995    28.6000   5.817291   5.817518     3.1136     2.6300      42.95   26.62022  -83.23958    0.00052    0.00025         11  0.000e+00
      34202   1425.042      3.458      3.481    28.5997    28.6002   5.817299   5.817470     3.1148     2.6300      42.95   26.62022  -83.23958    0.00057    0.00021         11  0.000e+00
      34203   1425.083      3.357      3.379    28.6000    28.6004   5.817346   5.817478     3.1136     2.6288      42.95   26.62022  -83.23958    0.00058    0.00016         11  0.000e+00
      34204   1425.125      3.458      3.481    28.5999    28.6004   5.817362   5.817526     3.1136     2.6288      42.95   26.62022  -83.23958    0.00061    0.00010         11  0.000e+00
      34205   1425.167      3.357      3.379    28.5998    28.6006   5.817291   5.817470     3.1136     2.6288      42.95   26.62022  -83.23958    0.00064    0.00005         11  0.000e+00
      34206   1425.208      3.458      3.481    28.5996    28.6002   5.817299   5.817406     3.1136     2.6288      42.95   26.62022  -83.23958    0.00067   -0.00001         11  0.000e+00
      34207   1425.250      3.411      3.433    28.5997    28.6000   5.817314   5.817470     3.1136     2.6276      42.95   26.62022  -83.23958    0.00070   -0.00008         11  0.000e+00
      34208   1425.292      3.411      3.433    28.5996    28.6000   5.817346   5.817494     3.1136     2.6276      42.95   26.62022  -83.23958    0.00071   -0.00015         11  0.000e+00
      34209   1425.333      3.404      3.427    28.5999    28.6002   5.817109   5.817494     3.1136     2.6276      42.95   26.62022  -83.23958    0.00073   -0.00023         11  0.000e+00
      34210   1425.375      3.458      3.481    28.5998    28.6000   5.817172   5.817454     3.1136     2.6276      42.95   26.62022  -83.23958    0.00074   -0.00030         11  0.000e+00
      34211   1425.417      3.411      3.433    28.6003    28.6002   5.817322   5.817478     3.1136     2.6276      42.95   26.62022  -83.23958    0.00076   -0.00037         11  0.000e+00
      34212   1425.458      3.458      3.481    28.6000    28.6002   5.817362   5.817454     3.1136     2.6276      42.95   26.62022  -83.23958    0.00079   -0.00043         11  0.000e+00
      34213   1425.500      3.411      3.433    28.6000    28.5998   5.817322   5.817478     3.1136     2.6276      42.95   26.62022  -83.23958    0.00081   -0.00048         11  0.000e+00
      34214   1425.542      3.411      3.433    28.5999    28.5996   5.817346   5.817494     3.1136     2.6276      42.95   26.62022  -83.23958    0.00081   -0.00054         11  0.000e+00
      34215   1425.583      3.411      3.433    28.6002    28.5996   5.817322   5.817494     3.1136     2.6276      42.95   26.62022  -83.23958    0.00083   -0.00059         11  0.000e+00
      34216   1425.625      3.458      3.481    28.5999    28.6000   5.817314   5.817454     3.1136     2.6276      42.95   26.62022  -83.23958    0.00084   -0.00064         11  0.000e+00
      34217   1425.667      3.411      3.433    28.6000    28.6000   5.817346   5.817478     3.1136     2.6276      42.95   26.62022  -83.23958    0.00085   -0.00068         11  0.000e+00
      34218   1425.708      3.404      3.427    28.6000    28.6000   5.817322   5.817494     3.1136     2.6276      42.95   26.62022  -83.23958    0.00087   -0.00071         11  0.000e+00
