GOMECC/GOMECC-4/1db/rb2103_0401.ros
* Sea-Bird SBE 9 Data File:
* FileName = C:\Users\scs.user.rb\CTD\GOMECC4\data\rb2103_0401.hex
* Software Version Seasave V 7.26.7.107
* Temperature SN = 4799
* Conductivity SN = 3860
* Number of Bytes Per Scan = 41
* Number of Voltage Words = 4
* Number of Scans Averaged by the Deck Unit = 1
* NMEA Latitude = 27 54.62 N
* NMEA Longitude = 090 00.08 W
* NMEA UTC (Time) = Sep 25 2021  23:21:03
* NMEA baud rate = 4800
# nquan = 17
# nvalues = 2261                                  
# units = specified
# name 0 = scan: Scan Count
# name 1 = timeS: Time, Elapsed [seconds]
# name 2 = depSM: Depth [salt water, m]
# name 3 = prDM: Pressure, Digiquartz [db]
# name 4 = t090C: Temperature [ITS-90, deg C]
# name 5 = t190C: Temperature, 2 [ITS-90, deg C]
# name 6 = c0S/m: Conductivity [S/m]
# name 7 = c1S/m: Conductivity, 2 [S/m]
# name 8 = sbeox0V: Oxygen raw, SBE 43 [V]
# name 9 = sbeox1V: Oxygen raw, SBE 43, 2 [V]
# name 10 = altM: Altimeter [m]
# name 11 = latitude: Latitude [deg]
# name 12 = longitude: Longitude [deg]
# name 13 = sbox0dV/dT: Oxygen, SBE 43 [dov/dt]
# name 14 = sbox1dV/dT: Oxygen, SBE 43, 2 [dov/dt]
# name 15 = nbf: Bottles Fired
# name 16 = flag:  0.000e+00
# interval = seconds: 0.0416667
# start_time = Sep 25 2021 23:21:03 [NMEA time, header]
# bad_flag = -9.990e-29
*END*
[from data line 1277]
      71964   2998.458     54.567     54.940    24.5720    24.5714   5.485774   5.485682     2.8034     2.3822     100.00   27.91300  -90.00372    0.00099    0.00012         10  0.000e+00
      71965   2998.500     54.613     54.985    24.5722    24.5709   5.485805   5.485612     2.8034     2.3822     100.00   27.91300  -90.00372    0.00095    0.00013         10  0.000e+00
      71966   2998.542     54.507     54.879    24.5723    24.5703   5.485844   5.485557     2.8034     2.3822     100.00   27.91300  -90.00372    0.00093    0.00016         10  0.000e+00
      71967   2998.583     54.620     54.993    24.5722    24.5700   5.485851   5.485573     2.8034     2.3822     100.00   27.91300  -90.00372    0.00091    0.00017         10  0.000e+00
      71968   2998.625     54.560     54.932    24.5727    24.5705   5.485882   5.485620     2.8034     2.3822      93.36   27.91300  -90.00372    0.00089    0.00018         10  0.000e+00
      71969   2998.667     54.620     54.993    24.5730    24.5712   5.485928   5.485667     2.8034     2.3822      60.66   27.91300  -90.00372    0.00085    0.00021         10  0.000e+00
      71970   2998.708     54.560     54.932    24.5738    24.5716   5.486013   5.485885     2.8034     2.3822      46.03   27.91300  -90.00372    0.00081    0.00023         10  0.000e+00
      71971   2998.750     54.567     54.940    24.5745    24.5730   5.486106   5.486018     2.8034     2.3822      45.18   27.91300  -90.00372    0.00078    0.00026         10  0.000e+00
      71972   2998.792     54.613     54.985    24.5749    24.5739   5.486160   5.486143     2.8034     2.3822      46.81   27.91300  -90.00372    0.00076    0.00027         10  0.000e+00
      71973   2998.833     54.567     54.940    24.5752    24.5747   5.486206   5.486182     2.8034     2.3822      47.50   27.91300  -90.00372    0.00073    0.00027         10  0.000e+00
      71974   2998.875     54.560     54.932    24.5754    24.5749   5.486244   5.486143     2.8034     2.3822      47.52   27.91300  -90.00372    0.00068    0.00028         10  0.000e+00
      71975   2998.917     54.620     54.993    24.5756    24.5750   5.486291   5.486229     2.8034     2.3822      47.45   27.91300  -90.00372    0.00065    0.00028         10  0.000e+00
      71976   2998.958     54.560     54.932    24.5760    24.5758   5.486306   5.486268     2.8034     2.3822      47.42   27.91300  -90.00372    0.00062    0.00028         10  0.000e+00
      71977   2999.000     54.567     54.940    24.5760    24.5769   5.486267   5.486432     2.8046     2.3822      47.42   27.91300  -90.00372    0.00061    0.00029         10  0.000e+00
      71978   2999.042     54.613     54.985    24.5760    24.5768   5.486260   5.486494     2.8046     2.3822      47.42   27.91300  -90.00372    0.00061    0.00030         10  0.000e+00
      71979   2999.083     54.560     54.932    24.5758    24.5761   5.486229   5.486424     2.8034     2.3810      47.42   27.91300  -90.00372    0.00058    0.00030         10  0.000e+00
      71980   2999.125     54.568     54.940    24.5758    24.5759   5.486152   5.486338     2.8046     2.3822      47.42   27.91300  -90.00372    0.00056    0.00030         10  0.000e+00
      71981   2999.167     54.560     54.932    24.5754    24.5758   5.486198   5.486346     2.8034     2.3822      47.42   27.91300  -90.00372    0.00052    0.00032         10  0.000e+00
      71982   2999.208     54.568     54.940    24.5756    24.5754   5.486221   5.486260     2.8046     2.3822      47.42   27.91300  -90.00372    0.00050    0.00033         10  0.000e+00
      71983   2999.250     54.560     54.932    24.5754    24.5749   5.486221   5.486159     2.8046     2.3822      47.42   27.91300  -90.00372    0.00049    0.00035         10  0.000e+00
      71984   2999.292     54.568     54.940    24.5750    24.5745   5.486183   5.486096     2.8034     2.3822      47.42   27.91300  -90.00372    0.00045    0.00036         10  0.000e+00
      71985   2999.333     54.613     54.986    24.5749    24.5747   5.486175   5.486088     2.8034     2.3822      47.42   27.91300  -90.00372    0.00043    0.00038         10  0.000e+00
      71986   2999.375     54.507     54.879    24.5745    24.5745   5.486067   5.486120     2.8046     2.3822      47.42   27.91300  -90.00372    0.00042    0.00039         10  0.000e+00
      71987   2999.417     54.560     54.932    24.5746    24.5745   5.486175   5.486096     2.8046     2.3822      47.42   27.91300  -90.00372    0.00041    0.00040         10  0.000e+00
      71988   2999.458     54.568     54.940    24.5754    24.5747   5.486283   5.486120     2.8046     2.3834      47.42   27.91300  -90.00372    0.00041    0.00045         10  0.000e+00
      71989   2999.500     54.507     54.879    24.5763    24.5741   5.486267   5.486096     2.8046     2.3834      47.40   27.91300  -90.00372    0.00039    0.00049         10  0.000e+00
      71990   2999.542     54.560     54.932    24.5761    24.5738   5.486260   5.486018     2.8046     2.3822      47.42   27.91300  -90.00372    0.00038    0.00052         10  0.000e+00
      71991   2999.583     54.507     54.879    24.5763    24.5734   5.486368   5.486026     2.8046     2.3822      57.80   27.91300  -90.00372    0.00037    0.00055         10  0.000e+00
      71992   2999.625     54.560     54.932    24.5770    24.5739   5.486468   5.486073     2.8046     2.3834      89.69   27.91300  -90.00372    0.00036    0.00059         10  0.000e+00
      71993   2999.667     54.507     54.879    24.5770    24.5745   5.486452   5.486088     2.8046     2.3822     100.00   27.91300  -90.00372    0.00034    0.00062         10  0.000e+00
      71994   2999.708     54.507     54.879    24.5770    24.5745   5.486406   5.486159     2.8034     2.3834     100.00   27.91300  -90.00372    0.00031    0.00066         10  0.000e+00
      71995   2999.750     54.507     54.879    24.5768    24.5749   5.486398   5.486245     2.8034     2.3822     100.00   27.91300  -90.00372    0.00029    0.00069         10  0.000e+00
      71996   2999.792     54.447     54.818    24.5762    24.5763   5.486329   5.486369     2.8034     2.3834     100.00   27.91300  -90.00372    0.00028    0.00073         10  0.000e+00
      71997   2999.833     54.507     54.879    24.5750    24.5777   5.486167   5.486471     2.8046     2.3834      99.98   27.91300  -90.00372    0.00028    0.00077         10  0.000e+00
      71998   2999.875     54.447     54.818    24.5747    24.5786   5.486129   5.486565     2.8046     2.3834     100.00   27.91300  -90.00372    0.00030    0.00081         10  0.000e+00
      71999   2999.917     54.507     54.879    24.5752    24.5790   5.486221   5.486619     2.8034     2.3834     100.00   27.91300  -90.00372    0.00028    0.00085         10  0.000e+00
      72000   2999.958     54.447     54.818    24.5761    24.5785   5.486291   5.486596     2.8034     2.3834     100.00   27.91300  -90.00372    0.00026    0.00089         10  0.000e+00
      72001   3000.000     54.333     54.704    24.5763    24.5786   5.486306   5.486658     2.8034     2.3834     100.00   27.91300  -90.00372    0.00024    0.00093         10  0.000e+00
      72002   3000.042     54.568     54.940    24.5767    24.5785   5.486306   5.486643     2.8046     2.3834     100.00   27.91300  -90.00372    0.00026    0.00097         10  0.000e+00
      72003   3000.083     54.447     54.818    24.5765    24.5779   5.486375   5.486565     2.8046     2.3834     100.00   27.91300  -90.00372    0.00027    0.00101         10  0.000e+00
      72004   3000.125     54.394     54.765    24.5763    24.5790   5.486329   5.486612     2.8034     2.3834     100.00   27.91300  -90.00372    0.00025    0.00104         10  0.000e+00
      72005   3000.167     54.447     54.818    24.5764    24.5800   5.486306   5.486799     2.8046     2.3834     100.00   27.91300  -90.00372    0.00027    0.00108         10  0.000e+00
      72006   3000.208     54.394     54.765    24.5763    24.5810   5.486337   5.486924     2.8046     2.3834     100.00   27.91300  -90.00372    0.00028    0.00111         10  0.000e+00
      72007   3000.250     54.394     54.765    24.5767    24.5819   5.486383   5.487018     2.8034     2.3834     100.00   27.91300  -90.00372    0.00028    0.00115         10  0.000e+00
      72008   3000.292     54.394     54.765    24.5763    24.5824   5.486360   5.487111     2.8034     2.3834     100.00   27.91300  -90.00372    0.00028    0.00116         10  0.000e+00
      72009   3000.333     54.394     54.765    24.5763    24.5832   5.486283   5.487158     2.8034     2.3834     100.00   27.91300  -90.00372    0.00028    0.00120         10  0.000e+00
      72010   3000.375     54.341     54.712    24.5756    24.5830   5.486159   5.487174     2.8034     2.3822     100.00   27.91300  -90.00372    0.00027    0.00121         10  0.000e+00
      72011   3000.417     54.394     54.765    24.5752    24.5833   5.486260   5.487205     2.8034     2.3822     100.00   27.91300  -90.00372    0.00027    0.00122         10  0.000e+00
      72012   3000.458     54.341     54.712    24.5758    24.5830   5.486306   5.487150     2.8034     2.3822     100.00   27.91300  -90.00372    0.00027    0.00122         10  0.000e+00
      72013   3000.500     54.333     54.704    24.5762    24.5826   5.486406   5.487135     2.8034     2.3822     100.00   27.91300  -90.00372    0.00026    0.00122         10  0.000e+00
      72014   3000.542     54.394     54.765    24.5774    24.5826   5.486545   5.487135     2.8034     2.3822     100.00   27.91300  -90.00372    0.00026    0.00121         10  0.000e+00
      72015   3000.583     54.341     54.712    24.5786    24.5830   5.486676   5.487135     2.8034     2.3822     100.00   27.91300  -90.00372    0.00026    0.00121         10  0.000e+00
      72016   3000.625     54.281     54.651    24.5795    24.5833   5.486753   5.487197     2.8034     2.3810     100.00   27.91300  -90.00372    0.00026    0.00118         10  0.000e+00
      72242   3010.042     54.677     55.050    24.5697    24.5736   5.485489   5.486073     2.8034     2.3834     100.00   27.91300  -90.00372    0.00106    0.00173         11  0.000e+00
      72243   3010.083     54.730     55.103    24.5698    24.5739   5.485489   5.486042     2.8034     2.3834     100.00   27.91300  -90.00372    0.00109    0.00177         11  0.000e+00
      72244   3010.125     54.571     54.944    24.5697    24.5736   5.485520   5.486073     2.8034     2.3834     100.00   27.91300  -90.00372    0.00114    0.00182         11  0.000e+00
      72245   3010.167     54.564     54.936    24.5695    24.5736   5.485466   5.486088     2.8022     2.3834     100.00   27.91300  -90.00372    0.00115    0.00185         11  0.000e+00
      72246   3010.208     54.624     54.997    24.5691    24.5729   5.485405   5.486018     2.8034     2.3834     100.00   27.91300  -90.00372    0.00117    0.00188         11  0.000e+00
      72247   3010.250     54.564     54.936    24.5686    24.5725   5.485327   5.485893     2.8034     2.3822     100.00   27.91300  -90.00372    0.00120    0.00190         11  0.000e+00
      72248   3010.292     54.624     54.997    24.5686    24.5714   5.485274   5.485823     2.8034     2.3834     100.00   27.91300  -90.00372    0.00123    0.00193         11  0.000e+00
      72249   3010.333     54.617     54.989    24.5681    24.5711   5.485227   5.485674     2.8022     2.3822     100.00   27.91300  -90.00372    0.00123    0.00192         11  0.000e+00
      72250   3010.375     54.624     54.997    24.5679    24.5703   5.485220   5.485635     2.8022     2.3822     100.00   27.91300  -90.00372    0.00122    0.00191         11  0.000e+00
      72251   3010.417     54.617     54.989    24.5677    24.5698   5.485220   5.485596     2.8022     2.3822     100.00   27.91300  -90.00372    0.00121    0.00192         11  0.000e+00
      72252   3010.458     54.571     54.944    24.5673    24.5698   5.485220   5.485557     2.8022     2.3822     100.00   27.91300  -90.00372    0.00120    0.00193         11  0.000e+00
      72253   3010.500     54.617     54.989    24.5675    24.5698   5.485181   5.485550     2.8022     2.3810     100.00   27.91300  -90.00372    0.00121    0.00190         11  0.000e+00
      72254   3010.542     54.624     54.997    24.5671    24.5700   5.485181   5.485550     2.8022     2.3810     100.00   27.91300  -90.00372    0.00121    0.00187         11  0.000e+00
      72255   3010.583     54.564     54.936    24.5671    24.5700   5.485212   5.485573     2.8022     2.3810     100.00   27.91300  -90.00372    0.00120    0.00185         11  0.000e+00
      72256   3010.625     54.617     54.989    24.5678    24.5699   5.485320   5.485557     2.8022     2.3810      98.80   27.91300  -90.00372    0.00119    0.00182         11  0.000e+00
      72257   3010.667     54.571     54.944    24.5682    24.5700   5.485381   5.485573     2.8022     2.3797      96.09   27.91300  -90.00372    0.00119    0.00177         11  0.000e+00
      72258   3010.708     54.617     54.989    24.5690    24.5700   5.485428   5.485557     2.8022     2.3810      95.19   27.91300  -90.00372    0.00117    0.00174         11  0.000e+00
      72259   3010.750     54.572     54.944    24.5693    24.5698   5.485512   5.485550     2.8022     2.3797      95.21   27.91300  -90.00372    0.00118    0.00169         11  0.000e+00
      72260   3010.792     54.617     54.990    24.5695    24.5698   5.485536   5.485612     2.8022     2.3797      95.34   27.91302  -90.00372    0.00116    0.00164         11  0.000e+00
      72261   3010.833     54.572     54.944    24.5697    24.5703   5.485535   5.485596     2.8022     2.3797      95.38   27.91302  -90.00372    0.00114    0.00159         11  0.000e+00
      72262   3010.875     54.511     54.883    24.5697    24.5703   5.485497   5.485620     2.8022     2.3797      95.38   27.91302  -90.00372    0.00114    0.00154         11  0.000e+00
      72263   3010.917     54.625     54.997    24.5695    24.5705   5.485520   5.485667     2.8022     2.3797      95.38   27.91302  -90.00372    0.00113    0.00149         11  0.000e+00
      72264   3010.958     54.564     54.936    24.5698    24.5711   5.485466   5.485753     2.8010     2.3797      95.38   27.91302  -90.00372    0.00111    0.00144         11  0.000e+00
      72265   3011.000     54.572     54.944    24.5695    24.5712   5.485512   5.485737     2.8022     2.3797      95.36   27.91302  -90.00372    0.00109    0.00139         11  0.000e+00
      72266   3011.042     54.511     54.883    24.5698    24.5712   5.485566   5.485729     2.8022     2.3797      95.38   27.91302  -90.00372    0.00107    0.00134         11  0.000e+00
      72267   3011.083     54.572     54.944    24.5703    24.5711   5.485582   5.485729     2.8022     2.3797      95.38   27.91302  -90.00372    0.00105    0.00127         11  0.000e+00
      72268   3011.125     54.564     54.936    24.5704    24.5702   5.485613   5.485659     2.8022     2.3797      95.38   27.91302  -90.00372    0.00103    0.00120         11  0.000e+00
      72269   3011.167     54.451     54.822    24.5709    24.5711   5.485697   5.485737     2.8010     2.3797      95.38   27.91302  -90.00372    0.00101    0.00113         11  0.000e+00
      72270   3011.208     54.572     54.944    24.5722    24.5732   5.485828   5.485940     2.8010     2.3797      95.38   27.91302  -90.00372    0.00097    0.00106         11  0.000e+00
      72271   3011.250     54.511     54.883    24.5725    24.5761   5.485851   5.486237     2.8010     2.3810      95.38   27.91302  -90.00372    0.00093    0.00100         11  0.000e+00
      72272   3011.292     54.511     54.883    24.5729    24.5777   5.485952   5.486416     2.8022     2.3797      95.38   27.91302  -90.00372    0.00091    0.00093         11  0.000e+00
