GOMECC/GOMECC-4/1db/rb2103_0391.ros
* Sea-Bird SBE 9 Data File:
* FileName = C:\Users\scs.user.rb\CTD\GOMECC4\data\rb2103_0391.hex
* Software Version Seasave V 7.26.7.107
* Temperature SN = 4799
* Conductivity SN = 3860
* Number of Bytes Per Scan = 41
* Number of Voltage Words = 4
* Number of Scans Averaged by the Deck Unit = 1
* NMEA Latitude = 27 44.23 N
* NMEA Longitude = 089 59.91 W
* NMEA UTC (Time) = Sep 25 2021  20:49:51
* NMEA baud rate = 4800
# nquan = 17
# nvalues = 2527                                  
# units = specified
# name 0 = scan: Scan Count
# name 1 = timeS: Time, Elapsed [seconds]
# name 2 = depSM: Depth [salt water, m]
# name 3 = prDM: Pressure, Digiquartz [db]
# name 4 = t090C: Temperature [ITS-90, deg C]
# name 5 = t190C: Temperature, 2 [ITS-90, deg C]
# name 6 = c0S/m: Conductivity [S/m]
# name 7 = c1S/m: Conductivity, 2 [S/m]
# name 8 = sbeox0V: Oxygen raw, SBE 43 [V]
# name 9 = sbeox1V: Oxygen raw, SBE 43, 2 [V]
# name 10 = altM: Altimeter [m]
# name 11 = latitude: Latitude [deg]
# name 12 = longitude: Longitude [deg]
# name 13 = sbox0dV/dT: Oxygen, SBE 43 [dov/dt]
# name 14 = sbox1dV/dT: Oxygen, SBE 43, 2 [dov/dt]
# name 15 = nbf: Bottles Fired
# name 16 = flag:  0.000e+00
# interval = seconds: 0.0416667
# start_time = Sep 25 2021 20:49:51 [NMEA time, header]
# bad_flag = -9.990e-29
*END*
[from data line 2213]
      93273   3886.333     14.566     14.664    28.5444    28.5452   5.857726   5.857910     3.1294     2.6606     100.00   27.74798  -90.00228   -0.00114    0.00126         17  0.000e+00
      93274   3886.375     14.604     14.702    28.5444    28.5452   5.857750   5.857902     3.1294     2.6606     100.00   27.74798  -90.00228   -0.00113    0.00123         17  0.000e+00
      93275   3886.417     14.604     14.702    28.5442    28.5452   5.857742   5.857902     3.1294     2.6606     100.00   27.74798  -90.00228   -0.00113    0.00121         17  0.000e+00
      93276   3886.458     14.566     14.664    28.5444    28.5454   5.857742   5.857902     3.1294     2.6618     100.00   27.74798  -90.00228   -0.00111    0.00120         17  0.000e+00
      93277   3886.500     14.657     14.755    28.5444    28.5452   5.857702   5.857902     3.1294     2.6618     100.00   27.74798  -90.00228   -0.00109    0.00120         17  0.000e+00
      93278   3886.542     14.566     14.664    28.5444    28.5459   5.857726   5.857975     3.1294     2.6618     100.00   27.74798  -90.00228   -0.00106    0.00119         17  0.000e+00
      93279   3886.583     14.657     14.755    28.5446    28.5469   5.857702   5.857999     3.1294     2.6618     100.00   27.74798  -90.00228   -0.00104    0.00118         17  0.000e+00
      93280   3886.625     14.604     14.702    28.5444    28.5468   5.857742   5.858031     3.1294     2.6618     100.00   27.74798  -90.00228   -0.00103    0.00117         17  0.000e+00
      93281   3886.667     14.680     14.778    28.5444    28.5468   5.857742   5.858047     3.1294     2.6618     100.00   27.74798  -90.00228   -0.00102    0.00117         17  0.000e+00
      93282   3886.708     14.657     14.755    28.5444    28.5468   5.857774   5.858047     3.1294     2.6618     100.00   27.74798  -90.00228   -0.00100    0.00117         17  0.000e+00
      93283   3886.750     14.627     14.725    28.5447    28.5464   5.857750   5.857975     3.1294     2.6630     100.00   27.74798  -90.00228   -0.00097    0.00119         17  0.000e+00
      93284   3886.792     14.717     14.816    28.5444    28.5457   5.857774   5.857951     3.1306     2.6618     100.00   27.74798  -90.00228   -0.00093    0.00119         17  0.000e+00
      93285   3886.833     14.740     14.839    28.5446    28.5455   5.857766   5.857878     3.1294     2.6618     100.00   27.74798  -90.00228   -0.00090    0.00119         17  0.000e+00
      93286   3886.875     14.657     14.755    28.5446    28.5452   5.857742   5.857886     3.1294     2.6618     100.00   27.74798  -90.00228   -0.00087    0.00118         17  0.000e+00
      93287   3886.917     14.770     14.869    28.5448    28.5453   5.857742   5.857862     3.1306     2.6618     100.00   27.74798  -90.00228   -0.00083    0.00117         17  0.000e+00
      93288   3886.958     14.740     14.839    28.5446    28.5448   5.857774   5.857886     3.1306     2.6618     100.00   27.74798  -90.00228   -0.00078    0.00116         17  0.000e+00
      93289   3887.000     14.717     14.816    28.5444    28.5454   5.857718   5.857935     3.1306     2.6618     100.00   27.74798  -90.00228   -0.00072    0.00115         17  0.000e+00
      93290   3887.042     14.793     14.892    28.5442    28.5466   5.857726   5.858055     3.1319     2.6630     100.00   27.74798  -90.00228   -0.00064    0.00116         17  0.000e+00
      93291   3887.083     14.831     14.930    28.5442    28.5470   5.857750   5.858095     3.1306     2.6618     100.00   27.74798  -90.00228   -0.00057    0.00116         17  0.000e+00
      93292   3887.125     14.770     14.869    28.5440    28.5476   5.857710   5.858095     3.1306     2.6618     100.00   27.74798  -90.00228   -0.00052    0.00115         17  0.000e+00
      93293   3887.167     14.846     14.946    28.5440    28.5472   5.857695   5.857798     3.1319     2.6618     100.00   27.74798  -90.00228   -0.00046    0.00115         17  0.000e+00
      93294   3887.208     14.831     14.930    28.5440    28.5473   5.857695   5.857276     3.1319     2.6618     100.00   27.74798  -90.00228   -0.00039    0.00114         17  0.000e+00
      93295   3887.250     14.906     15.006    28.5440    28.5476   5.857695   5.857854     3.1319     2.6618     100.00   27.74798  -90.00228   -0.00032    0.00114         17  0.000e+00
      93296   3887.292     14.884     14.984    28.5435    28.5476   5.857671   5.858127     3.1319     2.6618     100.00   27.74798  -90.00228   -0.00024    0.00114         17  0.000e+00
      93297   3887.333     14.884     14.984    28.5435    28.5476   5.857647   5.858103     3.1306     2.6618      97.78   27.74798  -90.00228   -0.00019    0.00113         17  0.000e+00
      93298   3887.375     14.906     15.006    28.5433    28.5477   5.857607   5.858168     3.1319     2.6618      77.56   27.74798  -90.00228   -0.00012    0.00112         17  0.000e+00
      93299   3887.417     14.937     15.037    28.5435    28.5479   5.857600   5.858119     3.1319     2.6618      66.96   27.74798  -90.00228   -0.00006    0.00113         17  0.000e+00
      93300   3887.458     14.959     15.060    28.5440    28.5483   5.857671   5.858200     3.1319     2.6618      65.91   27.74798  -90.00228    0.00001    0.00114         17  0.000e+00
      93301   3887.500     14.997     15.098    28.5444    28.5481   5.857726   5.858168     3.1319     2.6618      66.94   27.74798  -90.00228    0.00008    0.00115         17  0.000e+00
      93302   3887.542     14.997     15.098    28.5453    28.5482   5.857790   5.858144     3.1319     2.6618      67.42   27.74798  -90.00228    0.00016    0.00116         17  0.000e+00
      93303   3887.583     15.020     15.121    28.5459    28.5481   5.857869   5.858176     3.1319     2.6618      67.47   27.74798  -90.00228    0.00023    0.00116         17  0.000e+00
      93304   3887.625     15.050     15.151    28.5462    28.5483   5.857853   5.858119     3.1319     2.6618      67.40   27.74798  -90.00228    0.00030    0.00116         17  0.000e+00
      93305   3887.667     15.073     15.174    28.5461    28.5482   5.857877   5.858168     3.1319     2.6618      67.40   27.74798  -90.00228    0.00036    0.00117         17  0.000e+00
      93306   3887.708     15.110     15.212    28.5461    28.5481   5.857893   5.858192     3.1319     2.6618      67.37   27.74798  -90.00228    0.00043    0.00117         17  0.000e+00
      93307   3887.750     15.110     15.212    28.5464    28.5485   5.857893   5.858152     3.1331     2.6618      67.40   27.74798  -90.00228    0.00051    0.00119         17  0.000e+00
      93308   3887.792     15.133     15.235    28.5461    28.5481   5.857893   5.858176     3.1331     2.6618      67.40   27.74800  -90.00228    0.00060    0.00121         17  0.000e+00
      93309   3887.833     15.110     15.212    28.5464    28.5477   5.857893   5.858152     3.1319     2.6618      67.40   27.74800  -90.00228    0.00065    0.00122         17  0.000e+00
      93310   3887.875     15.186     15.288    28.5466    28.5474   5.857925   5.858144     3.1319     2.6618      67.40   27.74800  -90.00228    0.00070    0.00124         17  0.000e+00
      93311   3887.917     15.216     15.318    28.5466    28.5478   5.857940   5.858144     3.1331     2.6618      67.37   27.74800  -90.00228    0.00076    0.00126         17  0.000e+00
      93312   3887.958     15.163     15.265    28.5466    28.5478   5.857972   5.858176     3.1331     2.6618      67.40   27.74800  -90.00228    0.00083    0.00127         17  0.000e+00
      93313   3888.000     15.239     15.341    28.5466    28.5479   5.857956   5.858120     3.1319     2.6618      67.40   27.74800  -90.00228    0.00087    0.00129         17  0.000e+00
      93314   3888.042     15.216     15.318    28.5468    28.5476   5.857901   5.858168     3.1319     2.6618      67.40   27.74800  -90.00228    0.00092    0.00130         17  0.000e+00
      93315   3888.083     15.299     15.402    28.5468    28.5479   5.857925   5.858152     3.1319     2.6618      67.40   27.74800  -90.00228    0.00096    0.00131         17  0.000e+00
      93316   3888.125     15.277     15.379    28.5466    28.5479   5.857940   5.858144     3.1319     2.6618      67.40   27.74800  -90.00228    0.00099    0.00131         17  0.000e+00
      93317   3888.167     15.277     15.379    28.5466    28.5479   5.857972   5.858144     3.1319     2.6618      67.40   27.74800  -90.00228    0.00104    0.00130         17  0.000e+00
      93318   3888.208     15.299     15.402    28.5464    28.5483   5.857956   5.858144     3.1319     2.6618      67.40   27.74800  -90.00228    0.00108    0.00131         17  0.000e+00
      93319   3888.250     15.330     15.432    28.5466    28.5479   5.857940   5.858176     3.1331     2.6618      67.37   27.74800  -90.00228    0.00113    0.00132         17  0.000e+00
      93320   3888.292     15.352     15.455    28.5462    28.5479   5.857940   5.858120     3.1319     2.6618      68.13   27.74800  -90.00228    0.00115    0.00131         17  0.000e+00
      96406   4016.875      4.410      4.439    28.5419    28.5425   5.856659   5.856852     3.1319     2.6618     100.00   27.74838  -90.00240   -0.00036   -0.00126         18  0.000e+00
      96407   4016.917      3.911      3.937    28.5422    28.5432   5.856611   5.856844     3.1306     2.6618     100.00   27.74838  -90.00240   -0.00037   -0.00123         18  0.000e+00
      96408   4016.958      4.289      4.317    28.5420    28.5426   5.856587   5.856876     3.1306     2.6606     100.00   27.74838  -90.00240   -0.00037   -0.00124         18  0.000e+00
      96409   4017.000      4.296      4.325    28.5419    28.5426   5.856619   5.856852     3.1306     2.6606     100.00   27.74838  -90.00240   -0.00038   -0.00122         18  0.000e+00
      96410   4017.042      4.243      4.272    28.5420    28.5427   5.856635   5.856844     3.1306     2.6606     100.00   27.74838  -90.00240   -0.00040   -0.00121         18  0.000e+00
      96411   4017.083      4.228      4.257    28.5418    28.5426   5.856635   5.856876     3.1306     2.6606     100.00   27.74838  -90.00240   -0.00041   -0.00121         18  0.000e+00
      96412   4017.125      4.244      4.272    28.5420    28.5428   5.856635   5.856820     3.1306     2.6606     100.00   27.74838  -90.00240   -0.00043   -0.00118         18  0.000e+00
      96413   4017.167      4.176      4.203    28.5420    28.5425   5.856635   5.856828     3.1294     2.6606     100.00   27.74838  -90.00240   -0.00047   -0.00118         18  0.000e+00
      96414   4017.208      4.191      4.219    28.5420    28.5422   5.856635   5.856772     3.1306     2.6606     100.00   27.74838  -90.00240   -0.00048   -0.00115         18  0.000e+00
      96415   4017.250      4.191      4.219    28.5419    28.5422   5.856635   5.856820     3.1306     2.6618     100.00   27.74838  -90.00240   -0.00051   -0.00113         18  0.000e+00
      96416   4017.292      4.176      4.203    28.5419    28.5420   5.856635   5.856772     3.1306     2.6618     100.00   27.74838  -90.00240   -0.00053   -0.00110         18  0.000e+00
      96417   4017.333      4.191      4.219    28.5418    28.5419   5.856635   5.856748     3.1306     2.6618     100.00   27.74838  -90.00240   -0.00056   -0.00107         18  0.000e+00
      96418   4017.375      4.130      4.158    28.5417    28.5417   5.856603   5.856780     3.1306     2.6630     100.00   27.74838  -90.00240   -0.00058   -0.00102         18  0.000e+00
      96419   4017.417      4.176      4.204    28.5419    28.5419   5.856587   5.856756     3.1306     2.6618     100.00   27.74838  -90.00240   -0.00060   -0.00099         18  0.000e+00
      96420   4017.458      4.191      4.219    28.5418    28.5419   5.856619   5.856748     3.1294     2.6618     100.00   27.74838  -90.00240   -0.00064   -0.00094         18  0.000e+00
      96421   4017.500      4.115      4.143    28.5419    28.5419   5.856635   5.856780     3.1306     2.6630     100.00   27.74838  -90.00240   -0.00066   -0.00090         18  0.000e+00
      96422   4017.542      4.130      4.158    28.5419    28.5419   5.856595   5.856796     3.1306     2.6630     100.00   27.74838  -90.00240   -0.00068   -0.00085         18  0.000e+00
      96423   4017.583      4.130      4.158    28.5416    28.5419   5.856627   5.856756     3.1306     2.6630     100.00   27.74838  -90.00240   -0.00070   -0.00080         18  0.000e+00
      96424   4017.625      4.176      4.204    28.5419    28.5420   5.856635   5.856780     3.1306     2.6618     100.00   27.74838  -90.00240   -0.00071   -0.00077         18  0.000e+00
      96425   4017.667      4.130      4.158    28.5417    28.5419   5.856635   5.856796     3.1306     2.6630     100.00   27.74838  -90.00240   -0.00073   -0.00075         18  0.000e+00
      96426   4017.708      4.130      4.158    28.5416    28.5419   5.856595   5.856796     3.1306     2.6618     100.00   27.74838  -90.00240   -0.00074   -0.00075         18  0.000e+00
      96427   4017.750      4.062      4.089    28.5419    28.5419   5.856619   5.856724     3.1306     2.6630     100.00   27.74838  -90.00240   -0.00076   -0.00071         18  0.000e+00
      96428   4017.792      4.191      4.219    28.5417    28.5420   5.856603   5.856772     3.1306     2.6630     100.00   27.74838  -90.00240   -0.00077   -0.00069         18  0.000e+00
      96429   4017.833      4.130      4.158    28.5418    28.5422   5.856587   5.856796     3.1306     2.6630     100.00   27.74838  -90.00240   -0.00078   -0.00065         18  0.000e+00
      96430   4017.875      4.115      4.143    28.5415    28.5421   5.856658   5.856796     3.1306     2.6630     100.00   27.74838  -90.00240   -0.00079   -0.00062         18  0.000e+00
      96431   4017.917      4.077      4.105    28.5419    28.5424   5.856611   5.856796     3.1306     2.6618     100.00   27.74838  -90.00240   -0.00080   -0.00060         18  0.000e+00
      96432   4017.958      4.176      4.204    28.5416    28.5422   5.856555   5.856724     3.1306     2.6618     100.00   27.74838  -90.00240   -0.00081   -0.00057         18  0.000e+00
      96433   4018.000      4.130      4.158    28.5419    28.5422   5.856642   5.856772     3.1306     2.6618     100.00   27.74838  -90.00240   -0.00081   -0.00055         18  0.000e+00
      96434   4018.042      4.077      4.105    28.5415    28.5423   5.856571   5.856796     3.1319     2.6618     100.00   27.74838  -90.00240   -0.00082   -0.00054         18  0.000e+00
      96435   4018.083      4.176      4.204    28.5418    28.5426   5.856643   5.856796     3.1306     2.6606     100.00   27.74838  -90.00240   -0.00084   -0.00054         18  0.000e+00
      96436   4018.125      4.077      4.105    28.5417    28.5428   5.856611   5.856828     3.1306     2.6606     100.00   27.74838  -90.00240   -0.00086   -0.00057         18  0.000e+00
      96437   4018.167      4.191      4.219    28.5417    28.5427   5.856627   5.856844     3.1306     2.6606     100.00   27.74838  -90.00240   -0.00089   -0.00059         18  0.000e+00
      96438   4018.208      4.115      4.143    28.5417    28.5426   5.856595   5.856804     3.1306     2.6606     100.00   27.74838  -90.00240   -0.00091   -0.00058         18  0.000e+00
      96439   4018.250      4.191      4.219    28.5415    28.5428   5.856619   5.856828     3.1306     2.6606     100.00   27.74838  -90.00240   -0.00093   -0.00056         18  0.000e+00
      96440   4018.292      4.130      4.158    28.5411    28.5428   5.856563   5.856844     3.1306     2.6606     100.00   27.74838  -90.00240   -0.00095   -0.00055         18  0.000e+00
      96441   4018.333      4.176      4.204    28.5413    28.5430   5.856540   5.856876     3.1306     2.6606     100.00   27.74838  -90.00240   -0.00097   -0.00053         18  0.000e+00
