GOMECC/GOMECC-4/1db/rb2103_0311.ros
* Sea-Bird SBE 9 Data File:
* FileName = C:\Users\scs.user.rb\CTD\GOMECC4\data\rb2103_0311.hex
* Software Version Seasave V 7.26.7.107
* Temperature SN = 4799
* Conductivity SN = 3860
* Number of Bytes Per Scan = 41
* Number of Voltage Words = 4
* Number of Scans Averaged by the Deck Unit = 1
* NMEA Latitude = 30 06.64 N
* NMEA Longitude = 086 47.99 W
* NMEA UTC (Time) = Sep 23 2021  16:01:34
* NMEA baud rate = 4800
# nquan = 17
# nvalues = 1463                                  
# units = specified
# name 0 = scan: Scan Count
# name 1 = timeS: Time, Elapsed [seconds]
# name 2 = depSM: Depth [salt water, m]
# name 3 = prDM: Pressure, Digiquartz [db]
# name 4 = t090C: Temperature [ITS-90, deg C]
# name 5 = t190C: Temperature, 2 [ITS-90, deg C]
# name 6 = c0S/m: Conductivity [S/m]
# name 7 = c1S/m: Conductivity, 2 [S/m]
# name 8 = sbeox0V: Oxygen raw, SBE 43 [V]
# name 9 = sbeox1V: Oxygen raw, SBE 43, 2 [V]
# name 10 = altM: Altimeter [m]
# name 11 = latitude: Latitude [deg]
# name 12 = longitude: Longitude [deg]
# name 13 = sbox0dV/dT: Oxygen, SBE 43 [dov/dt]
# name 14 = sbox1dV/dT: Oxygen, SBE 43, 2 [dov/dt]
# name 15 = nbf: Bottles Fired
# name 16 = flag:  0.000e+00
# interval = seconds: 0.0416667
# start_time = Sep 23 2021 16:01:34 [NMEA time, header]
# bad_flag = -9.990e-29
*END*
[from data line 1192]
      37060   1544.125      4.782      4.815    27.8192    27.8203   5.188742   5.188514     3.0745     2.6166      72.99   30.11124  -86.80128   -0.00047    0.00051          9  0.000e+00
      37061   1544.167      4.782      4.815    27.8198    27.8203   5.188818   5.188529     3.0733     2.6178      72.97   30.11124  -86.80128   -0.00048    0.00050          9  0.000e+00
      37062   1544.208      4.767      4.800    27.8201    27.8203   5.188900   5.188545     3.0733     2.6178      72.97   30.11124  -86.80128   -0.00051    0.00050          9  0.000e+00
      37063   1544.250      4.782      4.815    27.8205    27.8203   5.188855   5.188575     3.0733     2.6178      72.97   30.11124  -86.80128   -0.00054    0.00049          9  0.000e+00
      37064   1544.292      4.767      4.800    27.8203    27.8207   5.188840   5.188591     3.0733     2.6190      72.97   30.11124  -86.80128   -0.00054    0.00051          9  0.000e+00
      37279   1553.250      5.046      5.081    27.8190    27.8214   5.188532   5.188636     3.0794     2.6166      72.97   30.11124  -86.80128    0.00086    0.00065         10  0.000e+00
      37280   1553.292      4.615      4.647    27.8192    27.8207   5.188599   5.188659     3.0781     2.6154      72.97   30.11124  -86.80128    0.00087    0.00063         10  0.000e+00
      37281   1553.333      5.008      5.043    27.8194    27.8205   5.188652   5.188614     3.0769     2.6154      72.97   30.11124  -86.80128    0.00088    0.00064         10  0.000e+00
      37282   1553.375      4.766      4.799    27.8194    27.8205   5.188667   5.188652     3.0794     2.6154      72.97   30.11124  -86.80128    0.00091    0.00064         10  0.000e+00
      37283   1553.417      4.842      4.875    27.8194    27.8207   5.188697   5.188674     3.0781     2.6154      72.94   30.11124  -86.80128    0.00093    0.00064         10  0.000e+00
      37284   1553.458      4.782      4.814    27.8196    27.8207   5.188675   5.188674     3.0769     2.6154      72.97   30.11124  -86.80128    0.00092    0.00063         10  0.000e+00
      37285   1553.500      4.880      4.913    27.8196    27.8207   5.188667   5.188713     3.0769     2.6154      72.97   30.11124  -86.80128    0.00092    0.00063         10  0.000e+00
      37286   1553.542      4.782      4.814    27.8200    27.8207   5.188705   5.188720     3.0794     2.6154      72.97   30.11124  -86.80128    0.00095    0.00061         10  0.000e+00
      37287   1553.583      4.766      4.799    27.8198    27.8205   5.188645   5.188682     3.0781     2.6154      72.97   30.11124  -86.80128    0.00096    0.00061         10  0.000e+00
      37288   1553.625      4.782      4.814    27.8196    27.8209   5.188652   5.188674     3.0769     2.6154      72.97   30.11124  -86.80128    0.00095    0.00061         10  0.000e+00
      37289   1553.667      4.729      4.761    27.8198    27.8207   5.188667   5.188705     3.0769     2.6154      72.97   30.11124  -86.80128    0.00095    0.00062         10  0.000e+00
      37290   1553.708      4.714      4.746    27.8200    27.8207   5.188667   5.188720     3.0769     2.6154      72.97   30.11124  -86.80128    0.00094    0.00062         10  0.000e+00
      37291   1553.750      4.729      4.761    27.8201    27.8205   5.188667   5.188682     3.0769     2.6154      72.97   30.11124  -86.80128    0.00095    0.00062         10  0.000e+00
      37292   1553.792      4.714      4.746    27.8201    27.8209   5.188690   5.188674     3.0769     2.6154      72.97   30.11124  -86.80130    0.00094    0.00062         10  0.000e+00
      37293   1553.833      4.676      4.708    27.8200    27.8209   5.188682   5.188705     3.0769     2.6166      72.97   30.11124  -86.80130    0.00095    0.00064         10  0.000e+00
      37294   1553.875      4.676      4.708    27.8201    27.8209   5.188667   5.188720     3.0769     2.6154      72.99   30.11124  -86.80130    0.00094    0.00062         10  0.000e+00
      37295   1553.917      4.600      4.632    27.8200    27.8209   5.188727   5.188690     3.0769     2.6154      72.99   30.11124  -86.80130    0.00094    0.00060         10  0.000e+00
      37296   1553.958      4.676      4.708    27.8201    27.8211   5.188750   5.188743     3.0806     2.6166      72.99   30.11124  -86.80130    0.00098    0.00060         10  0.000e+00
      37297   1554.000      4.547      4.579    27.8201    27.8210   5.188750   5.188789     3.0781     2.6166      72.99   30.11124  -86.80130    0.00099    0.00060         10  0.000e+00
      37298   1554.042      4.615      4.647    27.8201    27.8211   5.188712   5.188804     3.0769     2.6166      72.99   30.11124  -86.80130    0.00101    0.00058         10  0.000e+00
      37299   1554.083      4.502      4.533    27.8203    27.8212   5.188705   5.188804     3.0769     2.6166      72.99   30.11124  -86.80130    0.00098    0.00056         10  0.000e+00
      37300   1554.125      4.547      4.579    27.8200    27.8213   5.188614   5.188804     3.0769     2.6166      72.99   30.11124  -86.80130    0.00098    0.00054         10  0.000e+00
      37301   1554.167      4.562      4.594    27.8198    27.8212   5.188607   5.188804     3.0794     2.6166      72.99   30.11124  -86.80130    0.00100    0.00052         10  0.000e+00
      37302   1554.208      4.434      4.465    27.8200    27.8211   5.188622   5.188842     3.0794     2.6166      72.99   30.11124  -86.80130    0.00102    0.00050         10  0.000e+00
      37303   1554.250      4.502      4.533    27.8200    27.8213   5.188622   5.188850     3.0781     2.6166      72.99   30.11124  -86.80130    0.00104    0.00047         10  0.000e+00
      37304   1554.292      4.449      4.480    27.8200    27.8214   5.188592   5.188812     3.0794     2.6154      72.99   30.11124  -86.80130    0.00103    0.00043         10  0.000e+00
      37305   1554.333      4.434      4.465    27.8201    27.8211   5.188607   5.188834     3.0794     2.6154      72.99   30.11124  -86.80130    0.00105    0.00039         10  0.000e+00
      37306   1554.375      4.449      4.480    27.8200    27.8212   5.188622   5.188781     3.0781     2.6166      72.99   30.11124  -86.80130    0.00104    0.00036         10  0.000e+00
      37307   1554.417      4.336      4.366    27.8200    27.8211   5.188531   5.188789     3.0794     2.6154      72.99   30.11124  -86.80130    0.00105    0.00031         10  0.000e+00
      37308   1554.458      4.381      4.411    27.8199    27.8212   5.188494   5.188804     3.0794     2.6166      72.99   30.11124  -86.80130    0.00106    0.00029         10  0.000e+00
      37309   1554.500      4.396      4.427    27.8200    27.8211   5.188584   5.188743     3.0794     2.6154      72.99   30.11124  -86.80130    0.00107    0.00024         10  0.000e+00
      37310   1554.542      4.321      4.350    27.8200    27.8211   5.188584   5.188781     3.0794     2.6154      72.99   30.11124  -86.80130    0.00106    0.00019         10  0.000e+00
      37311   1554.583      4.336      4.366    27.8200    27.8210   5.188577   5.188773     3.0794     2.6154      72.99   30.11124  -86.80130    0.00107    0.00014         10  0.000e+00
      37312   1554.625      4.283      4.312    27.8200    27.8211   5.188577   5.188766     3.0794     2.6154      72.99   30.11124  -86.80130    0.00106    0.00009         10  0.000e+00
      37313   1554.667      4.321      4.350    27.8198    27.8210   5.188607   5.188766     3.0794     2.6154      72.99   30.11124  -86.80130    0.00106    0.00003         10  0.000e+00
      37314   1554.708      4.283      4.312    27.8200    27.8211   5.188592   5.188766     3.0794     2.6154      72.99   30.11124  -86.80130    0.00106   -0.00004         10  0.000e+00
      37315   1554.750      4.268      4.297    27.8200    27.8210   5.188577   5.188789     3.0794     2.6154      72.99   30.11124  -86.80130    0.00104   -0.00010         10  0.000e+00
      37316   1554.792      4.283      4.312    27.8199    27.8211   5.188577   5.188773     3.0781     2.6154      73.02   30.11124  -86.80128    0.00102   -0.00015         10  0.000e+00
      37317   1554.833      4.223      4.252    27.8198    27.8209   5.188539   5.188789     3.0769     2.6154      72.99   30.11124  -86.80128    0.00097   -0.00018         10  0.000e+00
      37318   1554.875      4.268      4.297    27.8200    27.8210   5.188599   5.188773     3.0794     2.6142      72.99   30.11124  -86.80128    0.00098   -0.00024         10  0.000e+00
      37319   1554.917      4.283      4.312    27.8198    27.8209   5.188584   5.188728     3.0781     2.6154      73.04   30.11124  -86.80128    0.00094   -0.00027         10  0.000e+00
      37320   1554.958      4.223      4.252    27.8200    27.8209   5.188607   5.188750     3.0769     2.6142      73.06   30.11124  -86.80128    0.00090   -0.00033         10  0.000e+00
      37321   1555.000      4.268      4.297    27.8196    27.8211   5.188584   5.188728     3.0769     2.6154      73.09   30.11124  -86.80128    0.00085   -0.00035         10  0.000e+00
      37322   1555.042      4.283      4.312    27.8200    27.8209   5.188614   5.188720     3.0769     2.6154      73.06   30.11124  -86.80128    0.00081   -0.00036         10  0.000e+00
      37323   1555.083      4.268      4.297    27.8198    27.8209   5.188652   5.188689     3.0769     2.6154      73.06   30.11124  -86.80128    0.00079   -0.00038         10  0.000e+00
      37324   1555.125      4.223      4.252    27.8201    27.8209   5.188689   5.188705     3.0769     2.6154      73.09   30.11124  -86.80128    0.00074   -0.00040         10  0.000e+00
      37325   1555.167      4.283      4.312    27.8201    27.8210   5.188712   5.188720     3.0769     2.6154      73.06   30.11124  -86.80128    0.00072   -0.00042         10  0.000e+00
      37326   1555.208      4.268      4.297    27.8201    27.8209   5.188742   5.188682     3.0769     2.6154      73.06   30.11124  -86.80128    0.00069   -0.00044         10  0.000e+00
      37327   1555.250      4.283      4.312    27.8203    27.8209   5.188780   5.188712     3.0769     2.6154      73.06   30.11124  -86.80128    0.00064   -0.00046         10  0.000e+00
      37328   1555.292      4.321      4.350    27.8201    27.8209   5.188727   5.188659     3.0769     2.6166      73.06   30.11124  -86.80128    0.00063   -0.00044         10  0.000e+00
      37329   1555.333      4.336      4.366    27.8203    27.8207   5.188644   5.188659     3.0769     2.6166      73.09   30.11124  -86.80128    0.00060   -0.00044         10  0.000e+00
      37330   1555.375      4.336      4.366    27.8201    27.8209   5.188622   5.188674     3.0769     2.6178      73.06   30.11124  -86.80128    0.00056   -0.00041         10  0.000e+00
      37331   1555.417      4.321      4.350    27.8196    27.8209   5.188584   5.188705     3.0757     2.6178      73.09   30.11124  -86.80128    0.00053   -0.00038         10  0.000e+00
      37332   1555.458      4.396      4.426    27.8199    27.8209   5.188554   5.188682     3.0745     2.6166      73.06   30.11124  -86.80128    0.00048   -0.00036         10  0.000e+00
      37333   1555.500      4.336      4.366    27.8196    27.8207   5.188569   5.188705     3.0757     2.6178      73.06   30.11124  -86.80128    0.00042   -0.00033         10  0.000e+00
      37334   1555.542      4.434      4.464    27.8200    27.8209   5.188644   5.188720     3.0769     2.6178      73.09   30.11124  -86.80128    0.00039   -0.00028         10  0.000e+00
      37335   1555.583      4.396      4.426    27.8200    27.8211   5.188690   5.188781     3.0769     2.6178      73.09   30.11124  -86.80128    0.00038   -0.00023         10  0.000e+00
      37336   1555.625      4.487      4.518    27.8200    27.8207   5.188742   5.188773     3.0769     2.6178      73.06   30.11124  -86.80128    0.00037   -0.00018         10  0.000e+00
      37337   1555.667      4.396      4.426    27.8201    27.8209   5.188780   5.188766     3.0769     2.6178      73.09   30.11124  -86.80128    0.00032   -0.00013         10  0.000e+00
      37338   1555.708      4.502      4.533    27.8205    27.8209   5.188825   5.188827     3.0745     2.6178      73.06   30.11124  -86.80128    0.00026   -0.00008         10  0.000e+00
      37339   1555.750      4.487      4.518    27.8201    27.8211   5.188735   5.188850     3.0757     2.6178      73.09   30.11124  -86.80128    0.00023   -0.00003         10  0.000e+00
      37340   1555.792      4.502      4.533    27.8201    27.8213   5.188742   5.188911     3.0769     2.6178      73.06   30.11124  -86.80130    0.00023    0.00002         10  0.000e+00
      37341   1555.833      4.487      4.518    27.8201    27.8216   5.188690   5.189033     3.0745     2.6178      73.06   30.11124  -86.80130    0.00019    0.00008         10  0.000e+00
      37342   1555.875      4.562      4.594    27.8200    27.8224   5.188690   5.189323     3.0745     2.6166      73.31   30.11124  -86.80130    0.00011    0.00011         10  0.000e+00
      37343   1555.917      4.502      4.533    27.8201    27.8232   5.188712   5.189735     3.0745     2.6178      73.46   30.11124  -86.80130    0.00003    0.00016         10  0.000e+00
      37344   1555.958      4.600      4.632    27.8200    27.8242   5.188772   5.189933     3.0745     2.6166      73.48   30.11124  -86.80130   -0.00002    0.00019         10  0.000e+00
      37345   1556.000      4.562      4.594    27.8200    27.8242   5.188795   5.189880     3.0757     2.6166      73.48   30.11124  -86.80130   -0.00005    0.00023         10  0.000e+00
      37346   1556.042      4.562      4.594    27.8201    27.8234   5.188757   5.189582     3.0733     2.6154      73.48   30.11124  -86.80130   -0.00011    0.00024         10  0.000e+00
      37347   1556.083      4.660      4.693    27.8201    27.8229   5.188788   5.189361     3.0745     2.6166      73.48   30.11124  -86.80130   -0.00015    0.00028         10  0.000e+00
      37348   1556.125      4.615      4.647    27.8203    27.8227   5.188825   5.189300     3.0745     2.6154      73.46   30.11124  -86.80130   -0.00019    0.00029         10  0.000e+00
      37349   1556.167      4.600      4.632    27.8200    27.8227   5.188840   5.189285     3.0745     2.6154      73.46   30.11124  -86.80130   -0.00023    0.00029         10  0.000e+00
      37350   1556.208      4.676      4.708    27.8203    27.8229   5.188840   5.189285     3.0745     2.6154      73.46   30.11124  -86.80130   -0.00029    0.00030         10  0.000e+00
      37351   1556.250      4.615      4.647    27.8203    27.8229   5.188840   5.189376     3.0745     2.6154      73.48   30.11124  -86.80130   -0.00037    0.00030         10  0.000e+00
      37352   1556.292      4.713      4.746    27.8201    27.8229   5.188840   5.189384     3.0745     2.6154      73.46   30.11124  -86.80130   -0.00041    0.00030         10  0.000e+00
      37353   1556.333      4.615      4.647    27.8201    27.8229   5.188863   5.189498     3.0733     2.6154      73.48   30.11124  -86.80130   -0.00047    0.00030         10  0.000e+00
      37354   1556.375      4.713      4.746    27.8203    27.8231   5.188885   5.189506     3.0745     2.6154      73.48   30.11124  -86.80130   -0.00050    0.00028         10  0.000e+00
      37355   1556.417      4.728      4.761    27.8203    27.8234   5.188878   5.189559     3.0733     2.6154      73.48   30.11124  -86.80130   -0.00058    0.00027         10  0.000e+00
      37356   1556.458      4.676      4.708    27.8203    27.8240   5.188848   5.189681     3.0745     2.6154      73.48   30.11124  -86.80130   -0.00065    0.00025         10  0.000e+00
      37357   1556.500      4.766      4.799    27.8200    27.8242   5.188840   5.189781     3.0733     2.6154      73.48   30.11124  -86.80130   -0.00070    0.00024         10  0.000e+00
