GOMECC/GOMECC-4/1db/rb2103_0191.ros
* Sea-Bird SBE 9 Data File:
* FileName = C:\Users\scs.user.rb\CTD\GOMECC4\data\rb2103_0191.hex
* Software Version Seasave V 7.26.7.107
* Temperature SN = 4799
* Conductivity SN = 3860
* Number of Bytes Per Scan = 41
* Number of Voltage Words = 4
* Number of Scans Averaged by the Deck Unit = 1
* NMEA Latitude = 29 29.99 N
* NMEA Longitude = 085 22.68 W
* NMEA UTC (Time) = Sep 20 2021  17:04:31
* NMEA baud rate = 4800
# nquan = 17
# nvalues = 1197                                  
# units = specified
# name 0 = scan: Scan Count
# name 1 = timeS: Time, Elapsed [seconds]
# name 2 = depSM: Depth [salt water, m]
# name 3 = prDM: Pressure, Digiquartz [db]
# name 4 = t090C: Temperature [ITS-90, deg C]
# name 5 = t190C: Temperature, 2 [ITS-90, deg C]
# name 6 = c0S/m: Conductivity [S/m]
# name 7 = c1S/m: Conductivity, 2 [S/m]
# name 8 = sbeox0V: Oxygen raw, SBE 43 [V]
# name 9 = sbeox1V: Oxygen raw, SBE 43, 2 [V]
# name 10 = altM: Altimeter [m]
# name 11 = latitude: Latitude [deg]
# name 12 = longitude: Longitude [deg]
# name 13 = sbox0dV/dT: Oxygen, SBE 43 [dov/dt]
# name 14 = sbox1dV/dT: Oxygen, SBE 43, 2 [dov/dt]
# name 15 = nbf: Bottles Fired
# name 16 = flag:  0.000e+00
# interval = seconds: 0.0416667
# start_time = Sep 20 2021 17:04:31 [NMEA time, header]
# bad_flag = -9.990e-29
*END*
[from data line 86]
      11822    492.542     18.286     18.411    28.7279    28.7299   5.612350   5.613375     2.5946     2.1685       5.37   29.50018  -85.37810    0.00217    0.00217          1  0.000e+00
      11823    492.583     18.263     18.388    28.7277    28.7302   5.612358   5.613407     2.5946     2.1685       5.35   29.50018  -85.37810    0.00208    0.00212          1  0.000e+00
      11824    492.625     18.263     18.388    28.7277    28.7297   5.612358   5.613446     2.5946     2.1685       5.35   29.50018  -85.37810    0.00198    0.00207          1  0.000e+00
      11825    492.667     18.377     18.503    28.7275    28.7302   5.612311   5.613439     2.5934     2.1685       5.35   29.50018  -85.37810    0.00187    0.00202          1  0.000e+00
      11826    492.708     18.286     18.411    28.7274    28.7300   5.612342   5.613415     2.5946     2.1673       5.35   29.50018  -85.37810    0.00178    0.00195          1  0.000e+00
      11827    492.750     18.316     18.442    28.7274    28.7299   5.612327   5.613415     2.5946     2.1673       5.35   29.50018  -85.37810    0.00168    0.00188          1  0.000e+00
      11828    492.792     18.263     18.388    28.7277    28.7298   5.612272   5.613352     2.5934     2.1685       5.35   29.50018  -85.37810    0.00158    0.00183          1  0.000e+00
      11829    492.833     18.346     18.472    28.7279    28.7301   5.612264   5.613320     2.5934     2.1673       5.35   29.50018  -85.37810    0.00148    0.00176          1  0.000e+00
      11830    492.875     18.263     18.388    28.7275    28.7300   5.612233   5.613328     2.5934     2.1673       5.35   29.50018  -85.37810    0.00138    0.00168          1  0.000e+00
      11831    492.917     18.316     18.442    28.7272    28.7297   5.612187   5.613320     2.5922     2.1673       5.35   29.50018  -85.37810    0.00128    0.00161          1  0.000e+00
      11832    492.958     18.316     18.442    28.7270    28.7296   5.612093   5.613249     2.5922     2.1673       5.35   29.50018  -85.37810    0.00118    0.00153          1  0.000e+00
      11833    493.000     18.346     18.472    28.7268    28.7297   5.612078   5.613202     2.5922     2.1673       5.35   29.50018  -85.37810    0.00107    0.00145          1  0.000e+00
      11834    493.042     18.263     18.388    28.7274    28.7298   5.612047   5.613186     2.5922     2.1673       5.35   29.50018  -85.37810    0.00097    0.00138          1  0.000e+00
      11835    493.083     18.377     18.503    28.7270    28.7298   5.611969   5.613115     2.5910     2.1673       5.32   29.50018  -85.37810    0.00085    0.00130          1  0.000e+00
      11836    493.125     18.316     18.442    28.7268    28.7297   5.611899   5.613099     2.5910     2.1673       5.35   29.50018  -85.37810    0.00073    0.00122          1  0.000e+00
      11837    493.167     18.346     18.472    28.7266    28.7296   5.611821   5.613060     2.5910     2.1673       5.35   29.50018  -85.37810    0.00061    0.00114          1  0.000e+00
      11838    493.208     18.316     18.442    28.7270    28.7299   5.611805   5.613092     2.5910     2.1685       5.35   29.50018  -85.37810    0.00049    0.00107          1  0.000e+00
      11839    493.250     18.316     18.442    28.7272    28.7296   5.611829   5.613092     2.5910     2.1685       5.35   29.50018  -85.37810    0.00037    0.00101          1  0.000e+00
      11840    493.292     18.346     18.472    28.7278    28.7297   5.611743   5.613123     2.5910     2.1673       5.35   29.50018  -85.37810    0.00026    0.00092          1  0.000e+00
      11841    493.333     18.316     18.442    28.7279    28.7296   5.611642   5.613147     2.5910     2.1673       5.35   29.50018  -85.37810    0.00016    0.00083          1  0.000e+00
      11842    493.375     18.316     18.442    28.7270    28.7294   5.611549   5.613139     2.5910     2.1673       5.32   29.50018  -85.37810    0.00006    0.00075          1  0.000e+00
      11843    493.417     18.377     18.503    28.7270    28.7295   5.611447   5.613115     2.5897     2.1673       5.32   29.50018  -85.37810   -0.00006    0.00066          1  0.000e+00
      11844    493.458     18.346     18.472    28.7262    28.7294   5.611362   5.613060     2.5897     2.1673       5.35   29.50018  -85.37810   -0.00018    0.00057          1  0.000e+00
      11845    493.500     18.316     18.442    28.7259    28.7295   5.611206   5.613005     2.5897     2.1661       5.35   29.50018  -85.37810   -0.00030    0.00046          1  0.000e+00
      11846    493.542     18.316     18.442    28.7253    28.7294   5.611074   5.613044     2.5885     2.1661       5.35   29.50018  -85.37810   -0.00043    0.00035          1  0.000e+00
      11847    493.583     18.346     18.472    28.7254    28.7295   5.611027   5.613044     2.5885     2.1661       5.32   29.50018  -85.37810   -0.00056    0.00025          1  0.000e+00
      11848    493.625     18.376     18.503    28.7255    28.7296   5.611051   5.613044     2.5885     2.1661       5.27   29.50018  -85.37810   -0.00070    0.00014          1  0.000e+00
      11849    493.667     18.316     18.442    28.7253    28.7296   5.610996   5.613021     2.5885     2.1648       5.27   29.50018  -85.37810   -0.00081    0.00001          1  0.000e+00
      11850    493.708     18.376     18.503    28.7253    28.7295   5.610996   5.613107     2.5885     2.1661       5.27   29.50018  -85.37810   -0.00092   -0.00008          1  0.000e+00
      11851    493.750     18.346     18.472    28.7253    28.7294   5.611012   5.613115     2.5885     2.1661       5.27   29.50018  -85.37810   -0.00103   -0.00018          1  0.000e+00
      11852    493.792     18.316     18.442    28.7250    28.7297   5.610950   5.613202     2.5885     2.1648       5.27   29.50018  -85.37810   -0.00114   -0.00029          1  0.000e+00
      11853    493.833     18.376     18.503    28.7248    28.7294   5.610771   5.613234     2.5873     2.1648       5.27   29.50018  -85.37810   -0.00127   -0.00040          1  0.000e+00
      11854    493.875     18.346     18.472    28.7249    28.7292   5.610599   5.613234     2.5873     2.1648       5.27   29.50018  -85.37810   -0.00139   -0.00051          1  0.000e+00
      11855    493.917     18.316     18.442    28.7242    28.7292   5.610452   5.613265     2.5873     2.1648       5.27   29.50018  -85.37810   -0.00151   -0.00062          1  0.000e+00
      11856    493.958     18.376     18.502    28.7239    28.7292   5.610234   5.613281     2.5873     2.1648       5.27   29.50018  -85.37810   -0.00163   -0.00072          1  0.000e+00
      11857    494.000     18.316     18.442    28.7235    28.7292   5.610047   5.613249     2.5861     2.1648       5.27   29.50018  -85.37810   -0.00175   -0.00081          1  0.000e+00
      11858    494.042     18.346     18.472    28.7235    28.7292   5.609868   5.613265     2.5861     2.1648       5.27   29.50018  -85.37810   -0.00187   -0.00090          1  0.000e+00
      11859    494.083     18.376     18.502    28.7229    28.7297   5.609728   5.613320     2.5861     2.1648       5.27   29.50018  -85.37810   -0.00198   -0.00099          1  0.000e+00
      11860    494.125     18.376     18.502    28.7228    28.7296   5.609580   5.613391     2.5861     2.1648       5.27   29.50018  -85.37810   -0.00209   -0.00109          1  0.000e+00
      11861    494.167     18.233     18.358    28.7231    28.7297   5.609611   5.613375     2.5861     2.1648       5.27   29.50018  -85.37810   -0.00220   -0.00118          1  0.000e+00
      11862    494.208     18.429     18.556    28.7229    28.7296   5.609681   5.613415     2.5861     2.1648       5.27   29.50018  -85.37810   -0.00230   -0.00125          1  0.000e+00
      11863    494.250     18.316     18.442    28.7224    28.7299   5.609751   5.613383     2.5861     2.1648       5.27   29.50018  -85.37810   -0.00241   -0.00132          1  0.000e+00
      11864    494.292     18.376     18.502    28.7222    28.7298   5.609876   5.613399     2.5849     2.1648       5.27   29.50018  -85.37810   -0.00253   -0.00140          1  0.000e+00
      11865    494.333     18.346     18.472    28.7226    28.7298   5.609946   5.613423     2.5849     2.1648       5.27   29.50018  -85.37810   -0.00264   -0.00147          1  0.000e+00
      11866    494.375     18.316     18.442    28.7229    28.7299   5.609907   5.613454     2.5849     2.1661       5.27   29.50018  -85.37810   -0.00275   -0.00150          1  0.000e+00
      11867    494.417     18.316     18.442    28.7233    28.7298   5.609907   5.613399     2.5861     2.1661       5.27   29.50018  -85.37810   -0.00283   -0.00154          1  0.000e+00
      11868    494.458     18.316     18.442    28.7228    28.7299   5.609775   5.613368     2.5861     2.1648       5.27   29.50018  -85.37810   -0.00292   -0.00159          1  0.000e+00
      12216    508.958     18.006     18.129    28.7279    28.7296   5.612303   5.613178     2.5873     2.1673       5.45   29.50018  -85.37810   -0.00148   -0.00145          2  0.000e+00
      12217    509.000     18.202     18.327    28.7286    28.7295   5.612762   5.613123     2.5873     2.1685       5.45   29.50018  -85.37810   -0.00142   -0.00133          2  0.000e+00
      12218    509.042     18.149     18.274    28.7285    28.7294   5.612972   5.613091     2.5873     2.1673       5.45   29.50018  -85.37810   -0.00137   -0.00122          2  0.000e+00
      12219    509.083     18.285     18.411    28.7282    28.7295   5.612871   5.613052     2.5873     2.1685       5.45   29.50018  -85.37810   -0.00129   -0.00110          2  0.000e+00
      12220    509.125     18.316     18.441    28.7277    28.7292   5.612638   5.613052     2.5861     2.1685       5.45   29.50018  -85.37810   -0.00124   -0.00098          2  0.000e+00
      12221    509.167     18.263     18.388    28.7274    28.7295   5.612443   5.613084     2.5873     2.1685       5.42   29.50018  -85.37810   -0.00117   -0.00086          2  0.000e+00
      12222    509.208     18.316     18.441    28.7274    28.7298   5.612366   5.613092     2.5873     2.1685       5.45   29.50018  -85.37810   -0.00111   -0.00074          2  0.000e+00
      12223    509.250     18.285     18.411    28.7268    28.7296   5.612358   5.613068     2.5861     2.1685       5.45   29.50018  -85.37810   -0.00106   -0.00062          2  0.000e+00
      12224    509.292     18.316     18.441    28.7272    28.7297   5.612490   5.612981     2.5861     2.1685       5.45   29.50018  -85.37810   -0.00101   -0.00049          2  0.000e+00
      12225    509.333     18.263     18.388    28.7280    28.7296   5.612677   5.612997     2.5861     2.1685       5.45   29.50018  -85.37810   -0.00096   -0.00037          2  0.000e+00
      12226    509.375     18.285     18.411    28.7285    28.7293   5.612871   5.613068     2.5861     2.1685       5.45   29.50018  -85.37810   -0.00091   -0.00023          2  0.000e+00
      12227    509.417     18.263     18.388    28.7288    28.7298   5.612972   5.613163     2.5861     2.1685       5.45   29.50018  -85.37810   -0.00085   -0.00009          2  0.000e+00
      12228    509.458     18.316     18.441    28.7290    28.7297   5.613043   5.613257     2.5861     2.1685       5.45   29.50018  -85.37810   -0.00081    0.00005          2  0.000e+00
      12229    509.500     18.316     18.441    28.7290    28.7298   5.613081   5.613281     2.5861     2.1685       5.45   29.50018  -85.37810   -0.00077    0.00017          2  0.000e+00
      12230    509.542     18.346     18.472    28.7290    28.7297   5.613097   5.613281     2.5861     2.1685       5.42   29.50018  -85.37810   -0.00073    0.00031          2  0.000e+00
      12231    509.583     18.263     18.388    28.7293    28.7298   5.613019   5.613320     2.5861     2.1697       5.42   29.50018  -85.37810   -0.00068    0.00047          2  0.000e+00
      12232    509.625     18.376     18.502    28.7290    28.7300   5.613066   5.613431     2.5873     2.1685       5.37   29.50018  -85.37810   -0.00062    0.00061          2  0.000e+00
      12233    509.667     18.316     18.441    28.7290    28.7297   5.613027   5.613439     2.5873     2.1685       5.35   29.50018  -85.37810   -0.00055    0.00075          2  0.000e+00
      12234    509.708     18.285     18.411    28.7294    28.7296   5.613043   5.613415     2.5873     2.1685       5.35   29.50018  -85.37810   -0.00048    0.00089          2  0.000e+00
      12235    509.750     18.316     18.441    28.7290    28.7292   5.613011   5.613486     2.5873     2.1697       5.35   29.50018  -85.37810   -0.00041    0.00103          2  0.000e+00
      12236    509.792     18.316     18.441    28.7288    28.7291   5.613043   5.613517     2.5873     2.1685       5.35   29.50018  -85.37810   -0.00036    0.00116          2  0.000e+00
      12237    509.833     18.346     18.472    28.7292    28.7288   5.613058   5.613510     2.5873     2.1697       5.37   29.50018  -85.37810   -0.00031    0.00130          2  0.000e+00
      12238    509.875     18.316     18.441    28.7291    28.7287   5.613019   5.613510     2.5873     2.1697       5.35   29.50018  -85.37810   -0.00025    0.00144          2  0.000e+00
      12239    509.917     18.376     18.502    28.7290    28.7287   5.612996   5.613486     2.5873     2.1697       5.35   29.50018  -85.37810   -0.00020    0.00158          2  0.000e+00
      12240    509.958     18.316     18.441    28.7292    28.7288   5.613004   5.613533     2.5873     2.1685       5.35   29.50018  -85.37810   -0.00014    0.00168          2  0.000e+00
      12241    510.000     18.285     18.411    28.7288    28.7289   5.613043   5.613494     2.5873     2.1697       5.35   29.50018  -85.37810   -0.00008    0.00181          2  0.000e+00
      12242    510.042     18.376     18.502    28.7285    28.7288   5.613120   5.613502     2.5873     2.1697       5.35   29.50018  -85.37810   -0.00002    0.00191          2  0.000e+00
      12243    510.083     18.316     18.441    28.7285    28.7289   5.613066   5.613541     2.5873     2.1697       5.35   29.50018  -85.37810    0.00004    0.00201          2  0.000e+00
      12244    510.125     18.346     18.472    28.7285    28.7292   5.613113   5.613533     2.5873     2.1685       5.35   29.50018  -85.37810    0.00008    0.00210          2  0.000e+00
      12245    510.167     18.316     18.441    28.7288    28.7289   5.613144   5.613549     2.5873     2.1697       5.35   29.50018  -85.37810    0.00014    0.00220          2  0.000e+00
      12246    510.208     18.376     18.502    28.7288    28.7290   5.613074   5.613518     2.5873     2.1697       5.35   29.50018  -85.37810    0.00019    0.00228          2  0.000e+00
      12247    510.250     18.316     18.441    28.7286    28.7289   5.613151   5.613517     2.5873     2.1697       5.35   29.50018  -85.37810    0.00023    0.00236          2  0.000e+00
      12248    510.292     18.346     18.472    28.7286    28.7291   5.613113   5.613478     2.5873     2.1697       5.35   29.50018  -85.37810    0.00028    0.00244          2  0.000e+00
      12249    510.333     18.376     18.502    28.7288    28.7288   5.613097   5.613470     2.5885     2.1697       5.35   29.50018  -85.37810    0.00034    0.00250          2  0.000e+00
      12250    510.375     18.263     18.388    28.7287    28.7292   5.613128   5.613502     2.5885     2.1709       5.35   29.50018  -85.37810    0.00039    0.00257          2  0.000e+00
      12251    510.417     18.346     18.472    28.7294    28.7293   5.613136   5.613510     2.5885     2.1709       5.35   29.50018  -85.37810    0.00044    0.00265          2  0.000e+00
      12252    510.458     18.376     18.502    28.7292    28.7296   5.613136   5.613486     2.5885     2.1709       5.35   29.50018  -85.37810    0.00048    0.00272          2  0.000e+00
