GOMECC/GOMECC-4/1db/rb2103_0881.ros
* Sea-Bird SBE 9 Data File:
* FileName = C:\Users\scs.user.rb\CTD\GOMECC4\data\rb2103_0881.hex
* Software Version Seasave V 7.26.7.107
* Temperature SN = 4799
* Conductivity SN = 3860
* Number of Bytes Per Scan = 41
* Number of Voltage Words = 4
* Number of Scans Averaged by the Deck Unit = 1
* NMEA Latitude = 19 10.20 N
* NMEA Longitude = 093 17.93 W
* NMEA UTC (Time) = Oct 08 2021  18:58:02
* NMEA baud rate = 4800
# nquan = 17
# nvalues = 2128                                  
# units = specified
# name 0 = scan: Scan Count
# name 1 = timeS: Time, Elapsed [seconds]
# name 2 = depSM: Depth [salt water, m]
# name 3 = prDM: Pressure, Digiquartz [db]
# name 4 = t090C: Temperature [ITS-90, deg C]
# name 5 = t190C: Temperature, 2 [ITS-90, deg C]
# name 6 = c0S/m: Conductivity [S/m]
# name 7 = c1S/m: Conductivity, 2 [S/m]
# name 8 = sbeox0V: Oxygen raw, SBE 43 [V]
# name 9 = sbeox1V: Oxygen raw, SBE 43, 2 [V]
# name 10 = altM: Altimeter [m]
# name 11 = latitude: Latitude [deg]
# name 12 = longitude: Longitude [deg]
# name 13 = sbox0dV/dT: Oxygen, SBE 43 [dov/dt]
# name 14 = sbox1dV/dT: Oxygen, SBE 43, 2 [dov/dt]
# name 15 = nbf: Bottles Fired
# name 16 = flag:  0.000e+00
# interval = seconds: 0.0416667
# start_time = Oct 08 2021 18:58:02 [NMEA time, header]
# bad_flag = -9.990e-29
*END*
[from data line 1192]
      75926   3163.542     99.507    100.138    20.2047    20.1983   5.001086   5.000596     1.9170     1.5800     100.00   19.16928  -93.29758   -0.00004   -0.00029          9  0.000e+00
      75927   3163.583     99.460    100.090    20.2036    20.1980   5.001071   5.000536     1.9170     1.5800     100.00   19.16928  -93.29758   -0.00004   -0.00027          9  0.000e+00
      75928   3163.625     99.507    100.138    20.2023    20.1979   5.001020   5.000528     1.9170     1.5788     100.00   19.16928  -93.29758   -0.00004   -0.00028          9  0.000e+00
      75929   3163.667     99.507    100.138    20.2021    20.1977   5.000953   5.000506     1.9170     1.5788     100.00   19.16928  -93.29758   -0.00004   -0.00028          9  0.000e+00
      75930   3163.708     99.446    100.077    20.2021    20.1976   5.001005   5.000581     1.9170     1.5788     100.00   19.16928  -93.29758   -0.00004   -0.00027          9  0.000e+00
      79225   3301.000     60.175     60.550    22.7513    22.7516   5.243819   5.243943     2.5861     2.1819     100.00   19.16926  -93.29754   -0.00035    0.00021         10  0.000e+00
      79226   3301.042     60.270     60.646    22.7513    22.7517   5.243797   5.243997     2.5861     2.1819     100.00   19.16926  -93.29754   -0.00037    0.00022         10  0.000e+00
      79227   3301.083     60.039     60.414    22.7513    22.7514   5.243789   5.243981     2.5861     2.1819     100.00   19.16926  -93.29754   -0.00041    0.00024         10  0.000e+00
      79228   3301.125     60.324     60.701    22.7513    22.7516   5.243819   5.243974     2.5849     2.1807     100.00   19.16926  -93.29754   -0.00046    0.00024         10  0.000e+00
      79229   3301.167     60.073     60.448    22.7511    22.7514   5.243789   5.243943     2.5849     2.1807     100.00   19.16926  -93.29754   -0.00050    0.00023         10  0.000e+00
      79230   3301.208     60.270     60.646    22.7513    22.7516   5.243781   5.243928     2.5849     2.1807     100.00   19.16926  -93.29754   -0.00054    0.00023         10  0.000e+00
      79231   3301.250     60.189     60.564    22.7513    22.7514   5.243789   5.243928     2.5849     2.1819     100.00   19.16926  -93.29754   -0.00057    0.00025         10  0.000e+00
      79232   3301.292     60.175     60.551    22.7511    22.7514   5.243819   5.243958     2.5849     2.1819     100.00   19.16926  -93.29754   -0.00061    0.00027         10  0.000e+00
      79233   3301.333     60.223     60.599    22.7511    22.7515   5.243729   5.243973     2.5849     2.1819     100.00   19.16926  -93.29754   -0.00064    0.00029         10  0.000e+00
      79234   3301.375     60.175     60.551    22.7509    22.7516   5.243766   5.243943     2.5849     2.1807     100.00   19.16926  -93.29754   -0.00068    0.00029         10  0.000e+00
      79235   3301.417     60.223     60.599    22.7511    22.7514   5.243789   5.243935     2.5849     2.1819     100.00   19.16926  -93.29754   -0.00071    0.00031         10  0.000e+00
      79236   3301.458     60.189     60.565    22.7513    22.7516   5.243721   5.243996     2.5861     2.1819     100.00   19.16926  -93.29754   -0.00072    0.00031         10  0.000e+00
      79237   3301.500     60.223     60.599    22.7511    22.7514   5.243797   5.243951     2.5861     2.1819     100.00   19.16926  -93.29754   -0.00074    0.00033         10  0.000e+00
      79238   3301.542     60.175     60.551    22.7507    22.7516   5.243766   5.243958     2.5849     2.1819     100.00   19.16926  -93.29754   -0.00077    0.00033         10  0.000e+00
      79239   3301.583     60.223     60.599    22.7513    22.7514   5.243812   5.243973     2.5861     2.1819     100.00   19.16926  -93.29754   -0.00079    0.00033         10  0.000e+00
      79240   3301.625     60.189     60.565    22.7511    22.7516   5.243827   5.243973     2.5849     2.1819     100.00   19.16926  -93.29754   -0.00082    0.00033         10  0.000e+00
      79241   3301.667     60.270     60.647    22.7509    22.7517   5.243865   5.243943     2.5849     2.1819     100.00   19.16926  -93.29754   -0.00085    0.00032         10  0.000e+00
      79242   3301.708     60.176     60.551    22.7509    22.7514   5.243774   5.243935     2.5861     2.1819     100.00   19.16926  -93.29754   -0.00086    0.00032         10  0.000e+00
      79243   3301.750     60.223     60.599    22.7509    22.7518   5.243774   5.243958     2.5861     2.1807     100.00   19.16926  -93.29754   -0.00087    0.00030         10  0.000e+00
      79244   3301.792     60.176     60.552    22.7511    22.7517   5.243751   5.244004     2.5861     2.1819     100.00   19.16926  -93.29754   -0.00088    0.00029         10  0.000e+00
      79245   3301.833     60.237     60.613    22.7511    22.7516   5.243774   5.243981     2.5861     2.1819     100.00   19.16926  -93.29754   -0.00089    0.00027         10  0.000e+00
      79246   3301.875     60.176     60.552    22.7509    22.7518   5.243789   5.243943     2.5861     2.1819     100.00   19.16926  -93.29754   -0.00090    0.00026         10  0.000e+00
      79247   3301.917     60.223     60.600    22.7508    22.7516   5.243751   5.243958     2.5849     2.1819     100.00   19.16926  -93.29754   -0.00093    0.00024         10  0.000e+00
      79248   3301.958     60.224     60.600    22.7506    22.7517   5.243744   5.243973     2.5861     2.1819     100.00   19.16926  -93.29754   -0.00094    0.00022         10  0.000e+00
      79249   3302.000     60.190     60.566    22.7509    22.7518   5.243744   5.243973     2.5861     2.1819     100.00   19.16926  -93.29754   -0.00095    0.00021         10  0.000e+00
      79250   3302.042     60.224     60.600    22.7507    22.7518   5.243744   5.243973     2.5861     2.1819     100.00   19.16926  -93.29754   -0.00096    0.00019         10  0.000e+00
      79251   3302.083     60.224     60.600    22.7508    22.7521   5.243744   5.244004     2.5861     2.1819     100.00   19.16926  -93.29754   -0.00097    0.00017         10  0.000e+00
      79252   3302.125     60.176     60.552    22.7504    22.7520   5.243706   5.244019     2.5861     2.1819     100.00   19.16926  -93.29754   -0.00096    0.00015         10  0.000e+00
      79253   3302.167     60.237     60.614    22.7504    22.7520   5.243729   5.244019     2.5861     2.1819     100.00   19.16926  -93.29754   -0.00097    0.00013         10  0.000e+00
      79254   3302.208     60.176     60.552    22.7504    22.7518   5.243744   5.243981     2.5861     2.1819     100.00   19.16926  -93.29754   -0.00096    0.00011         10  0.000e+00
      79255   3302.250     60.224     60.600    22.7502    22.7520   5.243744   5.244004     2.5861     2.1819     100.00   19.16926  -93.29754   -0.00094    0.00011         10  0.000e+00
      79256   3302.292     60.224     60.600    22.7504    22.7520   5.243706   5.244050     2.5861     2.1819     100.00   19.16926  -93.29754   -0.00093    0.00009         10  0.000e+00
      79257   3302.333     60.075     60.450    22.7502    22.7520   5.243698   5.243996     2.5861     2.1819     100.00   19.16926  -93.29754   -0.00092    0.00007         10  0.000e+00
      79258   3302.375     60.285     60.662    22.7504    22.7516   5.243729   5.243974     2.5861     2.1819     100.00   19.16926  -93.29754   -0.00091    0.00005         10  0.000e+00
      79259   3302.417     60.177     60.553    22.7501    22.7519   5.243744   5.244004     2.5861     2.1819     100.00   19.16926  -93.29754   -0.00089    0.00003         10  0.000e+00
      79260   3302.458     60.177     60.553    22.7504    22.7518   5.243676   5.244019     2.5849     2.1819     100.00   19.16926  -93.29754   -0.00090    0.00003         10  0.000e+00
      79261   3302.500     60.224     60.600    22.7502    22.7520   5.243721   5.244019     2.5849     2.1807     100.00   19.16926  -93.29754   -0.00090   -0.00001         10  0.000e+00
      79262   3302.542     60.136     60.512    22.7501    22.7518   5.243706   5.244019     2.5849     2.1807     100.00   19.16926  -93.29754   -0.00090   -0.00005         10  0.000e+00
      79263   3302.583     60.177     60.553    22.7502    22.7519   5.243668   5.244019     2.5849     2.1819     100.00   19.16926  -93.29754   -0.00090   -0.00007         10  0.000e+00
      79264   3302.625     60.177     60.553    22.7499    22.7518   5.243660   5.243981     2.5849     2.1807     100.00   19.16926  -93.29754   -0.00091   -0.00009         10  0.000e+00
      79265   3302.667     60.177     60.553    22.7500    22.7518   5.243660   5.243943     2.5849     2.1807     100.00   19.16926  -93.29754   -0.00091   -0.00011         10  0.000e+00
      79266   3302.708     60.123     60.498    22.7501    22.7520   5.243623   5.243958     2.5836     2.1807     100.00   19.16926  -93.29754   -0.00092   -0.00013         10  0.000e+00
      79267   3302.750     60.137     60.512    22.7498    22.7517   5.243645   5.243973     2.5849     2.1807     100.00   19.16926  -93.29754   -0.00092   -0.00015         10  0.000e+00
      79268   3302.792     60.177     60.553    22.7497    22.7520   5.243623   5.243943     2.5849     2.1807     100.00   19.16926  -93.29754   -0.00091   -0.00017         10  0.000e+00
      79269   3302.833     60.123     60.499    22.7495    22.7520   5.243645   5.243958     2.5849     2.1795     100.00   19.16926  -93.29754   -0.00091   -0.00021         10  0.000e+00
      79270   3302.875     60.123     60.499    22.7494    22.7520   5.243623   5.244004     2.5849     2.1807     100.00   19.16926  -93.29754   -0.00090   -0.00023         10  0.000e+00
      79271   3302.917     60.137     60.512    22.7495    22.7519   5.243577   5.243981     2.5849     2.1795     100.00   19.16926  -93.29754   -0.00089   -0.00026         10  0.000e+00
      79272   3302.958     60.123     60.499    22.7495    22.7518   5.243660   5.243973     2.5849     2.1795     100.00   19.16926  -93.29754   -0.00088   -0.00030         10  0.000e+00
      79273   3303.000     60.076     60.451    22.7493    22.7518   5.243630   5.243973     2.5849     2.1807     100.00   19.16926  -93.29754   -0.00087   -0.00031         10  0.000e+00
      79274   3303.042     60.123     60.499    22.7494    22.7520   5.243577   5.244004     2.5849     2.1795     100.00   19.16926  -93.29754   -0.00086   -0.00035         10  0.000e+00
      79275   3303.083     60.090     60.465    22.7493    22.7517   5.243600   5.243981     2.5849     2.1807     100.00   19.16926  -93.29754   -0.00084   -0.00036         10  0.000e+00
      79276   3303.125     60.124     60.499    22.7494    22.7516   5.243615   5.243904     2.5849     2.1795     100.00   19.16926  -93.29754   -0.00083   -0.00039         10  0.000e+00
      79277   3303.167     60.076     60.451    22.7495    22.7511   5.243577   5.243851     2.5836     2.1795     100.00   19.16926  -93.29754   -0.00083   -0.00043         10  0.000e+00
      79278   3303.208     60.076     60.451    22.7501    22.7510   5.243638   5.243912     2.5849     2.1795     100.00   19.16926  -93.29754   -0.00083   -0.00046         10  0.000e+00
      79279   3303.250     60.076     60.451    22.7500    22.7512   5.243660   5.243958     2.5849     2.1795     100.00   19.16926  -93.29754   -0.00082   -0.00051         10  0.000e+00
      79280   3303.292     60.090     60.465    22.7504    22.7512   5.243660   5.243904     2.5849     2.1807     100.00   19.16926  -93.29754   -0.00080   -0.00052         10  0.000e+00
      79281   3303.333     60.076     60.452    22.7504    22.7512   5.243683   5.243920     2.5849     2.1795     100.00   19.16926  -93.29754   -0.00078   -0.00055         10  0.000e+00
      79282   3303.375     60.076     60.452    22.7504    22.7512   5.243698   5.243935     2.5849     2.1795     100.00   19.16926  -93.29754   -0.00076   -0.00058         10  0.000e+00
      79283   3303.417     60.029     60.404    22.7504    22.7511   5.243698   5.243897     2.5849     2.1807     100.00   19.16926  -93.29754   -0.00074   -0.00059         10  0.000e+00
      79284   3303.458     60.090     60.465    22.7504    22.7511   5.243698   5.243881     2.5861     2.1807     100.00   19.16926  -93.29754   -0.00070   -0.00060         10  0.000e+00
      79285   3303.500     60.029     60.404    22.7506    22.7507   5.243728   5.243851     2.5849     2.1795     100.00   19.16926  -93.29754   -0.00067   -0.00063         10  0.000e+00
      79286   3303.542     60.077     60.452    22.7506    22.7510   5.243706   5.243874     2.5849     2.1795     100.00   19.16926  -93.29754   -0.00065   -0.00065         10  0.000e+00
      79287   3303.583     60.077     60.452    22.7502    22.7511   5.243668   5.243889     2.5849     2.1795     100.00   19.16926  -93.29754   -0.00062   -0.00068         10  0.000e+00
      79288   3303.625     60.029     60.404    22.7501    22.7511   5.243660   5.243889     2.5861     2.1807     100.00   19.16926  -93.29754   -0.00058   -0.00069         10  0.000e+00
      79289   3303.667     60.090     60.466    22.7498    22.7512   5.243660   5.243889     2.5849     2.1795     100.00   19.16926  -93.29754   -0.00057   -0.00071         10  0.000e+00
      79290   3303.708     60.030     60.404    22.7494    22.7512   5.243623   5.243920     2.5849     2.1795     100.00   19.16926  -93.29754   -0.00054   -0.00074         10  0.000e+00
      79291   3303.750     60.077     60.452    22.7497    22.7511   5.243645   5.243897     2.5861     2.1795     100.00   19.16926  -93.29754   -0.00051   -0.00076         10  0.000e+00
      79292   3303.792     60.030     60.404    22.7497    22.7511   5.243623   5.243950     2.5861     2.1795     100.00   19.16926  -93.29754   -0.00048   -0.00079         10  0.000e+00
      79293   3303.833     60.043     60.418    22.7497    22.7512   5.243615   5.243904     2.5861     2.1795     100.00   19.16926  -93.29754   -0.00045   -0.00081         10  0.000e+00
      79294   3303.875     60.030     60.405    22.7497    22.7510   5.243638   5.243950     2.5861     2.1795     100.00   19.16926  -93.29754   -0.00042   -0.00083         10  0.000e+00
      79295   3303.917     60.077     60.452    22.7498    22.7512   5.243623   5.243904     2.5861     2.1795     100.00   19.16926  -93.29754   -0.00039   -0.00085         10  0.000e+00
      79296   3303.958     60.030     60.405    22.7497    22.7512   5.243645   5.243889     2.5861     2.1795     100.00   19.16926  -93.29754   -0.00036   -0.00087         10  0.000e+00
      79297   3304.000     60.030     60.405    22.7498    22.7510   5.243660   5.243889     2.5861     2.1795     100.00   19.16926  -93.29754   -0.00033   -0.00089         10  0.000e+00
      79298   3304.042     60.091     60.466    22.7499    22.7511   5.243660   5.243889     2.5861     2.1795     100.00   19.16926  -93.29754   -0.00032   -0.00091         10  0.000e+00
      79299   3304.083     60.030     60.405    22.7498    22.7511   5.243660   5.243920     2.5861     2.1795     100.00   19.16926  -93.29754   -0.00029   -0.00093         10  0.000e+00
      79300   3304.125     60.078     60.453    22.7497    22.7509   5.243623   5.243866     2.5861     2.1807     100.00   19.16926  -93.29754   -0.00026   -0.00091         10  0.000e+00
      79301   3304.167     60.078     60.453    22.7497    22.7508   5.243615   5.243874     2.5861     2.1795     100.00   19.16926  -93.29754   -0.00022   -0.00093         10  0.000e+00
      79302   3304.208     60.044     60.419    22.7495    22.7509   5.243615   5.243912     2.5861     2.1807     100.00   19.16926  -93.29754   -0.00019   -0.00093         10  0.000e+00
      79303   3304.250     60.078     60.453    22.7495    22.7509   5.243615   5.243858     2.5861     2.1807     100.00   19.16926  -93.29754   -0.00016   -0.00093         10  0.000e+00
