GOMECC/GOMECC-4/1db/rb2103_0721.cnv
* Sea-Bird SBE 9 Data File:
* FileName = C:\Users\scs.user.rb\CTD\GOMECC4\data\rb2103_0721.hex
* Software Version Seasave V 7.26.7.107
* Temperature SN = 4799
* Conductivity SN = 3860
* Number of Bytes Per Scan = 41
* Number of Voltage Words = 4
* Number of Scans Averaged by the Deck Unit = 1
* NMEA Latitude = 26 03.50 N
* NMEA Longitude = 093 43.74 W
* NMEA UTC (Time) = Oct 04 2021  04:36:25
* NMEA baud rate = 4800
# nquan = 28
# nvalues = 570                         
# units = specified
# name 0 = scan: Scan Count
# name 1 = timeS: Time, Elapsed [seconds]
# name 2 = depSM: Depth [salt water, m]
# name 3 = prDM: Pressure, Digiquartz [db]
# name 4 = t090C: Temperature [ITS-90, deg C]
# name 5 = t190C: Temperature, 2 [ITS-90, deg C]
# name 6 = c0S/m: Conductivity [S/m]
# name 7 = c1S/m: Conductivity, 2 [S/m]
# name 8 = sbeox0V: Oxygen raw, SBE 43 [V]
# name 9 = sbeox1V: Oxygen raw, SBE 43, 2 [V]
# name 10 = altM: Altimeter [m]
# name 11 = latitude: Latitude [deg]
# name 12 = longitude: Longitude [deg]
# name 13 = sbox0dV/dT: Oxygen, SBE 43 [dov/dt]
# name 14 = sbox1dV/dT: Oxygen, SBE 43, 2 [dov/dt]
# name 15 = sbeox0ML/L: Oxygen, SBE 43 [ml/l], WS = 5
# name 16 = sbeox1ML/L: Oxygen, SBE 43, 2 [ml/l], WS = 5
# name 17 = potemp090C: Potential Temperature [ITS-90, deg C]
# name 18 = potemp190C: Potential Temperature, 2 [ITS-90, deg C]
# name 19 = sal00: Salinity, Practical [PSU]
# name 20 = sal11: Salinity, Practical, 2 [PSU]
# name 21 = sigma-é00: Density [sigma-theta, kg/m^3]
# name 22 = sigma-é11: Density, 2 [sigma-theta, kg/m^3]
# name 23 = avgsvCM: Average Sound Velocity [Chen-Millero, m/s], minP = 20, minS = 20
# name 24 = sbox0Mm/Kg: Oxygen, SBE 43 [umol/kg], WS = 5
# name 25 = sbox1Mm/Kg: Oxygen, SBE 43, 2 [umol/kg], WS = 5
# name 26 = nbin: number of scans per bin
# name 27 = flag: flag
# span 0 =      13850,     223622       
# span 1 =    577.031,   9317.554       
# span 2 =      0.993,   3083.789       
# span 3 =      1.000,   3127.000       
# span 4 =     4.2856,    29.1104       
# span 5 =     4.2864,    29.2004       
# span 6 =   3.348682,   5.890145       
# span 7 =   3.348636,   5.899107       
# span 8 =     1.5821,     3.2212       
# span 9 =     1.2863,     2.7532       
# span 10 =      13.73,     100.94      
# span 11 =   25.98091,   26.30996      
# span 12 =  -94.62395,  -93.44201      
# span 13 =   -0.04268,    0.02670      
# span 14 =   -0.03984,    0.02645      
# span 15 =     2.5240,     4.8344      
# span 16 =     2.5449,     4.8444      
# span 17 =     4.0794,    29.1082      
# span 18 =     4.0806,    29.1999      
# span 19 =    34.9071,    36.8166      
# span 20 =    34.9054,    36.8139      
# span 21 =    22.7239,    27.7595      
# span 22 =    22.7240,    27.7580      
# span 23 =       0.00,    1545.00      
# span 24 =    109.737,    210.766      
# span 25 =    110.647,    211.200      
# span 26 =         30,         76      
# span 27 = 0.0000e+00, 0.0000e+00      
# interval = decibars: 1                
# start_time = Oct 04 2021 04:36:25 [NMEA time, header]
# bad_flag = -9.990e-29
*END*
[from data line 208]
      24471   1019.574    275.013    277.000    14.9965    15.0061   4.409520   4.410564     1.7893     1.4727     100.00   26.05856  -93.72049   -0.00041   -0.00035     2.6101     2.6316    14.9541    14.9637    35.9655    35.9674    26.7267    26.7261    1528.76    113.534    114.469         30 0.0000e+00
      25960   1081.612    330.567    333.000    13.1746    13.1758   4.199660   4.199797     1.7874     1.4704      94.39   26.05954  -93.72386   -0.00323   -0.00349     2.7380     2.7540    13.1279    13.1290    35.6786    35.6788    26.8929    26.8928    1525.51    119.076    119.772         30 0.0000e+00
      26385   1099.333    346.437    349.000    12.7419    12.7443   4.150657   4.150963     1.7284     1.4184      95.99   26.05984  -93.72491   -0.00111   -0.00110     2.6187     2.6399    12.6940    12.6964    35.6104    35.6112    26.9275    26.9276    1524.64    113.883    114.806         30 0.0000e+00
      27339   1139.064    382.139    385.000    11.7357    11.7369   4.037608   4.037740     1.7148     1.4090     100.00   26.05843  -93.71986    0.00297    0.00245     2.6594     2.6876    11.6855    11.6868    35.4504    35.4504    26.9990    26.9988    1522.66    115.647    116.873         30 0.0000e+00
      28665   1194.337    431.716    435.000    10.7224    10.7236   3.926681   3.926773     1.6885     1.3852      96.56   26.05988  -93.72516    0.00109    0.00129     2.6721     2.6999    10.6689    10.6700    35.2977    35.2975    27.0672    27.0669    1520.27    116.192    117.400         30 0.0000e+00
      29065   1210.988    446.586    450.000    10.4553    10.4564   3.898048   3.898151     1.6780     1.3736     100.00   26.05953  -93.72388   -0.00148   -0.00133     2.6659     2.6877    10.4007    10.4019    35.2601    35.2600    27.0855    27.0852    1519.56    115.920    116.868         30 0.0000e+00
      31086   1295.192    521.914    526.000     9.2958     9.2998   3.777202   3.777533     1.6115     1.3125     100.00   26.05943  -93.72351   -0.00126   -0.00143     2.5808     2.6009     9.2363     9.2403    35.1158    35.1158    27.1705    27.1699    1516.35    112.209    113.084         32 0.0000e+00
      31377   1307.340    532.815    537.000     9.1569     9.1600   3.763791   3.764073     1.5959     1.2959     100.00   26.05906  -93.72220   -0.00336   -0.00384     2.5477     2.5606     9.0967     9.0998    35.1074    35.1073    27.1866    27.1861    1515.90    110.769    111.332         30 0.0000e+00
      31510   1312.879    537.769    542.000     9.0318     9.0339   3.750923   3.750966     1.5845     1.2879     100.00   26.05900  -93.72199   -0.00151   -0.00101     2.5240     2.5449     8.9715     8.9736    35.0921    35.0920    27.1950    27.1945    1515.71    109.737    110.647         30 0.0000e+00
      31860   1327.438    550.651    555.000     8.7975     8.7987   3.726675   3.726783     1.5852     1.2907     100.00   26.06017  -93.72618    0.00070    0.00092     2.5461     2.5734     8.7367     8.7379    35.0645    35.0644    27.2108    27.2106    1515.29    110.697    111.884         30 0.0000e+00
      32522   1355.029    575.420    580.000     8.5612     8.5593   3.703541   3.703575     1.5821     1.2863     100.00   26.05950  -93.72376   -0.00009   -0.00003     2.5608     2.5829     8.4986     8.4967    35.0423    35.0414    27.2308    27.2304    1514.34    111.333    112.297         30 0.0000e+00
      32947   1372.748    591.271    596.000     8.3158     8.3166   3.678828   3.678855     1.5852     1.2902     100.00   26.05891  -93.72164    0.00107    0.00116     2.5920     2.6175     8.2526     8.2534    35.0160    35.0155    27.2481    27.2476    1513.75    112.690    113.797         32 0.0000e+00
      33319   1388.256    605.139    610.000     8.1684     8.1692   3.664494   3.664510     1.5828     1.2884     100.00   26.05867  -93.72080    0.00027    0.00049     2.5996     2.6260     8.1042     8.1050    35.0031    35.0025    27.2606    27.2600    1513.26    113.017    114.164         31 0.0000e+00
      34812   1450.469    660.605    666.000     7.6721     7.6730   3.617188   3.617256     1.5935     1.2977      98.97   26.05877  -93.72120    0.00005    0.00020     2.6859     2.7104     7.6043     7.6052    34.9629    34.9623    27.3033    27.3028    1511.52    116.766    117.830         31 0.0000e+00
      34947   1456.097    665.556    671.000     7.6188     7.6200   3.612009   3.612066     1.5959     1.3007     100.00   26.05919  -93.72272    0.00050    0.00059     2.6987     2.7258     7.5508     7.5519    34.9591    34.9586    27.3082    27.3076    1511.40    117.321    118.497         30 0.0000e+00
      35863   1494.269    699.223    705.000     7.1624     7.1631   3.567938   3.567934     1.6271     1.3301     100.00   26.05892  -93.72177    0.00128    0.00110     2.8419     2.8707     7.0932     7.0939    34.9223    34.9216    27.3446    27.3439    1510.40    123.541    124.794         31 0.0000e+00
      37908   1579.464    774.459    781.000     6.6038     6.6043   3.518621   3.518622     1.6646     1.3650     100.00   26.05904  -93.72231    0.00093    0.00088     3.0338     3.0634     6.5300     6.5305    34.9071    34.9065    27.4099    27.4093    1508.42    131.875    133.163         30 0.0000e+00
      38501   1604.155    796.233    803.000     6.4684     6.4689   3.507213   3.507201     1.6751     1.3747     100.00   26.05944  -93.72375    0.00069    0.00050     3.0875     3.1172     6.3932     6.3937    34.9086    34.9080    27.4293    27.4287    1507.93    134.206    135.498         30 0.0000e+00
      39686   1653.552    839.774    847.000     6.1739     6.1746   3.482259   3.482268     1.7028     1.4005     100.00   26.05977  -93.72498    0.00040    0.00049     3.2207     3.2511     6.0962     6.0969    34.9092    34.9087    27.4686    27.4681    1506.98    139.989    141.314         30 0.0000e+00
      40462   1685.895    868.467    876.000     5.9903     5.9906   3.466970   3.466936     1.7186     1.4151     100.00   26.05895  -93.72204    0.00044    0.00047     3.3011     3.3319     5.9110     5.9113    34.9114    34.9107    27.4941    27.4935    1506.34    143.483    144.823         31 0.0000e+00
      40494   1687.192    869.456    877.000     5.9848     5.9859   3.466548   3.466590     1.7194     1.4164     100.00   26.05928  -93.72324    0.00051    0.00074     3.3049     3.3374     5.9054     5.9065    34.9118    34.9112    27.4951    27.4945    1506.34    143.646    145.062         30 0.0000e+00
      41163   1715.069    894.187    902.000     5.8362     5.8364   3.454248   3.454209     1.7392     1.4341     100.00   26.05935  -93.72357    0.00039    0.00034     3.3948     3.4257     5.7554     5.7556    34.9135    34.9129    27.5154    27.5149    1505.86    147.552    148.894         30 0.0000e+00
      41784   1740.950    916.938    925.000     5.6874     5.6880   3.442001   3.442000     1.7571     1.4511     100.00   26.05976  -93.72504    0.00050    0.00049     3.4788     3.5111     5.6054     5.6060    34.9173    34.9166    27.5371    27.5364    1505.45    151.199    152.603         31 0.0000e+00
      41890   1745.358    920.894    929.000     5.6664     5.6669   3.440244   3.440235     1.7606     1.4542     100.00   26.05931  -93.72340    0.00082    0.00076     3.4941     3.5263     5.5842     5.5847    34.9171    34.9164    27.5395    27.5389    1505.35    151.864    153.263         32 0.0000e+00
      42213   1758.816    932.763    941.000     5.5974     5.5983   3.434900   3.434922     1.7697     1.4629     100.00   26.05931  -93.72339    0.00051    0.00042     3.5380     3.5703     5.5145     5.5154    34.9190    34.9182    27.5495    27.5488    1505.14    153.770    155.174         34 0.0000e+00
      42344   1764.306    937.708    946.000     5.5824     5.5830   3.433586   3.433582     1.7728     1.4654     100.00   26.05916  -93.72287    0.00072    0.00072     3.5516     3.5831     5.4991     5.4998    34.9193    34.9186    27.5517    27.5511    1505.04    154.363    155.730         30 0.0000e+00
      43371   1807.080    975.286    984.000     5.4024     5.4030   3.419395   3.419381     1.7943     1.4850     100.00   26.05921  -93.72307    0.00069    0.00049     3.6600     3.6909     5.3169     5.3175    34.9249    34.9242    27.5783    27.5776    1504.40    159.068    160.411         31 0.0000e+00
      43722   1821.694    988.140    997.000     5.3462     5.3471   3.415274   3.415343     1.8013     1.4919     100.00   26.05935  -93.72356    0.00067    0.00044     3.6962     3.7280     5.2598     5.2608    34.9268    34.9262    27.5866    27.5860    1504.20    160.641    162.023         30 0.0000e+00
      44099   1837.426   1001.982   1011.000     5.3047     5.3053   3.412015   3.411994     1.8074     1.4982     100.00   26.05937  -93.72372    0.00035    0.00061     3.7278     3.7624     5.2173     5.2179    34.9286    34.9277    27.5931    27.5923    1503.98    162.012    163.519         31 0.0000e+00
      44232   1842.953   1006.926   1016.000     5.3054     5.3059   3.412244   3.412219     1.8083     1.4980     100.00   26.05887  -93.72189   -0.00000    0.00004     3.7332     3.7642     5.2176     5.2181    34.9280    34.9272    27.5926    27.5919    1503.87    162.249    163.597         30 0.0000e+00
      44263   1844.251   1007.915   1017.000     5.3059     5.3063   3.412374   3.412348     1.8084     1.4977     100.00   26.05924  -93.72324    0.00005   -0.00006     3.7339     3.7635     5.2180     5.2184    34.9285    34.9277    27.5929    27.5923    1503.88    162.278    163.565         31 0.0000e+00
      44454   1852.195   1014.835   1024.000     5.3014     5.3017   3.412289   3.412257     1.8073     1.4969     100.00   26.05935  -93.72362   -0.00018    0.00001     3.7340     3.7643     5.2128     5.2132    34.9288    34.9280    27.5937    27.5931    1503.78    162.284    163.601         30 0.0000e+00
      44587   1857.760   1019.778   1029.000     5.2943     5.2950   3.411851   3.411831     1.8071     1.4969     100.00   26.05909  -93.72269   -0.00004 1.7285e-10     3.7364     3.7675     5.2054     5.2061    34.9287    34.9278    27.5946    27.5938    1503.69    162.388    163.739         32 0.0000e+00
      44619   1859.100   1020.767   1030.000     5.2912     5.2917   3.411646   3.411633     1.8072     1.4969     100.00   26.05924  -93.72324 9.5023e-07 -6.042e-12     3.7374     3.7684     5.2022     5.2027    34.9290    34.9283    27.5952    27.5946    1503.69    162.431    163.776         30 0.0000e+00
      44725   1863.512   1024.721   1034.000     5.2846     5.2852   3.411228   3.411199     1.8081     1.4970      99.91   26.05911  -93.72277    0.00021   -0.00000     3.7430     3.7713     5.1953     5.1958    34.9290    34.9281    27.5961    27.5953    1503.62    162.675    163.902         30 0.0000e+00
      44919   1871.574   1031.641   1041.000     5.2668     5.2673   3.409995   3.409967     1.8085     1.4986     100.00   26.05939  -93.72377    0.00020    0.00009     3.7498     3.7825     5.1769     5.1774    34.9300    34.9292    27.5990    27.5983    1503.54    162.970    164.388         30 0.0000e+00
      45052   1877.123   1036.584   1046.000     5.2647     5.2652   3.409965   3.409950     1.8093     1.4994     100.00   26.05892  -93.72208    0.00008    0.00012     3.7553     3.7882     5.1744     5.1749    34.9293    34.9286    27.5987    27.5981    1503.44    163.208    164.637         30 0.0000e+00
      45083   1878.412   1037.572   1047.000     5.2644     5.2651   3.410031   3.410018     1.8094     1.4993     100.00   26.05924  -93.72322    0.00001   -0.00000     3.7562     3.7883     5.1740     5.1747    34.9299    34.9290    27.5992    27.5985    1503.44    163.244    164.643         31 0.0000e+00
      45215   1883.923   1042.515   1052.000     5.2622     5.2627   3.409995   3.409971     1.8095     1.4990     100.00   26.05875  -93.72145    0.00008   -0.00006     3.7591     3.7901     5.1714     5.1718    34.9293    34.9285    27.5991    27.5984    1503.35    163.374    164.719         31 0.0000e+00
      45248   1885.297   1043.503   1053.000     5.2619     5.2623   3.410068   3.410034     1.8095     1.4993     100.00   26.05924  -93.72322    0.00002   -0.00003     3.7596     3.7914     5.1710     5.1714    34.9299    34.9291    27.5997    27.5990    1503.36    163.394    164.778         32 0.0000e+00
      45353   1889.675   1047.457   1057.000     5.2605     5.2610   3.410102   3.410082     1.8095     1.4990     100.00   26.05907  -93.72261   -0.00003   -0.00005     3.7617     3.7925     5.1692     5.1697    34.9298    34.9290    27.5998    27.5991    1503.29    163.484    164.826         30 0.0000e+00
      45384   1890.974   1048.446   1058.000     5.2590     5.2596   3.410023   3.410011     1.8093     1.4987     100.00   26.05924  -93.72322   -0.00003   -0.00001     3.7615     3.7923     5.1676     5.1682    34.9301    34.9293    27.6001    27.5995    1503.30    163.476    164.817         31 0.0000e+00
      45577   1898.990   1055.365   1065.000     5.2341     5.2347   3.408140   3.408128     1.8101     1.5001     100.00   26.05939  -93.72376    0.00020    0.00015     3.7704     3.8033     5.1423     5.1428    34.9308    34.9301    27.6038    27.6031    1503.21    163.865    165.292         30 0.0000e+00
      45710   1904.555   1060.307   1070.000     5.2238     5.2242   3.407455   3.407430     1.8120     1.5018      94.25   26.05942  -93.72388    0.00038    0.00040     3.7804     3.8134     5.1316     5.1320    34.9312    34.9305    27.6053    27.6047    1503.15    164.297    165.733         33 0.0000e+00
      45872   1911.301   1066.238   1076.000     5.2094     5.2101   3.406418   3.406410     1.8132     1.5030     100.00   26.05908  -93.72264    0.00009    0.00024     3.7891     3.8224     5.1167     5.1174    34.9313    34.9305    27.6071    27.6064    1503.05    164.675    166.123         30 0.0000e+00
      45904   1912.610   1067.226   1077.000     5.2035     5.2041   3.405962   3.405947     1.8133     1.5031     100.00   26.05924  -93.72322    0.00011    0.00031     3.7907     3.8239     5.1108     5.1114    34.9317    34.9309    27.6082    27.6075    1503.04    164.743    166.187         31 0.0000e+00
      46035   1918.073   1072.168   1082.000     5.1810     5.1815   3.404133   3.404125     1.8154     1.5049      93.19   26.05882  -93.72172    0.00027    0.00022     3.8027     3.8354     5.0880     5.0885    34.9320    34.9313    27.6111    27.6105    1502.95    165.267    166.688         32 0.0000e+00
      46068   1919.441   1073.156   1083.000     5.1770     5.1776   3.403883   3.403869     1.8160     1.5057     100.13   26.05924  -93.72322    0.00044    0.00035     3.8057     3.8393     5.0840     5.0845    34.9324    34.9316    27.6119    27.6112    1502.96    165.394    166.854         31 0.0000e+00
      46391   1932.935   1085.016   1095.000     5.1441     5.1447   3.401452   3.401459     1.8216     1.5109     100.00   26.05920  -93.72310    0.00043    0.00038     3.8347     3.8676     5.0502     5.0508    34.9334    34.9327    27.6166    27.6160    1502.82    166.656    168.085         30 0.0000e+00
      46583   1940.926   1091.934   1102.000     5.1247     5.1252   3.400105   3.400083     1.8243     1.5137     100.00   26.05908  -93.72268    0.00028    0.00031     3.8495     3.8844     5.0303     5.0308    34.9340    34.9332    27.6194    27.6187    1502.72    167.297    168.814         30 0.0000e+00
