GOMECC/GOMECC-4/1db/rb2103_1231.ros
* Sea-Bird SBE 9 Data File:
* FileName = C:\Users\scs.user.rb\CTD\GOMECC4\data\rb2103_1231.hex
* Software Version Seasave V 7.26.7.107
* Temperature SN = 4799
* Conductivity SN = 3860
* Number of Bytes Per Scan = 41
* Number of Voltage Words = 4
* Number of Scans Averaged by the Deck Unit = 1
* NMEA Latitude = 24 44.12 N
* NMEA Longitude = 080 37.33 W
* NMEA UTC (Time) = Oct 17 2021  22:52:18
* NMEA baud rate = 4800
# nquan = 17
# nvalues = 1729                                  
# units = specified
# name 0 = scan: Scan Count
# name 1 = timeS: Time, Elapsed [seconds]
# name 2 = depSM: Depth [salt water, m]
# name 3 = prDM: Pressure, Digiquartz [db]
# name 4 = t090C: Temperature [ITS-90, deg C]
# name 5 = t190C: Temperature, 2 [ITS-90, deg C]
# name 6 = c0S/m: Conductivity [S/m]
# name 7 = c1S/m: Conductivity, 2 [S/m]
# name 8 = sbeox0V: Oxygen raw, SBE 43 [V]
# name 9 = sbeox1V: Oxygen raw, SBE 43, 2 [V]
# name 10 = altM: Altimeter [m]
# name 11 = latitude: Latitude [deg]
# name 12 = longitude: Longitude [deg]
# name 13 = sbox0dV/dT: Oxygen, SBE 43 [dov/dt]
# name 14 = sbox1dV/dT: Oxygen, SBE 43, 2 [dov/dt]
# name 15 = nbf: Bottles Fired
# name 16 = flag:  0.000e+00
# interval = seconds: 0.0416667
# start_time = Oct 17 2021 22:52:18 [NMEA time, header]
# bad_flag = -9.990e-29
*END*
[from data line 766]
      39353   1639.667     49.821     50.148    28.8952    28.8851   5.860252   5.860101     3.0024     2.5372      95.09   24.73548  -80.62326    0.00044    0.00138          6  0.000e+00
      39354   1639.708     49.821     50.148    28.8952    28.8848   5.860180   5.860085     3.0037     2.5360      95.09   24.73548  -80.62326    0.00044    0.00132          6  0.000e+00
      39355   1639.750     49.821     50.149    28.8958    28.8846   5.860188   5.860069     3.0024     2.5360      95.12   24.73548  -80.62326    0.00042    0.00128          6  0.000e+00
      39356   1639.792     49.767     50.094    28.8958    28.8840   5.860204   5.860029     3.0037     2.5360      95.12   24.73548  -80.62326    0.00042    0.00124          6  0.000e+00
      39357   1639.833     49.821     50.149    28.8952    28.8838   5.860236   5.859988     3.0037     2.5360      95.09   24.73548  -80.62326    0.00040    0.00119          6  0.000e+00
      39358   1639.875     49.821     50.149    28.8949    28.8840   5.860180   5.860004     3.0037     2.5360      95.09   24.73548  -80.62326    0.00039    0.00115          6  0.000e+00
      39359   1639.917     49.821     50.149    28.8941    28.8838   5.860204   5.860021     3.0037     2.5348      95.09   24.73548  -80.62326    0.00035    0.00108          6  0.000e+00
      39360   1639.958     49.767     50.094    28.8936    28.8842   5.860172   5.860061     3.0024     2.5348      95.09   24.73548  -80.62326    0.00029    0.00102          6  0.000e+00
      39361   1640.000     49.821     50.149    28.8932    28.8846   5.860188   5.860029     3.0037     2.5348      95.12   24.73548  -80.62326    0.00026    0.00095          6  0.000e+00
      39362   1640.042     49.821     50.149    28.8936    28.8840   5.860165   5.860053     3.0037     2.5348      95.12   24.73548  -80.62326    0.00022    0.00089          6  0.000e+00
      39363   1640.083     49.767     50.094    28.8936    28.8842   5.860188   5.860037     3.0037     2.5336      95.12   24.73548  -80.62326    0.00016    0.00080          6  0.000e+00
      39364   1640.125     49.821     50.149    28.8938    28.8844   5.860204   5.860021     3.0037     2.5348      95.09   24.73548  -80.62326    0.00012    0.00073          6  0.000e+00
      39365   1640.167     49.821     50.149    28.8945    28.8848   5.860204   5.860053     3.0037     2.5348      95.12   24.73548  -80.62326    0.00008    0.00067          6  0.000e+00
      39366   1640.208     49.767     50.094    28.8950    28.8848   5.860204   5.860037     3.0037     2.5336      95.12   24.73548  -80.62326    0.00004    0.00058          6  0.000e+00
      39367   1640.250     49.821     50.149    28.8947    28.8848   5.860220   5.860093     3.0037     2.5336      95.12   24.73548  -80.62326   -0.00000    0.00049          6  0.000e+00
      39368   1640.292     49.821     50.149    28.8947    28.8844   5.860172   5.860077     3.0037     2.5336      95.09   24.73548  -80.62326   -0.00005    0.00041          6  0.000e+00
      39369   1640.333     49.767     50.094    28.8943    28.8840   5.860157   5.860069     3.0049     2.5336      95.09   24.73548  -80.62326   -0.00007    0.00034          6  0.000e+00
      39370   1640.375     49.821     50.149    28.8941    28.8849   5.860188   5.860069     3.0037     2.5336      95.09   24.73548  -80.62326   -0.00012    0.00027          6  0.000e+00
      39371   1640.417     49.767     50.094    28.8938    28.8857   5.860165   5.860101     3.0037     2.5336      95.09   24.73548  -80.62326   -0.00016    0.00020          6  0.000e+00
      39372   1640.458     49.821     50.149    28.8934    28.8863   5.860188   5.860117     3.0037     2.5336      95.09   24.73548  -80.62326   -0.00019    0.00014          6  0.000e+00
      39373   1640.500     49.821     50.149    28.8928    28.8863   5.860204   5.860045     3.0037     2.5336      95.09   24.73548  -80.62326   -0.00022    0.00008          6  0.000e+00
      39374   1640.542     49.767     50.094    28.8926    28.8866   5.860149   5.860093     3.0049     2.5336      95.09   24.73548  -80.62326   -0.00023    0.00002          6  0.000e+00
      39375   1640.583     49.821     50.149    28.8925    28.8870   5.860149   5.860117     3.0049     2.5336      95.12   24.73548  -80.62326   -0.00024   -0.00003          6  0.000e+00
      39376   1640.625     49.821     50.149    28.8928    28.8870   5.860157   5.860117     3.0049     2.5336      95.09   24.73548  -80.62326   -0.00026   -0.00008          6  0.000e+00
      39377   1640.667     49.767     50.095    28.8936    28.8868   5.860117   5.860149     3.0049     2.5324      95.09   24.73548  -80.62326   -0.00027   -0.00015          6  0.000e+00
      39378   1640.708     49.821     50.149    28.8939    28.8870   5.860109   5.860093     3.0061     2.5324      95.12   24.73548  -80.62326   -0.00027   -0.00021          6  0.000e+00
      39379   1640.750     49.821     50.149    28.8939    28.8872   5.860141   5.860141     3.0061     2.5324      95.14   24.73548  -80.62326   -0.00026   -0.00028          6  0.000e+00
      39380   1640.792     49.821     50.149    28.8947    28.8868   5.860117   5.860165     3.0061     2.5324      95.14   24.73548  -80.62326   -0.00026   -0.00035          6  0.000e+00
      39381   1640.833     49.788     50.115    28.8947    28.8866   5.860180   5.860165     3.0061     2.5324      95.14   24.73548  -80.62326   -0.00026   -0.00041          6  0.000e+00
      39382   1640.875     49.821     50.149    28.8938    28.8864   5.860149   5.860125     3.0061     2.5324      95.12   24.73548  -80.62326   -0.00025   -0.00047          6  0.000e+00
      39383   1640.917     49.767     50.095    28.8928    28.8868   5.860109   5.860117     3.0061     2.5311      95.14   24.73548  -80.62326   -0.00023   -0.00056          6  0.000e+00
      39384   1640.958     49.822     50.149    28.8923    28.8872   5.860141   5.860117     3.0061     2.5311      95.14   24.73548  -80.62326   -0.00022   -0.00064          6  0.000e+00
      41730   1738.708     39.359     39.617    29.0340    29.0382   5.852081   5.852406     3.1062     2.6227      77.66   24.73546  -80.62324   -0.00062   -0.00061          7  0.000e+00
      41731   1738.750     39.244     39.501    29.0343    29.0375   5.852097   5.852398     3.1062     2.6215      78.83   24.73546  -80.62324   -0.00065   -0.00067          7  0.000e+00
      41732   1738.792     39.291     39.548    29.0342    29.0365   5.852050   5.852390     3.1062     2.6227      78.58   24.73546  -80.62326   -0.00070   -0.00071          7  0.000e+00
      41733   1738.833     39.339     39.596    29.0345    29.0369   5.852042   5.852365     3.1074     2.6215      78.34   24.73546  -80.62326   -0.00071   -0.00077          7  0.000e+00
      41734   1738.875     39.311     39.569    29.0345    29.0371   5.852081   5.852381     3.1074     2.6215      78.32   24.73546  -80.62326   -0.00073   -0.00082          7  0.000e+00
      41735   1738.917     39.339     39.596    29.0347    29.0369   5.852097   5.852438     3.1074     2.6215      78.32   24.73546  -80.62326   -0.00074   -0.00088          7  0.000e+00
      41736   1738.958     39.291     39.549    29.0343    29.0371   5.852121   5.852406     3.1074     2.6227      78.34   24.73546  -80.62326   -0.00077   -0.00093          7  0.000e+00
      41737   1739.000     39.339     39.596    29.0344    29.0369   5.852105   5.852438     3.1074     2.6215      78.32   24.73546  -80.62326   -0.00081   -0.00098          7  0.000e+00
      41738   1739.042     39.311     39.569    29.0343    29.0369   5.852097   5.852406     3.1074     2.6215      78.34   24.73546  -80.62326   -0.00084   -0.00104          7  0.000e+00
      41739   1739.083     39.339     39.596    29.0344    29.0368   5.852089   5.852470     3.1074     2.6215      78.34   24.73546  -80.62326   -0.00085   -0.00111          7  0.000e+00
      41740   1739.125     39.339     39.596    29.0345    29.0369   5.852089   5.852462     3.1074     2.6215      78.34   24.73546  -80.62326   -0.00086   -0.00117          7  0.000e+00
      41741   1739.167     39.291     39.549    29.0344    29.0367   5.852058   5.852406     3.1087     2.6215      78.34   24.73546  -80.62326   -0.00086   -0.00125          7  0.000e+00
      41742   1739.208     39.264     39.521    29.0345    29.0371   5.852042   5.852438     3.1087     2.6215      78.34   24.73546  -80.62326   -0.00085   -0.00133          7  0.000e+00
      41743   1739.250     39.393     39.651    29.0345    29.0367   5.852081   5.852478     3.1074     2.6215      78.34   24.73546  -80.62326   -0.00087   -0.00141          7  0.000e+00
      41744   1739.292     39.339     39.596    29.0343    29.0369   5.852097   5.852462     3.1074     2.6215      78.34   24.73546  -80.62326   -0.00088   -0.00149          7  0.000e+00
      41745   1739.333     39.291     39.549    29.0344    29.0369   5.852058   5.852365     3.1074     2.6215      78.34   24.73546  -80.62326   -0.00089   -0.00156          7  0.000e+00
      41746   1739.375     39.339     39.596    29.0339    29.0369   5.852002   5.852422     3.1074     2.6215      78.34   24.73546  -80.62326   -0.00089   -0.00164          7  0.000e+00
      41747   1739.417     39.312     39.569    29.0342    29.0371   5.852066   5.852333     3.1074     2.6215      78.34   24.73546  -80.62326   -0.00088   -0.00171          7  0.000e+00
      41748   1739.458     39.339     39.596    29.0341    29.0369   5.852058   5.852341     3.1087     2.6215      78.34   24.73546  -80.62326   -0.00085   -0.00178          7  0.000e+00
      41749   1739.500     39.339     39.596    29.0340    29.0373   5.852113   5.852382     3.1074     2.6215      78.34   24.73546  -80.62326   -0.00085   -0.00185          7  0.000e+00
      41750   1739.542     39.291     39.549    29.0341    29.0371   5.852066   5.852365     3.1074     2.6215      78.34   24.73546  -80.62326   -0.00084   -0.00193          7  0.000e+00
      41751   1739.583     39.359     39.617    29.0340    29.0371   5.852081   5.852382     3.1074     2.6215      78.34   24.73546  -80.62326   -0.00083   -0.00199          7  0.000e+00
      41752   1739.625     39.339     39.596    29.0339    29.0371   5.852089   5.852398     3.1074     2.6215      78.34   24.73546  -80.62326   -0.00082   -0.00205          7  0.000e+00
      41753   1739.667     39.291     39.549    29.0335    29.0371   5.852089   5.852357     3.1074     2.6215      78.34   24.73546  -80.62326   -0.00081   -0.00209          7  0.000e+00
      41754   1739.708     39.339     39.596    29.0336    29.0371   5.852058   5.852390     3.1074     2.6215      66.79   24.73546  -80.62326   -0.00080   -0.00216          7  0.000e+00
      41755   1739.750     39.312     39.569    29.0332    29.0371   5.852081   5.852430     3.1074     2.6227      51.14   24.73546  -80.62326   -0.00079   -0.00219          7  0.000e+00
      41756   1739.792     39.339     39.596    29.0331    29.0371   5.852089   5.852414     3.1074     2.6227      47.28   24.73546  -80.62324   -0.00077   -0.00222          7  0.000e+00
      41757   1739.833     39.291     39.549    29.0328    29.0371   5.852058   5.852430     3.1074     2.6227      47.89   24.73546  -80.62324   -0.00076   -0.00225          7  0.000e+00
      41758   1739.875     39.339     39.597    29.0329    29.0369   5.852050   5.852373     3.1074     2.6227      48.52   24.73546  -80.62324   -0.00075   -0.00225          7  0.000e+00
      41759   1739.917     39.339     39.597    29.0336    29.0371   5.852074   5.852341     3.1062     2.6227      48.64   24.73546  -80.62324   -0.00075   -0.00228          7  0.000e+00
      41760   1739.958     39.312     39.569    29.0342    29.0369   5.852058   5.852349     3.1062     2.6227      48.62   24.73546  -80.62324   -0.00075   -0.00230          7  0.000e+00
      41761   1740.000     39.339     39.597    29.0339    29.0369   5.852050   5.852382     3.1074     2.6227      48.60   24.73546  -80.62324   -0.00073   -0.00232          7  0.000e+00
      41762   1740.042     39.339     39.597    29.0336    29.0371   5.852042   5.852438     3.1074     2.6227      48.57   24.73546  -80.62324   -0.00072   -0.00233          7  0.000e+00
      41763   1740.083     39.292     39.549    29.0337    29.0369   5.852081   5.852438     3.1062     2.6227      48.60   24.73546  -80.62324   -0.00071   -0.00233          7  0.000e+00
      41764   1740.125     39.312     39.569    29.0344    29.0367   5.852058   5.852446     3.1062     2.6227      48.60   24.73546  -80.62324   -0.00071   -0.00233          7  0.000e+00
      41765   1740.167     39.339     39.597    29.0339    29.0367   5.852050   5.852438     3.1074     2.6227      48.60   24.73546  -80.62324   -0.00069   -0.00233          7  0.000e+00
      41766   1740.208     39.339     39.597    29.0340    29.0369   5.852042   5.852486     3.1074     2.6227      48.60   24.73546  -80.62324   -0.00067   -0.00233          7  0.000e+00
      41767   1740.250     39.339     39.597    29.0337    29.0367   5.852042   5.852454     3.1074     2.6239      48.60   24.73546  -80.62324   -0.00065   -0.00231          7  0.000e+00
      41768   1740.292     39.312     39.569    29.0336    29.0367   5.852050   5.852446     3.1074     2.6239      48.60   24.73546  -80.62324   -0.00063   -0.00229          7  0.000e+00
      41769   1740.333     39.339     39.597    29.0339    29.0369   5.852074   5.852478     3.1074     2.6239      48.60   24.73546  -80.62324   -0.00060   -0.00227          7  0.000e+00
      41770   1740.375     39.292     39.549    29.0336    29.0367   5.852058   5.852462     3.1062     2.6227      48.60   24.73546  -80.62324   -0.00058   -0.00226          7  0.000e+00
      41771   1740.417     39.393     39.651    29.0336    29.0369   5.852082   5.852438     3.1074     2.6239      48.60   24.73546  -80.62324   -0.00057   -0.00223          7  0.000e+00
      41772   1740.458     39.292     39.549    29.0338    29.0367   5.852018   5.852446     3.1062     2.6239      48.60   24.73546  -80.62324   -0.00056   -0.00221          7  0.000e+00
      41773   1740.500     39.359     39.617    29.0343    29.0367   5.852066   5.852478     3.1062     2.6227      48.60   24.73546  -80.62324   -0.00057   -0.00220          7  0.000e+00
      41774   1740.542     39.292     39.549    29.0342    29.0367   5.852058   5.852462     3.1062     2.6227      48.60   24.73546  -80.62324   -0.00056   -0.00217          7  0.000e+00
      41775   1740.583     39.339     39.597    29.0339    29.0370   5.852050   5.852478     3.1062     2.6239      48.60   24.73546  -80.62324   -0.00057   -0.00212          7  0.000e+00
      41776   1740.625     39.339     39.597    29.0336    29.0369   5.852042   5.852462     3.1062     2.6239      48.60   24.73546  -80.62324   -0.00057   -0.00207          7  0.000e+00
      41777   1740.667     39.312     39.569    29.0337    29.0369   5.852081   5.852414     3.1062     2.6239      65.79   24.73546  -80.62324   -0.00056   -0.00202          7  0.000e+00
      41778   1740.708     39.339     39.597    29.0336    29.0369   5.852097   5.852390     3.1062     2.6239      85.84   24.73546  -80.62324   -0.00057   -0.00195          7  0.000e+00
      41779   1740.750     39.339     39.597    29.0336    29.0369   5.852089   5.852438     3.1062     2.6239      90.38   24.73546  -80.62324   -0.00057   -0.00188          7  0.000e+00
      41780   1740.792     39.292     39.549    29.0337    29.0369   5.852089   5.852438     3.1062     2.6239      89.45   24.73546  -80.62326   -0.00057   -0.00180          7  0.000e+00
      41781   1740.833     39.359     39.617    29.0336    29.0371   5.852058   5.852446     3.1062     2.6239      88.64   24.73546  -80.62326   -0.00057   -0.00173          7  0.000e+00
      41782   1740.875     39.339     39.597    29.0336    29.0369   5.852042   5.852406     3.1074     2.6239      88.50   24.73546  -80.62326   -0.00054   -0.00165          7  0.000e+00
