GOMECC/GOMECC-4/1db/rb2103_0741.ros
* Sea-Bird SBE 9 Data File:
* FileName = C:\Users\scs.user.rb\CTD\GOMECC4\data\rb2103_0741.hex
* Software Version Seasave V 7.26.7.107
* Temperature SN = 4799
* Conductivity SN = 3860
* Number of Bytes Per Scan = 41
* Number of Voltage Words = 4
* Number of Scans Averaged by the Deck Unit = 1
* NMEA Latitude = 24 59.96 N
* NMEA Longitude = 093 24.95 W
* NMEA UTC (Time) = Oct 04 2021  19:58:51
* NMEA baud rate = 4800
# nquan = 17
# nvalues = 3192                                  
# units = specified
# name 0 = scan: Scan Count
# name 1 = timeS: Time, Elapsed [seconds]
# name 2 = depSM: Depth [salt water, m]
# name 3 = prDM: Pressure, Digiquartz [db]
# name 4 = t090C: Temperature [ITS-90, deg C]
# name 5 = t190C: Temperature, 2 [ITS-90, deg C]
# name 6 = c0S/m: Conductivity [S/m]
# name 7 = c1S/m: Conductivity, 2 [S/m]
# name 8 = sbeox0V: Oxygen raw, SBE 43 [V]
# name 9 = sbeox1V: Oxygen raw, SBE 43, 2 [V]
# name 10 = altM: Altimeter [m]
# name 11 = latitude: Latitude [deg]
# name 12 = longitude: Longitude [deg]
# name 13 = sbox0dV/dT: Oxygen, SBE 43 [dov/dt]
# name 14 = sbox1dV/dT: Oxygen, SBE 43, 2 [dov/dt]
# name 15 = nbf: Bottles Fired
# name 16 = flag:  0.000e+00
# interval = seconds: 0.0416667
# start_time = Oct 04 2021 19:58:51 [NMEA time, header]
# bad_flag = -9.990e-29
*END*
[from data line 2724]
     259330  10805.375     39.887     40.149    29.2748    29.2774   5.936153   5.936480     3.1343     2.6508     100.00   24.99932  -93.41634   -0.00024    0.00130         21  0.000e+00
     259331  10805.417     39.873     40.135    29.2746    29.2774   5.936145   5.936513     3.1331     2.6508     100.00   24.99932  -93.41634   -0.00024    0.00130         21  0.000e+00
     259332  10805.458     39.887     40.149    29.2748    29.2775   5.936177   5.936488     3.1331     2.6508     100.00   24.99932  -93.41634   -0.00027    0.00127         21  0.000e+00
     259333  10805.500     39.921     40.183    29.2752    29.2774   5.936225   5.936480     3.1331     2.6508     100.00   24.99932  -93.41634   -0.00030    0.00125         21  0.000e+00
     259334  10805.542     39.887     40.149    29.2750    29.2772   5.936201   5.936513     3.1331     2.6508     100.00   24.99932  -93.41634   -0.00032    0.00122         21  0.000e+00
     259335  10805.583     39.921     40.183    29.2752    29.2774   5.936225   5.936561     3.1331     2.6508     100.00   24.99932  -93.41634   -0.00035    0.00118         21  0.000e+00
     259336  10805.625     39.887     40.149    29.2750    29.2775   5.936241   5.936577     3.1331     2.6496     100.00   24.99932  -93.41634   -0.00037    0.00113         21  0.000e+00
     259337  10805.667     39.975     40.237    29.2752    29.2772   5.936201   5.936537     3.1331     2.6496     100.00   24.99932  -93.41634   -0.00040    0.00106         21  0.000e+00
     259338  10805.708     39.934     40.196    29.2752    29.2774   5.936225   5.936496     3.1331     2.6496     100.00   24.99932  -93.41634   -0.00042    0.00101         21  0.000e+00
     259339  10805.750     39.920     40.183    29.2750    29.2774   5.936201   5.936513     3.1331     2.6496     100.00   24.99932  -93.41634   -0.00043    0.00096         21  0.000e+00
     259340  10805.792     39.988     40.251    29.2752    29.2772   5.936193   5.936488     3.1319     2.6496     100.00   24.99932  -93.41636   -0.00045    0.00091         21  0.000e+00
     259341  10805.833     39.920     40.183    29.2752    29.2775   5.936153   5.936553     3.1319     2.6496     100.00   24.99932  -93.41636   -0.00048    0.00086         21  0.000e+00
     259342  10805.875     39.988     40.251    29.2752    29.2772   5.936217   5.936545     3.1319     2.6484     100.00   24.99932  -93.41636   -0.00048    0.00081         21  0.000e+00
     259343  10805.917     39.975     40.237    29.2750    29.2774   5.936201   5.936529     3.1319     2.6484     100.00   24.99932  -93.41636   -0.00051    0.00075         21  0.000e+00
     259344  10805.958     40.036     40.299    29.2750    29.2774   5.936193   5.936529     3.1319     2.6484     100.00   24.99932  -93.41636   -0.00051    0.00070         21  0.000e+00
     259345  10806.000     39.975     40.237    29.2752    29.2774   5.936225   5.936529     3.1319     2.6484     100.00   24.99932  -93.41636   -0.00053    0.00065         21  0.000e+00
     259346  10806.042     40.035     40.299    29.2752    29.2772   5.936201   5.936488     3.1319     2.6484     100.00   24.99932  -93.41636   -0.00053    0.00059         21  0.000e+00
     259347  10806.083     39.975     40.237    29.2752    29.2772   5.936225   5.936480     3.1319     2.6484     100.00   24.99932  -93.41636   -0.00053    0.00054         21  0.000e+00
     259348  10806.125     40.035     40.299    29.2752    29.2774   5.936201   5.936513     3.1319     2.6484     100.00   24.99932  -93.41636   -0.00053    0.00048         21  0.000e+00
     259349  10806.167     40.022     40.285    29.2752    29.2772   5.936225   5.936488     3.1319     2.6484     100.00   24.99932  -93.41636   -0.00053    0.00042         21  0.000e+00
     259350  10806.208     40.035     40.298    29.2750    29.2772   5.936273   5.936553     3.1319     2.6471     100.00   24.99932  -93.41636   -0.00055    0.00035         21  0.000e+00
     259351  10806.250     40.022     40.285    29.2752    29.2772   5.936249   5.936537     3.1319     2.6471     100.00   24.99932  -93.41636   -0.00054    0.00028         21  0.000e+00
     259352  10806.292     40.083     40.346    29.2750    29.2772   5.936241   5.936496     3.1319     2.6471     100.00   24.99932  -93.41636   -0.00054    0.00020         21  0.000e+00
     259353  10806.333     40.022     40.285    29.2752    29.2772   5.936201   5.936513     3.1319     2.6484     100.00   24.99932  -93.41636   -0.00053    0.00015         21  0.000e+00
     259354  10806.375     40.083     40.346    29.2752    29.2774   5.936225   5.936529     3.1319     2.6484     100.00   24.99932  -93.41636   -0.00055    0.00009         21  0.000e+00
     259355  10806.417     40.069     40.333    29.2750    29.2770   5.936201   5.936529     3.1319     2.6484     100.00   24.99932  -93.41636   -0.00054    0.00003         21  0.000e+00
     259356  10806.458     40.083     40.346    29.2750    29.2772   5.936265   5.936496     3.1319     2.6484     100.00   24.99932  -93.41636   -0.00055   -0.00002         21  0.000e+00
     259357  10806.500     40.123     40.387    29.2752    29.2768   5.936217   5.936480     3.1319     2.6496     100.00   24.99932  -93.41636   -0.00054   -0.00005         21  0.000e+00
     259358  10806.542     40.083     40.346    29.2750    29.2772   5.936225   5.936553     3.1319     2.6496     100.00   24.99932  -93.41636   -0.00055   -0.00007         21  0.000e+00
     259359  10806.583     40.069     40.332    29.2750    29.2772   5.936241   5.936505     3.1319     2.6496     100.00   24.99932  -93.41636   -0.00056   -0.00009         21  0.000e+00
     259360  10806.625     40.137     40.401    29.2750    29.2768   5.936201   5.936480     3.1319     2.6496     100.00   24.99932  -93.41636   -0.00056   -0.00011         21  0.000e+00
     259361  10806.667     40.123     40.387    29.2748    29.2770   5.936193   5.936480     3.1319     2.6508     100.00   24.99932  -93.41636   -0.00057   -0.00012         21  0.000e+00
     259362  10806.708     40.083     40.346    29.2750    29.2772   5.936265   5.936480     3.1319     2.6496     100.00   24.99932  -93.41636   -0.00057   -0.00014         21  0.000e+00
     259363  10806.750     40.123     40.387    29.2748    29.2770   5.936217   5.936480     3.1319     2.6508     100.00   24.99932  -93.41636   -0.00060   -0.00015         21  0.000e+00
     259364  10806.792     40.083     40.346    29.2750    29.2768   5.936193   5.936480     3.1319     2.6508     100.00   24.99932  -93.41636   -0.00060   -0.00016         21  0.000e+00
     259365  10806.833     40.171     40.435    29.2748    29.2770   5.936225   5.936513     3.1319     2.6508     100.00   24.99932  -93.41636   -0.00062   -0.00017         21  0.000e+00
     259366  10806.875     40.137     40.401    29.2748    29.2768   5.936201   5.936456     3.1319     2.6508     100.00   24.99932  -93.41636   -0.00062   -0.00018         21  0.000e+00
     259367  10806.917     40.123     40.387    29.2748    29.2770   5.936153   5.936505     3.1319     2.6508     100.00   24.99932  -93.41636   -0.00064   -0.00021         21  0.000e+00
     259368  10806.958     40.137     40.400    29.2748    29.2768   5.936177   5.936488     3.1319     2.6508     100.00   24.99932  -93.41636   -0.00066   -0.00022         21  0.000e+00
     259369  10807.000     40.171     40.435    29.2746    29.2768   5.936225   5.936513     3.1319     2.6520     100.00   24.99932  -93.41636   -0.00068   -0.00021         21  0.000e+00
     259370  10807.042     40.137     40.400    29.2746    29.2768   5.936201   5.936456     3.1331     2.6520     100.00   24.99932  -93.41636   -0.00069   -0.00023         21  0.000e+00
     259371  10807.083     40.123     40.387    29.2746    29.2770   5.936153   5.936432     3.1319     2.6520     100.00   24.99932  -93.41636   -0.00071   -0.00024         21  0.000e+00
     259372  10807.125     40.184     40.448    29.2746    29.2768   5.936177   5.936464     3.1319     2.6520     100.00   24.99932  -93.41636   -0.00072   -0.00026         21  0.000e+00
     259373  10807.167     40.123     40.387    29.2744    29.2770   5.936153   5.936440     3.1319     2.6532     100.00   24.99932  -93.41636   -0.00072   -0.00026         21  0.000e+00
     259374  10807.208     40.184     40.448    29.2746    29.2770   5.936177   5.936464     3.1319     2.6532     100.00   24.99932  -93.41636   -0.00074   -0.00026         21  0.000e+00
     259375  10807.250     40.170     40.434    29.2744    29.2768   5.936193   5.936521     3.1319     2.6532     100.00   24.99932  -93.41636   -0.00074   -0.00024         21  0.000e+00
     259376  10807.292     40.137     40.400    29.2746    29.2770   5.936193   5.936488     3.1319     2.6532     100.00   24.99932  -93.41636   -0.00076   -0.00023         21  0.000e+00
     259377  10807.333     40.123     40.387    29.2744    29.2770   5.936193   5.936553     3.1319     2.6532     100.00   24.99932  -93.41636   -0.00078   -0.00022         21  0.000e+00
     259378  10807.375     40.184     40.448    29.2746    29.2770   5.936225   5.936505     3.1319     2.6532     100.00   24.99932  -93.41636   -0.00077   -0.00021         21  0.000e+00
     259379  10807.417     40.170     40.434    29.2744    29.2768   5.936169   5.936440     3.1319     2.6532     100.00   24.99932  -93.41636   -0.00077   -0.00018         21  0.000e+00
     259380  10807.458     40.137     40.400    29.2744    29.2770   5.936177   5.936472     3.1319     2.6532     100.00   24.99932  -93.41636   -0.00077   -0.00016         21  0.000e+00
     259381  10807.500     40.170     40.434    29.2744    29.2769   5.936193   5.936513     3.1319     2.6532     100.00   24.99932  -93.41636   -0.00076   -0.00014         21  0.000e+00
     259382  10807.542     40.035     40.298    29.2740    29.2770   5.936153   5.936529     3.1319     2.6532     100.00   24.99932  -93.41636   -0.00076   -0.00009         21  0.000e+00
     259383  10807.583     40.272     40.537    29.2742    29.2770   5.936145   5.936456     3.1319     2.6532     100.00   24.99932  -93.41636   -0.00075   -0.00005         21  0.000e+00
     259384  10807.625     40.123     40.387    29.2742    29.2768   5.936145   5.936464     3.1306     2.6532     100.00   24.99932  -93.41636   -0.00077   -0.00002         21  0.000e+00
     259385  10807.667     40.184     40.448    29.2742    29.2770   5.936145   5.936480     3.1319     2.6532     100.00   24.99932  -93.41636   -0.00076    0.00002         21  0.000e+00
     259386  10807.708     40.123     40.387    29.2740    29.2770   5.936145   5.936480     3.1319     2.6532     100.00   24.99932  -93.41636   -0.00075    0.00008         21  0.000e+00
     259387  10807.750     40.184     40.448    29.2742    29.2768   5.936177   5.936480     3.1319     2.6520     100.00   24.99932  -93.41636   -0.00074    0.00012         21  0.000e+00
     259388  10807.792     40.123     40.387    29.2740    29.2770   5.936153   5.936480     3.1319     2.6520     100.00   24.99932  -93.41636   -0.00073    0.00016         21  0.000e+00
     259389  10807.833     40.136     40.400    29.2740    29.2768   5.936177   5.936448     3.1306     2.6520     100.00   24.99932  -93.41636   -0.00074    0.00019         21  0.000e+00
     259390  10807.875     40.123     40.386    29.2739    29.2768   5.936153   5.936464     3.1319     2.6520     100.00   24.99932  -93.41636   -0.00073    0.00025         21  0.000e+00
     259391  10807.917     40.136     40.400    29.2739    29.2768   5.936066   5.936480     3.1319     2.6520     100.00   24.99932  -93.41636   -0.00072    0.00030         21  0.000e+00
     259392  10807.958     40.123     40.386    29.2739    29.2768   5.936081   5.936480     3.1319     2.6520     100.00   24.99932  -93.41636   -0.00071    0.00034         21  0.000e+00
     259393  10808.000     40.082     40.346    29.2737    29.2768   5.936089   5.936553     3.1319     2.6508     100.00   24.99932  -93.41636   -0.00069    0.00036         21  0.000e+00
     259394  10808.042     40.123     40.386    29.2739    29.2769   5.936089   5.936505     3.1319     2.6508     100.00   24.99932  -93.41636   -0.00068    0.00039         21  0.000e+00
     259395  10808.083     40.082     40.345    29.2735    29.2770   5.936089   5.936440     3.1319     2.6508     100.00   24.99932  -93.41636   -0.00066    0.00043         21  0.000e+00
     259396  10808.125     40.123     40.386    29.2735    29.2768   5.936018   5.936464     3.1331     2.6508     100.00   24.99932  -93.41636   -0.00063    0.00045         21  0.000e+00
     259397  10808.167     40.082     40.345    29.2733    29.2766   5.936034   5.936440     3.1319     2.6508     100.00   24.99932  -93.41636   -0.00062    0.00047         21  0.000e+00
     259398  10808.208     40.069     40.332    29.2733    29.2766   5.936042   5.936464     3.1331     2.6508     100.00   24.99932  -93.41636   -0.00058    0.00050         21  0.000e+00
     262374  10932.208     25.249     25.414    29.2919    29.2946   5.937691   5.938112     3.1368     2.6618     100.00   24.99930  -93.41636    0.00028    0.00187         22  0.000e+00
     262375  10932.250     25.249     25.414    29.2921    29.2952   5.937683   5.938087     3.1368     2.6630     100.00   24.99930  -93.41636    0.00024    0.00196         22  0.000e+00
     262376  10932.292     25.202     25.366    29.2920    29.2950   5.937691   5.938079     3.1368     2.6618     100.00   24.99930  -93.41636    0.00020    0.00206         22  0.000e+00
     262377  10932.333     25.202     25.366    29.2919    29.2948   5.937715   5.938112     3.1368     2.6618     100.00   24.99930  -93.41636    0.00015    0.00213         22  0.000e+00
     262378  10932.375     25.303     25.468    29.2921    29.2950   5.937731   5.938087     3.1368     2.6618     100.00   24.99930  -93.41636    0.00011    0.00221         22  0.000e+00
     262379  10932.417     25.202     25.366    29.2921    29.2950   5.937730   5.938112     3.1368     2.6618     100.00   24.99930  -93.41636    0.00007    0.00228         22  0.000e+00
     262380  10932.458     25.303     25.468    29.2922    29.2950   5.937731   5.938128     3.1368     2.6606     100.00   24.99930  -93.41636    0.00002    0.00233         22  0.000e+00
     262381  10932.500     25.201     25.366    29.2922    29.2948   5.937762   5.938087     3.1368     2.6618     100.00   24.99930  -93.41636 -8.241e-12    0.00240         22  0.000e+00
     262382  10932.542     25.249     25.414    29.2921    29.2950   5.937778   5.938079     3.1380     2.6618     100.00   24.99930  -93.41636   -0.00001    0.00246         22  0.000e+00
     262383  10932.583     25.249     25.414    29.2921    29.2950   5.937707   5.938079     3.1380     2.6618     100.00   24.99930  -93.41636   -0.00003    0.00252         22  0.000e+00
     262384  10932.625     25.249     25.414    29.2925    29.2950   5.937723   5.938039     3.1380     2.6618     100.00   24.99930  -93.41636   -0.00004    0.00259         22  0.000e+00
     262385  10932.667     25.249     25.414    29.2922    29.2948   5.937731   5.938063     3.1368     2.6618     100.00   24.99930  -93.41636   -0.00006    0.00264         22  0.000e+00
     262386  10932.708     25.249     25.414    29.2921    29.2952   5.937731   5.938079     3.1380     2.6618     100.00   24.99930  -93.41636   -0.00007    0.00268         22  0.000e+00
     262387  10932.750     25.249     25.414    29.2925    29.2950   5.937770   5.938079     3.1380     2.6618     100.00   24.99930  -93.41636   -0.00008    0.00272         22  0.000e+00
     262388  10932.792     25.201     25.366    29.2921    29.2950   5.937778   5.938112     3.1380     2.6618     100.00   24.99930  -93.41636   -0.00009    0.00275         22  0.000e+00
