GOMECC/GOMECC-4/1db/rb2103_1111.cnv
* Sea-Bird SBE 9 Data File:
* FileName = C:\Users\scs.user.rb\CTD\GOMECC4\data\rb2103_1111.hex
* Software Version Seasave V 7.26.7.107
* Temperature SN = 4799
* Conductivity SN = 3860
* Number of Bytes Per Scan = 41
* Number of Voltage Words = 4
* Number of Scans Averaged by the Deck Unit = 1
* NMEA Latitude = 22 20.89 N
* NMEA Longitude = 086 44.62 W
* NMEA UTC (Time) = Oct 15 2021  09:40:26
* NMEA baud rate = 4800
# nquan = 28
# nvalues = 387                         
# units = specified
# name 0 = scan: Scan Count
# name 1 = timeS: Time, Elapsed [seconds]
# name 2 = depSM: Depth [salt water, m]
# name 3 = prDM: Pressure, Digiquartz [db]
# name 4 = t090C: Temperature [ITS-90, deg C]
# name 5 = t190C: Temperature, 2 [ITS-90, deg C]
# name 6 = c0S/m: Conductivity [S/m]
# name 7 = c1S/m: Conductivity, 2 [S/m]
# name 8 = sbeox0V: Oxygen raw, SBE 43 [V]
# name 9 = sbeox1V: Oxygen raw, SBE 43, 2 [V]
# name 10 = altM: Altimeter [m]
# name 11 = latitude: Latitude [deg]
# name 12 = longitude: Longitude [deg]
# name 13 = sbox0dV/dT: Oxygen, SBE 43 [dov/dt]
# name 14 = sbox1dV/dT: Oxygen, SBE 43, 2 [dov/dt]
# name 15 = sbeox0ML/L: Oxygen, SBE 43 [ml/l], WS = 5
# name 16 = sbeox1ML/L: Oxygen, SBE 43, 2 [ml/l], WS = 5
# name 17 = potemp090C: Potential Temperature [ITS-90, deg C]
# name 18 = potemp190C: Potential Temperature, 2 [ITS-90, deg C]
# name 19 = sal00: Salinity, Practical [PSU]
# name 20 = sal11: Salinity, Practical, 2 [PSU]
# name 21 = sigma-é00: Density [sigma-theta, kg/m^3]
# name 22 = sigma-é11: Density, 2 [sigma-theta, kg/m^3]
# name 23 = avgsvCM: Average Sound Velocity [Chen-Millero, m/s], minP = 20, minS = 20
# name 24 = sbox0Mm/Kg: Oxygen, SBE 43 [umol/kg], WS = 5
# name 25 = sbox1Mm/Kg: Oxygen, SBE 43, 2 [umol/kg], WS = 5
# name 26 = nbin: number of scans per bin
# name 27 = flag: flag
# span 0 =       7734,      47561       
# span 1 =    322.221,   1981.675       
# span 2 =      0.994,    229.427       
# span 3 =      1.000,    231.000       
# span 4 =    15.0718,    28.9891       
# span 5 =    15.0751,    28.9903       
# span 6 =   4.417027,   5.907335       
# span 7 =   4.417274,   5.907598       
# span 8 =     1.9570,     3.1235       
# span 9 =     1.6246,     2.6381       
# span 10 =      10.89,     101.63      
# span 11 =   21.79322,   22.52594      
# span 12 =  -87.42573,  -84.58154      
# span 13 =   -0.02035,    0.00904      
# span 14 =   -0.01993,    0.00885      
# span 15 =     2.9965,     4.3224      
# span 16 =     3.0118,     4.3008      
# span 17 =    15.0366,    28.9886      
# span 18 =    15.0398,    28.9901      
# span 19 =    35.4897,    36.8788      
# span 20 =    35.5270,    36.8706      
# span 21 =    22.5393,    26.7444      
# span 22 =    22.5531,    26.7460      
# span 23 =       0.00,    1558.11      
# span 24 =    130.339,    188.699      
# span 25 =    131.007,    187.748      
# span 26 =         30,         76      
# span 27 = 0.0000e+00, 0.0000e+00      
# interval = decibars: 1                
# start_time = Oct 15 2021 09:40:26 [NMEA time, header]
# bad_flag = -9.990e-29
*END*
[from data line 208]
      16100    670.805    220.493    222.000    15.1951    15.1958   4.431256   4.431381     1.9775     1.6422      20.13   22.34948  -86.74302   -0.00177   -0.00148     3.0347     3.0493    15.1609    15.1615    36.0039    36.0045    26.7106    26.7108    1522.02    132.006    132.638         31 0.0000e+00
      16137    672.320    221.486    223.000    15.1949    15.1950   4.431294   4.431359     1.9767     1.6414      18.89   22.34948  -86.74303   -0.00111   -0.00063     3.0333     3.0477    15.1606    15.1607    36.0040    36.0045    26.7107    26.7111    1521.98    131.942    132.569         41 0.0000e+00
      16176    673.958    222.479    224.000    15.1894    15.1909   4.430693   4.430918     1.9757     1.6410      17.95   22.34948  -86.74304   -0.00064   -0.00035     3.0317     3.0474    15.1549    15.1564    36.0032    36.0039    26.7114    26.7116    1521.93    131.875    132.554         34 0.0000e+00
      16673    694.653    226.449    228.000    15.1664    15.1768   4.428908   4.430154     1.9711     1.6362      13.86   22.35566  -86.76708   -0.00035   -0.00031     3.0232     3.0369    15.1313    15.1416    36.0080    36.0110    26.7209    26.7209    1522.19    131.502    132.100         35 0.0000e+00
      19486    811.873    229.427    231.000    15.0853    15.0819   4.420713   4.420503     1.9589     1.6255      10.89   22.36818  -86.81553   -0.00003   -0.00021     3.0003     3.0157    15.0499    15.0465    36.0132    36.0144    26.7444    26.7460    1522.84    130.504    131.178         41 0.0000e+00
      19537    813.996    228.435    230.000    15.0718    15.0751   4.417027   4.417274     1.9570     1.6250      11.63   22.34947  -86.74285   -0.00007    0.00029     2.9968     3.0149    15.0366    15.0398    35.9842    35.9838    26.7230    26.7220    1521.57    130.353    131.143         52 0.0000e+00
      19595    816.421    227.442    229.000    15.0847    15.0768   4.418212   4.417487     1.9574     1.6248      12.53   22.34946  -86.74284    0.00001    0.00003     2.9965     3.0139    15.0495    15.0417    35.9849    35.9844    26.7207    26.7221    1521.57    130.339    131.097         57 0.0000e+00
      19652    818.787    226.450    228.000    15.0831    15.0821   4.418102   4.418002     1.9575     1.6246      13.52   22.34947  -86.74284    0.00016   -0.00021     2.9965     3.0127    15.0482    15.0471    35.9844    35.9845    26.7206    26.7209    1521.57    130.342    131.044         52 0.0000e+00
      19698    820.702    225.457    227.000    15.0875    15.0800   4.418505   4.417847     1.9579     1.6260      14.36   22.34946  -86.74284    0.00004    0.00036     2.9968     3.0162    15.0527    15.0452    35.9845    35.9845    26.7196    26.7213    1521.57    130.355    131.199         40 0.0000e+00
      19736    822.293    224.464    226.000    15.0808    15.0795   4.417824   4.417719     1.9586     1.6262      15.36   22.34946  -86.74284    0.00030    0.00060     2.9984     3.0163    15.0462    15.0448    35.9849    35.9852    26.7214    26.7219    1521.57    130.425    131.201         36 0.0000e+00
      19771    823.744    223.472    225.000    15.0871    15.0890   4.418514   4.418812     1.9592     1.6257      16.24   22.34947  -86.74284    0.00043    0.00006     2.9992     3.0140    15.0526    15.0545    35.9858    35.9868    26.7207    26.7210    1521.57    130.456    131.103         36 0.0000e+00
      19809    825.322    222.479    224.000    15.0920    15.0951   4.419096   4.419486     1.9593     1.6252      17.33   22.34947  -86.74284    0.00029   -0.00035     2.9987     3.0118    15.0577    15.0608    35.9870    35.9877    26.7205    26.7203    1521.57    130.435    131.007         39 0.0000e+00
      19845    826.843    221.486    223.000    15.1168    15.1107   4.421899   4.421129     1.9604     1.6267      18.18   22.34947  -86.74283    0.00030    0.00006     2.9993     3.0146    15.0826    15.0764    35.9902    35.9888    26.7174    26.7177    1521.57    130.464    131.127         34 0.0000e+00
      19906    829.365    219.501    221.000    15.1831    15.1907   4.429759   4.430715     1.9647     1.6319      20.14   22.34976  -86.74398    0.00122    0.00155     3.0043     3.0223    15.1491    15.1567    36.0032    36.0043    26.7127    26.7119    1521.59    130.679    131.462         30 0.0000e+00
      19938    830.712    218.508    220.000    15.1937    15.1962   4.431100   4.431428     1.9688     1.6350      21.16   22.34947  -86.74282    0.00210    0.00223     3.0131     3.0297    15.1598    15.1623    36.0046    36.0053    26.7114    26.7113    1521.57    131.066    131.787         36 0.0000e+00
      19974    832.195    217.515    219.000    15.1989    15.2026   4.431660   4.432092     1.9719     1.6375      22.19   22.34947  -86.74282    0.00269    0.00232     3.0199     3.0355    15.1651    15.1688    36.0054    36.0059    26.7107    26.7103    1521.57    131.360    132.037         34 0.0000e+00
      20006    833.557    216.523    218.000    15.2049    15.2078   4.432277   4.432684     1.9737     1.6395      23.09   22.34946  -86.74282    0.00212    0.00177     3.0234     3.0398    15.1713    15.1742    36.0064    36.0073    26.7102    26.7102    1521.57    131.512    132.226         32 0.0000e+00
      20040    834.945    215.530    217.000    15.2102    15.2123   4.432898   4.433179     1.9753     1.6403      24.06   22.34946  -86.74282    0.00140    0.00123     3.0266     3.0414    15.1767    15.1788    36.0071    36.0077    26.7094    26.7095    1521.57    131.653    132.294         35 0.0000e+00
      20076    836.457    214.537    216.000    15.2129    15.2139   4.433188   4.433355     1.9757     1.6414      25.15   22.34946  -86.74282    0.00096    0.00090     3.0270     3.0438    15.1796    15.1806    36.0076    36.0082    26.7093    26.7095    1521.57    131.669    132.401         36 0.0000e+00
      20110    837.876    213.545    215.000    15.2177    15.2187   4.433655   4.433823     1.9770     1.6413      26.00   22.34947  -86.74281    0.00056    0.00043     3.0294     3.0429    15.1845    15.1855    36.0083    36.0089    26.7087    26.7089    1521.57    131.772    132.359         33 0.0000e+00
      20143    839.230    212.552    214.000    15.2211    15.2217   4.434061   4.434202     1.9784     1.6426      27.09   22.34947  -86.74280    0.00075    0.00029     3.0323     3.0457    15.1880    15.1887    36.0089    36.0096    26.7083    26.7087    1521.57    131.898    132.482         33 0.0000e+00
      20176    840.618    211.559    213.000    15.2242    15.2241   4.434357   4.434412     1.9798     1.6441      28.03   22.34948  -86.74280    0.00107    0.00078     3.0349     3.0490    15.1913    15.1913    36.0091    36.0097    26.7078    26.7082    1521.57    132.012    132.627         33 0.0000e+00
      20209    842.016    210.566    212.000    15.2274    15.2277   4.434710   4.434787     1.9812     1.6445      29.00   22.34948  -86.74280    0.00100    0.00085     3.0376     3.0495    15.1947    15.1950    36.0097    36.0104    26.7075    26.7079    1521.57    132.131    132.647         34 0.0000e+00
      20246    843.524    209.573    211.000    15.2310    15.2324   4.435090   4.435298     1.9819     1.6459      30.06   22.34947  -86.74280    0.00082    0.00062     3.0387     3.0525    15.1984    15.1998    36.0104    36.0110    26.7072    26.7073    1521.57    132.180    132.777         38 0.0000e+00
      20282    845.027    208.581    210.000    15.2339    15.2380   4.435752   4.436034     1.9829     1.6476      30.99   22.34947  -86.74280    0.00063    0.00086     3.0405     3.0558    15.2015    15.2055    36.0107    36.0118    26.7067    26.7066    1521.57    132.257    132.922         34 0.0000e+00
      20314    846.379    207.588    209.000    15.2501    15.2589   4.437178   4.438193     1.9835     1.6495      31.95   22.34948  -86.74280    0.00056    0.00119     3.0406     3.0596    15.2179    15.2266    36.0131    36.0146    26.7049    26.7041    1521.57    132.261    133.088         32 0.0000e+00
      20346    847.721    206.595    208.000    15.2736    15.2736   4.439981   4.440007     1.9854     1.6511      32.87   22.34948  -86.74280    0.00071    0.00124     3.0431     3.0623    15.2415    15.2414    36.0169    36.0172    26.7026    26.7028    1521.57    132.368    133.204         32 0.0000e+00
      20380    849.134    205.603    207.000    15.2980    15.3073   4.442937   4.443952     1.9887     1.6534      33.94   22.34948  -86.74280    0.00144    0.00138     3.0490     3.0657    15.2660    15.2752    36.0218    36.0225    26.7009    26.6993    1521.57    132.627    133.353         34 0.0000e+00
      20415    850.584    204.610    206.000    15.3271    15.3288   4.445870   4.445781     1.9927     1.6588      34.90   22.34948  -86.74280    0.00223    0.00192     3.0566     3.0779    15.2952    15.2969    36.0254    36.0258    26.6971    26.6970    1521.57    132.959    133.883         35 0.0000e+00
      20450    852.062    203.617    205.000    15.3362    15.3394   4.447433   4.447801     1.9959     1.6617      35.93   22.34948  -86.74279    0.00249    0.00266     3.0629     3.0845    15.3045    15.3076    36.0284    36.0288    26.6973    26.6970    1521.57    133.232    134.171         36 0.0000e+00
      20486    853.549    202.624    204.000    15.3429    15.3451   4.448178   4.448483     1.9985     1.6629      36.90   22.34948  -86.74278    0.00223    0.00225     3.0683     3.0869    15.3113    15.3134    36.0294    36.0302    26.6966    26.6967    1521.57    133.468    134.275         35 0.0000e+00
      20519    854.930    201.632    203.000    15.3505    15.3518   4.449044   4.449287     2.0007     1.6631      37.78   22.34948  -86.74278    0.00181    0.00101     3.0726     3.0866    15.3190    15.3203    36.0307    36.0317    26.6958    26.6963    1521.57    133.655    134.263         32 0.0000e+00
      20551    856.256    200.639    202.000    15.3565    15.3573   4.449723   4.449867     2.0024     1.6641      38.96   22.34948  -86.74278    0.00156    0.00039     3.0759     3.0885    15.3252    15.3260    36.0318    36.0323    26.6953    26.6955    1521.57    133.799    134.348         32 0.0000e+00
      20586    857.714    199.646    201.000    15.3616    15.3685   4.450150   4.451486     2.0040     1.6658      39.84   22.34948  -86.74278    0.00130    0.00074     3.0782     3.0910    15.3274    15.3373    36.0320    36.0350    26.6950    26.6950    1521.57    133.897    134.456         38 0.0000e+00
      20624    859.298    198.653    200.000    15.4361    15.4442   4.458621   4.459618     2.0061     1.6680      40.93   22.34948  -86.74278    0.00113    0.00123     3.0794     3.0923    15.4050    15.4130    36.0404    36.0426    26.6840    26.6838    1521.57    133.951    134.513         36 0.0000e+00
      20658    860.700    197.660    199.000    15.4422    15.4613   4.459897   4.462096     2.0088     1.6703      41.75   22.34948  -86.74278    0.00146    0.00131     3.0840     3.0966    15.4112    15.4302    36.0467    36.0491    26.6874    26.6850    1521.57    134.150    134.702         32 0.0000e+00
      20689    862.004    196.668    198.000    15.4491    15.4616   4.461434   4.462210     2.0109     1.6728      42.71   22.34948  -86.74278    0.00172    0.00163     3.0870     3.1017    15.4183    15.4307    36.0487    36.0492    26.6874    26.6849    1521.57    134.281    134.923         31 0.0000e+00
      20722    863.370    195.675    197.000    15.5267    15.5281   4.469984   4.470066     2.0138     1.6761      43.83   22.34948  -86.74279    0.00179    0.00205     3.0904     3.1075    15.4959    15.4979    36.0623    36.0597    26.6803    26.6777    1521.57    134.428    135.174         36 0.0000e+00
      20761    865.005    194.682    196.000    15.5423    15.5592   4.471567   4.473448     2.0180     1.6801      44.78   22.34948  -86.74279    0.00222    0.00234     3.0979     3.1146    15.5116    15.5285    36.0618    36.0634    26.6764    26.6738    1521.57    134.756    135.482         40 0.0000e+00
      20797    866.518    193.689    195.000    15.5647    15.5629   4.474283   4.473611     2.0207     1.6835      45.76   22.34948  -86.74278    0.00232    0.00240     3.1016     3.1220    15.5341    15.5328    36.0662    36.0630    26.6747    26.6729    1521.57    134.919    135.805         33 0.0000e+00
      20828    867.796    192.697    194.000    15.6039    15.6250   4.478871   4.481344     2.0239     1.6865      46.64   22.34948  -86.74278    0.00212    0.00232     3.1069     3.1261    15.5734    15.5945    36.0723    36.0753    26.6704    26.6680    1521.57    135.148    135.987         30 0.0000e+00
      20860    869.137    191.704    193.000    15.6278    15.6412   4.481641   4.483266     2.0269     1.6896      47.73   22.34948  -86.74276    0.00224    0.00229     3.1120     3.1325    15.5974    15.6109    36.0758    36.0782    26.6677    26.6665    1521.57    135.373    136.265         34 0.0000e+00
      20896    870.621    190.711    192.000    15.6391    15.6471   4.482990   4.483863     2.0287     1.6911      48.69   22.34948  -86.74276    0.00200    0.00201     3.1152     3.1357    15.6090    15.6170    36.0780    36.0786    26.6668    26.6654    1521.57    135.510    136.403         37 0.0000e+00
      20933    872.165    189.718    191.000    15.6502    15.6579   4.484233   4.485175     2.0309     1.6929      49.72   22.34948  -86.74276    0.00142    0.00123     3.1191     3.1393    15.6202    15.6279    36.0795    36.0810    26.6654    26.6648    1521.57    135.680    136.560         37 0.0000e+00
      20968    873.626    188.725    190.000    15.6634    15.6672   4.485716   4.486151     2.0328     1.6940      50.64   22.34948  -86.74276    0.00134    0.00097     3.1224     3.1412    15.6335    15.6373    36.0812    36.0817    26.6637    26.6632    1521.57    135.824    136.644         33 0.0000e+00
      21000    874.972    187.732    189.000    15.6787    15.6814   4.487510   4.487877     2.0349     1.6953      51.57   22.34948  -86.74276    0.00141    0.00095     3.1258     3.1432    15.6490    15.6516    36.0839    36.0847    26.6623    26.6622    1521.57    135.971    136.729         32 0.0000e+00
      21034    876.378    186.740    188.000    15.6890    15.6923   4.488723   4.489119     2.0360     1.6965      52.67   22.34948  -86.74276    0.00130    0.00088     3.1273     3.1452    15.6594    15.6626    36.0857    36.0863    26.6613    26.6610    1521.57    136.040    136.816         35 0.0000e+00
      21069    877.850    185.747    187.000    15.6958    15.7029   4.489485   4.490302     2.0372     1.6967      53.58   22.34948  -86.74276    0.00094    0.00064     3.1295     3.1445    15.6663    15.6734    36.0868    36.0877    26.6605    26.6596    1521.57    136.133    136.788         35 0.0000e+00
      21104    879.302    184.754    186.000    15.7062    15.7134   4.490672   4.491595     2.0389     1.6980      54.69   22.34948  -86.74274    0.00093    0.00044     3.1323     3.1470    15.6769    15.6841    36.0883    36.0902    26.6593    26.6591    1521.57    136.257    136.893         36 0.0000e+00
      21141    880.826    183.761    185.000    15.7361    15.7538   4.494160   4.496034     2.0409     1.7006      55.66   22.34948  -86.74274    0.00112    0.00105     3.1345     3.1506    15.7069    15.7246    36.0929    36.0936    26.6560    26.6525    1521.57    136.353    137.053         37 0.0000e+00
