GOMECC/GOMECC-4/1db/rb2103_1291.ros
* Sea-Bird SBE 9 Data File:
* FileName = C:\Users\scs.user.rb\CTD\GOMECC4\data\rb2103_1291.hex
* Software Version Seasave V 7.26.7.107
* Temperature SN = 4799
* Conductivity SN = 3860
* Number of Bytes Per Scan = 41
* Number of Voltage Words = 4
* Number of Scans Averaged by the Deck Unit = 1
* NMEA Latitude = 26 57.28 N
* NMEA Longitude = 082 45.08 W
* NMEA UTC (Time) = Oct 19 2021  09:01:59
* NMEA baud rate = 4800
# nquan = 17
# nvalues = 399                                   
# units = specified
# name 0 = scan: Scan Count
# name 1 = timeS: Time, Elapsed [seconds]
# name 2 = depSM: Depth [salt water, m]
# name 3 = prDM: Pressure, Digiquartz [db]
# name 4 = t090C: Temperature [ITS-90, deg C]
# name 5 = t190C: Temperature, 2 [ITS-90, deg C]
# name 6 = c0S/m: Conductivity [S/m]
# name 7 = c1S/m: Conductivity, 2 [S/m]
# name 8 = sbeox0V: Oxygen raw, SBE 43 [V]
# name 9 = sbeox1V: Oxygen raw, SBE 43, 2 [V]
# name 10 = altM: Altimeter [m]
# name 11 = latitude: Latitude [deg]
# name 12 = longitude: Longitude [deg]
# name 13 = sbox0dV/dT: Oxygen, SBE 43 [dov/dt]
# name 14 = sbox1dV/dT: Oxygen, SBE 43, 2 [dov/dt]
# name 15 = nbf: Bottles Fired
# name 16 = flag:  0.000e+00
# interval = seconds: 0.0416667
# start_time = Oct 19 2021 09:01:59 [NMEA time, header]
# bad_flag = -9.990e-29
*END*
[from data line 341]
      20370    848.708      3.417      3.439    28.5057    28.5067   5.820690   5.820980     3.1306     2.6386      21.88   26.95524  -82.75150    0.00042   -0.00032          3  0.000e+00
      20371    848.750      3.464      3.487    28.5055    28.5067   5.820706   5.820972     3.1294     2.6398      21.88   26.95524  -82.75150    0.00040   -0.00036          3  0.000e+00
      20372    848.792      3.417      3.439    28.5051    28.5066   5.820706   5.820972     3.1306     2.6398      21.93   26.95524  -82.75150    0.00040   -0.00039          3  0.000e+00
      20373    848.833      3.363      3.385    28.5051    28.5063   5.820667   5.820932     3.1306     2.6410      21.95   26.95524  -82.75150    0.00039   -0.00040          3  0.000e+00
      20374    848.875      3.363      3.385    28.5051    28.5064   5.820659   5.820924     3.1294     2.6410      21.95   26.95524  -82.75150    0.00037   -0.00040          3  0.000e+00
      20375    848.917      3.356      3.378    28.5050    28.5064   5.820690   5.820956     3.1306     2.6422      21.95   26.95524  -82.75150    0.00036   -0.00039          3  0.000e+00
      20376    848.958      3.315      3.337    28.5053    28.5062   5.820706   5.820972     3.1306     2.6422      21.95   26.95524  -82.75150    0.00036   -0.00040          3  0.000e+00
      20377    849.000      3.315      3.337    28.5057    28.5064   5.820793   5.820948     3.1294     2.6422      21.95   26.95524  -82.75150    0.00034   -0.00039          3  0.000e+00
      20378    849.042      3.315      3.337    28.5062    28.5062   5.820801   5.820964     3.1306     2.6435      21.95   26.95524  -82.75150    0.00033   -0.00036          3  0.000e+00
      20379    849.083      3.268      3.289    28.5066    28.5063   5.820762   5.820900     3.1306     2.6435      21.95   26.95524  -82.75150    0.00032   -0.00034          3  0.000e+00
      20380    849.125      3.268      3.289    28.5066    28.5064   5.820825   5.820908     3.1306     2.6447      21.95   26.95524  -82.75150    0.00032   -0.00030          3  0.000e+00
      20381    849.167      3.268      3.289    28.5065    28.5061   5.820809   5.820956     3.1306     2.6435      21.95   26.95524  -82.75150    0.00031   -0.00026          3  0.000e+00
      20382    849.208      3.207      3.228    28.5066    28.5067   5.820801   5.820972     3.1306     2.6447      21.95   26.95524  -82.75150    0.00030   -0.00021          3  0.000e+00
      20383    849.250      3.166      3.187    28.5062    28.5066   5.820801   5.821004     3.1306     2.6447      21.95   26.95524  -82.75150    0.00030   -0.00016          3  0.000e+00
      20384    849.292      3.214      3.235    28.5066    28.5067   5.820801   5.820948     3.1306     2.6447      21.95   26.95524  -82.75150    0.00029   -0.00011          3  0.000e+00
      20385    849.333      3.119      3.140    28.5066    28.5068   5.820833   5.820972     3.1319     2.6447      21.95   26.95524  -82.75150    0.00028   -0.00006          3  0.000e+00
      20386    849.375      3.119      3.140    28.5068    28.5068   5.820880   5.820972     3.1306     2.6447      21.95   26.95524  -82.75150    0.00027   -0.00001          3  0.000e+00
      20387    849.417      3.166      3.187    28.5069    28.5069   5.820896   5.821004     3.1306     2.6435      21.95   26.95524  -82.75150    0.00026    0.00003          3  0.000e+00
      20388    849.458      3.065      3.085    28.5069    28.5070   5.820856   5.821020     3.1319     2.6435      21.95   26.95524  -82.75150    0.00027    0.00006          3  0.000e+00
      20389    849.500      3.065      3.085    28.5069    28.5069   5.820848   5.821020     3.1306     2.6435      21.95   26.95524  -82.75150    0.00026    0.00010          3  0.000e+00
      20390    849.542      3.058      3.078    28.5071    28.5068   5.820848   5.820980     3.1319     2.6435      21.95   26.95524  -82.75150    0.00026    0.00014          3  0.000e+00
      20391    849.583      3.065      3.085    28.5071    28.5068   5.820809   5.820972     3.1319     2.6435      21.95   26.95524  -82.75150    0.00027    0.00018          3  0.000e+00
      20392    849.625      3.017      3.037    28.5069    28.5068   5.820833   5.820972     3.1319     2.6435      21.95   26.95524  -82.75150    0.00027    0.00022          3  0.000e+00
      20393    849.667      3.017      3.037    28.5069    28.5068   5.820848   5.821004     3.1319     2.6422      21.95   26.95524  -82.75150    0.00028    0.00026          3  0.000e+00
      20394    849.708      2.970      2.990    28.5068    28.5068   5.820825   5.821028     3.1331     2.6435      21.95   26.95524  -82.75150    0.00030    0.00031          3  0.000e+00
      20395    849.750      3.017      3.037    28.5068    28.5068   5.820801   5.820988     3.1331     2.6435      21.95   26.95524  -82.75150    0.00032    0.00037          3  0.000e+00
      20396    849.792      2.970      2.990    28.5068    28.5068   5.820761   5.820932     3.1319     2.6422      22.00   26.95524  -82.75150    0.00032    0.00041          3  0.000e+00
      20397    849.833      2.963      2.983    28.5068    28.5068   5.820825   5.820956     3.1331     2.6422      22.05   26.95524  -82.75150    0.00034    0.00046          3  0.000e+00
      20398    849.875      2.970      2.990    28.5066    28.5068   5.820809   5.821004     3.1319     2.6422      22.05   26.95524  -82.75150    0.00034    0.00051          3  0.000e+00
      20399    849.917      2.916      2.935    28.5063    28.5067   5.820761   5.820948     3.1319     2.6422      22.05   26.95524  -82.75150    0.00034    0.00057          3  0.000e+00
      20400    849.958      2.970      2.990    28.5060    28.5060   5.820714   5.820924     3.1319     2.6422      22.05   26.95524  -82.75150    0.00033    0.00064          3  0.000e+00
      20401    850.000      2.916      2.935    28.5059    28.5053   5.820706   5.820828     3.1319     2.6410      22.03   26.95524  -82.75150    0.00035    0.00070          3  0.000e+00
      20402    850.042      2.916      2.935    28.5057    28.5049   5.820706   5.820779     3.1319     2.6410      22.05   26.95524  -82.75150    0.00035    0.00077          3  0.000e+00
      20403    850.083      2.970      2.990    28.5055    28.5048   5.820706   5.820779     3.1319     2.6410      22.05   26.95524  -82.75150    0.00036    0.00083          3  0.000e+00
      20404    850.125      2.909      2.928    28.5053    28.5048   5.820666   5.820779     3.1319     2.6410      22.05   26.95524  -82.75150    0.00036    0.00088          3  0.000e+00
      20405    850.167      2.916      2.935    28.5056    28.5047   5.820690   5.820811     3.1319     2.6410      22.05   26.95524  -82.75150    0.00035    0.00094          3  0.000e+00
      20406    850.208      2.916      2.935    28.5055    28.5050   5.820706   5.820755     3.1319     2.6410      22.05   26.95524  -82.75150    0.00037    0.00100          3  0.000e+00
      20407    850.250      2.916      2.935    28.5051    28.5047   5.820706   5.820763     3.1319     2.6410      22.05   26.95524  -82.75150    0.00038    0.00106          3  0.000e+00
      20408    850.292      2.916      2.935    28.5049    28.5048   5.820635   5.820779     3.1319     2.6410      22.05   26.95524  -82.75150    0.00037    0.00110          3  0.000e+00
      20409    850.333      2.916      2.935    28.5048    28.5051   5.820643   5.820787     3.1319     2.6422      22.05   26.95524  -82.75150    0.00036    0.00116          3  0.000e+00
      20410    850.375      2.970      2.990    28.5044    28.5050   5.820619   5.820747     3.1319     2.6410      22.05   26.95524  -82.75150    0.00036    0.00120          3  0.000e+00
      20411    850.417      2.862      2.881    28.5047    28.5049   5.820643   5.820763     3.1319     2.6410      22.05   26.95524  -82.75150    0.00035    0.00125          3  0.000e+00
      20412    850.458      3.017      3.037    28.5048    28.5050   5.820635   5.820780     3.1319     2.6410      22.05   26.95524  -82.75150    0.00034    0.00127          3  0.000e+00
      20413    850.500      2.970      2.990    28.5048    28.5049   5.820651   5.820779     3.1319     2.6410      22.05   26.95524  -82.75150    0.00035    0.00130          3  0.000e+00
      20414    850.542      2.970      2.990    28.5049    28.5048   5.820659   5.820707     3.1319     2.6410      22.05   26.95524  -82.75150    0.00034    0.00131          3  0.000e+00
      20415    850.583      3.017      3.037    28.5048    28.5040   5.820659   5.820683     3.1319     2.6410      22.05   26.95524  -82.75150    0.00035    0.00131          3  0.000e+00
      20416    850.625      3.017      3.037    28.5049    28.5041   5.820690   5.820611     3.1331     2.6410      22.05   26.95524  -82.75150    0.00037    0.00132          3  0.000e+00
      20417    850.667      3.017      3.037    28.5050    28.5036   5.820706   5.820667     3.1319     2.6410      22.03   26.95524  -82.75150    0.00036    0.00131          3  0.000e+00
      20418    850.708      3.065      3.085    28.5048    28.5037   5.820667   5.820651     3.1319     2.6422      22.05   26.95524  -82.75150    0.00035    0.00132          3  0.000e+00
      20419    850.750      3.058      3.078    28.5048    28.5035   5.820659   5.820667     3.1319     2.6422      22.03   26.95524  -82.75150    0.00035    0.00132          3  0.000e+00
      20420    850.792      3.065      3.085    28.5049    28.5036   5.820659   5.820683     3.1319     2.6435      21.93   26.95524  -82.75150    0.00034    0.00134          3  0.000e+00
      20421    850.833      3.119      3.140    28.5048    28.5039   5.820619   5.820683     3.1319     2.6422      21.88   26.95524  -82.75150    0.00034    0.00134          3  0.000e+00
      20422    850.875      3.119      3.140    28.5044    28.5038   5.820643   5.820715     3.1331     2.6435      21.88   26.95524  -82.75150    0.00036    0.00136          3  0.000e+00
      20423    850.917      3.166      3.187    28.5040    28.5042   5.820548   5.820732     3.1319     2.6435      21.88   26.95524  -82.75150    0.00036    0.00138          3  0.000e+00
      20424    850.958      3.119      3.140    28.5036    28.5042   5.820516   5.820691     3.1319     2.6435      21.88   26.95524  -82.75150    0.00035    0.00140          3  0.000e+00
      20425    851.000      3.214      3.235    28.5038    28.5042   5.820548   5.820732     3.1319     2.6447      21.88   26.95524  -82.75150    0.00035    0.00143          3  0.000e+00
      20426    851.042      3.160      3.180    28.5040    28.5043   5.820564   5.820732     3.1319     2.6435      21.88   26.95524  -82.75150    0.00035    0.00144          3  0.000e+00
      20427    851.083      3.268      3.289    28.5042    28.5046   5.820596   5.820764     3.1319     2.6435      21.88   26.95524  -82.75150    0.00034    0.00145          3  0.000e+00
