GOMECC/GOMECC-4/1db/rb2103_1131.ros
* Sea-Bird SBE 9 Data File:
* FileName = C:\Users\scs.user.rb\CTD\GOMECC4\data\rb2103_1131.hex
* Software Version Seasave V 7.26.7.107
* Temperature SN = 4799
* Conductivity SN = 3860
* Number of Bytes Per Scan = 41
* Number of Voltage Words = 4
* Number of Scans Averaged by the Deck Unit = 1
* NMEA Latitude = 22 12.33 N
* NMEA Longitude = 086 49.99 W
* NMEA UTC (Time) = Oct 15 2021  12:44:10
* NMEA baud rate = 4800
# nquan = 17
# nvalues = 1064                                  
# units = specified
# name 0 = scan: Scan Count
# name 1 = timeS: Time, Elapsed [seconds]
# name 2 = depSM: Depth [salt water, m]
# name 3 = prDM: Pressure, Digiquartz [db]
# name 4 = t090C: Temperature [ITS-90, deg C]
# name 5 = t190C: Temperature, 2 [ITS-90, deg C]
# name 6 = c0S/m: Conductivity [S/m]
# name 7 = c1S/m: Conductivity, 2 [S/m]
# name 8 = sbeox0V: Oxygen raw, SBE 43 [V]
# name 9 = sbeox1V: Oxygen raw, SBE 43, 2 [V]
# name 10 = altM: Altimeter [m]
# name 11 = latitude: Latitude [deg]
# name 12 = longitude: Longitude [deg]
# name 13 = sbox0dV/dT: Oxygen, SBE 43 [dov/dt]
# name 14 = sbox1dV/dT: Oxygen, SBE 43, 2 [dov/dt]
# name 15 = nbf: Bottles Fired
# name 16 = flag:  0.000e+00
# interval = seconds: 0.0416667
# start_time = Oct 15 2021 12:44:10 [NMEA time, header]
# bad_flag = -9.990e-29
*END*
[from data line 596]
      22705    946.000     34.708     34.929    22.5386    22.5255   5.253037   5.251645     2.2759     1.8974      61.66   22.20544  -86.83268    0.00094    0.00032          5  0.000e+00
      22706    946.042     34.728     34.949    22.5390    22.5279   5.253014   5.251783     2.2747     1.8974      61.64   22.20544  -86.83268    0.00095    0.00030          5  0.000e+00
      22707    946.083     34.708     34.929    22.5390    22.5291   5.253007   5.251913     2.2747     1.8987      61.66   22.20544  -86.83268    0.00095    0.00029          5  0.000e+00
      22708    946.125     34.762     34.983    22.5390    22.5296   5.253007   5.252020     2.2747     1.8974      61.64   22.20544  -86.83268    0.00096    0.00028          5  0.000e+00
      22709    946.167     34.681     34.901    22.5391    22.5293   5.253037   5.252074     2.2747     1.8974      61.64   22.20544  -86.83268    0.00097    0.00026          5  0.000e+00
      22710    946.208     34.708     34.929    22.5386    22.5290   5.252992   5.252089     2.2747     1.8974      61.61   22.20544  -86.83268    0.00096    0.00025          5  0.000e+00
      22711    946.250     34.708     34.929    22.5384    22.5287   5.252999   5.252089     2.2747     1.8974      61.56   22.20544  -86.83268    0.00095    0.00023          5  0.000e+00
      22712    946.292     34.680     34.901    22.5382    22.5291   5.252909   5.252089     2.2747     1.8974      61.56   22.20544  -86.83268    0.00096    0.00022          5  0.000e+00
      22713    946.333     34.708     34.929    22.5386    22.5295   5.252840   5.252089     2.2747     1.8974      61.59   22.20544  -86.83268    0.00095    0.00021          5  0.000e+00
      22714    946.375     34.708     34.929    22.5381    22.5301   5.252795   5.252112     2.2747     1.8974      61.59   22.20544  -86.83268    0.00094    0.00019          5  0.000e+00
      22715    946.417     34.681     34.901    22.5374    22.5304   5.252787   5.252197     2.2747     1.8974      61.59   22.20544  -86.83268    0.00094    0.00018          5  0.000e+00
      22716    946.458     34.660     34.881    22.5370    22.5308   5.252689   5.252243     2.2747     1.8974      61.59   22.20544  -86.83268    0.00095    0.00017          5  0.000e+00
      22717    946.500     34.708     34.929    22.5369    22.5308   5.252719   5.252227     2.2747     1.8974      61.59   22.20544  -86.83268    0.00094    0.00015          5  0.000e+00
      22718    946.542     34.681     34.901    22.5363    22.5310   5.252674   5.252266     2.2735     1.8974      61.56   22.20544  -86.83268    0.00091    0.00014          5  0.000e+00
      22719    946.583     34.613     34.833    22.5359    22.5311   5.252659   5.252296     2.2735     1.8974      61.56   22.20544  -86.83268    0.00088    0.00012          5  0.000e+00
      22720    946.625     34.708     34.929    22.5358    22.5312   5.252697   5.252365     2.2735     1.8974      61.59   22.20544  -86.83268    0.00085    0.00011          5  0.000e+00
      22721    946.667     34.626     34.847    22.5352    22.5320   5.252666   5.252419     2.2735     1.8974      61.56   22.20544  -86.83268    0.00082    0.00010          5  0.000e+00
      22722    946.708     34.660     34.881    22.5352    22.5325   5.252659   5.252465     2.2735     1.8974      61.59   22.20544  -86.83268    0.00078    0.00008          5  0.000e+00
      22723    946.750     34.626     34.847    22.5351    22.5326   5.252591   5.252480     2.2735     1.8974      61.59   22.20544  -86.83268    0.00077    0.00007          5  0.000e+00
      22724    946.792     34.613     34.833    22.5347    22.5327   5.252598   5.252442     2.2735     1.8962      61.56   22.20544  -86.83268    0.00074    0.00004          5  0.000e+00
      22725    946.833     34.660     34.881    22.5347    22.5329   5.252508   5.252396     2.2735     1.8962      61.59   22.20544  -86.83268    0.00071    0.00001          5  0.000e+00
      22726    946.875     34.626     34.847    22.5344    22.5331   5.252545   5.252457     2.2735     1.8962      61.59   22.20544  -86.83268    0.00067   -0.00002          5  0.000e+00
      22727    946.917     34.613     34.833    22.5338    22.5333   5.252530   5.252480     2.2723     1.8962      61.59   22.20544  -86.83268    0.00062   -0.00005          5  0.000e+00
      22728    946.958     34.613     34.833    22.5340    22.5329   5.252523   5.252511     2.2735     1.8962      61.59   22.20544  -86.83268    0.00059   -0.00008          5  0.000e+00
      22729    947.000     34.579     34.799    22.5340    22.5333   5.252553   5.252526     2.2735     1.8962      61.59   22.20544  -86.83268    0.00056   -0.00011          5  0.000e+00
      22730    947.042     34.613     34.833    22.5344    22.5338   5.252545   5.252549     2.2735     1.8962      61.59   22.20544  -86.83268    0.00052   -0.00012          5  0.000e+00
      22731    947.083     34.559     34.779    22.5342    22.5340   5.252560   5.252634     2.2735     1.8962      61.59   22.20544  -86.83268    0.00049   -0.00013          5  0.000e+00
      22732    947.125     34.579     34.799    22.5344    22.5347   5.252530   5.252695     2.2723     1.8962      61.59   22.20544  -86.83268    0.00044   -0.00016          5  0.000e+00
      22733    947.167     34.613     34.833    22.5342    22.5347   5.252523   5.252664     2.2735     1.8962      61.59   22.20544  -86.83268    0.00039   -0.00017          5  0.000e+00
      22734    947.208     34.511     34.731    22.5344    22.5354   5.252591   5.252749     2.2735     1.8962      61.66   22.20544  -86.83268    0.00035   -0.00020          5  0.000e+00
      22735    947.250     34.579     34.799    22.5344    22.5352   5.252576   5.252687     2.2723     1.8962      61.68   22.20544  -86.83268    0.00030   -0.00021          5  0.000e+00
      22736    947.292     34.559     34.779    22.5345    22.5354   5.252598   5.252680     2.2735     1.8962      61.68   22.20544  -86.83268    0.00026   -0.00023          5  0.000e+00
      22737    947.333     34.559     34.779    22.5347    22.5351   5.252545   5.252764     2.2735     1.8962      61.68   22.20544  -86.83268    0.00023   -0.00024          5  0.000e+00
      22738    947.375     34.532     34.752    22.5344    22.5351   5.252485   5.252749     2.2735     1.8962      61.66   22.20544  -86.83268    0.00019   -0.00025          5  0.000e+00
      22739    947.417     34.559     34.779    22.5340    22.5352   5.252447   5.252772     2.2735     1.8962      61.68   22.20544  -86.83268    0.00015   -0.00027          5  0.000e+00
      22740    947.458     34.532     34.752    22.5335    22.5352   5.252379   5.252749     2.2735     1.8962      61.66   22.20544  -86.83268    0.00012   -0.00027          5  0.000e+00
      22741    947.500     34.511     34.731    22.5333    22.5352   5.252349   5.252772     2.2735     1.8962      61.66   22.20544  -86.83268    0.00006   -0.00030          5  0.000e+00
      22742    947.542     34.511     34.731    22.5331    22.5356   5.252281   5.252749     2.2735     1.8962      61.68   22.20544  -86.83268    0.00002   -0.00032          5  0.000e+00
      22743    947.583     34.532     34.752    22.5322    22.5354   5.252129   5.252772     2.2723     1.8962      61.68   22.20544  -86.83268   -0.00003   -0.00034          5  0.000e+00
      22744    947.625     34.464     34.683    22.5310    22.5356   5.251653   5.252787     2.2735     1.8962      61.68   22.20544  -86.83268   -0.00007   -0.00035          5  0.000e+00
      22745    947.667     34.511     34.731    22.5264    22.5354   5.250722   5.252795     2.2723     1.8962      61.68   22.20544  -86.83268   -0.00013   -0.00037          5  0.000e+00
      22746    947.708     34.532     34.752    22.5184    22.5356   5.249512   5.252787     2.2735     1.8962      61.68   22.20544  -86.83268   -0.00016   -0.00039          5  0.000e+00
      22747    947.750     34.464     34.683    22.5049    22.5357   5.248506   5.252787     2.2735     1.8962      61.66   22.20544  -86.83268   -0.00020   -0.00039          5  0.000e+00
      22748    947.792     34.511     34.731    22.4974    22.5349   5.247886   5.252787     2.2735     1.8962      61.66   22.20544  -86.83268   -0.00022   -0.00041          5  0.000e+00
      22749    947.833     34.478     34.697    22.4951    22.5349   5.247788   5.252749     2.2735     1.8962      61.68   22.20544  -86.83268   -0.00026   -0.00043          5  0.000e+00
      22750    947.875     34.511     34.731    22.4905    22.5345   5.247826   5.252672     2.2723     1.8962      61.68   22.20544  -86.83268   -0.00032   -0.00045          5  0.000e+00
      22751    947.917     34.464     34.683    22.4881    22.5344   5.247977   5.252657     2.2735     1.8962      61.68   22.20544  -86.83268   -0.00034   -0.00047          5  0.000e+00
      22752    947.958     34.478     34.697    22.4872    22.5342   5.248045   5.252657     2.2723     1.8962      61.68   22.20544  -86.83268   -0.00038   -0.00048          5  0.000e+00
      22753    948.000     34.464     34.684    22.4866    22.5340   5.248159   5.252657     2.2735     1.8950      61.68   22.20544  -86.83268   -0.00040   -0.00052          5  0.000e+00
      22754    948.042     34.464     34.684    22.4898    22.5347   5.248386   5.252680     2.2723     1.8950      61.68   22.20544  -86.83268   -0.00044   -0.00055          5  0.000e+00
      22755    948.083     34.478     34.697    22.4912    22.5351   5.248612   5.252726     2.2735     1.8950      61.68   22.20544  -86.83268   -0.00046   -0.00059          5  0.000e+00
      22756    948.125     34.464     34.684    22.4932    22.5354   5.248741   5.252741     2.2723     1.8950      61.68   22.20544  -86.83268   -0.00050   -0.00062          5  0.000e+00
      22757    948.167     34.430     34.650    22.4925    22.5352   5.248854   5.252703     2.2735     1.8950      61.68   22.20544  -86.83268   -0.00052   -0.00065          5  0.000e+00
      22758    948.208     34.512     34.731    22.4926    22.5351   5.248794   5.252695     2.2735     1.8950      61.76   22.20544  -86.83268   -0.00054   -0.00068          5  0.000e+00
      22759    948.250     34.464     34.684    22.4925    22.5351   5.248726   5.252672     2.2735     1.8950      61.78   22.20544  -86.83268   -0.00055   -0.00071          5  0.000e+00
      22760    948.292     34.430     34.650    22.4923    22.5349   5.248620   5.252687     2.2735     1.8950      61.81   22.20544  -86.83268   -0.00057   -0.00075          5  0.000e+00
      22761    948.333     34.512     34.731    22.4946    22.5351   5.248552   5.252695     2.2723     1.8950      61.81   22.20544  -86.83268   -0.00060   -0.00077          5  0.000e+00
      22762    948.375     34.410     34.629    22.4974    22.5352   5.248544   5.252695     2.2735     1.8950      61.78   22.20544  -86.83268   -0.00061   -0.00080          5  0.000e+00
      22763    948.417     34.478     34.697    22.5018    22.5352   5.248574   5.252726     2.2723     1.8950      61.78   22.20544  -86.83268   -0.00064   -0.00083          5  0.000e+00
      22764    948.458     34.464     34.684    22.5028    22.5351   5.248620   5.252672     2.2735     1.8950      61.78   22.20544  -86.83268   -0.00066   -0.00086          5  0.000e+00
      22765    948.500     34.464     34.684    22.5041    22.5351   5.248695   5.252718     2.2723     1.8950      61.81   22.20544  -86.83268   -0.00068   -0.00089          5  0.000e+00
      22766    948.542     34.430     34.650    22.5054    22.5352   5.248718   5.252741     2.2735     1.8950      61.78   22.20544  -86.83268   -0.00070   -0.00091          5  0.000e+00
      22767    948.583     34.464     34.684    22.5036    22.5352   5.248680   5.252703     2.2735     1.8950      61.81   22.20544  -86.83268   -0.00070   -0.00095          5  0.000e+00
      22768    948.625     34.464     34.684    22.5026    22.5352   5.248673   5.252726     2.2723     1.8962      61.78   22.20544  -86.83268   -0.00074   -0.00096          5  0.000e+00
      22769    948.667     34.478     34.697    22.5013    22.5351   5.248605   5.252703     2.2735     1.8962      61.78   22.20544  -86.83268   -0.00074   -0.00097          5  0.000e+00
      22770    948.708     34.464     34.684    22.4980    22.5349   5.248650   5.252695     2.2723     1.8962      61.81   22.20544  -86.83268   -0.00075   -0.00098          5  0.000e+00
      22771    948.750     34.478     34.697    22.4948    22.5351   5.248703   5.252695     2.2723     1.8962      61.78   22.20544  -86.83268   -0.00077   -0.00098          5  0.000e+00
      22772    948.792     34.512     34.731    22.4990    22.5349   5.248809   5.252741     2.2735     1.8962      61.81   22.20544  -86.83268   -0.00077   -0.00099          5  0.000e+00
      22773    948.833     34.464     34.684    22.5042    22.5352   5.248779   5.252710     2.2735     1.8962      61.81   22.20544  -86.83268   -0.00077   -0.00099          5  0.000e+00
      24537   1022.333     24.615     24.771    23.3244    23.3816   5.333865   5.339850     2.4786     2.0928      71.55   22.20544  -86.83262    0.00124    0.00066          6  0.000e+00
      24538   1022.375     24.723     24.880    23.3251    23.3821   5.333812   5.339703     2.4786     2.0928      71.55   22.20544  -86.83262    0.00132    0.00062          6  0.000e+00
      24539   1022.417     24.811     24.969    23.3264    23.3812   5.333819   5.339626     2.4786     2.0928      71.55   22.20544  -86.83262    0.00139    0.00058          6  0.000e+00
      24540   1022.458     24.669     24.826    23.3262    23.3810   5.333994   5.339518     2.4786     2.0928      71.55   22.20544  -86.83262    0.00147    0.00054          6  0.000e+00
      24541   1022.500     24.723     24.880    23.3282    23.3812   5.334261   5.339418     2.4786     2.0916      71.55   22.20544  -86.83262    0.00155    0.00050          6  0.000e+00
      24542   1022.542     24.663     24.819    23.3292    23.3820   5.334383   5.339394     2.4786     2.0928      71.55   22.20544  -86.83262    0.00162    0.00048          6  0.000e+00
      24543   1022.583     24.669     24.826    23.3324    23.3821   5.334200   5.339325     2.4786     2.0928      71.55   22.20544  -86.83262    0.00169    0.00046          6  0.000e+00
      24544   1022.625     24.710     24.867    23.3280    23.3778   5.333743   5.339309     2.4786     2.0928      71.55   22.20544  -86.83262    0.00175    0.00043          6  0.000e+00
      24545   1022.667     24.669     24.826    23.3193    23.3737   5.333210   5.339441     2.4786     2.0928      71.55   22.20544  -86.83262    0.00181    0.00041          6  0.000e+00
      24546   1022.708     24.669     24.826    23.3209    23.3705   5.332807   5.339719     2.4786     2.0928      71.55   22.20544  -86.83262    0.00186    0.00039          6  0.000e+00
      24547   1022.750     24.710     24.867    23.3182    23.3728   5.332563   5.339958     2.4786     2.0928      71.55   22.20544  -86.83262    0.00193    0.00036          6  0.000e+00
      24548   1022.792     24.669     24.826    23.3195    23.3848   5.332335   5.340043     2.4786     2.0928      71.55   22.20544  -86.83262    0.00198    0.00034          6  0.000e+00
      24549   1022.833     24.663     24.819    23.3219    23.3920   5.332015   5.339989     2.4799     2.0928      71.55   22.20544  -86.83262    0.00204    0.00033          6  0.000e+00
      24550   1022.875     24.669     24.826    23.3230    23.3959   5.331794   5.340043     2.4786     2.0928      71.55   22.20544  -86.83262    0.00209    0.00033          6  0.000e+00
      24551   1022.917     24.663     24.819    23.3212    23.3930   5.331611   5.340228     2.4786     2.0928      71.55   22.20544  -86.83262    0.00211    0.00031          6  0.000e+00
