GOMECC/GOMECC-4/1db/rb2103_0971.ros
* Sea-Bird SBE 9 Data File:
* FileName = C:\Users\scs.user.rb\CTD\GOMECC4\data\rb2103_0971.hex
* Software Version Seasave V 7.26.7.107
* Temperature SN = 4799
* Conductivity SN = 3860
* Number of Bytes Per Scan = 41
* Number of Voltage Words = 4
* Number of Scans Averaged by the Deck Unit = 1
* NMEA Latitude = 22 58.24 N
* NMEA Longitude = 090 29.95 W
* NMEA UTC (Time) = Oct 11 2021  11:24:34
* NMEA baud rate = 4800
# nquan = 17
# nvalues = 3059                                  
# units = specified
# name 0 = scan: Scan Count
# name 1 = timeS: Time, Elapsed [seconds]
# name 2 = depSM: Depth [salt water, m]
# name 3 = prDM: Pressure, Digiquartz [db]
# name 4 = t090C: Temperature [ITS-90, deg C]
# name 5 = t190C: Temperature, 2 [ITS-90, deg C]
# name 6 = c0S/m: Conductivity [S/m]
# name 7 = c1S/m: Conductivity, 2 [S/m]
# name 8 = sbeox0V: Oxygen raw, SBE 43 [V]
# name 9 = sbeox1V: Oxygen raw, SBE 43, 2 [V]
# name 10 = altM: Altimeter [m]
# name 11 = latitude: Latitude [deg]
# name 12 = longitude: Longitude [deg]
# name 13 = sbox0dV/dT: Oxygen, SBE 43 [dov/dt]
# name 14 = sbox1dV/dT: Oxygen, SBE 43, 2 [dov/dt]
# name 15 = nbf: Bottles Fired
# name 16 = flag:  0.000e+00
# interval = seconds: 0.0416667
# start_time = Oct 11 2021 11:24:34 [NMEA time, header]
# bad_flag = -9.990e-29
*END*
[from data line 1618]
      77287   3220.250     89.415     90.001    21.6901    21.6913   5.144146   5.144319     2.5751     2.1819     100.00   22.97216  -90.49866   -0.00066    0.00124         13  0.000e+00
      77288   3220.292     89.415     90.001    21.6901    21.6911   5.144123   5.144319     2.5751     2.1807     100.00   22.97216  -90.49866   -0.00064    0.00124         13  0.000e+00
      77289   3220.333     89.463     90.049    21.6901    21.6913   5.144123   5.144289     2.5763     2.1819     100.00   22.97216  -90.49866   -0.00058    0.00125         13  0.000e+00
      77290   3220.375     89.416     90.001    21.6901    21.6913   5.144086   5.144342     2.5751     2.1807     100.00   22.97216  -90.49866   -0.00056    0.00124         13  0.000e+00
      77291   3220.417     89.416     90.002    21.6901    21.6915   5.144138   5.144365     2.5751     2.1807     100.00   22.97216  -90.49866   -0.00052    0.00124         13  0.000e+00
      77292   3220.458     89.416     90.002    21.6900    21.6913   5.144123   5.144304     2.5751     2.1807     100.00   22.97216  -90.49866   -0.00048    0.00123         13  0.000e+00
      77293   3220.500     89.416     90.002    21.6901    21.6913   5.144093   5.144281     2.5751     2.1807     100.00   22.97216  -90.49866   -0.00046    0.00121         13  0.000e+00
      77294   3220.542     89.416     90.002    21.6900    21.6913   5.144108   5.144304     2.5751     2.1819     100.00   22.97216  -90.49866   -0.00042    0.00122         13  0.000e+00
      77295   3220.583     89.368     89.954    21.6898    21.6913   5.144078   5.144357     2.5751     2.1807     100.00   22.97216  -90.49866   -0.00039    0.00120         13  0.000e+00
      77296   3220.625     89.362     89.947    21.6903    21.6909   5.144138   5.144304     2.5751     2.1819     100.00   22.97216  -90.49866   -0.00037    0.00121         13  0.000e+00
      77297   3220.667     89.416     90.002    21.6900    21.6911   5.144138   5.144304     2.5751     2.1807     100.00   22.97216  -90.49866   -0.00033    0.00119         13  0.000e+00
      77298   3220.708     89.362     89.947    21.6901    21.6913   5.144086   5.144319     2.5751     2.1819     100.00   22.97216  -90.49866   -0.00030    0.00119         13  0.000e+00
      77299   3220.750     89.362     89.947    21.6900    21.6911   5.144071   5.144327     2.5751     2.1819     100.00   22.97216  -90.49866   -0.00028    0.00118         13  0.000e+00
      77300   3220.792     89.362     89.948    21.6901    21.6913   5.144138   5.144319     2.5751     2.1819     100.00   22.97216  -90.49866   -0.00025    0.00118         13  0.000e+00
      77301   3220.833     89.362     89.948    21.6901    21.6911   5.144138   5.144251     2.5751     2.1819     100.00   22.97216  -90.49866   -0.00023    0.00117         13  0.000e+00
      77302   3220.875     89.416     90.002    21.6900    21.6909   5.144086   5.144266     2.5763     2.1819     100.00   22.97216  -90.49866   -0.00018    0.00116         13  0.000e+00
      77303   3220.917     89.315     89.900    21.6903    21.6909   5.144101   5.144281     2.5763     2.1807     100.00   22.97216  -90.49866   -0.00014    0.00115         13  0.000e+00
      77304   3220.958     89.362     89.948    21.6900    21.6906   5.144116   5.144251     2.5763     2.1819     100.00   22.97216  -90.49866   -0.00009    0.00116         13  0.000e+00
      77305   3221.000     89.315     89.900    21.6903    21.6907   5.144093   5.144266     2.5763     2.1819     100.00   22.97216  -90.49866   -0.00005    0.00116         13  0.000e+00
      77306   3221.042     89.362     89.948    21.6900    21.6906   5.144108   5.144281     2.5763     2.1819     100.00   22.97216  -90.49866   -0.00001    0.00116         13  0.000e+00
      77307   3221.083     89.362     89.948    21.6901    21.6908   5.144116   5.144281     2.5751     2.1819     100.00   22.97216  -90.49866    0.00002    0.00116         13  0.000e+00
      77308   3221.125     89.322     89.907    21.6900    21.6906   5.144116   5.144281     2.5763     2.1819     100.00   22.97216  -90.49866    0.00007    0.00117         13  0.000e+00
      77309   3221.167     89.315     89.900    21.6901    21.6908   5.144063   5.144243     2.5763     2.1819     100.00   22.97216  -90.49866    0.00011    0.00116         13  0.000e+00
      77310   3221.208     89.363     89.948    21.6901    21.6904   5.144063   5.144266     2.5763     2.1819     100.00   22.97216  -90.49866    0.00015    0.00116         13  0.000e+00
      77311   3221.250     89.315     89.900    21.6901    21.6906   5.144101   5.144281     2.5763     2.1819     100.00   22.97216  -90.49866    0.00020    0.00116         13  0.000e+00
      77312   3221.292     89.315     89.901    21.6901    21.6906   5.144116   5.144251     2.5763     2.1819     100.00   22.97216  -90.49866    0.00024    0.00115         13  0.000e+00
      77313   3221.333     89.315     89.901    21.6901    21.6906   5.144123   5.144236     2.5763     2.1819     100.00   22.97216  -90.49866    0.00027    0.00115         13  0.000e+00
      77314   3221.375     89.315     89.901    21.6900    21.6906   5.144116   5.144236     2.5775     2.1819     100.00   22.97216  -90.49866    0.00033    0.00114         13  0.000e+00
      77315   3221.417     89.315     89.901    21.6900    21.6906   5.144078   5.144297     2.5763     2.1819     100.00   22.97216  -90.49866    0.00037    0.00113         13  0.000e+00
      77316   3221.458     89.316     89.901    21.6900    21.6906   5.144101   5.144259     2.5763     2.1819     100.00   22.97216  -90.49866    0.00040    0.00112         13  0.000e+00
      77317   3221.500     89.316     89.901    21.6900    21.6908   5.144123   5.144297     2.5763     2.1819     100.00   22.97216  -90.49866    0.00044    0.00112         13  0.000e+00
      77318   3221.542     89.268     89.853    21.6901    21.6906   5.144086   5.144289     2.5763     2.1807     100.00   22.97216  -90.49866    0.00049    0.00111         13  0.000e+00
      77319   3221.583     89.316     89.901    21.6900    21.6908   5.144101   5.144281     2.5763     2.1819     100.00   22.97216  -90.49866    0.00051    0.00111         13  0.000e+00
      77320   3221.625     89.316     89.901    21.6898    21.6909   5.144048   5.144281     2.5775     2.1807     100.00   22.97216  -90.49866    0.00057    0.00110         13  0.000e+00
      77321   3221.667     89.323     89.908    21.6900    21.6911   5.144071   5.144281     2.5763     2.1819     100.00   22.97216  -90.49866    0.00060    0.00110         13  0.000e+00
      77322   3221.708     89.316     89.901    21.6901    21.6909   5.144138   5.144281     2.5775     2.1807     100.00   22.97216  -90.49866    0.00064    0.00107         13  0.000e+00
      77323   3221.750     89.316     89.901    21.6900    21.6911   5.144093   5.144304     2.5775     2.1807     100.00   22.97216  -90.49866    0.00068    0.00105         13  0.000e+00
      77324   3221.792     89.269     89.854    21.6901    21.6913   5.144071   5.144289     2.5763     2.1819     100.00   22.97216  -90.49866    0.00070    0.00105         13  0.000e+00
      77325   3221.833     89.316     89.901    21.6898    21.6911   5.144116   5.144281     2.5775     2.1807     100.00   22.97216  -90.49866    0.00074    0.00103         13  0.000e+00
      77326   3221.875     89.316     89.901    21.6900    21.6911   5.144048   5.144243     2.5763     2.1807     100.00   22.97216  -90.49866    0.00076    0.00101         13  0.000e+00
      77327   3221.917     89.316     89.901    21.6901    21.6913   5.144093   5.144266     2.5763     2.1807     100.00   22.97216  -90.49866    0.00079    0.00099         13  0.000e+00
      77328   3221.958     89.316     89.902    21.6900    21.6909   5.144078   5.144304     2.5763     2.1807     100.00   22.97216  -90.49866    0.00081    0.00097         13  0.000e+00
      77329   3222.000     89.316     89.902    21.6900    21.6909   5.144071   5.144259     2.5763     2.1807     100.00   22.97216  -90.49866    0.00083    0.00094         13  0.000e+00
      77330   3222.042     89.316     89.902    21.6900    21.6909   5.144116   5.144266     2.5763     2.1795     100.00   22.97216  -90.49866    0.00083    0.00090         13  0.000e+00
      77331   3222.083     89.269     89.854    21.6901    21.6908   5.144116   5.144243     2.5763     2.1807     100.00   22.97216  -90.49866    0.00083    0.00088         13  0.000e+00
      77332   3222.125     89.364     89.950    21.6901    21.6907   5.144078   5.144236     2.5763     2.1807     100.00   22.97216  -90.49866    0.00084    0.00086         13  0.000e+00
      77333   3222.167     89.276     89.861    21.6901    21.6908   5.144101   5.144236     2.5763     2.1795     100.00   22.97216  -90.49866    0.00084    0.00081         13  0.000e+00
      77334   3222.208     89.317     89.902    21.6900    21.6908   5.144093   5.144266     2.5763     2.1807     100.00   22.97216  -90.49866    0.00085    0.00079         13  0.000e+00
      77335   3222.250     89.317     89.902    21.6900    21.6906   5.144071   5.144281     2.5763     2.1795     100.00   22.97216  -90.49866    0.00085    0.00075         13  0.000e+00
      77336   3222.292     89.317     89.902    21.6901    21.6904   5.144138   5.144281     2.5763     2.1795     100.00   22.97216  -90.49866    0.00085    0.00070         13  0.000e+00
      77337   3222.333     89.364     89.950    21.6900    21.6907   5.144093   5.144281     2.5763     2.1795     100.00   22.97216  -90.49866    0.00085    0.00066         13  0.000e+00
      77338   3222.375     89.317     89.902    21.6901    21.6904   5.144078   5.144281     2.5763     2.1795     100.00   22.97216  -90.49866    0.00085    0.00062         13  0.000e+00
      77339   3222.417     89.317     89.902    21.6903    21.6906   5.144138   5.144243     2.5763     2.1795     100.00   22.97216  -90.49866    0.00084    0.00057         13  0.000e+00
      77340   3222.458     89.317     89.902    21.6900    21.6906   5.144123   5.144266     2.5763     2.1795     100.00   22.97216  -90.49866    0.00084    0.00053         13  0.000e+00
      77341   3222.500     89.365     89.950    21.6901    21.6904   5.144078   5.144281     2.5763     2.1795     100.00   22.97216  -90.49866    0.00084    0.00048         13  0.000e+00
      77342   3222.542     89.317     89.902    21.6900    21.6906   5.144078   5.144243     2.5763     2.1795     100.00   22.97216  -90.49866    0.00083    0.00045         13  0.000e+00
      77343   3222.583     89.365     89.950    21.6901    21.6906   5.144071   5.144297     2.5763     2.1795     100.00   22.97216  -90.49866    0.00083    0.00041         13  0.000e+00
      77344   3222.625     89.317     89.903    21.6901    21.6908   5.144138   5.144289     2.5763     2.1795     100.00   22.97216  -90.49866    0.00082    0.00036         13  0.000e+00
      77345   3222.667     89.365     89.950    21.6900    21.6906   5.144093   5.144281     2.5775     2.1795     100.00   22.97216  -90.49866    0.00083    0.00032         13  0.000e+00
      77346   3222.708     89.372     89.957    21.6901    21.6906   5.144078   5.144281     2.5763     2.1783     100.00   22.97216  -90.49866    0.00082    0.00027         13  0.000e+00
      77347   3222.750     89.365     89.951    21.6901    21.6909   5.144108   5.144281     2.5763     2.1795     100.00   22.97216  -90.49866    0.00081    0.00022         13  0.000e+00
      77348   3222.792     89.365     89.951    21.6901    21.6907   5.144116   5.144281     2.5763     2.1795     100.00   22.97216  -90.49866    0.00080    0.00018         13  0.000e+00
      77349   3222.833     89.365     89.951    21.6898    21.6906   5.144116   5.144304     2.5763     2.1783     100.00   22.97216  -90.49866    0.00079    0.00011         13  0.000e+00
      77350   3222.875     89.365     89.951    21.6901    21.6908   5.144161   5.144297     2.5763     2.1783     100.00   22.97216  -90.49866    0.00078    0.00005         13  0.000e+00
      77351   3222.917     89.318     89.903    21.6901    21.6909   5.144131   5.144281     2.5763     2.1783     100.00   22.97216  -90.49866    0.00077    0.00000         13  0.000e+00
      77352   3222.958     89.420     90.005    21.6901    21.6908   5.144146   5.144281     2.5763     2.1795     100.00   22.97216  -90.49866    0.00075   -0.00003         13  0.000e+00
      77353   3223.000     89.365     89.951    21.6900    21.6909   5.144161   5.144213     2.5763     2.1783     100.00   22.97216  -90.49866    0.00074   -0.00007         13  0.000e+00
      77354   3223.042     89.365     89.951    21.6901    21.6909   5.144101   5.144228     2.5763     2.1783     100.00   22.97216  -90.49866    0.00073   -0.00012         13  0.000e+00
      77355   3223.083     89.365     89.951    21.6901    21.6908   5.144138   5.144266     2.5763     2.1783     100.00   22.97216  -90.49866    0.00071   -0.00017         13  0.000e+00
      77356   3223.125     89.420     90.006    21.6901    21.6909   5.144123   5.144281     2.5763     2.1783     100.00   22.97216  -90.49866    0.00070   -0.00021         13  0.000e+00
      77357   3223.167     89.366     89.951    21.6901    21.6906   5.144146   5.144243     2.5763     2.1783     100.00   22.97216  -90.49866    0.00068   -0.00026         13  0.000e+00
      77358   3223.208     89.420     90.006    21.6900    21.6908   5.144138   5.144274     2.5763     2.1783     100.00   22.97216  -90.49866    0.00066   -0.00030         13  0.000e+00
      77359   3223.250     89.373     89.958    21.6903    21.6909   5.144116   5.144312     2.5763     2.1783     100.00   22.97216  -90.49866    0.00065   -0.00034         13  0.000e+00
      77360   3223.292     89.420     90.006    21.6901    21.6909   5.144116   5.144319     2.5763     2.1783     100.00   22.97216  -90.49866    0.00063   -0.00039         13  0.000e+00
      77361   3223.333     89.420     90.006    21.6903    21.6909   5.144116   5.144289     2.5751     2.1783     100.00   22.97216  -90.49866    0.00059   -0.00043         13  0.000e+00
      77362   3223.375     89.420     90.006    21.6903    21.6908   5.144123   5.144281     2.5763     2.1783     100.00   22.97216  -90.49866    0.00057   -0.00047         13  0.000e+00
      77363   3223.417     89.366     89.952    21.6905    21.6908   5.144086   5.144281     2.5763     2.1783     100.00   22.97216  -90.49866    0.00057   -0.00052         13  0.000e+00
      77364   3223.458     89.420     90.006    21.6903    21.6907   5.144138   5.144304     2.5763     2.1783     100.00   22.97216  -90.49866    0.00055   -0.00056         13  0.000e+00
      77365   3223.500     89.420     90.006    21.6903    21.6909   5.144093   5.144289     2.5763     2.1783     100.00   22.97216  -90.49866    0.00053   -0.00060         13  0.000e+00
      77366   3223.542     89.420     90.006    21.6901    21.6911   5.144048   5.144243     2.5751     2.1783     100.00   22.97216  -90.49866    0.00049   -0.00064         13  0.000e+00
      77367   3223.583     89.420     90.006    21.6905    21.6908   5.144131   5.144274     2.5751     2.1770     100.00   22.97216  -90.49866    0.00045   -0.00070         13  0.000e+00
      77368   3223.625     89.420     90.006    21.6903    21.6909   5.144161   5.144243     2.5763     2.1770     100.00   22.97216  -90.49866    0.00043   -0.00076         13  0.000e+00
      77369   3223.667     89.421     90.006    21.6901    21.6908   5.144161   5.144297     2.5751     2.1783     100.00   22.97216  -90.49866    0.00040   -0.00080         13  0.000e+00
      77370   3223.708     89.421     90.007    21.6901    21.6911   5.144101   5.144289     2.5751     2.1783     100.00   22.97216  -90.49866    0.00036   -0.00084         13  0.000e+00
