GOMECC/GOMECC-4/1db/rb2103_0951.ros
* Sea-Bird SBE 9 Data File:
* FileName = C:\Users\scs.user.rb\CTD\GOMECC4\data\rb2103_0951.hex
* Software Version Seasave V 7.26.7.107
* Temperature SN = 4799
* Conductivity SN = 3860
* Number of Bytes Per Scan = 41
* Number of Voltage Words = 4
* Number of Scans Averaged by the Deck Unit = 1
* NMEA Latitude = 22 16.31 N
* NMEA Longitude = 090 02.56 W
* NMEA UTC (Time) = Oct 11 2021  03:44:48
* NMEA baud rate = 4800
# nquan = 17
# nvalues = 798                                   
# units = specified
# name 0 = scan: Scan Count
# name 1 = timeS: Time, Elapsed [seconds]
# name 2 = depSM: Depth [salt water, m]
# name 3 = prDM: Pressure, Digiquartz [db]
# name 4 = t090C: Temperature [ITS-90, deg C]
# name 5 = t190C: Temperature, 2 [ITS-90, deg C]
# name 6 = c0S/m: Conductivity [S/m]
# name 7 = c1S/m: Conductivity, 2 [S/m]
# name 8 = sbeox0V: Oxygen raw, SBE 43 [V]
# name 9 = sbeox1V: Oxygen raw, SBE 43, 2 [V]
# name 10 = altM: Altimeter [m]
# name 11 = latitude: Latitude [deg]
# name 12 = longitude: Longitude [deg]
# name 13 = sbox0dV/dT: Oxygen, SBE 43 [dov/dt]
# name 14 = sbox1dV/dT: Oxygen, SBE 43, 2 [dov/dt]
# name 15 = nbf: Bottles Fired
# name 16 = flag:  0.000e+00
# interval = seconds: 0.0416667
# start_time = Oct 11 2021 03:44:48 [NMEA time, header]
# bad_flag = -9.990e-29
*END*
[from data line 681]
      27804   1158.458      2.788      2.806    29.7668    29.7667   6.004284   6.004472     3.1648     2.6813      50.72   22.27358  -90.04276   -0.00046    0.00068          6  0.000e+00
      27805   1158.500      2.788      2.806    29.7660    29.7666   6.004236   6.004472     3.1648     2.6813      50.72   22.27358  -90.04276   -0.00047    0.00074          6  0.000e+00
      27806   1158.542      2.788      2.806    29.7651    29.7667   6.004156   6.004472     3.1648     2.6801      50.72   22.27358  -90.04276   -0.00048    0.00079          6  0.000e+00
      27807   1158.583      2.788      2.806    29.7649    29.7665   6.004164   6.004407     3.1648     2.6801      50.72   22.27358  -90.04276   -0.00049    0.00082          6  0.000e+00
      27808   1158.625      2.741      2.758    29.7648    29.7661   6.004140   6.004407     3.1636     2.6801      50.72   22.27358  -90.04276   -0.00052    0.00086          6  0.000e+00
      27809   1158.667      2.788      2.806    29.7649    29.7661   6.004156   6.004391     3.1648     2.6801      50.72   22.27358  -90.04276   -0.00051    0.00089          6  0.000e+00
      27810   1158.708      2.788      2.806    29.7651    29.7665   6.004140   6.004407     3.1648     2.6801      50.72   22.27358  -90.04276   -0.00051    0.00092          6  0.000e+00
      27811   1158.750      2.741      2.758    29.7651    29.7670   6.004092   6.004537     3.1648     2.6801      50.72   22.27358  -90.04276   -0.00050    0.00094          6  0.000e+00
      27812   1158.792      2.741      2.758    29.7647    29.7678   6.004116   6.004569     3.1648     2.6789      50.72   22.27358  -90.04276   -0.00050    0.00094          6  0.000e+00
      27813   1158.833      2.788      2.806    29.7644    29.7680   6.004060   6.004610     3.1648     2.6789      50.72   22.27358  -90.04276   -0.00049    0.00093          6  0.000e+00
      27814   1158.875      2.741      2.758    29.7644    29.7681   6.004060   6.004626     3.1648     2.6789      50.72   22.27358  -90.04276   -0.00047    0.00092          6  0.000e+00
      27815   1158.917      2.741      2.758    29.7649    29.7678   6.004116   6.004618     3.1648     2.6789      50.72   22.27358  -90.04276   -0.00046    0.00091          6  0.000e+00
      27816   1158.958      2.734      2.751    29.7649    29.7677   6.004060   6.004659     3.1648     2.6777      50.72   22.27358  -90.04276   -0.00044    0.00088          6  0.000e+00
      27817   1159.000      2.741      2.758    29.7646    29.7678   6.004068   6.004626     3.1648     2.6777      50.72   22.27358  -90.04276   -0.00044    0.00086          6  0.000e+00
      27818   1159.042      2.741      2.758    29.7646    29.7678   6.004044   6.004618     3.1648     2.6764      50.72   22.27358  -90.04276   -0.00042    0.00081          6  0.000e+00
      27819   1159.083      2.741      2.758    29.7644    29.7677   6.004060   6.004578     3.1661     2.6764      50.72   22.27358  -90.04276   -0.00038    0.00077          6  0.000e+00
      27820   1159.125      2.741      2.758    29.7644    29.7678   6.004044   6.004537     3.1661     2.6752      50.72   22.27358  -90.04276   -0.00035    0.00070          6  0.000e+00
      27821   1159.167      2.741      2.758    29.7644    29.7674   6.004036   6.004529     3.1661     2.6752      50.72   22.27358  -90.04276   -0.00031    0.00064          6  0.000e+00
      27822   1159.208      2.694      2.711    29.7644    29.7672   6.004036   6.004521     3.1661     2.6752      50.72   22.27358  -90.04276   -0.00027    0.00058          6  0.000e+00
      27823   1159.250      2.741      2.758    29.7647    29.7673   6.004036   6.004561     3.1661     2.6752      50.72   22.27358  -90.04276   -0.00023    0.00054          6  0.000e+00
      27824   1159.292      2.694      2.711    29.7653    29.7671   6.004100   6.004529     3.1661     2.6752      50.72   22.27358  -90.04276   -0.00018    0.00049          6  0.000e+00
      27825   1159.333      2.741      2.758    29.7662    29.7668   6.004196   6.004521     3.1661     2.6752      50.72   22.27358  -90.04276   -0.00016    0.00045          6  0.000e+00
      27826   1159.375      2.646      2.663    29.7664    29.7667   6.004300   6.004529     3.1661     2.6752      50.74   22.27358  -90.04276   -0.00014    0.00041          6  0.000e+00
      27827   1159.417      2.788      2.806    29.7670    29.7665   6.004284   6.004480     3.1661     2.6752      50.74   22.27358  -90.04276   -0.00011    0.00037          6  0.000e+00
      27828   1159.458      2.687      2.704    29.7672    29.7663   6.004348   6.004472     3.1661     2.6752      50.74   22.27358  -90.04276   -0.00009    0.00033          6  0.000e+00
      27829   1159.500      2.741      2.758    29.7672    29.7663   6.004404   6.004432     3.1661     2.6764      50.74   22.27358  -90.04276   -0.00006    0.00030          6  0.000e+00
      27830   1159.542      2.694      2.711    29.7670    29.7663   6.004420   6.004464     3.1661     2.6752      50.74   22.27358  -90.04276   -0.00005    0.00026          6  0.000e+00
      27831   1159.583      2.741      2.758    29.7668    29.7664   6.004420   6.004472     3.1661     2.6764      50.74   22.27358  -90.04276   -0.00004    0.00026          6  0.000e+00
      27832   1159.625      2.741      2.758    29.7672    29.7663   6.004420   6.004440     3.1673     2.6764      50.74   22.27358  -90.04276   -0.00002    0.00026          6  0.000e+00
      27833   1159.667      2.694      2.711    29.7672    29.7665   6.004380   6.004431     3.1673     2.6764      50.74   22.27358  -90.04276    0.00001    0.00026          6  0.000e+00
      27834   1159.708      2.694      2.710    29.7673    29.7659   6.004372   6.004496     3.1673     2.6764      50.74   22.27358  -90.04276    0.00001    0.00025          6  0.000e+00
      27835   1159.750      2.741      2.758    29.7670    29.7660   6.004324   6.004488     3.1661     2.6777      50.74   22.27358  -90.04276    0.00000    0.00029          6  0.000e+00
      27836   1159.792      2.741      2.758    29.7664    29.7661   6.004316   6.004505     3.1673     2.6777      50.74   22.27358  -90.04276    0.00001    0.00031          6  0.000e+00
      27837   1159.833      2.741      2.758    29.7668    29.7664   6.004324   6.004488     3.1673     2.6777      50.74   22.27358  -90.04276    0.00001    0.00034          6  0.000e+00
      27838   1159.875      2.741      2.758    29.7666    29.7660   6.004324   6.004472     3.1673     2.6777      50.74   22.27358  -90.04276    0.00002    0.00038          6  0.000e+00
      27839   1159.917      2.734      2.751    29.7662    29.7665   6.004284   6.004440     3.1673     2.6789      50.74   22.27358  -90.04276    0.00002    0.00043          6  0.000e+00
      27840   1159.958      2.788      2.806    29.7660    29.7666   6.004228   6.004432     3.1661     2.6789      50.74   22.27358  -90.04276    0.00001    0.00047          6  0.000e+00
      27841   1160.000      2.741      2.758    29.7651    29.7663   6.004188   6.004456     3.1661     2.6789      50.74   22.27358  -90.04276   -0.00001    0.00051          6  0.000e+00
      27842   1160.042      2.741      2.758    29.7646    29.7661   6.004252   6.004472     3.1661     2.6789      50.74   22.27358  -90.04276   -0.00002    0.00054          6  0.000e+00
      27843   1160.083      2.788      2.806    29.7649    29.7659   6.004276   6.004432     3.1661     2.6789      50.74   22.27358  -90.04276   -0.00004    0.00056          6  0.000e+00
      27844   1160.125      2.741      2.758    29.7659    29.7661   6.004276   6.004464     3.1661     2.6789      50.74   22.27358  -90.04276   -0.00005    0.00058          6  0.000e+00
      27845   1160.167      2.788      2.806    29.7662    29.7667   6.004236   6.004513     3.1661     2.6801      50.74   22.27358  -90.04276   -0.00007    0.00062          6  0.000e+00
      27846   1160.208      2.788      2.806    29.7668    29.7672   6.004220   6.004480     3.1661     2.6801      50.74   22.27358  -90.04276   -0.00009    0.00063          6  0.000e+00
      27847   1160.250      2.788      2.806    29.7666    29.7671   6.004332   6.004513     3.1648     2.6789      50.74   22.27358  -90.04276   -0.00010    0.00063          6  0.000e+00
      27848   1160.292      2.788      2.806    29.7672    29.7667   6.004300   6.004448     3.1648     2.6789      50.74   22.27358  -90.04276   -0.00014    0.00063          6  0.000e+00
      27849   1160.333      2.741      2.758    29.7672    29.7664   6.004308   6.004464     3.1648     2.6801      50.74   22.27358  -90.04276   -0.00017    0.00065          6  0.000e+00
      27850   1160.375      2.836      2.853    29.7670    29.7661   6.004252   6.004399     3.1648     2.6801      50.79   22.27358  -90.04276   -0.00020    0.00064          6  0.000e+00
      27851   1160.417      2.788      2.806    29.7664    29.7661   6.004220   6.004415     3.1648     2.6801      50.82   22.27358  -90.04276   -0.00020    0.00064          6  0.000e+00
      27852   1160.458      2.788      2.806    29.7666    29.7664   6.004260   6.004432     3.1648     2.6801      50.79   22.27358  -90.04276   -0.00022    0.00063          6  0.000e+00
      27853   1160.500      2.788      2.806    29.7664    29.7665   6.004236   6.004423     3.1648     2.6789      50.79   22.27358  -90.04276   -0.00023    0.00061          6  0.000e+00
      27854   1160.542      2.788      2.806    29.7664    29.7663   6.004228   6.004350     3.1648     2.6801      50.79   22.27358  -90.04276   -0.00025    0.00058          6  0.000e+00
      27855   1160.583      2.788      2.806    29.7664    29.7664   6.004228   6.004326     3.1648     2.6801      50.79   22.27358  -90.04276   -0.00026    0.00055          6  0.000e+00
      27856   1160.625      2.842      2.860    29.7657    29.7661   6.004180   6.004326     3.1648     2.6801      50.79   22.27358  -90.04276   -0.00027    0.00052          6  0.000e+00
      27857   1160.667      2.788      2.806    29.7657    29.7661   6.004140   6.004358     3.1648     2.6801      50.82   22.27358  -90.04276   -0.00027    0.00049          6  0.000e+00
      27858   1160.708      2.741      2.758    29.7659    29.7659   6.004164   6.004342     3.1648     2.6813      50.79   22.27358  -90.04276   -0.00028    0.00047          6  0.000e+00
      27859   1160.750      2.842      2.860    29.7659    29.7661   6.004180   6.004367     3.1648     2.6813      50.82   22.27358  -90.04276   -0.00028    0.00045          6  0.000e+00
      27860   1160.792      2.788      2.806    29.7657    29.7660   6.004140   6.004448     3.1661     2.6813      50.79   22.27358  -90.04276   -0.00027    0.00043          6  0.000e+00
      27861   1160.833      2.741      2.758    29.7653    29.7663   6.004156   6.004440     3.1673     2.6813      50.82   22.27358  -90.04276   -0.00023    0.00041          6  0.000e+00
      27862   1160.875      2.788      2.806    29.7655    29.7667   6.004172   6.004423     3.1661     2.6813      50.82   22.27358  -90.04276   -0.00021    0.00038          6  0.000e+00
      27863   1160.917      2.788      2.806    29.7657    29.7663   6.004180   6.004496     3.1673     2.6813      50.79   22.27358  -90.04276   -0.00017    0.00036          6  0.000e+00
      27864   1160.958      2.741      2.758    29.7655    29.7661   6.004212   6.004529     3.1661     2.6813      50.79   22.27358  -90.04276   -0.00014    0.00033          6  0.000e+00
      27865   1161.000      2.788      2.806    29.7657    29.7665   6.004156   6.004521     3.1661     2.6813      50.79   22.27358  -90.04276   -0.00012    0.00031          6  0.000e+00
      27866   1161.042      2.788      2.806    29.7655    29.7667   6.004164   6.004488     3.1661     2.6813      50.79   22.27358  -90.04276   -0.00009    0.00030          6  0.000e+00
      27867   1161.083      2.741      2.758    29.7657    29.7668   6.004204   6.004578     3.1673     2.6813      50.82   22.27358  -90.04276   -0.00005    0.00028          6  0.000e+00
      27868   1161.125      2.788      2.806    29.7657    29.7678   6.004188   6.004618     3.1673     2.6825      50.79   22.27358  -90.04276   -0.00001    0.00030          6  0.000e+00
      27869   1161.167      2.741      2.758    29.7657    29.7677   6.004180   6.004651     3.1673     2.6813      50.82   22.27358  -90.04276    0.00003    0.00028          6  0.000e+00
      27870   1161.208      2.741      2.758    29.7657    29.7678   6.004180   6.004594     3.1673     2.6813      50.79   22.27358  -90.04276    0.00007    0.00027          6  0.000e+00
      27871   1161.250      2.741      2.758    29.7659    29.7674   6.004212   6.004610     3.1673     2.6813      50.82   22.27358  -90.04276    0.00010    0.00027          6  0.000e+00
      27872   1161.292      2.741      2.758    29.7660    29.7674   6.004220   6.004578     3.1673     2.6813      50.79   22.27358  -90.04276    0.00012    0.00028          6  0.000e+00
      27873   1161.333      2.734      2.751    29.7660    29.7673   6.004292   6.004570     3.1673     2.6813      50.79   22.27358  -90.04276    0.00015    0.00029          6  0.000e+00
      27874   1161.375      2.693      2.710    29.7666    29.7671   6.004324   6.004569     3.1673     2.6813      50.79   22.27358  -90.04276    0.00017    0.00029          6  0.000e+00
      27875   1161.417      2.741      2.758    29.7666    29.7672   6.004284   6.004537     3.1673     2.6813      50.79   22.27358  -90.04276    0.00019    0.00030          6  0.000e+00
      27876   1161.458      2.741      2.758    29.7670    29.7671   6.004348   6.004521     3.1673     2.6813      50.79   22.27358  -90.04276    0.00022    0.00033          6  0.000e+00
      27877   1161.500      2.693      2.710    29.7672    29.7669   6.004372   6.004488     3.1673     2.6813      50.79   22.27358  -90.04276    0.00024    0.00035          6  0.000e+00
      27878   1161.542      2.693      2.710    29.7673    29.7672   6.004372   6.004440     3.1673     2.6813      50.79   22.27358  -90.04276    0.00024    0.00037          6  0.000e+00
      27879   1161.583      2.693      2.710    29.7673    29.7667   6.004404   6.004383     3.1673     2.6813      50.79   22.27358  -90.04276    0.00026    0.00039          6  0.000e+00
      27880   1161.625      2.693      2.710    29.7672    29.7661   6.004348   6.004415     3.1661     2.6801      50.79   22.27358  -90.04276    0.00027    0.00040          6  0.000e+00
      27881   1161.667      2.693      2.710    29.7675    29.7659   6.004468   6.004383     3.1673     2.6813      50.79   22.27358  -90.04276    0.00029    0.00042          6  0.000e+00
      27882   1161.708      2.646      2.663    29.7675    29.7657   6.004444   6.004375     3.1661     2.6813      50.79   22.27358  -90.04276    0.00029    0.00044          6  0.000e+00
      27883   1161.750      2.741      2.758    29.7673    29.7657   6.004420   6.004342     3.1673     2.6813      50.79   22.27358  -90.04276    0.00031    0.00046          6  0.000e+00
      27884   1161.792      2.687      2.703    29.7672    29.7655   6.004380   6.004358     3.1661     2.6813      50.79   22.27358  -90.04276    0.00031    0.00048          6  0.000e+00
      27885   1161.833      2.693      2.710    29.7670    29.7656   6.004332   6.004375     3.1661     2.6801      50.79   22.27358  -90.04276    0.00032    0.00049          6  0.000e+00
      27886   1161.875      2.693      2.710    29.7670    29.7657   6.004252   6.004334     3.1661     2.6801      50.79   22.27358  -90.04276    0.00032    0.00049          6  0.000e+00
      27887   1161.917      2.646      2.663    29.7664    29.7653   6.004228   6.004326     3.1661     2.6801      50.79   22.27358  -90.04276    0.00032    0.00049          6  0.000e+00
