GOMECC/GOMECC-4/1db/rb2103_0651.ros
* Sea-Bird SBE 9 Data File:
* FileName = C:\Users\scs.user.rb\CTD\GOMECC4\data\rb2103_0651.hex
* Software Version Seasave V 7.26.7.107
* Temperature SN = 4799
* Conductivity SN = 3860
* Number of Bytes Per Scan = 41
* Number of Voltage Words = 4
* Number of Scans Averaged by the Deck Unit = 1
* NMEA Latitude = 26 03.47 N
* NMEA Longitude = 096 19.52 W
* NMEA UTC (Time) = Oct 02 2021  07:20:22
* NMEA baud rate = 4800
# nquan = 17
# nvalues = 1463                                  
# units = specified
# name 0 = scan: Scan Count
# name 1 = timeS: Time, Elapsed [seconds]
# name 2 = depSM: Depth [salt water, m]
# name 3 = prDM: Pressure, Digiquartz [db]
# name 4 = t090C: Temperature [ITS-90, deg C]
# name 5 = t190C: Temperature, 2 [ITS-90, deg C]
# name 6 = c0S/m: Conductivity [S/m]
# name 7 = c1S/m: Conductivity, 2 [S/m]
# name 8 = sbeox0V: Oxygen raw, SBE 43 [V]
# name 9 = sbeox1V: Oxygen raw, SBE 43, 2 [V]
# name 10 = altM: Altimeter [m]
# name 11 = latitude: Latitude [deg]
# name 12 = longitude: Longitude [deg]
# name 13 = sbox0dV/dT: Oxygen, SBE 43 [dov/dt]
# name 14 = sbox1dV/dT: Oxygen, SBE 43, 2 [dov/dt]
# name 15 = nbf: Bottles Fired
# name 16 = flag:  0.000e+00
# interval = seconds: 0.0416667
# start_time = Oct 02 2021 07:20:22 [NMEA time, header]
# bad_flag = -9.990e-29
*END*
[from data line 341]
      21471    894.583    119.739    120.558    17.8780    17.8841   4.742831   4.743262     1.8840     1.5568      69.18   26.05890  -96.32600    0.00075   -0.00015          3  0.000e+00
      21472    894.625    119.759    120.579    17.8782    17.8802   4.742875   4.742741     1.8840     1.5580      69.18   26.05890  -96.32600    0.00076   -0.00012          3  0.000e+00
      21473    894.667    119.759    120.579    17.8775    17.8766   4.742766   4.742344     1.8840     1.5568      69.18   26.05890  -96.32600    0.00077   -0.00012          3  0.000e+00
      21474    894.708    119.739    120.559    17.8754    17.8736   4.742519   4.742080     1.8840     1.5568      69.18   26.05890  -96.32600    0.00077   -0.00011          3  0.000e+00
      21475    894.750    119.705    120.524    17.8734    17.8714   4.742237   4.741866     1.8840     1.5580      69.18   26.05890  -96.32600    0.00077   -0.00008          3  0.000e+00
      21476    894.792    119.759    120.579    17.8720    17.8696   4.742106   4.741661     1.8840     1.5580      69.18   26.05890  -96.32600    0.00078   -0.00005          3  0.000e+00
      21477    894.833    119.759    120.579    17.8705    17.8687   4.741997   4.741617     1.8840     1.5580      69.18   26.05890  -96.32600    0.00079   -0.00002          3  0.000e+00
      21478    894.875    119.739    120.559    17.8696    17.8684   4.741903   4.741639     1.8840     1.5580      69.18   26.05890  -96.32600    0.00079    0.00000          3  0.000e+00
      21479    894.917    119.759    120.579    17.8694    17.8680   4.741889   4.741653     1.8840     1.5580      69.01   26.05890  -96.32600    0.00078    0.00003          3  0.000e+00
      21480    894.958    119.705    120.524    17.8699    17.8680   4.741947   4.741624     1.8840     1.5580      68.06   26.05890  -96.32600    0.00079    0.00006          3  0.000e+00
      21481    895.000    119.739    120.559    17.8706    17.8687   4.742077   4.741793     1.8828     1.5568      67.64   26.05890  -96.32600    0.00075    0.00007          3  0.000e+00
      21482    895.042    119.759    120.579    17.8724    17.8696   4.742244   4.741947     1.8840     1.5580      67.62   26.05890  -96.32600    0.00074    0.00010          3  0.000e+00
      21483    895.083    119.759    120.579    17.8725    17.8707   4.742345   4.742094     1.8840     1.5580      67.67   26.05890  -96.32600    0.00074    0.00012          3  0.000e+00
      21484    895.125    119.685    120.504    17.8727    17.8725   4.742454   4.742315     1.8840     1.5580      67.67   26.05890  -96.32600    0.00074    0.00015          3  0.000e+00
      21485    895.167    119.759    120.579    17.8765    17.8755   4.742701   4.742586     1.8840     1.5580      67.67   26.05890  -96.32600    0.00072    0.00018          3  0.000e+00
      21486    895.208    119.658    120.477    17.8787    17.8781   4.742983   4.742807     1.8840     1.5568      67.67   26.05890  -96.32600    0.00072    0.00019          3  0.000e+00
      21487    895.250    119.759    120.579    17.8796    17.8804   4.743172   4.743035     1.8840     1.5568      67.67   26.05890  -96.32600    0.00072    0.00019          3  0.000e+00
      21488    895.292    119.685    120.504    17.8804    17.8816   4.743179   4.743218     1.8840     1.5568      67.67   26.05890  -96.32600    0.00072    0.00020          3  0.000e+00
      21489    895.333    119.705    120.524    17.8803    17.8823   4.743201   4.743380     1.8840     1.5568      67.67   26.05890  -96.32600    0.00072    0.00021          3  0.000e+00
      21490    895.375    119.705    120.524    17.8810    17.8832   4.743266   4.743446     1.8840     1.5568      67.67   26.05890  -96.32600    0.00071    0.00022          3  0.000e+00
      21491    895.417    119.637    120.456    17.8816    17.8839   4.743382   4.743549     1.8840     1.5568      67.67   26.05890  -96.32600    0.00071    0.00023          3  0.000e+00
      21492    895.458    119.705    120.524    17.8825    17.8847   4.743476   4.743608     1.8840     1.5568      67.67   26.05890  -96.32600    0.00070    0.00024          3  0.000e+00
      21493    895.500    119.658    120.477    17.8829    17.8843   4.743643   4.743593     1.8840     1.5568      67.67   26.05890  -96.32600    0.00070    0.00024          3  0.000e+00
      21494    895.542    119.637    120.456    17.8832    17.8842   4.743723   4.743644     1.8840     1.5568      67.67   26.05890  -96.32600    0.00069    0.00025          3  0.000e+00
      21495    895.583    119.705    120.524    17.8834    17.8839   4.743737   4.743688     1.8840     1.5568      67.67   26.05890  -96.32600    0.00069    0.00026          3  0.000e+00
      21496    895.625    119.610    120.429    17.8837    17.8832   4.743853   4.743725     1.8840     1.5568      67.67   26.05890  -96.32600    0.00068    0.00027          3  0.000e+00
      21497    895.667    119.590    120.408    17.8866    17.8837   4.743955   4.743828     1.8828     1.5568      67.67   26.05890  -96.32600    0.00065    0.00028          3  0.000e+00
      21498    895.708    119.658    120.477    17.8885    17.8844   4.744216   4.743953     1.8840     1.5568      67.67   26.05890  -96.32600    0.00064    0.00029          3  0.000e+00
      21499    895.750    119.658    120.477    17.8906    17.8861   4.744448   4.744100     1.8840     1.5568      67.67   26.05890  -96.32600    0.00063    0.00030          3  0.000e+00
      21500    895.792    119.610    120.429    17.8914    17.8879   4.744469   4.744291     1.8840     1.5568      67.64   26.05890  -96.32600    0.00062    0.00030          3  0.000e+00
      21501    895.833    119.590    120.408    17.8922    17.8893   4.744520   4.744460     1.8840     1.5568      67.67   26.05890  -96.32600    0.00061    0.00031          3  0.000e+00
      21502    895.875    119.556    120.374    17.8922    17.8914   4.744506   4.744592     1.8828     1.5568      67.67   26.05890  -96.32600    0.00058    0.00032          3  0.000e+00
      21503    895.917    119.610    120.429    17.8923    17.8920   4.744556   4.744717     1.8840     1.5568      67.69   26.05890  -96.32600    0.00057    0.00033          3  0.000e+00
      21504    895.958    119.590    120.408    17.8930    17.8925   4.744636   4.744717     1.8828     1.5568      67.79   26.05890  -96.32600    0.00054    0.00036          3  0.000e+00
      21505    896.000    119.509    120.326    17.8932    17.8925   4.744629   4.744710     1.8828     1.5568      67.81   26.05890  -96.32600    0.00053    0.00036          3  0.000e+00
      21506    896.042    119.556    120.374    17.8928    17.8929   4.744585   4.744710     1.8840     1.5568      67.84   26.05890  -96.32600    0.00052    0.00037          3  0.000e+00
      21507    896.083    119.536    120.354    17.8925    17.8925   4.744549   4.744710     1.8840     1.5568      67.84   26.05890  -96.32600    0.00052    0.00038          3  0.000e+00
      21508    896.125    119.509    120.326    17.8927    17.8918   4.744542   4.744636     1.8840     1.5568      67.84   26.05890  -96.32600    0.00051    0.00039          3  0.000e+00
      21509    896.167    119.556    120.374    17.8927    17.8912   4.744564   4.744526     1.8840     1.5568      67.84   26.05890  -96.32600    0.00051    0.00040          3  0.000e+00
      21510    896.208    119.509    120.326    17.8925    17.8917   4.744578   4.744504     1.8828     1.5568      67.81   26.05890  -96.32600    0.00049    0.00041          3  0.000e+00
      21511    896.250    119.488    120.306    17.8932    17.8918   4.744636   4.744533     1.8828     1.5568      67.81   26.05890  -96.32600    0.00046    0.00042          3  0.000e+00
      21512    896.292    119.509    120.326    17.8933    17.8918   4.744658   4.744511     1.8840     1.5568      67.84   26.05890  -96.32600    0.00045    0.00041          3  0.000e+00
      21513    896.333    119.461    120.279    17.8937    17.8914   4.744716   4.744438     1.8828     1.5568      67.84   26.05890  -96.32600    0.00041    0.00042          3  0.000e+00
      21514    896.375    119.488    120.306    17.8941    17.8901   4.744803   4.744394     1.8840     1.5568      67.84   26.05890  -96.32600    0.00040    0.00041          3  0.000e+00
      21515    896.417    119.461    120.279    17.8950    17.8894   4.744912   4.744350     1.8828     1.5568      67.84   26.05890  -96.32600    0.00036    0.00042          3  0.000e+00
      21516    896.458    119.461    120.279    17.8953    17.8891   4.744875   4.744342     1.8828     1.5568      67.84   26.05890  -96.32600    0.00034    0.00042          3  0.000e+00
      21517    896.500    119.387    120.204    17.8953    17.8896   4.744767   4.744313     1.8828     1.5568      67.84   26.05890  -96.32600    0.00033    0.00043          3  0.000e+00
      21518    896.542    119.461    120.279    17.8941    17.8893   4.744651   4.744269     1.8840     1.5568      67.81   26.05890  -96.32600    0.00031    0.00042          3  0.000e+00
      21519    896.583    119.407    120.224    17.8928    17.8893   4.744556   4.744291     1.8828     1.5568      67.81   26.05890  -96.32600    0.00027    0.00043          3  0.000e+00
      21520    896.625    119.441    120.258    17.8925    17.8891   4.744506   4.744327     1.8840     1.5568      67.84   26.05890  -96.32600    0.00027    0.00042          3  0.000e+00
      21521    896.667    119.407    120.224    17.8928    17.8893   4.744527   4.744342     1.8828     1.5568      67.81   26.05890  -96.32600    0.00024    0.00041          3  0.000e+00
      21522    896.708    119.407    120.224    17.8936    17.8891   4.744564   4.744313     1.8828     1.5568      67.84   26.05890  -96.32600    0.00022    0.00040          3  0.000e+00
      21523    896.750    119.387    120.204    17.8939    17.8891   4.744607   4.744305     1.8828     1.5568      67.84   26.05890  -96.32600    0.00018    0.00039          3  0.000e+00
      21524    896.792    119.360    120.176    17.8941    17.8889   4.744621   4.744327     1.8828     1.5556      67.84   26.05890  -96.32600    0.00014    0.00036          3  0.000e+00
      21525    896.833    119.407    120.224    17.8939    17.8887   4.744680   4.744276     1.8828     1.5568      67.84   26.05890  -96.32600    0.00012    0.00035          3  0.000e+00
      21526    896.875    119.360    120.176    17.8937    17.8891   4.744701   4.744232     1.8840     1.5556      67.84   26.05890  -96.32600    0.00012    0.00032          3  0.000e+00
      21527    896.917    119.387    120.204    17.8942    17.8891   4.744788   4.744217     1.8828     1.5568      67.84   26.05890  -96.32600    0.00010    0.00031          3  0.000e+00
      21528    896.958    119.360    120.176    17.8951    17.8894   4.744883   4.744217     1.8828     1.5568      67.96   26.05890  -96.32600    0.00008    0.00029          3  0.000e+00
      23899    995.750     89.671     90.278    19.5600    19.5540   4.923066   4.922555     2.0147     1.6728      97.41   26.05906  -96.32606   -0.00015   -0.00089          4  0.000e+00
      23900    995.792     89.719     90.326    19.5605    19.5544   4.923118   4.922578     2.0147     1.6728      97.41   26.05904  -96.32606   -0.00015   -0.00085          4  0.000e+00
      23901    995.833     89.671     90.278    19.5609    19.5540   4.923096   4.922555     2.0147     1.6728      97.41   26.05904  -96.32606   -0.00016   -0.00082          4  0.000e+00
      23902    995.875     89.671     90.278    19.5612    19.5542   4.923213   4.922578     2.0147     1.6728      97.44   26.05904  -96.32606   -0.00017   -0.00079          4  0.000e+00
      23903    995.917     89.719     90.326    19.5613    19.5545   4.923191   4.922593     2.0147     1.6728      97.41   26.05904  -96.32606   -0.00017   -0.00076          4  0.000e+00
      23904    995.958     89.671     90.278    19.5614    19.5547   4.923199   4.922593     2.0147     1.6728      97.44   26.05904  -96.32606   -0.00018   -0.00072          4  0.000e+00
      23905    996.000     89.624     90.231    19.5615    19.5549   4.923243   4.922682     2.0147     1.6728      97.44   26.05904  -96.32606   -0.00020   -0.00069          4  0.000e+00
      23906    996.042     89.719     90.326    19.5615    19.5549   4.923258   4.922682     2.0159     1.6728      97.44   26.05904  -96.32606   -0.00020   -0.00066          4  0.000e+00
      23907    996.083     89.671     90.278    19.5624    19.5556   4.923316   4.922734     2.0159     1.6728      97.44   26.05904  -96.32606   -0.00019   -0.00062          4  0.000e+00
      23908    996.125     89.624     90.231    19.5634    19.5574   4.923397   4.922816     2.0147     1.6728      97.44   26.05904  -96.32606   -0.00019   -0.00059          4  0.000e+00
      23909    996.167     89.671     90.278    19.5636    19.5584   4.923412   4.922899     2.0147     1.6728      97.44   26.05904  -96.32606   -0.00020   -0.00055          4  0.000e+00
      23910    996.208     89.671     90.278    19.5640    19.5584   4.923383   4.922943     2.0147     1.6728      97.44   26.05904  -96.32606   -0.00022   -0.00052          4  0.000e+00
      23911    996.250     89.624     90.231    19.5641    19.5586   4.923442   4.922988     2.0147     1.6728      97.44   26.05904  -96.32606   -0.00022   -0.00048          4  0.000e+00
      23912    996.292     89.624     90.231    19.5636    19.5588   4.923397   4.922966     2.0147     1.6728      97.44   26.05904  -96.32606   -0.00023   -0.00044          4  0.000e+00
      23913    996.333     89.671     90.278    19.5635    19.5580   4.923375   4.922891     2.0147     1.6728      97.44   26.05904  -96.32606   -0.00025   -0.00041          4  0.000e+00
      23914    996.375     89.624     90.231    19.5645    19.5580   4.923442   4.922906     2.0159     1.6728      97.44   26.05904  -96.32606   -0.00025   -0.00037          4  0.000e+00
      23915    996.417     89.624     90.231    19.5655    19.5590   4.923552   4.922981     2.0147     1.6728      97.44   26.05904  -96.32606   -0.00026   -0.00033          4  0.000e+00
      23916    996.458     89.624     90.231    19.5662    19.5591   4.923589   4.923003     2.0147     1.6728      97.44   26.05904  -96.32606   -0.00026   -0.00030          4  0.000e+00
      23917    996.500     89.624     90.231    19.5662    19.5597   4.923589   4.923063     2.0147     1.6728      97.44   26.05904  -96.32606   -0.00026   -0.00026          4  0.000e+00
      23918    996.542     89.624     90.231    19.5664    19.5597   4.923611   4.923175     2.0147     1.6728      97.44   26.05904  -96.32606   -0.00027   -0.00022          4  0.000e+00
      23919    996.583     89.570     90.176    19.5664    19.5598   4.923685   4.923145     2.0147     1.6728      97.44   26.05904  -96.32606   -0.00027   -0.00018          4  0.000e+00
      23920    996.625     89.624     90.231    19.5666    19.5597   4.923707   4.923152     2.0147     1.6740      97.44   26.05904  -96.32606   -0.00027   -0.00013          4  0.000e+00
      23921    996.667     89.482     90.087    19.5666    19.5593   4.923677   4.923137     2.0147     1.6728      97.44   26.05904  -96.32606   -0.00027   -0.00009          4  0.000e+00
      23922    996.708     89.671     90.278    19.5666    19.5602   4.923692   4.923152     2.0147     1.6740      97.44   26.05904  -96.32606   -0.00027   -0.00003          4  0.000e+00
      23923    996.750     89.570     90.176    19.5666    19.5607   4.923699   4.923137     2.0147     1.6740      97.44   26.05904  -96.32606   -0.00027    0.00003          4  0.000e+00
      23924    996.792     89.624     90.231    19.5662    19.5610   4.923640   4.923219     2.0147     1.6740      97.44   26.05904  -96.32606   -0.00027    0.00008          4  0.000e+00
