GOMECC/GOMECC-4/1db/rb2103_0871.cnv
* Sea-Bird SBE 9 Data File:
* FileName = C:\Users\scs.user.rb\CTD\GOMECC4\data\rb2103_0871.hex
* Software Version Seasave V 7.26.7.107
* Temperature SN = 4799
* Conductivity SN = 3860
* Number of Bytes Per Scan = 41
* Number of Voltage Words = 4
* Number of Scans Averaged by the Deck Unit = 1
* NMEA Latitude = 19 36.52 N
* NMEA Longitude = 093 30.02 W
* NMEA UTC (Time) = Oct 08 2021  13:21:27
* NMEA baud rate = 4800
# nquan = 28
# nvalues = 558                         
# units = specified
# name 0 = scan: Scan Count
# name 1 = timeS: Time, Elapsed [seconds]
# name 2 = depSM: Depth [salt water, m]
# name 3 = prDM: Pressure, Digiquartz [db]
# name 4 = t090C: Temperature [ITS-90, deg C]
# name 5 = t190C: Temperature, 2 [ITS-90, deg C]
# name 6 = c0S/m: Conductivity [S/m]
# name 7 = c1S/m: Conductivity, 2 [S/m]
# name 8 = sbeox0V: Oxygen raw, SBE 43 [V]
# name 9 = sbeox1V: Oxygen raw, SBE 43, 2 [V]
# name 10 = altM: Altimeter [m]
# name 11 = latitude: Latitude [deg]
# name 12 = longitude: Longitude [deg]
# name 13 = sbox0dV/dT: Oxygen, SBE 43 [dov/dt]
# name 14 = sbox1dV/dT: Oxygen, SBE 43, 2 [dov/dt]
# name 15 = sbeox0ML/L: Oxygen, SBE 43 [ml/l], WS = 5
# name 16 = sbeox1ML/L: Oxygen, SBE 43, 2 [ml/l], WS = 5
# name 17 = potemp090C: Potential Temperature [ITS-90, deg C]
# name 18 = potemp190C: Potential Temperature, 2 [ITS-90, deg C]
# name 19 = sal00: Salinity, Practical [PSU]
# name 20 = sal11: Salinity, Practical, 2 [PSU]
# name 21 = sigma-é00: Density [sigma-theta, kg/m^3]
# name 22 = sigma-é11: Density, 2 [sigma-theta, kg/m^3]
# name 23 = avgsvCM: Average Sound Velocity [Chen-Millero, m/s], minP = 20, minS = 20
# name 24 = sbox0Mm/Kg: Oxygen, SBE 43 [umol/kg], WS = 5
# name 25 = sbox1Mm/Kg: Oxygen, SBE 43, 2 [umol/kg], WS = 5
# name 26 = nbin: number of scans per bin
# name 27 = flag: flag
# span 0 =      11571,     289965       
# span 1 =    482.066,  12080.850       
# span 2 =      0.994,   1069.657       
# span 3 =      1.000,   1079.000       
# span 4 =     5.7479,   733.3795       
# span 5 =     5.7482,   733.3628       
# span 6 =   3.448979, 143.711076       
# span 7 =   3.449236, 143.702677       
# span 8 =     1.5673,    77.4810       
# span 9 =     1.2714,    65.4473       
# span 10 =      10.22,    2494.23      
# span 11 =   19.22188,  489.09019      
# span 12 =-2332.12115,  -91.65536      
# span 13 =   -0.04472,    0.02501      
# span 14 =   -0.04320,    0.01656      
# span 15 =     2.3797,   107.0731      
# span 16 =     2.3936,   106.5382      
# span 17 =     5.6509,   733.3536      
# span 18 =     5.6512,   733.3369      
# span 19 =    34.2446,   871.2106      
# span 20 =    34.2458,   871.1649      
# span 21 =    21.4479,   545.6343      
# span 22 =    21.4484,   545.6059      
# span 23 =       0.00,    1545.39      
# span 24 =    103.478,   4679.510      
# span 25 =    104.082,   4656.149      
# span 26 =         30,         74      
# span 27 = 0.0000e+00, 0.0000e+00      
# interval = decibars: 1                
# start_time = Oct 08 2021 13:21:27 [NMEA time, header]
# bad_flag = -9.990e-29
*END*
     289965  12080.850    104.980      3.000   733.3795   733.3628 143.711076 143.702677    77.4810    65.4473    2494.23  489.09019-2332.12115    0.00980   -0.01493   107.0731   106.5382   733.3536   733.3369   871.2106   871.1649   545.6343   545.6059       0.00   4679.510   4656.149         38 0.0000e+00
      11571    482.066      4.969      5.000    28.8228    28.8240   5.648796   5.649091     3.0459     2.5754      98.03   19.22188  -91.65536 9.2603e-07    0.00047     4.2099     4.1938    28.8216    28.8228    34.2446    34.2458    21.4479    21.4484       0.00    183.990    183.284         30 0.0000e+00
      11942    497.521      5.964      6.000    29.4075    29.4091   5.764151   5.764616     3.1073     2.6280     100.00   19.60883  -93.50051    0.00038    0.00157     4.2947     4.2796    29.4060    29.4077    34.9417    34.9432    21.8841    21.8846       0.00    187.696    187.033         36 0.0000e+00
      12351    514.564      8.945      9.000    29.5030    29.5036   5.784417   5.784443     3.1179     2.6350      87.79   19.64695  -93.68222   -0.00013   -0.00092     4.3089     4.2897    29.5008    29.5014    35.0424    35.0425    21.9384    21.9383       0.00    188.313    187.472         51 0.0000e+00
      12456    518.978     10.933     11.000    29.3701    29.3626   5.755502   5.755750     3.1003     2.6195      68.46   19.51547  -93.05533    0.00008    0.00165     4.2898     4.2669    29.3674    29.3599    34.8815    34.8712    21.8315    21.8247       0.00    187.473    186.476         50 0.0000e+00
      12573    523.838     11.927     12.000    29.4767    29.4776   5.784601   5.784833     3.1137     2.6313      99.54   19.60884  -93.50052    0.00051   -0.00055     4.3019     4.2822    29.4737    29.4747    35.0295    35.0302    21.9271    21.9273       0.00    188.002    187.140         52 0.0000e+00
      12638    526.548     12.921     13.000    29.4732    29.4736   5.785224   5.785341     3.1156     2.6307     100.02   19.60884  -93.50052    0.00030   -0.00009     4.3060     4.2818    29.4700    29.4704    35.0358    35.0363    21.9330    21.9332       0.00    188.178    187.122         47 0.0000e+00
      12686    528.528     13.914     14.000    29.5209    29.5210   5.795391   5.795526     3.1151     2.6297     100.00   19.60884  -93.50052    0.00029   -0.00018     4.3011     4.2764    29.5175    29.5176    35.0701    35.0702    21.9428    21.9427       0.00    187.964    186.881         52 0.0000e+00
      12733    530.513     14.908     15.000    29.5792    29.5785   5.807926   5.807752     3.1158     2.6338      60.35   19.60884  -93.50052   -0.00018    0.00040     4.2974     4.2795    29.5755    29.5748    35.1128    35.1122    21.9551    21.9549       0.00    187.801    187.016         39 0.0000e+00
      12772    532.132     15.902     16.000    29.5830    29.5866   5.815298   5.815251     3.1137     2.6338      44.10   19.60884  -93.50052   -0.00030    0.00144     4.2924     4.2781    29.5920    29.5827    35.1507    35.1488    21.9780    21.9759       0.00    187.574    186.950         44 0.0000e+00
      12825    534.332     16.896     17.000    29.5293    29.5314   5.867273   5.867432     3.1186     2.6363      88.81   19.60884  -93.50052    0.00041    0.00049     4.2978     4.2792    29.5234    29.5273    35.5553    35.5548    22.3048    22.3037       0.00    187.752    186.941         54 0.0000e+00
      12870    536.219     17.890     18.000    29.5185    29.5204   5.867994   5.868299     3.1248     2.6407      96.42   19.60884  -93.50052    0.00337    0.00203     4.3094     4.2880    29.5152    29.5160    35.5659    35.5667    22.3155    22.3156       0.00    188.256    187.322         44 0.0000e+00
      12923    538.403     18.884     19.000    29.4854    29.4886   5.876375   5.876609     3.1251     2.6418     100.11   19.60884  -93.50052    0.00111    0.00152     4.3106     4.2918    29.4837    29.4840    35.6461    35.6460    22.3864    22.3856       0.00    188.295    187.474         55 0.0000e+00
      12968    540.281     19.877     20.000    29.3895    29.3945   5.875217   5.875613     3.1265     2.6416      95.90   19.60884  -93.50052    0.00069   -0.00030     4.3199     4.2975    29.3769    29.3897    35.7170    35.7176    22.4758    22.4752     776.80    188.686    187.707         38 0.0000e+00
      13009    541.987     20.871     21.000    29.3204    29.3239   5.872013   5.872474     3.1307     2.6487      97.05   19.60884  -93.50052    0.00135    0.00149     4.3320     4.3158    29.3150    29.3187    35.7407    35.7413    22.5144    22.5137    1521.50    189.209    188.500         47 0.0000e+00
      13059    544.084     21.865     22.000    29.2128    29.2180   5.864131   5.864683     3.1312     2.6526     100.09   19.60884  -93.50052    0.00145    0.00335     4.3409     4.3309    29.2075    29.2126    35.7663    35.7663    22.5699    22.5681    1545.39    189.587    189.148         48 0.0000e+00
      13102    545.860     22.859     23.000    29.0330    29.0390   5.859070   5.859542     3.1319     2.6514      96.11   19.60884  -93.50052   -0.00002    0.00059     4.3544     4.3366    29.0274    29.0334    35.8607    35.8598    22.7012    22.6986    1545.37    190.156    189.384         40 0.0000e+00
      13142    547.532     23.853     24.000    28.9015    28.9038   5.851303   5.851675     3.1376     2.6565      78.61   19.60884  -93.50052    0.00158    0.00065     4.3739     4.3584    28.8957    28.8980    35.9106    35.9115    22.7829    22.7828    1545.35    190.988    190.313         44 0.0000e+00
      13193    549.674     24.846     25.000    28.6949    28.7058   5.837261   5.838426     3.1386     2.6573     101.02   19.60884  -93.50052    0.00192    0.00187     4.3919     4.3728    28.6889    28.6998    35.9733    35.9717    22.8991    22.8942    1545.32    191.752    190.918         51 0.0000e+00
      13234    551.369     25.840     26.000    27.7524    27.7736   5.759991   5.761989     3.1221     2.6513     100.00   19.60884  -93.50052   -0.00312   -0.00062     4.4302     4.4256    27.7463    27.7675    36.1465    36.1443    23.3401    23.3316    1545.21    193.342    193.141         34 0.0000e+00
      13275    553.094     26.834     27.000    27.5735    27.5774   5.744700   5.745416     3.1200     2.6490     100.00   19.60884  -93.50052   -0.00591   -0.00290     4.4403     4.4351    27.5672    27.5711    36.1759    36.1779    23.4206    23.4209    1545.10    193.764    193.538         54 0.0000e+00
      13330    555.363     27.828     28.000    27.5002    27.5064   5.738257   5.738800     3.1195     2.6487     100.00   19.60884  -93.50052    0.00064    0.00041     4.4455     4.4403    27.4937    27.4999    36.1864    36.1855    23.4524    23.4498    1544.98    193.984    193.758         44 0.0000e+00
      13368    556.963     28.822     29.000    27.3010    27.3203   5.725325   5.727055     3.1108     2.6463     100.00   19.60884  -93.50052   -0.00236   -0.00101     4.4452     4.4480    27.3035    27.3136    36.2414    36.2396    23.5554    23.5481    1544.87    193.956    194.078         41 0.0000e+00
      13414    558.862     29.815     30.000    26.4157    26.4530   5.630059   5.634247     3.0935     2.6341      96.96   19.60884  -93.50052   -0.00635   -0.00253     4.4819     4.4861    26.4088    26.4462    36.2549    36.2559    23.8516    23.8405    1544.74    195.498    195.684         48 0.0000e+00
      13460    560.812     30.809     31.000    25.6489    25.6734   5.547150   5.550074     3.0678     2.6062      99.97   19.60884  -93.50052   -0.01078   -0.01080     4.4966     4.4888    25.6420    25.6666    36.2553    36.2573    24.0923    24.0862    1544.53    196.092    195.754         47 0.0000e+00
      13507    562.740     31.803     32.000    24.8948    24.9103   5.467491   5.469328     3.0363     2.5824     100.00   19.60884  -93.50052   -0.01453   -0.01312     4.4978     4.4955    24.8879    24.9033    36.2672    36.2685    24.3333    24.3295    1544.29    196.099    196.004         43 0.0000e+00
      13549    564.490     32.797     33.000    24.5915    24.5993   5.435808   5.436968     3.0066     2.5569      81.35   19.60884  -93.50052   -0.01740   -0.01403     4.4654     4.4662    24.5844    24.5922    36.2741    36.2766    24.4309    24.4304    1544.03    194.669    194.704         43 0.0000e+00
      13597    566.486     33.790     34.000    24.2642    24.2855   5.402292   5.404604     2.9822     2.5396      93.88   19.60884  -93.50052   -0.01417   -0.01110     4.4499     4.4573    24.2570    24.2783    36.2842    36.2849    24.5369    24.5311    1543.76    193.974    194.294         52 0.0000e+00
      13643    568.423     34.784     35.000    23.6900    23.7045   5.341701   5.343557     2.9425     2.5033     100.16   19.60884  -93.50052   -0.01584   -0.01301     4.4136     4.4191    23.6827    23.6971    36.2933    36.2956    24.7151    24.7125    1543.47    192.359    192.598         39 0.0000e+00
      13683    570.065     35.778     36.000    23.5751    23.5803   5.330106   5.331063     2.9159     2.4796      99.80   19.60884  -93.50052   -0.01942   -0.01743     4.3707     4.3770    23.5676    23.5728    36.2983    36.3014    24.7527    24.7535    1543.18    190.480    190.755         45 0.0000e+00
      13732    572.115     36.772     37.000    23.4303    23.4365   5.315293   5.316316     2.8911     2.4603      99.90   19.60884  -93.50052   -0.01415   -0.01174     4.3335     4.3461    23.4226    23.4288    36.3031    36.3059    24.7991    24.7993    1542.89    188.849    189.400         48 0.0000e+00
      13774    573.891     37.765     38.000    23.2811    23.2905   5.299751   5.301043     2.8736     2.4425     100.00   19.60884  -93.50054   -0.01112   -0.00933     4.3109     4.3184    23.2733    23.2826    36.3059    36.3081    24.8449    24.8438    1542.61    187.859    188.183         41 0.0000e+00
      13818    575.726     38.759     39.000    22.9482    22.9655   5.264101   5.266224     2.8479     2.4224      96.23   19.60884  -93.50054   -0.01144   -0.01029     4.2833     4.2968    22.9403    22.9575    36.3047    36.3068    24.9408    24.9375    1542.34    186.636    187.224         46 0.0000e+00
      13863    577.590     39.753     40.000    22.7033    22.7176   5.237785   5.239542     2.8212     2.3975      21.23   19.60884  -93.50054   -0.01419   -0.01215     4.2531     4.2629    22.6952    22.7094    36.3027    36.3045    25.0100    25.0073    1542.05    185.307    185.736         43 0.0000e+00
      13908    579.439     40.746     41.000    22.4341    22.4429   5.208774   5.210117     2.7897     2.3685      97.33   19.60884  -93.50054   -0.01556   -0.01430     4.2114     4.2192    22.4258    22.4347    36.2995    36.3027    25.0848    25.0847    1541.76    183.477    183.820         47 0.0000e+00
      13955    581.402     41.740     42.000    22.1694    22.1826   5.178727   5.180456     2.7724     2.3546     100.01   19.60884  -93.50054   -0.01409   -0.01266     4.1979     4.2085    22.1610    22.1742    36.2840    36.2866    25.1483    25.1465    1541.47    182.880    183.341         46 0.0000e+00
      13998    583.227     42.734     43.000    21.9199    21.9215   5.151061   5.151835     2.7673     2.3515     100.00   19.60884  -93.50054   -0.00538   -0.00378     4.2123     4.2247    21.9113    21.9130    36.2742    36.2762    25.2114    25.2115    1541.23    183.496    184.036         41 0.0000e+00
      14040    584.938     43.728     44.000    21.7800    21.7828   5.135757   5.136425     2.7515     2.3380     100.00   19.60884  -93.50053   -0.00542   -0.00413     4.1877     4.2026    21.7713    21.7741    36.2699    36.2728    25.2474    25.2488    1540.90    182.416    183.068         45 0.0000e+00
      14092    587.136     44.721     45.000    21.7565    21.7565   5.133700   5.134052     2.7348     2.3226     100.00   19.60884  -93.50052   -0.00879   -0.00803     4.1555     4.1699    21.7476    21.7476    36.2730    36.2758    25.2564    25.2585    1540.60    181.014    181.640         51 0.0000e+00
      14131    588.756     45.715     46.000    21.7101    21.7183   5.128971   5.130083     2.7287     2.3199      56.43   19.60884  -93.50052   -0.00598   -0.00498     4.1470     4.1671    21.7010    21.7092    36.2741    36.2760    25.2703    25.2694    1540.33    180.642    181.518         33 0.0000e+00
      14171    590.410     46.709     47.000    21.5119    21.5191   5.108179   5.109158     2.7089     2.2980      94.67   19.60884  -93.50052   -0.00651   -0.00530     4.1214     4.1321    21.5027    21.5099    36.2751    36.2768    25.3263    25.3256    1540.07    179.518    179.984         53 0.0000e+00
      14226    592.712     47.702     48.000    21.3764    21.3823   5.097530   5.098137     2.6518     2.2415     100.15   19.60884  -93.50052   -0.01948   -0.02029     4.0142     4.0135    21.3671    21.3730    36.3042    36.3040    25.3861    25.3843    1539.81    174.834    174.808         45 0.0000e+00
      14263    594.264     48.696     49.000    21.3053    21.3095   5.094307   5.094898     2.5824     2.1715     100.00   19.60884  -93.50052   -0.02947   -0.02938     3.8749     3.8583    21.2958    21.2999    36.3383    36.3395    25.4317    25.4315    1539.55    168.763    168.039         36 0.0000e+00
      14305    595.980     49.690     50.000    21.2485    21.2508   5.090257   5.090657     2.5000     2.0973     100.00   19.60884  -93.50052   -0.04472   -0.04320     3.7077     3.6925    21.2388    21.2411    36.3530    36.3549    25.4587    25.4596    1539.30    161.473    160.814         48 0.0000e+00
      14358    598.211     50.683     51.000    21.2160    21.2175   5.087369   5.087760     2.4400     2.0481     100.00   19.60882  -93.50052   -0.03760   -0.03247     3.5853     3.5823    21.2061    21.2076    36.3577    36.3596    25.4713    25.4723    1539.06    156.144    156.012         54 0.0000e+00
      14425    601.013     52.671     53.000    21.0191    21.0227   5.065177   5.065927     2.4005     2.0192      99.90   19.59019  -93.41167   -0.01176   -0.00854     3.5183     3.5300    21.0089    21.0125    36.3377    36.3393    25.5077    25.5079    1537.12    153.218    153.726         43 0.0000e+00
      14494    603.859     53.664     54.000    20.9781    20.9797   5.063308   5.063760     2.3798     2.0006     100.00   19.60882  -93.50052   -0.01027   -0.00851     3.4789     3.4916    20.9689    20.9697    36.3644    36.3665    25.5416    25.5427    1538.38    151.500    152.050         58 0.0000e+00
      14536    605.611     54.658     55.000    20.9369    20.9393   5.059738   5.060159     2.3699     1.9941     100.00   19.60882  -93.50052   -0.00825   -0.00679     3.4591     3.4775    20.9264    20.9287    36.3713    36.3727    25.5585    25.5589    1538.16    150.635    151.435         34 0.0000e+00
      14575    607.254     55.652     56.000    20.9079    20.9098   5.059679   5.059974     2.3497     1.9716     100.00   19.60882  -93.50052   -0.00813   -0.00695     3.4186     3.4273    20.8972    20.8990    36.3952    36.3960    25.5847    25.5848    1537.95    148.867    149.244         49 0.0000e+00
      14627    609.408     56.645     57.000    20.8516    20.8563   5.056210   5.056803     2.2912     1.9125     100.00   19.60882  -93.50052   -0.02211   -0.02338     3.2996     3.2943    20.8407    20.8454    36.4149    36.4157    25.6151    25.6144    1537.74    143.678    143.450         45 0.0000e+00
      14667    611.078     57.639     58.000    20.7588    20.7623   5.048347   5.048856     2.2530     1.8788     100.00   19.60882  -93.50052   -0.02471   -0.02326     3.2253     3.2221    20.7477    20.7512    36.4304    36.4315    25.6522    25.6521    1537.54    140.441    140.299         43 0.0000e+00
