GOMECC/GOMECC-4/1db/rb2103_1391.ros
* Sea-Bird SBE 9 Data File:
* FileName = C:\Users\scs.user.rb\CTD\GOMECC4\data\rb2103_1391.hex
* Software Version Seasave V 7.26.7.107
* Temperature SN = 4799
* Conductivity SN = 3860
* Number of Bytes Per Scan = 41
* Number of Voltage Words = 4
* Number of Scans Averaged by the Deck Unit = 1
* NMEA Latitude = 25 44.68 N
* NMEA Longitude = 084 35.32 W
* NMEA UTC (Time) = Oct 20 2021  10:34:58
* NMEA baud rate = 4800
# nquan = 17
# nvalues = 2128                                  
# units = specified
# name 0 = scan: Scan Count
# name 1 = timeS: Time, Elapsed [seconds]
# name 2 = depSM: Depth [salt water, m]
# name 3 = prDM: Pressure, Digiquartz [db]
# name 4 = t090C: Temperature [ITS-90, deg C]
# name 5 = t190C: Temperature, 2 [ITS-90, deg C]
# name 6 = c0S/m: Conductivity [S/m]
# name 7 = c1S/m: Conductivity, 2 [S/m]
# name 8 = sbeox0V: Oxygen raw, SBE 43 [V]
# name 9 = sbeox1V: Oxygen raw, SBE 43, 2 [V]
# name 10 = altM: Altimeter [m]
# name 11 = latitude: Latitude [deg]
# name 12 = longitude: Longitude [deg]
# name 13 = sbox0dV/dT: Oxygen, SBE 43 [dov/dt]
# name 14 = sbox1dV/dT: Oxygen, SBE 43, 2 [dov/dt]
# name 15 = nbf: Bottles Fired
# name 16 = flag:  0.000e+00
# interval = seconds: 0.0416667
# start_time = Oct 20 2021 10:34:58 [NMEA time, header]
# bad_flag = -9.990e-29
*END*
[from data line 681]
      38515   1604.750    154.182    155.247    16.8059    16.8094   4.621630   4.622041     2.0904     1.7411     100.00   25.74472  -84.58874   -0.00038   -0.00036          6  0.000e+00
      38516   1604.792    154.189    155.254    16.8057    16.8093   4.621645   4.622034     2.0904     1.7411     100.00   25.74470  -84.58876   -0.00037   -0.00037          6  0.000e+00
      38517   1604.833    154.182    155.247    16.8061    16.8093   4.621702   4.622034     2.0904     1.7411     100.00   25.74470  -84.58876   -0.00037   -0.00038          6  0.000e+00
      38518   1604.875    154.142    155.206    16.8057    16.8093   4.621659   4.622063     2.0904     1.7411     100.00   25.74470  -84.58876   -0.00035   -0.00038          6  0.000e+00
      38519   1604.917    154.182    155.247    16.8059    16.8096   4.621666   4.622078     2.0916     1.7424     100.00   25.74470  -84.58876   -0.00033   -0.00037          6  0.000e+00
      38520   1604.958    154.142    155.206    16.8057    16.8094   4.621652   4.622048     2.0904     1.7411     100.00   25.74470  -84.58876   -0.00032   -0.00037          6  0.000e+00
      38521   1605.000    154.183    155.247    16.8057    16.8096   4.621645   4.622041     2.0916     1.7411     100.00   25.74470  -84.58876   -0.00030   -0.00038          6  0.000e+00
      38522   1605.042    154.189    155.254    16.8057    16.8093   4.621645   4.622063     2.0904     1.7411     100.00   25.74470  -84.58876   -0.00030   -0.00038          6  0.000e+00
      38523   1605.083    154.135    155.199    16.8054    16.8094   4.621609   4.622048     2.0904     1.7411     100.00   25.74470  -84.58876   -0.00029   -0.00039          6  0.000e+00
      38524   1605.125    154.142    155.206    16.8054    16.8096   4.621602   4.622041     2.0904     1.7411     100.00   25.74470  -84.58876   -0.00028   -0.00039          6  0.000e+00
      38525   1605.167    154.135    155.200    16.8057    16.8094   4.621623   4.622034     2.0904     1.7411     100.00   25.74470  -84.58876   -0.00028   -0.00039          6  0.000e+00
      38526   1605.208    154.142    155.206    16.8061    16.8094   4.621609   4.622063     2.0916     1.7411     100.00   25.74470  -84.58876   -0.00026   -0.00040          6  0.000e+00
      38527   1605.250    154.088    155.152    16.8057    16.8096   4.621630   4.622077     2.0904     1.7411     100.00   25.74470  -84.58876   -0.00025   -0.00040          6  0.000e+00
      38528   1605.292    154.142    155.206    16.8056    16.8098   4.621580   4.622077     2.0904     1.7411     100.00   25.74470  -84.58876   -0.00026   -0.00040          6  0.000e+00
      38529   1605.333    154.135    155.200    16.8054    16.8094   4.621587   4.622019     2.0904     1.7411     100.00   25.74470  -84.58876   -0.00025   -0.00040          6  0.000e+00
      38530   1605.375    154.088    155.152    16.8052    16.8096   4.621573   4.622027     2.0904     1.7411     100.00   25.74470  -84.58876   -0.00026   -0.00041          6  0.000e+00
      38531   1605.417    154.088    155.152    16.8045    16.8093   4.621530   4.622034     2.0904     1.7411     100.00   25.74470  -84.58876   -0.00026   -0.00041          6  0.000e+00
      38532   1605.458    154.088    155.152    16.8047    16.8091   4.621551   4.621976     2.0916     1.7411     100.00   25.74470  -84.58876   -0.00023   -0.00041          6  0.000e+00
      38533   1605.500    154.088    155.152    16.8047    16.8093   4.621530   4.622019     2.0904     1.7411     100.00   25.74470  -84.58876   -0.00023   -0.00041          6  0.000e+00
      38534   1605.542    154.088    155.152    16.8045    16.8093   4.621580   4.622034     2.0916     1.7411     100.00   25.74470  -84.58876   -0.00020   -0.00041          6  0.000e+00
      38535   1605.583    154.034    155.097    16.8047    16.8093   4.621573   4.622012     2.0904     1.7411     100.00   25.74470  -84.58876   -0.00019   -0.00041          6  0.000e+00
      38536   1605.625    154.041    155.104    16.8052    16.8091   4.621587   4.622027     2.0904     1.7411     100.00   25.74470  -84.58876   -0.00019   -0.00041          6  0.000e+00
      38537   1605.667    154.088    155.152    16.8057    16.8093   4.621566   4.622005     2.0904     1.7411     100.00   25.74470  -84.58876   -0.00018   -0.00041          6  0.000e+00
      38538   1605.708    154.041    155.104    16.8059    16.8093   4.621587   4.622027     2.0916     1.7411     100.00   25.74470  -84.58876   -0.00017   -0.00041          6  0.000e+00
      38539   1605.750    154.034    155.098    16.8057    16.8091   4.621573   4.622041     2.0916     1.7411     100.00   25.74470  -84.58876   -0.00014   -0.00040          6  0.000e+00
      38540   1605.792    154.041    155.104    16.8059    16.8093   4.621587   4.622034     2.0904     1.7411     100.00   25.74470  -84.58874   -0.00015   -0.00040          6  0.000e+00
      38541   1605.833    154.034    155.098    16.8059    16.8093   4.621573   4.622063     2.0916     1.7411     100.00   25.74470  -84.58874   -0.00014   -0.00040          6  0.000e+00
      38542   1605.875    153.994    155.057    16.8057    16.8094   4.621587   4.622048     2.0916     1.7411     100.00   25.74470  -84.58874   -0.00012   -0.00040          6  0.000e+00
      38543   1605.917    154.034    155.098    16.8057    16.8093   4.621602   4.622034     2.0904     1.7411     100.00   25.74470  -84.58874   -0.00011   -0.00039          6  0.000e+00
      38544   1605.958    153.994    155.057    16.8056    16.8094   4.621566   4.622063     2.0916     1.7411     100.00   25.74470  -84.58874   -0.00009   -0.00039          6  0.000e+00
      38545   1606.000    153.987    155.050    16.8057    16.8093   4.621587   4.622019     2.0916     1.7411     100.00   25.74470  -84.58874   -0.00006   -0.00039          6  0.000e+00
      38546   1606.042    153.994    155.057    16.8056    16.8093   4.621537   4.622027     2.0916     1.7411     100.00   25.74470  -84.58874   -0.00003   -0.00038          6  0.000e+00
      38547   1606.083    153.939    155.002    16.8054    16.8091   4.621551   4.622034     2.0916     1.7411     100.00   25.74470  -84.58874   -0.00001   -0.00038          6  0.000e+00
      38548   1606.125    153.994    155.057    16.8054    16.8091   4.621530   4.622012     2.0904     1.7411     100.00   25.74470  -84.58874 -7.034e-07   -0.00037          6  0.000e+00
      38549   1606.167    153.987    155.050    16.8051    16.8089   4.621551   4.622056     2.0916     1.7411     100.00   25.74470  -84.58874    0.00003   -0.00037          6  0.000e+00
      38550   1606.208    153.940    155.002    16.8052    16.8089   4.621558   4.622048     2.0916     1.7411     100.00   25.74470  -84.58874    0.00005   -0.00036          6  0.000e+00
      38551   1606.250    153.940    155.002    16.8051    16.8093   4.621501   4.622012     2.0916     1.7411     100.00   25.74470  -84.58874    0.00008   -0.00036          6  0.000e+00
      38552   1606.292    153.994    155.057    16.8047    16.8093   4.621544   4.622027     2.0904     1.7411     100.00   25.74470  -84.58874    0.00009   -0.00035          6  0.000e+00
      38553   1606.333    153.885    154.948    16.8049    16.8093   4.621530   4.622034     2.0916     1.7411     100.00   25.74470  -84.58874    0.00009   -0.00035          6  0.000e+00
      38554   1606.375    153.994    155.057    16.8052    16.8094   4.621551   4.622063     2.0904     1.7411     100.00   25.74470  -84.58874    0.00009   -0.00034          6  0.000e+00
      38555   1606.417    153.886    154.948    16.8051    16.8094   4.621530   4.622077     2.0916     1.7411     100.00   25.74470  -84.58874    0.00009   -0.00033          6  0.000e+00
      38556   1606.458    153.940    155.003    16.8047    16.8098   4.621544   4.622077     2.0916     1.7411     100.00   25.74470  -84.58874    0.00012   -0.00032          6  0.000e+00
      38557   1606.500    153.940    155.003    16.8044    16.8098   4.621501   4.622106     2.0916     1.7411     100.00   25.74470  -84.58874    0.00013   -0.00032          6  0.000e+00
      38558   1606.542    153.892    154.955    16.8049    16.8096   4.621487   4.622114     2.0904     1.7411     100.00   25.74470  -84.58874    0.00014   -0.00031          6  0.000e+00
      38559   1606.583    153.886    154.948    16.8047    16.8099   4.621422   4.622085     2.0916     1.7411     100.00   25.74470  -84.58874    0.00014   -0.00030          6  0.000e+00
      38560   1606.625    153.940    155.003    16.8044    16.8094   4.621343   4.622106     2.0916     1.7411     100.00   25.74470  -84.58874    0.00017   -0.00029          6  0.000e+00
      38561   1606.667    153.886    154.948    16.8023    16.8094   4.621236   4.622085     2.0904     1.7411     100.00   25.74470  -84.58874    0.00016   -0.00028          6  0.000e+00
      38562   1606.708    153.893    154.955    16.8008    16.8093   4.621178   4.622077     2.0916     1.7411     100.00   25.74470  -84.58874    0.00018   -0.00027          6  0.000e+00
      38563   1606.750    153.886    154.948    16.8013    16.8094   4.621171   4.622048     2.0916     1.7411     100.00   25.74470  -84.58874    0.00019   -0.00026          6  0.000e+00
      38564   1606.792    153.893    154.955    16.8022    16.8094   4.621135   4.622063     2.0916     1.7411     100.00   25.74472  -84.58874    0.00020   -0.00025          6  0.000e+00
      38565   1606.833    153.940    155.003    16.8016    16.8096   4.621128   4.622077     2.0916     1.7411     100.00   25.74472  -84.58874    0.00022   -0.00024          6  0.000e+00
      38566   1606.875    153.893    154.955    16.8020    16.8094   4.621243   4.622077     2.0916     1.7411     100.00   25.74472  -84.58874    0.00025   -0.00023          6  0.000e+00
      38567   1606.917    153.839    154.901    16.8021    16.8096   4.621257   4.622106     2.0916     1.7411     100.00   25.74472  -84.58874    0.00025   -0.00022          6  0.000e+00
      38568   1606.958    153.893    154.955    16.8032    16.8096   4.621272   4.622085     2.0916     1.7424     100.00   25.74472  -84.58874    0.00026   -0.00019          6  0.000e+00
      38569   1607.000    153.886    154.949    16.8038    16.8098   4.621307   4.622048     2.0916     1.7411     100.00   25.74472  -84.58874    0.00029   -0.00018          6  0.000e+00
      38570   1607.042    153.893    154.955    16.8032    16.8096   4.621322   4.622063     2.0916     1.7411     100.00   25.74472  -84.58874    0.00029   -0.00016          6  0.000e+00
      38571   1607.083    153.940    155.003    16.8030    16.8096   4.621293   4.622077     2.0916     1.7424     100.00   25.74472  -84.58874    0.00030   -0.00013          6  0.000e+00
      38572   1607.125    153.893    154.956    16.8032    16.8098   4.621315   4.622048     2.0916     1.7424     100.00   25.74472  -84.58874    0.00030   -0.00010          6  0.000e+00
      38573   1607.167    153.886    154.949    16.8035    16.8098   4.621329   4.622099     2.0916     1.7424     100.00   25.74472  -84.58874    0.00033   -0.00007          6  0.000e+00
      38574   1607.208    153.846    154.908    16.8032    16.8098   4.621329   4.622114     2.0916     1.7424     100.00   25.74472  -84.58874    0.00035   -0.00006          6  0.000e+00
      38575   1607.250    153.941    155.003    16.8032    16.8093   4.621329   4.622056     2.0916     1.7424     100.00   25.74472  -84.58874    0.00035   -0.00003          6  0.000e+00
      38576   1607.292    153.893    154.956    16.8032    16.8096   4.621415   4.622099     2.0916     1.7424     100.00   25.74472  -84.58874    0.00036   -0.00000          6  0.000e+00
      38577   1607.333    153.886    154.949    16.8037    16.8099   4.621444   4.622114     2.0916     1.7424     100.00   25.74472  -84.58874    0.00036    0.00003          6  0.000e+00
      38578   1607.375    153.893    154.956    16.8035    16.8098   4.621444   4.622114     2.0928     1.7424     100.00   25.74472  -84.58874    0.00038    0.00006          6  0.000e+00
      38579   1607.417    153.941    155.004    16.8033    16.8093   4.621472   4.622085     2.0916     1.7424     100.00   25.74472  -84.58874    0.00039    0.00009          6  0.000e+00
      38580   1607.458    153.893    154.956    16.8047    16.8089   4.621573   4.622041     2.0928     1.7424     100.00   25.74472  -84.58874    0.00041    0.00010          6  0.000e+00
      38581   1607.500    153.941    155.004    16.8061    16.8086   4.621688   4.622012     2.0916     1.7424     100.00   25.74472  -84.58874    0.00041    0.00013          6  0.000e+00
      38582   1607.542    153.941    155.004    16.8075    16.8082   4.621774   4.621968     2.0916     1.7424     100.00   25.74472  -84.58874    0.00041    0.00014          6  0.000e+00
      38583   1607.583    153.887    154.949    16.8081    16.8079   4.621860   4.622012     2.0916     1.7424     100.00   25.74472  -84.58874    0.00041    0.00015          6  0.000e+00
      38584   1607.625    153.941    155.004    16.8085    16.8093   4.621903   4.622012     2.0916     1.7424     100.00   25.74472  -84.58874    0.00041    0.00018          6  0.000e+00
      38585   1607.667    153.941    155.004    16.8081    16.8094   4.621888   4.622005     2.0916     1.7424     100.00   25.74472  -84.58874    0.00042    0.00019          6  0.000e+00
      38586   1607.708    153.995    155.059    16.8073    16.8096   4.621759   4.621997     2.0916     1.7424     100.00   25.74472  -84.58874    0.00042    0.00022          6  0.000e+00
      38587   1607.750    153.941    155.004    16.8069    16.8094   4.621688   4.621997     2.0928     1.7424     100.00   25.74472  -84.58874    0.00043    0.00023          6  0.000e+00
      38588   1607.792    153.941    155.004    16.8068    16.8091   4.621702   4.621968     2.0928     1.7424     100.00   25.74472  -84.58874    0.00045    0.00025          6  0.000e+00
      38589   1607.833    153.989    155.052    16.8069    16.8093   4.621688   4.622012     2.0928     1.7436     100.00   25.74472  -84.58874    0.00047    0.00028          6  0.000e+00
      38590   1607.875    153.995    155.059    16.8066    16.8093   4.621680   4.622012     2.0928     1.7436     100.00   25.74472  -84.58874    0.00048    0.00031          6  0.000e+00
      38591   1607.917    153.989    155.052    16.8064    16.8089   4.621680   4.622005     2.0916     1.7424     100.00   25.74472  -84.58874    0.00048    0.00032          6  0.000e+00
      38592   1607.958    153.996    155.059    16.8063    16.8089   4.621652   4.621961     2.0916     1.7424     100.00   25.74472  -84.58874    0.00048    0.00033          6  0.000e+00
      38593   1608.000    153.989    155.052    16.8068    16.8091   4.621731   4.622019     2.0916     1.7424     100.00   25.74472  -84.58874    0.00047    0.00033          6  0.000e+00
      38594   1608.042    154.043    155.107    16.8071    16.8094   4.621788   4.622012     2.0916     1.7424     100.00   25.74472  -84.58874    0.00047    0.00034          6  0.000e+00
      38595   1608.083    153.989    155.052    16.8071    16.8091   4.621795   4.622056     2.0928     1.7424     100.00   25.74472  -84.58874    0.00048    0.00035          6  0.000e+00
      38596   1608.125    154.091    155.155    16.8071    16.8094   4.621767   4.622077     2.0928     1.7424     100.00   25.74472  -84.58874    0.00050    0.00035          6  0.000e+00
      38597   1608.167    154.036    155.100    16.8068    16.8093   4.621731   4.622077     2.0928     1.7424     100.00   25.74472  -84.58874    0.00051    0.00036          6  0.000e+00
      38598   1608.208    154.043    155.107    16.8061    16.8093   4.621659   4.622012     2.0916     1.7424     100.00   25.74472  -84.58874    0.00050    0.00037          6  0.000e+00
