GOMECC/GOMECC-4/1db/rb2103_0501.cnv
* Sea-Bird SBE 9 Data File:
* FileName = C:\Users\scs.user.rb\CTD\GOMECC4\data\rb2103_0501.hex
* Software Version Seasave V 7.26.7.107
* Temperature SN = 4799
* Conductivity SN = 3860
* Number of Bytes Per Scan = 41
* Number of Voltage Words = 4
* Number of Scans Averaged by the Deck Unit = 1
* NMEA Latitude = 27 52.19 N
* NMEA Longitude = 093 49.83 W
* NMEA UTC (Time) = Sep 27 2021  14:48:27
* NMEA baud rate = 4800
# nquan = 28
# nvalues = 140                         
# units = specified
# name 0 = scan: Scan Count
# name 1 = timeS: Time, Elapsed [seconds]
# name 2 = depSM: Depth [salt water, m]
# name 3 = prDM: Pressure, Digiquartz [db]
# name 4 = t090C: Temperature [ITS-90, deg C]
# name 5 = t190C: Temperature, 2 [ITS-90, deg C]
# name 6 = c0S/m: Conductivity [S/m]
# name 7 = c1S/m: Conductivity, 2 [S/m]
# name 8 = sbeox0V: Oxygen raw, SBE 43 [V]
# name 9 = sbeox1V: Oxygen raw, SBE 43, 2 [V]
# name 10 = altM: Altimeter [m]
# name 11 = latitude: Latitude [deg]
# name 12 = longitude: Longitude [deg]
# name 13 = sbox0dV/dT: Oxygen, SBE 43 [dov/dt]
# name 14 = sbox1dV/dT: Oxygen, SBE 43, 2 [dov/dt]
# name 15 = sbeox0ML/L: Oxygen, SBE 43 [ml/l], WS = 5
# name 16 = sbeox1ML/L: Oxygen, SBE 43, 2 [ml/l], WS = 5
# name 17 = potemp090C: Potential Temperature [ITS-90, deg C]
# name 18 = potemp190C: Potential Temperature, 2 [ITS-90, deg C]
# name 19 = sal00: Salinity, Practical [PSU]
# name 20 = sal11: Salinity, Practical, 2 [PSU]
# name 21 = sigma-é00: Density [sigma-theta, kg/m^3]
# name 22 = sigma-é11: Density, 2 [sigma-theta, kg/m^3]
# name 23 = avgsvCM: Average Sound Velocity [Chen-Millero, m/s], minP = 20, minS = 20
# name 24 = sbox0Mm/Kg: Oxygen, SBE 43 [umol/kg], WS = 5
# name 25 = sbox1Mm/Kg: Oxygen, SBE 43, 2 [umol/kg], WS = 5
# name 26 = nbin: number of scans per bin
# name 27 = flag: flag
# span 0 =       5844,      30002       
# span 1 =    243.464,   1250.047       
# span 2 =      1.986,     89.383       
# span 3 =      2.000,     90.000       
# span 4 =    20.6902,    28.9328       
# span 5 =    20.6958,    28.9338       
# span 6 =   5.025357,   5.829721       
# span 7 =   5.026050,   5.829839       
# span 8 =     2.3884,     3.2543       
# span 9 =     2.0193,     2.7960       
# span 10 =       4.35,      89.26      
# span 11 =   27.52287,   28.32627      
# span 12 =  -95.36693,  -92.66212      
# span 13 =   -0.03174,    0.02699      
# span 14 =   -0.03147,    0.02541      
# span 15 =     3.5311,     4.8697      
# span 16 =     3.5674,     4.9220      
# span 17 =    20.6730,    28.9294      
# span 18 =    20.6786,    28.9304      
# span 19 =    34.9864,    36.4313      
# span 20 =    35.0405,    36.4320      
# span 21 =    22.2714,    25.5750      
# span 22 =    22.3038,    25.5749      
# span 23 =       0.00,    1561.78      
# span 24 =    153.767,    212.264      
# span 25 =    155.347,    214.538      
# span 26 =         30,         69      
# span 27 = 0.0000e+00, 0.0000e+00      
# interval = decibars: 1                
# start_time = Sep 27 2021 14:48:27 [NMEA time, header]
# bad_flag = -9.990e-29
*END*
[from data line 104]
      16662    694.210     59.593     60.000    22.8103    22.8512   5.243993   5.247964     2.9698     2.5673      32.73   27.86960  -93.82940    0.01667    0.01642     4.5570     4.6432    22.7981    22.8390    36.2553    36.2524    24.9444    24.9304    1536.59    198.563    202.323         43 0.0000e+00
      16711    696.260     58.600     59.000    22.9070    22.9806   5.253791   5.261251     2.9984     2.5882      33.72   27.86960  -93.82940    0.01401    0.01015     4.6061     4.6789    22.8949    22.9685    36.2519    36.2489    24.9139    24.8903    1536.59    200.710    203.885         46 0.0000e+00
      18509    771.184     53.634     54.000    24.1457    24.1239   5.393182   5.391913     3.1855     2.7340      38.36   27.94727  -94.09084    0.00033    0.00064     4.8697     4.9033    24.1343    24.1125    36.3488    36.3383    24.6348    24.6319    1540.87    212.264    213.730         46 0.0000e+00
      18564    773.457     52.641     53.000    24.0764    24.0591   5.377893   5.376355     3.1724     2.7228      39.05   27.86958  -93.82927   -0.00137   -0.00051     4.8470     4.8817    24.0652    24.0479    36.2477    36.2489    24.5669    24.5729    1536.59    211.277    212.789         32 0.0000e+00
      18685    778.518     50.655     51.000    24.0691    24.0258   5.368330   5.364325     3.1699     2.7213      40.62   27.78953  -93.55974    0.00056    0.00093     4.8400     4.8774    24.0583    24.0151    36.1385    36.1433    24.4739    24.4905    1532.18    210.975    212.604         43 0.0000e+00
      18861    785.843     49.662     50.000    24.1858    24.1847   5.388145   5.387988     3.1800     2.7295      41.93   27.86958  -93.82924    0.00035    0.00008     4.8510     4.8844    24.1752    24.1741    36.2372    36.2372    24.5260    24.5263    1536.59    211.460    212.916         55 0.0000e+00
      18993    791.322     47.676     48.000    24.2335    24.2925   5.382587   5.385716     3.1580     2.7053      43.51   27.78758  -93.55325    0.00118   -0.00326     4.8006     4.8211    24.2233    24.2823    36.1129    36.1357    24.4048    24.4080    1532.07    209.274    210.168         42 0.0000e+00
      19166    798.521     46.683     47.000    24.4385    24.4969   5.410609   5.416334     3.1192     2.6416      44.72   27.86956  -93.82922   -0.01286   -0.01880     4.7083     4.6671    24.4285    24.4868    36.2035    36.1994    24.4245    24.4038    1536.59    205.259    203.468         48 0.0000e+00
      19265    802.662     45.689     46.000    24.5065    24.5921   5.416783   5.425305     3.0819     2.6224      45.64   27.86956  -93.82922   -0.01090   -0.00672     4.6289     4.6189    24.4966    24.5822    36.1954    36.1921    24.3978    24.3701    1536.59    201.804    201.372         46 0.0000e+00
      20603    858.421     42.710     43.000    25.3138    25.3074   5.511221   5.507289     3.1812     2.7059      48.12   27.89680  -93.92091   -0.00176   -0.00222     4.7509     4.7383    25.3037    25.2979    36.2623    36.2445    24.2069    24.1952    1538.09    207.165    206.617         43 0.0000e+00
      20685    861.840     41.717     42.000    25.4192    25.4152   5.518064   5.519057     3.1791     2.7204      48.92   27.86954  -93.82914    0.00305    0.00381     4.7368     4.7583    25.4098    25.4059    36.2191    36.2306    24.1370    24.1468    1536.59    206.560    207.498         32 0.0000e+00
      20787    866.092     40.724     41.000    25.6987    25.7113   5.549146   5.551732     3.2064     2.7450      49.86   27.86954  -93.82914    0.00783    0.00627     4.7642     4.7864    25.6896    25.7022    36.2272    36.2205    24.0563    24.0473    1536.59    207.773    208.741         40 0.0000e+00
      20884    870.117     39.731     40.000    25.9514    26.0088   5.572976   5.577519     3.2269     2.7594      50.75   27.86952  -93.82914    0.00518    0.00230     4.7816     4.7930    25.9424    25.9998    36.2021    36.2005    23.9587    23.9396    1536.59    208.548    209.049         38 0.0000e+00
      21001    875.011     38.737     39.000    26.1078    26.3826   5.587662   5.612692     3.2214     2.7531      51.81   27.86952  -93.82912   -0.00088   -0.00130     4.7577     4.7477    26.0990    26.3737    36.1862    36.1519    23.8975    23.7851    1536.59    207.519    207.108         35 0.0000e+00
      21110    879.538     37.744     38.000    26.3994    26.5676   5.614761   5.632124     3.2059     2.7395      52.78   27.86952  -93.82912   -0.00449   -0.00319     4.7038     4.7087    26.3908    26.5590    36.1542    36.1482    23.7814    23.7233    1536.59    205.191    205.414         43 0.0000e+00
      21125    880.148     35.758     36.000    26.5135    26.5956   5.600911   5.608024     3.1763     2.7153      53.80   27.65723  -93.11437   -0.00174   -0.00160     4.6314     4.6458    26.5053    26.5874    35.8407    35.8290    23.4715    23.4364    1524.89    202.059    202.692         30 0.0000e+00
      22834    951.392     32.778     33.000    27.8845    27.8358   5.715165   5.711837     3.1671     2.6983      56.14   27.79795  -93.58816   -0.00450   -0.00559     4.5136     4.5271    27.8767    27.8280    35.6838    35.6974    22.9359    22.9620    1532.65    197.046    197.633         31 0.0000e+00
      23013    958.814     31.785     32.000    28.0831    28.1782   5.738971   5.745654     3.1482     2.6892      57.20   27.86946  -93.82898   -0.00544   -0.00271     4.4624     4.4870    28.0756    28.1706    35.7435    35.7184    22.9291    22.8790    1536.59    194.824    195.906         36 0.0000e+00
      23196    966.465     29.799     30.000    28.4055    28.3433   5.755722   5.750753     3.1185     2.6624      59.20   27.82987  -93.69568   -0.00443   -0.00119     4.3859     4.4188    28.3983    28.3362    35.5940    35.6084    22.7028    22.7341    1534.41    191.522    192.950         52 0.0000e+00
      23348    972.811     28.805     29.000    28.4939    28.4591   5.766877   5.764736     3.1207     2.6563      59.73   27.86946  -93.82896   -0.00181   -0.00105     4.3843     4.3997    28.4869    28.4522    35.6318    35.6410    22.7095    22.7278    1536.59    191.454    192.124         48 0.0000e+00
      23459    977.436     27.812     28.000    28.5135    28.5090   5.768702   5.768401     3.1158     2.6555      60.71   27.86946  -93.82896   -0.00073   -0.00026     4.3731     4.3945    28.5068    28.5023    35.6285    35.6290    22.7004    22.7023    1536.59    190.967    191.900         32 0.0000e+00
      23567    981.935     26.819     27.000    28.5254    28.5301   5.766214   5.768643     3.1187     2.6530      61.90   27.86946  -93.82896    0.00064   -0.00013     4.3792     4.3878    28.5190    28.5237    35.6029    35.6179    22.6771    22.6869    1536.59    191.240    191.614         37 0.0000e+00
      23614    983.873     24.832     25.000    28.3437    28.3410   5.723284   5.722639     3.1000     2.6410      62.85   27.69799  -93.25163   -0.00007    0.00093     4.3536     4.3706    28.3378    28.3350    35.3505    35.3336    22.5156    22.5027    1527.14    190.124    190.869         49 0.0000e+00
      25164   1048.458     22.846     23.000    28.6422    28.6376   5.774596   5.774788     3.1398     2.6713      64.40   28.03650  -94.39134    0.00025   -0.00077     4.4137     4.4245    28.6367    28.6321    35.6747    35.6799    22.7242    22.7296    1545.80    192.761    193.231         33 0.0000e+00
      25120   1046.625     21.853     22.000    28.4571    28.4628   5.738863   5.739444     3.1218     2.6579      64.70   27.86944  -93.82886   -0.00011    0.00060     4.3893     4.4033    28.4518    28.4575    35.4641    35.4638    22.5951    22.5929    1536.59    191.694    192.309         40 0.0000e+00
      25243   1051.753     20.860     21.000    28.4658    28.4628   5.737754   5.738448     3.1196     2.6574      65.64   27.86944  -93.82886   -0.00105    0.00118     4.3856     4.4018    28.4607    28.4577    35.4509    35.4572    22.5822    22.5878    1536.59    191.535    192.244         43 0.0000e+00
      25365   1056.839     19.866     20.000    28.4651    28.4645   5.737487   5.737964     3.1195     2.6549      66.06   27.86944  -93.82886    0.00000   -0.00089     4.3840     4.3964    28.4604    28.4597    35.4491    35.4528    22.5809    22.5839    1536.59    191.465    192.005         33 0.0000e+00
      27484   1145.145     13.906     14.000    28.9328    28.9338   5.829721   5.829839     3.1739     2.7011      70.29   28.32627  -95.36693   -0.00029   -0.00070     4.4585     4.4707    28.9294    28.9304    36.0185    36.0186    22.9415    22.9412    1561.78    194.723    195.253         35 0.0000e+00
      27108   1129.458     12.913     13.000    28.4661    28.4671   5.735665   5.735898     3.1222     2.6607      68.48   27.86940  -93.82876    0.00043   -0.00020     4.3853     4.4045    28.4629    28.4640    35.4377    35.4385    22.5715    22.5718    1536.59    191.526    192.364         38 0.0000e+00
      27205   1133.483     11.920     12.000    28.4670    28.4688   5.735677   5.735973     3.1234     2.6548      69.78   27.86940  -93.82876    0.00069   -0.00212     4.3870     4.3919    28.4641    28.4659    35.4374    35.4381    22.5708    22.5708    1536.59    191.600    191.815         49 0.0000e+00
      27305   1137.655      9.934     10.000    28.4126    28.4146   5.724426   5.724713     3.1169     2.6552      72.56   27.81503  -93.64568   -0.00021    0.00061     4.3765     4.3935    28.4102    28.4122    35.3675    35.3680    22.5258    22.5254    1533.59    191.141    191.882         30 0.0000e+00
      27448   1143.622      8.940      9.000    28.4699    28.4711   5.735642   5.735840     3.1215     2.6601      74.38   27.86940  -93.82874   -0.00059   -0.00085     4.3816     4.4010    28.4677    28.4690    35.4359    35.4363    22.5685    22.5684    1536.59    191.365    192.212         34 0.0000e+00
      27555   1148.104      7.947      8.000    28.4749    28.4759   5.735561   5.735759     3.1251     2.6593      75.18   27.86938  -93.82874    0.00064    0.00072     4.3875     4.3986    28.4730    28.4740    35.4318    35.4324    22.5638    22.5639    1536.59    191.621    192.107         53 0.0000e+00
      27511   1146.246      4.967      5.000    28.1446    28.1972   5.665971   5.665954     3.0876     2.6317      76.62   27.52287  -92.66212    0.00048   -0.00091     4.3322     4.3506    28.1434    28.1960    34.9864    35.0513    22.2714    22.3127    1517.49    189.207    190.012         38 0.0000e+00
      29512   1229.627      2.980      3.000    28.1922    28.1961   5.674611   5.675183     3.0952     2.6323      73.78   27.56905  -92.81759   -0.00034    0.00032     4.3408     4.3502    28.1915    28.1954    35.0394    35.0405    22.3043    22.3038    1520.03    189.588    189.998         50 0.0000e+00
      30002   1250.047      1.986      2.000    28.4986    28.5016   5.736332   5.736792     3.1258     2.6555      77.64   27.86934  -93.82860    0.00028   -0.00214     4.3841     4.3862    28.4981    28.5012    35.4213    35.4222    22.5475    22.5472    1536.59    191.474    191.567         30 0.0000e+00
