GOMECC/GOMECC-4/1db/rb2103_0721.cnv
* Sea-Bird SBE 9 Data File:
* FileName = C:\Users\scs.user.rb\CTD\GOMECC4\data\rb2103_0721.hex
* Software Version Seasave V 7.26.7.107
* Temperature SN = 4799
* Conductivity SN = 3860
* Number of Bytes Per Scan = 41
* Number of Voltage Words = 4
* Number of Scans Averaged by the Deck Unit = 1
* NMEA Latitude = 26 03.50 N
* NMEA Longitude = 093 43.74 W
* NMEA UTC (Time) = Oct 04 2021  04:36:25
* NMEA baud rate = 4800
# nquan = 28
# nvalues = 570                         
# units = specified
# name 0 = scan: Scan Count
# name 1 = timeS: Time, Elapsed [seconds]
# name 2 = depSM: Depth [salt water, m]
# name 3 = prDM: Pressure, Digiquartz [db]
# name 4 = t090C: Temperature [ITS-90, deg C]
# name 5 = t190C: Temperature, 2 [ITS-90, deg C]
# name 6 = c0S/m: Conductivity [S/m]
# name 7 = c1S/m: Conductivity, 2 [S/m]
# name 8 = sbeox0V: Oxygen raw, SBE 43 [V]
# name 9 = sbeox1V: Oxygen raw, SBE 43, 2 [V]
# name 10 = altM: Altimeter [m]
# name 11 = latitude: Latitude [deg]
# name 12 = longitude: Longitude [deg]
# name 13 = sbox0dV/dT: Oxygen, SBE 43 [dov/dt]
# name 14 = sbox1dV/dT: Oxygen, SBE 43, 2 [dov/dt]
# name 15 = sbeox0ML/L: Oxygen, SBE 43 [ml/l], WS = 5
# name 16 = sbeox1ML/L: Oxygen, SBE 43, 2 [ml/l], WS = 5
# name 17 = potemp090C: Potential Temperature [ITS-90, deg C]
# name 18 = potemp190C: Potential Temperature, 2 [ITS-90, deg C]
# name 19 = sal00: Salinity, Practical [PSU]
# name 20 = sal11: Salinity, Practical, 2 [PSU]
# name 21 = sigma-é00: Density [sigma-theta, kg/m^3]
# name 22 = sigma-é11: Density, 2 [sigma-theta, kg/m^3]
# name 23 = avgsvCM: Average Sound Velocity [Chen-Millero, m/s], minP = 20, minS = 20
# name 24 = sbox0Mm/Kg: Oxygen, SBE 43 [umol/kg], WS = 5
# name 25 = sbox1Mm/Kg: Oxygen, SBE 43, 2 [umol/kg], WS = 5
# name 26 = nbin: number of scans per bin
# name 27 = flag: flag
# span 0 =      13850,     223622       
# span 1 =    577.031,   9317.554       
# span 2 =      0.993,   3083.789       
# span 3 =      1.000,   3127.000       
# span 4 =     4.2856,    29.1104       
# span 5 =     4.2864,    29.2004       
# span 6 =   3.348682,   5.890145       
# span 7 =   3.348636,   5.899107       
# span 8 =     1.5821,     3.2212       
# span 9 =     1.2863,     2.7532       
# span 10 =      13.73,     100.94      
# span 11 =   25.98091,   26.30996      
# span 12 =  -94.62395,  -93.44201      
# span 13 =   -0.04268,    0.02670      
# span 14 =   -0.03984,    0.02645      
# span 15 =     2.5240,     4.8344      
# span 16 =     2.5449,     4.8444      
# span 17 =     4.0794,    29.1082      
# span 18 =     4.0806,    29.1999      
# span 19 =    34.9071,    36.8166      
# span 20 =    34.9054,    36.8139      
# span 21 =    22.7239,    27.7595      
# span 22 =    22.7240,    27.7580      
# span 23 =       0.00,    1545.00      
# span 24 =    109.737,    210.766      
# span 25 =    110.647,    211.200      
# span 26 =         30,         76      
# span 27 = 0.0000e+00, 0.0000e+00      
# interval = decibars: 1                
# start_time = Oct 04 2021 04:36:25 [NMEA time, header]
# bad_flag = -9.990e-29
*END*
[from data line 415]
     149932   6247.116   1705.738   1724.000     4.2993     4.3006   3.354916   3.354881     1.9116     1.5887     100.00   26.05897  -93.72285    0.00012    0.00009     4.6088     4.6223     4.1545     4.1558    34.9699    34.9681    27.7459    27.7443    1503.01    200.271    200.861         30 0.0000e+00
     150091   6253.765   1699.826   1718.000     4.2998     4.3012   3.354733   3.354690     1.9125     1.5897     100.00   26.05908  -93.72321    0.00014    0.00006     4.6086     4.6230     4.1556     4.1569    34.9701    34.9681    27.7459    27.7443    1503.02    200.265    200.891         30 0.0000e+00
     150122   6255.037   1698.840   1717.000     4.2999     4.3013   3.354701   3.354658     1.9126     1.5897     100.00   26.05910  -93.72330    0.00010   -0.00001     4.6083     4.6224     4.1558     4.1571    34.9701    34.9682    27.7459    27.7443    1503.02    200.249    200.865         30 0.0000e+00
     150226   6259.381   1694.899   1713.000     4.3003     4.3016   3.354551   3.354510     1.9133     1.5905     100.00   26.05906  -93.72305    0.00018    0.00020     4.6086     4.6234     4.1565     4.1578    34.9699    34.9680    27.7457    27.7441    1503.02    200.264    200.906         30 0.0000e+00
     151440   6309.955   1649.564   1667.000     4.3048     4.3061   3.353020   3.352977     1.9184     1.5948     100.00   26.05902  -93.72292    0.00016    0.00004     4.6000     4.6133     4.1654     4.1667    34.9693    34.9675    27.7443    27.7427    1503.01    199.889    200.468         30 0.0000e+00
     153909   6412.840   1603.233   1620.000     4.3088     4.3102   3.351405   3.351371     1.9241     1.6007     100.00   26.05906  -93.72309    0.00020    0.00016     4.5936     4.6088     4.1739     4.1752    34.9689    34.9671    27.7431    27.7415    1503.02    199.610    200.273         30 0.0000e+00
     154214   6425.546   1592.388   1609.000     4.3111     4.3125   3.351126   3.351084     1.9250     1.6019     100.00   26.05888  -93.72245    0.00015    0.00001     4.5901     4.6073     4.1772     4.1785    34.9686    34.9667    27.7424    27.7408    1503.01    199.461    200.206         32 0.0000e+00
     154354   6431.376   1587.458   1604.000     4.3117     4.3131   3.351009   3.350972     1.9256     1.6020     100.00   26.05919  -93.72362    0.00012   -0.00001     4.5891     4.6044     4.1782     4.1796    34.9690    34.9671    27.7427    27.7410    1503.03    199.417    200.082         32 0.0000e+00
     154385   6432.650   1586.472   1603.000     4.3120     4.3133   3.350976   3.350930     1.9257     1.6021     100.00   26.05911  -93.72330    0.00012    0.00001     4.5890     4.6041     4.1786     4.1799    34.9688    34.9669    27.7425    27.7408    1503.02    199.411    200.069         30 0.0000e+00
     154522   6438.390   1581.543   1598.000     4.3129     4.3143   3.350869   3.350838     1.9256     1.6032     100.00   26.05935  -93.72413    0.00004    0.00029     4.5856     4.6056     4.1799     4.1814    34.9690    34.9672    27.7425    27.7409    1503.03    199.265    200.136         31 0.0000e+00
     154552   6439.627   1580.557   1597.000     4.3133     4.3147   3.350841   3.350788     1.9260     1.6032      62.89   26.05912  -93.72330    0.00007    0.00019     4.5863     4.6051     4.1805     4.1818    34.9687    34.9667    27.7422    27.7405    1503.02    199.297    200.113         31 0.0000e+00
     155080   6461.626   1561.823   1578.000     4.3192     4.3207   3.350564   3.350531     1.9280     1.6044     100.00   26.05929  -93.72390    0.00023    0.00014     4.5817     4.5978     4.1880     4.1895    34.9686    34.9666    27.7413    27.7396    1503.03    199.098    199.796         31 0.0000e+00
     155111   6462.909   1560.837   1577.000     4.3196     4.3210   3.350530   3.350501     1.9279     1.6043     100.00   26.05912  -93.72328    0.00005    0.00010     4.5808     4.5968     4.1886     4.1900    34.9681    34.9663    27.7409    27.7393    1503.02    199.056    199.753         32 0.0000e+00
     155219   6467.417   1556.892   1573.000     4.3205     4.3218   3.350441   3.350399     1.9276     1.6045     100.00   26.05912  -93.72328   -0.00007    0.00005     4.5772     4.5950     4.1898     4.1911    34.9681    34.9663    27.7408    27.7392    1503.02    198.899    199.673         31 0.0000e+00
     155359   6473.270   1551.962   1568.000     4.3217     4.3230   3.350314   3.350265     1.9278     1.6044     100.00   26.05895  -93.72267    0.00003   -0.00003     4.5748     4.5917     4.1915     4.1928    34.9678    34.9659    27.7403    27.7386    1503.01    198.795    199.529         30 0.0000e+00
     155500   6479.111   1547.031   1563.000     4.3226     4.3239   3.350200   3.350144     1.9283     1.6048     100.00   26.05898  -93.72278    0.00008    0.00010     4.5737     4.5902     4.1928     4.1941    34.9680    34.9660    27.7403    27.7386    1503.01    198.748    199.466         30 0.0000e+00
     155640   6484.939   1542.100   1558.000     4.3240     4.3252   3.350133   3.350089     1.9285     1.6053     100.00   26.05929  -93.72390    0.00003    0.00024     4.5713     4.5888     4.1947     4.1959    34.9682    34.9663    27.7403    27.7387    1503.03    198.642    199.404         30 0.0000e+00
     155669   6486.166   1541.114   1557.000     4.3241     4.3253   3.350075   3.350032     1.9285     1.6052     100.00   26.05912  -93.72328   -0.00004   -0.00001     4.5707     4.5880     4.1949     4.1961    34.9678    34.9660    27.7400    27.7384    1503.02    198.618    199.368         31 0.0000e+00
     155808   6491.940   1536.183   1552.000     4.3257     4.3272   3.350031   3.349993     1.9291     1.6056     100.00   26.05922  -93.72362    0.00007    0.00003     4.5699     4.5864     4.1970     4.1984    34.9680    34.9661    27.7399    27.7382    1503.03    198.585    199.300         33 0.0000e+00
     155947   6497.736   1531.253   1547.000     4.3271     4.3287   3.349916   3.349895     1.9292     1.6054     100.00   26.05908  -93.72308    0.00003   -0.00005     4.5670     4.5826     4.1988     4.2004    34.9677    34.9658    27.7395    27.7378    1503.02    198.458    199.134         31 0.0000e+00
     156059   6502.400   1527.308   1543.000     4.3305     4.3320   3.350053   3.350036     1.9296     1.6057     100.00   26.05922  -93.72364    0.00010    0.00008     4.5659     4.5808     4.2025     4.2041    34.9677    34.9659    27.7391    27.7374    1503.03    198.408    199.056         31 0.0000e+00
     156089   6503.678   1526.321   1542.000     4.3310     4.3321   3.350038   3.349991     1.9295     1.6056     100.00   26.05912  -93.72329    0.00001   -0.00000     4.5646     4.5800     4.2031     4.2042    34.9675    34.9658    27.7388    27.7374    1503.02    198.353    199.021         30 0.0000e+00
     156198   6508.191   1522.377   1538.000     4.3318     4.3331   3.349950   3.349901     1.9295     1.6059     100.00   26.05913  -93.72335 -6.667e-07    0.00010     4.5621     4.5784     4.2043     4.2056    34.9676    34.9656    27.7388    27.7370    1503.02    198.246    198.955         30 0.0000e+00
     156228   6509.453   1521.390   1537.000     4.3319     4.3334   3.349917   3.349878     1.9294     1.6058     100.00   26.05912  -93.72330    0.00004    0.00003     4.5614     4.5773     4.2045     4.2060    34.9675    34.9655    27.7387    27.7370    1503.02    198.213    198.906         30 0.0000e+00
     156618   6525.690   1507.582   1523.000     4.3363     4.3376   3.349706   3.349654     1.9299     1.6068     100.00   26.05915  -93.72332    0.00006    0.00001     4.5542     4.5727     4.2101     4.2114    34.9673    34.9653    27.7379    27.7362    1503.02    197.900    198.706         32 0.0000e+00
     156649   6526.996   1506.596   1522.000     4.3364     4.3377   3.349664   3.349610     1.9302     1.6066     100.00   26.05914  -93.72328    0.00010   -0.00003     4.5548     4.5713     4.2104     4.2116    34.9671    34.9652    27.7378    27.7361    1503.02    197.928    198.646         30 0.0000e+00
     156758   6531.534   1502.651   1518.000     4.3383     4.3399   3.349701   3.349678     1.9305     1.6069      87.99   26.05946  -93.72436    0.00007    0.00005     4.5533     4.5700     4.2126     4.2142    34.9676    34.9656    27.7379    27.7362    1503.04    197.861    198.589         31 0.0000e+00
     156788   6532.780   1501.664   1517.000     4.3385     4.3403   3.349628   3.349629     1.9305     1.6071     100.28   26.05916  -93.72328    0.00011    0.00011     4.5528     4.5701     4.2129     4.2147    34.9670    34.9650    27.7374    27.7356    1503.02    197.839    198.595         31 0.0000e+00
     156982   6540.861   1494.760   1510.000     4.3425     4.3437   3.349698   3.349648     1.9305     1.6073     100.00   26.05927  -93.72367   -0.00008   -0.00012     4.5481     4.5661     4.2175     4.2187    34.9670    34.9651    27.7369    27.7353    1503.03    197.638    198.420         31 0.0000e+00
     157013   6542.152   1493.773   1509.000     4.3425     4.3439   3.349647   3.349606     1.9304     1.6071     100.00   26.05916  -93.72328   -0.00004   -0.00003     4.5470     4.5647     4.2176     4.2190    34.9669    34.9650    27.7368    27.7351    1503.02    197.587    198.356         31 0.0000e+00
     157123   6546.746   1489.828   1505.000     4.3432     4.3443   3.349595   3.349540     1.9307     1.6073     100.00   26.05973  -93.72531    0.00011    0.00009     4.5457     4.5631     4.2187     4.2197    34.9675    34.9658    27.7372    27.7357    1503.05    197.533    198.289         32 0.0000e+00
     157151   6547.925   1488.842   1504.000     4.3432     4.3446   3.349494   3.349447     1.9306     1.6071     100.00   26.05916  -93.72328    0.00009   -0.00002     4.5449     4.5618     4.2188     4.2201    34.9668    34.9648    27.7366    27.7349    1503.02    197.498    198.230         31 0.0000e+00
     157567   6565.260   1474.045   1489.000     4.3452     4.3464   3.349017   3.348970     1.9326     1.6092     100.00   26.05904  -93.72283    0.00014    0.00025     4.5430     4.5611     4.2221     4.2234    34.9664    34.9646    27.7359    27.7343    1503.01    197.417    198.203         31 0.0000e+00
     157599   6566.589   1473.058   1488.000     4.3452     4.3465   3.348990   3.348944     1.9326     1.6093     100.00   26.05916  -93.72328    0.00013    0.00018     4.5425     4.5609     4.2222     4.2236    34.9666    34.9647    27.7360    27.7344    1503.02    197.394    198.191         30 0.0000e+00
     157708   6571.125   1469.112   1484.000     4.3472     4.3487   3.349013   3.348972     1.9331     1.6096     100.00   26.05926  -93.72357    0.00011    0.00010     4.5417     4.5595     4.2246     4.2260    34.9667    34.9647    27.7359    27.7342    1503.02    197.360    198.131         30 0.0000e+00
     157906   6579.385   1462.207   1477.000     4.3484     4.3498   3.348823   3.348773     1.9334     1.6093     100.00   26.05928  -93.72370    0.00006   -0.00006     4.5386     4.5543     4.2264     4.2278    34.9667    34.9646    27.7357    27.7339    1503.03    197.223    197.905         32 0.0000e+00
     158043   6585.080   1457.274   1472.000     4.3495     4.3508   3.348682   3.348636     1.9337     1.6105      88.11   26.05915  -93.72322    0.00011    0.00020     4.5368     4.5560     4.2280     4.2292    34.9663    34.9644    27.7352    27.7336    1503.02    197.147    197.981         31 0.0000e+00
     158435   6601.428   1443.462   1458.000     4.3603     4.3615   3.349062   3.349008     1.9334     1.6100     100.00   26.05945  -93.72431   -0.00002    0.00004     4.5261     4.5442     4.2400     4.2412    34.9662    34.9644    27.7338    27.7322    1503.04    196.680    197.467         30 0.0000e+00
     158464   6602.637   1442.475   1457.000     4.3603     4.3617   3.348984   3.348944     1.9335     1.6100      84.34   26.05916  -93.72326   -0.00004    0.00001     4.5259     4.5435     4.2401     4.2414    34.9658    34.9639    27.7335    27.7318    1503.02    196.671    197.437         32 0.0000e+00
     158575   6607.242   1438.529   1453.000     4.3612     4.3625   3.348849   3.348810     1.9339     1.6104     100.00   26.05880  -93.72197    0.00004    0.00012     4.5247     4.5429     4.2413     4.2426    34.9652    34.9634    27.7329    27.7313    1503.00    196.621    197.413         31 0.0000e+00
     158687   6611.907   1434.583   1449.000     4.3648     4.3660   3.349024   3.348969     1.9342     1.6106     100.00   26.05912  -93.72313    0.00010    0.00002     4.5231     4.5409     4.2453     4.2464    34.9655    34.9636    27.7327    27.7310    1503.02    196.549    197.325         33 0.0000e+00
     158885   6620.148   1427.676   1442.000     4.3737     4.3749   3.349507   3.349458     1.9336     1.6096     100.00   26.05933  -93.72388   -0.00012   -0.00017     4.5155     4.5315     4.2547     4.2559    34.9652    34.9634    27.7315    27.7299    1503.03    196.220    196.915         30 0.0000e+00
     159051   6627.094   1421.756   1436.000     4.3764     4.3776   3.349486   3.349435     1.9328     1.6098      77.86   26.05930  -93.72371   -0.00003    0.00011     4.5087     4.5284     4.2579     4.2591    34.9651    34.9632    27.7310    27.7294    1503.03    195.926    196.781         32 0.0000e+00
     159082   6628.381   1420.769   1435.000     4.3766     4.3780   3.349445   3.349405     1.9328     1.6099      92.56   26.05918  -93.72326   -0.00008    0.00013     4.5082     4.5284     4.2583     4.2596    34.9648    34.9630    27.7308    27.7291    1503.02    195.904    196.781         31 0.0000e+00
     159219   6634.084   1415.835   1430.000     4.3795     4.3807   3.349508   3.349464     1.9330     1.6100     100.00   26.05941  -93.72415    0.00001   -0.00014     4.5056     4.5253     4.2615     4.2628    34.9650    34.9632    27.7306    27.7290    1503.03    195.791    196.647         30 0.0000e+00
     159248   6635.280   1414.848   1429.000     4.3797     4.3812   3.349456   3.349420     1.9331     1.6098     100.00   26.05916  -93.72326   -0.00008   -0.00009     4.5052     4.5241     4.2618     4.2633    34.9647    34.9627    27.7303    27.7286    1503.02    195.775    196.593         30 0.0000e+00
     159291   6637.085   1413.862   1428.000     4.3802     4.3818   3.349462   3.349438     1.9326     1.6098      96.27   26.05917  -93.72326   -0.00009   -0.00004     4.5030     4.5234     4.2624     4.2640    34.9647    34.9628    27.7302    27.7285    1503.02    195.679    196.564         33 0.0000e+00
     159522   6646.694   1411.887   1426.000     4.3794     4.3804   3.348816   3.348750     1.9318     1.6093      99.41   26.05474  -93.70738   -0.00003    0.00008     4.4996     4.5204     4.2618     4.2629    34.9588    34.9569    27.7255    27.7239    1502.77    195.528    196.433         33 0.0000e+00
     160103   6670.936   1410.901   1425.000     4.3826     4.3845   3.349547   3.349542     1.9322     1.6094      98.35   26.05917  -93.72326    0.00005    0.00007     4.4993     4.5196     4.2651     4.2670    34.9646    34.9626    27.7299    27.7281    1503.02    195.516    196.400         44 0.0000e+00
     160720   6696.631   1409.915   1424.000     4.3850     4.3865   3.349709   3.349684     1.9320     1.6092      98.64   26.05918  -93.72326    0.00005    0.00003     4.4976     4.5180     4.2676     4.2691    34.9645    34.9626    27.7295    27.7278    1503.02    195.443    196.328         32 0.0000e+00
     160930   6705.390   1408.928   1423.000     4.3853     4.3871   3.349683   3.349686     1.9319     1.6093     100.25   26.05919  -93.72326    0.00005    0.00005     4.4966     4.5176     4.2679     4.2697    34.9644    34.9626    27.7294    27.7277    1503.02    195.401    196.314         37 0.0000e+00
