GOMECC/GOMECC-4/1db/rb2103_0451.ros
* Sea-Bird SBE 9 Data File:
* FileName = C:\Users\scs.user.rb\CTD\GOMECC4\data\rb2103_0451.hex
* Software Version Seasave V 7.26.7.107
* Temperature SN = 4799
* Conductivity SN = 3860
* Number of Bytes Per Scan = 41
* Number of Voltage Words = 4
* Number of Scans Averaged by the Deck Unit = 1
* NMEA Latitude = 28 56.09 N
* NMEA Longitude = 090 07.39 W
* NMEA UTC (Time) = Sep 26 2021  12:09:32
* NMEA baud rate = 4800
# nquan = 17
# nvalues = 931                                   
# units = specified
# name 0 = scan: Scan Count
# name 1 = timeS: Time, Elapsed [seconds]
# name 2 = depSM: Depth [salt water, m]
# name 3 = prDM: Pressure, Digiquartz [db]
# name 4 = t090C: Temperature [ITS-90, deg C]
# name 5 = t190C: Temperature, 2 [ITS-90, deg C]
# name 6 = c0S/m: Conductivity [S/m]
# name 7 = c1S/m: Conductivity, 2 [S/m]
# name 8 = sbeox0V: Oxygen raw, SBE 43 [V]
# name 9 = sbeox1V: Oxygen raw, SBE 43, 2 [V]
# name 10 = altM: Altimeter [m]
# name 11 = latitude: Latitude [deg]
# name 12 = longitude: Longitude [deg]
# name 13 = sbox0dV/dT: Oxygen, SBE 43 [dov/dt]
# name 14 = sbox1dV/dT: Oxygen, SBE 43, 2 [dov/dt]
# name 15 = nbf: Bottles Fired
# name 16 = flag:  0.000e+00
# interval = seconds: 0.0416667
# start_time = Sep 26 2021 12:09:32 [NMEA time, header]
# bad_flag = -9.990e-29
*END*
[from data line 596]
      26856   1118.958      9.826      9.893    26.7258    26.7298   4.305992   4.306677     3.3370     2.8559      15.04   28.93806  -90.12930   -0.00026   -0.00089          5  0.000e+00
      26857   1119.000      9.811      9.878    26.7257    26.7294   4.305929   4.306579     3.3370     2.8547      15.07   28.93806  -90.12930   -0.00028   -0.00092          5  0.000e+00
      26858   1119.042      9.887      9.954    26.7252    26.7296   4.305888   4.306593     3.3370     2.8559      15.07   28.93806  -90.12930   -0.00030   -0.00093          5  0.000e+00
      26859   1119.083      9.811      9.878    26.7250    26.7293   4.305895   4.306494     3.3358     2.8571      15.07   28.93806  -90.12930   -0.00032   -0.00093          5  0.000e+00
      26860   1119.125      9.826      9.893    26.7248    26.7289   4.305860   4.306374     3.3370     2.8584      15.07   28.93806  -90.12930   -0.00033   -0.00088          5  0.000e+00
      26861   1119.167      9.864      9.931    26.7239    26.7291   4.305783   4.306395     3.3370     2.8571      15.07   28.93806  -90.12930   -0.00035   -0.00087          5  0.000e+00
      26862   1119.208      9.826      9.893    26.7236    26.7294   4.305741   4.306473     3.3370     2.8584      15.07   28.93806  -90.12930   -0.00036   -0.00085          5  0.000e+00
      26863   1119.250      9.864      9.931    26.7238    26.7294   4.305734   4.306466     3.3382     2.8571      15.07   28.93806  -90.12930   -0.00036   -0.00084          5  0.000e+00
      26864   1119.292      9.826      9.893    26.7243    26.7293   4.305734   4.306346     3.3370     2.8584      15.07   28.93806  -90.12930   -0.00036   -0.00081          5  0.000e+00
      26865   1119.333      9.864      9.931    26.7250    26.7289   4.305783   4.306197     3.3370     2.8584      15.07   28.93806  -90.12930   -0.00036   -0.00077          5  0.000e+00
      26866   1119.375      9.887      9.954    26.7252    26.7287   4.305832   4.306183     3.3382     2.8584      15.07   28.93806  -90.12930   -0.00034   -0.00074          5  0.000e+00
      26867   1119.417      9.811      9.878    26.7256    26.7289   4.305895   4.306331     3.3382     2.8584      15.07   28.93806  -90.12930   -0.00032   -0.00071          5  0.000e+00
      26868   1119.458      9.886      9.954    26.7258    26.7291   4.305971   4.306437     3.3382     2.8584      15.07   28.93806  -90.12930   -0.00030   -0.00067          5  0.000e+00
      26869   1119.500      9.864      9.931    26.7263    26.7291   4.306034   4.306374     3.3382     2.8584      15.07   28.93806  -90.12930   -0.00028   -0.00064          5  0.000e+00
      26870   1119.542      9.886      9.954    26.7258    26.7287   4.306090   4.306148     3.3382     2.8584      15.07   28.93806  -90.12930   -0.00025   -0.00062          5  0.000e+00
      26871   1119.583      9.864      9.931    26.7261    26.7285   4.306104   4.306028     3.3394     2.8584      15.07   28.93806  -90.12930   -0.00021   -0.00060          5  0.000e+00
      26872   1119.625      9.886      9.954    26.7261    26.7282   4.306125   4.305929     3.3382     2.8571      15.07   28.93806  -90.12930   -0.00019   -0.00060          5  0.000e+00
      26873   1119.667      9.864      9.931    26.7263    26.7280   4.306111   4.305872     3.3394     2.8584      15.07   28.93806  -90.12930   -0.00017   -0.00058          5  0.000e+00
      26874   1119.708      9.886      9.954    26.7263    26.7280   4.306208   4.305887     3.3394     2.8559      15.07   28.93806  -90.12930   -0.00014   -0.00061          5  0.000e+00
      26875   1119.750      9.924      9.992    26.7263    26.7280   4.306187   4.305901     3.3382     2.8559      15.07   28.93806  -90.12930   -0.00013   -0.00064          5  0.000e+00
      26876   1119.792      9.886      9.954    26.7261    26.7280   4.306173   4.305872     3.3382     2.8584      15.07   28.93806  -90.12930   -0.00013   -0.00063          5  0.000e+00
      26877   1119.833      9.924      9.992    26.7259    26.7280   4.306118   4.305915     3.3382     2.8559      15.07   28.93806  -90.12930   -0.00012   -0.00066          5  0.000e+00
      26878   1119.875      9.939     10.007    26.7259    26.7283   4.306187   4.305957     3.3382     2.8547      15.07   28.93806  -90.12930   -0.00011   -0.00070          5  0.000e+00
      26879   1119.917      9.924      9.992    26.7263    26.7272   4.306396   4.305519     3.3382     2.8547      15.07   28.93806  -90.12930   -0.00010   -0.00075          5  0.000e+00
      26880   1119.958      9.939     10.007    26.7269    26.7262   4.306494   4.305159     3.3382     2.8547      15.07   28.93806  -90.12930   -0.00009   -0.00081          5  0.000e+00
      26881   1120.000      9.864      9.931    26.7274    26.7269   4.306452   4.305301     3.3382     2.8535      15.02   28.93806  -90.12930   -0.00009   -0.00087          5  0.000e+00
      26882   1120.042      9.939     10.007    26.7272    26.7267   4.306208   4.305378     3.3382     2.8535      14.99   28.93806  -90.12930   -0.00008   -0.00092          5  0.000e+00
      26883   1120.083      9.977     10.045    26.7270    26.7262   4.306055   4.305265     3.3394     2.8559      14.99   28.93806  -90.12930   -0.00007   -0.00096          5  0.000e+00
      26884   1120.125      9.939     10.007    26.7275    26.7262   4.306334   4.305117     3.3382     2.8547      14.99   28.93806  -90.12930   -0.00008   -0.00101          5  0.000e+00
      26885   1120.167      9.977     10.045    26.7274    26.7258   4.306403   4.304941     3.3394     2.8535      14.99   28.93806  -90.12930   -0.00007   -0.00109          5  0.000e+00
      26886   1120.208      9.992     10.060    26.7272    26.7258   4.306138   4.304729     3.3394     2.8547      14.99   28.93806  -90.12930   -0.00008   -0.00114          5  0.000e+00
      26887   1120.250      9.924      9.992    26.7268    26.7252   4.306006   4.304672     3.3394     2.8547      14.99   28.93806  -90.12930   -0.00007   -0.00119          5  0.000e+00
      26888   1120.292      9.992     10.060    26.7269    26.7260   4.305957   4.304955     3.3382     2.8523      14.99   28.93806  -90.12930   -0.00008   -0.00127          5  0.000e+00
      26889   1120.333     10.030     10.098    26.7265    26.7267   4.305909   4.305350     3.3382     2.8547      14.99   28.93806  -90.12930   -0.00009   -0.00132          5  0.000e+00
      26890   1120.375      9.992     10.060    26.7268    26.7278   4.305964   4.305703     3.3382     2.8559      14.99   28.93806  -90.12930   -0.00010   -0.00135          5  0.000e+00
      26891   1120.417      9.977     10.045    26.7270    26.7280   4.306125   4.305873     3.3382     2.8559      14.99   28.93806  -90.12930   -0.00011   -0.00138          5  0.000e+00
      26892   1120.458     10.053     10.121    26.7279    26.7278   4.306591   4.305788     3.3382     2.8547      14.99   28.93806  -90.12930   -0.00012   -0.00141          5  0.000e+00
      26893   1120.500      9.977     10.045    26.7326    26.7274   4.308689   4.305555     3.3382     2.8523      14.99   28.93806  -90.12930   -0.00013   -0.00149          5  0.000e+00
      26894   1120.542     10.053     10.121    26.7334    26.7267   4.309079   4.305294     3.3382     2.8535      14.99   28.93806  -90.12930   -0.00015   -0.00155          5  0.000e+00
      26895   1120.583     10.030     10.098    26.7296    26.7263   4.307351   4.305202     3.3382     2.8559      14.99   28.93806  -90.12930   -0.00018   -0.00157          5  0.000e+00
      26896   1120.625     10.053     10.121    26.7275    26.7271   4.306215   4.305661     3.3382     2.8559      14.99   28.93806  -90.12930   -0.00021   -0.00159          5  0.000e+00
      26897   1120.667     10.030     10.098    26.7267    26.7283   4.305860   4.306713     3.3382     2.8571      14.99   28.93806  -90.12930   -0.00024   -0.00160          5  0.000e+00
      26898   1120.708     10.105     10.174    26.7263    26.7311   4.305693   4.308125     3.3394     2.8571      14.99   28.93806  -90.12930   -0.00023   -0.00160          5  0.000e+00
      26899   1120.750     10.030     10.098    26.7263    26.7318   4.305428   4.308966     3.3382     2.8559      14.99   28.93806  -90.12930   -0.00026   -0.00162          5  0.000e+00
      26900   1120.792     10.053     10.121    26.7256    26.7347   4.305302   4.310060     3.3370     2.8559      14.99   28.93806  -90.12932   -0.00031   -0.00164          5  0.000e+00
      26901   1120.833     10.090     10.159    26.7254    26.7373   4.305268   4.311000     3.3382     2.8584      14.99   28.93806  -90.12932   -0.00034   -0.00163          5  0.000e+00
      26902   1120.875     10.105     10.174    26.7254    26.7353   4.305393   4.310223     3.3370     2.8571      14.99   28.93806  -90.12932   -0.00037   -0.00161          5  0.000e+00
      26903   1120.917     10.090     10.159    26.7256    26.7332   4.305456   4.309036     3.3370     2.8584      14.99   28.93806  -90.12932   -0.00040   -0.00158          5  0.000e+00
      26904   1120.958     10.105     10.174    26.7259    26.7336   4.306111   4.309107     3.3382     2.8584      14.97   28.93806  -90.12932   -0.00041   -0.00155          5  0.000e+00
      26905   1121.000     10.143     10.212    26.7285    26.7340   4.307107   4.309262     3.3382     2.8584      14.85   28.93806  -90.12932   -0.00042   -0.00151          5  0.000e+00
      26906   1121.042     10.053     10.121    26.7290    26.7331   4.307616   4.308655     3.3370     2.8596      14.82   28.93806  -90.12932   -0.00045   -0.00144          5  0.000e+00
      26907   1121.083     10.143     10.212    26.7290    26.7307   4.307755   4.307532     3.3382     2.8596      14.82   28.93806  -90.12932   -0.00046   -0.00137          5  0.000e+00
      26908   1121.125     10.143     10.212    26.7296    26.7304   4.307693   4.307094     3.3382     2.8596      14.82   28.93806  -90.12932   -0.00047   -0.00130          5  0.000e+00
      26909   1121.167     10.105     10.174    26.7290    26.7298   4.307267   4.307045     3.3382     2.8596      14.82   28.93806  -90.12932   -0.00048   -0.00121          5  0.000e+00
      26910   1121.208     10.143     10.212    26.7285    26.7305   4.307477   4.306939     3.3382     2.8596      14.82   28.93806  -90.12932   -0.00048   -0.00114          5  0.000e+00
      26911   1121.250     10.166     10.235    26.7312    26.7311   4.309121   4.307200     3.3382     2.8596      14.82   28.93806  -90.12932   -0.00047   -0.00105          5  0.000e+00
      26912   1121.292     10.143     10.212    26.7345    26.7342   4.310439   4.308697     3.3370     2.8608      14.82   28.93806  -90.12932   -0.00048   -0.00095          5  0.000e+00
      26913   1121.333     10.166     10.235    26.7344    26.7371   4.310285   4.310166     3.3382     2.8608      14.82   28.93806  -90.12932   -0.00047   -0.00084          5  0.000e+00
      26914   1121.375     10.143     10.212    26.7330    26.7382   4.309958   4.311127     3.3370     2.8608      14.82   28.93806  -90.12932   -0.00048   -0.00073          5  0.000e+00
      26915   1121.417     10.166     10.235    26.7356    26.7393   4.311094   4.311826     3.3370     2.8608      14.82   28.93806  -90.12932   -0.00049   -0.00062          5  0.000e+00
      26916   1121.458     10.143     10.212    26.7379    26.7390   4.311826   4.311819     3.3382     2.8608      14.82   28.93806  -90.12932   -0.00046   -0.00051          5  0.000e+00
      26917   1121.500     10.166     10.235    26.7374    26.7363   4.311659   4.310880     3.3370     2.8608      14.82   28.93806  -90.12932   -0.00047   -0.00040          5  0.000e+00
      26918   1121.542     10.143     10.212    26.7363    26.7362   4.311338   4.310746     3.3370     2.8608      14.82   28.93806  -90.12932   -0.00048   -0.00031          5  0.000e+00
      26919   1121.583     10.219     10.288    26.7367    26.7382   4.310955   4.311184     3.3382     2.8596      14.82   28.93806  -90.12932   -0.00046   -0.00024          5  0.000e+00
      26920   1121.625     10.143     10.212    26.7350    26.7389   4.310181   4.311508     3.3382     2.8596      14.82   28.93806  -90.12932   -0.00045   -0.00016          5  0.000e+00
      26921   1121.667     10.166     10.235    26.7350    26.7430   4.310327   4.312505     3.3382     2.8596      14.82   28.93806  -90.12932   -0.00044   -0.00009          5  0.000e+00
      26922   1121.708     10.204     10.273    26.7361    26.7455   4.310892   4.313564     3.3382     2.8596      14.82   28.93806  -90.12932   -0.00043   -0.00003          5  0.000e+00
      26923   1121.750     10.166     10.235    26.7369    26.7474   4.311436   4.314059     3.3382     2.8596      14.82   28.93806  -90.12932   -0.00041    0.00004          5  0.000e+00
      26924   1121.792     10.204     10.273    26.7379    26.7469   4.312405   4.313783     3.3370     2.8584      14.82   28.93806  -90.12932   -0.00042    0.00010          5  0.000e+00
      28386   1182.708      3.613      3.637    26.4378    26.3957   4.098947   4.093611     3.2711     2.7924      20.98   28.93812  -90.12976    0.00081   -0.00202          6  0.000e+00
      28387   1182.750      4.058      4.086    26.4036    26.3963   4.095588   4.092525     3.2711     2.7924      20.98   28.93812  -90.12976    0.00083   -0.00204          6  0.000e+00
      28388   1182.792      3.938      3.964    26.3907    26.3948   4.094775   4.090602     3.2711     2.7924      20.98   28.93812  -90.12978    0.00084   -0.00204          6  0.000e+00
      28389   1182.833      3.779      3.805    26.4038    26.3984   4.097596   4.089869     3.2711     2.7937      20.98   28.93812  -90.12978    0.00085   -0.00202          6  0.000e+00
      28390   1182.875      3.877      3.903    26.4306    26.4120   4.103607   4.090768     3.2711     2.7937      20.98   28.93812  -90.12978    0.00086   -0.00202          6  0.000e+00
      28391   1182.917      3.945      3.972    26.4500    26.4068   4.109670   4.088998     3.2711     2.7937      20.98   28.93812  -90.12978    0.00088   -0.00199          6  0.000e+00
      28392   1182.958      3.892      3.919    26.4585    26.3817   4.114403   4.084380     3.2711     2.7924      20.98   28.93812  -90.12978    0.00089   -0.00199          6  0.000e+00
      28393   1183.000      3.938      3.964    26.4601    26.3734   4.117037   4.080863     3.2711     2.7937      20.98   28.93812  -90.12978    0.00090   -0.00196          6  0.000e+00
      28394   1183.042      3.892      3.919    26.4630    26.3673   4.118481   4.078563     3.2711     2.7937      20.98   28.93812  -90.12978    0.00091   -0.00193          6  0.000e+00
      28395   1183.083      3.945      3.972    26.4686    26.3592   4.120384   4.076201     3.2711     2.7937      20.98   28.93812  -90.12978    0.00092   -0.00189          6  0.000e+00
      28396   1183.125      3.938      3.964    26.4714    26.3549   4.122534   4.074509     3.2711     2.7924      20.98   28.93812  -90.12978    0.00093   -0.00186          6  0.000e+00
      28397   1183.167      3.892      3.919    26.4730    26.3570   4.124060   4.073453     3.2711     2.7924      20.98   28.93812  -90.12978    0.00092   -0.00182          6  0.000e+00
      28398   1183.208      3.938      3.964    26.4750    26.3614   4.124759   4.072983     3.2711     2.7937      20.98   28.93812  -90.12978    0.00091   -0.00177          6  0.000e+00
      28399   1183.250      3.945      3.972    26.4765    26.3618   4.125142   4.073321     3.2698     2.7924      20.98   28.93812  -90.12978    0.00090   -0.00173          6  0.000e+00
      28400   1183.292      3.892      3.919    26.4774    26.3614   4.125457   4.073950     3.2711     2.7924      20.98   28.93812  -90.12978    0.00089   -0.00171          6  0.000e+00
