GOMECC/GOMECC-4/1db/rb2103_0491.ros
* Sea-Bird SBE 9 Data File:
* FileName = C:\Users\scs.user.rb\CTD\GOMECC4\data\rb2103_0491.hex
* Software Version Seasave V 7.26.7.107
* Temperature SN = 4799
* Conductivity SN = 3860
* Number of Bytes Per Scan = 41
* Number of Voltage Words = 4
* Number of Scans Averaged by the Deck Unit = 1
* NMEA Latitude = 27 55.20 N
* NMEA Longitude = 093 34.74 W
* NMEA UTC (Time) = Sep 27 2021  12:19:13
* NMEA baud rate = 4800
# nquan = 17
# nvalues = 1197                                  
# units = specified
# name 0 = scan: Scan Count
# name 1 = timeS: Time, Elapsed [seconds]
# name 2 = depSM: Depth [salt water, m]
# name 3 = prDM: Pressure, Digiquartz [db]
# name 4 = t090C: Temperature [ITS-90, deg C]
# name 5 = t190C: Temperature, 2 [ITS-90, deg C]
# name 6 = c0S/m: Conductivity [S/m]
# name 7 = c1S/m: Conductivity, 2 [S/m]
# name 8 = sbeox0V: Oxygen raw, SBE 43 [V]
# name 9 = sbeox1V: Oxygen raw, SBE 43, 2 [V]
# name 10 = altM: Altimeter [m]
# name 11 = latitude: Latitude [deg]
# name 12 = longitude: Longitude [deg]
# name 13 = sbox0dV/dT: Oxygen, SBE 43 [dov/dt]
# name 14 = sbox1dV/dT: Oxygen, SBE 43, 2 [dov/dt]
# name 15 = nbf: Bottles Fired
# name 16 = flag:  0.000e+00
# interval = seconds: 0.0416667
# start_time = Sep 27 2021 12:19:13 [NMEA time, header]
# bad_flag = -9.990e-29
*END*
[from data line 766]
      20069    836.167     19.593     19.725    28.7193    28.7197   5.801946   5.802260     3.1160     2.6496      51.82   27.92012  -93.57902   -0.00017    0.00184          6  0.000e+00
      20070    836.208     19.593     19.725    28.7191    28.7197   5.801907   5.802252     3.1160     2.6496      51.77   27.92012  -93.57902   -0.00014    0.00179          6  0.000e+00
      20071    836.250     19.616     19.748    28.7190    28.7195   5.801922   5.802244     3.1160     2.6496      51.31   27.92012  -93.57902   -0.00011    0.00173          6  0.000e+00
      20072    836.292     19.540     19.672    28.7191    28.7198   5.801970   5.802244     3.1160     2.6496      51.06   27.92012  -93.57902   -0.00009    0.00167          6  0.000e+00
      20073    836.333     19.593     19.725    28.7193    28.7197   5.801914   5.802204     3.1160     2.6496      51.04   27.92012  -93.57902   -0.00006    0.00162          6  0.000e+00
      20074    836.375     19.593     19.725    28.7193    28.7198   5.801851   5.802092     3.1160     2.6496      51.06   27.92012  -93.57902   -0.00004    0.00155          6  0.000e+00
      20075    836.417     19.616     19.748    28.7191    28.7195   5.801733   5.802012     3.1160     2.6496      51.06   27.92012  -93.57902   -0.00001    0.00149          6  0.000e+00
      20076    836.458     19.593     19.725    28.7187    28.7195   5.801812   5.801900     3.1160     2.6508      51.06   27.92012  -93.57902    0.00003    0.00146          6  0.000e+00
      20077    836.500     19.593     19.725    28.7189    28.7195   5.801733   5.801820     3.1160     2.6508      51.06   27.92012  -93.57902    0.00007    0.00143          6  0.000e+00
      20078    836.542     19.593     19.725    28.7191    28.7193   5.801772   5.801852     3.1160     2.6508      51.06   27.92012  -93.57902    0.00011    0.00140          6  0.000e+00
      20079    836.583     19.616     19.748    28.7190    28.7191   5.801764   5.801892     3.1160     2.6508      51.06   27.92012  -93.57902    0.00015    0.00137          6  0.000e+00
      20080    836.625     19.593     19.725    28.7189    28.7192   5.801780   5.801980     3.1160     2.6508      51.06   27.92012  -93.57902    0.00019    0.00133          6  0.000e+00
      20081    836.667     19.593     19.725    28.7187    28.7193   5.801757   5.802004     3.1148     2.6508      51.06   27.92012  -93.57902    0.00022    0.00131          6  0.000e+00
      20082    836.708     19.646     19.778    28.7189    28.7195   5.801788   5.801972     3.1148     2.6508      51.06   27.92012  -93.57902    0.00023    0.00129          6  0.000e+00
      20083    836.750     19.616     19.748    28.7189    28.7197   5.801757   5.802028     3.1148     2.6508      51.06   27.92012  -93.57902    0.00023    0.00127          6  0.000e+00
      20084    836.792     19.593     19.725    28.7191    28.7195   5.801749   5.802052     3.1148     2.6508      51.06   27.92012  -93.57902    0.00024    0.00124          6  0.000e+00
      20085    836.833     19.646     19.778    28.7187    28.7198   5.801607   5.802092     3.1148     2.6508      51.06   27.92012  -93.57902    0.00025    0.00123          6  0.000e+00
      20086    836.875     19.593     19.725    28.7185    28.7199   5.801520   5.802100     3.1148     2.6496      51.06   27.92012  -93.57902    0.00025    0.00121          6  0.000e+00
      20087    836.917     19.676     19.809    28.7184    28.7198   5.801472   5.802100     3.1148     2.6496      51.06   27.92012  -93.57902    0.00026    0.00116          6  0.000e+00
      20088    836.958     19.646     19.778    28.7183    28.7199   5.801394   5.802132     3.1148     2.6496      51.06   27.92012  -93.57902    0.00027    0.00112          6  0.000e+00
      20089    837.000     19.593     19.725    28.7185    28.7200   5.801472   5.802180     3.1148     2.6496      51.06   27.92012  -93.57902    0.00028    0.00109          6  0.000e+00
      20090    837.042     19.646     19.778    28.7185    28.7201   5.801512   5.802156     3.1136     2.6484      51.06   27.92012  -93.57902    0.00026    0.00104          6  0.000e+00
      20091    837.083     19.676     19.809    28.7184    28.7200   5.801551   5.802148     3.1136     2.6484      51.06   27.92012  -93.57902    0.00025    0.00097          6  0.000e+00
      20092    837.125     19.646     19.778    28.7184    28.7203   5.801591   5.802148     3.1136     2.6484      51.09   27.92012  -93.57902    0.00025    0.00091          6  0.000e+00
      20093    837.167     19.646     19.778    28.7185    28.7200   5.801638   5.802116     3.1136     2.6496      51.06   27.92012  -93.57902    0.00022    0.00088          6  0.000e+00
      20094    837.208     19.676     19.809    28.7187    28.7201   5.801622   5.802132     3.1136     2.6484      51.06   27.92012  -93.57902    0.00021    0.00081          6  0.000e+00
      20095    837.250     19.646     19.778    28.7185    28.7200   5.801607   5.802180     3.1136     2.6496      50.99   27.92012  -93.57902    0.00018    0.00076          6  0.000e+00
      20096    837.292     19.646     19.778    28.7185    28.7201   5.801638   5.802196     3.1136     2.6484      50.96   27.92012  -93.57902    0.00016    0.00071          6  0.000e+00
      20097    837.333     19.646     19.778    28.7186    28.7202   5.801622   5.802228     3.1136     2.6496      50.96   27.92012  -93.57902    0.00013    0.00065          6  0.000e+00
      20098    837.375     19.729     19.862    28.7187    28.7201   5.801607   5.802204     3.1136     2.6496      50.96   27.92012  -93.57902    0.00010    0.00062          6  0.000e+00
      20099    837.417     19.646     19.778    28.7187    28.7202   5.801607   5.802156     3.1136     2.6496      50.96   27.92012  -93.57902    0.00008    0.00056          6  0.000e+00
      20100    837.458     19.646     19.778    28.7185    28.7201   5.801575   5.802220     3.1136     2.6496      50.96   27.92012  -93.57902    0.00007    0.00051          6  0.000e+00
      22505    937.667     10.382     10.451    28.6746    28.6752   5.786135   5.786697     3.1050     2.6435      61.73   27.92010  -93.57900   -0.00006    0.00027          7  0.000e+00
      22506    937.708      9.468      9.531    28.6752    28.6769   5.786166   5.786720     3.1050     2.6435      61.73   27.92010  -93.57900   -0.00012    0.00027          7  0.000e+00
      22507    937.750      9.875      9.942    28.6752    28.6771   5.786213   5.786745     3.1050     2.6435      61.71   27.92010  -93.57900   -0.00017    0.00026          7  0.000e+00
      22508    937.792      9.800      9.866    28.6750    28.6771   5.786229   5.786737     3.1050     2.6447      61.73   27.92010  -93.57900   -0.00022    0.00027          7  0.000e+00
      22509    937.833      9.875      9.942    28.6757    28.6767   5.786260   5.786633     3.1050     2.6435      61.73   27.92010  -93.57900   -0.00027    0.00027          7  0.000e+00
      22510    937.875      9.913      9.980    28.6757    28.6769   5.786308   5.786561     3.1050     2.6447      61.73   27.92010  -93.57900   -0.00032    0.00028          7  0.000e+00
      22511    937.917      9.800      9.866    28.6759    28.6766   5.786355   5.786481     3.1050     2.6447      61.73   27.92010  -93.57900   -0.00037    0.00030          7  0.000e+00
      22512    937.958      9.875      9.942    28.6760    28.6763   5.786300   5.786417     3.1050     2.6447      61.73   27.92010  -93.57900   -0.00042    0.00033          7  0.000e+00
      22513    938.000      9.860      9.927    28.6757    28.6764   5.786308   5.786313     3.1050     2.6459      61.73   27.92010  -93.57900   -0.00045    0.00037          7  0.000e+00
      22514    938.042      9.875      9.942    28.6761    28.6760   5.786355   5.786265     3.1050     2.6447      61.73   27.92010  -93.57900   -0.00050    0.00040          7  0.000e+00
      22515    938.083      9.913      9.980    28.6763    28.6758   5.786402   5.786225     3.1050     2.6447      61.73   27.92010  -93.57900   -0.00055    0.00043          7  0.000e+00
      22516    938.125      9.875      9.942    28.6763    28.6756   5.786418   5.786217     3.1050     2.6447      61.73   27.92010  -93.57900   -0.00058    0.00046          7  0.000e+00
      22517    938.167      9.913      9.980    28.6763    28.6756   5.786347   5.786145     3.1050     2.6447      61.73   27.92010  -93.57900   -0.00061    0.00048          7  0.000e+00
      22518    938.208      9.875      9.942    28.6761    28.6756   5.786323   5.786153     3.1050     2.6447      61.73   27.92010  -93.57900   -0.00066    0.00051          7  0.000e+00
      22519    938.250      9.913      9.980    28.6757    28.6758   5.786355   5.786145     3.1050     2.6447      61.78   27.92010  -93.57900   -0.00069    0.00055          7  0.000e+00
      22520    938.292      9.936     10.003    28.6759    28.6756   5.786331   5.786121     3.1050     2.6435      61.81   27.92010  -93.57900   -0.00072    0.00056          7  0.000e+00
      22521    938.333      9.913      9.980    28.6757    28.6756   5.786394   5.786153     3.1050     2.6435      61.83   27.92010  -93.57900   -0.00075    0.00058          7  0.000e+00
      22522    938.375      9.875      9.942    28.6765    28.6756   5.786418   5.786169     3.1050     2.6435      61.81   27.92010  -93.57900   -0.00078    0.00061          7  0.000e+00
      22523    938.417      9.913      9.980    28.6765    28.6756   5.786450   5.786201     3.1050     2.6422      61.81   27.92010  -93.57900   -0.00081    0.00059          7  0.000e+00
      22524    938.458      9.936     10.003    28.6765    28.6758   5.786465   5.786217     3.1050     2.6422      61.83   27.92010  -93.57900   -0.00084    0.00058          7  0.000e+00
      22525    938.500      9.966     10.033    28.6769    28.6762   5.786497   5.786337     3.1050     2.6422      61.81   27.92010  -93.57900   -0.00087    0.00057          7  0.000e+00
      22526    938.542      9.966     10.033    28.6765    28.6766   5.786544   5.786433     3.1050     2.6422      61.81   27.92010  -93.57900   -0.00090    0.00056          7  0.000e+00
      22527    938.583      9.936     10.003    28.6765    28.6763   5.786521   5.786385     3.1050     2.6422      61.81   27.92010  -93.57900   -0.00091    0.00055          7  0.000e+00
      22528    938.625      9.966     10.033    28.6765    28.6762   5.786442   5.786393     3.1050     2.6410      61.83   27.92010  -93.57900   -0.00094    0.00050          7  0.000e+00
      22529    938.667      9.989     10.056    28.6757    28.6762   5.786276   5.786369     3.1062     2.6410      61.81   27.92010  -93.57900   -0.00093    0.00046          7  0.000e+00
      22530    938.708      9.913      9.980    28.6757    28.6761   5.786189   5.786409     3.1062     2.6410      61.81   27.92010  -93.57900   -0.00092    0.00041          7  0.000e+00
      22531    938.750      9.989     10.056    28.6759    28.6764   5.786213   5.786449     3.1062     2.6410      61.81   27.92010  -93.57900   -0.00093    0.00037          7  0.000e+00
      22532    938.792      9.966     10.033    28.6757    28.6762   5.786158   5.786417     3.1062     2.6398      61.83   27.92010  -93.57900   -0.00094    0.00030          7  0.000e+00
      22533    938.833      9.989     10.056    28.6748    28.6760   5.785953   5.786441     3.1062     2.6398      61.81   27.92010  -93.57900   -0.00093    0.00026          7  0.000e+00
      22534    938.875      9.966     10.033    28.6745    28.6763   5.785858   5.786417     3.1062     2.6398      61.81   27.92010  -93.57900   -0.00092    0.00020          7  0.000e+00
      22535    938.917     10.042     10.109    28.6743    28.6764   5.785701   5.786369     3.1062     2.6398      61.81   27.92010  -93.57900   -0.00091    0.00013          7  0.000e+00
      22536    938.958      9.966     10.033    28.6741    28.6762   5.785653   5.786297     3.1062     2.6398      61.83   27.92010  -93.57900   -0.00092    0.00007          7  0.000e+00
      22537    939.000      9.989     10.056    28.6743    28.6756   5.785622   5.786161     3.1074     2.6398      61.81   27.92010  -93.57900   -0.00089    0.00001          7  0.000e+00
      22538    939.042     10.026     10.094    28.6738    28.6756   5.785567   5.786050     3.1074     2.6398      61.83   27.92010  -93.57900   -0.00086   -0.00005          7  0.000e+00
      22539    939.083      9.989     10.056    28.6734    28.6754   5.785519   5.786058     3.1074     2.6398      61.81   27.92010  -93.57900   -0.00084   -0.00011          7  0.000e+00
      22540    939.125     10.079     10.147    28.6737    28.6752   5.785583   5.786002     3.1074     2.6386      61.83   27.92010  -93.57900   -0.00081   -0.00017          7  0.000e+00
      22541    939.167      9.966     10.033    28.6735    28.6751   5.785606   5.785938     3.1074     2.6398      61.81   27.92010  -93.57900   -0.00076   -0.00021          7  0.000e+00
      22542    939.208     10.042     10.109    28.6739    28.6751   5.785677   5.785946     3.1074     2.6398      61.83   27.92010  -93.57900   -0.00073   -0.00025          7  0.000e+00
      22543    939.250     10.026     10.094    28.6737    28.6750   5.785701   5.785930     3.1074     2.6398      62.05   27.92010  -93.57900   -0.00069   -0.00029          7  0.000e+00
      22544    939.292     10.042     10.109    28.6739    28.6749   5.785780   5.785898     3.1074     2.6398      62.17   27.92010  -93.57900   -0.00064   -0.00033          7  0.000e+00
      22545    939.333     10.026     10.094    28.6743    28.6749   5.785906   5.785914     3.1074     2.6398      62.17   27.92010  -93.57900   -0.00060   -0.00037          7  0.000e+00
      22546    939.375     10.042     10.109    28.6743    28.6748   5.785945   5.785930     3.1074     2.6410      62.17   27.92010  -93.57900   -0.00055   -0.00039          7  0.000e+00
      22547    939.417     10.026     10.094    28.6745    28.6749   5.785906   5.785898     3.1074     2.6410      62.17   27.92010  -93.57900   -0.00052   -0.00041          7  0.000e+00
      22548    939.458     10.042     10.109    28.6748    28.6747   5.786000   5.785890     3.1074     2.6410      62.17   27.92010  -93.57900   -0.00049   -0.00041          7  0.000e+00
      22549    939.500     10.026     10.094    28.6747    28.6745   5.786000   5.785866     3.1062     2.6422      62.15   27.92010  -93.57900   -0.00046   -0.00042          7  0.000e+00
      22550    939.542     10.102     10.170    28.6748    28.6743   5.785953   5.785770     3.1062     2.6422      62.17   27.92010  -93.57900   -0.00043   -0.00040          7  0.000e+00
      22551    939.583     10.026     10.094    28.6746    28.6742   5.785874   5.785706     3.1062     2.6422      62.15   27.92010  -93.57900   -0.00042   -0.00038          7  0.000e+00
      22552    939.625     10.042     10.109    28.6745    28.6745   5.785851   5.785730     3.1062     2.6422      62.17   27.92010  -93.57900   -0.00039   -0.00039          7  0.000e+00
      22553    939.667     10.079     10.147    28.6746    28.6743   5.785882   5.785818     3.1062     2.6422      62.17   27.92010  -93.57900   -0.00036   -0.00039          7  0.000e+00
      22554    939.708     10.026     10.094    28.6745    28.6745   5.785827   5.785802     3.1062     2.6435      62.17   27.92010  -93.57900   -0.00032   -0.00037          7  0.000e+00
      22555    939.750     10.042     10.109    28.6745    28.6742   5.785835   5.785842     3.1062     2.6435      62.15   27.92010  -93.57900   -0.00029   -0.00035          7  0.000e+00
      22556    939.792     10.079     10.147    28.6743    28.6747   5.785851   5.785906     3.1062     2.6435      62.17   27.92010  -93.57900   -0.00026   -0.00034          7  0.000e+00
      22557    939.833     10.102     10.170    28.6745    28.6745   5.785882   5.785826     3.1062     2.6435      62.17   27.92010  -93.57900   -0.00022   -0.00032          7  0.000e+00
