GOMECC/GOMECC-4/1db/rb2103_0231.ros
* Sea-Bird SBE 9 Data File:
* FileName = C:\Users\scs.user.rb\CTD\GOMECC4\data\rb2103_0231.hex
* Software Version Seasave V 7.26.7.107
* Temperature SN = 4799
* Conductivity SN = 3860
* Number of Bytes Per Scan = 41
* Number of Voltage Words = 4
* Number of Scans Averaged by the Deck Unit = 1
* NMEA Latitude = 28 51.94 N
* NMEA Longitude = 085 55.30 W
* NMEA UTC (Time) = Sep 21 2021  03:02:09
* NMEA baud rate = 4800
# nquan = 17
# nvalues = 1729                                  
# units = specified
# name 0 = scan: Scan Count
# name 1 = timeS: Time, Elapsed [seconds]
# name 2 = depSM: Depth [salt water, m]
# name 3 = prDM: Pressure, Digiquartz [db]
# name 4 = t090C: Temperature [ITS-90, deg C]
# name 5 = t190C: Temperature, 2 [ITS-90, deg C]
# name 6 = c0S/m: Conductivity [S/m]
# name 7 = c1S/m: Conductivity, 2 [S/m]
# name 8 = sbeox0V: Oxygen raw, SBE 43 [V]
# name 9 = sbeox1V: Oxygen raw, SBE 43, 2 [V]
# name 10 = altM: Altimeter [m]
# name 11 = latitude: Latitude [deg]
# name 12 = longitude: Longitude [deg]
# name 13 = sbox0dV/dT: Oxygen, SBE 43 [dov/dt]
# name 14 = sbox1dV/dT: Oxygen, SBE 43, 2 [dov/dt]
# name 15 = nbf: Bottles Fired
# name 16 = flag:  0.000e+00
# interval = seconds: 0.0416667
# start_time = Sep 21 2021 03:02:09 [NMEA time, header]
# bad_flag = -9.990e-29
*END*
[from data line 1618]
      66805   2783.500      4.267      4.296    28.4644    28.4679   5.625831   5.626401     3.1184     2.6557     100.00   28.85928  -85.92442   -0.00099    0.00115         13  0.000e+00
      66806   2783.542      4.282      4.311    28.4647    28.4680   5.625862   5.626409     3.1184     2.6557     100.00   28.85928  -85.92442   -0.00104    0.00129         13  0.000e+00
      66807   2783.583      4.229      4.258    28.4644    28.4681   5.625878   5.626401     3.1197     2.6557     100.00   28.85928  -85.92442   -0.00105    0.00142         13  0.000e+00
      66808   2783.625      4.327      4.357    28.4647    28.4681   5.625878   5.626362     3.1184     2.6557     100.00   28.85928  -85.92442   -0.00109    0.00154         13  0.000e+00
      66809   2783.667      4.229      4.258    28.4647    28.4681   5.625909   5.626354     3.1197     2.6557     100.00   28.85928  -85.92442   -0.00110    0.00164         13  0.000e+00
      66810   2783.708      4.267      4.296    28.4646    28.4681   5.625854   5.626354     3.1197     2.6545     100.00   28.85928  -85.92442   -0.00112    0.00173         13  0.000e+00
      66811   2783.750      4.229      4.258    28.4647    28.4676   5.625862   5.626314     3.1184     2.6545     100.00   28.85928  -85.92442   -0.00115    0.00181         13  0.000e+00
      66812   2783.792      4.282      4.311    28.4646    28.4679   5.625808   5.626338     3.1184     2.6545     100.00   28.85930  -85.92442   -0.00118    0.00190         13  0.000e+00
      66813   2783.833      4.214      4.243    28.4644    28.4679   5.625815   5.626354     3.1184     2.6532     100.00   28.85930  -85.92442   -0.00121    0.00196         13  0.000e+00
      66814   2783.875      4.282      4.311    28.4644    28.4674   5.625831   5.626283     3.1184     2.6532     100.00   28.85930  -85.92442   -0.00122    0.00203         13  0.000e+00
      66815   2783.917      4.267      4.296    28.4644    28.4672   5.625862   5.626306     3.1184     2.6532     100.00   28.85930  -85.92442   -0.00123    0.00209         13  0.000e+00
      66816   2783.958      4.229      4.258    28.4644    28.4672   5.625878   5.626275     3.1184     2.6532     100.00   28.85930  -85.92442   -0.00124    0.00215         13  0.000e+00
      66817   2784.000      4.282      4.311    28.4644    28.4672   5.625839   5.626291     3.1184     2.6520     100.00   28.85930  -85.92442   -0.00125    0.00220         13  0.000e+00
      66818   2784.042      4.214      4.243    28.4642    28.4670   5.625831   5.626235     3.1184     2.6520     100.00   28.85930  -85.92442   -0.00125    0.00224         13  0.000e+00
      66819   2784.083      4.282      4.311    28.4644    28.4669   5.625831   5.626212     3.1184     2.6520     100.00   28.85930  -85.92442   -0.00126    0.00228         13  0.000e+00
      66820   2784.125      4.267      4.296    28.4642    28.4668   5.625862   5.626243     3.1172     2.6520     100.00   28.85930  -85.92442   -0.00128    0.00233         13  0.000e+00
      66821   2784.167      4.229      4.258    28.4642    28.4666   5.625839   5.626259     3.1184     2.6520     100.00   28.85930  -85.92442   -0.00129    0.00237         13  0.000e+00
      66822   2784.208      4.282      4.311    28.4642    28.4667   5.625831   5.626220     3.1184     2.6520     100.00   28.85930  -85.92442   -0.00129    0.00240         13  0.000e+00
      66823   2784.250      4.267      4.296    28.4642    28.4661   5.625792   5.626141     3.1184     2.6520     100.00   28.85930  -85.92442   -0.00129    0.00242         13  0.000e+00
      66824   2784.292      4.282      4.311    28.4642    28.4651   5.625854   5.626125     3.1184     2.6532     100.00   28.85930  -85.92442   -0.00129    0.00246         13  0.000e+00
      66825   2784.333      4.267      4.296    28.4642    28.4652   5.625878   5.626125     3.1172     2.6520     100.00   28.85930  -85.92442   -0.00131    0.00248         13  0.000e+00
      66826   2784.375      4.282      4.311    28.4640    28.4651   5.625808   5.626125     3.1172     2.6520     100.00   28.85930  -85.92442   -0.00132    0.00250         13  0.000e+00
      66827   2784.417      4.282      4.311    28.4640    28.4655   5.625784   5.626085     3.1184     2.6532     100.00   28.85930  -85.92442   -0.00132    0.00254         13  0.000e+00
      66828   2784.458      4.267      4.296    28.4642    28.4652   5.625815   5.626077     3.1184     2.6520     100.00   28.85930  -85.92442   -0.00132    0.00256         13  0.000e+00
      66829   2784.500      4.343      4.372    28.4640    28.4655   5.625831   5.626078     3.1172     2.6520     100.00   28.85930  -85.92442   -0.00133    0.00258         13  0.000e+00
      66830   2784.542      4.267      4.296    28.4642    28.4650   5.625831   5.626077     3.1184     2.6520     100.00   28.85930  -85.92442   -0.00132    0.00260         13  0.000e+00
      66831   2784.583      4.282      4.311    28.4640    28.4653   5.625792   5.626038     3.1172     2.6520     100.00   28.85930  -85.92442   -0.00131    0.00262         13  0.000e+00
      66832   2784.625      4.282      4.311    28.4642    28.4651   5.625815   5.626030     3.1172     2.6520     100.00   28.85930  -85.92442   -0.00130    0.00264         13  0.000e+00
      66833   2784.667      4.267      4.296    28.4640    28.4650   5.625831   5.626006     3.1172     2.6520     100.00   28.85930  -85.92442   -0.00129    0.00265         13  0.000e+00
      66834   2784.708      4.343      4.372    28.4641    28.4651   5.625831   5.626054     3.1172     2.6520     100.00   28.85930  -85.92442   -0.00128    0.00265         13  0.000e+00
      66835   2784.750      4.328      4.357    28.4642    28.4653   5.625831   5.626078     3.1172     2.6508     100.00   28.85930  -85.92442   -0.00124    0.00263         13  0.000e+00
      66836   2784.792      4.229      4.258    28.4646    28.4654   5.625862   5.626077     3.1172     2.6508     100.00   28.85930  -85.92442   -0.00123    0.00263         13  0.000e+00
      66837   2784.833      4.343      4.372    28.4646    28.4655   5.625839   5.626078     3.1172     2.6508     100.00   28.85930  -85.92442   -0.00121    0.00261         13  0.000e+00
      66838   2784.875      4.267      4.296    28.4655    28.4653   5.625932   5.626038     3.1172     2.6508     100.00   28.85930  -85.92442   -0.00117    0.00257         13  0.000e+00
      66839   2784.917      4.396      4.425    28.4660    28.4650   5.625932   5.625991     3.1172     2.6508     100.00   28.85930  -85.92442   -0.00113    0.00253         13  0.000e+00
      66840   2784.958      4.267      4.296    28.4662    28.4650   5.625886   5.626085     3.1172     2.6508     100.00   28.85930  -85.92442   -0.00110    0.00248         13  0.000e+00
      66841   2785.000      4.343      4.372    28.4668    28.4653   5.625979   5.626030     3.1172     2.6520     100.00   28.85930  -85.92442   -0.00106    0.00244         13  0.000e+00
      66842   2785.042      4.343      4.372    28.4671    28.4652   5.625948   5.626022     3.1172     2.6520     100.00   28.85930  -85.92442   -0.00101    0.00239         13  0.000e+00
      66843   2785.083      4.328      4.357    28.4669    28.4651   5.625925   5.626030     3.1172     2.6520     100.00   28.85930  -85.92442   -0.00096    0.00233         13  0.000e+00
      66844   2785.125      4.282      4.311    28.4658    28.4650   5.625854   5.625991     3.1172     2.6532     100.00   28.85930  -85.92442   -0.00093    0.00228         13  0.000e+00
      66845   2785.167      4.328      4.357    28.4658    28.4650   5.625901   5.626054     3.1172     2.6532     100.00   28.85930  -85.92442   -0.00090    0.00221         13  0.000e+00
      66846   2785.208      4.343      4.372    28.4658    28.4650   5.625854   5.626006     3.1172     2.6532     100.00   28.85930  -85.92442   -0.00086    0.00214         13  0.000e+00
      66847   2785.250      4.343      4.372    28.4662    28.4650   5.625862   5.626014     3.1172     2.6532     100.00   28.85930  -85.92442   -0.00082    0.00206         13  0.000e+00
      66848   2785.292      4.328      4.357    28.4653    28.4653   5.625839   5.626101     3.1172     2.6545     100.00   28.85930  -85.92442   -0.00078    0.00198         13  0.000e+00
      66849   2785.333      4.343      4.372    28.4644    28.4655   5.625831   5.626085     3.1172     2.6545     100.00   28.85930  -85.92442   -0.00076    0.00190         13  0.000e+00
      66850   2785.375      4.328      4.357    28.4638    28.4652   5.625792   5.626078     3.1172     2.6557     100.00   28.85930  -85.92442   -0.00073    0.00185         13  0.000e+00
      66851   2785.417      4.343      4.372    28.4637    28.4653   5.625816   5.626078     3.1172     2.6545     100.00   28.85930  -85.92442   -0.00070    0.00176         13  0.000e+00
      66852   2785.458      4.283      4.312    28.4637    28.4651   5.625831   5.626078     3.1172     2.6545     100.00   28.85930  -85.92442   -0.00067    0.00169         13  0.000e+00
      66853   2785.500      4.328      4.357    28.4638    28.4652   5.625792   5.626078     3.1172     2.6557     100.00   28.85930  -85.92442   -0.00066    0.00163         13  0.000e+00
      66854   2785.542      4.343      4.372    28.4638    28.4647   5.625745   5.626078     3.1172     2.6557     100.00   28.85930  -85.92442   -0.00065    0.00156         13  0.000e+00
      66855   2785.583      4.328      4.357    28.4642    28.4650   5.625738   5.626078     3.1172     2.6557     100.00   28.85930  -85.92442   -0.00063    0.00150         13  0.000e+00
      66856   2785.625      4.283      4.312    28.4638    28.4646   5.625769   5.626078     3.1172     2.6545     100.00   28.85930  -85.92442   -0.00062    0.00141         13  0.000e+00
      66857   2785.667      4.343      4.372    28.4638    28.4650   5.625745   5.626038     3.1172     2.6545     100.00   28.85930  -85.92442   -0.00060    0.00132         13  0.000e+00
      66858   2785.708      4.328      4.357    28.4635    28.4648   5.625769   5.626030     3.1172     2.6545     100.00   28.85930  -85.92442   -0.00060    0.00124         13  0.000e+00
      66859   2785.750      4.283      4.312    28.4635    28.4647   5.625815   5.626006     3.1172     2.6545     100.00   28.85930  -85.92442   -0.00060    0.00116         13  0.000e+00
      66860   2785.792      4.283      4.312    28.4637    28.4646   5.625862   5.626022     3.1172     2.6545     100.00   28.85930  -85.92442   -0.00060    0.00108         13  0.000e+00
      66861   2785.833      4.328      4.357    28.4640    28.4643   5.625808   5.626030     3.1172     2.6532     100.00   28.85930  -85.92442   -0.00062    0.00099         13  0.000e+00
      66862   2785.875      4.283      4.312    28.4644    28.4642   5.625854   5.626030     3.1172     2.6532     100.00   28.85930  -85.92442   -0.00063    0.00090         13  0.000e+00
      66863   2785.917      4.268      4.296    28.4644    28.4647   5.625909   5.626062     3.1172     2.6532     100.00   28.85930  -85.92442   -0.00063    0.00083         13  0.000e+00
      66864   2785.958      4.343      4.372    28.4646    28.4650   5.625886   5.626078     3.1172     2.6532     100.00   28.85930  -85.92442   -0.00065    0.00076         13  0.000e+00
      66865   2786.000      4.283      4.312    28.4646    28.4653   5.625909   5.626077     3.1160     2.6532     100.00   28.85930  -85.92442   -0.00068    0.00068         13  0.000e+00
      66866   2786.042      4.268      4.296    28.4647    28.4653   5.625854   5.626077     3.1184     2.6532     100.00   28.85930  -85.92442   -0.00067    0.00063         13  0.000e+00
      66867   2786.083      4.283      4.312    28.4646    28.4654   5.625901   5.626109     3.1172     2.6532     100.00   28.85930  -85.92442   -0.00069    0.00057         13  0.000e+00
      66868   2786.125      4.268      4.296    28.4649    28.4653   5.625925   5.626030     3.1172     2.6532     100.00   28.85930  -85.92442   -0.00070    0.00050         13  0.000e+00
      66869   2786.167      4.283      4.312    28.4646    28.4653   5.625886   5.625912     3.1184     2.6532     100.00   28.85930  -85.92442   -0.00070    0.00046         13  0.000e+00
      66870   2786.208      4.230      4.258    28.4644    28.4656   5.625878   5.625959     3.1184     2.6532     100.00   28.85930  -85.92442   -0.00069    0.00041         13  0.000e+00
      66871   2786.250      4.215      4.243    28.4644    28.4653   5.625808   5.626085     3.1184     2.6532     100.00   28.85930  -85.92442   -0.00069    0.00036         13  0.000e+00
      66872   2786.292      4.230      4.258    28.4644    28.4657   5.625854   5.626125     3.1184     2.6532     100.00   28.85930  -85.92442   -0.00068    0.00031         13  0.000e+00
      66873   2786.333      4.268      4.297    28.4644    28.4661   5.625878   5.626188     3.1184     2.6532     100.00   28.85930  -85.92442   -0.00068    0.00026         13  0.000e+00
      66874   2786.375      4.230      4.259    28.4644    28.4664   5.625878   5.626172     3.1184     2.6545     100.00   28.85930  -85.92442   -0.00067    0.00023         13  0.000e+00
      66875   2786.417      4.230      4.259    28.4646    28.4661   5.625839   5.626133     3.1184     2.6545     100.00   28.85930  -85.92442   -0.00065    0.00020         13  0.000e+00
      66876   2786.458      4.215      4.243    28.4644    28.4661   5.625862   5.626125     3.1184     2.6545     100.00   28.85930  -85.92442   -0.00063    0.00016         13  0.000e+00
      66877   2786.500      4.169      4.198    28.4646    28.4651   5.625878   5.626030     3.1197     2.6545     100.00   28.85930  -85.92442   -0.00060    0.00012         13  0.000e+00
      66878   2786.542      4.215      4.243    28.4644    28.4646   5.625878   5.626022     3.1197     2.6557     100.00   28.85930  -85.92442   -0.00056    0.00010         13  0.000e+00
      66879   2786.583      4.169      4.198    28.4644    28.4650   5.625839   5.625991     3.1197     2.6557     100.00   28.85930  -85.92442   -0.00054    0.00010         13  0.000e+00
      66880   2786.625      4.170      4.198    28.4642    28.4650   5.625862   5.626014     3.1197     2.6545     100.00   28.85930  -85.92442   -0.00050    0.00007         13  0.000e+00
      66881   2786.667      4.215      4.243    28.4642    28.4656   5.625808   5.626101     3.1197     2.6557     100.00   28.85930  -85.92442   -0.00046    0.00006         13  0.000e+00
      66882   2786.708      4.170      4.198    28.4640    28.4661   5.625815   5.626085     3.1197     2.6545     100.00   28.85930  -85.92442   -0.00042    0.00004         13  0.000e+00
      66883   2786.750      4.154      4.183    28.4640    28.4657   5.625831   5.626109     3.1197     2.6545     100.00   28.85930  -85.92442   -0.00038    0.00003         13  0.000e+00
      66884   2786.792      4.170      4.198    28.4642    28.4656   5.625831   5.626085     3.1197     2.6557     100.00   28.85930  -85.92442   -0.00034    0.00003         13  0.000e+00
      66885   2786.833      4.170      4.198    28.4640    28.4657   5.625831   5.626054     3.1197     2.6557     100.00   28.85930  -85.92442   -0.00030    0.00004         13  0.000e+00
      66886   2786.875      4.154      4.183    28.4641    28.4659   5.625862   5.626101     3.1209     2.6557     100.00   28.85930  -85.92442   -0.00025    0.00004         13  0.000e+00
      66887   2786.917      4.170      4.198    28.4644    28.4661   5.625878   5.626085     3.1209     2.6545     100.00   28.85930  -85.92442   -0.00019    0.00005         13  0.000e+00
      66888   2786.958      4.215      4.243    28.4644    28.4661   5.625839   5.626141     3.1209     2.6545     100.00   28.85930  -85.92442   -0.00013    0.00005         13  0.000e+00
