GOMECC/GOMECC-4/1db/rb2103_0271.cnv
* Sea-Bird SBE 9 Data File:
* FileName = C:\Users\scs.user.rb\CTD\GOMECC4\data\rb2103_0271.hex
* Software Version Seasave V 7.26.7.107
* Temperature SN = 4799
* Conductivity SN = 3860
* Number of Bytes Per Scan = 41
* Number of Voltage Words = 4
* Number of Scans Averaged by the Deck Unit = 1
* NMEA Latitude = 28 10.29 N
* NMEA Longitude = 086 28.83 W
* NMEA UTC (Time) = Sep 21 2021  14:01:03
* NMEA baud rate = 4800
# nquan = 28
# nvalues = 357                         
# units = specified
# name 0 = scan: Scan Count
# name 1 = timeS: Time, Elapsed [seconds]
# name 2 = depSM: Depth [salt water, m]
# name 3 = prDM: Pressure, Digiquartz [db]
# name 4 = t090C: Temperature [ITS-90, deg C]
# name 5 = t190C: Temperature, 2 [ITS-90, deg C]
# name 6 = c0S/m: Conductivity [S/m]
# name 7 = c1S/m: Conductivity, 2 [S/m]
# name 8 = sbeox0V: Oxygen raw, SBE 43 [V]
# name 9 = sbeox1V: Oxygen raw, SBE 43, 2 [V]
# name 10 = altM: Altimeter [m]
# name 11 = latitude: Latitude [deg]
# name 12 = longitude: Longitude [deg]
# name 13 = sbox0dV/dT: Oxygen, SBE 43 [dov/dt]
# name 14 = sbox1dV/dT: Oxygen, SBE 43, 2 [dov/dt]
# name 15 = sbeox0ML/L: Oxygen, SBE 43 [ml/l], WS = 5
# name 16 = sbeox1ML/L: Oxygen, SBE 43, 2 [ml/l], WS = 5
# name 17 = potemp090C: Potential Temperature [ITS-90, deg C]
# name 18 = potemp190C: Potential Temperature, 2 [ITS-90, deg C]
# name 19 = sal00: Salinity, Practical [PSU]
# name 20 = sal11: Salinity, Practical, 2 [PSU]
# name 21 = sigma-é00: Density [sigma-theta, kg/m^3]
# name 22 = sigma-é11: Density, 2 [sigma-theta, kg/m^3]
# name 23 = avgsvCM: Average Sound Velocity [Chen-Millero, m/s], minP = 20, minS = 20
# name 24 = sbox0Mm/Kg: Oxygen, SBE 43 [umol/kg], WS = 5
# name 25 = sbox1Mm/Kg: Oxygen, SBE 43, 2 [umol/kg], WS = 5
# name 26 = nbin: number of scans per bin
# name 27 = flag: flag
# span 0 =       8190,      89657       
# span 1 =    341.212,   3735.646       
# span 2 =      1.987,    885.145       
# span 3 =      2.000,    893.000       
# span 4 =     5.6140,    29.0369       
# span 5 =     5.6145,    29.0341       
# span 6 =   3.434032,   5.850025       
# span 7 =   3.434000,   5.850415       
# span 8 =     1.6191,     3.1116       
# span 9 =     1.3240,     2.6422       
# span 10 =      10.07,     101.28      
# span 11 =   27.84592,   28.31347      
# span 12 =  -86.92146,  -85.48613      
# span 13 =   -0.02056,    0.02026      
# span 14 =   -0.01935,    0.01860      
# span 15 =     2.5668,     4.4444      
# span 16 =     2.5972,     4.4430      
# span 17 =     5.5356,    29.0231      
# span 18 =     5.5360,    29.0289      
# span 19 =    32.4739,    36.6521      
# span 20 =    32.4742,    36.6517      
# span 21 =    20.4760,    27.5461      
# span 22 =    20.4754,    27.5454      
# span 23 =       0.00,    1552.89      
# span 24 =    111.613,    194.457      
# span 25 =    112.935,    194.401      
# span 26 =         30,         71      
# span 27 = 0.0000e+00, 0.0000e+00      
# interval = decibars: 1                
# start_time = Sep 21 2021 14:01:03 [NMEA time, header]
# bad_flag = -9.990e-29
*END*
[from data line 156]
      15221    634.168    188.647    190.000    16.5462    16.5475   4.591426   4.591615     2.0564     1.7214     100.00   28.17072  -86.47954   -0.00006    0.00049     3.1164     3.1529    16.5152    16.5165    36.2220    36.2216    26.5679    26.5673    1529.80    135.576    137.167         37 0.0000e+00
      15257    635.674    189.639    191.000    16.5121    16.5145   4.587248   4.587509     2.0534     1.7187     100.00   28.17072  -86.47954   -0.00089   -0.00049     3.1123     3.1486    16.4810    16.4833    36.2155    36.2157    26.5709    26.5705    1529.72    135.399    136.979         35 0.0000e+00
      15291    637.084    190.632    192.000    16.4728    16.4760   4.582547   4.582863     2.0511     1.7150     100.00   28.17072  -86.47954   -0.00172   -0.00187     3.1100     3.1422    16.4415    16.4448    36.2091    36.2090    26.5753    26.5744    1529.65    135.297    136.699         33 0.0000e+00
      15324    638.475    191.624    193.000    16.4176    16.4193   4.575913   4.576057     2.0495     1.7125     100.00   28.17072  -86.47954   -0.00161   -0.00233     3.1105     3.1399    16.3862    16.3879    36.2000    36.1997    26.5812    26.5806    1529.58    135.319    136.595         34 0.0000e+00
      15360    639.968    192.617    194.000    16.3737    16.3755   4.570753   4.570914     2.0471     1.7112     100.00   28.17072  -86.47954   -0.00129   -0.00165     3.1083     3.1397    16.3422    16.3441    36.1936    36.1933    26.5866    26.5860    1529.50    135.221    136.587         38 0.0000e+00
      15398    641.524    193.609    195.000    16.3380    16.3396   4.566633   4.566805     2.0451     1.7085     100.00   28.17072  -86.47954   -0.00154   -0.00133     3.1063     3.1355    16.3064    16.3080    36.1890    36.1890    26.5915    26.5911    1529.43    135.136    136.404         36 0.0000e+00
      15432    642.975    194.601    196.000    16.3207    16.3219   4.564632   4.564755     2.0437     1.7089     100.00   28.17072  -86.47954   -0.00131   -0.00106     3.1046     3.1383    16.2890    16.2902    36.1865    36.1864    26.5936    26.5933    1529.36    135.059    136.524         33 0.0000e+00
      15465    644.348    195.594    197.000    16.3080    16.3093   4.563078   4.563233     2.0426     1.7084     100.00   28.17072  -86.47954   -0.00089   -0.00027     3.1034     3.1381    16.2761    16.2775    36.1838    36.1840    26.5946    26.5944    1529.29    135.007    136.518         34 0.0000e+00
      15500    645.774    196.586    198.000    16.2909    16.2926   4.561042   4.561209     2.0414     1.7068     100.00   28.17072  -86.47954   -0.00086   -0.00045     3.1022     3.1356    16.2589    16.2605    36.1808    36.1808    26.5963    26.5959    1529.22    134.955    136.410         35 0.0000e+00
      15534    647.196    197.579    199.000    16.2353    16.2398   4.554384   4.554748     2.0392     1.7050     100.00   28.17072  -86.47954   -0.00092   -0.00093     3.1012     3.1350    16.2032    16.2077    36.1716    36.1708    26.6022    26.6005    1529.15    134.908    136.380         31 0.0000e+00
      31398   1308.194    816.886    824.000     5.8586     5.8593   3.452367   3.452325     1.7564     1.4544      79.57   28.16777  -86.47153    0.00005    0.00012     3.4159     3.4621     5.7851     5.7858    34.9073    34.9061    27.5067    27.5056    1502.82    148.472    150.477         34 0.0000e+00
      31449   1310.350    817.876    825.000     5.8556     5.8567   3.452400   3.452391     1.7570     1.4553      78.39   28.17032  -86.47936    0.00024    0.00034     3.4184     3.4655     5.7820     5.7831    34.9105    34.9092    27.5096    27.5085    1502.94    148.577    150.625         63 0.0000e+00
      31512   1312.956    818.865    826.000     5.8502     5.8516   3.451964   3.451990     1.7575     1.4555      77.36   28.17032  -86.47936    0.00021    0.00011     3.4209     3.4673     5.7765     5.7780    34.9106    34.9094    27.5104    27.5093    1502.92    148.689    150.704         51 0.0000e+00
      31548   1314.469    819.855    827.000     5.8421     5.8435   3.451280   3.451316     1.7576     1.4557      76.57   28.17032  -86.47936    0.00014    0.00013     3.4225     3.4692     5.7684     5.7698    34.9108    34.9096    27.5116    27.5105    1502.90    148.758    150.787         34 0.0000e+00
      31587   1316.087    820.844    828.000     5.8381     5.8389   3.450974   3.450946     1.7581     1.4560      75.52   28.17032  -86.47936    0.00019    0.00011     3.4250     3.4712     5.7643     5.7652    34.9109    34.9097    27.5122    27.5111    1502.88    148.866    150.873         44 0.0000e+00
      31628   1317.805    821.833    829.000     5.8345     5.8354   3.450697   3.450680     1.7584     1.4568      74.53   28.17032  -86.47936    0.00020    0.00028     3.4266     3.4747     5.7607     5.7616    34.9109    34.9098    27.5126    27.5117    1502.86    148.933    151.026         36 0.0000e+00
      31661   1319.158    822.823    830.000     5.8330     5.8332   3.450602   3.450518     1.7590     1.4568      79.77   28.17032  -86.47936    0.00025    0.00032     3.4294     3.4755     5.7590     5.7592    34.9110    34.9098    27.5129    27.5120    1502.84    149.055    151.059         31 0.0000e+00
      31693   1320.518    823.812    831.000     5.8310     5.8316   3.450473   3.450423     1.7593     1.4572      72.71   28.17032  -86.47936    0.00032    0.00020     3.4308     3.4775     5.7570     5.7576    34.9110    34.9099    27.5132    27.5122    1502.82    149.118    151.147         35 0.0000e+00
      31729   1321.993    824.802    832.000     5.8310     5.8316   3.450522   3.450482     1.7596     1.4578      71.63   28.17032  -86.47936    0.00024    0.00027     3.4322     3.4802     5.7569     5.7575    34.9111    34.9100    27.5133    27.5124    1502.81    149.177    151.264         34 0.0000e+00
      31761   1323.345    825.791    833.000     5.8311     5.8317   3.450584   3.450542     1.7597     1.4580      70.58   28.17032  -86.47936    0.00013    0.00030     3.4329     3.4812     5.7569     5.7575    34.9112    34.9101    27.5133    27.5124    1502.79    149.207    151.305         31 0.0000e+00
      31791   1324.603    826.780    834.000     5.8313     5.8318   3.450639   3.450595     1.7598     1.4579      69.78   28.17032  -86.47936    0.00010    0.00018     3.4339     3.4812     5.7570     5.7575    34.9111    34.9101    27.5133    27.5124    1502.77    149.250    151.306         30 0.0000e+00
      31822   1325.878    827.770    835.000     5.8311     5.8317   3.450666   3.450626     1.7601     1.4574      68.68   28.17032  -86.47936    0.00014   -0.00008     3.4352     3.4801     5.7567     5.7573    34.9111    34.9100    27.5133    27.5124    1502.76    149.310    151.261         33 0.0000e+00
      31859   1327.418    828.759    836.000     5.8311     5.8318   3.450707   3.450668     1.7600     1.4573      67.56   28.17032  -86.47936    0.00011   -0.00019     3.4354     3.4801     5.7566     5.7573    34.9111    34.9100    27.5133    27.5123    1502.74    149.315    151.261         39 0.0000e+00
      31896   1328.958    829.748    837.000     5.8312     5.8318   3.450758   3.450723     1.7602     1.4569      66.67   28.17032  -86.47936    0.00005   -0.00022     3.4364     3.4790     5.7566     5.7572    34.9111    34.9101    27.5133    27.5124    1502.72    149.360    151.212         35 0.0000e+00
      31929   1330.354    830.738    838.000     5.8310     5.8317   3.450797   3.450756     1.7603     1.4572      72.50   28.17032  -86.47936    0.00006   -0.00010     3.4372     3.4806     5.7564     5.7570    34.9112    34.9101    27.5135    27.5125    1502.70    149.395    151.281         33 0.0000e+00
      31964   1331.789    831.727    839.000     5.8310     5.8315   3.450825   3.450781     1.7599     1.4575      76.32   28.17032  -86.47936    0.00000    0.00015     3.4365     3.4821     5.7562     5.7568    34.9111    34.9100    27.5134    27.5125    1502.68    149.364    151.348         36 0.0000e+00
      32001   1333.337    832.716    840.000     5.8299     5.8312   3.450772   3.450794     1.7599     1.4574      63.32   28.17032  -86.47936   -0.00011    0.00013     3.4369     3.4824     5.7550     5.7564    34.9111    34.9100    27.5135    27.5125    1502.66    149.383    151.360         36 0.0000e+00
      32035   1334.745    833.706    841.000     5.8268     5.8269   3.450548   3.450447     1.7593     1.4568      62.59   28.17032  -86.47936   -0.00022   -0.00013     3.4358     3.4811     5.7519     5.7520    34.9113    34.9101    27.5141    27.5131    1502.64    149.332    151.304         32 0.0000e+00
      32067   1336.079    834.695    842.000     5.8219     5.8227   3.450147   3.450128     1.7593     1.4567      61.67   28.17032  -86.47936   -0.00020   -0.00027     3.4367     3.4813     5.7469     5.7477    34.9113    34.9103    27.5147    27.5138    1502.63    149.373    151.312         33 0.0000e+00
      32100   1337.449    835.684    843.000     5.8206     5.8211   3.450072   3.450016     1.7595     1.4567      60.54   28.17032  -86.47936   -0.00007   -0.00017     3.4376     3.4819     5.7455     5.7460    34.9113    34.9102    27.5149    27.5139    1502.61    149.414    151.338         33 0.0000e+00
      32133   1338.822    836.674    844.000     5.8195     5.8203   3.450019   3.450002     1.7598     1.4569      59.66   28.17032  -86.47936    0.00012    0.00001     3.4394     3.4833     5.7443     5.7451    34.9114    34.9103    27.5151    27.5141    1502.59    149.491    151.399         33 0.0000e+00
      32167   1340.245    837.663    845.000     5.8180     5.8186   3.449928   3.449891     1.7601     1.4578      58.56   28.17032  -86.47936    0.00020    0.00029     3.4408     3.4872     5.7427     5.7434    34.9114    34.9103    27.5153    27.5144    1502.57    149.554    151.569         35 0.0000e+00
      32202   1341.701    838.652    846.000     5.8172     5.8179   3.449904   3.449865     1.7606     1.4579      57.58   28.17032  -86.47936    0.00027    0.00037     3.4432     3.4879     5.7419     5.7425    34.9114    34.9103    27.5154    27.5145    1502.55    149.654    151.598         34 0.0000e+00
      32234   1343.032    839.641    847.000     5.8137     5.8147   3.449634   3.449630     1.7608     1.4579      56.70   28.17032  -86.47936    0.00029    0.00017     3.4446     3.4886     5.7382     5.7393    34.9115    34.9104    27.5160    27.5149    1502.53    149.715    151.629         31 0.0000e+00
      32265   1344.332    840.631    848.000     5.8102     5.8110   3.449361   3.449342     1.7608     1.4582      55.60   28.17030  -86.47936    0.00018    0.00007     3.4455     3.4905     5.7347     5.7355    34.9115    34.9105    27.5164    27.5155    1502.52    149.754    151.710         32 0.0000e+00
      32298   1345.706    841.620    849.000     5.8076     5.8084   3.449172   3.449149     1.7608     1.4584      54.68   28.17030  -86.47936    0.00001    0.00013     3.4460     3.4922     5.7320     5.7328    34.9116    34.9105    27.5168    27.5158    1502.51    149.778    151.784         33 0.0000e+00
      32331   1347.098    842.609    850.000     5.8051     5.8058   3.449000   3.448958     1.7607     1.4590      53.63   28.17030  -86.47936   -0.00002    0.00027     3.4463     3.4949     5.7295     5.7301    34.9117    34.9105    27.5172    27.5162    1502.49    149.791    151.902         33 0.0000e+00
      32365   1348.486    843.599    851.000     5.8027     5.8034   3.448822   3.448788     1.7607     1.4591      52.62   28.17030  -86.47936   -0.00002    0.00029     3.4470     3.4959     5.7270     5.7276    34.9116    34.9106    27.5175    27.5166    1502.47    149.821    151.947         34 0.0000e+00
      32397   1349.854    844.588    852.000     5.7993     5.8000   3.448572   3.448531     1.7608     1.4590      51.72   28.17030  -86.47936   -0.00002    0.00012     3.4480     3.4963     5.7235     5.7242    34.9118    34.9107    27.5181    27.5170    1502.45    149.865    151.965         32 0.0000e+00
      32429   1351.170    845.577    853.000     5.7964     5.7970   3.448353   3.448297     1.7609     1.4590      50.66   28.17030  -86.47936    0.00005   -0.00002     3.4492     3.4970     5.7205     5.7211    34.9118    34.9106    27.5184    27.5174    1502.44    149.917    151.994         32 0.0000e+00
      32462   1352.551    846.567    854.000     5.7915     5.7917   3.447953   3.447876     1.7611     1.4591      49.58   28.17030  -86.47936    0.00011   -0.00003     3.4508     3.4982     5.7155     5.7158    34.9119    34.9108    27.5191    27.5182    1502.42    149.984    152.047         34 0.0000e+00
      32497   1353.985    847.556    855.000     5.7913     5.7920   3.447983   3.447951     1.7617     1.4596      48.70   28.17030  -86.47936    0.00021    0.00013     3.4533     3.5007     5.7153     5.7159    34.9119    34.9109    27.5191    27.5183    1502.40    150.092    152.155         34 0.0000e+00
      32529   1355.330    848.545    856.000     5.7901     5.7906   3.447922   3.447869     1.7620     1.4601      47.59   28.17030  -86.47936    0.00031    0.00031     3.4549     3.5029     5.7140     5.7145    34.9120    34.9109    27.5194    27.5184    1502.38    150.163    152.248         31 0.0000e+00
      32560   1356.637    849.534    857.000     5.7876     5.7877   3.447742   3.447654     1.7624     1.4597      46.61   28.17030  -86.47936    0.00032    0.00023     3.4566     3.5024     5.7114     5.7115    34.9121    34.9109    27.5198    27.5188    1502.36    150.237    152.230         32 0.0000e+00
      32593   1358.019    850.524    858.000     5.7848     5.7853   3.447538   3.447489     1.7623     1.4598      45.69   28.17030  -86.47936    0.00016    0.00001     3.4571     3.5032     5.7085     5.7090    34.9122    34.9110    27.5202    27.5192    1502.35    150.257    152.263         34 0.0000e+00
      32627   1359.434    851.513    859.000     5.7837     5.7844   3.447481   3.447445     1.7626     1.4598      44.61   28.17030  -86.47936    0.00009   -0.00008     3.4588     3.5039     5.7074     5.7080    34.9121    34.9110    27.5202    27.5193    1502.33    150.333    152.292         34 0.0000e+00
      32660   1360.797    852.502    860.000     5.7833     5.7843   3.447498   3.447483     1.7631     1.4600      43.71   28.17030  -86.47936    0.00021    0.00005     3.4607     3.5052     5.7069     5.7078    34.9122    34.9111    27.5204    27.5194    1502.31    150.414    152.348         32 0.0000e+00
      32692   1362.119    853.491    861.000     5.7801     5.7814   3.447207   3.447168     1.7631     1.4596      42.75   28.17030  -86.47936    0.00023    0.00004     3.4614     3.5042     5.7036     5.7049    34.9123    34.9111    27.5209    27.5198    1502.30    150.444    152.307         31 0.0000e+00
      32724   1363.459    854.481    862.000     5.7752     5.7756   3.446862   3.446810     1.7630     1.4597      41.67   28.17030  -86.47936    0.00006   -0.00013     3.4621     3.5056     5.6986     5.6990    34.9124    34.9114    27.5216    27.5207    1502.28    150.476    152.367         33 0.0000e+00
      32757   1364.837    855.470    863.000     5.7737     5.7743   3.446775   3.446731     1.7631     1.4599      40.69   28.17030  -86.47936 -4.489e-07   -0.00002     3.4630     3.5070     5.6970     5.6977    34.9124    34.9113    27.5218    27.5208    1502.26    150.517    152.426         34 0.0000e+00
      32791   1366.262    856.459    864.000     5.7723     5.7732   3.446698   3.446676     1.7634     1.4603      39.59   28.17030  -86.47936    0.00008    0.00024     3.4646     3.5089     5.6956     5.6964    34.9125    34.9114    27.5220    27.5210    1502.25    150.583    152.512         34 0.0000e+00
