GOMECC/GOMECC-4/1db/rb2103_0211.ros
* Sea-Bird SBE 9 Data File:
* FileName = C:\Users\scs.user.rb\CTD\GOMECC4\data\rb2103_0211.hex
* Software Version Seasave V 7.26.7.107
* Temperature SN = 4799
* Conductivity SN = 3860
* Number of Bytes Per Scan = 41
* Number of Voltage Words = 4
* Number of Scans Averaged by the Deck Unit = 1
* NMEA Latitude = 29 12.35 N
* NMEA Longitude = 085 38.79 W
* NMEA UTC (Time) = Sep 20 2021  22:02:36
* NMEA baud rate = 4800
# nquan = 17
# nvalues = 1463                                  
# units = specified
# name 0 = scan: Scan Count
# name 1 = timeS: Time, Elapsed [seconds]
# name 2 = depSM: Depth [salt water, m]
# name 3 = prDM: Pressure, Digiquartz [db]
# name 4 = t090C: Temperature [ITS-90, deg C]
# name 5 = t190C: Temperature, 2 [ITS-90, deg C]
# name 6 = c0S/m: Conductivity [S/m]
# name 7 = c1S/m: Conductivity, 2 [S/m]
# name 8 = sbeox0V: Oxygen raw, SBE 43 [V]
# name 9 = sbeox1V: Oxygen raw, SBE 43, 2 [V]
# name 10 = altM: Altimeter [m]
# name 11 = latitude: Latitude [deg]
# name 12 = longitude: Longitude [deg]
# name 13 = sbox0dV/dT: Oxygen, SBE 43 [dov/dt]
# name 14 = sbox1dV/dT: Oxygen, SBE 43, 2 [dov/dt]
# name 15 = nbf: Bottles Fired
# name 16 = flag:  0.000e+00
# interval = seconds: 0.0416667
# start_time = Sep 20 2021 22:02:36 [NMEA time, header]
# bad_flag = -9.990e-29
*END*
[from data line 681]
      25842   1076.708     40.199     40.476    26.1574    26.1692   5.570899   5.572027     2.8803     2.4518      45.37   29.20506  -85.64670   -0.00067   -0.00147          6  0.000e+00
      25843   1076.750     40.199     40.476    26.1561    26.1716   5.570860   5.572043     2.8803     2.4530      45.37   29.20506  -85.64670   -0.00066   -0.00143          6  0.000e+00
      25844   1076.792     40.260     40.537    26.1556    26.1750   5.570783   5.572074     2.8803     2.4518      45.37   29.20506  -85.64670   -0.00064   -0.00141          6  0.000e+00
      25845   1076.833     40.199     40.476    26.1552    26.1767   5.570791   5.572192     2.8803     2.4530      45.37   29.20506  -85.64670   -0.00062   -0.00137          6  0.000e+00
      25846   1076.875     40.214     40.491    26.1552    26.1774   5.570767   5.572232     2.8803     2.4530      45.37   29.20506  -85.64670   -0.00062   -0.00132          6  0.000e+00
      25847   1076.917     40.199     40.476    26.1547    26.1781   5.570736   5.572295     2.8803     2.4530      45.37   29.20506  -85.64670   -0.00060   -0.00128          6  0.000e+00
      25848   1076.958     40.199     40.476    26.1548    26.1776   5.570713   5.572287     2.8803     2.4530      45.37   29.20506  -85.64670   -0.00060   -0.00123          6  0.000e+00
      25849   1077.000     40.260     40.537    26.1550    26.1772   5.570674   5.572169     2.8816     2.4530      45.32   29.20506  -85.64670   -0.00058   -0.00118          6  0.000e+00
      25850   1077.042     40.199     40.476    26.1547    26.1763   5.570628   5.572098     2.8816     2.4530      45.30   29.20506  -85.64670   -0.00054   -0.00113          6  0.000e+00
      25851   1077.083     40.199     40.476    26.1541    26.1747   5.570651   5.572090     2.8816     2.4530      45.30   29.20506  -85.64670   -0.00052   -0.00109          6  0.000e+00
      25852   1077.125     40.214     40.491    26.1538    26.1727   5.570628   5.572161     2.8816     2.4530      45.30   29.20506  -85.64670   -0.00048   -0.00104          6  0.000e+00
      25853   1077.167     40.260     40.537    26.1539    26.1716   5.570651   5.572145     2.8828     2.4518      45.30   29.20506  -85.64670   -0.00042   -0.00101          6  0.000e+00
      25854   1077.208     40.199     40.476    26.1536    26.1718   5.570643   5.572098     2.8828     2.4518      45.30   29.20506  -85.64670   -0.00039   -0.00097          6  0.000e+00
      25855   1077.250     40.199     40.476    26.1539    26.1719   5.570620   5.572090     2.8828     2.4518      45.30   29.20506  -85.64670   -0.00035   -0.00095          6  0.000e+00
      25856   1077.292     40.260     40.537    26.1541    26.1714   5.570620   5.572122     2.8816     2.4518      45.30   29.20506  -85.64670   -0.00033   -0.00090          6  0.000e+00
      25857   1077.333     40.214     40.491    26.1541    26.1712   5.570620   5.572169     2.8828     2.4518      45.30   29.20506  -85.64670   -0.00029   -0.00088          6  0.000e+00
      25858   1077.375     40.199     40.476    26.1539    26.1730   5.570620   5.572216     2.8828     2.4518      45.30   29.20506  -85.64670   -0.00025   -0.00084          6  0.000e+00
      25859   1077.417     40.199     40.476    26.1534    26.1747   5.570550   5.572232     2.8828     2.4518      45.30   29.20506  -85.64670   -0.00022   -0.00081          6  0.000e+00
      25860   1077.458     40.260     40.537    26.1538    26.1756   5.570558   5.572192     2.8828     2.4518      45.30   29.20506  -85.64670   -0.00016   -0.00080          6  0.000e+00
      25861   1077.500     40.260     40.537    26.1536    26.1765   5.570589   5.572279     2.8828     2.4518      45.30   29.20506  -85.64670   -0.00013   -0.00078          6  0.000e+00
      25862   1077.542     40.199     40.476    26.1534    26.1772   5.570612   5.572247     2.8816     2.4518      45.30   29.20506  -85.64670   -0.00009   -0.00076          6  0.000e+00
      25863   1077.583     40.214     40.491    26.1530    26.1776   5.570550   5.572263     2.8816     2.4518      45.30   29.20506  -85.64670   -0.00005   -0.00074          6  0.000e+00
      25864   1077.625     40.199     40.476    26.1529    26.1772   5.570558   5.572279     2.8816     2.4518      45.30   29.20506  -85.64670   -0.00003   -0.00073          6  0.000e+00
      25865   1077.667     40.260     40.537    26.1530    26.1765   5.570543   5.572279     2.8828     2.4530      45.30   29.20506  -85.64670    0.00000   -0.00071          6  0.000e+00
      25866   1077.708     40.199     40.476    26.1527    26.1761   5.570558   5.572279     2.8816     2.4530      45.30   29.20506  -85.64670    0.00002   -0.00069          6  0.000e+00
      25867   1077.750     40.199     40.476    26.1525    26.1760   5.570504   5.572279     2.8816     2.4530      45.30   29.20506  -85.64670    0.00004   -0.00066          6  0.000e+00
      25868   1077.792     40.214     40.491    26.1527    26.1763   5.570496   5.572279     2.8816     2.4530      45.30   29.20506  -85.64670    0.00006   -0.00066          6  0.000e+00
      25869   1077.833     40.260     40.537    26.1525    26.1761   5.570488   5.572302     2.8816     2.4530      45.30   29.20506  -85.64670    0.00008   -0.00065          6  0.000e+00
      25870   1077.875     40.260     40.537    26.1525    26.1760   5.570519   5.572247     2.8828     2.4530      45.30   29.20506  -85.64670    0.00011   -0.00064          6  0.000e+00
      25871   1077.917     40.199     40.476    26.1521    26.1752   5.570496   5.572263     2.8828     2.4542      45.30   29.20506  -85.64670    0.00015   -0.00060          6  0.000e+00
      25872   1077.958     40.199     40.476    26.1516    26.1754   5.570449   5.572310     2.8828     2.4542      45.30   29.20506  -85.64670    0.00019   -0.00057          6  0.000e+00
      25873   1078.000     40.260     40.537    26.1510    26.1758   5.570403   5.572287     2.8828     2.4542      45.32   29.20506  -85.64670    0.00022   -0.00054          6  0.000e+00
      25874   1078.042     40.214     40.491    26.1512    26.1765   5.570395   5.572342     2.8828     2.4542      45.30   29.20506  -85.64670    0.00026   -0.00050          6  0.000e+00
      25875   1078.083     40.260     40.537    26.1518    26.1767   5.570442   5.572326     2.8828     2.4542      45.30   29.20506  -85.64670    0.00029   -0.00047          6  0.000e+00
      25876   1078.125     40.199     40.476    26.1518    26.1769   5.570442   5.572318     2.8828     2.4542      45.32   29.20506  -85.64670    0.00033   -0.00045          6  0.000e+00
      25877   1078.167     40.260     40.537    26.1518    26.1763   5.570372   5.572350     2.8828     2.4554      45.30   29.20506  -85.64670    0.00036   -0.00039          6  0.000e+00
      25878   1078.208     40.199     40.476    26.1512    26.1763   5.570310   5.572365     2.8828     2.4554      45.32   29.20506  -85.64670    0.00039   -0.00032          6  0.000e+00
      25879   1078.250     40.275     40.552    26.1509    26.1763   5.570333   5.572397     2.8828     2.4554      45.30   29.20506  -85.64670    0.00043   -0.00026          6  0.000e+00
      25880   1078.292     40.199     40.476    26.1511    26.1767   5.570310   5.572413     2.8840     2.4542      45.30   29.20506  -85.64670    0.00048   -0.00022          6  0.000e+00
      25881   1078.333     40.260     40.537    26.1509    26.1769   5.570279   5.572444     2.8828     2.4542      45.32   29.20506  -85.64670    0.00051   -0.00016          6  0.000e+00
      25882   1078.375     40.199     40.476    26.1507    26.1769   5.570256   5.572420     2.8828     2.4554      45.30   29.20506  -85.64670    0.00054   -0.00009          6  0.000e+00
      25883   1078.417     40.260     40.537    26.1505    26.1767   5.570217   5.572444     2.8840     2.4554      45.30   29.20506  -85.64670    0.00059   -0.00001          6  0.000e+00
      25884   1078.458     40.199     40.476    26.1485    26.1765   5.570240   5.572389     2.8840     2.4542      45.30   29.20506  -85.64670    0.00064    0.00003          6  0.000e+00
      25885   1078.500     40.275     40.552    26.1490    26.1767   5.570186   5.572397     2.8840     2.4542      45.30   29.20506  -85.64670    0.00069    0.00008          6  0.000e+00
      25886   1078.542     40.199     40.476    26.1487    26.1771   5.570194   5.572373     2.8840     2.4542      45.30   29.20506  -85.64670    0.00071    0.00014          6  0.000e+00
      25887   1078.583     40.260     40.537    26.1481    26.1771   5.570139   5.572365     2.8840     2.4542      45.32   29.20506  -85.64670    0.00074    0.00019          6  0.000e+00
      25888   1078.625     40.199     40.476    26.1472    26.1767   5.570062   5.572397     2.8840     2.4542      45.30   29.20506  -85.64670    0.00077    0.00024          6  0.000e+00
      25889   1078.667     40.260     40.537    26.1462    26.1761   5.569992   5.572413     2.8840     2.4542      45.30   29.20506  -85.64670    0.00080    0.00028          6  0.000e+00
      25890   1078.708     40.275     40.552    26.1451    26.1750   5.569907   5.572413     2.8840     2.4542      45.30   29.20506  -85.64670    0.00082    0.00031          6  0.000e+00
      25891   1078.750     40.199     40.476    26.1454    26.1749   5.569852   5.572373     2.8840     2.4530      45.30   29.20506  -85.64670    0.00084    0.00033          6  0.000e+00
      25892   1078.792     40.199     40.476    26.1452    26.1749   5.569845   5.572397     2.8840     2.4542      45.30   29.20506  -85.64670    0.00087    0.00036          6  0.000e+00
      25893   1078.833     40.260     40.537    26.1469    26.1745   5.569806   5.572342     2.8840     2.4530      45.30   29.20506  -85.64670    0.00089    0.00035          6  0.000e+00
      25894   1078.875     40.260     40.537    26.1458    26.1749   5.569806   5.572350     2.8840     2.4530      45.30   29.20506  -85.64670    0.00091    0.00035          6  0.000e+00
      25895   1078.917     40.260     40.537    26.1444    26.1738   5.569767   5.572365     2.8840     2.4530      45.30   29.20506  -85.64670    0.00093    0.00034          6  0.000e+00
      25896   1078.958     40.275     40.552    26.1440    26.1729   5.569783   5.572365     2.8840     2.4530      45.30   29.20506  -85.64670    0.00096    0.00034          6  0.000e+00
      25897   1079.000     40.199     40.476    26.1440    26.1725   5.569759   5.572365     2.8840     2.4530      45.30   29.20506  -85.64670    0.00100    0.00032          6  0.000e+00
      25898   1079.042     40.260     40.537    26.1427    26.1729   5.569682   5.572334     2.8828     2.4530      45.30   29.20506  -85.64670    0.00102    0.00029          6  0.000e+00
      25899   1079.083     40.199     40.476    26.1422    26.1736   5.569659   5.572350     2.8828     2.4530      45.30   29.20506  -85.64670    0.00102    0.00029          6  0.000e+00
      25900   1079.125     40.260     40.537    26.1417    26.1729   5.569604   5.572365     2.8828     2.4530      45.30   29.20506  -85.64670    0.00102    0.00027          6  0.000e+00
      25901   1079.167     40.214     40.491    26.1420    26.1730   5.569565   5.572365     2.8828     2.4530      45.30   29.20506  -85.64670    0.00103    0.00024          6  0.000e+00
      25902   1079.208     40.260     40.537    26.1422    26.1730   5.569666   5.572326     2.8828     2.4518      45.30   29.20506  -85.64670    0.00103    0.00020          6  0.000e+00
      25903   1079.250     40.260     40.537    26.1423    26.1730   5.569705   5.572318     2.8828     2.4530      45.30   29.20506  -85.64670    0.00103    0.00018          6  0.000e+00
      25904   1079.292     40.199     40.476    26.1422    26.1743   5.569666   5.572350     2.8828     2.4530      45.30   29.20506  -85.64670    0.00104    0.00015          6  0.000e+00
      25905   1079.333     40.313     40.590    26.1420    26.1760   5.569690   5.572326     2.8828     2.4530      45.30   29.20506  -85.64670    0.00105    0.00013          6  0.000e+00
      25906   1079.375     40.199     40.476    26.1424    26.1765   5.569643   5.572318     2.8840     2.4530      45.30   29.20506  -85.64670    0.00107    0.00010          6  0.000e+00
      25907   1079.417     40.275     40.552    26.1418    26.1756   5.569721   5.572287     2.8828     2.4530      45.30   29.20506  -85.64670    0.00108    0.00010          6  0.000e+00
      25908   1079.458     40.199     40.476    26.1420    26.1756   5.569682   5.572279     2.8840     2.4530      45.30   29.20506  -85.64670    0.00111    0.00007          6  0.000e+00
      25909   1079.500     40.260     40.537    26.1435    26.1752   5.569728   5.572303     2.8828     2.4530      45.30   29.20506  -85.64670    0.00110    0.00005          6  0.000e+00
      25910   1079.542     40.260     40.537    26.1436    26.1741   5.569713   5.572287     2.8840     2.4530      45.32   29.20506  -85.64670    0.00111    0.00002          6  0.000e+00
      25911   1079.583     40.260     40.537    26.1424    26.1718   5.569736   5.572169     2.8840     2.4542      45.30   29.20506  -85.64670    0.00112    0.00003          6  0.000e+00
      25912   1079.625     40.214     40.491    26.1420    26.1654   5.569728   5.571965     2.8840     2.4542      45.30   29.20506  -85.64670    0.00114    0.00004          6  0.000e+00
      25913   1079.667     40.260     40.537    26.1420    26.1594   5.569744   5.571800     2.8840     2.4542      45.30   29.20506  -85.64670    0.00115    0.00005          6  0.000e+00
      25914   1079.708     40.260     40.537    26.1417    26.1577   5.569821   5.571666     2.8840     2.4542      45.32   29.20506  -85.64670    0.00118    0.00005          6  0.000e+00
      25915   1079.750     40.260     40.537    26.1422    26.1565   5.570008   5.571595     2.8828     2.4542      45.32   29.20506  -85.64670    0.00118    0.00006          6  0.000e+00
      25916   1079.792     40.199     40.476    26.1444    26.1554   5.570209   5.571587     2.8840     2.4542      45.30   29.20506  -85.64670    0.00120    0.00007          6  0.000e+00
      25917   1079.833     40.260     40.537    26.1462    26.1561   5.570326   5.571517     2.8828     2.4542      45.30   29.20506  -85.64670    0.00119    0.00008          6  0.000e+00
      25918   1079.875     40.275     40.552    26.1483    26.1570   5.570512   5.571454     2.8828     2.4542      45.32   29.20506  -85.64670    0.00118    0.00010          6  0.000e+00
      25919   1079.917     40.199     40.476    26.1487    26.1588   5.570830   5.571446     2.8828     2.4554      45.32   29.20506  -85.64670    0.00116    0.00014          6  0.000e+00
      25920   1079.958     40.260     40.537    26.1519    26.1581   5.571039   5.571375     2.8828     2.4554      45.32   29.20506  -85.64670    0.00115    0.00018          6  0.000e+00
      25921   1080.000     40.260     40.537    26.1538    26.1559   5.571117   5.571320     2.8828     2.4554      45.32   29.20506  -85.64670    0.00113    0.00022          6  0.000e+00
      25922   1080.042     40.199     40.476    26.1568    26.1566   5.571295   5.571273     2.8816     2.4554      45.32   29.20506  -85.64670    0.00110    0.00026          6  0.000e+00
      25923   1080.083     40.275     40.552    26.1574    26.1618   5.571318   5.571367     2.8828     2.4554      45.32   29.20506  -85.64670    0.00106    0.00030          6  0.000e+00
      25924   1080.125     40.260     40.537    26.1541    26.1654   5.571202   5.571430     2.8828     2.4554      45.32   29.20506  -85.64670    0.00105    0.00034          6  0.000e+00
      25925   1080.167     40.260     40.537    26.1527    26.1658   5.571241   5.571477     2.8828     2.4554      45.32   29.20506  -85.64670    0.00101    0.00038          6  0.000e+00
