GOMECC/GOMECC-4/1db/rb2103_1401.ros
* Sea-Bird SBE 9 Data File:
* FileName = C:\Users\scs.user.rb\CTD\GOMECC4\data\rb2103_1401.hex
* Software Version Seasave V 7.26.7.107
* Temperature SN = 4799
* Conductivity SN = 3860
* Number of Bytes Per Scan = 41
* Number of Voltage Words = 4
* Number of Scans Averaged by the Deck Unit = 1
* NMEA Latitude = 25 39.47 N
* NMEA Longitude = 084 42.92 W
* NMEA UTC (Time) = Oct 20 2021  13:16:01
* NMEA baud rate = 4800
# nquan = 17
# nvalues = 3059                                  
# units = specified
# name 0 = scan: Scan Count
# name 1 = timeS: Time, Elapsed [seconds]
# name 2 = depSM: Depth [salt water, m]
# name 3 = prDM: Pressure, Digiquartz [db]
# name 4 = t090C: Temperature [ITS-90, deg C]
# name 5 = t190C: Temperature, 2 [ITS-90, deg C]
# name 6 = c0S/m: Conductivity [S/m]
# name 7 = c1S/m: Conductivity, 2 [S/m]
# name 8 = sbeox0V: Oxygen raw, SBE 43 [V]
# name 9 = sbeox1V: Oxygen raw, SBE 43, 2 [V]
# name 10 = altM: Altimeter [m]
# name 11 = latitude: Latitude [deg]
# name 12 = longitude: Longitude [deg]
# name 13 = sbox0dV/dT: Oxygen, SBE 43 [dov/dt]
# name 14 = sbox1dV/dT: Oxygen, SBE 43, 2 [dov/dt]
# name 15 = nbf: Bottles Fired
# name 16 = flag:  0.000e+00
# interval = seconds: 0.0416667
# start_time = Oct 20 2021 13:16:01 [NMEA time, header]
# bad_flag = -9.990e-29
*END*
[from data line 937]
      75430   3142.875    298.270    300.433    12.9107    12.9208   4.168246   4.169225     1.7155     1.4005     100.00   25.65924  -84.71568   -0.00005   -0.00010          8  0.000e+00
      75431   3142.917    298.270    300.433    12.9087    12.9208   4.168150   4.169246     1.7155     1.4005     100.00   25.65924  -84.71568   -0.00005   -0.00011          8  0.000e+00
      75432   3142.958    298.169    300.331    12.9062    12.9199   4.168006   4.169176     1.7155     1.4005     100.00   25.65924  -84.71568   -0.00005   -0.00013          8  0.000e+00
      75433   3143.000    298.216    300.379    12.9050    12.9178   4.167861   4.168981     1.7155     1.4005     100.00   25.65924  -84.71568   -0.00006   -0.00014          8  0.000e+00
      75434   3143.042    298.271    300.434    12.9041    12.9161   4.167669   4.168821     1.7143     1.4005     100.00   25.65924  -84.71568   -0.00008   -0.00016          8  0.000e+00
      75435   3143.083    298.169    300.331    12.9024    12.9158   4.167476   4.168758     1.7155     1.4017     100.00   25.65924  -84.71568   -0.00006   -0.00015          8  0.000e+00
      75436   3143.125    298.216    300.379    12.9000    12.9161   4.167291   4.168751     1.7155     1.4005     100.00   25.65924  -84.71568   -0.00007   -0.00017          8  0.000e+00
      75437   3143.167    298.169    300.331    12.8989    12.9145   4.167119   4.168661     1.7143     1.4005     100.00   25.65924  -84.71568   -0.00009   -0.00018          8  0.000e+00
      75438   3143.208    298.230    300.393    12.8985    12.9121   4.166988   4.168473     1.7155     1.4017     100.00   25.65924  -84.71568   -0.00009   -0.00018          8  0.000e+00
      75439   3143.250    298.169    300.331    12.8985    12.9107   4.166933   4.168368     1.7155     1.4005     100.00   25.65924  -84.71568   -0.00009   -0.00019          8  0.000e+00
      75440   3143.292    298.169    300.331    12.8997    12.9107   4.167009   4.168403     1.7143     1.4005     100.00   25.65924  -84.71568   -0.00011   -0.00020          8  0.000e+00
      75441   3143.333    298.169    300.332    12.9002    12.9115   4.167084   4.168396     1.7155     1.4005     100.00   25.65924  -84.71568   -0.00010   -0.00021          8  0.000e+00
      75442   3143.375    298.169    300.332    12.9010    12.9112   4.167187   4.168389     1.7155     1.4005     100.00   25.65924  -84.71568   -0.00010   -0.00023          8  0.000e+00
      75443   3143.417    298.169    300.332    12.9014    12.9116   4.167215   4.168445     1.7155     1.4017     100.00   25.65924  -84.71568   -0.00010   -0.00022          8  0.000e+00
      75444   3143.458    298.122    300.284    12.9010    12.9125   4.167132   4.168486     1.7155     1.4017     100.00   25.65924  -84.71568   -0.00010   -0.00022          8  0.000e+00
      75445   3143.500    298.170    300.332    12.8984    12.9132   4.166809   4.168549     1.7143     1.4005     100.00   25.65924  -84.71568   -0.00012   -0.00023          8  0.000e+00
      75446   3143.542    298.122    300.284    12.8930    12.9139   4.166493   4.168570     1.7143     1.4017     100.00   25.65924  -84.71568   -0.00014   -0.00022          8  0.000e+00
      75447   3143.583    298.170    300.332    12.8915    12.9147   4.166342   4.168626     1.7155     1.4017     100.00   25.65924  -84.71568   -0.00014   -0.00022          8  0.000e+00
      75448   3143.625    298.129    300.291    12.8907    12.9149   4.166232   4.168668     1.7155     1.4005     100.00   25.65924  -84.71568   -0.00015   -0.00023          8  0.000e+00
      75449   3143.667    298.122    300.284    12.8901    12.9151   4.166177   4.168682     1.7155     1.4017     100.00   25.65924  -84.71568   -0.00015   -0.00022          8  0.000e+00
      75450   3143.708    298.122    300.284    12.8915    12.9151   4.166197   4.168682     1.7143     1.4017     100.00   25.65924  -84.71568   -0.00017   -0.00021          8  0.000e+00
      75451   3143.750    298.068    300.230    12.8929    12.9151   4.166232   4.168702     1.7143     1.4005     100.00   25.65924  -84.71568   -0.00018   -0.00022          8  0.000e+00
      75452   3143.792    298.123    300.285    12.8935    12.9152   4.166238   4.168661     1.7143     1.4005     100.00   25.65924  -84.71568   -0.00020   -0.00024          8  0.000e+00
      75453   3143.833    298.068    300.230    12.8920    12.9151   4.166238   4.168668     1.7143     1.4017     100.00   25.65924  -84.71568   -0.00022   -0.00023          8  0.000e+00
      75454   3143.875    298.123    300.285    12.8913    12.9145   4.166238   4.168598     1.7143     1.4017     100.00   25.65924  -84.71568   -0.00024   -0.00022          8  0.000e+00
      75455   3143.917    298.069    300.230    12.8915    12.9134   4.166300   4.168542     1.7155     1.4017     100.00   25.65924  -84.71568   -0.00022   -0.00021          8  0.000e+00
      75456   3143.958    298.069    300.230    12.8923    12.9124   4.166259   4.168479     1.7155     1.4017     100.00   25.65924  -84.71568   -0.00020   -0.00021          8  0.000e+00
      75457   3144.000    298.028    300.189    12.8919    12.9122   4.166238   4.168431     1.7155     1.4017     100.00   25.65924  -84.71568   -0.00020   -0.00020          8  0.000e+00
      75458   3144.042    298.123    300.285    12.8923    12.9119   4.166266   4.168424     1.7143     1.4017     100.00   25.65924  -84.71568   -0.00022   -0.00019          8  0.000e+00
      75459   3144.083    298.021    300.182    12.8944    12.9125   4.166328   4.168507     1.7143     1.4017     100.00   25.65924  -84.71568   -0.00023   -0.00019          8  0.000e+00
      75460   3144.125    298.069    300.230    12.8975    12.9140   4.166376   4.168633     1.7143     1.4017     100.00   25.65924  -84.71568   -0.00025   -0.00018          8  0.000e+00
      75461   3144.167    298.069    300.230    12.8970    12.9144   4.166410   4.168619     1.7143     1.4005     100.00   25.65924  -84.71568   -0.00026   -0.00019          8  0.000e+00
      75462   3144.208    298.022    300.183    12.8955    12.9144   4.166390   4.168633     1.7143     1.4017     100.00   25.65924  -84.71568   -0.00028   -0.00018          8  0.000e+00
      75463   3144.250    298.022    300.183    12.8949    12.9143   4.166362   4.168612     1.7155     1.4017     100.00   25.65924  -84.71568   -0.00028   -0.00017          8  0.000e+00
      75464   3144.292    298.022    300.183    12.8954    12.9145   4.166431   4.168605     1.7155     1.4005     100.00   25.65924  -84.71568   -0.00027   -0.00018          8  0.000e+00
      75465   3144.333    298.022    300.183    12.8947    12.9147   4.166403   4.168633     1.7143     1.4017     100.00   25.65924  -84.71568   -0.00029   -0.00018          8  0.000e+00
      75466   3144.375    298.022    300.183    12.8944    12.9156   4.166438   4.168695     1.7143     1.4017     100.00   25.65924  -84.71568   -0.00028   -0.00017          8  0.000e+00
      75467   3144.417    297.981    300.142    12.8944    12.9164   4.166431   4.168765     1.7143     1.4017     100.00   25.65924  -84.71568   -0.00030   -0.00016          8  0.000e+00
      75468   3144.458    298.022    300.183    12.8947    12.9168   4.166452   4.168814     1.7143     1.4017     100.00   25.65924  -84.71568   -0.00031   -0.00015          8  0.000e+00
      75469   3144.500    298.022    300.183    12.8955    12.9164   4.166431   4.168793     1.7143     1.4017     100.00   25.65924  -84.71568   -0.00031   -0.00015          8  0.000e+00
      75470   3144.542    297.975    300.135    12.8952    12.9162   4.166424   4.168842     1.7143     1.4017     100.00   25.65924  -84.71568   -0.00030   -0.00014          8  0.000e+00
      75471   3144.583    297.975    300.135    12.8944    12.9159   4.166445   4.168835     1.7143     1.4017     100.00   25.65924  -84.71568   -0.00031   -0.00013          8  0.000e+00
      75472   3144.625    297.975    300.135    12.8940    12.9157   4.166458   4.168877     1.7143     1.4017     100.00   25.65924  -84.71568   -0.00032   -0.00012          8  0.000e+00
      75473   3144.667    298.022    300.183    12.8952    12.9161   4.166596   4.168898     1.7143     1.4017     100.00   25.65924  -84.71568   -0.00033   -0.00012          8  0.000e+00
      75474   3144.708    297.975    300.136    12.8960    12.9166   4.166665   4.168918     1.7143     1.4017     100.00   25.65924  -84.71568   -0.00034   -0.00011          8  0.000e+00
      75475   3144.750    297.975    300.136    12.8960    12.9164   4.166699   4.168932     1.7143     1.4005     100.00   25.65924  -84.71568   -0.00034   -0.00012          8  0.000e+00
      75476   3144.792    297.927    300.088    12.8962    12.9166   4.166713   4.168981     1.7143     1.4017     100.00   25.65924  -84.71568   -0.00033   -0.00011          8  0.000e+00
      75477   3144.833    297.975    300.136    12.8962    12.9169   4.166678   4.169002     1.7143     1.4017     100.00   25.65924  -84.71568   -0.00034   -0.00010          8  0.000e+00
      75478   3144.875    297.975    300.136    12.8970    12.9173   4.166706   4.169086     1.7143     1.4017     100.00   25.65924  -84.71568   -0.00034   -0.00009          8  0.000e+00
      75479   3144.917    297.975    300.136    12.8977    12.9188   4.166823   4.169114     1.7143     1.4005     100.00   25.65924  -84.71568   -0.00035   -0.00010          8  0.000e+00
      75480   3144.958    297.975    300.136    12.8980    12.9201   4.166905   4.169218     1.7143     1.4017     100.00   25.65924  -84.71568   -0.00036   -0.00009          8  0.000e+00
      75481   3145.000    297.975    300.136    12.8977    12.9210   4.167008   4.169281     1.7143     1.4005     100.00   25.65924  -84.71568   -0.00037   -0.00010          8  0.000e+00
      75482   3145.042    297.976    300.136    12.8990    12.9213   4.167084   4.169316     1.7143     1.4005     100.00   25.65924  -84.71568   -0.00037   -0.00011          8  0.000e+00
      75483   3145.083    297.976    300.136    12.9007    12.9210   4.167139   4.169330     1.7143     1.4017     100.00   25.65924  -84.71568   -0.00038   -0.00010          8  0.000e+00
      75484   3145.125    297.921    300.082    12.9014    12.9205   4.167194   4.169274     1.7143     1.4005     100.00   25.65924  -84.71568   -0.00039   -0.00011          8  0.000e+00
      75485   3145.167    297.928    300.088    12.9012    12.9205   4.167235   4.169232     1.7143     1.4005     100.00   25.65924  -84.71568   -0.00039   -0.00012          8  0.000e+00
      75486   3145.208    298.023    300.184    12.9017    12.9203   4.167284   4.169246     1.7143     1.4005     100.00   25.65924  -84.71568   -0.00040   -0.00013          8  0.000e+00
      75487   3145.250    297.976    300.137    12.9002    12.9196   4.167318   4.169260     1.7143     1.4005     100.00   25.65924  -84.71568   -0.00040   -0.00013          8  0.000e+00
      75488   3145.292    297.976    300.137    12.9020    12.9198   4.167373   4.169281     1.7143     1.4005     100.00   25.65924  -84.71568   -0.00041   -0.00014          8  0.000e+00
      75489   3145.333    297.922    300.082    12.9031    12.9191   4.167345   4.169267     1.7143     1.4017     100.00   25.65924  -84.71568   -0.00041   -0.00013          8  0.000e+00
      75490   3145.375    298.024    300.185    12.9030    12.9188   4.167407   4.169218     1.7143     1.4017     100.00   25.65924  -84.71568   -0.00042   -0.00012          8  0.000e+00
      75491   3145.417    297.976    300.137    12.9029    12.9191   4.167400   4.169190     1.7143     1.4005     100.00   25.65924  -84.71568   -0.00042   -0.00012          8  0.000e+00
      75492   3145.458    297.976    300.137    12.9027    12.9199   4.167428   4.169155     1.7143     1.4005     100.00   25.65924  -84.71568   -0.00042   -0.00013          8  0.000e+00
      75493   3145.500    297.976    300.137    12.9024    12.9203   4.167400   4.169204     1.7143     1.4017     100.00   25.65924  -84.71568   -0.00043   -0.00014          8  0.000e+00
      75494   3145.542    297.976    300.137    12.9019    12.9208   4.167400   4.169330     1.7143     1.4005     100.00   25.65924  -84.71568   -0.00043   -0.00014          8  0.000e+00
      75495   3145.583    297.983    300.144    12.9009    12.9215   4.167345   4.169385     1.7143     1.4005     100.00   25.65924  -84.71568   -0.00043   -0.00015          8  0.000e+00
      75496   3145.625    298.024    300.185    12.9010    12.9216   4.167373   4.169399     1.7143     1.4005     100.00   25.65924  -84.71568   -0.00043   -0.00014          8  0.000e+00
      75497   3145.667    297.977    300.137    12.9022    12.9221   4.167373   4.169455     1.7143     1.4017     100.00   25.65924  -84.71568   -0.00043   -0.00012          8  0.000e+00
      75498   3145.708    298.024    300.185    12.9024    12.9225   4.167387   4.169476     1.7143     1.4017     100.00   25.65924  -84.71568   -0.00044   -0.00011          8  0.000e+00
      75499   3145.750    297.977    300.137    12.9022    12.9228   4.167366   4.169476     1.7143     1.4017     100.00   25.65924  -84.71568   -0.00044   -0.00010          8  0.000e+00
      75500   3145.792    298.024    300.185    12.9034    12.9227   4.167504   4.169497     1.7143     1.4005     100.00   25.65926  -84.71568   -0.00044   -0.00010          8  0.000e+00
      75501   3145.833    298.024    300.186    12.9053    12.9230   4.167620   4.169511     1.7143     1.4017     100.00   25.65926  -84.71568   -0.00044   -0.00009          8  0.000e+00
      75502   3145.875    298.025    300.186    12.9064    12.9227   4.167751   4.169532     1.7143     1.4017     100.00   25.65926  -84.71568   -0.00042   -0.00008          8  0.000e+00
      75503   3145.917    298.025    300.186    12.9063    12.9228   4.167827   4.169518     1.7143     1.4017     100.00   25.65926  -84.71568   -0.00042   -0.00006          8  0.000e+00
      75504   3145.958    298.031    300.193    12.9067    12.9227   4.167799   4.169532     1.7155     1.4017     100.00   25.65926  -84.71568   -0.00040   -0.00005          8  0.000e+00
      75505   3146.000    298.072    300.234    12.9069    12.9230   4.167799   4.169546     1.7143     1.4017     100.00   25.65926  -84.71568   -0.00040   -0.00004          8  0.000e+00
      75506   3146.042    298.072    300.234    12.9067    12.9228   4.167765   4.169490     1.7143     1.4017     100.00   25.65926  -84.71568   -0.00040   -0.00003          8  0.000e+00
      75507   3146.083    298.025    300.186    12.9057    12.9227   4.167779   4.169497     1.7143     1.4017     100.00   25.65926  -84.71568   -0.00040   -0.00001          8  0.000e+00
      75508   3146.125    298.073    300.234    12.9061    12.9225   4.167827   4.169511     1.7143     1.4017     100.00   25.65926  -84.71568   -0.00038 5.2753e-07          8  0.000e+00
      75509   3146.167    298.073    300.234    12.9069    12.9225   4.167799   4.169483     1.7155     1.4017     100.00   25.65926  -84.71568   -0.00035    0.00001          8  0.000e+00
      75510   3146.208    298.073    300.234    12.9066    12.9225   4.167813   4.169476     1.7155     1.4005      97.05   25.65926  -84.71568   -0.00033    0.00001          8  0.000e+00
      75511   3146.250    298.127    300.289    12.9065    12.9220   4.167834   4.169476     1.7143     1.4017      65.08   25.65926  -84.71568   -0.00033    0.00002          8  0.000e+00
      75512   3146.292    298.073    300.234    12.9065    12.9213   4.167779   4.169413     1.7155     1.4017      48.84   25.65926  -84.71568   -0.00031    0.00004          8  0.000e+00
      75513   3146.333    298.127    300.289    12.9056    12.9213   4.167696   4.169399     1.7143     1.4017      47.47   25.65926  -84.71568   -0.00033    0.00005          8  0.000e+00
