GOMECC/GOMECC-4/1db/rb2103_0161.cnv
* Sea-Bird SBE 9 Data File:
* FileName = C:\Users\scs.user.rb\CTD\GOMECC4\data\rb2103_0161.hex
* Software Version Seasave V 7.26.7.107
* Temperature SN = 4799
* Conductivity SN = 3860
* Number of Bytes Per Scan = 41
* Number of Voltage Words = 4
* Number of Scans Averaged by the Deck Unit = 1
* NMEA Latitude = 27 33.29 N
* NMEA Longitude = 083 39.94 W
* NMEA UTC (Time) = Sep 19 2021  06:56:19
* NMEA baud rate = 4800
# nquan = 28
# nvalues = 49                          
# units = specified
# name 0 = scan: Scan Count
# name 1 = timeS: Time, Elapsed [seconds]
# name 2 = depSM: Depth [salt water, m]
# name 3 = prDM: Pressure, Digiquartz [db]
# name 4 = t090C: Temperature [ITS-90, deg C]
# name 5 = t190C: Temperature, 2 [ITS-90, deg C]
# name 6 = c0S/m: Conductivity [S/m]
# name 7 = c1S/m: Conductivity, 2 [S/m]
# name 8 = sbeox0V: Oxygen raw, SBE 43 [V]
# name 9 = sbeox1V: Oxygen raw, SBE 43, 2 [V]
# name 10 = altM: Altimeter [m]
# name 11 = latitude: Latitude [deg]
# name 12 = longitude: Longitude [deg]
# name 13 = sbox0dV/dT: Oxygen, SBE 43 [dov/dt]
# name 14 = sbox1dV/dT: Oxygen, SBE 43, 2 [dov/dt]
# name 15 = sbeox0ML/L: Oxygen, SBE 43 [ml/l], WS = 5
# name 16 = sbeox1ML/L: Oxygen, SBE 43, 2 [ml/l], WS = 5
# name 17 = potemp090C: Potential Temperature [ITS-90, deg C]
# name 18 = potemp190C: Potential Temperature, 2 [ITS-90, deg C]
# name 19 = sal00: Salinity, Practical [PSU]
# name 20 = sal11: Salinity, Practical, 2 [PSU]
# name 21 = sigma-é00: Density [sigma-theta, kg/m^3]
# name 22 = sigma-é11: Density, 2 [sigma-theta, kg/m^3]
# name 23 = avgsvCM: Average Sound Velocity [Chen-Millero, m/s], minP = 20, minS = 20
# name 24 = sbox0Mm/Kg: Oxygen, SBE 43 [umol/kg], WS = 5
# name 25 = sbox1Mm/Kg: Oxygen, SBE 43, 2 [umol/kg], WS = 5
# name 26 = nbin: number of scans per bin
# name 27 = flag: flag
# span 0 =      12698,     388441       
# span 1 =    529.030,  16183.774       
# span 2 =      1.987,    148.511       
# span 3 =      2.000,    149.510       
# span 4 =    28.7278,   891.9032       
# span 5 =    28.5785,   891.8991       
# span 6 =   5.744764, 178.479571       
# span 7 =   5.745037, 165.694425       
# span 8 =     3.0065,    95.9785       
# span 9 =     2.5399,    81.3816       
# span 10 =       6.78,    1282.95      
# span 11 =   27.18155,  843.20754      
# span 12 =-2560.21844,  -82.52875      
# span 13 =   -0.00152,    0.00681      
# span 14 =   -0.01609,    0.00595      
# span 15 =     4.1472,   133.1320      
# span 16 =     4.1496,   132.9514      
# span 17 =    28.7258,   891.8671      
# span 18 =    28.5691,   891.8632      
# span 19 =    35.0770,  1089.4857      
# span 20 =    35.0775,  1011.4494      
# span 21 =    22.1391,   687.5484      
# span 22 =    22.1389,   638.3076      
# span 23 =       0.00,    1601.34      
# span 24 =    181.063,   5815.016      
# span 25 =    181.152,   5807.132      
# span 26 =         30,         66      
# span 27 = 0.0000e+00, 0.0000e+00      
# interval = decibars: 1                
# start_time = Sep 19 2021 06:56:19 [NMEA time, header]
# bad_flag = -9.990e-29
*END*
     388441  16183.774    148.511      4.000   891.9032   891.8991 178.479571 165.694425    95.9785    81.3816    1282.95  843.20754-2560.21844    0.00603   -0.01609   133.1320   132.9514   891.8671   891.8632  1089.4857  1011.4494   687.5484   638.3076       0.00   5815.016   5807.132         35 0.0000e+00
      12698    529.030      5.960      6.000    28.8942    28.8968   5.783371   5.787274     3.1080     2.6421      40.52   27.31886  -82.94784   -0.00047    0.00102     4.3110     4.3187    28.8927    28.8953    35.3053    35.3274    22.2821    22.2951       0.00    188.298    188.632         39 0.0000e+00
      12885    536.823      6.953      7.000    29.1522    29.1534   5.835138   5.835677     3.1384     2.6666      39.91   27.55516  -83.66532    0.00088    0.00048     4.3545     4.3591    29.1504    29.1517    35.6164    35.6176    22.4765    22.4769       0.00    190.196    190.399         43 0.0000e+00
      12953    539.651      7.947      8.000    29.1553    29.1553   5.836657   5.836102     3.1365     2.6659      39.02   27.55516  -83.66532   -0.00021   -0.00079     4.3511     4.3582    29.1533    29.1534    35.6242    35.6208    22.4814    22.4788       0.00    190.048    190.360         39 0.0000e+00
      13037    543.179      8.940      9.000    29.1516    29.1577   5.834312   5.836514     3.1369     2.6665      37.96   27.55516  -83.66532   -0.00011    0.00012     4.3530     4.3596    29.1494    29.1555    35.6106    35.6211    22.4725    22.4784       0.00    190.131    190.418         58 0.0000e+00
      13091    545.418      9.934     10.000    29.1710    29.1688   5.841350   5.840348     3.1381     2.6663      37.05   27.55516  -83.66532    0.00037    0.00069     4.3533     4.3586    29.1686    29.1664    35.6443    35.6391    22.4913    22.4883       0.00    190.144    190.374         53 0.0000e+00
      13164    548.460     10.927     11.000    29.1632    29.1629   5.842579   5.842656     3.1397     2.6645      36.08   27.55518  -83.66532    0.00052   -0.00036     4.3569     4.3554    29.1605    29.1602    35.6583    35.6588    22.5046    22.5050       0.00    190.297    190.231         56 0.0000e+00
      13215    550.590     11.920     12.000    29.1107    29.1028   5.835936   5.835273     3.1353     2.6649      35.15   27.55518  -83.66532   -0.00053   -0.00060     4.3529     4.3622    29.1077    29.0999    35.6467    35.6465    22.5136    22.5161       0.00    190.120    190.528         54 0.0000e+00
      13275    553.086     12.914     13.000    29.0831    29.0806   5.831504   5.831398     3.1352     2.6607      34.07   27.55518  -83.66532   -0.00132   -0.00026     4.3565     4.3552    29.0799    29.0774    35.6414    35.6425    22.5190    22.5206       0.00    190.277    190.217         56 0.0000e+00
      13330    555.378     13.907     14.000    29.0778    29.0787   5.831596   5.831947     3.1310     2.6592      33.24   27.55518  -83.66532   -0.00106   -0.00163     4.3491     4.3519    29.0744    29.0753    35.6470    35.6484    22.5251    22.5258       0.00    189.952    190.075         62 0.0000e+00
      13393    558.013     14.900     15.000    29.0771    29.0780   5.832020   5.832330     3.1330     2.6572      32.14   27.55518  -83.66531   -0.00011   -0.00086     4.3539     4.3492    29.0734    29.0744    35.6484    35.6499    22.5264    22.5272       0.00    190.159    189.958         53 0.0000e+00
      13440    559.950     15.893     16.000    29.0927    29.0979   5.835285   5.836404     3.1332     2.6606      31.28   27.55518  -83.66530    0.00053    0.00052     4.3532     4.3546    29.0888    29.0940    35.6591    35.6629    22.5293    22.5304       0.00    190.131    190.193         52 0.0000e+00
      13507    562.760     16.887     17.000    29.1525    29.1522   5.847164   5.847198     3.1353     2.6591      30.22   27.55518  -83.66530    0.00071    0.00028     4.3519     4.3476    29.1483    29.1480    35.6960    35.6965    22.5370    22.5375       0.00    190.073    189.884         62 0.0000e+00
      13559    564.917     17.880     18.000    29.1856    29.1872   5.853568   5.853987     3.1352     2.6603      29.37   27.55520  -83.66530    0.00002   -0.00018     4.3493     4.3475    29.1812    29.1828    35.7151    35.7168    22.5403    22.5410       0.00    189.960    189.879         43 0.0000e+00
      13612    567.107     18.873     19.000    29.2025    29.2042   5.856749   5.857209     3.1383     2.6630      28.29   27.55520  -83.66530    0.00072    0.00108     4.3535     4.3514    29.1979    29.1996    35.7248    35.7265    22.5420    22.5427       0.00    190.142    190.050         48 0.0000e+00
      13680    569.954     19.867     20.000    29.2106    29.2114   5.858744   5.859013     3.1389     2.6620      27.39   27.55520  -83.66530    0.00042    0.00043     4.3548     4.3500    29.2057    29.2066    35.7315    35.7327    22.5443    22.5450     677.82    190.198    189.986         42 0.0000e+00
      13723    571.764     20.860     21.000    29.2092    29.2105   5.858992   5.859314     3.1389     2.6631      26.43   27.55520  -83.66530    0.00010   -0.00011     4.3555     4.3527    29.2041    29.2054    35.7342    35.7355    22.5469    22.5475    1495.60    190.229    190.103         45 0.0000e+00
      13791    574.580     21.853     22.000    29.2175    29.2192   5.861038   5.861405     3.1373     2.6634      25.38   27.55520  -83.66530   -0.00027    0.00013     4.3522     4.3534    29.2121    29.2139    35.7419    35.7438    22.5500    22.5508    1545.05    190.081    190.135         54 0.0000e+00
      13835    576.405     22.846     23.000    29.2080    29.2099   5.860886   5.861262     3.1375     2.6618      24.59   27.55520  -83.66530   -0.00056   -0.00037     4.3536     4.3506    29.2024    29.2043    35.7473    35.7485    22.5574    22.5576    1545.06    190.144    190.013         40 0.0000e+00
      13886    578.538     23.840     24.000    29.1865    29.1877   5.858224   5.858556     3.1369     2.6621      23.46   27.55520  -83.66530    0.00002   -0.00029     4.3548     4.3535    29.1806    29.1818    35.7448    35.7462    22.5628    22.5634    1545.06    190.193    190.136         56 0.0000e+00
      13952    581.292     24.833     25.000    29.1814    29.1825   5.858203   5.858526     3.1331     2.6646      22.49   27.55520  -83.66530   -0.00152    0.00052     4.3488     4.3594    29.1753    29.1764    35.7482    35.7496    22.5671    22.5678    1545.06    189.931    190.392         46 0.0000e+00
      13991    582.925     25.827     26.000    29.1630    29.1624   5.855912   5.856105     3.1343     2.6625      21.66   27.55520  -83.66530   -0.00043    0.00096     4.3533     4.3569    29.1567    29.1561    35.7477    35.7486    22.5730    22.5738    1545.06    190.129    190.283         42 0.0000e+00
      14050    585.364     26.819     27.000    29.1390    29.1401   5.853396   5.853761     3.1329     2.6647      20.49   27.55520  -83.66530   -0.00037    0.00026     4.3527     4.3637    29.1324    29.1335    35.7461    35.7478    22.5800    22.5808    1545.06    190.099    190.580         66 0.0000e+00
      14108    587.772     27.813     28.000    29.1520    29.1534   5.856282   5.856680     3.1343     2.6607      19.64   27.55520  -83.66530    0.00049   -0.00138     4.3551     4.3581    29.1451    29.1466    35.7583    35.7599    22.5848    22.5856    1545.06    190.202    190.332         47 0.0000e+00
      14154    589.723     28.806     29.000    29.1654    29.1668   5.859970   5.860361     3.1350     2.6609      18.65   27.55520  -83.66530    0.00043   -0.00022     4.3550     4.3546    29.1584    29.1598    35.7711    35.7727    22.5900    22.5908    1545.06    190.199    190.180         50 0.0000e+00
      14210    592.057     29.799     30.000    29.1669    29.1679   5.861919   5.862225     3.1351     2.6624      17.53   27.55520  -83.66530    0.00012   -0.00023     4.3555     4.3577    29.1596    29.1606    35.7831    35.7844    22.5986    22.5993    1545.07    190.216    190.315         61 0.0000e+00
      14277    594.818     30.792     31.000    29.1625    29.1636   5.861968   5.862293     3.1355     2.6614      16.56   27.55520  -83.66530    0.00029    0.00071     4.3567     4.3564    29.1549    29.1561    35.7865    35.7878    22.6027    22.6033    1545.07    190.270    190.256         44 0.0000e+00
      16462    685.865     40.725     41.000    28.8991    28.8756   5.879987   5.878149     3.0172     2.5583       6.78   27.58792  -83.76436   -0.00067    0.00070     4.1603     4.1689    28.8892    28.8657    36.1268    36.1318    22.9540    22.9655    1547.00    181.637    182.010         38 0.0000e+00
      19736    822.300     38.738     39.000    28.7916    28.5785   5.859226   5.836441     3.0065     2.5399       8.16   27.51013  -83.52769    0.00251    0.00116     4.1472     4.1496    28.7784    28.5691    36.0190    36.0273    22.8945    22.9713    1542.60    181.063    181.152         57 0.0000e+00
      19873    828.020     37.745     38.000    29.0364    28.8726   5.887022   5.871603     3.0431     2.5587       9.23   27.55542  -83.66514    0.00681    0.00324     4.1965     4.1665    29.0267    28.8635    36.0499    36.0682    22.8436    22.9116    1545.14    183.229    181.910         36 0.0000e+00
      19962    831.727     36.752     37.000    29.1557    28.9904   5.895210   5.882633     3.0645     2.5772      10.30   27.55542  -83.66514    0.00424    0.00510     4.2289     4.1969    29.1467    28.9815    36.0207    36.0570    22.7814    22.8643    1545.14    184.657    183.243         31 0.0000e+00
      20060    835.785     35.759     36.000    29.1270    29.1409   5.892588   5.893832     3.0764     2.6069      11.18   27.55542  -83.66513    0.00260    0.00595     4.2494     4.2460    29.1254    29.1322    36.0173    36.0208    22.7860    22.7864    1545.14    185.549    185.403         58 0.0000e+00
      20159    839.931     34.766     35.000    29.1558    29.1567   5.892518   5.892636     3.0822     2.6186      12.21   27.55542  -83.66514    0.00124    0.00279     4.2581     4.2683    29.1480    29.1482    36.0003    36.0010    22.7657    22.7661    1545.14    185.933    186.378         45 0.0000e+00
      22492    937.107     27.813     28.000    29.1597    29.1607   5.858856   5.858774     3.1332     2.6610      19.24   27.57325  -83.71892    0.00018   -0.00078     4.3525     4.3561    29.1529    29.1539    35.7790    35.7777    22.6014    22.6000    1546.14    190.089    190.246         43 0.0000e+00
      22568    940.310     26.819     27.000    29.1357    29.1404   5.855109   5.854449     3.1296     2.6572      20.13   27.55550  -83.66504    0.00056   -0.00200     4.3467     4.3485    29.1292    29.1338    35.7573    35.7523    22.5895    22.5842    1545.14    189.835    189.917         38 0.0000e+00
      22678    944.881     25.826     26.000    29.1401    29.1475   5.854166   5.854659     3.1298     2.6611      21.21   27.55550  -83.66504    0.00027    0.00121     4.3466     4.3552    29.1338    29.1412    35.7509    35.7487    22.5831    22.5790    1545.14    189.831    190.211         63 0.0000e+00
      22777    949.017     24.833     25.000    29.1442    29.1535   5.854143   5.854315     3.1301     2.6610      22.18   27.55552  -83.66504   -0.00041    0.00122     4.3462     4.3544    29.1382    29.1474    35.7479    35.7422    22.5794    22.5720    1545.14    189.814    190.175         36 0.0000e+00
      22859    952.405     23.840     24.000    29.1595    29.1618   5.852921   5.852869     3.1317     2.6605      23.20   27.55552  -83.66503   -0.00105    0.00201     4.3479     4.3527    29.1536    29.1559    35.7284    35.7264    22.5596    22.5572    1545.14    189.891    190.105         33 0.0000e+00
      22975    957.256     22.847     23.000    29.1590    29.1647   5.853495   5.853461     3.1335     2.6590      24.17   27.55552  -83.66502    0.00063   -0.00159     4.3506     4.3487    29.1534    29.1591    35.7330    35.7285    22.5631    22.5578    1545.14    190.012    189.929         31 0.0000e+00
      23653    985.487     19.867     20.000    29.0882    29.0650   5.835946   5.831073     3.1297     2.6560      27.09   27.55556  -83.66499    0.00030   -0.00006     4.3485     4.3501    29.0829    29.0602    35.6655    35.6495    22.5361    22.5317    1545.14    189.923    189.997         43 0.0000e+00
      24844   1035.106     16.887     17.000    28.9695    28.9903   5.811411   5.810080     3.1219     2.6518      29.96   27.48380  -83.44687    0.00050    0.00113     4.3410     4.3450    28.9654    28.9862    35.5414    35.5693    22.4680    22.4867    1541.11    189.600    189.773         33 0.0000e+00
      25034   1043.038     15.893     16.000    29.0387    29.0374   5.825074   5.824434     3.1275     2.6585      31.05   27.55563  -83.66494   -0.00052   -0.00031     4.3484     4.3559    29.0348    29.0335    35.6290    35.6251    22.5248    22.5223    1545.14    189.923    190.250         33 0.0000e+00
      25596   1066.439     10.927     11.000    29.0261    29.0499   5.813864   5.812029     3.1238     2.6596      35.84   27.49057  -83.46734    0.00011    0.00013     4.3378     4.3524    29.0235    29.0472    35.5221    35.4913    22.4353    22.4042    1541.49    189.466    190.109         32 0.0000e+00
      25933   1080.498      9.934     10.000    29.1133    29.1176   5.824237   5.823628     3.1325     2.6625      36.86   27.55566  -83.66491   -0.00017    0.00038     4.3494     4.3566    29.1109    29.1152    35.5693    35.5619    22.4545    22.4474    1545.14    189.979    190.294         30 0.0000e+00
      27249   1135.346      7.947      8.000    28.7278    28.7296   5.744764   5.745037     3.0903     2.6266      38.33   27.18155  -82.52875    0.00012   -0.00023     4.2896     4.2964    28.7258    28.7276    35.0770    35.0775    22.1391    22.1389    1524.16    187.366    187.664         45 0.0000e+00
      27837   1159.854      6.954      7.000    29.1231    29.1267   5.823824   5.824708     3.1343     2.6640      39.92   27.55574  -83.66482   -0.00001   -0.00156     4.3505     4.3573    29.1214    29.1250    35.5601    35.5635    22.4440    22.4454    1545.14    190.029    190.324         36 0.0000e+00
      28845   1201.839      4.967      5.000    29.7970    29.7984   5.958560   5.958806     3.2073     2.7249      42.99   28.19244  -85.59790    0.00007    0.00011     4.4510     4.4556    29.7958    29.7972    36.3828    36.3835    22.9629    22.9629    1580.84    194.418    194.618         36 0.0000e+00
      31644   1318.473      2.980      3.000    30.1780    30.1747   6.034556   6.033914     3.2417     2.7612      45.57   28.55807  -86.70757   -0.00003    0.00073     4.4951     4.5151    30.1772    30.1739    36.8504    36.8484    23.2592    23.2587    1601.34    196.346    197.220         41 0.0000e+00
      30706   1279.354      1.987      2.000    29.1159    29.1152   5.822164   5.822105     3.1279     2.6623      44.97   27.55586  -83.66468    0.00024    0.00024     4.3372     4.3523    29.1154    29.1148    35.5555    35.5554    22.4426    22.4426    1545.14    189.447    190.108         36 0.0000e+00
