GOMECC/GOMECC-4/1db/rb2103_0541.cnv
* Sea-Bird SBE 9 Data File:
* FileName = C:\Users\scs.user.rb\CTD\GOMECC4\data\rb2103_0541.hex
* Software Version Seasave V 7.26.7.107
* Temperature SN = 4799
* Conductivity SN = 3860
* Number of Bytes Per Scan = 41
* Number of Voltage Words = 4
* Number of Scans Averaged by the Deck Unit = 1
* NMEA Latitude = 27 29.98 N
* NMEA Longitude = 095 00.24 W
* NMEA UTC (Time) = Sep 28 2021  12:26:08
* NMEA baud rate = 4800
# nquan = 28
# nvalues = 604                         
# units = specified
# name 0 = scan: Scan Count
# name 1 = timeS: Time, Elapsed [seconds]
# name 2 = depSM: Depth [salt water, m]
# name 3 = prDM: Pressure, Digiquartz [db]
# name 4 = t090C: Temperature [ITS-90, deg C]
# name 5 = t190C: Temperature, 2 [ITS-90, deg C]
# name 6 = c0S/m: Conductivity [S/m]
# name 7 = c1S/m: Conductivity, 2 [S/m]
# name 8 = sbeox0V: Oxygen raw, SBE 43 [V]
# name 9 = sbeox1V: Oxygen raw, SBE 43, 2 [V]
# name 10 = altM: Altimeter [m]
# name 11 = latitude: Latitude [deg]
# name 12 = longitude: Longitude [deg]
# name 13 = sbox0dV/dT: Oxygen, SBE 43 [dov/dt]
# name 14 = sbox1dV/dT: Oxygen, SBE 43, 2 [dov/dt]
# name 15 = sbeox0ML/L: Oxygen, SBE 43 [ml/l], WS = 5
# name 16 = sbeox1ML/L: Oxygen, SBE 43, 2 [ml/l], WS = 5
# name 17 = potemp090C: Potential Temperature [ITS-90, deg C]
# name 18 = potemp190C: Potential Temperature, 2 [ITS-90, deg C]
# name 19 = sal00: Salinity, Practical [PSU]
# name 20 = sal11: Salinity, Practical, 2 [PSU]
# name 21 = sigma-é00: Density [sigma-theta, kg/m^3]
# name 22 = sigma-é11: Density, 2 [sigma-theta, kg/m^3]
# name 23 = avgsvCM: Average Sound Velocity [Chen-Millero, m/s], minP = 20, minS = 20
# name 24 = sbox0Mm/Kg: Oxygen, SBE 43 [umol/kg], WS = 5
# name 25 = sbox1Mm/Kg: Oxygen, SBE 43, 2 [umol/kg], WS = 5
# name 26 = nbin: number of scans per bin
# name 27 = flag: flag
# span 0 =      13605,     100072       
# span 1 =    566.846,   4169.616       
# span 2 =      2.980,    870.352       
# span 3 =      3.000,    878.000       
# span 4 =     5.9004,    29.5325       
# span 5 =     5.9028,    29.5316       
# span 6 =   3.458941,   5.934332       
# span 7 =   3.458999,   5.934109       
# span 8 =     1.5802,     3.2986       
# span 9 =     1.2842,     2.8262       
# span 10 =      10.27,     100.71      
# span 11 =   27.37061,   27.86930      
# span 12 =  -96.27280,  -94.55051      
# span 13 =   -0.04621,    0.03812      
# span 14 =   -0.04551,    0.04107      
# span 15 =     2.4556,     4.9279      
# span 16 =     2.4817,     4.9486      
# span 17 =     5.8215,    29.5296      
# span 18 =     5.8239,    29.5287      
# span 19 =    34.9061,    36.5067      
# span 20 =    34.9044,    36.5069      
# span 21 =    22.5257,    27.5059      
# span 22 =    22.5239,    27.5043      
# span 23 =       0.00,    1545.04      
# span 24 =    106.781,    214.909      
# span 25 =    107.913,    215.811      
# span 26 =         30,         65      
# span 27 = 0.0000e+00, 0.0000e+00      
# interval = decibars: 1                
# start_time = Sep 28 2021 12:26:08 [NMEA time, header]
# bad_flag = -9.990e-29
*END*
[from data line 518]
      74633   3109.679    195.604    197.000    16.3983    16.4007   4.572198   4.572140     1.8695     1.5469      99.99   27.49537  -94.98230   -0.00009   -0.00005     2.6920     2.7187    16.3663    16.3687    36.1816    36.1790    26.5715    26.5689    1503.46    117.112    118.274         31 0.0000e+00
      74748   3114.450    191.634    193.000    16.5614    16.5730   4.591670   4.592672     1.8763     1.5525     100.00   27.49850  -94.99309    0.00168    0.00124     2.6966     2.7218    16.5299    16.5415    36.2092    36.2075    26.5546    26.5506    1503.64    117.316    118.413         31 0.0000e+00
      74887   3120.267    186.672    188.000    16.7120    16.7127   4.609369   4.609387     1.8819     1.5574     100.00   27.49891  -94.99448    0.00114    0.00077     2.6991     2.7244    16.6811    16.6818    36.2314    36.2309    26.5359    26.5354    1503.66    117.425    118.527         30 0.0000e+00
      75020   3125.795    181.709    183.000    16.8607    16.8390   4.626601   4.623915     1.8898     1.5624     100.00   27.49733  -94.98900    0.00183    0.00137     2.7070     2.7283    16.8305    16.8087    36.2502    36.2462    26.5147    26.5168    1503.57    117.774    118.697         30 0.0000e+00
      75139   3130.767    177.739    179.000    17.0366    17.0533   4.647546   4.649983     1.8912     1.5636     100.01   27.50054  -95.00013    0.00051    0.00058     2.6985     2.7180    17.0068    17.0234    36.2780    36.2846    26.4942    26.4953    1503.75    117.404    118.251         31 0.0000e+00
      75224   3134.296    174.762    176.000    17.2085    17.1923   4.667693   4.665727     1.8926     1.5638     100.01   27.50244  -95.00668    0.00022   -0.00001     2.6905     2.7096    17.1790    17.1628    36.3017    36.2991    26.4712    26.4730    1503.85    117.060    117.890         30 0.0000e+00
      75245   3135.176    173.769    175.000    17.2256    17.2125   4.669108   4.667303     1.8887     1.5606     100.00   27.49856  -94.99328    0.00006   -0.00026     2.6804     2.7002    17.1962    17.1831    36.2975    36.2935    26.4634    26.4634    1503.64    116.621    117.481         32 0.0000e+00
      75352   3139.609    169.799    171.000    17.4276    17.4123   4.692465   4.690596     1.8675     1.5395     100.00   27.49860  -94.99341   -0.00506   -0.00524     2.6190     2.6351    17.3987    17.3834    36.3211    36.3185    26.4323    26.4341    1503.64    113.953    114.653         34 0.0000e+00
      75465   3144.351    165.829    167.000    17.6613    17.6467   4.720286   4.718377     1.8589     1.5318     100.01   27.50035  -94.99944   -0.00170   -0.00192     2.5851     2.6021    17.6327    17.6182    36.3552    36.3518    26.4015    26.4024    1503.74    112.481    113.222         30 0.0000e+00
      75492   3145.441    164.836    166.000    17.7228    17.7093   4.726742   4.724960     1.8615     1.5344     100.00   27.49856  -94.99324   -0.00019    0.00014     2.5876     2.6055    17.6944    17.6809    36.3556    36.3523    26.3865    26.3872    1503.64    112.592    113.372         32 0.0000e+00
      75680   3153.305    160.865    162.000    17.7512    17.7893   4.730138   4.734750     1.8737     1.5476     100.01   27.50105  -95.00181    0.00026    0.00021     2.6121     2.6321    17.7234    17.7615    36.3620    36.3679    26.3844    26.3795    1503.78    113.656    114.530         48 0.0000e+00
      77599   3233.249    146.969    148.000    18.6940    18.6977   4.838723   4.839253     1.8998     1.5685     100.00   27.49800  -94.99119    0.00076    0.00042     2.6140     2.6312    18.6681    18.6717    36.4563    36.4560    26.2197    26.2181    1503.61    113.758    114.508         30 0.0000e+00
      77728   3238.605    142.005    143.000    19.0126    18.9999   4.872536   4.871107     1.8849     1.5553     100.00   27.49767  -94.99002   -0.00403   -0.00377     2.5629     2.5828    18.9869    18.9742    36.4628    36.4619    26.1430    26.1456    1503.59    111.545    112.409         31 0.0000e+00
      77878   3244.860    137.042    138.000    19.1941    19.2084   4.891037   4.892540     1.9439     1.6108     100.01   27.50395  -95.01180    0.01175    0.01046     2.6814     2.7045    19.1692    19.1834    36.4633    36.4630    26.0971    26.0932    1503.94    116.706    117.714         34 0.0000e+00
      79398   3308.225    133.071    134.000    19.5217    19.4959   4.926947   4.924520     1.9488     1.6135     100.00   27.49882  -94.99401    0.00111    0.00124     2.6727     2.6947    19.4971    19.4713    36.4794    36.4780    26.0234    26.0291    1503.66    116.336    117.291         39 0.0000e+00
      79457   3310.683    132.078    133.000    19.5118    19.5090   4.925174   4.924542     1.9500     1.6169     100.00   27.49848  -94.99284    0.00056    0.00122     2.6758     2.7018    19.4874    19.4846    36.4696    36.4669    26.0185    26.0171    1503.64    116.472    117.604         32 0.0000e+00
      79583   3315.926    127.114    128.000    19.5652    19.6378   4.927843   4.931619     2.0143     1.6885      99.99   27.49562  -94.98293    0.01464    0.01334     2.8126     2.8655    19.5417    19.6143    36.4418    36.4100    25.9826    25.9393    1503.48    122.430    124.735         30 0.0000e+00
      79944   3330.966    114.208    115.000    20.5180    20.5268   5.024357   5.025321     2.1707     1.8102     100.00   27.49870  -94.99360   -0.00687   -0.00750     3.0881     3.0983    20.4962    20.5050    36.4214    36.4217    25.7135    25.7114    1503.65    134.459    134.902         30 0.0000e+00
      80048   3335.280    110.236    111.000    20.9865    20.9696   5.074294   5.072019     2.1847     1.8261      85.67   27.49786  -94.99064    0.00450    0.00540     3.0880     3.1086    20.9651    20.9482    36.4261    36.4221    25.5896    25.5911    1503.61    134.468    135.367         30 0.0000e+00
      80187   3341.063    105.272    106.000    21.1026    21.0963   5.076536   5.075344     2.2743     1.9456      78.90   27.49881  -94.99396    0.01675    0.02432     3.2690     3.3777    21.0821    21.0758    36.3474    36.3432    25.4976    25.4961    1503.66    142.363    147.097         30 0.0000e+00
      80216   3342.284    104.279    105.000    21.0828    21.0920   5.073357   5.072547     2.3405     1.9966     100.22   27.49846  -94.99274    0.03812    0.04107     3.4093     3.4958    21.0625    21.0718    36.3388    36.3244    25.4964    25.4829    1503.64    148.474    152.244         30 0.0000e+00
      81196   3383.114     99.315    100.000    21.3442    21.3286   5.100360   5.097111     2.4864     2.0942      97.58   27.49588  -94.98380   -0.00225   -0.00150     3.7094     3.7012    21.3273    21.3091    36.3203    36.3215    25.4089    25.4149    1503.50    161.558    161.200         57 0.0000e+00
      81791   3407.928     98.322     99.000    21.5078    21.5293   5.114973   5.116936     2.5250     2.1344     100.04   27.49842  -94.99254   -0.00017    0.00241     3.7642     3.7820    21.4884    21.5099    36.3143    36.3120    25.3601    25.3524    1503.64    163.951    164.729         50 0.0000e+00
      81829   3409.503     97.329     98.000    21.4928    21.5306   5.113318   5.117164     2.5234     2.1370      77.68   27.49842  -94.99254    0.00013    0.00223     3.7616     3.7874    21.4737    21.5114    36.3142    36.3130    25.3641    25.3528    1503.64    163.836    164.962         43 0.0000e+00
      81871   3411.244     96.336     97.000    21.5564    21.6087   5.119804   5.124913     2.5236     2.1397      89.09   27.49842  -94.99254   -0.00054    0.00141     3.7570     3.7879    21.5374    21.5897    36.3126    36.3092    25.3452    25.3280    1503.64    163.639    164.991         38 0.0000e+00
      81906   3412.727     95.343     96.000    21.6058    21.6427   5.124455   5.128415     2.5293     2.1447     100.30   27.49842  -94.99253    0.00093    0.00186     3.7647     3.7967    21.5869    21.6239    36.3084    36.3088    25.3282    25.3182    1503.64    163.977    165.373         34 0.0000e+00
      81978   3415.699     93.357     94.000    21.7418    21.7731   5.137164   5.139646     2.5494     2.1641      92.42   27.50220  -95.00558    0.00545    0.00533     3.7962     3.8316    21.7232    21.7545    36.2975    36.2909    25.2824    25.2686    1503.85    165.360    166.902         30 0.0000e+00
      81998   3416.540     92.364     93.000    21.7885    21.8412   5.140976   5.145623     2.5755     2.1944      57.72   27.49842  -94.99252    0.00964    0.01066     3.8470     3.8955    21.7702    21.8228    36.2869    36.2795    25.2607    25.2402    1503.64    167.575    169.688         33 0.0000e+00
      82031   3417.913     91.371     92.000    21.8593    21.8913   5.148018   5.150839     2.5998     2.2177      99.89   27.49842  -94.99252    0.01744    0.01821     3.8913     3.9447    21.8411    21.8731    36.2836    36.2792    25.2383    25.2259    1503.64    169.507    171.838         33 0.0000e+00
      82063   3419.253     90.378     91.000    21.9345    21.9617   5.154952   5.157608     2.6233     2.2383     100.00   27.49842  -94.99250    0.01829    0.01847     3.9340     3.9863    21.9164    21.9436    36.2758    36.2740    25.2112    25.2021    1503.64    171.372    173.654         31 0.0000e+00
      82093   3420.505     89.385     90.000    21.9723    22.0051   5.158649   5.161582     2.6486     2.2633     100.00   27.49842  -94.99250    0.01804    0.01695     3.9831     4.0396    21.9544    21.9872    36.2737    36.2694    25.1989    25.1863    1503.64    173.513    175.978         30 0.0000e+00
      82124   3421.778     88.392     89.000    22.0074    22.0506   5.161926   5.165673     2.6757     2.2944     100.00   27.49842  -94.99250    0.01967    0.01919     4.0358     4.1065    21.9897    22.0329    36.2706    36.2640    25.1865    25.1693    1503.64    175.813    178.894         31 0.0000e+00
      82155   3423.091     87.399     88.000    22.0571    22.0964   5.166710   5.170261     2.7125     2.3423     100.00   27.49842  -94.99250    0.02213    0.02564     4.1076     4.2115    22.0396    22.0789    36.2671    36.2622    25.1698    25.1550    1503.64    178.943    183.470         31 0.0000e+00
      82186   3424.381     86.407     87.000    22.1181    22.1774   5.173029   5.178696     2.7584     2.3859     100.00   27.49842  -94.99248    0.02698    0.03269     4.1903     4.3035    22.0982    22.1600    36.2676    36.2613    25.1536    25.1314    1503.64    182.546    187.485         31 0.0000e+00
      82218   3425.720     85.413     86.000    22.1874    22.2428   5.180899   5.185808     2.7996     2.4193     100.00   27.49842  -94.99248    0.03268    0.03299     4.2754     4.3735    22.1702    22.2256    36.2707    36.2631    25.1356    25.1141    1503.64    186.256    190.537         34 0.0000e+00
      82252   3427.120     84.421     85.000    22.2579    22.3203   5.188213   5.194590     2.8312     2.4453     100.00   27.49842  -94.99248    0.03006    0.02545     4.3340     4.4256    22.2408    22.3032    36.2697    36.2678    25.1148    25.0956    1503.64    188.815    192.810         32 0.0000e+00
      82314   3429.695     82.435     83.000    22.4875    22.5641   5.213513   5.221658     2.8785     2.4671     100.00   27.49915  -94.99500    0.02035    0.01290     4.4104     4.4558    22.4707    22.5473    36.2793    36.2779    25.0567    25.0338    1503.68    192.155    194.135         30 0.0000e+00
      82343   3430.908     81.442     82.000    22.5404    22.5861   5.219286   5.223789     2.8868     2.4682     100.00   27.49842  -94.99246    0.01591    0.00658     4.4224     4.4543    22.5238    22.5695    36.2791    36.2762    25.0413    25.0260    1503.64    192.681    194.074         33 0.0000e+00
      82377   3432.329     80.449     81.000    22.5851    22.6261   5.224180   5.228115     2.8910     2.4705     100.00   27.49842  -94.99246    0.00860    0.00248     4.4268     4.4557    22.5687    22.6097    36.2805    36.2772    25.0295    25.0152    1503.64    192.876    194.136         35 0.0000e+00
      82411   3433.757     79.455     80.000    22.6621    22.6984   5.232239   5.235343     2.8955     2.4708      99.65   27.49842  -94.99245    0.00380    0.00099     4.4291     4.4509    22.6458    22.6821    36.2798    36.2765    25.0069    24.9939    1503.64    192.976    193.928         30 0.0000e+00
      84353   3514.651     73.497     74.000    23.2164    23.1991   5.292039   5.290206     2.8229     2.4030     100.00   27.49938  -94.99567   -0.00020    0.00015     4.2334     4.2571    23.2011    23.1838    36.2880    36.2881    24.8525    24.8576    1503.70    184.479    185.510         38 0.0000e+00
      84392   3516.275     72.504     73.000    23.2312    23.2129   5.293374   5.291396     2.8270     2.4050     100.00   27.49836  -94.99214    0.00152    0.00118     4.2395     4.2600    23.2161    23.1978    36.2859    36.2851    24.8464    24.8511    1503.64    184.747    185.637         44 0.0000e+00
      84432   3517.977     71.511     72.000    23.2538    23.2594   5.295491   5.295805     2.8306     2.4080     100.00   27.49836  -94.99214    0.00240    0.00125     4.2451     4.2626    23.2389    23.2445    36.2840    36.2818    24.8382    24.8350    1503.64    184.989    185.756         34 0.0000e+00
      84463   3519.250     70.518     71.000    23.3467    23.2721   5.304991   5.297327     2.8398     2.4136     100.00   27.49836  -94.99214    0.00310    0.00220     4.2556     4.2736    23.3319    23.2574    36.2811    36.2834    24.8089    24.8325    1503.64    185.455    186.234         32 0.0000e+00
      84501   3520.814     69.525     70.000    23.4731    23.3435   5.318658   5.304472     2.8615     2.4290     100.00   27.49836  -94.99213    0.00813    0.00548     4.2882     4.3009    23.4593    23.3292    36.2820    36.2803    24.7722    24.8090    1503.64    186.884    187.427         43 0.0000e+00
      84540   3522.462     68.532     69.000    23.6634    23.5591   5.338494   5.327169     2.8864     2.4474     100.00   27.49836  -94.99212    0.01372    0.00951     4.3227     4.3260    23.6489    23.5447    36.2790    36.2777    24.7141    24.7439    1503.64    188.394    188.533         32 0.0000e+00
      84644   3526.796     66.546     67.000    23.9302    23.9368   5.368948   5.369785     2.9489     2.5159     100.05   27.51173  -95.03830    0.01993    0.02043     4.4244     4.4468    23.9161    23.9227    36.3013    36.3023    24.6540    24.6527    1504.37    192.839    193.818         39 0.0000e+00
      84644   3526.802     65.553     66.000    23.9554    23.9857   5.370421   5.373845     2.9912     2.5579     100.00   27.49835  -94.99212    0.02604    0.02792     4.5054     4.5338    23.9414    23.9718    36.2851    36.2864    24.6321    24.6240    1503.64    196.372    197.614         39 0.0000e+00
      84677   3528.186     64.560     65.000    24.0936    24.0878   5.386148   5.385602     3.0187     2.5857      21.56   27.49836  -94.99210    0.02416    0.02478     4.5476     4.5858    24.0798    24.0740    36.2923    36.2929    24.5963    24.5985    1503.64    198.219    199.886         30 0.0000e+00
      84708   3529.478     63.567     64.000    24.1698    24.1822   5.394907   5.395578     3.0552     2.6152      97.50   27.49836  -94.99210    0.02262    0.02125     4.6125     4.6423    24.1562    24.1686    36.2971    36.2972    24.5771    24.5735    1503.64    201.052    202.351         34 0.0000e+00
      84749   3531.152     62.574     63.000    24.2161    24.2135   5.399823   5.399544     3.0848     2.6426     100.00   27.49835  -94.99210    0.02337    0.02075     4.6664     4.6985    24.2026    24.2001    36.2970    36.2968    24.5631    24.5637    1503.64    203.406    204.805         42 0.0000e+00
