GOMECC/GOMECC-4/1db/rb2103_1341.cnv
* Sea-Bird SBE 9 Data File:
* FileName = C:\Users\scs.user.rb\CTD\GOMECC4\data\rb2103_1341.hex
* Software Version Seasave V 7.26.7.107
* Temperature SN = 4799
* Conductivity SN = 3860
* Number of Bytes Per Scan = 41
* Number of Voltage Words = 4
* Number of Scans Averaged by the Deck Unit = 1
* NMEA Latitude = 26 23.19 N
* NMEA Longitude = 083 36.41 W
* NMEA UTC (Time) = Oct 19 2021  23:12:43
* NMEA baud rate = 4800
# nquan = 28
# nvalues = 83                          
# units = specified
# name 0 = scan: Scan Count
# name 1 = timeS: Time, Elapsed [seconds]
# name 2 = depSM: Depth [salt water, m]
# name 3 = prDM: Pressure, Digiquartz [db]
# name 4 = t090C: Temperature [ITS-90, deg C]
# name 5 = t190C: Temperature, 2 [ITS-90, deg C]
# name 6 = c0S/m: Conductivity [S/m]
# name 7 = c1S/m: Conductivity, 2 [S/m]
# name 8 = sbeox0V: Oxygen raw, SBE 43 [V]
# name 9 = sbeox1V: Oxygen raw, SBE 43, 2 [V]
# name 10 = altM: Altimeter [m]
# name 11 = latitude: Latitude [deg]
# name 12 = longitude: Longitude [deg]
# name 13 = sbox0dV/dT: Oxygen, SBE 43 [dov/dt]
# name 14 = sbox1dV/dT: Oxygen, SBE 43, 2 [dov/dt]
# name 15 = sbeox0ML/L: Oxygen, SBE 43 [ml/l], WS = 5
# name 16 = sbeox1ML/L: Oxygen, SBE 43, 2 [ml/l], WS = 5
# name 17 = potemp090C: Potential Temperature [ITS-90, deg C]
# name 18 = potemp190C: Potential Temperature, 2 [ITS-90, deg C]
# name 19 = sal00: Salinity, Practical [PSU]
# name 20 = sal11: Salinity, Practical, 2 [PSU]
# name 21 = sigma-é00: Density [sigma-theta, kg/m^3]
# name 22 = sigma-é11: Density, 2 [sigma-theta, kg/m^3]
# name 23 = avgsvCM: Average Sound Velocity [Chen-Millero, m/s], minP = 20, minS = 20
# name 24 = sbox0Mm/Kg: Oxygen, SBE 43 [umol/kg], WS = 5
# name 25 = sbox1Mm/Kg: Oxygen, SBE 43, 2 [umol/kg], WS = 5
# name 26 = nbin: number of scans per bin
# name 27 = flag: flag
# span 0 =      17328,     464932       
# span 1 =    721.940,  19371.034       
# span 2 =      0.994,    133.068       
# span 3 =      1.000,    133.938       
# span 4 =    22.3230,   782.9597       
# span 5 =    22.3256,   782.9929       
# span 6 =   5.203908, 158.735794       
# span 7 =   5.204579, 158.743273       
# span 8 =     2.5753,    85.4747       
# span 9 =     2.1757,    72.1705       
# span 10 =       8.34,    1669.30      
# span 11 =   26.20958,  718.00059      
# span 12 =-2275.27313,  -83.05473      
# span 13 =   -0.01792,    0.02040      
# span 14 =   -0.01655,    0.01669      
# span 15 =     3.7858,   119.2096      
# span 16 =     3.7990,   118.3713      
# span 17 =    22.3110,   782.9273      
# span 18 =    22.3136,   782.9605      
# span 19 =    35.6548,   976.6307      
# span 20 =    35.6568,   976.6577      
# span 21 =    22.6585,   620.6786      
# span 22 =    22.6586,   620.6879      
# span 23 =       0.00,    1544.44      
# span 24 =    164.932,   5205.174      
# span 25 =    165.505,   5168.578      
# span 26 =         30,         72      
# span 27 = 0.0000e+00, 0.0000e+00      
# interval = decibars: 1                
# start_time = Oct 19 2021 23:12:43 [NMEA time, header]
# bad_flag = -9.990e-29
*END*
     464932  19371.034    133.068      4.000   782.9597   782.9929 158.735794 158.743273    85.4747    72.1705    1669.30  718.00059-2275.27313   -0.00500   -0.00344   119.2096   118.3713   782.9273   782.9605   976.6307   976.6577   620.6786   620.6879       0.00   5205.174   5168.578         43 0.0000e+00
      17330    722.030      5.961      6.000    28.9690    28.9710   5.872942   5.873296     3.1608     2.6718      60.74   26.56360  -84.17741    0.00046    0.00093     4.4080     4.3831    28.9675    28.9695    36.1319    36.1329    22.9623    22.9624       0.00    192.474    191.383         34 0.0000e+00
      17328    721.940      6.954      7.000    28.7760    28.7774   5.833569   5.833871     3.1410     2.6517      59.23   26.38416  -83.60872    0.00054    0.00014     4.3813     4.3499    28.7743    28.7757    35.8876    35.8886    22.8062    22.8065       0.00    191.308    189.934         56 0.0000e+00
      17415    725.570      7.948      8.000    28.7805    28.7807   5.834172   5.834299     3.1406     2.6492      58.24   26.38416  -83.60872    0.00020    0.00048     4.3808     4.3451    28.7786    28.7787    35.8880    35.8888    22.8051    22.8056       0.00    191.284    189.724         40 0.0000e+00
      17486    728.531      8.941      9.000    28.7825    28.7841   5.834482   5.834804     3.1390     2.6498      57.32   26.38416  -83.60872    0.00021   -0.00182     4.3783     4.3465    28.7803    28.7819    35.8884    35.8894    22.8048    22.8050       0.00    191.174    189.785         44 0.0000e+00
      17576    732.274      9.934     10.000    28.7751    28.7761   5.833419   5.833698     3.1401     2.6514      56.26   26.38416  -83.60872    0.00027    0.00019     4.3815     4.3508    28.7727    28.7737    35.8863    35.8874    22.8057    22.8062       0.00    191.314    189.975         52 0.0000e+00
      17649    735.327     10.928     11.000    28.7751    28.7764   5.833461   5.833730     3.1391     2.6521      55.25   26.38416  -83.60872   -0.00015   -0.00006     4.3802     4.3528    28.7724    28.7737    35.8863    35.8872    22.8058    22.8061       0.00    191.257    190.060         53 0.0000e+00
      17720    738.306     11.921     12.000    28.7744    28.7757   5.833428   5.833710     3.1366     2.6527      54.32   26.38416  -83.60872   -0.00096    0.00091     4.3762     4.3547    28.7715    28.7728    35.8863    35.8873    22.8062    22.8065       0.00    191.082    190.143         44 0.0000e+00
      17800    741.627     12.915     13.000    28.7759    28.7773   5.833651   5.833935     3.1365     2.6508      53.39   26.38418  -83.60872    0.00003   -0.00025     4.3765     4.3512    28.7728    28.7741    35.8864    35.8873    22.8058    22.8060       0.00    191.098    189.993         41 0.0000e+00
      17867    744.409     13.908     14.000    28.7753    28.7767   5.833654   5.833946     3.1349     2.6492      52.45   26.38418  -83.60872   -0.00013   -0.00044     4.3742     4.3485    28.7719    28.7734    35.8865    35.8875    22.8062    22.8064       0.00    190.995    189.873         40 0.0000e+00
      17946    747.710     14.901     15.000    28.7741    28.7756   5.833579   5.833910     3.1353     2.6509      51.44   26.38418  -83.60872   -0.00019    0.00023     4.3755     4.3525    28.7705    28.7720    35.8867    35.8878    22.8067    22.8071       0.00    191.054    190.050         57 0.0000e+00
      18016    750.611     15.895     16.000    28.7741    28.7754   5.833628   5.833907     3.1365     2.6495      50.46   26.38418  -83.60872   -0.00018   -0.00039     4.3781     4.3503    28.7703    28.7716    35.8867    35.8876    22.8068    22.8071       0.00    191.166    189.953         59 0.0000e+00
      18081    753.329     16.888     17.000    28.7745    28.7760   5.833702   5.834012     3.1385     2.6518      49.53   26.38418  -83.60872    0.00109    0.00074     4.3822     4.3553    28.7704    28.7719    35.8866    35.8876    22.8067    22.8070       0.00    191.344    190.173         64 0.0000e+00
      18150    756.228     17.882     18.000    28.7746    28.7761   5.833763   5.834069     3.1366     2.6511      48.55   26.38418  -83.60873   -0.00067    0.00025     4.3793     4.3544    28.7703    28.7718    35.8866    35.8876    22.8068    22.8070       0.00    191.220    190.131         63 0.0000e+00
      18205    758.505     18.875     19.000    28.7749    28.7765   5.833842   5.834170     3.1358     2.6472      47.59   26.38418  -83.60872   -0.00047   -0.00166     4.3783     4.3470    28.7703    28.7719    35.8867    35.8878    22.8068    22.8071       0.00    191.176    189.809         47 0.0000e+00
      18284    761.810     19.869     20.000    28.7750    28.7759   5.833911   5.834166     3.1368     2.6483      46.62   26.38418  -83.60874    0.00022    0.00002     4.3807     4.3500    28.7702    28.7711    35.8868    35.8878    22.8070    22.8074     643.92    191.281    189.937         47 0.0000e+00
      18337    763.982     20.862     21.000    28.7752    28.7764   5.833971   5.834247     3.1364     2.6503      45.72   26.38418  -83.60874    0.00016    0.00107     4.3804     4.3543    28.7701    28.7713    35.8868    35.8878    22.8069    22.8073    1504.93    191.269    190.128         57 0.0000e+00
      18410    767.053     21.855     22.000    28.7760    28.7771   5.834104   5.834374     3.1339     2.6475      44.72   26.38419  -83.60874   -0.00091   -0.00064     4.3764     4.3493    28.7707    28.7718    35.8868    35.8878    22.8068    22.8072    1544.29    191.094    189.908         55 0.0000e+00
      18471    769.576     22.849     23.000    28.7746    28.7765   5.833987   5.834355     3.1348     2.6489      43.78   26.38420  -83.60874    0.00025    0.00002     4.3786     4.3526    28.7690    28.7709    35.8867    35.8878    22.8073    22.8075    1544.29    191.190    190.054         53 0.0000e+00
      18535    772.256     23.842     24.000    28.7745    28.7755   5.833997   5.834273     3.1348     2.6476      42.76   26.38420  -83.60874    0.00011    0.00023     4.3791     4.3505    28.7687    28.7698    35.8866    35.8877    22.8073    22.8078    1544.29    191.212    189.961         50 0.0000e+00
      18605    775.146     24.835     25.000    28.7730    28.7743   5.833894   5.834194     3.1340     2.6467      41.86   26.38420  -83.60874   -0.00027   -0.00071     4.3784     4.3493    28.7670    28.7682    35.8867    35.8878    22.8079    22.8084    1544.30    191.177    189.907         44 0.0000e+00
      18664    777.635     25.829     26.000    28.7717    28.7737   5.833814   5.834178     3.1339     2.6464      40.90   26.38420  -83.60873   -0.00007   -0.00024     4.3788     4.3494    28.7655    28.7675    35.8868    35.8878    22.8085    22.8086    1544.30    191.194    189.912         58 0.0000e+00
      18732    780.453     26.822     27.000    28.7736    28.7753   5.834064   5.834384     3.1322     2.6458      39.94   26.38420  -83.60872    0.00003    0.00015     4.3761     4.3485    28.7671    28.7688    35.8868    35.8878    22.8080    22.8082    1544.30    191.076    189.874         59 0.0000e+00
      18798    783.214     27.815     28.000    28.7722    28.7740   5.833940   5.834288     3.1316     2.6465      38.98   26.38420  -83.60872   -0.00094    0.00011     4.3756     4.3504    28.7655    28.7672    35.8867    35.8878    22.8084    22.8087    1544.31    191.058    189.958         69 0.0000e+00
      18865    785.985     28.809     29.000    28.7719    28.7733   5.833952   5.834254     3.1317     2.6468      38.03   26.38420  -83.60872    0.00028    0.00023     4.3765     4.3518    28.7650    28.7663    35.8867    35.8878    22.8086    22.8090    1544.31    191.094    190.016         64 0.0000e+00
      18929    788.646     29.802     30.000    28.7723    28.7736   5.834031   5.834332     3.1314     2.6441      37.05   26.38420  -83.60872   -0.00006   -0.00077     4.3763     4.3467    28.7651    28.7664    35.8867    35.8878    22.8086    22.8090    1544.32    191.088    189.793         68 0.0000e+00
      18994    791.382     30.795     31.000    28.7726    28.7738   5.834118   5.834405     3.1310     2.6442      36.12   26.38420  -83.60872   -0.00022   -0.00054     4.3760     4.3475    28.7652    28.7664    35.8867    35.8878    22.8086    22.8090    1544.32    191.075    189.828         63 0.0000e+00
      19059    794.076     31.789     32.000    28.7738    28.7746   5.834317   5.834546     3.1329     2.6466      35.13   26.38420  -83.60872    0.00043    0.00128     4.3800     4.3528    28.7661    28.7669    35.8869    35.8879    22.8085    22.8089    1544.32    191.248    190.061         65 0.0000e+00
      19128    796.954     32.782     33.000    28.7754    28.7758   5.834585   5.834748     3.1322     2.6435      34.18   26.38420  -83.60872    0.00012   -0.00098     4.3792     4.3470    28.7674    28.7679    35.8873    35.8881    22.8083    22.8087    1544.33    191.213    189.807         70 0.0000e+00
      19194    799.693     33.775     34.000    28.7759    28.7761   5.834720   5.834845     3.1316     2.6473      33.22   26.38421  -83.60872   -0.00033    0.00066     4.3785     4.3550    28.7677    28.7679    35.8876    35.8883    22.8084    22.8088    1544.34    191.182    190.159         66 0.0000e+00
      19259    802.406     34.769     35.000    28.7842    28.7797   5.836504   5.835875     3.1313     2.6442      32.31   26.38422  -83.60872    0.00004   -0.00025     4.3778     4.3489    28.7758    28.7712    35.8934    35.8914    22.8100    22.8101    1544.34    191.150    189.891         63 0.0000e+00
      19325    805.182     35.762     36.000    28.8402    28.8364   5.847840   5.847022     3.1302     2.6449      31.31   26.38422  -83.60872   -0.00045   -0.00022     4.3706     4.3459    28.8315    28.8277    35.9296    35.9278    22.8186    22.8186    1544.35    190.834    189.759         72 0.0000e+00
      19394    808.045     36.755     37.000    28.8604    28.8610   5.852143   5.852197     3.1324     2.6459      30.37   26.38422  -83.60872    0.00033    0.00010     4.3737     4.3464    28.8515    28.8521    35.9437    35.9438    22.8226    22.8225    1544.36    190.970    189.778         62 0.0000e+00
      19457    810.685     37.748     38.000    28.8722    28.8772   5.855185   5.855980     3.1304     2.6456      29.39   26.38420  -83.60872   -0.00002    0.00049     4.3694     4.3447    28.8630    28.8680    35.9557    35.9574    22.8277    22.8274    1544.38    190.781    189.706         69 0.0000e+00
      19528    813.621     38.742     39.000    28.8836    28.8839   5.858761   5.858593     3.1341     2.6460      28.44   26.38420  -83.60872    0.00056   -0.00023     4.3753     4.3453    28.8742    28.8745    35.9715    35.9701    22.8359    22.8348    1544.39    191.039    189.728         68 0.0000e+00
      19594    816.368     39.735     40.000    28.8919    28.8937   5.863398   5.863808     3.1359     2.6501      27.53   26.38420  -83.60872    0.00124    0.00104     4.3779     4.3527    28.8822    28.8840    35.9971    35.9986    22.8525    22.8529    1544.41    191.147    190.050         61 0.0000e+00
      19658    819.051     40.728     41.000    28.8262    28.7863   5.861933   5.859092     3.1384     2.6553      26.53   26.38420  -83.60872    0.00057    0.00235     4.3845     4.3689    28.8209    28.7764    36.0329    36.0469    22.8998    22.9252    1544.42    191.428    190.745         60 0.0000e+00
      19729    821.992     41.722     42.000    28.1981    28.2299   5.806026   5.809348     3.1579     2.6781      25.60   26.38420  -83.60872    0.00586    0.00657     4.4703     4.4558    28.1880    28.2199    36.1240    36.1229    23.1781    23.1667    1544.42    195.119    194.491         53 0.0000e+00
      19791    824.596     42.715     43.000    27.6072    27.6123   5.748008   5.748940     3.1978     2.7168      24.64   26.38422  -83.60872    0.01265    0.01299     4.5905     4.5805    27.5971    27.6023    36.1684    36.1710    23.4053    23.4056    1544.38    200.323    199.888         46 0.0000e+00
      19861    827.485     43.708     44.000    27.4519    27.4593   5.732817   5.733883     3.2306     2.7451      23.74   26.38424  -83.60872    0.01401    0.01217     4.6643     4.6506    27.4416    27.4490    36.1802    36.1821    23.4646    23.4636    1544.33    203.532    202.934         50 0.0000e+00
      19924    830.124     44.701     45.000    27.1492    27.1644   5.701656   5.703650     3.2356     2.7496      22.69   26.38423  -83.60872    0.00295    0.00190     4.6992     4.6835    27.1388    27.1540    36.1923    36.1948    23.5714    23.5684    1544.27    205.034    204.349         47 0.0000e+00
      19995    833.081     45.694     46.000    26.5691    26.5786   5.640890   5.642319     3.2308     2.7465      21.78   26.38424  -83.60872   -0.00117   -0.00165     4.7394     4.7230    26.5586    26.5681    36.2079    36.2108    23.7688    23.7679    1544.19    206.748    206.031         50 0.0000e+00
      20055    835.589     46.688     47.000    26.3596    26.3656   5.619279   5.620268     3.2239     2.7419      20.78   26.38424  -83.60872   -0.00255   -0.00117     4.7446     4.7308    26.3490    26.3550    36.2154    36.2179    23.8408    23.8408    1544.11    206.959    206.356         69 0.0000e+00
      20127    838.589     47.681     48.000    26.0740    26.0775   5.589835   5.590541     3.2149     2.7343      19.82   26.38424  -83.60872   -0.00308   -0.00265     4.7523     4.7379    26.0632    26.0667    36.2258    36.2282    23.9387    23.9394    1544.01    207.276    206.649         71 0.0000e+00
      20203    841.759     48.674     49.000    25.9083    25.9120   5.573328   5.574020     3.1997     2.7193      18.86   26.38424  -83.60872   -0.00443   -0.00449     4.7377     4.7200    25.8974    25.9011    36.2358    36.2380    23.9982    23.9987    1543.90    206.629    205.854         72 0.0000e+00
      20287    845.256     49.668     50.000    25.3904    25.3988   5.519385   5.520737     3.1644     2.6904      17.82   26.38424  -83.60872   -0.00841   -0.00599     4.7147     4.6997    25.3794    25.3878    36.2502    36.2535    24.1698    24.1698    1543.79    205.588    204.935         35 0.0000e+00
      20398    849.858     50.661     51.000    25.1190    25.1218   5.491790   5.492396     3.1567     2.6867      16.94   26.38424  -83.60872   -0.00212   -0.00123     4.7233     4.7145    25.1079    25.1106    36.2615    36.2635    24.2619    24.2626    1543.65    205.948    205.561         43 0.0000e+00
      20507    854.435     51.654     52.000    24.9082    24.9077   5.469131   5.469438     3.1379     2.6686      15.94   26.38424  -83.60872   -0.00287   -0.00220     4.7055     4.6932    24.8969    24.8964    36.2621    36.2647    24.3268    24.3290    1543.52    205.156    204.620         41 0.0000e+00
      20652    860.440     53.640     54.000    23.8515    23.8434   5.347134   5.346460     2.9494     2.5039      13.74   26.27721  -83.26949   -0.01017   -0.00729     4.4225     4.4172    23.8401    23.8320    36.1358    36.1373    24.5318    24.5353    1536.91    192.761    192.530         41 0.0000e+00
      20819    867.426     54.633     55.000    23.2952    23.2848   5.299808   5.298964     2.9456     2.4992      13.06   26.38426  -83.60872   -0.00547   -0.00502     4.4636     4.4535    23.2837    23.2734    36.2887    36.2908    24.8283    24.8328    1543.03    194.514    194.073         37 0.0000e+00
      20923    871.736     55.627     56.000    22.9002    22.8866   5.258600   5.257416     2.8692     2.4280      12.11   26.38426  -83.60872   -0.01792   -0.01655     4.3426     4.3264    22.8887    22.8752    36.2959    36.2979    24.9490    24.9545    1542.83    189.221    188.513         48 0.0000e+00
