GOMECC/GOMECC-4/1db/rb2103_1391.ros
* Sea-Bird SBE 9 Data File:
* FileName = C:\Users\scs.user.rb\CTD\GOMECC4\data\rb2103_1391.hex
* Software Version Seasave V 7.26.7.107
* Temperature SN = 4799
* Conductivity SN = 3860
* Number of Bytes Per Scan = 41
* Number of Voltage Words = 4
* Number of Scans Averaged by the Deck Unit = 1
* NMEA Latitude = 25 44.68 N
* NMEA Longitude = 084 35.32 W
* NMEA UTC (Time) = Oct 20 2021  10:34:58
* NMEA baud rate = 4800
# nquan = 17
# nvalues = 2128                                  
# units = specified
# name 0 = scan: Scan Count
# name 1 = timeS: Time, Elapsed [seconds]
# name 2 = depSM: Depth [salt water, m]
# name 3 = prDM: Pressure, Digiquartz [db]
# name 4 = t090C: Temperature [ITS-90, deg C]
# name 5 = t190C: Temperature, 2 [ITS-90, deg C]
# name 6 = c0S/m: Conductivity [S/m]
# name 7 = c1S/m: Conductivity, 2 [S/m]
# name 8 = sbeox0V: Oxygen raw, SBE 43 [V]
# name 9 = sbeox1V: Oxygen raw, SBE 43, 2 [V]
# name 10 = altM: Altimeter [m]
# name 11 = latitude: Latitude [deg]
# name 12 = longitude: Longitude [deg]
# name 13 = sbox0dV/dT: Oxygen, SBE 43 [dov/dt]
# name 14 = sbox1dV/dT: Oxygen, SBE 43, 2 [dov/dt]
# name 15 = nbf: Bottles Fired
# name 16 = flag:  0.000e+00
# interval = seconds: 0.0416667
# start_time = Oct 20 2021 10:34:58 [NMEA time, header]
# bad_flag = -9.990e-29
*END*
[from data line 1022]
      44121   1838.333     84.558     85.128    20.6610    20.6604   5.061241   5.061274     2.2601     1.8864     100.00   25.74478  -84.58874    0.00175    0.00018          8  0.000e+00
      44122   1838.375     84.565     85.135    20.6615    20.6601   5.061323   5.061236     2.2589     1.8864     100.00   25.74478  -84.58874    0.00174    0.00017          8  0.000e+00
      44123   1838.417     84.558     85.128    20.6619    20.6599   5.061346   5.061198     2.2589     1.8864     100.00   25.74478  -84.58874    0.00171    0.00017          8  0.000e+00
      44124   1838.458     84.558     85.128    20.6619    20.6597   5.061368   5.061191     2.2589     1.8864     100.00   25.74478  -84.58874    0.00167    0.00016          8  0.000e+00
      44125   1838.500     84.558     85.128    20.6621    20.6594   5.061383   5.061093     2.2601     1.8864     100.00   25.74478  -84.58874    0.00167    0.00016          8  0.000e+00
      44126   1838.542     84.559     85.128    20.6621    20.6590   5.061383   5.061085     2.2589     1.8864     100.00   25.74478  -84.58874    0.00163    0.00015          8  0.000e+00
      44127   1838.583     84.511     85.080    20.6623    20.6590   5.061383   5.061100     2.2589     1.8864     100.00   25.74478  -84.58874    0.00161    0.00016          8  0.000e+00
      44128   1838.625     84.559     85.128    20.6623    20.6590   5.061450   5.061130     2.2589     1.8864     100.00   25.74478  -84.58874    0.00159    0.00016          8  0.000e+00
      44129   1838.667     84.511     85.080    20.6624    20.6589   5.061472   5.061077     2.2589     1.8864     100.00   25.74478  -84.58874    0.00156    0.00016          8  0.000e+00
      44130   1838.708     84.559     85.128    20.6633    20.6587   5.061472   5.061085     2.2589     1.8864     100.00   25.74478  -84.58874    0.00154    0.00015          8  0.000e+00
      44131   1838.750     84.511     85.080    20.6640    20.6581   5.061502   5.061032     2.2589     1.8864     100.00   25.74478  -84.58874    0.00151    0.00016          8  0.000e+00
      44132   1838.792     84.511     85.080    20.6638    20.6574   5.061450   5.060987     2.2589     1.8864     100.00   25.74478  -84.58874    0.00148    0.00016          8  0.000e+00
      44133   1838.833     84.511     85.080    20.6621    20.6567   5.061301   5.060979     2.2589     1.8864     100.00   25.74478  -84.58874    0.00145    0.00016          8  0.000e+00
      44134   1838.875     84.511     85.080    20.6601    20.6569   5.061226   5.061002     2.2589     1.8864     100.00   25.74478  -84.58874    0.00142    0.00015          8  0.000e+00
      44135   1838.917     84.511     85.080    20.6596    20.6574   5.061085   5.060987     2.2589     1.8864     100.00   25.74478  -84.58874    0.00139    0.00015          8  0.000e+00
      44136   1838.958     84.457     85.026    20.6589    20.6573   5.061077   5.060979     2.2589     1.8864     100.00   25.74478  -84.58874    0.00135    0.00014          8  0.000e+00
      44137   1839.000     84.511     85.080    20.6577    20.6576   5.060988   5.060911     2.2589     1.8864     100.00   25.74478  -84.58874    0.00132    0.00014          8  0.000e+00
      44138   1839.042     84.457     85.026    20.6556    20.6589   5.060958   5.060889     2.2589     1.8864     100.00   25.74478  -84.58874    0.00128    0.00013          8  0.000e+00
      44139   1839.083     84.511     85.080    20.6544    20.6583   5.060832   5.060889     2.2589     1.8864     100.00   25.74478  -84.58874    0.00124    0.00013          8  0.000e+00
      44140   1839.125     84.457     85.026    20.6526    20.6564   5.060601   5.060957     2.2589     1.8864     100.00   25.74478  -84.58874    0.00120    0.00013          8  0.000e+00
      44141   1839.167     84.457     85.026    20.6501    20.6552   5.060407   5.061002     2.2589     1.8864     100.00   25.74478  -84.58874    0.00116    0.00012          8  0.000e+00
      44142   1839.208     84.457     85.026    20.6498    20.6541   5.060273   5.061017     2.2589     1.8864     100.00   25.74478  -84.58874    0.00113    0.00012          8  0.000e+00
      44143   1839.250     84.410     84.978    20.6470    20.6552   5.060013   5.061078     2.2589     1.8864     100.00   25.74478  -84.58874    0.00111    0.00011          8  0.000e+00
      44144   1839.292     84.417     84.985    20.6454    20.6564   5.059849   5.061168     2.2589     1.8864     100.00   25.74478  -84.58874    0.00106    0.00011          8  0.000e+00
      44145   1839.333     84.410     84.978    20.6423    20.6557   5.059685   5.061191     2.2589     1.8864     100.00   25.74478  -84.58874    0.00103    0.00010          8  0.000e+00
      44146   1839.375     84.457     85.026    20.6390    20.6543   5.059648   5.061251     2.2589     1.8864     100.00   25.74478  -84.58874    0.00099    0.00008          8  0.000e+00
      44147   1839.417     84.362     84.930    20.6407    20.6539   5.059774   5.061236     2.2589     1.8864     100.00   25.74478  -84.58874    0.00095    0.00008          8  0.000e+00
      44148   1839.458     84.457     85.026    20.6451    20.6567   5.059946   5.061296     2.2589     1.8877     100.00   25.74478  -84.58874    0.00092    0.00007          8  0.000e+00
      44149   1839.500     84.362     84.930    20.6484    20.6599   5.060176   5.061379     2.2589     1.8877     100.00   25.74478  -84.58874    0.00089    0.00009          8  0.000e+00
      44150   1839.542     84.417     84.985    20.6477    20.6617   5.060243   5.061425     2.2589     1.8877     100.00   25.74478  -84.58874    0.00086    0.00010          8  0.000e+00
      44151   1839.583     84.362     84.930    20.6472    20.6617   5.060243   5.061440     2.2589     1.8877     100.00   25.74478  -84.58874    0.00082    0.00011          8  0.000e+00
      44152   1839.625     84.362     84.930    20.6482    20.6620   5.060206   5.061372     2.2589     1.8877     100.00   25.74478  -84.58874    0.00080    0.00012          8  0.000e+00
      44153   1839.667     84.362     84.931    20.6482    20.6599   5.060199   5.061198     2.2589     1.8877     100.00   25.74478  -84.58874    0.00076    0.00013          8  0.000e+00
      44154   1839.708     84.308     84.876    20.6458    20.6567   5.060042   5.061077     2.2589     1.8877     100.00   25.74478  -84.58874    0.00073    0.00014          8  0.000e+00
      44155   1839.750     84.363     84.931    20.6416    20.6555   5.059789   5.060926     2.2589     1.8877     100.00   25.74478  -84.58874    0.00069    0.00013          8  0.000e+00
      44156   1839.792     84.315     84.883    20.6400    20.6567   5.059663   5.060760     2.2589     1.8877     100.00   25.74478  -84.58874    0.00066    0.00014          8  0.000e+00
      44157   1839.833     84.308     84.876    20.6404    20.6567   5.059610   5.060594     2.2589     1.8877     100.00   25.74478  -84.58874    0.00062    0.00015          8  0.000e+00
      44158   1839.875     84.308     84.876    20.6409    20.6562   5.059603   5.060489     2.2589     1.8877     100.00   25.74478  -84.58874    0.00060    0.00016          8  0.000e+00
      44159   1839.917     84.308     84.876    20.6426    20.6564   5.059573   5.060436     2.2589     1.8889     100.00   25.74478  -84.58874    0.00056    0.00019          8  0.000e+00
      44160   1839.958     84.308     84.876    20.6437    20.6557   5.059566   5.060451     2.2589     1.8877     100.00   25.74478  -84.58874    0.00053    0.00019          8  0.000e+00
      44161   1840.000     84.315     84.883    20.6437    20.6528   5.059528   5.060436     2.2589     1.8877     100.00   25.74478  -84.58874    0.00049    0.00020          8  0.000e+00
      44162   1840.042     84.261     84.828    20.6428    20.6513   5.059484   5.060391     2.2589     1.8889     100.00   25.74478  -84.58874    0.00046    0.00022          8  0.000e+00
      46666   1944.375     64.681     65.113    22.3528    22.3612   5.236920   5.237341     2.6117     2.2027     100.00   25.74496  -84.58872   -0.00260   -0.00282          9  0.000e+00
      46667   1944.417     64.545     64.977    22.3533    22.3613   5.236912   5.237364     2.6117     2.2027     100.00   25.74496  -84.58872   -0.00257   -0.00275          9  0.000e+00
      46668   1944.458     64.681     65.113    22.3537    22.3606   5.236927   5.237371     2.6117     2.2027     100.00   25.74496  -84.58872   -0.00254   -0.00267          9  0.000e+00
      46669   1944.500     64.586     65.018    22.3530    22.3603   5.236890   5.237425     2.6117     2.2027     100.00   25.74496  -84.58872   -0.00249   -0.00260          9  0.000e+00
      46670   1944.542     64.593     65.025    22.3528    22.3605   5.236897   5.237410     2.6117     2.2027     100.00   25.74496  -84.58872   -0.00244   -0.00251          9  0.000e+00
      46671   1944.583     64.532     64.963    22.3524    22.3606   5.236905   5.237432     2.6117     2.2039     100.00   25.74496  -84.58872   -0.00240   -0.00239          9  0.000e+00
      46672   1944.625     64.532     64.964    22.3519    22.3607   5.236927   5.237494     2.6129     2.2039     100.00   25.74496  -84.58872   -0.00234   -0.00230          9  0.000e+00
      46673   1944.667     64.593     65.025    22.3517    22.3610   5.236890   5.237524     2.6129     2.2039     100.00   25.74496  -84.58872   -0.00228   -0.00218          9  0.000e+00
      46674   1944.708     64.586     65.018    22.3526    22.3614   5.236897   5.237532     2.6129     2.2039     100.00   25.74496  -84.58872   -0.00220   -0.00208          9  0.000e+00
      46675   1944.750     64.532     64.964    22.3533    22.3614   5.236965   5.237632     2.6129     2.2039     100.00   25.74496  -84.58872   -0.00213   -0.00198          9  0.000e+00
      46676   1944.792     64.593     65.025    22.3533    22.3621   5.236950   5.237647     2.6129     2.2039     100.00   25.74496  -84.58872   -0.00207   -0.00188          9  0.000e+00
      46677   1944.833     64.532     64.964    22.3533    22.3623   5.236943   5.237662     2.6129     2.2039     100.00   25.74496  -84.58872   -0.00200   -0.00177          9  0.000e+00
      46678   1944.875     64.532     64.964    22.3533    22.3625   5.237018   5.237670     2.6129     2.2039     100.00   25.74496  -84.58872   -0.00192   -0.00166          9  0.000e+00
      46679   1944.917     64.593     65.025    22.3535    22.3628   5.237033   5.237532     2.6129     2.2039     100.00   25.74496  -84.58872   -0.00185   -0.00155          9  0.000e+00
      46680   1944.958     64.533     64.964    22.3542    22.3623   5.237063   5.237371     2.6129     2.2051     100.00   25.74496  -84.58872   -0.00178   -0.00142          9  0.000e+00
      46681   1945.000     64.533     64.964    22.3545    22.3621   5.237041   5.237287     2.6129     2.2051     100.00   25.74496  -84.58872   -0.00170   -0.00129          9  0.000e+00
      46682   1945.042     64.594     65.025    22.3547    22.3619   5.237079   5.237364     2.6129     2.2051     100.00   25.74496  -84.58872   -0.00162   -0.00115          9  0.000e+00
      46683   1945.083     64.533     64.964    22.3549    22.3609   5.237109   5.237302     2.6129     2.2051     100.00   25.74496  -84.58872   -0.00154   -0.00104          9  0.000e+00
      46684   1945.125     64.533     64.964    22.3558    22.3603   5.237116   5.237249     2.6129     2.2051     100.00   25.74496  -84.58872   -0.00147   -0.00092          9  0.000e+00
      46685   1945.167     64.546     64.978    22.3561    22.3605   5.237184   5.237164     2.6129     2.2063     100.00   25.74496  -84.58872   -0.00138   -0.00078          9  0.000e+00
      46686   1945.208     64.587     65.019    22.3558    22.3603   5.237184   5.237042     2.6129     2.2063     100.00   25.74496  -84.58872   -0.00131   -0.00064          9  0.000e+00
      46687   1945.250     64.533     64.964    22.3558    22.3592   5.237199   5.237042     2.6129     2.2063     100.00   25.74496  -84.58872   -0.00124   -0.00052          9  0.000e+00
      46688   1945.292     64.594     65.026    22.3552    22.3587   5.237139   5.237034     2.6129     2.2063     100.00   25.74496  -84.58872   -0.00117   -0.00039          9  0.000e+00
      46689   1945.333     64.533     64.964    22.3554    22.3583   5.237146   5.236950     2.6129     2.2076     100.00   25.74496  -84.58872   -0.00109   -0.00025          9  0.000e+00
      46690   1945.375     64.438     64.869    22.3556    22.3587   5.237139   5.236827     2.6129     2.2076     100.00   25.74496  -84.58872   -0.00103   -0.00011          9  0.000e+00
      46691   1945.417     64.696     65.128    22.3558    22.3589   5.237116   5.236889     2.6142     2.2076     100.00   25.74496  -84.58872   -0.00096    0.00003          9  0.000e+00
      46692   1945.458     64.533     64.964    22.3563    22.3597   5.237146   5.237065     2.6142     2.2076     100.00   25.74496  -84.58872   -0.00088    0.00016          9  0.000e+00
      46693   1945.500     64.547     64.978    22.3565    22.3600   5.237124   5.237264     2.6142     2.2076     100.00   25.74496  -84.58872   -0.00080    0.00028          9  0.000e+00
      46694   1945.542     64.587     65.019    22.3554    22.3594   5.237116   5.237279     2.6142     2.2063     100.00   25.74496  -84.58872   -0.00071    0.00039          9  0.000e+00
      46695   1945.583     64.533     64.965    22.3547    22.3585   5.237124   5.237279     2.6142     2.2076     100.00   25.74496  -84.58872   -0.00063    0.00051          9  0.000e+00
      46696   1945.625     64.594     65.026    22.3544    22.3576   5.237116   5.237241     2.6142     2.2076     100.00   25.74496  -84.58872   -0.00057    0.00064          9  0.000e+00
      46697   1945.667     64.587     65.019    22.3547    22.3575   5.237147   5.237233     2.6154     2.2063     100.00   25.74496  -84.58872   -0.00048    0.00073          9  0.000e+00
      46698   1945.708     64.588     65.019    22.3549    22.3571   5.237124   5.237256     2.6142     2.2076     100.00   25.74496  -84.58872   -0.00042    0.00083          9  0.000e+00
      46699   1945.750     64.547     64.978    22.3547    22.3567   5.237124   5.237249     2.6142     2.2063     100.00   25.74496  -84.58872   -0.00035    0.00092          9  0.000e+00
      46700   1945.792     64.588     65.019    22.3549    22.3566   5.237086   5.237295     2.6142     2.2076     100.00   25.74496  -84.58872   -0.00028    0.00103          9  0.000e+00
      46701   1945.833     64.588     65.019    22.3544    22.3555   5.237101   5.237218     2.6154     2.2076     100.00   25.74496  -84.58872   -0.00021    0.00112          9  0.000e+00
      46702   1945.875     64.594     65.026    22.3537    22.3555   5.237086   5.237249     2.6154     2.2076     100.00   25.74496  -84.58872   -0.00014    0.00121          9  0.000e+00
      46703   1945.917     64.588     65.020    22.3533    22.3548   5.237056   5.237318     2.6142     2.2076     100.00   25.74496  -84.58872   -0.00007    0.00129          9  0.000e+00
      46704   1945.958     64.588     65.020    22.3531    22.3550   5.237003   5.237287     2.6142     2.2076     100.00   25.74496  -84.58872   -0.00002    0.00136          9  0.000e+00
      46705   1946.000     64.595     65.026    22.3529    22.3555   5.236988   5.237272     2.6154     2.2076     100.00   25.74496  -84.58872    0.00005    0.00143          9  0.000e+00
      46706   1946.042     64.635     65.067    22.3528    22.3535   5.237018   5.237172     2.6154     2.2076     100.00   25.74496  -84.58872    0.00012    0.00150          9  0.000e+00
      46707   1946.083     64.635     65.067    22.3528    22.3518   5.236973   5.237050     2.6154     2.2076     100.00   25.74496  -84.58872    0.00017    0.00156          9  0.000e+00
