GOMECC/GOMECC-4/1db/rb2103_0181.ros
* Sea-Bird SBE 9 Data File:
* FileName = C:\Users\scs.user.rb\CTD\GOMECC4\data\rb2103_0181.hex
* Software Version Seasave V 7.26.7.107
* Temperature SN = 4799
* Conductivity SN = 3860
* Number of Bytes Per Scan = 41
* Number of Voltage Words = 4
* Number of Scans Averaged by the Deck Unit = 1
* NMEA Latitude = 28 00.84 N
* NMEA Longitude = 083 00.93 W
* NMEA UTC (Time) = Sep 19 2021  18:30:14
* NMEA baud rate = 4800
# nquan = 17
# nvalues = 1064                                  
# units = specified
# name 0 = scan: Scan Count
# name 1 = timeS: Time, Elapsed [seconds]
# name 2 = depSM: Depth [salt water, m]
# name 3 = prDM: Pressure, Digiquartz [db]
# name 4 = t090C: Temperature [ITS-90, deg C]
# name 5 = t190C: Temperature, 2 [ITS-90, deg C]
# name 6 = c0S/m: Conductivity [S/m]
# name 7 = c1S/m: Conductivity, 2 [S/m]
# name 8 = sbeox0V: Oxygen raw, SBE 43 [V]
# name 9 = sbeox1V: Oxygen raw, SBE 43, 2 [V]
# name 10 = altM: Altimeter [m]
# name 11 = latitude: Latitude [deg]
# name 12 = longitude: Longitude [deg]
# name 13 = sbox0dV/dT: Oxygen, SBE 43 [dov/dt]
# name 14 = sbox1dV/dT: Oxygen, SBE 43, 2 [dov/dt]
# name 15 = nbf: Bottles Fired
# name 16 = flag:  0.000e+00
# interval = seconds: 0.0416667
# start_time = Sep 19 2021 18:30:14 [NMEA time, header]
# bad_flag = -9.990e-29
*END*
[from data line 937]
      30822   1284.208      3.587      3.611    29.6380    29.6893   5.709220   5.705598     3.4396     2.9341      12.53   28.01782  -83.01652   -0.00130    0.00043          8  0.000e+00
      30823   1284.250      3.768      3.793    29.6378    29.6894   5.709126   5.705574     3.4396     2.9341      12.55   28.01782  -83.01652   -0.00128    0.00050          8  0.000e+00
      30824   1284.292      3.768      3.793    29.6411    29.6893   5.708953   5.705622     3.4408     2.9353      12.55   28.01782  -83.01652   -0.00124    0.00060          8  0.000e+00
      30825   1284.333      3.753      3.778    29.6438    29.6880   5.708836   5.705725     3.4408     2.9353      12.55   28.01782  -83.01652   -0.00122    0.00070          8  0.000e+00
      30826   1284.375      3.602      3.626    29.6429    29.6850   5.708812   5.705972     3.4396     2.9353      12.50   28.01782  -83.01652   -0.00121    0.00079          8  0.000e+00
      30827   1284.417      3.806      3.831    29.6420    29.6835   5.708742   5.706059     3.4408     2.9365      12.50   28.01782  -83.01652   -0.00117    0.00089          8  0.000e+00
      30828   1284.458      3.655      3.679    29.6435    29.6828   5.708749   5.706115     3.4408     2.9365      12.50   28.01782  -83.01652   -0.00114    0.00097          8  0.000e+00
      30829   1284.500      3.821      3.846    29.6451    29.6828   5.708694   5.706083     3.4408     2.9365      12.50   28.01782  -83.01652   -0.00111    0.00106          8  0.000e+00
      30830   1284.542      3.526      3.550    29.6442    29.6828   5.708702   5.706146     3.4396     2.9365      12.50   28.01782  -83.01652   -0.00110    0.00114          8  0.000e+00
      30831   1284.583      3.768      3.793    29.6446    29.6821   5.708749   5.706234     3.4396     2.9377      12.50   28.01782  -83.01652   -0.00109    0.00123          8  0.000e+00
      30832   1284.625      3.692      3.717    29.6447    29.6803   5.708624   5.706377     3.4408     2.9377      12.50   28.01782  -83.01652   -0.00105    0.00130          8  0.000e+00
      30833   1284.667      3.768      3.793    29.6444    29.6789   5.708585   5.706575     3.4396     2.9377      12.50   28.01782  -83.01652   -0.00104    0.00135          8  0.000e+00
      30834   1284.708      3.821      3.846    29.6446    29.6763   5.708585   5.706893     3.4408     2.9389      12.50   28.01782  -83.01652   -0.00100    0.00139          8  0.000e+00
      30835   1284.750      3.753      3.778    29.6450    29.6740   5.708647   5.707068     3.4408     2.9377      12.50   28.01782  -83.01652   -0.00097    0.00140          8  0.000e+00
      30836   1284.792      3.707      3.732    29.6440    29.6724   5.708812   5.707219     3.4408     2.9377      12.50   28.01782  -83.01652   -0.00093    0.00141          8  0.000e+00
      30837   1284.833      3.753      3.778    29.6420    29.6709   5.708898   5.707346     3.4408     2.9377      12.50   28.01782  -83.01652   -0.00089    0.00140          8  0.000e+00
      30838   1284.875      3.602      3.626    29.6404    29.6690   5.709008   5.707497     3.4408     2.9377      12.50   28.01782  -83.01652   -0.00087    0.00139          8  0.000e+00
      30839   1284.917      3.707      3.732    29.6396    29.6660   5.709047   5.707640     3.4420     2.9365      12.50   28.01782  -83.01652   -0.00083    0.00136          8  0.000e+00
      30840   1284.958      3.753      3.778    29.6392    29.6580   5.708977   5.707982     3.4420     2.9365      12.50   28.01782  -83.01652   -0.00079    0.00131          8  0.000e+00
      30841   1285.000      3.821      3.846    29.6389    29.6515   5.708922   5.708371     3.4420     2.9377      12.50   28.01782  -83.01652   -0.00075    0.00125          8  0.000e+00
      30842   1285.042      3.639      3.664    29.6409    29.6475   5.708867   5.708641     3.4420     2.9377      12.50   28.01782  -83.01652   -0.00071    0.00120          8  0.000e+00
      30843   1285.083      3.655      3.679    29.6435    29.6480   5.708788   5.708768     3.4420     2.9377      12.50   28.01782  -83.01652   -0.00067    0.00114          8  0.000e+00
      30844   1285.125      3.768      3.793    29.6440    29.6488   5.708765   5.708832     3.4408     2.9377      12.50   28.01782  -83.01652   -0.00064    0.00107          8  0.000e+00
      30845   1285.167      3.753      3.778    29.6429    29.6465   5.708765   5.708943     3.4408     2.9377      12.50   28.01782  -83.01652   -0.00062    0.00101          8  0.000e+00
      30846   1285.208      3.707      3.732    29.6415    29.6461   5.708906   5.708951     3.4408     2.9377      12.50   28.01782  -83.01652   -0.00059    0.00094          8  0.000e+00
      30847   1285.250      3.753      3.778    29.6395    29.6460   5.709024   5.708935     3.4396     2.9389      12.50   28.01782  -83.01652   -0.00059    0.00089          8  0.000e+00
      30848   1285.292      3.655      3.679    29.6374    29.6456   5.709157   5.708904     3.4408     2.9389      12.50   28.01782  -83.01652   -0.00056    0.00085          8  0.000e+00
      30849   1285.333      3.881      3.907    29.6359    29.6456   5.709188   5.708920     3.4396     2.9389      12.50   28.01782  -83.01652   -0.00055    0.00080          8  0.000e+00
      30850   1285.375      3.692      3.717    29.6348    29.6453   5.709290   5.708935     3.4396     2.9389      12.50   28.01782  -83.01652   -0.00054    0.00078          8  0.000e+00
      30851   1285.417      3.707      3.732    29.6347    29.6443   5.709361   5.708904     3.4396     2.9402      12.50   28.01782  -83.01652   -0.00052    0.00077          8  0.000e+00
      30852   1285.458      3.639      3.664    29.6346    29.6426   5.709416   5.708888     3.4396     2.9402      12.50   28.01782  -83.01652   -0.00051    0.00075          8  0.000e+00
      30853   1285.500      3.707      3.732    29.6350    29.6436   5.709494   5.708959     3.4396     2.9402      12.50   28.01782  -83.01652   -0.00050    0.00075          8  0.000e+00
      30854   1285.542      3.881      3.907    29.6348    29.6462   5.709549   5.708975     3.4396     2.9402      12.50   28.01782  -83.01652   -0.00050    0.00075          8  0.000e+00
      30855   1285.583      3.587      3.611    29.6337    29.6435   5.709525   5.709054     3.4383     2.9402      12.50   28.01782  -83.01652   -0.00052    0.00074          8  0.000e+00
      30856   1285.625      3.881      3.907    29.6326    29.6428   5.709518   5.709047     3.4383     2.9402      12.50   28.01782  -83.01652   -0.00054    0.00074          8  0.000e+00
      30857   1285.667      3.692      3.717    29.6328    29.6424   5.709486   5.709062     3.4396     2.9402      12.50   28.01782  -83.01652   -0.00052    0.00073          8  0.000e+00
      30858   1285.708      3.654      3.679    29.6343    29.6424   5.709502   5.709182     3.4383     2.9402      12.50   28.01782  -83.01652   -0.00053    0.00072          8  0.000e+00
      30859   1285.750      3.707      3.732    29.6347    29.6422   5.709549   5.709285     3.4383     2.9402      12.50   28.01782  -83.01652   -0.00053    0.00070          8  0.000e+00
      30860   1285.792      3.753      3.778    29.6331    29.6426   5.709596   5.709206     3.4371     2.9402      12.50   28.01782  -83.01652   -0.00056    0.00068          8  0.000e+00
      30861   1285.833      3.821      3.846    29.6317    29.6436   5.709651   5.709102     3.4371     2.9402      12.50   28.01782  -83.01652   -0.00059    0.00068          8  0.000e+00
      30862   1285.875      3.639      3.664    29.6298    29.6443   5.709659   5.709070     3.4371     2.9402      12.50   28.01782  -83.01652   -0.00062    0.00070          8  0.000e+00
      30863   1285.917      3.768      3.793    29.6276    29.6453   5.709659   5.708975     3.4371     2.9402      12.50   28.01782  -83.01652   -0.00064    0.00071          8  0.000e+00
      30864   1285.958      3.881      3.907    29.6274    29.6475   5.709690   5.708721     3.4371     2.9402      12.50   28.01782  -83.01652   -0.00067    0.00072          8  0.000e+00
      30865   1286.000      3.586      3.611    29.6274    29.6502   5.709706   5.708554     3.4383     2.9402      12.50   28.01782  -83.01652   -0.00067    0.00074          8  0.000e+00
      30866   1286.042      3.881      3.907    29.6263    29.6515   5.709706   5.708435     3.4371     2.9402      12.50   28.01782  -83.01652   -0.00070    0.00077          8  0.000e+00
      30867   1286.083      3.586      3.611    29.6252    29.6528   5.709667   5.708315     3.4383     2.9402      12.50   28.01782  -83.01652   -0.00070    0.00081          8  0.000e+00
      30868   1286.125      3.881      3.907    29.6245    29.6552   5.709659   5.708181     3.4383     2.9402      12.50   28.01782  -83.01652   -0.00070    0.00085          8  0.000e+00
      30869   1286.167      3.707      3.732    29.6234    29.6566   5.709698   5.708029     3.4383     2.9402      12.50   28.01782  -83.01652   -0.00072    0.00091          8  0.000e+00
      30870   1286.208      3.692      3.717    29.6241    29.6595   5.709737   5.707823     3.4383     2.9389      12.50   28.01782  -83.01652   -0.00074    0.00095          8  0.000e+00
      30871   1286.250      3.768      3.793    29.6258    29.6612   5.709753   5.707616     3.4383     2.9389      12.50   28.01782  -83.01652   -0.00076    0.00099          8  0.000e+00
      30872   1286.292      3.692      3.717    29.6254    29.6623   5.709714   5.707577     3.4383     2.9377      12.50   28.01782  -83.01652   -0.00078    0.00101          8  0.000e+00
      30873   1286.333      3.768      3.793    29.6259    29.6618   5.709675   5.707640     3.4383     2.9377      12.50   28.01782  -83.01652   -0.00079    0.00103          8  0.000e+00
      30874   1286.375      3.654      3.679    29.6252    29.6632   5.709729   5.707600     3.4383     2.9377      12.50   28.01782  -83.01652   -0.00079    0.00105          8  0.000e+00
      30875   1286.417      3.805      3.831    29.6258    29.6636   5.709612   5.707513     3.4383     2.9365      12.48   28.01782  -83.01652   -0.00079    0.00105          8  0.000e+00
      30876   1286.458      3.602      3.626    29.6258    29.6636   5.709526   5.707370     3.4383     2.9365      12.45   28.01782  -83.01652   -0.00078    0.00105          8  0.000e+00
      30877   1286.500      3.753      3.778    29.6269    29.6638   5.709518   5.707306     3.4383     2.9353      12.45   28.01782  -83.01652   -0.00078    0.00104          8  0.000e+00
      30878   1286.542      3.707      3.732    29.6276    29.6647   5.709479   5.707322     3.4383     2.9353      12.45   28.01782  -83.01652   -0.00077    0.00103          8  0.000e+00
      30879   1286.583      3.654      3.679    29.6295    29.6653   5.709400   5.707346     3.4383     2.9353      12.45   28.01782  -83.01652   -0.00077    0.00102          8  0.000e+00
      30880   1286.625      3.692      3.717    29.6322    29.6662   5.709267   5.707330     3.4383     2.9341      12.45   28.01782  -83.01652   -0.00076    0.00101          8  0.000e+00
      30881   1286.667      3.654      3.679    29.6347    29.6671   5.709133   5.707346     3.4383     2.9341      12.45   28.01782  -83.01652   -0.00075    0.00100          8  0.000e+00
      30882   1286.708      3.692      3.717    29.6376    29.6670   5.709094   5.707441     3.4383     2.9341      12.45   28.01782  -83.01652   -0.00074    0.00099          8  0.000e+00
      30883   1286.750      3.768      3.793    29.6396    29.6648   5.709126   5.707553     3.4383     2.9328      12.45   28.01782  -83.01652   -0.00073    0.00095          8  0.000e+00
      30884   1286.792      3.654      3.679    29.6398    29.6619   5.709141   5.707688     3.4383     2.9316      12.45   28.01782  -83.01652   -0.00073    0.00089          8  0.000e+00
      30885   1286.833      3.692      3.717    29.6393    29.6593   5.709071   5.707823     3.4383     2.9328      12.45   28.01782  -83.01652   -0.00074    0.00085          8  0.000e+00
      30886   1286.875      3.541      3.565    29.6385    29.6592   5.709118   5.707791     3.4371     2.9316      12.45   28.01782  -83.01652   -0.00074    0.00080          8  0.000e+00
      30887   1286.917      3.692      3.717    29.6380    29.6623   5.709173   5.707616     3.4383     2.9316      12.45   28.01782  -83.01652   -0.00072    0.00074          8  0.000e+00
      30888   1286.958      3.654      3.679    29.6383    29.6645   5.709188   5.707441     3.4383     2.9316      12.45   28.01782  -83.01652   -0.00073    0.00069          8  0.000e+00
      30889   1287.000      3.601      3.626    29.6380    29.6673   5.709188   5.707378     3.4383     2.9316      12.45   28.01782  -83.01652   -0.00071    0.00062          8  0.000e+00
      30890   1287.042      3.692      3.717    29.6370    29.6687   5.709149   5.707283     3.4383     2.9316      12.45   28.01782  -83.01652   -0.00069    0.00056          8  0.000e+00
      30891   1287.083      3.654      3.679    29.6356    29.6688   5.709141   5.707187     3.4383     2.9304      12.45   28.01782  -83.01652   -0.00069    0.00048          8  0.000e+00
      30892   1287.125      3.526      3.550    29.6347    29.6701   5.709141   5.707147     3.4371     2.9304      12.45   28.01782  -83.01652   -0.00070    0.00038          8  0.000e+00
      30893   1287.167      3.654      3.679    29.6343    29.6709   5.709282   5.707084     3.4371     2.9304      12.45   28.01782  -83.01652   -0.00070    0.00028          8  0.000e+00
      30894   1287.208      3.601      3.626    29.6357    29.6712   5.709290   5.707092     3.4383     2.9304      12.45   28.01782  -83.01652   -0.00068    0.00017          8  0.000e+00
      30895   1287.250      3.639      3.664    29.6347    29.6707   5.709353   5.707147     3.4383     2.9304      12.45   28.01782  -83.01652   -0.00067    0.00006          8  0.000e+00
      30896   1287.292      3.654      3.679    29.6324    29.6711   5.709408   5.707259     3.4383     2.9292      12.45   28.01782  -83.01652   -0.00067   -0.00007          8  0.000e+00
      30897   1287.333      3.586      3.610    29.6313    29.6707   5.709455   5.707338     3.4383     2.9292      12.45   28.01782  -83.01652   -0.00066   -0.00020          8  0.000e+00
      30898   1287.375      3.541      3.565    29.6297    29.6701   5.709510   5.707370     3.4396     2.9292      12.45   28.01782  -83.01652   -0.00063   -0.00032          8  0.000e+00
      30899   1287.417      3.601      3.626    29.6298    29.6688   5.709549   5.707425     3.4396     2.9292      12.45   28.01782  -83.01652   -0.00063   -0.00045          8  0.000e+00
      30900   1287.458      3.692      3.717    29.6298    29.6679   5.709565   5.707370     3.4396     2.9292      12.48   28.01782  -83.01652   -0.00062   -0.00057          8  0.000e+00
      30901   1287.500      3.601      3.626    29.6308    29.6662   5.709494   5.707370     3.4396     2.9292      12.48   28.01782  -83.01652   -0.00061   -0.00069          8  0.000e+00
      30902   1287.542      3.473      3.496    29.6306    29.6662   5.709541   5.707322     3.4396     2.9304      12.48   28.01782  -83.01652   -0.00060   -0.00079          8  0.000e+00
      30903   1287.583      3.707      3.732    29.6304    29.6685   5.709565   5.707322     3.4408     2.9304      12.45   28.01782  -83.01652   -0.00058   -0.00087          8  0.000e+00
      30904   1287.625      3.488      3.512    29.6313    29.6686   5.709494   5.707274     3.4408     2.9304      12.48   28.01782  -83.01652   -0.00055   -0.00096          8  0.000e+00
      30905   1287.667      3.586      3.610    29.6313    29.6690   5.709431   5.707243     3.4408     2.9304      12.45   28.01782  -83.01652   -0.00053   -0.00104          8  0.000e+00
