GOMECC/GOMECC-4/1db/rb2103_0251.ros
* Sea-Bird SBE 9 Data File:
* FileName = C:\Users\scs.user.rb\CTD\GOMECC4\data\rb2103_0251.hex
* Software Version Seasave V 7.26.7.107
* Temperature SN = 4799
* Conductivity SN = 3860
* Number of Bytes Per Scan = 41
* Number of Voltage Words = 4
* Number of Scans Averaged by the Deck Unit = 1
* NMEA Latitude = 28 30.98 N
* NMEA Longitude = 086 12.21 W
* NMEA UTC (Time) = Sep 21 2021  08:11:51
* NMEA baud rate = 4800
# nquan = 17
# nvalues = 2128                                  
# units = specified
# name 0 = scan: Scan Count
# name 1 = timeS: Time, Elapsed [seconds]
# name 2 = depSM: Depth [salt water, m]
# name 3 = prDM: Pressure, Digiquartz [db]
# name 4 = t090C: Temperature [ITS-90, deg C]
# name 5 = t190C: Temperature, 2 [ITS-90, deg C]
# name 6 = c0S/m: Conductivity [S/m]
# name 7 = c1S/m: Conductivity, 2 [S/m]
# name 8 = sbeox0V: Oxygen raw, SBE 43 [V]
# name 9 = sbeox1V: Oxygen raw, SBE 43, 2 [V]
# name 10 = altM: Altimeter [m]
# name 11 = latitude: Latitude [deg]
# name 12 = longitude: Longitude [deg]
# name 13 = sbox0dV/dT: Oxygen, SBE 43 [dov/dt]
# name 14 = sbox1dV/dT: Oxygen, SBE 43, 2 [dov/dt]
# name 15 = nbf: Bottles Fired
# name 16 = flag:  0.000e+00
# interval = seconds: 0.0416667
# start_time = Sep 21 2021 08:11:51 [NMEA time, header]
# bad_flag = -9.990e-29
*END*
[from data line 256]
      28024   1167.625    357.353    360.073    10.8204    10.8201   3.934625   3.934600     1.6728     1.3748      48.57   28.51670  -86.20286   -0.00003    0.00035          2  0.000e+00
      28025   1167.667    357.406    360.127    10.8204    10.8201   3.934625   3.934600     1.6728     1.3748      48.57   28.51670  -86.20286   -0.00003    0.00034          2  0.000e+00
      28026   1167.708    357.338    360.058    10.8202    10.8200   3.934625   3.934572     1.6728     1.3748      48.57   28.51670  -86.20286   -0.00003    0.00035          2  0.000e+00
      28027   1167.750    357.467    360.188    10.8202    10.8203   3.934592   3.934511     1.6728     1.3748      48.57   28.51670  -86.20286   -0.00003    0.00036          2  0.000e+00
      28028   1167.792    357.406    360.127    10.8203    10.8197   3.934612   3.934572     1.6728     1.3748      48.57   28.51670  -86.20286   -0.00003    0.00036          2  0.000e+00
      28029   1167.833    357.406    360.127    10.8202    10.8201   3.934625   3.934572     1.6728     1.3748      48.57   28.51670  -86.20286   -0.00003    0.00035          2  0.000e+00
      28030   1167.875    357.406    360.127    10.8204    10.8204   3.934592   3.934613     1.6728     1.3748      48.57   28.51670  -86.20286   -0.00003    0.00034          2  0.000e+00
      28031   1167.917    357.406    360.127    10.8202    10.8206   3.934612   3.934606     1.6728     1.3748      48.57   28.51670  -86.20286   -0.00003    0.00034          2  0.000e+00
      28032   1167.958    357.406    360.127    10.8202    10.8206   3.934625   3.934572     1.6728     1.3748      48.57   28.51670  -86.20286   -0.00003    0.00033          2  0.000e+00
      28033   1168.000    357.406    360.127    10.8204    10.8206   3.934625   3.934613     1.6728     1.3748      48.57   28.51670  -86.20286   -0.00004    0.00034          2  0.000e+00
      30408   1266.958    327.468    329.937    11.4979    11.5074   4.008390   4.009563     1.7167     1.4127      78.61   28.51670  -86.20276    0.00021   -0.00010          3  0.000e+00
      30409   1267.000    327.522    329.991    11.4976    11.5073   4.008356   4.009535     1.7155     1.4127      78.61   28.51670  -86.20276    0.00021   -0.00010          3  0.000e+00
      30410   1267.042    327.332    329.800    11.4979    11.5076   4.008430   4.009528     1.7155     1.4127      78.61   28.51670  -86.20276    0.00022   -0.00009          3  0.000e+00
      30411   1267.083    327.408    329.876    11.4985    11.5074   4.008424   4.009528     1.7155     1.4127      78.61   28.51670  -86.20276    0.00022   -0.00007          3  0.000e+00
      30412   1267.125    327.408    329.876    11.4998    11.5073   4.008545   4.009528     1.7167     1.4127      78.63   28.51670  -86.20276    0.00022   -0.00006          3  0.000e+00
      30413   1267.167    327.385    329.853    11.5009    11.5074   4.008674   4.009549     1.7167     1.4127      78.63   28.51670  -86.20276    0.00024   -0.00006          3  0.000e+00
      30414   1267.208    327.408    329.876    11.5013    11.5073   4.008749   4.009508     1.7155     1.4127      78.61   28.51670  -86.20276    0.00024   -0.00006          3  0.000e+00
      30415   1267.250    327.408    329.876    11.5012    11.5073   4.008769   4.009515     1.7155     1.4127      78.63   28.51670  -86.20276    0.00024   -0.00006          3  0.000e+00
      30416   1267.292    327.332    329.800    11.5013    11.5071   4.008823   4.009501     1.7167     1.4127      78.63   28.51670  -86.20276    0.00024   -0.00006          3  0.000e+00
      30417   1267.333    327.469    329.937    11.5011    11.5069   4.008809   4.009494     1.7167     1.4127      78.63   28.51670  -86.20276    0.00024   -0.00007          3  0.000e+00
      30418   1267.375    327.355    329.823    11.5012    11.5069   4.008823   4.009467     1.7167     1.4127      78.66   28.51670  -86.20276    0.00023   -0.00007          3  0.000e+00
      30419   1267.417    327.385    329.853    11.5013    11.5064   4.008809   4.009377     1.7167     1.4127      78.75   28.51670  -86.20276    0.00025   -0.00005          3  0.000e+00
      30420   1267.458    327.408    329.876    11.5016    11.5066   4.008823   4.009405     1.7155     1.4127      78.78   28.51670  -86.20276    0.00025   -0.00006          3  0.000e+00
      30421   1267.500    327.355    329.823    11.5016    11.5063   4.008864   4.009425     1.7167     1.4127      78.78   28.51670  -86.20276    0.00026   -0.00004          3  0.000e+00
      30422   1267.542    327.446    329.914    11.5016    11.5063   4.008877   4.009425     1.7167     1.4127      78.78   28.51670  -86.20276    0.00026   -0.00002          3  0.000e+00
      30423   1267.583    327.355    329.823    11.5017    11.5059   4.008897   4.009391     1.7167     1.4127      78.78   28.51670  -86.20276    0.00026   -0.00001          3  0.000e+00
      30424   1267.625    327.355    329.823    11.5021    11.5061   4.008911   4.009384     1.7167     1.4127      78.78   28.51670  -86.20276    0.00027   -0.00001          3  0.000e+00
      30425   1267.667    327.446    329.914    11.5020    11.5059   4.008884   4.009357     1.7155     1.4127      78.78   28.51670  -86.20276    0.00027   -0.00001          3  0.000e+00
      30426   1267.708    327.355    329.823    11.5018    11.5054   4.008897   4.009295     1.7155     1.4127      78.78   28.51670  -86.20276    0.00026   -0.00001          3  0.000e+00
      30427   1267.750    327.385    329.853    11.5019    11.5052   4.008850   4.009254     1.7155     1.4127      78.78   28.51670  -86.20276    0.00024   -0.00001          3  0.000e+00
      30428   1267.792    327.408    329.876    11.5017    11.5056   4.008891   4.009268     1.7155     1.4127      78.78   28.51670  -86.20276    0.00022   -0.00001          3  0.000e+00
      30429   1267.833    327.294    329.761    11.5018    11.5058   4.008884   4.009281     1.7167     1.4127      78.78   28.51670  -86.20276    0.00021   -0.00001          3  0.000e+00
      30430   1267.875    327.385    329.853    11.5022    11.5058   4.008850   4.009364     1.7167     1.4127      78.78   28.51670  -86.20276    0.00022   -0.00001          3  0.000e+00
      30431   1267.917    327.408    329.876    11.5023    11.5060   4.008864   4.009357     1.7167     1.4127      78.78   28.51670  -86.20276    0.00024   -0.00001          3  0.000e+00
      30432   1267.958    327.355    329.823    11.5021    11.5061   4.008877   4.009377     1.7167     1.4127      78.78   28.51670  -86.20276    0.00025   -0.00001          3  0.000e+00
      30433   1268.000    327.385    329.853    11.5022    11.5061   4.008843   4.009384     1.7167     1.4127      78.78   28.51670  -86.20276    0.00026   -0.00001          3  0.000e+00
      30434   1268.042    327.408    329.876    11.5021    11.5059   4.008837   4.009329     1.7167     1.4127      78.78   28.51670  -86.20276    0.00027   -0.00001          3  0.000e+00
      30435   1268.083    327.355    329.823    11.5020    11.5056   4.008836   4.009316     1.7167     1.4127      78.78   28.51670  -86.20276    0.00028   -0.00001          3  0.000e+00
      30436   1268.125    327.385    329.853    11.5018    11.5056   4.008837   4.009288     1.7155     1.4127      78.78   28.51670  -86.20276    0.00027   -0.00002          3  0.000e+00
      30437   1268.167    327.355    329.823    11.5014    11.5052   4.008809   4.009329     1.7155     1.4127      78.78   28.51670  -86.20276    0.00026   -0.00002          3  0.000e+00
      30438   1268.208    327.355    329.823    11.5010    11.5056   4.008748   4.009350     1.7155     1.4127      78.78   28.51670  -86.20276    0.00025   -0.00002          3  0.000e+00
      30439   1268.250    327.385    329.853    11.5008    11.5051   4.008735   4.009295     1.7167     1.4127      78.78   28.51670  -86.20276    0.00026   -0.00002          3  0.000e+00
      30440   1268.292    327.355    329.823    11.4997    11.5056   4.008708   4.009364     1.7155     1.4127      78.75   28.51670  -86.20276    0.00026   -0.00002          3  0.000e+00
      30441   1268.333    327.355    329.823    11.4986    11.5058   4.008701   4.009357     1.7167     1.4139      78.75   28.51670  -86.20276    0.00027   -0.00000          3  0.000e+00
      30442   1268.375    327.385    329.853    11.4983    11.5059   4.008721   4.009405     1.7155     1.4127      78.68   28.51670  -86.20276    0.00026   -0.00000          3  0.000e+00
      30443   1268.417    327.355    329.823    11.4985    11.5060   4.008681   4.009391     1.7167     1.4127      78.66   28.51670  -86.20276    0.00025   -0.00000          3  0.000e+00
      30444   1268.458    327.408    329.876    11.4996    11.5063   4.008661   4.009412     1.7155     1.4139      78.66   28.51670  -86.20276    0.00024    0.00001          3  0.000e+00
      30445   1268.500    327.332    329.800    11.4996    11.5064   4.008688   4.009425     1.7167     1.4139      78.66   28.51670  -86.20276    0.00025    0.00005          3  0.000e+00
      30446   1268.542    327.355    329.823    11.4996    11.5063   4.008667   4.009398     1.7167     1.4127      78.66   28.51670  -86.20276    0.00026    0.00005          3  0.000e+00
      30447   1268.583    327.408    329.876    11.4990    11.5063   4.008579   4.009412     1.7155     1.4127      78.66   28.51670  -86.20276    0.00025    0.00004          3  0.000e+00
      30448   1268.625    327.332    329.800    11.4982    11.5059   4.008579   4.009364     1.7167     1.4127      78.66   28.51670  -86.20276    0.00025    0.00004          3  0.000e+00
      30449   1268.667    327.408    329.876    11.4986    11.5054   4.008593   4.009350     1.7167     1.4127      78.66   28.51670  -86.20276    0.00026    0.00004          3  0.000e+00
      30450   1268.708    327.332    329.800    11.4991    11.5053   4.008566   4.009295     1.7155     1.4139      78.66   28.51670  -86.20276    0.00025    0.00006          3  0.000e+00
      30451   1268.750    327.408    329.876    11.4996    11.5049   4.008579   4.009281     1.7167     1.4127      78.66   28.51670  -86.20276    0.00026    0.00006          3  0.000e+00
      30452   1268.792    327.355    329.823    11.4994    11.5047   4.008593   4.009254     1.7167     1.4127      78.66   28.51670  -86.20276    0.00026    0.00005          3  0.000e+00
      30453   1268.833    327.385    329.853    11.4991    11.5041   4.008566   4.009192     1.7155     1.4127      78.66   28.51670  -86.20276    0.00025    0.00005          3  0.000e+00
      30454   1268.875    327.355    329.823    11.4991    11.5038   4.008579   4.009069     1.7155     1.4127      78.66   28.51670  -86.20276    0.00024    0.00005          3  0.000e+00
      30455   1268.917    327.355    329.823    11.4994    11.5028   4.008613   4.009007     1.7167     1.4127      78.66   28.51670  -86.20276    0.00023    0.00005          3  0.000e+00
      30456   1268.958    327.385    329.853    11.4996    11.5021   4.008654   4.008973     1.7167     1.4139      78.66   28.51670  -86.20276    0.00022    0.00006          3  0.000e+00
      30457   1269.000    327.355    329.823    11.4996    11.5018   4.008688   4.009048     1.7167     1.4139      78.66   28.51670  -86.20276    0.00022    0.00008          3  0.000e+00
      30458   1269.042    327.408    329.876    11.5004    11.5023   4.008721   4.009124     1.7155     1.4139      78.66   28.51670  -86.20276    0.00021    0.00009          3  0.000e+00
      30459   1269.083    327.385    329.853    11.4999    11.5034   4.008735   4.009117     1.7155     1.4127      78.66   28.51670  -86.20276    0.00020    0.00009          3  0.000e+00
      30460   1269.125    327.355    329.823    11.4989    11.5036   4.008755   4.009158     1.7155     1.4127      78.66   28.51670  -86.20276    0.00018    0.00009          3  0.000e+00
      30461   1269.167    327.355    329.823    11.4985    11.5042   4.008789   4.009254     1.7167     1.4139      78.66   28.51670  -86.20276    0.00019    0.00010          3  0.000e+00
      30462   1269.208    327.385    329.853    11.5004    11.5043   4.008803   4.009199     1.7167     1.4127      78.66   28.51670  -86.20276    0.00019    0.00010          3  0.000e+00
      30463   1269.250    327.408    329.876    11.5018    11.5046   4.008830   4.009226     1.7167     1.4127      78.66   28.51670  -86.20276    0.00019    0.00010          3  0.000e+00
      30464   1269.292    327.355    329.823    11.5021    11.5054   4.008782   4.009268     1.7155     1.4139      78.66   28.51670  -86.20276    0.00018    0.00011          3  0.000e+00
      30465   1269.333    327.332    329.800    11.5027    11.5052   4.008789   4.009254     1.7167     1.4139      78.66   28.51670  -86.20276    0.00018    0.00013          3  0.000e+00
      30466   1269.375    327.408    329.876    11.5028    11.5050   4.008748   4.009247     1.7167     1.4139      78.66   28.51670  -86.20276    0.00019    0.00014          3  0.000e+00
      30467   1269.417    327.355    329.823    11.5020    11.5047   4.008755   4.009247     1.7167     1.4139      78.66   28.51670  -86.20276    0.00019    0.00015          3  0.000e+00
      30468   1269.458    327.385    329.853    11.5008    11.5037   4.008769   4.009220     1.7167     1.4139      78.66   28.51670  -86.20276    0.00019    0.00016          3  0.000e+00
      30469   1269.500    327.408    329.876    11.5001    11.5036   4.008742   4.009130     1.7155     1.4139      78.66   28.51670  -86.20276    0.00019    0.00018          3  0.000e+00
      30470   1269.542    327.355    329.823    11.5002    11.5030   4.008755   4.009110     1.7155     1.4139      78.66   28.51670  -86.20276    0.00018    0.00019          3  0.000e+00
      30471   1269.583    327.385    329.853    11.5004    11.5036   4.008769   4.009110     1.7155     1.4139      78.66   28.51670  -86.20276    0.00016    0.00020          3  0.000e+00
      30472   1269.625    327.355    329.823    11.5007    11.5041   4.008789   4.009185     1.7167     1.4139      78.66   28.51670  -86.20276    0.00017    0.00021          3  0.000e+00
      30473   1269.667    327.385    329.853    11.5008    11.5041   4.008776   4.009213     1.7155     1.4139      78.66   28.51670  -86.20276    0.00015    0.00022          3  0.000e+00
      30474   1269.708    327.355    329.823    11.5006    11.5041   4.008789   4.009185     1.7155     1.4139      78.66   28.51670  -86.20276    0.00014    0.00023          3  0.000e+00
      30475   1269.750    327.408    329.876    11.5000    11.5039   4.008803   4.009178     1.7155     1.4139      78.66   28.51670  -86.20276    0.00012    0.00024          3  0.000e+00
      30476   1269.792    327.332    329.800    11.4998    11.5036   4.008803   4.009151     1.7155     1.4139      78.66   28.51670  -86.20276    0.00009    0.00025          3  0.000e+00
      30477   1269.833    327.408    329.876    11.4996    11.5036   4.008776   4.009144     1.7155     1.4139      78.66   28.51670  -86.20276    0.00007    0.00026          3  0.000e+00
      30478   1269.875    327.355    329.823    11.4990    11.5038   4.008789   4.009144     1.7155     1.4139      78.66   28.51670  -86.20276    0.00005    0.00027          3  0.000e+00
      30479   1269.917    327.385    329.853    11.4996    11.5036   4.008857   4.009117     1.7167     1.4139      78.66   28.51670  -86.20276    0.00007    0.00028          3  0.000e+00
      30480   1269.958    327.408    329.876    11.5009    11.5034   4.008897   4.009028     1.7167     1.4139      78.63   28.51670  -86.20276    0.00009    0.00029          3  0.000e+00
      30481   1270.000    327.355    329.823    11.5008    11.5029   4.008931   4.008945     1.7155     1.4139      78.66   28.51670  -86.20276    0.00010    0.00030          3  0.000e+00
