GOMECC/GOMECC-4/1db/rb2103_1001.ros
* Sea-Bird SBE 9 Data File:
* FileName = C:\Users\scs.user.rb\CTD\GOMECC4\data\rb2103_1001.hex
* Software Version Seasave V 7.26.7.107
* Temperature SN = 4799
* Conductivity SN = 3860
* Number of Bytes Per Scan = 41
* Number of Voltage Words = 4
* Number of Scans Averaged by the Deck Unit = 1
* NMEA Latitude = 22 32.53 N
* NMEA Longitude = 088 00.00 W
* NMEA UTC (Time) = Oct 12 2021  13:22:20
* NMEA baud rate = 4800
# nquan = 17
# nvalues = 1596                                  
# units = specified
# name 0 = scan: Scan Count
# name 1 = timeS: Time, Elapsed [seconds]
# name 2 = depSM: Depth [salt water, m]
# name 3 = prDM: Pressure, Digiquartz [db]
# name 4 = t090C: Temperature [ITS-90, deg C]
# name 5 = t190C: Temperature, 2 [ITS-90, deg C]
# name 6 = c0S/m: Conductivity [S/m]
# name 7 = c1S/m: Conductivity, 2 [S/m]
# name 8 = sbeox0V: Oxygen raw, SBE 43 [V]
# name 9 = sbeox1V: Oxygen raw, SBE 43, 2 [V]
# name 10 = altM: Altimeter [m]
# name 11 = latitude: Latitude [deg]
# name 12 = longitude: Longitude [deg]
# name 13 = sbox0dV/dT: Oxygen, SBE 43 [dov/dt]
# name 14 = sbox1dV/dT: Oxygen, SBE 43, 2 [dov/dt]
# name 15 = nbf: Bottles Fired
# name 16 = flag:  0.000e+00
# interval = seconds: 0.0416667
# start_time = Oct 12 2021 13:22:20 [NMEA time, header]
# bad_flag = -9.990e-29
*END*
      15369    640.333     48.149     48.458    23.4811    23.4815   5.355169   5.355297     2.4127     2.0232       5.01   22.54222  -88.00066   -0.00139    0.00032          1  0.000e+00
      15370    640.375     47.953     48.261    23.4813    23.4816   5.355191   5.355321     2.4127     2.0232       5.01   22.54222  -88.00066   -0.00142    0.00030          1  0.000e+00
      15371    640.417     48.149     48.458    23.4819    23.4817   5.355230   5.355297     2.4127     2.0232       5.01   22.54222  -88.00066   -0.00144    0.00028          1  0.000e+00
      15372    640.458     48.000     48.308    23.4821    23.4817   5.355268   5.355382     2.4115     2.0232       5.01   22.54222  -88.00066   -0.00149    0.00027          1  0.000e+00
      15373    640.500     48.000     48.308    23.4826    23.4825   5.355283   5.355406     2.4127     2.0232       5.01   22.54222  -88.00066   -0.00151    0.00025          1  0.000e+00
      15374    640.542     48.000     48.308    23.4826    23.4820   5.355290   5.355413     2.4115     2.0232       5.01   22.54222  -88.00066   -0.00155    0.00023          1  0.000e+00
      15375    640.583     48.000     48.308    23.4829    23.4824   5.355321   5.355452     2.4127     2.0232       5.01   22.54222  -88.00066   -0.00157    0.00021          1  0.000e+00
      15376    640.625     48.000     48.308    23.4831    23.4827   5.355329   5.355467     2.4127     2.0232       5.01   22.54222  -88.00066   -0.00157    0.00019          1  0.000e+00
      15377    640.667     48.000     48.308    23.4836    23.4829   5.355329   5.355452     2.4127     2.0232       5.01   22.54222  -88.00066   -0.00158    0.00017          1  0.000e+00
      15378    640.708     48.000     48.308    23.4835    23.4834   5.355367   5.355460     2.4127     2.0220       5.01   22.54222  -88.00066   -0.00159    0.00014          1  0.000e+00
      15379    640.750     48.000     48.308    23.4838    23.4840   5.355374   5.355498     2.4115     2.0220       5.01   22.54222  -88.00066   -0.00161    0.00010          1  0.000e+00
      15380    640.792     48.000     48.308    23.4838    23.4838   5.355374   5.355576     2.4127     2.0220       5.01   22.54222  -88.00066   -0.00162    0.00007          1  0.000e+00
      15381    640.833     48.000     48.308    23.4833    23.4839   5.355313   5.355552     2.4127     2.0220       5.01   22.54222  -88.00066   -0.00162    0.00003          1  0.000e+00
      15382    640.875     48.000     48.308    23.4831    23.4838   5.355313   5.355545     2.4127     2.0220       5.01   22.54222  -88.00066   -0.00163 -5.275e-07          1  0.000e+00
      15383    640.917     48.000     48.308    23.4828    23.4835   5.355260   5.355583     2.4127     2.0220       5.01   22.54222  -88.00066   -0.00163   -0.00003          1  0.000e+00
      15384    640.958     48.000     48.308    23.4820    23.4833   5.355245   5.355560     2.4127     2.0220       5.01   22.54222  -88.00066   -0.00162   -0.00007          1  0.000e+00
      15385    641.000     48.000     48.308    23.4817    23.4829   5.355207   5.355576     2.4127     2.0220       5.01   22.54222  -88.00066   -0.00161   -0.00010          1  0.000e+00
      15386    641.042     47.953     48.261    23.4820    23.4827   5.355290   5.355560     2.4127     2.0220       5.01   22.54222  -88.00066   -0.00160   -0.00013          1  0.000e+00
      15387    641.083     48.000     48.308    23.4819    23.4822   5.355260   5.355583     2.4127     2.0220       5.01   22.54222  -88.00066   -0.00159   -0.00017          1  0.000e+00
      15388    641.125     48.000     48.308    23.4820    23.4827   5.355245   5.355560     2.4127     2.0208       5.01   22.54222  -88.00066   -0.00157   -0.00022          1  0.000e+00
      15389    641.167     48.000     48.308    23.4819    23.4827   5.355237   5.355576     2.4139     2.0208       5.01   22.54222  -88.00066   -0.00156   -0.00027          1  0.000e+00
      15390    641.208     47.953     48.261    23.4822    23.4829   5.355275   5.355591     2.4127     2.0208       5.05   22.54222  -88.00066   -0.00154   -0.00033          1  0.000e+00
      15391    641.250     48.000     48.308    23.4824    23.4835   5.355252   5.355599     2.4127     2.0195       5.05   22.54222  -88.00066   -0.00155   -0.00040          1  0.000e+00
      15392    641.292     48.000     48.308    23.4820    23.4843   5.355237   5.355599     2.4127     2.0208       5.05   22.54222  -88.00066   -0.00153   -0.00044          1  0.000e+00
      15393    641.333     48.000     48.308    23.4821    23.4842   5.355237   5.355583     2.4127     2.0208       5.05   22.54222  -88.00066   -0.00151   -0.00049          1  0.000e+00
      15394    641.375     48.000     48.308    23.4824    23.4845   5.355245   5.355591     2.4127     2.0195       5.05   22.54222  -88.00066   -0.00149   -0.00057          1  0.000e+00
      15395    641.417     47.953     48.261    23.4824    23.4843   5.355245   5.355630     2.4127     2.0195       5.05   22.54222  -88.00066   -0.00147   -0.00063          1  0.000e+00
      15396    641.458     48.000     48.308    23.4828    23.4840   5.355268   5.355645     2.4139     2.0195       5.05   22.54222  -88.00066   -0.00142   -0.00069          1  0.000e+00
      15397    641.500     47.953     48.261    23.4826    23.4839   5.355252   5.355630     2.4139     2.0195       5.05   22.54222  -88.00066   -0.00140   -0.00075          1  0.000e+00
      15398    641.542     48.000     48.308    23.4828    23.4838   5.355344   5.355676     2.4139     2.0183       5.05   22.54222  -88.00066   -0.00138   -0.00083          1  0.000e+00
      15399    641.583     48.000     48.308    23.4828    23.4842   5.355306   5.355715     2.4139     2.0183       5.05   22.54222  -88.00066   -0.00133   -0.00090          1  0.000e+00
      15400    641.625     47.953     48.261    23.4828    23.4847   5.355283   5.355699     2.4139     2.0183       5.05   22.54222  -88.00066   -0.00129   -0.00098          1  0.000e+00
      15401    641.667     48.000     48.308    23.4828    23.4843   5.355321   5.355777     2.4139     2.0183       5.05   22.54222  -88.00066   -0.00124   -0.00105          1  0.000e+00
      15402    641.708     48.000     48.308    23.4826    23.4857   5.355260   5.355715     2.4139     2.0183       5.05   22.54222  -88.00066   -0.00120   -0.00112          1  0.000e+00
      15403    641.750     47.953     48.261    23.4826    23.4865   5.355275   5.355753     2.4139     2.0183       5.05   22.54222  -88.00066   -0.00115   -0.00119          1  0.000e+00
      15404    641.792     48.000     48.308    23.4822    23.4867   5.355290   5.355808     2.4139     2.0183       5.05   22.54222  -88.00066   -0.00110   -0.00126          1  0.000e+00
      15405    641.833     47.885     48.192    23.4822    23.4881   5.355252   5.355807     2.4139     2.0183       5.05   22.54222  -88.00066   -0.00107   -0.00132          1  0.000e+00
      15406    641.875     48.102     48.410    23.4824    23.4892   5.355237   5.355746     2.4139     2.0183       5.05   22.54222  -88.00066   -0.00102   -0.00139          1  0.000e+00
      15407    641.917     47.953     48.261    23.4822    23.4897   5.355207   5.355800     2.4139     2.0183       5.05   22.54222  -88.00066   -0.00098   -0.00145          1  0.000e+00
      15408    641.958     48.000     48.308    23.4822    23.4896   5.355199   5.355784     2.4151     2.0183       5.05   22.54222  -88.00066   -0.00091   -0.00151          1  0.000e+00
      15409    642.000     48.000     48.308    23.4819    23.4886   5.355130   5.355730     2.4139     2.0183       5.05   22.54222  -88.00066   -0.00088   -0.00158          1  0.000e+00
      15410    642.042     47.953     48.260    23.4805    23.4873   5.355008   5.355831     2.4151     2.0183       5.05   22.54222  -88.00066   -0.00082   -0.00164          1  0.000e+00
      15411    642.083     48.000     48.308    23.4788    23.4868   5.354940   5.355831     2.4151     2.0171       5.05   22.54222  -88.00066   -0.00075   -0.00171          1  0.000e+00
      15412    642.125     47.953     48.260    23.4781    23.4873   5.354924   5.355784     2.4139     2.0183       5.05   22.54222  -88.00066   -0.00070   -0.00177          1  0.000e+00
      15413    642.167     48.000     48.308    23.4788    23.4872   5.354963   5.355831     2.4139     2.0171       5.05   22.54222  -88.00066   -0.00066   -0.00182          1  0.000e+00
      15414    642.208     48.000     48.308    23.4796    23.4872   5.354978   5.355792     2.4151     2.0171       5.03   22.54222  -88.00066   -0.00059   -0.00189          1  0.000e+00
      15415    642.250     47.953     48.260    23.4801    23.4872   5.355008   5.355777     2.4151     2.0171       5.05   22.54222  -88.00066   -0.00051   -0.00196          1  0.000e+00
      15416    642.292     48.000     48.308    23.4806    23.4865   5.355046   5.355808     2.4151     2.0171       5.03   22.54222  -88.00066   -0.00044   -0.00203          1  0.000e+00
      15417    642.333     48.000     48.308    23.4813    23.4867   5.355161   5.355808     2.4139     2.0171       5.03   22.54222  -88.00066   -0.00040   -0.00209          1  0.000e+00
      15418    642.375     48.000     48.308    23.4819    23.4868   5.355168   5.355815     2.4151     2.0171       5.03   22.54222  -88.00066   -0.00034   -0.00214          1  0.000e+00
      15419    642.417     47.953     48.260    23.4826    23.4868   5.355214   5.355823     2.4151     2.0171       5.03   22.54222  -88.00066   -0.00028   -0.00218          1  0.000e+00
      15420    642.458     48.000     48.308    23.4828    23.4872   5.355237   5.355784     2.4151     2.0171       5.03   22.54222  -88.00066   -0.00022   -0.00224          1  0.000e+00
      15421    642.500     48.000     48.308    23.4829    23.4867   5.355275   5.355761     2.4151     2.0171       5.03   22.54222  -88.00066   -0.00016   -0.00228          1  0.000e+00
      15422    642.542     47.953     48.260    23.4828    23.4861   5.355016   5.355769     2.4151     2.0183       5.03   22.54222  -88.00066   -0.00010   -0.00230          1  0.000e+00
      15423    642.583     48.000     48.308    23.4828    23.4861   5.355161   5.355777     2.4151     2.0183       5.03   22.54222  -88.00066   -0.00004   -0.00232          1  0.000e+00
      15424    642.625     47.953     48.260    23.4831    23.4861   5.355237   5.355808     2.4151     2.0183       5.03   22.54222  -88.00066    0.00002   -0.00233          1  0.000e+00
      15425    642.667     48.000     48.308    23.4829    23.4861   5.355313   5.355869     2.4151     2.0183       5.03   22.54222  -88.00066    0.00009   -0.00235          1  0.000e+00
      15426    642.708     48.000     48.308    23.4831    23.4861   5.355290   5.355838     2.4151     2.0183       5.05   22.54222  -88.00066    0.00015   -0.00236          1  0.000e+00
      15427    642.750     48.000     48.308    23.4831    23.4863   5.355283   5.355784     2.4151     2.0195       5.03   22.54222  -88.00066    0.00019   -0.00234          1  0.000e+00
      15428    642.792     48.000     48.308    23.4831    23.4868   5.355252   5.355846     2.4151     2.0183       5.05   22.54222  -88.00066    0.00024   -0.00233          1  0.000e+00
      15429    642.833     47.952     48.260    23.4828    23.4868   5.355237   5.355885     2.4151     2.0195       5.03   22.54222  -88.00066    0.00028   -0.00230          1  0.000e+00
      15430    642.875     48.000     48.308    23.4826    23.4868   5.355237   5.355838     2.4151     2.0195       5.03   22.54222  -88.00066    0.00032   -0.00227          1  0.000e+00
      15431    642.917     48.000     48.308    23.4821    23.4867   5.355245   5.355784     2.4151     2.0195       5.03   22.54222  -88.00066    0.00039   -0.00224          1  0.000e+00
      15432    642.958     48.000     48.308    23.4820    23.4867   5.355207   5.355808     2.4164     2.0195       5.03   22.54222  -88.00066    0.00045   -0.00221          1  0.000e+00
      15433    643.000     48.000     48.308    23.4813    23.4868   5.355153   5.355808     2.4164     2.0195       5.03   22.54222  -88.00066    0.00051   -0.00217          1  0.000e+00
      15434    643.042     48.000     48.308    23.4808    23.4867   5.355153   5.355784     2.4151     2.0208       5.03   22.54222  -88.00066    0.00055   -0.00212          1  0.000e+00
      15435    643.083     47.952     48.260    23.4803    23.4865   5.355161   5.355738     2.4151     2.0208       5.03   22.54222  -88.00066    0.00060   -0.00206          1  0.000e+00
      15436    643.125     48.000     48.308    23.4811    23.4857   5.355184   5.355699     2.4151     2.0208       5.05   22.54222  -88.00066    0.00062   -0.00200          1  0.000e+00
      15437    643.167     48.000     48.308    23.4817    23.4854   5.355191   5.355738     2.4151     2.0208       5.03   22.54222  -88.00066    0.00065   -0.00195          1  0.000e+00
      15438    643.208     48.000     48.308    23.4820    23.4854   5.355199   5.355707     2.4151     2.0208       5.03   22.54222  -88.00066    0.00068   -0.00189          1  0.000e+00
      15439    643.250     48.000     48.308    23.4824    23.4854   5.355153   5.355653     2.4151     2.0208       5.03   22.54222  -88.00066    0.00070   -0.00182          1  0.000e+00
      15440    643.292     48.000     48.308    23.4822    23.4851   5.355184   5.355676     2.4139     2.0220       5.03   22.54222  -88.00066    0.00071   -0.00174          1  0.000e+00
      15441    643.333     48.000     48.308    23.4826    23.4852   5.355229   5.355676     2.4151     2.0220       5.03   22.54222  -88.00066    0.00073   -0.00166          1  0.000e+00
      15442    643.375     48.000     48.308    23.4819    23.4852   5.355176   5.355715     2.4151     2.0220       5.03   22.54222  -88.00066    0.00076   -0.00158          1  0.000e+00
      15443    643.417     47.952     48.260    23.4815    23.4854   5.355146   5.355699     2.4151     2.0220       5.03   22.54222  -88.00066    0.00078   -0.00150          1  0.000e+00
      15444    643.458     48.000     48.308    23.4815    23.4855   5.355153   5.355692     2.4151     2.0220       5.03   22.54222  -88.00066    0.00081   -0.00141          1  0.000e+00
      15445    643.500     48.000     48.308    23.4815    23.4856   5.355184   5.355707     2.4151     2.0220       5.03   22.54222  -88.00066    0.00083   -0.00135          1  0.000e+00
      15446    643.542     48.000     48.308    23.4819    23.4859   5.355153   5.355722     2.4151     2.0220       5.01   22.54222  -88.00066    0.00085   -0.00128          1  0.000e+00
      15447    643.583     48.000     48.308    23.4819    23.4858   5.355153   5.355699     2.4151     2.0220       5.03   22.54222  -88.00066    0.00087   -0.00121          1  0.000e+00
      15448    643.625     48.000     48.308    23.4819    23.4858   5.355184   5.355692     2.4151     2.0220       5.03   22.54222  -88.00066    0.00088   -0.00114          1  0.000e+00
      15449    643.667     48.000     48.308    23.4819    23.4857   5.355199   5.355738     2.4139     2.0220       5.03   22.54222  -88.00066    0.00087   -0.00107          1  0.000e+00
      15450    643.708     48.000     48.308    23.4821    23.4856   5.355153   5.355738     2.4151     2.0232       5.03   22.54222  -88.00066    0.00089   -0.00098          1  0.000e+00
      15451    643.750     48.000     48.308    23.4820    23.4857   5.355184   5.355699     2.4151     2.0232       5.03   22.54222  -88.00066    0.00091   -0.00089          1  0.000e+00
      15452    643.792     48.000     48.308    23.4821    23.4860   5.355229   5.355753     2.4151     2.0232       5.03   22.54222  -88.00066    0.00091   -0.00080          1  0.000e+00
      15453    643.833     48.000     48.308    23.4822    23.4867   5.355199   5.355800     2.4151     2.0232       5.03   22.54222  -88.00066    0.00091   -0.00071          1  0.000e+00
