GOMECC/GOMECC-4/1db/rb2103_0641.cnv
* Sea-Bird SBE 9 Data File:
* FileName = C:\Users\scs.user.rb\CTD\GOMECC4\data\rb2103_0641.hex
* Software Version Seasave V 7.26.7.107
* Temperature SN = 4799
* Conductivity SN = 3860
* Number of Bytes Per Scan = 41
* Number of Voltage Words = 4
* Number of Scans Averaged by the Deck Unit = 1
* NMEA Latitude = 26 03.63 N
* NMEA Longitude = 096 34.10 W
* NMEA UTC (Time) = Oct 02 2021  05:28:55
* NMEA baud rate = 4800
# nquan = 28
# nvalues = 83                          
# units = specified
# name 0 = scan: Scan Count
# name 1 = timeS: Time, Elapsed [seconds]
# name 2 = depSM: Depth [salt water, m]
# name 3 = prDM: Pressure, Digiquartz [db]
# name 4 = t090C: Temperature [ITS-90, deg C]
# name 5 = t190C: Temperature, 2 [ITS-90, deg C]
# name 6 = c0S/m: Conductivity [S/m]
# name 7 = c1S/m: Conductivity, 2 [S/m]
# name 8 = sbeox0V: Oxygen raw, SBE 43 [V]
# name 9 = sbeox1V: Oxygen raw, SBE 43, 2 [V]
# name 10 = altM: Altimeter [m]
# name 11 = latitude: Latitude [deg]
# name 12 = longitude: Longitude [deg]
# name 13 = sbox0dV/dT: Oxygen, SBE 43 [dov/dt]
# name 14 = sbox1dV/dT: Oxygen, SBE 43, 2 [dov/dt]
# name 15 = sbeox0ML/L: Oxygen, SBE 43 [ml/l], WS = 5
# name 16 = sbeox1ML/L: Oxygen, SBE 43, 2 [ml/l], WS = 5
# name 17 = potemp090C: Potential Temperature [ITS-90, deg C]
# name 18 = potemp190C: Potential Temperature, 2 [ITS-90, deg C]
# name 19 = sal00: Salinity, Practical [PSU]
# name 20 = sal11: Salinity, Practical, 2 [PSU]
# name 21 = sigma-é00: Density [sigma-theta, kg/m^3]
# name 22 = sigma-é11: Density, 2 [sigma-theta, kg/m^3]
# name 23 = avgsvCM: Average Sound Velocity [Chen-Millero, m/s], minP = 20, minS = 20
# name 24 = sbox0Mm/Kg: Oxygen, SBE 43 [umol/kg], WS = 5
# name 25 = sbox1Mm/Kg: Oxygen, SBE 43, 2 [umol/kg], WS = 5
# name 26 = nbin: number of scans per bin
# name 27 = flag: flag
# span 0 =      12807,      31417       
# span 1 =    533.575,   1308.993       
# span 2 =      2.980,     52.649       
# span 3 =      3.000,     53.000       
# span 4 =    23.9041,    29.4232       
# span 5 =    23.9276,    29.4226       
# span 6 =   5.361233,   5.946158       
# span 7 =   5.364029,   5.946217       
# span 8 =     3.0704,     3.3413       
# span 9 =     2.6274,     2.8619       
# span 10 =       5.42,      54.04      
# span 11 =   26.00517,   26.24049      
# span 12 =  -97.23206,  -96.36228      
# span 13 =   -0.01354,    0.02643      
# span 14 =   -0.01104,    0.02584      
# span 15 =     4.2969,     4.9453      
# span 16 =     4.2894,     4.9586      
# span 17 =    23.8927,    29.4151      
# span 18 =    23.9164,    29.4145      
# span 19 =    35.4864,    36.3041      
# span 20 =    35.4874,    36.2954      
# span 21 =    22.3893,    24.6287      
# span 22 =    22.3905,    24.6214      
# span 23 =       0.00,    1553.39      
# span 24 =    187.689,    215.690      
# span 25 =    187.357,    216.336      
# span 26 =         30,         71      
# span 27 = 0.0000e+00, 0.0000e+00      
# interval = decibars: 1                
# start_time = Oct 02 2021 05:28:55 [NMEA time, header]
# bad_flag = -9.990e-29
*END*
      12807    533.575      3.974      4.000    29.0880    29.0908   5.810143   5.810563     3.1042     2.6332      52.21   26.06074  -96.56842   -0.00070   -0.00076     4.2989     4.2979    29.0870    29.0898    35.4930    35.4939    22.4052    22.4048       0.00    187.784    187.740         31 0.0000e+00
      12880    536.621      4.967      5.000    29.1166    29.1191   5.813344   5.813792     3.1069     2.6332      52.33   26.06074  -96.56842    0.00100    0.00001     4.3023     4.2969    29.1154    29.1179    35.4933    35.4946    22.3959    22.3960       0.00    187.930    187.697         54 0.0000e+00
      12935    538.908      5.961      6.000    29.1371    29.1349   5.815644   5.815495     3.1097     2.6356      51.30   26.06074  -96.56842    0.00078    0.00063     4.3063     4.3010    29.1356    29.1335    35.4937    35.4942    22.3893    22.3905       0.00    188.106    187.877         46 0.0000e+00
      12991    541.249      6.954      7.000    29.0868    29.0891   5.810396   5.810774     3.1065     2.6287      50.35   26.06074  -96.56842   -0.00013   -0.00191     4.3048     4.2909    29.0851    29.0874    35.4946    35.4955    22.4070    22.4069       0.00    188.041    187.431         66 0.0000e+00
      13052    543.799      7.948      8.000    29.0879    29.0878   5.810670   5.810648     3.1068     2.6333      49.53   26.06074  -96.56842   -0.00043    0.00115     4.3058     4.3007    29.0860    29.0859    35.4953    35.4957    22.4072    22.4075       0.00    188.085    187.860         53 0.0000e+00
      13103    545.922      8.941      9.000    29.0876    29.0887   5.810599   5.810866     3.1063     2.6303      54.04   26.06076  -96.56842    0.00000   -0.00034     4.3054     4.2952    29.0854    29.0865    35.4948    35.4958    22.4070    22.4074       0.00    188.067    187.619         53 0.0000e+00
      13166    548.530      9.935     10.000    29.0874    29.0877   5.810594   5.810717     3.1058     2.6325      47.85   26.06076  -96.56842   -0.00045    0.00041     4.3050     4.3002    29.0849    29.0853    35.4946    35.4952    22.4071    22.4074       0.00    188.046    187.837         69 0.0000e+00
      13225    550.993     10.928     11.000    29.0889    29.0897   5.810842   5.811039     3.1065     2.6310      46.29   26.06076  -96.56842    0.00057   -0.00034     4.3068     4.2976    29.0862    29.0870    35.4949    35.4957    22.4068    22.4071       0.00    188.125    187.724         50 0.0000e+00
      13278    553.209     11.922     12.000    29.0898    29.0907   5.811066   5.811250     3.1063     2.6328      45.37   26.06074  -96.56842   -0.00011    0.00022     4.3068     4.3015    29.0869    29.0877    35.4955    35.4961    22.4070    22.4072       0.00    188.125    187.894         60 0.0000e+00
      13339    555.749     12.915     13.000    29.0898    29.0908   5.811103   5.811325     3.1063     2.6343      44.41   26.06076  -96.56842    0.00011    0.00101     4.3073     4.3051    29.0866    29.0877    35.4955    35.4962    22.4071    22.4073       0.00    188.147    188.050         55 0.0000e+00
      13389    557.831     13.908     14.000    29.0900    29.0909   5.811172   5.811372     3.1058     2.6336      43.46   26.06076  -96.56842   -0.00024   -0.00002     4.3069     4.3042    29.0866    29.0875    35.4955    35.4962    22.4071    22.4073       0.00    188.132    188.013         53 0.0000e+00
      13453    560.509     14.902     15.000    29.0928    29.0934   5.811801   5.811963     3.1068     2.6338      42.41   26.06076  -96.56842    0.00033   -0.00028     4.3090     4.3048    29.0891    29.0898    35.4975    35.4981    22.4078    22.4080       0.00    188.221    188.041         61 0.0000e+00
      13500    562.469     15.895     16.000    29.0958    29.0967   5.812478   5.812744     3.1066     2.6339      41.60   26.06076  -96.56842    0.00006    0.00016     4.3088     4.3052    29.0919    29.0928    35.4996    35.5005    22.4085    22.4088       0.00    188.211    188.057         36 0.0000e+00
      13560    564.965     16.889     17.000    29.0980    29.0974   5.813157   5.813250     3.1059     2.6321      40.45   26.06076  -96.56842   -0.00019   -0.00036     4.3078     4.3020    29.0938    29.0933    35.5024    35.5022    22.4099    22.4100       0.00    188.171    187.914         66 0.0000e+00
      13617    567.322     17.882     18.000    29.1084    29.1066   5.815358   5.815019     3.1068     2.6293      39.49   26.06076  -96.56842   -0.00029   -0.00063     4.3090     4.2961    29.1041    29.1023    35.5095    35.5085    22.4118    22.4116       0.00    188.219    187.658         39 0.0000e+00
      13661    569.162     18.876     19.000    29.0991    29.0952   5.813479   5.812803     3.1042     2.6301      38.40   26.06076  -96.56842   -0.00026   -0.00074     4.3062     4.2993    29.0945    29.0906    35.5036    35.5014    22.4106    22.4102       0.00    188.100    187.798         53 0.0000e+00
      13728    571.947     19.869     20.000    29.1009    29.1007   5.813706   5.813725     3.1041     2.6314      37.50   26.06076  -96.56842   -0.00026   -0.00010     4.3059     4.3020    29.0960    29.0959    35.5031    35.5029    22.4097    22.4096     696.71    188.085    187.918         56 0.0000e+00
      13778    574.044     20.862     21.000    29.0978    29.0995   5.813535   5.813669     3.1030     2.6316      36.55   26.06076  -96.56842   -0.00042    0.00074     4.3045     4.3027    29.0927    29.0944    35.5012    35.5026    22.4093    22.4099    1521.53    188.026    187.946         54 0.0000e+00
      13831    576.247     21.856     22.000    29.1414    29.1488   5.822495   5.824158     3.1054     2.6339      35.54   26.06076  -96.56842    0.00036    0.00079     4.3059     4.3037    29.1360    29.1435    35.5339    35.5389    22.4194    22.4207    1544.57    188.084    187.990         48 0.0000e+00
      13888    578.610     22.849     23.000    29.1655    29.1697   5.828127   5.828780     3.1041     2.6297      34.55   26.06076  -96.56842    0.00009   -0.00076     4.3010     4.2941    29.1599    29.1641    35.5525    35.5549    22.4254    22.4257    1544.58    187.868    187.566         67 0.0000e+00
      13944    580.972     23.842     24.000    29.1796    29.1816   5.830927   5.831435     3.1067     2.6326      33.68   26.06076  -96.56841    0.00067   -0.00014     4.3053     4.2992    29.1738    29.1758    35.5620    35.5640    22.4278    22.4286    1544.59    188.059    187.790         45 0.0000e+00
      13994    583.044     24.836     25.000    29.1863    29.1873   5.833015   5.833223     3.1074     2.6306      32.62   26.06076  -96.56840    0.00069    0.00029     4.3063     4.2951    29.1802    29.1812    35.5711    35.5718    22.4325    22.4326    1544.61    188.102    187.612         57 0.0000e+00
      14051    585.424     25.829     26.000    29.1877    29.1883   5.833537   5.833598     3.1065     2.6344      31.64   26.06078  -96.56840   -0.00001    0.00078     4.3050     4.3031    29.1814    29.1820    35.5733    35.5733    22.4338    22.4336    1544.62    188.044    187.961         59 0.0000e+00
      14116    588.135     26.823     27.000    29.1942    29.1966   5.835152   5.835558     3.1032     2.6332      30.73   26.06078  -96.56840   -0.00118    0.00051     4.2989     4.3001    29.1876    29.1900    35.5797    35.5817    22.4364    22.4372    1544.63    187.774    187.830         59 0.0000e+00
      14160    589.961     27.816     28.000    29.2080    29.2091   5.840025   5.840214     3.1055     2.6289      29.77   26.06078  -96.56840   -0.00028   -0.00196     4.3020     4.2911    29.2012    29.2022    35.6023    35.6028    22.4488    22.4489    1544.65    187.909    187.431         38 0.0000e+00
      14214    592.216     28.809     29.000    29.2277    29.2310   5.847143   5.848141     3.1053     2.6327      28.84   26.06078  -96.56840    0.00065   -0.00044     4.2998     4.2967    29.2206    29.2240    35.6363    35.6407    22.4679    22.4700    1544.66    187.811    187.673         41 0.0000e+00
      14378    599.056     31.789     32.000    29.4151    29.4153   5.941701   5.941873     3.1368     2.6569      25.94   26.04198  -96.49875    0.00715    0.00596     4.3307     4.3203    29.4073    29.4075    36.1324    36.1332    22.7733    22.7736    1543.65    189.100    188.645         42 0.0000e+00
      14442    601.712     32.783     33.000    29.4232    29.4226   5.946158   5.946217     3.1399     2.6604      25.04   26.06079  -96.56840    0.00032    0.00012     4.3366     4.3277    29.4151    29.4145    36.1692    36.1701    22.8023    22.8032    1544.80    189.355    188.966         37 0.0000e+00
      14483    603.406     33.776     34.000    29.1802    29.1587   5.916265   5.910975     3.1418     2.6624      24.08   26.06079  -96.56840   -0.00018   -0.00026     4.3566     4.3502    29.2087    29.1505    36.1187    36.1117    22.8341    22.8419    1544.84    190.223    189.941         49 0.0000e+00
      14553    606.315     34.769     35.000    28.5321    28.5330   5.825023   5.825438     3.2110     2.7418      23.05   26.06080  -96.56840    0.01853    0.02195     4.5399     4.5614    28.5234    28.5246    36.0045    36.0067    22.9775    22.9788    1544.83    198.196    199.136         50 0.0000e+00
      14597    608.149     35.763     36.000    28.4276    28.4292   5.820657   5.821087     3.2525     2.7733      22.19   26.06080  -96.56840    0.02643    0.02584     4.6233     4.6322    28.4190    28.4206    36.0529    36.0548    23.0486    23.0494    1544.81    201.823    202.214         37 0.0000e+00
      14656    610.616     36.756     37.000    28.1216    28.1058   5.794090   5.792851     3.2440     2.7612      21.10   26.06080  -96.56840    0.00561    0.00181     4.6320     4.6319    28.1128    28.0970    36.1001    36.1035    23.1850    23.1927    1544.79    202.178    202.171         54 0.0000e+00
      14707    612.758     37.749     38.000    27.7009    27.6960   5.746281   5.746157     3.2574     2.7811      20.28   26.06080  -96.56840   -0.00051    0.00233     4.6926     4.7051    27.6908    27.6871    36.0862    36.0887    23.3127    23.3161    1544.73    204.796    205.344         30 0.0000e+00
      14760    614.971     38.742     39.000    27.2959    27.2700   5.700588   5.698061     3.2912     2.8135      19.19   26.06080  -96.56840    0.01244    0.01344     4.7903     4.8068    27.2868    27.2610    36.0728    36.0747    23.4337    23.4435    1544.66    209.038    209.752         58 0.0000e+00
      14823    617.590     39.736     40.000    27.0347    27.0312   5.670912   5.670855     3.3211     2.8441      18.25   26.06080  -96.56840    0.01381    0.01448     4.8695     4.8900    27.0255    27.0220    36.0626    36.0649    23.5102    23.5130    1544.57    212.478    213.373         45 0.0000e+00
      14865    619.334     40.729     41.000    26.8522    26.8496   5.650652   5.650640     3.3310     2.8548      17.39   26.06080  -96.56840    0.00795    0.00769     4.9047     4.9280    26.8428    26.8402    36.0586    36.0606    23.5657    23.5680    1544.48    214.001    215.020         45 0.0000e+00
      14925    621.848     41.723     42.000    26.6662    26.6569   5.633782   5.633392     3.3413     2.8619      16.25   26.06080  -96.56840    0.00497    0.00455     4.9406     4.9586    26.6566    26.6473    36.0817    36.0861    23.6425    23.6488    1544.38    215.553    216.336         51 0.0000e+00
      14998    624.856     43.709     44.000    25.8434    25.8448   5.555174   5.555034     3.3076     2.8304      14.37   26.00517  -96.36228   -0.00663   -0.00672     4.9453     4.9558    25.8396    25.8350    36.1219    36.1219    23.9215    23.9221    1540.85    215.690    216.147         44 0.0000e+00
      15093    628.837     44.702     45.000    25.7616    25.7501   5.553163   5.552202     3.2972     2.8214      13.39   26.06080  -96.56840   -0.00808   -0.00694     4.9357     4.9476    25.7516    25.7401    36.2054    36.2075    24.0207    24.0258    1544.03    215.257    215.775         51 0.0000e+00
      15148    631.111     45.696     46.000    25.3538    25.3562   5.510644   5.511188     3.2736     2.8024      12.52   26.06082  -96.56840   -0.00760   -0.00611     4.9270     4.9408    25.3436    25.3461    36.2160    36.2181    24.1551    24.1559    1543.90    214.852    215.453         42 0.0000e+00
      15190    632.888     46.689     47.000    25.0551    25.0688   5.481595   5.483367     3.2419     2.7715      11.68   26.06082  -96.56840   -0.01354   -0.01088     4.8926     4.8988    25.0449    25.0585    36.2389    36.2412    24.2642    24.2617    1543.75    213.327    213.598         33 0.0000e+00
      15344    639.293     47.682     48.000    25.2436    25.0535   5.500660   5.481657     3.2319     2.7590      10.43   26.06082  -96.56840    0.00162    0.00105     4.8592     4.8739    25.2331    25.0430    36.2291    36.2403    24.1987    24.2658    1543.60    211.885    212.512         53 0.0000e+00
      15610    650.372     48.675     49.000    25.5728    25.1288   5.533491   5.488524     3.2640     2.7549       9.54   26.06082  -96.56840    0.01561    0.00403     4.8901     4.8494    25.5619    25.1182    36.1992    36.2426    24.0749    24.2490    1543.47    213.256    211.457         31 0.0000e+00
      16374    682.192     50.662     51.000    24.2620    24.1512   5.392759   5.381895     3.1630     2.7029       7.42   26.01572  -96.40107    0.00374    0.00309     4.8100     4.8278    24.2511    24.1403    36.1840    36.1917    24.4554    24.4945    1540.49    209.679    210.446         50 0.0000e+00
      16722    696.717     51.655     52.000    24.2340    24.0618   5.396403   5.377292     3.1465     2.6796       6.54   26.06089  -96.56841    0.00590    0.00533     4.7772     4.7858    24.2274    24.0508    36.2565    36.2553    24.5250    24.5769    1543.00    208.245    208.609         55 0.0000e+00
      17847    743.589     52.649     53.000    23.9041    23.9276   5.361233   5.364029     3.0785     2.6280       5.42   26.06093  -96.56840   -0.00062    0.00009     4.6763     4.6855    23.8927    23.9164    36.2615    36.2619    24.6287    24.6214    1542.83    203.822    204.225         67 0.0000e+00
      19434    809.689     51.655     52.000    23.9514    23.9708   5.366308   5.368457     3.0704     2.6297       6.16   26.06099  -96.56840    0.00140    0.00127     4.6556     4.6849    23.9405    23.9599    36.2617    36.2625    24.6146    24.6096    1542.79    202.923    204.203         33 0.0000e+00
      19417    809.011     50.658     51.000    23.9936    24.0076   5.370437   5.372210     3.0782     2.6358       7.05   26.06100  -96.56840    0.00166    0.00142     4.6671     4.6949    23.9828    23.9968    36.2591    36.2602    24.6001    24.5967    1542.79    203.430    204.641         46 0.0000e+00
      19671    819.589     48.673     49.000    24.3903    24.2731   5.415031   5.402284     3.1536     2.6922       9.16   26.09798  -96.70543    0.01183    0.00657     4.7813     4.7963    24.3719    24.2626    36.3041    36.2954    24.5239    24.5501    1544.98    208.427    209.077         54 0.0000e+00
      19948    831.139     45.696     46.000    24.7742    24.8424   5.450916   5.458499     3.1747     2.7194      11.95   26.05488  -96.54564    0.00089    0.00109     4.7868     4.8055    24.7643    24.8324    36.2350    36.2372    24.3457    24.3267    1542.43    208.697    209.517         47 0.0000e+00
      20056    835.633     44.702     45.000    24.9682    25.0257   5.472385   5.478548     3.1864     2.7330      12.88   26.06102  -96.56840   -0.00203   -0.00012     4.7913     4.8186    24.9584    25.0159    36.2407    36.2405    24.2919    24.2742    1542.79    208.905    210.100         42 0.0000e+00
