GOMECC/GOMECC-4/1db/rb2103_0381.ros
* Sea-Bird SBE 9 Data File:
* FileName = C:\Users\scs.user.rb\CTD\GOMECC4\data\rb2103_0381.hex
* Software Version Seasave V 7.26.7.107
* Temperature SN = 4799
* Conductivity SN = 3860
* Number of Bytes Per Scan = 41
* Number of Voltage Words = 4
* Number of Scans Averaged by the Deck Unit = 1
* NMEA Latitude = 27 35.06 N
* NMEA Longitude = 089 59.95 W
* NMEA UTC (Time) = Sep 25 2021  13:55:17
* NMEA baud rate = 4800
# nquan = 17
# nvalues = 3192                                  
# units = specified
# name 0 = scan: Scan Count
# name 1 = timeS: Time, Elapsed [seconds]
# name 2 = depSM: Depth [salt water, m]
# name 3 = prDM: Pressure, Digiquartz [db]
# name 4 = t090C: Temperature [ITS-90, deg C]
# name 5 = t190C: Temperature, 2 [ITS-90, deg C]
# name 6 = c0S/m: Conductivity [S/m]
# name 7 = c1S/m: Conductivity, 2 [S/m]
# name 8 = sbeox0V: Oxygen raw, SBE 43 [V]
# name 9 = sbeox1V: Oxygen raw, SBE 43, 2 [V]
# name 10 = altM: Altimeter [m]
# name 11 = latitude: Latitude [deg]
# name 12 = longitude: Longitude [deg]
# name 13 = sbox0dV/dT: Oxygen, SBE 43 [dov/dt]
# name 14 = sbox1dV/dT: Oxygen, SBE 43, 2 [dov/dt]
# name 15 = nbf: Bottles Fired
# name 16 = flag:  0.000e+00
# interval = seconds: 0.0416667
# start_time = Sep 25 2021 13:55:17 [NMEA time, header]
# bad_flag = -9.990e-29
*END*
[from data line 1447]
      98277   4094.833    119.091    119.920    20.6481    20.6553   5.042033   5.042666     2.2247     1.8657     100.00   27.59940  -89.99896   -0.00003    0.00068         11  0.000e+00
      98278   4094.875    119.160    119.989    20.6479    20.6553   5.042086   5.042629     2.2234     1.8657     100.00   27.59940  -89.99896   -0.00004    0.00071         11  0.000e+00
      98279   4094.917    119.054    119.882    20.6481    20.6553   5.042085   5.042644     2.2222     1.8657     100.00   27.59940  -89.99896   -0.00005    0.00073         11  0.000e+00
      98280   4094.958    119.160    119.989    20.6482    20.6555   5.042063   5.042598     2.2234     1.8657     100.00   27.59940  -89.99896   -0.00006    0.00074         11  0.000e+00
      98281   4095.000    119.054    119.882    20.6482    20.6553   5.042041   5.042606     2.2247     1.8657     100.00   27.59940  -89.99896   -0.00005    0.00077         11  0.000e+00
      98282   4095.042    119.107    119.935    20.6482    20.6555   5.042056   5.042644     2.2234     1.8657     100.00   27.59940  -89.99896   -0.00004    0.00080         11  0.000e+00
      98283   4095.083    119.092    119.920    20.6482    20.6555   5.042108   5.042689     2.2222     1.8657     100.00   27.59940  -89.99896   -0.00007    0.00082         11  0.000e+00
      98284   4095.125    119.054    119.882    20.6484    20.6555   5.042048   5.042666     2.2234     1.8657     100.00   27.59940  -89.99896   -0.00008    0.00085         11  0.000e+00
      98285   4095.167    119.107    119.935    20.6479    20.6557   5.042071   5.042629     2.2234     1.8657     100.00   27.59940  -89.99896   -0.00010    0.00088         11  0.000e+00
      98286   4095.208    119.054    119.882    20.6481    20.6558   5.042041   5.042674     2.2222     1.8657     100.00   27.59940  -89.99896   -0.00013    0.00090         11  0.000e+00
      98287   4095.250    119.160    119.989    20.6481    20.6560   5.042048   5.042629     2.2234     1.8657     100.00   27.59940  -89.99896   -0.00014    0.00091         11  0.000e+00
      98288   4095.292    119.054    119.882    20.6481    20.6560   5.042019   5.042651     2.2234     1.8657     100.00   27.59940  -89.99896   -0.00015    0.00092         11  0.000e+00
      98289   4095.333    119.092    119.920    20.6481    20.6558   5.041952   5.042659     2.2234     1.8657     100.00   27.59940  -89.99896   -0.00016    0.00093         11  0.000e+00
      98290   4095.375    119.107    119.936    20.6481    20.6558   5.041981   5.042598     2.2247     1.8657     100.00   27.59940  -89.99896   -0.00015    0.00094         11  0.000e+00
      98291   4095.417    119.054    119.882    20.6481    20.6558   5.041981   5.042636     2.2234     1.8657     100.00   27.59940  -89.99896   -0.00016    0.00094         11  0.000e+00
      98292   4095.458    119.107    119.936    20.6481    20.6556   5.041996   5.042629     2.2222     1.8657     100.00   27.59940  -89.99896   -0.00017    0.00095         11  0.000e+00
     100767   4198.583     99.353    100.040    21.9964    21.9684   5.175978   5.173108     2.6398     2.2369     100.00   27.59990  -89.99898    0.00116    0.00161         12  0.000e+00
     100768   4198.625     99.603    100.291    21.9988    21.9680   5.176226   5.173146     2.6398     2.2369     100.00   27.59990  -89.99898    0.00124    0.00165         12  0.000e+00
     100769   4198.667     99.467    100.154    22.0044    21.9687   5.176843   5.173192     2.6398     2.2369     100.00   27.59990  -89.99898    0.00131    0.00167         12  0.000e+00
     100770   4198.708     99.550    100.238    22.0063    21.9723   5.177241   5.173565     2.6398     2.2381     100.00   27.59990  -89.99898    0.00139    0.00172         12  0.000e+00
     100771   4198.750     99.467    100.154    22.0089    21.9769   5.177550   5.174068     2.6398     2.2381     100.00   27.59990  -89.99898    0.00147    0.00176         12  0.000e+00
     100772   4198.792     99.490    100.177    22.0106    21.9799   5.177881   5.174388     2.6398     2.2369     100.00   27.59990  -89.99898    0.00155    0.00178         12  0.000e+00
     100773   4198.833     99.520    100.208    22.0175    21.9806   5.178527   5.174426     2.6410     2.2369     100.00   27.59990  -89.99898    0.00164    0.00178         12  0.000e+00
     100774   4198.875     99.520    100.208    22.0260    21.9785   5.178986   5.174091     2.6410     2.2381     100.00   27.59990  -89.99898    0.00172    0.00180         12  0.000e+00
     100775   4198.917     99.490    100.177    22.0230    21.9751   5.177790   5.173695     2.6410     2.2369     100.00   27.59990  -89.99898    0.00179    0.00179         12  0.000e+00
     100776   4198.958     99.520    100.208    22.0072    21.9721   5.175903   5.173397     2.6410     2.2381     100.00   27.59990  -89.99898    0.00186    0.00178         12  0.000e+00
     100777   4199.000     99.490    100.177    21.9907    21.9702   5.174437   5.173237     2.6410     2.2381     100.00   27.59990  -89.99898    0.00193    0.00178         12  0.000e+00
     100778   4199.042     99.573    100.261    21.9795    21.9677   5.173505   5.173116     2.6398     2.2381     100.00   27.59990  -89.99898    0.00198    0.00178         12  0.000e+00
     100779   4199.083     99.467    100.154    21.9729    21.9671   5.172971   5.173039     2.6410     2.2381     100.00   27.59990  -89.99898    0.00205    0.00177         12  0.000e+00
     100780   4199.125     99.550    100.238    21.9691    21.9687   5.172799   5.173260     2.6410     2.2381     100.00   27.59990  -89.99898    0.00210    0.00177         12  0.000e+00
     100781   4199.167     99.520    100.208    21.9680    21.9721   5.172656   5.173634     2.6410     2.2381     100.00   27.59990  -89.99898    0.00215    0.00174         12  0.000e+00
     100782   4199.208     99.551    100.238    21.9668    21.9767   5.172739   5.174175     2.6410     2.2381     100.00   27.59990  -89.99898    0.00219    0.00173         12  0.000e+00
     100783   4199.250     99.520    100.208    21.9697    21.9815   5.173332   5.174624     2.6422     2.2381     100.00   27.59990  -89.99898    0.00226    0.00170         12  0.000e+00
     100784   4199.292     99.490    100.177    21.9768    21.9810   5.174099   5.174555     2.6422     2.2381     100.00   27.59990  -89.99898    0.00230    0.00166         12  0.000e+00
     100785   4199.333     99.573    100.261    21.9798    21.9783   5.174392   5.174304     2.6410     2.2381     100.00   27.59990  -89.99898    0.00232    0.00163         12  0.000e+00
     100786   4199.375     99.467    100.155    21.9814    21.9753   5.174520   5.174083     2.6410     2.2369     100.00   27.59990  -89.99898    0.00234    0.00157         12  0.000e+00
     100787   4199.417     99.551    100.238    21.9844    21.9734   5.174745   5.173961     2.6410     2.2369     100.00   27.59990  -89.99898    0.00237    0.00152         12  0.000e+00
     100788   4199.458     99.520    100.208    21.9844    21.9725   5.174550   5.173908     2.6422     2.2369     100.00   27.59990  -89.99898    0.00241    0.00146         12  0.000e+00
     100789   4199.500     99.490    100.178    21.9777    21.9728   5.173941   5.173992     2.6422     2.2369     100.00   27.59990  -89.99898    0.00244    0.00140         12  0.000e+00
     100790   4199.542     99.520    100.208    21.9768    21.9776   5.173934   5.174639     2.6410     2.2357     100.00   27.59990  -89.99898    0.00245    0.00134         12  0.000e+00
     100791   4199.583     99.521    100.208    21.9805    21.9862   5.174287   5.175363     2.6422     2.2357     100.00   27.59990  -89.99898    0.00245    0.00127         12  0.000e+00
     100792   4199.625     99.490    100.178    21.9821    21.9829   5.174573   5.175340     2.6410     2.2357     100.00   27.59990  -89.99898    0.00244    0.00121         12  0.000e+00
     100793   4199.667     99.521    100.208    21.9856    21.9796   5.175024   5.174792     2.6410     2.2344     100.00   27.59990  -89.99898    0.00243    0.00113         12  0.000e+00
     100794   4199.708     99.490    100.178    21.9920    21.9783   5.175610   5.174533     2.6410     2.2344     100.00   27.59990  -89.99898    0.00243    0.00105         12  0.000e+00
     100795   4199.750     99.521    100.208    21.9988    21.9796   5.176151   5.174662     2.6410     2.2344     100.00   27.59990  -89.99898    0.00241    0.00096         12  0.000e+00
     100796   4199.792     99.521    100.208    22.0042    21.9899   5.176610   5.174944     2.6410     2.2344     100.00   27.59990  -89.99898    0.00239    0.00088         12  0.000e+00
     100797   4199.833     99.490    100.178    22.0080    21.9911   5.177106   5.175081     2.6410     2.2344     100.00   27.59990  -89.99898    0.00238    0.00079         12  0.000e+00
     100798   4199.875     99.468    100.155    22.0132    21.9907   5.177693   5.175073     2.6410     2.2344     100.00   27.59990  -89.99898    0.00237    0.00071         12  0.000e+00
     100799   4199.917     99.491    100.178    22.0179    21.9918   5.178204   5.175355     2.6410     2.2344     100.00   27.59990  -89.99898    0.00235    0.00062         12  0.000e+00
     100800   4199.958     99.468    100.155    22.0206    22.0032   5.178347   5.176163     2.6410     2.2344     100.00   27.59990  -89.99898    0.00231    0.00054         12  0.000e+00
     100801   4200.000     99.491    100.178    22.0214    22.0100   5.178332   5.176719     2.6410     2.2344     100.00   27.59990  -89.99898    0.00228    0.00047         12  0.000e+00
     100802   4200.042     99.468    100.155    22.0235    22.0055   5.178535   5.176536     2.6398     2.2332     100.00   27.59990  -89.99898    0.00223    0.00038         12  0.000e+00
     100803   4200.083     99.468    100.155    22.0288    22.0002   5.178783   5.176285     2.6398     2.2332     100.00   27.59990  -89.99898    0.00217    0.00029         12  0.000e+00
     100804   4200.125     99.491    100.178    22.0313    21.9967   5.178956   5.176064     2.6398     2.2332     100.00   27.59990  -89.99898    0.00212    0.00020         12  0.000e+00
     100805   4200.167     99.408    100.094    22.0318    21.9940   5.179091   5.176102     2.6398     2.2332     100.00   27.59990  -89.99898    0.00206    0.00012         12  0.000e+00
     100806   4200.208     99.491    100.178    22.0345    21.9973   5.179241   5.176529     2.6398     2.2332     100.00   27.59990  -89.99898    0.00201    0.00003         12  0.000e+00
     100807   4200.250     99.468    100.155    22.0374    22.0032   5.179422   5.177108     2.6398     2.2332     100.00   27.59990  -89.99898    0.00197   -0.00004         12  0.000e+00
     100808   4200.292     99.408    100.094    22.0389    22.0096   5.179550   5.177649     2.6398     2.2332     100.00   27.59990  -89.99898    0.00190   -0.00011         12  0.000e+00
     100809   4200.333     99.491    100.178    22.0385    22.0144   5.179595   5.178068     2.6398     2.2332     100.00   27.59990  -89.99898    0.00183   -0.00018         12  0.000e+00
     100810   4200.375     99.408    100.094    22.0393    22.0174   5.179715   5.178327     2.6386     2.2332     100.00   27.59990  -89.99898    0.00175   -0.00025         12  0.000e+00
     100811   4200.417     99.438    100.125    22.0400    22.0195   5.179730   5.178571     2.6386     2.2332     100.00   27.59990  -89.99898    0.00168   -0.00032         12  0.000e+00
     100812   4200.458     99.408    100.094    22.0415    22.0215   5.179708   5.178739     2.6386     2.2332     100.00   27.59990  -89.99898    0.00160   -0.00039         12  0.000e+00
     100813   4200.500     99.385    100.072    22.0417    22.0240   5.179753   5.178960     2.6386     2.2320     100.00   27.59990  -89.99898    0.00153   -0.00045         12  0.000e+00
     100814   4200.542     99.468    100.155    22.0404    22.0270   5.179663   5.179135     2.6386     2.2320     100.00   27.59990  -89.99898    0.00146   -0.00054         12  0.000e+00
     100815   4200.583     99.408    100.095    22.0401    22.0295   5.179572   5.179287     2.6386     2.2320     100.00   27.59990  -89.99898    0.00140   -0.00062         12  0.000e+00
     100816   4200.625     99.438    100.125    22.0402    22.0307   5.179535   5.179371     2.6386     2.2320     100.00   27.59990  -89.99898    0.00134   -0.00070         12  0.000e+00
     100817   4200.667     99.408    100.095    22.0390    22.0320   5.179520   5.179211     2.6386     2.2320     100.00   27.59990  -89.99898    0.00126   -0.00077         12  0.000e+00
     100818   4200.708     99.385    100.072    22.0385    22.0306   5.179497   5.178998     2.6374     2.2320     100.00   27.59990  -89.99898    0.00116   -0.00083         12  0.000e+00
     100819   4200.750     99.408    100.095    22.0385    22.0301   5.179535   5.179005     2.6374     2.2332     100.00   27.59990  -89.99898    0.00108   -0.00087         12  0.000e+00
     100820   4200.792     99.408    100.095    22.0387    22.0314   5.179505   5.179097     2.6374     2.2332     100.00   27.59992  -89.99898    0.00100   -0.00092         12  0.000e+00
     100821   4200.833     99.385    100.072    22.0386    22.0331   5.179512   5.179280     2.6374     2.2332     100.00   27.59992  -89.99898    0.00092   -0.00096         12  0.000e+00
     100822   4200.875     99.355    100.041    22.0380    22.0335   5.179527   5.179371     2.6374     2.2332     100.00   27.59992  -89.99898    0.00084   -0.00100         12  0.000e+00
     100823   4200.917     99.438    100.125    22.0370    22.0333   5.179520   5.179371     2.6374     2.2320     100.00   27.59992  -89.99898    0.00077   -0.00106         12  0.000e+00
     100824   4200.958     99.408    100.095    22.0370    22.0304   5.179527   5.178990     2.6374     2.2332     100.00   27.59992  -89.99898    0.00070   -0.00110         12  0.000e+00
     100825   4201.000     99.355    100.042    22.0371    22.0236   5.179520   5.178434     2.6374     2.2332     100.00   27.59992  -89.99898    0.00062   -0.00114         12  0.000e+00
     100826   4201.042     99.438    100.125    22.0365    22.0176   5.179429   5.177458     2.6374     2.2320     100.00   27.59992  -89.99898    0.00055   -0.00120         12  0.000e+00
     100827   4201.083     99.355    100.042    22.0362    22.0053   5.179384   5.176590     2.6361     2.2320     100.00   27.59992  -89.99898    0.00047   -0.00126         12  0.000e+00
     100828   4201.125     99.386    100.072    22.0360    22.0030   5.179414   5.176491     2.6361     2.2332     100.00   27.59992  -89.99898    0.00038   -0.00129         12  0.000e+00
     100829   4201.167     99.408    100.095    22.0357    22.0069   5.179377   5.176917     2.6361     2.2332     100.00   27.59992  -89.99898    0.00030   -0.00133         12  0.000e+00
     100830   4201.208     99.386    100.072    22.0358    22.0073   5.179347   5.177077     2.6361     2.2332     100.00   27.59992  -89.99898    0.00021   -0.00137         12  0.000e+00
     100831   4201.250     99.408    100.095    22.0364    22.0082   5.179324   5.177154     2.6374     2.2332     100.00   27.59992  -89.99898    0.00015   -0.00140         12  0.000e+00
     100832   4201.292     99.355    100.042    22.0365    22.0094   5.179362   5.177176     2.6361     2.2332     100.00   27.59992  -89.99898    0.00008   -0.00142         12  0.000e+00
     100833   4201.333     99.439    100.126    22.0369    22.0093   5.179332   5.177207     2.6361     2.2332     100.00   27.59992  -89.99898    0.00001   -0.00143         12  0.000e+00
     100834   4201.375     99.355    100.042    22.0370    22.0105   5.179301   5.177481     2.6374     2.2332     100.00   27.59992  -89.99898   -0.00005   -0.00145         12  0.000e+00
