GOMECC/GOMECC-4/1db/rb2103_0871.ros
* Sea-Bird SBE 9 Data File:
* FileName = C:\Users\scs.user.rb\CTD\GOMECC4\data\rb2103_0871.hex
* Software Version Seasave V 7.26.7.107
* Temperature SN = 4799
* Conductivity SN = 3860
* Number of Bytes Per Scan = 41
* Number of Voltage Words = 4
* Number of Scans Averaged by the Deck Unit = 1
* NMEA Latitude = 19 36.52 N
* NMEA Longitude = 093 30.02 W
* NMEA UTC (Time) = Oct 08 2021  13:21:27
* NMEA baud rate = 4800
# nquan = 17
# nvalues = 2527                                  
# units = specified
# name 0 = scan: Scan Count
# name 1 = timeS: Time, Elapsed [seconds]
# name 2 = depSM: Depth [salt water, m]
# name 3 = prDM: Pressure, Digiquartz [db]
# name 4 = t090C: Temperature [ITS-90, deg C]
# name 5 = t190C: Temperature, 2 [ITS-90, deg C]
# name 6 = c0S/m: Conductivity [S/m]
# name 7 = c1S/m: Conductivity, 2 [S/m]
# name 8 = sbeox0V: Oxygen raw, SBE 43 [V]
# name 9 = sbeox1V: Oxygen raw, SBE 43, 2 [V]
# name 10 = altM: Altimeter [m]
# name 11 = latitude: Latitude [deg]
# name 12 = longitude: Longitude [deg]
# name 13 = sbox0dV/dT: Oxygen, SBE 43 [dov/dt]
# name 14 = sbox1dV/dT: Oxygen, SBE 43, 2 [dov/dt]
# name 15 = nbf: Bottles Fired
# name 16 = flag:  0.000e+00
# interval = seconds: 0.0416667
# start_time = Oct 08 2021 13:21:27 [NMEA time, header]
# bad_flag = -9.990e-29
*END*
[from data line 2128]
     101525   4230.167     10.082     10.144    29.6249    29.6242   5.818286   5.818095     3.1160     2.6337     100.00   19.60876  -93.50036   -0.00028   -0.00105         17  0.000e+00
     101526   4230.208      9.980     10.041    29.6249    29.6245   5.818334   5.818175     3.1160     2.6337     100.00   19.60876  -93.50036   -0.00027   -0.00104         17  0.000e+00
     101527   4230.250     10.129     10.191    29.6249    29.6246   5.818350   5.818159     3.1160     2.6337     100.00   19.60876  -93.50036   -0.00025   -0.00104         17  0.000e+00
     101528   4230.292     10.129     10.191    29.6250    29.6241   5.818310   5.818031     3.1172     2.6337     100.00   19.60876  -93.50036   -0.00024   -0.00103         17  0.000e+00
     101529   4230.333     10.129     10.191    29.6250    29.6237   5.818302   5.817967     3.1160     2.6337     100.00   19.60876  -93.50036   -0.00023   -0.00102         17  0.000e+00
     101530   4230.375     10.129     10.191    29.6250    29.6235   5.818302   5.817983     3.1160     2.6337     100.00   19.60876  -93.50036   -0.00022   -0.00101         17  0.000e+00
     101531   4230.417     10.129     10.191    29.6245    29.6233   5.818231   5.817927     3.1172     2.6337     100.00   19.60876  -93.50036   -0.00019   -0.00100         17  0.000e+00
     101532   4230.458     10.129     10.191    29.6243    29.6230   5.818168   5.817871     3.1172     2.6325     100.00   19.60876  -93.50036   -0.00016   -0.00100         17  0.000e+00
     101533   4230.500     10.082     10.144    29.6240    29.6224   5.818121   5.817791     3.1172     2.6325     100.00   19.60876  -93.50036   -0.00013   -0.00099         17  0.000e+00
     101534   4230.542     10.082     10.144    29.6230    29.6220   5.818002   5.817654     3.1160     2.6325     100.00   19.60876  -93.50036   -0.00012   -0.00097         17  0.000e+00
     101535   4230.583     10.129     10.191    29.6230    29.6215   5.817891   5.817510     3.1172     2.6325     100.00   19.60876  -93.50036   -0.00009   -0.00096         17  0.000e+00
     101536   4230.625     10.082     10.144    29.6221    29.6205   5.817797   5.817366     3.1172     2.6325     100.00   19.60876  -93.50036   -0.00006   -0.00095         17  0.000e+00
     101537   4230.667     10.028     10.089    29.6219    29.6194   5.817773   5.817190     3.1172     2.6325     100.00   19.60876  -93.50036   -0.00003   -0.00093         17  0.000e+00
     101538   4230.708     10.082     10.144    29.6221    29.6187   5.817773   5.817102     3.1172     2.6325     100.00   19.60876  -93.50036   -0.00000   -0.00092         17  0.000e+00
     101539   4230.750     10.082     10.144    29.6221    29.6179   5.817773   5.817022     3.1172     2.6325     100.00   19.60876  -93.50036    0.00003   -0.00089         17  0.000e+00
     101540   4230.792     10.028     10.089    29.6221    29.6177   5.817733   5.816966     3.1172     2.6325     100.00   19.60876  -93.50036    0.00005   -0.00085         17  0.000e+00
     101541   4230.833     10.028     10.089    29.6215    29.6176   5.817686   5.816886     3.1172     2.6325     100.00   19.60876  -93.50036    0.00008   -0.00081         17  0.000e+00
     101542   4230.875     10.028     10.089    29.6213    29.6172   5.817678   5.816862     3.1172     2.6325     100.00   19.60876  -93.50036    0.00011   -0.00077         17  0.000e+00
     101543   4230.917     10.028     10.089    29.6211    29.6174   5.817607   5.816790     3.1172     2.6325     100.00   19.60876  -93.50036    0.00013   -0.00073         17  0.000e+00
     101544   4230.958     10.028     10.090    29.6210    29.6172   5.817512   5.816798     3.1172     2.6325     100.00   19.60876  -93.50036    0.00014   -0.00069         17  0.000e+00
     101545   4231.000      9.980     10.042    29.6210    29.6166   5.817520   5.816669     3.1172     2.6337     100.00   19.60876  -93.50036    0.00017   -0.00063         17  0.000e+00
     101546   4231.042     10.028     10.090    29.6206    29.6161   5.817465   5.816621     3.1172     2.6337     100.00   19.60876  -93.50036    0.00019   -0.00057         17  0.000e+00
     101547   4231.083      9.981     10.042    29.6199    29.6155   5.817330   5.816509     3.1172     2.6337     100.00   19.60876  -93.50036    0.00022   -0.00051         17  0.000e+00
     101548   4231.125      9.981     10.042    29.6178    29.6151   5.817117   5.816509     3.1172     2.6337     100.00   19.60876  -93.50036    0.00022   -0.00045         17  0.000e+00
     101549   4231.167      9.981     10.042    29.6158    29.6152   5.816841   5.816525     3.1172     2.6337     100.00   19.60876  -93.50036    0.00025   -0.00038         17  0.000e+00
     101550   4231.208      9.981     10.042    29.6143    29.6151   5.816556   5.816453     3.1172     2.6349     100.00   19.60876  -93.50036    0.00027   -0.00030         17  0.000e+00
     101551   4231.250      9.981     10.042    29.6136    29.6148   5.816374   5.816429     3.1172     2.6349     100.00   19.60876  -93.50036    0.00027   -0.00024         17  0.000e+00
     101552   4231.292      9.933      9.994    29.6144    29.6146   5.816414   5.816357     3.1172     2.6349     100.00   19.60876  -93.50036    0.00030   -0.00017         17  0.000e+00
     101553   4231.333      9.933      9.994    29.6154    29.6146   5.816651   5.816365     3.1172     2.6349     100.00   19.60876  -93.50036    0.00030   -0.00010         17  0.000e+00
     101554   4231.375      9.933      9.994    29.6164    29.6144   5.816762   5.816341     3.1172     2.6349     100.00   19.60876  -93.50036    0.00032   -0.00002         17  0.000e+00
     101555   4231.417      9.981     10.042    29.6145    29.6144   5.816517   5.816365     3.1172     2.6349     100.00   19.60876  -93.50036    0.00034    0.00005         17  0.000e+00
     101556   4231.458      9.933      9.994    29.6128    29.6146   5.816295   5.816381     3.1172     2.6361     100.00   19.60876  -93.50036    0.00034    0.00013         17  0.000e+00
     101557   4231.500      9.879      9.940    29.6125    29.6144   5.816137   5.816309     3.1160     2.6349     100.00   19.60876  -93.50036    0.00035    0.00020         17  0.000e+00
     101558   4231.542      9.933      9.994    29.6125    29.6140   5.816106   5.816141     3.1160     2.6349     100.00   19.60876  -93.50036    0.00035    0.00025         17  0.000e+00
     101559   4231.583      9.879      9.940    29.6122    29.6142   5.816066   5.816205     3.1172     2.6349     100.00   19.60876  -93.50036    0.00037    0.00030         17  0.000e+00
     101560   4231.625      9.933      9.995    29.6117    29.6148   5.815948   5.816309     3.1172     2.6349     100.00   19.60876  -93.50036    0.00039    0.00035         17  0.000e+00
     101561   4231.667      9.879      9.940    29.6113    29.6150   5.815845   5.816365     3.1172     2.6349     100.00   19.60876  -93.50036    0.00040    0.00040         17  0.000e+00
     101562   4231.708      9.934      9.995    29.6112    29.6150   5.815782   5.816341     3.1160     2.6349     100.00   19.60876  -93.50036    0.00041    0.00044         17  0.000e+00
     101563   4231.750      9.879      9.940    29.6110    29.6142   5.815806   5.816333     3.1160     2.6349     100.00   19.60876  -93.50036    0.00041    0.00047         17  0.000e+00
     101564   4231.792      9.879      9.940    29.6106    29.6142   5.815711   5.816333     3.1172     2.6349     100.00   19.60876  -93.50036    0.00043    0.00050         17  0.000e+00
     101565   4231.833      9.778      9.838    29.6104    29.6146   5.815679   5.816365     3.1160     2.6349     100.00   19.60876  -93.50036    0.00043    0.00053         17  0.000e+00
     101566   4231.875      9.981     10.042    29.6108    29.6146   5.815640   5.816269     3.1160     2.6349     100.00   19.60876  -93.50036    0.00043    0.00056         17  0.000e+00
     101567   4231.917      9.879      9.940    29.6105    29.6146   5.815632   5.816277     3.1172     2.6337     100.00   19.60876  -93.50036    0.00044    0.00056         17  0.000e+00
     101568   4231.958      9.880      9.940    29.6110    29.6146   5.815735   5.816293     3.1160     2.6337     100.00   19.60876  -93.50036    0.00045    0.00055         17  0.000e+00
     101569   4232.000      9.880      9.940    29.6108    29.6146   5.815735   5.816293     3.1160     2.6337     100.00   19.60876  -93.50036    0.00045    0.00055         17  0.000e+00
     101570   4232.042      9.880      9.940    29.6110    29.6140   5.815687   5.816173     3.1148     2.6325     100.00   19.60876  -93.50036    0.00043    0.00052         17  0.000e+00
     101571   4232.083      9.832      9.893    29.6108    29.6137   5.815679   5.816069     3.1160     2.6337     100.00   19.60876  -93.50036    0.00043    0.00052         17  0.000e+00
     101572   4232.125      9.880      9.940    29.6110    29.6135   5.815679   5.816085     3.1160     2.6325     100.00   19.60876  -93.50036    0.00043    0.00050         17  0.000e+00
     101573   4232.167      9.880      9.940    29.6108    29.6135   5.815711   5.816101     3.1148     2.6325     100.00   19.60876  -93.50036    0.00041    0.00047         17  0.000e+00
     101574   4232.208      9.880      9.940    29.6110    29.6135   5.815687   5.816101     3.1160     2.6325     100.00   19.60876  -93.50036    0.00041    0.00047         17  0.000e+00
     101575   4232.250      9.880      9.940    29.6108    29.6131   5.815711   5.816093     3.1160     2.6313     100.00   19.60876  -93.50036    0.00042    0.00043         17  0.000e+00
     101576   4232.292      9.880      9.940    29.6112    29.6131   5.815687   5.816021     3.1148     2.6313     100.00   19.60876  -93.50036    0.00040    0.00041         17  0.000e+00
     101577   4232.333      9.880      9.940    29.6108    29.6131   5.815679   5.816037     3.1160     2.6313     100.00   19.60876  -93.50036    0.00040    0.00037         17  0.000e+00
     101578   4232.375      9.880      9.940    29.6108    29.6129   5.815719   5.816013     3.1160     2.6300     100.00   19.60876  -93.50036    0.00040    0.00031         17  0.000e+00
     101579   4232.417      9.934      9.995    29.6108    29.6129   5.815687   5.815957     3.1160     2.6300     100.00   19.60876  -93.50036    0.00040    0.00025         17  0.000e+00
     101580   4232.458      9.880      9.941    29.6106    29.6127   5.815640   5.815949     3.1160     2.6300     100.00   19.60876  -93.50036    0.00040    0.00020         17  0.000e+00
     101581   4232.500      9.880      9.941    29.6104    29.6129   5.815632   5.816029     3.1160     2.6313     100.00   19.60876  -93.50036    0.00041    0.00016         17  0.000e+00
     101582   4232.542      9.934      9.995    29.6108    29.6129   5.815663   5.815941     3.1160     2.6313     100.00   19.60876  -93.50036    0.00041    0.00013         17  0.000e+00
     101583   4232.583      9.880      9.941    29.6112    29.6129   5.815750   5.815981     3.1160     2.6300     100.00   19.60876  -93.50036    0.00041    0.00007         17  0.000e+00
     101584   4232.625      9.934      9.995    29.6116    29.6129   5.815877   5.815997     3.1160     2.6313     100.00   19.60876  -93.50036    0.00041    0.00004         17  0.000e+00
     101585   4232.667      9.934      9.995    29.6123    29.6129   5.815987   5.815997     3.1160     2.6313     100.00   19.60876  -93.50036    0.00041    0.00000         17  0.000e+00
     101586   4232.708      9.880      9.941    29.6136    29.6127   5.816043   5.816005     3.1160     2.6313     100.00   19.60876  -93.50036    0.00041   -0.00003         17  0.000e+00
     101587   4232.750      9.934      9.995    29.6134    29.6127   5.816090   5.815965     3.1160     2.6313     100.00   19.60876  -93.50036    0.00041   -0.00008         17  0.000e+00
     101588   4232.792      9.982     10.043    29.6136    29.6127   5.816137   5.816021     3.1160     2.6325     100.00   19.60876  -93.50036    0.00042   -0.00012         17  0.000e+00
     101589   4232.833      9.927      9.988    29.6136    29.6127   5.816153   5.816013     3.1160     2.6313     100.00   19.60876  -93.50036    0.00042   -0.00015         17  0.000e+00
     101590   4232.875      9.982     10.043    29.6138    29.6131   5.816153   5.816077     3.1160     2.6325     100.00   19.60876  -93.50036    0.00042   -0.00017         17  0.000e+00
     101591   4232.917      9.934      9.995    29.6132    29.6133   5.816185   5.816101     3.1160     2.6325     100.00   19.60876  -93.50036    0.00040   -0.00021         17  0.000e+00
     101592   4232.958      9.982     10.043    29.6137    29.6133   5.816090   5.816053     3.1160     2.6325     100.00   19.60876  -93.50036    0.00039   -0.00024         17  0.000e+00
     101593   4233.000      9.982     10.043    29.6134    29.6133   5.816090   5.816085     3.1160     2.6325     100.00   19.60876  -93.50036    0.00037   -0.00026         17  0.000e+00
     101594   4233.042      9.982     10.043    29.6132    29.6135   5.816106   5.816061     3.1160     2.6325     100.00   19.60876  -93.50036    0.00035   -0.00028         17  0.000e+00
     101595   4233.083      9.982     10.043    29.6132    29.6131   5.816106   5.816085     3.1160     2.6325     100.00   19.60876  -93.50036    0.00035   -0.00029         17  0.000e+00
     101596   4233.125      9.982     10.043    29.6132    29.6135   5.816035   5.816061     3.1160     2.6325     100.00   19.60876  -93.50036    0.00033   -0.00031         17  0.000e+00
     101597   4233.167      9.982     10.043    29.6128    29.6133   5.816043   5.815797     3.1160     2.6325     100.00   19.60876  -93.50036    0.00032   -0.00033         17  0.000e+00
     101598   4233.208     10.029     10.091    29.6126    29.6138   5.815987   5.815789     3.1148     2.6313     100.00   19.60876  -93.50036    0.00028   -0.00036         17  0.000e+00
     101599   4233.250     10.029     10.091    29.6123    29.6142   5.815964   5.816173     3.1148     2.6313     100.00   19.60876  -93.50036    0.00024   -0.00040         17  0.000e+00
     101600   4233.292     10.029     10.091    29.6127    29.6139   5.816106   5.816181     3.1160     2.6313     100.00   19.60876  -93.50036    0.00022   -0.00041         17  0.000e+00
     101601   4233.333     10.029     10.091    29.6139    29.6137   5.816327   5.816101     3.1160     2.6313     100.00   19.60876  -93.50036    0.00021   -0.00043         17  0.000e+00
     101602   4233.375     10.029     10.091    29.6154    29.6135   5.816533   5.816093     3.1148     2.6313     100.00   19.60876  -93.50036    0.00017   -0.00045         17  0.000e+00
     101603   4233.417     10.029     10.091    29.6160    29.6137   5.816556   5.816133     3.1148     2.6313     100.00   19.60876  -93.50036    0.00015   -0.00046         17  0.000e+00
     101604   4233.458     10.084     10.146    29.6149    29.6131   5.816359   5.816109     3.1148     2.6300     100.00   19.60876  -93.50036    0.00010   -0.00049         17  0.000e+00
     101605   4233.500     10.029     10.091    29.6143    29.6135   5.816256   5.816101     3.1160     2.6313     100.00   19.60876  -93.50036    0.00008   -0.00049         17  0.000e+00
     101606   4233.542     10.084     10.146    29.6134    29.6131   5.816177   5.816053     3.1148     2.6313     100.00   19.60876  -93.50036    0.00002   -0.00050         17  0.000e+00
     101607   4233.583     10.084     10.146    29.6140    29.6133   5.816296   5.816045     3.1148     2.6313     100.00   19.60876  -93.50036   -0.00001   -0.00051         17  0.000e+00
     101608   4233.625     10.084     10.146    29.6145    29.6133   5.816343   5.816085     3.1148     2.6313      92.48   19.60876  -93.50036   -0.00005   -0.00052         17  0.000e+00
