GOMECC/GOMECC-4/1db/rb2103_0451.ros
* Sea-Bird SBE 9 Data File:
* FileName = C:\Users\scs.user.rb\CTD\GOMECC4\data\rb2103_0451.hex
* Software Version Seasave V 7.26.7.107
* Temperature SN = 4799
* Conductivity SN = 3860
* Number of Bytes Per Scan = 41
* Number of Voltage Words = 4
* Number of Scans Averaged by the Deck Unit = 1
* NMEA Latitude = 28 56.09 N
* NMEA Longitude = 090 07.39 W
* NMEA UTC (Time) = Sep 26 2021  12:09:32
* NMEA baud rate = 4800
# nquan = 17
# nvalues = 931                                   
# units = specified
# name 0 = scan: Scan Count
# name 1 = timeS: Time, Elapsed [seconds]
# name 2 = depSM: Depth [salt water, m]
# name 3 = prDM: Pressure, Digiquartz [db]
# name 4 = t090C: Temperature [ITS-90, deg C]
# name 5 = t190C: Temperature, 2 [ITS-90, deg C]
# name 6 = c0S/m: Conductivity [S/m]
# name 7 = c1S/m: Conductivity, 2 [S/m]
# name 8 = sbeox0V: Oxygen raw, SBE 43 [V]
# name 9 = sbeox1V: Oxygen raw, SBE 43, 2 [V]
# name 10 = altM: Altimeter [m]
# name 11 = latitude: Latitude [deg]
# name 12 = longitude: Longitude [deg]
# name 13 = sbox0dV/dT: Oxygen, SBE 43 [dov/dt]
# name 14 = sbox1dV/dT: Oxygen, SBE 43, 2 [dov/dt]
# name 15 = nbf: Bottles Fired
# name 16 = flag:  0.000e+00
# interval = seconds: 0.0416667
# start_time = Sep 26 2021 12:09:32 [NMEA time, header]
# bad_flag = -9.990e-29
*END*
[from data line 766]
      28487   1186.917      3.839      3.865    26.4714    26.4036   4.120740   4.091916     3.2662     2.7937      20.98   28.93812  -90.12980   -0.00117    0.00065          6  0.000e+00
      28488   1186.958      3.824      3.850    26.4726    26.4047   4.120897   4.092103     3.2662     2.7937      20.98   28.93812  -90.12980   -0.00121    0.00061          6  0.000e+00
      28489   1187.000      3.839      3.865    26.4739    26.4043   4.120863   4.092137     3.2662     2.7937      21.00   28.93812  -90.12980   -0.00125    0.00059          6  0.000e+00
      28490   1187.042      3.779      3.804    26.4745    26.4045   4.121082   4.092497     3.2662     2.7937      21.00   28.93812  -90.12980   -0.00129    0.00057          6  0.000e+00
      28491   1187.083      3.824      3.850    26.4752    26.4057   4.121164   4.092988     3.2662     2.7937      21.00   28.93812  -90.12980   -0.00132    0.00055          6  0.000e+00
      28492   1187.125      3.839      3.865    26.4768    26.4073   4.120754   4.093113     3.2662     2.7937      21.00   28.93812  -90.12980   -0.00136    0.00051          6  0.000e+00
      28493   1187.167      3.824      3.850    26.4779    26.4074   4.120247   4.092795     3.2650     2.7937      21.00   28.93812  -90.12980   -0.00141    0.00048          6  0.000e+00
      28494   1187.208      3.839      3.865    26.4783    26.4063   4.119768   4.092338     3.2650     2.7937      20.98   28.93812  -90.12980   -0.00146    0.00046          6  0.000e+00
      28495   1187.250      3.839      3.865    26.4766    26.4041   4.119549   4.091902     3.2662     2.7937      21.00   28.93812  -90.12980   -0.00149    0.00044          6  0.000e+00
      28496   1187.292      3.824      3.850    26.4748    26.4037   4.119515   4.091633     3.2662     2.7937      21.00   28.93812  -90.12980   -0.00152    0.00040          6  0.000e+00
      28497   1187.333      3.839      3.865    26.4725    26.4074   4.119433   4.091633     3.2662     2.7937      21.00   28.93812  -90.12980   -0.00154    0.00036          6  0.000e+00
      28498   1187.375      3.839      3.865    26.4704    26.4109   4.119624   4.091715     3.2650     2.7937      20.98   28.93812  -90.12980   -0.00158    0.00034          6  0.000e+00
      28499   1187.417      3.824      3.850    26.4697    26.4147   4.119857   4.091460     3.2662     2.7937      21.00   28.93812  -90.12980   -0.00163    0.00030          6  0.000e+00
      28500   1187.458      3.839      3.865    26.4706    26.4200   4.120418   4.090858     3.2662     2.7937      21.00   28.93812  -90.12980   -0.00165    0.00026          6  0.000e+00
      28501   1187.500      3.877      3.903    26.4716    26.4175   4.121185   4.090560     3.2650     2.7937      20.98   28.93812  -90.12980   -0.00169    0.00022          6  0.000e+00
      28502   1187.542      3.839      3.865    26.4726    26.4127   4.121671   4.090969     3.2650     2.7924      21.00   28.93812  -90.12980   -0.00172    0.00018          6  0.000e+00
      28503   1187.583      3.839      3.865    26.4750    26.4171   4.122020   4.091895     3.2662     2.7937      21.00   28.93812  -90.12980   -0.00174    0.00015          6  0.000e+00
      28504   1187.625      3.824      3.850    26.4772    26.4242   4.122492   4.092822     3.2662     2.7937      21.00   28.93812  -90.12980   -0.00176    0.00013          6  0.000e+00
      28505   1187.667      3.892      3.918    26.4757    26.4163   4.122794   4.092940     3.2662     2.7937      21.00   28.93812  -90.12980   -0.00177    0.00011          6  0.000e+00
      28506   1187.708      3.892      3.918    26.4724    26.4098   4.122472   4.092283     3.2662     2.7937      20.98   28.93812  -90.12980   -0.00179    0.00008          6  0.000e+00
      28507   1187.750      3.877      3.903    26.4683    26.4054   4.121212   4.091114     3.2662     2.7937      21.00   28.93812  -90.12980   -0.00180    0.00006          6  0.000e+00
      28508   1187.792      3.839      3.865    26.4654    26.4015   4.119084   4.090422     3.2662     2.7937      21.00   28.93812  -90.12980   -0.00181    0.00004          6  0.000e+00
      28509   1187.833      3.937      3.964    26.4597    26.4066   4.116579   4.090810     3.2662     2.7937      20.98   28.93812  -90.12980   -0.00182    0.00001          6  0.000e+00
      28510   1187.875      3.839      3.865    26.4553    26.4163   4.114985   4.091923     3.2662     2.7949      20.98   28.93812  -90.12980   -0.00183    0.00001          6  0.000e+00
      28511   1187.917      3.892      3.918    26.4563    26.4214   4.115067   4.093272     3.2662     2.7949      21.00   28.93812  -90.12980   -0.00183    0.00000          6  0.000e+00
      28512   1187.958      3.877      3.903    26.4583    26.4167   4.116107   4.093154     3.2662     2.7937      20.98   28.93812  -90.12980   -0.00184   -0.00002          6  0.000e+00
      28513   1188.000      3.892      3.918    26.4597    26.4050   4.117818   4.091183     3.2662     2.7949      20.93   28.93812  -90.12980   -0.00184   -0.00003          6  0.000e+00
      28514   1188.042      3.892      3.918    26.4634    26.3950   4.120014   4.088846     3.2662     2.7937      20.90   28.93812  -90.12980   -0.00186   -0.00005          6  0.000e+00
      28515   1188.083      3.877      3.903    26.4667    26.3897   4.121534   4.087283     3.2662     2.7949      20.90   28.93812  -90.12980   -0.00188   -0.00006          6  0.000e+00
      28516   1188.125      3.892      3.918    26.4687    26.3891   4.121842   4.086958     3.2662     2.7937      20.90   28.93812  -90.12980   -0.00188   -0.00008          6  0.000e+00
      28517   1188.167      3.877      3.903    26.4694    26.3948   4.121466   4.087975     3.2674     2.7949      20.90   28.93812  -90.12980   -0.00186   -0.00007          6  0.000e+00
      28518   1188.208      3.892      3.918    26.4674    26.4037   4.120617   4.089807     3.2674     2.7937      20.90   28.93812  -90.12980   -0.00184   -0.00008          6  0.000e+00
      28578   1190.708      3.764      3.789    26.4531    26.3629   4.114574   4.072886     3.2650     2.7937      20.95   28.93812  -90.12982    0.00010   -0.00048          7  0.000e+00
      28579   1190.750      4.005      4.032    26.4548    26.3773   4.114841   4.078093     3.2650     2.7937      20.95   28.93812  -90.12982    0.00006   -0.00045          7  0.000e+00
      28580   1190.792      3.892      3.918    26.4543    26.3871   4.114691   4.082231     3.2637     2.7949      20.95   28.93812  -90.12984    0.00001   -0.00041          7  0.000e+00
      28581   1190.833      3.711      3.736    26.4538    26.3919   4.114321   4.084387     3.2650     2.7937      20.95   28.93812  -90.12984   -0.00002   -0.00039          7  0.000e+00
      28582   1190.875      3.839      3.865    26.4538    26.3930   4.113911   4.085161     3.2637     2.7949      20.95   28.93812  -90.12984   -0.00007   -0.00035          7  0.000e+00
      28583   1190.917      3.877      3.903    26.4542    26.3950   4.113500   4.085790     3.2637     2.7949      20.95   28.93812  -90.12984   -0.00012   -0.00030          7  0.000e+00
      28584   1190.958      3.779      3.804    26.4536    26.3972   4.112762   4.086758     3.2637     2.7949      20.95   28.93812  -90.12984   -0.00017   -0.00028          7  0.000e+00
      28585   1191.000      3.839      3.865    26.4527    26.3995   4.111955   4.087829     3.2637     2.7961      21.00   28.93812  -90.12984   -0.00021   -0.00024          7  0.000e+00
      28586   1191.042      3.824      3.850    26.4515    26.4012   4.111195   4.088362     3.2637     2.7961      21.03   28.93812  -90.12984   -0.00026   -0.00019          7  0.000e+00
      28587   1191.083      3.779      3.804    26.4505    26.4015   4.110737   4.088258     3.2650     2.7961      21.03   28.93812  -90.12984   -0.00029   -0.00017          7  0.000e+00
      28588   1191.125      3.839      3.865    26.4496    26.4019   4.110436   4.087961     3.2650     2.7961      21.03   28.93812  -90.12984   -0.00032   -0.00014          7  0.000e+00
      28589   1191.167      3.764      3.789    26.4485    26.4015   4.109527   4.087829     3.2650     2.7973      21.03   28.93812  -90.12984   -0.00034   -0.00010          7  0.000e+00
      28590   1191.208      3.779      3.804    26.4474    26.4001   4.107489   4.087864     3.2650     2.7973      21.03   28.93812  -90.12984   -0.00037   -0.00007          7  0.000e+00
      28591   1191.250      3.824      3.850    26.4409    26.3993   4.104202   4.087829     3.2650     2.7973      21.03   28.93812  -90.12984   -0.00040   -0.00003          7  0.000e+00
      28592   1191.292      3.779      3.804    26.4298    26.3992   4.100546   4.087594     3.2650     2.7973      21.03   28.93812  -90.12984   -0.00043    0.00001          7  0.000e+00
      28593   1191.333      3.779      3.804    26.4175    26.3990   4.097486   4.087580     3.2662     2.7973      21.03   28.93812  -90.12984   -0.00045    0.00005          7  0.000e+00
      28594   1191.375      3.824      3.850    26.4130    26.4003   4.095465   4.088023     3.2662     2.7985      21.03   28.93812  -90.12984   -0.00048    0.00010          7  0.000e+00
      28595   1191.417      3.726      3.751    26.4137    26.4025   4.093901   4.088700     3.2662     2.7973      21.03   28.93812  -90.12984   -0.00049    0.00013          7  0.000e+00
      28596   1191.458      3.779      3.804    26.4134    26.4030   4.092270   4.089171     3.2662     2.7985      21.03   28.93812  -90.12984   -0.00050    0.00018          7  0.000e+00
      28597   1191.500      3.824      3.850    26.4099    26.4037   4.091184   4.089440     3.2662     2.7985      21.03   28.93812  -90.12984   -0.00051    0.00023          7  0.000e+00
      28598   1191.542      3.726      3.751    26.4050    26.4037   4.090884   4.089731     3.2662     2.7985      21.03   28.93812  -90.12984   -0.00054    0.00028          7  0.000e+00
      28599   1191.583      3.824      3.850    26.4047    26.4048   4.090802   4.090042     3.2662     2.7985      21.03   28.93812  -90.12984   -0.00055    0.00032          7  0.000e+00
      28600   1191.625      3.779      3.804    26.4038    26.4059   4.091000   4.090360     3.2662     2.7985      21.03   28.93812  -90.12984   -0.00056    0.00037          7  0.000e+00
      28601   1191.667      3.726      3.751    26.4025    26.4068   4.091710   4.090816     3.2674     2.7985      21.03   28.93812  -90.12984   -0.00057    0.00041          7  0.000e+00
      28602   1191.708      3.764      3.789    26.4034    26.4077   4.092707   4.091155     3.2662     2.7985      21.03   28.93812  -90.12984   -0.00060    0.00043          7  0.000e+00
      28603   1191.750      3.779      3.804    26.4050    26.4077   4.093765   4.091494     3.2662     2.7985      21.03   28.93812  -90.12984   -0.00061    0.00047          7  0.000e+00
      28604   1191.792      3.779      3.804    26.4058    26.4070   4.094727   4.091646     3.2674     2.7985      21.03   28.93812  -90.12984   -0.00060    0.00051          7  0.000e+00
      28605   1191.833      3.763      3.789    26.4063    26.4054   4.095547   4.091411     3.2674     2.7985      21.03   28.93812  -90.12984   -0.00060    0.00055          7  0.000e+00
      28606   1191.875      3.779      3.804    26.4106    26.4036   4.096250   4.091121     3.2674     2.7985      21.03   28.93812  -90.12984   -0.00059    0.00058          7  0.000e+00
      28607   1191.917      3.763      3.789    26.4143    26.4018   4.096899   4.090754     3.2674     2.7985      21.03   28.93812  -90.12984   -0.00059    0.00062          7  0.000e+00
      28608   1191.958      3.779      3.804    26.4170    26.3981   4.097329   4.090256     3.2674     2.7985      21.03   28.93812  -90.12984   -0.00058    0.00065          7  0.000e+00
      28609   1192.000      3.726      3.751    26.4166    26.3977   4.097179   4.089987     3.2674     2.7985      21.05   28.93812  -90.12984   -0.00058    0.00068          7  0.000e+00
      28610   1192.042      3.824      3.850    26.4144    26.3993   4.096885   4.090215     3.2674     2.7985      21.03   28.93812  -90.12984   -0.00057    0.00073          7  0.000e+00
      28611   1192.083      3.726      3.751    26.4153    26.4001   4.096899   4.090927     3.2674     2.7985      21.05   28.93812  -90.12984   -0.00057    0.00078          7  0.000e+00
      28612   1192.125      3.779      3.804    26.4170    26.4015   4.097056   4.091605     3.2674     2.7985      21.03   28.93812  -90.12984   -0.00057    0.00080          7  0.000e+00
      28613   1192.167      3.763      3.789    26.4184    26.4055   4.096885   4.087670     3.2674     2.7985      21.05   28.93812  -90.12984   -0.00056    0.00085          7  0.000e+00
      28614   1192.208      3.779      3.804    26.4170    26.4015   4.096332   4.076518     3.2674     2.7985      21.03   28.93812  -90.12984   -0.00056    0.00087          7  0.000e+00
      28615   1192.250      3.824      3.850    26.4155    26.3806   4.095608   4.067544     3.2674     2.7985      21.03   28.93812  -90.12984   -0.00056    0.00092          7  0.000e+00
      28616   1192.292      3.779      3.804    26.4155    26.3709   4.094673   4.065571     3.2674     2.7985      21.03   28.93812  -90.12984   -0.00056    0.00094          7  0.000e+00
      28617   1192.333      3.779      3.804    26.4152    26.3578   4.092945   4.061137     3.2674     2.7985      21.03   28.93812  -90.12984   -0.00054    0.00098          7  0.000e+00
      28618   1192.375      3.824      3.850    26.4137    26.3126   4.091041   4.055960     3.2674     2.7985      21.03   28.93812  -90.12984   -0.00052    0.00100          7  0.000e+00
      28619   1192.417      3.779      3.804    26.4130    26.2989   4.090331   4.061213     3.2674     2.7985      21.03   28.93812  -90.12984   -0.00050    0.00104          7  0.000e+00
      28620   1192.458      3.824      3.850    26.4101    26.3366   4.090495   4.073197     3.2674     2.7985      21.03   28.93812  -90.12984   -0.00048    0.00105          7  0.000e+00
      28621   1192.500      3.839      3.865    26.4054    26.3726   4.091082   4.082314     3.2662     2.7998      21.03   28.93812  -90.12984   -0.00048    0.00110          7  0.000e+00
      28622   1192.542      3.779      3.804    26.4068    26.3786   4.091812   4.080179     3.2662     2.7998      21.03   28.93812  -90.12984   -0.00047    0.00116          7  0.000e+00
      28623   1192.583      3.824      3.850    26.4103    26.3366   4.092932   4.064164     3.2662     2.7998      21.05   28.93812  -90.12984   -0.00047    0.00120          7  0.000e+00
      28624   1192.625      3.892      3.918    26.4132    26.2944   4.095444   4.047590     3.2662     2.7998      21.03   28.93812  -90.12984   -0.00047    0.00125          7  0.000e+00
      28625   1192.667      3.839      3.865    26.4223    26.2682   4.099631   4.037149     3.2662     2.7985      21.03   28.93812  -90.12984   -0.00045    0.00128          7  0.000e+00
      28626   1192.708      3.824      3.850    26.4338    26.2553   4.103887   4.029819     3.2650     2.7985      21.03   28.93812  -90.12984   -0.00046    0.00131          7  0.000e+00
      28627   1192.750      3.839      3.865    26.4427    26.2383   4.107476   4.027840     3.2650     2.7985      21.03   28.93812  -90.12984   -0.00046    0.00133          7  0.000e+00
      28628   1192.792      3.824      3.850    26.4490    26.2306   4.110341   4.029125     3.2650     2.7998      21.05   28.93814  -90.12984   -0.00045    0.00138          7  0.000e+00
      28629   1192.833      3.839      3.865    26.4512    26.2177   4.112194   4.023896     3.2650     2.7998      21.03   28.93814  -90.12984   -0.00044    0.00142          7  0.000e+00
      28630   1192.875      3.839      3.865    26.4529    26.1789   4.113199   4.013521     3.2650     2.7998      21.03   28.93814  -90.12984   -0.00043    0.00146          7  0.000e+00
