GOMECC/GOMECC-4/1db/rb2103_0251.ros
* Sea-Bird SBE 9 Data File:
* FileName = C:\Users\scs.user.rb\CTD\GOMECC4\data\rb2103_0251.hex
* Software Version Seasave V 7.26.7.107
* Temperature SN = 4799
* Conductivity SN = 3860
* Number of Bytes Per Scan = 41
* Number of Voltage Words = 4
* Number of Scans Averaged by the Deck Unit = 1
* NMEA Latitude = 28 30.98 N
* NMEA Longitude = 086 12.21 W
* NMEA UTC (Time) = Sep 21 2021  08:11:51
* NMEA baud rate = 4800
# nquan = 17
# nvalues = 2128                                  
# units = specified
# name 0 = scan: Scan Count
# name 1 = timeS: Time, Elapsed [seconds]
# name 2 = depSM: Depth [salt water, m]
# name 3 = prDM: Pressure, Digiquartz [db]
# name 4 = t090C: Temperature [ITS-90, deg C]
# name 5 = t190C: Temperature, 2 [ITS-90, deg C]
# name 6 = c0S/m: Conductivity [S/m]
# name 7 = c1S/m: Conductivity, 2 [S/m]
# name 8 = sbeox0V: Oxygen raw, SBE 43 [V]
# name 9 = sbeox1V: Oxygen raw, SBE 43, 2 [V]
# name 10 = altM: Altimeter [m]
# name 11 = latitude: Latitude [deg]
# name 12 = longitude: Longitude [deg]
# name 13 = sbox0dV/dT: Oxygen, SBE 43 [dov/dt]
# name 14 = sbox1dV/dT: Oxygen, SBE 43, 2 [dov/dt]
# name 15 = nbf: Bottles Fired
# name 16 = flag:  0.000e+00
# interval = seconds: 0.0416667
# start_time = Sep 21 2021 08:11:51 [NMEA time, header]
# bad_flag = -9.990e-29
*END*
      24953   1039.667    396.737    399.796     9.8758     9.8772   3.833607   3.833744     1.6068     1.3126       9.57   28.51666  -86.20302    0.00015    0.00018          1  0.000e+00
      24954   1039.708    396.343    399.397     9.8756     9.8776   3.833620   3.833757     1.6056     1.3126       9.57   28.51666  -86.20302    0.00014    0.00017          1  0.000e+00
      24955   1039.750    396.289    399.344     9.8756     9.8776   3.833594   3.833777     1.6068     1.3126       9.57   28.51666  -86.20302    0.00013    0.00016          1  0.000e+00
      24956   1039.792    396.403    399.459     9.8756     9.8781   3.833607   3.833764     1.6068     1.3126       9.57   28.51666  -86.20302    0.00012    0.00016          1  0.000e+00
      24957   1039.833    396.418    399.474     9.8754     9.8779   3.833594   3.833757     1.6068     1.3138       9.57   28.51666  -86.20302    0.00013    0.00018          1  0.000e+00
      24958   1039.875    396.403    399.459     9.8756     9.8779   3.833587   3.833703     1.6056     1.3138       9.57   28.51666  -86.20302    0.00012    0.00020          1  0.000e+00
      24959   1039.917    396.403    399.459     9.8756     9.8776   3.833633   3.833710     1.6068     1.3138       9.57   28.51666  -86.20302    0.00013    0.00022          1  0.000e+00
      24960   1039.958    396.403    399.459     9.8758     9.8775   3.833653   3.833744     1.6068     1.3138       9.57   28.51666  -86.20302    0.00012    0.00022          1  0.000e+00
      24961   1040.000    396.403    399.459     9.8760     9.8774   3.833653   3.833703     1.6068     1.3138       9.57   28.51666  -86.20302    0.00011    0.00023          1  0.000e+00
      24962   1040.042    396.403    399.459     9.8760     9.8775   3.833653   3.833690     1.6068     1.3138       9.57   28.51666  -86.20302    0.00012    0.00023          1  0.000e+00
      24963   1040.083    396.418    399.474     9.8758     9.8772   3.833653   3.833690     1.6068     1.3126       9.57   28.51666  -86.20302    0.00012    0.00023          1  0.000e+00
      24964   1040.125    396.403    399.459     9.8760     9.8773   3.833653   3.833690     1.6068     1.3138       9.57   28.51666  -86.20302    0.00013    0.00023          1  0.000e+00
      24965   1040.167    396.403    399.459     9.8760     9.8771   3.833653   3.833690     1.6068     1.3126       9.57   28.51666  -86.20302    0.00014    0.00023          1  0.000e+00
      24966   1040.208    396.403    399.459     9.8758     9.8771   3.833673   3.833737     1.6068     1.3126       9.57   28.51666  -86.20302    0.00013    0.00021          1  0.000e+00
      24967   1040.250    396.403    399.459     9.8761     9.8775   3.833660   3.833730     1.6068     1.3126       9.57   28.51666  -86.20302    0.00012    0.00019          1  0.000e+00
      24968   1040.292    396.403    399.459     9.8761     9.8771   3.833653   3.833697     1.6068     1.3138       9.57   28.51666  -86.20302    0.00012    0.00021          1  0.000e+00
      24969   1040.333    396.472    399.528     9.8760     9.8771   3.833653   3.833663     1.6056     1.3138       9.57   28.51666  -86.20302    0.00010    0.00021          1  0.000e+00
      24970   1040.375    396.403    399.459     9.8763     9.8769   3.833653   3.833629     1.6056     1.3126       9.57   28.51666  -86.20302    0.00009    0.00021          1  0.000e+00
      24971   1040.417    396.343    399.397     9.8761     9.8765   3.833653   3.833622     1.6068     1.3126       9.57   28.51666  -86.20302    0.00008    0.00020          1  0.000e+00
      24972   1040.458    396.456    399.512     9.8763     9.8766   3.833627   3.833622     1.6068     1.3138       9.57   28.51666  -86.20302    0.00008    0.00022          1  0.000e+00
      24973   1040.500    396.403    399.459     9.8761     9.8766   3.833667   3.833569     1.6068     1.3138       9.57   28.51666  -86.20302    0.00009    0.00024          1  0.000e+00
      24974   1040.542    396.403    399.459     9.8764     9.8763   3.833660   3.833629     1.6056     1.3138       9.60   28.51666  -86.20302    0.00008    0.00025          1  0.000e+00
      24975   1040.583    396.358    399.413     9.8766     9.8759   3.833673   3.833629     1.6068     1.3126       9.57   28.51666  -86.20302    0.00009    0.00023          1  0.000e+00
      24976   1040.625    396.456    399.512     9.8763     9.8763   3.833660   3.833622     1.6068     1.3126       9.57   28.51666  -86.20302    0.00008    0.00021          1  0.000e+00
      24977   1040.667    396.403    399.459     9.8764     9.8763   3.833653   3.833622     1.6068     1.3126       9.57   28.51666  -86.20302    0.00008    0.00019          1  0.000e+00
      24978   1040.708    396.403    399.459     9.8763     9.8763   3.833673   3.833643     1.6068     1.3126       9.57   28.51666  -86.20302    0.00009    0.00018          1  0.000e+00
      24979   1040.750    396.403    399.459     9.8764     9.8765   3.833660   3.833602     1.6068     1.3126       9.57   28.51666  -86.20302    0.00010    0.00018          1  0.000e+00
      24980   1040.792    396.403    399.459     9.8763     9.8768   3.833653   3.833609     1.6068     1.3126       9.60   28.51666  -86.20302    0.00009    0.00018          1  0.000e+00
      24981   1040.833    396.419    399.474     9.8766     9.8766   3.833673   3.833643     1.6068     1.3126       9.57   28.51666  -86.20302    0.00008    0.00017          1  0.000e+00
      24982   1040.875    396.456    399.512     9.8768     9.8765   3.833660   3.833602     1.6068     1.3126       9.57   28.51666  -86.20302    0.00006    0.00017          1  0.000e+00
      24983   1040.917    396.403    399.459     9.8766     9.8758   3.833673   3.833589     1.6068     1.3126       9.57   28.51666  -86.20302    0.00007    0.00016          1  0.000e+00
      24984   1040.958    396.403    399.459     9.8764     9.8755   3.833687   3.833609     1.6068     1.3126       9.57   28.51666  -86.20302    0.00008    0.00016          1  0.000e+00
      24985   1041.000    396.403    399.459     9.8766     9.8759   3.833687   3.833542     1.6056     1.3126       9.57   28.51666  -86.20302    0.00007    0.00014          1  0.000e+00
      24986   1041.042    396.456    399.512     9.8761     9.8761   3.833687   3.833542     1.6068     1.3126       9.57   28.51666  -86.20302    0.00005    0.00013          1  0.000e+00
      24987   1041.083    396.358    399.413     9.8761     9.8763   3.833660   3.833602     1.6068     1.3138       9.57   28.51666  -86.20302    0.00004    0.00015          1  0.000e+00
      24988   1041.125    396.456    399.512     9.8761     9.8766   3.833653   3.833596     1.6068     1.3138       9.57   28.51666  -86.20302    0.00005    0.00016          1  0.000e+00
      24989   1041.167    396.403    399.459     9.8758     9.8761   3.833673   3.833562     1.6068     1.3126       9.57   28.51666  -86.20302    0.00005    0.00016          1  0.000e+00
      24990   1041.208    396.403    399.459     9.8761     9.8754   3.833660   3.833501     1.6056     1.3126       9.57   28.51666  -86.20302    0.00004    0.00015          1  0.000e+00
      24991   1041.250    396.456    399.512     9.8761     9.8755   3.833673   3.833488     1.6068     1.3126       9.57   28.51666  -86.20302    0.00003    0.00015          1  0.000e+00
      24992   1041.292    396.419    399.474     9.8761     9.8754   3.833707   3.833535     1.6068     1.3126       9.57   28.51666  -86.20302    0.00004    0.00014          1  0.000e+00
      24993   1041.333    396.403    399.459     9.8763     9.8753   3.833640   3.833501     1.6068     1.3126       9.57   28.51666  -86.20302    0.00004    0.00014          1  0.000e+00
      24994   1041.375    396.403    399.459     9.8761     9.8751   3.833667   3.833461     1.6056     1.3126       9.57   28.51666  -86.20302    0.00001    0.00013          1  0.000e+00
      24995   1041.417    396.456    399.512     9.8763     9.8745   3.833687   3.833373     1.6056     1.3126       9.57   28.51666  -86.20302 -5.275e-07    0.00013          1  0.000e+00
      24996   1041.458    396.456    399.512     9.8761     9.8741   3.833687   3.833366     1.6068     1.3126       9.57   28.51666  -86.20302   -0.00001    0.00012          1  0.000e+00
      24997   1041.500    396.343    399.397     9.8764     9.8738   3.833707   3.833380     1.6068     1.3126       9.57   28.51666  -86.20302   -0.00002    0.00012          1  0.000e+00
      24998   1041.542    396.472    399.528     9.8764     9.8741   3.833720   3.833400     1.6068     1.3126       9.57   28.51666  -86.20302   -0.00002    0.00011          1  0.000e+00
      24999   1041.583    396.403    399.459     9.8766     9.8740   3.833720   3.833387     1.6056     1.3126       9.57   28.51666  -86.20302   -0.00003    0.00009          1  0.000e+00
      25000   1041.625    396.457    399.512     9.8768     9.8740   3.833720   3.833353     1.6056     1.3126       9.57   28.51666  -86.20302   -0.00004    0.00008          1  0.000e+00
      25001   1041.667    396.403    399.459     9.8768     9.8741   3.833740   3.833366     1.6068     1.3126       9.57   28.51666  -86.20302   -0.00004    0.00008          1  0.000e+00
      25002   1041.708    396.457    399.512     9.8771     9.8740   3.833773   3.833380     1.6068     1.3126       9.57   28.51666  -86.20302   -0.00003    0.00007          1  0.000e+00
      25003   1041.750    396.403    399.459     9.8771     9.8740   3.833760   3.833353     1.6068     1.3126       9.57   28.51666  -86.20302   -0.00004    0.00007          1  0.000e+00
      25004   1041.792    396.419    399.474     9.8769     9.8741   3.833753   3.833366     1.6068     1.3126       9.57   28.51666  -86.20300   -0.00006    0.00006          1  0.000e+00
      25005   1041.833    396.457    399.512     9.8772     9.8741   3.833773   3.833400     1.6068     1.3126       9.57   28.51666  -86.20300   -0.00005    0.00006          1  0.000e+00
      25006   1041.875    396.403    399.459     9.8772     9.8743   3.833760   3.833414     1.6068     1.3126       9.57   28.51666  -86.20300   -0.00004    0.00005          1  0.000e+00
      25007   1041.917    396.403    399.459     9.8774     9.8745   3.833753   3.833414     1.6068     1.3126       9.57   28.51666  -86.20300   -0.00006    0.00005          1  0.000e+00
      25008   1041.958    396.457    399.512     9.8772     9.8748   3.833753   3.833494     1.6068     1.3126       9.57   28.51666  -86.20300   -0.00005    0.00004          1  0.000e+00
      25009   1042.000    396.403    399.459     9.8776     9.8750   3.833773   3.833521     1.6068     1.3126       9.57   28.51666  -86.20300   -0.00005    0.00004          1  0.000e+00
      25010   1042.042    396.419    399.474     9.8778     9.8752   3.833786   3.833494     1.6068     1.3126       9.57   28.51666  -86.20300   -0.00004    0.00003          1  0.000e+00
      25011   1042.083    396.457    399.512     9.8779     9.8752   3.833786   3.833508     1.6068     1.3126       9.55   28.51666  -86.20300   -0.00004    0.00003          1  0.000e+00
      25012   1042.125    396.403    399.459     9.8784     9.8751   3.833806   3.833494     1.6068     1.3126       9.55   28.51666  -86.20300   -0.00003    0.00002          1  0.000e+00
      25013   1042.167    396.457    399.512     9.8784     9.8750   3.833840   3.833488     1.6068     1.3126       9.57   28.51666  -86.20300   -0.00005    0.00001          1  0.000e+00
      25014   1042.208    396.403    399.459     9.8787     9.8751   3.833826   3.833461     1.6068     1.3126       9.57   28.51666  -86.20300   -0.00004    0.00001          1  0.000e+00
      25015   1042.250    396.457    399.512     9.8789     9.8750   3.833840   3.833454     1.6068     1.3126       9.57   28.51666  -86.20300   -0.00004    0.00000          1  0.000e+00
      25016   1042.292    396.419    399.474     9.8790     9.8748   3.833826   3.833474     1.6068     1.3126       9.57   28.51666  -86.20300   -0.00003 -8.792e-07          1  0.000e+00
      25017   1042.333    396.457    399.512     9.8794     9.8750   3.833873   3.833488     1.6068     1.3126       9.55   28.51666  -86.20300   -0.00003   -0.00001          1  0.000e+00
      25018   1042.375    396.403    399.459     9.8792     9.8750   3.833860   3.833427     1.6068     1.3126       9.57   28.51666  -86.20300   -0.00002   -0.00001          1  0.000e+00
      25019   1042.417    396.457    399.512     9.8792     9.8748   3.833880   3.833441     1.6068     1.3126       9.57   28.51666  -86.20300   -0.00002   -0.00002          1  0.000e+00
      25020   1042.458    396.403    399.459     9.8792     9.8748   3.833939   3.833454     1.6068     1.3126       9.57   28.51666  -86.20300   -0.00001   -0.00002          1  0.000e+00
      25021   1042.500    396.403    399.459     9.8794     9.8748   3.833906   3.833454     1.6068     1.3126       9.57   28.51666  -86.20300   -0.00001   -0.00003          1  0.000e+00
      25022   1042.542    396.472    399.528     9.8789     9.8750   3.833866   3.833454     1.6068     1.3126       9.57   28.51666  -86.20300   -0.00002   -0.00003          1  0.000e+00
      25023   1042.583    396.403    399.459     9.8794     9.8750   3.833933   3.833454     1.6068     1.3126       9.57   28.51666  -86.20300   -0.00002   -0.00004          1  0.000e+00
      25024   1042.625    396.457    399.512     9.8794     9.8750   3.833933   3.833420     1.6068     1.3126       9.57   28.51666  -86.20300   -0.00001   -0.00004          1  0.000e+00
      25025   1042.667    396.457    399.512     9.8796     9.8746   3.833926   3.833494     1.6056     1.3126       9.57   28.51666  -86.20300   -0.00003   -0.00005          1  0.000e+00
      25026   1042.708    396.457    399.512     9.8794     9.8752   3.833926   3.833468     1.6068     1.3126       9.57   28.51666  -86.20300   -0.00002   -0.00005          1  0.000e+00
      25027   1042.750    396.403    399.459     9.8796     9.8748   3.833946   3.833420     1.6068     1.3126       9.57   28.51666  -86.20300   -0.00002   -0.00006          1  0.000e+00
      25028   1042.792    396.472    399.528     9.8794     9.8748   3.833979   3.833414     1.6068     1.3126       9.57   28.51666  -86.20300   -0.00001   -0.00006          1  0.000e+00
      25029   1042.833    396.403    399.459     9.8792     9.8745   3.834013   3.833387     1.6068     1.3126       9.57   28.51666  -86.20300   -0.00001   -0.00007          1  0.000e+00
      25030   1042.875    396.457    399.512     9.8792     9.8745   3.833999   3.833380     1.6056     1.3126       9.55   28.51666  -86.20300   -0.00002   -0.00007          1  0.000e+00
      25031   1042.917    396.457    399.512     9.8792     9.8745   3.834039   3.833434     1.6056     1.3126       9.57   28.51666  -86.20300   -0.00003   -0.00008          1  0.000e+00
      25032   1042.958    396.457    399.512     9.8797     9.8748   3.834059   3.833454     1.6068     1.3126       9.57   28.51666  -86.20300   -0.00003   -0.00009          1  0.000e+00
      25033   1043.000    396.403    399.459     9.8797     9.8748   3.834059   3.833454     1.6068     1.3126       9.57   28.51666  -86.20300   -0.00002   -0.00009          1  0.000e+00
      25034   1043.042    396.472    399.528     9.8796     9.8750   3.834033   3.833420     1.6068     1.3126       9.57   28.51666  -86.20300   -0.00002   -0.00010          1  0.000e+00
      25035   1043.083    396.457    399.512     9.8799     9.8748   3.834026   3.833441     1.6068     1.3126       9.57   28.51666  -86.20300   -0.00001   -0.00010          1  0.000e+00
      25036   1043.125    396.457    399.512     9.8804     9.8753   3.834026   3.833501     1.6068     1.3126       9.57   28.51666  -86.20300   -0.00001   -0.00011          1  0.000e+00
      25037   1043.167    396.403    399.459     9.8808     9.8753   3.834026   3.833542     1.6068     1.3126       9.57   28.51666  -86.20300   -0.00000   -0.00011          1  0.000e+00
