GOMECC/GOMECC-4/1db/rb2103_0631.ros
* Sea-Bird SBE 9 Data File:
* FileName = C:\Users\scs.user.rb\CTD\GOMECC4\data\rb2103_0631.hex
* Software Version Seasave V 7.26.7.107
* Temperature SN = 4799
* Conductivity SN = 3860
* Number of Bytes Per Scan = 41
* Number of Voltage Words = 4
* Number of Scans Averaged by the Deck Unit = 1
* NMEA Latitude = 26 03.63 N
* NMEA Longitude = 096 48.43 W
* NMEA UTC (Time) = Sep 30 2021  06:31:03
* NMEA baud rate = 4800
# nquan = 17
# nvalues = 532                                   
# units = specified
# name 0 = scan: Scan Count
# name 1 = timeS: Time, Elapsed [seconds]
# name 2 = depSM: Depth [salt water, m]
# name 3 = prDM: Pressure, Digiquartz [db]
# name 4 = t090C: Temperature [ITS-90, deg C]
# name 5 = t190C: Temperature, 2 [ITS-90, deg C]
# name 6 = c0S/m: Conductivity [S/m]
# name 7 = c1S/m: Conductivity, 2 [S/m]
# name 8 = sbeox0V: Oxygen raw, SBE 43 [V]
# name 9 = sbeox1V: Oxygen raw, SBE 43, 2 [V]
# name 10 = altM: Altimeter [m]
# name 11 = latitude: Latitude [deg]
# name 12 = longitude: Longitude [deg]
# name 13 = sbox0dV/dT: Oxygen, SBE 43 [dov/dt]
# name 14 = sbox1dV/dT: Oxygen, SBE 43, 2 [dov/dt]
# name 15 = nbf: Bottles Fired
# name 16 = flag:  0.000e+00
# interval = seconds: 0.0416667
# start_time = Sep 30 2021 06:31:03 [NMEA time, header]
# bad_flag = -9.990e-29
*END*
[from data line 86]
      12089    503.667     38.847     39.105    28.7817    28.7747   5.831292   5.830772     2.8242     2.3797      36.04   26.06078  -96.80710    0.00065    0.00013          1  0.000e+00
      12090    503.708     38.868     39.126    28.7829    28.7746   5.831284   5.830796     2.8242     2.3797      36.04   26.06078  -96.80710    0.00065    0.00011          1  0.000e+00
      12091    503.750     38.847     39.105    28.7838    28.7747   5.831236   5.830740     2.8242     2.3797      36.04   26.06078  -96.80710    0.00066    0.00009          1  0.000e+00
      12092    503.792     38.800     39.058    28.7838    28.7745   5.831268   5.830716     2.8242     2.3797      36.04   26.06078  -96.80710    0.00066    0.00007          1  0.000e+00
      12093    503.833     38.847     39.105    28.7834    28.7745   5.831244   5.830820     2.8230     2.3797      36.04   26.06078  -96.80710    0.00063    0.00005          1  0.000e+00
      12094    503.875     38.847     39.105    28.7827    28.7742   5.831236   5.830788     2.8230     2.3785      36.07   26.06078  -96.80710    0.00059    0.00001          1  0.000e+00
      12095    503.917     38.868     39.126    28.7831    28.7739   5.831149   5.830724     2.8230     2.3785      36.07   26.06078  -96.80710    0.00056   -0.00001          1  0.000e+00
      12096    503.958     38.847     39.105    28.7817    28.7734   5.831094   5.830603     2.8230     2.3797      36.07   26.06078  -96.80710    0.00052   -0.00001          1  0.000e+00
      12097    504.000     38.847     39.105    28.7829    28.7730   5.831118   5.830644     2.8230     2.3797      36.07   26.06078  -96.80710    0.00049   -0.00001          1  0.000e+00
      12098    504.042     38.847     39.105    28.7823    28.7736   5.831055   5.830627     2.8230     2.3797      36.04   26.06078  -96.80710    0.00045   -0.00002          1  0.000e+00
      12099    504.083     38.847     39.105    28.7824    28.7731   5.831181   5.830692     2.8230     2.3797      36.04   26.06078  -96.80710    0.00042   -0.00004          1  0.000e+00
      12100    504.125     38.820     39.078    28.7833    28.7734   5.831268   5.830676     2.8230     2.3797      36.07   26.06078  -96.80710    0.00038   -0.00004          1  0.000e+00
      12101    504.167     38.847     39.105    28.7842    28.7734   5.831316   5.830700     2.8230     2.3797      36.07   26.06078  -96.80710    0.00035   -0.00003          1  0.000e+00
      12102    504.208     38.895     39.153    28.7840    28.7730   5.831316   5.830676     2.8230     2.3797      36.07   26.06078  -96.80710    0.00031   -0.00003          1  0.000e+00
      12103    504.250     38.847     39.105    28.7840    28.7729   5.831395   5.830627     2.8230     2.3797      36.07   26.06078  -96.80710    0.00026   -0.00003          1  0.000e+00
      12104    504.292     38.868     39.126    28.7815    28.7730   5.831426   5.830619     2.8230     2.3797      27.86   26.06078  -96.80710    0.00020   -0.00002          1  0.000e+00
      12105    504.333     38.847     39.105    28.7801    28.7730   5.831355   5.830652     2.8230     2.3785       9.43   26.06078  -96.80710    0.00016   -0.00003          1  0.000e+00
      12106    504.375     38.895     39.153    28.7798    28.7732   5.831387   5.830668     2.8230     2.3785       3.54   26.06078  -96.80710    0.00012   -0.00004          1  0.000e+00
      12107    504.417     38.847     39.105    28.7784    28.7733   5.831387   5.830700     2.8230     2.3797       3.86   26.06078  -96.80710    0.00009   -0.00002          1  0.000e+00
      12108    504.458     38.895     39.153    28.7779    28.7734   5.831379   5.830716     2.8217     2.3797       4.64   26.06078  -96.80710    0.00001    0.00001          1  0.000e+00
      12109    504.500     38.868     39.126    28.7800    28.7736   5.831403   5.830716     2.8230     2.3785       4.84   26.06078  -96.80710   -0.00003    0.00002          1  0.000e+00
      12110    504.542     38.895     39.153    28.7814    28.7736   5.831347   5.830748     2.8230     2.3785       4.81   26.06078  -96.80710   -0.00007    0.00003          1  0.000e+00
      12111    504.583     38.847     39.105    28.7818    28.7735   5.831331   5.830652     2.8230     2.3785       4.79   26.06078  -96.80710   -0.00011    0.00004          1  0.000e+00
      12112    504.625     38.895     39.153    28.7825    28.7730   5.831292   5.830652     2.8230     2.3785       4.79   26.06078  -96.80710   -0.00015    0.00006          1  0.000e+00
      12113    504.667     38.847     39.105    28.7819    28.7725   5.831308   5.830595     2.8230     2.3785       4.79   26.06078  -96.80710   -0.00019    0.00007          1  0.000e+00
      12114    504.708     38.922     39.180    28.7813    28.7725   5.831252   5.830603     2.8230     2.3785       4.79   26.06078  -96.80710   -0.00021    0.00009          1  0.000e+00
      12115    504.750     38.895     39.153    28.7816    28.7726   5.831157   5.830547     2.8242     2.3785       4.79   26.06078  -96.80710   -0.00022    0.00009          1  0.000e+00
      12116    504.792     38.895     39.153    28.7813    28.7722   5.831134   5.830595     2.8230     2.3785       4.79   26.06078  -96.80710   -0.00026    0.00009          1  0.000e+00
      12117    504.833     38.895     39.153    28.7798    28.7725   5.831126   5.830619     2.8230     2.3785       4.79   26.06078  -96.80710   -0.00029    0.00008          1  0.000e+00
      12118    504.875     38.868     39.126    28.7796    28.7721   5.831126   5.830579     2.8230     2.3785       4.79   26.06078  -96.80710   -0.00031    0.00007          1  0.000e+00
      12119    504.917     38.949     39.208    28.7802    28.7719   5.831063   5.830604     2.8230     2.3785       4.79   26.06078  -96.80710   -0.00033    0.00003          1  0.000e+00
      12120    504.958     38.895     39.153    28.7805    28.7714   5.831031   5.830547     2.8230     2.3797       4.76   26.06078  -96.80710   -0.00034    0.00002          1  0.000e+00
      12121    505.000     38.895     39.153    28.7813    28.7714   5.831102   5.830483     2.8230     2.3797       4.79   26.06078  -96.80710   -0.00035    0.00001          1  0.000e+00
      12122    505.042     38.895     39.153    28.7818    28.7710   5.831134   5.830475     2.8230     2.3797       4.79   26.06078  -96.80710   -0.00037   -0.00002          1  0.000e+00
      12123    505.083     38.922     39.180    28.7807    28.7712   5.831134   5.830507     2.8230     2.3797       4.79   26.06078  -96.80710   -0.00039   -0.00005          1  0.000e+00
      12124    505.125     38.949     39.208    28.7796    28.7709   5.831126   5.830483     2.8230     2.3797       4.79   26.06078  -96.80710   -0.00040   -0.00009          1  0.000e+00
      12125    505.167     38.895     39.153    28.7796    28.7708   5.831126   5.830547     2.8230     2.3797       4.79   26.06078  -96.80710   -0.00042   -0.00014          1  0.000e+00
      12126    505.208     38.949     39.208    28.7796    28.7712   5.831134   5.830531     2.8230     2.3797       4.79   26.06078  -96.80710   -0.00043   -0.00019          1  0.000e+00
      12127    505.250     38.949     39.208    28.7800    28.7712   5.831134   5.830451     2.8230     2.3810       4.79   26.06078  -96.80710   -0.00045   -0.00022          1  0.000e+00
      12128    505.292     38.922     39.180    28.7798    28.7705   5.831126   5.830459     2.8230     2.3797       4.76   26.06078  -96.80710   -0.00046   -0.00027          1  0.000e+00
      12129    505.333     38.895     39.153    28.7800    28.7700   5.831094   5.830403     2.8230     2.3810       4.71   26.06078  -96.80710   -0.00048   -0.00031          1  0.000e+00
      12130    505.375     38.895     39.153    28.7794    28.7703   5.831118   5.830411     2.8230     2.3810       4.71   26.06078  -96.80710   -0.00050   -0.00035          1  0.000e+00
      12131    505.417     38.996     39.255    28.7784    28.7699   5.831086   5.830459     2.8217     2.3810       4.71   26.06078  -96.80710   -0.00054   -0.00037          1  0.000e+00
      12132    505.458     38.820     39.078    28.7782    28.7701   5.831078   5.830435     2.8230     2.3810       4.71   26.06078  -96.80710   -0.00056   -0.00039          1  0.000e+00
      12133    505.500     39.043     39.303    28.7788    28.7704   5.831047   5.830427     2.8230     2.3822       4.71   26.06078  -96.80710   -0.00057   -0.00039          1  0.000e+00
      12134    505.542     38.949     39.208    28.7798    28.7704   5.830999   5.830427     2.8230     2.3810       4.71   26.06078  -96.80710   -0.00057   -0.00041          1  0.000e+00
      12135    505.583     38.895     39.153    28.7801    28.7706   5.830983   5.830499     2.8230     2.3810       4.71   26.06078  -96.80710   -0.00058   -0.00044          1  0.000e+00
      15383    640.917     19.846     19.977    29.2842    29.2872   5.864603   5.864882     3.0806     2.6056      23.35   26.06092  -96.80698    0.00022    0.00001          2  0.000e+00
      15384    640.958     20.103     20.236    29.2845    29.2846   5.864738   5.864842     3.0794     2.6068      23.35   26.06092  -96.80698    0.00021    0.00006          2  0.000e+00
      15385    641.000     20.103     20.236    29.2844    29.2853   5.864675   5.864858     3.0806     2.6068      23.35   26.06092  -96.80698    0.00023    0.00011          2  0.000e+00
      15386    641.042     20.049     20.181    29.2844    29.2852   5.864643   5.864842     3.0794     2.6081      23.35   26.06092  -96.80698    0.00021    0.00016          2  0.000e+00
      15387    641.083     19.954     20.086    29.2845    29.2851   5.864643   5.864866     3.0794     2.6068      23.35   26.06092  -96.80698    0.00020    0.00018          2  0.000e+00
      15388    641.125     20.056     20.188    29.2844    29.2851   5.864675   5.864914     3.0794     2.6081      23.32   26.06092  -96.80698    0.00018    0.00021          2  0.000e+00
      15389    641.167     19.995     20.127    29.2846    29.2851   5.864691   5.864890     3.0794     2.6081      23.35   26.06092  -96.80698    0.00015    0.00025          2  0.000e+00
      15390    641.208     20.056     20.188    29.2844    29.2850   5.864651   5.864938     3.0806     2.6068      23.35   26.06092  -96.80698    0.00015    0.00025          2  0.000e+00
      15391    641.250     20.009     20.141    29.2846    29.2851   5.864635   5.864866     3.0806     2.6081      23.35   26.06092  -96.80698    0.00011    0.00025          2  0.000e+00
      15392    641.292     20.049     20.181    29.2844    29.2851   5.864635   5.864906     3.0806     2.6081      23.32   26.06092  -96.80698    0.00009    0.00026          2  0.000e+00
      15393    641.333     20.008     20.141    29.2845    29.2851   5.864675   5.864890     3.0806     2.6081      23.30   26.06092  -96.80698    0.00008    0.00028          2  0.000e+00
      15394    641.375     20.056     20.188    29.2842    29.2851   5.864691   5.864938     3.0806     2.6081      23.30   26.06092  -96.80698    0.00004    0.00029          2  0.000e+00
      15395    641.417     20.049     20.181    29.2845    29.2852   5.864651   5.864866     3.0806     2.6081      23.30   26.06092  -96.80698    0.00004    0.00029          2  0.000e+00
      15396    641.458     20.056     20.188    29.2844    29.2851   5.864675   5.864866     3.0806     2.6081      23.27   26.06092  -96.80698    0.00002    0.00030          2  0.000e+00
      15397    641.500     20.008     20.140    29.2846    29.2851   5.864691   5.864841     3.0806     2.6081      23.30   26.06092  -96.80698   -0.00004    0.00033          2  0.000e+00
      15398    641.542     20.049     20.181    29.2844    29.2851   5.864651   5.864858     3.0806     2.6081      23.27   26.06092  -96.80698   -0.00006    0.00037          2  0.000e+00
      15399    641.583     20.008     20.140    29.2844    29.2851   5.864643   5.864914     3.0818     2.6093      23.27   26.06092  -96.80698   -0.00008    0.00040          2  0.000e+00
      15400    641.625     20.008     20.140    29.2844    29.2853   5.864603   5.864890     3.0806     2.6081      23.27   26.06092  -96.80698   -0.00012    0.00041          2  0.000e+00
      15401    641.667     20.049     20.181    29.2844    29.2850   5.864627   5.864882     3.0806     2.6093      23.30   26.06092  -96.80698   -0.00014    0.00046          2  0.000e+00
      15402    641.708     20.008     20.140    29.2842    29.2853   5.864643   5.864914     3.0806     2.6093      23.27   26.06092  -96.80698   -0.00016    0.00050          2  0.000e+00
      15403    641.750     20.008     20.140    29.2842    29.2851   5.864643   5.864841     3.0806     2.6093      23.30   26.06092  -96.80698   -0.00022    0.00055          2  0.000e+00
      15404    641.792     20.049     20.181    29.2840    29.2852   5.864643   5.864825     3.0806     2.6093      23.27   26.06092  -96.80698   -0.00026    0.00060          2  0.000e+00
      15405    641.833     20.008     20.140    29.2842    29.2853   5.864675   5.864938     3.0806     2.6093      23.27   26.06092  -96.80698   -0.00027    0.00064          2  0.000e+00
      15406    641.875     20.008     20.140    29.2842    29.2851   5.864619   5.864978     3.0806     2.6093      23.30   26.06092  -96.80698   -0.00032    0.00069          2  0.000e+00
      15407    641.917     19.995     20.127    29.2842    29.2851   5.864596   5.864930     3.0794     2.6093      23.30   26.06092  -96.80698   -0.00038    0.00074          2  0.000e+00
      15408    641.958     20.008     20.140    29.2842    29.2851   5.864596   5.864890     3.0806     2.6093      23.30   26.06092  -96.80698   -0.00040    0.00078          2  0.000e+00
      15409    642.000     19.954     20.086    29.2842    29.2853   5.864667   5.864914     3.0794     2.6093      23.30   26.06092  -96.80698   -0.00045    0.00083          2  0.000e+00
      15410    642.042     19.995     20.127    29.2842    29.2851   5.864651   5.864890     3.0794     2.6093      23.27   26.06092  -96.80698   -0.00047    0.00087          2  0.000e+00
      15411    642.083     20.008     20.140    29.2842    29.2848   5.864603   5.864906     3.0794     2.6093      23.30   26.06092  -96.80698   -0.00053    0.00091          2  0.000e+00
      15412    642.125     20.008     20.140    29.2840    29.2850   5.864627   5.864922     3.0769     2.6093      23.30   26.06092  -96.80698   -0.00060    0.00096          2  0.000e+00
      15413    642.167     19.947     20.079    29.2842    29.2850   5.864532   5.864890     3.0794     2.6093      23.27   26.06092  -96.80698   -0.00064    0.00098          2  0.000e+00
      15414    642.208     19.954     20.086    29.2840    29.2848   5.864603   5.864882     3.0794     2.6093      23.27   26.06092  -96.80698   -0.00068    0.00101          2  0.000e+00
      15415    642.250     20.008     20.140    29.2838    29.2848   5.864675   5.864906     3.0781     2.6093      23.30   26.06092  -96.80698   -0.00072    0.00103          2  0.000e+00
      15416    642.292     19.947     20.079    29.2838    29.2848   5.864611   5.864890     3.0781     2.6093      23.30   26.06092  -96.80698   -0.00077    0.00106          2  0.000e+00
      15417    642.333     19.954     20.086    29.2836    29.2848   5.864556   5.864914     3.0794     2.6081      23.39   26.06092  -96.80698   -0.00079    0.00104          2  0.000e+00
      15418    642.375     19.954     20.086    29.2836    29.2848   5.864580   5.864890     3.0781     2.6093      23.44   26.06092  -96.80698   -0.00081    0.00105          2  0.000e+00
      15419    642.417     19.947     20.079    29.2836    29.2850   5.864556   5.864882     3.0781     2.6093      23.44   26.06092  -96.80698   -0.00083    0.00105          2  0.000e+00
