GOMECC/GOMECC-4/1db/rb2103_1341.ros
* Sea-Bird SBE 9 Data File:
* FileName = C:\Users\scs.user.rb\CTD\GOMECC4\data\rb2103_1341.hex
* Software Version Seasave V 7.26.7.107
* Temperature SN = 4799
* Conductivity SN = 3860
* Number of Bytes Per Scan = 41
* Number of Voltage Words = 4
* Number of Scans Averaged by the Deck Unit = 1
* NMEA Latitude = 26 23.19 N
* NMEA Longitude = 083 36.41 W
* NMEA UTC (Time) = Oct 19 2021  23:12:43
* NMEA baud rate = 4800
# nquan = 17
# nvalues = 931                                   
# units = specified
# name 0 = scan: Scan Count
# name 1 = timeS: Time, Elapsed [seconds]
# name 2 = depSM: Depth [salt water, m]
# name 3 = prDM: Pressure, Digiquartz [db]
# name 4 = t090C: Temperature [ITS-90, deg C]
# name 5 = t190C: Temperature, 2 [ITS-90, deg C]
# name 6 = c0S/m: Conductivity [S/m]
# name 7 = c1S/m: Conductivity, 2 [S/m]
# name 8 = sbeox0V: Oxygen raw, SBE 43 [V]
# name 9 = sbeox1V: Oxygen raw, SBE 43, 2 [V]
# name 10 = altM: Altimeter [m]
# name 11 = latitude: Latitude [deg]
# name 12 = longitude: Longitude [deg]
# name 13 = sbox0dV/dT: Oxygen, SBE 43 [dov/dt]
# name 14 = sbox1dV/dT: Oxygen, SBE 43, 2 [dov/dt]
# name 15 = nbf: Bottles Fired
# name 16 = flag:  0.000e+00
# interval = seconds: 0.0416667
# start_time = Oct 19 2021 23:12:43 [NMEA time, header]
# bad_flag = -9.990e-29
*END*
[from data line 86]
      23264    969.292     60.524     60.931    22.2813    22.3175   5.195180   5.199663     2.5604     2.1709       7.23   26.38436  -83.60870    0.00460    0.00934          1  0.000e+00
      23265    969.333     60.572     60.979    22.2838    22.3109   5.195301   5.199258     2.5604     2.1709       7.23   26.38436  -83.60870    0.00490    0.00974          1  0.000e+00
      23266    969.375     60.524     60.931    22.2826    22.2999   5.195391   5.198480     2.5617     2.1722       7.23   26.38436  -83.60870    0.00519    0.01014          1  0.000e+00
      23267    969.417     60.538     60.945    22.2804    22.2915   5.195278   5.197709     2.5617     2.1709       7.23   26.38436  -83.60870    0.00548    0.01049          1  0.000e+00
      23268    969.458     60.572     60.979    22.2818    22.2816   5.195173   5.196885     2.5604     2.1709       7.23   26.38436  -83.60870    0.00575    0.01082          1  0.000e+00
      23269    969.500     60.524     60.931    22.2830    22.2676   5.195308   5.195954     2.5604     2.1709       7.16   26.38436  -83.60870    0.00602    0.01114          1  0.000e+00
      23270    969.542     60.626     61.033    22.2781    22.2555   5.195324   5.194923     2.5604     2.1709       7.08   26.38436  -83.60870    0.00626    0.01143          1  0.000e+00
      23271    969.583     60.538     60.945    22.2735    22.2480   5.194962   5.193992     2.5617     2.1709       7.06   26.38436  -83.60870    0.00652    0.01169          1  0.000e+00
      23272    969.625     60.572     60.979    22.2701    22.2441   5.194586   5.193374     2.5604     2.1697       7.06   26.38436  -83.60870    0.00673    0.01193          1  0.000e+00
      23273    969.667     60.572     60.979    22.2671    22.2416   5.194367   5.193054     2.5604     2.1697       7.06   26.38436  -83.60870    0.00694    0.01214          1  0.000e+00
      23274    969.708     60.477     60.883    22.2681    22.2405   5.194330   5.192993     2.5604     2.1685       7.06   26.38436  -83.60870    0.00712    0.01232          1  0.000e+00
      23275    969.750     60.687     61.095    22.2687    22.2412   5.194352   5.193054     2.5604     2.1685       7.06   26.38436  -83.60870    0.00730    0.01250          1  0.000e+00
      23276    969.792     60.572     60.979    22.2714    22.2434   5.194465   5.193123     2.5592     2.1685       7.06   26.38436  -83.60870    0.00746    0.01265          1  0.000e+00
      23277    969.833     60.572     60.979    22.2729    22.2446   5.194488   5.193321     2.5592     2.1673       7.06   26.38436  -83.60870    0.00761    0.01275          1  0.000e+00
      23278    969.875     60.585     60.992    22.2673    22.2455   5.194232   5.193405     2.5592     2.1673       7.06   26.38436  -83.60870    0.00774    0.01284          1  0.000e+00
      23279    969.917     60.572     60.979    22.2571    22.2457   5.193953   5.193451     2.5592     2.1661       7.06   26.38436  -83.60870    0.00787    0.01291          1  0.000e+00
      23280    969.958     60.626     61.033    22.2515    22.2460   5.193758   5.193466     2.5592     2.1648       7.06   26.38436  -83.60870    0.00798    0.01293          1  0.000e+00
      23281    970.000     60.626     61.033    22.2513    22.2463   5.193585   5.193481     2.5580     2.1636       7.06   26.38436  -83.60870    0.00808    0.01293          1  0.000e+00
      23282    970.042     60.538     60.945    22.2510    22.2460   5.193577   5.193466     2.5568     2.1636       7.06   26.38436  -83.60870    0.00813    0.01291          1  0.000e+00
      23283    970.083     60.626     61.033    22.2506    22.2493   5.193637   5.193367     2.5568     2.1636       7.06   26.38436  -83.60870    0.00818    0.01287          1  0.000e+00
      23284    970.125     60.571     60.979    22.2474    22.2574   5.193637   5.193366     2.5556     2.1624       7.06   26.38436  -83.60870    0.00819    0.01281          1  0.000e+00
      23285    970.167     60.571     60.979    22.2443    22.2591   5.193600   5.193244     2.5556     2.1612       7.06   26.38436  -83.60870    0.00821    0.01271          1  0.000e+00
      23286    970.208     60.639     61.047    22.2435    22.2573   5.193592   5.193252     2.5543     2.1600       7.06   26.38436  -83.60870    0.00819    0.01260          1  0.000e+00
      23287    970.250     60.571     60.979    22.2490    22.2556   5.193457   5.193283     2.5543     2.1600       7.06   26.38436  -83.60870    0.00817    0.01245          1  0.000e+00
      23288    970.292     60.626     61.033    22.2548    22.2543   5.193374   5.193321     2.5531     2.1600       7.08   26.38436  -83.60870    0.00811    0.01230          1  0.000e+00
      23289    970.333     60.585     60.992    22.2584    22.2519   5.193336   5.193298     2.5531     2.1587       7.06   26.38436  -83.60870    0.00804    0.01212          1  0.000e+00
      23290    970.375     60.571     60.978    22.2611    22.2493   5.193396   5.193260     2.5519     2.1587       7.06   26.38436  -83.60870    0.00793    0.01193          1  0.000e+00
      23291    970.417     60.625     61.033    22.2584    22.2486   5.193479   5.193328     2.5519     2.1587       7.06   26.38436  -83.60870    0.00783    0.01174          1  0.000e+00
      23292    970.458     60.571     60.978    22.2548    22.2466   5.193630   5.193634     2.5507     2.1575       7.06   26.38436  -83.60870    0.00770    0.01152          1  0.000e+00
      23293    970.500     60.585     60.992    22.2549    22.2464   5.193773   5.194176     2.5495     2.1563       7.03   26.38436  -83.60870    0.00754    0.01127          1  0.000e+00
      23294    970.542     60.571     60.978    22.2590    22.2508   5.193923   5.194786     2.5482     2.1563       7.03   26.38436  -83.60870    0.00736    0.01102          1  0.000e+00
      23295    970.583     60.625     61.033    22.2671    22.2640   5.194104   5.195259     2.5482     2.1551       7.03   26.38436  -83.60870    0.00717    0.01074          1  0.000e+00
      23296    970.625     60.571     60.978    22.2654    22.2660   5.194157   5.195625     2.5470     2.1551       7.03   26.38436  -83.60870    0.00697    0.01046          1  0.000e+00
      23297    970.667     60.585     60.992    22.2630    22.2631   5.193991   5.195938     2.5470     2.1538       7.03   26.38436  -83.60870    0.00676    0.01015          1  0.000e+00
      23298    970.708     60.524     60.931    22.2588    22.2617   5.193871   5.196465     2.5458     2.1538       7.03   26.38436  -83.60870    0.00653    0.00984          1  0.000e+00
      23299    970.750     60.571     60.978    22.2618    22.2625   5.193946   5.197175     2.5458     2.1526       7.03   26.38436  -83.60870    0.00630    0.00950          1  0.000e+00
      23300    970.792     60.585     60.992    22.2638    22.2719   5.194029   5.197915     2.5446     2.1526       7.03   26.38436  -83.60870    0.00605    0.00915          1  0.000e+00
      23301    970.833     60.571     60.978    22.2669    22.2806   5.194126   5.198648     2.5446     2.1514       7.03   26.38436  -83.60870    0.00579    0.00878          1  0.000e+00
      23302    970.875     60.571     60.978    22.2675    22.2937   5.194443   5.199182     2.5433     2.1514       7.06   26.38436  -83.60870    0.00552    0.00840          1  0.000e+00
      23303    970.917     60.524     60.931    22.2629    22.3027   5.195128   5.199434     2.5433     2.1502       7.03   26.38436  -83.60870    0.00522    0.00800          1  0.000e+00
      23304    970.958     60.537     60.944    22.2636    22.3040   5.195843   5.199220     2.5421     2.1502       7.03   26.38436  -83.60870    0.00492    0.00760          1  0.000e+00
      23305    971.000     60.524     60.931    22.2731    22.3128   5.196664   5.199159     2.5409     2.1490       7.03   26.38436  -83.60870    0.00460    0.00717          1  0.000e+00
      23306    971.042     60.571     60.978    22.2786    22.3271   5.197139   5.199892     2.5409     2.1477       7.03   26.38436  -83.60870    0.00428    0.00672          1  0.000e+00
      23307    971.083     60.524     60.931    22.2770    22.3363   5.197297   5.200808     2.5409     2.1477       7.03   26.38436  -83.60870    0.00396    0.00627          1  0.000e+00
      23308    971.125     60.537     60.944    22.2793    22.3377   5.197447   5.201106     2.5397     2.1465       7.03   26.38436  -83.60870    0.00362    0.00579          1  0.000e+00
      23309    971.167     60.476     60.883    22.2878    22.3303   5.197786   5.200930     2.5385     2.1453       7.03   26.38436  -83.60870    0.00326    0.00531          1  0.000e+00
      23310    971.208     60.524     60.930    22.2909    22.3257   5.198404   5.200831     2.5372     2.1453       7.06   26.38436  -83.60870    0.00288    0.00480          1  0.000e+00
      26173   1090.500     49.843     50.176    25.8029    25.6131   5.559653   5.539171     3.1685     2.6752      17.68   26.38444  -83.60870    0.00106    0.00161          2  0.000e+00
      26174   1090.542     49.545     49.876    25.8050    25.6222   5.559351   5.539061     3.1685     2.6764      17.68   26.38444  -83.60870    0.00122    0.00160          2  0.000e+00
      26175   1090.583     49.646     49.979    25.7934    25.6271   5.559118   5.538889     3.1685     2.6752      17.68   26.38444  -83.60870    0.00141    0.00155          2  0.000e+00
      26176   1090.625     49.545     49.876    25.7853    25.6253   5.558886   5.538810     3.1685     2.6752      17.68   26.38444  -83.60870    0.00158    0.00151          2  0.000e+00
      26177   1090.667     49.768     50.101    25.7855    25.6220   5.558491   5.538693     3.1673     2.6752      17.68   26.38444  -83.60870    0.00173    0.00146          2  0.000e+00
      26178   1090.708     49.646     49.979    25.7913    25.6202   5.557933   5.538803     3.1673     2.6740      17.68   26.38444  -83.60870    0.00188    0.00140          2  0.000e+00
      26179   1090.750     49.646     49.979    25.7878    25.6184   5.557491   5.538944     3.1673     2.6740      17.68   26.38444  -83.60870    0.00204    0.00132          2  0.000e+00
      26180   1090.792     49.646     49.979    25.7845    25.6211   5.557305   5.539054     3.1685     2.6740      17.68   26.38444  -83.60870    0.00219    0.00124          2  0.000e+00
      26181   1090.833     49.694     50.026    25.7866    25.6260   5.557228   5.539242     3.1673     2.6740      17.68   26.38444  -83.60870    0.00232    0.00116          2  0.000e+00
      26182   1090.875     49.646     49.979    25.7770    25.6293   5.557026   5.539493     3.1673     2.6740      17.68   26.38444  -83.60870    0.00244    0.00108          2  0.000e+00
      26183   1090.917     49.646     49.979    25.7741    25.6293   5.556995   5.539814     3.1673     2.6740      17.68   26.38444  -83.60870    0.00256    0.00099          2  0.000e+00
      26184   1090.958     49.599     49.931    25.7783    25.6298   5.557127   5.539932     3.1673     2.6740      17.68   26.38444  -83.60870    0.00266    0.00089          2  0.000e+00
      26185   1091.000     49.646     49.979    25.7759    25.6262   5.557391   5.539877     3.1673     2.6740      17.68   26.38444  -83.60870    0.00275    0.00079          2  0.000e+00
      26186   1091.042     49.646     49.979    25.7730    25.6038   5.557654   5.539681     3.1673     2.6740      17.68   26.38444  -83.60870    0.00285    0.00069          2  0.000e+00
      26187   1091.083     49.694     50.026    25.7761    25.5684   5.557732   5.539486     3.1673     2.6740      17.68   26.38444  -83.60870    0.00295    0.00059          2  0.000e+00
      26188   1091.125     49.599     49.931    25.7783    25.5464   5.557716   5.539447     3.1673     2.6740      17.68   26.38444  -83.60870    0.00303    0.00048          2  0.000e+00
      26189   1091.167     49.646     49.979    25.7757    25.5453   5.557732   5.539337     3.1661     2.6740      17.68   26.38444  -83.60870    0.00308    0.00038          2  0.000e+00
      26190   1091.208     49.646     49.979    25.7750    25.5532   5.557189   5.538890     3.1673     2.6740      17.68   26.38444  -83.60870    0.00316    0.00028          2  0.000e+00
      26191   1091.250     49.646     49.979    25.7860    25.5625   5.556189   5.537863     3.1673     2.6740      17.68   26.38444  -83.60870    0.00322    0.00016          2  0.000e+00
      26192   1091.292     49.646     49.979    25.7973    25.5734   5.555531   5.536882     3.1673     2.6740      17.68   26.38444  -83.60870    0.00327    0.00006          2  0.000e+00
      26193   1091.333     49.599     49.931    25.8008    25.5786   5.555205   5.536514     3.1673     2.6740      17.68   26.38444  -83.60870    0.00331   -0.00004          2  0.000e+00
      26194   1091.375     49.646     49.979    25.7885    25.5636   5.555167   5.536608     3.1673     2.6740      17.68   26.38444  -83.60870    0.00335   -0.00016          2  0.000e+00
      26195   1091.417     49.646     49.979    25.7520    25.5478   5.555152   5.536789     3.1673     2.6728      17.68   26.38444  -83.60870    0.00338   -0.00030          2  0.000e+00
      26196   1091.458     49.599     49.931    25.7096    25.5447   5.554579   5.537236     3.1673     2.6728      17.68   26.38444  -83.60870    0.00339   -0.00042          2  0.000e+00
      26197   1091.500     49.646     49.979    25.6674    25.5549   5.553991   5.537996     3.1673     2.6728      17.73   26.38444  -83.60870    0.00340   -0.00054          2  0.000e+00
      26198   1091.542     49.646     49.979    25.6320    25.5610   5.553643   5.538827     3.1673     2.6740      17.75   26.38444  -83.60870    0.00341   -0.00064          2  0.000e+00
      26199   1091.583     49.599     49.931    25.6152    25.5652   5.553024   5.539337     3.1673     2.6740      17.75   26.38444  -83.60870    0.00340   -0.00075          2  0.000e+00
      26200   1091.625     49.646     49.979    25.6027    25.5791   5.552048   5.539611     3.1673     2.6728      17.75   26.38444  -83.60870    0.00339   -0.00085          2  0.000e+00
      26201   1091.667     49.646     49.979    25.6306    25.5787   5.551064   5.539462     3.1673     2.6740      17.73   26.38444  -83.60870    0.00338   -0.00094          2  0.000e+00
      26202   1091.708     49.599     49.931    25.6630    25.5713   5.550142   5.539188     3.1673     2.6740      17.73   26.38444  -83.60870    0.00334   -0.00102          2  0.000e+00
      26203   1091.750     49.599     49.931    25.6842    25.5693   5.549390   5.538670     3.1673     2.6740      17.73   26.38444  -83.60870    0.00330   -0.00111          2  0.000e+00
      26204   1091.792     49.646     49.979    25.7040    25.5625   5.549003   5.538215     3.1673     2.6740      17.73   26.38444  -83.60870    0.00328   -0.00117          2  0.000e+00
      26205   1091.833     49.599     49.931    25.7094    25.5567   5.548948   5.538184     3.1673     2.6740      17.73   26.38444  -83.60870    0.00325   -0.00124          2  0.000e+00
      26206   1091.875     49.646     49.979    25.6900    25.5539   5.549189   5.538169     3.1673     2.6752      17.73   26.38444  -83.60870    0.00321   -0.00129          2  0.000e+00
      26207   1091.917     49.599     49.931    25.6611    25.5547   5.549306   5.537682     3.1673     2.6752      17.75   26.38444  -83.60870    0.00316   -0.00132          2  0.000e+00
      26208   1091.958     49.599     49.931    25.6460    25.5511   5.549515   5.536937     3.1673     2.6752      17.73   26.38444  -83.60870    0.00311   -0.00135          2  0.000e+00
      26209   1092.000     49.599     49.931    25.6385    25.5498   5.549755   5.536608     3.1673     2.6764      17.75   26.38444  -83.60870    0.00305   -0.00137          2  0.000e+00
