GOMECC/GOMECC-4/1db/rb2103_0971.ros
* Sea-Bird SBE 9 Data File:
* FileName = C:\Users\scs.user.rb\CTD\GOMECC4\data\rb2103_0971.hex
* Software Version Seasave V 7.26.7.107
* Temperature SN = 4799
* Conductivity SN = 3860
* Number of Bytes Per Scan = 41
* Number of Voltage Words = 4
* Number of Scans Averaged by the Deck Unit = 1
* NMEA Latitude = 22 58.24 N
* NMEA Longitude = 090 29.95 W
* NMEA UTC (Time) = Oct 11 2021  11:24:34
* NMEA baud rate = 4800
# nquan = 17
# nvalues = 3059                                  
# units = specified
# name 0 = scan: Scan Count
# name 1 = timeS: Time, Elapsed [seconds]
# name 2 = depSM: Depth [salt water, m]
# name 3 = prDM: Pressure, Digiquartz [db]
# name 4 = t090C: Temperature [ITS-90, deg C]
# name 5 = t190C: Temperature, 2 [ITS-90, deg C]
# name 6 = c0S/m: Conductivity [S/m]
# name 7 = c1S/m: Conductivity, 2 [S/m]
# name 8 = sbeox0V: Oxygen raw, SBE 43 [V]
# name 9 = sbeox1V: Oxygen raw, SBE 43, 2 [V]
# name 10 = altM: Altimeter [m]
# name 11 = latitude: Latitude [deg]
# name 12 = longitude: Longitude [deg]
# name 13 = sbox0dV/dT: Oxygen, SBE 43 [dov/dt]
# name 14 = sbox1dV/dT: Oxygen, SBE 43, 2 [dov/dt]
# name 15 = nbf: Bottles Fired
# name 16 = flag:  0.000e+00
# interval = seconds: 0.0416667
# start_time = Oct 11 2021 11:24:34 [NMEA time, header]
# bad_flag = -9.990e-29
*END*
[from data line 1277]
      72460   3019.125    149.066    150.064    17.4649    17.4649   4.695187   4.695279     1.8462     1.5201     100.00   22.97212  -90.49866   -0.00020   -0.00005         10  0.000e+00
      72461   3019.167    148.964    149.962    17.4651    17.4649   4.695201   4.695242     1.8449     1.5201     100.00   22.97212  -90.49866   -0.00021   -0.00001         10  0.000e+00
      72462   3019.208    149.113    150.112    17.4651    17.4650   4.695201   4.695264     1.8449     1.5189     100.00   22.97212  -90.49866   -0.00020   -0.00001         10  0.000e+00
      72463   3019.250    149.066    150.064    17.4653    17.4649   4.695209   4.695301     1.8462     1.5201     100.00   22.97212  -90.49866   -0.00017    0.00000         10  0.000e+00
      72464   3019.292    149.059    150.058    17.4651    17.4651   4.695201   4.695316     1.8462     1.5201     100.00   22.97212  -90.49866   -0.00014    0.00002         10  0.000e+00
      72465   3019.333    149.066    150.065    17.4655    17.4650   4.695230   4.695316     1.8462     1.5201     100.00   22.97212  -90.49866   -0.00011    0.00005         10  0.000e+00
      72466   3019.375    149.066    150.065    17.4654    17.4654   4.695266   4.695286     1.8462     1.5201     100.00   22.97212  -90.49866   -0.00008    0.00007         10  0.000e+00
      72467   3019.417    149.012    150.010    17.4655    17.4650   4.695252   4.695301     1.8462     1.5201     100.00   22.97212  -90.49866   -0.00005    0.00008         10  0.000e+00
      72468   3019.458    149.066    150.065    17.4658    17.4653   4.695266   4.695294     1.8462     1.5201      97.12   22.97212  -90.49866   -0.00004    0.00010         10  0.000e+00
      72469   3019.500    149.012    150.010    17.4656    17.4654   4.695259   4.695338     1.8449     1.5201      75.24   22.97212  -90.49866   -0.00003    0.00011         10  0.000e+00
      72470   3019.542    149.059    150.058    17.4658    17.4654   4.695274   4.695359     1.8462     1.5201      64.96   22.97212  -90.49866 -7.034e-07    0.00014         10  0.000e+00
      72471   3019.583    149.012    150.010    17.4660    17.4655   4.695310   4.695323     1.8462     1.5214      64.27   22.97212  -90.49866    0.00001    0.00017         10  0.000e+00
      72472   3019.625    149.066    150.065    17.4661    17.4654   4.695324   4.695374     1.8462     1.5201      65.27   22.97212  -90.49866    0.00002    0.00019         10  0.000e+00
      72473   3019.667    149.060    150.058    17.4658    17.4655   4.695288   4.695396     1.8462     1.5201      65.67   22.97212  -90.49866    0.00005    0.00020         10  0.000e+00
      72474   3019.708    149.012    150.010    17.4659    17.4655   4.695259   4.695367     1.8474     1.5201      65.67   22.97212  -90.49866    0.00009    0.00023         10  0.000e+00
      72475   3019.750    149.012    150.011    17.4658    17.4655   4.695245   4.695381     1.8462     1.5214      65.62   22.97212  -90.49866    0.00012    0.00026         10  0.000e+00
      72476   3019.792    149.067    150.065    17.4659    17.4655   4.695302   4.695367     1.8462     1.5214      65.62   22.97212  -90.49866    0.00013    0.00029         10  0.000e+00
      72477   3019.833    149.012    150.011    17.4658    17.4657   4.695324   4.695359     1.8462     1.5214      65.59   22.97212  -90.49866    0.00014    0.00032         10  0.000e+00
      72478   3019.875    149.060    150.059    17.4659    17.4656   4.695259   4.695359     1.8462     1.5214      65.62   22.97212  -90.49866    0.00015    0.00035         10  0.000e+00
      72479   3019.917    149.013    150.011    17.4656    17.4655   4.695266   4.695359     1.8462     1.5214      65.62   22.97212  -90.49866    0.00018    0.00039         10  0.000e+00
      72480   3019.958    149.067    150.066    17.4656    17.4659   4.695288   4.695323     1.8462     1.5214      65.62   22.97212  -90.49866    0.00021    0.00042         10  0.000e+00
      72481   3020.000    149.013    150.011    17.4658    17.4655   4.695281   4.695316     1.8462     1.5214      65.62   22.97212  -90.49866    0.00021    0.00045         10  0.000e+00
      72482   3020.042    149.067    150.066    17.4658    17.4656   4.695281   4.695316     1.8462     1.5214      65.59   22.97212  -90.49866    0.00022    0.00047         10  0.000e+00
      72483   3020.083    149.013    150.011    17.4656    17.4654   4.695252   4.695316     1.8462     1.5214      65.59   22.97212  -90.49866    0.00023    0.00050         10  0.000e+00
      72484   3020.125    149.060    150.059    17.4658    17.4655   4.695302   4.695316     1.8462     1.5201      65.62   22.97212  -90.49866    0.00026    0.00051         10  0.000e+00
      72485   3020.167    149.013    150.011    17.4656    17.4656   4.695288   4.695374     1.8474     1.5214      65.62   22.97212  -90.49866    0.00028    0.00053         10  0.000e+00
      72486   3020.208    149.061    150.059    17.4656    17.4655   4.695288   4.695330     1.8462     1.5214      65.62   22.97212  -90.49866    0.00029    0.00055         10  0.000e+00
      72487   3020.250    149.013    150.011    17.4658    17.4657   4.695281   4.695374     1.8462     1.5201      65.62   22.97212  -90.49866    0.00031    0.00056         10  0.000e+00
      72488   3020.292    149.068    150.066    17.4658    17.4658   4.695252   4.695367     1.8462     1.5214      65.62   22.97212  -90.49866    0.00034    0.00058         10  0.000e+00
      72489   3020.333    149.013    150.012    17.4658    17.4655   4.695266   4.695359     1.8462     1.5201      65.59   22.97212  -90.49866    0.00035    0.00058         10  0.000e+00
      72490   3020.375    149.068    150.066    17.4658    17.4657   4.695281   4.695323     1.8462     1.5201      65.62   22.97212  -90.49866    0.00035    0.00059         10  0.000e+00
      72491   3020.417    149.068    150.066    17.4656    17.4657   4.695252   4.695345     1.8462     1.5214      70.23   22.97212  -90.49866    0.00036    0.00061         10  0.000e+00
      72492   3020.458    149.014    150.012    17.4656    17.4658   4.695245   4.695359     1.8462     1.5201      92.01   22.97212  -90.49866    0.00036    0.00061         10  0.000e+00
      72493   3020.500    149.068    150.066    17.4658    17.4657   4.695245   4.695381     1.8462     1.5214     100.00   22.97212  -90.49866    0.00037    0.00063         10  0.000e+00
      72494   3020.542    149.014    150.012    17.4656    17.4657   4.695245   4.695418     1.8462     1.5201     100.00   22.97212  -90.49866    0.00037    0.00063         10  0.000e+00
      72495   3020.583    149.061    150.060    17.4658    17.4660   4.695209   4.695374     1.8462     1.5201     100.00   22.97212  -90.49866    0.00038    0.00063         10  0.000e+00
      72496   3020.625    149.068    150.067    17.4655    17.4659   4.695259   4.695367     1.8462     1.5201     100.00   22.97212  -90.49866    0.00040    0.00063         10  0.000e+00
      72497   3020.667    149.061    150.060    17.4656    17.4657   4.695194   4.695389     1.8462     1.5201     100.00   22.97212  -90.49866    0.00041    0.00063         10  0.000e+00
      72498   3020.708    149.014    150.012    17.4656    17.4659   4.695252   4.695330     1.8462     1.5201     100.00   22.97212  -90.49866    0.00043    0.00063         10  0.000e+00
      72499   3020.750    149.068    150.067    17.4656    17.4658   4.695216   4.695374     1.8474     1.5201     100.00   22.97212  -90.49866    0.00045    0.00063         10  0.000e+00
      72500   3020.792    149.062    150.060    17.4655    17.4661   4.695230   4.695396     1.8474     1.5214     100.00   22.97212  -90.49866    0.00047    0.00065         10  0.000e+00
      72501   3020.833    149.068    150.067    17.4656    17.4657   4.695209   4.695330     1.8462     1.5201     100.00   22.97212  -90.49866    0.00047    0.00065         10  0.000e+00
      72502   3020.875    149.068    150.067    17.4658    17.4660   4.695230   4.695345     1.8474     1.5214     100.00   22.97212  -90.49866    0.00049    0.00067         10  0.000e+00
      72503   3020.917    149.014    150.012    17.4661    17.4661   4.695281   4.695381     1.8474     1.5214     100.00   22.97212  -90.49866    0.00051    0.00068         10  0.000e+00
      72504   3020.958    149.116    150.115    17.4660    17.4657   4.695252   4.695367     1.8474     1.5214     100.00   22.97212  -90.49866    0.00053    0.00070         10  0.000e+00
      72505   3021.000    149.014    150.013    17.4663    17.4659   4.695266   4.695323     1.8462     1.5214     100.00   22.97212  -90.49866    0.00053    0.00071         10  0.000e+00
      72506   3021.042    149.116    150.115    17.4665    17.4658   4.695310   4.695316     1.8462     1.5201     100.00   22.97212  -90.49866    0.00053    0.00070         10  0.000e+00
      72507   3021.083    149.015    150.013    17.4665    17.4659   4.695346   4.695316     1.8462     1.5201     100.00   22.97212  -90.49866    0.00053    0.00070         10  0.000e+00
      72508   3021.125    149.116    150.115    17.4665    17.4659   4.695389   4.695316     1.8462     1.5201     100.00   22.97212  -90.49866    0.00053    0.00070         10  0.000e+00
      72509   3021.167    149.069    150.068    17.4670    17.4656   4.695346   4.695345     1.8462     1.5201     100.00   22.97212  -90.49866    0.00053    0.00069         10  0.000e+00
      72510   3021.208    149.069    150.068    17.4665    17.4657   4.695288   4.695323     1.8474     1.5214     100.00   22.97212  -90.49866    0.00054    0.00070         10  0.000e+00
      72511   3021.250    149.062    150.061    17.4658    17.4657   4.695252   4.695316     1.8474     1.5201     100.00   22.97212  -90.49866    0.00056    0.00069         10  0.000e+00
      72512   3021.292    149.117    150.116    17.4653    17.4655   4.695245   4.695286     1.8474     1.5201     100.00   22.97212  -90.49866    0.00057    0.00069         10  0.000e+00
      74486   3103.542    119.140    119.929    19.3041    19.3047   4.902529   4.902712     1.9035     1.5690     100.00   22.97212  -90.49866   -0.00015    0.00006         11  0.000e+00
      74487   3103.583    119.092    119.881    19.3046    19.3046   4.902610   4.902719     1.9035     1.5690     100.00   22.97212  -90.49866   -0.00016    0.00008         11  0.000e+00
      74488   3103.625    119.269    120.059    19.3050    19.3048   4.902669   4.902771     1.9035     1.5690     100.00   22.97212  -90.49866   -0.00015    0.00011         11  0.000e+00
      74489   3103.667    119.093    119.882    19.3053    19.3048   4.902647   4.902741     1.9035     1.5690     100.00   22.97212  -90.49866   -0.00016    0.00013         11  0.000e+00
      74490   3103.708    119.242    120.032    19.3050    19.3046   4.902574   4.902749     1.9035     1.5690     100.00   22.97212  -90.49866   -0.00015    0.00016         11  0.000e+00
      74491   3103.750    119.120    119.909    19.3048    19.3048   4.902588   4.902734     1.9048     1.5690     100.00   22.97212  -90.49866   -0.00015    0.00018         11  0.000e+00
      74492   3103.792    119.188    119.977    19.3044    19.3046   4.902625   4.902682     1.9035     1.5690     100.00   22.97212  -90.49866   -0.00014    0.00020         11  0.000e+00
      74493   3103.833    119.188    119.977    19.3039    19.3048   4.902551   4.902674     1.9035     1.5690     100.00   22.97212  -90.49866   -0.00013    0.00023         11  0.000e+00
      74494   3103.875    119.222    120.012    19.3036    19.3043   4.902456   4.902637     1.9035     1.5690     100.00   22.97212  -90.49866   -0.00013    0.00025         11  0.000e+00
      74495   3103.917    119.140    119.930    19.3031    19.3043   4.902434   4.902607     1.9035     1.5690     100.00   22.97212  -90.49866   -0.00012    0.00028         11  0.000e+00
      74496   3103.958    119.188    119.978    19.3029    19.3039   4.902397   4.902622     1.9023     1.5678     100.00   22.97212  -90.49866   -0.00015    0.00028         11  0.000e+00
      74497   3104.000    119.168    119.957    19.3024    19.3036   4.902390   4.902607     1.9035     1.5690     100.00   22.97212  -90.49866   -0.00014    0.00031         11  0.000e+00
      74498   3104.042    119.188    119.978    19.3020    19.3034   4.902331   4.902466     1.9035     1.5690     100.00   22.97212  -90.49866   -0.00013    0.00033         11  0.000e+00
      74499   3104.083    119.168    119.957    19.3017    19.3032   4.902280   4.902481     1.9035     1.5678     100.00   22.97212  -90.49866   -0.00013    0.00034         11  0.000e+00
      74500   3104.125    119.242    120.033    19.3013    19.3036   4.902265   4.902608     1.9035     1.5678     100.00   22.97212  -90.49866   -0.00012    0.00035         11  0.000e+00
      74501   3104.167    119.141    119.930    19.3010    19.3043   4.902199   4.902667     1.9048     1.5690     100.00   22.97212  -90.49866   -0.00010    0.00037         11  0.000e+00
      74502   3104.208    119.222    120.012    19.3013    19.3043   4.902250   4.902712     1.9035     1.5678     100.00   22.97212  -90.49866   -0.00011    0.00038         11  0.000e+00
      74503   3104.250    119.188    119.978    19.3013    19.3046   4.902294   4.902809     1.9035     1.5678     100.00   22.97212  -90.49866   -0.00012    0.00039         11  0.000e+00
      74504   3104.292    119.189    119.978    19.3017    19.3050   4.902250   4.902816     1.9035     1.5690     100.00   22.97212  -90.49866   -0.00010    0.00042         11  0.000e+00
      74505   3104.333    119.168    119.958    19.3015    19.3057   4.902257   4.902831     1.9035     1.5690     100.00   22.97212  -90.49866   -0.00009    0.00044         11  0.000e+00
      74506   3104.375    119.189    119.978    19.3015    19.3065   4.902302   4.902876     1.9023     1.5690     100.00   22.97212  -90.49866   -0.00010    0.00047         11  0.000e+00
      74507   3104.417    119.189    119.978    19.3018    19.3071   4.902338   4.902972     1.9035     1.5690     100.00   22.97212  -90.49866   -0.00010    0.00048         11  0.000e+00
      74508   3104.458    119.223    120.013    19.3020    19.3074   4.902353   4.903010     1.9035     1.5690     100.00   22.97212  -90.49866   -0.00007    0.00048         11  0.000e+00
      74509   3104.500    119.189    119.979    19.3024    19.3073   4.902353   4.903002     1.9023     1.5690     100.00   22.97212  -90.49866   -0.00006    0.00049         11  0.000e+00
      74510   3104.542    119.189    119.979    19.3022    19.3073   4.902382   4.903039     1.9035     1.5690     100.00   22.97212  -90.49866   -0.00007    0.00050         11  0.000e+00
      74511   3104.583    119.169    119.958    19.3027    19.3071   4.902390   4.902980     1.9023     1.5690     100.00   22.97212  -90.49866   -0.00007    0.00051         11  0.000e+00
      74512   3104.625    119.189    119.979    19.3025    19.3065   4.902419   4.902868     1.9023     1.5690     100.00   22.97212  -90.49866   -0.00008    0.00051         11  0.000e+00
      74513   3104.667    119.169    119.958    19.3024    19.3057   4.902434   4.902779     1.9023     1.5690     100.00   22.97212  -90.49866   -0.00009    0.00052         11  0.000e+00
      74514   3104.708    119.189    119.979    19.3024    19.3053   4.902338   4.902756     1.9035     1.5690     100.00   22.97212  -90.49866   -0.00010    0.00052         11  0.000e+00
      74515   3104.750    119.189    119.979    19.3027    19.3051   4.902404   4.902667     1.9023     1.5690     100.00   22.97212  -90.49866   -0.00011    0.00053         11  0.000e+00
      74516   3104.792    119.169    119.959    19.3026    19.3050   4.902397   4.902689     1.9023     1.5690     100.00   22.97212  -90.49866   -0.00011    0.00052         11  0.000e+00
