GOMECC/GOMECC-4/1db/rb2103_0031.cnv
* Sea-Bird SBE 9 Data File:
* FileName = C:\Users\scs.user.rb\CTD\GOMECC4\data\rb2103_003.hex
* Software Version Seasave V 7.26.7.107
* Temperature SN = 4799
* Conductivity SN = 3860
* Number of Bytes Per Scan = 41
* Number of Voltage Words = 4
* Number of Scans Averaged by the Deck Unit = 1
* NMEA Latitude = 26 59.30 N
* NMEA Longitude = 079 46.65 W
* NMEA UTC (Time) = Sep 14 2021  20:49:18
* NMEA baud rate = 4800
# nquan = 28
# nvalues = 459                         
# units = specified
# name 0 = scan: Scan Count
# name 1 = timeS: Time, Elapsed [seconds]
# name 2 = depSM: Depth [salt water, m]
# name 3 = prDM: Pressure, Digiquartz [db]
# name 4 = t090C: Temperature [ITS-90, deg C]
# name 5 = t190C: Temperature, 2 [ITS-90, deg C]
# name 6 = c0S/m: Conductivity [S/m]
# name 7 = c1S/m: Conductivity, 2 [S/m]
# name 8 = sbeox0V: Oxygen raw, SBE 43 [V]
# name 9 = sbeox1V: Oxygen raw, SBE 43, 2 [V]
# name 10 = altM: Altimeter [m]
# name 11 = latitude: Latitude [deg]
# name 12 = longitude: Longitude [deg]
# name 13 = sbox0dV/dT: Oxygen, SBE 43 [dov/dt]
# name 14 = sbox1dV/dT: Oxygen, SBE 43, 2 [dov/dt]
# name 15 = sbeox0ML/L: Oxygen, SBE 43 [ml/l], WS = 5
# name 16 = sbeox1ML/L: Oxygen, SBE 43, 2 [ml/l], WS = 5
# name 17 = potemp090C: Potential Temperature [ITS-90, deg C]
# name 18 = potemp190C: Potential Temperature, 2 [ITS-90, deg C]
# name 19 = sal00: Salinity, Practical [PSU]
# name 20 = sal11: Salinity, Practical, 2 [PSU]
# name 21 = sigma-é00: Density [sigma-theta, kg/m^3]
# name 22 = sigma-é11: Density, 2 [sigma-theta, kg/m^3]
# name 23 = avgsvCM: Average Sound Velocity [Chen-Millero, m/s], minP = 20, minS = 20
# name 24 = sbox0Mm/Kg: Oxygen, SBE 43 [umol/kg], WS = 5
# name 25 = sbox1Mm/Kg: Oxygen, SBE 43, 2 [umol/kg], WS = 5
# name 26 = nbin: number of scans per bin
# name 27 = flag: flag
# span 0 =       7231,      75079       
# span 1 =    301.264,   3128.230       
# span 2 =      1.987,    388.062       
# span 3 =      2.000,    391.000       
# span 4 =     7.6128,    29.6522       
# span 5 =     7.6141,    29.6390       
# span 6 =   3.599509,   5.999852       
# span 7 =   3.599630,   5.997224       
# span 8 =     1.6825,     3.1792       
# span 9 =     1.3883,     2.7041       
# span 10 =       7.60,     101.36      
# span 11 =   26.72850,   27.16493      
# span 12 =  -80.22636,  -78.93829      
# span 13 =   -0.07229,    0.03996      
# span 14 =   -0.05351,    0.01806      
# span 15 =     2.7154,     4.4740      
# span 16 =     2.5889,     4.4965      
# span 17 =     7.5738,    29.6470      
# span 18 =     7.5751,    29.6377      
# span 19 =    34.9633,    36.9445      
# span 20 =    34.9633,    36.9469      
# span 21 =    22.1538,    27.3080      
# span 22 =    22.1543,    27.3078      
# span 23 =       0.00,    1546.31      
# span 24 =    118.068,    195.119      
# span 25 =    113.082,    196.102      
# span 26 =         30,         74      
# span 27 = 0.0000e+00, 0.0000e+00      
# interval = decibars: 1                
# start_time = Sep 14 2021 20:49:18 [NMEA time, header]
# bad_flag = -9.990e-29
*END*
[from data line 52]
      14821    617.486     56.618     57.000    28.1795    28.1851   5.840042   5.840732     3.1193     2.6609     100.10   26.99123  -79.77754   -0.00398   -0.00218     4.4025     4.4257    28.1659    28.1715    36.3727    36.3732    23.3727    23.3713    1545.95    192.125    193.137         60 0.0000e+00
      14875    619.732     57.610     58.000    28.0720    28.0728   5.830174   5.830360     3.1115     2.6556     100.00   26.99126  -79.77754   -0.00348   -0.00174     4.3968     4.4230    28.0582    28.0590    36.3859    36.3866    23.4181    23.4184    1545.91    191.868    193.011         46 0.0000e+00
      14914    621.367     58.604     59.000    27.9852    27.9901   5.822426   5.822857     3.1076     2.6486     100.00   26.99128  -79.77754   -0.00310   -0.00352     4.3959     4.4162    27.9712    27.9761    36.3953    36.3954    23.4538    23.4523    1545.88    191.820    192.710         35 0.0000e+00
      14949    622.830     59.597     60.000    27.9164    27.9203   5.815306   5.815816     3.1015     2.6426     100.00   26.99130  -79.77754   -0.00307   -0.00383     4.3910     4.4087    27.9023    27.9062    36.4007    36.4012    23.4805    23.4796    1545.84    191.604    192.373         34 0.0000e+00
      14983    624.248     60.590     61.000    27.8702    27.8726   5.810462   5.810903     3.0980     2.6346     100.00   26.99130  -79.77754   -0.00337   -0.00431     4.3888     4.3962    27.8558    27.8582    36.4019    36.4032    23.4966    23.4968    1545.80    191.505    191.829         35 0.0000e+00
      15019    625.740     61.583     62.000    27.8359    27.8408   5.806328   5.807140     3.0949     2.6366     100.00   26.99133  -79.77755   -0.00265   -0.00358     4.3863     4.4034    27.8213    27.8262    36.3989    36.4009    23.5057    23.5056    1545.76    191.393    192.140         37 0.0000e+00
      15057    627.329     62.576     63.000    27.7416    27.7567   5.795391   5.796873     3.0917     2.6341     100.00   26.99136  -79.77756   -0.00201   -0.00020     4.3884     4.4050    27.7268    27.7419    36.3943    36.3931    23.5331    23.5272    1545.73    191.481    192.205         37 0.0000e+00
      15091    628.750     63.569     64.000    27.4785    27.4911   5.766693   5.767809     3.0856     2.6328     100.00   26.99137  -79.77756   -0.00258   -0.00087     4.3981     4.4223    27.4636    27.4761    36.3946    36.3928    23.6190    23.6135    1545.69    191.888    192.945         32 0.0000e+00
      15121    630.006     64.562     65.000    27.2140    27.2217   5.738172   5.738895     3.0795     2.6266     100.00   26.99138  -79.77756   -0.00431   -0.00228     4.4079     4.4300    27.1990    27.2067    36.3970    36.3962    23.7064    23.7033    1545.63    192.298    193.261         30 0.0000e+00
      15152    631.280     65.556     66.000    27.1072    27.1192   5.727090   5.728068     3.0779     2.6258     100.00   26.99140  -79.77756   -0.00375   -0.00231     4.4139     4.4365    27.0919    27.1040    36.4009    36.3985    23.7438    23.7381    1545.58    192.553    193.538         32 0.0000e+00
      15185    632.680     66.549     67.000    26.8244    26.8632   5.690624   5.698921     3.0690     2.6146     100.00   26.99141  -79.77756   -0.00358   -0.00404     4.4209     4.4366    26.8164    26.8481    36.3755    36.3780    23.8130    23.8002    1545.52    192.846    193.531         34 0.0000e+00
      15220    634.118     67.542     68.000    26.2194    26.2251   5.617845   5.618560     3.0528     2.6089      99.70   26.99144  -79.77758   -0.00804   -0.00610     4.4404     4.4712    26.2040    26.2098    36.3088    36.3067    23.9571    23.9537    1545.44    193.668    195.011         34 0.0000e+00
      15253    635.519     68.535     69.000    26.1604    26.1666   5.613896   5.614488     3.0641     2.6156     100.00   26.99146  -79.77758   -0.00461   -0.00227     4.4668     4.4900    26.1449    26.1510    36.3265    36.3259    23.9891    23.9867    1545.36    194.812    195.827         34 0.0000e+00
      15286    636.864     69.528     70.000    26.0166    26.0274   5.599621   5.600351     3.0595     2.6124     100.00   26.99147  -79.77758    0.00217    0.00191     4.4740     4.4965    26.0051    26.0118    36.3326    36.3296    24.0376    24.0320    1545.27    195.119    196.102         30 0.0000e+00
      15342    639.219     71.514     72.000    25.6437    25.6453   5.560731   5.560920     3.0376     2.5983      99.98   26.98579  -79.76072   -0.00764   -0.00500     4.4589     4.4939    25.6277    25.6293    36.3440    36.3446    24.1633    24.1632    1544.76    194.435    195.962         32 0.0000e+00
      15381    640.838     72.507     73.000    25.6143    25.6146   5.558614   5.558851     3.0323     2.5938     100.00   26.99151  -79.77758   -0.00680   -0.00457     4.4514     4.4871    25.5981    25.5984    36.3539    36.3554    24.1805    24.1816    1545.00    194.107    195.663         39 0.0000e+00
      15417    642.334     73.500     74.000    25.6085    25.6086   5.557998   5.558205     3.0284     2.5888     100.00   26.99154  -79.77758   -0.00382   -0.00367     4.4448     4.4775    25.5921    25.5922    36.3536    36.3550    24.1822    24.1833    1544.92    193.817    195.246         32 0.0000e+00
      15448    643.619     74.493     75.000    25.5874    25.5947   5.555995   5.556952     3.0241     2.5908     100.00   26.99154  -79.77758   -0.00299   -0.00214     4.4387     4.4835    25.5708    25.5781    36.3553    36.3566    24.1901    24.1888    1544.83    193.550    195.503         30 0.0000e+00
      15478    644.866     75.486     76.000    25.3992    25.4232   5.539758   5.541671     3.0184     2.5869      73.85   26.99156  -79.77759   -0.00341   -0.00078     4.4415     4.4859    25.3825    25.4064    36.3856    36.3806    24.2713    24.2601    1544.74    193.658    195.596         31 0.0000e+00
      15510    646.211     76.479     77.000    25.2578    25.2680   5.528194   5.529678     3.0053     2.5698      87.90   26.99158  -79.77760   -0.00544   -0.00474     4.4294     4.4636    25.2409    25.2511    36.4131    36.4112    24.3357    24.3312    1544.66    193.116    194.609         33 0.0000e+00
      15543    647.574     77.473     78.000    25.1427    25.1759   5.518732   5.521348     2.9969     2.5591     100.11   26.99160  -79.77760   -0.00727   -0.00862     4.4216     4.4473    25.1257    25.1588    36.4349    36.4278    24.3876    24.3720    1544.56    192.769    193.891         32 0.0000e+00
      15575    648.902     78.466     79.000    24.9530    24.9637   5.500073   5.500973     2.9848     2.5492     100.00   26.99161  -79.77760   -0.00768   -0.00875     4.4136     4.4423    24.9358    24.9465    36.4485    36.4466    24.4561    24.4514    1544.47    192.406    193.658         33 0.0000e+00
      15608    650.294     79.459     80.000    24.7864    24.7967   5.481911   5.482913     2.9716     2.5367     100.00   26.99164  -79.77760   -0.00871   -0.00811     4.4019     4.4285    24.7691    24.7794    36.4470    36.4462    24.5057    24.5020    1544.38    191.888    193.048         33 0.0000e+00
      15641    651.659     80.452     81.000    24.5511    24.5701   5.455008   5.456685     2.9557     2.5202     100.00   26.99164  -79.77760   -0.00988   -0.00934     4.3906     4.4109    24.5337    24.5527    36.4354    36.4326    24.5683    24.5604    1544.28    191.385    192.270         32 0.0000e+00
      15673    652.999     81.445     82.000    24.3273    24.3349   5.429770   5.430447     2.9357     2.5050     100.00   26.99167  -79.77761   -0.01168   -0.01113     4.3700     4.3966    24.3098    24.3174    36.4267    36.4257    24.6292    24.6262    1544.18    190.472    191.631         32 0.0000e+00
      15705    654.320     82.438     83.000    24.2431    24.2477   5.420408   5.420999     2.9184     2.4901     100.00   26.99168  -79.77762   -0.01389   -0.01151     4.3433     4.3711    24.2254    24.2300    36.4242    36.4249    24.6526    24.6518    1544.07    189.305    190.515         32 0.0000e+00
      15736    655.626     83.431     84.000    24.1108    24.1242   5.404740   5.405841     2.9059     2.4795     100.00   26.99170  -79.77762   -0.01287   -0.01076     4.3300     4.3583    24.0930    24.1063    36.4130    36.4105    24.6838    24.6779    1543.97    188.718    189.955         31 0.0000e+00
      15792    657.961     85.417     86.000    23.9243    23.9279   5.390472   5.390799     2.8861     2.4605      99.98   26.98672  -79.76281   -0.00857   -0.00645     4.3053     4.3311    23.9061    23.9097    36.4537    36.4532    24.7696    24.7681    1543.47    187.625    188.752         31 0.0000e+00
      15827    659.431     86.410     87.000    23.8294    23.8348   5.383530   5.383950     2.8563     2.4299     100.00   26.99174  -79.77762   -0.01101   -0.01192     4.2537     4.2710    23.8110    23.8165    36.4811    36.4799    24.8194    24.8168    1543.65    185.370    186.121         34 0.0000e+00
      15861    660.851     87.403     88.000    23.7370    23.7419   5.376861   5.377414     2.8241     2.4020     100.00   26.99176  -79.77762   -0.01869   -0.01936     4.1966     4.2164    23.7186    23.7234    36.5058    36.5060    24.8655    24.8642    1543.55    182.872    183.737         33 0.0000e+00
      15893    662.167     88.396     89.000    23.6875    23.6880   5.371968   5.372067     2.8002     2.3816     100.00   26.99178  -79.77762   -0.02248   -0.02031     4.1533     4.1758    23.6688    23.6693    36.5088    36.5091    24.8825    24.8826    1543.44    180.982    181.965         30 0.0000e+00
      15979    665.766     91.374     92.000    23.3978    23.4055   5.346697   5.347492     2.7486     2.3368      99.99   26.98994  -79.77204   -0.01349   -0.01147     4.0725     4.0978    23.3786    23.3863    36.5520    36.5517    25.0004    24.9979    1543.03    177.442    178.544         34 0.0000e+00
      16015    667.244     92.368     93.000    23.3424    23.3446   5.340378   5.340749     2.7226     2.3129     100.00   26.99186  -79.77764   -0.01652   -0.01623     4.0253     4.0501    23.3231    23.3253    36.5498    36.5509    25.0153    25.0155    1543.03    175.383    176.463         35 0.0000e+00
      16048    668.613     93.361     94.000    23.2699    23.2774   5.331092   5.331982     2.7113     2.3070     100.00   26.99187  -79.77764   -0.01578   -0.01388     4.0085     4.0422    23.2505    23.2579    36.5379    36.5386    25.0276    25.0259    1542.93    174.650    176.117         30 0.0000e+00
      16128    671.959     96.340     97.000    22.7239    22.7392   5.258498   5.260168     2.7107     2.3167      99.98   26.98606  -79.76036   -0.00217    0.00152     4.0534     4.1071    22.7041    22.7194    36.4256    36.4260    25.1003    25.0962    1542.27    176.591    178.930         32 0.0000e+00
      16166    673.531     97.333     98.000    22.3792    22.3993   5.216897   5.218812     2.7183     2.3234     100.00   26.99193  -79.77766    0.00493    0.00635     4.0965     4.1482    22.3595    22.3796    36.3892    36.3874    25.1719    25.1648    1542.49    178.456    180.710         37 0.0000e+00
      16201    675.012     98.326     99.000    22.2479    22.2521   5.202255   5.202671     2.7293     2.3327     100.00   26.99195  -79.77766    0.00669    0.00600     4.1300     4.1806    22.2280    22.2322    36.3837    36.3835    25.2051    25.2038    1542.37    179.909    182.114         33 0.0000e+00
      16288    678.621    101.304    102.000    22.0191    22.0210   5.182774   5.183108     2.7184     2.3167     100.00   26.99183  -79.77722   -0.00065   -0.00235     4.1299     4.1664    21.9988    22.0007    36.4210    36.4221    25.2983    25.2986    1542.01    179.891    181.479         31 0.0000e+00
      16320    679.965    102.297    103.000    21.8687    21.8759   5.170564   5.170981     2.6982     2.2966     100.00   26.99200  -79.77768   -0.00937   -0.00996     4.0892     4.1196    21.8483    21.8555    36.4507    36.4479    25.3634    25.3592    1541.91    178.108    179.432         33 0.0000e+00
      16352    681.312    103.290    104.000    21.8359    21.8391   5.169189   5.169514     2.6729     2.2718     100.00   26.99202  -79.77768   -0.01383   -0.01398     4.0461     4.0733    21.8153    21.8185    36.4672    36.4671    25.3852    25.3841    1541.78    176.223    177.409         32 0.0000e+00
      16385    682.659    104.283    105.000    21.8034    21.8059   5.167769   5.168059     2.6464     2.2468     100.00   26.99205  -79.77768   -0.01767   -0.01715     3.9937     4.0187    21.7826    21.7851    36.4831    36.4832    25.4064    25.4058    1541.67    173.940    175.030         32 0.0000e+00
      16444    685.134    106.269    107.000    21.7254    21.7257   5.165453   5.165556     2.6043     2.2100     100.00   26.99160  -79.77627   -0.01772   -0.01590     3.9122     3.9404    21.7043    21.7046    36.5297    36.5303    25.4638    25.4641    1541.41    170.380    171.609         30 0.0000e+00
      16475    686.431    107.262    108.000    21.7691    21.7652   5.173921   5.173773     2.5810     2.1862     100.00   26.99210  -79.77769   -0.01722   -0.01576     3.8657     3.8870    21.7452    21.7440    36.5622    36.5642    25.4771    25.4797    1541.33    168.354    169.282         32 0.0000e+00
      16508    687.784    108.255    109.000    22.0703    22.0635   5.229220   5.229597     2.5589     2.1659      95.54   26.99210  -79.77770   -0.01728   -0.01634     3.7765     3.7995    22.0484    22.0416    36.7542    36.7557    25.5378    25.5408    1541.25    164.460    165.462         33 0.0000e+00
      16540    689.120    109.248    110.000    22.1369    22.1339   5.242166   5.241961     2.5278     2.1339      97.09   26.99213  -79.77770   -0.01834   -0.01798     3.7196     3.7345    22.1149    22.1119    36.7884    36.7893    25.5449    25.5465    1541.13    161.979    162.629         31 0.0000e+00
      16599    691.580    111.233    112.000    22.2054    22.2059   5.257204   5.257445     2.4775     2.0902     100.00   26.99122  -79.77492   -0.02193   -0.02053     3.6111     3.6306    22.1830    22.1834    36.8478    36.8493    25.5706    25.5716    1540.90    157.249    158.101         30 0.0000e+00
      16631    692.929    112.226    113.000    22.2132    22.2135   5.260476   5.260685     2.4594     2.0781      64.22   26.99217  -79.77770   -0.01855   -0.01528     3.5735     3.6027    22.1905    22.1908    36.8672    36.8686    25.5833    25.5844    1540.87    155.610    156.884         34 0.0000e+00
      16664    694.311    113.219    114.000    22.2533    22.2509   5.269378   5.269259     2.4463     2.0680      90.13   26.99220  -79.77772   -0.01385   -0.01028     3.5436     3.5772    22.2304    22.2280    36.9030    36.9041    25.5992    25.6008    1540.78    154.306    155.768         32 0.0000e+00
      16696    695.608    114.212    115.000    22.2736    22.2743   5.273552   5.273863     2.4345     2.0564     100.03   26.99222  -79.77772   -0.01055   -0.00808     3.5180     3.5495    22.2504    22.2511    36.9184    36.9202    25.6052    25.6064    1540.71    153.193    154.564         30 0.0000e+00
      16753    698.014    116.198    117.000    22.2280    22.2284   5.268728   5.268933     2.4138     2.0402      99.99   26.99036  -79.77212   -0.00907   -0.00781     3.4794     3.5167    22.2045    22.2049    36.9174    36.9186    25.6173    25.6181    1540.44    151.506    153.131         30 0.0000e+00
      16786    699.376    117.191    118.000    22.2181    22.2194   5.267474   5.267824     2.4099     2.0343     100.00   26.99226  -79.77772   -0.00692   -0.00591     3.4724     3.5045    22.1944    22.1957    36.9166    36.9182    25.6198    25.6206    1540.47    151.205    152.601         33 0.0000e+00
