GOMECC/GOMECC-4/1db/rb2103_0061.ros
* Sea-Bird SBE 9 Data File:
* FileName = C:\Users\scs.user.rb\CTD\GOMECC4\data\rb2103_006.hex
* Software Version Seasave V 7.26.7.107
* Temperature SN = 4799
* Conductivity SN = 3860
* Number of Bytes Per Scan = 41
* Number of Voltage Words = 4
* Number of Scans Averaged by the Deck Unit = 1
* NMEA Latitude = 26 59.43 N
* NMEA Longitude = 079 59.23 W
* NMEA UTC (Time) = Sep 15 2021  03:40:59
* NMEA baud rate = 4800
# nquan = 17
# nvalues = 1596                                  
# units = specified
# name 0 = scan: Scan Count
# name 1 = timeS: Time, Elapsed [seconds]
# name 2 = depSM: Depth [salt water, m]
# name 3 = prDM: Pressure, Digiquartz [db]
# name 4 = t090C: Temperature [ITS-90, deg C]
# name 5 = t190C: Temperature, 2 [ITS-90, deg C]
# name 6 = c0S/m: Conductivity [S/m]
# name 7 = c1S/m: Conductivity, 2 [S/m]
# name 8 = sbeox0V: Oxygen raw, SBE 43 [V]
# name 9 = sbeox1V: Oxygen raw, SBE 43, 2 [V]
# name 10 = altM: Altimeter [m]
# name 11 = latitude: Latitude [deg]
# name 12 = longitude: Longitude [deg]
# name 13 = sbox0dV/dT: Oxygen, SBE 43 [dov/dt]
# name 14 = sbox1dV/dT: Oxygen, SBE 43, 2 [dov/dt]
# name 15 = nbf: Bottles Fired
# name 16 = flag:  0.000e+00
# interval = seconds: 0.0416667
# start_time = Sep 15 2021 03:40:59 [NMEA time, header]
# bad_flag = -9.990e-29
*END*
[from data line 171]
      20965    873.500     53.778     54.141    20.9301    20.9606   5.036421   5.039781     2.4237     2.0574      10.38   26.99404  -79.98816    0.00003   -0.00117          2  0.000e+00
      20966    873.542     53.725     54.088    20.9309    20.9606   5.036540   5.039781     2.4237     2.0574      10.38   26.99404  -79.98816    0.00005   -0.00117          2  0.000e+00
      20967    873.583     53.778     54.141    20.9320    20.9606   5.036681   5.039758     2.4225     2.0574      10.38   26.99404  -79.98816    0.00005   -0.00117          2  0.000e+00
      20968    873.625     53.665     54.027    20.9325    20.9604   5.036740   5.039720     2.4237     2.0574      10.38   26.99404  -79.98816    0.00007   -0.00115          2  0.000e+00
      20969    873.667     53.786     54.149    20.9322    20.9599   5.036755   5.039713     2.4225     2.0574      10.35   26.99404  -79.98816    0.00007   -0.00115          2  0.000e+00
      20970    873.708     53.725     54.088    20.9327    20.9590   5.036755   5.039615     2.4225     2.0574      10.35   26.99404  -79.98816    0.00007   -0.00113          2  0.000e+00
      20971    873.750     53.672     54.034    20.9343    20.9572   5.036844   5.039389     2.4225     2.0574      10.35   26.99404  -79.98816    0.00007   -0.00110          2  0.000e+00
      20972    873.792     53.778     54.141    20.9332    20.9551   5.036785   5.039268     2.4225     2.0574      10.35   26.99406  -79.98816    0.00007   -0.00108          2  0.000e+00
      20973    873.833     53.725     54.088    20.9300    20.9539   5.036465   5.039185     2.4225     2.0574      10.35   26.99406  -79.98816    0.00007   -0.00106          2  0.000e+00
      20974    873.875     53.665     54.027    20.9274    20.9526   5.036279   5.039035     2.4225     2.0574      10.35   26.99406  -79.98816    0.00007   -0.00103          2  0.000e+00
      20975    873.917     53.725     54.088    20.9260    20.9532   5.036116   5.039178     2.4225     2.0574      10.35   26.99406  -79.98816    0.00007   -0.00101          2  0.000e+00
      20976    873.958     53.665     54.027    20.9258    20.9547   5.036079   5.039472     2.4225     2.0574      10.35   26.99406  -79.98816    0.00007   -0.00098          2  0.000e+00
      20977    874.000     53.725     54.088    20.9261    20.9577   5.036109   5.039698     2.4225     2.0574      10.35   26.99406  -79.98816    0.00007   -0.00095          2  0.000e+00
      20978    874.042     53.725     54.088    20.9262    20.9590   5.036123   5.039879     2.4225     2.0574      10.35   26.99406  -79.98816    0.00007   -0.00092          2  0.000e+00
      20979    874.083     53.672     54.034    20.9264    20.9606   5.036123   5.039924     2.4225     2.0574      10.35   26.99406  -79.98816    0.00007   -0.00089          2  0.000e+00
      20980    874.125     53.665     54.027    20.9269    20.9622   5.036190   5.040082     2.4237     2.0574      10.35   26.99406  -79.98816    0.00011   -0.00086          2  0.000e+00
      20981    874.167     53.725     54.088    20.9274    20.9636   5.036235   5.040135     2.4225     2.0586      10.35   26.99406  -79.98816    0.00011   -0.00081          2  0.000e+00
      20982    874.208     53.665     54.027    20.9288    20.9637   5.036376   5.040135     2.4237     2.0586      10.35   26.99406  -79.98816    0.00013   -0.00076          2  0.000e+00
      20983    874.250     53.725     54.088    20.9311    20.9634   5.036577   5.040135     2.4237     2.0574      10.35   26.99406  -79.98816    0.00014   -0.00073          2  0.000e+00
      20984    874.292     53.665     54.027    20.9323    20.9637   5.036688   5.040097     2.4249     2.0586      10.35   26.99406  -79.98816    0.00018   -0.00068          2  0.000e+00
      20985    874.333     53.725     54.088    20.9302    20.9636   5.036584   5.040120     2.4225     2.0586      10.35   26.99406  -79.98816    0.00018   -0.00062          2  0.000e+00
      20986    874.375     53.672     54.034    20.9292    20.9634   5.036413   5.040157     2.4237     2.0586      10.35   26.99406  -79.98816    0.00019   -0.00057          2  0.000e+00
      20987    874.417     53.612     53.974    20.9297    20.9634   5.036465   5.040142     2.4237     2.0586      10.35   26.99406  -79.98816    0.00021   -0.00052          2  0.000e+00
      20988    874.458     53.725     54.088    20.9290    20.9634   5.036369   5.040135     2.4249     2.0586      10.35   26.99406  -79.98816    0.00024   -0.00046          2  0.000e+00
      20989    874.500     53.665     54.027    20.9264    20.9641   5.036198   5.040165     2.4237     2.0586      10.35   26.99406  -79.98816    0.00026   -0.00041          2  0.000e+00
      20990    874.542     53.672     54.034    20.9255    20.9646   5.036161   5.040172     2.4249     2.0586      10.35   26.99406  -79.98816    0.00029   -0.00037          2  0.000e+00
      20991    874.583     53.725     54.088    20.9254    20.9644   5.036190   5.040172     2.4237     2.0586      10.35   26.99406  -79.98816    0.00030   -0.00033          2  0.000e+00
      20992    874.625     53.672     54.034    20.9274    20.9637   5.036235   5.040142     2.4237     2.0586      10.38   26.99406  -79.98816    0.00032   -0.00029          2  0.000e+00
      20993    874.667     53.665     54.027    20.9273    20.9634   5.036250   5.040067     2.4237     2.0586      10.45   26.99406  -79.98816    0.00033   -0.00025          2  0.000e+00
      20994    874.708     53.612     53.974    20.9257    20.9636   5.036153   5.040074     2.4237     2.0586      10.50   26.99406  -79.98816    0.00034   -0.00021          2  0.000e+00
      20995    874.750     53.725     54.088    20.9246    20.9639   5.036027   5.040090     2.4237     2.0586      10.50   26.99406  -79.98816    0.00036   -0.00017          2  0.000e+00
      20996    874.792     53.672     54.034    20.9244    20.9646   5.035960   5.040180     2.4237     2.0586      10.48   26.99406  -79.98816    0.00037   -0.00013          2  0.000e+00
      20997    874.833     53.665     54.027    20.9253    20.9648   5.036019   5.040187     2.4237     2.0598      10.48   26.99406  -79.98816    0.00038   -0.00007          2  0.000e+00
      20998    874.875     53.672     54.034    20.9260    20.9633   5.036064   5.040014     2.4237     2.0586      10.50   26.99406  -79.98816    0.00039   -0.00003          2  0.000e+00
      20999    874.917     53.665     54.027    20.9246    20.9611   5.035945   5.039833     2.4237     2.0598      10.48   26.99406  -79.98816    0.00040    0.00003          2  0.000e+00
      21000    874.958     53.672     54.034    20.9213    20.9600   5.035752   5.039796     2.4237     2.0598      10.50   26.99406  -79.98816    0.00041    0.00009          2  0.000e+00
      21001    875.000     53.665     54.027    20.9213    20.9593   5.035700   5.039728     2.4237     2.0586      10.50   26.99406  -79.98816    0.00044    0.00015          2  0.000e+00
      21002    875.042     53.665     54.027    20.9223    20.9588   5.035789   5.039713     2.4249     2.0586      10.48   26.99406  -79.98816    0.00047    0.00019          2  0.000e+00
      21003    875.083     53.725     54.088    20.9220    20.9583   5.035826   5.039675     2.4249     2.0598      10.50   26.99406  -79.98816    0.00050    0.00025          2  0.000e+00
      21004    875.125     53.612     53.974    20.9228    20.9590   5.035759   5.039758     2.4249     2.0598      10.48   26.99406  -79.98816    0.00052    0.00031          2  0.000e+00
      21005    875.167     53.725     54.088    20.9206    20.9597   5.035678   5.039796     2.4249     2.0598      10.50   26.99406  -79.98816    0.00055    0.00037          2  0.000e+00
      21006    875.208     53.665     54.027    20.9186    20.9600   5.035462   5.039818     2.4237     2.0598      10.48   26.99406  -79.98816    0.00055    0.00043          2  0.000e+00
      21007    875.250     53.725     54.088    20.9174    20.9608   5.035336   5.039864     2.4237     2.0598      10.48   26.99406  -79.98816    0.00056    0.00049          2  0.000e+00
      21008    875.292     53.665     54.027    20.9179    20.9611   5.035343   5.039909     2.4237     2.0598      10.48   26.99406  -79.98816    0.00057    0.00053          2  0.000e+00
      21009    875.333     53.672     54.034    20.9192    20.9613   5.035447   5.039946     2.4249     2.0598      10.50   26.99406  -79.98816    0.00059    0.00057          2  0.000e+00
      21010    875.375     53.725     54.088    20.9200    20.9618   5.035551   5.039992     2.4237     2.0598      10.48   26.99406  -79.98816    0.00060    0.00061          2  0.000e+00
      21011    875.417     53.725     54.088    20.9188    20.9639   5.035477   5.040188     2.4237     2.0598      10.48   26.99406  -79.98816    0.00060    0.00065          2  0.000e+00
      21012    875.458     53.665     54.027    20.9157    20.9668   5.035254   5.040383     2.4237     2.0598      10.50   26.99406  -79.98816    0.00059    0.00068          2  0.000e+00
      21013    875.500     53.725     54.088    20.9149    20.9667   5.035157   5.040429     2.4237     2.0598      10.48   26.99406  -79.98816    0.00060    0.00070          2  0.000e+00
      21014    875.542     53.665     54.027    20.9164    20.9669   5.035209   5.040429     2.4237     2.0598      10.50   26.99406  -79.98816    0.00060    0.00072          2  0.000e+00
      21015    875.583     53.725     54.088    20.9179    20.9676   5.035298   5.040391     2.4237     2.0598      10.48   26.99406  -79.98816    0.00060    0.00074          2  0.000e+00
      21016    875.625     53.725     54.088    20.9171    20.9673   5.035284   5.040293     2.4249     2.0598      10.48   26.99406  -79.98816    0.00062    0.00076          2  0.000e+00
      21017    875.667     53.725     54.088    20.9145    20.9656   5.035083   5.040097     2.4249     2.0598      10.45   26.99406  -79.98816    0.00064    0.00078          2  0.000e+00
      21018    875.708     53.725     54.088    20.9120    20.9627   5.034867   5.039954     2.4237     2.0598      10.45   26.99406  -79.98816    0.00065    0.00078          2  0.000e+00
      21019    875.750     53.612     53.974    20.9120    20.9604   5.034838   5.039826     2.4237     2.0598      10.45   26.99406  -79.98816    0.00065    0.00078          2  0.000e+00
      21020    875.792     53.838     54.202    20.9136    20.9592   5.034949   5.039826     2.4237     2.0611      10.45   26.99406  -79.98816    0.00063    0.00080          2  0.000e+00
      21021    875.833     53.725     54.088    20.9158    20.9616   5.035135   5.039705     2.4237     2.0611      10.45   26.99406  -79.98816    0.00061    0.00081          2  0.000e+00
      21022    875.875     53.786     54.149    20.9165    20.9558   5.035254   5.039223     2.4237     2.0611      10.45   26.99406  -79.98816    0.00060    0.00084          2  0.000e+00
      21023    875.917     53.725     54.088    20.9139    20.9465   5.035053   5.038658     2.4237     2.0611      10.45   26.99406  -79.98816    0.00058    0.00086          2  0.000e+00
      21024    875.958     53.786     54.149    20.9090    20.9419   5.034622   5.038116     2.4237     2.0598      10.45   26.99406  -79.98816    0.00056    0.00085          2  0.000e+00
      21025    876.000     53.725     54.088    20.9069    20.9406   5.034384   5.037784     2.4237     2.0611      10.45   26.99406  -79.98816    0.00054    0.00086          2  0.000e+00
      21026    876.042     53.786     54.149    20.9050    20.9391   5.034162   5.037822     2.4237     2.0611      10.45   26.99406  -79.98816    0.00052    0.00089          2  0.000e+00
      21027    876.083     53.725     54.088    20.9015    20.9424   5.033894   5.038168     2.4237     2.0611      10.45   26.99406  -79.98816    0.00050    0.00089          2  0.000e+00
      21028    876.125     53.786     54.149    20.9048    20.9452   5.034058   5.038432     2.4237     2.0611      10.45   26.99406  -79.98816    0.00049    0.00092          2  0.000e+00
      21029    876.167     53.778     54.141    20.9067    20.9473   5.034266   5.038583     2.4237     2.0611      10.45   26.99406  -79.98816    0.00047    0.00094          2  0.000e+00
      21030    876.208     53.786     54.149    20.9002    20.9484   5.033857   5.038741     2.4237     2.0598      10.45   26.99406  -79.98816    0.00045    0.00094          2  0.000e+00
      21031    876.250     53.778     54.141    20.8960    20.9496   5.033322   5.038809     2.4237     2.0611      10.45   26.99406  -79.98816    0.00044    0.00096          2  0.000e+00
      21032    876.292     53.725     54.088    20.8920    20.9505   5.032861   5.038666     2.4237     2.0611      10.45   26.99406  -79.98816    0.00043    0.00098          2  0.000e+00
      21033    876.333     53.831     54.194    20.8888    20.9432   5.032616   5.037754     2.4249     2.0611      10.45   26.99406  -79.98816    0.00044    0.00100          2  0.000e+00
      21034    876.375     53.786     54.149    20.8892    20.9309   5.032631   5.036715     2.4249     2.0611      10.45   26.99406  -79.98816    0.00045    0.00102          2  0.000e+00
      21035    876.417     53.778     54.141    20.8924    20.9265   5.032884   5.036232     2.4237     2.0611      10.45   26.99406  -79.98816    0.00045    0.00106          2  0.000e+00
      21036    876.458     53.786     54.149    20.8908    20.9252   5.032727   5.036157     2.4237     2.0623      10.45   26.99406  -79.98816    0.00044    0.00109          2  0.000e+00
      21037    876.500     53.831     54.194    20.8868    20.9234   5.032401   5.036135     2.4237     2.0623      10.45   26.99406  -79.98816    0.00043    0.00112          2  0.000e+00
      21038    876.542     53.778     54.141    20.8850    20.9245   5.032200   5.036308     2.4237     2.0611      10.45   26.99406  -79.98816    0.00042    0.00113          2  0.000e+00
      21039    876.583     53.786     54.149    20.8853    20.9290   5.032207   5.036790     2.4237     2.0623      10.45   26.99406  -79.98816    0.00041    0.00116          2  0.000e+00
      21040    876.625     53.831     54.194    20.8852    20.9304   5.032230   5.036918     2.4237     2.0623      10.43   26.99406  -79.98816    0.00040    0.00119          2  0.000e+00
      21041    876.667     53.838     54.202    20.8852    20.9298   5.032207   5.036895     2.4237     2.0623      10.35   26.99406  -79.98816    0.00039    0.00122          2  0.000e+00
      21042    876.708     53.778     54.141    20.8852    20.9309   5.032222   5.037038     2.4237     2.0623      10.33   26.99406  -79.98816    0.00038    0.00124          2  0.000e+00
      21043    876.750     53.838     54.202    20.8853    20.9359   5.032230   5.037475     2.4225     2.0611      10.33   26.99406  -79.98816    0.00035    0.00125          2  0.000e+00
      21044    876.792     53.778     54.141    20.8849    20.9413   5.032178   5.037814     2.4237     2.0611      10.33   26.99408  -79.98816    0.00034    0.00126          2  0.000e+00
      21045    876.833     53.838     54.202    20.8834    20.9433   5.032022   5.037957     2.4225     2.0623      10.33   26.99408  -79.98816    0.00031    0.00128          2  0.000e+00
      21046    876.875     53.831     54.194    20.8810    20.9429   5.031843   5.037882     2.4225     2.0611      10.33   26.99408  -79.98816    0.00028    0.00128          2  0.000e+00
      21047    876.917     53.786     54.149    20.8783    20.9405   5.031665   5.037694     2.4225     2.0623      10.35   26.99408  -79.98816    0.00025    0.00130          2  0.000e+00
      21048    876.958     53.891     54.255    20.8790    20.9381   5.031635   5.037709     2.4225     2.0623      10.33   26.99408  -79.98816    0.00024    0.00132          2  0.000e+00
