GOMECC/GOMECC-4/1db/rb2103_1301.ros
* Sea-Bird SBE 9 Data File:
* FileName = C:\Users\scs.user.rb\CTD\GOMECC4\data\rb2103_1301.hex
* Software Version Seasave V 7.26.7.107
* Temperature SN = 4799
* Conductivity SN = 3860
* Number of Bytes Per Scan = 41
* Number of Voltage Words = 4
* Number of Scans Averaged by the Deck Unit = 1
* NMEA Latitude = 26 52.73 N
* NMEA Longitude = 082 53.32 W
* NMEA UTC (Time) = Oct 19 2021  07:34:17
* NMEA baud rate = 4800
# nquan = 17
# nvalues = 532                                   
# units = specified
# name 0 = scan: Scan Count
# name 1 = timeS: Time, Elapsed [seconds]
# name 2 = depSM: Depth [salt water, m]
# name 3 = prDM: Pressure, Digiquartz [db]
# name 4 = t090C: Temperature [ITS-90, deg C]
# name 5 = t190C: Temperature, 2 [ITS-90, deg C]
# name 6 = c0S/m: Conductivity [S/m]
# name 7 = c1S/m: Conductivity, 2 [S/m]
# name 8 = sbeox0V: Oxygen raw, SBE 43 [V]
# name 9 = sbeox1V: Oxygen raw, SBE 43, 2 [V]
# name 10 = altM: Altimeter [m]
# name 11 = latitude: Latitude [deg]
# name 12 = longitude: Longitude [deg]
# name 13 = sbox0dV/dT: Oxygen, SBE 43 [dov/dt]
# name 14 = sbox1dV/dT: Oxygen, SBE 43, 2 [dov/dt]
# name 15 = nbf: Bottles Fired
# name 16 = flag:  0.000e+00
# interval = seconds: 0.0416667
# start_time = Oct 19 2021 07:34:17 [NMEA time, header]
# bad_flag = -9.990e-29
*END*
[from data line 86]
      10127    421.917     27.870     28.056    28.6004    28.6007   5.835395   5.835588     3.0928     2.6129       3.88   26.87894  -82.88870   -0.00044    0.00019          1  0.000e+00
      10128    421.958     27.728     27.913    28.6007    28.6015   5.835371   5.835588     3.0916     2.6142       3.88   26.87894  -82.88870   -0.00048    0.00020          1  0.000e+00
      10129    422.000     27.769     27.954    28.6004    28.6011   5.835347   5.835620     3.0928     2.6129       3.86   26.87894  -82.88870   -0.00050    0.00018          1  0.000e+00
      10130    422.042     27.728     27.913    28.6000    28.6006   5.835379   5.835580     3.0916     2.6142       3.86   26.87894  -82.88870   -0.00055    0.00017          1  0.000e+00
      10131    422.083     27.768     27.954    28.6001    28.6002   5.835371   5.835540     3.0916     2.6142       3.88   26.87894  -82.88870   -0.00059    0.00015          1  0.000e+00
      10132    422.125     27.782     27.968    28.5998    28.6006   5.835347   5.835572     3.0916     2.6142       3.88   26.87894  -82.88870   -0.00062    0.00014          1  0.000e+00
      10133    422.167     27.768     27.954    28.5996    28.6007   5.835324   5.835620     3.0928     2.6142       3.88   26.87894  -82.88870   -0.00065    0.00012          1  0.000e+00
      10134    422.208     27.728     27.913    28.5996    28.6006   5.835339   5.835596     3.0928     2.6142       3.88   26.87894  -82.88870   -0.00067    0.00011          1  0.000e+00
      10135    422.250     27.721     27.906    28.5996    28.6006   5.835418   5.835620     3.0928     2.6142       3.88   26.87894  -82.88870   -0.00067    0.00010          1  0.000e+00
      10136    422.292     27.782     27.968    28.5997    28.6007   5.835379   5.835652     3.0928     2.6154       3.86   26.87894  -82.88870   -0.00069    0.00010          1  0.000e+00
      10137    422.333     27.768     27.954    28.6002    28.6007   5.835387   5.835604     3.0928     2.6154       3.88   26.87894  -82.88870   -0.00069    0.00010          1  0.000e+00
      10138    422.375     27.782     27.968    28.6003    28.6007   5.835355   5.835548     3.0940     2.6154       3.88   26.87894  -82.88870   -0.00069    0.00011          1  0.000e+00
      10139    422.417     27.728     27.913    28.6005    28.6002   5.835426   5.835540     3.0928     2.6154       3.88   26.87894  -82.88870   -0.00071    0.00011          1  0.000e+00
      10140    422.458     27.768     27.954    28.6003    28.6006   5.835371   5.835540     3.0940     2.6154       3.88   26.87894  -82.88870   -0.00071    0.00011          1  0.000e+00
      10141    422.500     27.782     27.968    28.5998    28.6006   5.835418   5.835540     3.0940     2.6154       3.88   26.87894  -82.88870   -0.00070    0.00011          1  0.000e+00
      10142    422.542     27.768     27.954    28.6002    28.6007   5.835418   5.835556     3.0940     2.6154       3.88   26.87894  -82.88870   -0.00068    0.00011          1  0.000e+00
      10143    422.583     27.728     27.913    28.5999    28.6007   5.835434   5.835580     3.0940     2.6154       3.88   26.87894  -82.88870   -0.00066    0.00011          1  0.000e+00
      10144    422.625     27.768     27.954    28.6000    28.6006   5.835442   5.835588     3.0940     2.6154       3.88   26.87894  -82.88870   -0.00064    0.00011          1  0.000e+00
      10145    422.667     27.782     27.968    28.6003    28.6004   5.835418   5.835548     3.0940     2.6154       3.88   26.87894  -82.88870   -0.00063    0.00011          1  0.000e+00
      10146    422.708     27.768     27.954    28.6002    28.6002   5.835434   5.835540     3.0952     2.6154       3.86   26.87894  -82.88870   -0.00059    0.00011          1  0.000e+00
      10147    422.750     27.782     27.968    28.6002    28.6004   5.835418   5.835540     3.0940     2.6154       3.88   26.87894  -82.88870   -0.00057    0.00010          1  0.000e+00
      10148    422.792     27.768     27.954    28.6001    28.6006   5.835395   5.835588     3.0940     2.6154       3.86   26.87894  -82.88870   -0.00053    0.00008          1  0.000e+00
      10149    422.833     27.782     27.968    28.6000    28.6006   5.835355   5.835556     3.0940     2.6154       3.88   26.87894  -82.88870   -0.00053    0.00006          1  0.000e+00
      10150    422.875     27.768     27.954    28.5999    28.6004   5.835395   5.835572     3.0940     2.6154       3.88   26.87894  -82.88870   -0.00051    0.00004          1  0.000e+00
      10151    422.917     27.782     27.968    28.6000    28.6002   5.835363   5.835548     3.0952     2.6154       3.88   26.87894  -82.88870   -0.00049    0.00002          1  0.000e+00
      10152    422.958     27.782     27.968    28.5999    28.6004   5.835379   5.835644     3.0952     2.6154       3.88   26.87894  -82.88870   -0.00046   -0.00001          1  0.000e+00
      10153    423.000     27.721     27.906    28.6000    28.6002   5.835403   5.835588     3.0952     2.6154       3.86   26.87894  -82.88870   -0.00044   -0.00003          1  0.000e+00
      10154    423.042     27.782     27.968    28.5998    28.6004   5.835395   5.835540     3.0952     2.6154       3.83   26.87894  -82.88870   -0.00040   -0.00005          1  0.000e+00
      10155    423.083     27.768     27.954    28.6001    28.6004   5.835355   5.835572     3.0952     2.6154       3.83   26.87894  -82.88870   -0.00038   -0.00008          1  0.000e+00
      10156    423.125     27.782     27.968    28.6000    28.6006   5.835395   5.835620     3.0952     2.6154       3.83   26.87894  -82.88870   -0.00036   -0.00010          1  0.000e+00
      10157    423.167     27.768     27.954    28.6003    28.6007   5.835434   5.835636     3.0940     2.6154       3.86   26.87894  -82.88870   -0.00036   -0.00013          1  0.000e+00
      10158    423.208     27.782     27.968    28.6000    28.6007   5.835403   5.835564     3.0940     2.6142       3.83   26.87894  -82.88870   -0.00036   -0.00017          1  0.000e+00
      10159    423.250     27.768     27.954    28.6002    28.6007   5.835371   5.835588     3.0952     2.6154       3.83   26.87894  -82.88870   -0.00034   -0.00018          1  0.000e+00
      10160    423.292     27.782     27.967    28.6001    28.6007   5.835347   5.835628     3.0952     2.6154       3.83   26.87894  -82.88870   -0.00031   -0.00019          1  0.000e+00
      10161    423.333     27.721     27.906    28.6002    28.6009   5.835355   5.835596     3.0952     2.6154       3.83   26.87894  -82.88870   -0.00029   -0.00020          1  0.000e+00
      10162    423.375     27.782     27.967    28.5999    28.6013   5.835347   5.835660     3.0940     2.6154       3.86   26.87894  -82.88870   -0.00027   -0.00021          1  0.000e+00
      10163    423.417     27.768     27.954    28.6002    28.6013   5.835308   5.835612     3.0952     2.6154       3.83   26.87894  -82.88870   -0.00024   -0.00022          1  0.000e+00
      10164    423.458     27.782     27.967    28.5999    28.6015   5.835347   5.835620     3.0940     2.6142       3.83   26.87894  -82.88870   -0.00022   -0.00024          1  0.000e+00
      10165    423.500     27.728     27.913    28.5998    28.6011   5.835347   5.835612     3.0940     2.6142       3.83   26.87894  -82.88870   -0.00022   -0.00027          1  0.000e+00
      10166    423.542     27.768     27.954    28.5998    28.6009   5.835347   5.835588     3.0940     2.6142       3.83   26.87894  -82.88870   -0.00022   -0.00030          1  0.000e+00
      10167    423.583     27.782     27.967    28.6001    28.6013   5.835355   5.835620     3.0952     2.6142       3.83   26.87894  -82.88870   -0.00018   -0.00033          1  0.000e+00
      10168    423.625     27.768     27.954    28.5998    28.6011   5.835347   5.835636     3.0940     2.6142       3.83   26.87894  -82.88870   -0.00016   -0.00035          1  0.000e+00
      10169    423.667     27.728     27.913    28.5999    28.6011   5.835308   5.835636     3.0952     2.6142       3.86   26.87894  -82.88870   -0.00013   -0.00036          1  0.000e+00
      10170    423.708     27.768     27.954    28.6000    28.6011   5.835308   5.835668     3.0952     2.6129       3.83   26.87894  -82.88870   -0.00011   -0.00039          1  0.000e+00
      10171    423.750     27.728     27.913    28.5998    28.6011   5.835371   5.835628     3.0952     2.6129       3.83   26.87894  -82.88870   -0.00007   -0.00042          1  0.000e+00
      10172    423.792     27.768     27.954    28.5997    28.6009   5.835355   5.835628     3.0952     2.6129       3.83   26.87894  -82.88870   -0.00006   -0.00044          1  0.000e+00
      10173    423.833     27.782     27.967    28.5998    28.6009   5.835395   5.835636     3.0952     2.6117       3.86   26.87894  -82.88870   -0.00002   -0.00049          1  0.000e+00
      12377    515.667     19.741     19.872    28.5979    28.6002   5.834789   5.835110     3.0965     2.6203      11.38   26.87894  -82.88870   -0.00013    0.00027          2  0.000e+00
      12378    515.708     20.228     20.363    28.5980    28.5985   5.834837   5.835126     3.0965     2.6203      11.38   26.87894  -82.88870   -0.00012    0.00034          2  0.000e+00
      12379    515.750     19.991     20.124    28.5980    28.5993   5.834821   5.835070     3.0965     2.6203      11.38   26.87894  -82.88870   -0.00011    0.00040          2  0.000e+00
      12380    515.792     20.187     20.322    28.5979    28.5995   5.834789   5.835086     3.0965     2.6203      11.36   26.87894  -82.88870   -0.00011    0.00046          2  0.000e+00
      12381    515.833     20.086     20.219    28.5982    28.5993   5.834837   5.835102     3.0965     2.6203      11.38   26.87894  -82.88870   -0.00010    0.00052          2  0.000e+00
      12382    515.875     20.079     20.213    28.5979    28.5993   5.834821   5.835102     3.0965     2.6203      11.38   26.87894  -82.88870   -0.00009    0.00058          2  0.000e+00
      12383    515.917     20.086     20.219    28.5982    28.5993   5.834829   5.835102     3.0965     2.6203      11.36   26.87894  -82.88870   -0.00009    0.00064          2  0.000e+00
      12384    515.958     20.140     20.274    28.5979    28.5993   5.834852   5.835126     3.0965     2.6203      11.38   26.87894  -82.88870   -0.00008    0.00069          2  0.000e+00
      12385    516.000     20.038     20.172    28.5980    28.5993   5.834821   5.835142     3.0965     2.6203      11.36   26.87894  -82.88870   -0.00007    0.00077          2  0.000e+00
      12386    516.042     20.133     20.267    28.5982    28.5995   5.834789   5.835110     3.0965     2.6203      11.33   26.87894  -82.88870   -0.00007    0.00084          2  0.000e+00
      12387    516.083     20.086     20.219    28.5979    28.5993   5.834805   5.835134     3.0965     2.6203      11.33   26.87894  -82.88870   -0.00008    0.00091          2  0.000e+00
      12388    516.125     20.086     20.219    28.5982    28.5993   5.834813   5.835110     3.0977     2.6203      11.33   26.87894  -82.88870   -0.00005    0.00098          2  0.000e+00
      12389    516.167     20.032     20.165    28.5979    28.5993   5.834789   5.835102     3.0977     2.6190      11.31   26.87894  -82.88870   -0.00003    0.00104          2  0.000e+00
      12390    516.208     20.140     20.274    28.5982    28.5993   5.834837   5.835134     3.0965     2.6190      11.33   26.87894  -82.88870   -0.00004    0.00109          2  0.000e+00
      12391    516.250     20.086     20.219    28.5981    28.5993   5.834821   5.835134     3.0977     2.6190      11.33   26.87894  -82.88870   -0.00002    0.00114          2  0.000e+00
      12392    516.292     20.038     20.172    28.5980    28.5995   5.834829   5.835142     3.0965     2.6190      11.33   26.87894  -82.88870   -0.00003    0.00119          2  0.000e+00
      12393    516.333     20.133     20.267    28.5978    28.5993   5.834781   5.835110     3.0977     2.6190      11.33   26.87894  -82.88870   -0.00003    0.00125          2  0.000e+00
      12394    516.375     20.086     20.219    28.5979    28.5995   5.834765   5.835134     3.0977     2.6190      11.33   26.87894  -82.88870   -0.00003    0.00130          2  0.000e+00
      12395    516.417     20.086     20.219    28.5978    28.5993   5.834742   5.835110     3.0977     2.6190      11.33   26.87894  -82.88870   -0.00002    0.00135          2  0.000e+00
      12396    516.458     20.086     20.219    28.5977    28.5993   5.834758   5.835134     3.0977     2.6203      11.33   26.87894  -82.88870   -0.00000    0.00142          2  0.000e+00
      12397    516.500     20.032     20.165    28.5978    28.5993   5.834797   5.835062     3.0977     2.6190      11.33   26.87894  -82.88870 -7.034e-07    0.00147          2  0.000e+00
      12398    516.542     20.086     20.219    28.5977    28.5995   5.834758   5.835086     3.0977     2.6190      11.33   26.87894  -82.88870    0.00002    0.00152          2  0.000e+00
      12399    516.583     20.086     20.219    28.5980    28.5993   5.834829   5.835102     3.0977     2.6203      11.33   26.87894  -82.88870    0.00004    0.00157          2  0.000e+00
      12400    516.625     20.079     20.213    28.5976    28.5995   5.834789   5.835134     3.0977     2.6203      11.33   26.87894  -82.88870    0.00005    0.00161          2  0.000e+00
      12401    516.667     20.086     20.219    28.5979    28.5993   5.834781   5.835110     3.0977     2.6203      11.33   26.87894  -82.88870    0.00007    0.00166          2  0.000e+00
      12402    516.708     20.038     20.172    28.5978    28.5996   5.834765   5.835134     3.0977     2.6203      11.33   26.87894  -82.88870    0.00009    0.00169          2  0.000e+00
      12403    516.750     20.086     20.219    28.5977    28.5995   5.834781   5.835134     3.0977     2.6203      11.33   26.87894  -82.88870    0.00011    0.00172          2  0.000e+00
      12404    516.792     20.079     20.213    28.5978    28.5996   5.834765   5.835142     3.0977     2.6215      11.33   26.87894  -82.88870    0.00012    0.00174          2  0.000e+00
      12405    516.833     20.086     20.219    28.5979    28.5994   5.834797   5.835110     3.0977     2.6203      11.33   26.87894  -82.88870    0.00016    0.00175          2  0.000e+00
      12406    516.875     20.038     20.172    28.5976    28.5993   5.834789   5.835134     3.0977     2.6203      11.33   26.87894  -82.88870    0.00017    0.00175          2  0.000e+00
      12407    516.917     20.079     20.213    28.5978    28.5995   5.834805   5.835110     3.0977     2.6203      11.33   26.87894  -82.88870    0.00021    0.00175          2  0.000e+00
      12408    516.958     20.086     20.219    28.5979    28.5995   5.834813   5.835102     3.0977     2.6215      11.33   26.87894  -82.88870    0.00024    0.00175          2  0.000e+00
      12409    517.000     20.086     20.219    28.5976    28.5993   5.834789   5.835126     3.0977     2.6203      11.33   26.87894  -82.88870    0.00026    0.00173          2  0.000e+00
      12410    517.042     20.038     20.172    28.5977    28.5995   5.834837   5.835142     3.0977     2.6203      11.36   26.87894  -82.88870    0.00029    0.00173          2  0.000e+00
      12411    517.083     20.079     20.213    28.5976    28.5995   5.834821   5.835183     3.0977     2.6203      11.38   26.87894  -82.88870    0.00032    0.00170          2  0.000e+00
      12412    517.125     20.038     20.172    28.5980    28.5995   5.834829   5.835158     3.0977     2.6203      11.38   26.87894  -82.88870    0.00036    0.00170          2  0.000e+00
      12413    517.167     20.086     20.219    28.5979    28.5993   5.834813   5.835110     3.0977     2.6203      11.38   26.87894  -82.88870    0.00039    0.00169          2  0.000e+00
