GOMECC/GOMECC-4/1db/rb2103_0091.cnv
* Sea-Bird SBE 9 Data File:
* FileName = C:\Users\scs.user.rb\CTD\GOMECC4\data\rb2103_0091.hex
* Software Version Seasave V 7.26.7.107
* Temperature SN = 4799
* Conductivity SN = 3860
* Number of Bytes Per Scan = 41
* Number of Voltage Words = 4
* Number of Scans Averaged by the Deck Unit = 1
* NMEA Latitude = 26 00.03 N
* NMEA Longitude = 085 59.98 W
* NMEA UTC (Time) = Sep 17 2021  12:33:51
* NMEA baud rate = 4800
# nquan = 28
# nvalues = 1464                        
# units = specified
# name 0 = scan: Scan Count
# name 1 = timeS: Time, Elapsed [seconds]
# name 2 = depSM: Depth [salt water, m]
# name 3 = prDM: Pressure, Digiquartz [db]
# name 4 = t090C: Temperature [ITS-90, deg C]
# name 5 = t190C: Temperature, 2 [ITS-90, deg C]
# name 6 = c0S/m: Conductivity [S/m]
# name 7 = c1S/m: Conductivity, 2 [S/m]
# name 8 = sbeox0V: Oxygen raw, SBE 43 [V]
# name 9 = sbeox1V: Oxygen raw, SBE 43, 2 [V]
# name 10 = altM: Altimeter [m]
# name 11 = latitude: Latitude [deg]
# name 12 = longitude: Longitude [deg]
# name 13 = sbox0dV/dT: Oxygen, SBE 43 [dov/dt]
# name 14 = sbox1dV/dT: Oxygen, SBE 43, 2 [dov/dt]
# name 15 = sbeox0ML/L: Oxygen, SBE 43 [ml/l], WS = 5
# name 16 = sbeox1ML/L: Oxygen, SBE 43, 2 [ml/l], WS = 5
# name 17 = potemp090C: Potential Temperature [ITS-90, deg C]
# name 18 = potemp190C: Potential Temperature, 2 [ITS-90, deg C]
# name 19 = sal00: Salinity, Practical [PSU]
# name 20 = sal11: Salinity, Practical, 2 [PSU]
# name 21 = sigma-é00: Density [sigma-theta, kg/m^3]
# name 22 = sigma-é11: Density, 2 [sigma-theta, kg/m^3]
# name 23 = avgsvCM: Average Sound Velocity [Chen-Millero, m/s], minP = 20, minS = 20
# name 24 = sbox0Mm/Kg: Oxygen, SBE 43 [umol/kg], WS = 5
# name 25 = sbox1Mm/Kg: Oxygen, SBE 43, 2 [umol/kg], WS = 5
# name 26 = nbin: number of scans per bin
# name 27 = flag: flag
# span 0 =      16602,     238919       
# span 1 =    691.710,   9954.924       
# span 2 =      1.987,   3221.810       
# span 3 =      2.000,   3268.000       
# span 4 =     4.2849,    29.2968       
# span 5 =     4.2859,    29.2995       
# span 6 =   3.343186,   5.930560       
# span 7 =   3.343037,   5.930955       
# span 8 =     1.6153,     3.2646       
# span 9 =     1.3204,     2.8142       
# span 10 =      17.73,     104.61      
# span 11 =   24.85797,   26.27387      
# span 12 =  -86.93548,  -82.25065      
# span 13 =   -0.05494,    0.05182      
# span 14 =   -0.05125,    0.05087      
# span 15 =     2.5117,     4.9276      
# span 16 =     2.5434,     4.9804      
# span 17 =     4.0766,    29.2937      
# span 18 =     4.0778,    29.2964      
# span 19 =    34.3886,    36.8439      
# span 20 =    34.7020,    36.8403      
# span 21 =    21.8037,    27.7618      
# span 22 =    22.0013,    27.7601      
# span 23 =       0.00,    1549.26      
# span 24 =    109.232,    214.848      
# span 25 =    110.611,    217.166      
# span 26 =         30,         70      
# span 27 = 0.0000e+00, 0.0000e+00      
# interval = decibars: 1                
# start_time = Sep 17 2021 12:33:51 [NMEA time, header]
# bad_flag = -9.990e-29
*END*
[from data line 570]
      99781   4157.489   3020.151   3062.000     4.3693     4.3705   3.414009   3.413943     1.7401     1.4362      99.64   26.00218  -85.98697   -0.00007   -0.00021     4.6831     4.7286     4.0821     4.0832    34.9757    34.9738    27.7583    27.7566    1501.62    203.498    205.474         34 0.0000e+00
      99817   4158.998   3021.130   3063.000     4.3695     4.3706   3.414085   3.414011     1.7400     1.4359     100.01   26.00237  -85.98761   -0.00005   -0.00006     4.6836     4.7279     4.0821     4.0832    34.9760    34.9740    27.7585    27.7568    1501.64    203.519    205.446         35 0.0000e+00
      99901   4162.513   3024.068   3066.000     4.3698     4.3708   3.414201   3.414138     1.7399     1.4359     100.00   26.00218  -85.98698   -0.00015   -0.00001     4.6847     4.7295     4.0820     4.0831    34.9757    34.9739    27.7583    27.7567    1501.64    203.568    205.517         31 0.0000e+00
      99936   4163.967   3025.048   3067.000     4.3699     4.3710   3.414266   3.414201     1.7393     1.4358     100.00   26.00236  -85.98757   -0.00012   -0.00002     4.6824     4.7297     4.0821     4.0831    34.9759    34.9741    27.7584    27.7568    1501.66    203.466    205.523         37 0.0000e+00
      99970   4165.391   3026.027   3068.000     4.3700     4.3711   3.414321   3.414262     1.7398     1.4358     100.00   26.00236  -85.98756   -0.00003   -0.00005     4.6852     4.7302     4.0820     4.0831    34.9760    34.9742    27.7585    27.7570    1501.67    203.591    205.544         30 0.0000e+00
     100056   4168.970   3028.965   3071.000     4.3699     4.3711   3.414430   3.414371     1.7390     1.4356      85.30   26.00241  -85.98775   -0.00011   -0.00004     4.6836     4.7311     4.0816     4.0828    34.9761    34.9742    27.7586    27.7570    1501.69    203.519    205.586         31 0.0000e+00
     100087   4170.268   3029.945   3072.000     4.3700     4.3711   3.414465   3.414403     1.7390     1.4354     100.20   26.00234  -85.98752   -0.00009   -0.00006     4.6842     4.7307     4.0816     4.0827    34.9759    34.9741    27.7585    27.7569    1501.69    203.546    205.567         31 0.0000e+00
     100147   4172.739   3031.904   3074.000     4.3704     4.3714   3.414577   3.414517     1.7387     1.4348     100.00   26.00239  -85.98769   -0.00007   -0.00027     4.6839     4.7288     4.0817     4.0827    34.9760    34.9743    27.7586    27.7571    1501.70    203.535    205.486         30 0.0000e+00
     100177   4174.014   3032.883   3075.000     4.3704     4.3714   3.414612   3.414545     1.7387     1.4347     100.00   26.00232  -85.98748   -0.00012   -0.00019     4.6848     4.7289     4.0816     4.0827    34.9760    34.9741    27.7585    27.7570    1501.71    203.572    205.487         32 0.0000e+00
     100209   4175.318   3033.862   3076.000     4.3705     4.3715   3.414652   3.414595     1.7383     1.4346     100.00   26.00232  -85.98746   -0.00015   -0.00008     4.6832     4.7292     4.0816     4.0826    34.9759    34.9742    27.7585    27.7570    1501.71    203.503    205.504         30 0.0000e+00
     100295   4178.897   3036.800   3079.000     4.3706     4.3716   3.414758   3.414690     1.7380     1.4337     100.00   26.00218  -85.98704   -0.00019   -0.00027     4.6836     4.7266     4.0813     4.0824    34.9758    34.9739    27.7584    27.7568    1501.72    203.520    205.390         31 0.0000e+00
     100327   4180.268   3037.779   3080.000     4.3707     4.3717   3.414816   3.414753     1.7376     1.4335      66.33   26.00230  -85.98742   -0.00010   -0.00029     4.6826     4.7261     4.0813     4.0824    34.9759    34.9741    27.7585    27.7569    1501.73    203.475    205.367         34 0.0000e+00
     100361   4181.658   3038.759   3081.000     4.3707     4.3718   3.414857   3.414795     1.7372     1.4333     100.82   26.00230  -85.98741   -0.00017   -0.00016     4.6812     4.7254     4.0813     4.0824    34.9759    34.9740    27.7585    27.7569    1501.74    203.416    205.339         31 0.0000e+00
     100443   4185.095   3041.696   3084.000     4.3711     4.3722   3.414984   3.414914     1.7368     1.4323     100.00   26.00196  -85.98633   -0.00018   -0.00022     4.6815     4.7228     4.0813     4.0824    34.9756    34.9737    27.7583    27.7566    1501.74    203.427    205.221         32 0.0000e+00
     100479   4186.580   3042.676   3085.000     4.3713     4.3724   3.415069   3.415005     1.7361     1.4322     100.00   26.00228  -85.98737   -0.00024   -0.00021     4.6787     4.7226     4.0814     4.0825    34.9760    34.9742    27.7586    27.7570    1501.76    203.306    205.214         37 0.0000e+00
     100596   4191.442   3046.593   3089.000     4.3717     4.3729   3.415244   3.415179     1.7358     1.4322      87.67   26.00216  -85.98700   -0.00009    0.00001     4.6798     4.7251     4.0813     4.0825    34.9760    34.9740    27.7585    27.7568    1501.78    203.353    205.326         31 0.0000e+00
     100627   4192.761   3047.572   3090.000     4.3718     4.3729   3.415306   3.415233     1.7356     1.4322      59.38   26.00226  -85.98733   -0.00014   -0.00001     4.6794     4.7254     4.0813     4.0824    34.9761    34.9741    27.7587    27.7569    1501.79    203.338    205.336         32 0.0000e+00
     100660   4194.120   3048.551   3091.000     4.3720     4.3731   3.415356   3.415284     1.7357     1.4321      99.84   26.00224  -85.98732   -0.00006   -0.00002     4.6805     4.7257     4.0813     4.0824    34.9761    34.9741    27.7586    27.7569    1501.80    203.385    205.348         33 0.0000e+00
     100692   4195.451   3049.530   3092.000     4.3721     4.3732   3.415397   3.415342     1.7355     1.4321     100.00   26.00224  -85.98730   -0.00002   -0.00006     4.6801     4.7263     4.0814     4.0825    34.9760    34.9742    27.7585    27.7570    1501.80    203.370    205.376         31 0.0000e+00
     100777   4199.000   3052.468   3095.000     4.3723     4.3734   3.415519   3.415453     1.7359     1.4320      92.14   26.00210  -85.98686    0.00001   -0.00006     4.6836     4.7276     4.0812     4.0823    34.9759    34.9740    27.7585    27.7569    1501.81    203.519    205.433         32 0.0000e+00
     100811   4200.421   3053.447   3096.000     4.3725     4.3736   3.415577   3.415520     1.7351     1.4316      98.33   26.00222  -85.98726   -0.00007   -0.00012     4.6804     4.7262     4.0812     4.0824    34.9760    34.9742    27.7586    27.7570    1501.82    203.379    205.373         35 0.0000e+00
     100844   4201.790   3054.427   3097.000     4.3725     4.3736   3.415623   3.415557     1.7352     1.4313     100.02   26.00222  -85.98725   -0.00011   -0.00016     4.6814     4.7253     4.0812     4.0822    34.9760    34.9742    27.7586    27.7570    1501.83    203.425    205.334         30 0.0000e+00
     100927   4205.246   3057.364   3100.000     4.3730     4.3741   3.415763   3.415697     1.7347     1.4310     100.00   26.00205  -85.98672   -0.00005   -0.00012     4.6811     4.7255     4.0813     4.0824    34.9759    34.9740    27.7585    27.7568    1501.84    203.413    205.342         32 0.0000e+00
     100961   4206.658   3058.343   3101.000     4.3732     4.3744   3.415833   3.415781     1.7348     1.4309     100.00   26.00219  -85.98721   -0.00003   -0.00008     4.6821     4.7256     4.0814     4.0825    34.9760    34.9743    27.7586    27.7570    1501.85    203.456    205.344         34 0.0000e+00
     100993   4208.020   3059.323   3102.000     4.3734     4.3745   3.415892   3.415834     1.7345     1.4306     100.00   26.00218  -85.98720   -0.00009   -0.00009     4.6812     4.7248     4.0814     4.0826    34.9761    34.9743    27.7586    27.7571    1501.86    203.417    205.310         31 0.0000e+00
     101078   4211.542   3062.260   3105.000     4.3733     4.3744   3.415959   3.415897     1.7343     1.4309      84.52   26.00191  -85.98634   -0.00009    0.00010     4.6823     4.7282     4.0811     4.0821    34.9756    34.9738    27.7583    27.7568    1501.87    203.462    205.457         33 0.0000e+00
     101114   4213.022   3063.240   3106.000     4.3733     4.3744   3.416019   3.415961     1.7345     1.4309     100.24   26.00216  -85.98716    0.00003    0.00003     4.6835     4.7285     4.0809     4.0820    34.9760    34.9742    27.7586    27.7570    1501.88    203.516    205.471         35 0.0000e+00
     101198   4216.527   3066.177   3109.000     4.3733     4.3745   3.416110   3.416047     1.7335     1.4298      82.76   26.00192  -85.98641   -0.00025   -0.00032     4.6807     4.7248     4.0806     4.0818    34.9757    34.9737    27.7584    27.7567    1501.89    203.396    205.311         30 0.0000e+00
     101230   4217.886   3067.156   3110.000     4.3734     4.3745   3.416186   3.416112     1.7334     1.4295      66.17   26.00213  -85.98712   -0.00024   -0.00031     4.6808     4.7240     4.0805     4.0816    34.9761    34.9741    27.7587    27.7570    1501.91    203.397    205.277         34 0.0000e+00
     101264   4219.307   3068.136   3111.000     4.3734     4.3746   3.416226   3.416164     1.7327     1.4289     100.38   26.00212  -85.98710   -0.00030   -0.00028     4.6784     4.7217     4.0805     4.0816    34.9761    34.9742    27.7587    27.7571    1501.91    203.293    205.174         33 0.0000e+00
     101380   4224.130   3072.052   3115.000     4.3740     4.3751   3.416417   3.416353     1.7316     1.4276      95.82   26.00200  -85.98675   -0.00021   -0.00026     4.6757     4.7176     4.0805     4.0817    34.9760    34.9741    27.7587    27.7570    1501.93    203.177    204.997         34 0.0000e+00
     101413   4225.496   3073.031   3116.000     4.3741     4.3753   3.416490   3.416419     1.7316     1.4274     100.05   26.00209  -85.98707   -0.00018   -0.00026     4.6762     4.7173     4.0806     4.0817    34.9762    34.9742    27.7588    27.7571    1501.94    203.199    204.984         30 0.0000e+00
     101530   4230.359   3076.948   3120.000     4.3747     4.3758   3.416689   3.416614     1.7313     1.4274      99.98   26.00209  -85.98713   -0.00004   -0.00001     4.6773     4.7196     4.0806     4.0817    34.9763    34.9743    27.7589    27.7572    1501.96    203.245    205.086         30 0.0000e+00
     101559   4231.595   3077.927   3121.000     4.3747     4.3758   3.416728   3.416665     1.7313     1.4274     100.00   26.00206  -85.98702   -0.00001   -0.00007     4.6779     4.7199     4.0806     4.0817    34.9762    34.9744    27.7588    27.7572    1501.97    203.273    205.098         30 0.0000e+00
     101589   4232.843   3078.906   3122.000     4.3748     4.3759   3.416768   3.416701     1.7313     1.4275     100.00   26.00205  -85.98701   -0.00002   -0.00001     4.6784     4.7212     4.0805     4.0816    34.9762    34.9743    27.7588    27.7572    1501.97    203.295    205.155         30 0.0000e+00
     101620   4234.144   3079.885   3123.000     4.3748     4.3759   3.416805   3.416743     1.7313     1.4276     100.00   26.00204  -85.98700 -7.165e-07    0.00006     4.6789     4.7223     4.0804     4.0815    34.9762    34.9744    27.7588    27.7572    1501.98    203.318    205.203         31 0.0000e+00
     101735   4238.906   3083.802   3127.000     4.3751     4.3762   3.416977   3.416911     1.7314     1.4278     100.00   26.00194  -85.98676    0.00002    0.00002     4.6816     4.7259     4.0803     4.0813    34.9762    34.9743    27.7588    27.7572    1502.00    203.435    205.360         33 0.0000e+00
     101768   4240.302   3084.781   3128.000     4.3752     4.3763   3.417026   3.416959     1.7311     1.4275      99.99   26.00200  -85.98696   -0.00001   -0.00005     4.6810     4.7250     4.0802     4.0813    34.9762    34.9743    27.7589    27.7572    1502.01    203.407    205.318         32 0.0000e+00
     101880   4244.969   3088.697   3132.000     4.3754     4.3765   3.417212   3.417142     1.7303     1.4274     100.00   26.00203  -85.98715   -0.00019   -0.00004     4.6798     4.7267     4.0800     4.0811    34.9764    34.9745    27.7590    27.7574    1502.03    203.355    205.394         31 0.0000e+00
     101969   4248.657   3091.634   3135.000     4.3757     4.3769   3.417366   3.417307     1.7305     1.4266     100.00   26.00201  -85.98714   -0.00005   -0.00021     4.6823     4.7244     4.0800     4.0811    34.9766    34.9747    27.7592    27.7576    1502.05    203.464    205.294         30 0.0000e+00
     102082   4253.390   3095.550   3139.000     4.3761     4.3773   3.417542   3.417477     1.7306     1.4273      92.02   26.00188  -85.98677    0.00006    0.00012     4.6851     4.7303     4.0799     4.0810    34.9765    34.9745    27.7591    27.7574    1502.07    203.587    205.549         32 0.0000e+00
     102115   4254.746   3096.529   3140.000     4.3762     4.3774   3.417597   3.417534     1.7302     1.4271     100.23   26.00190  -85.98688    0.00007    0.00012     4.6841     4.7299     4.0798     4.0811    34.9766    34.9746    27.7592    27.7575    1502.08    203.543    205.531         31 0.0000e+00
     102199   4258.230   3099.466   3143.000     4.3766     4.3777   3.417739   3.417678     1.7308     1.4272     100.00   26.00188  -85.98688    0.00008    0.00004     4.6887     4.7322     4.0799     4.0810    34.9766    34.9747    27.7592    27.7576    1502.10    203.743    205.634         30 0.0000e+00
     102229   4259.519   3100.445   3144.000     4.3767     4.3778   3.417786   3.417731     1.7304     1.4272     100.00   26.00186  -85.98684   -0.00003   -0.00004     4.6874     4.7331     4.0799     4.0810    34.9766    34.9748    27.7592    27.7577    1502.10    203.685    205.671         31 0.0000e+00
     102260   4260.785   3101.424   3145.000     4.3768     4.3779   3.417845   3.417778     1.7309     1.4274     100.00   26.00185  -85.98684 6.0383e-07 -9.103e-07     4.6901     4.7345     4.0798     4.0809    34.9767    34.9748    27.7593    27.7577    1502.10    203.804    205.733         30 0.0000e+00
     102347   4264.425   3104.361   3148.000     4.3771     4.3782   3.417986   3.417923     1.7307     1.4276     100.00   26.00187  -85.98698    0.00002    0.00004     4.6911     4.7374     4.0797     4.0809    34.9768    34.9749    27.7594    27.7577    1502.13    203.847    205.859         31 0.0000e+00
     102435   4268.086   3107.299   3151.000     4.3774     4.3785   3.418109   3.418034     1.7310     1.4275     100.00   26.00169  -85.98642    0.00006   -0.00005     4.6944     4.7387     4.0797     4.0808    34.9766    34.9746    27.7592    27.7575    1502.13    203.989    205.916         30 0.0000e+00
     102466   4269.387   3108.277   3152.000     4.3775     4.3786   3.418171   3.418103     1.7311     1.4275      98.04   26.00178  -85.98678    0.00005   -0.00002     4.6951     4.7390     4.0797     4.0808    34.9768    34.9748    27.7594    27.7577    1502.15    204.018    205.929         31 0.0000e+00
     102583   4274.255   3112.193   3156.000     4.3777     4.3789   3.418339   3.418277     1.7305     1.4272     100.00   26.00164  -85.98644   -0.00010   -0.00005     4.6951     4.7402     4.0795     4.0806    34.9768    34.9748    27.7594    27.7577    1502.16    204.020    205.980         32 0.0000e+00
     102615   4275.574   3113.173   3157.000     4.3779     4.3791   3.418398   3.418332     1.7310     1.4269      87.16   26.00174  -85.98676   -0.00010   -0.00007     4.6977     4.7394     4.0796     4.0807    34.9768    34.9749    27.7594    27.7578    1502.18    204.132    205.945         31 0.0000e+00
     102730   4280.380   3117.088   3161.000     4.3783     4.3795   3.418570   3.418509     1.7309     1.4270     100.00   26.00160  -85.98639    0.00005    0.00002     4.6996     4.7421     4.0795     4.0806    34.9767    34.9748    27.7593    27.7577    1502.19    204.213    206.062         32 0.0000e+00
