GOMECC/GOMECC-4/1db/rb2103_0461.ros
* Sea-Bird SBE 9 Data File:
* FileName = C:\Users\scs.user.rb\CTD\GOMECC4\data\rb2103_0461.hex
* Software Version Seasave V 7.26.7.107
* Temperature SN = 4799
* Conductivity SN = 3860
* Number of Bytes Per Scan = 41
* Number of Voltage Words = 4
* Number of Scans Averaged by the Deck Unit = 1
* NMEA Latitude = 28 58.22 N
* NMEA Longitude = 090 12.61 W
* NMEA UTC (Time) = Sep 26 2021  13:43:55
* NMEA baud rate = 4800
# nquan = 17
# nvalues = 399                                   
# units = specified
# name 0 = scan: Scan Count
# name 1 = timeS: Time, Elapsed [seconds]
# name 2 = depSM: Depth [salt water, m]
# name 3 = prDM: Pressure, Digiquartz [db]
# name 4 = t090C: Temperature [ITS-90, deg C]
# name 5 = t190C: Temperature, 2 [ITS-90, deg C]
# name 6 = c0S/m: Conductivity [S/m]
# name 7 = c1S/m: Conductivity, 2 [S/m]
# name 8 = sbeox0V: Oxygen raw, SBE 43 [V]
# name 9 = sbeox1V: Oxygen raw, SBE 43, 2 [V]
# name 10 = altM: Altimeter [m]
# name 11 = latitude: Latitude [deg]
# name 12 = longitude: Longitude [deg]
# name 13 = sbox0dV/dT: Oxygen, SBE 43 [dov/dt]
# name 14 = sbox1dV/dT: Oxygen, SBE 43, 2 [dov/dt]
# name 15 = nbf: Bottles Fired
# name 16 = flag:  0.000e+00
# interval = seconds: 0.0416667
# start_time = Sep 26 2021 13:43:55 [NMEA time, header]
# bad_flag = -9.990e-29
*END*
      11815    492.250     15.043     15.146    28.3215    28.3281   5.104054   5.106083     2.2161     1.8462       3.79   28.97152  -90.21198    0.00151    0.00191          1  0.000e+00
      11816    492.292     15.806     15.914    28.3235    28.3273   5.105190   5.105985     2.2161     1.8462       3.76   28.97152  -90.21198    0.00152    0.00197          1  0.000e+00
      11817    492.333     15.527     15.632    28.3251    28.3269   5.106065   5.105826     2.2161     1.8462       3.79   28.97152  -90.21198    0.00152    0.00204          1  0.000e+00
      11818    492.375     15.602     15.709    28.3259    28.3266   5.106708   5.105720     2.2161     1.8462       3.79   28.97152  -90.21198    0.00152    0.00208          1  0.000e+00
      11819    492.417     15.580     15.686    28.3272    28.3260   5.107209   5.105439     2.2173     1.8462       3.79   28.97152  -90.21198    0.00156    0.00213          1  0.000e+00
      11820    492.458     15.466     15.572    28.3262    28.3254   5.107485   5.105030     2.2173     1.8462       3.79   28.97152  -90.21198    0.00157    0.00218          1  0.000e+00
      11821    492.500     15.549     15.655    28.3257    28.3245   5.107762   5.104803     2.2173     1.8462       3.79   28.97152  -90.21198    0.00160    0.00221          1  0.000e+00
      11822    492.542     15.527     15.632    28.3255    28.3250   5.107994   5.104727     2.2161     1.8462       3.76   28.97152  -90.21198    0.00161    0.00224          1  0.000e+00
      11823    492.583     15.489     15.594    28.3260    28.3249   5.108181   5.104720     2.2173     1.8462       3.79   28.97152  -90.21198    0.00166    0.00227          1  0.000e+00
      11824    492.625     15.580     15.686    28.3279    28.3247   5.108188   5.104621     2.2173     1.8462       3.79   28.97152  -90.21198    0.00170    0.00229          1  0.000e+00
      11825    492.667     15.527     15.632    28.3293    28.3244   5.108181   5.104432     2.2173     1.8462       3.79   28.97152  -90.21198    0.00172    0.00231          1  0.000e+00
      11826    492.708     15.602     15.709    28.3296    28.3245   5.108143   5.104409     2.2173     1.8462       3.79   28.97152  -90.21198    0.00174    0.00232          1  0.000e+00
      11827    492.750     15.527     15.632    28.3299    28.3249   5.108136   5.104614     2.2173     1.8462       3.79   28.97152  -90.21198    0.00176    0.00233          1  0.000e+00
      11828    492.792     15.527     15.632    28.3298    28.3252   5.108039   5.104704     2.2186     1.8462       3.79   28.97152  -90.21198    0.00181    0.00236          1  0.000e+00
      11829    492.833     15.602     15.709    28.3294    28.3257   5.107844   5.105227     2.2186     1.8462       3.79   28.97152  -90.21198    0.00186    0.00237          1  0.000e+00
      11830    492.875     15.580     15.686    28.3297    28.3271   5.107859   5.106493     2.2186     1.8474       3.79   28.97152  -90.21198    0.00189    0.00239          1  0.000e+00
      11831    492.917     15.549     15.655    28.3294    28.3287   5.108136   5.107682     2.2198     1.8474       3.79   28.97152  -90.21198    0.00195    0.00240          1  0.000e+00
      11832    492.958     15.580     15.686    28.3292    28.3297   5.108413   5.108372     2.2198     1.8474       3.79   28.97152  -90.21198    0.00201    0.00243          1  0.000e+00
      11833    493.000     15.640     15.747    28.3291    28.3301   5.108637   5.108743     2.2198     1.8474       3.79   28.97152  -90.21198    0.00207    0.00246          1  0.000e+00
      11834    493.042     15.602     15.709    28.3290    28.3306   5.108697   5.108910     2.2198     1.8474       3.71   28.97152  -90.21198    0.00212    0.00249          1  0.000e+00
      11835    493.083     15.580     15.686    28.3290    28.3308   5.108562   5.108948     2.2198     1.8474       3.61   28.97152  -90.21198    0.00217    0.00251          1  0.000e+00
      11836    493.125     15.580     15.686    28.3290    28.3308   5.108428   5.109008     2.2198     1.8474       3.57   28.97152  -90.21198    0.00221    0.00253          1  0.000e+00
      11837    493.167     15.602     15.709    28.3279    28.3313   5.108263   5.109092     2.2222     1.8486       3.59   28.97152  -90.21198    0.00227    0.00256          1  0.000e+00
      11838    493.208     15.640     15.747    28.3273    28.3311   5.108121   5.109016     2.2222     1.8474       3.59   28.97152  -90.21198    0.00233    0.00257          1  0.000e+00
      11839    493.250     15.640     15.747    28.3272    28.3309   5.108121   5.108917     2.2222     1.8474       3.59   28.97152  -90.21198    0.00239    0.00258          1  0.000e+00
      11840    493.292     15.602     15.709    28.3277    28.3306   5.108330   5.108804     2.2222     1.8474       3.59   28.97152  -90.21198    0.00246    0.00259          1  0.000e+00
      11841    493.333     15.640     15.747    28.3288    28.3305   5.108487   5.108736     2.2234     1.8474       3.59   28.97152  -90.21198    0.00253    0.00261          1  0.000e+00
      11842    493.375     15.663     15.769    28.3294    28.3304   5.108547   5.108637     2.2247     1.8474       3.59   28.97152  -90.21198    0.00261    0.00262          1  0.000e+00
      11843    493.417     15.640     15.747    28.3296    28.3300   5.108630   5.108539     2.2222     1.8474       3.59   28.97152  -90.21198    0.00265    0.00264          1  0.000e+00
      11844    493.458     15.640     15.747    28.3300    28.3298   5.108712   5.108485     2.2234     1.8462       3.59   28.97152  -90.21198    0.00271    0.00263          1  0.000e+00
      11845    493.500     15.602     15.708    28.3303    28.3298   5.108600   5.108539     2.2247     1.8462       3.59   28.97152  -90.21198    0.00278    0.00262          1  0.000e+00
      11846    493.542     15.640     15.747    28.3297    28.3297   5.108532   5.108683     2.2247     1.8462       3.59   28.97152  -90.21198    0.00284    0.00263          1  0.000e+00
      11847    493.583     15.693     15.800    28.3296    28.3308   5.108458   5.108917     2.2259     1.8462       3.59   28.97152  -90.21198    0.00292    0.00263          1  0.000e+00
      11848    493.625     15.663     15.769    28.3294    28.3318   5.108338   5.109274     2.2271     1.8462       3.59   28.97152  -90.21198    0.00301    0.00264          1  0.000e+00
      11849    493.667     15.640     15.747    28.3293    28.3330   5.108054   5.109531     2.2259     1.8462       3.59   28.97152  -90.21198    0.00310    0.00264          1  0.000e+00
      11850    493.708     15.640     15.747    28.3294    28.3332   5.107867   5.109645     2.2259     1.8462       3.59   28.97152  -90.21198    0.00318    0.00264          1  0.000e+00
      11851    493.750     15.716     15.823    28.3293    28.3330   5.107964   5.109569     2.2271     1.8462       3.59   28.97152  -90.21198    0.00328    0.00263          1  0.000e+00
      11852    493.792     15.640     15.747    28.3292    28.3327   5.108166   5.109509     2.2271     1.8462       3.59   28.97152  -90.21198    0.00335    0.00263          1  0.000e+00
      11853    493.833     15.663     15.769    28.3290    28.3326   5.108248   5.109304     2.2271     1.8462       3.59   28.97152  -90.21198    0.00342    0.00262          1  0.000e+00
      11854    493.875     15.693     15.800    28.3290    28.3322   5.108293   5.109115     2.2271     1.8474       3.59   28.97152  -90.21198    0.00348    0.00265          1  0.000e+00
      11855    493.917     15.640     15.747    28.3290    28.3319   5.108308   5.108978     2.2271     1.8474       3.59   28.97152  -90.21198    0.00356    0.00267          1  0.000e+00
      11856    493.958     15.716     15.823    28.3288    28.3320   5.108338   5.109107     2.2259     1.8474       3.59   28.97152  -90.21198    0.00361    0.00267          1  0.000e+00
      11857    494.000     15.640     15.747    28.3288    28.3326   5.108443   5.109380     2.2259     1.8474       3.59   28.97152  -90.21198    0.00365    0.00267          1  0.000e+00
      11858    494.042     15.693     15.800    28.3288    28.3330   5.108510   5.109683     2.2259     1.8474       3.54   28.97152  -90.21198    0.00369    0.00269          1  0.000e+00
      11859    494.083     15.663     15.769    28.3291    28.3332   5.108487   5.109941     2.2247     1.8474       3.52   28.97152  -90.21198    0.00372    0.00270          1  0.000e+00
      11860    494.125     15.693     15.800    28.3296    28.3335   5.108540   5.110198     2.2247     1.8474       3.49   28.97152  -90.21198    0.00374    0.00272          1  0.000e+00
      11861    494.167     15.640     15.747    28.3299    28.3335   5.108689   5.110198     2.2234     1.8474       3.52   28.97152  -90.21198    0.00374    0.00273          1  0.000e+00
      11862    494.208     15.663     15.769    28.3304    28.3332   5.108764   5.109986     2.2247     1.8474       3.52   28.97152  -90.21198    0.00375    0.00271          1  0.000e+00
      11863    494.250     15.693     15.800    28.3305    28.3328   5.108547   5.109698     2.2234     1.8474       3.52   28.97152  -90.21198    0.00374    0.00270          1  0.000e+00
      11864    494.292     15.663     15.769    28.3297    28.3324   5.108248   5.109531     2.2222     1.8474       3.52   28.97152  -90.21198    0.00371    0.00269          1  0.000e+00
      11865    494.333     15.640     15.747    28.3295    28.3322   5.107949   5.109433     2.2222     1.8474       3.49   28.97152  -90.21198    0.00370    0.00267          1  0.000e+00
      11866    494.375     15.693     15.800    28.3292    28.3321   5.107650   5.109418     2.2198     1.8462       3.52   28.97152  -90.21198    0.00364    0.00263          1  0.000e+00
      11867    494.417     15.663     15.769    28.3291    28.3324   5.107515   5.109509     2.2198     1.8462       3.52   28.97152  -90.21198    0.00359    0.00259          1  0.000e+00
      11868    494.458     15.640     15.747    28.3292    28.3321   5.107463   5.109448     2.2198     1.8449       3.52   28.97152  -90.21198    0.00353    0.00253          1  0.000e+00
      11869    494.500     15.693     15.800    28.3292    28.3322   5.107456   5.109281     2.2198     1.8449       3.52   28.97152  -90.21198    0.00347    0.00247          1  0.000e+00
      11870    494.542     15.663     15.769    28.3293    28.3317   5.107291   5.109145     2.2186     1.8437       3.52   28.97152  -90.21198    0.00340    0.00239          1  0.000e+00
      11871    494.583     15.640     15.747    28.3290    28.3317   5.107142   5.109114     2.2173     1.8437       3.52   28.97152  -90.21198    0.00330    0.00230          1  0.000e+00
      11872    494.625     15.663     15.769    28.3285    28.3315   5.107014   5.109046     2.2173     1.8425       3.52   28.97152  -90.21198    0.00320    0.00219          1  0.000e+00
      11873    494.667     15.640     15.747    28.3277    28.3314   5.106850   5.108963     2.2161     1.8425       3.52   28.97152  -90.21198    0.00310    0.00209          1  0.000e+00
      11874    494.708     15.640     15.747    28.3270    28.3313   5.106521   5.108811     2.2161     1.8413       3.52   28.97152  -90.21198    0.00298    0.00196          1  0.000e+00
      11875    494.750     15.663     15.769    28.3262    28.3311   5.106005   5.108614     2.2149     1.8400       3.52   28.97152  -90.21198    0.00284    0.00180          1  0.000e+00
      11876    494.792     15.640     15.747    28.3262    28.3305   5.105841   5.108266     2.2137     1.8400       3.49   28.97152  -90.21198    0.00271    0.00164          1  0.000e+00
      11877    494.833     15.640     15.747    28.3257    28.3300   5.105534   5.107947     2.2137     1.8388       3.52   28.97152  -90.21198    0.00257    0.00147          1  0.000e+00
      11878    494.875     15.602     15.708    28.3248    28.3291   5.105213   5.107720     2.2125     1.8388       3.52   28.97152  -90.21198    0.00242    0.00131          1  0.000e+00
      11879    494.917     15.640     15.747    28.3242    28.3287   5.104951   5.107508     2.2125     1.8376       3.49   28.97152  -90.21198    0.00224    0.00114          1  0.000e+00
      11880    494.958     15.640     15.747    28.3235    28.3287   5.104794   5.107356     2.2112     1.8376       3.52   28.97152  -90.21198    0.00207    0.00096          1  0.000e+00
      11881    495.000     15.602     15.708    28.3233    28.3289   5.104600   5.107417     2.2100     1.8364       3.49   28.97152  -90.21198    0.00188    0.00077          1  0.000e+00
      11882    495.042     15.580     15.686    28.3233    28.3291   5.104637   5.107478     2.2100     1.8364       3.57   28.97152  -90.21198    0.00170    0.00058          1  0.000e+00
      11883    495.083     15.602     15.708    28.3235    28.3289   5.104764   5.107523     2.2100     1.8352       3.61   28.97152  -90.21198    0.00151    0.00037          1  0.000e+00
      11884    495.125     15.580     15.686    28.3233    28.3292   5.104802   5.107538     2.2088     1.8339       3.64   28.97152  -90.21198    0.00131    0.00016          1  0.000e+00
      11885    495.167     15.580     15.686    28.3235    28.3289   5.104802   5.107538     2.2088     1.8327       3.64   28.97152  -90.21198    0.00111   -0.00006          1  0.000e+00
      11886    495.208     15.602     15.708    28.3235    28.3287   5.104802   5.107629     2.2076     1.8327       3.64   28.97152  -90.21198    0.00089   -0.00028          1  0.000e+00
      11887    495.250     15.580     15.686    28.3233    28.3286   5.104734   5.107667     2.2076     1.8315       3.64   28.97152  -90.21198    0.00067   -0.00051          1  0.000e+00
      11888    495.292     15.580     15.686    28.3233    28.3285   5.104749   5.107629     2.2076     1.8303       3.64   28.97152  -90.21198    0.00046   -0.00076          1  0.000e+00
      11889    495.333     15.602     15.708    28.3231    28.3286   5.104727   5.107584     2.2076     1.8303       3.64   28.97152  -90.21198    0.00027   -0.00101          1  0.000e+00
      11890    495.375     15.580     15.686    28.3229    28.3287   5.104719   5.107576     2.2063     1.8291       3.64   28.97152  -90.21198    0.00004   -0.00127          1  0.000e+00
      11891    495.417     15.527     15.632    28.3227    28.3282   5.104749   5.107606     2.2051     1.8278       3.64   28.97152  -90.21198   -0.00020   -0.00153          1  0.000e+00
      11892    495.458     15.549     15.655    28.3231    28.3283   5.104764   5.107553     2.2051     1.8278       3.64   28.97152  -90.21198   -0.00044   -0.00178          1  0.000e+00
      11893    495.500     15.527     15.632    28.3227    28.3278   5.104727   5.107341     2.2051     1.8266       3.64   28.97152  -90.21198   -0.00068   -0.00205          1  0.000e+00
      11894    495.542     15.549     15.655    28.3231    28.3276   5.104719   5.107182     2.2051     1.8254       3.64   28.97152  -90.21198   -0.00090   -0.00233          1  0.000e+00
      11895    495.583     15.527     15.632    28.3229    28.3276   5.104682   5.107023     2.2051     1.8242       3.64   28.97152  -90.21198   -0.00113   -0.00263          1  0.000e+00
      11896    495.625     15.527     15.632    28.3227    28.3274   5.104540   5.106947     2.2051     1.8242       3.64   28.97152  -90.21198   -0.00136   -0.00290          1  0.000e+00
      11897    495.667     15.549     15.655    28.3229    28.3267   5.104346   5.106803     2.2039     1.8230       3.64   28.97152  -90.21198   -0.00159   -0.00320          1  0.000e+00
      11898    495.708     15.527     15.632    28.3227    28.3262   5.104032   5.106636     2.2039     1.8230       3.64   28.97152  -90.21198   -0.00181   -0.00350          1  0.000e+00
      11899    495.750     15.466     15.572    28.3226    28.3257   5.103792   5.106432     2.2039     1.8217       3.61   28.97152  -90.21198   -0.00203   -0.00380          1  0.000e+00
