GOMECC/GOMECC-4/1db/rb2103_0911.ros
* Sea-Bird SBE 9 Data File:
* FileName = C:\Users\scs.user.rb\CTD\GOMECC4\data\rb2103_0911.hex
* Software Version Seasave V 7.26.7.107
* Temperature SN = 4799
* Conductivity SN = 3860
* Number of Bytes Per Scan = 41
* Number of Voltage Words = 4
* Number of Scans Averaged by the Deck Unit = 1
* NMEA Latitude = 21 44.01 N
* NMEA Longitude = 092 19.10 W
* NMEA UTC (Time) = Oct 10 2021  02:10:50
* NMEA baud rate = 4800
# nquan = 17
# nvalues = 1862                                  
# units = specified
# name 0 = scan: Scan Count
# name 1 = timeS: Time, Elapsed [seconds]
# name 2 = depSM: Depth [salt water, m]
# name 3 = prDM: Pressure, Digiquartz [db]
# name 4 = t090C: Temperature [ITS-90, deg C]
# name 5 = t190C: Temperature, 2 [ITS-90, deg C]
# name 6 = c0S/m: Conductivity [S/m]
# name 7 = c1S/m: Conductivity, 2 [S/m]
# name 8 = sbeox0V: Oxygen raw, SBE 43 [V]
# name 9 = sbeox1V: Oxygen raw, SBE 43, 2 [V]
# name 10 = altM: Altimeter [m]
# name 11 = latitude: Latitude [deg]
# name 12 = longitude: Longitude [deg]
# name 13 = sbox0dV/dT: Oxygen, SBE 43 [dov/dt]
# name 14 = sbox1dV/dT: Oxygen, SBE 43, 2 [dov/dt]
# name 15 = nbf: Bottles Fired
# name 16 = flag:  0.000e+00
# interval = seconds: 0.0416667
# start_time = Oct 10 2021 02:10:50 [NMEA time, header]
# bad_flag = -9.990e-29
*END*
[from data line 1022]
      40043   1668.417     50.028     50.347    25.2039    25.1676   5.505141   5.501698     3.2882     2.8120      65.86   21.73448  -92.31968   -0.00081    0.00031          8  0.000e+00
      40044   1668.458     50.028     50.347    25.2037    25.1656   5.504978   5.501683     3.2869     2.8120      65.86   21.73448  -92.31968   -0.00084    0.00033          8  0.000e+00
      40045   1668.500     50.028     50.347    25.2039    25.1648   5.504801   5.501620     3.2882     2.8120      65.86   21.73448  -92.31968   -0.00087    0.00035          8  0.000e+00
      40046   1668.542     50.028     50.347    25.2046    25.1627   5.504554   5.501589     3.2869     2.8120      65.86   21.73448  -92.31968   -0.00091    0.00036          8  0.000e+00
      40047   1668.583     49.981     50.299    25.2043    25.1612   5.504346   5.501495     3.2869     2.8120      65.86   21.73448  -92.31968   -0.00096    0.00038          8  0.000e+00
      40048   1668.625     50.028     50.347    25.2041    25.1588   5.504207   5.501425     3.2869     2.8120      65.86   21.73448  -92.31968   -0.00101    0.00040          8  0.000e+00
      40049   1668.667     50.028     50.347    25.1990    25.1535   5.504068   5.501315     3.2869     2.8120      65.91   21.73448  -92.31968   -0.00103    0.00043          8  0.000e+00
      40050   1668.708     50.028     50.347    25.1926    25.1497   5.504060   5.501198     3.2869     2.8120      65.89   21.73448  -92.31968   -0.00106    0.00047          8  0.000e+00
      40051   1668.750     50.028     50.347    25.1915    25.1493   5.504145   5.501120     3.2869     2.8120      65.89   21.73448  -92.31968   -0.00110    0.00050          8  0.000e+00
      40052   1668.792     49.981     50.300    25.1976    25.1485   5.504230   5.501136     3.2869     2.8120      65.89   21.73448  -92.31970   -0.00112    0.00054          8  0.000e+00
      40053   1668.833     50.028     50.347    25.2041    25.1484   5.504361   5.501034     3.2869     2.8120      65.91   21.73448  -92.31970   -0.00115    0.00057          8  0.000e+00
      40054   1668.875     50.028     50.347    25.2064    25.1478   5.504492   5.500971     3.2869     2.8120      65.89   21.73448  -92.31970   -0.00117    0.00061          8  0.000e+00
      40055   1668.917     50.001     50.320    25.2005    25.1465   5.504600   5.500995     3.2869     2.8120      65.89   21.73448  -92.31970   -0.00121    0.00065          8  0.000e+00
      40056   1668.958     50.028     50.347    25.1990    25.1478   5.504485   5.501034     3.2869     2.8120      65.89   21.73448  -92.31970   -0.00123    0.00068          8  0.000e+00
      40057   1669.000     49.981     50.300    25.2033    25.1510   5.504346   5.501050     3.2857     2.8120      65.89   21.73448  -92.31970   -0.00126    0.00072          8  0.000e+00
      40058   1669.042     50.028     50.347    25.2028    25.1527   5.504369   5.500987     3.2857     2.8120      65.89   21.73448  -92.31970   -0.00130    0.00076          8  0.000e+00
      40059   1669.083     50.028     50.347    25.1951    25.1537   5.504431   5.500963     3.2857     2.8107      65.89   21.73448  -92.31970   -0.00133    0.00076          8  0.000e+00
      40060   1669.125     50.028     50.347    25.1902    25.1529   5.504547   5.500885     3.2857     2.8107      65.91   21.73448  -92.31970   -0.00136    0.00078          8  0.000e+00
      40061   1669.167     49.981     50.300    25.1874    25.1518   5.504817   5.500838     3.2857     2.8107      65.89   21.73448  -92.31970   -0.00139    0.00079          8  0.000e+00
      40062   1669.208     50.028     50.347    25.1875    25.1507   5.504932   5.500792     3.2869     2.8107      65.89   21.73448  -92.31970   -0.00140    0.00079          8  0.000e+00
      40063   1669.250     50.029     50.347    25.1957    25.1506   5.504932   5.500768     3.2857     2.8095      65.89   21.73448  -92.31970   -0.00143    0.00078          8  0.000e+00
      40064   1669.292     49.981     50.300    25.1979    25.1518   5.504979   5.500643     3.2857     2.8095      65.89   21.73448  -92.31970   -0.00146    0.00077          8  0.000e+00
      40065   1669.333     50.029     50.347    25.1931    25.1527   5.505156   5.500635     3.2857     2.8095      65.89   21.73448  -92.31970   -0.00148    0.00076          8  0.000e+00
      40066   1669.375     49.981     50.300    25.1843    25.1512   5.505187   5.500580     3.2857     2.8095      65.91   21.73448  -92.31970   -0.00151    0.00075          8  0.000e+00
      40067   1669.417     50.029     50.348    25.1859    25.1500   5.505133   5.500580     3.2857     2.8083      65.91   21.73448  -92.31970   -0.00153    0.00072          8  0.000e+00
      40068   1669.458     50.029     50.348    25.1888    25.1501   5.504986   5.500494     3.2857     2.8095      65.91   21.73448  -92.31970   -0.00153    0.00071          8  0.000e+00
      40069   1669.500     49.981     50.300    25.1807    25.1496   5.505041   5.500432     3.2869     2.8095      65.89   21.73448  -92.31970   -0.00152    0.00070          8  0.000e+00
      40070   1669.542     49.981     50.300    25.1771    25.1489   5.505187   5.500408     3.2869     2.8095      65.91   21.73448  -92.31970   -0.00150    0.00068          8  0.000e+00
      40071   1669.583     49.981     50.300    25.1886    25.1487   5.505311   5.500416     3.2869     2.8083      65.89   21.73448  -92.31970   -0.00148    0.00063          8  0.000e+00
      40072   1669.625     50.029     50.348    25.1935    25.1480   5.505179   5.500424     3.2857     2.8083      65.89   21.73448  -92.31970   -0.00148    0.00059          8  0.000e+00
      40073   1669.667     50.029     50.348    25.1926    25.1471   5.505118   5.500354     3.2857     2.8095      65.86   21.73448  -92.31970   -0.00148    0.00057          8  0.000e+00
      40074   1669.708     49.981     50.300    25.1972    25.1462   5.505094   5.500252     3.2857     2.8083      65.84   21.73448  -92.31970   -0.00147    0.00053          8  0.000e+00
      40075   1669.750     49.981     50.300    25.2023    25.1452   5.505071   5.500135     3.2857     2.8083      65.84   21.73448  -92.31970   -0.00146    0.00049          8  0.000e+00
      40076   1669.792     49.981     50.300    25.2026    25.1440   5.504878   5.500103     3.2857     2.8095      65.84   21.73450  -92.31970   -0.00145    0.00047          8  0.000e+00
      40077   1669.833     50.029     50.348    25.2012    25.1427   5.504562   5.499994     3.2857     2.8095      65.86   21.73450  -92.31970   -0.00144    0.00045          8  0.000e+00
      40078   1669.875     49.981     50.300    25.2009    25.1429   5.504384   5.499885     3.2857     2.8095      65.84   21.73450  -92.31970   -0.00143    0.00041          8  0.000e+00
      40079   1669.917     49.981     50.300    25.1926    25.1439   5.504346   5.499869     3.2857     2.8095      65.84   21.73450  -92.31970   -0.00139    0.00037          8  0.000e+00
      40080   1669.958     50.002     50.320    25.1812    25.1440   5.504485   5.499705     3.2845     2.8095      65.84   21.73450  -92.31970   -0.00140    0.00033          8  0.000e+00
      40081   1670.000     49.981     50.300    25.1865    25.1433   5.504747   5.499634     3.2857     2.8095      65.84   21.73450  -92.31970   -0.00138    0.00027          8  0.000e+00
      40082   1670.042     49.981     50.300    25.1886    25.1427   5.505040   5.499541     3.2845     2.8095      65.84   21.73450  -92.31970   -0.00139    0.00022          8  0.000e+00
      40083   1670.083     49.981     50.300    25.1942    25.1428   5.505295   5.499470     3.2857     2.8107      65.84   21.73450  -92.31970   -0.00137    0.00018          8  0.000e+00
      40084   1670.125     49.981     50.300    25.1981    25.1429   5.505588   5.499494     3.2845     2.8107      65.84   21.73450  -92.31970   -0.00136    0.00014          8  0.000e+00
      42257   1760.667     40.315     40.571    29.6618    29.6631   6.029328   6.029134     3.1453     2.6618      75.73   21.73458  -92.31980   -0.00035   -0.00009          9  0.000e+00
      42258   1760.708     39.915     40.169    29.6615    29.6623   6.029368   6.029182     3.1453     2.6618      75.68   21.73458  -92.31980   -0.00033   -0.00005          9  0.000e+00
      42259   1760.750     40.389     40.646    29.6615    29.6629   6.029320   6.029085     3.1465     2.6618      75.70   21.73458  -92.31980   -0.00028   -0.00001          9  0.000e+00
      42260   1760.792     40.213     40.469    29.6610    29.6625   6.029272   6.029053     3.1465     2.6606      75.70   21.73458  -92.31980   -0.00023    0.00003          9  0.000e+00
      42261   1760.833     40.267     40.523    29.6602    29.6619   6.029215   6.029053     3.1465     2.6606      75.70   21.73458  -92.31980   -0.00018    0.00008          9  0.000e+00
      42262   1760.875     40.213     40.469    29.6596    29.6612   6.029119   6.029028     3.1465     2.6593      75.70   21.73458  -92.31980   -0.00012    0.00010          9  0.000e+00
      42263   1760.917     40.267     40.523    29.6589    29.6612   6.029071   6.029077     3.1465     2.6593      75.70   21.73458  -92.31980   -0.00007    0.00014          9  0.000e+00
      42264   1760.958     40.240     40.496    29.6585    29.6605   6.029047   6.029134     3.1465     2.6593      75.70   21.73458  -92.31980   -0.00002    0.00018          9  0.000e+00
      42265   1761.000     40.213     40.469    29.6585    29.6575   6.029119   6.029077     3.1465     2.6593      75.70   21.73458  -92.31980    0.00001    0.00023          9  0.000e+00
      42266   1761.042     40.267     40.523    29.6587    29.6562   6.029199   6.029012     3.1465     2.6581      75.70   21.73458  -92.31980    0.00004    0.00025          9  0.000e+00
      42267   1761.083     40.267     40.523    29.6596    29.6567   6.029272   6.029004     3.1465     2.6581      75.70   21.73458  -92.31980    0.00008    0.00028          9  0.000e+00
      42268   1761.125     40.213     40.469    29.6607    29.6577   6.029368   6.029004     3.1465     2.6581      75.70   21.73458  -92.31980    0.00011    0.00031          9  0.000e+00
      42269   1761.167     40.213     40.469    29.6615    29.6578   6.029368   6.029077     3.1465     2.6581      75.70   21.73458  -92.31980    0.00014    0.00034          9  0.000e+00
      42270   1761.208     40.288     40.544    29.6620    29.6584   6.029456   6.029028     3.1453     2.6581      75.70   21.73458  -92.31980    0.00016    0.00037          9  0.000e+00
      42271   1761.250     40.213     40.469    29.6624    29.6580   6.029448   6.029004     3.1465     2.6581      75.70   21.73458  -92.31980    0.00017    0.00041          9  0.000e+00
      42272   1761.292     40.267     40.523    29.6624    29.6588   6.029416   6.029036     3.1465     2.6569      75.70   21.73458  -92.31980    0.00020    0.00042          9  0.000e+00
      42273   1761.333     40.213     40.469    29.6628    29.6580   6.029392   6.029053     3.1465     2.6569      75.70   21.73458  -92.31980    0.00023    0.00044          9  0.000e+00
      42274   1761.375     40.267     40.523    29.6628    29.6562   6.029464   6.029053     3.1465     2.6569      75.70   21.73458  -92.31980    0.00025    0.00046          9  0.000e+00
      42275   1761.417     40.240     40.496    29.6631    29.6539   6.029424   6.029012     3.1465     2.6569      75.70   21.73458  -92.31980    0.00028    0.00048          9  0.000e+00
      42276   1761.458     40.213     40.469    29.6629    29.6540   6.029392   6.028979     3.1465     2.6569      75.70   21.73458  -92.31980    0.00030    0.00050          9  0.000e+00
      42277   1761.500     40.267     40.523    29.6631    29.6545   6.029392   6.028849     3.1453     2.6569      75.68   21.73458  -92.31980    0.00032    0.00050          9  0.000e+00
      42278   1761.542     40.213     40.469    29.6628    29.6538   6.029352   6.028768     3.1453     2.6569      75.70   21.73458  -92.31980    0.00033    0.00051          9  0.000e+00
      42279   1761.583     40.268     40.523    29.6629    29.6530   6.029392   6.028646     3.1453     2.6569      75.70   21.73458  -92.31980    0.00034    0.00052          9  0.000e+00
      42280   1761.625     40.240     40.496    29.6629    29.6532   6.029432   6.028540     3.1453     2.6569      75.70   21.73458  -92.31980    0.00035    0.00051          9  0.000e+00
      42281   1761.667     40.268     40.523    29.6628    29.6530   6.029480   6.028370     3.1453     2.6569      75.70   21.73458  -92.31980    0.00038    0.00050          9  0.000e+00
      42282   1761.708     40.213     40.469    29.6629    29.6525   6.029424   6.028467     3.1453     2.6569      75.70   21.73458  -92.31980    0.00041    0.00049          9  0.000e+00
      42283   1761.750     40.268     40.523    29.6626    29.6521   6.029504   6.028516     3.1453     2.6569      75.70   21.73458  -92.31980    0.00044    0.00048          9  0.000e+00
      42284   1761.792     40.213     40.469    29.6628    29.6517   6.029464   6.028516     3.1453     2.6581      75.70   21.73458  -92.31980    0.00047    0.00048          9  0.000e+00
      42285   1761.833     40.240     40.496    29.6629    29.6514   6.029456   6.028589     3.1465     2.6581      75.70   21.73458  -92.31980    0.00052    0.00047          9  0.000e+00
      42286   1761.875     40.268     40.523    29.6628    29.6530   6.029440   6.028687     3.1465     2.6581      75.70   21.73458  -92.31980    0.00057    0.00046          9  0.000e+00
      42287   1761.917     40.268     40.523    29.6624    29.6562   6.029400   6.028744     3.1465     2.6593      75.70   21.73458  -92.31980    0.00061    0.00047          9  0.000e+00
      42288   1761.958     40.213     40.469    29.6618    29.6580   6.029368   6.028719     3.1465     2.6593      75.73   21.73458  -92.31980    0.00065    0.00048          9  0.000e+00
      42289   1762.000     40.268     40.523    29.6615    29.6540   6.029384   6.028638     3.1465     2.6581      75.73   21.73458  -92.31980    0.00068    0.00047          9  0.000e+00
      42290   1762.042     40.241     40.496    29.6615    29.6506   6.029392   6.028540     3.1465     2.6593      75.70   21.73458  -92.31980    0.00071    0.00048          9  0.000e+00
      42291   1762.083     40.268     40.523    29.6616    29.6500   6.029296   6.028516     3.1477     2.6593      75.70   21.73458  -92.31980    0.00075    0.00049          9  0.000e+00
      42292   1762.125     40.213     40.469    29.6620    29.6508   6.029360   6.028532     3.1465     2.6593      75.70   21.73458  -92.31980    0.00078    0.00050          9  0.000e+00
      42293   1762.167     40.268     40.523    29.6620    29.6506   6.029392   6.028410     3.1465     2.6593      75.73   21.73458  -92.31980    0.00081    0.00049          9  0.000e+00
      42294   1762.208     40.268     40.523    29.6615    29.6501   6.029400   6.028370     3.1465     2.6593      75.70   21.73458  -92.31980    0.00084    0.00048          9  0.000e+00
      42295   1762.250     40.241     40.496    29.6617    29.6488   6.029392   6.028183     3.1465     2.6593      75.70   21.73458  -92.31980    0.00085    0.00047          9  0.000e+00
      42296   1762.292     40.213     40.469    29.6615    29.6482   6.029280   6.028158     3.1465     2.6593      75.70   21.73458  -92.31980    0.00086    0.00048          9  0.000e+00
      42297   1762.333     40.268     40.523    29.6607    29.6484   6.029223   6.028101     3.1465     2.6593      75.70   21.73458  -92.31980    0.00086    0.00047          9  0.000e+00
      42298   1762.375     40.214     40.469    29.6604    29.6491   6.029167   6.028150     3.1465     2.6593      75.70   21.73458  -92.31980    0.00087    0.00047          9  0.000e+00
