GOMECC/GOMECC-4/1db/rb2103_1411.ros
* Sea-Bird SBE 9 Data File:
* FileName = C:\Users\scs.user.rb\CTD\GOMECC4\data\rb2103_1411.hex
* Software Version Seasave V 7.26.7.107
* Temperature SN = 4799
* Conductivity SN = 3860
* Number of Bytes Per Scan = 41
* Number of Voltage Words = 4
* Number of Scans Averaged by the Deck Unit = 1
* NMEA Latitude = 25 34.46 N
* NMEA Longitude = 084 50.56 W
* NMEA UTC (Time) = Oct 20 2021  15:46:56
* NMEA baud rate = 4800
# nquan = 17
# nvalues = 3192                                  
# units = specified
# name 0 = scan: Scan Count
# name 1 = timeS: Time, Elapsed [seconds]
# name 2 = depSM: Depth [salt water, m]
# name 3 = prDM: Pressure, Digiquartz [db]
# name 4 = t090C: Temperature [ITS-90, deg C]
# name 5 = t190C: Temperature, 2 [ITS-90, deg C]
# name 6 = c0S/m: Conductivity [S/m]
# name 7 = c1S/m: Conductivity, 2 [S/m]
# name 8 = sbeox0V: Oxygen raw, SBE 43 [V]
# name 9 = sbeox1V: Oxygen raw, SBE 43, 2 [V]
# name 10 = altM: Altimeter [m]
# name 11 = latitude: Latitude [deg]
# name 12 = longitude: Longitude [deg]
# name 13 = sbox0dV/dT: Oxygen, SBE 43 [dov/dt]
# name 14 = sbox1dV/dT: Oxygen, SBE 43, 2 [dov/dt]
# name 15 = nbf: Bottles Fired
# name 16 = flag:  0.000e+00
# interval = seconds: 0.0416667
# start_time = Oct 20 2021 15:46:56 [NMEA time, header]
# bad_flag = -9.990e-29
*END*
[from data line 86]
     112377   4682.333   3326.868   3375.290     4.4064     4.4075   3.428904   3.428889     1.6996     1.3871      10.06   25.57382  -84.84264 7.0338e-07    0.00001          1  0.000e+00
     112378   4682.375   3326.818   3375.239     4.4066     4.4077   3.428923   3.428876     1.6984     1.3871      10.04   25.57382  -84.84264   -0.00001    0.00001          1  0.000e+00
     112379   4682.417   3326.811   3375.232     4.4064     4.4077   3.428930   3.428889     1.6984     1.3871      10.06   25.57382  -84.84264   -0.00003    0.00001          1  0.000e+00
     112380   4682.458   3326.868   3375.290     4.4064     4.4078   3.428930   3.428895     1.6996     1.3858      10.06   25.57382  -84.84264   -0.00002    0.00000          1  0.000e+00
     112381   4682.500   3326.818   3375.240     4.4066     4.4073   3.428930   3.428869     1.6996     1.3858      10.06   25.57382  -84.84264   -0.00002 -7.034e-07          1  0.000e+00
     112382   4682.542   3326.868   3375.290     4.4066     4.4077   3.428955   3.428882     1.7009     1.3871      10.06   25.57382  -84.84264    0.00001   -0.00000          1  0.000e+00
     112383   4682.583   3326.819   3375.240     4.4062     4.4077   3.428961   3.428895     1.6996     1.3858      10.04   25.57382  -84.84264    0.00001   -0.00001          1  0.000e+00
     112384   4682.625   3326.868   3375.291     4.4066     4.4077   3.428942   3.428876     1.6996     1.3871      10.06   25.57382  -84.84264    0.00002    0.00001          1  0.000e+00
     112385   4682.667   3326.868   3375.291     4.4064     4.4075   3.428930   3.428869     1.6996     1.3871      10.04   25.57382  -84.84264    0.00002    0.00000          1  0.000e+00
     112386   4682.708   3326.869   3375.291     4.4067     4.4077   3.428955   3.428889     1.6996     1.3871      10.06   25.57382  -84.84264    0.00003    0.00002          1  0.000e+00
     112387   4682.750   3326.869   3375.291     4.4064     4.4077   3.428923   3.428895     1.6996     1.3858      10.04   25.57382  -84.84264    0.00003    0.00001          1  0.000e+00
     112388   4682.792   3326.762   3375.182     4.4064     4.4077   3.428949   3.428876     1.6996     1.3858      10.06   25.57382  -84.84262    0.00003    0.00001          1  0.000e+00
     112389   4682.833   3326.982   3375.407     4.4064     4.4075   3.428942   3.428869     1.6996     1.3871      10.06   25.57382  -84.84262    0.00004    0.00002          1  0.000e+00
     112390   4682.875   3326.869   3375.291     4.4064     4.4077   3.428930   3.428844     1.6996     1.3858      10.04   25.57382  -84.84262    0.00004    0.00002          1  0.000e+00
     112391   4682.917   3326.763   3375.182     4.4064     4.4077   3.428930   3.428837     1.6996     1.3858      10.06   25.57382  -84.84262    0.00005    0.00002          1  0.000e+00
     112392   4682.958   3326.983   3375.408     4.4062     4.4078   3.428904   3.428857     1.6996     1.3871      10.04   25.57382  -84.84262    0.00005    0.00003          1  0.000e+00
     112393   4683.000   3326.869   3375.292     4.4064     4.4075   3.428879   3.428869     1.6996     1.3871      10.06   25.57382  -84.84262    0.00006    0.00005          1  0.000e+00
     112394   4683.042   3326.869   3375.292     4.4062     4.4075   3.428917   3.428889     1.6996     1.3871       9.99   25.57382  -84.84262    0.00006    0.00006          1  0.000e+00
     112395   4683.083   3326.869   3375.292     4.4064     4.4078   3.428891   3.428876     1.6996     1.3871       9.94   25.57382  -84.84262    0.00007    0.00006          1  0.000e+00
     112396   4683.125   3326.870   3375.292     4.4066     4.4077   3.428898   3.428869     1.6996     1.3871       9.91   25.57382  -84.84262    0.00007    0.00008          1  0.000e+00
     112397   4683.167   3326.926   3375.350     4.4062     4.4077   3.428923   3.428869     1.6996     1.3871       9.91   25.57382  -84.84262    0.00006    0.00007          1  0.000e+00
     112398   4683.208   3326.813   3375.234     4.4064     4.4073   3.428930   3.428908     1.6984     1.3858       9.91   25.57382  -84.84262    0.00004    0.00005          1  0.000e+00
     112399   4683.250   3326.927   3375.350     4.4066     4.4075   3.428930   3.428902     1.6984     1.3871       9.91   25.57382  -84.84262    0.00003    0.00005          1  0.000e+00
     112400   4683.292   3326.870   3375.292     4.4062     4.4077   3.428911   3.428876     1.6996     1.3871       9.91   25.57382  -84.84262    0.00004    0.00006          1  0.000e+00
     112401   4683.333   3326.870   3375.292     4.4064     4.4075   3.428898   3.428869     1.6996     1.3858       9.91   25.57382  -84.84262    0.00004    0.00006          1  0.000e+00
     112402   4683.375   3326.870   3375.292     4.4062     4.4077   3.428923   3.428869     1.6996     1.3871       9.91   25.57382  -84.84262    0.00005    0.00007          1  0.000e+00
     112403   4683.417   3326.870   3375.293     4.4064     4.4077   3.428904   3.428869     1.6996     1.3871       9.91   25.57382  -84.84262    0.00003    0.00009          1  0.000e+00
     112404   4683.458   3326.870   3375.293     4.4066     4.4077   3.428904   3.428889     1.6996     1.3871       9.91   25.57382  -84.84262    0.00004    0.00008          1  0.000e+00
     112405   4683.500   3326.927   3375.351     4.4064     4.4077   3.428923   3.428876     1.6996     1.3871       9.91   25.57382  -84.84262    0.00002    0.00010          1  0.000e+00
     112406   4683.542   3326.871   3375.293     4.4064     4.4078   3.428911   3.428889     1.6996     1.3871       9.91   25.57382  -84.84262    0.00001    0.00011          1  0.000e+00
     112407   4683.583   3326.871   3375.293     4.4064     4.4077   3.428911   3.428850     1.6996     1.3858       9.91   25.57382  -84.84262    0.00002    0.00009          1  0.000e+00
     112408   4683.625   3326.871   3375.293     4.4062     4.4077   3.428949   3.428876     1.6996     1.3871       9.91   25.57382  -84.84262    0.00002    0.00009          1  0.000e+00
     112409   4683.667   3326.928   3375.351     4.4064     4.4077   3.428961   3.428876     1.6996     1.3858       9.91   25.57382  -84.84262    0.00002    0.00007          1  0.000e+00
     112410   4683.708   3326.871   3375.293     4.4065     4.4077   3.428936   3.428889     1.6996     1.3871       9.91   25.57382  -84.84262    0.00003    0.00006          1  0.000e+00
     112411   4683.750   3326.871   3375.293     4.4062     4.4077   3.428930   3.428876     1.6996     1.3871       9.91   25.57382  -84.84262    0.00001    0.00008          1  0.000e+00
     112412   4683.792   3326.871   3375.293     4.4062     4.4077   3.428904   3.428869     1.6996     1.3871       9.91   25.57384  -84.84264    0.00002    0.00009          1  0.000e+00
     112413   4683.833   3326.928   3375.352     4.4064     4.4078   3.428949   3.428869     1.6996     1.3858       9.91   25.57384  -84.84264    0.00002    0.00008          1  0.000e+00
     112414   4683.875   3326.871   3375.294     4.4064     4.4077   3.428911   3.428889     1.6996     1.3871       9.91   25.57384  -84.84264    0.00002    0.00008          1  0.000e+00
     112415   4683.917   3326.871   3375.294     4.4062     4.4078   3.428949   3.428895     1.6996     1.3871       9.91   25.57384  -84.84264    0.00003    0.00008          1  0.000e+00
     112416   4683.958   3326.872   3375.294     4.4062     4.4075   3.428911   3.428876     1.6996     1.3871       9.91   25.57384  -84.84264    0.00003    0.00007          1  0.000e+00
     112417   4684.000   3326.928   3375.352     4.4064     4.4075   3.428879   3.428869     1.6996     1.3871       9.91   25.57384  -84.84264    0.00003    0.00008          1  0.000e+00
     112418   4684.042   3326.929   3375.352     4.4062     4.4075   3.428898   3.428889     1.6996     1.3871       9.91   25.57384  -84.84264    0.00004    0.00010          1  0.000e+00
     112419   4684.083   3326.872   3375.294     4.4062     4.4077   3.428898   3.428876     1.6996     1.3871      18.19   25.57384  -84.84264    0.00002    0.00009          1  0.000e+00
     112420   4684.125   3326.872   3375.294     4.4066     4.4077   3.428904   3.428869     1.6996     1.3871      41.29   25.57384  -84.84264    0.00001    0.00009          1  0.000e+00
     112421   4684.167   3326.929   3375.352     4.4064     4.4077   3.428898   3.428844     1.6996     1.3871      49.35   25.57384  -84.84264    0.00001    0.00008          1  0.000e+00
     112422   4684.208   3326.872   3375.295     4.4064     4.4077   3.428923   3.428857     1.6984     1.3871      49.18   25.57384  -84.84264   -0.00000    0.00009          1  0.000e+00
     112423   4684.250   3326.929   3375.353     4.4066     4.4077   3.428955   3.428869     1.6996     1.3871      48.18   25.57384  -84.84264 1.7585e-07    0.00009          1  0.000e+00
     122855   5118.917   3009.622   3051.155     4.3768     4.3779   3.414228   3.414171     1.7338     1.4188     100.00   25.57384  -84.84272   -0.00001    0.00006          2  0.000e+00
     122856   5118.958   3009.849   3051.386     4.3768     4.3776   3.414216   3.414184     1.7338     1.4188     100.00   25.57384  -84.84272   -0.00001    0.00005          2  0.000e+00
     122857   5119.000   3009.736   3051.270     4.3766     4.3778   3.414196   3.414152     1.7338     1.4188     100.00   25.57384  -84.84272   -0.00001    0.00006          2  0.000e+00
     122858   5119.042   3009.849   3051.386     4.3764     4.3775   3.414209   3.414171     1.7350     1.4188      91.58   25.57384  -84.84272    0.00000    0.00004          2  0.000e+00
     122859   5119.083   3009.736   3051.270     4.3768     4.3777   3.414222   3.414152     1.7350     1.4188      66.74   25.57384  -84.84272    0.00002    0.00003          2  0.000e+00
     122860   5119.125   3009.792   3051.328     4.3766     4.3778   3.414222   3.414145     1.7338     1.4188      58.00   25.57384  -84.84272    0.00002    0.00003          2  0.000e+00
     122861   5119.167   3009.785   3051.321     4.3766     4.3778   3.414196   3.414171     1.7338     1.4188      58.17   25.57384  -84.84272    0.00002    0.00003          2  0.000e+00
     122862   5119.208   3009.792   3051.328     4.3768     4.3779   3.414209   3.414177     1.7338     1.4188      59.24   25.57384  -84.84272    0.00002    0.00004          2  0.000e+00
     122863   5119.250   3009.736   3051.271     4.3768     4.3778   3.414222   3.414158     1.7338     1.4188      59.56   25.57384  -84.84272    0.00002    0.00002          2  0.000e+00
     122864   5119.292   3009.793   3051.328     4.3769     4.3779   3.414222   3.414126     1.7338     1.4188      59.54   25.57384  -84.84272    0.00002    0.00002          2  0.000e+00
     122865   5119.333   3009.736   3051.271     4.3768     4.3779   3.414196   3.414139     1.7338     1.4188      59.49   25.57384  -84.84272    0.00002    0.00003          2  0.000e+00
     122866   5119.375   3009.736   3051.271     4.3769     4.3779   3.414209   3.414171     1.7338     1.4188      59.46   25.57384  -84.84272    0.00002    0.00003          2  0.000e+00
     122867   5119.417   3009.736   3051.271     4.3769     4.3781   3.414222   3.414203     1.7338     1.4188      59.46   25.57384  -84.84272    0.00004    0.00003          2  0.000e+00
     122868   5119.458   3009.687   3051.220     4.3769     4.3779   3.414196   3.414190     1.7338     1.4188      59.46   25.57384  -84.84272    0.00004    0.00002          2  0.000e+00
     122869   5119.500   3009.680   3051.213     4.3768     4.3778   3.414209   3.414184     1.7338     1.4188      59.46   25.57384  -84.84272    0.00004    0.00002          2  0.000e+00
     122870   5119.542   3009.687   3051.221     4.3768     4.3782   3.414216   3.414177     1.7338     1.4188      59.46   25.57384  -84.84272    0.00004    0.00002          2  0.000e+00
     122871   5119.583   3009.623   3051.156     4.3768     4.3779   3.414196   3.414158     1.7338     1.4188      59.49   25.57384  -84.84272    0.00002    0.00003          2  0.000e+00
     122872   5119.625   3009.623   3051.156     4.3771     4.3781   3.414165   3.414171     1.7338     1.4188      59.46   25.57384  -84.84272    0.00002    0.00003          2  0.000e+00
     122873   5119.667   3009.574   3051.105     4.3769     4.3781   3.414203   3.414203     1.7338     1.4188      59.49   25.57384  -84.84272    0.00002    0.00003          2  0.000e+00
     122874   5119.708   3009.624   3051.156     4.3769     4.3779   3.414241   3.414190     1.7338     1.4188      59.46   25.57384  -84.84272    0.00002    0.00003          2  0.000e+00
     122875   5119.750   3009.574   3051.105     4.3769     4.3779   3.414228   3.414203     1.7338     1.4188      59.46   25.57384  -84.84272    0.00003    0.00004          2  0.000e+00
     122876   5119.792   3009.518   3051.048     4.3771     4.3781   3.414222   3.414209     1.7338     1.4188      59.46   25.57384  -84.84272    0.00003    0.00002          2  0.000e+00
     122877   5119.833   3009.468   3050.997     4.3771     4.3782   3.414241   3.414190     1.7338     1.4188      59.49   25.57384  -84.84272    0.00003    0.00000          2  0.000e+00
     122878   5119.875   3009.518   3051.048     4.3771     4.3781   3.414203   3.414177     1.7338     1.4188      59.46   25.57384  -84.84272    0.00003    0.00001          2  0.000e+00
     122879   5119.917   3009.412   3050.940     4.3772     4.3779   3.414235   3.414203     1.7338     1.4188      59.49   25.57384  -84.84272    0.00003    0.00001          2  0.000e+00
     122880   5119.958   3009.461   3050.990     4.3769     4.3781   3.414254   3.414158     1.7338     1.4188      59.46   25.57384  -84.84272    0.00003    0.00001          2  0.000e+00
     122881   5120.000   3009.249   3050.774     4.3771     4.3781   3.414266   3.414171     1.7338     1.4188      59.46   25.57384  -84.84272    0.00003    0.00001          2  0.000e+00
     122882   5120.042   3009.412   3050.940     4.3772     4.3781   3.414254   3.414203     1.7338     1.4188      59.46   25.57384  -84.84272    0.00003    0.00001          2  0.000e+00
     122883   5120.083   3009.356   3050.882     4.3772     4.3779   3.414228   3.414158     1.7338     1.4188      70.38   25.57384  -84.84272    0.00003    0.00001          2  0.000e+00
     122884   5120.125   3009.243   3050.767     4.3771     4.3779   3.414196   3.414171     1.7338     1.4188      91.55   25.57384  -84.84272    0.00003    0.00002          2  0.000e+00
     122885   5120.167   3009.193   3050.716     4.3772     4.3779   3.414234   3.414151     1.7338     1.4188      97.83   25.57384  -84.84272    0.00003    0.00002          2  0.000e+00
     122886   5120.208   3009.193   3050.717     4.3772     4.3782   3.414203   3.414171     1.7338     1.4188      97.34   25.57384  -84.84272    0.00003    0.00002          2  0.000e+00
     122887   5120.250   3009.137   3050.659     4.3769     4.3782   3.414209   3.414203     1.7338     1.4188      96.43   25.57384  -84.84272    0.00003    0.00002          2  0.000e+00
     122888   5120.292   3009.144   3050.666     4.3771     4.3779   3.414196   3.414184     1.7338     1.4188      96.21   25.57384  -84.84272    0.00003    0.00002          2  0.000e+00
     122889   5120.333   3009.031   3050.551     4.3770     4.3782   3.414190   3.414177     1.7338     1.4188      96.24   25.57384  -84.84272    0.00002    0.00001          2  0.000e+00
     122890   5120.375   3009.087   3050.609     4.3771     4.3779   3.414209   3.414184     1.7338     1.4188      96.31   25.57384  -84.84272    0.00002    0.00001          2  0.000e+00
     122891   5120.417   3008.974   3050.493     4.3771     4.3781   3.414222   3.414177     1.7338     1.4188      96.31   25.57384  -84.84272    0.00002    0.00001          2  0.000e+00
