GOMECC/GOMECC-4/1db/rb2103_0881.ros
* Sea-Bird SBE 9 Data File:
* FileName = C:\Users\scs.user.rb\CTD\GOMECC4\data\rb2103_0881.hex
* Software Version Seasave V 7.26.7.107
* Temperature SN = 4799
* Conductivity SN = 3860
* Number of Bytes Per Scan = 41
* Number of Voltage Words = 4
* Number of Scans Averaged by the Deck Unit = 1
* NMEA Latitude = 19 10.20 N
* NMEA Longitude = 093 17.93 W
* NMEA UTC (Time) = Oct 08 2021  18:58:02
* NMEA baud rate = 4800
# nquan = 17
# nvalues = 2128                                  
# units = specified
# name 0 = scan: Scan Count
# name 1 = timeS: Time, Elapsed [seconds]
# name 2 = depSM: Depth [salt water, m]
# name 3 = prDM: Pressure, Digiquartz [db]
# name 4 = t090C: Temperature [ITS-90, deg C]
# name 5 = t190C: Temperature, 2 [ITS-90, deg C]
# name 6 = c0S/m: Conductivity [S/m]
# name 7 = c1S/m: Conductivity, 2 [S/m]
# name 8 = sbeox0V: Oxygen raw, SBE 43 [V]
# name 9 = sbeox1V: Oxygen raw, SBE 43, 2 [V]
# name 10 = altM: Altimeter [m]
# name 11 = latitude: Latitude [deg]
# name 12 = longitude: Longitude [deg]
# name 13 = sbox0dV/dT: Oxygen, SBE 43 [dov/dt]
# name 14 = sbox1dV/dT: Oxygen, SBE 43, 2 [dov/dt]
# name 15 = nbf: Bottles Fired
# name 16 = flag:  0.000e+00
# interval = seconds: 0.0416667
# start_time = Oct 08 2021 18:58:02 [NMEA time, header]
# bad_flag = -9.990e-29
*END*
[from data line 1022]
      71817   2992.333    149.466    150.432    17.7166    17.6975   4.725019   4.722973     1.8242     1.4969     100.00   19.16930  -93.29762    0.00006    0.00022          8  0.000e+00
      71818   2992.375    149.419    150.384    17.7169    17.6975   4.724997   4.722981     1.8230     1.4969     100.00   19.16930  -93.29762    0.00006    0.00021          8  0.000e+00
      71819   2992.417    149.466    150.432    17.7167    17.6971   4.724961   4.722951     1.8230     1.4969     100.00   19.16930  -93.29762    0.00006    0.00020          8  0.000e+00
      71820   2992.458    149.466    150.432    17.7161    17.6976   4.724888   4.722966     1.8230     1.4969     100.00   19.16930  -93.29762    0.00006    0.00019          8  0.000e+00
      71821   2992.500    149.419    150.384    17.7154    17.6975   4.724845   4.722922     1.8230     1.4969     100.00   19.16930  -93.29762    0.00006    0.00018          8  0.000e+00
      71822   2992.542    149.466    150.432    17.7150    17.6976   4.724794   4.722929     1.8230     1.4969     100.00   19.16930  -93.29762    0.00006    0.00017          8  0.000e+00
      71823   2992.583    149.419    150.385    17.7145    17.6977   4.724823   4.722944     1.8230     1.4969     100.00   19.16930  -93.29762    0.00005    0.00016          8  0.000e+00
      71824   2992.625    149.466    150.432    17.7140    17.6976   4.724917   4.722973     1.8230     1.4969     100.00   19.16930  -93.29762    0.00005    0.00015          8  0.000e+00
      71825   2992.667    149.371    150.337    17.7149    17.6975   4.725069   4.722959     1.8230     1.4969     100.00   19.16930  -93.29762    0.00005    0.00014          8  0.000e+00
      71826   2992.708    149.466    150.433    17.7183    17.6977   4.725286   4.722973     1.8230     1.4969     100.00   19.16930  -93.29762    0.00005    0.00012          8  0.000e+00
      71827   2992.750    149.419    150.385    17.7216    17.6979   4.725380   4.723039     1.8230     1.4969     100.00   19.16930  -93.29762    0.00005    0.00011          8  0.000e+00
      71828   2992.792    149.419    150.385    17.7214    17.6976   4.725417   4.723032     1.8242     1.4969     100.00   19.16930  -93.29762    0.00006    0.00010          8  0.000e+00
      71829   2992.833    149.419    150.385    17.7219    17.6975   4.725402   4.723083     1.8230     1.4969     100.00   19.16930  -93.29762    0.00006    0.00009          8  0.000e+00
      71830   2992.875    149.372    150.337    17.7228    17.6979   4.725482   4.723076     1.8230     1.4957     100.00   19.16930  -93.29762    0.00006    0.00006          8  0.000e+00
      71831   2992.917    149.419    150.385    17.7240    17.6978   4.725511   4.723091     1.8230     1.4969     100.00   19.16930  -93.29762    0.00006    0.00004          8  0.000e+00
      71832   2992.958    149.372    150.337    17.7238    17.6985   4.725474   4.723157     1.8230     1.4957     100.00   19.16930  -93.29762    0.00006    0.00001          8  0.000e+00
      71833   2993.000    149.419    150.385    17.7207    17.6986   4.725294   4.723157     1.8230     1.4957     100.00   19.16930  -93.29762    0.00006   -0.00002          8  0.000e+00
      71834   2993.042    149.318    150.283    17.7183    17.6984   4.725142   4.723201     1.8230     1.4969     100.00   19.16930  -93.29762    0.00005   -0.00003          8  0.000e+00
      71835   2993.083    149.467    150.433    17.7171    17.6986   4.725113   4.723289     1.8230     1.4957     100.00   19.16930  -93.29762    0.00005   -0.00005          8  0.000e+00
      71836   2993.125    149.372    150.337    17.7183    17.6991   4.725047   4.723362     1.8230     1.4969     100.00   19.16930  -93.29762    0.00005   -0.00004          8  0.000e+00
      71837   2993.167    149.372    150.337    17.7174    17.6996   4.724968   4.723355     1.8230     1.4969     100.00   19.16930  -93.29762    0.00005   -0.00004          8  0.000e+00
      71838   2993.208    149.420    150.385    17.7159    17.7009   4.724917   4.723435     1.8242     1.4957     100.00   19.16930  -93.29762    0.00006   -0.00005          8  0.000e+00
      71839   2993.250    149.318    150.283    17.7155    17.7020   4.724939   4.723575     1.8230     1.4957     100.00   19.16930  -93.29762    0.00004   -0.00008          8  0.000e+00
      71840   2993.292    149.372    150.338    17.7155    17.7033   4.725156   4.723685     1.8230     1.4969     100.00   19.16930  -93.29762    0.00004   -0.00008          8  0.000e+00
      71841   2993.333    149.372    150.338    17.7178    17.7036   4.725684   4.723795     1.8230     1.4969     100.00   19.16930  -93.29762    0.00004   -0.00007          8  0.000e+00
      71842   2993.375    149.318    150.283    17.7228    17.7050   4.726010   4.723824     1.8230     1.4957     100.00   19.16930  -93.29762    0.00004   -0.00008          8  0.000e+00
      71843   2993.417    149.372    150.338    17.7205    17.7059   4.725981   4.723971     1.8230     1.4969     100.00   19.16930  -93.29762    0.00003   -0.00008          8  0.000e+00
      71844   2993.458    149.318    150.283    17.7205    17.7074   4.725887   4.724169     1.8230     1.4969     100.00   19.16930  -93.29762    0.00003   -0.00007          8  0.000e+00
      71845   2993.500    149.318    150.283    17.7223    17.7093   4.725865   4.724286     1.8230     1.4969     100.00   19.16930  -93.29762    0.00003   -0.00007          8  0.000e+00
      71846   2993.542    149.373    150.338    17.7243    17.7097   4.726054   4.724330     1.8230     1.4969     100.00   19.16930  -93.29762    0.00003   -0.00006          8  0.000e+00
      71847   2993.583    149.318    150.283    17.7257    17.7099   4.726017   4.724345     1.8230     1.4969     100.00   19.16930  -93.29762    0.00002   -0.00006          8  0.000e+00
      71848   2993.625    149.318    150.283    17.7274    17.7100   4.726025   4.724374     1.8230     1.4969     100.00   19.16930  -93.29762    0.00002   -0.00005          8  0.000e+00
      71849   2993.667    149.271    150.236    17.7291    17.7114   4.726119   4.724470     1.8242     1.4969     100.00   19.16930  -93.29762    0.00004   -0.00005          8  0.000e+00
      71850   2993.708    149.319    150.284    17.7288    17.7116   4.726278   4.724506     1.8230     1.4969     100.00   19.16930  -93.29762    0.00003   -0.00005          8  0.000e+00
      71851   2993.750    149.319    150.284    17.7291    17.7116   4.726459   4.724470     1.8230     1.4969     100.00   19.16930  -93.29762    0.00003   -0.00004          8  0.000e+00
      71852   2993.792    149.271    150.236    17.7323    17.7116   4.726727   4.724521     1.8242     1.4969     100.00   19.16930  -93.29762    0.00005   -0.00004          8  0.000e+00
      71853   2993.833    149.319    150.284    17.7350    17.7116   4.726908   4.724484     1.8230     1.4969     100.00   19.16930  -93.29762    0.00004   -0.00003          8  0.000e+00
      71854   2993.875    149.319    150.284    17.7357    17.7118   4.727016   4.724404     1.8242     1.4969     100.00   19.16930  -93.29762    0.00006   -0.00003          8  0.000e+00
      71855   2993.917    149.271    150.236    17.7352    17.7109   4.727002   4.724477     1.8230     1.4969     100.00   19.16930  -93.29762    0.00005   -0.00002          8  0.000e+00
      71856   2993.958    149.271    150.236    17.7343    17.7116   4.726937   4.724646     1.8230     1.4969     100.00   19.16930  -93.29762    0.00005   -0.00002          8  0.000e+00
      71857   2994.000    149.319    150.284    17.7341    17.7130   4.726944   4.724873     1.8230     1.4969     100.00   19.16930  -93.29762    0.00005   -0.00001          8  0.000e+00
      71858   2994.042    149.271    150.236    17.7338    17.7138   4.726929   4.724976     1.8230     1.4969     100.00   19.16930  -93.29762    0.00004   -0.00001          8  0.000e+00
      75798   3158.208     99.601    100.232    20.1897    20.1949   4.999975   5.000130     1.9170     1.5788     100.00   19.16928  -93.29758    0.00063   -0.00005          9  0.000e+00
      75799   3158.250     99.601    100.232    20.1902    20.1927   4.999997   4.999882     1.9170     1.5788     100.00   19.16928  -93.29758    0.00064   -0.00006          9  0.000e+00
      75800   3158.292     99.438    100.069    20.1921    20.1900   5.000041   4.999597     1.9170     1.5788     100.00   19.16928  -93.29758    0.00063   -0.00006          9  0.000e+00
      75801   3158.333     99.547    100.178    20.1930    20.1881   5.000145   4.999462     1.9170     1.5788     100.00   19.16928  -93.29758    0.00062   -0.00006          9  0.000e+00
      75802   3158.375     99.601    100.233    20.1918    20.1879   5.000175   4.999530     1.9170     1.5788     100.00   19.16928  -93.29758    0.00061   -0.00006          9  0.000e+00
      75803   3158.417     99.547    100.178    20.1920    20.1883   5.000212   4.999537     1.9170     1.5775     100.00   19.16928  -93.29758    0.00060   -0.00008          9  0.000e+00
      75804   3158.458     99.499    100.130    20.1947    20.1891   5.000115   4.999710     1.9170     1.5788     100.00   19.16928  -93.29758    0.00059   -0.00009          9  0.000e+00
      75805   3158.500     99.533    100.164    20.1940    20.1944   5.000064   5.000085     1.9170     1.5788     100.00   19.16928  -93.29758    0.00058   -0.00009          9  0.000e+00
      75806   3158.542     99.547    100.178    20.1944    20.1977   5.000012   5.000483     1.9170     1.5788     100.00   19.16928  -93.29758    0.00058   -0.00007          9  0.000e+00
      75807   3158.583     99.547    100.178    20.1940    20.1997   4.999915   5.000724     1.9170     1.5775     100.00   19.16928  -93.29758    0.00057   -0.00009          9  0.000e+00
      75808   3158.625     99.547    100.178    20.1928    20.2027   4.999952   5.000994     1.9170     1.5788     100.00   19.16928  -93.29758    0.00056   -0.00009          9  0.000e+00
      75809   3158.667     99.547    100.178    20.1913    20.2035   5.000027   5.001016     1.9170     1.5788     100.00   19.16928  -93.29758    0.00056   -0.00009          9  0.000e+00
      75810   3158.708     99.500    100.131    20.1913    20.2025   5.000049   5.000956     1.9170     1.5788     100.00   19.16928  -93.29758    0.00054   -0.00010          9  0.000e+00
      75811   3158.750     99.588    100.219    20.1937    20.2021   5.000108   5.000911     1.9170     1.5788     100.00   19.16928  -93.29758    0.00055   -0.00010          9  0.000e+00
      75812   3158.792     99.547    100.179    20.1954    20.2009   5.000108   5.000791     1.9170     1.5788     100.00   19.16928  -93.29758    0.00053   -0.00008          9  0.000e+00
      75813   3158.833     99.500    100.131    20.1963    20.1982   5.000101   5.000543     1.9170     1.5788     100.00   19.16928  -93.29758    0.00053   -0.00006          9  0.000e+00
      75814   3158.875     99.602    100.233    20.1953    20.1972   5.000123   5.000416     1.9170     1.5788     100.00   19.16928  -93.29758    0.00052   -0.00006          9  0.000e+00
      75815   3158.917     99.548    100.179    20.1946    20.1976   5.000138   5.000378     1.9170     1.5788     100.00   19.16928  -93.29758    0.00052   -0.00007          9  0.000e+00
      75816   3158.958     99.548    100.179    20.1954    20.1952   5.000190   5.000168     1.9170     1.5788     100.00   19.16928  -93.29758    0.00050   -0.00005          9  0.000e+00
      75817   3159.000     99.588    100.220    20.1961    20.1919   5.000190   4.999883     1.9170     1.5788     100.00   19.16928  -93.29758    0.00048   -0.00005          9  0.000e+00
      75818   3159.042     99.548    100.179    20.1963    20.1899   5.000212   4.999665     1.9170     1.5788     100.00   19.16928  -93.29758    0.00046   -0.00005          9  0.000e+00
      75819   3159.083     99.548    100.179    20.1956    20.1889   5.000212   4.999507     1.9170     1.5788     100.00   19.16928  -93.29758    0.00044   -0.00005          9  0.000e+00
      75820   3159.125     99.602    100.234    20.1956    20.1879   5.000093   4.999409     1.9170     1.5788     100.00   19.16928  -93.29758    0.00042   -0.00005          9  0.000e+00
      75821   3159.167     99.548    100.179    20.1939    20.1870   4.999990   4.999334     1.9170     1.5800     100.00   19.16928  -93.29758    0.00042   -0.00003          9  0.000e+00
      75822   3159.208     99.534    100.166    20.1939    20.1862   4.999901   4.999342     1.9170     1.5800     100.00   19.16928  -93.29758    0.00039   -0.00002          9  0.000e+00
      75823   3159.250     99.602    100.234    20.1937    20.1862   4.999886   4.999297     1.9170     1.5788     100.00   19.16928  -93.29758    0.00039   -0.00002          9  0.000e+00
      75824   3159.292     99.548    100.179    20.1914    20.1860   4.999878   4.999334     1.9170     1.5800     100.00   19.16928  -93.29758    0.00037 -3.517e-07          9  0.000e+00
      75825   3159.333     99.602    100.234    20.1923    20.1862   4.999886   4.999319     1.9158     1.5788     100.00   19.16928  -93.29758    0.00034    0.00002          9  0.000e+00
      75826   3159.375     99.548    100.179    20.1933    20.1865   4.999915   4.999289     1.9170     1.5800     100.00   19.16928  -93.29758    0.00034    0.00003          9  0.000e+00
      75827   3159.417     99.548    100.180    20.1932    20.1862   4.999923   4.999304     1.9170     1.5800     100.00   19.16928  -93.29758    0.00033    0.00005          9  0.000e+00
      75828   3159.458     99.589    100.221    20.1942    20.1862   4.999990   4.999342     1.9170     1.5788     100.00   19.16928  -93.29758    0.00032    0.00005          9  0.000e+00
      75829   3159.500     99.603    100.234    20.1953    20.1886   5.000041   4.999642     1.9170     1.5800     100.00   19.16928  -93.29758    0.00030    0.00006          9  0.000e+00
      75830   3159.542     99.603    100.234    20.1946    20.1923   5.000049   5.000010     1.9170     1.5800     100.00   19.16928  -93.29758    0.00029    0.00008          9  0.000e+00
      75831   3159.583     99.549    100.180    20.1944    20.1948   5.000056   5.000326     1.9170     1.5800     100.00   19.16928  -93.29758    0.00027    0.00009          9  0.000e+00
      75832   3159.625     99.603    100.234    20.1954    20.1972   5.000145   5.000506     1.9170     1.5800     100.00   19.16928  -93.29758    0.00026    0.00012          9  0.000e+00
      75833   3159.667     99.501    100.132    20.1949    20.1984   5.000115   5.000588     1.9170     1.5800     100.00   19.16928  -93.29758    0.00025    0.00014          9  0.000e+00
      75834   3159.708     99.684    100.317    20.1933    20.1994   4.999930   5.000634     1.9170     1.5800     100.00   19.16928  -93.29758    0.00024    0.00015          9  0.000e+00
      75835   3159.750     99.549    100.180    20.1907    20.1992   4.999604   5.000626     1.9170     1.5800     100.00   19.16928  -93.29758    0.00023    0.00017          9  0.000e+00
      75836   3159.792     99.603    100.235    20.1876    20.1979   4.999382   5.000453     1.9170     1.5800     100.00   19.16928  -93.29758    0.00022    0.00018          9  0.000e+00
      75837   3159.833     99.603    100.235    20.1879    20.1960   4.999493   5.000273     1.9170     1.5800     100.00   19.16928  -93.29758    0.00021    0.00019          9  0.000e+00
      75838   3159.875     99.603    100.235    20.1918    20.1933   4.999738   5.000145     1.9170     1.5800     100.00   19.16928  -93.29758    0.00020    0.00021          9  0.000e+00
      75839   3159.917     99.536    100.167    20.1928    20.1921   4.999856   5.000108     1.9170     1.5800     100.00   19.16928  -93.29758    0.00019    0.00022          9  0.000e+00
