GOMECC/GOMECC-4/1db/rb2103_0931.ros
* Sea-Bird SBE 9 Data File:
* FileName = C:\Users\scs.user.rb\CTD\GOMECC4\data\rb2103_0931.hex
* Software Version Seasave V 7.26.7.107
* Temperature SN = 4799
* Conductivity SN = 3860
* Number of Bytes Per Scan = 41
* Number of Voltage Words = 4
* Number of Scans Averaged by the Deck Unit = 1
* NMEA Latitude = 21 10.01 N
* NMEA Longitude = 090 46.10 W
* NMEA UTC (Time) = Oct 10 2021  15:16:22
* NMEA baud rate = 4800
# nquan = 17
# nvalues = 798                                   
# units = specified
# name 0 = scan: Scan Count
# name 1 = timeS: Time, Elapsed [seconds]
# name 2 = depSM: Depth [salt water, m]
# name 3 = prDM: Pressure, Digiquartz [db]
# name 4 = t090C: Temperature [ITS-90, deg C]
# name 5 = t190C: Temperature, 2 [ITS-90, deg C]
# name 6 = c0S/m: Conductivity [S/m]
# name 7 = c1S/m: Conductivity, 2 [S/m]
# name 8 = sbeox0V: Oxygen raw, SBE 43 [V]
# name 9 = sbeox1V: Oxygen raw, SBE 43, 2 [V]
# name 10 = altM: Altimeter [m]
# name 11 = latitude: Latitude [deg]
# name 12 = longitude: Longitude [deg]
# name 13 = sbox0dV/dT: Oxygen, SBE 43 [dov/dt]
# name 14 = sbox1dV/dT: Oxygen, SBE 43, 2 [dov/dt]
# name 15 = nbf: Bottles Fired
# name 16 = flag:  0.000e+00
# interval = seconds: 0.0416667
# start_time = Oct 10 2021 15:16:22 [NMEA time, header]
# bad_flag = -9.990e-29
*END*
[from data line 341]
      18042    751.708     19.252     19.373    29.3630    29.3689   6.002860   6.003540     3.1038     2.6227       3.88   21.16670  -90.76698   -0.00031   -0.00065          3  0.000e+00
      18043    751.750     19.205     19.325    29.3626    29.3688   6.002860   6.003523     3.1038     2.6227       3.88   21.16670  -90.76698   -0.00033   -0.00060          3  0.000e+00
      18044    751.792     19.151     19.271    29.3624    29.3688   6.002836   6.003515     3.1038     2.6227       3.88   21.16670  -90.76698   -0.00033   -0.00054          3  0.000e+00
      18045    751.833     19.293     19.414    29.3622    29.3688   6.002828   6.003483     3.1050     2.6227       3.88   21.16670  -90.76698   -0.00033   -0.00048          3  0.000e+00
      18046    751.875     19.205     19.325    29.3621    29.3688   6.002828   6.003458     3.1050     2.6227       3.91   21.16670  -90.76698   -0.00034   -0.00042          3  0.000e+00
      18047    751.917     19.205     19.325    29.3619    29.3688   6.002780   6.003466     3.1050     2.6227       3.88   21.16670  -90.76698   -0.00032   -0.00036          3  0.000e+00
      18048    751.958     19.246     19.366    29.3619    29.3688   6.002772   6.003458     3.1050     2.6215       3.88   21.16670  -90.76698   -0.00030   -0.00030          3  0.000e+00
      18049    752.000     19.205     19.325    29.3619    29.3686   6.002812   6.003507     3.1050     2.6227       3.88   21.16670  -90.76698   -0.00029   -0.00024          3  0.000e+00
      18050    752.042     19.205     19.325    29.3617    29.3689   6.002828   6.003434     3.1050     2.6227       3.88   21.16670  -90.76698   -0.00027   -0.00015          3  0.000e+00
      18051    752.083     19.246     19.366    29.3617    29.3688   6.002788   6.003458     3.1050     2.6227       3.88   21.16670  -90.76698   -0.00025   -0.00007          3  0.000e+00
      18052    752.125     19.205     19.325    29.3619    29.3685   6.002804   6.003475     3.1062     2.6227       3.88   21.16670  -90.76698   -0.00023    0.00002          3  0.000e+00
      18053    752.167     19.205     19.325    29.3617    29.3688   6.002820   6.003458     3.1062     2.6227       3.88   21.16670  -90.76698   -0.00020    0.00011          3  0.000e+00
      18054    752.208     19.198     19.318    29.3619    29.3688   6.002747   6.003507     3.1050     2.6227       3.88   21.16670  -90.76698   -0.00020    0.00020          3  0.000e+00
      18055    752.250     19.252     19.373    29.3619    29.3686   6.002723   6.003507     3.1050     2.6227       3.88   21.16670  -90.76698   -0.00018    0.00028          3  0.000e+00
      18056    752.292     19.205     19.325    29.3617    29.3688   6.002747   6.003515     3.1050     2.6227       3.88   21.16670  -90.76698   -0.00016    0.00036          3  0.000e+00
      18057    752.333     19.151     19.271    29.3621    29.3686   6.002731   6.003507     3.1062     2.6227       3.88   21.16670  -90.76698   -0.00014    0.00044          3  0.000e+00
      18058    752.375     19.293     19.414    29.3617    29.3685   6.002724   6.003483     3.1050     2.6215       3.88   21.16670  -90.76698   -0.00014    0.00049          3  0.000e+00
      18059    752.417     19.205     19.325    29.3615    29.3688   6.002764   6.003458     3.1050     2.6215       3.88   21.16670  -90.76698   -0.00014    0.00054          3  0.000e+00
      18060    752.458     19.205     19.325    29.3619    29.3688   6.002731   6.003507     3.1050     2.6227       3.91   21.16670  -90.76698   -0.00014    0.00060          3  0.000e+00
      18061    752.500     19.198     19.318    29.3617    29.3686   6.002715   6.003483     3.1038     2.6215       3.91   21.16670  -90.76698   -0.00018    0.00066          3  0.000e+00
      18062    752.542     19.252     19.373    29.3617    29.3685   6.002715   6.003499     3.1038     2.6215       3.91   21.16670  -90.76698   -0.00021    0.00071          3  0.000e+00
      18063    752.583     19.205     19.325    29.3619    29.3688   6.002683   6.003483     3.1050     2.6215       3.91   21.16670  -90.76698   -0.00023    0.00075          3  0.000e+00
      18064    752.625     19.198     19.318    29.3617    29.3688   6.002707   6.003499     3.1038     2.6215       3.91   21.16670  -90.76698   -0.00026    0.00077          3  0.000e+00
      18065    752.667     19.252     19.373    29.3617    29.3690   6.002683   6.003515     3.1038     2.6215       3.91   21.16670  -90.76698   -0.00030    0.00079          3  0.000e+00
      18066    752.708     19.205     19.325    29.3617    29.3688   6.002739   6.003548     3.1038     2.6215       3.91   21.16670  -90.76698   -0.00033    0.00081          3  0.000e+00
      18067    752.750     19.246     19.366    29.3617    29.3690   6.002731   6.003531     3.1038     2.6215       3.91   21.16670  -90.76698   -0.00039    0.00082          3  0.000e+00
      18068    752.792     19.205     19.325    29.3619    29.3688   6.002763   6.003475     3.1038     2.6215       3.91   21.16670  -90.76698   -0.00042    0.00083          3  0.000e+00
      18069    752.833     19.205     19.325    29.3621    29.3690   6.002731   6.003507     3.1038     2.6215       3.91   21.16670  -90.76698   -0.00046    0.00082          3  0.000e+00
      18070    752.875     19.103     19.223    29.3624    29.3688   6.002715   6.003483     3.1026     2.6203       3.88   21.16670  -90.76698   -0.00051    0.00079          3  0.000e+00
      18071    752.917     19.347     19.468    29.3626    29.3690   6.002716   6.003499     3.1038     2.6203       3.88   21.16670  -90.76698   -0.00056    0.00075          3  0.000e+00
      18072    752.958     19.205     19.325    29.3628    29.3688   6.002723   6.003515     3.1026     2.6203       3.91   21.16670  -90.76698   -0.00062    0.00070          3  0.000e+00
      18073    753.000     19.205     19.325    29.3632    29.3688   6.002763   6.003507     3.1026     2.6203       3.88   21.16670  -90.76698   -0.00067    0.00066          3  0.000e+00
      18074    753.042     19.246     19.366    29.3637    29.3691   6.002731   6.003515     3.1026     2.6190       3.91   21.16670  -90.76698   -0.00072    0.00058          3  0.000e+00
      18075    753.083     19.205     19.325    29.3639    29.3690   6.002747   6.003507     3.1026     2.6190       3.91   21.16670  -90.76698   -0.00076    0.00051          3  0.000e+00
      18076    753.125     19.205     19.325    29.3641    29.3689   6.002731   6.003515     3.1026     2.6178       3.88   21.16670  -90.76698   -0.00079    0.00039          3  0.000e+00
      18077    753.167     19.246     19.366    29.3641    29.3690   6.002796   6.003548     3.1026     2.6178       3.88   21.16670  -90.76698   -0.00082    0.00028          3  0.000e+00
      18078    753.208     19.205     19.325    29.3643    29.3689   6.002747   6.003491     3.1026     2.6178       3.91   21.16670  -90.76698   -0.00085    0.00017          3  0.000e+00
      18079    753.250     19.252     19.373    29.3641    29.3688   6.002788   6.003475     3.1026     2.6190       3.91   21.16670  -90.76698   -0.00089    0.00008          3  0.000e+00
      18080    753.292     19.246     19.366    29.3643    29.3691   6.002787   6.003499     3.1026     2.6178       3.91   21.16670  -90.76698   -0.00090   -0.00004          3  0.000e+00
      18081    753.333     19.205     19.325    29.3643    29.3688   6.002779   6.003556     3.1026     2.6178       3.91   21.16670  -90.76698   -0.00091   -0.00016          3  0.000e+00
      18082    753.375     19.205     19.325    29.3643    29.3691   6.002779   6.003523     3.1026     2.6190       3.91   21.16670  -90.76698   -0.00092   -0.00028          3  0.000e+00
      18083    753.417     19.246     19.366    29.3643    29.3690   6.002779   6.003515     3.1026     2.6190       3.91   21.16670  -90.76698   -0.00093   -0.00039          3  0.000e+00
      18084    753.458     19.205     19.325    29.3645    29.3689   6.002803   6.003507     3.1013     2.6190       3.91   21.16670  -90.76698   -0.00096   -0.00050          3  0.000e+00
      18085    753.500     19.252     19.373    29.3648    29.3690   6.002787   6.003515     3.1013     2.6190       3.91   21.16670  -90.76698   -0.00098   -0.00061          3  0.000e+00
      18086    753.542     19.205     19.325    29.3645    29.3688   6.002811   6.003483     3.1013     2.6190       3.91   21.16670  -90.76698   -0.00100   -0.00072          3  0.000e+00
      18087    753.583     19.246     19.366    29.3647    29.3686   6.002828   6.003540     3.1013     2.6190       3.91   21.16670  -90.76698   -0.00101   -0.00082          3  0.000e+00
      18088    753.625     19.205     19.325    29.3647    29.3685   6.002811   6.003491     3.1013     2.6190       3.91   21.16670  -90.76698   -0.00101   -0.00092          3  0.000e+00
      18089    753.667     19.252     19.373    29.3647    29.3688   6.002860   6.003458     3.1013     2.6190       3.91   21.16670  -90.76698   -0.00101   -0.00101          3  0.000e+00
      18090    753.708     19.246     19.366    29.3645    29.3684   6.002836   6.003507     3.1013     2.6190       3.91   21.16670  -90.76698   -0.00103   -0.00111          3  0.000e+00
      18091    753.750     19.205     19.325    29.3643    29.3684   6.002860   6.003507     3.1013     2.6190       3.91   21.16670  -90.76698   -0.00104   -0.00118          3  0.000e+00
      18092    753.792     19.252     19.373    29.3639    29.3682   6.002908   6.003515     3.1013     2.6190       3.91   21.16670  -90.76698   -0.00106   -0.00124          3  0.000e+00
      18093    753.833     19.198     19.318    29.3643    29.3681   6.002876   6.003475     3.1013     2.6190       3.91   21.16670  -90.76698   -0.00107   -0.00130          3  0.000e+00
      18094    753.875     19.252     19.373    29.3645    29.3682   6.002868   6.003466     3.1013     2.6203       3.91   21.16670  -90.76698   -0.00108   -0.00134          3  0.000e+00
      18095    753.917     19.205     19.325    29.3645    29.3681   6.002803   6.003475     3.1026     2.6203       3.91   21.16670  -90.76698   -0.00107   -0.00136          3  0.000e+00
      18096    753.958     19.246     19.366    29.3645    29.3680   6.002852   6.003499     3.1026     2.6203       3.91   21.16670  -90.76698   -0.00106   -0.00140          3  0.000e+00
      18097    754.000     19.252     19.373    29.3647    29.3681   6.002836   6.003483     3.1026     2.6203       3.91   21.16670  -90.76698   -0.00105   -0.00144          3  0.000e+00
      18098    754.042     19.252     19.373    29.3645    29.3682   6.002884   6.003458     3.1013     2.6215       3.91   21.16670  -90.76698   -0.00106   -0.00145          3  0.000e+00
      18099    754.083     19.252     19.373    29.3645    29.3682   6.002884   6.003466     3.1013     2.6215       3.91   21.16670  -90.76698   -0.00106   -0.00147          3  0.000e+00
      21737    905.667      2.972      2.990    29.3786    29.3851   6.003627   6.004504     3.1209     2.6374      19.71   21.16680  -90.76694    0.00077    0.00097          4  0.000e+00
      21738    905.708      2.918      2.936    29.3788    29.3857   6.003603   6.004536     3.1209     2.6374      19.71   21.16680  -90.76694    0.00076    0.00096          4  0.000e+00
      21739    905.750      2.870      2.888    29.3799    29.3860   6.003587   6.004561     3.1221     2.6374      19.73   21.16680  -90.76694    0.00074    0.00094          4  0.000e+00
      21740    905.792      2.918      2.936    29.3807    29.3862   6.003635   6.004618     3.1209     2.6374      19.71   21.16680  -90.76694    0.00073    0.00093          4  0.000e+00
      21741    905.833      2.870      2.888    29.3803    29.3864   6.003651   6.004626     3.1209     2.6374      19.71   21.16680  -90.76694    0.00071    0.00091          4  0.000e+00
      21742    905.875      2.918      2.936    29.3794    29.3864   6.003571   6.004666     3.1209     2.6374      19.73   21.16680  -90.76694    0.00070    0.00089          4  0.000e+00
      21743    905.917      2.918      2.936    29.3793    29.3868   6.003475   6.004683     3.1221     2.6374      19.71   21.16680  -90.76694    0.00071    0.00088          4  0.000e+00
      21744    905.958      2.918      2.936    29.3788    29.3870   6.003475   6.004707     3.1221     2.6374      19.71   21.16680  -90.76694    0.00073    0.00086          4  0.000e+00
      21745    906.000      2.918      2.936    29.3772    29.3875   6.003491   6.004723     3.1221     2.6374      19.71   21.16680  -90.76694    0.00075    0.00084          4  0.000e+00
      21746    906.042      2.870      2.888    29.3751    29.3881   6.003459   6.004837     3.1221     2.6374      19.73   21.16680  -90.76694    0.00076    0.00082          4  0.000e+00
      21747    906.083      2.972      2.990    29.3744    29.3890   6.003379   6.004950     3.1221     2.6374      19.71   21.16680  -90.76694    0.00077    0.00080          4  0.000e+00
      21748    906.125      2.918      2.936    29.3741    29.3894   6.003282   6.004975     3.1221     2.6374      19.71   21.16680  -90.76694    0.00079    0.00078          4  0.000e+00
      21749    906.167      2.918      2.936    29.3739    29.3899   6.003210   6.004942     3.1221     2.6374      19.71   21.16680  -90.76694    0.00080    0.00076          4  0.000e+00
      21750    906.208      2.918      2.936    29.3739    29.3898   6.003122   6.004894     3.1221     2.6386      19.71   21.16680  -90.76694    0.00081    0.00075          4  0.000e+00
      21751    906.250      2.972      2.990    29.3748    29.3892   6.003250   6.004837     3.1209     2.6386      19.71   21.16680  -90.76694    0.00082    0.00074          4  0.000e+00
      21752    906.292      2.972      2.990    29.3761    29.3887   6.003451   6.004796     3.1221     2.6386      19.73   21.16680  -90.76694    0.00085    0.00075          4  0.000e+00
      21753    906.333      2.918      2.936    29.3785    29.3881   6.003643   6.004739     3.1209     2.6386      19.71   21.16680  -90.76694    0.00085    0.00076          4  0.000e+00
      21754    906.375      2.972      2.990    29.3798    29.3881   6.003651   6.004723     3.1209     2.6386      19.71   21.16680  -90.76694    0.00086    0.00077          4  0.000e+00
      21755    906.417      2.972      2.990    29.3807    29.3875   6.003611   6.004772     3.1221     2.6386      19.68   21.16680  -90.76694    0.00089    0.00078          4  0.000e+00
      21756    906.458      2.965      2.983    29.3805    29.3879   6.003603   6.004780     3.1209     2.6386      19.68   21.16680  -90.76694    0.00089    0.00079          4  0.000e+00
      21757    906.500      2.972      2.990    29.3788    29.3877   6.003483   6.004739     3.1209     2.6386      19.68   21.16680  -90.76694    0.00092    0.00080          4  0.000e+00
      21758    906.542      3.019      3.038    29.3790    29.3879   6.003523   6.004804     3.1209     2.6386      19.68   21.16680  -90.76694    0.00093    0.00082          4  0.000e+00
      21759    906.583      3.019      3.038    29.3823    29.3881   6.003867   6.004829     3.1209     2.6386      19.68   21.16680  -90.76694    0.00093    0.00084          4  0.000e+00
      21760    906.625      2.972      2.990    29.3848    29.3884   6.004099   6.004861     3.1221     2.6386      19.68   21.16680  -90.76694    0.00096    0.00087          4  0.000e+00
      21761    906.667      3.019      3.038    29.3858    29.3892   6.004243   6.004918     3.1209     2.6386      19.68   21.16680  -90.76694    0.00096    0.00089          4  0.000e+00
      21762    906.708      3.019      3.038    29.3848    29.3901   6.004243   6.004967     3.1221     2.6398      19.68   21.16680  -90.76694    0.00098    0.00093          4  0.000e+00
