GOMECC/GOMECC-4/1db/rb2103_0211.ros
* Sea-Bird SBE 9 Data File:
* FileName = C:\Users\scs.user.rb\CTD\GOMECC4\data\rb2103_0211.hex
* Software Version Seasave V 7.26.7.107
* Temperature SN = 4799
* Conductivity SN = 3860
* Number of Bytes Per Scan = 41
* Number of Voltage Words = 4
* Number of Scans Averaged by the Deck Unit = 1
* NMEA Latitude = 29 12.35 N
* NMEA Longitude = 085 38.79 W
* NMEA UTC (Time) = Sep 20 2021  22:02:36
* NMEA baud rate = 4800
# nquan = 17
# nvalues = 1463                                  
# units = specified
# name 0 = scan: Scan Count
# name 1 = timeS: Time, Elapsed [seconds]
# name 2 = depSM: Depth [salt water, m]
# name 3 = prDM: Pressure, Digiquartz [db]
# name 4 = t090C: Temperature [ITS-90, deg C]
# name 5 = t190C: Temperature, 2 [ITS-90, deg C]
# name 6 = c0S/m: Conductivity [S/m]
# name 7 = c1S/m: Conductivity, 2 [S/m]
# name 8 = sbeox0V: Oxygen raw, SBE 43 [V]
# name 9 = sbeox1V: Oxygen raw, SBE 43, 2 [V]
# name 10 = altM: Altimeter [m]
# name 11 = latitude: Latitude [deg]
# name 12 = longitude: Longitude [deg]
# name 13 = sbox0dV/dT: Oxygen, SBE 43 [dov/dt]
# name 14 = sbox1dV/dT: Oxygen, SBE 43, 2 [dov/dt]
# name 15 = nbf: Bottles Fired
# name 16 = flag:  0.000e+00
# interval = seconds: 0.0416667
# start_time = Sep 20 2021 22:02:36 [NMEA time, header]
# bad_flag = -9.990e-29
*END*
[from data line 1277]
      32993   1374.667      3.247      3.269    28.2392    28.2420   5.369548   5.370136     3.1392     2.6716      81.56   29.20494  -85.64664    0.00049   -0.00054         10  0.000e+00
      32994   1374.708      3.232      3.254    28.2392    28.2422   5.369594   5.370121     3.1392     2.6716      81.56   29.20494  -85.64664    0.00048   -0.00065         10  0.000e+00
      32995   1374.750      3.247      3.269    28.2392    28.2422   5.369594   5.370136     3.1392     2.6716      81.56   29.20494  -85.64664    0.00046   -0.00075         10  0.000e+00
      32996   1374.792      3.292      3.314    28.2392    28.2424   5.369640   5.370152     3.1392     2.6716      81.56   29.20494  -85.64664    0.00044   -0.00084         10  0.000e+00
      32997   1374.833      3.307      3.330    28.2394    28.2423   5.369625   5.370144     3.1392     2.6703      81.56   29.20494  -85.64664    0.00041   -0.00095         10  0.000e+00
      32998   1374.875      3.247      3.269    28.2394    28.2423   5.369663   5.370121     3.1392     2.6716      81.56   29.20494  -85.64664    0.00038   -0.00102         10  0.000e+00
      32999   1374.917      3.292      3.314    28.2392    28.2424   5.369632   5.370098     3.1392     2.6716      81.56   29.20494  -85.64664    0.00035   -0.00110         10  0.000e+00
      33000   1374.958      3.307      3.330    28.2390    28.2420   5.369663   5.370074     3.1392     2.6716      81.56   29.20494  -85.64664    0.00033   -0.00115         10  0.000e+00
      33001   1375.000      3.307      3.330    28.2390    28.2416   5.369701   5.369974     3.1392     2.6716      81.61   29.20494  -85.64664    0.00030   -0.00120         10  0.000e+00
      33002   1375.042      3.292      3.314    28.2390    28.2417   5.369670   5.369958     3.1392     2.6728      81.64   29.20494  -85.64664    0.00026   -0.00122         10  0.000e+00
      33003   1375.083      3.307      3.330    28.2392    28.2418   5.369640   5.369943     3.1404     2.6728      81.64   29.20494  -85.64664    0.00024   -0.00123         10  0.000e+00
      33004   1375.125      3.345      3.368    28.2392    28.2418   5.369686   5.369920     3.1404     2.6728      81.64   29.20494  -85.64664    0.00023   -0.00125         10  0.000e+00
      33005   1375.167      3.307      3.330    28.2394    28.2413   5.369670   5.369865     3.1404     2.6728      81.64   29.20494  -85.64664    0.00021   -0.00126         10  0.000e+00
      33006   1375.208      3.360      3.383    28.2399    28.2410   5.369739   5.369835     3.1404     2.6728      81.64   29.20494  -85.64664    0.00020   -0.00127         10  0.000e+00
      33007   1375.250      3.345      3.368    28.2401    28.2409   5.369785   5.369811     3.1404     2.6740      81.64   29.20494  -85.64664    0.00017   -0.00126         10  0.000e+00
      33008   1375.292      3.307      3.330    28.2406    28.2406   5.369808   5.369788     3.1404     2.6740      81.64   29.20494  -85.64664    0.00014   -0.00125         10  0.000e+00
      33009   1375.333      3.345      3.368    28.2408    28.2407   5.369861   5.369835     3.1404     2.6752      81.64   29.20494  -85.64664    0.00011   -0.00122         10  0.000e+00
      33010   1375.375      3.360      3.383    28.2405    28.2407   5.369953   5.369881     3.1404     2.6752      81.64   29.20494  -85.64664    0.00007   -0.00119         10  0.000e+00
      33011   1375.417      3.360      3.383    28.2405    28.2413   5.370121   5.369943     3.1404     2.6764      81.64   29.20494  -85.64664    0.00003   -0.00115         10  0.000e+00
      33012   1375.458      3.398      3.421    28.2403    28.2418   5.370151   5.370044     3.1404     2.6764      81.64   29.20494  -85.64664    0.00001   -0.00108         10  0.000e+00
      33013   1375.500      3.360      3.383    28.2401    28.2420   5.370098   5.370028     3.1404     2.6777      81.64   29.20494  -85.64664   -0.00003   -0.00100         10  0.000e+00
      33014   1375.542      3.360      3.383    28.2403    28.2422   5.370060   5.370020     3.1404     2.6777      81.64   29.20494  -85.64664   -0.00005   -0.00091         10  0.000e+00
      33015   1375.583      3.345      3.368    28.2405    28.2422   5.370029   5.370013     3.1404     2.6777      81.64   29.20494  -85.64664   -0.00007   -0.00083         10  0.000e+00
      33016   1375.625      3.360      3.383    28.2410    28.2426   5.369930   5.370020     3.1392     2.6777      81.64   29.20494  -85.64664   -0.00011   -0.00075         10  0.000e+00
      33017   1375.667      3.398      3.421    28.2408    28.2423   5.369922   5.370144     3.1392     2.6777      81.64   29.20494  -85.64664   -0.00016   -0.00066         10  0.000e+00
      33018   1375.708      3.360      3.383    28.2412    28.2420   5.369907   5.370198     3.1392     2.6777      81.64   29.20494  -85.64664   -0.00018   -0.00058         10  0.000e+00
      33019   1375.750      3.413      3.436    28.2410    28.2420   5.369884   5.370206     3.1392     2.6777      81.64   29.20494  -85.64664   -0.00021   -0.00049         10  0.000e+00
      33020   1375.792      3.398      3.421    28.2410    28.2420   5.369915   5.370222     3.1392     2.6777      81.64   29.20494  -85.64664   -0.00024   -0.00041         10  0.000e+00
      33021   1375.833      3.360      3.383    28.2405    28.2422   5.369976   5.370206     3.1392     2.6777      81.64   29.20494  -85.64664   -0.00026   -0.00032         10  0.000e+00
      33022   1375.875      3.398      3.421    28.2403    28.2419   5.370037   5.370121     3.1392     2.6764      81.64   29.20494  -85.64664   -0.00029   -0.00025         10  0.000e+00
      33023   1375.917      3.360      3.383    28.2405    28.2420   5.369991   5.370113     3.1392     2.6764      81.64   29.20494  -85.64664   -0.00032   -0.00020         10  0.000e+00
      33024   1375.958      3.413      3.436    28.2405    28.2420   5.370022   5.370098     3.1392     2.6764      81.64   29.20494  -85.64664   -0.00035   -0.00015         10  0.000e+00
      33025   1376.000      3.345      3.368    28.2405    28.2417   5.369953   5.370005     3.1380     2.6764      81.71   29.20494  -85.64664   -0.00037   -0.00009         10  0.000e+00
      33026   1376.042      3.413      3.436    28.2405    28.2416   5.369907   5.370005     3.1392     2.6764      81.73   29.20494  -85.64664   -0.00038   -0.00004         10  0.000e+00
      33027   1376.083      3.307      3.330    28.2399    28.2418   5.369884   5.370020     3.1392     2.6764      81.76   29.20494  -85.64664   -0.00039    0.00001         10  0.000e+00
      33028   1376.125      3.458      3.482    28.2399    28.2415   5.369815   5.369989     3.1392     2.6764      81.73   29.20494  -85.64664   -0.00040    0.00007         10  0.000e+00
      33029   1376.167      3.413      3.436    28.2397    28.2416   5.369808   5.369966     3.1380     2.6764      81.73   29.20494  -85.64664   -0.00043    0.00010         10  0.000e+00
      33030   1376.208      3.398      3.421    28.2397    28.2418   5.369770   5.369974     3.1380     2.6764      81.73   29.20494  -85.64664   -0.00044    0.00014         10  0.000e+00
      33031   1376.250      3.360      3.383    28.2401    28.2419   5.369800   5.370028     3.1380     2.6752      81.73   29.20494  -85.64664   -0.00045    0.00016         10  0.000e+00
      33032   1376.292      3.360      3.383    28.2397    28.2422   5.369770   5.370067     3.1380     2.6752      81.73   29.20494  -85.64664   -0.00046    0.00018         10  0.000e+00
      33033   1376.333      3.398      3.421    28.2397    28.2423   5.369777   5.370121     3.1380     2.6752      81.73   29.20494  -85.64664   -0.00047    0.00020         10  0.000e+00
      33034   1376.375      3.360      3.383    28.2399    28.2424   5.369739   5.370121     3.1380     2.6752      81.73   29.20494  -85.64664   -0.00047    0.00020         10  0.000e+00
      33035   1376.417      3.398      3.421    28.2397    28.2422   5.369747   5.370036     3.1380     2.6752      81.73   29.20494  -85.64664   -0.00048    0.00020         10  0.000e+00
      33036   1376.458      3.360      3.383    28.2399    28.2422   5.369762   5.370020     3.1368     2.6752      81.73   29.20494  -85.64664   -0.00050    0.00020         10  0.000e+00
      33037   1376.500      3.360      3.383    28.2401    28.2420   5.369785   5.370028     3.1380     2.6752      81.73   29.20494  -85.64664   -0.00049    0.00020         10  0.000e+00
      33038   1376.542      3.345      3.368    28.2399    28.2420   5.369793   5.370044     3.1368     2.6752      81.73   29.20494  -85.64664   -0.00049    0.00021         10  0.000e+00
      33039   1376.583      3.360      3.383    28.2401    28.2420   5.369770   5.370067     3.1368     2.6752      81.73   29.20494  -85.64664   -0.00049    0.00021         10  0.000e+00
      33040   1376.625      3.345      3.368    28.2399    28.2420   5.369754   5.370051     3.1368     2.6752      81.73   29.20494  -85.64664   -0.00049    0.00019         10  0.000e+00
      33041   1376.667      3.360      3.383    28.2399    28.2422   5.369754   5.370067     3.1368     2.6764      81.73   29.20494  -85.64664   -0.00049    0.00019         10  0.000e+00
      33042   1376.708      3.307      3.330    28.2399    28.2422   5.369762   5.370121     3.1355     2.6764      81.73   29.20494  -85.64664   -0.00050    0.00020         10  0.000e+00
      33043   1376.750      3.345      3.368    28.2397    28.2422   5.369754   5.370090     3.1368     2.6764      81.73   29.20494  -85.64664   -0.00050    0.00020         10  0.000e+00
      33044   1376.792      3.360      3.383    28.2399    28.2423   5.369731   5.370121     3.1368     2.6764      81.76   29.20494  -85.64664   -0.00049    0.00018         10  0.000e+00
      33045   1376.833      3.307      3.330    28.2399    28.2423   5.369747   5.370121     3.1368     2.6764      81.73   29.20494  -85.64664   -0.00049    0.00017         10  0.000e+00
      33313   1388.000      3.021      3.041    28.2414    28.2409   5.370083   5.369943     3.1392     2.6777      81.64   29.20494  -85.64664   -0.00026    0.00134         11  0.000e+00
      33314   1388.042      3.293      3.315    28.2412    28.2407   5.370067   5.369974     3.1392     2.6777      81.66   29.20494  -85.64664   -0.00021    0.00132         11  0.000e+00
      33315   1388.083      3.134      3.155    28.2414    28.2409   5.370075   5.369951     3.1392     2.6777      81.68   29.20494  -85.64664   -0.00017    0.00130         11  0.000e+00
      33316   1388.125      3.194      3.216    28.2410    28.2407   5.370197   5.369958     3.1392     2.6777      81.66   29.20494  -85.64664   -0.00012    0.00128         11  0.000e+00
      33317   1388.167      3.066      3.087    28.2412    28.2407   5.370289   5.370012     3.1392     2.6777      81.66   29.20494  -85.64664   -0.00007    0.00125         11  0.000e+00
      33318   1388.208      3.247      3.269    28.2414    28.2409   5.370388   5.369982     3.1392     2.6777      81.66   29.20494  -85.64664   -0.00002    0.00122         11  0.000e+00
      33319   1388.250      3.119      3.140    28.2412    28.2409   5.370487   5.369912     3.1392     2.6764      81.66   29.20494  -85.64664    0.00002    0.00118         11  0.000e+00
      33320   1388.292      3.194      3.216    28.2416    28.2409   5.370487   5.369811     3.1404     2.6777      81.66   29.20494  -85.64664    0.00009    0.00114         11  0.000e+00
      33321   1388.333      3.134      3.155    28.2416    28.2408   5.370503   5.369865     3.1404     2.6777      81.66   29.20494  -85.64664    0.00014    0.00111         11  0.000e+00
      33322   1388.375      3.179      3.201    28.2421    28.2409   5.370442   5.369873     3.1392     2.6764      81.66   29.20494  -85.64664    0.00017    0.00105         11  0.000e+00
      33323   1388.417      3.247      3.269    28.2421    28.2409   5.370197   5.369951     3.1392     2.6777      81.66   29.20494  -85.64664    0.00020    0.00101         11  0.000e+00
      33324   1388.458      3.194      3.216    28.2416    28.2408   5.369907   5.369951     3.1380     2.6764      81.66   29.20494  -85.64664    0.00021    0.00096         11  0.000e+00
      33325   1388.500      3.232      3.254    28.2414    28.2412   5.369785   5.369989     3.1392     2.6752      81.66   29.20494  -85.64664    0.00024    0.00089         11  0.000e+00
      33326   1388.542      3.194      3.216    28.2414    28.2414   5.369785   5.370059     3.1392     2.6752      81.66   29.20494  -85.64664    0.00026    0.00083         11  0.000e+00
      33327   1388.583      3.293      3.315    28.2412    28.2415   5.369762   5.370090     3.1392     2.6752      81.66   29.20494  -85.64664    0.00027    0.00077         11  0.000e+00
      33328   1388.625      3.247      3.269    28.2410    28.2418   5.369693   5.370113     3.1392     2.6740      81.66   29.20494  -85.64664    0.00028    0.00068         11  0.000e+00
      33329   1388.667      3.247      3.269    28.2410    28.2420   5.369762   5.370136     3.1392     2.6740      81.66   29.20494  -85.64664    0.00029    0.00062         11  0.000e+00
      33330   1388.708      3.293      3.315    28.2412    28.2419   5.369808   5.370121     3.1392     2.6740      81.66   29.20494  -85.64664    0.00029    0.00055         11  0.000e+00
      33331   1388.750      3.308      3.330    28.2412    28.2416   5.369899   5.370067     3.1392     2.6740      81.68   29.20494  -85.64664    0.00028    0.00050         11  0.000e+00
      33332   1388.792      3.293      3.315    28.2412    28.2412   5.369960   5.369966     3.1392     2.6740      81.66   29.20494  -85.64664    0.00027    0.00045         11  0.000e+00
      33333   1388.833      3.361      3.383    28.2419    28.2413   5.370052   5.369966     3.1392     2.6740      81.66   29.20494  -85.64664    0.00027    0.00040         11  0.000e+00
      33334   1388.875      3.361      3.383    28.2421    28.2410   5.370167   5.369935     3.1392     2.6740      81.66   29.20494  -85.64664    0.00026    0.00037         11  0.000e+00
      33335   1388.917      3.345      3.368    28.2425    28.2412   5.370289   5.369966     3.1392     2.6740      81.66   29.20494  -85.64664    0.00025    0.00034         11  0.000e+00
      33336   1388.958      3.413      3.437    28.2419    28.2411   5.370106   5.370028     3.1392     2.6740      81.66   29.20494  -85.64664    0.00024    0.00032         11  0.000e+00
      33337   1389.000      3.361      3.383    28.2408    28.2418   5.369686   5.370129     3.1392     2.6740      81.66   29.20494  -85.64664    0.00024    0.00031         11  0.000e+00
      33338   1389.042      3.459      3.482    28.2397    28.2420   5.369311   5.370113     3.1404     2.6740      81.66   29.20494  -85.64664    0.00027    0.00031         11  0.000e+00
      33339   1389.083      3.413      3.437    28.2388    28.2422   5.369121   5.370144     3.1404     2.6740      81.66   29.20494  -85.64664    0.00029    0.00031         11  0.000e+00
      33340   1389.125      3.398      3.421    28.2390    28.2422   5.369212   5.370113     3.1404     2.6740      81.68   29.20494  -85.64664    0.00031    0.00032         11  0.000e+00
      33341   1389.167      3.474      3.498    28.2395    28.2422   5.369273   5.370044     3.1404     2.6740      81.66   29.20494  -85.64664    0.00034    0.00032         11  0.000e+00
      33342   1389.208      3.474      3.498    28.2392    28.2419   5.369258   5.370028     3.1404     2.6752      81.66   29.20494  -85.64664    0.00037    0.00036         11  0.000e+00
      33343   1389.250      3.459      3.482    28.2397    28.2420   5.369403   5.370013     3.1404     2.6752      81.66   29.20494  -85.64664    0.00041    0.00041         11  0.000e+00
