GOMECC/GOMECC-4/1db/rb2103_0471.ros
* Sea-Bird SBE 9 Data File:
* FileName = C:\Users\scs.user.rb\CTD\GOMECC4\data\rb2103_0471.hex
* Software Version Seasave V 7.26.7.107
* Temperature SN = 4799
* Conductivity SN = 3860
* Number of Bytes Per Scan = 41
* Number of Voltage Words = 4
* Number of Scans Averaged by the Deck Unit = 1
* NMEA Latitude = 28 52.63 N
* NMEA Longitude = 090 26.77 W
* NMEA UTC (Time) = Sep 26 2021  15:48:23
* NMEA baud rate = 4800
# nquan = 17
# nvalues = 931                                   
# units = specified
# name 0 = scan: Scan Count
# name 1 = timeS: Time, Elapsed [seconds]
# name 2 = depSM: Depth [salt water, m]
# name 3 = prDM: Pressure, Digiquartz [db]
# name 4 = t090C: Temperature [ITS-90, deg C]
# name 5 = t190C: Temperature, 2 [ITS-90, deg C]
# name 6 = c0S/m: Conductivity [S/m]
# name 7 = c1S/m: Conductivity, 2 [S/m]
# name 8 = sbeox0V: Oxygen raw, SBE 43 [V]
# name 9 = sbeox1V: Oxygen raw, SBE 43, 2 [V]
# name 10 = altM: Altimeter [m]
# name 11 = latitude: Latitude [deg]
# name 12 = longitude: Longitude [deg]
# name 13 = sbox0dV/dT: Oxygen, SBE 43 [dov/dt]
# name 14 = sbox1dV/dT: Oxygen, SBE 43, 2 [dov/dt]
# name 15 = nbf: Bottles Fired
# name 16 = flag:  0.000e+00
# interval = seconds: 0.0416667
# start_time = Sep 26 2021 15:48:23 [NMEA time, header]
# bad_flag = -9.990e-29
*END*
[from data line 86]
      10981    457.500     16.559     16.672    27.9599    28.1003   4.799848   4.876339     2.2747     1.7521       4.10   28.87740  -90.44648   -0.01106   -0.07876          1  0.000e+00
      10982    457.542     16.582     16.695    27.9740    28.0964   4.808346   4.872966     2.2759     1.7582       4.10   28.87740  -90.44648   -0.01119   -0.07619          1  0.000e+00
      10983    457.583     16.559     16.672    27.9921    28.0934   4.815362   4.872401     2.2784     1.7619       4.10   28.87740  -90.44648   -0.01128   -0.07354          1  0.000e+00
      10984    457.625     16.559     16.672    28.0017    28.0926   4.821192   4.875314     2.2796     1.7668       4.10   28.87740  -90.44648   -0.01131   -0.07079          1  0.000e+00
      10985    457.667     16.582     16.695    28.0133    28.0964   4.825061   4.880428     2.2808     1.7717       4.10   28.87740  -90.44648   -0.01130   -0.06795          1  0.000e+00
      10986    457.708     16.559     16.672    28.0241    28.0971   4.826463   4.881328     2.2833     1.7753       4.08   28.87740  -90.44648   -0.01121   -0.06504          1  0.000e+00
      10987    457.750     16.582     16.695    28.0295    28.0942   4.827332   4.878027     2.2845     1.7802       4.05   28.87740  -90.44648   -0.01108   -0.06204          1  0.000e+00
      10988    457.792     16.612     16.725    28.0286    28.0941   4.828508   4.877023     2.2869     1.7839       4.08   28.87742  -90.44648   -0.01088   -0.05895          1  0.000e+00
      10989    457.833     16.612     16.725    28.0297    28.1003   4.829436   4.881826     2.2882     1.7875       4.08   28.87742  -90.44648   -0.01065   -0.05579          1  0.000e+00
      10990    457.875     16.635     16.748    28.0296    28.1087   4.831240   4.884986     2.2906     1.7924       4.08   28.87742  -90.44648   -0.01035   -0.05255          1  0.000e+00
      10991    457.917     16.612     16.725    28.0305    28.1083   4.831328   4.878428     2.2930     1.7961       4.08   28.87742  -90.44648   -0.00998   -0.04924          1  0.000e+00
      10992    457.958     16.612     16.725    28.0327    28.0944   4.827412   4.868590     2.2943     1.7998       4.08   28.87742  -90.44648   -0.00959   -0.04587          1  0.000e+00
      10993    458.000     16.582     16.695    28.0253    28.0883   4.821148   4.863942     2.2967     1.8022       4.08   28.87742  -90.44648   -0.00912   -0.04245          1  0.000e+00
      10994    458.042     16.665     16.778    28.0184    28.0850   4.817412   4.858338     2.2979     1.8059       4.05   28.87742  -90.44648   -0.00862   -0.03897          1  0.000e+00
      10995    458.083     16.665     16.778    28.0164    28.0767   4.816303   4.852469     2.3004     1.8095       4.08   28.87742  -90.44648   -0.00805   -0.03541          1  0.000e+00
      10996    458.125     16.635     16.748    28.0175    28.0734   4.816923   4.850867     2.3028     1.8132       4.05   28.87742  -90.44648   -0.00744   -0.03179          1  0.000e+00
      10997    458.167     16.612     16.725    28.0228    28.0730   4.819163   4.851312     2.3053     1.8156       4.08   28.87742  -90.44648   -0.00677   -0.02812          1  0.000e+00
      10998    458.208     16.725     16.839    28.0253    28.0773   4.822177   4.852521     2.3065     1.8193       4.08   28.87742  -90.44648   -0.00606   -0.02438          1  0.000e+00
      10999    458.250     16.635     16.748    28.0323    28.0811   4.827245   4.854168     2.3101     1.8217       4.05   28.87742  -90.44648   -0.00527   -0.02061          1  0.000e+00
      11000    458.292     16.725     16.839    28.0539    28.0807   4.840068   4.855822     2.3114     1.8242       4.08   28.87742  -90.44648   -0.00448   -0.01682          1  0.000e+00
      11001    458.333     16.665     16.778    28.0966    28.0848   4.861340   4.867395     2.3138     1.8266       4.05   28.87742  -90.44648   -0.00362   -0.01299          1  0.000e+00
      11002    458.375     16.695     16.809    28.1331    28.1273   4.879775   4.900385     2.3162     1.8291       4.08   28.87742  -90.44648   -0.00272   -0.00913          1  0.000e+00
      11003    458.417     16.725     16.839    28.1563    28.1815   4.888640   4.933976     2.3175     1.8315       4.08   28.87742  -90.44648   -0.00180   -0.00523          1  0.000e+00
      11004    458.458     16.665     16.778    28.1697    28.2145   4.890270   4.951256     2.3199     1.8327       4.08   28.87742  -90.44648   -0.00083   -0.00134          1  0.000e+00
      11005    458.500     16.748     16.862    28.1779    28.2313   4.892935   4.956261     2.3223     1.8352       4.08   28.87742  -90.44648    0.00017    0.00259          1  0.000e+00
      11006    458.542     16.725     16.839    28.1828    28.2224   4.894088   4.957526     2.3248     1.8364       4.08   28.87742  -90.44648    0.00121    0.00649          1  0.000e+00
      11007    458.583     16.725     16.839    28.1839    28.2047   4.895381   4.948078     2.3260     1.8388       4.08   28.87742  -90.44648    0.00229    0.01041          1  0.000e+00
      11008    458.625     16.748     16.862    28.1856    28.2060   4.898305   4.939086     2.3297     1.8400       4.05   28.87742  -90.44648    0.00343    0.01432          1  0.000e+00
      11009    458.667     16.725     16.839    28.1897    28.2163   4.898702   4.942665     2.3297     1.8413       4.00   28.87742  -90.44648    0.00456    0.01822          1  0.000e+00
      11010    458.708     16.778     16.892    28.1938    28.2252   4.902229   4.950718     2.3321     1.8425       3.93   28.87742  -90.44648    0.00572    0.02209          1  0.000e+00
      11011    458.750     16.748     16.862    28.1967    28.2305   4.909706   4.955528     2.3346     1.8425       3.91   28.87742  -90.44648    0.00691    0.02590          1  0.000e+00
      11012    458.792     16.725     16.839    28.1995    28.2340   4.917122   4.957526     2.3358     1.8437       3.91   28.87740  -90.44648    0.00810    0.02968          1  0.000e+00
      11013    458.833     16.778     16.892    28.2015    28.2355   4.921951   4.958641     2.3382     1.8437       3.91   28.87740  -90.44648    0.00934    0.03338          1  0.000e+00
      11014    458.875     16.801     16.915    28.2031    28.2370   4.924359   4.959846     2.3382     1.8449       3.91   28.87740  -90.44648    0.01057    0.03702          1  0.000e+00
      11015    458.917     16.778     16.892    28.2040    28.2378   4.925412   4.960984     2.3394     1.8449       3.91   28.87740  -90.44648    0.01181    0.04058          1  0.000e+00
      11016    458.958     16.801     16.915    28.2044    28.2385   4.925574   4.961980     2.3407     1.8462       3.91   28.87740  -90.44648    0.01304    0.04406          1  0.000e+00
      11017    459.000     16.778     16.892    28.2039    28.2388   4.924697   4.962811     2.3419     1.8462       3.91   28.87740  -90.44648    0.01427    0.04744          1  0.000e+00
      11018    459.042     16.778     16.892    28.2015    28.2390   4.920979   4.963574     2.3431     1.8462       3.91   28.87740  -90.44648    0.01552    0.05070          1  0.000e+00
      11019    459.083     16.801     16.915    28.1823    28.2398   4.907258   4.964286     2.3443     1.8474       3.91   28.87740  -90.44648    0.01677    0.05385          1  0.000e+00
      11020    459.125     16.839     16.953    28.1603    28.2399   4.893758   4.964937     2.3443     1.8462       3.91   28.87740  -90.44648    0.01799    0.05685          1  0.000e+00
      11021    459.167     16.778     16.892    28.1662    28.2403   4.911435   4.965401     2.3455     1.8474       3.91   28.87740  -90.44648    0.01919    0.05971          1  0.000e+00
      11022    459.208     16.861     16.976    28.2007    28.2406   4.951555   4.965634     2.3468     1.8474       3.91   28.87740  -90.44648    0.02037    0.06242          1  0.000e+00
      11023    459.250     16.839     16.953    28.2276    28.2407   4.985074   4.965678     2.3468     1.8474       3.91   28.87740  -90.44648    0.02152    0.06494          1  0.000e+00
      11024    459.292     16.778     16.892    28.2428    28.2407   5.005971   4.965356     2.3480     1.8474       3.91   28.87740  -90.44648    0.02265    0.06731          1  0.000e+00
      11025    459.333     16.861     16.976    28.2509    28.2406   5.016497   4.964630     2.3480     1.8486       3.91   28.87740  -90.44648    0.02373    0.06950          1  0.000e+00
      11026    459.375     16.839     16.953    28.2549    28.2405   5.017677   4.963514     2.3492     1.8486       3.91   28.87740  -90.44648    0.02478    0.07150          1  0.000e+00
      11027    459.417     16.839     16.953    28.2569    28.2401   5.013136   4.962242     2.3492     1.8486       3.91   28.87740  -90.44648    0.02576    0.07330          1  0.000e+00
      11128    463.625     16.498     16.611    27.9661    28.0114   4.796620   4.826406     2.2967     1.8681       4.13   28.87742  -90.44648   -0.02570    0.00218          2  0.000e+00
      11129    463.667     16.521     16.634    27.9603    28.0143   4.794989   4.827612     2.2991     1.8706       4.10   28.87742  -90.44648   -0.02347    0.00396          2  0.000e+00
      11130    463.708     16.559     16.672    27.9562    28.0157   4.794173   4.826998     2.3016     1.8730       4.10   28.87742  -90.44648   -0.02121    0.00578          2  0.000e+00
      11131    463.750     16.498     16.611    27.9556    28.0081   4.794392   4.824201     2.3053     1.8755       4.08   28.87742  -90.44648   -0.01887    0.00762          2  0.000e+00
      11132    463.792     16.582     16.694    27.9588    27.9959   4.794843   4.819955     2.3077     1.8767       4.08   28.87740  -90.44648   -0.01648    0.00947          2  0.000e+00
      11133    463.833     16.559     16.672    27.9614    27.9911   4.795200   4.819637     2.3101     1.8791       4.10   28.87740  -90.44648   -0.01404    0.01135          2  0.000e+00
      11134    463.875     16.612     16.725    27.9638    27.9918   4.796934   4.824586     2.3114     1.8816       4.10   28.87740  -90.44648   -0.01157    0.01324          2  0.000e+00
      11135    463.917     16.521     16.634    27.9676    28.0044   4.799709   4.832187     2.3150     1.8840       4.10   28.87740  -90.44648   -0.00906    0.01514          2  0.000e+00
      11136    463.958     16.612     16.725    27.9709    28.0260   4.802777   4.839897     2.3175     1.8852       4.10   28.87740  -90.44648   -0.00651    0.01702          2  0.000e+00
      11137    464.000     16.612     16.725    27.9789    28.0464   4.806195   4.844551     2.3187     1.8877       4.10   28.87740  -90.44648   -0.00395    0.01892          2  0.000e+00
      11138    464.042     16.582     16.694    27.9837    28.0466   4.808477   4.845092     2.3211     1.8901       4.10   28.87740  -90.44648   -0.00136    0.02080          2  0.000e+00
      11139    464.083     16.612     16.725    27.9862    28.0447   4.809425   4.845618     2.3223     1.8926       4.10   28.87740  -90.44648    0.00124    0.02266          2  0.000e+00
      11140    464.125     16.612     16.725    27.9895    28.0508   4.809038   4.847397     2.3248     1.8938       4.10   28.87740  -90.44648    0.00387    0.02450          2  0.000e+00
      11141    464.167     16.634     16.748    27.9904    28.0550   4.806691   4.848458     2.3272     1.8950       4.10   28.87740  -90.44648    0.00650    0.02630          2  0.000e+00
      11142    464.208     16.612     16.725    27.9886    28.0627   4.803155   4.849540     2.3297     1.8974       4.08   28.87740  -90.44648    0.00913    0.02806          2  0.000e+00
      11143    464.250     16.665     16.778    27.9851    28.0692   4.800306   4.849799     2.3321     1.8987       4.08   28.87740  -90.44648    0.01176    0.02977          2  0.000e+00
      11144    464.292     16.634     16.748    27.9829    28.0629   4.800831   4.845640     2.3321     1.8999       4.10   28.87740  -90.44648    0.01436    0.03144          2  0.000e+00
      11145    464.333     16.665     16.778    27.9860    28.0495   4.802310   4.841727     2.3346     1.9011       4.08   28.87740  -90.44648    0.01696    0.03304          2  0.000e+00
      11146    464.375     16.634     16.748    27.9833    28.0418   4.800438   4.839349     2.3370     1.9035       4.10   28.87740  -90.44648    0.01954    0.03459          2  0.000e+00
      11147    464.417     16.665     16.778    27.9767    28.0302   4.797567   4.836667     2.3382     1.9048       4.10   28.87740  -90.44648    0.02210    0.03610          2  0.000e+00
      11148    464.458     16.725     16.839    27.9730    28.0247   4.796409   4.836127     2.3407     1.9060       4.10   28.87740  -90.44648    0.02464    0.03754          2  0.000e+00
      11149    464.500     16.695     16.808    27.9745    28.0269   4.796016   4.840712     2.3419     1.9072       4.10   28.87740  -90.44648    0.02714    0.03891          2  0.000e+00
      11150    464.542     16.665     16.778    27.9767    28.0453   4.795411   4.849147     2.3431     1.9084       4.10   28.87740  -90.44648    0.02959    0.04021          2  0.000e+00
      11151    464.583     16.725     16.839    27.9747    28.0625   4.794967   4.855259     2.3443     1.9096       4.08   28.87740  -90.44648    0.03200    0.04145          2  0.000e+00
      11152    464.625     16.748     16.862    27.9756    28.0782   4.798602   4.858234     2.3468     1.9109       4.10   28.87740  -90.44648    0.03435    0.04262          2  0.000e+00
      11153    464.667     16.665     16.778    27.9977    28.0896   4.809731   4.861054     2.3480     1.9121       4.03   28.87740  -90.44648    0.03665    0.04373          2  0.000e+00
      11154    464.708     16.778     16.892    28.0248    28.0980   4.818871   4.866288     2.3492     1.9133       3.96   28.87740  -90.44648    0.03888    0.04476          2  0.000e+00
      11155    464.750     16.748     16.862    28.0347    28.1050   4.818601   4.870603     2.3504     1.9133       3.93   28.87740  -90.44648    0.04104    0.04570          2  0.000e+00
      11156    464.792     16.725     16.839    28.0264    28.1067   4.817404   4.870581     2.3504     1.9145       3.93   28.87742  -90.44648    0.04312    0.04659          2  0.000e+00
      11157    464.833     16.725     16.839    28.0235    28.1068   4.823316   4.869860     2.3529     1.9158       3.93   28.87742  -90.44648    0.04512    0.04740          2  0.000e+00
      11158    464.875     16.801     16.915    28.0455    28.1091   4.834886   4.868531     2.3553     1.9170       3.93   28.87742  -90.44648    0.04703    0.04814          2  0.000e+00
      11159    464.917     16.778     16.892    28.0696    28.1047   4.844624   4.868011     2.3553     1.9170       3.93   28.87742  -90.44648    0.04881    0.04880          2  0.000e+00
      11160    464.958     16.778     16.892    28.0918    28.1003   4.856610   4.877997     2.3565     1.9182       3.93   28.87742  -90.44648    0.05051    0.04941          2  0.000e+00
      11161    465.000     16.748     16.862    28.0941    28.1098   4.862835   4.901957     2.3565     1.9182       3.93   28.87742  -90.44648    0.05208    0.04991          2  0.000e+00
      11162    465.042     16.778     16.892    28.0766    28.1503   4.851076   4.927100     2.3578     1.9194       3.93   28.87742  -90.44648    0.05353    0.05036          2  0.000e+00
      11163    465.083     16.778     16.892    28.0464    28.1667   4.834184   4.940050     2.3590     1.9194       3.93   28.87742  -90.44648    0.05484    0.05072          2  0.000e+00
      11164    465.125     16.801     16.915    28.0283    28.1546   4.822805   4.937234     2.3590     1.9194       3.93   28.87742  -90.44648    0.05600    0.05103          2  0.000e+00
