GOMECC/GOMECC-4/1db/rb2103_0122.ros
* Sea-Bird SBE 9 Data File:
* FileName = C:\Users\scs.user.rb\CTD\GOMECC4\data\rb2103_0122.hex
* Software Version Seasave V 7.26.7.107
* Temperature SN = 4799
* Conductivity SN = 3860
* Number of Bytes Per Scan = 41
* Number of Voltage Words = 4
* Number of Scans Averaged by the Deck Unit = 1
* NMEA Latitude = 26 39.93 N
* NMEA Longitude = 085 00.17 W
* NMEA UTC (Time) = Sep 18 2021  13:28:43
* NMEA baud rate = 4800
# nquan = 17
# nvalues = 3192                                  
# units = specified
# name 0 = scan: Scan Count
# name 1 = timeS: Time, Elapsed [seconds]
# name 2 = depSM: Depth [salt water, m]
# name 3 = prDM: Pressure, Digiquartz [db]
# name 4 = t090C: Temperature [ITS-90, deg C]
# name 5 = t190C: Temperature, 2 [ITS-90, deg C]
# name 6 = c0S/m: Conductivity [S/m]
# name 7 = c1S/m: Conductivity, 2 [S/m]
# name 8 = sbeox0V: Oxygen raw, SBE 43 [V]
# name 9 = sbeox1V: Oxygen raw, SBE 43, 2 [V]
# name 10 = altM: Altimeter [m]
# name 11 = latitude: Latitude [deg]
# name 12 = longitude: Longitude [deg]
# name 13 = sbox0dV/dT: Oxygen, SBE 43 [dov/dt]
# name 14 = sbox1dV/dT: Oxygen, SBE 43, 2 [dov/dt]
# name 15 = nbf: Bottles Fired
# name 16 = flag:  0.000e+00
# interval = seconds: 0.0416667
# start_time = Sep 18 2021 13:28:43 [NMEA time, header]
# bad_flag = -9.990e-29
*END*
     101592   4232.958   3276.184   3323.739     4.3982     4.3992   3.426360   3.426311     1.7094     1.4054      10.57   26.66298  -85.00766    0.00002   -0.00000          1  0.000e+00
     101593   4233.000   3276.034   3323.586     4.3979     4.3992   3.426372   3.426311     1.7094     1.4054      10.62   26.66298  -85.00766    0.00002   -0.00000          1  0.000e+00
     101594   4233.042   3276.152   3323.707     4.3982     4.3994   3.426372   3.426331     1.7094     1.4054      10.62   26.66298  -85.00766    0.00002   -0.00000          1  0.000e+00
     101595   4233.083   3276.184   3323.739     4.3979     4.3990   3.426372   3.426292     1.7094     1.4054      10.62   26.66298  -85.00766    0.00002   -0.00000          1  0.000e+00
     101596   4233.125   3276.215   3323.772     4.3979     4.3992   3.426372   3.426298     1.7094     1.4054      10.60   26.66298  -85.00766    0.00001   -0.00000          1  0.000e+00
     101597   4233.167   3276.184   3323.739     4.3979     4.3992   3.426372   3.426285     1.7094     1.4054      10.60   26.66298  -85.00766    0.00001   -0.00000          1  0.000e+00
     101598   4233.208   3276.152   3323.707     4.3980     4.3992   3.426347   3.426324     1.7094     1.4054      10.62   26.66298  -85.00766    0.00001   -0.00000          1  0.000e+00
     101599   4233.250   3276.215   3323.772     4.3980     4.3992   3.426341   3.426318     1.7094     1.4054      10.62   26.66298  -85.00766    0.00001   -0.00000          1  0.000e+00
     101600   4233.292   3276.184   3323.740     4.3979     4.3994   3.426360   3.426324     1.7094     1.4054      10.62   26.66298  -85.00766    0.00000   -0.00000          1  0.000e+00
     101601   4233.333   3276.215   3323.772     4.3979     4.3994   3.426372   3.426311     1.7094     1.4054      10.62   26.66298  -85.00766    0.00000   -0.00000          1  0.000e+00
     101602   4233.375   3276.215   3323.772     4.3977     4.3992   3.426372   3.426311     1.7094     1.4054      10.62   26.66298  -85.00766   -0.00000   -0.00000          1  0.000e+00
     101603   4233.417   3276.184   3323.740     4.3977     4.3992   3.426372   3.426311     1.7082     1.4054      10.62   26.66298  -85.00766   -0.00002    0.00002          1  0.000e+00
     101604   4233.458   3276.216   3323.772     4.3980     4.3992   3.426372   3.426331     1.7094     1.4054      10.60   26.66298  -85.00766   -0.00002    0.00002          1  0.000e+00
     101605   4233.500   3276.216   3323.772     4.3979     4.3992   3.426372   3.426318     1.7094     1.4054      10.62   26.66298  -85.00766   -0.00003    0.00002          1  0.000e+00
     101606   4233.542   3276.184   3323.740     4.3979     4.3993   3.426372   3.426285     1.7094     1.4054      10.62   26.66298  -85.00766   -0.00003    0.00002          1  0.000e+00
     101607   4233.583   3276.279   3323.836     4.3979     4.3990   3.426372   3.426298     1.7094     1.4054      10.62   26.66298  -85.00766   -0.00003    0.00002          1  0.000e+00
     101608   4233.625   3276.184   3323.740     4.3980     4.3994   3.426372   3.426331     1.7094     1.4054      10.60   26.66298  -85.00766   -0.00003    0.00002          1  0.000e+00
     101609   4233.667   3276.279   3323.836     4.3979     4.3995   3.426372   3.426292     1.7094     1.4054      10.62   26.66298  -85.00766   -0.00003 5.1504e-13          1  0.000e+00
     101610   4233.708   3276.279   3323.836     4.3980     4.3992   3.426372   3.426350     1.7094     1.4054      10.62   26.66298  -85.00766   -0.00004 -1.030e-12          1  0.000e+00
     101611   4233.750   3276.247   3323.804     4.3980     4.3992   3.426347   3.426298     1.7094     1.4054      10.60   26.66298  -85.00766   -0.00004    0.00000          1  0.000e+00
     101612   4233.792   3276.216   3323.772     4.3979     4.3992   3.426385   3.426324     1.7094     1.4054      10.60   26.66298  -85.00764   -0.00004    0.00000          1  0.000e+00
     101613   4233.833   3276.279   3323.837     4.3977     4.3990   3.426379   3.426331     1.7094     1.4054      10.60   26.66298  -85.00764   -0.00002    0.00000          1  0.000e+00
     101614   4233.875   3276.247   3323.804     4.3982     4.3994   3.426347   3.426337     1.7094     1.4054      10.62   26.66298  -85.00764   -0.00001 5.1504e-13          1  0.000e+00
     101615   4233.917   3276.342   3323.901     4.3977     4.3994   3.426360   3.426344     1.7094     1.4042      10.60   26.66298  -85.00764   -0.00001   -0.00002          1  0.000e+00
     101616   4233.958   3276.247   3323.805     4.3980     4.3990   3.426372   3.426292     1.7094     1.4054      10.55   26.66298  -85.00764   -0.00001   -0.00002          1  0.000e+00
     101617   4234.000   3276.342   3323.901     4.3979     4.3992   3.426372   3.426324     1.7094     1.4054      10.55   26.66298  -85.00764   -0.00001   -0.00002          1  0.000e+00
     101618   4234.042   3276.342   3323.901     4.3979     4.3990   3.426372   3.426318     1.7094     1.4054      10.53   26.66298  -85.00764   -0.00001   -0.00002          1  0.000e+00
     101619   4234.083   3276.310   3323.869     4.3979     4.3992   3.426372   3.426311     1.7094     1.4054      10.53   26.66298  -85.00764    0.00000   -0.00002          1  0.000e+00
     101620   4234.125   3276.342   3323.901     4.3980     4.3994   3.426347   3.426331     1.7094     1.4054      10.55   26.66298  -85.00764    0.00000   -0.00002          1  0.000e+00
     101621   4234.167   3276.279   3323.837     4.3979     4.3992   3.426385   3.426318     1.7106     1.4054      10.55   26.66298  -85.00764    0.00002   -0.00002          1  0.000e+00
     101622   4234.208   3276.366   3323.925     4.3982     4.3990   3.426404   3.426311     1.7106     1.4054      10.53   26.66298  -85.00764    0.00003   -0.00001          1  0.000e+00
     101623   4234.250   3276.342   3323.901     4.3980     4.3995   3.426353   3.426311     1.7094     1.4054      10.53   26.66298  -85.00764    0.00003   -0.00001          1  0.000e+00
     101624   4234.292   3276.366   3323.925     4.3982     4.3992   3.426360   3.426356     1.7094     1.4054      10.55   26.66298  -85.00764    0.00003   -0.00001          1  0.000e+00
     101625   4234.333   3276.397   3323.958     4.3980     4.3992   3.426392   3.426292     1.7094     1.4054      10.53   26.66298  -85.00764    0.00003   -0.00001          1  0.000e+00
     101626   4234.375   3276.342   3323.901     4.3980     4.3990   3.426379   3.426273     1.7094     1.4054      10.53   26.66298  -85.00764    0.00003   -0.00001          1  0.000e+00
     101627   4234.417   3276.429   3323.990     4.3979     4.3994   3.426372   3.426279     1.7094     1.4054      10.55   26.66298  -85.00764    0.00002   -0.00001          1  0.000e+00
     101628   4234.458   3276.342   3323.901     4.3980     4.3992   3.426392   3.426324     1.7094     1.4054      10.53   26.66298  -85.00764    0.00002   -0.00001          1  0.000e+00
     101629   4234.500   3276.460   3324.022     4.3982     4.3990   3.426379   3.426292     1.7094     1.4054      10.55   26.66298  -85.00764    0.00002   -0.00001          1  0.000e+00
     101630   4234.542   3276.366   3323.926     4.3979     4.3991   3.426392   3.426279     1.7094     1.4054      10.53   26.66298  -85.00764    0.00002   -0.00001          1  0.000e+00
     101631   4234.583   3276.460   3324.022     4.3980     4.3994   3.426379   3.426324     1.7094     1.4054      10.53   26.66298  -85.00764    0.00002   -0.00001          1  0.000e+00
     101632   4234.625   3276.429   3323.990     4.3980     4.3992   3.426392   3.426344     1.7094     1.4054      10.55   26.66298  -85.00764    0.00002   -0.00001          1  0.000e+00
     101633   4234.667   3276.461   3324.022     4.3980     4.3994   3.426404   3.426318     1.7094     1.4054      10.55   26.66298  -85.00764    0.00001   -0.00001          1  0.000e+00
     101634   4234.708   3276.461   3324.022     4.3980     4.3992   3.426404   3.426331     1.7094     1.4042      10.53   26.66298  -85.00764    0.00001   -0.00003          1  0.000e+00
     101635   4234.750   3276.492   3324.055     4.3980     4.3992   3.426379   3.426318     1.7094     1.4054      10.55   26.66298  -85.00764    0.00001   -0.00003          1  0.000e+00
     101636   4234.792   3276.461   3324.022     4.3979     4.3992   3.426347   3.426331     1.7094     1.4054      10.53   26.66298  -85.00764    0.00001   -0.00003          1  0.000e+00
     101637   4234.833   3276.461   3324.022     4.3980     4.3994   3.426385   3.426318     1.7094     1.4042      10.53   26.66298  -85.00764    0.00001   -0.00004          1  0.000e+00
     101638   4234.875   3276.555   3324.119     4.3979     4.3992   3.426404   3.426324     1.7094     1.4054      10.53   26.66298  -85.00764    0.00001   -0.00004          1  0.000e+00
     101639   4234.917   3276.461   3324.023     4.3981     4.3992   3.426404   3.426311     1.7094     1.4054      10.53   26.66298  -85.00764    0.00000   -0.00004          1  0.000e+00
     101640   4234.958   3276.555   3324.119     4.3979     4.3992   3.426379   3.426331     1.7094     1.4054      10.43   26.66298  -85.00764    0.00000   -0.00004          1  0.000e+00
     101641   4235.000   3276.524   3324.087     4.3980     4.3992   3.426347   3.426318     1.7094     1.4054      10.38   26.66298  -85.00764 1.7585e-07   -0.00004          1  0.000e+00
     101642   4235.042   3276.524   3324.087     4.3980     4.3994   3.426411   3.426331     1.7082     1.4054      10.35   26.66298  -85.00764   -0.00002   -0.00004          1  0.000e+00
     101643   4235.083   3276.555   3324.119     4.3982     4.3992   3.426385   3.426344     1.7094     1.4054      10.35   26.66298  -85.00764   -0.00002   -0.00004          1  0.000e+00
     101644   4235.125   3276.524   3324.087     4.3980     4.3992   3.426373   3.426344     1.7094     1.4054      10.35   26.66298  -85.00764   -0.00004   -0.00004          1  0.000e+00
     101645   4235.167   3276.524   3324.087     4.3977     4.3994   3.426392   3.426344     1.7094     1.4054      10.35   26.66298  -85.00764   -0.00004   -0.00003          1  0.000e+00
     101646   4235.208   3276.611   3324.176     4.3982     4.3994   3.426404   3.426344     1.7094     1.4054      10.35   26.66298  -85.00764   -0.00004   -0.00003          1  0.000e+00
     101647   4235.250   3276.587   3324.152     4.3980     4.3990   3.426379   3.426344     1.7094     1.4054      10.35   26.66298  -85.00764   -0.00004   -0.00003          1  0.000e+00
     101648   4235.292   3276.611   3324.176     4.3979     4.3992   3.426392   3.426318     1.7082     1.4054      10.35   26.66298  -85.00764   -0.00006   -0.00003          1  0.000e+00
     101649   4235.333   3276.587   3324.152     4.3979     4.3992   3.426404   3.426331     1.7094     1.4054      10.38   26.66298  -85.00764   -0.00005   -0.00003          1  0.000e+00
     101650   4235.375   3276.587   3324.152     4.3980     4.3992   3.426379   3.426331     1.7094     1.4054      10.38   26.66298  -85.00764   -0.00003   -0.00003          1  0.000e+00
     101651   4235.417   3276.611   3324.176     4.3980     4.3992   3.426373   3.426337     1.7094     1.4054      10.35   26.66298  -85.00764   -0.00003   -0.00003          1  0.000e+00
     101652   4235.458   3276.650   3324.216     4.3982     4.3994   3.426373   3.426344     1.7094     1.4054      10.35   26.66298  -85.00764   -0.00003   -0.00003          1  0.000e+00
     101653   4235.500   3276.611   3324.176     4.3979     4.3992   3.426373   3.426344     1.7094     1.4054      10.35   26.66298  -85.00764   -0.00003   -0.00003          1  0.000e+00
     101654   4235.542   3276.650   3324.216     4.3980     4.3994   3.426392   3.426344     1.7094     1.4054      10.35   26.66298  -85.00764   -0.00003   -0.00003          1  0.000e+00
     101655   4235.583   3276.587   3324.152     4.3980     4.3991   3.426353   3.426292     1.7094     1.4054      10.35   26.66298  -85.00764   -0.00003   -0.00002          1  0.000e+00
     101656   4235.625   3276.674   3324.240     4.3980     4.3994   3.426360   3.426324     1.7094     1.4054      10.38   26.66298  -85.00764   -0.00004   -0.00002          1  0.000e+00
     101657   4235.667   3276.650   3324.216     4.3982     4.3992   3.426373   3.426344     1.7094     1.4054      10.35   26.66298  -85.00764   -0.00004   -0.00002          1  0.000e+00
     101658   4235.708   3276.650   3324.216     4.3980     4.3994   3.426392   3.426363     1.7094     1.4054      10.35   26.66298  -85.00764   -0.00004   -0.00002          1  0.000e+00
     101659   4235.750   3276.674   3324.241     4.3982     4.3992   3.426353   3.426350     1.7094     1.4054      10.35   26.66298  -85.00764   -0.00004   -0.00002          1  0.000e+00
     101660   4235.792   3276.650   3324.216     4.3982     4.3994   3.426385   3.426344     1.7094     1.4054      10.38   26.66298  -85.00766   -0.00004   -0.00002          1  0.000e+00
     101661   4235.833   3276.737   3324.305     4.3982     4.3994   3.426404   3.426344     1.7106     1.4054      10.38   26.66298  -85.00766   -0.00002   -0.00002          1  0.000e+00
     101662   4235.875   3276.650   3324.217     4.3980     4.3992   3.426353   3.426344     1.7094     1.4054      10.35   26.66298  -85.00766   -0.00002   -0.00002          1  0.000e+00
     101663   4235.917   3276.650   3324.217     4.3980     4.3994   3.426360   3.426331     1.7094     1.4054      10.35   26.66298  -85.00766   -0.00002   -0.00002          1  0.000e+00
     101664   4235.958   3276.737   3324.305     4.3980     4.3994   3.426392   3.426337     1.7094     1.4054      10.23   26.66298  -85.00766   -0.00002   -0.00001          1  0.000e+00
     101665   4236.000   3276.706   3324.273     4.3980     4.3994   3.426404   3.426318     1.7094     1.4054      10.16   26.66298  -85.00766   -0.00003   -0.00001          1  0.000e+00
     101666   4236.042   3276.651   3324.217     4.3980     4.3992   3.426404   3.426311     1.7094     1.4054      10.16   26.66298  -85.00766   -0.00003   -0.00001          1  0.000e+00
     101667   4236.083   3276.674   3324.241     4.3980     4.3992   3.426404   3.426331     1.7094     1.4054      10.16   26.66298  -85.00766   -0.00003   -0.00001          1  0.000e+00
     101668   4236.125   3276.706   3324.273     4.3980     4.3992   3.426379   3.426318     1.7094     1.4054      10.16   26.66298  -85.00766   -0.00003   -0.00001          1  0.000e+00
     101669   4236.167   3276.737   3324.305     4.3979     4.3992   3.426417   3.426286     1.7094     1.4054      10.16   26.66298  -85.00766   -0.00003   -0.00001          1  0.000e+00
     101670   4236.208   3276.706   3324.273     4.3980     4.3994   3.426411   3.426324     1.7094     1.4054      10.16   26.66298  -85.00766   -0.00003   -0.00001          1  0.000e+00
     101671   4236.250   3276.706   3324.273     4.3980     4.3994   3.426379   3.426344     1.7094     1.4054      10.16   26.66298  -85.00766   -0.00003   -0.00001          1  0.000e+00
     101672   4236.292   3276.737   3324.305     4.3983     4.3994   3.426417   3.426344     1.7094     1.4054      10.16   26.66298  -85.00766   -0.00003   -0.00001          1  0.000e+00
     101673   4236.333   3276.651   3324.217     4.3980     4.3992   3.426385   3.426344     1.7094     1.4054      10.16   26.66298  -85.00766   -0.00003   -0.00001          1  0.000e+00
     101674   4236.375   3276.737   3324.305     4.3982     4.3994   3.426392   3.426344     1.7094     1.4054      10.16   26.66298  -85.00766   -0.00003   -0.00000          1  0.000e+00
     101675   4236.417   3276.706   3324.273     4.3979     4.3994   3.426404   3.426344     1.7094     1.4054      10.16   26.66298  -85.00766   -0.00005   -0.00000          1  0.000e+00
     101676   4236.458   3276.706   3324.273     4.3980     4.3992   3.426404   3.426305     1.7082     1.4054      10.16   26.66298  -85.00766   -0.00007   -0.00000          1  0.000e+00
