GOMECC/GOMECC-4/1db/rb2103_0891.ros
* Sea-Bird SBE 9 Data File:
* FileName = C:\Users\scs.user.rb\CTD\GOMECC4\data\rb2103_0891.hex
* Software Version Seasave V 7.26.7.107
* Temperature SN = 4799
* Conductivity SN = 3860
* Number of Bytes Per Scan = 41
* Number of Voltage Words = 4
* Number of Scans Averaged by the Deck Unit = 1
* NMEA Latitude = 18 50.17 N
* NMEA Longitude = 093 03.96 W
* NMEA UTC (Time) = Oct 09 2021  00:32:54
* NMEA baud rate = 4800
# nquan = 17
# nvalues = 1197                                  
# units = specified
# name 0 = scan: Scan Count
# name 1 = timeS: Time, Elapsed [seconds]
# name 2 = depSM: Depth [salt water, m]
# name 3 = prDM: Pressure, Digiquartz [db]
# name 4 = t090C: Temperature [ITS-90, deg C]
# name 5 = t190C: Temperature, 2 [ITS-90, deg C]
# name 6 = c0S/m: Conductivity [S/m]
# name 7 = c1S/m: Conductivity, 2 [S/m]
# name 8 = sbeox0V: Oxygen raw, SBE 43 [V]
# name 9 = sbeox1V: Oxygen raw, SBE 43, 2 [V]
# name 10 = altM: Altimeter [m]
# name 11 = latitude: Latitude [deg]
# name 12 = longitude: Longitude [deg]
# name 13 = sbox0dV/dT: Oxygen, SBE 43 [dov/dt]
# name 14 = sbox1dV/dT: Oxygen, SBE 43, 2 [dov/dt]
# name 15 = nbf: Bottles Fired
# name 16 = flag:  0.000e+00
# interval = seconds: 0.0416667
# start_time = Oct 09 2021 00:32:54 [NMEA time, header]
# bad_flag = -9.990e-29
*END*
      36597   1524.833     53.517     53.849    24.4837    24.4843   5.421920   5.422240     2.4982     2.1013       7.37   18.83774  -93.06496   -0.00023    0.00003          1  0.000e+00
      36598   1524.875     53.862     54.197    24.4837    24.4845   5.421920   5.422248     2.4982     2.1001       7.37   18.83774  -93.06496   -0.00021    0.00003          1  0.000e+00
      36599   1524.917     53.761     54.095    24.4840    24.4849   5.421973   5.422217     2.4982     2.1001       7.37   18.83774  -93.06496   -0.00022    0.00002          1  0.000e+00
      36600   1524.958     53.761     54.095    24.4842    24.4845   5.421950   5.422209     2.4969     2.1001       7.37   18.83774  -93.06496   -0.00023    0.00002          1  0.000e+00
      36601   1525.000     53.713     54.047    24.4843    24.4854   5.421943   5.422209     2.4969     2.1001       7.37   18.83774  -93.06496   -0.00025    0.00002          1  0.000e+00
      36602   1525.042     53.815     54.149    24.4842    24.4853   5.421927   5.422240     2.4969     2.1013       7.37   18.83774  -93.06496   -0.00026    0.00003          1  0.000e+00
      36603   1525.083     53.781     54.115    24.4840    24.4851   5.421935   5.422085     2.4969     2.1013       7.37   18.83774  -93.06496   -0.00026    0.00006          1  0.000e+00
      36604   1525.125     53.713     54.047    24.4840    24.4853   5.422012   5.422193     2.4969     2.1013       7.37   18.83774  -93.06496   -0.00028    0.00009          1  0.000e+00
      36605   1525.167     53.815     54.149    24.4843    24.4849   5.421950   5.422178     2.4969     2.1013       7.37   18.83774  -93.06496   -0.00028    0.00012          1  0.000e+00
      36606   1525.208     53.713     54.047    24.4842    24.4849   5.421973   5.422193     2.4969     2.1013       7.37   18.83774  -93.06496   -0.00030    0.00015          1  0.000e+00
      36607   1525.250     53.761     54.095    24.4844    24.4849   5.422050   5.422209     2.4969     2.1001       7.37   18.83774  -93.06496   -0.00031    0.00016          1  0.000e+00
      36608   1525.292     53.761     54.095    24.4843    24.4851   5.422004   5.422170     2.4969     2.1013       7.37   18.83774  -93.06496   -0.00033    0.00019          1  0.000e+00
      36609   1525.333     53.761     54.095    24.4844    24.4851   5.422012   5.422224     2.4982     2.1013       7.37   18.83774  -93.06496   -0.00033    0.00022          1  0.000e+00
      36610   1525.375     53.761     54.095    24.4844    24.4854   5.421958   5.422248     2.4969     2.1001       7.37   18.83774  -93.06496   -0.00033    0.00023          1  0.000e+00
      36611   1525.417     53.727     54.060    24.4848    24.4851   5.421943   5.422255     2.4969     2.1013       7.37   18.83774  -93.06496   -0.00035    0.00028          1  0.000e+00
      36612   1525.458     53.761     54.095    24.4847    24.4851   5.421996   5.422248     2.4969     2.1013       7.37   18.83774  -93.06496   -0.00036    0.00030          1  0.000e+00
      36613   1525.500     53.761     54.095    24.4846    24.4849   5.422058   5.422217     2.4969     2.1013       7.37   18.83774  -93.06496   -0.00036    0.00033          1  0.000e+00
      36614   1525.542     53.761     54.095    24.4846    24.4851   5.422073   5.422209     2.4969     2.1013       7.37   18.83774  -93.06496   -0.00038    0.00038          1  0.000e+00
      36615   1525.583     53.761     54.095    24.4846    24.4847   5.422004   5.422232     2.4969     2.1013       7.37   18.83774  -93.06496   -0.00040    0.00040          1  0.000e+00
      36616   1525.625     53.761     54.095    24.4845    24.4847   5.422012   5.422178     2.4969     2.1001       7.37   18.83774  -93.06496   -0.00039    0.00043          1  0.000e+00
      36617   1525.667     53.713     54.047    24.4844    24.4845   5.421927   5.422162     2.4969     2.1001       7.37   18.83774  -93.06496   -0.00041    0.00046          1  0.000e+00
      36618   1525.708     53.761     54.095    24.4846    24.4851   5.421966   5.422224     2.4969     2.1001       7.37   18.83774  -93.06496   -0.00041    0.00047          1  0.000e+00
      36619   1525.750     53.781     54.115    24.4847    24.4849   5.421973   5.422248     2.4969     2.1001       7.40   18.83774  -93.06496   -0.00039    0.00048          1  0.000e+00
      36620   1525.792     53.713     54.047    24.4848    24.4849   5.422042   5.422217     2.4957     2.1001       7.40   18.83774  -93.06494   -0.00042    0.00049          1  0.000e+00
      36621   1525.833     53.761     54.095    24.4848    24.4849   5.422073   5.422209     2.4969     2.1001       7.40   18.83774  -93.06494   -0.00041    0.00050          1  0.000e+00
      36622   1525.875     53.761     54.095    24.4848    24.4847   5.422042   5.422209     2.4969     2.1001       7.40   18.83774  -93.06494   -0.00042    0.00051          1  0.000e+00
      36623   1525.917     53.761     54.095    24.4845    24.4849   5.422019   5.422240     2.4969     2.1001       7.40   18.83774  -93.06494   -0.00043    0.00052          1  0.000e+00
      36624   1525.958     53.761     54.095    24.4846    24.4847   5.422027   5.422186     2.4969     2.1001       7.40   18.83774  -93.06494   -0.00043    0.00052          1  0.000e+00
      36625   1526.000     53.761     54.095    24.4846    24.4851   5.422035   5.422162     2.4969     2.1001       7.40   18.83774  -93.06494   -0.00044    0.00051          1  0.000e+00
      36626   1526.042     53.761     54.095    24.4846    24.4847   5.421996   5.422224     2.4969     2.1001       7.40   18.83774  -93.06494   -0.00045    0.00050          1  0.000e+00
      36627   1526.083     53.727     54.060    24.4843    24.4851   5.422035   5.422217     2.4969     2.1001       7.40   18.83774  -93.06494   -0.00044    0.00049          1  0.000e+00
      36628   1526.125     53.761     54.095    24.4844    24.4851   5.422035   5.422209     2.4982     2.1001       7.40   18.83774  -93.06494   -0.00043    0.00048          1  0.000e+00
      36629   1526.167     53.761     54.095    24.4846    24.4853   5.422035   5.422271     2.4969     2.1001       7.40   18.83774  -93.06494   -0.00042    0.00048          1  0.000e+00
      36630   1526.208     53.761     54.095    24.4846    24.4854   5.421950   5.422224     2.4969     2.1001       7.40   18.83774  -93.06494   -0.00043    0.00047          1  0.000e+00
      36631   1526.250     53.761     54.095    24.4845    24.4854   5.422004   5.422209     2.4969     2.1001       7.40   18.83774  -93.06494   -0.00044    0.00046          1  0.000e+00
      36632   1526.292     53.761     54.095    24.4844    24.4853   5.422035   5.422232     2.4969     2.1013       7.40   18.83774  -93.06494   -0.00045    0.00046          1  0.000e+00
      36633   1526.333     53.761     54.095    24.4844    24.4853   5.421966   5.422248     2.4969     2.1013       7.40   18.83774  -93.06494   -0.00045    0.00047          1  0.000e+00
      36634   1526.375     53.761     54.095    24.4845    24.4853   5.421996   5.422256     2.4969     2.1013       7.40   18.83774  -93.06494   -0.00044    0.00048          1  0.000e+00
      36635   1526.417     53.727     54.060    24.4846    24.4849   5.422058   5.422279     2.4969     2.1013       7.40   18.83774  -93.06494   -0.00045    0.00048          1  0.000e+00
      36636   1526.458     53.761     54.095    24.4844    24.4851   5.422073   5.422224     2.4969     2.1013       7.40   18.83774  -93.06494   -0.00045    0.00050          1  0.000e+00
      36637   1526.500     53.761     54.095    24.4844    24.4853   5.421958   5.422209     2.4982     2.1013       7.40   18.83774  -93.06494   -0.00044    0.00051          1  0.000e+00
      36638   1526.542     53.761     54.095    24.4845    24.4853   5.422004   5.422271     2.4969     2.1013       7.40   18.83774  -93.06494   -0.00045    0.00051          1  0.000e+00
      36639   1526.583     53.815     54.149    24.4848    24.4853   5.422096   5.422162     2.4969     2.1013       7.40   18.83774  -93.06494   -0.00045    0.00053          1  0.000e+00
      36640   1526.625     53.761     54.095    24.4844    24.4856   5.422050   5.422255     2.4969     2.1013       7.40   18.83774  -93.06494   -0.00048    0.00053          1  0.000e+00
      36641   1526.667     53.761     54.095    24.4842    24.4854   5.421989   5.422294     2.4969     2.1013       7.40   18.83774  -93.06494   -0.00048    0.00054          1  0.000e+00
      36642   1526.708     53.761     54.095    24.4845    24.4858   5.422019   5.422294     2.4969     2.1013       7.40   18.83774  -93.06494   -0.00048    0.00056          1  0.000e+00
      36643   1526.750     53.781     54.115    24.4846    24.4862   5.421966   5.422325     2.4982     2.1013       7.42   18.83774  -93.06494   -0.00045    0.00056          1  0.000e+00
      36644   1526.792     53.761     54.095    24.4844    24.4865   5.421996   5.422372     2.4982     2.1013       7.42   18.83774  -93.06494   -0.00044    0.00056          1  0.000e+00
      36645   1526.833     53.761     54.095    24.4847    24.4865   5.421996   5.422388     2.4982     2.1013       7.42   18.83774  -93.06494   -0.00043    0.00056          1  0.000e+00
      36646   1526.875     53.761     54.095    24.4850    24.4862   5.421920   5.422388     2.4982     2.1013       7.42   18.83774  -93.06494   -0.00041    0.00055          1  0.000e+00
      36647   1526.917     53.815     54.149    24.4848    24.4862   5.422027   5.422349     2.4982     2.1013       7.42   18.83774  -93.06494   -0.00038    0.00055          1  0.000e+00
      36648   1526.958     53.761     54.095    24.4846    24.4865   5.422027   5.422341     2.4994     2.1013       7.42   18.83774  -93.06494   -0.00035    0.00055          1  0.000e+00
      36649   1527.000     53.761     54.095    24.4848    24.4867   5.421996   5.422341     2.4969     2.1013       7.42   18.83774  -93.06494   -0.00035    0.00055          1  0.000e+00
      36650   1527.042     53.761     54.095    24.4848    24.4865   5.421989   5.422341     2.4982     2.1013       7.42   18.83774  -93.06494   -0.00034    0.00054          1  0.000e+00
      36651   1527.083     53.781     54.115    24.4846    24.4867   5.422050   5.422372     2.4982     2.1013       7.42   18.83774  -93.06494   -0.00033    0.00054          1  0.000e+00
      36652   1527.125     53.761     54.095    24.4846    24.4865   5.421996   5.422411     2.4969     2.1026       7.42   18.83774  -93.06494   -0.00033    0.00055          1  0.000e+00
      36653   1527.167     53.761     54.095    24.4843    24.4865   5.421981   5.422357     2.4982     2.1013       7.42   18.83774  -93.06494   -0.00030    0.00056          1  0.000e+00
      36654   1527.208     53.815     54.149    24.4842    24.4863   5.421989   5.422372     2.4982     2.1026       7.42   18.83774  -93.06494   -0.00028    0.00057          1  0.000e+00
      36655   1527.250     53.761     54.095    24.4840    24.4863   5.421973   5.422349     2.4982     2.1026       7.42   18.83774  -93.06494   -0.00025    0.00060          1  0.000e+00
      36656   1527.292     53.761     54.095    24.4839    24.4862   5.421981   5.422310     2.4982     2.1013       7.42   18.83774  -93.06494   -0.00023    0.00061          1  0.000e+00
      36657   1527.333     53.761     54.095    24.4839    24.4862   5.421950   5.422302     2.4982     2.1013       7.42   18.83774  -93.06494   -0.00020    0.00060          1  0.000e+00
      36658   1527.375     53.761     54.095    24.4837    24.4863   5.421904   5.422325     2.4982     2.1026       7.42   18.83774  -93.06494   -0.00019    0.00062          1  0.000e+00
      36659   1527.417     53.828     54.163    24.4839    24.4867   5.421920   5.422372     2.4982     2.1013       7.42   18.83774  -93.06494   -0.00017    0.00063          1  0.000e+00
      36660   1527.458     53.761     54.095    24.4836    24.4867   5.421935   5.422388     2.4982     2.1013       7.42   18.83774  -93.06494   -0.00015    0.00062          1  0.000e+00
      36661   1527.500     53.761     54.095    24.4835    24.4863   5.421904   5.422349     2.4982     2.1026       7.42   18.83774  -93.06494   -0.00014    0.00062          1  0.000e+00
      36662   1527.542     53.815     54.149    24.4837    24.4863   5.421950   5.422341     2.4982     2.1013       7.42   18.83774  -93.06494   -0.00012    0.00061          1  0.000e+00
      36663   1527.583     53.761     54.095    24.4832    24.4862   5.421912   5.422411     2.4982     2.1013       7.42   18.83774  -93.06494   -0.00011    0.00060          1  0.000e+00
      36664   1527.625     53.761     54.095    24.4834    24.4863   5.421927   5.422426     2.4982     2.1013       7.42   18.83774  -93.06494   -0.00009    0.00058          1  0.000e+00
      36665   1527.667     53.815     54.149    24.4832    24.4865   5.421904   5.422465     2.4982     2.1013       7.42   18.83774  -93.06494   -0.00008    0.00057          1  0.000e+00
      36666   1527.708     53.815     54.149    24.4832    24.4863   5.421812   5.422504     2.4994     2.1013       7.40   18.83774  -93.06494   -0.00004    0.00055          1  0.000e+00
      36667   1527.750     53.781     54.115    24.4830    24.4863   5.421866   5.422489     2.4982     2.1013       7.37   18.83774  -93.06494   -0.00003    0.00054          1  0.000e+00
      36668   1527.792     53.761     54.095    24.4834    24.4865   5.421927   5.422543     2.4994     2.1013       7.35   18.83774  -93.06496    0.00000    0.00054          1  0.000e+00
      36669   1527.833     53.815     54.149    24.4832    24.4869   5.421897   5.422458     2.4982     2.1013       7.35   18.83774  -93.06496    0.00004    0.00052          1  0.000e+00
      36670   1527.875     53.815     54.149    24.4832    24.4871   5.421889   5.422465     2.4982     2.1013       7.35   18.83774  -93.06496    0.00005    0.00050          1  0.000e+00
      36671   1527.917     53.761     54.095    24.4832    24.4876   5.421897   5.422543     2.4982     2.1013       7.35   18.83774  -93.06496    0.00007    0.00048          1  0.000e+00
      36672   1527.958     53.815     54.149    24.4832    24.4878   5.421858   5.422496     2.4982     2.1013       7.35   18.83774  -93.06496    0.00008    0.00048          1  0.000e+00
      36673   1528.000     53.815     54.149    24.4830    24.4880   5.421835   5.422473     2.4994     2.1001       7.35   18.83774  -93.06496    0.00011    0.00045          1  0.000e+00
      36674   1528.042     53.815     54.149    24.4832    24.4883   5.421843   5.422543     2.4982     2.1001       7.35   18.83774  -93.06496    0.00013    0.00043          1  0.000e+00
      36675   1528.083     53.781     54.115    24.4832    24.4881   5.421881   5.422527     2.4994     2.1001       7.37   18.83774  -93.06496    0.00016    0.00039          1  0.000e+00
      36676   1528.125     53.815     54.149    24.4830    24.4885   5.421851   5.422520     2.4982     2.1001       7.35   18.83774  -93.06496    0.00017    0.00035          1  0.000e+00
      36677   1528.167     53.815     54.149    24.4830    24.4887   5.421843   5.422551     2.4982     2.1001       7.35   18.83774  -93.06496    0.00019    0.00031          1  0.000e+00
      36678   1528.208     53.815     54.149    24.4832    24.4883   5.421881   5.422496     2.5006     2.1001       7.37   18.83774  -93.06496    0.00024    0.00029          1  0.000e+00
      36679   1528.250     53.815     54.149    24.4832    24.4872   5.421897   5.422442     2.4982     2.1001       7.35   18.83774  -93.06496    0.00023    0.00027          1  0.000e+00
      36680   1528.292     53.815     54.149    24.4828    24.4867   5.421851   5.422364     2.4994     2.1001       7.35   18.83774  -93.06496    0.00027    0.00025          1  0.000e+00
      36681   1528.333     53.815     54.149    24.4830    24.4863   5.421812   5.422403     2.4994     2.1001       7.35   18.83774  -93.06496    0.00030    0.00023          1  0.000e+00
