GOMECC/GOMECC-4/1db/rb2103_1091.cnv
* Sea-Bird SBE 9 Data File:
* FileName = C:\Users\scs.user.rb\CTD\GOMECC4\data\rb2103_1091.hex
* Software Version Seasave V 7.26.7.107
* Temperature SN = 4799
* Conductivity SN = 3860
* Number of Bytes Per Scan = 41
* Number of Voltage Words = 4
* Number of Scans Averaged by the Deck Unit = 1
* NMEA Latitude = 22 44.06 N
* NMEA Longitude = 086 29.42 W
* NMEA UTC (Time) = Oct 15 2021  01:38:41
* NMEA baud rate = 4800
# nquan = 28
# nvalues = 613                         
# units = specified
# name 0 = scan: Scan Count
# name 1 = timeS: Time, Elapsed [seconds]
# name 2 = depSM: Depth [salt water, m]
# name 3 = prDM: Pressure, Digiquartz [db]
# name 4 = t090C: Temperature [ITS-90, deg C]
# name 5 = t190C: Temperature, 2 [ITS-90, deg C]
# name 6 = c0S/m: Conductivity [S/m]
# name 7 = c1S/m: Conductivity, 2 [S/m]
# name 8 = sbeox0V: Oxygen raw, SBE 43 [V]
# name 9 = sbeox1V: Oxygen raw, SBE 43, 2 [V]
# name 10 = altM: Altimeter [m]
# name 11 = latitude: Latitude [deg]
# name 12 = longitude: Longitude [deg]
# name 13 = sbox0dV/dT: Oxygen, SBE 43 [dov/dt]
# name 14 = sbox1dV/dT: Oxygen, SBE 43, 2 [dov/dt]
# name 15 = sbeox0ML/L: Oxygen, SBE 43 [ml/l], WS = 5
# name 16 = sbeox1ML/L: Oxygen, SBE 43, 2 [ml/l], WS = 5
# name 17 = potemp090C: Potential Temperature [ITS-90, deg C]
# name 18 = potemp190C: Potential Temperature, 2 [ITS-90, deg C]
# name 19 = sal00: Salinity, Practical [PSU]
# name 20 = sal11: Salinity, Practical, 2 [PSU]
# name 21 = sigma-é00: Density [sigma-theta, kg/m^3]
# name 22 = sigma-é11: Density, 2 [sigma-theta, kg/m^3]
# name 23 = avgsvCM: Average Sound Velocity [Chen-Millero, m/s], minP = 20, minS = 20
# name 24 = sbox0Mm/Kg: Oxygen, SBE 43 [umol/kg], WS = 5
# name 25 = sbox1Mm/Kg: Oxygen, SBE 43, 2 [umol/kg], WS = 5
# name 26 = nbin: number of scans per bin
# name 27 = flag: flag
# span 0 =      12874,      95239       
# span 1 =    536.396,   3968.248       
# span 2 =      0.994,    651.842       
# span 3 =      1.000,    657.000       
# span 4 =     7.7837,    30.5183       
# span 5 =     7.7844,    30.5158       
# span 6 =   3.625643,   6.125344       
# span 7 =   3.625698,   6.125043       
# span 8 =     1.6381,     3.2211       
# span 9 =     1.3353,     2.7184       
# span 10 =      11.02,     105.33      
# span 11 =   22.33275,   23.14537      
# span 12 =  -87.96685,  -84.87569      
# span 13 =   -0.01931,    0.00960      
# span 14 =   -0.01766,    0.01251      
# span 15 =     2.6770,     4.4316      
# span 16 =     2.6882,     4.4097      
# span 17 =     7.7165,    30.5153      
# span 18 =     7.7172,    30.5128      
# span 19 =    34.9489,    37.0003      
# span 20 =    34.9485,    37.0012      
# span 21 =    22.3512,    27.2840      
# span 22 =    22.2437,    27.2837      
# span 23 =       0.00,    1552.29      
# span 24 =    116.397,    193.484      
# span 25 =    116.883,    192.536      
# span 26 =         30,         75      
# span 27 = 0.0000e+00, 0.0000e+00      
# interval = decibars: 1                
# start_time = Oct 15 2021 01:38:41 [NMEA time, header]
# bad_flag = -9.990e-29
*END*
[from data line 518]
      67514   2813.055    111.267    112.000    24.1285    24.0264   5.480722   5.472088     2.5375     2.1302     100.00   22.75308  -86.50106    0.00707    0.00676     3.6009     3.6010    24.1047    24.0026    36.9687    36.9856    25.1014    25.1447    1517.08    156.878    156.878         34 0.0000e+00
      67545   2814.348    110.274    111.000    24.2589    24.2284   5.494752   5.491527     2.5494     2.1397     100.00   22.75310  -86.50106    0.00625    0.00554     3.6141     3.6091    24.2351    24.2047    36.9655    36.9662    25.0598    25.0695    1517.08    157.459    157.242         30 0.0000e+00
      67576   2815.625    109.280    110.000    24.3330    24.3430   5.501994   5.502536     2.5605     2.1497     100.00   22.75310  -86.50106    0.00781    0.00657     3.6306     3.6236    24.3095    24.3194    36.9594    36.9553    25.0328    25.0267    1517.08    158.184    157.879         32 0.0000e+00
      67611   2817.102    108.287    109.000    24.3974    24.3894   5.508242   5.506808     2.5694     2.1585     100.00   22.75311  -86.50106    0.00828    0.00723     3.6437     3.6393    24.3740    24.3660    36.9539    36.9496    25.0092    25.0083    1517.08    158.755    158.566         38 0.0000e+00
      67651   2818.748    107.294    108.000    24.4576    24.4088   5.513696   5.509386     2.5759     2.1645     100.00   22.75313  -86.50108    0.00560    0.00557     3.6521     3.6508    24.4344    24.3856    36.9458    36.9535    24.9847    25.0054    1517.08    159.128    159.067         40 0.0000e+00
      67687   2820.265    106.301    107.000    24.5058    24.5035   5.518067   5.517592     2.5824     2.1684     100.00   22.75314  -86.50108    0.00422    0.00347     3.6613     3.6532    24.4828    24.4805    36.9394    36.9377    24.9653    24.9647    1517.08    159.531    159.177         30 0.0000e+00
      67718   2821.551    105.307    106.000    24.5689    24.5473   5.524312   5.522416     2.5843     2.1730     100.00   22.75315  -86.50108    0.00357    0.00295     3.6612     3.6599    24.5461    24.5246    36.9349    36.9362    24.9427    24.9495    1517.08    159.530    159.472         31 0.0000e+00
      67756   2823.105    104.314    105.000    24.5921    24.5929   5.526385   5.526593     2.5887     2.1743     100.00   22.75316  -86.50108    0.00263    0.00257     3.6672     3.6597    24.5694    24.5703    36.9317    36.9325    24.9333    24.9336    1517.08    159.794    159.465         45 0.0000e+00
      67806   2825.199    103.321    104.000    24.6045    24.5880   5.527369   5.525827     2.5907     2.1763     100.00   22.75317  -86.50108    0.00180    0.00111     3.6699     3.6638    24.5820    24.5655    36.9293    36.9312    24.9276    24.9341    1517.08    159.912    159.646         52 0.0000e+00
      67856   2827.294    102.328    103.000    24.5947    24.6638   5.526311   5.532510     2.5898     2.1790      99.90   22.75319  -86.50108    0.00018    0.00092     3.6683     3.6648    24.5724    24.6416    36.9297    36.9195    24.9308    24.9021    1517.08    159.840    159.692         51 0.0000e+00
      67916   2829.803    101.335    102.000    24.7898    24.7869   5.543366   5.544272     2.5948     2.1834     100.03   22.75320  -86.50108    0.00045    0.00192     3.6652     3.6664    24.7677    24.7647    36.8981    36.9073    24.8475    24.8554    1517.08    159.720    159.769         36 0.0000e+00
      68017   2833.983    100.341    101.000    24.6922    24.7911   5.534748   5.543571     2.5938     2.1778      74.24   22.75322  -86.50110   -0.00046   -0.00112     3.6691     3.6540    24.6703    24.7692    36.9137    36.8994    24.8890    24.8480    1517.08    159.882    159.230         71 0.0000e+00
      68924   2871.802     99.348    100.000    24.7994    24.8130   5.544067   5.545419     2.5937     2.1789     100.42   22.75345  -86.50123    0.00036   -0.00028     3.6616     3.6544    24.7777    24.7913    36.8962    36.8951    24.8430    24.8381    1517.08    159.561    159.248         53 0.0000e+00
      69604   2900.115     98.355     99.000    24.8513    24.8383   5.548187   5.547457     2.5941     2.1803      98.22   22.75361  -86.50134    0.00025    0.00025     3.6586     3.6554    24.8298    24.8168    36.8848    36.8895    24.8185    24.8261    1517.08    159.437    159.295         48 0.0000e+00
      69646   2901.894     97.362     98.000    24.9070    24.9010   5.552860   5.552423     2.5985     2.1823      95.92   22.75364  -86.50134    0.00079    0.00016     3.6633     3.6557    24.8856    24.8797    36.8746    36.8763    24.7938    24.7968    1517.08    159.645    159.311         58 0.0000e+00
      69704   2904.275     96.368     97.000    24.9608    24.9379   5.557476   5.555915     2.6034     2.1845      99.02   22.75367  -86.50134    0.00233    0.00081     3.6690     3.6576    24.9397    24.9168    36.8655    36.8726    24.7704    24.7827    1517.08    159.896    159.398         52 0.0000e+00
      69783   2907.577     95.375     96.000    25.1301    25.1029   5.572961   5.570731     2.6132     2.1958     100.02   22.75368  -86.50136    0.00280    0.00330     3.6766     3.6716    25.1091    25.0819    36.8434    36.8489    24.7016    24.7142    1517.08    160.238    160.019         56 0.0000e+00
      69841   2910.004     94.382     95.000    25.1816    25.1073   5.577934   5.571708     2.6225     2.2007      66.64   22.75370  -86.50136    0.00348    0.00264     3.6909     3.6815    25.1608    25.0865    36.8388    36.8529    24.6823    24.7158    1517.08    160.867    160.449         68 0.0000e+00
      69907   2912.758     93.389     94.000    25.2294    25.2339   5.582311   5.583146     2.6331     2.2065     100.95   22.75372  -86.50137    0.00414    0.00159     3.7086     3.6860    25.2088    25.2133    36.8329    36.8348    24.6630    24.6624    1517.08    161.641    160.655         56 0.0000e+00
      69972   2915.451     92.395     93.000    25.3750    25.3652   5.596222   5.595753     2.6450     2.2254     100.00   22.75375  -86.50139    0.00427    0.00533     3.7210     3.7177    25.3544    25.3447    36.8183    36.8226    24.6071    24.6134    1517.08    162.187    162.045         40 0.0000e+00
      70044   2918.474     91.402     92.000    25.4660    25.5173   5.603796   5.609516     2.6583     2.2409     100.00   22.75377  -86.50140    0.00449    0.00602     3.7403     3.7415    25.4456    25.4969    36.8010    36.8019    24.5658    24.5505    1517.08    163.038    163.092         46 0.0000e+00
      70088   2920.290     90.409     91.000    25.5846    25.5933   5.615086   5.616281     2.6670     2.2539     100.00   22.75378  -86.50140    0.00369    0.00475     3.7499     3.7637    25.5644    25.5730    36.7889    36.7907    24.5198    24.5185    1517.08    163.462    164.064         35 0.0000e+00
      70180   2924.117     89.415     90.000    25.5556    25.6808   5.612389   5.623189     2.6817     2.2688      78.59   22.75380  -86.50141    0.00396    0.00451     3.7785     3.7899    25.5356    25.6608    36.7928    36.7714    24.5316    24.4765    1517.08    164.708    165.213         44 0.0000e+00
      70227   2926.063     88.422     89.000    25.6894    25.7590   5.623061   5.629529     2.6866     2.2715     100.17   22.75381  -86.50142    0.00091    0.00243     3.7789     3.7905    25.6696    25.7392    36.7638    36.7553    24.4681    24.4400    1517.08    164.735    165.243         39 0.0000e+00
      70305   2929.326     87.429     88.000    25.6660    25.7886   5.621286   5.631929     2.6953     2.2812      71.91   22.75384  -86.50143    0.00337    0.00367     3.7967     3.8089    25.6464    25.7689    36.7706    36.7495    24.4804    24.4263    1517.08    165.508    166.047         60 0.0000e+00
      70368   2931.940     86.436     87.000    25.8584    25.9023   5.636610   5.640796     2.7084     2.2853     101.42   22.75386  -86.50144    0.00315    0.00036     3.8091     3.8104    25.8389    25.8828    36.7281    36.7236    24.3883    24.3711    1517.08    166.065    166.123         60 0.0000e+00
      70420   2934.138     85.442     86.000    25.9774    25.9947   5.645712   5.647620     2.7217     2.2943     100.00   22.75388  -86.50146    0.00617    0.00357     3.8265     3.8227    25.9581    25.9754    36.6997    36.6998    24.3295    24.3241    1517.08    166.834    166.670         32 0.0000e+00
      70511   2937.903     84.449     85.000    25.9378    26.0495   5.642476   5.651406     2.7272     2.3070     100.00   22.75390  -86.50147    0.00186    0.00422     3.8387     3.8467    25.9188    26.0303    36.7090    36.6840    24.3489    24.2950    1517.08    167.360    167.717         45 0.0000e+00
      70553   2939.676     83.455     84.000    26.1370    26.1205   5.657036   5.656523     2.7368     2.3127     100.00   22.75392  -86.50148    0.00019    0.00200     3.8444     3.8540    26.1180    26.1016    36.6554    36.6649    24.2458    24.2581    1517.08    167.626    168.041         32 0.0000e+00
      70664   2944.301     82.462     83.000    26.2788    26.5421   5.668614   5.689926     2.7778     2.3715     100.00   22.75396  -86.50150    0.00817    0.01251     3.9124     3.9514    26.2600    26.5232    36.6251    36.5728    24.1781    24.0553    1517.08    170.603    172.326         66 0.0000e+00
      70748   2947.809     81.469     82.000    26.2469    26.6532   5.666029   5.699797     2.7805     2.3883      93.00   22.75399  -86.50152   -0.00064    0.00165     3.9195     3.9791    26.2283    26.6344    36.6350    36.5567    24.1956    24.0078    1517.08    170.908    173.540         34 0.0000e+00
      70852   2952.124     80.476     81.000    26.6415    26.8244   5.698329   5.714279     2.8206     2.4056     100.39   22.75401  -86.50154    0.00960    0.00434     3.9687     4.0067    26.6230    26.8059    36.5556    36.5251    24.0106    23.9287    1517.08    173.086    174.754         50 0.0000e+00
      71203   2966.734     79.482     80.000    26.8219    26.8856   5.714446   5.719099     2.8612     2.4153     100.00   22.75413  -86.50161    0.00186   -0.00051     4.0308     4.0221    26.8035    26.8673    36.5259    36.5141    23.9306    23.9014    1517.08    175.809    175.429         37 0.0000e+00
      71531   2980.412     77.496     78.000    26.9978    27.0140   5.727855   5.730257     2.8780     2.4263     100.00   22.75468  -86.50336    0.00179    0.00126     4.0535     4.0336    26.9728    26.9961    36.4943    36.4941    23.8526    23.8450    1517.11    176.813    175.946         54 0.0000e+00
      71650   2985.369     76.502     77.000    27.0260    27.0368   5.730782   5.732442     2.8848     2.4366     100.00   22.75427  -86.50170    0.00194    0.00094     4.0619     4.0532    27.0071    27.0190    36.4886    36.4897    23.8372    23.8342    1517.08    177.181    176.802         46 0.0000e+00
      74350   3097.884     73.522     74.000    27.3080    27.3022   5.761947   5.762709     2.9341     2.4742     100.20   22.79956  -86.67129    0.00025   -0.00053     4.1338     4.1132    27.2909    27.2850    36.5234    36.5063    23.7819    23.7685    1520.04    180.336    179.435         42 0.0000e+00
      74284   3095.138     72.529     73.000    27.2733    27.2750   5.752223   5.752546     2.9285     2.4717     100.00   22.75514  -86.50234    0.00048   -0.00035     4.1242     4.1085    27.2563    27.2580    36.4488    36.4497    23.7269    23.7271    1517.08    179.916    179.231         46 0.0000e+00
      74376   3098.967     71.535     72.000    27.2894    27.2882   5.753433   5.753638     2.9308     2.4771     100.00   22.75518  -86.50236   -0.00006    0.00139     4.1270     4.1183    27.2727    27.2715    36.4451    36.4467    23.7189    23.7205    1517.08    180.041    179.662         46 0.0000e+00
      74538   3105.726     69.549     70.000    27.3520    27.3329   5.757389   5.756037     2.9433     2.4831      99.97   22.74916  -86.47935    0.00133    0.00105     4.1447     4.1266    27.3357    27.3166    36.4206    36.4259    23.6787    23.6889    1516.68    180.820    180.030         30 0.0000e+00
      74645   3110.168     68.555     69.000    27.3993    27.3950   5.762900   5.762433     2.9484     2.4892     100.00   22.75525  -86.50245    0.00162   -0.00029     4.1506     4.1349    27.3832    27.3790    36.4278    36.4278    23.6701    23.6714    1517.08    181.078    180.394         41 0.0000e+00
      74747   3114.425     67.562     68.000    27.4855    27.4898   5.770481   5.770707     2.9575     2.4990      99.96   22.75530  -86.50247    0.00126    0.00169     4.1610     4.1485    27.4696    27.4739    36.4150    36.4132    23.6324    23.6296    1517.08    181.540    180.994         60 0.0000e+00
      74838   3118.205     66.568     67.000    27.5441    27.5992   5.775261   5.781358     2.9669     2.5136      90.11   22.75533  -86.50248    0.00137    0.00320     4.1738     4.1708    27.5285    27.5835    36.4036    36.4038    23.6047    23.5868    1517.08    182.103    181.975         37 0.0000e+00
      74917   3121.492     65.575     66.000    27.7123    27.7733   5.792062   5.795436     2.9711     2.5214     105.33   22.75536  -86.50249   -0.00230    0.00034     4.1710     4.1776    27.6968    27.7581    36.3925    36.3683    23.5416    23.5031    1517.08    181.990    182.284         33 0.0000e+00
      75020   3125.787     64.582     65.000    27.7279    27.8684   5.792774   5.803753     2.9883     2.5395      96.19   22.75539  -86.50252    0.00206    0.00246     4.1992     4.2052    27.7126    27.8531    36.3858    36.3546    23.5313    23.4619    1517.08    183.225    183.500         75 0.0000e+00
      75099   3129.102     63.588     64.000    27.9322    28.0896   5.806947   5.820372     3.0063     2.5638     101.31   22.75543  -86.50255    0.00572    0.00657     4.2181     4.2401    27.9171    28.0745    36.3281    36.3013    23.4210    23.3492    1517.08    184.068    185.044         35 0.0000e+00
      75200   3133.312     62.593     63.000    28.1528    28.1483   5.829075   5.827731     3.0384     2.5685     100.00   22.75547  -86.50256    0.00704    0.00154     4.2609     4.2456    28.1354    28.1333    36.3162    36.3131    23.3402    23.3396    1517.08    185.951    185.284         48 0.0000e+00
      75295   3137.233     61.601     62.000    28.2865    28.2835   5.841501   5.841316     3.0691     2.5868     100.00   22.75550  -86.50259    0.00710    0.00181     4.3066     4.2723    28.2712    28.2688    36.2994    36.3009    23.2828    23.2849    1517.08    187.957    186.459         40 0.0000e+00
      75375   3140.597     60.608     61.000    28.4317    28.4390   5.854021   5.856307     3.0783     2.6064     100.00   22.75554  -86.50261   -0.00021    0.00212     4.3125     4.3010    28.4171    28.4244    36.2756    36.2861    23.2167    23.2221    1517.08    188.225    187.723         31 0.0000e+00
      75476   3144.812     59.614     60.000    28.5181    28.5534   5.861123   5.863532     3.1027     2.6224     100.00   22.75556  -86.50264    0.00396    0.00352     4.3478     4.3255    28.5013    28.5390    36.2612    36.2493    23.1779    23.1564    1517.08    189.776    188.804         57 0.0000e+00
      75566   3148.556     58.621     59.000    28.6772    28.6182   5.873762   5.868604     3.1238     2.6369      87.71   22.75560  -86.50267    0.00480    0.00426     4.3769     4.3500    28.6632    28.6040    36.2262    36.2357    23.0978    23.1246    1517.08    191.060    189.881         43 0.0000e+00
      75658   3152.374     57.628     58.000    28.7058    28.6653   5.876042   5.873014     3.1328     2.6429     100.81   22.75563  -86.50268    0.00153    0.00096     4.3906     4.3584    28.6919    28.6514    36.2206    36.2305    23.0839    23.1049    1517.08    191.661    190.250         54 0.0000e+00
