GOMECC/GOMECC-4/1db/rb2103_0541.cnv
* Sea-Bird SBE 9 Data File:
* FileName = C:\Users\scs.user.rb\CTD\GOMECC4\data\rb2103_0541.hex
* Software Version Seasave V 7.26.7.107
* Temperature SN = 4799
* Conductivity SN = 3860
* Number of Bytes Per Scan = 41
* Number of Voltage Words = 4
* Number of Scans Averaged by the Deck Unit = 1
* NMEA Latitude = 27 29.98 N
* NMEA Longitude = 095 00.24 W
* NMEA UTC (Time) = Sep 28 2021  12:26:08
* NMEA baud rate = 4800
# nquan = 28
# nvalues = 604                         
# units = specified
# name 0 = scan: Scan Count
# name 1 = timeS: Time, Elapsed [seconds]
# name 2 = depSM: Depth [salt water, m]
# name 3 = prDM: Pressure, Digiquartz [db]
# name 4 = t090C: Temperature [ITS-90, deg C]
# name 5 = t190C: Temperature, 2 [ITS-90, deg C]
# name 6 = c0S/m: Conductivity [S/m]
# name 7 = c1S/m: Conductivity, 2 [S/m]
# name 8 = sbeox0V: Oxygen raw, SBE 43 [V]
# name 9 = sbeox1V: Oxygen raw, SBE 43, 2 [V]
# name 10 = altM: Altimeter [m]
# name 11 = latitude: Latitude [deg]
# name 12 = longitude: Longitude [deg]
# name 13 = sbox0dV/dT: Oxygen, SBE 43 [dov/dt]
# name 14 = sbox1dV/dT: Oxygen, SBE 43, 2 [dov/dt]
# name 15 = sbeox0ML/L: Oxygen, SBE 43 [ml/l], WS = 5
# name 16 = sbeox1ML/L: Oxygen, SBE 43, 2 [ml/l], WS = 5
# name 17 = potemp090C: Potential Temperature [ITS-90, deg C]
# name 18 = potemp190C: Potential Temperature, 2 [ITS-90, deg C]
# name 19 = sal00: Salinity, Practical [PSU]
# name 20 = sal11: Salinity, Practical, 2 [PSU]
# name 21 = sigma-é00: Density [sigma-theta, kg/m^3]
# name 22 = sigma-é11: Density, 2 [sigma-theta, kg/m^3]
# name 23 = avgsvCM: Average Sound Velocity [Chen-Millero, m/s], minP = 20, minS = 20
# name 24 = sbox0Mm/Kg: Oxygen, SBE 43 [umol/kg], WS = 5
# name 25 = sbox1Mm/Kg: Oxygen, SBE 43, 2 [umol/kg], WS = 5
# name 26 = nbin: number of scans per bin
# name 27 = flag: flag
# span 0 =      13605,     100072       
# span 1 =    566.846,   4169.616       
# span 2 =      2.980,    870.352       
# span 3 =      3.000,    878.000       
# span 4 =     5.9004,    29.5325       
# span 5 =     5.9028,    29.5316       
# span 6 =   3.458941,   5.934332       
# span 7 =   3.458999,   5.934109       
# span 8 =     1.5802,     3.2986       
# span 9 =     1.2842,     2.8262       
# span 10 =      10.27,     100.71      
# span 11 =   27.37061,   27.86930      
# span 12 =  -96.27280,  -94.55051      
# span 13 =   -0.04621,    0.03812      
# span 14 =   -0.04551,    0.04107      
# span 15 =     2.4556,     4.9279      
# span 16 =     2.4817,     4.9486      
# span 17 =     5.8215,    29.5296      
# span 18 =     5.8239,    29.5287      
# span 19 =    34.9061,    36.5067      
# span 20 =    34.9044,    36.5069      
# span 21 =    22.5257,    27.5059      
# span 22 =    22.5239,    27.5043      
# span 23 =       0.00,    1545.04      
# span 24 =    106.781,    214.909      
# span 25 =    107.913,    215.811      
# span 26 =         30,         65      
# span 27 = 0.0000e+00, 0.0000e+00      
# interval = decibars: 1                
# start_time = Sep 28 2021 12:26:08 [NMEA time, header]
# bad_flag = -9.990e-29
*END*
[from data line 363]
      44373   1848.844    843.642    851.000     6.0146     6.0151   3.467955   3.467848     1.7216     1.4188      36.97   27.49938  -94.99732   -0.00006    0.00018     3.2984     3.3323     5.9375     5.9380    34.9098    34.9081    27.4895    27.4880    1503.64    143.365    144.839         30 0.0000e+00
      44556   1856.469    836.716    844.000     6.0170     6.0171   3.467919   3.467771     1.7220     1.4198      44.05   27.49985  -94.99893    0.00000   -0.00000     3.2965     3.3327     5.9406     5.9407    34.9104    34.9086    27.4896    27.4881    1503.67    143.283    144.855         32 0.0000e+00
      44588   1857.779    835.727    843.000     6.0167     6.0171   3.467791   3.467677     1.7220     1.4198      44.98   27.49938  -94.99730   -0.00001    0.00002     3.2960     3.3320     5.9404     5.9408    34.9097    34.9080    27.4890    27.4876    1503.64    143.261    144.825         30 0.0000e+00
      44689   1862.018    831.769    839.000     6.0211     6.0211   3.468051   3.467894     1.7223     1.4200      48.96   27.49964  -94.99820    0.00009    0.00006     3.2950     3.3308     5.9451     5.9452    34.9101    34.9083    27.4887    27.4873    1503.65    143.217    144.774         37 0.0000e+00
      44823   1867.564    826.822    834.000     6.0237     6.0237   3.468041   3.467882     1.7226     1.4201      54.10   27.49939  -94.99735    0.00009    0.00007     3.2934     3.3286     5.9482     5.9482    34.9097    34.9079    27.4880    27.4866    1503.64    143.150    144.679         36 0.0000e+00
      44954   1873.050    821.875    829.000     6.0288     6.0300   3.468195   3.468142     1.7232     1.4209      58.93   27.49857  -94.99453    0.00016    0.00029     3.2930     3.3291     5.9538     5.9550    34.9086    34.9068    27.4864    27.4848    1503.60    143.131    144.700         32 0.0000e+00
      45115   1879.758    815.938    823.000     6.0372     6.0386   3.468753   3.468724     1.7236     1.4203      64.98   27.49917  -94.99658   -0.00006   -0.00013     3.2910     3.3233     5.9627     5.9641    34.9093    34.9075    27.4858    27.4842    1503.63    143.043    144.450         30 0.0000e+00
      45435   1893.094    804.065    811.000     6.0949     6.0996   3.473325   3.473680     1.7229     1.4197      76.98   27.49919  -94.99672   -0.00008   -0.00033     3.2785     3.3107     6.0212     6.0258    34.9074    34.9066    27.4768    27.4756    1503.63    142.504    143.902         30 0.0000e+00
      45686   1903.543    796.148    803.000     6.1501     6.1516   3.478345   3.478334     1.7167     1.4128      76.92   27.50154  -95.00478   -0.00071   -0.00072     3.2498     3.2784     6.0768     6.0782    34.9113    34.9097    27.4729    27.4714    1503.76    141.254    142.497         38 0.0000e+00
      45880   1911.635    795.159    802.000     6.1840     6.1806   3.481090   3.480431     1.7121     1.4091      85.83   27.49933  -94.99715   -0.00060   -0.00041     3.2309     3.2618     6.1106     6.1072    34.9082    34.9062    27.4660    27.4648    1503.64    140.437    141.776         53 0.0000e+00
      46074   1919.726    794.169    801.000     6.1912     6.1900   3.481728   3.481473     1.7085     1.4064      87.45   27.49932  -94.99714   -0.00028   -0.00015     3.2187     3.2515     6.1178     6.1167    34.9080    34.9062    27.4648    27.4636    1503.64    139.906    141.331         50 0.0000e+00
      47056   1960.639    793.180    800.000     6.1903     6.1904   3.481606   3.481457     1.7082     1.4056      88.53   27.49930  -94.99700    0.00003   -0.00021     3.2173     3.2483     6.1170     6.1171    34.9080    34.9063    27.4650    27.4636    1503.64    139.842    141.191         40 0.0000e+00
      47476   1978.119    792.190    799.000     6.1896     6.1913   3.481509   3.481504     1.7084     1.4059      89.48   27.49930  -94.99694    0.00005   -0.00016     3.2177     3.2488     6.1165     6.1182    34.9081    34.9063    27.4651    27.4635    1503.64    139.862    141.214         45 0.0000e+00
      47658   1985.711    786.252    793.000     6.1971     6.1979   3.482061   3.481961     1.7085     1.4060      95.24   27.50048  -95.00105   -0.00000   -0.00008     3.2149     3.2461     6.1244     6.1253    34.9097    34.9077    27.4654    27.4637    1503.71    139.740    141.095         31 0.0000e+00
      47688   1986.965    785.263    792.000     6.1984     6.2004   3.482005   3.482013     1.7085     1.4055      96.34   27.49928  -94.99690   -0.00017   -0.00019     3.2144     3.2437     6.1259     6.1279    34.9080    34.9061    27.4638    27.4621    1503.64    139.717    140.992         32 0.0000e+00
      47793   1991.321    781.304    788.000     6.2101     6.2120   3.483062   3.483102     1.7084     1.4062      93.65   27.50084  -95.00226   -0.00004    0.00024     3.2111     3.2436     6.1379     6.1398    34.9100    34.9085    27.4639    27.4625    1503.73    139.574    140.985         35 0.0000e+00
      47825   1992.676    780.315    787.000     6.2074     6.2119   3.482611   3.482859     1.7081     1.4057     100.33   27.49928  -94.99688   -0.00012    0.00014     3.2101     3.2412     6.1353     6.1398    34.9081    34.9063    27.4627    27.4607    1503.64    139.531    140.885         32 0.0000e+00
      47925   1996.851    776.356    783.000     6.2285     6.2335   3.484303   3.484598     1.7078     1.4047      98.89   27.49867  -94.99477   -0.00002   -0.00013     3.2057     3.2345     6.1567     6.1617    34.9073    34.9057    27.4593    27.4573    1503.61    139.340    140.591         40 0.0000e+00
      48032   2001.306    772.398    779.000     6.2677     6.2690   3.488089   3.488047     1.7063     1.4039     100.01   27.50148  -95.00447   -0.00025   -0.00009     3.1956     3.2267     6.1961     6.1974    34.9104    34.9098    27.4566    27.4560    1503.76    138.902    140.253         34 0.0000e+00
      48066   2002.723    771.408    778.000     6.2648     6.2697   3.487560   3.487805     1.7049     1.4019     100.00   27.49926  -94.99685   -0.00051   -0.00065     3.1908     3.2190     6.1932     6.1982    34.9087    34.9069    27.4557    27.4536    1503.64    138.693    139.922         37 0.0000e+00
      48168   2006.956    767.449    774.000     6.3096     6.3156   3.491619   3.492022     1.7030     1.3994     100.01   27.50065  -95.00163   -0.00042   -0.00043     3.1794     3.2049     6.2381     6.2441    34.9109    34.9093    27.4516    27.4495    1503.72    138.200    139.306         40 0.0000e+00
      48300   2012.439    762.500    769.000     6.3398     6.3440   3.494135   3.494335     1.6981     1.3947     100.00   27.50014  -94.99985   -0.00070   -0.00070     3.1588     3.1840     6.2687     6.2729    34.9105    34.9085    27.4472    27.4451    1503.69    137.302    138.397         31 0.0000e+00
      48329   2013.686    761.511    768.000     6.3389     6.3440   3.493908   3.494243     1.6971     1.3943     100.00   27.49926  -94.99682   -0.00075   -0.00076     3.1554     3.1822     6.2679     6.2730    34.9093    34.9079    27.4463    27.4446    1503.64    137.153    138.320         32 0.0000e+00
      48460   2019.134    756.562    763.000     6.3661     6.3669   3.496124   3.496040     1.6941     1.3918     100.00   27.49881  -94.99524   -0.00046   -0.00052     3.1414     3.1696     6.2954     6.2962    34.9087    34.9069    27.4423    27.4407    1503.62    136.546    137.771         35 0.0000e+00
      48593   2024.655    751.613    758.000     6.3843     6.3985   3.497599   3.498757     1.6923     1.3907     100.00   27.49910  -94.99622   -0.00021   -0.00028     3.1321     3.1608     6.3140     6.3282    34.9090    34.9074    27.4400    27.4369    1503.63    136.144    137.393         35 0.0000e+00
      48699   2029.097    747.654    754.000     6.4329     6.4331   3.502094   3.501971     1.6909     1.3886     100.00   27.50086  -95.00227   -0.00023   -0.00044     3.1215     3.1489     6.3627     6.3630    34.9117    34.9101    27.4358    27.4345    1503.73    135.682    136.875         34 0.0000e+00
      48734   2030.528    746.664    753.000     6.4313     6.4324   3.501748   3.501677     1.6892     1.3870      99.74   27.49926  -94.99676   -0.00070   -0.00068     3.1160     3.1432     6.3613     6.3624    34.9098    34.9079    27.4344    27.4328    1503.64    135.444    136.627         36 0.0000e+00
      48835   2034.733    742.705    749.000     6.4428     6.4437   3.502696   3.502618     1.6868     1.3857     100.00   27.49988  -94.99888   -0.00054   -0.00030     3.1057     3.1358     6.3731     6.3740    34.9106    34.9088    27.4335    27.4320    1503.67    134.997    136.307         36 0.0000e+00
      48969   2040.322    737.756    744.000     6.4735     6.4789   3.505197   3.505510     1.6851     1.3835     100.00   27.49883  -94.99523   -0.00024   -0.00026     3.0958     3.1234     6.4041     6.4095    34.9095    34.9075    27.4285    27.4262    1503.62    134.566    135.769         32 0.0000e+00
      49079   2044.912    733.796    740.000     6.5093     6.5102   3.508393   3.508329     1.6831     1.3812     100.00   27.50004  -94.99941   -0.00039   -0.00036     3.0848     3.1113     6.4401     6.4410    34.9106    34.9090    27.4247    27.4233    1503.68    134.089    135.243         30 0.0000e+00
      49480   2061.610    718.948    725.000     6.5922     6.5914   3.515481   3.515271     1.6750     1.3742     100.00   27.49988  -94.99887   -0.00035   -0.00027     3.0458     3.0742     6.5240     6.5232    34.9123    34.9108    27.4148    27.4137    1503.68    132.396    133.631         30 0.0000e+00
      49644   2068.449    713.008    719.000     6.6066     6.6098   3.516621   3.516747     1.6731     1.3730     100.00   27.49995  -94.99909   -0.00013   -0.00021     3.0364     3.0661     6.5389     6.5421    34.9132    34.9113    27.4135    27.4116    1503.68    131.988    133.277         30 0.0000e+00
      49912   2079.623    703.109    709.000     6.6350     6.6426   3.518737   3.519339     1.6719     1.3724     100.00   27.49947  -94.99745    0.00001    0.00008     3.0262     3.0575     6.5681     6.5757    34.9126    34.9116    27.4091    27.4073    1503.65    131.544    132.904         30 0.0000e+00
      49942   2080.867    702.118    708.000     6.6371     6.6468   3.518913   3.519645     1.6718     1.3714      57.50   27.49922  -94.99660 -3.979e-07   -0.00007     3.0255     3.0536     6.5704     6.5800    34.9128    34.9111    27.4090    27.4063    1503.64    131.512    132.734         30 0.0000e+00
      50047   2085.255    698.158    704.000     6.6693     6.6688   3.521701   3.521504     1.6703     1.3695     100.00   27.49873  -94.99490   -0.00031   -0.00047     3.0165     3.0436     6.6028     6.6023    34.9129    34.9113    27.4046    27.4034    1503.61    131.123    132.301         33 0.0000e+00
      51644   2151.787    694.199    700.000     6.6902     6.6883   3.523966   3.523763     1.6665     1.3669      93.33   27.50276  -95.00869   -0.00016   -0.00014     3.0006     3.0312     6.6240     6.6221    34.9155    34.9168    27.4039    27.4053    1503.83    130.431    131.765         49 0.0000e+00
      52023   2167.582    693.208    699.000     6.6817     6.6818   3.522691   3.522540     1.6669     1.3675      96.03   27.49919  -94.99634    0.00005    0.00000     3.0028     3.0338     6.6156     6.6157    34.9138    34.9120    27.4036    27.4023    1503.64    130.528    131.876         35 0.0000e+00
      52211   2175.423    686.278    692.000     6.7199     6.7210   3.525864   3.525848     1.6664     1.3661     100.00   27.49847  -94.99385   -0.00025   -0.00041     2.9955     3.0230     6.6543     6.6554    34.9134    34.9122    27.3981    27.3970    1503.60    130.210    131.409         30 0.0000e+00
      52426   2184.377    678.357    684.000     6.7829     6.7851   3.531677   3.531726     1.6610     1.3605      87.66   27.49999  -94.99908   -0.00081   -0.00084     2.9702     2.9954     6.7178     6.7200    34.9177    34.9160    27.3929    27.3912    1503.68    129.114    130.209         32 0.0000e+00
      52529   2188.680    674.397    680.000     6.8164     6.8210   3.534681   3.535000     1.6581     1.3581     100.00   27.49960  -94.99774   -0.00065   -0.00051     2.9568     2.9828     6.7515     6.7561    34.9185    34.9174    27.3889    27.3874    1503.66    128.532    129.660         30 0.0000e+00
      52953   2206.313    658.554    664.000     7.0175     7.0185   3.553161   3.553107     1.6431     1.3436     100.01   27.50072  -95.00162   -0.00085   -0.00088     2.8877     2.9122     6.9532     6.9542    34.9265    34.9247    27.3675    27.3660    1503.73    125.530    126.594         30 0.0000e+00
      52980   2207.451    657.563    663.000     7.0150     7.0183   3.552780   3.552859     1.6422     1.3434     100.00   27.49916  -94.99622   -0.00080   -0.00057     2.8849     2.9111     6.9508     6.9541    34.9252    34.9227    27.3667    27.3643    1503.64    125.408    126.546         30 0.0000e+00
      53082   2211.720    653.602    659.000     7.0524     7.0631   3.556248   3.557071     1.6411     1.3429     100.01   27.50086  -95.00206   -0.00022   -0.00004     2.8771     2.9045     6.9884     6.9991    34.9276    34.9258    27.3635    27.3605    1503.73    125.069    126.262         35 0.0000e+00
      53113   2213.001    652.612    658.000     7.0463     7.0535   3.555454   3.556045     1.6405     1.3415     100.00   27.49916  -94.99620   -0.00019   -0.00034     2.8752     2.9002     6.9824     6.9896    34.9254    34.9245    27.3625    27.3608    1503.64    124.987    126.074         30 0.0000e+00
      53212   2217.138    648.651    654.000     7.1148     7.1187   3.562016   3.562231     1.6385     1.3389     100.00   27.50035  -95.00030   -0.00035   -0.00062     2.8624     2.8849     7.0510     7.0549    34.9302    34.9285    27.3567    27.3549    1503.71    124.429    125.410         33 0.0000e+00
      53244   2218.463    647.661    653.000     7.1104     7.1201   3.561368   3.562164     1.6366     1.3378      74.28   27.49916  -94.99618   -0.00085   -0.00091     2.8565     2.8808     7.0468     7.0564    34.9278    34.9267    27.3554    27.3533    1503.64    124.175    125.230         33 0.0000e+00
      53344   2222.630    643.700    649.000     7.1508     7.1528   3.565214   3.565288     1.6349     1.3359     100.00   27.50023  -94.99993   -0.00037   -0.00054     2.8465     2.8704     7.0873     7.0893    34.9312    34.9297    27.3525    27.3510    1503.70    123.740    124.782         39 0.0000e+00
      53475   2228.080    638.748    644.000     7.1847     7.1854   3.568081   3.568066     1.6341     1.3366     100.00   27.49987  -94.99866    0.00002    0.00008     2.8397     2.8683     7.1216     7.1223    34.9307    34.9298    27.3472    27.3465    1503.68    123.445    124.689         38 0.0000e+00
      53606   2233.522    633.796    639.000     7.2418     7.2524   3.573257   3.574183     1.6334     1.3346     100.00   27.49915  -94.99617   -0.00003   -0.00037     2.8315     2.8549     7.1789     7.1894    34.9321    34.9315    27.3403    27.3383    1503.64    123.088    124.105         32 0.0000e+00
      53764   2240.128    627.854    633.000     7.2999     7.3067   3.578649   3.579179     1.6286     1.3296     100.00   27.49841  -94.99361   -0.00078   -0.00092     2.8100     2.8318     7.2374     7.2442    34.9351    34.9341    27.3343    27.3325    1503.60    122.155    123.104         30 0.0000e+00
      53867   2244.408    623.893    629.000     7.3730     7.3834   3.585789   3.586699     1.6253     1.3254     100.00   27.49878  -94.99486   -0.00071   -0.00091     2.7927     2.8107     7.3105     7.3209    34.9414    34.9408    27.3289    27.3269    1503.62    121.405    122.189         34 0.0000e+00
