GOMECC/GOMECC-4/1db/rb2103_1411.ros
* Sea-Bird SBE 9 Data File:
* FileName = C:\Users\scs.user.rb\CTD\GOMECC4\data\rb2103_1411.hex
* Software Version Seasave V 7.26.7.107
* Temperature SN = 4799
* Conductivity SN = 3860
* Number of Bytes Per Scan = 41
* Number of Voltage Words = 4
* Number of Scans Averaged by the Deck Unit = 1
* NMEA Latitude = 25 34.46 N
* NMEA Longitude = 084 50.56 W
* NMEA UTC (Time) = Oct 20 2021  15:46:56
* NMEA baud rate = 4800
# nquan = 17
# nvalues = 3192                                  
# units = specified
# name 0 = scan: Scan Count
# name 1 = timeS: Time, Elapsed [seconds]
# name 2 = depSM: Depth [salt water, m]
# name 3 = prDM: Pressure, Digiquartz [db]
# name 4 = t090C: Temperature [ITS-90, deg C]
# name 5 = t190C: Temperature, 2 [ITS-90, deg C]
# name 6 = c0S/m: Conductivity [S/m]
# name 7 = c1S/m: Conductivity, 2 [S/m]
# name 8 = sbeox0V: Oxygen raw, SBE 43 [V]
# name 9 = sbeox1V: Oxygen raw, SBE 43, 2 [V]
# name 10 = altM: Altimeter [m]
# name 11 = latitude: Latitude [deg]
# name 12 = longitude: Longitude [deg]
# name 13 = sbox0dV/dT: Oxygen, SBE 43 [dov/dt]
# name 14 = sbox1dV/dT: Oxygen, SBE 43, 2 [dov/dt]
# name 15 = nbf: Bottles Fired
# name 16 = flag:  0.000e+00
# interval = seconds: 0.0416667
# start_time = Oct 20 2021 15:46:56 [NMEA time, header]
# bad_flag = -9.990e-29
*END*
[from data line 937]
     185653   7735.500   1239.159   1250.982     4.5395     4.5410   3.355722   3.355660     1.9255     1.5995      54.11   25.57406  -84.84358   -0.00002    0.00021          8  0.000e+00
     185654   7735.542   1239.159   1250.982     4.5394     4.5410   3.355710   3.355641     1.9243     1.5983      54.11   25.57406  -84.84358   -0.00004    0.00018          8  0.000e+00
     185655   7735.583   1239.159   1250.982     4.5395     4.5413   3.355703   3.355679     1.9255     1.5995      54.11   25.57406  -84.84358   -0.00005    0.00018          8  0.000e+00
     185656   7735.625   1239.104   1250.926     4.5393     4.5410   3.355703   3.355647     1.9255     1.5995      54.11   25.57406  -84.84358   -0.00007    0.00019          8  0.000e+00
     185657   7735.667   1239.104   1250.926     4.5397     4.5408   3.355722   3.355679     1.9255     1.5983      54.11   25.57406  -84.84358   -0.00007    0.00020          8  0.000e+00
     185658   7735.708   1239.160   1250.982     4.5395     4.5410   3.355710   3.355699     1.9255     1.5971      54.11   25.57406  -84.84358   -0.00006    0.00017          8  0.000e+00
     185659   7735.750   1239.139   1250.961     4.5398     4.5408   3.355747   3.355660     1.9255     1.5995      54.11   25.57406  -84.84358   -0.00006    0.00017          8  0.000e+00
     185660   7735.792   1239.105   1250.926     4.5397     4.5409   3.355741   3.355635     1.9255     1.5995      54.11   25.57406  -84.84358   -0.00006    0.00018          8  0.000e+00
     185661   7735.833   1239.160   1250.982     4.5400     4.5410   3.355710   3.355679     1.9255     1.5983      54.11   25.57406  -84.84358   -0.00006    0.00017          8  0.000e+00
     185662   7735.875   1239.105   1250.926     4.5400     4.5411   3.355703   3.355647     1.9255     1.5983      54.11   25.57406  -84.84358   -0.00008    0.00016          8  0.000e+00
     185663   7735.917   1239.105   1250.926     4.5400     4.5410   3.355722   3.355635     1.9255     1.5983      54.11   25.57406  -84.84358   -0.00008    0.00014          8  0.000e+00
     185664   7735.958   1239.105   1250.927     4.5401     4.5410   3.355735   3.355679     1.9243     1.5971      54.09   25.57406  -84.84358   -0.00009    0.00011          8  0.000e+00
     185665   7736.000   1239.105   1250.927     4.5399     4.5410   3.355754   3.355647     1.9255     1.5983      54.09   25.57406  -84.84358   -0.00009    0.00012          8  0.000e+00
     185666   7736.042   1239.105   1250.927     4.5400     4.5408   3.355716   3.355647     1.9255     1.5983      54.11   25.57406  -84.84358   -0.00009    0.00013          8  0.000e+00
     185667   7736.083   1239.105   1250.927     4.5400     4.5408   3.355722   3.355660     1.9255     1.5995      57.58   25.57406  -84.84358   -0.00009    0.00013          8  0.000e+00
     185668   7736.125   1239.105   1250.927     4.5400     4.5409   3.355735   3.355641     1.9255     1.5995      86.79   25.57406  -84.84358   -0.00009    0.00014          8  0.000e+00
     185669   7736.167   1239.085   1250.906     4.5400     4.5410   3.355735   3.355635     1.9255     1.5995     100.00   25.57406  -84.84358   -0.00008    0.00016          8  0.000e+00
     185670   7736.208   1239.057   1250.878     4.5400     4.5410   3.355709   3.355654     1.9243     1.5983     100.00   25.57406  -84.84358   -0.00008    0.00016          8  0.000e+00
     185671   7736.250   1239.057   1250.878     4.5403     4.5410   3.355747   3.355667     1.9255     1.5995     100.00   25.57406  -84.84358   -0.00006    0.00015          8  0.000e+00
     185672   7736.292   1239.105   1250.927     4.5400     4.5410   3.355741   3.355641     1.9255     1.5995     100.00   25.57406  -84.84358   -0.00006    0.00016          8  0.000e+00
     185673   7736.333   1239.057   1250.878     4.5402     4.5410   3.355735   3.355647     1.9255     1.5995      99.98   25.57406  -84.84358   -0.00006    0.00017          8  0.000e+00
     185674   7736.375   1239.002   1250.822     4.5404     4.5410   3.355735   3.355635     1.9255     1.5995     100.00   25.57406  -84.84358   -0.00006    0.00019          8  0.000e+00
     185675   7736.417   1239.057   1250.878     4.5400     4.5410   3.355754   3.355654     1.9243     1.5983     100.00   25.57406  -84.84358   -0.00007    0.00018          8  0.000e+00
     185676   7736.458   1239.057   1250.878     4.5403     4.5410   3.355766   3.355667     1.9255     1.5971     100.00   25.57406  -84.84358   -0.00007    0.00014          8  0.000e+00
     185677   7736.500   1239.057   1250.878     4.5403     4.5412   3.355766   3.355667     1.9255     1.5983     100.00   25.57406  -84.84358   -0.00007    0.00013          8  0.000e+00
     185678   7736.542   1239.002   1250.823     4.5403     4.5411   3.355741   3.355667     1.9255     1.5995     100.00   25.57406  -84.84358   -0.00006    0.00016          8  0.000e+00
     185679   7736.583   1239.002   1250.823     4.5401     4.5413   3.355754   3.355705     1.9255     1.5995     100.00   25.57406  -84.84358   -0.00006    0.00016          8  0.000e+00
     185680   7736.625   1239.037   1250.858     4.5402     4.5414   3.355766   3.355679     1.9255     1.5983     100.00   25.57406  -84.84358   -0.00006    0.00014          8  0.000e+00
     185681   7736.667   1238.954   1250.774     4.5404     4.5413   3.355741   3.355667     1.9255     1.5995     100.00   25.57406  -84.84358   -0.00005    0.00014          8  0.000e+00
     185682   7736.708   1239.003   1250.823     4.5403     4.5415   3.355773   3.355641     1.9255     1.5995     100.00   25.57406  -84.84358   -0.00005    0.00017          8  0.000e+00
     185683   7736.750   1238.954   1250.774     4.5403     4.5413   3.355773   3.355679     1.9255     1.5983     100.00   25.57406  -84.84358   -0.00005    0.00016          8  0.000e+00
     185684   7736.792   1239.003   1250.823     4.5403     4.5415   3.355766   3.355699     1.9255     1.5983     100.00   25.57406  -84.84358   -0.00005    0.00015          8  0.000e+00
     185685   7736.833   1238.955   1250.774     4.5403     4.5416   3.355741   3.355699     1.9255     1.5995     100.00   25.57406  -84.84358   -0.00004    0.00016          8  0.000e+00
     185686   7736.875   1238.955   1250.774     4.5403     4.5421   3.355754   3.355711     1.9255     1.5983     100.00   25.57406  -84.84358   -0.00004    0.00013          8  0.000e+00
     185687   7736.917   1238.900   1250.719     4.5406     4.5418   3.355766   3.355724     1.9255     1.5983     100.00   25.57406  -84.84358   -0.00004    0.00012          8  0.000e+00
     185688   7736.958   1238.955   1250.774     4.5405     4.5418   3.355785   3.355731     1.9255     1.5983     100.00   25.57406  -84.84358   -0.00003    0.00012          8  0.000e+00
     185689   7737.000   1238.955   1250.775     4.5406     4.5420   3.355773   3.355705     1.9255     1.5983     100.00   25.57406  -84.84358   -0.00003    0.00013          8  0.000e+00
     185690   7737.042   1238.852   1250.670     4.5408     4.5419   3.355785   3.355718     1.9267     1.5971     100.00   25.57406  -84.84358   -0.00001    0.00010          8  0.000e+00
     185691   7737.083   1238.886   1250.705     4.5407     4.5420   3.355773   3.355731     1.9255     1.5983     100.00   25.57406  -84.84358   -0.00001    0.00009          8  0.000e+00
     185692   7737.125   1238.900   1250.719     4.5407     4.5421   3.355766   3.355705     1.9255     1.5995     100.00   25.57406  -84.84358   -0.00001    0.00010          8  0.000e+00
     185693   7737.167   1238.900   1250.719     4.5406     4.5418   3.355766   3.355711     1.9243     1.5995     100.00   25.57406  -84.84358   -0.00002    0.00011          8  0.000e+00
     185694   7737.208   1238.797   1250.614     4.5407     4.5420   3.355785   3.355743     1.9255     1.5983     100.00   25.57406  -84.84358   -0.00002    0.00008          8  0.000e+00
     185695   7737.250   1238.852   1250.670     4.5406     4.5418   3.355773   3.355711     1.9255     1.5983     100.00   25.57406  -84.84358   -0.00002    0.00007          8  0.000e+00
     185696   7737.292   1238.852   1250.670     4.5407     4.5418   3.355766   3.355718     1.9255     1.5995     100.00   25.57406  -84.84358   -0.00001    0.00008          8  0.000e+00
     185697   7737.333   1238.797   1250.615     4.5409     4.5419   3.355766   3.355750     1.9255     1.5995     100.00   25.57406  -84.84358   -0.00001    0.00010          8  0.000e+00
     185698   7737.375   1238.797   1250.615     4.5406     4.5420   3.355785   3.355711     1.9255     1.5983     100.00   25.57406  -84.84358   -0.00001    0.00007          8  0.000e+00
     185699   7737.417   1238.797   1250.615     4.5407     4.5418   3.355773   3.355737     1.9255     1.5983     100.00   25.57406  -84.84358   -0.00000    0.00006          8  0.000e+00
     185700   7737.458   1238.749   1250.566     4.5406     4.5419   3.355785   3.355750     1.9255     1.5971     100.00   25.57406  -84.84358   -0.00000    0.00003          8  0.000e+00
     185701   7737.500   1238.749   1250.566     4.5407     4.5418   3.355791   3.355730     1.9255     1.5995     100.00   25.57406  -84.84358    0.00000    0.00005          8  0.000e+00
     185702   7737.542   1238.728   1250.545     4.5410     4.5419   3.355747   3.355730     1.9255     1.5995     100.00   25.57406  -84.84358    0.00000    0.00006          8  0.000e+00
     185703   7737.583   1238.749   1250.566     4.5408     4.5422   3.355773   3.355730     1.9267     1.5995     100.00   25.57406  -84.84358    0.00002    0.00005          8  0.000e+00
     185704   7737.625   1238.694   1250.510     4.5407     4.5418   3.355772   3.355705     1.9243     1.5983     100.00   25.57406  -84.84358    0.00001    0.00004          8  0.000e+00
     185705   7737.667   1238.646   1250.462     4.5406     4.5419   3.355766   3.355737     1.9255     1.5983     100.00   25.57406  -84.84358    0.00001    0.00002          8  0.000e+00
     185706   7737.708   1238.694   1250.510     4.5404     4.5418   3.355741   3.355724     1.9255     1.5971     100.00   25.57406  -84.84358    0.00002   -0.00001          8  0.000e+00
     185707   7737.750   1238.646   1250.462     4.5404     4.5421   3.355709   3.355698     1.9255     1.5983     100.00   25.57406  -84.84358    0.00002   -0.00004          8  0.000e+00
     185708   7737.792   1238.646   1250.462     4.5405     4.5418   3.355747   3.355698     1.9255     1.5995     100.00   25.57406  -84.84358    0.00002   -0.00003          8  0.000e+00
     185709   7737.833   1238.591   1250.406     4.5406     4.5419   3.355766   3.355698     1.9255     1.5983     100.00   25.57406  -84.84358    0.00002   -0.00003          8  0.000e+00
     185710   7737.875   1238.591   1250.406     4.5408     4.5418   3.355741   3.355737     1.9255     1.5995     100.00   25.57406  -84.84358    0.00003   -0.00002          8  0.000e+00
     185711   7737.917   1238.543   1250.357     4.5407     4.5418   3.355754   3.355711     1.9255     1.5983     100.00   25.57406  -84.84358    0.00005   -0.00005          8  0.000e+00
     185712   7737.958   1238.591   1250.406     4.5407     4.5419   3.355741   3.355718     1.9255     1.5995     100.00   25.57406  -84.84358    0.00005   -0.00005          8  0.000e+00
     185713   7738.000   1238.495   1250.308     4.5405     4.5420   3.355753   3.355718     1.9255     1.5983     100.00   25.57406  -84.84358    0.00004   -0.00004          8  0.000e+00
     185714   7738.042   1238.522   1250.336     4.5406     4.5419   3.355741   3.355724     1.9267     1.5983     100.00   25.57406  -84.84358    0.00006   -0.00004          8  0.000e+00
     185715   7738.083   1238.495   1250.309     4.5406     4.5420   3.355753   3.355750     1.9255     1.5995     100.00   25.57406  -84.84358    0.00006   -0.00001          8  0.000e+00
     185716   7738.125   1238.495   1250.309     4.5407     4.5419   3.355766   3.355711     1.9255     1.5983     100.00   25.57406  -84.84358    0.00006   -0.00001          8  0.000e+00
     185717   7738.167   1238.440   1250.253     4.5404     4.5418   3.355766   3.355718     1.9255     1.5971     100.00   25.57406  -84.84358    0.00006   -0.00004          8  0.000e+00
     185718   7738.208   1238.440   1250.253     4.5406     4.5419   3.355716   3.355705     1.9255     1.5983     100.00   25.57406  -84.84358    0.00005   -0.00007          8  0.000e+00
     185719   7738.250   1238.440   1250.253     4.5404     4.5421   3.355722   3.355718     1.9267     1.5995     100.00   25.57406  -84.84358    0.00007   -0.00006          8  0.000e+00
     185720   7738.292   1238.336   1250.148     4.5406     4.5420   3.355753   3.355718     1.9267     1.5983     100.00   25.57406  -84.84358    0.00009   -0.00006          8  0.000e+00
     185721   7738.333   1238.392   1250.204     4.5406     4.5418   3.355741   3.355724     1.9255     1.5995     100.00   25.57406  -84.84358    0.00009   -0.00004          8  0.000e+00
     185722   7738.375   1238.392   1250.204     4.5406     4.5420   3.355709   3.355705     1.9255     1.5983     100.00   25.57406  -84.84358    0.00009   -0.00003          8  0.000e+00
     185723   7738.417   1238.337   1250.149     4.5403     4.5419   3.355747   3.355698     1.9255     1.5983     100.00   25.57406  -84.84358    0.00009   -0.00004          8  0.000e+00
     185724   7738.458   1238.288   1250.100     4.5403     4.5421   3.355741   3.355718     1.9255     1.5995     100.00   25.57406  -84.84358    0.00009   -0.00005          8  0.000e+00
     185725   7738.500   1238.289   1250.100     4.5403     4.5422   3.355709   3.355705     1.9267     1.5995     100.00   25.57406  -84.84358    0.00011   -0.00005          8  0.000e+00
     185726   7738.542   1238.289   1250.100     4.5406     4.5419   3.355722   3.355718     1.9255     1.5983     100.00   25.57406  -84.84358    0.00011   -0.00005          8  0.000e+00
     185727   7738.583   1238.213   1250.023     4.5404     4.5420   3.355709   3.355718     1.9255     1.5983     100.00   25.57406  -84.84358    0.00011   -0.00004          8  0.000e+00
     185728   7738.625   1238.289   1250.100     4.5406     4.5419   3.355747   3.355698     1.9255     1.5971     100.00   25.57406  -84.84358    0.00011   -0.00005          8  0.000e+00
     185729   7738.667   1238.185   1249.995     4.5407     4.5418   3.355766   3.355698     1.9255     1.5995     100.00   25.57406  -84.84358    0.00012   -0.00005          8  0.000e+00
     185730   7738.708   1238.185   1249.996     4.5406     4.5418   3.355741   3.355698     1.9255     1.5983     100.00   25.57406  -84.84358    0.00010   -0.00006          8  0.000e+00
     185731   7738.750   1238.234   1250.044     4.5412     4.5421   3.355772   3.355698     1.9267     1.5995     100.00   25.57406  -84.84358    0.00012   -0.00007          8  0.000e+00
     185732   7738.792   1238.130   1249.940     4.5410     4.5418   3.355791   3.355698     1.9255     1.5983     100.00   25.57406  -84.84358    0.00012   -0.00008          8  0.000e+00
     185733   7738.833   1238.130   1249.940     4.5411     4.5421   3.355791   3.355711     1.9255     1.5995     100.00   25.57406  -84.84358    0.00012   -0.00006          8  0.000e+00
     185734   7738.875   1238.131   1249.940     4.5412     4.5420   3.355747   3.355724     1.9255     1.5995     100.00   25.57406  -84.84358    0.00012   -0.00004          8  0.000e+00
     185735   7738.917   1238.082   1249.891     4.5411     4.5422   3.355772   3.355705     1.9255     1.5983     100.00   25.57406  -84.84358    0.00012   -0.00003          8  0.000e+00
     185736   7738.958   1238.082   1249.891     4.5409     4.5423   3.355747   3.355717     1.9255     1.5983     100.00   25.57406  -84.84358    0.00012   -0.00005          8  0.000e+00
