GOMECC/GOMECC-4/1db/rb2103_0271.cnv
* Sea-Bird SBE 9 Data File:
* FileName = C:\Users\scs.user.rb\CTD\GOMECC4\data\rb2103_0271.hex
* Software Version Seasave V 7.26.7.107
* Temperature SN = 4799
* Conductivity SN = 3860
* Number of Bytes Per Scan = 41
* Number of Voltage Words = 4
* Number of Scans Averaged by the Deck Unit = 1
* NMEA Latitude = 28 10.29 N
* NMEA Longitude = 086 28.83 W
* NMEA UTC (Time) = Sep 21 2021  14:01:03
* NMEA baud rate = 4800
# nquan = 28
# nvalues = 357                         
# units = specified
# name 0 = scan: Scan Count
# name 1 = timeS: Time, Elapsed [seconds]
# name 2 = depSM: Depth [salt water, m]
# name 3 = prDM: Pressure, Digiquartz [db]
# name 4 = t090C: Temperature [ITS-90, deg C]
# name 5 = t190C: Temperature, 2 [ITS-90, deg C]
# name 6 = c0S/m: Conductivity [S/m]
# name 7 = c1S/m: Conductivity, 2 [S/m]
# name 8 = sbeox0V: Oxygen raw, SBE 43 [V]
# name 9 = sbeox1V: Oxygen raw, SBE 43, 2 [V]
# name 10 = altM: Altimeter [m]
# name 11 = latitude: Latitude [deg]
# name 12 = longitude: Longitude [deg]
# name 13 = sbox0dV/dT: Oxygen, SBE 43 [dov/dt]
# name 14 = sbox1dV/dT: Oxygen, SBE 43, 2 [dov/dt]
# name 15 = sbeox0ML/L: Oxygen, SBE 43 [ml/l], WS = 5
# name 16 = sbeox1ML/L: Oxygen, SBE 43, 2 [ml/l], WS = 5
# name 17 = potemp090C: Potential Temperature [ITS-90, deg C]
# name 18 = potemp190C: Potential Temperature, 2 [ITS-90, deg C]
# name 19 = sal00: Salinity, Practical [PSU]
# name 20 = sal11: Salinity, Practical, 2 [PSU]
# name 21 = sigma-é00: Density [sigma-theta, kg/m^3]
# name 22 = sigma-é11: Density, 2 [sigma-theta, kg/m^3]
# name 23 = avgsvCM: Average Sound Velocity [Chen-Millero, m/s], minP = 20, minS = 20
# name 24 = sbox0Mm/Kg: Oxygen, SBE 43 [umol/kg], WS = 5
# name 25 = sbox1Mm/Kg: Oxygen, SBE 43, 2 [umol/kg], WS = 5
# name 26 = nbin: number of scans per bin
# name 27 = flag: flag
# span 0 =       8190,      89657       
# span 1 =    341.212,   3735.646       
# span 2 =      1.987,    885.145       
# span 3 =      2.000,    893.000       
# span 4 =     5.6140,    29.0369       
# span 5 =     5.6145,    29.0341       
# span 6 =   3.434032,   5.850025       
# span 7 =   3.434000,   5.850415       
# span 8 =     1.6191,     3.1116       
# span 9 =     1.3240,     2.6422       
# span 10 =      10.07,     101.28      
# span 11 =   27.84592,   28.31347      
# span 12 =  -86.92146,  -85.48613      
# span 13 =   -0.02056,    0.02026      
# span 14 =   -0.01935,    0.01860      
# span 15 =     2.5668,     4.4444      
# span 16 =     2.5972,     4.4430      
# span 17 =     5.5356,    29.0231      
# span 18 =     5.5360,    29.0289      
# span 19 =    32.4739,    36.6521      
# span 20 =    32.4742,    36.6517      
# span 21 =    20.4760,    27.5461      
# span 22 =    20.4754,    27.5454      
# span 23 =       0.00,    1552.89      
# span 24 =    111.613,    194.457      
# span 25 =    112.935,    194.401      
# span 26 =         30,         71      
# span 27 = 0.0000e+00, 0.0000e+00      
# interval = decibars: 1                
# start_time = Sep 21 2021 14:01:03 [NMEA time, header]
# bad_flag = -9.990e-29
*END*
[from data line 259]
      72135   3005.603    128.100    129.000    19.4310    19.4677   4.932034   4.936759     2.1585     1.8064      89.03   28.19020  -86.54310    0.00085   -0.00010     3.1302     3.1534    19.4065    19.4441    36.6092    36.6169    26.1483    26.1447    1502.88    136.236    137.246         47 0.0000e+00
      72143   3005.915    127.108    128.000    19.4264    19.4572   4.929864   4.933598     2.1577     1.8073      99.99   28.16942  -86.47930    0.00036    0.00033     3.1292     3.1557    19.4030    19.4338    36.5854    36.5896    26.1290    26.1242    1501.77    136.194    137.345         57 0.0000e+00
      72198   3008.226    126.115    127.000    19.4866    19.5000   4.936896   4.938628     2.1600     1.8095     100.00   28.16943  -86.47930    0.00071    0.00141     3.1299     3.1580    19.4634    19.4773    36.5916    36.5949    26.1180    26.1172    1501.77    136.223    137.446         53 0.0000e+00
      72249   3010.325    125.122    126.000    19.4780    19.5002   4.936332   4.939000     2.1605     1.8116     100.00   28.16944  -86.47930    0.00065    0.00081     3.1310     3.1625    19.4549    19.4771    36.5949    36.5976    26.1227    26.1190    1501.77    136.273    137.641         49 0.0000e+00
      72298   3012.387    124.129    125.000    19.5125    19.5300   4.940214   4.942586     2.1626     1.8131     100.00   28.16942  -86.47930    0.00055    0.00100     3.1332     3.1641    19.4896    19.5071    36.5973    36.6029    26.1155    26.1152    1501.77    136.366    137.714         49 0.0000e+00
      72344   3014.306    123.137    124.000    19.5063    19.5553   4.939571   4.945439     2.1638     1.8146     100.00   28.16942  -86.47930    0.00100    0.00059     3.1357     3.1654    19.4835    19.5325    36.5978    36.6036    26.1174    26.1091    1501.77    136.475    137.770         41 0.0000e+00
      72384   3015.954    122.144    123.000    19.5745    19.6304   4.947438   4.954443     2.1663     1.8171     100.00   28.16942  -86.47930    0.00088    0.00112     3.1364     3.1664    19.5519    19.6077    36.6039    36.6132    26.1041    26.0966    1501.77    136.507    137.815         39 0.0000e+00
      72423   3017.566    121.151    122.000    19.6378    19.6587   4.954955   4.957811     2.1713     1.8204     100.00   28.16942  -86.47930    0.00201    0.00152     3.1427     3.1720    19.6153    19.6362    36.6113    36.6167    26.0932    26.0918    1501.77    136.784    138.059         38 0.0000e+00
      72461   3019.172    120.158    121.000    19.6935    19.7082   4.961194   4.963417     2.1752     1.8244      99.99   28.16942  -86.47930    0.00265    0.00218     3.1472     3.1780    19.6711    19.6859    36.6147    36.6203    26.0811    26.0815    1501.77    136.982    138.323         38 0.0000e+00
      72497   3020.664    119.166    120.000    19.8035    19.8586   4.974665   4.980780     2.1811     1.8294      99.96   28.16942  -86.47930    0.00283    0.00260     3.1519     3.1801    19.7811    19.8370    36.6288    36.6310    26.0628    26.0493    1501.77    137.188    138.417         35 0.0000e+00
      72531   3022.069    118.173    119.000    19.8958    19.9515   4.985450   4.992064     2.1898     1.8382     100.00   28.16942  -86.47930    0.00428    0.00384     3.1648     3.1950    19.8737    19.9293    36.6395    36.6456    26.0465    26.0364    1501.77    137.753    139.068         33 0.0000e+00
      72565   3023.514    117.180    118.000    19.9610    19.9879   4.992918   4.996396     2.1978     1.8464     100.00   28.16942  -86.47930    0.00567    0.00572     3.1775     3.2119    19.9391    19.9659    36.6447    36.6500    26.0331    26.0300    1501.77    138.307    139.803         35 0.0000e+00
      72600   3024.941    116.188    117.000    20.0053    20.0278   4.998325   5.000410     2.2043     1.8508     100.00   28.16942  -86.47930    0.00546    0.00522     3.1882     3.2195    19.9835    20.0061    36.6510    36.6486    26.0261    26.0184    1501.77    138.774    140.138         34 0.0000e+00
      72631   3026.268    115.195    116.000    20.0437    20.0633   5.002466   5.004494     2.2081     1.8535      99.85   28.16942  -86.47930    0.00443    0.00341     3.1934     3.2234    20.0220    20.0416    36.6521    36.6517    26.0167    26.0112    1501.77    139.001    140.306         30 0.0000e+00
      72664   3027.623    114.202    115.000    20.0950    20.1088   5.007664   5.009251     2.2122     1.8581     100.00   28.16943  -86.47930    0.00328    0.00259     3.1987     3.2310    20.0734    20.0873    36.6506    36.6516    26.0019    25.9989    1501.77    139.233    140.642         35 0.0000e+00
      72699   3029.077    113.209    114.000    20.1081    20.1239   5.008760   5.010105     2.2159     1.8588     100.00   28.16944  -86.47930    0.00289    0.00232     3.2055     3.2314    20.0868    20.1026    36.6485    36.6458    25.9967    25.9905    1501.77    139.530    140.659         34 0.0000e+00
      72732   3030.459    112.216    113.000    20.1240    20.1374   5.009363   5.010346     2.2164     1.8586      87.74   28.16944  -86.47930    0.00221    0.00111     3.2052     3.2299    20.1029    20.1162    36.6400    36.6365    25.9859    25.9797    1501.77    139.519    140.595         32 0.0000e+00
      72764   3031.794    111.223    112.000    20.1420    20.1375   5.010068   5.009106     2.2141     1.8520      78.97   28.16944  -86.47930    0.00041   -0.00114     3.1989     3.2142    20.1211    20.1165    36.6305    36.6253    25.9738    25.9710    1501.77    139.247    139.914         33 0.0000e+00
      72798   3033.198    110.231    111.000    20.1301    20.1217   5.005635   5.003344     2.2052     1.8423      99.85   28.16944  -86.47930   -0.00200   -0.00432     3.1808     3.1921    20.1096    20.1026    36.6046    36.5960    25.9571    25.9536    1501.77    138.461    138.951         35 0.0000e+00
      72832   3034.608    109.238    110.000    20.1108    20.1023   5.001101   4.998376     2.1957     1.8336     100.00   28.16944  -86.47930   -0.00533   -0.00637     3.1616     3.1732    20.0902    20.0817    36.5847    36.5696    25.9471    25.9378    1501.77    137.626    138.131         32 0.0000e+00
      72864   3035.943    108.245    109.000    20.0857    20.0808   4.994801   4.993368     2.1872     1.8242     100.00   28.16944  -86.47930   -0.00690   -0.00656     3.1451     3.1525    20.0653    20.0604    36.5550    36.5474    25.9310    25.9266    1501.77    136.910    137.233         32 0.0000e+00
      72896   3037.311    107.252    108.000    20.0643    20.0565   4.989749   4.987700     2.1788     1.8169     100.00   28.16944  -86.47930   -0.00689   -0.00643     3.1284     3.1368    20.0441    20.0366    36.5324    36.5222    25.9194    25.9137    1501.77    136.183    136.549         34 0.0000e+00
      72930   3038.709    106.259    107.000    20.0496    20.0425   4.985897   4.983343     2.1705     1.8119     100.00   28.16944  -86.47930   -0.00647   -0.00543     3.1115     3.1258    20.0296    20.0225    36.5137    36.4989    25.9091    25.8996    1501.77    135.450    136.075         33 0.0000e+00
      72963   3040.079    105.267    106.000    20.0555    20.0575   4.984365   4.983974     2.1685     1.8136     100.00   28.16944  -86.47930   -0.00466   -0.00287     3.1068     3.1286    20.0358    20.0377    36.4964    36.4914    25.8942    25.8898    1501.77    135.247    136.197         32 0.0000e+00
      72995   3041.426    104.274    105.000    20.0819    20.0840   4.986065   4.986136     2.1710     1.8180     100.00   28.16943  -86.47930   -0.00187    0.00060     3.1104     3.1372    20.0622    20.0644    36.4879    36.4866    25.8806    25.8791    1501.77    135.405    136.571         33 0.0000e+00
      73029   3042.816    103.281    104.000    20.1004    20.1097   4.987881   4.988613     2.1767     1.8234     100.00   28.16942  -86.47930    0.00165    0.00306     3.1210     3.1481    20.0810    20.0902    36.4871    36.4851    25.8750    25.8710    1501.77    135.868    137.048         34 0.0000e+00
      73062   3044.219    102.288    103.000    20.1559    20.1497   4.993903   4.993276     2.1815     1.8279     100.00   28.16942  -86.47930    0.00347    0.00357     3.1275     3.1559    20.1366    20.1305    36.4889    36.4891    25.8616    25.8633    1501.77    136.152    137.387         34 0.0000e+00
      73096   3045.615    101.295    102.000    20.2389    20.2553   5.003122   5.003909     2.1885     1.8346     100.00   28.16942  -86.47930    0.00385    0.00360     3.1347     3.1631    20.2197    20.2367    36.4931    36.4830    25.8426    25.8332    1501.77    136.468    137.709         33 0.0000e+00
      73129   3046.994    100.303    101.000    20.3813    20.4452   5.017754   5.023347     2.2037     1.8534     100.00   28.16942  -86.47930    0.00592    0.00620     3.1601     3.1976    20.3622    20.4261    36.4903    36.4808    25.8022    25.7777    1501.77    137.582    139.215         33 0.0000e+00
      73162   3048.393     99.310    100.000    20.4681    20.4935   5.026114   5.028576     2.2269     1.8781     100.00   28.16942  -86.47930    0.01106    0.01281     3.2038     3.2522    20.4492    20.4745    36.4840    36.4823    25.7740    25.7658    1501.77    139.487    141.596         34 0.0000e+00
      73197   3049.834     98.317     99.000    20.5367    20.5625   5.032070   5.034453     2.2507     1.8987     100.00   28.16942  -86.47930    0.01561    0.01625     3.2498     3.2958    20.5180    20.5437    36.4738    36.4711    25.7476    25.7386    1501.77    141.494    143.498         35 0.0000e+00
      73230   3051.220     97.324     98.000    20.6305    20.6668   5.040862   5.044196     2.2736     1.9225     100.00   28.16942  -86.47930    0.01653    0.01558     3.2923     3.3448    20.6119    20.6482    36.4651    36.4610    25.7155    25.7026    1501.77    143.349    145.637         32 0.0000e+00
      73262   3052.560     96.331     97.000    20.7897    20.8290   5.056917   5.062063     2.3003     1.9484     100.00   28.16942  -86.47930    0.01722    0.01689     3.3382     3.3943    20.7711    20.8104    36.4592    36.4673    25.6678    25.6633    1501.77    145.353    147.797         32 0.0000e+00
      73330   3055.385     94.345     95.000    21.0720    21.1100   5.088139   5.092956     2.3567     1.9987      99.97   28.16932  -86.47899    0.02026    0.01860     3.4372     3.4922    21.0536    21.0916    36.4708    36.4772    25.5994    25.5938    1501.76    149.676    152.068         32 0.0000e+00
      75117   3129.821     88.388     89.000    21.7433    21.8117   5.154033   5.160479     2.5491     2.1632      76.70   28.16401  -86.46277    0.00002    0.00050     3.7900     3.8214    21.7249    21.7941    36.4296    36.4223    25.3815    25.3563    1501.48    165.072    166.440         43 0.0000e+00
      75176   3132.292     87.395     88.000    21.7483    21.8220   5.154679   5.162331     2.5456     2.1642     100.00   28.16940  -86.47932   -0.00178    0.00029     3.7821     3.8229    21.7309    21.8046    36.4315    36.4289    25.3817    25.3590    1501.77    164.727    166.509         47 0.0000e+00
      75221   3134.179     86.402     87.000    21.7943    21.9110   5.159416   5.169687     2.5493     2.1736     100.00   28.16940  -86.47932   -0.00055    0.00187     3.7859     3.8389    21.7771    21.8937    36.4307    36.4221    25.3681    25.3288    1501.77    164.895    167.209         43 0.0000e+00
      75263   3135.923     85.409     86.000    21.8667    22.0028   5.167305   5.180185     2.5590     2.1921      67.17   28.16940  -86.47932    0.00331    0.00720     3.8002     3.8726    21.8496    21.9857    36.4326    36.4198    25.3492    25.3012    1501.77    165.523    168.681         40 0.0000e+00
      75301   3137.505     84.416     85.000    21.9581    22.0467   5.175930   5.184800     2.5725     2.2026      99.69   28.16940  -86.47932    0.00635    0.00947     3.8212     3.8930    21.9412    22.0298    36.4243    36.4198    25.3171    25.2887    1501.77    166.441    169.574         36 0.0000e+00
      75338   3139.033     83.423     84.000    22.0484    22.1018   5.184603   5.190285     2.5839     2.2041     100.00   28.16940  -86.47932    0.00805    0.00551     3.8378     3.8922    22.0316    22.0851    36.4173    36.4172    25.2863    25.2711    1501.77    167.167    169.540         36 0.0000e+00
      75374   3140.544     82.430     83.000    22.1434    22.2259   5.192941   5.200156     2.5925     2.2071     100.00   28.16940  -86.47932    0.00708    0.00184     3.8483     3.8904    22.1269    22.2093    36.4036    36.3912    25.2489    25.2162    1501.77    167.633    169.473         37 0.0000e+00
      75410   3142.040     81.437     82.000    22.2631    22.3739   5.203098   5.213591     2.6055     2.2198     100.00   28.16940  -86.47932    0.00659    0.00283     3.8662     3.9078    22.2467    22.3577    36.3835    36.3690    25.1997    25.1553    1501.77    168.419    170.242         34 0.0000e+00
      75443   3143.420     80.445     81.000    22.3983    22.4917   5.216625   5.225300     2.6225     2.2361     100.00   28.16940  -86.47932    0.00896    0.00778     3.8907     3.9370    22.3820    22.4753    36.3771    36.3672    25.1563    25.1221    1501.77    169.495    171.515         32 0.0000e+00
      75475   3144.744     79.452     80.000    22.4906    22.5683   5.226391   5.234181     2.6398     2.2542     100.00   28.16940  -86.47932    0.01173    0.01226     3.9189     3.9715    22.4744    22.5521    36.3769    36.3730    25.1297    25.1045    1501.77    170.727    173.024         33 0.0000e+00
      75510   3146.228     78.459     79.000    22.5486    22.6030   5.232859   5.238331     2.6546     2.2623     100.00   28.16940  -86.47932    0.01223    0.01132     3.9442     3.9872    22.5326    22.5870    36.3795    36.3786    25.1150    25.0988    1501.77    171.834    173.707         37 0.0000e+00
      75545   3147.685     77.466     78.000    22.5690    22.6212   5.235158   5.240767     2.6652     2.2681     100.00   28.16940  -86.47932    0.00986    0.00650     3.9637     3.9978    22.5532    22.6054    36.3808    36.3811    25.1101    25.0954    1501.77    172.682    174.171         33 0.0000e+00
      75577   3148.996     76.473     77.000    22.6047    22.6369   5.238639   5.242064     2.6714     2.2695     100.00   28.16940  -86.47932    0.00719    0.00333     3.9733     3.9995    22.5891    22.6213    36.3786    36.3785    25.0982    25.0889    1501.77    173.104    174.244         32 0.0000e+00
      75611   3150.420     75.480     76.000    22.6246    22.6480   5.240354   5.242515     2.6763     2.2742     100.00   28.16940  -86.47932    0.00501    0.00265     3.9813     4.0088    22.6092    22.6326    36.3758    36.3732    25.0903    25.0816    1501.77    173.453    174.653         36 0.0000e+00
      75648   3151.948     74.487     75.000    22.6465    22.6991   5.241649   5.245950     2.6803     2.2770     100.00   28.16940  -86.47932    0.00344    0.00223     3.9875     4.0112    22.6312    22.6839    36.3680    36.3578    25.0781    25.0551    1501.77    173.724    174.763         35 0.0000e+00
      75681   3153.345     73.494     74.000    22.7663    22.8293   5.251313   5.257566     2.6852     2.2859     100.00   28.16940  -86.47932    0.00294    0.00335     3.9889     4.0227    22.7456    22.8145    36.3487    36.3483    25.0305    25.0131    1501.77    173.795    175.269         33 0.0000e+00
      75715   3154.740     72.501     73.000    22.9354    23.0849   5.269222   5.282775     2.6991     2.3045      99.78   28.16940  -86.47932    0.00492    0.00767     4.0034     4.0458    22.9204    23.0699    36.3435    36.3322    24.9760    24.9241    1501.77    174.434    176.292         35 0.0000e+00
