GOMECC/GOMECC-4/1db/rb2103_0651.ros
* Sea-Bird SBE 9 Data File:
* FileName = C:\Users\scs.user.rb\CTD\GOMECC4\data\rb2103_0651.hex
* Software Version Seasave V 7.26.7.107
* Temperature SN = 4799
* Conductivity SN = 3860
* Number of Bytes Per Scan = 41
* Number of Voltage Words = 4
* Number of Scans Averaged by the Deck Unit = 1
* NMEA Latitude = 26 03.47 N
* NMEA Longitude = 096 19.52 W
* NMEA UTC (Time) = Oct 02 2021  07:20:22
* NMEA baud rate = 4800
# nquan = 17
# nvalues = 1463                                  
# units = specified
# name 0 = scan: Scan Count
# name 1 = timeS: Time, Elapsed [seconds]
# name 2 = depSM: Depth [salt water, m]
# name 3 = prDM: Pressure, Digiquartz [db]
# name 4 = t090C: Temperature [ITS-90, deg C]
# name 5 = t190C: Temperature, 2 [ITS-90, deg C]
# name 6 = c0S/m: Conductivity [S/m]
# name 7 = c1S/m: Conductivity, 2 [S/m]
# name 8 = sbeox0V: Oxygen raw, SBE 43 [V]
# name 9 = sbeox1V: Oxygen raw, SBE 43, 2 [V]
# name 10 = altM: Altimeter [m]
# name 11 = latitude: Latitude [deg]
# name 12 = longitude: Longitude [deg]
# name 13 = sbox0dV/dT: Oxygen, SBE 43 [dov/dt]
# name 14 = sbox1dV/dT: Oxygen, SBE 43, 2 [dov/dt]
# name 15 = nbf: Bottles Fired
# name 16 = flag:  0.000e+00
# interval = seconds: 0.0416667
# start_time = Oct 02 2021 07:20:22 [NMEA time, header]
# bad_flag = -9.990e-29
*END*
[from data line 681]
      29069   1211.167     49.831     50.163    23.3120    23.3084   5.291967   5.291866     3.1563     2.7057     100.00   26.05928  -96.32618    0.00059    0.00105          6  0.000e+00
      29070   1211.208     49.831     50.163    23.3116    23.3091   5.291997   5.291950     3.1563     2.7057     100.00   26.05928  -96.32618    0.00067    0.00113          6  0.000e+00
      29071   1211.250     49.831     50.163    23.3116    23.3102   5.291944   5.292020     3.1563     2.7057     100.00   26.05928  -96.32618    0.00075    0.00121          6  0.000e+00
      29072   1211.292     49.878     50.211    23.3116    23.3103   5.291951   5.292035     3.1563     2.7057     100.00   26.05928  -96.32618    0.00083    0.00129          6  0.000e+00
      29073   1211.333     49.831     50.163    23.3116    23.3104   5.292035   5.291996     3.1563     2.7057     100.00   26.05928  -96.32618    0.00090    0.00135          6  0.000e+00
      29074   1211.375     49.878     50.211    23.3120    23.3102   5.291989   5.291950     3.1563     2.7057     100.00   26.05928  -96.32618    0.00098    0.00141          6  0.000e+00
      29075   1211.417     49.831     50.163    23.3120    23.3096   5.291967   5.291912     3.1563     2.7057     100.00   26.05928  -96.32618    0.00106    0.00148          6  0.000e+00
      29076   1211.458     49.878     50.211    23.3115    23.3095   5.291967   5.291927     3.1563     2.7057     100.00   26.05928  -96.32618    0.00114    0.00154          6  0.000e+00
      29077   1211.500     49.831     50.163    23.3103    23.3093   5.291868   5.291912     3.1563     2.7057     100.00   26.05928  -96.32618    0.00120    0.00160          6  0.000e+00
      29078   1211.542     49.878     50.211    23.3100    23.3094   5.291898   5.291904     3.1563     2.7057     100.00   26.05928  -96.32618    0.00126    0.00164          6  0.000e+00
      29079   1211.583     49.878     50.211    23.3100    23.3093   5.291891   5.291596     3.1563     2.7057     100.00   26.05928  -96.32618    0.00132    0.00168          6  0.000e+00
      29080   1211.625     49.926     50.259    23.3106    23.3096   5.291906   5.291696     3.1563     2.7057     100.00   26.05928  -96.32618    0.00136    0.00172          6  0.000e+00
      29081   1211.667     49.878     50.211    23.3102    23.3096   5.291853   5.291896     3.1563     2.7057     100.00   26.05928  -96.32618    0.00140    0.00176          6  0.000e+00
      29082   1211.708     49.878     50.211    23.3094    23.3093   5.291838   5.291943     3.1575     2.7057     100.00   26.05928  -96.32618    0.00148    0.00179          6  0.000e+00
      29083   1211.750     49.879     50.211    23.3097    23.3101   5.291838   5.291943     3.1563     2.7057     100.00   26.05928  -96.32618    0.00151    0.00181          6  0.000e+00
      29084   1211.792     49.926     50.259    23.3109    23.3112   5.291929   5.292035     3.1563     2.7057     100.00   26.05928  -96.32618    0.00155    0.00183          6  0.000e+00
      29085   1211.833     49.879     50.211    23.3115    23.3122   5.291929   5.292104     3.1563     2.7057     100.00   26.05928  -96.32618    0.00159    0.00185          6  0.000e+00
      29086   1211.875     49.879     50.211    23.3118    23.3123   5.291951   5.292189     3.1563     2.7057     100.00   26.05928  -96.32618    0.00163    0.00186          6  0.000e+00
      29087   1211.917     49.926     50.259    23.3116    23.3129   5.291929   5.292173     3.1563     2.7070     100.00   26.05928  -96.32618    0.00167    0.00189          6  0.000e+00
      29088   1211.958     49.879     50.211    23.3120    23.3125   5.291951   5.292196     3.1575     2.7057     100.00   26.05928  -96.32618    0.00170    0.00190          6  0.000e+00
      29089   1212.000     49.926     50.259    23.3118    23.3121   5.291929   5.292173     3.1575     2.7057     100.00   26.05928  -96.32618    0.00174    0.00191          6  0.000e+00
      29090   1212.042     49.926     50.259    23.3118    23.3114   5.291921   5.292096     3.1563     2.7057     100.00   26.05928  -96.32618    0.00175    0.00192          6  0.000e+00
      29091   1212.083     49.879     50.211    23.3118    23.3111   5.291921   5.292073     3.1563     2.7057     100.00   26.05928  -96.32618    0.00176    0.00193          6  0.000e+00
      29092   1212.125     49.926     50.259    23.3120    23.3109   5.291989   5.292073     3.1563     2.7057     100.00   26.05928  -96.32618    0.00176    0.00193          6  0.000e+00
      29093   1212.167     49.879     50.211    23.3119    23.3112   5.291974   5.292104     3.1563     2.7057     100.00   26.05928  -96.32618    0.00175    0.00194          6  0.000e+00
      29094   1212.208     49.926     50.259    23.3118    23.3117   5.291967   5.292150     3.1563     2.7057     100.00   26.05928  -96.32618    0.00175    0.00194          6  0.000e+00
      29095   1212.250     49.926     50.259    23.3116    23.3118   5.291967   5.292096     3.1575     2.7057     100.00   26.05928  -96.32618    0.00176    0.00194          6  0.000e+00
      29096   1212.292     49.926     50.259    23.3111    23.3120   5.291929   5.292104     3.1563     2.7057     100.00   26.05928  -96.32618    0.00173    0.00194          6  0.000e+00
      29097   1212.333     49.879     50.211    23.3109    23.3121   5.291951   5.292119     3.1563     2.7057     100.00   26.05928  -96.32618    0.00171    0.00194          6  0.000e+00
      29098   1212.375     49.879     50.211    23.3109    23.3125   5.291967   5.292189     3.1563     2.7057     100.00   26.05928  -96.32618    0.00170    0.00192          6  0.000e+00
      29099   1212.417     49.926     50.259    23.3115    23.3127   5.291997   5.292212     3.1563     2.7045     100.00   26.05928  -96.32618    0.00169    0.00188          6  0.000e+00
      29100   1212.458     49.879     50.211    23.3127    23.3134   5.292042   5.292212     3.1563     2.7057     100.00   26.05928  -96.32618    0.00165    0.00186          6  0.000e+00
      29101   1212.500     49.926     50.259    23.3125    23.3138   5.292020   5.292212     3.1563     2.7057     100.00   26.05928  -96.32618    0.00162    0.00183          6  0.000e+00
      29102   1212.542     49.879     50.211    23.3116    23.3141   5.291944   5.292212     3.1575     2.7057     100.00   26.05928  -96.32618    0.00160    0.00180          6  0.000e+00
      29103   1212.583     49.926     50.259    23.3109    23.3141   5.291822   5.292273     3.1575     2.7045     100.00   26.05928  -96.32618    0.00157    0.00178          6  0.000e+00
      29104   1212.625     49.879     50.211    23.3100    23.3141   5.291822   5.292296     3.1563     2.7045     100.00   26.05928  -96.32618    0.00155    0.00175          6  0.000e+00
      29105   1212.667     49.879     50.212    23.3097    23.3138   5.291838   5.292296     3.1563     2.7045     100.00   26.05928  -96.32618    0.00150    0.00170          6  0.000e+00
      29106   1212.708     49.879     50.212    23.3099    23.3139   5.291769   5.292227     3.1563     2.7033     100.00   26.05928  -96.32618    0.00148    0.00163          6  0.000e+00
      29107   1212.750     49.879     50.212    23.3097    23.3138   5.291777   5.292273     3.1575     2.7033     100.00   26.05928  -96.32618    0.00145    0.00156          6  0.000e+00
      29108   1212.792     49.879     50.212    23.3102    23.3136   5.291792   5.292227     3.1575     2.7033     100.00   26.05928  -96.32618    0.00142    0.00149          6  0.000e+00
      29109   1212.833     49.777     50.109    23.3100    23.3137   5.291860   5.292235     3.1563     2.7033     100.00   26.05928  -96.32618    0.00137    0.00142          6  0.000e+00
      29110   1212.875     50.001     50.334    23.3099    23.3130   5.291815   5.292220     3.1575     2.7033     100.00   26.05928  -96.32618    0.00135    0.00135          6  0.000e+00
      29111   1212.917     49.879     50.212    23.3100    23.3128   5.291792   5.292235     3.1575     2.7021     100.00   26.05928  -96.32618    0.00133    0.00126          6  0.000e+00
      29112   1212.958     49.831     50.164    23.3100    23.3125   5.291860   5.292181     3.1575     2.7021     100.00   26.05928  -96.32618    0.00131    0.00117          6  0.000e+00
      29113   1213.000     49.879     50.212    23.3109    23.3123   5.291883   5.292127     3.1575     2.7021     100.00   26.05928  -96.32618    0.00129    0.00108          6  0.000e+00
      29114   1213.042     49.831     50.164    23.3114    23.3127   5.291944   5.292150     3.1575     2.7021     100.00   26.05928  -96.32618    0.00126    0.00099          6  0.000e+00
      29115   1213.083     49.831     50.164    23.3118    23.3125   5.291967   5.292196     3.1575     2.7009     100.00   26.05928  -96.32618    0.00125    0.00087          6  0.000e+00
      29116   1213.125     49.831     50.164    23.3120    23.3134   5.291997   5.292235     3.1575     2.7021     100.00   26.05928  -96.32618    0.00123    0.00078          6  0.000e+00
      29117   1213.167     49.831     50.164    23.3125    23.3141   5.292103   5.292319     3.1575     2.7009     100.00   26.05928  -96.32618    0.00120    0.00067          6  0.000e+00
      29118   1213.208     49.831     50.164    23.3139    23.3143   5.292171   5.292304     3.1587     2.7009     100.00   26.05928  -96.32618    0.00118    0.00056          6  0.000e+00
      29119   1213.250     49.831     50.164    23.3152    23.3150   5.292217   5.292358     3.1575     2.7009     100.00   26.05928  -96.32618    0.00115    0.00045          6  0.000e+00
      29120   1213.292     49.831     50.164    23.3157    23.3155   5.292263   5.292412     3.1575     2.7009     100.00   26.05928  -96.32618    0.00113    0.00033          6  0.000e+00
      29121   1213.333     49.777     50.109    23.3159    23.3157   5.292278   5.292389     3.1587     2.7009     100.00   26.05928  -96.32618    0.00113    0.00024          6  0.000e+00
      29122   1213.375     49.832     50.164    23.3155    23.3154   5.292209   5.292412     3.1575     2.7009     100.00   26.05928  -96.32618    0.00111    0.00014          6  0.000e+00
      29123   1213.417     49.730     50.062    23.3150    23.3152   5.292217   5.292389     3.1587     2.7009     100.00   26.05928  -96.32618    0.00111    0.00005          6  0.000e+00
      29124   1213.458     49.832     50.164    23.3155    23.3152   5.292263   5.292450     3.1575     2.7009     100.00   26.05928  -96.32618    0.00108   -0.00005          6  0.000e+00
      29125   1213.500     49.777     50.109    23.3155    23.3161   5.292240   5.292535     3.1575     2.6996     100.00   26.05928  -96.32618    0.00108   -0.00016          6  0.000e+00
      29126   1213.542     49.777     50.109    23.3151    23.3171   5.292164   5.292558     3.1575     2.6996     100.00   26.05928  -96.32618    0.00105   -0.00027          6  0.000e+00
      29127   1213.583     49.777     50.109    23.3146    23.3173   5.292209   5.292589     3.1575     2.6996     100.00   26.05928  -96.32618    0.00102   -0.00036          6  0.000e+00
      29128   1213.625     49.730     50.062    23.3141    23.3179   5.292164   5.292665     3.1575     2.6996     100.00   26.05928  -96.32618    0.00099   -0.00046          6  0.000e+00
      29129   1213.667     49.777     50.109    23.3143    23.3182   5.292141   5.292689     3.1575     2.6996     100.00   26.05928  -96.32618    0.00096   -0.00055          6  0.000e+00
      29130   1213.708     49.730     50.062    23.3148    23.3184   5.292209   5.292689     3.1575     2.6996     100.00   26.05928  -96.32618    0.00093   -0.00064          6  0.000e+00
      29131   1213.750     49.730     50.062    23.3153    23.3186   5.292194   5.292689     3.1575     2.6996     100.00   26.05928  -96.32618    0.00090   -0.00073          6  0.000e+00
      29132   1213.792     49.730     50.062    23.3155    23.3186   5.292285   5.292689     3.1575     2.6996     100.00   26.05928  -96.32618    0.00088   -0.00082          6  0.000e+00
      29133   1213.833     49.683     50.014    23.3155    23.3177   5.292285   5.292619     3.1575     2.6996     100.00   26.05928  -96.32618    0.00086   -0.00091          6  0.000e+00
      29134   1213.875     49.730     50.062    23.3157    23.3163   5.292308   5.292566     3.1563     2.6996     100.00   26.05928  -96.32618    0.00083   -0.00100          6  0.000e+00
      29135   1213.917     49.683     50.014    23.3159    23.3153   5.292285   5.292489     3.1575     2.6996     100.00   26.05928  -96.32618    0.00081   -0.00109          6  0.000e+00
      29136   1213.958     49.730     50.062    23.3160    23.3152   5.292308   5.292435     3.1563     2.6996     100.00   26.05928  -96.32618    0.00077   -0.00116          6  0.000e+00
      29137   1214.000     49.683     50.014    23.3162    23.3154   5.292346   5.292458     3.1575     2.6996     100.00   26.05928  -96.32618    0.00075   -0.00125          6  0.000e+00
      29138   1214.042     49.683     50.014    23.3168    23.3153   5.292361   5.292435     3.1563     2.6996     100.00   26.05928  -96.32618    0.00071   -0.00131          6  0.000e+00
      29139   1214.083     49.683     50.014    23.3169    23.3159   5.292391   5.292458     3.1575     2.6996     100.00   26.05928  -96.32618    0.00069   -0.00138          6  0.000e+00
      29140   1214.125     49.683     50.014    23.3168    23.3152   5.292407   5.292404     3.1563     2.6996     100.00   26.05928  -96.32618    0.00064   -0.00145          6  0.000e+00
      29141   1214.167     49.683     50.014    23.3171    23.3150   5.292407   5.292281     3.1563     2.6996     100.00   26.05928  -96.32618    0.00060   -0.00151          6  0.000e+00
      29142   1214.208     49.683     50.014    23.3171    23.3139   5.292407   5.292181     3.1575     2.6996     100.00   26.05928  -96.32618    0.00059   -0.00158          6  0.000e+00
      29143   1214.250     49.629     49.960    23.3171    23.3127   5.292407   5.292027     3.1563     2.6996     100.00   26.05928  -96.32618    0.00055   -0.00164          6  0.000e+00
      29144   1214.292     49.629     49.960    23.3175    23.3127   5.292437   5.292019     3.1563     2.6996     100.00   26.05928  -96.32618    0.00052   -0.00170          6  0.000e+00
      29145   1214.333     49.629     49.960    23.3177    23.3123   5.292482   5.292035     3.1563     2.6996     100.00   26.05928  -96.32618    0.00048   -0.00176          6  0.000e+00
      29146   1214.375     49.683     50.014    23.3180    23.3128   5.292498   5.292035     3.1563     2.6996     100.00   26.05928  -96.32618    0.00045   -0.00180          6  0.000e+00
      29147   1214.417     49.629     49.960    23.3182    23.3132   5.292558   5.292035     3.1563     2.7009     100.00   26.05928  -96.32618    0.00042   -0.00183          6  0.000e+00
      29148   1214.458     49.629     49.960    23.3187    23.3134   5.292551   5.292058     3.1563     2.7009     100.00   26.05928  -96.32618    0.00040   -0.00185          6  0.000e+00
      29149   1214.500     49.581     49.912    23.3187    23.3132   5.292505   5.292104     3.1563     2.7009     100.00   26.05928  -96.32618    0.00037   -0.00187          6  0.000e+00
      29150   1214.542     49.629     49.960    23.3186    23.3145   5.292558   5.292250     3.1563     2.7021     100.00   26.05928  -96.32618    0.00034   -0.00187          6  0.000e+00
      29151   1214.583     49.629     49.960    23.3184    23.3154   5.292513   5.292327     3.1563     2.7021     100.00   26.05928  -96.32618    0.00031   -0.00187          6  0.000e+00
      29152   1214.625     49.581     49.912    23.3186    23.3161   5.292589   5.292435     3.1563     2.7021     100.00   26.05928  -96.32618    0.00030   -0.00187          6  0.000e+00
