GOMECC/GOMECC-4/1db/rb2103_0731.cnv
* Sea-Bird SBE 9 Data File:
* FileName = C:\Users\scs.user.rb\CTD\GOMECC4\data\rb2103_0731.hex
* Software Version Seasave V 7.26.7.107
* Temperature SN = 4799
* Conductivity SN = 3860
* Number of Bytes Per Scan = 41
* Number of Voltage Words = 4
* Number of Scans Averaged by the Deck Unit = 1
* NMEA Latitude = 26 03.44 N
* NMEA Longitude = 093 15.71 W
* NMEA UTC (Time) = Oct 04 2021  10:15:47
* NMEA baud rate = 4800
# nquan = 28
# nvalues = 968                         
# units = specified
# name 0 = scan: Scan Count
# name 1 = timeS: Time, Elapsed [seconds]
# name 2 = depSM: Depth [salt water, m]
# name 3 = prDM: Pressure, Digiquartz [db]
# name 4 = t090C: Temperature [ITS-90, deg C]
# name 5 = t190C: Temperature, 2 [ITS-90, deg C]
# name 6 = c0S/m: Conductivity [S/m]
# name 7 = c1S/m: Conductivity, 2 [S/m]
# name 8 = sbeox0V: Oxygen raw, SBE 43 [V]
# name 9 = sbeox1V: Oxygen raw, SBE 43, 2 [V]
# name 10 = altM: Altimeter [m]
# name 11 = latitude: Latitude [deg]
# name 12 = longitude: Longitude [deg]
# name 13 = sbox0dV/dT: Oxygen, SBE 43 [dov/dt]
# name 14 = sbox1dV/dT: Oxygen, SBE 43, 2 [dov/dt]
# name 15 = sbeox0ML/L: Oxygen, SBE 43 [ml/l], WS = 5
# name 16 = sbeox1ML/L: Oxygen, SBE 43, 2 [ml/l], WS = 5
# name 17 = potemp090C: Potential Temperature [ITS-90, deg C]
# name 18 = potemp190C: Potential Temperature, 2 [ITS-90, deg C]
# name 19 = sal00: Salinity, Practical [PSU]
# name 20 = sal11: Salinity, Practical, 2 [PSU]
# name 21 = sigma-é00: Density [sigma-theta, kg/m^3]
# name 22 = sigma-é11: Density, 2 [sigma-theta, kg/m^3]
# name 23 = avgsvCM: Average Sound Velocity [Chen-Millero, m/s], minP = 20, minS = 20
# name 24 = sbox0Mm/Kg: Oxygen, SBE 43 [umol/kg], WS = 5
# name 25 = sbox1Mm/Kg: Oxygen, SBE 43, 2 [umol/kg], WS = 5
# name 26 = nbin: number of scans per bin
# name 27 = flag: flag
# span 0 =      13404,     219014       
# span 1 =    558.470,   9125.533       
# span 2 =      2.980,   3088.686       
# span 3 =      3.000,   3132.000       
# span 4 =     4.3159,    28.9724       
# span 5 =     4.3168,    28.9681       
# span 6 =   3.357952,   5.878144       
# span 7 =   3.357893,   5.875901       
# span 8 =     1.5742,     3.2318       
# span 9 =     1.2766,     2.7665       
# span 10 =       9.35,     102.48      
# span 11 =   25.90704,   26.11278      
# span 12 =  -93.45430,  -92.71786      
# span 13 =   -0.03513,    0.03222      
# span 14 =   -0.03932,    0.03294      
# span 15 =     2.4559,     4.8618      
# span 16 =     2.4713,     4.8791      
# span 17 =     4.0832,    28.9642      
# span 18 =     4.0844,    28.9598      
# span 19 =    30.8219,    36.5307      
# span 20 =    34.9062,    36.5317      
# span 21 =    19.9650,    27.7607      
# span 22 =    22.5999,    27.7592      
# span 23 =       0.00,    1586.82      
# span 24 =    106.786,    211.982      
# span 25 =    107.457,    212.741      
# span 26 =         30,         71      
# span 27 = 0.0000e+00, 0.0000e+00      
# interval = decibars: 1                
# start_time = Oct 04 2021 10:15:47 [NMEA time, header]
# bad_flag = -9.990e-29
*END*
[from data line 363]
      57291   2387.085   1588.445   1605.000     4.4208     4.4212   3.360403   3.360346     1.9082     1.5896     100.00   26.05788  -93.26342    0.00002   -0.00003     4.5096     4.5399     4.2859     4.2863    34.9639    34.9627    27.7270    27.7261    1499.09    195.964    197.284         33 0.0000e+00
      57324   2388.444   1589.430   1606.000     4.4205     4.4211   3.360428   3.360385     1.9083     1.5896     100.00   26.05786  -93.26334    0.00005   -0.00004     4.5106     4.5407     4.2856     4.2861    34.9639    34.9628    27.7271    27.7262    1499.09    196.006    197.315         31 0.0000e+00
      57471   2394.595   1595.346   1612.000     4.4189     4.4196   3.360526   3.360487     1.9074     1.5886     100.00   26.05776  -93.26299   -0.00012   -0.00012     4.5108     4.5404     4.2834     4.2840    34.9638    34.9627    27.7272    27.7263    1499.06    196.018    197.301         34 0.0000e+00
      57620   2400.772   1601.261   1618.000     4.4155     4.4159   3.360439   3.360387     1.9068     1.5881     100.00   26.05742  -93.26175   -0.00011   -0.00001     4.5124     4.5422     4.2794     4.2799    34.9635    34.9625    27.7274    27.7265    1499.03    196.087    197.383         30 0.0000e+00
      57652   2402.139   1602.247   1619.000     4.4154     4.4163   3.360525   3.360509     1.9069     1.5879      94.80   26.05786  -93.26334   -0.00001   -0.00012     4.5133     4.5419     4.2793     4.2801    34.9641    34.9630    27.7280    27.7270    1499.05    196.126    197.369         33 0.0000e+00
      57799   2408.254   1608.162   1625.000     4.4113     4.4119   3.360375   3.360339     1.9066     1.5885      59.95   26.05745  -93.26191   -0.00005    0.00010     4.5163     4.5483     4.2746     4.2752    34.9638    34.9627    27.7282    27.7272    1499.02    196.257    197.649         31 0.0000e+00
      57832   2409.614   1609.148   1626.000     4.4111     4.4115   3.360448   3.360390     1.9066     1.5885      87.18   26.05786  -93.26336    0.00002    0.00001     4.5171     4.5491     4.2743     4.2747    34.9644    34.9633    27.7287    27.7278    1499.04    196.292    197.680         32 0.0000e+00
      57981   2415.820   1615.063   1632.000     4.4070     4.4076   3.360306   3.360270     1.9067     1.5885      99.89   26.05750  -93.26205    0.00003    0.00001     4.5215     4.5530     4.2697     4.2703    34.9641    34.9631    27.7289    27.7281    1499.00    196.482    197.852         32 0.0000e+00
      58014   2417.190   1616.049   1633.000     4.4076     4.4080   3.360437   3.360383     1.9067     1.5885     100.00   26.05786  -93.26336    0.00011    0.00000     4.5220     4.5536     4.2702     4.2706    34.9645    34.9635    27.7293    27.7284    1499.02    196.505    197.878         31 0.0000e+00
      58137   2422.316   1620.978   1638.000     4.4059     4.4064   3.360508   3.360463     1.9062     1.5879     100.00   26.05791  -93.26351   -0.00020   -0.00028     4.5231     4.5542     4.2681     4.2685    34.9647    34.9637    27.7296    27.7288    1499.01    196.551    197.901         32 0.0000e+00
      58625   2442.654   1639.707   1657.000     4.3943     4.3950   3.360285   3.360254     1.9062     1.5874     100.00   26.05774  -93.26289    0.00010   -0.00013     4.5357     4.5649     4.2548     4.2555    34.9652    34.9640    27.7314    27.7304    1498.96    197.100    198.366         31 0.0000e+00
      58933   2455.512   1651.535   1669.000     4.3842     4.3848   3.359943   3.359902     1.9067     1.5885     100.00   26.05800  -93.26384   -0.00009    0.00002     4.5459     4.5781     4.2436     4.2442    34.9660    34.9649    27.7333    27.7323    1498.95    197.543    198.941         31 0.0000e+00
      59575   2482.229   1676.175   1694.000     4.3740     4.3747   3.360067   3.360025     1.9066     1.5884      98.26   26.05768  -93.26264    0.00002   -0.00001     4.5618     4.5939     4.2311     4.2318    34.9661    34.9649    27.7347    27.7337    1498.89    198.232    199.628         31 0.0000e+00
      59728   2488.639   1682.088   1700.000     4.3717     4.3722   3.360136   3.360081     1.9058     1.5873     100.00   26.05783  -93.26318   -0.00014   -0.00016     4.5626     4.5930     4.2283     4.2288    34.9665    34.9653    27.7353    27.7344    1498.89    198.268    199.588         34 0.0000e+00
      59882   2495.047   1688.001   1706.000     4.3695     4.3700   3.360181   3.360143     1.9060     1.5874      85.08   26.05773  -93.26284    0.00005    0.00005     4.5670     4.5973     4.2255     4.2261    34.9664    34.9654    27.7356    27.7347    1498.87    198.458    199.773         34 0.0000e+00
      60040   2501.612   1693.913   1712.000     4.3697     4.3705   3.360487   3.360462     1.9057     1.5870     100.00   26.05798  -93.26371   -0.00002   -0.00008     4.5694     4.5992     4.2252     4.2259    34.9669    34.9658    27.7360    27.7350    1498.87    198.560    199.858         30 0.0000e+00
      60404   2516.789   1707.709   1726.000     4.3689     4.3695   3.360987   3.360939     1.9034     1.5851     100.00   26.05789  -93.26332   -0.00011   -0.00018     4.5692     4.5998     4.2230     4.2236    34.9668    34.9657    27.7361    27.7352    1498.85    198.552    199.884         31 0.0000e+00
      60533   2522.160   1712.636   1731.000     4.3692     4.3698   3.361207   3.361164     1.9026     1.5846     100.00   26.05785  -93.26319   -0.00014   -0.00004     4.5688     4.6005     4.2228     4.2234    34.9667    34.9656    27.7361    27.7351    1498.85    198.538    199.912         33 0.0000e+00
      60690   2528.719   1718.548   1737.000     4.3695     4.3701   3.361472   3.361429     1.9020     1.5836     100.00   26.05781  -93.26307   -0.00015   -0.00003     4.5700     4.5998     4.2225     4.2231    34.9667    34.9655    27.7361    27.7351    1498.83    198.586    199.885         36 0.0000e+00
      60847   2535.256   1724.460   1743.000     4.3680     4.3686   3.361636   3.361596     1.9012     1.5827     100.00   26.05819  -93.26444   -0.00003   -0.00002     4.5707     4.5996     4.2204     4.2211    34.9673    34.9661    27.7368    27.7358    1498.85    198.619    199.876         32 0.0000e+00
      61032   2542.958   1731.357   1750.000     4.3669     4.3675   3.361807   3.361764     1.9001     1.5824      86.75   26.05792  -93.26345   -0.00015 3.5204e-07     4.5709     4.6029     4.2187     4.2193    34.9670    34.9659    27.7368    27.7358    1498.83    198.628    200.019         31 0.0000e+00
      61158   2548.188   1736.283   1755.000     4.3635     4.3642   3.361693   3.361661     1.8998     1.5814     100.00   26.05771  -93.26272   -0.00001   -0.00028     4.5731     4.6020     4.2149     4.2156    34.9669    34.9658    27.7371    27.7361    1498.81    198.723    199.980         33 0.0000e+00
      61675   2569.770   1755.987   1775.000     4.3510     4.3516   3.361448   3.361409     1.9006     1.5824     100.00   26.05772  -93.26266    0.00015    0.00003     4.5896     4.6199     4.2006     4.2012    34.9675    34.9664    27.7391    27.7382    1498.79    199.440    200.756         31 0.0000e+00
      61709   2571.181   1756.972   1776.000     4.3507     4.3514   3.361491   3.361448     1.9008     1.5824     100.00   26.05794  -93.26346    0.00010   -0.00001     4.5912     4.6206     4.2002     4.2008    34.9679    34.9667    27.7395    27.7385    1498.80    199.507    200.785         34 0.0000e+00
      61836   2576.476   1761.898   1781.000     4.3496     4.3502   3.361602   3.361559     1.9003     1.5824     100.00   26.05791  -93.26334   -0.00001    0.00002     4.5921     4.6239     4.1986     4.1992    34.9680    34.9668    27.7397    27.7387    1498.80    199.550    200.928         32 0.0000e+00
      62355   2598.091   1781.600   1801.000     4.3455     4.3462   3.362071   3.362029     1.8996     1.5806      88.72   26.05783  -93.26303   -0.00011   -0.00018     4.6019     4.6288     4.1927     4.1933    34.9682    34.9670    27.7405    27.7395    1498.78    199.973    201.144         30 0.0000e+00
      62539   2605.730   1788.495   1808.000     4.3451     4.3458   3.362339   3.362302     1.8986     1.5800     100.00   26.05796  -93.26352   -0.00009   -0.00009     4.6022     4.6304     4.1916     4.1922    34.9684    34.9673    27.7408    27.7398    1498.78    199.987    201.210         32 0.0000e+00
      62905   2620.988   1802.284   1822.000     4.3441     4.3447   3.362837   3.362784     1.8967     1.5786     100.00   26.05805  -93.26381   -0.00014   -0.00010     4.6032     4.6330     4.1892     4.1897    34.9686    34.9674    27.7412    27.7402    1498.78    200.031    201.325         32 0.0000e+00
      63056   2627.295   1808.194   1828.000     4.3436     4.3443   3.362990   3.362950     1.8962     1.5779     100.00   26.05758  -93.26216   -0.00003   -0.00002     4.6053     4.6336     4.1881     4.1888    34.9680    34.9669    27.7409    27.7399    1498.76    200.120    201.352         33 0.0000e+00
      63089   2628.665   1809.179   1829.000     4.3430     4.3438   3.363020   3.362997     1.8962     1.5777     100.00   26.05796  -93.26350    0.00003   -0.00012     4.6057     4.6334     4.1874     4.1882    34.9686    34.9675    27.7414    27.7404    1498.78    200.140    201.341         30 0.0000e+00
      63214   2633.883   1814.104   1834.000     4.3420     4.3427   3.363147   3.363112     1.8960     1.5779     100.00   26.05804  -93.26378   -0.00003    0.00011     4.6081     4.6376     4.1859     4.1866    34.9687    34.9676    27.7416    27.7407    1498.77    200.243    201.524         31 0.0000e+00
      63788   2657.797   1835.770   1856.000     4.3421     4.3429   3.364043   3.364001     1.8929     1.5751     100.00   26.05781  -93.26298   -0.00028   -0.00013     4.6089     4.6386     4.1839     4.1846    34.9686    34.9674    27.7418    27.7407    1498.76    200.276    201.569         32 0.0000e+00
      63912   2662.960   1840.693   1861.000     4.3424     4.3430   3.364243   3.364196     1.8920     1.5739     100.00   26.05757  -93.26212   -0.00013   -0.00016     4.6086     4.6369     4.1837     4.1843    34.9683    34.9671    27.7415    27.7405    1498.75    200.263    201.495         33 0.0000e+00
      63947   2664.434   1841.678   1862.000     4.3426     4.3431   3.364348   3.364289     1.8921     1.5738     100.00   26.05796  -93.26352   -0.00013   -0.00006     4.6094     4.6367     4.1837     4.1843    34.9689    34.9676    27.7420    27.7409    1498.77    200.298    201.486         33 0.0000e+00
      64254   2677.203   1853.495   1874.000     4.3424     4.3434   3.364793   3.364774     1.8904     1.5722     100.00   26.05771  -93.26264   -0.00014   -0.00010     4.6099     4.6371     4.1824     4.1834    34.9686    34.9673    27.7419    27.7408    1498.76    200.320    201.504         32 0.0000e+00
      64384   2682.619   1858.419   1879.000     4.3428     4.3434   3.365060   3.365004     1.8894     1.5714     100.00   26.05790  -93.26333   -0.00015   -0.00002     4.6091     4.6369     4.1823     4.1829    34.9689    34.9676    27.7421    27.7411    1498.77    200.287    201.496         31 0.0000e+00
      64516   2688.143   1863.342   1884.000     4.3422     4.3435   3.365216   3.365228     1.8887     1.5714     100.00   26.05795  -93.26345   -0.00012   -0.00009     4.6091     4.6396     4.1812     4.1825    34.9689    34.9677    27.7423    27.7412    1498.77    200.287    201.612         32 0.0000e+00
      64645   2693.514   1868.265   1889.000     4.3393     4.3401   3.365182   3.365149     1.8881     1.5703     100.00   26.05811  -93.26404   -0.00010   -0.00030     4.6103     4.6385     4.1779     4.1786    34.9692    34.9681    27.7429    27.7419    1498.78    200.339    201.562         31 0.0000e+00
      64932   2705.475   1879.096   1900.000     4.3386     4.3392   3.365564   3.365516     1.8878     1.5702     100.00   26.05794  -93.26342   -0.00013   -0.00000     4.6156     4.6448     4.1761     4.1767    34.9692    34.9680    27.7431    27.7420    1498.78    200.568    201.838         30 0.0000e+00
      65058   2710.692   1884.019   1905.000     4.3390     4.3396   3.365767   3.365713     1.8871     1.5692     100.00   26.05764  -93.26227   -0.00007   -0.00020     4.6158     4.6434     4.1759     4.1765    34.9688    34.9676    27.7428    27.7417    1498.76    200.575    201.777         32 0.0000e+00
      65092   2712.125   1885.003   1906.000     4.3391     4.3398   3.365857   3.365806     1.8870     1.5690     100.00   26.05800  -93.26356   -0.00013   -0.00017     4.6161     4.6432     4.1760     4.1766    34.9693    34.9680    27.7431    27.7421    1498.78    200.589    201.768         33 0.0000e+00
      65210   2717.037   1889.926   1911.000     4.3371     4.3378   3.365840   3.365800     1.8863     1.5688     100.00   26.05756  -93.26197   -0.00009    0.00003     4.6164     4.6458     4.1735     4.1742    34.9688    34.9676    27.7430    27.7420    1498.75    200.605    201.879         31 0.0000e+00
      65245   2718.501   1890.911   1912.000     4.3371     4.3377   3.365930   3.365878     1.8864     1.5688     100.00   26.05800  -93.26356   -0.00003    0.00009     4.6174     4.6463     4.1734     4.1740    34.9694    34.9682    27.7435    27.7425    1498.78    200.648    201.901         35 0.0000e+00
      65426   2726.049   1897.802   1919.000     4.3359     4.3366   3.366095   3.366062     1.8853     1.5679     100.00   26.05787  -93.26310   -0.00015   -0.00014     4.6176     4.6466     4.1715     4.1722    34.9693    34.9681    27.7436    27.7427    1498.78    200.656    201.917         30 0.0000e+00
      65581   2732.515   1903.709   1925.000     4.3350     4.3357   3.366279   3.366236     1.8851     1.5672     100.00   26.05794  -93.26336   -0.00003   -0.00011     4.6204     4.6476     4.1700     4.1707    34.9695    34.9683    27.7440    27.7429    1498.79    200.777    201.961         32 0.0000e+00
      65734   2738.894   1909.616   1931.000     4.3353     4.3360   3.366536   3.366483     1.8841     1.5667      88.82   26.05780  -93.26280   -0.00019   -0.00020     4.6201     4.6490     4.1698     4.1704    34.9694    34.9680    27.7439    27.7428    1498.78    200.763    202.022         33 0.0000e+00
      65768   2740.287   1910.601   1932.000     4.3354     4.3361   3.366612   3.366563     1.8841     1.5665      81.54   26.05802  -93.26358   -0.00010   -0.00015     4.6205     4.6486     4.1698     4.1704    34.9697    34.9684    27.7441    27.7431    1498.79    200.783    202.003         31 0.0000e+00
      65892   2745.448   1915.523   1937.000     4.3359     4.3365   3.366844   3.366791     1.8833     1.5660     100.00   26.05792  -93.26324   -0.00018   -0.00013     4.6204     4.6496     4.1697     4.1704    34.9695    34.9682    27.7440    27.7429    1498.79    200.776    202.045         31 0.0000e+00
      66076   2753.135   1922.413   1944.000     4.3367     4.3376   3.367248   3.367215     1.8823     1.5646     100.00   26.05832  -93.26464   -0.00013   -0.00016     4.6205     4.6475     4.1699     4.1707    34.9701    34.9688    27.7444    27.7434    1498.82    200.782    201.955         30 0.0000e+00
      66676   2778.124   1945.053   1967.000     4.3341     4.3347   3.367947   3.367899     1.8793     1.5622     100.00   26.05820  -93.26423   -0.00012   -0.00013     4.6225     4.6515     4.1650     4.1656    34.9701    34.9689    27.7450    27.7440    1498.83    200.869    202.128         30 0.0000e+00
      66802   2783.390   1949.974   1972.000     4.3333     4.3341   3.368055   3.368017     1.8791     1.5617     100.00   26.05797  -93.26339   -0.00004   -0.00010     4.6251     4.6523     4.1637     4.1644    34.9699    34.9687    27.7449    27.7439    1498.82    200.983    202.164         32 0.0000e+00
