GOMECC/GOMECC-4/1db/rb2103_0791.cnv
* Sea-Bird SBE 9 Data File:
* FileName = C:\Users\scs.user.rb\CTD\GOMECC4\data\rb2103_0791.hex
* Software Version Seasave V 7.26.7.107
* Temperature SN = 4799
* Conductivity SN = 3860
* Number of Bytes Per Scan = 41
* Number of Voltage Words = 4
* Number of Scans Averaged by the Deck Unit = 1
* NMEA Latitude = 22 16.43 N
* NMEA Longitude = 097 21.67 W
* NMEA UTC (Time) = Oct 06 2021  04:28:40
* NMEA baud rate = 4800
# nquan = 28
# nvalues = 387                         
# units = specified
# name 0 = scan: Scan Count
# name 1 = timeS: Time, Elapsed [seconds]
# name 2 = depSM: Depth [salt water, m]
# name 3 = prDM: Pressure, Digiquartz [db]
# name 4 = t090C: Temperature [ITS-90, deg C]
# name 5 = t190C: Temperature, 2 [ITS-90, deg C]
# name 6 = c0S/m: Conductivity [S/m]
# name 7 = c1S/m: Conductivity, 2 [S/m]
# name 8 = sbeox0V: Oxygen raw, SBE 43 [V]
# name 9 = sbeox1V: Oxygen raw, SBE 43, 2 [V]
# name 10 = altM: Altimeter [m]
# name 11 = latitude: Latitude [deg]
# name 12 = longitude: Longitude [deg]
# name 13 = sbox0dV/dT: Oxygen, SBE 43 [dov/dt]
# name 14 = sbox1dV/dT: Oxygen, SBE 43, 2 [dov/dt]
# name 15 = sbeox0ML/L: Oxygen, SBE 43 [ml/l], WS = 5
# name 16 = sbeox1ML/L: Oxygen, SBE 43, 2 [ml/l], WS = 5
# name 17 = potemp090C: Potential Temperature [ITS-90, deg C]
# name 18 = potemp190C: Potential Temperature, 2 [ITS-90, deg C]
# name 19 = sal00: Salinity, Practical [PSU]
# name 20 = sal11: Salinity, Practical, 2 [PSU]
# name 21 = sigma-é00: Density [sigma-theta, kg/m^3]
# name 22 = sigma-é11: Density, 2 [sigma-theta, kg/m^3]
# name 23 = avgsvCM: Average Sound Velocity [Chen-Millero, m/s], minP = 20, minS = 20
# name 24 = sbox0Mm/Kg: Oxygen, SBE 43 [umol/kg], WS = 5
# name 25 = sbox1Mm/Kg: Oxygen, SBE 43, 2 [umol/kg], WS = 5
# name 26 = nbin: number of scans per bin
# name 27 = flag: flag
# span 0 =       5257,      47633       
# span 1 =    218.983,   1984.658       
# span 2 =      0.994,    238.362       
# span 3 =      1.000,    240.000       
# span 4 =    14.4810,    29.6688       
# span 5 =    14.4828,    29.5564       
# span 6 =   4.347512,   6.007930       
# span 7 =   4.347675,   6.008653       
# span 8 =     1.7175,     3.3263       
# span 9 =     1.4057,     2.8366       
# span 10 =       5.16,     101.20      
# span 11 =   22.13372,   22.45165      
# span 12 =  -98.13803,  -96.74838      
# span 13 =   -0.04958,    0.04385      
# span 14 =   -0.04745,    0.04113      
# span 15 =     2.4427,     4.9552      
# span 16 =     2.4580,     4.9611      
# span 17 =    14.4452,    29.6651      
# span 18 =    14.4470,    29.5527      
# span 19 =    29.7992,    36.5534      
# span 20 =    27.2224,    36.5231      
# span 21 =    18.0469,    26.7855      
# span 22 =    16.1297,    26.7855      
# span 23 =       0.00,    1547.18      
# span 24 =    106.247,    216.069      
# span 25 =    106.916,    216.328      
# span 26 =         30,         73      
# span 27 = 0.0000e+00, 0.0000e+00      
# interval = decibars: 1                
# start_time = Oct 06 2021 04:28:40 [NMEA time, header]
# bad_flag = -9.990e-29
*END*
[from data line 259]
      24064   1002.637    155.960    157.000    17.5162    17.5322   4.702514   4.704209     1.8607     1.5314      86.26   22.27408  -97.36190    0.00074    0.00054     2.5941     2.6037    17.4885    17.5055    36.3336    36.3339    26.4200    26.4161    1526.73    112.870    113.290         47 0.0000e+00
      24110   1004.539    154.967    156.000    17.6765    17.6975   4.721382   4.723957     1.8630     1.5345      87.07   22.27408  -97.36190    0.00053    0.00119     2.5913     2.6031    17.6510    17.6711    36.3535    36.3568    26.3955    26.3927    1526.73    112.753    113.263         39 0.0000e+00
      24170   1007.047    153.974    155.000    17.7163    17.7040   4.726079   4.724734     1.8672     1.5377      88.12   22.27408  -97.36192    0.00176    0.00148     2.5970     2.6098    17.6898    17.6775    36.3600    36.3594    26.3910    26.3935    1526.73    112.998    113.557         68 0.0000e+00
      24229   1009.517    152.981    154.000    17.7681    17.7462   4.730972   4.728765     1.8690     1.5385      89.08   22.27408  -97.36190    0.00088    0.00060     2.5982     2.6092    17.7417    17.7203    36.3574    36.3622    26.3761    26.3841    1526.73    113.055    113.530         51 0.0000e+00
      24284   1011.777    151.988    153.000    17.7786    17.7888   4.733738   4.734268     1.8705     1.5409      90.01   22.27408  -97.36191    0.00073    0.00065     2.6003     2.6125    17.7523    17.7629    36.3712    36.3682    26.3841    26.3797    1526.73    113.145    113.675         58 0.0000e+00
      24342   1014.216    150.995    152.000    17.8376    17.8379   4.739972   4.739861     1.8725     1.5430      91.09   22.27408  -97.36192    0.00076    0.00109     2.6013     2.6149    17.8115    17.8117    36.3727    36.3729    26.3706    26.3708    1526.73    113.191    113.780         58 0.0000e+00
      24403   1016.750    150.002    151.000    17.8684    17.8727   4.743257   4.744060     1.8730     1.5427      88.27   22.27408  -97.36191    0.00045    0.00016     2.6005     2.6119    17.8424    17.8467    36.3739    36.3769    26.3639    26.3652    1526.73    113.154    113.653         60 0.0000e+00
      24447   1018.568    149.009    150.000    17.9688    18.0052   4.754910   4.759016     1.8728     1.5436      75.63   22.27408  -97.36191   -0.00002   -0.00009     2.5942     2.6070    17.9429    17.9792    36.3849    36.3878    26.3475    26.3406    1526.73    112.883    113.439         30 0.0000e+00
      24478   1019.859    148.015    149.000    18.1545    18.1843   4.776811   4.780141     1.8721     1.5425      93.48   22.27408  -97.36192   -0.00013    0.00009     2.5821     2.5949    18.1286    18.1584    36.4078    36.4098    26.3187    26.3128    1526.73    112.358    112.916         33 0.0000e+00
      24514   1021.359    147.023    148.000    18.1967    18.2157   4.781327   4.783073     1.8630     1.5296      95.05   22.27408  -97.36191   -0.00168   -0.00261     2.5581     2.5603    18.1709    18.1899    36.4093    36.4144    26.3093    26.3085    1526.73    111.318    111.414         39 0.0000e+00
      24553   1022.988    146.030    147.000    18.2451    18.2551   4.786758   4.788415     1.8598     1.5258      95.84   22.27408  -97.36190   -0.00383   -0.00520     2.5490     2.5494    18.2194    18.2294    36.4131    36.4183    26.3001    26.3015    1526.73    110.921    110.937         38 0.0000e+00
      24588   1024.462    145.037    146.000    18.2781    18.2932   4.791393   4.793170     1.8581     1.5258      96.90   22.27408  -97.36190   -0.00295   -0.00297     2.5431     2.5471    18.2526    18.2676    36.4225    36.4255    26.2990    26.2974    1526.73    110.665    110.840         32 0.0000e+00
      24619   1025.743    144.043    145.000    18.3461    18.3713   4.798303   4.801473     1.8565     1.5242      97.62   22.27408  -97.36190   -0.00144   -0.00076     2.5355     2.5384    18.3206    18.3458    36.4281    36.4313    26.2862    26.2823    1526.73    110.333    110.462         30 0.0000e+00
      24651   1027.072    143.050    144.000    18.4093    18.4254   4.806453   4.807925     1.8524     1.5190      98.69   22.27408  -97.36191   -0.00154   -0.00139     2.5228     2.5233    18.3840    18.4001    36.4366    36.4348    26.2767    26.2712    1526.73    109.784    109.807         36 0.0000e+00
      24692   1028.776    142.058    143.000    18.4546    18.4615   4.811298   4.812020     1.8464     1.5135      99.85   22.27408  -97.36192   -0.00294   -0.00341     2.5066     2.5078    18.4294    18.4363    36.4379    36.4380    26.2662    26.2645    1526.73    109.082    109.133         43 0.0000e+00
      24731   1030.418    141.064    142.000    18.4917    18.5355   4.815560   4.820283     1.8419     1.5124     100.00   22.27408  -97.36192   -0.00345   -0.00249     2.4946     2.5012    18.4666    18.5104    36.4417    36.4430    26.2597    26.2496    1526.73    108.557    108.846         35 0.0000e+00
      24763   1031.742    140.071    141.000    18.6451    18.6859   4.833093   4.838103     1.8424     1.5131     100.00   22.27408  -97.36190   -0.00221   -0.00074     2.4874     2.4950    18.6201    18.6608    36.4551    36.4615    26.2311    26.2256    1526.73    108.246    108.579         31 0.0000e+00
      24794   1033.041    139.078    140.000    18.7474    18.7747   4.845126   4.847764     1.8435     1.5125     100.00   22.27408  -97.36190   -0.00026    0.00010     2.4842     2.4890    18.7225    18.7498    36.4669    36.4651    26.2140    26.2057    1526.73    108.110    108.319         32 0.0000e+00
      24828   1034.470    138.085    139.000    18.8206    18.8006   4.852853   4.850971     1.8437     1.5116     100.00   22.27408  -97.36191    0.00058   -0.00029     2.4805     2.4852    18.7957    18.7758    36.4680    36.4698    26.1961    26.2026    1526.73    107.952    108.156         35 0.0000e+00
      24863   1035.930    137.092    138.000    18.8620    18.8705   4.858097   4.858747     1.8437     1.5127     100.00   22.27408  -97.36192    0.00021   -0.00029     2.4780     2.4842    18.8373    18.8458    36.4762    36.4741    26.1918    26.1880    1526.73    107.843    108.111         37 0.0000e+00
      24905   1037.653    136.099    137.000    18.9310    18.9834   4.865211   4.871161     1.8441     1.5163     100.00   22.27408  -97.36192    0.00005    0.00103     2.4752     2.4874    18.9065    18.9588    36.4756    36.4818    26.1736    26.1649    1526.73    107.721    108.254         44 0.0000e+00
      24943   1039.249    135.106    136.000    19.0131    19.0594   4.875387   4.880066     1.8466     1.5191     100.00   22.27408  -97.36192    0.00056    0.00203     2.4760     2.4899    18.9886    19.0349    36.4893    36.4879    26.1630    26.1499    1526.73    107.760    108.365         31 0.0000e+00
      25879   1078.231    129.147    130.000    19.2506    19.2096   4.898250   4.894030     1.8569     1.5249      99.88   22.24790  -97.24743    0.00046    0.00041     2.4862     2.4956    19.2281    19.1860    36.4610    36.4645    26.0761    26.0902    1524.94    108.210    108.615         36 0.0000e+00
      26559   1106.593    128.154    129.000    19.3559    19.3544   4.913348   4.913714     1.8642     1.5336     100.00   22.27410  -97.36188    0.00057    0.00087     2.4964     2.5104    19.3340    19.3316    36.5076    36.5074    26.0875    26.0863    1526.73    108.655    109.263         38 0.0000e+00
      26663   1110.912    127.161    128.000    19.3995    19.3775   4.917561   4.915559     1.8742     1.5449      66.97   22.27409  -97.36188    0.00320    0.00400     2.5148     2.5340    19.3761    19.3542    36.5059    36.5089    26.0753    26.0832    1526.73    109.455    110.290         47 0.0000e+00
      26705   1112.659    126.168    127.000    19.3655    19.3585   4.914193   4.913578     1.8801     1.5460     100.00   22.27410  -97.36188    0.00485    0.00408     2.5288     2.5373    19.3424    19.3353    36.5084    36.5094    26.0859    26.0886    1526.73    110.066    110.435         33 0.0000e+00
      26743   1114.258    125.175    126.000    19.4888    19.4509   4.927476   4.923395     1.8812     1.5475     100.00   22.27409  -97.36188    0.00248    0.00095     2.5246     2.5361    19.4658    19.4278    36.5115    36.5108    26.0561    26.0655    1526.73    109.884    110.384         46 0.0000e+00
      26801   1116.669    124.182    125.000    19.5389    19.5518   4.932897   4.934626     1.8925     1.5578      71.00   22.27410  -97.36188    0.00325    0.00304     2.5460     2.5556    19.5160    19.5288    36.5133    36.5164    26.0444    26.0434    1526.73    110.819    111.237         61 0.0000e+00
      26853   1118.846    123.188    124.000    19.7370    19.7086   4.954279   4.950265     1.9017     1.5653      99.15   22.27410  -97.36188    0.00414    0.00375     2.5557     2.5656    19.7141    19.6858    36.5182    36.5097    25.9960    25.9970    1526.73    111.247    111.678         51 0.0000e+00
      26911   1121.251    122.195    123.000    19.8857    19.8840   4.969806   4.969336     1.9195     1.5833     100.00   22.27409  -97.36188    0.00648    0.00569     2.5862     2.5994    19.8629    19.8611    36.5175    36.5152    25.9562    25.9549    1526.73    112.578    113.153         56 0.0000e+00
      26960   1123.275    121.202    122.000    19.9115    19.9366   4.972216   4.974653     1.9309     1.5946     100.00   22.27408  -97.36187    0.00657    0.00698     2.6093     2.6233    19.8888    19.9139    36.5154    36.5137    25.9477    25.9398    1526.73    113.582    114.193         48 0.0000e+00
      27014   1125.550    120.209    121.000    20.0387    20.0513   4.984674   4.986250     1.9491     1.6143     100.00   22.27409  -97.36188    0.00650    0.00691     2.6457     2.6682    20.0166    20.0291    36.5076    36.5071    25.9079    25.9033    1526.73    115.172    116.151         58 0.0000e+00
      27066   1127.694    119.216    120.000    20.1139    20.1705   4.991324   4.996308     1.9717     1.6433     100.00   22.27408  -97.36186    0.00998    0.01131     2.6861     2.7264    20.0915    20.1480    36.4978    36.4898    25.8804    25.8592    1526.73    116.935    118.693         46 0.0000e+00
      27116   1129.811    118.222    119.000    20.2769    20.2803   5.005183   5.006268     2.0117     1.6884     100.00   22.27408  -97.36186    0.01411    0.01720     2.7730     2.8338    20.2545    20.2580    36.4730    36.4771    25.8178    25.8201    1526.73    120.724    123.371         60 0.0000e+00
      27177   1132.336    117.229    118.000    20.3037    20.3084   5.008138   5.008388     2.0603     1.7188     100.00   22.27408  -97.36188    0.02129    0.01818     2.8623     2.8954    20.2815    20.2862    36.4717    36.4698    25.8096    25.8070    1526.73    124.616    126.056         54 0.0000e+00
      27226   1134.372    116.236    117.000    20.3419    20.3556   5.011474   5.013150     2.0742     1.7270     100.00   22.27408  -97.36186    0.01202    0.00588     2.8928     2.9128    20.3199    20.3335    36.4683    36.4689    25.7967    25.7936    1526.73    125.946    126.816         49 0.0000e+00
      27281   1136.648    115.243    116.000    20.4027    20.4116   5.017234   5.017886     2.0832     1.7361     100.00   22.27408  -97.36188    0.00464    0.00401     2.9080     2.9309    20.3808    20.3897    36.4620    36.4596    25.7756    25.7714    1526.73    126.607    127.606         56 0.0000e+00
      27330   1138.700    114.250    115.000    20.4289    20.4530   5.019168   5.021184     2.0946     1.7475      99.94   22.27408  -97.36188    0.00493    0.00466     2.9306     2.9551    20.4071    20.4313    36.4556    36.4513    25.7637    25.7538    1526.73    127.592    128.662         46 0.0000e+00
      27396   1141.449    113.257    114.000    20.4840    20.4914   5.023633   5.024395     2.1128     1.7649      98.60   22.27408  -97.36188    0.00642    0.00626     2.9660     2.9935    20.4625    20.4699    36.4449    36.4448    25.7406    25.7385    1526.73    129.138    130.336         51 0.0000e+00
      27507   1146.099    112.263    113.000    20.4535    20.4661   5.021078   5.022230     2.1235     1.7679     100.11   22.27408  -97.36187    0.00331    0.00062     2.9900     3.0016    20.4321    20.4447    36.4508    36.4493    25.7532    25.7486    1526.73    130.183    130.688         41 0.0000e+00
      27783   1157.584    110.277    111.000    20.4388    20.5444   5.021555   5.030666     2.1057     1.7834      88.41   22.28892  -97.42673   -0.00316    0.00369     2.9519     3.0331    20.4178    20.5234    36.4768    36.4602    25.7792    25.7381    1527.75    128.522    132.060         45 0.0000e+00
      28925   1205.174    108.290    109.000    20.7650    20.7665   5.048176   5.049190     2.2707     1.9018     100.06   22.28890  -97.42666    0.00114   -0.00087     3.2833     3.2961    20.7442    20.7457    36.4135    36.4083    25.6425    25.6374    1527.75    142.967    143.526         43 0.0000e+00
      28971   1207.075    107.297    108.000    20.8058    20.8152   5.049440   5.050303     2.2712     1.9056     100.00   22.27408  -97.36188   -0.00012    0.00059     3.2815     3.3020    20.7852    20.7945    36.3808    36.3798    25.6042    25.6009    1526.73    142.891    143.785         33 0.0000e+00
      29072   1211.279    104.318    105.000    21.0104    21.0163   5.066162   5.066634     2.3531     1.9965     100.02   22.27960  -97.38601    0.02105    0.02422     3.4407     3.5003    20.9901    20.9961    36.3458    36.3445    25.5225    25.5199    1527.11    149.840    152.435         36 0.0000e+00
      29101   1212.484    103.324    104.000    21.0377    21.0463   5.067354   5.067794     2.3878     2.0196     100.00   22.27408  -97.36188    0.02682    0.02667     3.5117     3.5517    21.0177    21.0262    36.3292    36.3255    25.5014    25.4962    1526.73    152.931    154.675         35 0.0000e+00
      29133   1213.837    102.331    103.000    21.0718    21.0807   5.069754   5.070357     2.4118     2.0387     100.00   22.27408  -97.36188    0.02308    0.01770     3.5596     3.5934    21.0519    21.0609    36.3199    36.3171    25.4849    25.4804    1526.73    155.023    156.492         31 0.0000e+00
      29163   1215.079    101.338    102.000    21.1308    21.1384   5.073522   5.074101     2.4367     2.0632     100.00   22.27408  -97.36188    0.01950    0.01521     3.6080     3.6460    21.1110    21.1187    36.3005    36.2986    25.4539    25.4503    1526.73    157.133    158.790         30 0.0000e+00
      29194   1216.368    100.344    101.000    21.1805    21.1850   5.076435   5.076751     2.4787     2.1078     100.00   22.27408  -97.36188    0.02121    0.01962     3.6926     3.7459    21.1610    21.1654    36.2820    36.2807    25.4261    25.4239    1526.73    160.825    163.145         31 0.0000e+00
      29227   1217.745     99.351    100.000    21.2226    21.2383   5.079384   5.080298     2.5369     2.1658     100.00   22.27408  -97.36188    0.03184    0.03324     3.8115     3.8761    21.2033    21.2189    36.2703    36.2644    25.4056    25.3967    1526.73    166.004    168.821         35 0.0000e+00
      29261   1219.181     98.358     99.000    21.2772    21.2900   5.082981   5.083501     2.5960     2.2250     100.00   22.27408  -97.36188    0.03969    0.04023     3.9313     4.0087    21.2580    21.2708    36.2533    36.2466    25.3775    25.3689    1526.73    171.225    174.600         34 0.0000e+00
      29295   1220.563     97.365     98.000    21.3809    21.3772   5.092802   5.092573     2.6504     2.2739     100.00   22.27408  -97.36188    0.04252    0.04113     4.0184     4.0966    21.3631    21.3583    36.2436    36.2449    25.3410    25.3430    1526.73    175.022    178.430         32 0.0000e+00
