GOMECC/GOMECC-4/1db/rb2103_0181.ros
* Sea-Bird SBE 9 Data File:
* FileName = C:\Users\scs.user.rb\CTD\GOMECC4\data\rb2103_0181.hex
* Software Version Seasave V 7.26.7.107
* Temperature SN = 4799
* Conductivity SN = 3860
* Number of Bytes Per Scan = 41
* Number of Voltage Words = 4
* Number of Scans Averaged by the Deck Unit = 1
* NMEA Latitude = 28 00.84 N
* NMEA Longitude = 083 00.93 W
* NMEA UTC (Time) = Sep 19 2021  18:30:14
* NMEA baud rate = 4800
# nquan = 17
# nvalues = 1064                                  
# units = specified
# name 0 = scan: Scan Count
# name 1 = timeS: Time, Elapsed [seconds]
# name 2 = depSM: Depth [salt water, m]
# name 3 = prDM: Pressure, Digiquartz [db]
# name 4 = t090C: Temperature [ITS-90, deg C]
# name 5 = t190C: Temperature, 2 [ITS-90, deg C]
# name 6 = c0S/m: Conductivity [S/m]
# name 7 = c1S/m: Conductivity, 2 [S/m]
# name 8 = sbeox0V: Oxygen raw, SBE 43 [V]
# name 9 = sbeox1V: Oxygen raw, SBE 43, 2 [V]
# name 10 = altM: Altimeter [m]
# name 11 = latitude: Latitude [deg]
# name 12 = longitude: Longitude [deg]
# name 13 = sbox0dV/dT: Oxygen, SBE 43 [dov/dt]
# name 14 = sbox1dV/dT: Oxygen, SBE 43, 2 [dov/dt]
# name 15 = nbf: Bottles Fired
# name 16 = flag:  0.000e+00
# interval = seconds: 0.0416667
# start_time = Sep 19 2021 18:30:14 [NMEA time, header]
# bad_flag = -9.990e-29
*END*
[from data line 511]
      28466   1186.042      3.699      3.723    29.6679    29.6616   5.708616   5.709118     3.4383     2.9353      12.33   28.01788  -83.01672   -0.00321   -0.00190          4  0.000e+00
      28467   1186.083      3.774      3.799    29.6685    29.6610   5.708584   5.709237     3.4371     2.9353      12.33   28.01788  -83.01672   -0.00350   -0.00208          4  0.000e+00
      28468   1186.125      3.714      3.739    29.6683    29.6644   5.708608   5.709165     3.4371     2.9353      12.33   28.01788  -83.01672   -0.00379   -0.00226          4  0.000e+00
      28469   1186.167      3.759      3.784    29.6678    29.6660   5.708796   5.708943     3.4371     2.9353      12.33   28.01788  -83.01672   -0.00407   -0.00243          4  0.000e+00
      28470   1186.208      3.714      3.739    29.6661    29.6692   5.708968   5.708641     3.4371     2.9353      12.33   28.01788  -83.01672   -0.00433   -0.00259          4  0.000e+00
      28471   1186.250      3.646      3.670    29.6649    29.6701   5.709102   5.708450     3.4371     2.9353      12.33   28.01788  -83.01672   -0.00459   -0.00276          4  0.000e+00
      28472   1186.292      3.774      3.799    29.6646    29.6698   5.709172   5.708347     3.4371     2.9341      12.33   28.01788  -83.01672   -0.00483   -0.00294          4  0.000e+00
      28473   1186.333      3.714      3.738    29.6644    29.6698   5.709290   5.708283     3.4371     2.9353      12.33   28.01788  -83.01672   -0.00506   -0.00308          4  0.000e+00
      28474   1186.375      3.698      3.723    29.6622    29.6701   5.709400   5.708418     3.4359     2.9341      12.33   28.01788  -83.01672   -0.00530   -0.00324          4  0.000e+00
      28475   1186.417      3.661      3.685    29.6622    29.6694   5.709494   5.708712     3.4359     2.9341      12.36   28.01788  -83.01672   -0.00552   -0.00340          4  0.000e+00
      28476   1186.458      3.698      3.723    29.6629    29.6670   5.709517   5.709110     3.4359     2.9341      12.38   28.01788  -83.01672   -0.00576   -0.00355          4  0.000e+00
      28477   1186.500      3.714      3.738    29.6628    29.6647   5.709517   5.709499     3.4359     2.9328      12.38   28.01788  -83.01672   -0.00597   -0.00372          4  0.000e+00
      28478   1186.542      3.661      3.685    29.6620    29.6634   5.709517   5.709769     3.4359     2.9328      12.38   28.01788  -83.01672   -0.00616   -0.00388          4  0.000e+00
      28479   1186.583      3.698      3.723    29.6620    29.6634   5.709517   5.709936     3.4359     2.9328      12.38   28.01788  -83.01672   -0.00635   -0.00402          4  0.000e+00
      28480   1186.625      3.661      3.685    29.6635    29.6608   5.709446   5.710182     3.4359     2.9316      12.38   28.01788  -83.01672   -0.00653   -0.00419          4  0.000e+00
      28481   1186.667      3.646      3.670    29.6640    29.6588   5.709282   5.710389     3.4347     2.9316      12.38   28.01788  -83.01672   -0.00670   -0.00436          4  0.000e+00
      28482   1186.708      3.661      3.685    29.6653    29.6575   5.709164   5.710580     3.4347     2.9316      12.38   28.01788  -83.01672   -0.00687   -0.00452          4  0.000e+00
      28483   1186.750      3.661      3.685    29.6637    29.6564   5.709251   5.710588     3.4359     2.9304      12.38   28.01788  -83.01672   -0.00702   -0.00468          4  0.000e+00
      28484   1186.792      3.646      3.670    29.6629    29.6566   5.709243   5.710540     3.4347     2.9304      12.38   28.01790  -83.01672   -0.00717   -0.00484          4  0.000e+00
      28485   1186.833      3.661      3.685    29.6637    29.6569   5.709196   5.710532     3.4347     2.9292      12.38   28.01790  -83.01672   -0.00732   -0.00500          4  0.000e+00
      28486   1186.875      3.646      3.670    29.6652    29.6573   5.709117   5.710421     3.4347     2.9292      12.38   28.01790  -83.01672   -0.00747   -0.00516          4  0.000e+00
      28730   1197.042      3.698      3.722    29.6640    29.6988   5.706257   5.703120     3.4579     2.9463      12.38   28.01788  -83.01670    0.00260    0.00379          5  0.000e+00
      28731   1197.083      3.773      3.799    29.6624    29.6991   5.706468   5.703374     3.4567     2.9475      12.38   28.01788  -83.01670    0.00253    0.00388          5  0.000e+00
      28732   1197.125      3.607      3.631    29.6589    29.6948   5.706727   5.703795     3.4567     2.9475      12.38   28.01788  -83.01670    0.00249    0.00396          5  0.000e+00
      28733   1197.167      3.758      3.783    29.6542    29.6937   5.706970   5.703962     3.4567     2.9475      12.38   28.01788  -83.01670    0.00244    0.00401          5  0.000e+00
      28734   1197.208      3.773      3.799    29.6485    29.6967   5.707315   5.703716     3.4567     2.9487      12.38   28.01788  -83.01670    0.00239    0.00408          5  0.000e+00
      28735   1197.250      3.698      3.722    29.6451    29.7002   5.707621   5.703358     3.4567     2.9487      12.38   28.01788  -83.01670    0.00236    0.00412          5  0.000e+00
      28736   1197.292      3.713      3.738    29.6422    29.7045   5.707832   5.702969     3.4567     2.9487      12.38   28.01788  -83.01670    0.00234    0.00416          5  0.000e+00
      28737   1197.333      3.607      3.631    29.6420    29.7036   5.707950   5.702795     3.4567     2.9487      12.38   28.01788  -83.01670    0.00232    0.00419          5  0.000e+00
      28738   1197.375      3.811      3.837    29.6435    29.7015   5.707973   5.702914     3.4567     2.9487      12.41   28.01788  -83.01670    0.00230    0.00420          5  0.000e+00
      28739   1197.417      3.713      3.738    29.6438    29.6986   5.707973   5.703319     3.4567     2.9487      12.41   28.01788  -83.01670    0.00229    0.00421          5  0.000e+00
      28740   1197.458      3.698      3.722    29.6428    29.6935   5.708005   5.703772     3.4567     2.9487      12.41   28.01788  -83.01670    0.00229    0.00420          5  0.000e+00
      28741   1197.500      3.713      3.738    29.6432    29.6902   5.708091   5.704010     3.4567     2.9475      12.41   28.01788  -83.01670    0.00226    0.00417          5  0.000e+00
      28742   1197.542      3.607      3.631    29.6431    29.6891   5.708005   5.704137     3.4567     2.9475      12.43   28.01788  -83.01670    0.00225    0.00414          5  0.000e+00
      28743   1197.583      3.811      3.837    29.6428    29.6876   5.708044   5.704288     3.4567     2.9475      12.41   28.01788  -83.01670    0.00224    0.00412          5  0.000e+00
      28744   1197.625      3.660      3.684    29.6424    29.6855   5.708138   5.704383     3.4567     2.9475      12.41   28.01788  -83.01670    0.00223    0.00407          5  0.000e+00
      28745   1197.667      3.645      3.669    29.6419    29.6846   5.708161   5.704455     3.4554     2.9475      12.41   28.01788  -83.01670    0.00221    0.00402          5  0.000e+00
      28746   1197.708      3.713      3.738    29.6413    29.6844   5.708162   5.704558     3.4554     2.9475      12.41   28.01788  -83.01670    0.00218    0.00398          5  0.000e+00
      28747   1197.750      3.607      3.631    29.6406    29.6842   5.708193   5.704494     3.4554     2.9475      12.41   28.01788  -83.01670    0.00213    0.00394          5  0.000e+00
      28748   1197.792      3.698      3.722    29.6400    29.6848   5.708209   5.704423     3.4554     2.9487      12.41   28.01788  -83.01670    0.00210    0.00392          5  0.000e+00
      28749   1197.833      3.713      3.738    29.6400    29.6857   5.708209   5.704240     3.4554     2.9487      12.43   28.01788  -83.01670    0.00205    0.00388          5  0.000e+00
      28750   1197.875      3.645      3.669    29.6405    29.6868   5.708099   5.704137     3.4554     2.9487      12.41   28.01788  -83.01670    0.00200    0.00386          5  0.000e+00
      28751   1197.917      3.660      3.684    29.6420    29.6887   5.707926   5.704065     3.4554     2.9487      12.41   28.01788  -83.01670    0.00194    0.00382          5  0.000e+00
      28752   1197.958      3.607      3.631    29.6424    29.6898   5.707911   5.703962     3.4554     2.9487      12.43   28.01788  -83.01670    0.00187    0.00380          5  0.000e+00
      28753   1198.000      3.645      3.669    29.6420    29.6907   5.707926   5.703875     3.4542     2.9487      12.43   28.01788  -83.01670    0.00178    0.00378          5  0.000e+00
      28754   1198.042      3.660      3.684    29.6411    29.6915   5.707997   5.703914     3.4530     2.9487      12.41   28.01788  -83.01670    0.00168    0.00376          5  0.000e+00
      28755   1198.083      3.645      3.669    29.6406    29.6906   5.708122   5.703946     3.4530     2.9487      12.41   28.01788  -83.01670    0.00155    0.00375          5  0.000e+00
      28756   1198.125      3.607      3.631    29.6400    29.6911   5.708161   5.703978     3.4530     2.9487      12.41   28.01788  -83.01670    0.00142    0.00374          5  0.000e+00
      28757   1198.167      3.607      3.631    29.6400    29.6909   5.708161   5.703962     3.4530     2.9487      12.41   28.01788  -83.01670    0.00131    0.00373          5  0.000e+00
      28758   1198.208      3.645      3.669    29.6401    29.6902   5.708052   5.704010     3.4530     2.9499      12.41   28.01788  -83.01670    0.00118    0.00375          5  0.000e+00
      28759   1198.250      3.607      3.631    29.6406    29.6902   5.708020   5.704042     3.4530     2.9499      12.43   28.01788  -83.01670    0.00105    0.00378          5  0.000e+00
      28760   1198.292      3.592      3.616    29.6415    29.6900   5.707981   5.704097     3.4518     2.9499      12.41   28.01788  -83.01670    0.00090    0.00381          5  0.000e+00
      28761   1198.333      3.607      3.631    29.6416    29.6896   5.707973   5.704065     3.4518     2.9499      12.43   28.01788  -83.01670    0.00077    0.00384          5  0.000e+00
      28762   1198.375      3.607      3.631    29.6423    29.6898   5.708005   5.704137     3.4518     2.9512      12.45   28.01788  -83.01670    0.00064    0.00390          5  0.000e+00
      28763   1198.417      3.592      3.616    29.6429    29.6894   5.707981   5.704216     3.4530     2.9512      12.48   28.01788  -83.01670    0.00052    0.00395          5  0.000e+00
      28764   1198.458      3.607      3.631    29.6459    29.6893   5.707973   5.704185     3.4530     2.9512      12.48   28.01788  -83.01670    0.00041    0.00400          5  0.000e+00
      28765   1198.500      3.531      3.555    29.6461    29.6893   5.707832   5.704113     3.4518     2.9512      12.48   28.01788  -83.01670    0.00027    0.00406          5  0.000e+00
      28766   1198.542      3.547      3.570    29.6462    29.6889   5.707746   5.703978     3.4518     2.9512      12.48   28.01788  -83.01670    0.00014    0.00411          5  0.000e+00
      28767   1198.583      3.607      3.631    29.6476    29.6883   5.707558   5.704018     3.4518     2.9512      12.48   28.01788  -83.01670    0.00001    0.00417          5  0.000e+00
      28768   1198.625      3.531      3.555    29.6498    29.6875   5.707252   5.704097     3.4530     2.9499      12.50   28.01788  -83.01670   -0.00011    0.00420          5  0.000e+00
      28769   1198.667      3.547      3.570    29.6514    29.6872   5.707064   5.704097     3.4518     2.9487      12.48   28.01788  -83.01670   -0.00025    0.00421          5  0.000e+00
      28770   1198.708      3.531      3.555    29.6542    29.6863   5.706813   5.704185     3.4518     2.9487      12.48   28.01788  -83.01670   -0.00037    0.00422          5  0.000e+00
      28771   1198.750      3.547      3.570    29.6589    29.6863   5.706641   5.704296     3.4505     2.9487      12.48   28.01788  -83.01670   -0.00050    0.00423          5  0.000e+00
      28772   1198.792      3.547      3.570    29.6604    29.6865   5.706609   5.704312     3.4505     2.9475      12.48   28.01788  -83.01670   -0.00064    0.00421          5  0.000e+00
      28773   1198.833      3.479      3.502    29.6611    29.6855   5.706468   5.704320     3.4505     2.9475      12.48   28.01788  -83.01670   -0.00077    0.00419          5  0.000e+00
      28774   1198.875      3.494      3.517    29.6624    29.6841   5.706311   5.704447     3.4505     2.9475      12.48   28.01788  -83.01670   -0.00091    0.00417          5  0.000e+00
      28775   1198.917      3.531      3.555    29.6643    29.6831   5.706139   5.704542     3.4505     2.9475      12.50   28.01788  -83.01670   -0.00104    0.00416          5  0.000e+00
      28776   1198.958      3.494      3.517    29.6659    29.6822   5.705982   5.704613     3.4505     2.9475      12.48   28.01788  -83.01670   -0.00117    0.00414          5  0.000e+00
      28777   1199.000      3.494      3.517    29.6668    29.6824   5.706021   5.704613     3.4505     2.9475      12.48   28.01788  -83.01670   -0.00131    0.00413          5  0.000e+00
      28778   1199.042      3.531      3.555    29.6650    29.6828   5.706257   5.704558     3.4505     2.9475      12.50   28.01788  -83.01670   -0.00144    0.00411          5  0.000e+00
      28779   1199.083      3.494      3.517    29.6620    29.6835   5.706429   5.704629     3.4505     2.9463      12.48   28.01788  -83.01670   -0.00155    0.00408          5  0.000e+00
      28780   1199.125      3.478      3.502    29.6583    29.6815   5.706641   5.704780     3.4493     2.9475      12.48   28.01788  -83.01670   -0.00169    0.00406          5  0.000e+00
      28781   1199.167      3.494      3.517    29.6562    29.6779   5.706876   5.705050     3.4493     2.9475      12.48   28.01788  -83.01670   -0.00182    0.00404          5  0.000e+00
      28782   1199.208      3.494      3.517    29.6552    29.6755   5.707009   5.705249     3.4493     2.9475      12.48   28.01788  -83.01670   -0.00195    0.00403          5  0.000e+00
      28783   1199.250      3.478      3.502    29.6577    29.6742   5.706852   5.705416     3.4493     2.9475      12.48   28.01788  -83.01670   -0.00208    0.00401          5  0.000e+00
      28784   1199.292      3.433      3.456    29.6668    29.6722   5.706084   5.705678     3.4493     2.9475      12.48   28.01788  -83.01670   -0.00219    0.00398          5  0.000e+00
      28785   1199.333      3.478      3.502    29.6709    29.6703   5.705614   5.705988     3.4493     2.9475      12.48   28.01788  -83.01670   -0.00229    0.00395          5  0.000e+00
      28786   1199.375      3.494      3.517    29.6685    29.6675   5.705778   5.706043     3.4493     2.9475      12.50   28.01788  -83.01670   -0.00238    0.00392          5  0.000e+00
      28787   1199.417      3.433      3.456    29.6651    29.6660   5.705959   5.705948     3.4493     2.9475      12.50   28.01788  -83.01670   -0.00247    0.00386          5  0.000e+00
      28788   1199.458      3.478      3.502    29.6633    29.6675   5.706241   5.705734     3.4493     2.9475      12.53   28.01788  -83.01670   -0.00256    0.00381          5  0.000e+00
      28789   1199.500      3.494      3.517    29.6622    29.6690   5.706288   5.705614     3.4493     2.9475      12.50   28.01788  -83.01670   -0.00262    0.00373          5  0.000e+00
      28790   1199.542      3.478      3.502    29.6626    29.6673   5.706280   5.705749     3.4481     2.9487      12.50   28.01788  -83.01670   -0.00270    0.00369          5  0.000e+00
      28791   1199.583      3.433      3.456    29.6624    29.6653   5.706280   5.706035     3.4493     2.9487      12.50   28.01788  -83.01670   -0.00275    0.00362          5  0.000e+00
      28792   1199.625      3.494      3.517    29.6630    29.6638   5.706170   5.706337     3.4481     2.9487      12.50   28.01788  -83.01670   -0.00281    0.00355          5  0.000e+00
