GOMECC/GOMECC-4/1db/rb2103_0381.ros
* Sea-Bird SBE 9 Data File:
* FileName = C:\Users\scs.user.rb\CTD\GOMECC4\data\rb2103_0381.hex
* Software Version Seasave V 7.26.7.107
* Temperature SN = 4799
* Conductivity SN = 3860
* Number of Bytes Per Scan = 41
* Number of Voltage Words = 4
* Number of Scans Averaged by the Deck Unit = 1
* NMEA Latitude = 27 35.06 N
* NMEA Longitude = 089 59.95 W
* NMEA UTC (Time) = Sep 25 2021  13:55:17
* NMEA baud rate = 4800
# nquan = 17
# nvalues = 3192                                  
# units = specified
# name 0 = scan: Scan Count
# name 1 = timeS: Time, Elapsed [seconds]
# name 2 = depSM: Depth [salt water, m]
# name 3 = prDM: Pressure, Digiquartz [db]
# name 4 = t090C: Temperature [ITS-90, deg C]
# name 5 = t190C: Temperature, 2 [ITS-90, deg C]
# name 6 = c0S/m: Conductivity [S/m]
# name 7 = c1S/m: Conductivity, 2 [S/m]
# name 8 = sbeox0V: Oxygen raw, SBE 43 [V]
# name 9 = sbeox1V: Oxygen raw, SBE 43, 2 [V]
# name 10 = altM: Altimeter [m]
# name 11 = latitude: Latitude [deg]
# name 12 = longitude: Longitude [deg]
# name 13 = sbox0dV/dT: Oxygen, SBE 43 [dov/dt]
# name 14 = sbox1dV/dT: Oxygen, SBE 43, 2 [dov/dt]
# name 15 = nbf: Bottles Fired
# name 16 = flag:  0.000e+00
# interval = seconds: 0.0416667
# start_time = Sep 25 2021 13:55:17 [NMEA time, header]
# bad_flag = -9.990e-29
*END*
[from data line 2383]
     111215   4633.917     39.672     39.940    28.2844    28.2956   5.843337   5.844473     3.1026     2.6325     100.00   27.60232  -89.99874   -0.00080   -0.00090         18  0.000e+00
     111216   4633.958     39.672     39.940    28.2844    28.2965   5.843393   5.844529     3.1026     2.6325     100.00   27.60232  -89.99874   -0.00081   -0.00096         18  0.000e+00
     111217   4634.000     39.732     40.001    28.2844    28.2963   5.843401   5.844505     3.1038     2.6325     100.00   27.60232  -89.99874   -0.00078   -0.00101         18  0.000e+00
     111218   4634.042     39.695     39.963    28.2844    28.2960   5.843401   5.844497     3.1038     2.6337     100.00   27.60232  -89.99874   -0.00076   -0.00104         18  0.000e+00
     111219   4634.083     39.672     39.940    28.2857    28.2963   5.843543   5.844497     3.1038     2.6325     100.00   27.60232  -89.99874   -0.00076   -0.00108         18  0.000e+00
     111220   4634.125     39.732     40.001    28.2883    28.2965   5.843781   5.844497     3.1038     2.6325     100.00   27.60232  -89.99874   -0.00077   -0.00111         18  0.000e+00
     111221   4634.167     39.672     39.940    28.2897    28.2965   5.843828   5.844457     3.1038     2.6337     100.00   27.60232  -89.99874   -0.00076   -0.00112         18  0.000e+00
     111222   4634.208     39.733     40.001    28.2899    28.2961   5.843836   5.844481     3.1038     2.6325     100.00   27.60232  -89.99874   -0.00075   -0.00115         18  0.000e+00
     111223   4634.250     39.733     40.001    28.2897    28.2967   5.843868   5.844497     3.1038     2.6325     100.00   27.60232  -89.99874   -0.00074   -0.00118         18  0.000e+00
     111224   4634.292     39.733     40.001    28.2902    28.2967   5.843923   5.844569     3.1038     2.6325     100.00   27.60232  -89.99874   -0.00075   -0.00121         18  0.000e+00
     111225   4634.333     39.733     40.001    28.2901    28.2958   5.843963   5.844481     3.1038     2.6325     100.00   27.60232  -89.99874   -0.00074   -0.00124         18  0.000e+00
     113271   4719.583     29.848     30.049    28.4320    28.4350   5.855177   5.855616     3.1111     2.6422     100.00   27.60276  -89.99878   -0.00023   -0.00052         19  0.000e+00
     113272   4719.625     29.628     29.828    28.4318    28.4341   5.855130   5.855648     3.1111     2.6435     100.00   27.60276  -89.99878   -0.00024   -0.00049         19  0.000e+00
     113273   4719.667     29.681     29.881    28.4318    28.4348   5.855193   5.855728     3.1123     2.6422     100.00   27.60276  -89.99878   -0.00025   -0.00048         19  0.000e+00
     113274   4719.708     29.742     29.942    28.4320    28.4350   5.855177   5.855680     3.1123     2.6422     100.00   27.60276  -89.99878   -0.00027   -0.00047         19  0.000e+00
     113275   4719.750     29.545     29.744    28.4317    28.4348   5.855201   5.855664     3.1111     2.6435     100.00   27.60276  -89.99878   -0.00030   -0.00044         19  0.000e+00
     113276   4719.792     29.795     29.996    28.4318    28.4348   5.855217   5.855656     3.1111     2.6435     100.00   27.60276  -89.99878   -0.00033   -0.00041         19  0.000e+00
     113277   4719.833     29.681     29.881    28.4318    28.4346   5.855217   5.855656     3.1123     2.6435     100.00   27.60276  -89.99878   -0.00034   -0.00040         19  0.000e+00
     113278   4719.875     29.681     29.881    28.4320    28.4350   5.855217   5.855688     3.1123     2.6435     100.00   27.60276  -89.99878   -0.00035   -0.00037         19  0.000e+00
     113279   4719.917     29.681     29.881    28.4318    28.4348   5.855177   5.855672     3.1123     2.6435     100.00   27.60276  -89.99878   -0.00037   -0.00035         19  0.000e+00
     113280   4719.958     29.742     29.942    28.4320    28.4350   5.855201   5.855656     3.1123     2.6435     100.00   27.60276  -89.99878   -0.00038   -0.00032         19  0.000e+00
     113281   4720.000     29.682     29.881    28.4319    28.4348   5.855177   5.855696     3.1111     2.6435     100.00   27.60276  -89.99878   -0.00041   -0.00029         19  0.000e+00
     113282   4720.042     29.682     29.882    28.4320    28.4350   5.855201   5.855672     3.1111     2.6435     100.00   27.60276  -89.99878   -0.00045   -0.00027         19  0.000e+00
     113283   4720.083     29.682     29.882    28.4320    28.4350   5.855177   5.855688     3.1111     2.6435     100.00   27.60276  -89.99878   -0.00048   -0.00023         19  0.000e+00
     113284   4720.125     29.682     29.882    28.4320    28.4350   5.855169   5.855672     3.1123     2.6447     100.00   27.60276  -89.99878   -0.00049   -0.00017         19  0.000e+00
     113285   4720.167     29.742     29.942    28.4322    28.4350   5.855241   5.855656     3.1111     2.6435     100.00   27.60276  -89.99878   -0.00053   -0.00012         19  0.000e+00
     113286   4720.208     29.712     29.912    28.4322    28.4350   5.855264   5.855696     3.1111     2.6447     100.00   27.60276  -89.99878   -0.00056   -0.00006         19  0.000e+00
     113287   4720.250     29.682     29.882    28.4323    28.4350   5.855225   5.855712     3.1111     2.6435     100.00   27.60276  -89.99878   -0.00059   -0.00002         19  0.000e+00
     113288   4720.292     29.682     29.882    28.4322    28.4350   5.855177   5.855664     3.1123     2.6435     100.00   27.60276  -89.99878   -0.00061    0.00002         19  0.000e+00
     113289   4720.333     29.742     29.942    28.4322    28.4348   5.855241   5.855696     3.1111     2.6447      91.48   27.60276  -89.99878   -0.00064    0.00008         19  0.000e+00
     113290   4720.375     29.682     29.882    28.4322    28.4350   5.855225   5.855704     3.1111     2.6447      81.56   27.60276  -89.99878   -0.00065    0.00014         19  0.000e+00
     113291   4720.417     29.682     29.882    28.4320    28.4350   5.855249   5.855704     3.1123     2.6435      79.17   27.60276  -89.99878   -0.00067    0.00018         19  0.000e+00
     113292   4720.458     29.742     29.943    28.4325    28.4350   5.855264   5.855632     3.1123     2.6435      79.63   27.60276  -89.99878   -0.00067    0.00022         19  0.000e+00
     113293   4720.500     29.742     29.943    28.4323    28.4348   5.855296   5.855720     3.1123     2.6447      80.10   27.60276  -89.99878   -0.00066    0.00028         19  0.000e+00
     113294   4720.542     29.682     29.882    28.4323    28.4354   5.855312   5.855720     3.1111     2.6435      80.22   27.60276  -89.99878   -0.00068    0.00032         19  0.000e+00
     113295   4720.583     29.682     29.882    28.4322    28.4348   5.855272   5.855664     3.1123     2.6435      80.17   27.60276  -89.99878   -0.00067    0.00036         19  0.000e+00
     113296   4720.625     29.742     29.943    28.4320    28.4350   5.855264   5.855696     3.1123     2.6447      80.17   27.60276  -89.99878   -0.00065    0.00042         19  0.000e+00
     113297   4720.667     29.712     29.912    28.4322    28.4350   5.855296   5.855704     3.1123     2.6435      80.15   27.60276  -89.99878   -0.00063    0.00046         19  0.000e+00
     113298   4720.708     29.742     29.943    28.4325    28.4350   5.855312   5.855672     3.1123     2.6435      80.15   27.60276  -89.99878   -0.00063    0.00050         19  0.000e+00
     113299   4720.750     29.742     29.943    28.4323    28.4348   5.855312   5.855656     3.1123     2.6435      80.15   27.60276  -89.99878   -0.00061    0.00055         19  0.000e+00
     113300   4720.792     29.742     29.943    28.4324    28.4350   5.855241   5.855696     3.1123     2.6435      80.17   27.60278  -89.99878   -0.00059    0.00059         19  0.000e+00
     113301   4720.833     29.742     29.943    28.4323    28.4348   5.855249   5.855672     3.1123     2.6435      80.15   27.60278  -89.99878   -0.00056    0.00063         19  0.000e+00
     113302   4720.875     29.682     29.882    28.4325    28.4348   5.855296   5.855728     3.1123     2.6435      80.15   27.60278  -89.99878   -0.00054    0.00067         19  0.000e+00
     113303   4720.917     29.795     29.996    28.4327    28.4350   5.855272   5.855752     3.1123     2.6435      80.17   27.60278  -89.99878   -0.00054    0.00069         19  0.000e+00
     113304   4720.958     29.742     29.943    28.4331    28.4348   5.855367   5.855712     3.1123     2.6435      80.15   27.60278  -89.99878   -0.00052    0.00071         19  0.000e+00
     113305   4721.000     29.742     29.943    28.4329    28.4352   5.855407   5.855704     3.1123     2.6435      80.15   27.60278  -89.99878   -0.00049    0.00074         19  0.000e+00
     113306   4721.042     29.742     29.943    28.4332    28.4346   5.855367   5.855712     3.1123     2.6435      80.15   27.60278  -89.99878   -0.00047    0.00076         19  0.000e+00
     113307   4721.083     29.742     29.943    28.4333    28.4352   5.855391   5.855736     3.1136     2.6435      80.15   27.60278  -89.99878   -0.00043    0.00078         19  0.000e+00
     113308   4721.125     29.773     29.973    28.4331    28.4348   5.855367   5.855720     3.1136     2.6422      80.15   27.60278  -89.99878   -0.00039    0.00077         19  0.000e+00
     113309   4721.167     29.742     29.943    28.4331    28.4350   5.855391   5.855736     3.1123     2.6435      80.15   27.60278  -89.99878   -0.00036    0.00079         19  0.000e+00
     113310   4721.208     29.795     29.996    28.4331    28.4350   5.855336   5.855680     3.1123     2.6435      80.15   27.60278  -89.99878   -0.00034    0.00079         19  0.000e+00
     113311   4721.250     29.742     29.943    28.4327    28.4352   5.855344   5.855656     3.1136     2.6435      80.15   27.60278  -89.99878   -0.00030    0.00079         19  0.000e+00
     113312   4721.292     29.795     29.996    28.4328    28.4348   5.855360   5.855656     3.1136     2.6422      87.20   27.60278  -89.99878   -0.00025    0.00078         19  0.000e+00
     113313   4721.333     29.742     29.943    28.4329    28.4352   5.855360   5.855696     3.1123     2.6422      97.95   27.60278  -89.99878   -0.00023    0.00076         19  0.000e+00
     113314   4721.375     29.795     29.996    28.4333    28.4350   5.855360   5.855704     3.1136     2.6422     100.00   27.60278  -89.99878   -0.00019    0.00074         19  0.000e+00
     113315   4721.417     29.795     29.996    28.4334    28.4348   5.855431   5.855704     3.1136     2.6422     100.00   27.60278  -89.99878   -0.00013    0.00073         19  0.000e+00
     113316   4721.458     29.743     29.943    28.4333    28.4352   5.855415   5.855704     3.1136     2.6422     100.00   27.60278  -89.99878   -0.00007    0.00071         19  0.000e+00
     113317   4721.500     29.795     29.996    28.4334    28.4348   5.855439   5.855672     3.1136     2.6410     100.00   27.60278  -89.99878   -0.00002    0.00067         19  0.000e+00
     113318   4721.542     29.712     29.913    28.4334    28.4350   5.855455   5.855728     3.1136     2.6410     100.00   27.60278  -89.99878    0.00004    0.00064         19  0.000e+00
     113319   4721.583     29.909     30.110    28.4336    28.4350   5.855455   5.855752     3.1136     2.6410     100.00   27.60278  -89.99878    0.00010    0.00060         19  0.000e+00
     113320   4721.625     29.743     29.943    28.4334    28.4350   5.855455   5.855720     3.1148     2.6410     100.00   27.60278  -89.99878    0.00018    0.00057         19  0.000e+00
     113321   4721.667     29.796     29.996    28.4333    28.4350   5.855455   5.855704     3.1148     2.6410     100.00   27.60278  -89.99878    0.00025    0.00055         19  0.000e+00
     113322   4721.708     29.796     29.996    28.4333    28.4348   5.855415   5.855744     3.1160     2.6410     100.00   27.60278  -89.99878    0.00033    0.00052         19  0.000e+00
     113323   4721.750     29.796     29.996    28.4334    28.4350   5.855367   5.855712     3.1136     2.6410     100.00   27.60278  -89.99878    0.00038    0.00050         19  0.000e+00
     113324   4721.792     29.848     30.050    28.4333    28.4348   5.855431   5.855704     3.1148     2.6410     100.00   27.60278  -89.99878    0.00044    0.00048         19  0.000e+00
     113325   4721.833     29.743     29.943    28.4334    28.4348   5.855455   5.855672     3.1148     2.6410     100.00   27.60278  -89.99878    0.00050    0.00046         19  0.000e+00
     113326   4721.875     29.848     30.050    28.4334    28.4348   5.855455   5.855728     3.1148     2.6410     100.00   27.60278  -89.99878    0.00056    0.00045         19  0.000e+00
     113327   4721.917     29.796     29.996    28.4334    28.4348   5.855455   5.855720     3.1160     2.6410     100.00   27.60278  -89.99878    0.00061    0.00043         19  0.000e+00
     113328   4721.958     29.796     29.996    28.4334    28.4348   5.855415   5.855704     3.1148     2.6410     100.00   27.60278  -89.99878    0.00065    0.00042         19  0.000e+00
     113329   4722.000     29.826     30.027    28.4333    28.4346   5.855367   5.855744     3.1148     2.6410     100.00   27.60278  -89.99878    0.00069    0.00040         19  0.000e+00
     113330   4722.042     29.796     29.996    28.4333    28.4350   5.855391   5.855712     3.1148     2.6422     100.00   27.60278  -89.99878    0.00073    0.00041         19  0.000e+00
     113331   4722.083     29.796     29.996    28.4334    28.4348   5.855407   5.855744     3.1160     2.6422     100.00   27.60278  -89.99878    0.00079    0.00039         19  0.000e+00
     113332   4722.125     29.796     29.996    28.4334    28.4348   5.855407   5.855720     3.1160     2.6422     100.00   27.60278  -89.99878    0.00083    0.00039         19  0.000e+00
     113333   4722.167     29.849     30.050    28.4334    28.4348   5.855407   5.855736     3.1148     2.6422     100.00   27.60278  -89.99878    0.00086    0.00038         19  0.000e+00
     113334   4722.208     29.796     29.996    28.4333    28.4350   5.855439   5.855752     3.1148     2.6422     100.00   27.60278  -89.99878    0.00090    0.00036         19  0.000e+00
     113335   4722.250     29.849     30.050    28.4334    28.4350   5.855455   5.855785     3.1148     2.6435     100.00   27.60278  -89.99878    0.00093    0.00036         19  0.000e+00
     113336   4722.292     29.796     29.996    28.4334    28.4348   5.855423   5.855728     3.1148     2.6422     100.00   27.60278  -89.99878    0.00097    0.00035         19  0.000e+00
     113337   4722.333     29.849     30.050    28.4334    28.4350   5.855439   5.855736     3.1136     2.6422     100.00   27.60278  -89.99878    0.00096    0.00033         19  0.000e+00
     113338   4722.375     29.849     30.050    28.4334    28.4350   5.855455   5.855752     3.1136     2.6422     100.00   27.60278  -89.99878    0.00098    0.00029         19  0.000e+00
     113339   4722.417     29.796     29.997    28.4333    28.4348   5.855415   5.855760     3.1136     2.6435     100.00   27.60278  -89.99878    0.00098    0.00029         19  0.000e+00
     113340   4722.458     29.826     30.027    28.4331    28.4350   5.855407   5.855680     3.1136     2.6435     100.00   27.60278  -89.99878    0.00099    0.00028         19  0.000e+00
     113341   4722.500     29.796     29.997    28.4329    28.4348   5.855367   5.855728     3.1136     2.6435     100.00   27.60278  -89.99878    0.00098    0.00027         19  0.000e+00
     113342   4722.542     29.849     30.050    28.4331    28.4348   5.855391   5.855680     3.1123     2.6435     100.00   27.60278  -89.99878    0.00098    0.00025         19  0.000e+00
     113343   4722.583     29.796     29.997    28.4328    28.4350   5.855407   5.855768     3.1123     2.6435     100.00   27.60278  -89.99878    0.00098    0.00025         19  0.000e+00
     113344   4722.625     29.796     29.997    28.4331    28.4348   5.855407   5.855736     3.1123     2.6435     100.00   27.60278  -89.99878    0.00097    0.00024         19  0.000e+00
