GOMECC/GOMECC-4/1db/rb2103_0461.ros
* Sea-Bird SBE 9 Data File:
* FileName = C:\Users\scs.user.rb\CTD\GOMECC4\data\rb2103_0461.hex
* Software Version Seasave V 7.26.7.107
* Temperature SN = 4799
* Conductivity SN = 3860
* Number of Bytes Per Scan = 41
* Number of Voltage Words = 4
* Number of Scans Averaged by the Deck Unit = 1
* NMEA Latitude = 28 58.22 N
* NMEA Longitude = 090 12.61 W
* NMEA UTC (Time) = Sep 26 2021  13:43:55
* NMEA baud rate = 4800
# nquan = 17
# nvalues = 399                                   
# units = specified
# name 0 = scan: Scan Count
# name 1 = timeS: Time, Elapsed [seconds]
# name 2 = depSM: Depth [salt water, m]
# name 3 = prDM: Pressure, Digiquartz [db]
# name 4 = t090C: Temperature [ITS-90, deg C]
# name 5 = t190C: Temperature, 2 [ITS-90, deg C]
# name 6 = c0S/m: Conductivity [S/m]
# name 7 = c1S/m: Conductivity, 2 [S/m]
# name 8 = sbeox0V: Oxygen raw, SBE 43 [V]
# name 9 = sbeox1V: Oxygen raw, SBE 43, 2 [V]
# name 10 = altM: Altimeter [m]
# name 11 = latitude: Latitude [deg]
# name 12 = longitude: Longitude [deg]
# name 13 = sbox0dV/dT: Oxygen, SBE 43 [dov/dt]
# name 14 = sbox1dV/dT: Oxygen, SBE 43, 2 [dov/dt]
# name 15 = nbf: Bottles Fired
# name 16 = flag:  0.000e+00
# interval = seconds: 0.0416667
# start_time = Sep 26 2021 13:43:55 [NMEA time, header]
# bad_flag = -9.990e-29
*END*
[from data line 341]
      16777    699.000      3.607      3.631    26.1953    26.1950   4.095679   4.095378     3.3297     2.8474      15.48   28.97198  -90.21230   -0.00020   -0.00233          3  0.000e+00
      16778    699.042      3.562      3.586    26.1957    26.1949   4.095782   4.095253     3.3297     2.8474      15.46   28.97198  -90.21230   -0.00019   -0.00238          3  0.000e+00
      16779    699.083      3.622      3.647    26.1986    26.1943   4.096383   4.095108     3.3297     2.8474      15.43   28.97198  -90.21230   -0.00019   -0.00240          3  0.000e+00
      16780    699.125      3.660      3.685    26.1998    26.1940   4.096888   4.095129     3.3284     2.8474      15.43   28.97198  -90.21230   -0.00022   -0.00243          3  0.000e+00
      16781    699.167      3.622      3.647    26.1995    26.1943   4.096943   4.095468     3.3284     2.8474      15.43   28.97198  -90.21230   -0.00025   -0.00245          3  0.000e+00
      16782    699.208      3.660      3.685    26.1990    26.1945   4.096847   4.095516     3.3284     2.8474      15.43   28.97198  -90.21230   -0.00027   -0.00250          3  0.000e+00
      16783    699.250      3.675      3.700    26.1988    26.1943   4.096792   4.095419     3.3297     2.8474      15.43   28.97198  -90.21230   -0.00026   -0.00254          3  0.000e+00
      16784    699.292      3.622      3.647    26.1990    26.1943   4.096785   4.095260     3.3297     2.8486      15.43   28.97198  -90.21230   -0.00026   -0.00255          3  0.000e+00
      16785    699.333      3.720      3.745    26.1984    26.1938   4.096751   4.094734     3.3297     2.8474      15.41   28.97198  -90.21230   -0.00026   -0.00258          3  0.000e+00
      16786    699.375      3.675      3.700    26.1981    26.1931   4.096690   4.094222     3.3284     2.8474      15.43   28.97198  -90.21230   -0.00027   -0.00261          3  0.000e+00
      16787    699.417      3.675      3.700    26.1988    26.1924   4.096861   4.094056     3.3297     2.8474      15.43   28.97198  -90.21230   -0.00027   -0.00265          3  0.000e+00
      16788    699.458      3.660      3.685    26.1991    26.1924   4.097004   4.094098     3.3297     2.8486      15.43   28.97198  -90.21230   -0.00026   -0.00266          3  0.000e+00
      16789    699.500      3.735      3.761    26.1991    26.1925   4.096840   4.094354     3.3309     2.8486      15.43   28.97198  -90.21230   -0.00022   -0.00266          3  0.000e+00
      16790    699.542      3.720      3.745    26.1984    26.1927   4.096376   4.094963     3.3297     2.8486      15.43   28.97198  -90.21230   -0.00022   -0.00266          3  0.000e+00
      16791    699.583      3.735      3.761    26.1977    26.1940   4.095734   4.095599     3.3297     2.8486      15.43   28.97198  -90.21230   -0.00021   -0.00265          3  0.000e+00
      16792    699.625      3.675      3.700    26.1953    26.1951   4.095242   4.095481     3.3297     2.8486      15.43   28.97198  -90.21230   -0.00019   -0.00261          3  0.000e+00
      16793    699.667      3.773      3.799    26.1950    26.1955   4.095379   4.095772     3.3309     2.8498      15.43   28.97198  -90.21230   -0.00017   -0.00256          3  0.000e+00
      16794    699.708      3.735      3.761    26.1961    26.1969   4.095789   4.096526     3.3309     2.8498      15.43   28.97198  -90.21230   -0.00013   -0.00250          3  0.000e+00
      16795    699.750      3.735      3.761    26.1975    26.1987   4.096267   4.096962     3.3297     2.8498      15.43   28.97198  -90.21230   -0.00013   -0.00245          3  0.000e+00
      16796    699.792      3.773      3.799    26.1993    26.1992   4.096601   4.097087     3.3297     2.8498      15.41   28.97198  -90.21230   -0.00012   -0.00239          3  0.000e+00
      16797    699.833      3.735      3.761    26.2000    26.1996   4.096649   4.097108     3.3297     2.8498      15.43   28.97198  -90.21230   -0.00012   -0.00233          3  0.000e+00
      16798    699.875      3.773      3.799    26.1999    26.1998   4.096608   4.097177     3.3297     2.8498      15.41   28.97198  -90.21230   -0.00010   -0.00226          3  0.000e+00
      16799    699.917      3.788      3.814    26.2002    26.1996   4.096601   4.097163     3.3297     2.8498      15.43   28.97198  -90.21230   -0.00007   -0.00216          3  0.000e+00
      16800    699.958      3.735      3.761    26.1997    26.2000   4.096465   4.096983     3.3297     2.8498      15.43   28.97198  -90.21230   -0.00007   -0.00208          3  0.000e+00
      16801    700.000      3.773      3.799    26.1993    26.2002   4.096314   4.096810     3.3297     2.8510      15.43   28.97198  -90.21230   -0.00006   -0.00197          3  0.000e+00
      16802    700.042      3.788      3.814    26.1984    26.2006   4.096178   4.096672     3.3297     2.8510      15.41   28.97198  -90.21230   -0.00006   -0.00187          3  0.000e+00
      16803    700.083      3.788      3.814    26.1975    26.2007   4.096034   4.096028     3.3297     2.8510      15.36   28.97198  -90.21230   -0.00005   -0.00178          3  0.000e+00
      16804    700.125      3.720      3.745    26.1971    26.1996   4.096021   4.095772     3.3297     2.8510      15.36   28.97198  -90.21230   -0.00003   -0.00165          3  0.000e+00
      16805    700.167      3.788      3.814    26.1973    26.1995   4.096219   4.096014     3.3297     2.8510      15.36   28.97198  -90.21230   -0.00003   -0.00154          3  0.000e+00
      16806    700.208      3.773      3.799    26.1982    26.1991   4.096547   4.096270     3.3297     2.8498      15.36   28.97198  -90.21230   -0.00002   -0.00146          3  0.000e+00
      16807    700.250      3.788      3.814    26.1993    26.1990   4.096745   4.096561     3.3297     2.8510      15.36   28.97198  -90.21230   -0.00001   -0.00138          3  0.000e+00
      16808    700.292      3.788      3.814    26.1997    26.1991   4.096943   4.096665     3.3297     2.8510      15.36   28.97198  -90.21230   -0.00001   -0.00124          3  0.000e+00
      16809    700.333      3.773      3.799    26.1997    26.1993   4.097018   4.096706     3.3309     2.8510      15.36   28.97198  -90.21230    0.00003   -0.00113          3  0.000e+00
      16810    700.375      3.735      3.761    26.1999    26.1993   4.097134   4.096720     3.3297     2.8510      15.36   28.97198  -90.21230    0.00004   -0.00102          3  0.000e+00
      16811    700.417      3.788      3.814    26.2004    26.1995   4.097229   4.096796     3.3297     2.8498      15.38   28.97198  -90.21230    0.00004   -0.00095          3  0.000e+00
      16812    700.458      3.834      3.860    26.2011    26.1995   4.097216   4.096762     3.3297     2.8498      15.36   28.97198  -90.21230    0.00005   -0.00087          3  0.000e+00
      16813    700.500      3.788      3.814    26.2011    26.1999   4.097154   4.096699     3.3297     2.8498      15.36   28.97198  -90.21230    0.00005   -0.00078          3  0.000e+00
      16814    700.542      3.720      3.745    26.2013    26.2000   4.097079   4.096734     3.3309     2.8498      15.36   28.97198  -90.21230    0.00007   -0.00069          3  0.000e+00
      16815    700.583      3.788      3.814    26.2011    26.2002   4.097066   4.096672     3.3297     2.8510      15.36   28.97198  -90.21230    0.00006   -0.00058          3  0.000e+00
      16816    700.625      3.788      3.814    26.2011    26.2002   4.097011   4.096450     3.3297     2.8498      15.36   28.97198  -90.21230    0.00005   -0.00048          3  0.000e+00
      16817    700.667      3.773      3.799    26.2015    26.1991   4.096861   4.096070     3.3297     2.8498      15.36   28.97198  -90.21230    0.00005   -0.00037          3  0.000e+00
      16818    700.708      3.788      3.814    26.2008    26.1977   4.096738   4.095696     3.3297     2.8498      15.36   28.97198  -90.21230    0.00006   -0.00023          3  0.000e+00
      16819    700.750      3.735      3.761    26.2006    26.1967   4.096717   4.095232     3.3297     2.8498      15.36   28.97198  -90.21230    0.00006   -0.00012          3  0.000e+00
      16820    700.792      3.834      3.859    26.2006    26.1951   4.096792   4.094783     3.3297     2.8498      15.36   28.97198  -90.21230    0.00007   -0.00003          3  0.000e+00
      16821    700.833      3.788      3.814    26.2005    26.1949   4.096758   4.095004     3.3297     2.8498      15.36   28.97198  -90.21230    0.00005    0.00002          3  0.000e+00
      16822    700.875      3.773      3.799    26.2006    26.1956   4.096745   4.095488     3.3309     2.8498      15.36   28.97198  -90.21230    0.00007    0.00011          3  0.000e+00
      16823    700.917      3.788      3.814    26.2008    26.1964   4.096745   4.095558     3.3309     2.8498      15.36   28.97198  -90.21230    0.00009    0.00020          3  0.000e+00
      16824    700.958      3.788      3.814    26.2006    26.1957   4.096772   4.095322     3.3321     2.8486      15.36   28.97198  -90.21230    0.00013    0.00025          3  0.000e+00
      16825    701.000      3.834      3.859    26.2008    26.1958   4.096676   4.095412     3.3309     2.8486      15.36   28.97198  -90.21230    0.00015    0.00031          3  0.000e+00
      16826    701.042      3.788      3.814    26.2000    26.1962   4.096506   4.095627     3.3309     2.8486      15.36   28.97198  -90.21230    0.00017    0.00035          3  0.000e+00
      16827    701.083      3.773      3.799    26.1999    26.1967   4.096355   4.095924     3.3333     2.8486      15.36   28.97198  -90.21230    0.00023    0.00037          3  0.000e+00
      16828    701.125      3.841      3.867    26.1999    26.1971   4.096260   4.096236     3.3309     2.8486      15.36   28.97198  -90.21230    0.00026    0.00039          3  0.000e+00
      16829    701.167      3.788      3.814    26.1995    26.1975   4.096301   4.096291     3.3321     2.8474      15.36   28.97198  -90.21230    0.00031    0.00038          3  0.000e+00
      16830    701.208      3.834      3.859    26.1997    26.1974   4.096321   4.095807     3.3333     2.8474      15.36   28.97198  -90.21230    0.00038    0.00037          3  0.000e+00
      16831    701.250      3.788      3.814    26.1993    26.1967   4.096103   4.095212     3.3333     2.8474      15.36   28.97198  -90.21230    0.00045    0.00037          3  0.000e+00
      16832    701.292      3.841      3.867    26.1977    26.1967   4.095816   4.095156     3.3333     2.8474      15.36   28.97198  -90.21230    0.00051    0.00034          3  0.000e+00
      16833    701.333      3.773      3.799    26.1970    26.1969   4.095768   4.095578     3.3346     2.8474      15.36   28.97198  -90.21230    0.00059    0.00031          3  0.000e+00
      16834    701.375      3.841      3.867    26.1979    26.1973   4.095966   4.095987     3.3321     2.8474      15.36   28.97198  -90.21230    0.00064    0.00029          3  0.000e+00
