GOMECC/GOMECC-4/1db/rb2103_0791.cnv
* Sea-Bird SBE 9 Data File:
* FileName = C:\Users\scs.user.rb\CTD\GOMECC4\data\rb2103_0791.hex
* Software Version Seasave V 7.26.7.107
* Temperature SN = 4799
* Conductivity SN = 3860
* Number of Bytes Per Scan = 41
* Number of Voltage Words = 4
* Number of Scans Averaged by the Deck Unit = 1
* NMEA Latitude = 22 16.43 N
* NMEA Longitude = 097 21.67 W
* NMEA UTC (Time) = Oct 06 2021  04:28:40
* NMEA baud rate = 4800
# nquan = 28
# nvalues = 387                         
# units = specified
# name 0 = scan: Scan Count
# name 1 = timeS: Time, Elapsed [seconds]
# name 2 = depSM: Depth [salt water, m]
# name 3 = prDM: Pressure, Digiquartz [db]
# name 4 = t090C: Temperature [ITS-90, deg C]
# name 5 = t190C: Temperature, 2 [ITS-90, deg C]
# name 6 = c0S/m: Conductivity [S/m]
# name 7 = c1S/m: Conductivity, 2 [S/m]
# name 8 = sbeox0V: Oxygen raw, SBE 43 [V]
# name 9 = sbeox1V: Oxygen raw, SBE 43, 2 [V]
# name 10 = altM: Altimeter [m]
# name 11 = latitude: Latitude [deg]
# name 12 = longitude: Longitude [deg]
# name 13 = sbox0dV/dT: Oxygen, SBE 43 [dov/dt]
# name 14 = sbox1dV/dT: Oxygen, SBE 43, 2 [dov/dt]
# name 15 = sbeox0ML/L: Oxygen, SBE 43 [ml/l], WS = 5
# name 16 = sbeox1ML/L: Oxygen, SBE 43, 2 [ml/l], WS = 5
# name 17 = potemp090C: Potential Temperature [ITS-90, deg C]
# name 18 = potemp190C: Potential Temperature, 2 [ITS-90, deg C]
# name 19 = sal00: Salinity, Practical [PSU]
# name 20 = sal11: Salinity, Practical, 2 [PSU]
# name 21 = sigma-é00: Density [sigma-theta, kg/m^3]
# name 22 = sigma-é11: Density, 2 [sigma-theta, kg/m^3]
# name 23 = avgsvCM: Average Sound Velocity [Chen-Millero, m/s], minP = 20, minS = 20
# name 24 = sbox0Mm/Kg: Oxygen, SBE 43 [umol/kg], WS = 5
# name 25 = sbox1Mm/Kg: Oxygen, SBE 43, 2 [umol/kg], WS = 5
# name 26 = nbin: number of scans per bin
# name 27 = flag: flag
# span 0 =       5257,      47633       
# span 1 =    218.983,   1984.658       
# span 2 =      0.994,    238.362       
# span 3 =      1.000,    240.000       
# span 4 =    14.4810,    29.6688       
# span 5 =    14.4828,    29.5564       
# span 6 =   4.347512,   6.007930       
# span 7 =   4.347675,   6.008653       
# span 8 =     1.7175,     3.3263       
# span 9 =     1.4057,     2.8366       
# span 10 =       5.16,     101.20      
# span 11 =   22.13372,   22.45165      
# span 12 =  -98.13803,  -96.74838      
# span 13 =   -0.04958,    0.04385      
# span 14 =   -0.04745,    0.04113      
# span 15 =     2.4427,     4.9552      
# span 16 =     2.4580,     4.9611      
# span 17 =    14.4452,    29.6651      
# span 18 =    14.4470,    29.5527      
# span 19 =    29.7992,    36.5534      
# span 20 =    27.2224,    36.5231      
# span 21 =    18.0469,    26.7855      
# span 22 =    16.1297,    26.7855      
# span 23 =       0.00,    1547.18      
# span 24 =    106.247,    216.069      
# span 25 =    106.916,    216.328      
# span 26 =         30,         73      
# span 27 = 0.0000e+00, 0.0000e+00      
# interval = decibars: 1                
# start_time = Oct 06 2021 04:28:40 [NMEA time, header]
# bad_flag = -9.990e-29
*END*
[from data line 208]
      18407    766.931    215.531    217.000    15.0093    15.0088   4.408328   4.408102     1.7346     1.4222      27.05   22.27405  -97.36184    0.00075    0.00113     2.4573     2.4779    14.9761    14.9756    35.9677    35.9661    26.7237    26.7225    1526.73    106.887    107.783         39 0.0000e+00
      18445    768.487    214.538    216.000    15.0205    15.0254   4.409636   4.410127     1.7355     1.4223      28.01   22.27405  -97.36184    0.00044    0.00059     2.4586     2.4770    14.9875    14.9924    35.9696    35.9696    26.7227    26.7216    1526.73    106.942    107.743         41 0.0000e+00
      18493    770.495    213.545    215.000    15.0438    15.0423   4.412151   4.411863     1.7374     1.4230      29.05   22.27405  -97.36184    0.00079    0.00022     2.4617     2.4775    15.0109    15.0094    35.9717    35.9704    26.7190    26.7184    1526.73    107.078    107.766         51 0.0000e+00
      18537    772.349    212.553    214.000    15.0537    15.0530   4.413343   4.413285     1.7387     1.4240      30.01   22.27406  -97.36184    0.00085    0.00041     2.4640     2.4794    15.0209    15.0202    35.9739    35.9740    26.7185    26.7188    1526.73    107.177    107.849         37 0.0000e+00
      18572    773.777    211.560    213.000    15.0745    15.0775   4.415643   4.416027     1.7397     1.4249      30.79   22.27406  -97.36184    0.00072    0.00059     2.4650     2.4801    15.0418    15.0448    35.9761    35.9769    26.7156    26.7155    1526.73    107.220    107.880         35 0.0000e+00
      18617    775.684    210.567    212.000    15.0898    15.0939   4.417478   4.417927     1.7396     1.4261      32.03   22.27406  -97.36184    0.00037    0.00064     2.4634     2.4820    15.0573    15.0614    35.9792    35.9795    26.7145    26.7139    1526.73    107.154    107.962         57 0.0000e+00
      18668    777.789    209.575    211.000    15.1015    15.0962   4.418834   4.418189     1.7399     1.4261      32.91   22.27406  -97.36184   -0.00001    0.00033     2.4633     2.4815    15.0691    15.0638    35.9812    35.9802    26.7135    26.7139    1526.73    107.149    107.940         39 0.0000e+00
      18703    779.258    208.582    210.000    15.1239    15.1288   4.421317   4.421383     1.7405     1.4264      33.84   22.27405  -97.36184    0.00023    0.00000     2.4632     2.4806    15.0917    15.0966    35.9844    35.9854    26.7109    26.7106    1526.73    107.143    107.900         37 0.0000e+00
      18747    781.083    207.589    209.000    15.1381    15.1406   4.423077   4.423388     1.7423     1.4273      34.93   22.27406  -97.36184    0.00059    0.00032     2.4664     2.4819    15.1059    15.1084    35.9871    35.9878    26.7099    26.7098    1526.73    107.283    107.956         51 0.0000e+00
      18796    783.136    206.596    208.000    15.1532    15.1477   4.424830   4.424229     1.7443     1.4281      35.92   22.27406  -97.36184    0.00104    0.00039     2.4701     2.4830    15.1212    15.1158    35.9896    35.9891    26.7084    26.7092    1526.73    107.445    108.006         42 0.0000e+00
      18833    784.653    205.604    207.000    15.1753    15.1764   4.427438   4.427637     1.7454     1.4293      36.75   22.27406  -97.36184    0.00093    0.00045     2.4712     2.4843    15.1434    15.1446    35.9935    35.9943    26.7064    26.7068    1526.73    107.493    108.064         34 0.0000e+00
      18872    786.297    204.611    206.000    15.2109    15.2157   4.431668   4.432207     1.7475     1.4328      37.82   22.27406  -97.36184    0.00093    0.00124     2.4739     2.4912    15.1791    15.1840    35.9997    36.0002    26.7033    26.7025    1526.73    107.611    108.362         49 0.0000e+00
      18925    788.506    203.618    205.000    15.2388    15.2385   4.435055   4.434679     1.7509     1.4361      38.85   22.27406  -97.36184    0.00141    0.00183     2.4801     2.4984    15.2071    15.2068    36.0053    36.0022    26.7013    26.6990    1526.73    107.882    108.675         48 0.0000e+00
      18965    790.146    202.625    204.000    15.2883    15.2947   4.440774   4.441318     1.7553     1.4398      39.71   22.27406  -97.36184    0.00181    0.00166     2.4876     2.5046    15.2567    15.2631    36.0123    36.0114    26.6956    26.6934    1526.73    108.206    108.949         35 0.0000e+00
      19124    796.774    200.640    202.000    15.4088    15.3861   4.453378   4.450734     1.7743     1.4571      41.76   22.26286  -97.31290    0.00188    0.00173     2.5262     2.5449    15.3774    15.3547    36.0120    36.0160    26.6671    26.6756    1525.96    109.889    110.700         33 0.0000e+00
      20665    861.002    197.662    199.000    15.5119    15.5231   4.469219   4.470081     1.7896     1.4717      44.86   22.28746  -97.42040    0.00008   -0.00001     2.5537     2.5738    15.4809    15.4920    36.0532    36.0671    26.6773    26.6862    1527.65    111.087    111.959         45 0.0000e+00
      20747    864.415    196.669    198.000    15.5179    15.5208   4.467612   4.467898     1.7885     1.4702      45.70   22.27408  -97.36190   -0.00003   -0.00011     2.5523     2.5701    15.4870    15.4898    36.0472    36.0475    26.6707    26.6703    1526.73    111.023    111.797         32 0.0000e+00
      20937    872.354    194.683    196.000    15.5594    15.5401   4.472128   4.470034     1.7900     1.4709      47.59   22.27299  -97.35715    0.00022   -0.00005     2.5529     2.5701    15.5287    15.5095    36.0513    36.0496    26.6643    26.6674    1526.66    111.051    111.797         58 0.0000e+00
      21023    875.927    193.690    195.000    15.5891    15.5925   4.476192   4.476620     1.7930     1.4729      48.60   22.27408  -97.36188    0.00081    0.00042     2.5578     2.5720    15.5585    15.5619    36.0612    36.0620    26.6653    26.6651    1526.73    111.265    111.883         47 0.0000e+00
      21071    877.922    192.697    194.000    15.6214    15.6211   4.479733   4.479779     1.7945     1.4757      49.42   22.27408  -97.36188    0.00086    0.00110     2.5593     2.5775    15.5909    15.5906    36.0640    36.0647    26.6601    26.6607    1526.73    111.331    112.121         42 0.0000e+00
      21123    880.087    191.705    193.000    15.6413    15.6470   4.482043   4.482727     1.7967     1.4769      50.54   22.27408  -97.36186    0.00092    0.00097     2.5632     2.5790    15.6110    15.6167    36.0671    36.0680    26.6579    26.6573    1526.73    111.498    112.186         61 0.0000e+00
      21172    882.104    190.712    192.000    15.6561    15.6583   4.483716   4.484086     1.7983     1.4796      51.36   22.27408  -97.36186    0.00092    0.00081     2.5656     2.5849    15.6259    15.6281    36.0681    36.0699    26.6553    26.6562    1526.73    111.603    112.444         33 0.0000e+00
      21204    883.472    189.719    191.000    15.7030    15.7275   4.489374   4.491986     1.8001     1.4807      52.33   22.27408  -97.36187    0.00093    0.00118     2.5670     2.5845    15.6729    15.6974    36.0776    36.0808    26.6519    26.6488    1526.73    111.664    112.428         40 0.0000e+00
      21265    886.006    188.726    190.000    15.7244    15.7296   4.491860   4.492369     1.8010     1.4822      53.89   22.27408  -97.36188    0.00066    0.00076     2.5675     2.5870    15.6944    15.6997    36.0808    36.0798    26.6495    26.6475    1526.73    111.690    112.538         42 0.0000e+00
      21354    889.688    186.741    188.000    15.8875    15.8968   4.511101   4.512998     1.8060     1.4859      55.41   22.28559  -97.41220    0.00099    0.00054     2.5679     2.5858    15.8561    15.8670    36.1091    36.1156    26.6347    26.6374    1527.52    111.706    112.486         44 0.0000e+00
      21400    891.611    185.747    187.000    15.8899    15.8965   4.511230   4.512020     1.8094     1.4886      56.48   22.27408  -97.36188    0.00199    0.00184     2.5769     2.5936    15.8602    15.8668    36.1050    36.1062    26.6302    26.6296    1526.73    112.097    112.827         52 0.0000e+00
      21440    893.295    184.755    186.000    15.9219    15.9125   4.515093   4.514039     1.8101     1.4892      57.35   22.27408  -97.36188    0.00119    0.00084     2.5765     2.5939    15.8923    15.8829    36.1110    36.1101    26.6274    26.6289    1526.73    112.084    112.840         36 0.0000e+00
      21483    895.066    183.762    185.000    15.9610    15.9633   4.519560   4.520020     1.8115     1.4914      58.42   22.27408  -97.36188    0.00065    0.00078     2.5772     2.5964    15.9315    15.9338    36.1158    36.1178    26.6221    26.6231    1526.73    112.113    112.948         49 0.0000e+00
      21530    897.057    182.769    184.000    15.9839    15.9813   4.522486   4.521902     1.8130     1.4934      59.45   22.27408  -97.36188    0.00073    0.00130     2.5790     2.6003    15.9546    15.9519    36.1215    36.1187    26.6212    26.6196    1526.73    112.192    113.117         43 0.0000e+00
      21570    898.715    181.776    183.000    16.0417    16.0509   4.529098   4.530292     1.8144     1.4928      60.25   22.27408  -97.36188    0.00083    0.00030     2.5788     2.5946    16.0125    16.0217    36.1284    36.1307    26.6132    26.6128    1526.73    112.183    112.873         41 0.0000e+00
      21622    900.855    180.783    182.000    16.1092    16.1167   4.536986   4.537987     1.8157     1.4943      61.42   22.27408  -97.36188    0.00069    0.00035     2.5775     2.5946    16.0801    16.0875    36.1379    36.1401    26.6048    26.6048    1526.73    112.128    112.872         58 0.0000e+00
      21670    902.885    179.790    181.000    16.1349    16.1449   4.540284   4.541175     1.8172     1.4952      62.30   22.27408  -97.36188    0.00074    0.00042     2.5793     2.5949    16.1058    16.1158    36.1445    36.1433    26.6039    26.6007    1526.73    112.207    112.884         40 0.0000e+00
      21708    904.472    178.798    180.000    16.1816    16.1936   4.545156   4.547190     1.8176     1.4968      63.24   22.27408  -97.36188    0.00052    0.00066     2.5776     2.5964    16.1527    16.1651    36.1484    36.1516    26.5961    26.5954    1526.73    112.132    112.949         39 0.0000e+00
      21752    906.275    177.804    179.000    16.2160    16.2314   4.549473   4.551149     1.8192     1.4963      64.37   22.27408  -97.36188    0.00057    0.00052     2.5787     2.5923    16.1872    16.2025    36.1535    36.1543    26.5919    26.5890    1526.73    112.180    112.775         48 0.0000e+00
      21802    908.385    176.812    178.000    16.2549    16.2727   4.554169   4.555806     1.8190     1.4961      65.34   22.27408  -97.36188    0.00039   -0.00022     2.5758     2.5893    16.2262    16.2439    36.1603    36.1588    26.5881    26.5828    1526.73    112.054    112.644         51 0.0000e+00
      21849    910.321    175.819    177.000    16.3155    16.3126   4.560934   4.560574     1.8194     1.4961      66.33   22.27408  -97.36188   -0.00001   -0.00015     2.5728     2.5868    16.2868    16.2840    36.1659    36.1653    26.5783    26.5785    1526.73    111.928    112.535         42 0.0000e+00
      21891    912.089    174.826    176.000    16.3716    16.4053   4.567735   4.571807     1.8206     1.4987      67.24   22.27408  -97.36188    0.00032    0.00063     2.5718     2.5880    16.3430    16.3768    36.1758    36.1805    26.5728    26.5685    1526.73    111.881    112.588         42 0.0000e+00
      21932    913.809    173.833    175.000    16.4690    16.4821   4.579217   4.580741     1.8223     1.4993      68.19   22.27408  -97.36188    0.00083    0.00100     2.5703     2.5852    16.4406    16.4536    36.1923    36.1914    26.5626    26.5588    1526.73    111.818    112.470         43 0.0000e+00
      21983    915.936    172.840    174.000    16.5259    16.5310   4.585911   4.586645     1.8236     1.4993      66.07   22.27408  -97.36188    0.00078    0.00022     2.5698     2.5822    16.4975    16.5026    36.1979    36.1998    26.5535    26.5538    1526.73    111.800    112.338         57 0.0000e+00
      22033    917.993    171.847    173.000    16.5723    16.5793   4.591267   4.592669     1.8253     1.5005      65.16   22.27408  -97.36188    0.00068    0.00010     2.5709     2.5821    16.5440    16.5510    36.2038    36.2098    26.5471    26.5501    1526.73    111.847    112.335         41 0.0000e+00
      22071    919.603    170.854    172.000    16.6497    16.6616   4.600463   4.601980     1.8270     1.5027      71.04   22.27408  -97.36188    0.00093    0.00085     2.5701     2.5831    16.6215    16.6334    36.2154    36.2181    26.5377    26.5369    1526.73    111.816    112.381         40 0.0000e+00
      22116    921.462    169.861    171.000    16.6984    16.7167   4.606413   4.608411     1.8303     1.5057      72.24   22.27408  -97.36190    0.00136    0.00152     2.5746     2.5873    16.6703    16.6886    36.2242    36.2253    26.5329    26.5295    1526.73    112.010    112.565         49 0.0000e+00
      22165    923.488    168.868    170.000    16.7265    16.7338   4.609363   4.610210     1.8315     1.5077      73.27   22.27408  -97.36190    0.00130    0.00126     2.5757     2.5911    16.6986    16.7058    36.2252    36.2261    26.5270    26.5259    1526.73    112.056    112.728         45 0.0000e+00
      22209    925.352    167.875    169.000    16.7881    16.8037   4.616813   4.619037     1.8329     1.5099      74.24   22.27408  -97.36191    0.00044    0.00104     2.5754     2.5933    16.7613    16.7771    36.2347    36.2372    26.5194    26.5164    1526.73    112.044    112.826         46 0.0000e+00
      22253    927.182    166.883    168.000    16.8588    16.8653   4.625102   4.625705     1.8363     1.5125      75.17   22.27408  -97.36192    0.00126    0.00136     2.5786     2.5957    16.8310    16.8375    36.2451    36.2446    26.5108    26.5089    1526.73    112.186    112.929         42 0.0000e+00
      22299    929.078    165.889    167.000    16.9038    16.9219   4.630311   4.632391     1.8386     1.5139      75.25   22.27408  -97.36192    0.00163    0.00106     2.5810     2.5959    16.8761    16.8942    36.2507    36.2527    26.5044    26.5016    1526.73    112.290    112.941         49 0.0000e+00
      22347    931.096    164.896    166.000    16.9751    16.9659   4.638676   4.637556     1.8410     1.5149      77.19   22.27408  -97.36192    0.00117    0.00065     2.5822     2.5958    16.9475    16.9384    36.2603    36.2587    26.4946    26.4956    1526.73    112.345    112.936         46 0.0000e+00
      22390    932.883    163.904    165.000    17.0428    17.0779   4.647190   4.650762     1.8432     1.5177      78.18   22.27408  -97.36192    0.00120    0.00091     2.5828     2.5963    17.0153    17.0503    36.2734    36.2740    26.4884    26.4805    1526.73    112.373    112.958         34 0.0000e+00
      22432    934.623    162.911    164.000    17.1417    17.1644   4.658933   4.661225     1.8468     1.5212      79.10   22.27408  -97.36192    0.00159    0.00180     2.5855     2.6003    17.1143    17.1369    36.2884    36.2880    26.4761    26.4704    1526.73    112.492    113.134         45 0.0000e+00
      23938    997.358    157.946    159.000    17.3822    17.3843   4.685946   4.686275     1.8568     1.5296      84.11   22.26978  -97.34311   -0.00010   -0.00030     2.5935     2.6081    17.3553    17.3575    36.3077    36.3086    26.4320    26.4323    1526.44    112.842    113.476         53 0.0000e+00
