GOMECC/GOMECC-4/1db/rb2103_0671.ros
* Sea-Bird SBE 9 Data File:
* FileName = C:\Users\scs.user.rb\CTD\GOMECC4\data\rb2103_0671.hex
* Software Version Seasave V 7.26.7.107
* Temperature SN = 4799
* Conductivity SN = 3860
* Number of Bytes Per Scan = 41
* Number of Voltage Words = 4
* Number of Scans Averaged by the Deck Unit = 1
* NMEA Latitude = 26 03.51 N
* NMEA Longitude = 095 50.44 W
* NMEA UTC (Time) = Oct 03 2021  02:51:18
* NMEA baud rate = 4800
# nquan = 17
# nvalues = 2527                                  
# units = specified
# name 0 = scan: Scan Count
# name 1 = timeS: Time, Elapsed [seconds]
# name 2 = depSM: Depth [salt water, m]
# name 3 = prDM: Pressure, Digiquartz [db]
# name 4 = t090C: Temperature [ITS-90, deg C]
# name 5 = t190C: Temperature, 2 [ITS-90, deg C]
# name 6 = c0S/m: Conductivity [S/m]
# name 7 = c1S/m: Conductivity, 2 [S/m]
# name 8 = sbeox0V: Oxygen raw, SBE 43 [V]
# name 9 = sbeox1V: Oxygen raw, SBE 43, 2 [V]
# name 10 = altM: Altimeter [m]
# name 11 = latitude: Latitude [deg]
# name 12 = longitude: Longitude [deg]
# name 13 = sbox0dV/dT: Oxygen, SBE 43 [dov/dt]
# name 14 = sbox1dV/dT: Oxygen, SBE 43, 2 [dov/dt]
# name 15 = nbf: Bottles Fired
# name 16 = flag:  0.000e+00
# interval = seconds: 0.0416667
# start_time = Oct 03 2021 02:51:18 [NMEA time, header]
# bad_flag = -9.990e-29
*END*
[from data line 681]
      81779   3407.417    446.975    450.392     9.3452     9.3478   3.780015   3.780619     1.5824     1.2882     100.00   26.05976  -95.84012   -0.00005   -0.00011          6  0.000e+00
      81780   3407.458    446.989    450.406     9.3457     9.3486   3.780041   3.780599     1.5824     1.2882     100.00   26.05976  -95.84012   -0.00006   -0.00010          6  0.000e+00
      81781   3407.500    447.023    450.440     9.3460     9.3493   3.780041   3.780639     1.5824     1.2882     100.00   26.05976  -95.84012   -0.00008   -0.00007          6  0.000e+00
      81782   3407.542    446.989    450.406     9.3465     9.3498   3.780081   3.780653     1.5836     1.2882     100.00   26.05976  -95.84012   -0.00007   -0.00007          6  0.000e+00
      81783   3407.583    446.975    450.392     9.3462     9.3498   3.780121   3.780653     1.5836     1.2882     100.00   26.05976  -95.84012   -0.00007   -0.00006          6  0.000e+00
      81784   3407.625    446.989    450.406     9.3460     9.3497   3.780127   3.780679     1.5836     1.2882     100.00   26.05976  -95.84012   -0.00006   -0.00005          6  0.000e+00
      81785   3407.667    447.023    450.441     9.3455     9.3495   3.780081   3.780639     1.5836     1.2882     100.00   26.05976  -95.84012   -0.00006   -0.00004          6  0.000e+00
      81786   3407.708    446.989    450.406     9.3448     9.3497   3.780141   3.780646     1.5836     1.2882     100.00   26.05976  -95.84012   -0.00006   -0.00004          6  0.000e+00
      81787   3407.750    447.023    450.441     9.3444     9.3498   3.780160   3.780679     1.5836     1.2882     100.00   26.05976  -95.84012   -0.00005   -0.00003          6  0.000e+00
      81788   3407.792    446.989    450.407     9.3435     9.3497   3.780141   3.780666     1.5824     1.2882     100.00   26.05976  -95.84012   -0.00007   -0.00002          6  0.000e+00
      81789   3407.833    447.023    450.441     9.3431     9.3497   3.780134   3.780626     1.5824     1.2882     100.00   26.05976  -95.84012   -0.00008   -0.00001          6  0.000e+00
      81790   3407.875    446.989    450.407     9.3439     9.3497   3.780101   3.780646     1.5824     1.2882     100.00   26.05976  -95.84012   -0.00009   -0.00001          6  0.000e+00
      81791   3407.917    447.024    450.441     9.3447     9.3497   3.780074   3.780706     1.5836     1.2882     100.00   26.05976  -95.84012   -0.00009 1.7584e-07          6  0.000e+00
      81792   3407.958    446.990    450.407     9.3444     9.3495   3.780015   3.780673     1.5836     1.2882     100.00   26.05976  -95.84012   -0.00008    0.00001          6  0.000e+00
      81793   3408.000    447.024    450.441     9.3442     9.3497   3.780048   3.780653     1.5836     1.2882     100.00   26.05976  -95.84012   -0.00008    0.00001          6  0.000e+00
      81794   3408.042    447.044    450.462     9.3439     9.3497   3.780061   3.780653     1.5836     1.2882     100.00   26.05976  -95.84012   -0.00007    0.00002          6  0.000e+00
      81795   3408.083    447.024    450.442     9.3442     9.3497   3.780015   3.780659     1.5836     1.2882     100.00   26.05976  -95.84012   -0.00007    0.00003          6  0.000e+00
      81796   3408.125    447.044    450.462     9.3439     9.3493   3.780048   3.780626     1.5836     1.2882     100.00   26.05976  -95.84012   -0.00006    0.00004          6  0.000e+00
      81797   3408.167    446.976    450.394     9.3437     9.3493   3.780088   3.780619     1.5836     1.2882     100.00   26.05976  -95.84012   -0.00006    0.00004          6  0.000e+00
      81798   3408.208    447.092    450.511     9.3440     9.3492   3.780094   3.780579     1.5836     1.2882     100.00   26.05976  -95.84012   -0.00005    0.00005          6  0.000e+00
      81799   3408.250    447.024    450.442     9.3435     9.3480   3.780048   3.780539     1.5849     1.2882     100.00   26.05976  -95.84012   -0.00003    0.00006          6  0.000e+00
      81800   3408.292    447.045    450.463     9.3431     9.3482   3.780008   3.780545     1.5836     1.2882     100.00   26.05976  -95.84012   -0.00003    0.00007          6  0.000e+00
      81801   3408.333    447.024    450.442     9.3417     9.3487   3.779995   3.780532     1.5836     1.2882     100.00   26.05976  -95.84012   -0.00004    0.00007          6  0.000e+00
      81802   3408.375    447.045    450.463     9.3422     9.3490   3.779995   3.780572     1.5836     1.2882     100.00   26.05976  -95.84012   -0.00003    0.00008          6  0.000e+00
      81803   3408.417    447.079    450.497     9.3432     9.3493   3.780002   3.780586     1.5836     1.2882     100.00   26.05976  -95.84012   -0.00003    0.00009          6  0.000e+00
      81804   3408.458    447.045    450.463     9.3434     9.3495   3.780002   3.780586     1.5836     1.2882     100.00   26.05976  -95.84012   -0.00003    0.00010          6  0.000e+00
      81805   3408.500    447.045    450.463     9.3434     9.3503   3.779962   3.780639     1.5836     1.2882     100.00   26.05976  -95.84012   -0.00002    0.00010          6  0.000e+00
      81806   3408.542    447.079    450.498     9.3431     9.3501   3.779936   3.780733     1.5824     1.2882     100.00   26.05976  -95.84012   -0.00004    0.00009          6  0.000e+00
      81807   3408.583    447.045    450.463     9.3434     9.3505   3.779982   3.780726     1.5836     1.2882     100.00   26.05976  -95.84012   -0.00003    0.00010          6  0.000e+00
      81808   3408.625    447.080    450.498     9.3434     9.3505   3.779962   3.780720     1.5836     1.2882     100.00   26.05976  -95.84012   -0.00003    0.00011          6  0.000e+00
      81809   3408.667    447.046    450.464     9.3437     9.3505   3.779962   3.780726     1.5836     1.2882     100.00   26.05976  -95.84012   -0.00004    0.00011          6  0.000e+00
      81810   3408.708    447.025    450.443     9.3437     9.3505   3.779969   3.780726     1.5836     1.2882     100.00   26.05976  -95.84012   -0.00005    0.00012          6  0.000e+00
      81811   3408.750    447.094    450.512     9.3434     9.3501   3.779969   3.780693     1.5824     1.2882     100.00   26.05976  -95.84012   -0.00007    0.00013          6  0.000e+00
      81812   3408.792    447.080    450.498     9.3434     9.3503   3.779988   3.780740     1.5824     1.2894     100.00   26.05976  -95.84012   -0.00008    0.00015          6  0.000e+00
      81813   3408.833    447.046    450.464     9.3432     9.3501   3.779975   3.780733     1.5824     1.2882     100.00   26.05976  -95.84012   -0.00009    0.00016          6  0.000e+00
      81814   3408.875    447.080    450.498     9.3434     9.3501   3.779988   3.780746     1.5836     1.2882     100.00   26.05976  -95.84012   -0.00009    0.00017          6  0.000e+00
      81815   3408.917    447.094    450.512     9.3434     9.3505   3.779962   3.780753     1.5836     1.2882     100.00   26.05976  -95.84012   -0.00008    0.00017          6  0.000e+00
      81816   3408.958    447.026    450.444     9.3432     9.3505   3.779988   3.780760     1.5836     1.2882     100.00   26.05976  -95.84012   -0.00008    0.00018          6  0.000e+00
      81817   3409.000    447.094    450.512     9.3432     9.3505   3.780048   3.780780     1.5836     1.2882     100.00   26.05976  -95.84012   -0.00007    0.00019          6  0.000e+00
      81818   3409.042    447.081    450.499     9.3435     9.3506   3.780041   3.780787     1.5836     1.2882     100.00   26.05976  -95.84012   -0.00007    0.00018          6  0.000e+00
      81819   3409.083    446.992    450.409     9.3437     9.3508   3.780028   3.780767     1.5836     1.2882     100.00   26.05976  -95.84012   -0.00006    0.00018          6  0.000e+00
      81820   3409.125    447.128    450.547     9.3439     9.3506   3.780008   3.780760     1.5836     1.2882     100.00   26.05976  -95.84012   -0.00006    0.00017          6  0.000e+00
      81821   3409.167    447.094    450.513     9.3439     9.3505   3.780074   3.780780     1.5836     1.2882     100.00   26.05976  -95.84012   -0.00005    0.00018          6  0.000e+00
      81822   3409.208    447.081    450.499     9.3439     9.3508   3.780068   3.780767     1.5836     1.2882     100.00   26.05976  -95.84012   -0.00005    0.00018          6  0.000e+00
      81823   3409.250    447.047    450.465     9.3440     9.3508   3.780061   3.780780     1.5836     1.2882     100.00   26.05976  -95.84012   -0.00004    0.00019          6  0.000e+00
      81824   3409.292    447.081    450.499     9.3434     9.3508   3.780068   3.780813     1.5836     1.2882     100.00   26.05976  -95.84012   -0.00004    0.00018          6  0.000e+00
      81825   3409.333    447.095    450.513     9.3435     9.3506   3.780114   3.780767     1.5836     1.2882     100.00   26.05976  -95.84012   -0.00003    0.00016          6  0.000e+00
      81826   3409.375    447.027    450.445     9.3435     9.3505   3.780074   3.780733     1.5836     1.2882     100.00   26.05976  -95.84012   -0.00003    0.00017          6  0.000e+00
      81827   3409.417    447.095    450.513     9.3440     9.3503   3.780061   3.780746     1.5836     1.2882     100.00   26.05976  -95.84012   -0.00002    0.00017          6  0.000e+00
      81828   3409.458    447.027    450.445     9.3439     9.3503   3.780088   3.780726     1.5836     1.2882     100.00   26.05976  -95.84012   -0.00002    0.00018          6  0.000e+00
      81829   3409.500    447.095    450.514     9.3439     9.3501   3.780121   3.780720     1.5836     1.2882     100.00   26.05976  -95.84012   -0.00001    0.00019          6  0.000e+00
      81830   3409.542    447.082    450.500     9.3439     9.3501   3.780108   3.780726     1.5836     1.2869     100.00   26.05976  -95.84012   -0.00001    0.00017          6  0.000e+00
      81831   3409.583    447.048    450.466     9.3437     9.3503   3.780121   3.780726     1.5836     1.2882     100.00   26.05976  -95.84012   -0.00000    0.00016          6  0.000e+00
      81832   3409.625    446.993    450.411     9.3437     9.3501   3.780081   3.780720     1.5836     1.2869     100.00   26.05976  -95.84012    0.00000    0.00015          6  0.000e+00
      81833   3409.667    447.082    450.500     9.3439     9.3503   3.780088   3.780746     1.5836     1.2882     100.00   26.05976  -95.84012    0.00001    0.00014          6  0.000e+00
      81834   3409.708    447.096    450.514     9.3440     9.3505   3.780094   3.780780     1.5824     1.2882     100.00   26.05976  -95.84012   -0.00001    0.00014          6  0.000e+00
      81835   3409.750    447.028    450.445     9.3440     9.3505   3.780074   3.780767     1.5824     1.2882     100.00   26.05976  -95.84012   -0.00002    0.00015          6  0.000e+00
      81836   3409.792    447.048    450.466     9.3444     9.3505   3.780088   3.780780     1.5824     1.2882     100.00   26.05976  -95.84012   -0.00003    0.00013          6  0.000e+00
      81837   3409.833    447.082    450.500     9.3440     9.3508   3.780074   3.780767     1.5824     1.2869     100.00   26.05976  -95.84012   -0.00004    0.00010          6  0.000e+00
      81838   3409.875    447.048    450.466     9.3435     9.3506   3.780041   3.780780     1.5836     1.2882     100.00   26.05976  -95.84012   -0.00004    0.00009          6  0.000e+00
      81839   3409.917    447.028    450.446     9.3431     9.3506   3.779982   3.780787     1.5824     1.2869     100.00   26.05976  -95.84012   -0.00005    0.00008          6  0.000e+00
      81840   3409.958    447.049    450.466     9.3427     9.3506   3.779988   3.780740     1.5836     1.2882     100.00   26.05976  -95.84012   -0.00004    0.00007          6  0.000e+00
      81841   3410.000    447.028    450.446     9.3429     9.3506   3.779995   3.780746     1.5836     1.2882     100.00   26.05976  -95.84012   -0.00005    0.00007          6  0.000e+00
      81842   3410.042    447.049    450.467     9.3429     9.3506   3.779949   3.780760     1.5824     1.2869     100.00   26.05976  -95.84012   -0.00006    0.00004          6  0.000e+00
      81843   3410.083    447.028    450.446     9.3423     9.3501   3.779949   3.780780     1.5836     1.2882     100.00   26.05976  -95.84012   -0.00004    0.00004          6  0.000e+00
      81844   3410.125    446.994    450.412     9.3418     9.3505   3.779916   3.780767     1.5824     1.2869     100.00   26.05976  -95.84012   -0.00005    0.00001          6  0.000e+00
      81845   3410.167    447.029    450.446     9.3419     9.3505   3.779922   3.780760     1.5824     1.2869     100.00   26.05976  -95.84012   -0.00006   -0.00002          6  0.000e+00
      81846   3410.208    447.049    450.467     9.3421     9.3505   3.779955   3.780753     1.5836     1.2882     100.00   26.05976  -95.84012   -0.00005   -0.00001          6  0.000e+00
      81847   3410.250    447.029    450.446     9.3421     9.3505   3.779929   3.780733     1.5836     1.2869     100.00   26.05976  -95.84012   -0.00004   -0.00002          6  0.000e+00
      81848   3410.292    447.049    450.467     9.3422     9.3503   3.779955   3.780726     1.5836     1.2869     100.00   26.05976  -95.84012   -0.00003   -0.00006          6  0.000e+00
      81849   3410.333    446.981    450.399     9.3426     9.3503   3.779988   3.780773     1.5836     1.2882     100.00   26.05976  -95.84012   -0.00003   -0.00005          6  0.000e+00
      81850   3410.375    447.049    450.467     9.3430     9.3501   3.780022   3.780733     1.5836     1.2882     100.00   26.05976  -95.84012   -0.00004   -0.00005          6  0.000e+00
      81851   3410.417    446.981    450.399     9.3427     9.3503   3.780055   3.780720     1.5824     1.2882     100.00   26.05976  -95.84012   -0.00005   -0.00004          6  0.000e+00
      81852   3410.458    447.050    450.468     9.3431     9.3505   3.780015   3.780726     1.5824     1.2869     100.00   26.05976  -95.84012   -0.00006   -0.00007          6  0.000e+00
      81853   3410.500    446.982    450.399     9.3432     9.3501   3.780022   3.780746     1.5836     1.2869     100.00   26.05976  -95.84012   -0.00005   -0.00008          6  0.000e+00
      81854   3410.542    447.050    450.468     9.3431     9.3506   3.780055   3.780753     1.5836     1.2882     100.00   26.05976  -95.84012   -0.00004   -0.00008          6  0.000e+00
      81855   3410.583    446.982    450.399     9.3431     9.3505   3.780015   3.780780     1.5836     1.2869     100.00   26.05976  -95.84012   -0.00003   -0.00009          6  0.000e+00
      81856   3410.625    447.050    450.468     9.3431     9.3508   3.780048   3.780740     1.5836     1.2882     100.00   26.05976  -95.84012   -0.00004   -0.00010          6  0.000e+00
      81857   3410.667    446.982    450.399     9.3431     9.3508   3.780015   3.780793     1.5836     1.2882     100.00   26.05976  -95.84012   -0.00005   -0.00010          6  0.000e+00
      81858   3410.708    446.996    450.413     9.3439     9.3510   3.780022   3.780773     1.5836     1.2882     100.00   26.05976  -95.84012   -0.00004   -0.00009          6  0.000e+00
      81859   3410.750    446.996    450.413     9.3439     9.3511   3.780008   3.780780     1.5824     1.2869     100.00   26.05976  -95.84012   -0.00005   -0.00010          6  0.000e+00
      81860   3410.792    446.982    450.400     9.3431     9.3508   3.780002   3.780766     1.5824     1.2882     100.00   26.05976  -95.84012   -0.00006   -0.00010          6  0.000e+00
      81861   3410.833    446.996    450.413     9.3432     9.3513   3.779942   3.780726     1.5836     1.2882     100.00   26.05976  -95.84012   -0.00006   -0.00009          6  0.000e+00
      81862   3410.875    447.030    450.448     9.3427     9.3508   3.779929   3.780746     1.5836     1.2882     100.00   26.05976  -95.84012   -0.00005   -0.00009          6  0.000e+00
