GOMECC/GOMECC-4/1db/rb2103_0321.ros
* Sea-Bird SBE 9 Data File:
* FileName = C:\Users\scs.user.rb\CTD\GOMECC4\data\rb2103_0321.hex
* Software Version Seasave V 7.26.7.107
* Temperature SN = 4799
* Conductivity SN = 3860
* Number of Bytes Per Scan = 41
* Number of Voltage Words = 4
* Number of Scans Averaged by the Deck Unit = 1
* NMEA Latitude = 29 45.48 N
* NMEA Longitude = 087 02.49 W
* NMEA UTC (Time) = Sep 23 2021  20:34:47
* NMEA baud rate = 4800
# nquan = 17
# nvalues = 1596                                  
# units = specified
# name 0 = scan: Scan Count
# name 1 = timeS: Time, Elapsed [seconds]
# name 2 = depSM: Depth [salt water, m]
# name 3 = prDM: Pressure, Digiquartz [db]
# name 4 = t090C: Temperature [ITS-90, deg C]
# name 5 = t190C: Temperature, 2 [ITS-90, deg C]
# name 6 = c0S/m: Conductivity [S/m]
# name 7 = c1S/m: Conductivity, 2 [S/m]
# name 8 = sbeox0V: Oxygen raw, SBE 43 [V]
# name 9 = sbeox1V: Oxygen raw, SBE 43, 2 [V]
# name 10 = altM: Altimeter [m]
# name 11 = latitude: Latitude [deg]
# name 12 = longitude: Longitude [deg]
# name 13 = sbox0dV/dT: Oxygen, SBE 43 [dov/dt]
# name 14 = sbox1dV/dT: Oxygen, SBE 43, 2 [dov/dt]
# name 15 = nbf: Bottles Fired
# name 16 = flag:  0.000e+00
# interval = seconds: 0.0416667
# start_time = Sep 23 2021 20:34:47 [NMEA time, header]
# bad_flag = -9.990e-29
*END*
[from data line 86]
      19267    802.750    201.209    202.684    14.2867    14.2906   4.323423   4.323836     1.8278     1.5116      10.43   29.75822  -87.04234    0.00007   -0.00059          1  0.000e+00
      19268    802.792    201.194    202.668    14.2870    14.2907   4.323409   4.323829     1.8278     1.5128      10.43   29.75822  -87.04234    0.00007   -0.00056          1  0.000e+00
      19269    802.833    201.156    202.630    14.2870    14.2906   4.323374   4.323843     1.8278     1.5116      10.43   29.75822  -87.04234    0.00006   -0.00054          1  0.000e+00
      19270    802.875    201.209    202.684    14.2870    14.2904   4.323423   4.323857     1.8291     1.5128      10.43   29.75822  -87.04234    0.00007   -0.00051          1  0.000e+00
      19271    802.917    201.141    202.615    14.2871    14.2906   4.323374   4.323857     1.8278     1.5128      10.43   29.75822  -87.04234    0.00007   -0.00048          1  0.000e+00
      19272    802.958    201.156    202.630    14.2874    14.2906   4.323388   4.323857     1.8291     1.5128      10.43   29.75822  -87.04234    0.00008   -0.00044          1  0.000e+00
      19273    803.000    201.194    202.668    14.2875    14.2906   4.323430   4.323857     1.8278     1.5128      10.43   29.75822  -87.04234    0.00007   -0.00041          1  0.000e+00
      19274    803.042    201.156    202.630    14.2873    14.2907   4.323430   4.323857     1.8278     1.5116      10.43   29.75822  -87.04234    0.00006   -0.00041          1  0.000e+00
      19275    803.083    201.156    202.630    14.2872    14.2910   4.323437   4.323857     1.8278     1.5128      10.43   29.75822  -87.04234    0.00006   -0.00038          1  0.000e+00
      19276    803.125    201.141    202.615    14.2873    14.2911   4.323409   4.323829     1.8278     1.5128      10.40   29.75822  -87.04234    0.00005   -0.00034          1  0.000e+00
      19277    803.167    201.156    202.630    14.2875    14.2911   4.323423   4.323843     1.8291     1.5128      10.40   29.75822  -87.04234    0.00006   -0.00030          1  0.000e+00
      19278    803.208    201.081    202.554    14.2873    14.2911   4.323437   4.323857     1.8278     1.5128      10.43   29.75822  -87.04234    0.00005   -0.00027          1  0.000e+00
      19279    803.250    201.156    202.630    14.2872    14.2913   4.323409   4.323886     1.8278     1.5128      10.40   29.75822  -87.04234    0.00005   -0.00023          1  0.000e+00
      19280    803.292    201.096    202.569    14.2875    14.2918   4.323430   4.323864     1.8278     1.5128      10.43   29.75822  -87.04234    0.00004   -0.00021          1  0.000e+00
      19281    803.333    201.141    202.615    14.2871    14.2915   4.323458   4.323829     1.8278     1.5128      10.45   29.75822  -87.04234    0.00003   -0.00019          1  0.000e+00
      19282    803.375    201.096    202.569    14.2872    14.2921   4.323444   4.323879     1.8291     1.5128      10.48   29.75822  -87.04234    0.00004   -0.00016          1  0.000e+00
      19283    803.417    201.096    202.569    14.2871    14.2923   4.323409   4.323893     1.8291     1.5128      10.48   29.75822  -87.04234    0.00005   -0.00012          1  0.000e+00
      19284    803.458    201.081    202.554    14.2872    14.2919   4.323423   4.323864     1.8278     1.5128      10.48   29.75822  -87.04234    0.00005   -0.00010          1  0.000e+00
      19285    803.500    201.156    202.630    14.2871    14.2920   4.323437   4.323857     1.8278     1.5128      10.48   29.75822  -87.04234    0.00004   -0.00008          1  0.000e+00
      19286    803.542    201.081    202.554    14.2871    14.2918   4.323409   4.323829     1.8291     1.5128      10.48   29.75822  -87.04234    0.00005   -0.00006          1  0.000e+00
      19287    803.583    201.096    202.569    14.2870    14.2911   4.323423   4.323872     1.8278     1.5128      10.48   29.75822  -87.04234    0.00004   -0.00004          1  0.000e+00
      19288    803.625    201.096    202.569    14.2875    14.2916   4.323465   4.323836     1.8291     1.5128      10.48   29.75822  -87.04234    0.00005   -0.00002          1  0.000e+00
      19289    803.667    201.081    202.554    14.2870    14.2918   4.323416   4.323843     1.8278     1.5128      10.48   29.75822  -87.04234    0.00006   -0.00000          1  0.000e+00
      19290    803.708    201.043    202.516    14.2873    14.2916   4.323402   4.323879     1.8278     1.5128      10.48   29.75822  -87.04234    0.00007    0.00002          1  0.000e+00
      19291    803.750    201.081    202.554    14.2870    14.2920   4.323423   4.323949     1.8291     1.5128      10.45   29.75822  -87.04234    0.00008    0.00004          1  0.000e+00
      19292    803.792    201.096    202.569    14.2871    14.2926   4.323409   4.323942     1.8291     1.5128      10.48   29.75822  -87.04234    0.00009    0.00006          1  0.000e+00
      19293    803.833    201.043    202.516    14.2871    14.2933   4.323430   4.323956     1.8291     1.5128      10.48   29.75822  -87.04234    0.00010    0.00008          1  0.000e+00
      19294    803.875    201.141    202.615    14.2870    14.2942   4.323402   4.323992     1.8278     1.5128      10.48   29.75822  -87.04234    0.00009    0.00010          1  0.000e+00
      19295    803.917    201.043    202.516    14.2871    14.2940   4.323395   4.324034     1.8278     1.5128      10.48   29.75822  -87.04234    0.00010    0.00012          1  0.000e+00
      19296    803.958    201.096    202.569    14.2870    14.2942   4.323374   4.324041     1.8278     1.5128      10.48   29.75822  -87.04234    0.00009    0.00014          1  0.000e+00
      19297    804.000    201.081    202.554    14.2870    14.2946   4.323409   4.324041     1.8278     1.5128      10.48   29.75822  -87.04234    0.00008    0.00016          1  0.000e+00
      19298    804.042    201.043    202.516    14.2870    14.2945   4.323409   4.324013     1.8291     1.5128      10.48   29.75822  -87.04234    0.00009    0.00018          1  0.000e+00
      19299    804.083    201.081    202.554    14.2868    14.2942   4.323402   4.324027     1.8278     1.5128      10.48   29.75822  -87.04234    0.00008    0.00020          1  0.000e+00
      19300    804.125    201.156    202.630    14.2866    14.2940   4.323346   4.324070     1.8278     1.5128      10.48   29.75822  -87.04234    0.00007    0.00021          1  0.000e+00
      19301    804.167    201.043    202.516    14.2867    14.2938   4.323374   4.324048     1.8278     1.5128      10.48   29.75822  -87.04234    0.00008    0.00023          1  0.000e+00
      19302    804.208    201.080    202.554    14.2866    14.2933   4.323367   4.324013     1.8278     1.5128      10.48   29.75822  -87.04234    0.00007    0.00025          1  0.000e+00
      19303    804.250    201.096    202.569    14.2868    14.2928   4.323367   4.323978     1.8278     1.5128      10.48   29.75822  -87.04234    0.00006    0.00027          1  0.000e+00
      19304    804.292    201.080    202.554    14.2868    14.2930   4.323353   4.323971     1.8291     1.5128      10.48   29.75822  -87.04234    0.00007    0.00029          1  0.000e+00
      19305    804.333    201.096    202.569    14.2866    14.2928   4.323388   4.323942     1.8278     1.5128      10.50   29.75822  -87.04234    0.00008    0.00031          1  0.000e+00
      19306    804.375    201.096    202.569    14.2868    14.2925   4.323374   4.323907     1.8278     1.5128      10.55   29.75822  -87.04234    0.00007    0.00033          1  0.000e+00
      19307    804.417    201.080    202.554    14.2868    14.2923   4.323353   4.323900     1.8278     1.5128      10.57   29.75822  -87.04234    0.00006    0.00035          1  0.000e+00
      19308    804.458    201.096    202.569    14.2868    14.2922   4.323416   4.323864     1.8278     1.5128      10.57   29.75822  -87.04234    0.00006    0.00037          1  0.000e+00
      19309    804.500    201.096    202.569    14.2868    14.2923   4.323381   4.323857     1.8291     1.5128      10.57   29.75822  -87.04234    0.00006    0.00039          1  0.000e+00
      19310    804.542    201.141    202.615    14.2870    14.2922   4.323339   4.323879     1.8291     1.5128      10.57   29.75822  -87.04234    0.00007    0.00039          1  0.000e+00
      19311    804.583    201.096    202.569    14.2865    14.2919   4.323374   4.323864     1.8278     1.5128      10.57   29.75822  -87.04234    0.00008    0.00040          1  0.000e+00
      19312    804.625    201.080    202.554    14.2865    14.2916   4.323311   4.323829     1.8278     1.5128      10.57   29.75822  -87.04234    0.00007    0.00040          1  0.000e+00
      19313    804.667    201.156    202.630    14.2860    14.2911   4.323263   4.323794     1.8278     1.5128      10.57   29.75822  -87.04234    0.00006    0.00040          1  0.000e+00
      22099    920.750    179.247    180.551    15.0779    15.0778   4.415450   4.415508     1.9145     1.5910      32.21   29.75820  -87.04232    0.00014   -0.00010          2  0.000e+00
      22100    920.792    179.141    180.444    15.0777    15.0772   4.415464   4.415493     1.9145     1.5922      32.21   29.75820  -87.04232    0.00015   -0.00008          2  0.000e+00
      22101    920.833    179.081    180.383    15.0774    15.0773   4.415478   4.415508     1.9133     1.5910      32.21   29.75820  -87.04232    0.00015   -0.00008          2  0.000e+00
      22102    920.875    179.141    180.444    15.0778    15.0779   4.415486   4.415572     1.9133     1.5910      32.21   29.75820  -87.04232    0.00015   -0.00010          2  0.000e+00
      22103    920.917    179.141    180.444    15.0778    15.0785   4.415478   4.415622     1.9145     1.5910      32.21   29.75820  -87.04232    0.00016   -0.00010          2  0.000e+00
      22104    920.958    179.111    180.414    15.0778    15.0786   4.415478   4.415608     1.9145     1.5910      32.21   29.75820  -87.04232    0.00017   -0.00010          2  0.000e+00
      22105    921.000    179.081    180.383    15.0780    15.0788   4.415507   4.415643     1.9145     1.5910      32.21   29.75820  -87.04232    0.00017   -0.00009          2  0.000e+00
      22106    921.042    179.141    180.444    15.0786    15.0787   4.415577   4.415665     1.9133     1.5910      32.21   29.75820  -87.04232    0.00017   -0.00009          2  0.000e+00
      22107    921.083    179.028    180.330    15.0790    15.0790   4.415647   4.415729     1.9133     1.5910      32.21   29.75820  -87.04232    0.00018   -0.00009          2  0.000e+00
      22108    921.125    179.081    180.383    15.0793    15.0792   4.415640   4.415715     1.9133     1.5910      32.21   29.75820  -87.04232    0.00017   -0.00009          2  0.000e+00
      22109    921.167    179.081    180.383    15.0797    15.0797   4.415718   4.415707     1.9145     1.5910      32.19   29.75820  -87.04232    0.00018   -0.00008          2  0.000e+00
      22110    921.208    179.028    180.330    15.0796    15.0794   4.415690   4.415715     1.9133     1.5910      32.21   29.75820  -87.04232    0.00017   -0.00008          2  0.000e+00
      22111    921.250    179.050    180.352    15.0800    15.0793   4.415760   4.415707     1.9133     1.5910      32.21   29.75820  -87.04232    0.00016   -0.00008          2  0.000e+00
      22112    921.292    179.028    180.330    15.0800    15.0792   4.415725   4.415707     1.9133     1.5910      32.21   29.75820  -87.04232    0.00015   -0.00007          2  0.000e+00
      22113    921.333    179.028    180.330    15.0799    15.0793   4.415704   4.415679     1.9133     1.5910      32.23   29.75820  -87.04232    0.00016   -0.00007          2  0.000e+00
      22114    921.375    179.028    180.330    15.0800    15.0786   4.415760   4.415636     1.9133     1.5910      32.38   29.75820  -87.04232    0.00015   -0.00006          2  0.000e+00
      22115    921.417    178.967    180.269    15.0801    15.0778   4.415760   4.415608     1.9133     1.5910      32.43   29.75820  -87.04232    0.00014   -0.00006          2  0.000e+00
      22116    921.458    179.028    180.330    15.0802    15.0779   4.415746   4.415565     1.9145     1.5910      32.43   29.75820  -87.04232    0.00015   -0.00005          2  0.000e+00
      22117    921.500    178.967    180.269    15.0805    15.0773   4.415774   4.415522     1.9133     1.5910      32.43   29.75820  -87.04232    0.00014   -0.00006          2  0.000e+00
      22118    921.542    178.997    180.299    15.0809    15.0775   4.415781   4.415543     1.9133     1.5897      32.43   29.75820  -87.04232    0.00013   -0.00007          2  0.000e+00
      22119    921.583    179.028    180.330    15.0811    15.0783   4.415781   4.415615     1.9133     1.5910      32.43   29.75820  -87.04232    0.00012   -0.00007          2  0.000e+00
      22120    921.625    178.967    180.269    15.0807    15.0794   4.415809   4.415686     1.9133     1.5910      32.43   29.75820  -87.04232    0.00012   -0.00008          2  0.000e+00
      22121    921.667    178.914    180.215    15.0805    15.0807   4.415788   4.415707     1.9145     1.5910      32.43   29.75820  -87.04232    0.00012   -0.00009          2  0.000e+00
      22122    921.708    178.967    180.269    15.0804    15.0808   4.415781   4.415764     1.9133     1.5897      32.43   29.75820  -87.04232    0.00011   -0.00010          2  0.000e+00
      22123    921.750    178.967    180.269    15.0803    15.0809   4.415781   4.415779     1.9133     1.5910      32.43   29.75820  -87.04232    0.00012   -0.00009          2  0.000e+00
      22124    921.792    178.967    180.269    15.0800    15.0809   4.415760   4.415779     1.9133     1.5910      32.43   29.75820  -87.04232    0.00011   -0.00008          2  0.000e+00
      22125    921.833    178.884    180.185    15.0801    15.0811   4.415711   4.415786     1.9133     1.5910      32.43   29.75820  -87.04232    0.00011   -0.00007          2  0.000e+00
      22126    921.875    178.967    180.269    15.0797    15.0809   4.415683   4.415836     1.9145     1.5910      32.43   29.75820  -87.04232    0.00011   -0.00008          2  0.000e+00
      22127    921.917    178.914    180.215    15.0798    15.0812   4.415697   4.415886     1.9133     1.5910      32.43   29.75820  -87.04232    0.00011   -0.00009          2  0.000e+00
      22128    921.958    178.914    180.215    15.0795    15.0811   4.415683   4.415843     1.9133     1.5897      32.43   29.75820  -87.04232    0.00010   -0.00012          2  0.000e+00
      22129    922.000    178.914    180.215    15.0795    15.0811   4.415697   4.415907     1.9133     1.5910      32.43   29.75820  -87.04232    0.00009   -0.00011          2  0.000e+00
      22130    922.042    178.914    180.215    15.0794    15.0806   4.415647   4.415879     1.9145     1.5910      32.43   29.75820  -87.04232    0.00010   -0.00012          2  0.000e+00
      22131    922.083    178.914    180.215    15.0795    15.0802   4.415633   4.415779     1.9133     1.5910      32.43   29.75820  -87.04232    0.00009   -0.00012          2  0.000e+00
      22132    922.125    178.944    180.246    15.0792    15.0801   4.415633   4.415772     1.9145     1.5910      32.43   29.75820  -87.04232    0.00009   -0.00013          2  0.000e+00
      22133    922.167    178.853    180.154    15.0796    15.0797   4.415690   4.415729     1.9133     1.5910      32.43   29.75820  -87.04232    0.00008   -0.00012          2  0.000e+00
      22134    922.208    178.914    180.215    15.0792    15.0792   4.415675   4.415715     1.9133     1.5910      32.43   29.75820  -87.04232    0.00007   -0.00013          2  0.000e+00
      22135    922.250    178.914    180.215    15.0793    15.0790   4.415640   4.415707     1.9133     1.5910      32.43   29.75820  -87.04232    0.00006   -0.00014          2  0.000e+00
