GOMECC/GOMECC-4/1db/rb2103_0861.ros
* Sea-Bird SBE 9 Data File:
* FileName = C:\Users\scs.user.rb\CTD\GOMECC4\data\rb2103_0861.hex
* Software Version Seasave V 7.26.7.107
* Temperature SN = 4799
* Conductivity SN = 3860
* Number of Bytes Per Scan = 41
* Number of Voltage Words = 4
* Number of Scans Averaged by the Deck Unit = 1
* NMEA Latitude = 20 01.19 N
* NMEA Longitude = 093 46.26 W
* NMEA UTC (Time) = Oct 08 2021  06:53:11
* NMEA baud rate = 4800
# nquan = 17
# nvalues = 2128                                  
# units = specified
# name 0 = scan: Scan Count
# name 1 = timeS: Time, Elapsed [seconds]
# name 2 = depSM: Depth [salt water, m]
# name 3 = prDM: Pressure, Digiquartz [db]
# name 4 = t090C: Temperature [ITS-90, deg C]
# name 5 = t190C: Temperature, 2 [ITS-90, deg C]
# name 6 = c0S/m: Conductivity [S/m]
# name 7 = c1S/m: Conductivity, 2 [S/m]
# name 8 = sbeox0V: Oxygen raw, SBE 43 [V]
# name 9 = sbeox1V: Oxygen raw, SBE 43, 2 [V]
# name 10 = altM: Altimeter [m]
# name 11 = latitude: Latitude [deg]
# name 12 = longitude: Longitude [deg]
# name 13 = sbox0dV/dT: Oxygen, SBE 43 [dov/dt]
# name 14 = sbox1dV/dT: Oxygen, SBE 43, 2 [dov/dt]
# name 15 = nbf: Bottles Fired
# name 16 = flag:  0.000e+00
# interval = seconds: 0.0416667
# start_time = Oct 08 2021 06:53:11 [NMEA time, header]
# bad_flag = -9.990e-29
*END*
[from data line 1277]
     109005   4541.833    198.821    200.140    14.2685    14.2502   4.319082   4.318603     1.7179     1.4054     100.00   20.02068  -93.77222    0.00003    0.00004         10  0.000e+00
     109006   4541.875    198.835    200.154    14.2908    14.2516   4.320756   4.318596     1.7179     1.4054     100.00   20.02068  -93.77222    0.00003    0.00005         10  0.000e+00
     109007   4541.917    198.869    200.188    14.3039    14.2551   4.322598   4.318546     1.7179     1.4054     100.00   20.02068  -93.77222    0.00003    0.00006         10  0.000e+00
     109008   4541.958    198.883    200.202    14.3112    14.2567   4.324162   4.318546     1.7179     1.4054     100.00   20.02068  -93.77222    0.00002    0.00004         10  0.000e+00
     109009   4542.000    198.821    200.140    14.3129    14.2596   4.324985   4.318723     1.7179     1.4054     100.00   20.02068  -93.77222    0.00002    0.00005         10  0.000e+00
     109010   4542.042    198.883    200.202    14.2963    14.2609   4.324281   4.318857     1.7179     1.4054     100.00   20.02068  -93.77222    0.00001    0.00006         10  0.000e+00
     109011   4542.083    198.869    200.188    14.2599    14.2591   4.322201   4.318921     1.7179     1.4054     100.00   20.02068  -93.77222    0.00001    0.00006         10  0.000e+00
     109012   4542.125    198.835    200.154    14.2341    14.2560   4.320129   4.319048     1.7179     1.4054     100.00   20.02068  -93.77222    0.00001    0.00007         10  0.000e+00
     109013   4542.167    198.869    200.189    14.2222    14.2550   4.318622   4.319494     1.7179     1.4054     100.00   20.02068  -93.77222    0.00000    0.00007         10  0.000e+00
     109014   4542.208    198.883    200.202    14.2164    14.2618   4.317701   4.319946     1.7179     1.4054     100.00   20.02068  -93.77222   -0.00000    0.00008         10  0.000e+00
     109015   4542.250    198.869    200.189    14.2242    14.2649   4.317317   4.320010     1.7179     1.4054     100.00   20.02068  -93.77222   -0.00001    0.00008         10  0.000e+00
     109016   4542.292    198.835    200.155    14.2311    14.2607   4.317052   4.319875     1.7179     1.4054     100.00   20.02068  -93.77222   -0.00001    0.00009         10  0.000e+00
     109017   4542.333    198.917    200.237    14.2352    14.2637   4.316731   4.319706     1.7179     1.4054     100.00   20.02068  -93.77222   -0.00001    0.00009         10  0.000e+00
     109018   4542.375    198.883    200.203    14.2395    14.2712   4.316578   4.319621     1.7179     1.4054     100.00   20.02068  -93.77222 7.0336e-07    0.00010         10  0.000e+00
     109019   4542.417    198.870    200.189    14.2434    14.2761   4.316745   4.319706     1.7179     1.4054     100.00   20.02068  -93.77222   -0.00000    0.00011         10  0.000e+00
     109020   4542.458    198.768    200.086    14.2480    14.2778   4.317617   4.319918     1.7179     1.4054     100.00   20.02068  -93.77222   -0.00001    0.00011         10  0.000e+00
     109021   4542.500    198.985    200.305    14.2512    14.2768   4.318643   4.320024     1.7167     1.4054     100.00   20.02068  -93.77222   -0.00003    0.00012         10  0.000e+00
     109022   4542.542    198.917    200.237    14.2564    14.2771   4.319284   4.320130     1.7167     1.4066     100.00   20.02068  -93.77222   -0.00005    0.00012         10  0.000e+00
     109023   4542.583    198.883    200.203    14.2581    14.2734   4.319633   4.320151     1.7192     1.4054     100.00   20.02068  -93.77222   -0.00003    0.00013         10  0.000e+00
     109024   4542.625    198.917    200.237    14.2611    14.2656   4.319822   4.320045     1.7179     1.4054     100.00   20.02068  -93.77222   -0.00004    0.00011         10  0.000e+00
     109025   4542.667    198.884    200.203    14.2628    14.2611   4.319863   4.319847     1.7179     1.4054     100.00   20.02068  -93.77222   -0.00004    0.00012         10  0.000e+00
     109026   4542.708    198.870    200.189    14.2620    14.2576   4.319828   4.319670     1.7179     1.4054     100.00   20.02068  -93.77222   -0.00004    0.00011         10  0.000e+00
     109027   4542.750    198.938    200.258    14.2619    14.2570   4.319626   4.319642     1.7179     1.4054     100.00   20.02068  -93.77222   -0.00003    0.00011         10  0.000e+00
     109028   4542.792    198.870    200.189    14.2618    14.2620   4.319535   4.319713     1.7179     1.4054     100.00   20.02068  -93.77222   -0.00003    0.00011         10  0.000e+00
     109029   4542.833    198.938    200.258    14.2601    14.2644   4.319696   4.319861     1.7179     1.4054     100.00   20.02068  -93.77222   -0.00003    0.00012         10  0.000e+00
     109030   4542.875    198.870    200.190    14.2618    14.2678   4.320024   4.320201     1.7179     1.4054     100.00   20.02068  -93.77222   -0.00004    0.00012         10  0.000e+00
     109031   4542.917    198.938    200.258    14.2656    14.2722   4.320317   4.320618     1.7192     1.4054     100.00   20.02068  -93.77222   -0.00002    0.00013         10  0.000e+00
     109032   4542.958    198.918    200.238    14.2681    14.2732   4.320491   4.320901     1.7192     1.4054     100.00   20.02068  -93.77222   -0.00001    0.00013         10  0.000e+00
     109033   4543.000    198.938    200.258    14.2675    14.2729   4.320582   4.321063     1.7192     1.4054     100.00   20.02068  -93.77222    0.00001    0.00014         10  0.000e+00
     109034   4543.042    198.918    200.238    14.2679    14.2714   4.320435   4.320943     1.7179     1.4054     100.00   20.02068  -93.77222    0.00000    0.00014         10  0.000e+00
     109035   4543.083    198.938    200.258    14.2673    14.2649   4.320128   4.320540     1.7179     1.4054     100.00   20.02068  -93.77222    0.00002    0.00014         10  0.000e+00
     109036   4543.125    198.918    200.238    14.2647    14.2626   4.319905   4.320271     1.7179     1.4054     100.00   20.02068  -93.77222    0.00001    0.00015         10  0.000e+00
     109037   4543.167    198.938    200.258    14.2618    14.2616   4.320031   4.320095     1.7179     1.4054     100.00   20.02068  -93.77222    0.00001    0.00015         10  0.000e+00
     109038   4543.208    198.918    200.238    14.2591    14.2526   4.320219   4.319840     1.7179     1.4054     100.00   20.02068  -93.77222   -0.00001    0.00014         10  0.000e+00
     109039   4543.250    198.884    200.204    14.2599    14.2492   4.320296   4.319678     1.7179     1.4054     100.00   20.02068  -93.77222   -0.00002    0.00013         10  0.000e+00
     109040   4543.292    198.918    200.238    14.2613    14.2502   4.320415   4.319656     1.7192     1.4054     100.00   20.02068  -93.77222   -0.00000    0.00013         10  0.000e+00
     109041   4543.333    198.939    200.258    14.2628    14.2528   4.320429   4.319727     1.7192     1.4054      75.34   20.02068  -93.77222    0.00001    0.00013         10  0.000e+00
     109042   4543.375    198.973    200.293    14.2626    14.2564   4.320387   4.319572     1.7179     1.4054      32.45   20.02068  -93.77222    0.00001    0.00014         10  0.000e+00
     109043   4543.417    198.884    200.204    14.2611    14.2569   4.320268   4.319416     1.7179     1.4054      20.46   20.02068  -93.77222    0.00002    0.00014         10  0.000e+00
     109044   4543.458    198.973    200.293    14.2577    14.2594   4.320254   4.319522     1.7179     1.4054      21.68   20.02068  -93.77222    0.00002    0.00014         10  0.000e+00
     109045   4543.500    198.939    200.259    14.2586    14.2615   4.320324   4.319784     1.7179     1.4054      23.44   20.02068  -93.77222    0.00001    0.00015         10  0.000e+00
     109046   4543.542    198.919    200.238    14.2660    14.2641   4.320429   4.319946     1.7179     1.4054      23.88   20.02068  -93.77222    0.00001    0.00015         10  0.000e+00
     109047   4543.583    198.919    200.238    14.2679    14.2637   4.320428   4.319960     1.7179     1.4054      23.79   20.02068  -93.77222    0.00000    0.00015         10  0.000e+00
     109048   4543.625    198.939    200.259    14.2683    14.2594   4.320394   4.320003     1.7179     1.4054      23.71   20.02068  -93.77222   -0.00000    0.00016         10  0.000e+00
     109049   4543.667    198.919    200.238    14.2672    14.2577   4.320408   4.319777     1.7192     1.4054      23.69   20.02068  -93.77222    0.00001    0.00016         10  0.000e+00
     109050   4543.708    198.939    200.259    14.2646    14.2561   4.320722   4.319352     1.7179     1.4054      23.71   20.02068  -93.77222    0.00001    0.00015         10  0.000e+00
     109051   4543.750    198.919    200.239    14.2639    14.2551   4.320826   4.318914     1.7192     1.4054      23.71   20.02068  -93.77222    0.00002    0.00013         10  0.000e+00
     109052   4543.792    198.939    200.259    14.2638    14.2525   4.320750   4.318850     1.7179     1.4054      23.69   20.02068  -93.77222    0.00001    0.00013         10  0.000e+00
     109053   4543.833    198.919    200.239    14.2633    14.2525   4.320463   4.319048     1.7192     1.4054      23.71   20.02068  -93.77222    0.00003    0.00014         10  0.000e+00
     109054   4543.875    198.939    200.259    14.2631    14.2532   4.320268   4.319147     1.7179     1.4054      23.69   20.02068  -93.77222    0.00002    0.00014         10  0.000e+00
     109055   4543.917    198.919    200.239    14.2627    14.2540   4.320170   4.319133     1.7179     1.4054      23.71   20.02068  -93.77222    0.00002    0.00013         10  0.000e+00
     109056   4543.958    198.838    200.157    14.2631    14.2535   4.320240   4.319084     1.7179     1.4054      23.71   20.02068  -93.77222    0.00001    0.00011         10  0.000e+00
     109057   4544.000    198.973    200.294    14.2635    14.2548   4.320324   4.319197     1.7179     1.4054      23.71   20.02068  -93.77222    0.00001    0.00009         10  0.000e+00
     112945   4706.000     99.154     99.788    18.4302    18.4118   4.805150   4.802404     1.8107     1.4847     100.00   20.02076  -93.77230    0.00013    0.00002         11  0.000e+00
     112946   4706.042     99.100     99.734    18.4344    18.4096   4.805180   4.802331     1.8107     1.4847     100.00   20.02076  -93.77230    0.00014    0.00004         11  0.000e+00
     112947   4706.083     99.100     99.734    18.4339    18.4071   4.805311   4.802301     1.8107     1.4847     100.00   20.02076  -93.77230    0.00012    0.00005         11  0.000e+00
     112948   4706.125     99.155     99.788    18.4354    18.4052   4.805588   4.802264     1.8107     1.4847     100.00   20.02076  -93.77230    0.00011    0.00005         11  0.000e+00
     112949   4706.167     99.053     99.686    18.4396    18.4057   4.805821   4.802080     1.8120     1.4847     100.00   20.02076  -93.77230    0.00013    0.00005         11  0.000e+00
     112950   4706.208     99.141     99.775    18.4415    18.4052   4.806025   4.801954     1.8107     1.4847     100.00   20.02076  -93.77230    0.00013    0.00005         11  0.000e+00
     112951   4706.250     99.101     99.734    18.4430    18.4042   4.806105   4.801806     1.8120     1.4847     100.00   20.02076  -93.77230    0.00015    0.00006         11  0.000e+00
     112952   4706.292     99.101     99.734    18.4437    18.4036   4.806120   4.801659     1.8107     1.4847     100.00   20.02076  -93.77230    0.00014    0.00006         11  0.000e+00
     112953   4706.333     99.101     99.734    18.4445    18.4031   4.806207   4.801489     1.8120     1.4847     100.00   20.02076  -93.77230    0.00015    0.00006         11  0.000e+00
     112954   4706.375     99.054     99.686    18.4409    18.4017   4.806331   4.801356     1.8120     1.4847     100.00   20.02076  -93.77230    0.00017    0.00006         11  0.000e+00
     112955   4706.417     99.101     99.734    18.4377    18.4011   4.806448   4.801267     1.8120     1.4847     100.00   20.02076  -93.77230    0.00019    0.00007         11  0.000e+00
     112956   4706.458     99.054     99.687    18.4372    18.4009   4.806550   4.801186     1.8120     1.4847     100.00   20.02076  -93.77230    0.00021    0.00007         11  0.000e+00
     112957   4706.500     99.101     99.735    18.4375    18.3998   4.806594   4.801098     1.8120     1.4847     100.00   20.02076  -93.77230    0.00023    0.00007         11  0.000e+00
     112958   4706.542     99.054     99.687    18.4362    18.3994   4.806667   4.801083     1.8107     1.4847     100.00   20.02076  -93.77230    0.00023    0.00007         11  0.000e+00
     112959   4706.583     99.054     99.687    18.4339    18.4010   4.806900   4.801112     1.8107     1.4847     100.00   20.02076  -93.77230    0.00023    0.00008         11  0.000e+00
     112960   4706.625     99.054     99.687    18.4401    18.4012   4.807184   4.801275     1.8107     1.4847     100.00   20.02076  -93.77230    0.00023    0.00008         11  0.000e+00
     112961   4706.667     99.054     99.687    18.4460    18.4009   4.807410   4.801415     1.8120     1.4847     100.00   20.02076  -93.77230    0.00025    0.00008         11  0.000e+00
     112962   4706.708     99.041     99.674    18.4493    18.4004   4.807578   4.801541     1.8120     1.4847     100.00   20.02076  -93.77230    0.00026    0.00008         11  0.000e+00
     112963   4706.750     99.102     99.735    18.4529    18.4007   4.807687   4.801533     1.8120     1.4847     100.00   20.02076  -93.77230    0.00028    0.00009         11  0.000e+00
     112964   4706.792     99.054     99.687    18.4548    18.4012   4.807556   4.801555     1.8120     1.4847     100.00   20.02076  -93.77230    0.00028    0.00009         11  0.000e+00
     112965   4706.833     99.055     99.687    18.4548    18.4012   4.807468   4.801511     1.8120     1.4847     100.00   20.02076  -93.77230    0.00028    0.00009         11  0.000e+00
     112966   4706.875     99.055     99.688    18.4533    18.4014   4.807337   4.801548     1.8132     1.4860     100.00   20.02076  -93.77230    0.00031    0.00011         11  0.000e+00
     112967   4706.917     99.055     99.688    18.4493    18.4011   4.806929   4.801592     1.8120     1.4860     100.00   20.02076  -93.77230    0.00032    0.00013         11  0.000e+00
     112968   4706.958     99.102     99.736    18.4463    18.4012   4.806776   4.801585     1.8120     1.4860     100.00   20.02076  -93.77230    0.00034    0.00015         11  0.000e+00
     112969   4707.000     99.055     99.688    18.4463    18.4009   4.806703   4.801570     1.8120     1.4860     100.00   20.02076  -93.77230    0.00035    0.00017         11  0.000e+00
     112970   4707.042     99.102     99.736    18.4420    18.4005   4.806010   4.801629     1.8120     1.4860     100.00   20.02076  -93.77230    0.00036    0.00019         11  0.000e+00
     112971   4707.083     99.055     99.688    18.4382    18.4009   4.805369   4.801629     1.8120     1.4860     100.00   20.02076  -93.77230    0.00036    0.00020         11  0.000e+00
     112972   4707.125     99.103     99.736    18.4403    18.4019   4.805318   4.801703     1.8120     1.4860     100.00   20.02076  -93.77230    0.00037    0.00022         11  0.000e+00
     112973   4707.167     99.055     99.688    18.4393    18.4024   4.805522   4.801755     1.8132     1.4860     100.00   20.02076  -93.77230    0.00040    0.00022         11  0.000e+00
     112974   4707.208     99.103     99.736    18.4373    18.4019   4.805617   4.801806     1.8120     1.4860     100.00   20.02076  -93.77230    0.00039    0.00024         11  0.000e+00
     112975   4707.250     99.096     99.729    18.4351    18.3989   4.805661   4.801755     1.8120     1.4860     100.00   20.02076  -93.77230    0.00040    0.00026         11  0.000e+00
