GOMECC/GOMECC-4/1db/rb2103_0571.cnv
* Sea-Bird SBE 9 Data File:
* FileName = C:\Users\scs.user.rb\CTD\GOMECC4\data\rb2103_0571.hex
* Software Version Seasave V 7.26.7.107
* Temperature SN = 4799
* Conductivity SN = 3860
* Number of Bytes Per Scan = 41
* Number of Voltage Words = 4
* Number of Scans Averaged by the Deck Unit = 1
* NMEA Latitude = 28 05.10 N
* NMEA Longitude = 095 00.06 W
* NMEA UTC (Time) = Sep 29 2021  05:34:51
* NMEA baud rate = 4800
# nquan = 28
# nvalues = 83                          
# units = specified
# name 0 = scan: Scan Count
# name 1 = timeS: Time, Elapsed [seconds]
# name 2 = depSM: Depth [salt water, m]
# name 3 = prDM: Pressure, Digiquartz [db]
# name 4 = t090C: Temperature [ITS-90, deg C]
# name 5 = t190C: Temperature, 2 [ITS-90, deg C]
# name 6 = c0S/m: Conductivity [S/m]
# name 7 = c1S/m: Conductivity, 2 [S/m]
# name 8 = sbeox0V: Oxygen raw, SBE 43 [V]
# name 9 = sbeox1V: Oxygen raw, SBE 43, 2 [V]
# name 10 = altM: Altimeter [m]
# name 11 = latitude: Latitude [deg]
# name 12 = longitude: Longitude [deg]
# name 13 = sbox0dV/dT: Oxygen, SBE 43 [dov/dt]
# name 14 = sbox1dV/dT: Oxygen, SBE 43, 2 [dov/dt]
# name 15 = sbeox0ML/L: Oxygen, SBE 43 [ml/l], WS = 5
# name 16 = sbeox1ML/L: Oxygen, SBE 43, 2 [ml/l], WS = 5
# name 17 = potemp090C: Potential Temperature [ITS-90, deg C]
# name 18 = potemp190C: Potential Temperature, 2 [ITS-90, deg C]
# name 19 = sal00: Salinity, Practical [PSU]
# name 20 = sal11: Salinity, Practical, 2 [PSU]
# name 21 = sigma-é00: Density [sigma-theta, kg/m^3]
# name 22 = sigma-é11: Density, 2 [sigma-theta, kg/m^3]
# name 23 = avgsvCM: Average Sound Velocity [Chen-Millero, m/s], minP = 20, minS = 20
# name 24 = sbox0Mm/Kg: Oxygen, SBE 43 [umol/kg], WS = 5
# name 25 = sbox1Mm/Kg: Oxygen, SBE 43, 2 [umol/kg], WS = 5
# name 26 = nbin: number of scans per bin
# name 27 = flag: flag
# span 0 =       1609,      14481       
# span 1 =     67.009,    603.347       
# span 2 =      3.973,     36.307       
# span 3 =      4.000,    879.000       
# span 4 =    26.7476,    28.8481       
# span 5 =    26.7482,    28.8496       
# span 6 =   5.331164,   5.750099       
# span 7 =   4.409399,   6.908888       
# span 8 =     2.5619,     3.1459       
# span 9 =     2.0136,     2.6672       
# span 10 =      23.05,      56.49      
# span 11 =   26.28923,   28.35457      
# span 12 =  -95.91026,  -88.92417      
# span 13 =   -0.32461,    0.03065      
# span 14 =   -0.32212,    0.02988      
# span 15 =     3.3652,     4.8453      
# span 16 =     0.0292,     4.8482      
# span 17 =    26.7461,    28.8407      
# span 18 =    26.7468,    28.8422      
# span 19 =    32.8351,    35.4088      
# span 20 =    26.5076,    43.6551      
# span 21 =    20.8410,    22.4761      
# span 22 =    15.8487,    28.7289      
# span 23 =       0.00,    1565.59      
# span 24 =    147.030,    211.695      
# span 25 =     15.147,    211.823      
# span 26 =          1,         74      
# span 27 = 0.0000e+00, 0.0000e+00      
# interval = decibars: 1                
# start_time = Sep 29 2021 05:34:51 [NMEA time, header]
# bad_flag = -9.990e-29
*END*
       1609     67.009      3.973      4.000    28.5649    28.5679   5.675178   5.674057     3.1459     2.5887      56.49   28.08516  -95.00100   -0.32461   -0.32212     4.4283     4.2589    28.5639    28.5670    34.9464    34.9364    22.1689    22.1604       0.00    193.477    186.080         21 0.0000e+00
       1630     67.859      4.967      5.000    28.5682    28.5685   5.687336   5.684976     3.1077     2.6045      56.02   28.08516  -95.00099   -0.25791   -0.19811     4.3567     4.2896    28.5670    28.5673    35.0281    35.0114    22.2293    22.2166       0.00    190.342    187.409         16 0.0000e+00
       1646     68.562      5.960      6.000    28.5662    28.5701   5.681426   5.683940     3.0449     2.5573      55.35   28.08516  -95.00098   -0.17043   -0.10491     4.2438     4.1946    28.5648    28.5687    34.9882    35.0028    22.2000    22.2097       0.00    185.412    183.261         20 0.0000e+00
       1693     70.503      6.953      7.000    28.5052    28.5447   5.665308   5.668372     2.8927     2.3949      53.93   28.08516  -95.00098   -0.09551   -0.06936     3.9723     3.8697    28.5036    28.5430    34.9209    34.9132    22.1697    22.1509       0.00    173.556    169.077         39 0.0000e+00
       1747     72.756      7.947      8.000    28.5716    28.5720   5.681564   5.676681     2.8826     2.3676      52.87   28.08517  -95.00098   -0.05310   -0.05883     3.9482     3.8125    28.5697    28.5701    34.9846    34.9504    22.1957    22.1698       0.00    172.496    166.572         27 0.0000e+00
       1771     73.759      8.940      9.000    28.5714    28.5725   5.684598   5.681507     2.9419     2.4243      52.18   28.08518  -95.00098    0.00528   -0.00054     4.0563     3.9269    28.5693    28.5704    35.0055    34.9832    22.2115    22.1944       0.00    177.220    171.569         24 0.0000e+00
       1799     74.900      9.933     10.000    28.5679    28.5727   5.677130   5.677996     2.8792     2.3781      51.27   28.08518  -95.00098    0.03065    0.02988     3.9437     3.8343    28.5655    28.5703    34.9560    34.9585    22.1755    22.1758       0.00    172.303    167.525         32 0.0000e+00
       1836     76.443     10.927     11.000    28.5375    28.5709   5.671010   5.667946     2.7689     2.2421      50.15   28.08518  -95.00098   -0.02812   -0.02964     3.7451     3.5607    28.5349    28.5683    34.9356    34.8898    22.1704    22.1249       0.00    163.628    155.578         39 0.0000e+00
       1883     78.399     11.920     12.000    28.5676    28.5723   5.670377   5.675469     2.6590     2.1354      49.17   28.08518  -95.00098   -0.06149   -0.06415     3.5432     3.3437    28.5648    28.5694    34.9088    34.9407    22.1403    22.1627       0.00    154.813    146.093         38 0.0000e+00
       2008     83.607     12.913     13.000    28.5715    28.5722   5.675935   5.673100     2.5619     2.0800      48.09   28.08518  -95.00097   -0.02575    0.00057     3.3652     3.2320    28.5684    28.5691    34.9441    34.9240    22.1657    22.1503       0.00    147.030    141.214         53 0.0000e+00
       2375     98.930     13.906     14.000    28.5740    28.5288   5.685065   5.668452     2.5662     2.0136      47.06   28.08522  -95.00096   -0.02018   -0.00761     3.3723     3.1000    28.5707    28.5255    35.0054    34.9234    22.2109    22.1643       0.00    147.335    135.444         61 0.0000e+00
      10960    456.608     14.900     15.000    28.5719    28.5757   5.691684   5.692273     3.1254     2.6620      46.03   28.08555  -95.00073    0.00170    0.00121     4.3935     4.4097    28.5683    28.5722    35.0526    35.0538    22.2472    22.2469       0.00    191.944    192.654         58 0.0000e+00
      13364    556.799     15.893     16.000    28.5732    28.5742   5.691623   5.691950     3.1172     2.6476      44.97   28.08561  -95.00069    0.00010    0.00169     4.3790     4.3812    28.5693    28.5704    35.0509    35.0525    22.2456    22.2464       0.00    191.310    191.405         48 0.0000e+00
      13752    572.956     16.886     17.000    28.5739    28.5750   5.691732   5.691990     3.1213     2.6514      43.58   28.08562  -95.00068    0.00049    0.00611     4.3869     4.3894    28.5698    28.5709    35.0511    35.0518    22.2456    22.2458       0.00    191.656    191.762         46 0.0000e+00
      13784    574.293     17.879     18.000    28.5749    28.5755   5.692804   5.691750     3.1216     2.6451      43.07   28.08562  -95.00068    0.00047   -0.00738     4.3877     4.3771    28.5705    28.5712    35.0573    35.0495    22.2500    22.2439       0.00    191.689    191.229         23 0.0000e+00
      13817    575.685     18.872     19.000    28.5756    28.5566   5.692138   5.692212     3.1189     2.6474      41.96   28.08562  -95.00068   -0.00200   -0.00622     4.3833     4.3833    28.5711    28.5520    35.0518    35.0666    22.2457    22.2630       0.00    191.500    191.496         31 0.0000e+00
      13852    577.145     19.866     20.000    28.5761    28.5777   5.692312   5.727523     3.1190     2.6500      41.11   28.08562  -95.00067   -0.00191   -0.00005     4.3840     4.3819    28.5713    28.5729    35.0524    35.2986    22.2460    22.4309     748.95    191.528    191.405         23 0.0000e+00
      13880    578.300     20.859     21.000    28.5763    28.5776   5.692294   5.694620     3.1199     2.6497      40.21   28.08562  -95.00066    0.00159    0.00143     4.3862     4.3874    28.5713    28.5725    35.0517    35.0672    22.2456    22.2568    1494.63    191.627    191.676         37 0.0000e+00
      13946    581.045     21.852     22.000    28.5759    28.5906   5.692233   5.694055     3.1184     2.6482      38.86   28.08562  -95.00066    0.00032   -0.01204     4.3840     4.3844    28.5706    28.5854    35.0512    35.0533    22.2454    22.2419    1542.98    191.527    191.545         74 0.0000e+00
      14090    587.032     24.832     25.000    28.5905    28.5917   5.695185   5.695441     3.1193     2.6479      36.17   28.09922  -95.04660    0.00050    0.00953     4.3866     4.3857    28.5845    28.5858    35.0683    35.0691    22.2562    22.2564    1543.74    191.643    191.605         48 0.0000e+00
      14126    588.545     25.825     26.000    28.5767    28.5780   5.692501   5.692782     3.1135     2.6477      35.31   28.08564  -95.00066   -0.00060    0.00105     4.3770     4.3863    28.5705    28.5718    35.0514    35.0525    22.2456    22.2459    1542.99    191.225    191.629         36 0.0000e+00
      14171    590.421     26.818     27.000    28.5767    28.5783   5.693327   5.692830     3.1155     2.6463      34.18   28.08564  -95.00066   -0.00118    0.00014     4.3812     4.3841    28.5703    28.5718    35.0569    35.0523    22.2498    22.2458    1543.00    191.406    191.532         57 0.0000e+00
      14228    592.772     27.812     28.000    28.5770    28.5784   5.692434   6.278352     3.1187     2.6455      33.24   28.08564  -95.00066    0.00008   -0.00081     4.3877     0.0292    28.5703    28.5717    35.0502    40.4382    22.2447    26.4606    1543.00    191.690     15.147         28 0.0000e+00
      14249    593.673     28.805     29.000    28.5774    28.5785   5.692677   5.682141     3.1151     2.6465      32.48   28.08564  -95.00066   -0.00065   -0.00003     4.3816     4.4657    28.5704    28.5715    35.0513    34.9530    22.2455    22.1682    1543.01    191.422    194.844         16 0.0000e+00
      14260    594.144     29.798     30.000    28.5776    28.5786   5.692766   5.692992     3.1123     2.6448      31.32   28.08564  -95.00066   -0.00082    0.00002     4.3770     4.3825    28.5704    28.5714    35.0515    35.0524    22.2457    22.2460    1543.01    191.223    191.461          8 0.0000e+00
      14272    594.625     30.790     31.000    28.5776    28.5789   5.692768   5.693222     3.1134     2.6406      30.58   28.08564  -95.00066   -0.00074   -0.00044     4.3794     4.3745    28.5702    28.5714    35.0512    35.0534    22.2455    22.2468    1543.02    191.328    191.112         11 0.0000e+00
      14279    594.904     31.775     32.000    28.5781    28.5793   5.711342   5.693230     3.1137     2.6398      29.89   28.08564  -95.00066   -0.00039   -0.00089     4.3773     4.3735    28.5705    28.5717    35.1796    35.0543    22.3419    22.2474    1543.03    191.218    191.068          4 0.0000e+00
      14282    595.043     32.753     33.000    28.5842    28.5899   5.694622   4.409399     3.1127     2.6398      27.93   28.08564  -95.00066   -0.00024   -0.00110     4.3785     4.5183    28.5763    28.5824    35.0587    26.5076    22.2491    15.8487    1543.04    191.291    198.282          3 0.0000e+00
      14287    595.231     33.678     34.000    28.5762    28.5729   5.694809   5.870407     3.1116     2.6411      27.99   28.08564  -95.00066   -0.00002   -0.00127     4.3776     4.3573    28.5680    28.5647    35.0655    36.2358    22.2570    23.1338    1543.04    191.246    190.237          4 0.0000e+00
      14291    595.418     34.461     35.000    28.5752    28.5740   5.695284   5.695914     3.1113     2.6418      26.30   28.08565  -95.00066    0.00020   -0.00134     4.3774     4.3790    28.5668    28.5656    35.0693    35.0745    22.2602    22.2646    1543.05    191.239    191.304          1 0.0000e+00
      14294    595.562     35.165     36.000    28.5743    28.5738   5.695508   5.696124     3.1105     2.6422      25.64   28.08566  -95.00066    0.00039   -0.00142     4.3766     4.3802    28.5656    28.5651    35.0712    35.0759    22.2621    22.2657    1543.05    191.200    191.358          2 0.0000e+00
      14297    595.667     35.600     37.000    28.5738    28.5746   5.695634   5.695833     3.1112     2.6422      25.64   28.08566  -95.00066    0.00060   -0.00149     4.3784     4.3807    28.5649    28.5657    35.0722    35.0729    22.2630    22.2633    1543.06    191.282    191.382          2 0.0000e+00
      14299    595.741     35.814     38.000    28.5730    28.5741   5.695737   5.695912     3.1111     2.6410      25.66   28.08566  -95.00066    0.00075   -0.00156     4.3787     4.3788    28.5639    28.5650    35.0732    35.0736    22.2641    22.2641    1543.07    191.295    191.299          2 0.0000e+00
      14300    595.794     35.968     39.000    28.5735    28.5747   5.695702 -9.990e-29     3.1111     2.6401      25.67   28.08566  -95.00066    0.00088   -0.00162     4.3792     4.3776    28.5642    28.5663    35.0723 -9.990e-29    22.2634 -9.990e-29    1543.07    191.317    191.242          1 0.0000e+00
      14301    595.833     36.097     40.000    28.5731    28.5751   5.695685   6.908888     3.1111     2.6398      25.64   28.08566  -95.00066    0.00098   -0.00168     4.3798     4.1709    28.5635    28.5653    35.0721    43.6551    22.2635    28.7289    1543.08    191.341    181.061          1 0.0000e+00
      14302    595.872     36.005     41.000    28.5736    28.5758   5.695628   5.774265     3.1111     2.6398      25.64   28.08566  -95.00066    0.00107   -0.00174     4.3803     4.3647    28.5638    28.5660    35.0711    35.6259    22.2627    22.6798    1543.09    191.363    190.607          1 0.0000e+00
      14303    595.907     35.741     42.000    28.5739    28.5760   5.695596   5.695600     3.1111     2.6398      25.66   28.08566  -95.00066    0.00116   -0.00184     4.3808     4.3785    28.5639    28.5659    35.0703    35.0689    22.2620    22.2602    1543.09    191.386    191.283          1 0.0000e+00
      14226    592.725     35.363     44.000    28.4194    28.4210   5.664596   5.664708     3.0942     2.6255      25.50   27.93330  -94.48529    0.00126   -0.00194     4.3582     4.3558    28.4088    28.4104    34.8784    34.8780    22.1399    22.1391    1534.74    190.399    190.297          1 0.0000e+00
      14280    594.962     35.612     47.000    28.5255    28.5260   5.685398   5.685748     3.1057     2.6352      25.60   28.03674  -94.83520    0.00136   -0.00198     4.3759     4.3735    28.5143    28.5148    35.0048    35.0068    22.2198    22.2212    1540.44    191.169    191.068          1 0.0000e+00
      14367    598.601     35.926     51.000    28.6991    28.6987   5.719596   5.720105     3.1245     2.6511      25.24   28.20623  -95.40848    0.00147   -0.00203     4.4042     4.4019    28.6869    28.6865    35.2133    35.2171    22.3517    22.3548    1549.78    192.410    192.308          1 0.0000e+00
      14403    600.102     36.092     56.000    28.7693    28.7686   5.733488   5.734003     3.1321     2.6576      25.30   28.27500  -95.64111    0.00156   -0.00206     4.4176     4.4153    28.7559    28.7553    35.2973    35.3013    22.4051    22.4084    1553.59    192.992    192.891          1 0.0000e+00
      14311    596.240     35.919     62.000    28.5819    28.5815   5.696298   5.696733     3.1117     2.6403      25.13   28.09110  -95.01905    0.00164   -0.00207     4.3922     4.3898    28.5671    28.5667    35.0667    35.0700    22.2592    22.2618    1543.55    191.885    191.783          1 0.0000e+00
      14234    593.032     35.772     70.000    28.4256    28.4253   5.665311   5.665878     3.0947     2.6259      25.00   27.93799  -94.50115    0.00173   -0.00207     4.3727     4.3704    28.4088    28.4085    34.8740    34.8781    22.1376    22.1408    1535.21    191.033    190.932          1 0.0000e+00
      14234    593.052     35.809     81.000    28.4244    28.4241   5.665198   5.665727     3.0946     2.6258      25.00   27.93701  -94.49784    0.00183   -0.00208     4.3784     4.3761    28.4050    28.4047    34.8703    34.8741    22.1358    22.1389    1535.24    191.282    191.181          1 0.0000e+00
      14305    596.002     36.018     96.000    28.5636    28.5637   5.693024   5.693503     3.1098     2.6387      25.12   28.07396  -94.96109    0.00193   -0.00209     4.4077     4.4053    28.5406    28.5407    35.0374    35.0406    22.2427    22.2451    1542.90    192.561    192.457          1 0.0000e+00
      14269    594.488     35.954    115.000    28.4888    28.4890   5.678148   5.678649     3.1017     2.6327      25.05   28.00068  -94.71323    0.00202   -0.00206     4.4064     4.4059    28.4613    28.4615    34.9404    34.9437    22.1821    22.1845    1539.05    192.508    192.485          1 0.0000e+00
      14326    596.871     36.123    141.000    28.6009    28.6009   5.700639   5.701008     3.1139     2.6434      25.15   28.11098  -95.08631    0.00214   -0.00204     4.4375     4.4376    28.5671    28.5671    35.0716    35.0741    22.2667    22.2687    1545.34    193.864    193.869          1 0.0000e+00
      14345    597.676     36.193    175.000    28.6365    28.6378   5.707975   5.708262     3.1179     2.6468      25.18   28.14694  -95.20794    0.00225   -0.00200     4.4613     4.4614    28.5947    28.5960    35.1075    35.1086    22.2915    22.2918    1547.63    194.908    194.911          1 0.0000e+00
      14299    595.767     36.096    219.000    28.5429    28.5444   5.689371   5.689555     3.1077     2.6390      25.10   28.05504  -94.89710    0.00237   -0.00197     4.4708     4.4728    28.4904    28.4920    34.9804    34.9805    22.2129    22.2125    1542.99    195.325    195.409          1 0.0000e+00
      14303    595.935     36.121    278.000    28.5491    28.5505   5.690600   5.690705     3.1084     2.6399      25.11   28.06103  -94.91735   -0.00093   -0.00193     4.5038     4.5064    28.4825    28.4839    34.9708    34.9705    22.2095    22.2088    1543.86    196.766    196.879          1 0.0000e+00
      14306    596.038     36.141    356.000    28.5523    28.5541   5.691192   5.691282     3.1087     2.6402      25.11   28.06390  -94.92706   -0.00201   -0.00189     4.5470     4.5496    28.4669    28.4687    34.9520    34.9513    22.2010    22.1999    1544.76    198.653    198.767          1 0.0000e+00
