GOMECC/GOMECC-4/1db/rb2103_0841.ros
* Sea-Bird SBE 9 Data File:
* FileName = C:\Users\scs.user.rb\CTD\GOMECC4\data\rb2103_0841.hex
* Software Version Seasave V 7.26.7.107
* Temperature SN = 4799
* Conductivity SN = 3860
* Number of Bytes Per Scan = 41
* Number of Voltage Words = 4
* Number of Scans Averaged by the Deck Unit = 1
* NMEA Latitude = 20 43.74 N
* NMEA Longitude = 094 44.99 W
* NMEA UTC (Time) = Oct 07 2021  16:02:53
* NMEA baud rate = 4800
# nquan = 17
# nvalues = 3192                                  
# units = specified
# name 0 = scan: Scan Count
# name 1 = timeS: Time, Elapsed [seconds]
# name 2 = depSM: Depth [salt water, m]
# name 3 = prDM: Pressure, Digiquartz [db]
# name 4 = t090C: Temperature [ITS-90, deg C]
# name 5 = t190C: Temperature, 2 [ITS-90, deg C]
# name 6 = c0S/m: Conductivity [S/m]
# name 7 = c1S/m: Conductivity, 2 [S/m]
# name 8 = sbeox0V: Oxygen raw, SBE 43 [V]
# name 9 = sbeox1V: Oxygen raw, SBE 43, 2 [V]
# name 10 = altM: Altimeter [m]
# name 11 = latitude: Latitude [deg]
# name 12 = longitude: Longitude [deg]
# name 13 = sbox0dV/dT: Oxygen, SBE 43 [dov/dt]
# name 14 = sbox1dV/dT: Oxygen, SBE 43, 2 [dov/dt]
# name 15 = nbf: Bottles Fired
# name 16 = flag:  0.000e+00
# interval = seconds: 0.0416667
# start_time = Oct 07 2021 16:02:53 [NMEA time, header]
# bad_flag = -9.990e-29
*END*
[from data line 86]
     104858   4369.042   3191.261   3235.629     4.3851     4.3866   3.421755   3.421769     1.6996     1.3895      60.29   20.72868  -94.75022   -0.00002   -0.00007          1  0.000e+00
     104859   4369.083   3191.296   3235.665     4.3853     4.3870   3.421761   3.421769     1.6996     1.3907      60.29   20.72868  -94.75022   -0.00003   -0.00006          1  0.000e+00
     104860   4369.125   3191.247   3235.615     4.3850     4.3867   3.421749   3.421769     1.6996     1.3907      60.29   20.72868  -94.75022   -0.00004   -0.00006          1  0.000e+00
     104861   4369.167   3191.311   3235.680     4.3853     4.3867   3.421749   3.421744     1.6996     1.3907      60.29   20.72868  -94.75022   -0.00003   -0.00006          1  0.000e+00
     104862   4369.208   3191.297   3235.666     4.3853     4.3867   3.421723   3.421737     1.7009     1.3907      60.29   20.72868  -94.75022   -0.00004   -0.00006          1  0.000e+00
     104863   4369.250   3191.297   3235.666     4.3851     4.3869   3.421755   3.421756     1.7009     1.3907      60.29   20.72868  -94.75022   -0.00005   -0.00005          1  0.000e+00
     104864   4369.292   3191.297   3235.666     4.3851     4.3869   3.421749   3.421769     1.7009     1.3907      60.29   20.72868  -94.75022   -0.00004   -0.00005          1  0.000e+00
     104865   4369.333   3191.311   3235.681     4.3853     4.3867   3.421749   3.421718     1.7009     1.3895      60.29   20.72868  -94.75022   -0.00003   -0.00006          1  0.000e+00
     104866   4369.375   3191.297   3235.666     4.3853     4.3867   3.421749   3.421750     1.7009     1.3907      38.97   20.72868  -94.75022   -0.00004   -0.00006          1  0.000e+00
     104867   4369.417   3191.297   3235.666     4.3851     4.3864   3.421742   3.421744     1.7009     1.3895      13.50   20.72868  -94.75022   -0.00003   -0.00007          1  0.000e+00
     104868   4369.458   3191.368   3235.739     4.3851     4.3867   3.421742   3.421782     1.6996     1.3895       7.64   20.72868  -94.75022   -0.00004   -0.00009          1  0.000e+00
     104869   4369.500   3191.354   3235.724     4.3851     4.3869   3.421768   3.421750     1.6996     1.3895       8.77   20.72868  -94.75022   -0.00005   -0.00010          1  0.000e+00
     104870   4369.542   3191.298   3235.667     4.3853     4.3867   3.421768   3.421737     1.7009     1.3907       9.82   20.72868  -94.75022   -0.00004   -0.00010          1  0.000e+00
     104871   4369.583   3191.312   3235.681     4.3853     4.3867   3.421704   3.421737     1.7009     1.3907      10.01   20.72868  -94.75022   -0.00005   -0.00009          1  0.000e+00
     104872   4369.625   3191.354   3235.725     4.3853     4.3867   3.421755   3.421756     1.7009     1.3907       9.96   20.72868  -94.75022   -0.00006   -0.00009          1  0.000e+00
     104873   4369.667   3191.355   3235.725     4.3849     4.3864   3.421780   3.421769     1.7009     1.3907       9.91   20.72868  -94.75022   -0.00005   -0.00008          1  0.000e+00
     104874   4369.708   3191.298   3235.667     4.3853     4.3867   3.421793   3.421769     1.6996     1.3907       9.91   20.72868  -94.75022   -0.00006   -0.00008          1  0.000e+00
     104875   4369.750   3191.369   3235.740     4.3851     4.3870   3.421736   3.421769     1.6996     1.3907       9.91   20.72868  -94.75022   -0.00007   -0.00007          1  0.000e+00
     104876   4369.792   3191.355   3235.725     4.3851     4.3867   3.421761   3.421789     1.6996     1.3907       9.91   20.72868  -94.75022   -0.00008   -0.00007          1  0.000e+00
     104877   4369.833   3191.355   3235.725     4.3850     4.3869   3.421755   3.421750     1.6996     1.3895       9.91   20.72868  -94.75022   -0.00008   -0.00008          1  0.000e+00
     104878   4369.875   3191.313   3235.682     4.3851     4.3869   3.421742   3.421756     1.7009     1.3895       9.91   20.72868  -94.75022   -0.00007   -0.00009          1  0.000e+00
     104879   4369.917   3191.355   3235.726     4.3853     4.3867   3.421768   3.421744     1.7009     1.3907       9.91   20.72868  -94.75022   -0.00006   -0.00009          1  0.000e+00
     104880   4369.958   3191.355   3235.726     4.3851     4.3867   3.421755   3.421737     1.7009     1.3907       9.91   20.72868  -94.75022   -0.00007   -0.00008          1  0.000e+00
     104881   4370.000   3191.370   3235.740     4.3850     4.3867   3.421787   3.421756     1.7009     1.3907       9.91   20.72868  -94.75022   -0.00008   -0.00008          1  0.000e+00
     104882   4370.042   3191.356   3235.726     4.3853     4.3867   3.421761   3.421769     1.7009     1.3907       9.91   20.72868  -94.75022   -0.00007   -0.00007          1  0.000e+00
     104883   4370.083   3191.356   3235.726     4.3851     4.3869   3.421768   3.421769     1.6996     1.3907       9.91   20.72868  -94.75022   -0.00010   -0.00007          1  0.000e+00
     104884   4370.125   3191.356   3235.726     4.3851     4.3869   3.421755   3.421744     1.7009     1.3907       9.89   20.72868  -94.75022   -0.00009   -0.00006          1  0.000e+00
     104885   4370.167   3191.370   3235.741     4.3853     4.3869   3.421761   3.421756     1.6996     1.3907       9.91   20.72868  -94.75022   -0.00010   -0.00006          1  0.000e+00
     104886   4370.208   3191.299   3235.668     4.3853     4.3867   3.421774   3.421769     1.6996     1.3895       9.91   20.72868  -94.75022   -0.00010   -0.00007          1  0.000e+00
     104887   4370.250   3191.356   3235.726     4.3851     4.3867   3.421755   3.421744     1.6996     1.3907       9.91   20.72868  -94.75022   -0.00011   -0.00006          1  0.000e+00
     104888   4370.292   3191.370   3235.741     4.3851     4.3869   3.421749   3.421756     1.7009     1.3907       9.91   20.72868  -94.75022   -0.00012   -0.00006          1  0.000e+00
     104889   4370.333   3191.356   3235.727     4.3850     4.3870   3.421761   3.421769     1.7009     1.3907       9.91   20.72868  -94.75022   -0.00013   -0.00005          1  0.000e+00
     104890   4370.375   3191.356   3235.727     4.3853     4.3869   3.421730   3.421769     1.7009     1.3907       9.91   20.72868  -94.75022   -0.00012   -0.00005          1  0.000e+00
     104891   4370.417   3191.371   3235.741     4.3851     4.3867   3.421761   3.421789     1.7009     1.3907       9.91   20.72868  -94.75022   -0.00011   -0.00004          1  0.000e+00
     104892   4370.458   3191.357   3235.727     4.3850     4.3869   3.421768   3.421802     1.6996     1.3895       9.91   20.72868  -94.75022   -0.00013   -0.00005          1  0.000e+00
     104893   4370.500   3191.300   3235.669     4.3851     4.3869   3.421774   3.421776     1.6996     1.3907       9.91   20.72868  -94.75022   -0.00014   -0.00005          1  0.000e+00
     104894   4370.542   3191.357   3235.727     4.3851     4.3866   3.421755   3.421769     1.6996     1.3907       9.91   20.72868  -94.75022   -0.00015   -0.00004          1  0.000e+00
     104895   4370.583   3191.371   3235.742     4.3851     4.3869   3.421749   3.421769     1.7009     1.3907       9.89   20.72868  -94.75022   -0.00014   -0.00003          1  0.000e+00
     104896   4370.625   3191.300   3235.670     4.3851     4.3867   3.421787   3.421744     1.7009     1.3907       9.89   20.72868  -94.75022   -0.00013   -0.00003          1  0.000e+00
     104897   4370.667   3191.301   3235.670     4.3851     4.3869   3.421761   3.421756     1.7009     1.3907       9.91   20.72868  -94.75022   -0.00012   -0.00002          1  0.000e+00
     104898   4370.708   3191.371   3235.742     4.3853     4.3869   3.421749   3.421744     1.7009     1.3907       9.91   20.72868  -94.75022   -0.00011   -0.00002          1  0.000e+00
     104899   4370.750   3191.357   3235.728     4.3854     4.3869   3.421793   3.421737     1.7009     1.3907       9.89   20.72868  -94.75022   -0.00010   -0.00001          1  0.000e+00
     104900   4370.792   3191.301   3235.670     4.3854     4.3870   3.421755   3.421782     1.7009     1.3907       9.89   20.72868  -94.75022   -0.00009   -0.00000          1  0.000e+00
     104901   4370.833   3191.209   3235.576     4.3853     4.3867   3.421723   3.421750     1.7009     1.3907       9.91   20.72868  -94.75022   -0.00008    0.00000          1  0.000e+00
     104902   4370.875   3191.414   3235.786     4.3851     4.3872   3.421736   3.421757     1.7009     1.3907       9.91   20.72868  -94.75022   -0.00007    0.00001          1  0.000e+00
     104903   4370.917   3191.358   3235.728     4.3853     4.3873   3.421749   3.421769     1.7009     1.3907       9.91   20.72868  -94.75022   -0.00006    0.00001          1  0.000e+00
     104904   4370.958   3191.301   3235.670     4.3854     4.3872   3.421742   3.421789     1.7009     1.3907       9.89   20.72868  -94.75022   -0.00005    0.00000          1  0.000e+00
     114057   4752.333   2960.463   2999.996     4.3576     4.3583   3.410506   3.410504     1.7289     1.4176      88.77   20.72864  -94.75032    0.00001   -0.00001          2  0.000e+00
     114058   4752.375   2960.534   3000.068     4.3577     4.3585   3.410538   3.410504     1.7302     1.4176      86.47   20.72864  -94.75032    0.00001   -0.00001          2  0.000e+00
     114059   4752.417   2960.428   2999.960     4.3577     4.3585   3.410557   3.410504     1.7289     1.4176      81.49   20.72864  -94.75032   -0.00001   -0.00001          2  0.000e+00
     114060   4752.458   2960.463   2999.996     4.3577     4.3586   3.410506   3.410504     1.7289     1.4176      79.93   20.72864  -94.75032   -0.00003   -0.00000          2  0.000e+00
     114061   4752.500   2960.485   3000.018     4.3577     4.3586   3.410538   3.410504     1.7302     1.4176      80.02   20.72864  -94.75032   -0.00003   -0.00000          2  0.000e+00
     114062   4752.542   2960.464   2999.996     4.3574     4.3588   3.410532   3.410529     1.7289     1.4176      80.24   20.72864  -94.75032   -0.00006   -0.00000          2  0.000e+00
     114063   4752.583   2960.428   2999.960     4.3576     4.3588   3.410500   3.410536     1.7289     1.4176      80.29   20.72864  -94.75032   -0.00006   -0.00000          2  0.000e+00
     114064   4752.625   2960.485   3000.018     4.3576     4.3586   3.410538   3.410510     1.7289     1.4176      80.29   20.72864  -94.75032   -0.00006   -0.00000          2  0.000e+00
     114065   4752.667   2960.414   2999.946     4.3577     4.3588   3.410532   3.410529     1.7289     1.4176      80.27   20.72864  -94.75032   -0.00006   -0.00000          2  0.000e+00
     114066   4752.708   2960.429   2999.961     4.3576     4.3586   3.410544   3.410536     1.7289     1.4176      80.27   20.72864  -94.75032   -0.00008   -0.00000          2  0.000e+00
     114067   4752.750   2960.485   3000.018     4.3577     4.3588   3.410532   3.410497     1.7289     1.4176      80.27   20.72864  -94.75032   -0.00010   -0.00000          2  0.000e+00
     114068   4752.792   2960.415   2999.946     4.3577     4.3586   3.410500   3.410497     1.7302     1.4176      80.27   20.72866  -94.75032   -0.00010   -0.00000          2  0.000e+00
     114069   4752.833   2960.429   2999.961     4.3576     4.3585   3.410563   3.410484     1.7302     1.4176      80.27   20.72866  -94.75032   -0.00009   -0.00000          2  0.000e+00
     114070   4752.875   2960.358   2999.889     4.3579     4.3583   3.410538   3.410497     1.7302     1.4176      80.27   20.72866  -94.75032   -0.00007   -0.00000          2  0.000e+00
     114071   4752.917   2960.429   2999.961     4.3577     4.3585   3.410544   3.410465     1.7289     1.4176      80.27   20.72866  -94.75032   -0.00008 -8.792e-07          2  0.000e+00
     114072   4752.958   2960.373   2999.904     4.3574     4.3582   3.410557   3.410465     1.7302     1.4176      80.27   20.72866  -94.75032   -0.00006 -5.275e-07          2  0.000e+00
     114073   4753.000   2960.415   2999.947     4.3577     4.3582   3.410532   3.410497     1.7289     1.4176      80.27   20.72866  -94.75032   -0.00006 -1.759e-07          2  0.000e+00
     114074   4753.042   2960.373   2999.904     4.3572     4.3585   3.410544   3.410504     1.7289     1.4176      80.27   20.72866  -94.75032   -0.00008 1.7583e-07          2  0.000e+00
     114075   4753.083   2960.373   2999.904     4.3574     4.3585   3.410557   3.410484     1.7302     1.4176      80.27   20.72866  -94.75032   -0.00007 5.2752e-07          2  0.000e+00
     114076   4753.125   2960.416   2999.947     4.3574     4.3585   3.410557   3.410497     1.7302     1.4176      80.27   20.72866  -94.75032   -0.00005 8.7920e-07          2  0.000e+00
     114077   4753.167   2960.373   2999.904     4.3574     4.3583   3.410506   3.410484     1.7302     1.4176      80.27   20.72866  -94.75032   -0.00004    0.00000          2  0.000e+00
     114078   4753.208   2960.373   2999.904     4.3571     4.3585   3.410513   3.410471     1.7289     1.4176      80.27   20.72866  -94.75032   -0.00004    0.00000          2  0.000e+00
     114079   4753.250   2960.416   2999.948     4.3576     4.3585   3.410525   3.410478     1.7289     1.4176      80.27   20.72866  -94.75032   -0.00004    0.00000          2  0.000e+00
     114080   4753.292   2960.374   2999.905     4.3573     4.3585   3.410525   3.410497     1.7289     1.4176      80.27   20.72866  -94.75032   -0.00006    0.00000          2  0.000e+00
     114081   4753.333   2960.360   2999.890     4.3574     4.3585   3.410525   3.410504     1.7302     1.4176      80.27   20.72866  -94.75032   -0.00006    0.00000          2  0.000e+00
     114082   4753.375   2960.374   2999.905     4.3572     4.3585   3.410494   3.410504     1.7302     1.4176      86.74   20.72866  -94.75032   -0.00006    0.00000          2  0.000e+00
     114083   4753.417   2960.374   2999.905     4.3571     4.3586   3.410468   3.410484     1.7289     1.4176      97.80   20.72866  -94.75032   -0.00006    0.00000          2  0.000e+00
     114084   4753.458   2960.416   2999.948     4.3572     4.3585   3.410481   3.410497     1.7289     1.4176     100.00   20.72866  -94.75032   -0.00008    0.00000          2  0.000e+00
     114085   4753.500   2960.374   2999.905     4.3571     4.3585   3.410513   3.410484     1.7302     1.4176     100.00   20.72866  -94.75032   -0.00008    0.00000          2  0.000e+00
     114086   4753.542   2960.374   2999.905     4.3573     4.3583   3.410525   3.410471     1.7289     1.4176     100.00   20.72866  -94.75032   -0.00008    0.00000          2  0.000e+00
     114087   4753.583   2960.417   2999.949     4.3572     4.3583   3.410500   3.410491     1.7289     1.4176     100.00   20.72866  -94.75032   -0.00010    0.00000          2  0.000e+00
     114088   4753.625   2960.375   2999.905     4.3572     4.3585   3.410513   3.410484     1.7289     1.4176     100.00   20.72866  -94.75032   -0.00010    0.00001          2  0.000e+00
     114089   4753.667   2960.417   2999.949     4.3572     4.3583   3.410500   3.410497     1.7289     1.4176     100.00   20.72866  -94.75032   -0.00012    0.00001          2  0.000e+00
     114090   4753.708   2960.431   2999.963     4.3576     4.3583   3.410494   3.410484     1.7302     1.4176     100.00   20.72866  -94.75032   -0.00012    0.00001          2  0.000e+00
     114091   4753.750   2960.375   2999.906     4.3572     4.3585   3.410513   3.410523     1.7302     1.4176     100.00   20.72866  -94.75032   -0.00011    0.00001          2  0.000e+00
     114092   4753.792   2960.417   2999.949     4.3574     4.3582   3.410525   3.410516     1.7302     1.4176     100.00   20.72864  -94.75032   -0.00009    0.00001          2  0.000e+00
     114093   4753.833   2960.375   2999.906     4.3572     4.3583   3.410544   3.410478     1.7302     1.4176     100.00   20.72864  -94.75032   -0.00007    0.00001          2  0.000e+00
