GOMECC/GOMECC-4/1db/rb2103_0011.ros
* Sea-Bird SBE 9 Data File:
* FileName = C:\Users\scs.user.rb\CTD\GOMECC4\data\rb1203_001.hex
* Software Version Seasave V 7.26.7.107
* Temperature SN = 4799
* Conductivity SN = 3860
* Number of Bytes Per Scan = 41
* Number of Voltage Words = 4
* Number of Scans Averaged by the Deck Unit = 1
* NMEA Latitude = 26 59.84 N
* NMEA Longitude = 079 37.07 W
* NMEA UTC (Time) = Sep 14 2021  14:55:20
* NMEA baud rate = 4800
# nquan = 17
# nvalues = 2394                                  
# units = specified
# name 0 = scan: Scan Count
# name 1 = timeS: Time, Elapsed [seconds]
# name 2 = depSM: Depth [salt water, m]
# name 3 = prDM: Pressure, Digiquartz [db]
# name 4 = t090C: Temperature [ITS-90, deg C]
# name 5 = t190C: Temperature, 2 [ITS-90, deg C]
# name 6 = c0S/m: Conductivity [S/m]
# name 7 = c1S/m: Conductivity, 2 [S/m]
# name 8 = sbeox0V: Oxygen raw, SBE 43 [V]
# name 9 = sbeox1V: Oxygen raw, SBE 43, 2 [V]
# name 10 = altM: Altimeter [m]
# name 11 = latitude: Latitude [deg]
# name 12 = longitude: Longitude [deg]
# name 13 = sbox0dV/dT: Oxygen, SBE 43 [dov/dt]
# name 14 = sbox1dV/dT: Oxygen, SBE 43, 2 [dov/dt]
# name 15 = nbf: Bottles Fired
# name 16 = flag:  0.000e+00
# interval = seconds: 0.0416667
# start_time = Sep 14 2021 14:55:20 [NMEA time, header]
# bad_flag = -9.990e-29
*END*
[from data line 766]
      67682   2820.042    394.291    397.282    12.4234    12.4363   4.115964   4.117299     1.7436     1.4396     100.00   27.00010  -79.62502    0.00030    0.00037          6  0.000e+00
      67683   2820.083    394.291    397.282    12.4233    12.4382   4.116025   4.117361     1.7436     1.4396     100.00   27.00010  -79.62502    0.00030    0.00036          6  0.000e+00
      67684   2820.125    394.306    397.297    12.4238    12.4387   4.116073   4.117320     1.7436     1.4396     100.00   27.00010  -79.62502    0.00030    0.00034          6  0.000e+00
      67685   2820.167    394.237    397.228    12.4243    12.4369   4.116101   4.117119     1.7436     1.4396     100.00   27.00010  -79.62502    0.00029    0.00033          6  0.000e+00
      67686   2820.208    394.291    397.282    12.4251    12.4332   4.116148   4.116841     1.7436     1.4396     100.00   27.00010  -79.62502    0.00029    0.00032          6  0.000e+00
      67687   2820.250    394.237    397.228    12.4251    12.4335   4.116196   4.116800     1.7436     1.4396     100.00   27.00010  -79.62502    0.00028    0.00031          6  0.000e+00
      67688   2820.292    394.291    397.282    12.4257    12.4336   4.116251   4.116828     1.7436     1.4396     100.00   27.00010  -79.62502    0.00028    0.00029          6  0.000e+00
      67689   2820.333    394.253    397.244    12.4268    12.4319   4.116326   4.116710     1.7436     1.4396     100.00   27.00010  -79.62502    0.00028    0.00028          6  0.000e+00
      67690   2820.375    394.238    397.228    12.4273    12.4299   4.116367   4.116529     1.7436     1.4396     100.00   27.00010  -79.62502    0.00027    0.00027          6  0.000e+00
      67691   2820.417    394.238    397.228    12.4276    12.4299   4.116422   4.116432     1.7436     1.4396     100.00   27.00010  -79.62502    0.00027    0.00025          6  0.000e+00
      67692   2820.458    394.238    397.228    12.4290    12.4297   4.116538   4.116564     1.7436     1.4396     100.00   27.00010  -79.62502    0.00026    0.00025          6  0.000e+00
      67693   2820.500    394.291    397.282    12.4303    12.4333   4.116662   4.116869     1.7436     1.4396     100.00   27.00010  -79.62502    0.00025    0.00024          6  0.000e+00
      67694   2820.542    394.192    397.182    12.4303    12.4359   4.116675   4.117195     1.7424     1.4396     100.00   27.00010  -79.62502    0.00023    0.00022          6  0.000e+00
      67695   2820.583    394.184    397.175    12.4299    12.4368   4.116662   4.117354     1.7424     1.4396     100.00   27.00010  -79.62502    0.00021    0.00021          6  0.000e+00
      67696   2820.625    394.238    397.228    12.4299    12.4374   4.116668   4.117424     1.7436     1.4383     100.00   27.00010  -79.62502    0.00020    0.00019          6  0.000e+00
      67697   2820.667    394.184    397.175    12.4304    12.4362   4.116689   4.117320     1.7436     1.4396     100.00   27.00010  -79.62502    0.00019    0.00018          6  0.000e+00
      67698   2820.708    394.238    397.228    12.4316    12.4352   4.116778   4.117195     1.7436     1.4396     100.00   27.00010  -79.62502    0.00018    0.00016          6  0.000e+00
      67699   2820.750    394.192    397.182    12.4322    12.4349   4.116894   4.117188     1.7448     1.4383     100.00   27.00010  -79.62502    0.00019    0.00015          6  0.000e+00
      67700   2820.792    394.185    397.175    12.4327    12.4356   4.116915   4.117271     1.7436     1.4396     100.00   27.00012  -79.62502    0.00020    0.00015          6  0.000e+00
      67701   2820.833    394.185    397.175    12.4324    12.4375   4.116949   4.117493     1.7436     1.4396     100.00   27.00012  -79.62502    0.00020    0.00013          6  0.000e+00
      67702   2820.875    394.185    397.175    12.4316    12.4382   4.116867   4.117639     1.7436     1.4396     100.00   27.00012  -79.62502    0.00019    0.00012          6  0.000e+00
      67703   2820.917    394.238    397.228    12.4311    12.4387   4.116819   4.117750     1.7436     1.4396     100.00   27.00012  -79.62502    0.00018    0.00012          6  0.000e+00
      67704   2820.958    394.139    397.129    12.4304    12.4400   4.116696   4.117819     1.7436     1.4396     100.00   27.00012  -79.62502    0.00017    0.00010          6  0.000e+00
      67705   2821.000    394.185    397.175    12.4301    12.4399   4.116634   4.117868     1.7436     1.4396     100.00   27.00012  -79.62502    0.00016    0.00009          6  0.000e+00
      67706   2821.042    394.185    397.175    12.4301    12.4393   4.116689   4.117777     1.7436     1.4396     100.00   27.00012  -79.62502    0.00015    0.00007          6  0.000e+00
      67707   2821.083    394.124    397.114    12.4311    12.4385   4.116757   4.117680     1.7436     1.4396     100.00   27.00012  -79.62502    0.00014    0.00005          6  0.000e+00
      67708   2821.125    394.185    397.175    12.4319    12.4376   4.116860   4.117576     1.7436     1.4396     100.00   27.00012  -79.62502    0.00013    0.00003          6  0.000e+00
      67709   2821.167    394.124    397.114    12.4332    12.4370   4.116874   4.117528     1.7436     1.4396     100.00   27.00012  -79.62502    0.00013    0.00002          6  0.000e+00
      67710   2821.208    394.192    397.183    12.4324    12.4381   4.116778   4.117632     1.7436     1.4396     100.00   27.00012  -79.62502    0.00014   -0.00000          6  0.000e+00
      67711   2821.250    394.124    397.114    12.4308    12.4391   4.116792   4.117770     1.7436     1.4396     100.00   27.00012  -79.62502    0.00015   -0.00000          6  0.000e+00
      67712   2821.292    394.124    397.114    12.4306    12.4394   4.116853   4.117833     1.7436     1.4383     100.00   27.00012  -79.62502    0.00014   -0.00002          6  0.000e+00
      67713   2821.333    394.185    397.175    12.4306    12.4396   4.116915   4.117819     1.7436     1.4383     100.00   27.00012  -79.62502    0.00013   -0.00004          6  0.000e+00
      71539   2980.750    339.272    341.800    13.4924    13.4984   4.236302   4.237121     1.8486     1.5348     100.00   27.00092  -79.62586   -0.00009    0.00013          7  0.000e+00
      71540   2980.792    339.553    342.083    13.4918    13.4980   4.236295   4.237016     1.8474     1.5348     100.00   27.00092  -79.62586   -0.00010    0.00010          7  0.000e+00
      71541   2980.833    339.530    342.060    13.4918    13.4976   4.236268   4.236974     1.8474     1.5348     100.00   27.00092  -79.62586   -0.00011    0.00008          7  0.000e+00
      71542   2980.875    339.667    342.198    13.4916    13.4973   4.236199   4.236953     1.8474     1.5348     100.00   27.00092  -79.62586   -0.00013    0.00007          7  0.000e+00
      71543   2980.917    339.386    341.915    13.4912    13.4970   4.236185   4.236939     1.8474     1.5348     100.00   27.00092  -79.62586   -0.00013    0.00003          7  0.000e+00
      71544   2980.958    339.530    342.061    13.4908    13.4964   4.236102   4.236855     1.8486     1.5348     100.00   27.00092  -79.62586   -0.00012 -1.758e-07          7  0.000e+00
      71545   2981.000    339.553    342.084    13.4906    13.4960   4.236102   4.236806     1.8474     1.5348     100.00   27.00092  -79.62586   -0.00012   -0.00003          7  0.000e+00
      71546   2981.042    339.417    341.946    13.4902    13.4957   4.236053   4.236792     1.8486     1.5348     100.00   27.00092  -79.62586   -0.00010   -0.00007          7  0.000e+00
      71547   2981.083    339.667    342.198    13.4898    13.4958   4.235977   4.236799     1.8474     1.5348     100.00   27.00092  -79.62586   -0.00012   -0.00010          7  0.000e+00
      71548   2981.125    339.500    342.030    13.4896    13.4954   4.235935   4.236820     1.8474     1.5348     100.00   27.00092  -79.62586   -0.00012   -0.00012          7  0.000e+00
      71549   2981.167    339.584    342.114    13.4894    13.4952   4.235929   4.236750     1.8486     1.5348     100.00   27.00092  -79.62586   -0.00010   -0.00015          7  0.000e+00
      71550   2981.208    339.614    342.145    13.4893    13.4952   4.235901   4.236771     1.8486     1.5348     100.00   27.00092  -79.62586   -0.00008   -0.00018          7  0.000e+00
      71551   2981.250    339.553    342.084    13.4889    13.4953   4.235915   4.236799     1.8486     1.5348     100.00   27.00092  -79.62586   -0.00007   -0.00020          7  0.000e+00
      71552   2981.292    339.584    342.114    13.4889    13.4950   4.235866   4.236764     1.8474     1.5348     100.00   27.00092  -79.62586   -0.00008   -0.00023          7  0.000e+00
      71553   2981.333    339.614    342.145    13.4886    13.4941   4.235852   4.236623     1.8474     1.5348     100.00   27.00092  -79.62586   -0.00010   -0.00026          7  0.000e+00
      71554   2981.375    339.614    342.145    13.4887    13.4933   4.235852   4.236490     1.8486     1.5348     100.00   27.00092  -79.62586   -0.00008   -0.00030          7  0.000e+00
      71555   2981.417    339.584    342.114    13.4884    13.4924   4.235852   4.236406     1.8474     1.5348     100.00   27.00092  -79.62586   -0.00008   -0.00031          7  0.000e+00
      71556   2981.458    339.553    342.084    13.4886    13.4920   4.235825   4.236392     1.8486     1.5336     100.00   27.00092  -79.62586   -0.00006   -0.00034          7  0.000e+00
      71557   2981.500    339.644    342.176    13.4886    13.4916   4.235873   4.236336     1.8474     1.5348     100.00   27.00092  -79.62586   -0.00006   -0.00036          7  0.000e+00
      71558   2981.542    339.614    342.145    13.4884    13.4914   4.235832   4.236322     1.8474     1.5348     100.00   27.00092  -79.62586   -0.00008   -0.00037          7  0.000e+00
      71559   2981.583    339.614    342.145    13.4881    13.4912   4.235818   4.236266     1.8474     1.5348     100.00   27.00092  -79.62586   -0.00008   -0.00038          7  0.000e+00
      71560   2981.625    339.644    342.176    13.4877    13.4909   4.235762   4.236280     1.8474     1.5348     100.00   27.00092  -79.62586   -0.00008   -0.00041          7  0.000e+00
      71561   2981.667    339.667    342.199    13.4872    13.4902   4.235714   4.236231     1.8486     1.5348     100.00   27.00092  -79.62586   -0.00006   -0.00043          7  0.000e+00
      71562   2981.708    339.614    342.145    13.4871    13.4901   4.235735   4.236160     1.8486     1.5348     100.00   27.00092  -79.62586   -0.00004   -0.00044          7  0.000e+00
      71563   2981.750    339.698    342.229    13.4869    13.4898   4.235686   4.236167     1.8474     1.5348     100.00   27.00092  -79.62586   -0.00004   -0.00045          7  0.000e+00
      71564   2981.792    339.667    342.199    13.4867    13.4894   4.235693   4.236069     1.8474     1.5348     100.00   27.00092  -79.62586   -0.00004   -0.00048          7  0.000e+00
      71565   2981.833    339.720    342.252    13.4864    13.4891   4.235624   4.236027     1.8474     1.5348     100.00   27.00092  -79.62586   -0.00005   -0.00049          7  0.000e+00
      71566   2981.875    339.584    342.115    13.4866    13.4885   4.235659   4.236027     1.8474     1.5348     100.00   27.00092  -79.62586   -0.00005   -0.00050          7  0.000e+00
      71567   2981.917    339.720    342.252    13.4867    13.4884   4.235645   4.235999     1.8474     1.5348     100.00   27.00092  -79.62586   -0.00005   -0.00052          7  0.000e+00
      71568   2981.958    339.698    342.229    13.4867    13.4885   4.235638   4.236076     1.8486     1.5348     100.00   27.00092  -79.62586   -0.00003   -0.00053          7  0.000e+00
      71569   2982.000    339.720    342.252    13.4868    13.4891   4.235638   4.236069     1.8474     1.5336     100.00   27.00092  -79.62586   -0.00004   -0.00055          7  0.000e+00
      71570   2982.042    339.720    342.252    13.4865    13.4887   4.235638   4.236097     1.8474     1.5348     100.00   27.00092  -79.62586   -0.00006   -0.00056          7  0.000e+00
      71571   2982.083    339.645    342.176    13.4862    13.4884   4.235583   4.236020     1.8474     1.5348     100.00   27.00092  -79.62586   -0.00005   -0.00057          7  0.000e+00
      71572   2982.125    339.721    342.252    13.4863    13.4880   4.235562   4.236013     1.8474     1.5348     100.00   27.00092  -79.62586   -0.00007   -0.00058          7  0.000e+00
      71573   2982.167    339.721    342.252    13.4860    13.4886   4.235617   4.236027     1.8474     1.5348     100.00   27.00092  -79.62586   -0.00007   -0.00059          7  0.000e+00
      71574   2982.208    339.758    342.291    13.4857    13.4887   4.235500   4.236076     1.8474     1.5348     100.00   27.00092  -79.62586   -0.00008   -0.00060          7  0.000e+00
      71575   2982.250    339.721    342.252    13.4841    13.4891   4.235396   4.236132     1.8474     1.5348     100.00   27.00092  -79.62586   -0.00009   -0.00061          7  0.000e+00
      71576   2982.292    339.721    342.252    13.4841    13.4891   4.235382   4.236167     1.8474     1.5336     100.00   27.00092  -79.62586   -0.00009   -0.00063          7  0.000e+00
      71577   2982.333    339.759    342.291    13.4852    13.4890   4.235430   4.236090     1.8474     1.5336     100.00   27.00092  -79.62586   -0.00009   -0.00066          7  0.000e+00
      71578   2982.375    339.834    342.367    13.4847    13.4891   4.235430   4.236034     1.8474     1.5348     100.00   27.00092  -79.62586   -0.00008   -0.00064          7  0.000e+00
      71579   2982.417    339.645    342.176    13.4830    13.4888   4.235278   4.236055     1.8486     1.5348     100.00   27.00092  -79.62586   -0.00006   -0.00065          7  0.000e+00
      71580   2982.458    339.834    342.367    13.4822    13.4890   4.235174   4.236062     1.8474     1.5348     100.00   27.00092  -79.62586   -0.00005   -0.00065          7  0.000e+00
      71581   2982.500    339.781    342.314    13.4819    13.4887   4.235077   4.236041     1.8474     1.5348     100.00   27.00092  -79.62586   -0.00007   -0.00066          7  0.000e+00
      71582   2982.542    339.812    342.344    13.4814    13.4888   4.235029   4.236055     1.8474     1.5348     100.00   27.00092  -79.62586   -0.00008   -0.00066          7  0.000e+00
      71583   2982.583    339.721    342.253    13.4810    13.4887   4.235043   4.236013     1.8474     1.5348     100.00   27.00092  -79.62586   -0.00009   -0.00067          7  0.000e+00
      71584   2982.625    339.835    342.367    13.4810    13.4888   4.235022   4.235992     1.8474     1.5348     100.00   27.00092  -79.62586   -0.00009   -0.00065          7  0.000e+00
      71585   2982.667    339.812    342.344    13.4807    13.4882   4.234980   4.235908     1.8474     1.5348     100.00   27.00092  -79.62586   -0.00010   -0.00066          7  0.000e+00
      71586   2982.708    339.781    342.314    13.4810    13.4873   4.235001   4.235880     1.8474     1.5348     100.00   27.00092  -79.62586   -0.00011   -0.00064          7  0.000e+00
      71587   2982.750    339.835    342.367    13.4810    13.4872   4.234960   4.235859     1.8474     1.5348     100.00   27.00092  -79.62586   -0.00012   -0.00063          7  0.000e+00
      71588   2982.792    339.759    342.291    13.4807    13.4871   4.234967   4.235845     1.8474     1.5348     100.00   27.00094  -79.62586   -0.00014   -0.00063          7  0.000e+00
      71589   2982.833    339.835    342.367    13.4805    13.4865   4.234974   4.235740     1.8474     1.5348     100.00   27.00094  -79.62586   -0.00015   -0.00061          7  0.000e+00
      71590   2982.875    339.835    342.367    13.4805    13.4861   4.234946   4.235641     1.8474     1.5348     100.00   27.00094  -79.62586   -0.00014   -0.00059          7  0.000e+00
      71591   2982.917    339.873    342.406    13.4805    13.4852   4.235001   4.235543     1.8474     1.5348     100.00   27.00094  -79.62586   -0.00016   -0.00057          7  0.000e+00
