GOMECC/GOMECC-4/1db/rb2103_0231.cnv
* Sea-Bird SBE 9 Data File:
* FileName = C:\Users\scs.user.rb\CTD\GOMECC4\data\rb2103_0231.hex
* Software Version Seasave V 7.26.7.107
* Temperature SN = 4799
* Conductivity SN = 3860
* Number of Bytes Per Scan = 41
* Number of Voltage Words = 4
* Number of Scans Averaged by the Deck Unit = 1
* NMEA Latitude = 28 51.94 N
* NMEA Longitude = 085 55.30 W
* NMEA UTC (Time) = Sep 21 2021  03:02:09
* NMEA baud rate = 4800
# nquan = 28
# nvalues = 354                         
# units = specified
# name 0 = scan: Scan Count
# name 1 = timeS: Time, Elapsed [seconds]
# name 2 = depSM: Depth [salt water, m]
# name 3 = prDM: Pressure, Digiquartz [db]
# name 4 = t090C: Temperature [ITS-90, deg C]
# name 5 = t190C: Temperature, 2 [ITS-90, deg C]
# name 6 = c0S/m: Conductivity [S/m]
# name 7 = c1S/m: Conductivity, 2 [S/m]
# name 8 = sbeox0V: Oxygen raw, SBE 43 [V]
# name 9 = sbeox1V: Oxygen raw, SBE 43, 2 [V]
# name 10 = altM: Altimeter [m]
# name 11 = latitude: Latitude [deg]
# name 12 = longitude: Longitude [deg]
# name 13 = sbox0dV/dT: Oxygen, SBE 43 [dov/dt]
# name 14 = sbox1dV/dT: Oxygen, SBE 43, 2 [dov/dt]
# name 15 = sbeox0ML/L: Oxygen, SBE 43 [ml/l], WS = 5
# name 16 = sbeox1ML/L: Oxygen, SBE 43, 2 [ml/l], WS = 5
# name 17 = potemp090C: Potential Temperature [ITS-90, deg C]
# name 18 = potemp190C: Potential Temperature, 2 [ITS-90, deg C]
# name 19 = sal00: Salinity, Practical [PSU]
# name 20 = sal11: Salinity, Practical, 2 [PSU]
# name 21 = sigma-é00: Density [sigma-theta, kg/m^3]
# name 22 = sigma-é11: Density, 2 [sigma-theta, kg/m^3]
# name 23 = avgsvCM: Average Sound Velocity [Chen-Millero, m/s], minP = 20, minS = 20
# name 24 = sbox0Mm/Kg: Oxygen, SBE 43 [umol/kg], WS = 5
# name 25 = sbox1Mm/Kg: Oxygen, SBE 43, 2 [umol/kg], WS = 5
# name 26 = nbin: number of scans per bin
# name 27 = flag: flag
# span 0 =      21061,      67767       
# span 1 =    877.497,   2823.570       
# span 2 =      1.986,    245.195       
# span 3 =      2.000,    247.000       
# span 4 =    12.2038,    28.9328       
# span 5 =    12.2064,    28.9534       
# span 6 =   4.084020,   5.782293       
# span 7 =   4.084286,   5.782622       
# span 8 =     1.6770,     3.1373       
# span 9 =     1.3770,     2.6662       
# span 10 =      11.22,     100.82      
# span 11 =   28.85678,   29.05426      
# span 12 =  -86.50484,  -85.91560      
# span 13 =   -0.02971,    0.01900      
# span 14 =   -0.02741,    0.01817      
# span 15 =     2.4858,     4.4300      
# span 16 =     2.5216,     4.4626      
# span 17 =    12.1710,    28.9244      
# span 18 =    12.1748,    28.9449      
# span 19 =    34.6754,    36.5621      
# span 20 =    34.6766,    36.5629      
# span 21 =    21.9970,    26.9632      
# span 22 =    21.9975,    26.9628      
# span 23 =       0.00,    1557.58      
# span 24 =    108.100,    193.292      
# span 25 =    109.659,    194.540      
# span 26 =         30,         70      
# span 27 = 0.0000e+00, 0.0000e+00      
# interval = decibars: 1                
# start_time = Sep 21 2021 03:02:09 [NMEA time, header]
# bad_flag = -9.990e-29
*END*
      21061    877.497      4.966      5.000    28.4689    28.4719   5.626197   5.626775     3.1140     2.6516      99.91   28.86050  -85.92604   -0.00012   -0.00065     4.3845     4.4002    28.4677    28.4707    34.6766    34.6784    21.9980    21.9983       0.00    191.597    192.282         41 0.0000e+00
      21158    881.555      5.960      6.000    28.4726    28.4750   5.626792   5.627256     3.1169     2.6523      65.82   28.86050  -85.92604    0.00105    0.00020     4.3901     4.4020    28.4712    28.4735    34.6777    34.6792    21.9976    21.9980       0.00    191.840    192.360         39 0.0000e+00
      21230    884.540      6.953      7.000    28.4688    28.4709   5.626296   5.626711     3.1176     2.6503     100.82   28.86050  -85.92604    0.00027   -0.00005     4.3921     4.3986    28.4671    28.4692    34.6768    34.6781    21.9983    21.9986       0.00    191.930    192.212         39 0.0000e+00
      21308    887.812      7.946      8.000    28.4856    28.4861   5.629131   5.629572     3.1171     2.6466     100.00   28.86050  -85.92604    0.00035   -0.00137     4.3888     4.3904    28.4837    28.4841    34.6839    34.6852    21.9982    21.9990       0.00    191.783    191.856         60 0.0000e+00
      21369    890.351      8.939      9.000    28.4874    28.4884   5.629300   5.629612     3.1174     2.6478      99.45   28.86050  -85.92604   -0.00017    0.00009     4.3911     4.3930    28.4852    28.4863    34.6844    34.6855    21.9980    21.9985       0.00    191.887    191.968         66 0.0000e+00
      21433    892.990      9.933     10.000    28.4800    28.4816   5.628128   5.628494     3.1132     2.6502      94.62   28.86050  -85.92604   -0.00094    0.00101     4.3849     4.3992    28.4777    28.4792    34.6804    34.6817    21.9975    21.9980       0.00    191.614    192.240         60 0.0000e+00
      21491    895.433     10.926     11.000    28.4760    28.4775   5.627483   5.627844     3.1130     2.6504      98.18   28.86050  -85.92602   -0.00086    0.00059     4.3853     4.4004    28.4734    28.4749    34.6786    34.6800    21.9976    21.9981       0.00    191.631    192.292         56 0.0000e+00
      21542    897.541     11.919     12.000    28.4763    28.4766   5.627829   5.628332     3.1175     2.6487     100.02   28.86050  -85.92602    0.00079   -0.00105     4.3935     4.3976    28.4735    28.4737    34.6781    34.6792    21.9971    21.9979       0.00    191.993    192.168         46 0.0000e+00
      21595    899.757     12.912     13.000    28.4737    28.4731   5.627035   5.627040     3.1164     2.6495     100.00   28.86050  -85.92602    0.00100   -0.00003     4.3927     4.4000    28.4706    28.4700    34.6766    34.6770    21.9970    21.9975       0.00    191.956    192.275         62 0.0000e+00
      21648    901.957     13.906     14.000    28.4709    28.4713   5.626645   5.626843     3.1173     2.6477     100.00   28.86050  -85.92602   -0.00023   -0.00021     4.3953     4.3970    28.4676    28.4679    34.6756    34.6767    21.9973    21.9980       0.00    192.067    192.144         41 0.0000e+00
      21689    903.659     14.899     15.000    28.4677    28.4686   5.626318   5.626593     3.1154     2.6510     100.00   28.86049  -85.92602   -0.00034    0.00047     4.3924     4.4046    28.4641    28.4650    34.6754    34.6766    21.9982    21.9989       0.00    191.942    192.474         45 0.0000e+00
      21741    905.838     15.892     16.000    28.4713    28.4685   5.627081   5.626745     3.1128     2.6491     100.00   28.86048  -85.92602   -0.00082    0.00031     4.3878     4.4011    28.4675    28.4647    34.6778    34.6775    21.9989    21.9996       0.00    191.741    192.323         56 0.0000e+00
      21791    907.905     16.885     17.000    28.4882    28.4912   5.630081   5.630620     3.1121     2.6476     100.00   28.86048  -85.92602   -0.00113   -0.00128     4.3851     4.3961    28.4842    28.4872    34.6844    34.6869    21.9984    21.9992       0.00    191.625    192.104         41 0.0000e+00
      21834    909.701     17.878     18.000    28.5043    28.5070   5.633061   5.633275     3.1132     2.6486      86.46   28.86048  -85.92602    0.00030   -0.00027     4.3866     4.3985    28.5000    28.5027    34.6944    34.6971    22.0007    22.0018       0.00    191.690    192.209         44 0.0000e+00
      21882    911.693     18.871     19.000    28.5076    28.5075   5.633919   5.633907     3.1153     2.6472      99.90   28.86048  -85.92602    0.00073    0.00049     4.3906     4.3956    28.5031    28.5030    34.6970    34.6973    22.0016    22.0018       0.00    191.861    192.081         51 0.0000e+00
      21933    913.850     19.865     20.000    28.5300    28.5309   5.639067   5.638996     3.1147     2.6454     100.00   28.86048  -85.92602    0.00047   -0.00149     4.3878     4.3902    28.5253    28.5261    34.7154    34.7166    22.0081    22.0087     762.13    191.741    191.846         51 0.0000e+00
      21981    915.850     20.858     21.000    28.5337    28.5339   5.639837   5.639891     3.1140     2.6486     100.00   28.86048  -85.92602   -0.00047    0.00075     4.3870     4.3970    28.5287    28.5289    34.7185    34.7190    22.0093    22.0096    1557.58    191.703    192.140         44 0.0000e+00
      22026    917.691     21.851     22.000    28.5388    28.5371   5.641030   5.640607     3.1147     2.6479     100.00   28.86048  -85.92602   -0.00009    0.00062     4.3882     4.3957    28.5335    28.5319    34.7234    34.7217    22.0114    22.0107    1542.53    191.756    192.082         47 0.0000e+00
      22076    919.775     22.844     23.000    28.5736    28.5640   5.650074   5.647769     3.1148     2.6501     100.00   28.86048  -85.92602    0.00031    0.00054     4.3852     4.3977    28.5681    28.5586    34.7604    34.7514    22.0277    22.0241    1542.53    191.620    192.169         51 0.0000e+00
      22124    921.812     23.837     24.000    28.5907    28.5926   5.654732   5.655254     3.1076     2.6443     100.00   28.86048  -85.92602   -0.00098   -0.00048     4.3706     4.3839    28.5850    28.5868    34.7798    34.7821    22.0367    22.0379    1542.54    190.983    191.565         47 0.0000e+00
      22170    923.723     24.830     25.000    28.5926    28.5960   5.656176   5.656554     3.1080     2.6417     100.00   28.86048  -85.92602   -0.00224   -0.00249     4.3717     4.3789    28.5866    28.5900    34.7882    34.7891    22.0425    22.0420    1542.55    191.028    191.344         47 0.0000e+00
      22219    925.730     25.824     26.000    28.5798    28.5825   5.654863   5.655454     3.1064     2.6444     100.00   28.86048  -85.92602   -0.00080   -0.00050     4.3703     4.3857    28.5736    28.5763    34.7882    34.7902    22.0468    22.0474    1542.56    190.969    191.640         48 0.0000e+00
      22268    927.777     26.817     27.000    28.5636    28.5632   5.652470   5.652539     3.1081     2.6438     100.00   28.86048  -85.92602    0.00032    0.00104     4.3753     4.3867    28.5571    28.5567    34.7831    34.7839    22.0485    22.0492    1542.57    191.186    191.683         51 0.0000e+00
      22318    929.878     27.810     28.000    28.5418    28.5430   5.650148   5.650428     3.1079     2.6443     100.00   28.86048  -85.92602    0.00022   -0.00056     4.3772     4.3897    28.5351    28.5364    34.7827    34.7838    22.0554    22.0558    1542.58    191.266    191.813         48 0.0000e+00
      22365    931.815     28.803     29.000    28.5262    28.5266   5.648516   5.648718     3.1066     2.6454     100.00   28.86048  -85.92602   -0.00031    0.00102     4.3765     4.3936    28.5193    28.5197    34.7826    34.7837    22.0605    22.0612    1542.59    191.234    191.982         46 0.0000e+00
      22412    933.771     29.796     30.000    28.5060    28.5071   5.646119   5.646508     3.1060     2.6420     100.00   28.86048  -85.92602   -0.00065   -0.00133     4.3776     4.3888    28.4988    28.5001    34.7805    34.7823    22.0658    22.0668    1542.59    191.284    191.771         50 0.0000e+00
      22464    935.945     30.789     31.000    28.6492    28.6478   5.680269   5.680367     3.1122     2.6419     100.00   28.86048  -85.92601    0.00127   -0.00025     4.3751     4.3755    28.6417    28.6404    34.9117    34.9133    22.1170    22.1186    1542.60    191.163    191.180         50 0.0000e+00
      22509    937.849     31.783     32.000    28.7664    28.7681   5.707240   5.707677     3.1117     2.6384     100.00   28.86048  -85.92601    0.00207   -0.00100     4.3632     4.3578    28.7587    28.7604    35.0120    35.0138    22.1535    22.1543    1542.62    190.638    190.400         45 0.0000e+00
      22559    939.910     32.776     33.000    28.7751    28.7760   5.709614   5.709865     3.1049     2.6396      99.23   28.86048  -85.92600   -0.00217   -0.00030     4.3504     4.3601    28.7671    28.7681    35.0218    35.0228    22.1581    22.1586    1542.65    190.077    190.500         53 0.0000e+00
      22610    942.030     33.769     34.000    28.7972    28.7970   5.717812   5.717597     3.1059     2.6331     100.02   28.86048  -85.92600   -0.00144   -0.00125     4.3506     4.3452    28.7890    28.7889    35.0664    35.0653    22.1843    22.1835    1542.68    190.080    189.848         46 0.0000e+00
      22654    943.887     34.762     35.000    28.8414    28.8418   5.752472   5.751862     3.0972     2.6285      92.33   28.86047  -85.92600   -0.00102   -0.00291     4.3264     4.3281    28.8330    28.8334    35.2686    35.2641    22.3215    22.3180    1542.72    189.000    189.073         46 0.0000e+00
      22704    945.959     35.755     36.000    28.8509    28.8517   5.763108   5.763257     3.0847     2.6170      84.85   28.86047  -85.92600   -0.00618   -0.00424     4.3019     4.3030    28.8422    28.8430    35.3347    35.3352    22.3681    22.3682    1542.76    187.921    187.966         52 0.0000e+00
      22753    948.012     36.748     37.000    28.8524    28.8537   5.766900   5.767081     3.0823     2.6142     100.09   28.86046  -85.92600   -0.00295   -0.00361     4.2974     4.2970    28.8435    28.8448    35.3596    35.3598    22.3864    22.3861    1542.80    187.720    187.703         47 0.0000e+00
      22800    949.962     37.741     38.000    28.8457    28.8469   5.769979   5.770184     3.0751     2.6130     100.00   28.86046  -85.92600   -0.00252   -0.00076     4.2846     4.2949    28.8365    28.8378    35.3855    35.3860    22.4082    22.4082    1542.83    187.157    187.608         48 0.0000e+00
      22850    952.022     38.734     39.000    28.8224    28.8242   5.777391   5.777612     3.0714     2.6053     100.00   28.86046  -85.92600   -0.00278   -0.00206     4.2785     4.2800    28.8130    28.8148    35.4539    35.4540    22.4674    22.4669    1542.87    186.881    186.943         51 0.0000e+00
      22899    954.070     39.728     40.000    28.8089    28.8102   5.779833   5.780121     3.0659     2.5984     100.00   28.86046  -85.92600   -0.00198   -0.00392     4.2694     4.2669    28.7993    28.8006    35.4805    35.4815    22.4920    22.4923    1542.90    186.476    186.367         45 0.0000e+00
      22944    955.973     40.721     41.000    28.7649    28.7693   5.781569   5.781818     3.0604     2.5978     100.00   28.86046  -85.92600   -0.00272   -0.00191     4.2621     4.2679    28.7550    28.7594    35.5251    35.5235    22.5402    22.5376    1542.94    186.152    186.405         49 0.0000e+00
      22994    958.035     41.714     42.000    28.6390    28.6427   5.781870   5.782180     3.0506     2.5931     100.00   28.86046  -85.92600   -0.00422   -0.00152     4.2520     4.2657    28.6290    28.6326    35.6210    35.6205    22.6542    22.6526    1542.97    185.687    186.287         49 0.0000e+00
      23043    960.073     42.707     43.000    28.6135    28.6145   5.782293   5.782622     3.0524     2.5910     100.00   28.86046  -85.92600   -0.00182   -0.00155     4.2571     4.2634    28.6032    28.6042    35.6429    35.6444    22.6792    22.6801    1542.99    185.906    186.181         48 0.0000e+00
      23089    962.013     43.700     44.000    28.5681    28.5752   5.782068   5.782518     3.0503     2.5925      94.88   28.86046  -85.92600    0.00023   -0.00010     4.2565     4.2691    28.5576    28.5647    35.6748    35.6726    22.7184    22.7144    1543.02    185.875    186.424         46 0.0000e+00
      23138    964.044     44.693     45.000    28.4382    28.4442   5.776370   5.776863     3.0457     2.5906      94.41   28.86046  -85.92600   -0.00200   -0.00011     4.2569     4.2736    28.4275    28.4335    35.7329    35.7318    22.8051    22.8023    1543.04    185.875    186.603         53 0.0000e+00
      23189    966.176     45.686     46.000    28.2338    28.2474   5.764194   5.765345     3.0450     2.5882     100.08   28.86046  -85.92599   -0.00094   -0.00122     4.2703     4.2817    28.2221    28.2366    35.8027    35.8003    22.9254    22.9190    1543.05    186.437    186.936         46 0.0000e+00
      23234    968.049     46.679     47.000    27.8939    27.9017   5.738034   5.738833     3.0409     2.5844      87.02   28.86046  -85.92598   -0.00147   -0.00140     4.2869     4.2971    27.8829    27.8907    35.8764    35.8761    23.0922    23.0894    1543.05    187.133    187.576         47 0.0000e+00
      23284    970.116     47.672     48.000    27.6154    27.6240   5.713712   5.714642     3.0390     2.5827      88.81   28.86046  -85.92598   -0.00116   -0.00149     4.3041     4.3129    27.6042    27.6127    35.9172    35.9172    23.2138    23.2110    1543.04    187.861    188.244         50 0.0000e+00
      23333    972.147     48.665     49.000    27.4890    27.4970   5.702089   5.702986     3.0345     2.5788      99.78   28.86046  -85.92598   -0.00144   -0.00097     4.3058     4.3142    27.4776    27.4856    35.9314    35.9316    23.2656    23.2631    1543.02    187.924    188.292         50 0.0000e+00
      23383    974.231     49.658     50.000    27.2133    27.2241   5.678353   5.679399     3.0177     2.5589     100.00   28.86046  -85.92598   -0.00462   -0.00526     4.2950     4.2931    27.2018    27.2126    35.9744    35.9736    23.3871    23.3830    1543.00    187.429    187.351         46 0.0000e+00
      23426    976.055     50.651     51.000    26.9769    26.9877   5.657470   5.658574     3.0022     2.5535     100.00   28.86045  -85.92598   -0.00853   -0.00708     4.2840     4.2986    26.9652    26.9759    36.0056    36.0052    23.4866    23.4828    1542.96    186.931    187.572         47 0.0000e+00
      23481    978.333     51.644     52.000    26.8016    26.8083   5.641724   5.642515     2.9946     2.5512     100.00   28.86044  -85.92598   -0.00592   -0.00165     4.2831     4.3057    26.7897    26.7964    36.0303    36.0308    23.5613    23.5595    1542.91    186.878    187.868         56 0.0000e+00
      23527    980.244     52.637     53.000    26.6468    26.6549   5.627122   5.628082     2.9921     2.5492      99.95   28.86044  -85.92598   -0.00154   -0.00100     4.2903     4.3130    26.6347    26.6428    36.0453    36.0459    23.6219    23.6198    1542.87    187.182    188.173         38 0.0000e+00
      23569    982.013     53.630     54.000    26.4924    26.4969   5.612091   5.612743     2.9840     2.5415      99.96   28.86044  -85.92598   -0.00312   -0.00238     4.2872     4.3085    26.4802    26.4846    36.0568    36.0580    23.6797    23.6792    1542.82    187.036    187.969         53 0.0000e+00
      23628    984.469     54.623     55.000    26.3878    26.3953   5.602183   5.603084     2.9827     2.5384     100.00   28.86044  -85.92598   -0.00168   -0.00284     4.2930     4.3097    26.3753    26.3829    36.0666    36.0672    23.7203    23.7183    1542.77    187.283    188.011         51 0.0000e+00
