GOMECC/GOMECC-4/1db/rb2103_0111.cnv
* Sea-Bird SBE 9 Data File:
* FileName = C:\Users\scs.user.rb\CTD\GOMECC4\data\rb2103_0111.hex
* Software Version Seasave V 7.26.7.107
* Temperature SN = 4799
* Conductivity SN = 3860
* Number of Bytes Per Scan = 41
* Number of Voltage Words = 4
* Number of Scans Averaged by the Deck Unit = 1
* NMEA Latitude = 26 26.63 N
* NMEA Longitude = 085 20.00 W
* NMEA UTC (Time) = Sep 18 2021  04:11:12
* NMEA baud rate = 4800
# nquan = 28
# nvalues = 1113                        
# units = specified
# name 0 = scan: Scan Count
# name 1 = timeS: Time, Elapsed [seconds]
# name 2 = depSM: Depth [salt water, m]
# name 3 = prDM: Pressure, Digiquartz [db]
# name 4 = t090C: Temperature [ITS-90, deg C]
# name 5 = t190C: Temperature, 2 [ITS-90, deg C]
# name 6 = c0S/m: Conductivity [S/m]
# name 7 = c1S/m: Conductivity, 2 [S/m]
# name 8 = sbeox0V: Oxygen raw, SBE 43 [V]
# name 9 = sbeox1V: Oxygen raw, SBE 43, 2 [V]
# name 10 = altM: Altimeter [m]
# name 11 = latitude: Latitude [deg]
# name 12 = longitude: Longitude [deg]
# name 13 = sbox0dV/dT: Oxygen, SBE 43 [dov/dt]
# name 14 = sbox1dV/dT: Oxygen, SBE 43, 2 [dov/dt]
# name 15 = sbeox0ML/L: Oxygen, SBE 43 [ml/l], WS = 5
# name 16 = sbeox1ML/L: Oxygen, SBE 43, 2 [ml/l], WS = 5
# name 17 = potemp090C: Potential Temperature [ITS-90, deg C]
# name 18 = potemp190C: Potential Temperature, 2 [ITS-90, deg C]
# name 19 = sal00: Salinity, Practical [PSU]
# name 20 = sal11: Salinity, Practical, 2 [PSU]
# name 21 = sigma-é00: Density [sigma-theta, kg/m^3]
# name 22 = sigma-é11: Density, 2 [sigma-theta, kg/m^3]
# name 23 = avgsvCM: Average Sound Velocity [Chen-Millero, m/s], minP = 20, minS = 20
# name 24 = sbox0Mm/Kg: Oxygen, SBE 43 [umol/kg], WS = 5
# name 25 = sbox1Mm/Kg: Oxygen, SBE 43, 2 [umol/kg], WS = 5
# name 26 = nbin: number of scans per bin
# name 27 = flag: flag
# span 0 =      12224,     242778       
# span 1 =    509.303,  10115.705       
# span 2 =      1.987,   3268.666       
# span 3 =      2.000,   3316.000       
# span 4 =     4.2943,    29.7991       
# span 5 =     4.2952,    29.7553       
# span 6 =   3.348280,   5.946046       
# span 7 =   3.348210,   5.946389       
# span 8 =     1.6153,     3.2418       
# span 9 =     1.3190,     2.7636       
# span 10 =       9.80,     102.32      
# span 11 =   26.38808,   27.23741      
# span 12 =  -87.89354,  -85.15284      
# span 13 =   -0.03204,    0.02889      
# span 14 =   -0.03239,    0.02498      
# span 15 =     2.5739,     4.7476      
# span 16 =     2.6046,     4.7690      
# span 17 =     4.0798,    29.7986      
# span 18 =     4.0811,    29.7549      
# span 19 =    34.8948,    36.5450      
# span 20 =    34.8935,    36.5451      
# span 21 =    22.3280,    27.7591      
# span 22 =    22.3284,    27.7573      
# span 23 =       0.00,    1547.75      
# span 24 =    111.915,    207.113      
# span 25 =    113.250,    208.029      
# span 26 =         30,         73      
# span 27 = 0.0000e+00, 0.0000e+00      
# interval = decibars: 1                
# start_time = Sep 18 2021 04:11:12 [NMEA time, header]
# bad_flag = -9.990e-29
*END*
[from data line 1088]
     226618   9442.359     41.721     42.000    27.6283    27.1994   5.715940   5.682190     3.2418     2.7589      86.97   26.44358  -85.33188    0.00743    0.00260     4.6760     4.7027    27.6185    27.1897    35.9249    36.0151    23.2150    23.4216    1502.64    204.094    205.218         63 0.0000e+00
     226677   9444.814     40.728     41.000    27.8580    27.7125   5.735766   5.723191     3.2370     2.7619     100.23   26.44358  -85.33188   -0.00115    0.00101     4.6500     4.6709    27.8483    27.7029    35.8896    35.9121    23.1135    23.1778    1502.64    202.977    203.877         52 0.0000e+00
     226726   9446.855     39.735     40.000    27.9739    27.9026   5.746758   5.740428     3.2289     2.7567      66.64   26.44357  -85.33188   -0.00332   -0.00068     4.6236     4.6456    27.9645    27.8932    35.8808    35.8888    23.0688    23.0982    1502.64    201.832    202.790         49 0.0000e+00
     226787   9449.409     38.742     39.000    28.0796    28.0401   5.756910   5.753307     3.2269     2.7469      99.90   26.44358  -85.33188   -0.00151   -0.00333     4.6083     4.6154    28.0703    28.0309    35.8673    35.8744    23.0240    23.0426    1502.64    201.177    201.481         71 0.0000e+00
     226849   9451.992     37.748     38.000    28.3728    28.3416   5.778870   5.776491     3.2245     2.7428      86.12   26.44358  -85.33188   -0.00189   -0.00370     4.5841     4.5845    28.3637    28.3326    35.8021    35.8089    22.8782    22.8936    1502.64    200.149    200.160         48 0.0000e+00
     226894   9453.867     36.755     37.000    28.7205    28.5999   5.805440   5.796230     3.2197     2.7353      75.33   26.44357  -85.33188   -0.00018   -0.00137     4.5486     4.5534    28.7116    28.5911    35.7251    35.7546    22.7049    22.7689    1502.64    198.630    198.825         49 0.0000e+00
     226956   9456.455     35.761     36.000    28.7617    28.6792   5.808961   5.802135     3.1971     2.7203     100.87   26.44357  -85.33188   -0.00758   -0.00609     4.5039     4.5140    28.7530    28.6705    35.7189    35.7332    22.6865    22.7247    1502.64    196.684    197.115         67 0.0000e+00
     227012   9458.789     34.768     35.000    28.9339    28.7651   5.821525   5.807814     3.1950     2.7194     100.00   26.44356  -85.33188   -0.00372   -0.00110     4.4857     4.5058    28.9246    28.7568    35.6921    35.7068    22.6091    22.6753    1502.64    195.903    196.770         46 0.0000e+00
     227065   9461.002     33.775     34.000    28.9752    28.9169   5.827482   5.821487     3.1875     2.7170     100.00   26.44356  -85.33187   -0.00165   -0.00109     4.4692     4.4908    28.9670    28.9086    35.6881    35.6899    22.5919    22.6127    1502.64    195.185    196.121         64 0.0000e+00
     227126   9463.555     32.782     33.000    28.9900    28.9840   5.823700   5.822506     3.1787     2.7047     100.00   26.44356  -85.33188   -0.00427   -0.00445     4.4525     4.4618    28.9781    28.9762    35.6543    35.6554    22.5628    22.5645    1502.64    194.460    194.866         51 0.0000e+00
     227176   9465.618     31.788     32.000    29.0091    28.9906   5.822534   5.821488     3.1758     2.7037     100.00   26.44356  -85.33187   -0.00194   -0.00144     4.4458     4.4582    29.0013    28.9828    35.6289    35.6356    22.5359    22.5472    1502.64    194.174    194.713         56 0.0000e+00
     227238   9468.203     30.795     31.000    29.0291    29.0224   5.824627   5.824117     3.1698     2.6952     100.00   26.44356  -85.33186   -0.00223   -0.00303     4.4329     4.4383    29.0216    29.0149    35.6286    35.6301    22.5289    22.5323    1502.64    193.613    193.847         60 0.0000e+00
     227289   9470.336     29.802     30.000    29.0711    29.0527   5.826697   5.825720     3.1676     2.6920     100.00   26.44356  -85.33186   -0.00170   -0.00231     4.4262     4.4292    29.0620    29.0454    35.6133    35.6188    22.5038    22.5136    1502.64    193.322    193.454         49 0.0000e+00
     227345   9472.677     28.808     29.000    29.1196    29.1008   5.831915   5.829897     3.1652     2.6867     100.00   26.44355  -85.33186   -0.00066   -0.00142     4.4169     4.4150    29.1125    29.0937    35.6120    35.6121    22.4859    22.4923    1502.64    192.922    192.836         62 0.0000e+00
     227404   9475.137     27.815     28.000    29.1447    29.1289   5.833765   5.832456     3.1593     2.6860      96.76   26.44354  -85.33186   -0.00224   -0.00205     4.4044     4.4108    29.1379    29.1221    35.6074    35.6101    22.4739    22.4813    1502.64    192.377    192.657         55 0.0000e+00
     227458   9477.378     26.822     27.000    29.1576    29.1441   5.834800   5.833781     3.1527     2.6842      98.61   26.44356  -85.33186   -0.00286    0.00091     4.3905     4.4058    29.1510    29.1376    35.6042    35.6072    22.4671    22.4739    1502.64    191.770    192.439         52 0.0000e+00
     227510   9479.548     25.829     26.000    29.1595    29.1511   5.834844   5.834212     3.1489     2.6769      99.95   26.44355  -85.33186   -0.00213   -0.00333     4.3830     4.3901    29.1531    29.1448    35.6034    35.6050    22.4658    22.4699    1502.64    191.444    191.753         57 0.0000e+00
     227573   9482.157     24.835     25.000    29.1613    29.1549   5.834791   5.834452     3.1496     2.6773      95.48   26.44356  -85.33186   -0.00044   -0.00039     4.3835     4.3903    29.1552    29.1488    35.6020    35.6042    22.4641    22.4679    1502.64    191.466    191.761         61 0.0000e+00
     227626   9484.395     23.842     24.000    29.1597    29.1555   5.834275   5.834151     3.1485     2.6772      99.96   26.44356  -85.33186    0.00008    0.00023     4.3810     4.3894    29.1539    29.1497    35.5996    35.6021    22.4628    22.4660    1502.64    191.357    191.725         51 0.0000e+00
     232396   9683.124     15.895     16.000    29.3655    29.3881   5.882008   5.882481     3.1792     2.7007     100.61   26.71490  -86.20750    0.00004   -0.00027     4.4172     4.4266    29.3616    29.3842    35.8666    35.8977    22.6417    22.6617    1518.06    192.943    193.350         41 0.0000e+00
     230122   9588.393     14.901     15.000    29.1101    29.1112   5.820632   5.820888     3.1469     2.6717     100.00   26.44354  -85.33183   -0.00008   -0.00003     4.3788     4.3785    29.1065    29.1076    35.5454    35.5464    22.4380    22.4384    1502.64    191.265    191.250         44 0.0000e+00
     230226   9592.724     13.908     14.000    29.1089    29.1011   5.819798   5.818166     3.1459     2.6743     100.00   26.44354  -85.33183   -0.00009    0.00016     4.3767     4.3839    29.1055    29.0978    35.5408    35.5332    22.4349    22.4317    1502.64    191.176    191.488         30 0.0000e+00
     233421   9725.814      4.967      5.000    28.9419    28.9469   5.775641   5.777762     3.1393     2.6676      98.48   26.42695  -85.27826    0.00026    0.00018     4.3764     4.3801    28.9402    28.9456    35.3527    35.3633    22.3455    22.3516    1501.70    191.175    191.335         41 0.0000e+00
     235307   9804.400      3.974      4.000    28.9317    28.9296   5.773529   5.774384     3.1414     2.6686      76.93   26.44354  -85.33178   -0.00019   -0.00002     4.3816     4.3838    28.9307    28.9286    35.3563    35.3603    22.3548    22.3585    1502.64    191.405    191.498         35 0.0000e+00
     242778  10115.705      1.987      2.000    29.7991    29.7553   5.946046   5.946389     3.2357     2.7524      91.48   27.23741  -87.89354    0.00023    0.00111     4.5121     4.5219    29.7986    29.7549    36.4135    36.3586    23.0230    22.9877    1547.75    197.106    197.531         41 0.0000e+00
