GOMECC/GOMECC-4/1db/rb2103_0661.ros
* Sea-Bird SBE 9 Data File:
* FileName = C:\Users\scs.user.rb\CTD\GOMECC4\data\rb2103_0661.hex
* Software Version Seasave V 7.26.7.107
* Temperature SN = 4799
* Conductivity SN = 3860
* Number of Bytes Per Scan = 41
* Number of Voltage Words = 4
* Number of Scans Averaged by the Deck Unit = 1
* NMEA Latitude = 26 03.55 N
* NMEA Longitude = 096 04.91 W
* NMEA UTC (Time) = Oct 02 2021  23:29:35
* NMEA baud rate = 4800
# nquan = 17
# nvalues = 3059                                  
# units = specified
# name 0 = scan: Scan Count
# name 1 = timeS: Time, Elapsed [seconds]
# name 2 = depSM: Depth [salt water, m]
# name 3 = prDM: Pressure, Digiquartz [db]
# name 4 = t090C: Temperature [ITS-90, deg C]
# name 5 = t190C: Temperature, 2 [ITS-90, deg C]
# name 6 = c0S/m: Conductivity [S/m]
# name 7 = c1S/m: Conductivity, 2 [S/m]
# name 8 = sbeox0V: Oxygen raw, SBE 43 [V]
# name 9 = sbeox1V: Oxygen raw, SBE 43, 2 [V]
# name 10 = altM: Altimeter [m]
# name 11 = latitude: Latitude [deg]
# name 12 = longitude: Longitude [deg]
# name 13 = sbox0dV/dT: Oxygen, SBE 43 [dov/dt]
# name 14 = sbox1dV/dT: Oxygen, SBE 43, 2 [dov/dt]
# name 15 = nbf: Bottles Fired
# name 16 = flag:  0.000e+00
# interval = seconds: 0.0416667
# start_time = Oct 02 2021 23:29:35 [NMEA time, header]
# bad_flag = -9.990e-29
*END*
[from data line 2979]
     108339   4514.083      3.487      3.510    29.3991    29.3859   5.824302   5.822814     3.1502     2.6728      29.33   26.06044  -96.08124    0.00083    0.00036         23  0.000e+00
     108340   4514.125      3.487      3.510    29.3991    29.3860   5.824278   5.822846     3.1514     2.6740      29.33   26.06044  -96.08124    0.00084    0.00038         23  0.000e+00
     108341   4514.167      3.487      3.510    29.3991    29.3862   5.824270   5.822910     3.1514     2.6740      29.33   26.06044  -96.08124    0.00084    0.00040         23  0.000e+00
     108342   4514.208      3.487      3.510    29.3994    29.3866   5.824341   5.822982     3.1514     2.6740      29.33   26.06044  -96.08124    0.00085    0.00042         23  0.000e+00
     108343   4514.250      3.487      3.510    29.3991    29.3873   5.824333   5.823038     3.1514     2.6740      29.33   26.06044  -96.08124    0.00085    0.00045         23  0.000e+00
     108344   4514.292      3.480      3.503    29.3993    29.3877   5.824278   5.823159     3.1502     2.6728      29.33   26.06044  -96.08124    0.00083    0.00045         23  0.000e+00
     108345   4514.333      3.487      3.510    29.3991    29.3894   5.824302   5.823231     3.1514     2.6728      42.39   26.06044  -96.08124    0.00084    0.00047         23  0.000e+00
     108346   4514.375      3.487      3.510    29.3991    29.3907   5.824318   5.823383     3.1502     2.6728      86.23   26.06044  -96.08124    0.00080    0.00047         23  0.000e+00
     108347   4514.417      3.487      3.510    29.3991    29.3916   5.824278   5.823535     3.1514     2.6728     100.00   26.06044  -96.08124    0.00080    0.00047         23  0.000e+00
     108348   4514.458      3.440      3.462    29.3992    29.3929   5.824231   5.823679     3.1514     2.6728     100.00   26.06044  -96.08124    0.00080    0.00046         23  0.000e+00
     108349   4514.500      3.487      3.510    29.3990    29.3941   5.824294   5.823751     3.1502     2.6728     100.00   26.06044  -96.08124    0.00078    0.00046         23  0.000e+00
     108350   4514.542      3.487      3.510    29.3991    29.3948   5.824278   5.823799     3.1502     2.6716     100.00   26.06044  -96.08124    0.00075    0.00044         23  0.000e+00
     108351   4514.583      3.433      3.456    29.3991    29.3949   5.824310   5.823815     3.1502     2.6716      99.98   26.06044  -96.08124    0.00073    0.00044         23  0.000e+00
     108352   4514.625      3.487      3.510    29.3995    29.3948   5.824278   5.823743     3.1502     2.6703     100.00   26.06044  -96.08124    0.00071    0.00042         23  0.000e+00
     108353   4514.667      3.440      3.463    29.3990    29.3940   5.824302   5.823647     3.1514     2.6703     100.00   26.06044  -96.08124    0.00070    0.00040         23  0.000e+00
     108354   4514.708      3.440      3.463    29.3990    29.3929   5.824246   5.823567     3.1502     2.6703     100.00   26.06044  -96.08124    0.00068    0.00039         23  0.000e+00
     108355   4514.750      3.440      3.463    29.3990    29.3922   5.824223   5.823423     3.1502     2.6691     100.00   26.06044  -96.08124    0.00066    0.00035         23  0.000e+00
     108356   4514.792      3.440      3.463    29.3986    29.3918   5.824223   5.823343     3.1514     2.6691     100.00   26.06044  -96.08124    0.00066    0.00032         23  0.000e+00
     108357   4514.833      3.440      3.463    29.3984    29.3907   5.824183   5.823303     3.1514     2.6679     100.00   26.06044  -96.08124    0.00065    0.00027         23  0.000e+00
     108358   4514.875      3.434      3.456    29.3982    29.3899   5.824136   5.823295     3.1514     2.6679     100.00   26.06044  -96.08124    0.00065    0.00022         23  0.000e+00
     108359   4514.917      3.393      3.415    29.3984    29.3892   5.824167   5.823255     3.1514     2.6679     100.00   26.06044  -96.08124    0.00064    0.00017         23  0.000e+00
     108360   4514.958      3.440      3.463    29.3984    29.3887   5.824175   5.823207     3.1514     2.6679     100.00   26.06044  -96.08124    0.00062    0.00013         23  0.000e+00
     108361   4515.000      3.393      3.415    29.3986    29.3883   5.824207   5.823086     3.1514     2.6679     100.00   26.06044  -96.08124    0.00061    0.00008         23  0.000e+00
     108362   4515.042      3.393      3.415    29.3990    29.3881   5.824223   5.823126     3.1514     2.6679     100.00   26.06044  -96.08124    0.00060    0.00004         23  0.000e+00
     108363   4515.083      3.393      3.415    29.3990    29.3881   5.824254   5.823110     3.1514     2.6667     100.00   26.06044  -96.08124    0.00059   -0.00002         23  0.000e+00
     108364   4515.125      3.393      3.415    29.3993    29.3879   5.824231   5.823062     3.1514     2.6667     100.00   26.06044  -96.08124    0.00056   -0.00007         23  0.000e+00
     108365   4515.167      3.387      3.409    29.3990    29.3875   5.824254   5.822982     3.1514     2.6667     100.00   26.06044  -96.08124    0.00055   -0.00013         23  0.000e+00
     108366   4515.208      3.339      3.361    29.3988    29.3868   5.824159   5.822918     3.1514     2.6654     100.00   26.06044  -96.08124    0.00052   -0.00022         23  0.000e+00
     108367   4515.250      3.393      3.416    29.3975    29.3864   5.824128   5.822886     3.1502     2.6679     100.00   26.06044  -96.08124    0.00047   -0.00027         23  0.000e+00
     108368   4515.292      3.339      3.361    29.3967    29.3866   5.824057   5.822974     3.1514     2.6654     100.00   26.06044  -96.08124    0.00044   -0.00037         23  0.000e+00
     108369   4515.333      3.339      3.361    29.3964    29.3874   5.823993   5.823038     3.1514     2.6667     100.00   26.06044  -96.08124    0.00041   -0.00046         23  0.000e+00
     108370   4515.375      3.339      3.361    29.3962    29.3881   5.823914   5.823086     3.1514     2.6679     100.00   26.06044  -96.08124    0.00038   -0.00052         23  0.000e+00
     108371   4515.417      3.394      3.416    29.3951    29.3881   5.823843   5.823102     3.1514     2.6654     100.00   26.06044  -96.08124    0.00034   -0.00062         23  0.000e+00
     108372   4515.458      3.285      3.307    29.3949    29.3879   5.823835   5.823062     3.1514     2.6679     100.00   26.06044  -96.08124    0.00031   -0.00069         23  0.000e+00
     108373   4515.500      3.394      3.416    29.3944    29.3877   5.823764   5.823054     3.1514     2.6654     100.00   26.06044  -96.08124    0.00027   -0.00079         23  0.000e+00
     108374   4515.542      3.292      3.314    29.3947    29.3877   5.823740   5.823014     3.1514     2.6679     100.00   26.06044  -96.08124    0.00023   -0.00085         23  0.000e+00
     108375   4515.583      3.340      3.361    29.3945    29.3871   5.823717   5.822966     3.1514     2.6667     100.00   26.06044  -96.08124    0.00021   -0.00093         23  0.000e+00
     108376   4515.625      3.292      3.314    29.3936    29.3868   5.823693   5.822958     3.1514     2.6679     100.00   26.06044  -96.08124    0.00017   -0.00099         23  0.000e+00
     108377   4515.667      3.340      3.362    29.3927    29.3870   5.823654   5.822958     3.1514     2.6679     100.00   26.06044  -96.08124    0.00015   -0.00105         23  0.000e+00
     108378   4515.708      3.340      3.362    29.3927    29.3870   5.823606   5.822958     3.1514     2.6679     100.00   26.06044  -96.08124    0.00012   -0.00110         23  0.000e+00
     108379   4515.750      3.286      3.307    29.3925    29.3868   5.823598   5.823006     3.1514     2.6679     100.00   26.06044  -96.08124    0.00010   -0.00116         23  0.000e+00
     108380   4515.792      3.340      3.362    29.3926    29.3870   5.823527   5.823006     3.1514     2.6679     100.00   26.06044  -96.08124    0.00009   -0.00122         23  0.000e+00
     108381   4515.833      3.292      3.314    29.3923    29.3870   5.823535   5.822966     3.1514     2.6679     100.00   26.06044  -96.08124    0.00008   -0.00128         23  0.000e+00
     108382   4515.875      3.293      3.314    29.3921    29.3870   5.823511   5.822958     3.1514     2.6679     100.00   26.06044  -96.08124    0.00008   -0.00133         23  0.000e+00
     108383   4515.917      3.293      3.314    29.3918    29.3868   5.823480   5.823030     3.1514     2.6679     100.00   26.06044  -96.08124    0.00005   -0.00139         23  0.000e+00
     108384   4515.958      3.340      3.362    29.3918    29.3868   5.823527   5.823054     3.1514     2.6679     100.00   26.06044  -96.08124    0.00004   -0.00144         23  0.000e+00
     108385   4516.000      3.293      3.314    29.3919    29.3868   5.823511   5.822982     3.1502     2.6679     100.00   26.06044  -96.08124    0.00003   -0.00150         23  0.000e+00
     108386   4516.042      3.333      3.355    29.3919    29.3870   5.823574   5.822990     3.1502     2.6679     100.00   26.06044  -96.08124    0.00001   -0.00155         23  0.000e+00
     108387   4516.083      3.293      3.314    29.3918    29.3870   5.823598   5.823006     3.1502     2.6679     100.00   26.06044  -96.08124   -0.00002   -0.00160         23  0.000e+00
     108388   4516.125      3.293      3.314    29.3923    29.3871   5.823559   5.823006     3.1502     2.6679     100.00   26.06044  -96.08124   -0.00003   -0.00165         23  0.000e+00
     108389   4516.167      3.293      3.314    29.3928    29.3874   5.823622   5.823006     3.1502     2.6679     100.00   26.06044  -96.08124   -0.00004   -0.00169         23  0.000e+00
     108390   4516.208      3.293      3.314    29.3930    29.3873   5.823574   5.822966     3.1490     2.6679     100.00   26.06044  -96.08124   -0.00008   -0.00172         23  0.000e+00
     108391   4516.250      3.340      3.362    29.3928    29.3870   5.823582   5.822934     3.1490     2.6679     100.00   26.06044  -96.08124   -0.00011   -0.00175         23  0.000e+00
     108392   4516.292      3.286      3.308    29.3928    29.3866   5.823606   5.822910     3.1490     2.6679     100.00   26.06044  -96.08124   -0.00013   -0.00178         23  0.000e+00
     108393   4516.333      3.340      3.362    29.3930    29.3849   5.823567   5.822910     3.1490     2.6679     100.00   26.06044  -96.08124   -0.00015   -0.00181         23  0.000e+00
     108394   4516.375      3.293      3.315    29.3930    29.3842   5.823622   5.822838     3.1490     2.6679     100.00   26.06044  -96.08124   -0.00016   -0.00184         23  0.000e+00
     108395   4516.417      3.293      3.315    29.3931    29.3834   5.823574   5.822742     3.1490     2.6679     100.00   26.06044  -96.08124   -0.00018   -0.00185         23  0.000e+00
     108396   4516.458      3.341      3.362    29.3919    29.3830   5.823551   5.822678     3.1502     2.6679     100.00   26.06044  -96.08124   -0.00018   -0.00185         23  0.000e+00
     108397   4516.500      3.341      3.362    29.3918    29.3831   5.823551   5.822630     3.1502     2.6691     100.00   26.06044  -96.08124   -0.00017   -0.00184         23  0.000e+00
     108398   4516.542      3.341      3.362    29.3921    29.3829   5.823551   5.822654     3.1502     2.6679     100.00   26.06044  -96.08124   -0.00015   -0.00185         23  0.000e+00
     108399   4516.583      3.334      3.356    29.3919    29.3833   5.823480   5.822598     3.1502     2.6679     100.00   26.06044  -96.08124   -0.00016   -0.00185         23  0.000e+00
     108400   4516.625      3.341      3.363    29.3914    29.3834   5.823456   5.822606     3.1502     2.6679     100.00   26.06044  -96.08124   -0.00016   -0.00185         23  0.000e+00
     108401   4516.667      3.341      3.363    29.3915    29.3836   5.823503   5.822694     3.1502     2.6667     100.00   26.06044  -96.08124   -0.00016   -0.00187         23  0.000e+00
     108402   4516.708      3.395      3.417    29.3909    29.3834   5.823401   5.822622     3.1502     2.6654     100.00   26.06044  -96.08124   -0.00016   -0.00191         23  0.000e+00
     108403   4516.750      3.395      3.417    29.3897    29.3829   5.823322   5.822614     3.1502     2.6667     100.00   26.06044  -96.08124   -0.00018   -0.00192         23  0.000e+00
     108404   4516.792      3.341      3.363    29.3899    29.3829   5.823274   5.822550     3.1502     2.6667     100.00   26.06044  -96.08124   -0.00018   -0.00193         23  0.000e+00
     108405   4516.833      3.395      3.417    29.3897    29.3823   5.823156   5.822558     3.1502     2.6654     100.00   26.06044  -96.08124   -0.00018   -0.00196         23  0.000e+00
     108406   4516.875      3.334      3.356    29.3893    29.3823   5.823156   5.822502     3.1502     2.6654     100.00   26.06044  -96.08124   -0.00018   -0.00197         23  0.000e+00
     108407   4516.917      3.442      3.465    29.3888    29.3829   5.823132   5.822622     3.1502     2.6654     100.00   26.06044  -96.08124   -0.00018   -0.00200         23  0.000e+00
     108408   4516.958      3.341      3.363    29.3888    29.3877   5.823053   5.823102     3.1490     2.6654     100.00   26.06044  -96.08124   -0.00019   -0.00202         23  0.000e+00
     108409   4517.000      3.443      3.465    29.3883    29.3914   5.822958   5.823487     3.1502     2.6667     100.00   26.06044  -96.08124   -0.00019   -0.00202         23  0.000e+00
     108410   4517.042      3.443      3.465    29.3877    29.3933   5.822982   5.823575     3.1490     2.6679     100.00   26.06044  -96.08124   -0.00023   -0.00200         23  0.000e+00
     108411   4517.083      3.395      3.418    29.3894    29.3907   5.823164   5.823182     3.1490     2.6654     100.00   26.06044  -96.08124   -0.00026   -0.00202         23  0.000e+00
     108412   4517.125      3.443      3.465    29.3915    29.3860   5.823503   5.822798     3.1490     2.6654     100.00   26.06044  -96.08124   -0.00029   -0.00203         23  0.000e+00
     108413   4517.167      3.436      3.458    29.3936    29.3842   5.823669   5.822718     3.1490     2.6654     100.00   26.06044  -96.08124   -0.00032   -0.00205         23  0.000e+00
     108414   4517.208      3.490      3.513    29.3940    29.3859   5.823725   5.822942     3.1490     2.6679     100.00   26.06044  -96.08124   -0.00036   -0.00202         23  0.000e+00
     108415   4517.250      3.443      3.465    29.3932    29.3890   5.823669   5.823287     3.1490     2.6667     100.00   26.06044  -96.08124   -0.00039   -0.00201         23  0.000e+00
     108416   4517.292      3.490      3.513    29.3925    29.3912   5.823646   5.823487     3.1477     2.6654     100.00   26.06044  -96.08124   -0.00044   -0.00202         23  0.000e+00
     108417   4517.333      3.490      3.513    29.3932    29.3933   5.823828   5.823743     3.1477     2.6654     100.00   26.06044  -96.08124   -0.00047   -0.00202         23  0.000e+00
     108418   4517.375      3.490      3.513    29.3957    29.3948   5.824033   5.823847     3.1477     2.6679     100.00   26.06044  -96.08124   -0.00051   -0.00199         23  0.000e+00
