GOMECC/GOMECC-4/1db/rb2103_0241.ros
* Sea-Bird SBE 9 Data File:
* FileName = C:\Users\scs.user.rb\CTD\GOMECC4\data\rb2103_0241.hex
* Software Version Seasave V 7.26.7.107
* Temperature SN = 4799
* Conductivity SN = 3860
* Number of Bytes Per Scan = 41
* Number of Voltage Words = 4
* Number of Scans Averaged by the Deck Unit = 1
* NMEA Latitude = 28 41.35 N
* NMEA Longitude = 086 03.85 W
* NMEA UTC (Time) = Sep 21 2021  05:37:15
* NMEA baud rate = 4800
# nquan = 17
# nvalues = 1729                                  
# units = specified
# name 0 = scan: Scan Count
# name 1 = timeS: Time, Elapsed [seconds]
# name 2 = depSM: Depth [salt water, m]
# name 3 = prDM: Pressure, Digiquartz [db]
# name 4 = t090C: Temperature [ITS-90, deg C]
# name 5 = t190C: Temperature, 2 [ITS-90, deg C]
# name 6 = c0S/m: Conductivity [S/m]
# name 7 = c1S/m: Conductivity, 2 [S/m]
# name 8 = sbeox0V: Oxygen raw, SBE 43 [V]
# name 9 = sbeox1V: Oxygen raw, SBE 43, 2 [V]
# name 10 = altM: Altimeter [m]
# name 11 = latitude: Latitude [deg]
# name 12 = longitude: Longitude [deg]
# name 13 = sbox0dV/dT: Oxygen, SBE 43 [dov/dt]
# name 14 = sbox1dV/dT: Oxygen, SBE 43, 2 [dov/dt]
# name 15 = nbf: Bottles Fired
# name 16 = flag:  0.000e+00
# interval = seconds: 0.0416667
# start_time = Sep 21 2021 05:37:15 [NMEA time, header]
# bad_flag = -9.990e-29
*END*
[from data line 596]
      34586   1441.042    188.386    189.744    14.0850    14.0846   4.298998   4.299001     1.8327     1.5177     100.00   28.68924  -86.06312    0.00006   -0.00006          5  0.000e+00
      34587   1441.083    188.348    189.706    14.0850    14.0844   4.299033   4.299022     1.8327     1.5189     100.00   28.68924  -86.06312    0.00008   -0.00005          5  0.000e+00
      34588   1441.125    188.386    189.744    14.0851    14.0844   4.299068   4.299058     1.8327     1.5177     100.00   28.68924  -86.06312    0.00006   -0.00006          5  0.000e+00
      34589   1441.167    188.325    189.683    14.0848    14.0846   4.299040   4.299008     1.8327     1.5177     100.00   28.68924  -86.06312    0.00004   -0.00007          5  0.000e+00
      34590   1441.208    188.408    189.767    14.0852    14.0844   4.299040   4.299050     1.8327     1.5177     100.00   28.68924  -86.06312    0.00004   -0.00008          5  0.000e+00
      34591   1441.250    188.325    189.683    14.0848    14.0846   4.299012   4.299008     1.8327     1.5177     100.00   28.68924  -86.06312    0.00004   -0.00008          5  0.000e+00
      34592   1441.292    188.408    189.767    14.0850    14.0846   4.299061   4.299022     1.8327     1.5189     100.00   28.68924  -86.06312    0.00004   -0.00008          5  0.000e+00
      34593   1441.333    188.386    189.744    14.0850    14.0844   4.299019   4.299036     1.8327     1.5189     100.00   28.68924  -86.06312    0.00004   -0.00007          5  0.000e+00
      34594   1441.375    188.325    189.683    14.0848    14.0844   4.298998   4.299001     1.8327     1.5189     100.00   28.68924  -86.06312    0.00004   -0.00006          5  0.000e+00
      34595   1441.417    188.408    189.767    14.0850    14.0846   4.299033   4.298994     1.8339     1.5189     100.00   28.68924  -86.06312    0.00006   -0.00003          5  0.000e+00
      34596   1441.458    188.325    189.683    14.0849    14.0842   4.299068   4.299022     1.8327     1.5177     100.00   28.68924  -86.06312    0.00006   -0.00002          5  0.000e+00
      34597   1441.500    188.386    189.744    14.0850    14.0846   4.299054   4.299036     1.8327     1.5189     100.00   28.68924  -86.06312    0.00005   -0.00002          5  0.000e+00
      34598   1441.542    188.408    189.767    14.0848    14.0842   4.299047   4.299036     1.8327     1.5189     100.00   28.68924  -86.06312    0.00007   -0.00001          5  0.000e+00
      34599   1441.583    188.325    189.683    14.0850    14.0844   4.299047   4.299001     1.8327     1.5177     100.00   28.68924  -86.06312    0.00007 -8.792e-07          5  0.000e+00
      34600   1441.625    188.386    189.744    14.0848    14.0842   4.299033   4.298994     1.8339     1.5189     100.00   28.68924  -86.06312    0.00009    0.00001          5  0.000e+00
      34601   1441.667    188.348    189.706    14.0848    14.0844   4.299012   4.299022     1.8327     1.5189     100.00   28.68924  -86.06312    0.00009    0.00001          5  0.000e+00
      34602   1441.708    188.386    189.744    14.0846    14.0842   4.299005   4.299001     1.8327     1.5189     100.00   28.68924  -86.06312    0.00008    0.00002          5  0.000e+00
      34603   1441.750    188.408    189.767    14.0842    14.0842   4.298977   4.298994     1.8327     1.5189     100.00   28.68924  -86.06312    0.00008    0.00003          5  0.000e+00
      34604   1441.792    188.325    189.683    14.0841    14.0844   4.298991   4.298994     1.8327     1.5189     100.00   28.68924  -86.06312    0.00008    0.00005          5  0.000e+00
      34605   1441.833    188.386    189.744    14.0841    14.0840   4.299033   4.299022     1.8339     1.5189     100.00   28.68924  -86.06312    0.00010    0.00008          5  0.000e+00
      34606   1441.875    188.409    189.767    14.0841    14.0842   4.299012   4.299036     1.8327     1.5189     100.00   28.68924  -86.06312    0.00010    0.00008          5  0.000e+00
      34607   1441.917    188.325    189.683    14.0841    14.0840   4.299005   4.299036     1.8327     1.5189     100.00   28.68924  -86.06312    0.00010    0.00009          5  0.000e+00
      34608   1441.958    188.386    189.744    14.0843    14.0844   4.299026   4.299001     1.8327     1.5189     100.00   28.68924  -86.06312    0.00009    0.00010          5  0.000e+00
      34609   1442.000    188.348    189.706    14.0842    14.0840   4.299012   4.299022     1.8327     1.5189     100.00   28.68924  -86.06312    0.00009    0.00012          5  0.000e+00
      34610   1442.042    188.386    189.744    14.0845    14.0840   4.299005   4.298973     1.8327     1.5189     100.00   28.68924  -86.06312    0.00007    0.00014          5  0.000e+00
      34611   1442.083    188.386    189.744    14.0843    14.0842   4.299026   4.298980     1.8339     1.5189     100.00   28.68924  -86.06312    0.00007    0.00017          5  0.000e+00
      34612   1442.125    188.348    189.706    14.0846    14.0840   4.299012   4.299022     1.8327     1.5189     100.00   28.68924  -86.06312    0.00007    0.00017          5  0.000e+00
      34613   1442.167    188.386    189.744    14.0846    14.0840   4.299005   4.298980     1.8327     1.5189     100.00   28.68924  -86.06312    0.00007    0.00018          5  0.000e+00
      34614   1442.208    188.348    189.706    14.0848    14.0842   4.299005   4.298959     1.8327     1.5189     100.00   28.68924  -86.06312    0.00008    0.00018          5  0.000e+00
      34615   1442.250    188.386    189.744    14.0843    14.0842   4.298998   4.298980     1.8327     1.5189     100.00   28.68924  -86.06312    0.00008    0.00018          5  0.000e+00
      34616   1442.292    188.325    189.683    14.0845    14.0840   4.298977   4.298966     1.8339     1.5189     100.00   28.68924  -86.06312    0.00010    0.00021          5  0.000e+00
      34617   1442.333    188.409    189.767    14.0840    14.0839   4.298991   4.298980     1.8327     1.5189     100.00   28.68924  -86.06312    0.00009    0.00021          5  0.000e+00
      34618   1442.375    188.325    189.683    14.0843    14.0836   4.299005   4.298994     1.8327     1.5189     100.00   28.68924  -86.06312    0.00009    0.00023          5  0.000e+00
      34619   1442.417    188.386    189.744    14.0843    14.0837   4.298998   4.298966     1.8327     1.5189     100.00   28.68924  -86.06312    0.00009    0.00025          5  0.000e+00
      34620   1442.458    188.348    189.706    14.0841    14.0836   4.298998   4.298931     1.8327     1.5189     100.00   28.68924  -86.06312    0.00009    0.00028          5  0.000e+00
      34621   1442.500    188.325    189.683    14.0838    14.0837   4.298977   4.298923     1.8327     1.5189     100.00   28.68924  -86.06312    0.00007    0.00030          5  0.000e+00
      34622   1442.542    188.386    189.745    14.0841    14.0837   4.298991   4.298923     1.8327     1.5189     100.00   28.68924  -86.06312    0.00006    0.00030          5  0.000e+00
      34623   1442.583    188.348    189.706    14.0840    14.0834   4.298998   4.298923     1.8327     1.5189     100.00   28.68924  -86.06312    0.00006    0.00030          5  0.000e+00
      34624   1442.625    188.325    189.684    14.0838    14.0836   4.299005   4.298895     1.8327     1.5189     100.00   28.68924  -86.06312    0.00006    0.00032          5  0.000e+00
      34625   1442.667    188.386    189.745    14.0831    14.0837   4.299005   4.298909     1.8339     1.5189     100.00   28.68924  -86.06312    0.00009    0.00035          5  0.000e+00
      34626   1442.708    188.295    189.653    14.0831    14.0839   4.298998   4.298895     1.8327     1.5189     100.00   28.68924  -86.06312    0.00009    0.00035          5  0.000e+00
      34627   1442.750    188.386    189.745    14.0836    14.0840   4.298998   4.298909     1.8339     1.5189     100.00   28.68924  -86.06312    0.00010    0.00037          5  0.000e+00
      34628   1442.792    188.348    189.706    14.0839    14.0840   4.299005   4.298945     1.8327     1.5189     100.00   28.68924  -86.06312    0.00010    0.00037          5  0.000e+00
      34629   1442.833    188.386    189.745    14.0838    14.0840   4.299061   4.298931     1.8327     1.5189     100.00   28.68924  -86.06312    0.00010    0.00037          5  0.000e+00
      34630   1442.875    188.326    189.684    14.0836    14.0837   4.299019   4.298973     1.8327     1.5189     100.00   28.68924  -86.06312    0.00009    0.00038          5  0.000e+00
      34631   1442.917    188.348    189.706    14.0833    14.0839   4.298998   4.298966     1.8327     1.5189     100.00   28.68924  -86.06312    0.00009    0.00038          5  0.000e+00
      34632   1442.958    188.326    189.684    14.0835    14.0837   4.299033   4.298930     1.8327     1.5189     100.00   28.68924  -86.06312    0.00009    0.00040          5  0.000e+00
      34633   1443.000    188.386    189.745    14.0835    14.0839   4.299005   4.298973     1.8327     1.5189     100.00   28.68924  -86.06312    0.00008    0.00040          5  0.000e+00
      34634   1443.042    188.295    189.653    14.0838    14.0836   4.299033   4.299050     1.8327     1.5189     100.00   28.68924  -86.06312    0.00008    0.00040          5  0.000e+00
      34635   1443.083    188.386    189.745    14.0835    14.0839   4.299012   4.299043     1.8327     1.5189     100.00   28.68924  -86.06312    0.00008    0.00040          5  0.000e+00
      34636   1443.125    188.326    189.684    14.0833    14.0839   4.299033   4.299036     1.8327     1.5189     100.00   28.68924  -86.06312    0.00007    0.00040          5  0.000e+00
      34637   1443.167    188.295    189.653    14.0835    14.0839   4.299033   4.299057     1.8327     1.5189     100.00   28.68924  -86.06312    0.00005    0.00040          5  0.000e+00
      34638   1443.208    188.386    189.745    14.0838    14.0839   4.299040   4.299043     1.8327     1.5189     100.00   28.68924  -86.06312    0.00005    0.00040          5  0.000e+00
      34639   1443.250    188.348    189.707    14.0845    14.0840   4.299047   4.299036     1.8327     1.5189     100.00   28.68924  -86.06312    0.00005    0.00040          5  0.000e+00
      34640   1443.292    188.326    189.684    14.0845    14.0844   4.299068   4.299086     1.8327     1.5189     100.00   28.68924  -86.06312    0.00004    0.00040          5  0.000e+00
      34641   1443.333    188.326    189.684    14.0849    14.0847   4.299075   4.299022     1.8327     1.5189     100.00   28.68924  -86.06312    0.00004    0.00039          5  0.000e+00
      34642   1443.375    188.348    189.707    14.0850    14.0851   4.299054   4.299022     1.8327     1.5189     100.00   28.68924  -86.06312    0.00003    0.00039          5  0.000e+00
      34643   1443.417    188.326    189.684    14.0850    14.0854   4.299068   4.299057     1.8327     1.5189     100.00   28.68924  -86.06312    0.00003    0.00041          5  0.000e+00
      34644   1443.458    188.326    189.684    14.0850    14.0854   4.299082   4.299093     1.8327     1.5189     100.00   28.68924  -86.06312    0.00003    0.00041          5  0.000e+00
      34645   1443.500    188.349    189.707    14.0851    14.0856   4.299103   4.299107     1.8327     1.5189     100.00   28.68924  -86.06312    0.00002    0.00040          5  0.000e+00
      34646   1443.542    188.386    189.745    14.0855    14.0854   4.299089   4.299107     1.8327     1.5189     100.00   28.68924  -86.06312    0.00002    0.00040          5  0.000e+00
      34647   1443.583    188.273    189.630    14.0852    14.0856   4.299082   4.299107     1.8327     1.5189     100.00   28.68924  -86.06312    0.00002    0.00040          5  0.000e+00
      34648   1443.625    188.409    189.768    14.0855    14.0856   4.299075   4.299107     1.8327     1.5189     100.00   28.68924  -86.06312    0.00001    0.00039          5  0.000e+00
      34649   1443.667    188.326    189.684    14.0855    14.0854   4.299137   4.299128     1.8327     1.5189     100.00   28.68924  -86.06312    0.00001    0.00039          5  0.000e+00
      34650   1443.708    188.349    189.707    14.0857    14.0857   4.299096   4.299114     1.8327     1.5189     100.00   28.68924  -86.06312    0.00001    0.00038          5  0.000e+00
      34651   1443.750    188.326    189.684    14.0855    14.0854   4.299103   4.299107     1.8327     1.5189     100.00   28.68924  -86.06312    0.00000    0.00038          5  0.000e+00
      34652   1443.792    188.386    189.745    14.0855    14.0854   4.299082   4.299163     1.8327     1.5189     100.00   28.68924  -86.06312 -7.034e-07    0.00037          5  0.000e+00
      34653   1443.833    188.349    189.707    14.0857    14.0853   4.299138   4.299121     1.8327     1.5189     100.00   28.68924  -86.06312   -0.00002    0.00037          5  0.000e+00
      34654   1443.875    188.326    189.684    14.0854    14.0854   4.299124   4.299079     1.8339     1.5189     100.00   28.68924  -86.06312   -0.00001    0.00036          5  0.000e+00
      37092   1545.458    158.959    160.094    15.3608    15.3439   4.447948   4.446208     1.9096     1.5885     100.00   28.68924  -86.06310    0.00167    0.00055          6  0.000e+00
      37093   1545.500    158.580    159.712    15.3605    15.3447   4.447955   4.446365     1.9096     1.5885     100.00   28.68924  -86.06310    0.00166    0.00055          6  0.000e+00
      37094   1545.542    158.792    159.926    15.3611    15.3459   4.447955   4.446544     1.9096     1.5885     100.00   28.68924  -86.06310    0.00164    0.00052          6  0.000e+00
      37095   1545.583    158.853    159.987    15.3612    15.3469   4.447976   4.446701     1.9096     1.5885     100.00   28.68924  -86.06310    0.00164    0.00052          6  0.000e+00
      37096   1545.625    158.739    159.872    15.3609    15.3488   4.447990   4.446773     1.9096     1.5885     100.00   28.68924  -86.06310    0.00161    0.00052          6  0.000e+00
      37097   1545.667    158.807    159.941    15.3614    15.3495   4.448032   4.446780     1.9109     1.5885     100.00   28.68924  -86.06310    0.00161    0.00051          6  0.000e+00
      37098   1545.708    158.792    159.926    15.3618    15.3500   4.448032   4.446694     1.9096     1.5885     100.00   28.68924  -86.06310    0.00160    0.00050          6  0.000e+00
      37099   1545.750    158.739    159.872    15.3618    15.3529   4.448032   4.446608     1.9096     1.5885     100.00   28.68924  -86.06310    0.00158    0.00050          6  0.000e+00
      37100   1545.792    158.792    159.926    15.3619    15.3536   4.448054   4.446558     1.9096     1.5885     100.00   28.68924  -86.06310    0.00156    0.00049          6  0.000e+00
      37101   1545.833    158.807    159.941    15.3621    15.3536   4.448096   4.446494     1.9096     1.5873     100.00   28.68924  -86.06310    0.00155    0.00048          6  0.000e+00
      37102   1545.875    158.792    159.926    15.3622    15.3530   4.448089   4.446501     1.9096     1.5873     100.00   28.68924  -86.06310    0.00154    0.00045          6  0.000e+00
      37103   1545.917    158.739    159.873    15.3622    15.3520   4.448068   4.446601     1.9109     1.5885     100.00   28.68924  -86.06310    0.00154    0.00045          6  0.000e+00
      37104   1545.958    158.755    159.888    15.3625    15.3502   4.448096   4.446544     1.9096     1.5885     100.00   28.68924  -86.06310    0.00151    0.00044          6  0.000e+00
      37105   1546.000    158.792    159.926    15.3629    15.3489   4.448075   4.446515     1.9096     1.5885     100.00   28.68924  -86.06310    0.00146    0.00043          6  0.000e+00
      37106   1546.042    158.792    159.926    15.3627    15.3493   4.448096   4.446601     1.9096     1.5873     100.00   28.68924  -86.06310    0.00143    0.00042          6  0.000e+00
