GOMECC/GOMECC-4/1db/rb2103_1291.ros
* Sea-Bird SBE 9 Data File:
* FileName = C:\Users\scs.user.rb\CTD\GOMECC4\data\rb2103_1291.hex
* Software Version Seasave V 7.26.7.107
* Temperature SN = 4799
* Conductivity SN = 3860
* Number of Bytes Per Scan = 41
* Number of Voltage Words = 4
* Number of Scans Averaged by the Deck Unit = 1
* NMEA Latitude = 26 57.28 N
* NMEA Longitude = 082 45.08 W
* NMEA UTC (Time) = Oct 19 2021  09:01:59
* NMEA baud rate = 4800
# nquan = 17
# nvalues = 399                                   
# units = specified
# name 0 = scan: Scan Count
# name 1 = timeS: Time, Elapsed [seconds]
# name 2 = depSM: Depth [salt water, m]
# name 3 = prDM: Pressure, Digiquartz [db]
# name 4 = t090C: Temperature [ITS-90, deg C]
# name 5 = t190C: Temperature, 2 [ITS-90, deg C]
# name 6 = c0S/m: Conductivity [S/m]
# name 7 = c1S/m: Conductivity, 2 [S/m]
# name 8 = sbeox0V: Oxygen raw, SBE 43 [V]
# name 9 = sbeox1V: Oxygen raw, SBE 43, 2 [V]
# name 10 = altM: Altimeter [m]
# name 11 = latitude: Latitude [deg]
# name 12 = longitude: Longitude [deg]
# name 13 = sbox0dV/dT: Oxygen, SBE 43 [dov/dt]
# name 14 = sbox1dV/dT: Oxygen, SBE 43, 2 [dov/dt]
# name 15 = nbf: Bottles Fired
# name 16 = flag:  0.000e+00
# interval = seconds: 0.0416667
# start_time = Oct 19 2021 09:01:59 [NMEA time, header]
# bad_flag = -9.990e-29
*END*
      15501    645.833     22.249     22.398    28.5121    28.5138   5.822171   5.822481     3.1233     2.6349       4.10   26.95502  -82.75144    0.00008   -0.00208          1  0.000e+00
      15502    645.875     21.600     21.744    28.5118    28.5140   5.822218   5.822528     3.1233     2.6349       4.10   26.95502  -82.75144    0.00003   -0.00209          1  0.000e+00
      15503    645.917     21.850     21.996    28.5121    28.5138   5.822202   5.822552     3.1233     2.6349       4.10   26.95502  -82.75144   -0.00001   -0.00210          1  0.000e+00
      15504    645.958     21.796     21.941    28.5121    28.5144   5.822266   5.822552     3.1233     2.6349       4.10   26.95502  -82.75144   -0.00006   -0.00211          1  0.000e+00
      15505    646.000     21.850     21.996    28.5119    28.5147   5.822218   5.822552     3.1233     2.6349       4.10   26.95502  -82.75144   -0.00009   -0.00212          1  0.000e+00
      15506    646.042     21.803     21.948    28.5121    28.5144   5.822194   5.822552     3.1233     2.6361       4.10   26.95502  -82.75144   -0.00013   -0.00209          1  0.000e+00
      15507    646.083     21.891     22.037    28.5121    28.5146   5.822155   5.822584     3.1245     2.6361       4.10   26.95502  -82.75144   -0.00016   -0.00206          1  0.000e+00
      15508    646.125     21.803     21.948    28.5118    28.5147   5.822179   5.822576     3.1245     2.6374       4.10   26.95502  -82.75144   -0.00018   -0.00201          1  0.000e+00
      15509    646.167     21.897     22.044    28.5121    28.5146   5.822226   5.822552     3.1245     2.6374       4.10   26.95502  -82.75144   -0.00019   -0.00196          1  0.000e+00
      15510    646.208     21.796     21.941    28.5121    28.5145   5.822242   5.822552     3.1245     2.6386       4.10   26.95502  -82.75144   -0.00022   -0.00187          1  0.000e+00
      15511    646.250     21.897     22.044    28.5121    28.5146   5.822171   5.822552     3.1245     2.6386       4.10   26.95502  -82.75144   -0.00023   -0.00178          1  0.000e+00
      15512    646.292     21.803     21.948    28.5123    28.5144   5.822179   5.822552     3.1245     2.6386       4.10   26.95502  -82.75144   -0.00023   -0.00169          1  0.000e+00
      15513    646.333     21.843     21.989    28.5124    28.5141   5.822202   5.822584     3.1245     2.6386       4.10   26.95502  -82.75144   -0.00026   -0.00160          1  0.000e+00
      15514    646.375     21.850     21.996    28.5123    28.5142   5.822195   5.822528     3.1258     2.6386       4.10   26.95502  -82.75144   -0.00025   -0.00151          1  0.000e+00
      15515    646.417     21.850     21.996    28.5123    28.5143   5.822226   5.822576     3.1245     2.6386       4.10   26.95502  -82.75144   -0.00026   -0.00144          1  0.000e+00
      15516    646.458     21.843     21.989    28.5123    28.5142   5.822242   5.822560     3.1258     2.6386       4.10   26.95502  -82.75144   -0.00025   -0.00136          1  0.000e+00
      15517    646.500     21.850     21.996    28.5123    28.5141   5.822202   5.822552     3.1245     2.6386       4.10   26.95502  -82.75144   -0.00025   -0.00129          1  0.000e+00
      15518    646.542     21.850     21.996    28.5120    28.5142   5.822195   5.822528     3.1258     2.6398       4.10   26.95502  -82.75144   -0.00024   -0.00119          1  0.000e+00
      15519    646.583     21.891     22.037    28.5121    28.5142   5.822226   5.822504     3.1258     2.6398       4.10   26.95502  -82.75144   -0.00023   -0.00110          1  0.000e+00
      15520    646.625     21.850     21.996    28.5123    28.5143   5.822202   5.822576     3.1258     2.6398       4.10   26.95502  -82.75144   -0.00022   -0.00100          1  0.000e+00
      15521    646.667     21.850     21.996    28.5121    28.5142   5.822266   5.822600     3.1258     2.6398       4.13   26.95502  -82.75144   -0.00021   -0.00091          1  0.000e+00
      15522    646.708     21.850     21.996    28.5123    28.5143   5.822218   5.822600     3.1258     2.6398       4.10   26.95502  -82.75144   -0.00020   -0.00081          1  0.000e+00
      15523    646.750     21.891     22.037    28.5122    28.5142   5.822226   5.822560     3.1258     2.6386       4.10   26.95502  -82.75144   -0.00017   -0.00073          1  0.000e+00
      15524    646.792     21.850     21.996    28.5121    28.5144   5.822250   5.822512     3.1258     2.6386       4.08   26.95502  -82.75144   -0.00016   -0.00067          1  0.000e+00
      15525    646.833     21.897     22.044    28.5125    28.5143   5.822210   5.822536     3.1270     2.6386       4.05   26.95502  -82.75144   -0.00013   -0.00061          1  0.000e+00
      15526    646.875     21.843     21.989    28.5125    28.5146   5.822266   5.822480     3.1258     2.6386       4.08   26.95502  -82.75144   -0.00012   -0.00055          1  0.000e+00
      15527    646.917     21.897     22.044    28.5125    28.5145   5.822250   5.822560     3.1258     2.6386       4.08   26.95502  -82.75144   -0.00011   -0.00049          1  0.000e+00
      15528    646.958     21.850     21.996    28.5125    28.5144   5.822242   5.822560     3.1258     2.6386       4.05   26.95502  -82.75144   -0.00010   -0.00044          1  0.000e+00
      15529    647.000     21.891     22.037    28.5125    28.5145   5.822202   5.822528     3.1258     2.6386       4.05   26.95502  -82.75144   -0.00009   -0.00038          1  0.000e+00
      15530    647.042     21.897     22.044    28.5125    28.5146   5.822226   5.822576     3.1258     2.6386       4.05   26.95502  -82.75144   -0.00008   -0.00033          1  0.000e+00
      15531    647.083     21.897     22.044    28.5121    28.5144   5.822242   5.822528     3.1258     2.6386       4.08   26.95502  -82.75144   -0.00007   -0.00029          1  0.000e+00
      15532    647.125     21.843     21.989    28.5125    28.5143   5.822242   5.822536     3.1258     2.6386       4.08   26.95502  -82.75144   -0.00006   -0.00024          1  0.000e+00
      15533    647.167     21.897     22.044    28.5125    28.5146   5.822202   5.822552     3.1258     2.6386       4.05   26.95502  -82.75144   -0.00005   -0.00020          1  0.000e+00
      15534    647.208     21.897     22.044    28.5122    28.5145   5.822155   5.822512     3.1258     2.6386       4.08   26.95502  -82.75144   -0.00004   -0.00015          1  0.000e+00
      15535    647.250     21.891     22.037    28.5125    28.5144   5.822218   5.822536     3.1258     2.6374       4.08   26.95502  -82.75144   -0.00003   -0.00012          1  0.000e+00
      15536    647.292     21.897     22.044    28.5125    28.5142   5.822250   5.822552     3.1258     2.6386       4.08   26.95502  -82.75144   -0.00004   -0.00008          1  0.000e+00
      15537    647.333     21.897     22.044    28.5123    28.5145   5.822242   5.822552     3.1245     2.6374       4.05   26.95502  -82.75144   -0.00004   -0.00005          1  0.000e+00
      15538    647.375     21.891     22.037    28.5123    28.5144   5.822274   5.822552     3.1245     2.6386       4.05   26.95502  -82.75144   -0.00005   -0.00000          1  0.000e+00
      15539    647.417     21.897     22.044    28.5124    28.5145   5.822218   5.822552     3.1245     2.6386       4.05   26.95502  -82.75144   -0.00006    0.00004          1  0.000e+00
      15540    647.458     21.897     22.044    28.5123    28.5144   5.822266   5.822568     3.1245     2.6386       4.05   26.95502  -82.75144   -0.00008    0.00009          1  0.000e+00
      15541    647.500     21.843     21.989    28.5121    28.5143   5.822250   5.822592     3.1245     2.6386       4.08   26.95502  -82.75144   -0.00009    0.00013          1  0.000e+00
      15542    647.542     21.952     22.098    28.5123    28.5146   5.822242   5.822528     3.1233     2.6386       4.08   26.95502  -82.75144   -0.00011    0.00020          1  0.000e+00
      15543    647.583     21.897     22.044    28.5121    28.5146   5.822242   5.822536     3.1245     2.6398       4.05   26.95502  -82.75144   -0.00011    0.00028          1  0.000e+00
      15544    647.625     21.897     22.044    28.5124    28.5143   5.822242   5.822552     3.1245     2.6398       4.05   26.95502  -82.75144   -0.00014    0.00036          1  0.000e+00
      15545    647.667     21.891     22.037    28.5123    28.5146   5.822202   5.822552     3.1245     2.6398       4.05   26.95502  -82.75144   -0.00016    0.00044          1  0.000e+00
      15546    647.708     21.897     22.044    28.5121    28.5141   5.822195   5.822584     3.1245     2.6398       4.08   26.95502  -82.75144   -0.00018    0.00052          1  0.000e+00
      15547    647.750     21.897     22.044    28.5119    28.5144   5.822242   5.822560     3.1245     2.6398       4.05   26.95502  -82.75144   -0.00020    0.00061          1  0.000e+00
      15548    647.792     21.891     22.037    28.5121    28.5143   5.822281   5.822584     3.1245     2.6398       4.03   26.95504  -82.75144   -0.00021    0.00069          1  0.000e+00
      15549    647.833     21.952     22.098    28.5120    28.5142   5.822218   5.822528     3.1245     2.6398       4.03   26.95504  -82.75144   -0.00023    0.00077          1  0.000e+00
      15550    647.875     21.897     22.044    28.5121    28.5144   5.822266   5.822576     3.1245     2.6398       4.03   26.95504  -82.75144   -0.00025    0.00085          1  0.000e+00
      15551    647.917     21.891     22.037    28.5121    28.5143   5.822250   5.822576     3.1245     2.6398       4.03   26.95504  -82.75144   -0.00028    0.00093          1  0.000e+00
      15552    647.958     21.952     22.098    28.5121    28.5146   5.822242   5.822520     3.1245     2.6398       4.03   26.95504  -82.75144   -0.00030    0.00101          1  0.000e+00
      15553    648.000     21.897     22.044    28.5123    28.5141   5.822242   5.822536     3.1245     2.6386       4.03   26.95504  -82.75144   -0.00032    0.00108          1  0.000e+00
      15554    648.042     21.891     22.037    28.5120    28.5142   5.822242   5.822552     3.1258     2.6386       4.03   26.95504  -82.75144   -0.00032    0.00113          1  0.000e+00
      15555    648.083     21.952     22.098    28.5121    28.5144   5.822242   5.822625     3.1245     2.6386       4.03   26.95504  -82.75144   -0.00035    0.00117          1  0.000e+00
      15556    648.125     21.850     21.996    28.5119    28.5143   5.822202   5.822608     3.1258     2.6386       4.03   26.95504  -82.75144   -0.00035    0.00122          1  0.000e+00
      15557    648.167     21.891     22.037    28.5123    28.5146   5.822226   5.822560     3.1258     2.6386       4.03   26.95504  -82.75144   -0.00034    0.00127          1  0.000e+00
      15558    648.208     21.952     22.098    28.5121    28.5143   5.822202   5.822625     3.1258     2.6386       4.03   26.95504  -82.75144   -0.00035    0.00129          1  0.000e+00
      15559    648.250     21.897     22.044    28.5121    28.5144   5.822242   5.822576     3.1258     2.6386       4.03   26.95504  -82.75144   -0.00033    0.00132          1  0.000e+00
      15560    648.292     21.891     22.037    28.5122    28.5143   5.822242   5.822625     3.1258     2.6386       4.03   26.95504  -82.75144   -0.00032    0.00135          1  0.000e+00
      15561    648.333     21.897     22.044    28.5121    28.5144   5.822202   5.822552     3.1258     2.6374       4.03   26.95504  -82.75144   -0.00031    0.00136          1  0.000e+00
      15562    648.375     21.897     22.044    28.5121    28.5144   5.822266   5.822576     3.1258     2.6374       4.03   26.95504  -82.75144   -0.00030    0.00137          1  0.000e+00
      15563    648.417     21.897     22.044    28.5123    28.5143   5.822218   5.822528     3.1258     2.6374       4.03   26.95504  -82.75144   -0.00030    0.00137          1  0.000e+00
      15564    648.458     21.891     22.037    28.5123    28.5144   5.822266   5.822576     3.1270     2.6374       4.03   26.95504  -82.75144   -0.00027    0.00136          1  0.000e+00
      15565    648.500     21.952     22.098    28.5122    28.5145   5.822250   5.822601     3.1258     2.6374       4.03   26.95504  -82.75144   -0.00026    0.00135          1  0.000e+00
      15566    648.542     21.850     21.996    28.5125    28.5144   5.822242   5.822528     3.1270     2.6374       4.03   26.95504  -82.75144   -0.00023    0.00134          1  0.000e+00
      15567    648.583     21.938     22.084    28.5123    28.5144   5.822274   5.822576     3.1258     2.6374       4.03   26.95504  -82.75144   -0.00022    0.00132          1  0.000e+00
      15568    648.625     21.897     22.044    28.5123    28.5145   5.822250   5.822560     3.1270     2.6374       4.03   26.95504  -82.75144   -0.00020    0.00129          1  0.000e+00
      15569    648.667     21.850     21.996    28.5123    28.5144   5.822202   5.822512     3.1258     2.6374       4.03   26.95504  -82.75144   -0.00018    0.00128          1  0.000e+00
      15570    648.708     21.891     22.037    28.5124    28.5143   5.822274   5.822576     3.1258     2.6374       4.03   26.95504  -82.75144   -0.00017    0.00125          1  0.000e+00
      15571    648.750     21.897     22.044    28.5121    28.5144   5.822258   5.822560     3.1258     2.6374       4.03   26.95504  -82.75144   -0.00015    0.00122          1  0.000e+00
      15572    648.792     21.897     22.044    28.5123    28.5143   5.822242   5.822568     3.1258     2.6374       4.05   26.95504  -82.75144   -0.00012    0.00119          1  0.000e+00
      15573    648.833     21.891     22.037    28.5123    28.5144   5.822242   5.822592     3.1258     2.6361       4.05   26.95504  -82.75144   -0.00009    0.00114          1  0.000e+00
      15574    648.875     21.897     22.044    28.5123    28.5144   5.822242   5.822528     3.1258     2.6361       4.08   26.95504  -82.75144   -0.00006    0.00110          1  0.000e+00
      15575    648.917     21.850     21.996    28.5124    28.5143   5.822242   5.822536     3.1258     2.6361       4.05   26.95504  -82.75144   -0.00003    0.00105          1  0.000e+00
      15576    648.958     21.891     22.037    28.5125    28.5142   5.822242   5.822552     3.1258     2.6361       4.08   26.95504  -82.75144    0.00000    0.00100          1  0.000e+00
      15577    649.000     21.897     22.044    28.5125    28.5143   5.822202   5.822584     3.1258     2.6361       4.05   26.95504  -82.75144    0.00003    0.00097          1  0.000e+00
      15578    649.042     21.850     21.996    28.5121    28.5144   5.822266   5.822600     3.1270     2.6361       4.05   26.95504  -82.75144    0.00006    0.00092          1  0.000e+00
      15579    649.083     21.891     22.037    28.5123    28.5146   5.822250   5.822600     3.1270     2.6361       4.05   26.95504  -82.75144    0.00011    0.00087          1  0.000e+00
      15580    649.125     21.850     21.996    28.5124    28.5143   5.822202   5.822560     3.1270     2.6361       4.05   26.95504  -82.75144    0.00016    0.00082          1  0.000e+00
      15581    649.167     21.897     22.044    28.5123    28.5144   5.822226   5.822584     3.1270     2.6361       4.08   26.95504  -82.75144    0.00021    0.00077          1  0.000e+00
      15582    649.208     21.843     21.989    28.5125    28.5147   5.822250   5.822560     3.1270     2.6349       4.05   26.95504  -82.75144    0.00025    0.00072          1  0.000e+00
      15583    649.250     21.850     21.996    28.5123    28.5144   5.822242   5.822528     3.1270     2.6349       4.05   26.95504  -82.75144    0.00030    0.00065          1  0.000e+00
      15584    649.292     21.897     22.044    28.5121    28.5145   5.822202   5.822576     3.1270     2.6349       4.05   26.95504  -82.75144    0.00035    0.00058          1  0.000e+00
      15585    649.333     21.850     21.996    28.5124    28.5146   5.822195   5.822528     3.1282     2.6349       4.05   26.95504  -82.75144    0.00041    0.00052          1  0.000e+00
