GOMECC/GOMECC-4/1db/rb2103_0931.ros
* Sea-Bird SBE 9 Data File:
* FileName = C:\Users\scs.user.rb\CTD\GOMECC4\data\rb2103_0931.hex
* Software Version Seasave V 7.26.7.107
* Temperature SN = 4799
* Conductivity SN = 3860
* Number of Bytes Per Scan = 41
* Number of Voltage Words = 4
* Number of Scans Averaged by the Deck Unit = 1
* NMEA Latitude = 21 10.01 N
* NMEA Longitude = 090 46.10 W
* NMEA UTC (Time) = Oct 10 2021  15:16:22
* NMEA baud rate = 4800
# nquan = 17
# nvalues = 798                                   
# units = specified
# name 0 = scan: Scan Count
# name 1 = timeS: Time, Elapsed [seconds]
# name 2 = depSM: Depth [salt water, m]
# name 3 = prDM: Pressure, Digiquartz [db]
# name 4 = t090C: Temperature [ITS-90, deg C]
# name 5 = t190C: Temperature, 2 [ITS-90, deg C]
# name 6 = c0S/m: Conductivity [S/m]
# name 7 = c1S/m: Conductivity, 2 [S/m]
# name 8 = sbeox0V: Oxygen raw, SBE 43 [V]
# name 9 = sbeox1V: Oxygen raw, SBE 43, 2 [V]
# name 10 = altM: Altimeter [m]
# name 11 = latitude: Latitude [deg]
# name 12 = longitude: Longitude [deg]
# name 13 = sbox0dV/dT: Oxygen, SBE 43 [dov/dt]
# name 14 = sbox1dV/dT: Oxygen, SBE 43, 2 [dov/dt]
# name 15 = nbf: Bottles Fired
# name 16 = flag:  0.000e+00
# interval = seconds: 0.0416667
# start_time = Oct 10 2021 15:16:22 [NMEA time, header]
# bad_flag = -9.990e-29
*END*
[from data line 86]
      17654    735.542     19.252     19.373    29.3674    29.3697   6.003108   6.003564     3.1074     2.6227       3.86   21.16670  -90.76698    0.00032    0.00121          1  0.000e+00
      17655    735.583     19.198     19.319    29.3674    29.3697   6.003116   6.003596     3.1074     2.6239       3.86   21.16670  -90.76698    0.00035    0.00116          1  0.000e+00
      17656    735.625     19.252     19.373    29.3672    29.3697   6.003116   6.003613     3.1087     2.6239       3.86   21.16670  -90.76698    0.00039    0.00112          1  0.000e+00
      17657    735.667     19.252     19.373    29.3674    29.3697   6.003156   6.003613     3.1074     2.6239       3.88   21.16670  -90.76698    0.00042    0.00107          1  0.000e+00
      17658    735.708     19.205     19.325    29.3674    29.3697   6.003124   6.003613     3.1074     2.6239       3.86   21.16670  -90.76698    0.00046    0.00102          1  0.000e+00
      17659    735.750     19.198     19.319    29.3674    29.3695   6.003108   6.003621     3.1074     2.6239       3.88   21.16670  -90.76698    0.00049    0.00098          1  0.000e+00
      17660    735.792     19.252     19.373    29.3674    29.3695   6.003156   6.003572     3.1087     2.6239       3.86   21.16670  -90.76698    0.00054    0.00093          1  0.000e+00
      17661    735.833     19.205     19.325    29.3674    29.3697   6.003092   6.003564     3.1087     2.6239       3.86   21.16670  -90.76698    0.00057    0.00088          1  0.000e+00
      17662    735.875     19.246     19.366    29.3676    29.3695   6.003100   6.003596     3.1087     2.6239       3.86   21.16670  -90.76698    0.00062    0.00083          1  0.000e+00
      17663    735.917     19.205     19.325    29.3674    29.3695   6.003108   6.003613     3.1087     2.6239       3.86   21.16670  -90.76698    0.00066    0.00078          1  0.000e+00
      17664    735.958     19.205     19.325    29.3672    29.3699   6.003108   6.003645     3.1087     2.6252       3.86   21.16670  -90.76698    0.00069    0.00075          1  0.000e+00
      17665    736.000     19.246     19.366    29.3670    29.3695   6.003116   6.003629     3.1087     2.6252       3.86   21.16670  -90.76698    0.00072    0.00071          1  0.000e+00
      17666    736.042     19.205     19.325    29.3676    29.3697   6.003116   6.003572     3.1087     2.6252       3.86   21.16670  -90.76698    0.00075    0.00068          1  0.000e+00
      17667    736.083     19.252     19.373    29.3674    29.3698   6.003140   6.003604     3.1087     2.6252       3.86   21.16670  -90.76698    0.00078    0.00064          1  0.000e+00
      17668    736.125     19.198     19.319    29.3676    29.3697   6.003164   6.003621     3.1087     2.6252       3.86   21.16670  -90.76698    0.00081    0.00062          1  0.000e+00
      17669    736.167     19.205     19.325    29.3679    29.3697   6.003124   6.003613     3.1087     2.6252       3.86   21.16670  -90.76698    0.00083    0.00060          1  0.000e+00
      17670    736.208     19.252     19.373    29.3676    29.3697   6.003156   6.003653     3.1074     2.6252       3.86   21.16670  -90.76698    0.00084    0.00058          1  0.000e+00
      17671    736.250     19.252     19.373    29.3674    29.3701   6.003124   6.003661     3.1087     2.6264       3.86   21.16670  -90.76698    0.00087    0.00057          1  0.000e+00
      17672    736.292     19.198     19.319    29.3674    29.3697   6.003180   6.003629     3.1074     2.6252       3.86   21.16670  -90.76698    0.00088    0.00053          1  0.000e+00
      17673    736.333     19.205     19.325    29.3674    29.3698   6.003132   6.003613     3.1074     2.6264       3.86   21.16670  -90.76698    0.00089    0.00051          1  0.000e+00
      17674    736.375     19.252     19.373    29.3676    29.3697   6.003156   6.003613     3.1074     2.6264       3.91   21.16670  -90.76698    0.00088    0.00048          1  0.000e+00
      17675    736.417     19.198     19.319    29.3672    29.3698   6.003172   6.003621     3.1074     2.6252       3.91   21.16670  -90.76698    0.00087    0.00042          1  0.000e+00
      17676    736.458     19.252     19.373    29.3669    29.3699   6.003124   6.003645     3.1074     2.6264       3.91   21.16670  -90.76698    0.00087    0.00039          1  0.000e+00
      17677    736.500     19.205     19.325    29.3672    29.3701   6.003108   6.003588     3.1074     2.6252       3.91   21.16670  -90.76698    0.00086    0.00032          1  0.000e+00
      17678    736.542     19.198     19.319    29.3670    29.3699   6.003188   6.003596     3.1074     2.6252       3.91   21.16670  -90.76698    0.00085    0.00027          1  0.000e+00
      17679    736.583     19.252     19.373    29.3672    29.3701   6.003180   6.003580     3.1074     2.6252       3.91   21.16670  -90.76698    0.00084    0.00021          1  0.000e+00
      17680    736.625     19.205     19.325    29.3670    29.3699   6.003172   6.003596     3.1074     2.6252       3.91   21.16670  -90.76698    0.00082    0.00014          1  0.000e+00
      17681    736.667     19.246     19.366    29.3672    29.3698   6.003124   6.003613     3.1074     2.6252       3.91   21.16670  -90.76698    0.00081    0.00007          1  0.000e+00
      17682    736.708     19.205     19.325    29.3672    29.3701   6.003140   6.003572     3.1062     2.6252       3.91   21.16670  -90.76698    0.00079   -0.00001          1  0.000e+00
      17683    736.750     19.205     19.325    29.3676    29.3701   6.003124   6.003637     3.1074     2.6252       3.91   21.16670  -90.76698    0.00080   -0.00008          1  0.000e+00
      17684    736.792     19.252     19.373    29.3679    29.3699   6.003188   6.003596     3.1062     2.6239       3.91   21.16670  -90.76698    0.00076   -0.00015          1  0.000e+00
      17685    736.833     19.198     19.319    29.3683    29.3701   6.003180   6.003596     3.1074     2.6252       3.91   21.16670  -90.76698    0.00077   -0.00021          1  0.000e+00
      17686    736.875     19.252     19.373    29.3687    29.3699   6.003196   6.003613     3.1074     2.6239       3.91   21.16670  -90.76698    0.00075   -0.00029          1  0.000e+00
      17687    736.917     19.205     19.325    29.3689    29.3702   6.003180   6.003645     3.1074     2.6239       3.91   21.16670  -90.76698    0.00073   -0.00035          1  0.000e+00
      17688    736.958     19.246     19.366    29.3685    29.3703   6.003204   6.003588     3.1074     2.6239       3.91   21.16670  -90.76698    0.00071   -0.00041          1  0.000e+00
      17689    737.000     19.252     19.373    29.3685    29.3702   6.003180   6.003596     3.1074     2.6239       3.91   21.16670  -90.76698    0.00070   -0.00045          1  0.000e+00
      17690    737.042     19.205     19.325    29.3685    29.3701   6.003204   6.003613     3.1074     2.6252       3.91   21.16670  -90.76698    0.00068   -0.00047          1  0.000e+00
      17691    737.083     19.246     19.366    29.3687    29.3702   6.003204   6.003613     3.1074     2.6239       3.91   21.16670  -90.76698    0.00066   -0.00052          1  0.000e+00
      17692    737.125     19.252     19.373    29.3685    29.3705   6.003252   6.003613     3.1087     2.6252       3.93   21.16670  -90.76698    0.00065   -0.00052          1  0.000e+00
      17693    737.167     19.205     19.325    29.3687    29.3702   6.003228   6.003548     3.1087     2.6239       3.91   21.16670  -90.76698    0.00065   -0.00055          1  0.000e+00
      17694    737.208     19.246     19.366    29.3685    29.3703   6.003180   6.003588     3.1087     2.6252       3.91   21.16670  -90.76698    0.00065   -0.00055          1  0.000e+00
      17695    737.250     19.252     19.373    29.3683    29.3704   6.003204   6.003613     3.1087     2.6252       3.91   21.16670  -90.76698    0.00064   -0.00054          1  0.000e+00
      17696    737.292     19.205     19.325    29.3683    29.3703   6.003204   6.003572     3.1087     2.6252       3.91   21.16670  -90.76698    0.00063   -0.00055          1  0.000e+00
      17697    737.333     19.252     19.373    29.3679    29.3701   6.003212   6.003637     3.1087     2.6252       3.91   21.16670  -90.76698    0.00062   -0.00056          1  0.000e+00
      17698    737.375     19.246     19.366    29.3682    29.3703   6.003180   6.003588     3.1087     2.6264       3.91   21.16670  -90.76698    0.00061   -0.00053          1  0.000e+00
      17699    737.417     19.252     19.373    29.3679    29.3701   6.003244   6.003604     3.1087     2.6264       3.91   21.16670  -90.76698    0.00060   -0.00052          1  0.000e+00
      17700    737.458     19.252     19.373    29.3679    29.3701   6.003196   6.003580     3.1074     2.6264       3.91   21.16670  -90.76698    0.00058   -0.00051          1  0.000e+00
      17777    740.667     19.550     19.673    29.3670    29.3704   6.003164   6.003588     3.1099     2.6227       3.86   21.16670  -90.76698    0.00022   -0.00083          2  0.000e+00
      17778    740.708     18.955     19.073    29.3670    29.3699   6.003172   6.003596     3.1099     2.6227       3.88   21.16670  -90.76698    0.00025   -0.00085          2  0.000e+00
      17779    740.750     19.395     19.516    29.3669    29.3697   6.003172   6.003613     3.1099     2.6227       3.88   21.16670  -90.76698    0.00028   -0.00086          2  0.000e+00
      17780    740.792     19.151     19.271    29.3669    29.3701   6.003172   6.003572     3.1099     2.6227       3.86   21.16670  -90.76698    0.00031   -0.00086          2  0.000e+00
      17781    740.833     19.252     19.373    29.3667    29.3699   6.003156   6.003604     3.1099     2.6239       3.88   21.16670  -90.76698    0.00034   -0.00086          2  0.000e+00
      17782    740.875     19.198     19.319    29.3669    29.3698   6.003124   6.003580     3.1099     2.6239       3.88   21.16670  -90.76698    0.00036   -0.00085          2  0.000e+00
      17783    740.917     19.205     19.325    29.3670    29.3701   6.003116   6.003564     3.1099     2.6239       3.86   21.16670  -90.76698    0.00039   -0.00084          2  0.000e+00
      17784    740.958     19.205     19.325    29.3670    29.3698   6.003116   6.003564     3.1099     2.6239       3.88   21.16670  -90.76698    0.00040   -0.00084          2  0.000e+00
      17785    741.000     19.144     19.264    29.3672    29.3699   6.003116   6.003564     3.1111     2.6239       3.86   21.16670  -90.76698    0.00044   -0.00083          2  0.000e+00
      17786    741.042     19.205     19.325    29.3670    29.3697   6.003140   6.003564     3.1099     2.6252       3.88   21.16670  -90.76698    0.00047   -0.00082          2  0.000e+00
      17787    741.083     19.205     19.325    29.3670    29.3697   6.003164   6.003564     3.1099     2.6252       3.88   21.16670  -90.76698    0.00049   -0.00081          2  0.000e+00
      17788    741.125     19.198     19.319    29.3672    29.3698   6.003124   6.003564     3.1099     2.6252       3.86   21.16670  -90.76698    0.00052   -0.00081          2  0.000e+00
      17789    741.167     19.205     19.325    29.3672    29.3697   6.003076   6.003596     3.1099     2.6264       3.86   21.16670  -90.76698    0.00054   -0.00078          2  0.000e+00
      17790    741.208     19.205     19.325    29.3670    29.3697   6.003100   6.003580     3.1099     2.6264       3.88   21.16670  -90.76698    0.00056   -0.00074          2  0.000e+00
      17791    741.250     19.151     19.271    29.3669    29.3697   6.003140   6.003572     3.1111     2.6264       3.86   21.16670  -90.76698    0.00060   -0.00071          2  0.000e+00
      17792    741.292     19.198     19.319    29.3670    29.3697   6.003124   6.003564     3.1111     2.6264       3.86   21.16670  -90.76698    0.00066   -0.00067          2  0.000e+00
      17793    741.333     19.205     19.325    29.3670    29.3697   6.003116   6.003604     3.1111     2.6264       3.88   21.16670  -90.76698    0.00072   -0.00064          2  0.000e+00
      17794    741.375     19.205     19.325    29.3672    29.3698   6.003116   6.003572     3.1099     2.6264       3.91   21.16670  -90.76698    0.00075   -0.00060          2  0.000e+00
      17795    741.417     19.144     19.264    29.3672    29.3701   6.003108   6.003564     3.1111     2.6264       3.91   21.16670  -90.76698    0.00081   -0.00056          2  0.000e+00
      17796    741.458     19.205     19.325    29.3670    29.3695   6.003108   6.003564     3.1099     2.6276       3.91   21.16670  -90.76698    0.00085   -0.00050          2  0.000e+00
      17797    741.500     19.151     19.271    29.3670    29.3697   6.003116   6.003531     3.1111     2.6276       3.91   21.16670  -90.76698    0.00090   -0.00045          2  0.000e+00
      17798    741.542     19.198     19.319    29.3663    29.3698   6.003116   6.003556     3.1111     2.6276       3.91   21.16670  -90.76698    0.00095   -0.00037          2  0.000e+00
      17799    741.583     19.205     19.325    29.3659    29.3695   6.003076   6.003596     3.1111     2.6276       3.91   21.16670  -90.76698    0.00100   -0.00030          2  0.000e+00
      17800    741.625     19.151     19.271    29.3657    29.3697   6.003060   6.003580     3.1099     2.6276       3.91   21.16670  -90.76698    0.00102   -0.00022          2  0.000e+00
      17801    741.667     19.198     19.319    29.3657    29.3697   6.003100   6.003564     3.1099     2.6276       3.91   21.16670  -90.76698    0.00105   -0.00015          2  0.000e+00
      17802    741.708     19.205     19.325    29.3656    29.3695   6.003044   6.003564     3.1099     2.6288       3.91   21.16670  -90.76698    0.00107   -0.00006          2  0.000e+00
      17803    741.750     19.151     19.271    29.3654    29.3695   6.003092   6.003596     3.1099     2.6288       3.91   21.16670  -90.76698    0.00109    0.00003          2  0.000e+00
      17804    741.792     19.205     19.325    29.3659    29.3695   6.003044   6.003613     3.1099     2.6300       3.91   21.16670  -90.76698    0.00110    0.00015          2  0.000e+00
      17805    741.833     19.144     19.264    29.3659    29.3695   6.003044   6.003572     3.1099     2.6288       3.91   21.16670  -90.76698    0.00111    0.00024          2  0.000e+00
      17806    741.875     19.205     19.325    29.3661    29.3693   6.003060   6.003564     3.1087     2.6300       3.91   21.16670  -90.76698    0.00111    0.00035          2  0.000e+00
      17807    741.917     19.205     19.325    29.3661    29.3695   6.003100   6.003572     3.1087     2.6288       3.91   21.16670  -90.76698    0.00110    0.00043          2  0.000e+00
      17808    741.958     19.198     19.319    29.3661    29.3695   6.003044   6.003523     3.1087     2.6288       3.91   21.16670  -90.76698    0.00110    0.00054          2  0.000e+00
      17809    742.000     19.151     19.271    29.3661    29.3692   6.003012   6.003515     3.1087     2.6288       3.91   21.16670  -90.76698    0.00109    0.00062          2  0.000e+00
      17810    742.042     19.205     19.325    29.3657    29.3693   6.002980   6.003507     3.1087     2.6288       3.91   21.16670  -90.76698    0.00109    0.00071          2  0.000e+00
      17811    742.083     19.246     19.366    29.3659    29.3694   6.003044   6.003515     3.1087     2.6288       3.91   21.16670  -90.76698    0.00108    0.00081          2  0.000e+00
      17812    742.125     19.151     19.271    29.3659    29.3695   6.003028   6.003548     3.1087     2.6276       3.91   21.16670  -90.76698    0.00107    0.00088          2  0.000e+00
      17813    742.167     19.205     19.325    29.3657    29.3697   6.003052   6.003531     3.1087     2.6276       3.91   21.16670  -90.76698    0.00106    0.00096          2  0.000e+00
